轮毂转速,轮毂角度,叶片1角度,叶片2角度,叶片3角度,变桨电机1电流,变桨电机2电流,变桨电机3电流,超速传感器转速检测值,5秒偏航对风平均值,x方向振动值,y方向振动值,液压制动压力,机舱气象站风速,风向绝对值,大气压力,无功功率控制状态,变频器电网侧电流,变频器电网侧电压,变频器电网侧有功功率,变频器电网侧无功功率,变频器发电机侧功率,发电机运行频率,发电机电流,发电机转矩,变频器入口温度,变频器出口温度,变频器入口压力,变频器出口压力,发电机功率限幅值,无功功率设定值,额定的轮毂转速,测风塔环境温度,发电机定子温度1,发电机定子温度2,发电机定子温度3,发电机定子温度4,发电机定子温度5,发电机定子温度6,发电机空气温度1,发电机空气温度2,主轴承温度1,主轴承温度2,轮毂温度,轮毂控制柜温度,机舱温度,机舱控制柜温度,变频器INU温度,变频器ISU温度,变频器INU RMIO温度,变桨电机1功率估算,变桨电机2功率估算,变桨电机3功率估算,风机当前状态值,轮毂当前状态值,偏航状态值,偏航要求值,叶片1电池箱温度,叶片2电池箱温度,叶片3电池箱温度,叶片1变桨电机温度,叶片2变桨电机温度,叶片3变桨电机温度,叶片1变频器箱温度,叶片2变频器箱温度,叶片3变频器箱温度,叶片1超级电容电压,叶片2超级电容电压,叶片3超级电容电压,驱动1晶闸管温度,驱动2晶闸管温度,驱动3晶闸管温度,驱动1输出扭矩,驱动2输出扭矩,驱动3输出扭矩
7.26,352.0,23.95,23.97,23.96,10.8,10.4,10.4,7.08,9.2,0.21,0.14,203.5,7.6,262.0,1.0,3.0,396.0,699.0,60.0,1.0,62.0,7.1,10.8,84.0,29.3,29.0,0.0,2.9,66.1,0.0,7.24,6.5,16.2,15.8,16.6,15.6,17.4,16.4,16.4,16.3,41.2,40.7,21.0,30.0,15.6,19.9,32.0,29.0,25.0,0.0,0.0,0.0,6.0,6.0,4.0,0.0,20.0,20.0,19.0,31.0,29.0,30.0,30.0,30.0,34.0,45.13,44.96,45.14,37.0,340.0,3.6,0.0,0.0,0.0
7.53,352.0,23.95,23.97,23.96,10.5,10.6,10.8,7.33,5.4,0.06,0.05,203.6,8.3,264.0,1.0,3.0,394.0,700.0,63.0,1.0,69.0,7.2,11.4,83.0,30.4,30.2,0.0,2.9,66.1,0.0,7.24,6.5,16.1,15.8,16.5,15.6,17.4,16.4,16.2,16.3,41.2,40.7,21.0,30.0,15.6,19.9,33.0,30.0,25.0,0.0,0.0,0.0,6.0,6.0,4.0,0.0,20.0,20.0,19.0,31.0,29.0,30.0,30.0,30.0,33.0,45.14,44.96,45.14,36.0,330.0,3.6,0.0,0.0,0.0
7.53,352.0,23.95,23.97,23.96,10.8,10.5,10.4,7.29,0.9,-0.12,0.18,203.7,11.6,264.0,1.0,3.0,395.0,701.0,62.0,1.0,58.0,7.4,10.7,83.0,27.5,29.3,0.0,2.8,66.1,0.0,7.24,6.5,16.3,15.8,16.6,15.6,17.4,16.5,16.4,16.3,41.2,40.8,21.0,30.0,15.7,19.9,31.0,28.0,25.0,0.0,0.0,0.0,6.0,6.0,4.0,0.0,20.0,20.0,19.0,31.0,29.0,31.0,30.0,30.0,33.0,45.13,44.96,45.14,37.0,330.0,3.7,0.0,0.0,0.0
7.42,352.0,23.95,23.97,23.96,10.5,10.6,10.8,7.27,4.7,-0.02,0.11,203.5,9.9,267.0,1.0,3.0,400.0,700.0,63.0,0.0,63.0,7.4,11.4,83.0,32.4,32.6,0.1,3.0,66.1,0.0,7.24,6.5,16.3,15.8,16.6,15.7,17.4,16.3,16.3,16.4,41.3,40.8,21.0,30.0,15.8,19.9,35.0,32.0,25.0,0.0,0.0,0.0,6.0,6.0,4.0,0.0,20.0,20.0,19.0,31.0,29.0,30.0,30.0,30.0,33.0,45.13,44.96,45.14,37.0,330.0,3.6,0.0,0.0,0.0
7.36,352.0,23.95,23.97,23.96,10.6,10.5,10.4,7.23,6.3,0.03,0.03,203.5,11.6,263.0,1.0,3.0,395.0,701.0,61.0,0.0,61.0,7.1,11.4,82.0,30.1,29.7,0.0,2.9,66.1,0.0,7.24,6.5,16.1,15.8,16.5,15.6,17.4,16.3,16.3,16.3,41.2,40.7,21.0,30.0,15.6,19.9,32.0,30.0,25.0,0.0,0.0,0.0,6.0,6.0,4.0,0.0,20.0,20.0,19.0,31.0,29.0,31.0,30.0,30.0,33.0,45.13,44.96,45.14,36.0,330.0,3.6,0.0,0.0,0.0
7.75,352.0,23.95,23.97,23.96,10.7,10.4,10.4,7.49,0.4,0.17,0.11,203.6,10.4,266.0,1.0,3.0,396.0,700.0,62.0,1.0,62.0,7.4,11.1,80.0,31.1,31.4,0.0,2.9,66.1,0.0,7.24,6.5,16.1,15.8,16.5,15.5,17.3,16.4,16.3,16.4,41.1,40.7,21.0,30.0,15.6,19.8,33.0,30.0,25.0,0.0,0.0,0.0,6.0,6.0,4.0,0.0,20.0,20.0,19.0,31.0,29.0,31.0,30.0,30.0,34.0,45.13,44.96,45.14,36.0,340.0,3.7,0.0,0.0,0.0
7.32,352.0,23.95,23.97,23.96,10.5,10.6,10.9,7.17,3.8,0.15,0.01,203.7,11.0,264.0,1.0,3.0,395.0,700.0,61.0,1.0,61.0,7.2,11.2,84.0,28.5,29.7,0.0,2.8,66.1,0.0,7.24,6.5,16.3,15.8,16.6,15.7,17.4,16.2,16.3,16.3,41.2,40.8,21.0,30.0,15.7,19.9,32.0,29.0,25.0,0.0,0.0,0.0,6.0,6.0,4.0,0.0,20.0,20.0,19.0,31.0,29.0,30.0,30.0,30.0,33.0,45.13,44.96,45.14,36.0,330.0,3.7,0.0,0.0,0.0
7.53,352.0,23.95,23.97,23.96,10.6,10.6,10.4,7.29,5.1,-0.01,0.06,203.7,11.8,265.0,1.0,3.0,395.0,700.0,61.0,1.0,61.0,7.3,11.1,81.0,32.0,31.8,0.0,3.0,66.1,0.0,7.24,6.5,16.1,15.7,16.5,15.4,17.3,16.5,16.3,16.5,41.1,40.7,21.0,30.0,15.6,19.8,34.0,31.0,25.0,0.0,0.0,0.0,6.0,6.0,4.0,0.0,20.0,20.0,19.0,31.0,29.0,31.0,30.0,30.0,33.0,45.13,44.96,45.14,36.0,330.0,3.7,0.0,0.0,0.0
7.31,352.0,23.95,23.97,23.96,10.5,10.5,10.9,7.15,7.3,-0.05,0.03,203.5,12.1,262.0,1.0,3.0,393.0,700.0,62.0,2.0,64.0,7.3,11.6,84.0,29.0,28.8,0.0,2.9,66.1,0.0,7.24,6.5,16.1,15.8,16.6,15.6,17.4,16.2,16.4,16.3,41.2,40.7,21.0,30.0,15.6,19.9,31.0,29.0,25.0,0.0,0.0,0.0,6.0,6.0,4.0,0.0,20.0,20.0,19.0,31.0,29.0,30.0,30.0,30.0,33.0,45.13,44.96,45.14,36.0,330.0,3.6,0.0,0.0,0.0
7.74,352.0,23.95,23.97,23.96,10.6,10.7,10.4,7.46,-0.5,-0.03,0.16,203.4,11.7,266.0,1.0,3.0,392.0,700.0,60.0,2.0,63.0,7.6,10.4,80.0,30.9,31.5,0.0,3.0,66.1,0.0,7.24,6.5,16.1,15.8,16.5,15.5,17.3,16.4,16.3,16.4,41.1,40.7,21.0,30.0,15.6,19.8,33.0,30.0,25.0,0.0,0.0,0.0,6.0,6.0,4.0,0.0,20.0,20.0,19.0,31.0,29.0,31.0,30.0,30.0,34.0,45.13,44.96,45.14,36.0,340.0,3.7,0.0,0.0,0.0
7.37,352.0,23.95,23.97,23.96,10.5,10.6,10.7,7.2,0.3,-0.07,0.15,203.5,12.2,266.0,1.0,3.0,394.0,700.0,63.0,1.0,65.0,7.1,11.1,83.0,32.6,32.7,0.1,3.1,66.1,0.0,7.24,6.5,16.3,15.8,16.6,15.7,17.4,16.3,16.3,16.3,41.3,40.8,21.0,30.0,15.8,19.9,35.0,32.0,25.0,0.0,0.0,0.0,6.0,6.0,4.0,0.0,20.0,20.0,19.0,31.0,29.0,30.0,30.0,30.0,33.0,45.13,44.96,45.14,36.0,330.0,3.6,0.0,0.0,0.0
7.42,352.0,23.95,23.97,23.96,10.8,10.4,10.4,7.27,10.0,0.16,-0.02,203.5,10.3,263.0,1.0,3.0,393.0,700.0,62.0,1.0,66.0,7.2,11.0,84.0,30.2,30.6,0.0,2.9,66.1,0.0,7.24,6.5,16.1,15.8,16.5,15.6,17.4,16.5,16.3,16.3,41.1,40.8,21.0,30.0,15.6,19.9,33.0,30.0,25.0,0.0,0.0,0.0,6.0,6.0,4.0,0.0,20.0,20.0,19.0,31.0,29.0,30.0,30.0,30.0,34.0,45.13,44.96,45.14,37.0,340.0,3.7,0.0,0.0,0.0
7.72,352.0,23.95,23.97,23.96,10.5,10.6,10.9,7.55,5.6,0.18,0.08,203.7,11.2,263.0,1.0,3.0,393.0,700.0,62.0,2.0,58.0,7.5,11.0,80.0,30.0,29.7,0.0,2.9,66.1,0.0,7.24,6.5,16.1,15.8,16.6,15.6,17.4,16.3,16.4,16.3,41.2,40.7,21.0,30.0,15.6,19.9,32.0,29.0,25.0,0.0,0.0,0.0,6.0,6.0,4.0,0.0,20.0,20.0,19.0,31.0,29.0,30.0,30.0,30.0,34.0,45.13,44.96,45.14,37.0,340.0,3.6,0.0,0.0,0.0
7.42,352.0,23.95,23.97,23.96,10.5,10.6,10.5,7.28,1.3,0.06,0.12,203.6,12.5,266.0,1.0,3.0,394.0,700.0,64.0,2.0,66.0,7.2,11.6,83.0,32.0,33.0,0.0,2.9,66.1,0.0,7.24,6.5,16.3,15.8,16.6,15.6,17.4,16.4,16.4,16.4,41.2,40.8,21.0,30.0,15.7,19.9,34.0,32.0,25.0,0.0,0.0,0.0,6.0,6.0,4.0,0.0,20.0,20.0,19.0,31.0,29.0,30.0,30.0,30.0,33.0,45.13,44.96,45.14,36.0,330.0,3.7,0.0,0.0,0.0
7.74,352.0,23.95,23.97,23.96,10.6,10.7,10.4,7.53,0.3,0.0,0.03,203.8,12.1,267.0,1.0,3.0,395.0,701.0,62.0,2.0,61.0,7.4,10.3,79.0,31.9,31.6,0.0,3.0,66.1,0.0,7.24,6.5,16.1,15.6,16.5,15.5,17.3,16.2,16.3,16.3,41.1,40.6,21.0,30.0,15.6,19.8,34.0,31.0,25.0,0.0,0.0,0.0,6.0,6.0,4.0,0.0,20.0,20.0,19.0,31.0,29.0,30.0,30.0,30.0,33.0,45.13,44.96,45.14,36.0,330.0,3.7,0.0,0.0,0.0
7.75,352.0,23.95,23.97,23.96,10.7,10.5,10.4,7.63,2.1,0.04,0.09,203.8,12.4,264.0,1.0,3.0,393.0,700.0,62.0,1.0,63.0,7.5,10.3,79.0,29.8,30.2,0.0,2.9,66.1,0.0,7.24,6.5,16.1,15.8,16.6,15.6,17.4,16.2,16.3,16.3,41.2,40.8,21.0,30.0,15.6,19.9,32.0,29.0,25.0,0.0,0.0,0.0,6.0,6.0,4.0,0.0,20.0,20.0,19.0,31.0,29.0,31.0,30.0,30.0,33.0,45.13,44.96,45.14,36.0,330.0,3.7,0.0,0.0,0.0
7.42,352.0,23.95,23.97,23.96,10.5,10.8,10.4,7.27,-3.4,0.16,0.03,203.6,11.5,267.0,1.0,3.0,397.0,700.0,62.0,2.0,66.0,7.3,10.9,83.0,32.5,32.7,0.1,3.0,66.1,0.0,7.24,6.5,16.3,15.8,16.6,15.6,17.4,16.6,16.4,16.5,41.3,40.9,21.0,30.0,15.8,19.9,35.0,32.0,25.0,0.0,0.0,0.0,6.0,6.0,4.0,0.0,20.0,20.0,19.0,31.0,29.0,31.0,30.0,30.0,33.0,45.13,44.96,45.13,37.0,330.0,3.5,0.0,0.0,0.0
7.75,352.0,23.95,23.97,23.96,10.5,10.6,10.9,7.55,-1.5,0.19,0.11,203.9,12.2,266.0,1.0,3.0,398.0,701.0,62.0,1.0,69.0,7.4,10.7,80.0,31.6,31.3,0.0,3.0,66.1,0.0,7.24,6.5,16.1,15.7,16.5,15.5,17.3,16.4,16.2,16.3,41.1,40.7,21.0,30.0,15.6,19.8,34.0,31.0,25.0,0.0,0.0,0.0,6.0,6.0,4.0,0.0,20.0,20.0,19.0,31.0,29.0,30.0,30.0,30.0,34.0,45.13,44.96,45.14,37.0,340.0,3.6,0.0,0.0,0.0
7.42,352.0,23.95,23.97,23.96,10.5,10.6,10.4,7.31,5.1,0.1,0.04,203.7,10.5,262.0,1.0,3.0,395.0,700.0,62.0,1.0,69.0,7.3,10.7,83.0,28.8,28.5,0.0,2.9,66.1,0.0,7.24,6.5,16.2,15.8,16.6,15.6,17.4,16.4,16.3,16.3,41.2,40.7,21.0,30.0,15.6,19.9,31.0,28.0,25.0,0.0,0.0,0.0,6.0,6.0,4.0,0.0,20.0,20.0,19.0,31.0,29.0,30.0,30.0,30.0,34.0,45.13,44.96,45.14,36.0,340.0,3.6,0.0,0.0,0.0
7.47,352.0,23.95,23.97,23.96,10.5,10.6,10.7,7.33,7.8,-0.04,0.14,203.7,10.2,265.0,1.0,3.0,394.0,700.0,61.0,1.0,58.0,7.3,11.1,82.0,32.3,32.9,0.1,3.0,66.1,0.0,7.24,6.5,16.3,15.8,16.6,15.6,17.4,16.4,16.4,16.4,41.3,40.8,21.0,30.0,15.8,19.9,35.0,32.0,25.0,0.0,0.0,0.0,6.0,6.0,4.0,0.0,20.0,20.0,19.0,31.0,29.0,31.0,30.0,30.0,34.0,45.13,44.96,45.14,36.0,340.0,3.7,0.0,0.0,0.0
7.73,352.0,23.95,23.97,23.96,10.5,10.5,10.9,7.54,9.4,-0.07,0.07,203.6,12.6,263.0,1.0,3.0,399.0,700.0,62.0,1.0,69.0,7.6,11.1,79.0,31.8,32.2,0.0,3.0,66.1,0.0,7.24,6.5,16.1,15.6,16.5,15.5,17.3,16.3,16.3,16.4,41.1,40.6,21.0,30.0,15.6,19.8,34.0,31.0,25.0,0.0,0.0,0.0,6.0,6.0,4.0,0.0,20.0,20.0,19.0,31.0,29.0,30.0,30.0,30.0,34.0,45.13,44.96,45.14,37.0,340.0,3.6,0.0,0.0,0.0
7.64,352.0,23.95,23.97,23.96,10.8,10.4,10.4,7.5,6.1,0.11,0.15,203.7,11.1,264.0,1.0,3.0,390.0,700.0,59.0,3.0,60.0,7.5,10.8,80.0,31.0,31.5,0.0,3.0,66.1,0.0,7.24,6.5,16.1,15.8,16.5,15.5,17.3,16.4,16.2,16.4,41.1,40.6,21.0,30.0,15.6,19.8,33.0,31.0,25.0,0.0,0.0,0.0,6.0,6.0,4.0,0.0,20.0,20.0,19.0,31.0,29.0,31.0,30.0,30.0,33.0,45.14,44.96,45.14,36.0,330.0,3.6,0.0,0.0,0.0
7.72,352.0,23.95,23.97,23.96,10.5,10.5,10.7,7.55,-0.8,-0.02,0.05,203.7,12.4,266.0,1.0,3.0,391.0,700.0,61.0,2.0,62.0,7.6,10.9,79.0,31.4,31.1,0.0,3.0,66.1,0.0,7.24,6.5,16.1,15.7,16.5,15.5,17.3,16.4,16.2,16.4,41.1,40.6,21.0,30.0,15.6,19.8,34.0,31.0,25.0,0.0,0.0,0.0,6.0,6.0,4.0,0.0,20.0,20.0,19.0,31.0,29.0,31.0,30.0,30.0,33.0,45.13,44.96,45.14,37.0,330.0,3.7,0.0,0.0,0.0
7.76,352.0,23.95,23.97,23.96,10.6,10.8,10.4,7.59,1.0,0.14,0.1,203.5,11.4,266.0,1.0,3.0,394.0,700.0,62.0,0.0,59.0,7.5,10.9,80.0,32.0,31.8,0.0,3.0,66.1,0.0,7.24,6.5,16.1,15.6,16.5,15.5,17.3,16.2,16.2,16.4,41.1,40.6,21.0,30.0,15.6,19.8,34.0,31.0,25.0,0.0,0.0,0.0,6.0,6.0,4.0,0.0,20.0,20.0,19.0,31.0,29.0,31.0,30.0,30.0,34.0,45.13,44.96,45.14,37.0,340.0,3.5,0.0,0.0,0.0
7.83,352.0,23.95,23.97,23.96,10.5,10.5,11.0,7.61,0.2,-0.12,0.11,203.9,13.1,264.0,1.0,3.0,395.0,700.0,61.0,0.0,57.0,7.6,10.3,79.0,31.9,32.3,0.0,3.0,66.1,0.0,7.24,6.5,16.1,15.6,16.5,15.5,17.3,16.2,16.2,16.3,41.1,40.7,21.0,30.0,15.6,19.8,34.0,31.0,25.0,0.0,0.0,0.0,6.0,6.0,4.0,0.0,20.0,20.0,19.0,31.0,29.0,31.0,30.0,30.0,33.0,45.13,44.96,45.14,35.0,330.0,3.5,0.0,0.0,0.0
7.32,352.0,23.95,23.97,23.96,10.6,10.6,10.5,7.1,5.7,-0.07,0.08,203.6,11.4,263.0,1.0,3.0,391.0,700.0,58.0,2.0,63.0,7.2,11.5,84.0,29.2,29.6,0.0,2.9,66.1,0.0,7.24,6.5,16.2,15.8,16.6,15.6,17.4,16.5,16.3,16.3,41.2,40.8,21.0,30.0,15.6,19.9,32.0,29.0,25.0,0.0,0.0,0.0,6.0,6.0,4.0,0.0,20.0,20.0,19.0,31.0,29.0,31.0,30.0,30.0,33.0,45.13,44.96,45.14,37.0,330.0,3.7,0.0,0.0,0.0
7.75,352.0,23.95,23.97,23.96,10.5,10.6,10.8,7.54,6.6,0.02,0.19,203.7,12.6,265.0,1.0,3.0,396.0,700.0,61.0,1.0,61.0,7.6,10.6,79.0,31.0,30.7,0.0,2.9,66.1,0.0,7.24,6.5,16.1,15.7,16.5,15.6,17.4,16.2,16.3,16.3,41.1,40.7,21.0,30.0,15.6,19.9,33.0,30.0,25.0,0.0,0.0,0.0,6.0,6.0,4.0,0.0,20.0,20.0,19.0,31.0,29.0,30.0,30.0,30.0,33.0,45.13,44.96,45.14,36.0,330.0,3.7,0.0,0.0,0.0
7.31,352.0,23.95,23.97,23.96,10.5,10.6,10.7,7.17,6.8,0.05,0.06,203.6,12.6,261.0,1.0,3.0,395.0,700.0,61.0,0.0,66.0,7.2,11.4,84.0,28.4,28.5,0.0,2.9,66.1,0.0,7.24,6.5,16.2,15.8,16.6,15.6,17.4,16.3,16.3,16.4,41.2,40.7,21.0,30.0,15.6,19.9,31.0,28.0,25.0,0.0,0.0,0.0,6.0,6.0,4.0,0.0,20.0,20.0,19.0,31.0,29.0,31.0,30.0,30.0,33.0,45.13,44.96,45.14,37.0,330.0,3.6,0.0,0.0,0.0
7.43,352.0,23.95,23.97,23.96,10.6,10.6,10.5,7.3,6.0,0.14,0.14,203.5,12.5,266.0,1.0,3.0,398.0,700.0,63.0,0.0,66.0,7.3,10.9,83.0,33.1,32.6,0.1,3.1,66.1,0.0,7.24,6.5,16.3,15.8,16.6,15.7,17.4,16.3,16.3,16.4,41.3,40.8,21.0,30.0,15.8,19.9,35.0,32.0,25.0,0.0,0.0,0.0,6.0,6.0,4.0,0.0,20.0,20.0,19.0,31.0,29.0,30.0,30.0,30.0,33.0,45.13,44.96,45.14,37.0,330.0,3.6,0.0,0.0,0.0
7.52,352.0,23.95,23.97,23.96,10.6,10.5,10.9,7.31,-0.9,-0.14,-0.02,203.6,11.0,265.0,1.0,3.0,397.0,700.0,62.0,0.0,61.0,7.3,10.9,82.0,29.8,30.2,0.0,2.9,66.1,0.0,7.24,6.5,16.2,15.8,16.5,15.5,17.4,16.5,16.3,16.4,41.2,40.7,21.0,30.0,15.6,19.9,33.0,30.0,25.0,0.0,0.0,0.0,6.0,6.0,4.0,0.0,20.0,20.0,19.0,31.0,29.0,30.0,30.0,30.0,32.0,45.13,44.96,45.14,36.0,330.0,3.5,0.0,0.0,0.0
7.32,352.0,23.95,23.97,23.96,10.5,10.6,10.9,7.18,7.4,0.24,-0.01,203.8,9.9,262.0,1.0,3.0,394.0,700.0,62.0,1.0,60.0,7.1,10.9,84.0,29.1,28.8,0.0,2.9,66.1,0.0,7.24,6.5,16.1,15.8,16.6,15.6,17.4,16.2,16.4,16.3,41.2,40.7,21.0,30.0,15.6,19.9,31.0,29.0,25.0,0.0,0.0,0.0,6.0,6.0,4.0,0.0,20.0,20.0,19.0,31.0,29.0,30.0,30.0,30.0,33.0,45.13,44.96,45.14,37.0,330.0,3.6,0.0,0.0,0.0
7.32,352.0,23.95,23.97,23.96,10.7,10.4,10.4,7.15,12.5,-0.01,0.23,203.6,11.0,262.0,1.0,3.0,394.0,699.0,62.0,0.0,61.0,7.0,11.1,84.0,28.8,29.5,0.0,2.9,66.1,0.0,7.24,6.5,16.2,15.8,16.6,15.6,17.4,16.5,16.3,16.4,41.2,40.7,21.0,30.0,15.6,19.9,32.0,29.0,25.0,0.0,0.0,0.0,6.0,6.0,4.0,0.0,20.0,20.0,19.0,31.0,29.0,31.0,30.0,30.0,33.0,45.13,44.96,45.14,37.0,330.0,3.7,0.0,0.0,0.0
7.52,352.0,23.95,23.97,23.96,10.5,10.6,10.9,7.28,9.9,0.34,0.09,203.7,7.9,261.0,1.0,3.0,396.0,700.0,61.0,1.0,60.0,7.4,10.7,83.0,29.2,29.1,0.0,2.9,66.1,0.0,7.24,6.5,16.1,15.8,16.6,15.6,17.4,16.4,16.4,16.4,41.2,40.7,21.0,30.0,15.6,19.9,32.0,29.0,25.0,0.0,0.0,0.0,6.0,6.0,4.0,0.0,20.0,20.0,19.0,31.0,29.0,31.0,30.0,30.0,34.0,45.13,44.96,45.14,36.0,340.0,3.7,0.0,0.0,0.0
7.81,352.0,23.95,23.97,23.96,10.8,10.4,10.4,7.64,3.6,0.21,0.06,203.4,9.6,266.0,1.0,3.0,396.0,700.0,62.0,1.0,66.0,7.7,10.8,79.0,31.8,31.7,0.0,3.0,66.1,0.0,7.24,6.5,16.1,15.6,16.5,15.5,17.3,16.2,16.3,16.3,41.1,40.7,21.0,30.0,15.6,19.8,34.0,31.0,25.0,0.0,0.0,0.0,6.0,6.0,4.0,0.0,20.0,20.0,19.0,31.0,29.0,30.0,30.0,30.0,33.0,45.13,44.96,45.14,36.0,330.0,3.7,0.0,0.0,0.0
7.52,352.0,23.95,23.97,23.96,10.6,10.5,10.4,7.26,3.4,0.05,0.08,203.6,12.3,265.0,1.0,3.0,397.0,700.0,62.0,-1.0,60.0,7.4,10.8,83.0,33.0,33.0,0.1,3.0,66.1,0.0,7.24,6.5,16.3,15.8,16.6,15.7,17.4,16.3,16.3,16.3,41.3,40.9,21.0,30.0,15.7,19.9,35.0,32.0,25.0,0.0,0.0,0.0,6.0,6.0,4.0,0.0,20.0,20.0,19.0,31.0,29.0,30.0,30.0,30.0,33.0,45.13,44.96,45.14,37.0,330.0,3.6,0.0,0.0,0.0
7.63,352.0,23.95,23.97,23.96,10.6,10.6,10.5,7.4,9.1,0.05,0.1,203.5,11.9,263.0,1.0,3.0,393.0,700.0,61.0,1.0,59.0,7.4,11.2,82.0,28.4,28.3,0.0,2.9,66.1,0.0,7.24,6.5,16.3,15.8,16.6,15.6,17.4,16.5,16.3,16.4,41.2,40.7,21.0,30.0,15.6,19.9,31.0,28.0,25.0,0.0,0.0,0.0,6.0,6.0,4.0,0.0,20.0,20.0,19.0,31.0,29.0,31.0,30.0,30.0,34.0,45.13,44.96,45.14,37.0,340.0,3.6,0.0,0.0,0.0
7.52,352.0,23.95,23.97,23.96,10.5,10.7,10.5,7.35,6.9,0.05,0.08,203.7,12.6,264.0,1.0,3.0,394.0,700.0,62.0,0.0,58.0,7.2,11.0,82.0,27.7,27.9,0.0,2.9,66.1,0.0,7.24,6.5,16.3,15.8,16.6,15.6,17.4,16.6,16.4,16.4,41.2,40.8,21.0,30.0,15.6,19.9,31.0,28.0,25.0,0.0,0.0,0.0,6.0,6.0,4.0,0.0,20.0,20.0,19.0,31.0,29.0,30.0,30.0,30.0,33.0,45.13,44.96,45.14,37.0,330.0,3.7,0.0,0.0,0.0
7.31,352.0,23.95,23.97,23.96,10.6,10.5,10.4,7.13,5.7,-0.07,0.02,203.3,11.7,262.0,1.0,3.0,398.0,701.0,62.0,0.0,67.0,7.0,11.4,84.0,30.2,30.1,0.0,2.9,66.1,0.0,7.24,6.5,16.1,15.8,16.6,15.6,17.4,16.3,16.4,16.3,41.2,40.7,21.0,30.0,15.6,19.9,32.0,30.0,25.0,0.0,0.0,0.0,6.0,6.0,4.0,0.0,20.0,20.0,19.0,31.0,29.0,30.0,30.0,30.0,34.0,45.13,44.96,45.14,37.0,340.0,3.7,0.0,0.0,0.0
7.36,352.0,23.95,23.97,23.96,10.5,10.6,10.9,7.16,9.0,0.21,0.03,203.5,11.1,262.0,1.0,3.0,397.0,700.0,61.0,0.0,60.0,7.3,11.0,84.0,29.9,29.8,0.0,2.9,66.1,0.0,7.24,6.5,16.1,15.8,16.5,15.6,17.4,16.3,16.4,16.3,41.2,40.7,21.0,30.0,15.6,19.9,32.0,30.0,25.0,0.0,0.0,0.0,6.0,6.0,4.0,0.0,20.0,20.0,19.0,31.0,29.0,31.0,30.0,30.0,33.0,45.13,44.96,45.14,37.0,330.0,3.7,0.0,0.0,0.0
7.53,352.0,23.95,23.97,23.96,10.8,10.4,10.4,7.37,8.2,0.11,0.08,203.5,9.9,263.0,1.0,3.0,393.0,700.0,62.0,2.0,63.0,7.3,11.1,82.0,29.2,31.0,0.0,2.8,66.1,0.0,7.24,6.5,16.3,15.8,16.6,15.6,17.4,16.4,16.3,16.4,41.2,40.8,21.0,30.0,15.6,19.9,32.0,29.0,25.0,0.0,0.0,0.0,6.0,6.0,4.0,0.0,20.0,20.0,19.0,31.0,29.0,31.0,30.0,30.0,34.0,45.13,44.96,45.14,37.0,340.0,3.6,0.0,0.0,0.0
7.82,352.0,23.95,23.97,23.96,10.5,10.6,10.8,7.59,9.5,-0.02,0.02,203.5,12.2,265.0,1.0,3.0,398.0,700.0,61.0,1.0,61.0,7.6,10.4,79.0,31.7,32.3,0.0,3.0,66.1,0.0,7.24,6.5,16.1,15.6,16.5,15.5,17.3,16.3,16.2,16.4,41.1,40.6,21.0,30.0,15.6,19.8,34.0,31.0,25.0,0.0,0.0,0.0,6.0,6.0,4.0,0.0,20.0,20.0,19.0,31.0,29.0,31.0,30.0,30.0,33.0,45.13,44.96,45.14,36.0,330.0,3.7,0.0,0.0,0.0
7.42,352.0,23.95,23.97,23.96,10.7,10.4,10.4,7.3,4.1,0.23,0.08,203.6,9.0,266.0,1.0,3.0,395.0,700.0,61.0,1.0,59.0,7.4,10.6,83.0,33.2,32.7,0.1,3.1,66.1,0.0,7.24,6.5,16.3,15.8,16.6,15.7,17.4,16.4,16.4,16.4,41.3,40.9,21.0,30.0,15.8,19.9,35.0,32.0,25.0,0.0,0.0,0.0,6.0,6.0,4.0,0.0,20.0,20.0,19.0,31.0,29.0,30.0,30.0,30.0,33.0,45.13,44.96,45.14,37.0,330.0,3.7,0.0,0.0,0.0
7.53,352.0,23.95,23.97,23.96,10.5,10.6,10.6,7.33,8.9,-0.04,0.11,203.5,12.6,264.0,1.0,3.0,399.0,700.0,62.0,-1.0,59.0,7.4,11.2,82.0,27.8,28.5,0.0,2.8,66.1,0.0,7.24,6.5,16.2,15.8,16.6,15.6,17.4,16.3,16.4,16.3,41.2,40.8,21.0,30.0,15.6,19.9,31.0,28.0,25.0,0.0,0.0,0.0,6.0,6.0,4.0,0.0,20.0,20.0,19.0,31.0,29.0,31.0,30.0,30.0,34.0,45.13,44.96,45.14,37.0,340.0,3.6,0.0,0.0,0.0
7.92,352.0,23.95,23.97,23.96,10.5,10.6,11.0,7.78,-1.5,0.2,0.14,203.9,12.8,266.0,1.0,3.0,393.0,700.0,63.0,1.0,61.0,7.7,10.4,78.0,31.9,31.9,0.0,3.0,66.1,0.0,7.24,6.5,16.1,15.6,16.5,15.5,17.3,16.2,16.2,16.3,41.1,40.6,21.0,30.0,15.6,19.8,34.0,31.0,25.0,0.0,0.0,0.0,6.0,6.0,4.0,0.0,20.0,20.0,19.0,31.0,29.0,30.0,30.0,30.0,32.0,45.13,44.96,45.14,37.0,320.0,3.7,0.0,0.0,0.0
7.81,352.0,23.95,23.97,23.96,10.5,10.6,10.6,7.68,4.1,0.25,0.16,203.8,10.9,264.0,1.0,3.0,393.0,700.0,62.0,2.0,59.0,7.6,10.9,79.0,32.2,31.8,0.0,3.0,66.1,0.0,7.24,6.5,16.1,15.6,16.5,15.5,17.3,16.2,16.2,16.3,41.1,40.7,21.0,30.0,15.6,19.8,34.0,31.0,25.0,0.0,0.0,0.0,6.0,6.0,4.0,0.0,20.0,20.0,19.0,31.0,29.0,31.0,30.0,30.0,33.0,45.13,44.96,45.14,36.0,330.0,3.5,0.0,0.0,0.0
7.69,352.0,23.95,23.97,23.96,10.6,10.6,10.5,7.53,-10.0,-0.03,-0.02,203.4,11.8,267.0,1.0,3.0,393.0,699.0,61.0,0.0,66.0,7.6,10.5,80.0,30.4,30.9,0.0,2.9,66.1,0.0,7.24,6.5,16.1,15.8,16.5,15.6,17.4,16.4,16.3,16.4,41.1,40.7,21.0,30.0,15.6,19.9,33.0,30.0,25.0,0.0,0.0,0.0,6.0,6.0,4.0,0.0,20.0,20.0,19.0,31.0,29.0,30.0,30.0,30.0,33.0,45.13,44.96,45.14,35.0,330.0,3.6,0.0,0.0,0.0
7.52,352.0,23.95,23.97,23.96,10.5,10.6,10.4,7.4,6.3,0.18,-0.02,203.5,11.0,264.0,1.0,3.0,393.0,699.0,62.0,2.0,63.0,7.3,11.0,81.0,30.2,30.3,0.0,2.9,66.1,0.0,7.24,6.5,16.1,15.8,16.5,15.6,17.4,16.3,16.2,16.3,41.1,40.7,21.0,30.0,15.6,19.9,33.0,30.0,25.0,0.0,0.0,0.0,6.0,6.0,4.0,0.0,20.0,20.0,19.0,31.0,29.0,31.0,30.0,30.0,32.0,45.13,44.96,45.14,37.0,320.0,3.5,0.0,0.0,0.0
7.43,352.0,23.95,23.97,23.96,10.5,10.6,10.5,7.25,6.7,0.09,0.09,203.7,10.2,265.0,1.0,3.0,392.0,700.0,64.0,2.0,61.0,7.2,11.6,83.0,33.1,33.0,0.1,3.0,66.1,0.0,7.24,6.5,16.3,15.8,16.6,15.7,17.4,16.3,16.4,16.4,41.3,40.8,21.0,30.0,15.8,19.9,35.0,32.0,25.0,0.0,0.0,0.0,6.0,6.0,4.0,0.0,20.0,20.0,19.0,31.0,29.0,30.0,30.0,30.0,33.0,45.13,44.96,45.14,37.0,330.0,3.7,0.0,0.0,0.0
7.68,352.0,23.95,23.97,23.96,10.5,10.6,10.9,7.49,0.1,0.19,0.14,203.7,8.3,267.0,1.0,3.0,393.0,700.0,62.0,0.0,64.0,7.4,11.2,81.0,31.7,31.3,0.0,3.0,66.1,0.0,7.24,6.5,16.1,15.7,16.5,15.6,17.3,16.1,16.3,16.4,41.1,40.6,21.0,30.0,15.6,19.8,34.0,31.0,25.0,0.0,0.0,0.0,6.0,6.0,4.0,0.0,20.0,20.0,19.0,31.0,29.0,30.0,30.0,30.0,33.0,45.14,44.96,45.14,35.0,330.0,3.6,0.0,0.0,0.0
7.52,352.0,23.95,23.97,23.96,10.5,10.5,10.9,7.39,10.4,0.01,0.11,203.7,11.7,262.0,1.0,3.0,395.0,700.0,62.0,2.0,64.0,7.3,11.1,81.0,28.2,28.9,0.0,2.9,66.1,0.0,7.24,6.5,16.2,15.8,16.6,15.6,17.4,16.4,16.3,16.4,41.2,40.8,21.0,30.0,15.6,19.9,31.0,28.0,25.0,0.0,0.0,0.0,6.0,6.0,4.0,0.0,20.0,20.0,19.0,31.0,29.0,31.0,30.0,30.0,33.0,45.14,44.96,45.14,36.0,330.0,3.5,0.0,0.0,0.0
7.76,352.0,23.95,23.97,23.96,10.6,10.6,10.4,7.56,5.8,-0.03,0.16,203.5,11.5,263.0,1.0,3.0,395.0,700.0,61.0,0.0,59.0,7.6,10.8,80.0,29.3,29.6,0.0,2.9,66.1,0.0,7.24,6.5,16.1,15.8,16.5,15.6,17.4,16.4,16.3,16.4,41.2,40.7,21.0,30.0,15.6,19.9,32.0,29.0,25.0,0.0,0.0,0.0,6.0,6.0,4.0,0.0,20.0,20.0,19.0,31.0,29.0,31.0,30.0,30.0,34.0,45.13,44.96,45.14,37.0,340.0,3.6,0.0,0.0,0.0
7.74,352.0,23.95,23.97,23.96,10.6,10.6,10.5,7.49,4.9,0.03,0.2,203.4,12.2,265.0,1.0,3.0,396.0,700.0,61.0,0.0,67.0,7.6,10.7,80.0,30.5,31.0,0.0,2.9,66.1,0.0,7.24,6.5,16.1,15.7,16.5,15.6,17.4,16.2,16.3,16.3,41.1,40.7,21.0,30.0,15.6,19.9,33.0,30.0,25.0,0.0,0.0,0.0,6.0,6.0,4.0,0.0,20.0,20.0,19.0,31.0,29.0,30.0,30.0,30.0,33.0,45.14,44.96,45.14,37.0,330.0,3.6,0.0,0.0,0.0
7.42,352.0,23.95,23.97,23.96,10.8,10.4,10.4,7.22,6.3,0.21,0.02,203.6,10.1,266.0,1.0,3.0,392.0,700.0,62.0,1.0,63.0,7.1,11.1,83.0,33.1,32.8,0.0,2.9,66.1,0.0,7.24,6.5,16.3,15.8,16.6,15.6,17.4,16.4,16.4,16.4,41.3,40.8,21.0,30.0,15.8,19.9,35.0,32.0,25.0,0.0,0.0,0.0,6.0,6.0,4.0,0.0,20.0,20.0,19.0,31.0,29.0,31.0,30.0,30.0,33.0,45.13,44.96,45.14,36.0,330.0,3.6,0.0,0.0,0.0
7.53,352.0,23.95,23.97,23.96,10.6,10.5,10.5,7.37,0.8,0.08,0.02,203.3,12.3,265.0,1.0,3.0,392.0,700.0,62.0,1.0,62.0,7.2,10.8,81.0,30.8,30.8,0.0,3.0,66.1,0.0,7.24,6.5,16.1,15.7,16.5,15.5,17.3,16.4,16.4,16.4,41.1,40.7,21.0,30.0,15.6,19.8,33.0,30.0,25.0,0.0,0.0,0.0,6.0,6.0,4.0,0.0,20.0,20.0,19.0,31.0,29.0,30.0,30.0,30.0,34.0,45.14,44.96,45.14,35.0,340.0,3.7,0.0,0.0,0.0
7.64,352.0,23.95,23.97,23.96,10.5,10.6,10.5,7.44,13.8,0.27,0.07,203.7,6.7,262.0,1.0,3.0,395.0,700.0,61.0,1.0,58.0,7.5,11.1,81.0,29.7,29.5,0.0,2.9,66.1,0.0,7.24,6.5,16.2,15.8,16.5,15.6,17.4,16.4,16.3,16.4,41.2,40.8,21.0,30.0,15.6,19.9,32.0,29.0,25.0,0.0,0.0,0.0,6.0,6.0,4.0,0.0,20.0,20.0,19.0,31.0,29.0,31.0,30.0,30.0,33.0,45.13,44.96,45.14,36.0,330.0,3.7,0.0,0.0,0.0
7.63,352.0,23.95,23.97,23.96,10.6,10.6,10.8,7.46,7.6,0.01,0.09,203.6,11.5,264.0,1.0,3.0,392.0,700.0,62.0,2.0,65.0,7.3,10.6,80.0,30.3,31.6,0.0,2.8,66.1,0.0,7.24,6.5,16.3,15.8,16.6,15.6,17.4,16.5,16.4,16.4,41.2,40.8,21.0,30.0,15.6,19.9,33.0,30.0,25.0,0.0,0.0,0.0,6.0,6.0,4.0,0.0,20.0,20.0,19.0,31.0,29.0,30.0,30.0,30.0,33.0,45.14,44.96,45.14,36.0,330.0,3.7,0.0,0.0,0.0
7.63,352.0,23.95,23.97,23.96,10.6,10.8,10.4,7.41,6.6,0.11,0.01,203.3,12.7,265.0,1.0,3.0,394.0,700.0,63.0,0.0,64.0,7.3,10.7,81.0,30.7,31.0,0.0,2.9,66.1,0.0,7.24,6.5,16.1,15.7,16.5,15.5,17.3,16.3,16.3,16.4,41.1,40.6,21.0,30.0,15.6,19.8,33.0,30.0,25.0,0.0,0.0,0.0,6.0,6.0,4.0,0.0,20.0,20.0,19.0,31.0,29.0,30.0,30.0,30.0,33.0,45.13,44.96,45.14,37.0,330.0,3.7,0.0,0.0,0.0
7.63,352.0,23.95,23.97,23.96,10.7,10.5,10.4,7.41,10.8,0.01,0.12,203.4,8.9,263.0,1.0,3.0,395.0,700.0,62.0,1.0,66.0,7.3,10.9,81.0,28.2,28.3,0.0,2.9,66.1,0.0,7.24,6.5,16.3,15.8,16.6,15.6,17.4,16.4,16.3,16.4,41.2,40.8,21.0,30.0,15.6,19.9,31.0,28.0,25.0,0.0,0.0,0.0,6.0,6.0,4.0,0.0,20.0,20.0,19.0,31.0,29.0,31.0,30.0,30.0,34.0,45.13,44.96,45.14,36.0,340.0,3.5,0.0,0.0,0.0
7.31,352.0,23.95,23.97,23.96,10.5,10.6,11.0,7.15,3.9,0.24,-0.11,203.5,11.0,264.0,1.0,3.0,395.0,700.0,60.0,0.0,63.0,7.3,11.4,84.0,27.8,29.7,0.0,2.8,66.1,0.0,7.24,6.5,16.3,15.8,16.6,15.6,17.4,16.4,16.4,16.4,41.2,40.8,21.0,30.0,15.6,19.9,31.0,28.0,25.0,0.0,0.0,0.0,6.0,6.0,4.0,0.0,20.0,20.0,19.0,31.0,29.0,30.0,30.0,30.0,34.0,45.14,44.96,45.14,37.0,340.0,3.6,0.0,0.0,0.0
7.36,352.0,23.95,23.97,23.96,10.6,10.6,10.4,7.21,-4.9,0.03,0.09,203.6,11.9,267.0,1.0,3.0,391.0,700.0,60.0,2.0,59.0,7.3,11.2,83.0,32.5,32.5,0.1,3.0,66.1,0.0,7.24,6.5,16.3,15.8,16.6,15.6,17.4,16.6,16.4,16.5,41.3,40.9,21.0,30.0,15.8,19.9,35.0,32.0,25.0,0.0,0.0,0.0,6.0,6.0,4.0,0.0,20.0,20.0,19.0,31.0,29.0,31.0,30.0,30.0,32.0,45.13,44.96,45.13,37.0,320.0,3.6,0.0,0.0,0.0
7.64,352.0,23.95,23.97,23.96,10.6,10.5,10.4,7.42,7.5,0.05,0.14,203.5,11.6,265.0,1.0,3.0,394.0,700.0,63.0,1.0,61.0,7.4,11.1,81.0,30.7,31.0,0.0,3.0,66.1,0.0,7.24,6.5,16.1,15.7,16.5,15.5,17.3,16.4,16.3,16.4,41.1,40.6,21.0,30.0,15.6,19.8,33.0,30.0,25.0,0.0,0.0,0.0,6.0,6.0,4.0,0.0,20.0,20.0,19.0,31.0,29.0,30.0,30.0,30.0,33.0,45.13,44.96,45.14,37.0,330.0,3.7,0.0,0.0,0.0
7.31,352.0,23.95,23.97,23.96,10.5,10.6,10.8,7.2,-0.5,0.11,0.05,203.6,9.7,267.0,1.0,3.0,394.0,700.0,62.0,1.0,66.0,7.3,11.4,84.0,32.9,32.9,0.0,3.0,66.1,0.0,7.24,6.5,16.3,15.8,16.6,15.6,17.4,16.3,16.4,16.3,41.3,40.9,21.0,30.0,15.8,19.9,35.0,32.0,25.0,0.0,0.0,0.0,6.0,6.0,4.0,0.0,20.0,20.0,19.0,31.0,29.0,31.0,30.0,30.0,33.0,45.13,44.96,45.14,37.0,330.0,3.7,0.0,0.0,0.0
7.26,352.0,23.95,23.97,23.96,10.5,10.6,11.0,7.07,4.9,0.1,-0.05,203.7,11.5,262.0,1.0,3.0,397.0,700.0,62.0,1.0,61.0,7.0,11.1,84.0,28.8,28.9,0.0,2.9,66.1,0.0,7.24,6.5,16.1,15.8,16.6,15.6,17.4,16.3,16.4,16.3,41.2,40.8,21.0,30.0,15.6,19.9,31.0,29.0,25.0,0.0,0.0,0.0,6.0,6.0,4.0,0.0,20.0,20.0,19.0,31.0,29.0,31.0,30.0,30.0,33.0,45.13,44.96,45.14,37.0,330.0,3.7,0.0,0.0,0.0
7.58,352.0,23.95,23.97,23.96,10.6,10.8,10.4,7.35,5.3,0.03,-0.02,203.5,12.5,263.0,1.0,3.0,394.0,700.0,62.0,2.0,66.0,7.4,10.6,82.0,28.9,30.9,0.0,2.8,66.1,0.0,7.24,6.5,16.2,15.8,16.6,15.6,17.4,16.3,16.3,16.4,41.2,40.8,21.0,30.0,15.6,19.9,32.0,29.0,25.0,0.0,0.0,0.0,6.0,6.0,4.0,0.0,20.0,20.0,19.0,31.0,28.0,31.0,30.0,30.0,34.0,45.14,44.96,45.14,37.0,340.0,3.7,0.0,0.0,0.0
7.74,352.0,23.95,23.97,23.96,10.7,10.4,10.4,7.52,5.4,0.07,0.02,203.5,10.8,264.0,1.0,3.0,393.0,700.0,62.0,2.0,61.0,7.4,10.7,80.0,31.1,31.2,0.0,3.0,66.1,0.0,7.24,6.5,16.1,15.8,16.5,15.5,17.3,16.4,16.2,16.4,41.1,40.6,21.0,30.0,15.6,19.8,33.0,31.0,25.0,0.0,0.0,0.0,6.0,6.0,4.0,0.0,20.0,20.0,19.0,31.0,29.0,31.0,30.0,30.0,33.0,45.13,44.96,45.14,36.0,330.0,3.5,0.0,0.0,0.0
7.53,352.0,23.95,23.97,23.96,10.6,10.6,10.6,7.24,8.3,-0.02,0.14,203.7,11.5,266.0,1.0,3.0,396.0,700.0,62.0,0.0,62.0,7.4,11.3,82.0,32.5,33.1,0.1,3.0,66.1,0.0,7.24,6.5,16.3,15.8,16.6,15.6,17.4,16.5,16.4,16.3,41.3,40.9,21.0,30.0,15.8,19.9,35.0,32.0,25.0,0.0,0.0,0.0,6.0,6.0,4.0,0.0,20.0,20.0,19.0,31.0,29.0,31.0,30.0,30.0,33.0,45.13,44.96,45.14,37.0,330.0,3.6,0.0,0.0,0.0
7.52,352.0,23.95,23.97,23.96,10.5,10.6,10.9,7.38,0.9,0.51,0.05,203.5,10.8,263.0,1.0,3.0,390.0,700.0,60.0,2.0,58.0,7.3,10.7,81.0,29.3,29.6,0.0,2.9,66.1,0.0,7.24,6.5,16.1,15.8,16.5,15.6,17.4,16.4,16.3,16.3,41.2,40.7,21.0,30.0,15.6,19.9,32.0,29.0,25.0,0.0,0.0,0.0,6.0,6.0,4.0,0.0,20.0,20.0,19.0,31.0,29.0,30.0,30.0,30.0,33.0,45.13,44.96,45.14,37.0,330.0,3.6,0.0,0.0,0.0
7.42,352.0,23.95,23.97,23.96,10.7,10.5,10.4,7.31,7.0,0.13,0.2,203.6,11.7,264.0,1.0,3.0,399.0,700.0,62.0,0.0,61.0,7.4,10.7,82.0,27.2,28.5,0.0,2.9,66.1,0.0,7.24,6.5,16.2,15.8,16.6,15.6,17.4,16.3,16.4,16.3,41.2,40.8,21.0,30.0,15.6,19.9,31.0,28.0,25.0,0.0,0.0,0.0,6.0,6.0,4.0,0.0,20.0,20.0,19.0,31.0,29.0,31.0,30.0,30.0,34.0,45.13,44.96,45.14,37.0,340.0,3.6,0.0,0.0,0.0
7.81,352.0,23.95,23.97,23.96,10.9,10.4,10.4,7.66,2.7,0.21,0.11,203.6,10.6,266.0,1.0,3.0,395.0,700.0,64.0,1.0,63.0,7.5,10.5,79.0,32.3,31.8,0.0,3.0,66.1,0.0,7.24,6.5,16.1,15.6,16.5,15.5,17.3,16.2,16.2,16.4,41.1,40.7,21.0,30.0,15.6,19.8,34.0,31.0,25.0,0.0,0.0,0.0,6.0,6.0,4.0,0.0,20.0,20.0,19.0,31.0,29.0,31.0,30.0,30.0,33.0,45.13,44.96,45.14,36.0,330.0,3.7,0.0,0.0,0.0
7.32,352.0,23.95,23.97,23.96,10.5,10.6,10.4,7.19,10.7,0.13,-0.07,203.6,11.1,261.0,1.0,3.0,395.0,701.0,62.0,1.0,67.0,7.3,11.3,83.0,28.8,28.8,0.0,2.9,66.1,0.0,7.24,6.5,16.1,15.8,16.6,15.6,17.4,16.3,16.4,16.3,41.2,40.8,21.0,30.0,15.6,19.9,31.0,29.0,25.0,0.0,0.0,0.0,6.0,6.0,4.0,0.0,20.0,20.0,19.0,31.0,29.0,30.0,30.0,30.0,34.0,45.13,44.96,45.14,36.0,340.0,3.6,0.0,0.0,0.0
7.31,352.0,23.95,23.97,23.96,10.5,10.6,11.0,7.16,8.5,0.13,-0.02,203.6,9.4,264.0,1.0,3.0,395.0,700.0,63.0,0.0,58.0,7.1,10.9,83.0,30.1,30.2,0.0,2.9,66.1,0.0,7.24,6.5,16.1,15.8,16.5,15.5,17.4,16.5,16.3,16.4,41.2,40.7,21.0,30.0,15.6,19.9,33.0,30.0,25.0,0.0,0.0,0.0,6.0,6.0,4.0,0.0,20.0,20.0,19.0,31.0,29.0,31.0,30.0,30.0,34.0,45.13,44.96,45.14,37.0,340.0,3.7,0.0,0.0,0.0
7.36,352.0,23.95,23.97,23.96,10.5,10.6,10.8,7.19,3.7,0.11,0.12,203.7,9.3,266.0,1.0,3.0,391.0,700.0,60.0,-1.0,65.0,7.3,11.6,84.0,32.7,33.4,0.0,2.9,66.1,0.0,7.24,6.5,16.3,15.8,16.6,15.6,17.4,16.5,16.4,16.4,41.2,40.9,21.0,30.0,15.8,19.9,35.0,32.0,25.0,0.0,0.0,0.0,6.0,6.0,4.0,0.0,20.0,20.0,19.0,31.0,29.0,31.0,30.0,30.0,34.0,45.14,44.96,45.14,37.0,340.0,3.6,0.0,0.0,0.0
7.53,352.0,23.95,23.97,23.96,10.6,10.6,10.6,7.34,-3.9,-0.01,0.12,203.8,10.6,264.0,1.0,3.0,397.0,700.0,62.0,0.0,57.0,7.5,10.8,83.0,30.3,30.2,0.0,2.9,66.1,0.0,7.24,6.5,16.1,15.8,16.6,15.6,17.4,16.3,16.3,16.3,41.2,40.7,21.0,30.0,15.6,19.9,33.0,30.0,25.0,0.0,0.0,0.0,6.0,6.0,4.0,0.0,20.0,20.0,19.0,31.0,29.0,30.0,30.0,30.0,33.0,45.13,44.96,45.14,36.0,330.0,3.6,0.0,0.0,0.0
7.74,352.0,23.95,23.97,23.96,10.5,10.6,10.7,7.52,6.0,0.08,0.2,203.7,12.4,266.0,1.0,3.0,395.0,700.0,62.0,0.0,64.0,7.5,11.1,80.0,31.5,31.2,0.0,3.0,66.1,0.0,7.24,6.5,16.1,15.6,16.5,15.5,17.3,16.1,16.2,16.2,41.1,40.6,21.0,30.0,15.6,19.8,34.0,31.0,25.0,0.0,0.0,0.0,6.0,6.0,4.0,0.0,20.0,20.0,19.0,31.0,29.0,31.0,30.0,30.0,34.0,45.13,44.96,45.14,37.0,340.0,3.6,0.0,0.0,0.0
7.76,352.0,23.95,23.97,23.96,10.7,10.5,10.4,7.58,3.2,-0.05,0.07,203.3,10.4,265.0,1.0,3.0,393.0,700.0,62.0,1.0,65.0,7.7,10.9,80.0,31.6,30.9,0.0,3.0,66.1,0.0,7.24,6.5,16.1,15.8,16.5,15.5,17.3,16.4,16.2,16.4,41.1,40.6,21.0,30.0,15.6,19.8,33.0,31.0,25.0,0.0,0.0,0.0,6.0,6.0,4.0,0.0,20.0,20.0,19.0,31.0,29.0,31.0,30.0,30.0,34.0,45.13,44.96,45.14,37.0,340.0,3.7,0.0,0.0,0.0
7.48,352.0,23.95,23.97,23.96,10.5,10.6,10.4,7.33,2.5,0.16,0.04,203.6,9.9,267.0,1.0,3.0,394.0,700.0,62.0,1.0,62.0,7.3,10.7,82.0,32.6,32.7,0.1,3.0,66.1,0.0,7.24,6.5,16.3,15.8,16.6,15.7,17.4,16.4,16.4,16.4,41.3,40.8,21.0,30.0,15.8,19.9,35.0,32.0,25.0,0.0,0.0,0.0,6.0,6.0,4.0,0.0,20.0,20.0,19.0,31.0,29.0,30.0,30.0,30.0,33.0,45.13,44.96,45.14,37.0,330.0,3.6,0.0,0.0,0.0
7.52,352.0,23.95,23.97,23.96,10.5,10.6,10.4,7.4,11.8,0.14,0.09,203.7,11.3,262.0,1.0,3.0,393.0,701.0,61.0,2.0,65.0,7.5,10.5,81.0,28.2,28.2,0.0,2.9,66.1,0.0,7.24,6.5,16.2,15.8,16.6,15.6,17.4,16.4,16.3,16.4,41.2,40.8,21.0,30.0,15.6,19.9,31.0,28.0,25.0,0.0,0.0,0.0,6.0,6.0,4.0,0.0,20.0,20.0,19.0,31.0,29.0,31.0,30.0,30.0,33.0,45.14,44.96,45.14,36.0,330.0,3.5,0.0,0.0,0.0
7.73,352.0,23.95,23.97,23.96,10.6,10.6,10.5,7.52,-2.2,0.06,0.1,203.4,11.6,267.0,1.0,3.0,396.0,701.0,63.0,0.0,62.0,7.4,10.5,80.0,31.8,32.2,0.0,3.0,66.1,0.0,7.24,6.5,16.1,15.7,16.5,15.5,17.3,16.3,16.2,16.4,41.1,40.6,21.0,30.0,15.6,19.8,34.0,31.0,25.0,0.0,0.0,0.0,6.0,6.0,4.0,0.0,20.0,20.0,19.0,31.0,29.0,30.0,30.0,30.0,34.0,45.13,44.96,45.14,37.0,340.0,3.6,0.0,0.0,0.0
7.34,352.0,23.95,23.97,23.96,10.7,10.5,10.4,7.09,4.4,0.06,0.15,203.6,11.5,262.0,1.0,3.0,392.0,699.0,61.0,1.0,61.0,7.1,11.1,84.0,28.8,29.0,0.0,2.9,66.1,0.0,7.24,6.5,16.2,15.8,16.6,15.6,17.4,16.2,16.3,16.3,41.2,40.8,20.0,30.0,15.6,19.9,31.0,28.0,25.0,0.0,0.0,0.0,6.0,6.0,4.0,0.0,20.0,20.0,19.0,31.0,29.0,30.0,30.0,30.0,32.0,45.13,44.96,45.14,37.0,320.0,3.7,0.0,0.0,0.0
7.47,352.0,23.95,23.97,23.96,10.5,10.6,10.8,7.26,6.3,0.02,0.22,203.9,10.9,264.0,1.0,3.0,393.0,700.0,62.0,2.0,70.0,7.2,10.9,83.0,30.5,30.3,0.0,2.9,66.1,0.0,7.24,6.5,16.1,15.8,16.5,15.6,17.4,16.5,16.2,16.3,41.2,40.7,21.0,30.0,15.6,19.9,33.0,30.0,25.0,0.0,0.0,0.0,6.0,6.0,4.0,0.0,20.0,20.0,19.0,31.0,29.0,30.0,30.0,30.0,33.0,45.13,44.96,45.14,35.0,330.0,3.7,0.0,0.0,0.0
7.63,352.0,23.95,23.97,23.96,10.6,10.5,10.4,7.4,4.8,-0.05,0.14,203.7,11.5,265.0,1.0,3.0,395.0,700.0,61.0,1.0,65.0,7.3,11.4,81.0,31.6,31.9,0.0,3.0,66.1,0.0,7.24,6.5,16.1,15.7,16.5,15.4,17.3,16.5,16.3,16.5,41.1,40.6,21.0,30.0,15.6,19.8,34.0,31.0,25.0,0.0,0.0,0.0,6.0,6.0,4.0,0.0,20.0,20.0,19.0,31.0,29.0,31.0,30.0,30.0,34.0,45.13,44.96,45.14,37.0,340.0,3.6,0.0,0.0,0.0
7.52,352.0,23.95,23.97,23.96,10.6,10.6,10.6,7.32,8.8,-0.15,0.21,203.6,12.5,261.0,1.0,3.0,401.0,700.0,62.0,-1.0,62.0,7.3,11.1,83.0,29.1,29.1,0.0,2.9,66.1,0.0,7.24,6.5,16.1,15.8,16.6,15.6,17.4,16.4,16.4,16.3,41.2,40.8,21.0,30.0,15.6,19.9,32.0,29.0,25.0,0.0,0.0,0.0,6.0,6.0,4.0,0.0,20.0,20.0,19.0,31.0,29.0,31.0,30.0,30.0,34.0,45.13,44.96,45.14,36.0,340.0,3.7,0.0,0.0,0.0
7.37,352.0,23.95,23.97,23.96,10.8,10.4,10.5,7.16,6.3,0.21,0.09,203.7,9.1,262.0,1.0,3.0,394.0,700.0,61.0,1.0,61.0,7.2,11.2,84.0,29.1,29.0,0.0,2.9,66.1,0.0,7.24,6.5,16.1,15.8,16.6,15.6,17.4,16.3,16.4,16.3,41.2,40.8,21.0,30.0,15.6,19.9,31.0,29.0,25.0,0.0,0.0,0.0,6.0,6.0,4.0,0.0,20.0,20.0,19.0,31.0,29.0,31.0,30.0,30.0,33.0,45.13,44.96,45.14,37.0,330.0,3.6,0.0,0.0,0.0
7.47,352.0,23.95,23.97,23.96,10.8,10.5,10.4,7.35,1.5,-0.07,-0.07,203.4,12.7,265.0,1.0,3.0,396.0,700.0,62.0,1.0,61.0,7.5,11.2,82.0,30.2,30.1,0.0,2.9,66.1,0.0,7.24,6.5,16.1,15.8,16.5,15.5,17.4,16.6,16.4,16.4,41.1,40.8,21.0,30.0,15.6,19.9,33.0,30.0,25.0,0.0,0.0,0.0,6.0,6.0,4.0,0.0,20.0,20.0,19.0,31.0,29.0,31.0,30.0,30.0,33.0,45.13,44.96,45.14,37.0,330.0,3.7,0.0,0.0,0.0
7.69,352.0,23.95,23.97,23.96,10.7,10.5,10.4,7.54,1.1,0.26,0.09,203.3,10.8,266.0,1.0,3.0,395.0,700.0,62.0,0.0,63.0,7.6,11.0,80.0,31.2,31.5,0.0,3.0,66.1,0.0,7.24,6.5,16.1,15.7,16.5,15.5,17.3,16.3,16.2,16.4,41.1,40.7,21.0,30.0,15.6,19.8,34.0,31.0,25.0,0.0,0.0,0.0,6.0,6.0,4.0,0.0,20.0,20.0,19.0,31.0,29.0,30.0,30.0,30.0,33.0,45.13,44.96,45.14,37.0,330.0,3.6,0.0,0.0,0.0
7.33,352.0,23.95,23.97,23.96,10.5,10.6,10.4,7.19,4.3,0.08,-0.08,203.7,11.5,264.0,1.0,3.0,397.0,700.0,62.0,0.0,56.0,7.0,11.1,83.0,28.4,30.2,0.0,2.8,66.1,0.0,7.24,6.5,16.3,15.8,16.6,15.7,17.4,16.1,16.3,16.3,41.2,40.8,21.0,30.0,15.7,19.9,32.0,29.0,25.0,0.0,0.0,0.0,6.0,6.0,4.0,0.0,20.0,20.0,19.0,31.0,29.0,30.0,30.0,30.0,33.0,45.13,44.96,45.14,36.0,330.0,3.7,0.0,0.0,0.0
7.31,352.0,23.95,23.97,23.96,10.5,10.5,10.9,7.19,4.1,0.13,0.05,203.7,11.6,265.0,1.0,3.0,395.0,699.0,62.0,0.0,65.0,7.2,10.7,84.0,32.1,33.4,0.0,2.9,66.1,0.0,7.24,6.5,16.3,15.8,16.6,15.6,17.4,16.5,16.4,16.4,41.2,40.9,21.0,30.0,15.8,19.9,34.0,32.0,25.0,0.0,0.0,0.0,6.0,6.0,4.0,0.0,20.0,20.0,19.0,31.0,29.0,31.0,30.0,30.0,33.0,45.13,44.96,45.14,37.0,330.0,3.7,0.0,0.0,0.0
7.43,352.0,23.95,23.97,23.96,10.6,10.6,10.4,7.26,6.4,-0.15,0.15,203.7,11.9,263.0,1.0,3.0,394.0,701.0,60.0,0.0,59.0,7.2,11.1,82.0,29.7,29.5,0.0,2.9,66.1,0.0,7.24,6.5,16.1,15.8,16.5,15.6,17.4,16.4,16.3,16.3,41.2,40.8,21.0,30.0,15.6,19.9,32.0,29.0,25.0,0.0,0.0,0.0,6.0,6.0,4.0,0.0,20.0,20.0,19.0,31.0,29.0,31.0,30.0,30.0,33.0,45.13,44.96,45.14,37.0,330.0,3.5,0.0,0.0,0.0
7.52,352.0,23.95,23.97,23.96,10.5,10.6,10.4,7.39,0.8,0.16,0.01,203.8,9.5,265.0,1.0,3.0,395.0,700.0,63.0,2.0,59.0,7.3,11.2,81.0,30.0,30.5,0.0,2.9,66.1,0.0,7.24,6.5,16.1,15.8,16.5,15.5,17.4,16.4,16.3,16.3,41.2,40.7,21.0,30.0,15.6,19.9,33.0,30.0,25.0,0.0,0.0,0.0,6.0,6.0,4.0,0.0,20.0,20.0,19.0,31.0,29.0,30.0,30.0,30.0,33.0,45.13,44.96,45.14,36.0,330.0,3.6,0.0,0.0,0.0
7.37,352.0,23.95,23.97,23.96,10.6,10.5,10.4,7.18,8.5,0.05,0.09,203.6,12.4,261.0,1.0,3.0,393.0,700.0,60.0,2.0,58.0,7.1,11.0,83.0,28.6,28.5,0.0,2.9,66.1,0.0,7.24,6.5,16.2,15.8,16.6,15.6,17.4,16.4,16.4,16.4,41.2,40.7,21.0,30.0,15.6,19.9,31.0,28.0,25.0,0.0,0.0,0.0,6.0,6.0,4.0,0.0,20.0,20.0,19.0,31.0,29.0,31.0,30.0,30.0,33.0,45.14,44.96,45.13,36.0,330.0,3.6,0.0,0.0,0.0
7.52,352.0,23.95,23.97,23.96,10.5,10.6,10.5,7.35,6.9,0.09,0.0,203.6,12.4,264.0,1.0,3.0,394.0,699.0,61.0,-1.0,59.0,7.5,11.0,82.0,27.3,28.2,0.0,2.9,66.1,0.0,7.24,6.5,16.2,15.8,16.6,15.6,17.4,16.3,16.4,16.3,41.2,40.8,21.0,30.0,15.6,19.9,31.0,28.0,25.0,0.0,0.0,0.0,6.0,6.0,4.0,0.0,20.0,20.0,19.0,31.0,29.0,31.0,30.0,30.0,34.0,45.13,44.96,45.14,37.0,340.0,3.5,0.0,0.0,0.0
7.42,352.0,23.95,23.97,23.96,10.7,10.4,10.4,7.22,5.0,0.03,0.21,203.7,10.7,265.0,1.0,3.0,391.0,699.0,62.0,2.0,69.0,7.1,11.1,83.0,32.8,32.9,0.0,2.9,66.1,0.0,7.24,6.5,16.3,15.8,16.6,15.6,17.4,16.5,16.4,16.4,41.3,40.9,21.0,30.0,15.8,19.9,35.0,32.0,25.0,0.0,0.0,0.0,6.0,6.0,4.0,0.0,20.0,20.0,19.0,31.0,29.0,31.0,30.0,30.0,33.0,45.13,44.96,45.14,37.0,330.0,3.7,0.0,0.0,0.0
7.69,352.0,23.95,23.97,23.96,10.5,10.5,11.0,7.47,6.5,0.08,0.04,203.8,11.5,263.0,1.0,3.0,394.0,700.0,61.0,1.0,64.0,7.6,10.9,81.0,29.4,29.6,0.0,2.9,66.1,0.0,7.24,6.5,16.2,15.8,16.5,15.6,17.4,16.4,16.3,16.4,41.2,40.7,21.0,30.0,15.6,19.9,32.0,29.0,25.0,0.0,0.0,0.0,6.0,6.0,4.0,0.0,20.0,20.0,19.0,31.0,29.0,31.0,30.0,30.0,34.0,45.13,44.96,45.14,37.0,340.0,3.7,0.0,0.0,0.0
7.48,352.0,23.95,23.97,23.96,10.8,10.4,10.4,7.28,4.2,0.2,0.08,203.4,9.0,265.0,1.0,3.0,396.0,700.0,63.0,1.0,62.0,7.2,11.1,82.0,33.2,33.0,0.1,3.1,66.1,0.0,7.24,6.5,16.3,15.8,16.6,15.7,17.4,16.3,16.3,16.3,41.3,40.9,21.0,30.0,15.8,19.9,35.0,32.0,25.0,0.0,0.0,0.0,6.0,6.0,4.0,0.0,20.0,20.0,19.0,31.0,29.0,30.0,30.0,30.0,33.0,45.13,44.96,45.14,37.0,330.0,3.6,0.0,0.0,0.0
7.36,352.0,23.95,23.97,23.96,10.7,10.5,10.4,7.23,-4.7,0.07,0.0,203.7,11.6,267.0,1.0,3.0,394.0,700.0,62.0,2.0,63.0,7.1,11.2,83.0,32.6,32.6,0.1,3.0,66.1,0.0,7.24,6.5,16.3,15.8,16.6,15.6,17.4,16.6,16.4,16.5,41.3,40.8,21.0,30.0,15.8,19.9,35.0,32.0,25.0,0.0,0.0,0.0,6.0,6.0,4.0,0.0,20.0,20.0,19.0,31.0,29.0,31.0,30.0,30.0,32.0,45.13,44.96,45.14,37.0,320.0,3.6,0.0,0.0,0.0
7.43,352.0,23.95,23.97,23.96,10.6,10.5,10.4,7.2,4.6,0.14,-0.04,203.9,10.9,262.0,1.0,3.0,395.0,701.0,62.0,0.0,59.0,7.2,11.5,84.0,28.8,28.6,0.0,2.9,66.1,0.0,7.24,6.5,16.2,15.8,16.6,15.6,17.4,16.3,16.3,16.3,41.2,40.8,21.0,30.0,15.6,19.9,31.0,29.0,25.0,0.0,0.0,0.0,6.0,6.0,4.0,0.0,20.0,20.0,19.0,31.0,29.0,30.0,30.0,30.0,34.0,45.13,44.96,45.14,36.0,340.0,3.6,0.0,0.0,0.0
7.42,352.0,23.95,23.97,23.96,10.5,10.6,11.0,7.21,1.3,0.24,0.09,203.8,11.9,265.0,1.0,3.0,395.0,700.0,61.0,1.0,60.0,7.1,10.8,83.0,27.3,28.8,0.0,2.8,66.1,0.0,7.24,6.5,16.3,15.8,16.6,15.6,17.4,16.4,16.4,16.3,41.2,40.8,21.0,30.0,15.7,19.9,31.0,28.0,25.0,0.0,0.0,0.0,6.0,6.0,4.0,0.0,20.0,20.0,19.0,31.0,29.0,31.0,30.0,30.0,33.0,45.13,44.96,45.14,36.0,330.0,3.7,0.0,0.0,0.0
7.37,352.0,23.95,23.97,23.96,10.4,10.6,10.6,7.18,9.3,0.11,0.24,203.8,11.6,261.0,1.0,3.0,396.0,700.0,62.0,1.0,64.0,7.1,11.4,83.0,28.7,29.5,0.0,2.9,66.1,0.0,7.24,6.5,16.1,15.8,16.6,15.6,17.4,16.2,16.4,16.3,41.2,40.8,21.0,30.0,15.6,19.9,31.0,29.0,25.0,0.0,0.0,0.0,6.0,6.0,4.0,0.0,20.0,20.0,19.0,31.0,29.0,30.0,30.0,30.0,34.0,45.13,44.96,45.14,36.0,340.0,3.6,0.0,0.0,0.0
7.82,352.0,23.95,23.97,23.96,10.6,10.6,10.7,7.65,3.9,0.1,0.11,203.5,12.1,263.0,1.0,3.0,397.0,700.0,63.0,1.0,63.0,7.7,10.8,79.0,30.2,29.8,0.0,2.9,66.1,0.0,7.24,6.5,16.1,15.8,16.6,15.6,17.4,16.1,16.3,16.3,41.2,40.8,21.0,30.0,15.6,19.9,32.0,29.0,25.0,0.0,0.0,0.0,6.0,6.0,4.0,0.0,20.0,20.0,19.0,31.0,29.0,31.0,30.0,30.0,33.0,45.13,44.96,45.14,35.0,330.0,3.7,0.0,0.0,0.0
7.53,352.0,23.95,23.97,23.96,10.8,10.4,10.4,7.36,7.8,0.13,-0.05,203.5,9.5,264.0,1.0,3.0,397.0,700.0,62.0,-1.0,65.0,7.4,11.0,82.0,27.1,28.2,0.0,2.8,66.1,0.0,7.24,6.5,16.2,15.8,16.6,15.6,17.4,16.3,16.4,16.3,41.2,40.7,21.0,30.0,15.6,19.9,31.0,28.0,25.0,0.0,0.0,0.0,6.0,6.0,4.0,0.0,20.0,20.0,19.0,31.0,29.0,31.0,30.0,30.0,34.0,45.13,44.96,45.14,37.0,340.0,3.6,0.0,0.0,0.0
7.74,352.0,23.95,23.97,23.96,10.8,10.4,10.4,7.6,0.3,0.15,0.14,203.7,10.5,266.0,1.0,3.0,393.0,700.0,61.0,1.0,59.0,7.5,10.7,79.0,31.7,31.3,0.0,3.0,66.1,0.0,7.24,6.5,16.1,15.8,16.5,15.5,17.3,16.4,16.2,16.4,41.1,40.7,21.0,30.0,15.6,19.8,33.0,31.0,25.0,0.0,0.0,0.0,6.0,6.0,4.0,0.0,20.0,20.0,19.0,31.0,29.0,31.0,30.0,30.0,34.0,45.13,44.96,45.14,37.0,340.0,3.7,0.0,0.0,0.0
7.74,352.0,23.95,23.97,23.96,10.6,10.6,10.6,7.57,6.0,0.01,0.08,203.4,12.0,263.0,1.0,3.0,396.0,700.0,61.0,1.0,65.0,7.7,10.4,80.0,29.7,29.6,0.0,2.9,66.1,0.0,7.24,6.5,16.1,15.8,16.6,15.6,17.4,16.3,16.4,16.3,41.2,40.7,20.0,30.0,15.6,19.9,32.0,29.0,25.0,0.0,0.0,0.0,6.0,6.0,4.0,0.0,20.0,20.0,19.0,31.0,29.0,30.0,30.0,30.0,34.0,45.13,44.96,45.14,37.0,340.0,3.6,0.0,0.0,0.0
7.81,352.0,23.95,23.97,23.96,10.6,10.5,10.4,7.64,2.0,0.03,0.09,203.6,13.3,266.0,1.0,3.0,397.0,700.0,61.0,2.0,70.0,7.7,10.9,79.0,31.4,32.1,0.0,3.0,66.1,0.0,7.24,6.5,16.1,15.7,16.5,15.5,17.3,16.3,16.2,16.3,41.1,40.6,21.0,30.0,15.6,19.8,34.0,31.0,25.0,0.0,0.0,0.0,6.0,6.0,4.0,0.0,20.0,20.0,19.0,31.0,28.0,31.0,30.0,30.0,34.0,45.13,44.96,45.14,37.0,340.0,3.6,0.0,0.0,0.0
7.42,352.0,23.95,23.97,23.96,10.6,10.6,10.5,7.16,1.7,0.02,0.06,203.4,11.6,266.0,1.0,3.0,396.0,700.0,61.0,1.0,65.0,7.1,11.3,83.0,32.8,32.9,0.0,2.9,66.1,0.0,7.24,6.5,16.3,15.8,16.6,15.6,17.4,16.6,16.4,16.4,41.3,40.8,21.0,30.0,15.8,19.9,35.0,32.0,25.0,0.0,0.0,0.0,6.0,6.0,4.0,0.0,20.0,20.0,19.0,31.0,29.0,31.0,30.0,30.0,33.0,45.13,44.96,45.14,37.0,330.0,3.7,0.0,0.0,0.0
7.21,352.0,23.95,23.97,23.96,10.5,10.5,10.8,7.08,3.7,0.02,0.31,203.9,11.6,264.0,1.0,3.0,392.0,700.0,62.0,1.0,65.0,7.0,11.2,84.0,27.7,29.5,0.0,2.8,66.1,0.0,7.24,6.5,16.3,15.8,16.6,15.6,17.4,16.4,16.4,16.4,41.2,40.8,21.0,30.0,15.6,19.9,31.0,28.0,25.0,0.0,0.0,0.0,6.0,6.0,4.0,0.0,20.0,20.0,19.0,31.0,29.0,30.0,30.0,30.0,34.0,45.14,44.96,45.14,37.0,340.0,3.6,0.0,0.0,0.0
7.74,352.0,23.95,23.97,23.96,10.5,10.8,10.4,7.47,3.7,0.12,0.13,203.6,11.7,265.0,1.0,3.0,396.0,700.0,62.0,0.0,61.0,7.6,10.4,80.0,31.1,30.8,0.0,2.9,66.1,0.0,7.24,6.5,16.1,15.7,16.5,15.5,17.3,16.3,16.4,16.4,41.1,40.7,21.0,30.0,15.6,19.8,33.0,30.0,25.0,0.0,0.0,0.0,6.0,6.0,4.0,0.0,20.0,20.0,19.0,31.0,29.0,31.0,30.0,30.0,34.0,45.13,44.96,45.14,36.0,340.0,3.7,0.0,0.0,0.0
7.75,352.0,23.95,23.97,23.96,10.6,10.5,10.4,7.57,10.5,-0.02,0.14,203.5,12.4,263.0,1.0,3.0,396.0,700.0,60.0,1.0,67.0,7.5,10.2,79.0,32.1,32.1,0.0,3.0,66.1,0.0,7.24,6.5,16.1,15.6,16.5,15.5,17.3,16.3,16.3,16.4,41.1,40.7,21.0,30.0,15.6,19.8,34.0,31.0,25.0,0.0,0.0,0.0,6.0,6.0,4.0,0.0,20.0,20.0,19.0,31.0,29.0,30.0,30.0,30.0,32.0,45.13,44.96,45.14,37.0,320.0,3.7,0.0,0.0,0.0
7.78,352.0,23.95,23.97,23.96,10.5,10.6,10.9,7.59,0.0,0.11,0.1,203.3,12.4,266.0,1.0,3.0,398.0,701.0,61.0,-1.0,60.0,7.7,10.7,79.0,31.8,31.5,0.0,3.0,66.1,0.0,7.24,6.5,16.1,15.6,16.5,15.5,17.3,16.2,16.2,16.4,41.1,40.6,21.0,30.0,15.6,19.8,34.0,31.0,25.0,0.0,0.0,0.0,6.0,6.0,4.0,0.0,20.0,20.0,19.0,31.0,29.0,31.0,30.0,30.0,34.0,45.13,44.96,45.14,37.0,340.0,3.5,0.0,0.0,0.0
7.58,352.0,23.95,23.97,23.96,10.8,10.4,10.4,7.45,15.0,0.2,0.04,203.7,10.2,261.0,1.0,3.0,397.0,700.0,62.0,1.0,62.0,7.4,10.5,81.0,28.9,28.4,0.0,2.9,66.1,0.0,7.24,6.5,16.2,15.8,16.6,15.6,17.4,16.4,16.3,16.4,41.2,40.7,21.0,30.0,15.6,19.9,31.0,28.0,25.0,0.0,0.0,0.0,6.0,6.0,4.0,0.0,20.0,20.0,19.0,31.0,29.0,31.0,30.0,30.0,33.0,45.13,44.96,45.14,37.0,330.0,3.7,0.0,0.0,0.0
7.43,352.0,23.95,23.97,23.96,10.5,10.6,10.8,7.3,1.1,-0.03,0.14,203.7,11.4,267.0,1.0,3.0,395.0,700.0,61.0,1.0,62.0,7.2,11.2,82.0,32.7,33.1,0.1,3.1,66.1,0.0,7.24,6.5,16.3,15.8,16.6,15.7,17.4,16.4,16.4,16.3,41.3,40.9,21.0,30.0,15.8,19.9,35.0,32.0,25.0,0.0,0.0,0.0,6.0,6.0,4.0,0.0,20.0,20.0,19.0,31.0,29.0,30.0,30.0,30.0,33.0,45.13,44.96,45.14,37.0,330.0,3.6,0.0,0.0,0.0
7.37,352.0,23.95,23.97,23.96,10.5,10.6,10.8,7.23,9.4,0.13,0.17,203.8,11.2,264.0,1.0,3.0,394.0,700.0,62.0,1.0,61.0,7.2,11.3,84.0,30.6,30.5,0.0,2.9,66.1,0.0,7.24,6.5,16.1,15.8,16.5,15.5,17.4,16.4,16.3,16.4,41.2,40.7,21.0,30.0,15.6,19.9,33.0,30.0,25.0,0.0,0.0,0.0,6.0,6.0,4.0,0.0,20.0,20.0,19.0,31.0,29.0,31.0,30.0,30.0,34.0,45.13,44.96,45.14,37.0,340.0,3.7,0.0,0.0,0.0
7.81,352.0,23.95,23.97,23.96,10.6,10.6,10.4,7.6,3.9,0.05,0.08,203.6,12.7,263.0,1.0,3.0,395.0,701.0,63.0,0.0,64.0,7.5,10.4,79.0,29.8,29.8,0.0,2.9,66.1,0.0,7.24,6.5,16.1,15.8,16.6,15.6,17.4,16.2,16.3,16.3,41.2,40.7,21.0,30.0,15.6,19.9,32.0,29.0,25.0,0.0,0.0,0.0,6.0,6.0,4.0,0.0,20.0,20.0,19.0,31.0,29.0,30.0,30.0,30.0,34.0,45.13,44.96,45.14,37.0,340.0,3.7,0.0,0.0,0.0
7.73,352.0,23.95,23.97,23.96,10.5,10.6,10.8,7.57,4.6,0.06,-0.03,203.5,12.1,265.0,1.0,3.0,395.0,700.0,63.0,0.0,67.0,7.5,10.6,80.0,31.0,31.6,0.0,3.0,66.1,0.0,7.24,6.5,16.1,15.7,16.5,15.5,17.3,16.4,16.3,16.3,41.1,40.6,21.0,30.0,15.6,19.8,34.0,31.0,25.0,0.0,0.0,0.0,6.0,6.0,4.0,0.0,20.0,20.0,19.0,31.0,29.0,30.0,30.0,30.0,32.0,45.13,44.96,45.13,36.0,330.0,3.6,0.0,0.0,0.0
7.82,352.0,23.95,23.97,23.96,10.7,10.5,10.4,7.53,12.7,0.0,0.01,203.4,12.4,264.0,1.0,3.0,398.0,700.0,62.0,1.0,61.0,7.5,10.5,80.0,32.0,31.6,0.0,3.0,66.1,0.0,7.24,6.5,16.1,15.6,16.5,15.5,17.3,16.3,16.2,16.4,41.1,40.6,21.0,30.0,15.6,19.8,34.0,31.0,25.0,0.0,0.0,0.0,6.0,6.0,4.0,0.0,20.0,20.0,19.0,31.0,29.0,30.0,30.0,30.0,32.0,45.13,44.96,45.14,37.0,320.0,3.7,0.0,0.0,0.0
7.32,352.0,23.95,23.97,23.96,10.6,10.6,10.4,7.19,3.6,0.01,0.1,203.3,12.5,266.0,1.0,3.0,394.0,700.0,63.0,1.0,61.0,7.1,11.1,83.0,33.0,33.3,0.1,3.1,66.1,0.0,7.24,6.5,16.3,15.8,16.6,15.6,17.4,16.3,16.4,16.3,41.3,40.8,21.0,30.0,15.8,19.9,35.0,32.0,25.0,0.0,0.0,0.0,6.0,6.0,4.0,0.0,20.0,20.0,19.0,31.0,29.0,31.0,30.0,30.0,34.0,45.13,44.96,45.14,35.0,340.0,3.7,0.0,0.0,0.0
7.42,352.0,23.95,23.97,23.96,10.5,10.6,10.8,7.28,9.5,0.06,0.03,203.7,11.8,263.0,1.0,3.0,395.0,700.0,62.0,1.0,69.0,7.4,10.8,82.0,29.9,31.2,0.0,2.8,66.1,0.0,7.24,6.5,16.3,15.8,16.6,15.6,17.4,16.4,16.3,16.4,41.2,40.8,21.0,30.0,15.6,19.9,32.0,29.0,25.0,0.0,0.0,0.0,6.0,6.0,4.0,0.0,20.0,20.0,19.0,31.0,29.0,30.0,30.0,30.0,34.0,45.13,44.96,45.14,37.0,340.0,3.6,0.0,0.0,0.0
7.53,352.0,23.95,23.97,23.96,10.7,10.4,10.4,7.3,7.9,0.11,0.05,203.6,10.4,261.0,1.0,3.0,396.0,700.0,62.0,0.0,60.0,7.3,10.5,82.0,28.3,28.6,0.0,2.9,66.1,0.0,7.24,6.5,16.2,15.8,16.6,15.6,17.4,16.3,16.3,16.3,41.2,40.7,21.0,30.0,15.6,19.9,31.0,28.0,25.0,0.0,0.0,0.0,6.0,6.0,4.0,0.0,20.0,20.0,19.0,31.0,29.0,30.0,30.0,30.0,33.0,45.13,44.96,45.14,37.0,330.0,3.6,0.0,0.0,0.0
7.53,352.0,23.95,23.97,23.96,10.8,10.5,10.4,7.31,5.8,0.25,0.04,203.5,11.6,264.0,1.0,3.0,394.0,701.0,62.0,0.0,70.0,7.2,11.1,83.0,27.2,28.5,0.0,2.9,66.1,0.0,7.24,6.5,16.3,15.8,16.6,15.6,17.4,16.4,16.4,16.4,41.2,40.7,21.0,30.0,15.7,19.9,31.0,28.0,25.0,0.0,0.0,0.0,6.0,6.0,4.0,0.0,20.0,20.0,19.0,31.0,29.0,31.0,30.0,30.0,33.0,45.13,44.96,45.14,36.0,330.0,3.7,0.0,0.0,0.0
7.64,352.0,23.95,23.97,23.96,10.6,10.5,10.5,7.38,7.4,0.0,0.09,203.5,10.9,264.0,1.0,3.0,395.0,701.0,62.0,0.0,63.0,7.3,10.8,82.0,31.6,32.1,0.0,3.0,66.1,0.0,7.24,6.5,16.1,15.7,16.5,15.5,17.3,16.4,16.2,16.5,41.1,40.6,21.0,30.0,15.6,19.8,34.0,31.0,25.0,0.0,0.0,0.0,6.0,6.0,4.0,0.0,20.0,20.0,19.0,31.0,29.0,30.0,30.0,30.0,33.0,45.13,44.96,45.14,35.0,330.0,3.7,0.0,0.0,0.0
7.58,352.0,23.95,23.97,23.96,10.8,10.4,10.4,7.4,6.0,0.12,0.02,203.6,10.5,265.0,1.0,3.0,394.0,700.0,62.0,1.0,62.0,7.3,10.4,81.0,31.7,32.3,0.0,3.0,66.1,0.0,7.24,6.5,16.1,15.7,16.5,15.4,17.3,16.5,16.3,16.5,41.1,40.6,20.0,30.0,15.6,19.8,34.0,31.0,25.0,0.0,0.0,0.0,6.0,6.0,4.0,0.0,20.0,20.0,19.0,31.0,29.0,31.0,30.0,30.0,34.0,45.13,44.96,45.14,37.0,340.0,3.7,0.0,0.0,0.0
7.68,352.0,23.95,23.97,23.96,10.5,10.6,10.8,7.49,5.5,0.08,0.01,203.3,9.4,265.0,1.0,3.0,395.0,700.0,62.0,-1.0,66.0,7.5,10.5,81.0,30.9,31.2,0.0,2.9,66.1,0.0,7.24,6.5,16.1,15.7,16.5,15.6,17.3,16.2,16.3,16.3,41.1,40.7,21.0,30.0,15.6,19.8,33.0,30.0,25.0,0.0,0.0,0.0,6.0,6.0,4.0,0.0,20.0,20.0,19.0,31.0,29.0,30.0,30.0,30.0,33.0,45.13,44.96,45.14,37.0,330.0,3.6,0.0,0.0,0.0
7.75,352.0,23.95,23.97,23.96,10.5,10.6,10.5,7.58,3.9,0.1,0.08,203.6,12.1,263.0,1.0,3.0,394.0,701.0,61.0,1.0,62.0,7.7,10.7,79.0,29.8,29.6,0.0,2.9,66.1,0.0,7.24,6.5,16.1,15.8,16.6,15.6,17.4,16.3,16.3,16.4,41.2,40.8,21.0,30.0,15.6,19.9,32.0,29.0,25.0,0.0,0.0,0.0,6.0,6.0,4.0,0.0,20.0,20.0,19.0,31.0,29.0,30.0,30.0,30.0,33.0,45.13,44.96,45.13,37.0,330.0,3.7,0.0,0.0,0.0
7.74,352.0,23.95,23.97,23.96,10.5,10.6,10.4,7.55,3.2,0.1,0.09,203.9,12.8,264.0,1.0,3.0,394.0,700.0,62.0,1.0,62.0,7.5,10.5,79.0,29.9,29.7,0.0,2.9,66.1,0.0,7.24,6.5,16.1,15.8,16.6,15.6,17.4,16.3,16.3,16.3,41.2,40.7,21.0,30.0,15.6,19.9,32.0,29.0,25.0,0.0,0.0,0.0,6.0,6.0,4.0,0.0,20.0,20.0,19.0,31.0,29.0,30.0,30.0,30.0,34.0,45.13,44.96,45.14,37.0,340.0,3.7,0.0,0.0,0.0
7.63,352.0,23.95,23.97,23.96,10.6,10.5,11.0,7.4,8.4,0.16,0.06,203.7,11.4,263.0,1.0,3.0,393.0,701.0,62.0,2.0,67.0,7.3,10.7,82.0,28.1,28.5,0.0,2.9,66.1,0.0,7.24,6.5,16.2,15.8,16.6,15.6,17.4,16.4,16.3,16.4,41.2,40.7,21.0,30.0,15.6,19.9,31.0,28.0,25.0,0.0,0.0,0.0,6.0,6.0,4.0,0.0,20.0,20.0,19.0,31.0,29.0,31.0,30.0,30.0,33.0,45.13,44.96,45.14,36.0,330.0,3.6,0.0,0.0,0.0
7.52,352.0,23.95,23.97,23.96,10.5,10.6,10.9,7.34,7.0,-0.05,0.21,203.5,12.7,264.0,1.0,3.0,395.0,700.0,62.0,1.0,67.0,7.3,11.2,82.0,31.0,32.2,0.0,2.9,66.1,0.0,7.24,6.5,16.3,15.8,16.6,15.6,17.4,16.4,16.4,16.4,41.2,40.8,21.0,30.0,15.6,19.9,33.0,30.0,25.0,0.0,0.0,0.0,6.0,6.0,4.0,0.0,20.0,20.0,19.0,31.0,29.0,31.0,30.0,30.0,34.0,45.13,44.96,45.14,37.0,340.0,3.6,0.0,0.0,0.0
7.74,352.0,23.95,23.97,23.96,10.5,10.5,10.5,7.58,10.1,0.21,0.15,203.7,7.9,263.0,1.0,3.0,394.0,700.0,60.0,1.0,63.0,7.5,10.5,80.0,31.6,32.2,0.0,3.0,66.1,0.0,7.24,6.5,16.1,15.6,16.5,15.5,17.3,16.3,16.3,16.4,41.1,40.7,21.0,30.0,15.6,19.8,34.0,31.0,25.0,0.0,0.0,0.0,6.0,6.0,4.0,0.0,20.0,20.0,19.0,31.0,29.0,30.0,30.0,30.0,33.0,45.13,44.96,45.14,37.0,330.0,3.7,0.0,0.0,0.0
7.76,352.0,23.95,23.97,23.96,10.5,10.6,10.8,7.57,1.0,-0.03,0.07,203.4,13.0,266.0,1.0,3.0,393.0,700.0,61.0,1.0,65.0,7.7,10.7,79.0,31.8,31.6,0.0,3.0,66.1,0.0,7.24,6.5,16.1,15.6,16.5,15.5,17.3,16.2,16.3,16.3,41.1,40.6,20.0,30.0,15.6,19.8,34.0,31.0,25.0,0.0,0.0,0.0,6.0,6.0,4.0,0.0,20.0,20.0,19.0,31.0,29.0,31.0,30.0,30.0,33.0,45.13,44.96,45.14,37.0,330.0,3.6,0.0,0.0,0.0
7.32,352.0,23.95,23.97,23.96,10.5,10.6,10.5,7.19,5.4,0.17,0.09,203.7,9.0,265.0,1.0,3.0,396.0,700.0,62.0,1.0,64.0,7.1,10.9,83.0,32.5,33.1,0.0,2.9,66.1,0.0,7.24,6.5,16.3,15.8,16.6,15.6,17.4,16.4,16.4,16.4,41.3,40.8,21.0,30.0,15.8,19.9,35.0,32.0,25.0,0.0,0.0,0.0,6.0,6.0,4.0,0.0,20.0,20.0,19.0,31.0,29.0,31.0,30.0,30.0,34.0,45.13,44.96,45.14,36.0,340.0,3.5,0.0,0.0,0.0
7.58,352.0,23.95,23.97,23.96,10.5,10.5,10.8,7.41,10.3,-0.05,0.07,203.5,11.4,263.0,1.0,3.0,396.0,700.0,61.0,2.0,64.0,7.6,11.1,81.0,30.7,30.6,0.0,2.9,66.1,0.0,7.24,6.5,16.1,15.8,16.5,15.6,17.4,16.3,16.2,16.3,41.1,40.7,21.0,30.0,15.6,19.9,33.0,30.0,25.0,0.0,0.0,0.0,6.0,6.0,4.0,0.0,20.0,20.0,19.0,31.0,29.0,31.0,30.0,30.0,33.0,45.13,44.96,45.14,37.0,330.0,3.5,0.0,0.0,0.0
7.58,352.0,23.95,23.97,23.96,10.5,10.8,10.4,7.35,3.8,0.01,0.08,203.6,11.6,265.0,1.0,3.0,397.0,700.0,62.0,0.0,58.0,7.2,11.0,81.0,32.7,32.5,0.0,3.0,66.1,0.0,7.24,6.5,16.3,15.8,16.6,15.7,17.4,16.3,16.4,16.4,41.3,40.8,21.0,30.0,15.8,19.9,35.0,32.0,25.0,0.0,0.0,0.0,6.0,6.0,4.0,0.0,20.0,20.0,19.0,31.0,29.0,31.0,30.0,30.0,34.0,45.13,44.96,45.14,36.0,350.0,3.7,0.0,0.0,0.0
7.42,352.0,23.95,23.97,23.96,10.5,10.6,10.4,7.28,3.5,0.05,-0.05,203.6,10.9,265.0,1.0,3.0,395.0,700.0,60.0,0.0,56.0,7.3,11.1,81.0,30.3,30.7,0.0,2.9,66.1,0.0,7.24,6.5,16.1,15.8,16.5,15.5,17.4,16.5,16.4,16.4,41.2,40.7,21.0,30.0,15.6,19.9,33.0,30.0,25.0,0.0,0.0,0.0,6.0,6.0,4.0,0.0,20.0,20.0,19.0,31.0,29.0,31.0,30.0,30.0,34.0,45.13,44.96,45.14,37.0,340.0,3.7,0.0,0.0,0.0
7.53,352.0,23.95,23.97,23.96,10.5,10.6,10.8,7.35,9.5,0.17,0.1,203.8,9.6,261.0,1.0,3.0,397.0,700.0,64.0,0.0,60.0,7.2,11.2,82.0,28.2,28.4,0.0,2.9,66.1,0.0,7.24,6.5,16.2,15.8,16.6,15.6,17.4,16.3,16.3,16.3,41.2,40.8,21.0,30.0,15.6,19.9,31.0,28.0,25.0,0.0,0.0,0.0,6.0,6.0,4.0,0.0,20.0,20.0,19.0,31.0,29.0,30.0,30.0,30.0,33.0,45.13,44.96,45.14,37.0,330.0,3.7,0.0,0.0,0.0
7.69,352.0,23.95,23.97,23.96,10.6,10.7,10.4,7.48,-1.0,0.05,0.11,203.4,11.1,264.0,1.0,3.0,397.0,700.0,62.0,1.0,62.0,7.6,11.0,80.0,30.3,30.6,0.0,2.9,66.1,0.0,7.24,6.5,16.1,15.8,16.5,15.6,17.4,16.2,16.2,16.3,41.1,40.7,21.0,30.0,15.6,19.9,33.0,30.0,25.0,0.0,0.0,0.0,6.0,6.0,4.0,0.0,20.0,20.0,19.0,31.0,29.0,31.0,30.0,30.0,34.0,45.13,44.96,45.14,36.0,340.0,3.7,0.0,0.0,0.0
7.48,352.0,23.95,23.97,23.96,10.5,10.6,10.4,7.33,8.2,0.08,-0.03,203.6,10.1,264.0,1.0,3.0,394.0,700.0,62.0,-1.0,66.0,7.3,10.7,82.0,30.7,32.2,0.0,2.9,66.1,0.0,7.24,6.5,16.3,15.8,16.6,15.7,17.4,16.4,16.4,16.3,41.2,40.8,21.0,30.0,15.7,19.9,33.0,31.0,25.0,0.0,0.0,0.0,6.0,6.0,4.0,0.0,20.0,20.0,19.0,31.0,29.0,31.0,30.0,30.0,34.0,45.14,44.96,45.14,37.0,340.0,3.5,0.0,0.0,0.0
7.58,352.0,23.95,23.97,23.96,10.6,10.5,10.4,7.36,16.0,0.01,0.16,203.8,12.4,262.0,1.0,3.0,394.0,700.0,62.0,1.0,64.0,7.3,11.4,82.0,29.7,29.8,0.0,2.9,66.1,0.0,7.24,6.5,16.2,15.8,16.5,15.6,17.4,16.4,16.3,16.4,41.2,40.8,20.0,30.0,15.6,19.9,32.0,29.0,25.0,0.0,0.0,0.0,6.0,6.0,4.0,0.0,20.0,20.0,19.0,31.0,29.0,31.0,30.0,30.0,33.0,45.13,44.96,45.14,36.0,330.0,3.7,0.0,0.0,0.0
7.58,352.0,23.95,23.97,23.96,10.8,10.4,10.5,7.37,4.5,0.22,0.07,203.7,10.5,264.0,1.0,3.0,390.0,700.0,62.0,1.0,66.0,7.4,10.7,82.0,27.5,28.4,0.0,2.9,66.1,0.0,7.24,6.5,16.3,15.8,16.6,15.6,17.4,16.5,16.4,16.3,41.2,40.8,21.0,30.0,15.6,19.9,31.0,28.0,25.0,0.0,0.0,0.0,6.0,6.0,4.0,0.0,20.0,20.0,19.0,31.0,29.0,31.0,30.0,30.0,33.0,45.13,44.96,45.14,36.0,330.0,3.7,0.0,0.0,0.0
7.77,352.0,23.95,23.97,23.96,10.5,10.6,10.9,7.59,0.7,0.1,0.09,203.9,11.1,266.0,1.0,3.0,392.0,700.0,62.0,0.0,63.0,7.7,10.7,79.0,31.7,31.8,0.0,3.0,66.1,0.0,7.24,6.5,16.1,15.6,16.5,15.5,17.3,16.2,16.2,16.4,41.1,40.6,21.0,30.0,15.6,19.8,34.0,31.0,25.0,0.0,0.0,0.0,6.0,6.0,4.0,0.0,20.0,20.0,19.0,31.0,29.0,31.0,30.0,30.0,34.0,45.13,44.96,45.14,37.0,340.0,3.5,0.0,0.0,0.0
7.73,352.0,23.95,23.97,23.96,10.5,10.6,10.9,7.57,8.6,0.18,0.08,203.7,12.0,265.0,1.0,3.0,391.0,700.0,60.0,1.0,62.0,7.7,10.9,79.0,31.8,32.2,0.0,3.0,66.1,0.0,7.24,6.5,16.1,15.6,16.5,15.5,17.3,16.3,16.2,16.4,41.1,40.6,21.0,30.0,15.6,19.8,34.0,31.0,25.0,0.0,0.0,0.0,6.0,6.0,4.0,0.0,20.0,20.0,19.0,31.0,29.0,31.0,30.0,30.0,33.0,45.13,44.96,45.14,36.0,330.0,3.7,0.0,0.0,0.0
7.64,352.0,23.95,23.97,23.96,10.5,10.6,10.9,7.41,8.8,0.21,0.16,203.7,12.2,263.0,1.0,3.0,397.0,700.0,62.0,1.0,58.0,7.4,10.5,81.0,30.3,30.7,0.0,2.9,66.1,0.0,7.24,6.5,16.1,15.8,16.5,15.6,17.4,16.3,16.2,16.3,41.1,40.7,21.0,30.0,15.6,19.9,33.0,30.0,25.0,0.0,0.0,0.0,6.0,6.0,4.0,0.0,20.0,20.0,19.0,31.0,29.0,31.0,30.0,30.0,33.0,45.13,44.96,45.14,37.0,330.0,3.6,0.0,0.0,0.0
7.42,352.0,23.95,23.97,23.96,10.5,10.6,10.8,7.21,5.2,-0.02,0.11,203.5,8.8,264.0,1.0,3.0,394.0,700.0,62.0,2.0,66.0,7.1,11.6,84.0,27.9,29.0,0.0,2.8,66.1,0.0,7.24,6.5,16.3,15.8,16.6,15.6,17.4,16.5,16.4,16.4,41.2,40.8,21.0,30.0,15.6,19.9,31.0,28.0,25.0,0.0,0.0,0.0,6.0,6.0,4.0,0.0,20.0,20.0,19.0,31.0,29.0,31.0,30.0,30.0,34.0,45.14,44.96,45.14,37.0,340.0,3.6,0.0,0.0,0.0
7.26,352.0,23.95,23.97,23.96,10.5,10.6,10.6,7.06,2.8,0.04,0.24,203.7,11.6,263.0,1.0,3.0,396.0,699.0,61.0,1.0,64.0,7.1,10.8,84.0,28.8,29.3,0.0,2.9,66.1,0.0,7.24,6.5,16.2,15.8,16.6,15.6,17.4,16.4,16.4,16.4,41.2,40.8,21.0,30.0,15.6,19.9,32.0,29.0,25.0,0.0,0.0,0.0,6.0,6.0,4.0,0.0,20.0,20.0,19.0,31.0,29.0,30.0,30.0,30.0,34.0,45.13,44.96,45.14,36.0,340.0,3.7,0.0,0.0,0.0
7.4,352.0,23.95,23.97,23.96,10.7,10.5,10.4,7.18,0.2,0.2,0.03,203.3,10.7,267.0,1.0,3.0,397.0,700.0,61.0,0.0,64.0,7.2,11.2,84.0,33.2,32.9,0.0,3.0,66.1,0.0,7.24,6.5,16.3,15.8,16.6,15.6,17.4,16.3,16.4,16.3,41.3,40.8,21.0,30.0,15.8,19.9,35.0,32.0,25.0,0.0,0.0,0.0,6.0,6.0,4.0,0.0,20.0,20.0,19.0,31.0,29.0,31.0,30.0,30.0,33.0,45.13,44.96,45.14,37.0,330.0,3.6,0.0,0.0,0.0
7.63,352.0,23.95,23.97,23.96,10.5,10.6,10.7,7.45,-2.8,-0.05,0.17,203.7,13.2,267.0,1.0,3.0,398.0,700.0,63.0,1.0,66.0,7.4,11.1,80.0,31.3,31.1,0.0,3.0,66.1,0.0,7.24,6.5,16.1,15.7,16.5,15.6,17.3,16.2,16.3,16.4,41.1,40.6,21.0,30.0,15.6,19.8,34.0,31.0,25.0,0.0,0.0,0.0,6.0,6.0,4.0,0.0,20.0,20.0,19.0,31.0,29.0,30.0,30.0,30.0,32.0,45.13,44.96,45.14,36.0,320.0,3.6,0.0,0.0,0.0
7.69,352.0,23.95,23.97,23.96,10.7,10.5,10.4,7.46,4.4,0.06,0.21,203.4,11.7,265.0,1.0,3.0,396.0,700.0,62.0,1.0,66.0,7.5,10.9,81.0,30.8,31.2,0.0,3.0,66.1,0.0,7.24,6.5,16.1,15.8,16.5,15.5,17.3,16.4,16.3,16.4,41.1,40.7,21.0,30.0,15.6,19.8,33.0,30.0,25.0,0.0,0.0,0.0,6.0,6.0,4.0,0.0,20.0,20.0,19.0,31.0,29.0,30.0,30.0,30.0,32.0,45.13,44.96,45.14,37.0,320.0,3.6,0.0,0.0,0.0
7.7,352.0,23.95,23.97,23.96,10.5,10.5,11.0,7.52,7.4,0.13,0.04,203.7,11.6,266.0,1.0,3.0,397.0,700.0,62.0,1.0,62.0,7.6,10.8,80.0,30.7,30.2,0.0,2.9,66.1,0.0,7.24,6.5,16.1,15.8,16.5,15.6,17.4,16.3,16.3,16.4,41.1,40.7,21.0,30.0,15.6,19.9,33.0,30.0,25.0,0.0,0.0,0.0,6.0,6.0,4.0,0.0,20.0,20.0,19.0,31.0,29.0,30.0,30.0,30.0,33.0,45.13,44.96,45.14,37.0,330.0,3.6,0.0,0.0,0.0
7.73,352.0,23.95,23.97,23.96,10.5,10.6,10.5,7.54,3.1,0.19,0.16,203.7,8.2,266.0,1.0,3.0,393.0,700.0,62.0,1.0,57.0,7.5,10.9,79.0,32.0,31.9,0.0,3.0,66.1,0.0,7.24,6.5,16.1,15.6,16.5,15.5,17.3,16.2,16.3,16.3,41.1,40.6,21.0,30.0,15.6,19.8,34.0,31.0,25.0,0.0,0.0,0.0,6.0,6.0,4.0,0.0,20.0,20.0,19.0,31.0,29.0,30.0,30.0,30.0,33.0,45.13,44.96,45.14,36.0,330.0,3.7,0.0,0.0,0.0
7.32,352.0,23.95,23.97,23.96,10.5,10.6,10.8,7.14,3.6,-0.03,0.17,203.7,11.9,266.0,1.0,3.0,395.0,700.0,59.0,0.0,62.0,7.2,11.4,84.0,32.8,32.9,0.0,2.9,66.1,0.0,7.24,6.5,16.3,15.8,16.6,15.6,17.4,16.5,16.4,16.4,41.3,40.9,21.0,30.0,15.8,19.9,35.0,32.0,25.0,0.0,0.0,0.0,6.0,6.0,4.0,0.0,20.0,20.0,19.0,31.0,29.0,31.0,30.0,30.0,34.0,45.14,44.96,45.14,36.0,340.0,3.5,0.0,0.0,0.0
7.33,352.0,23.95,23.97,23.96,10.5,10.6,10.4,7.16,8.4,0.11,0.03,203.8,12.1,261.0,1.0,3.0,393.0,700.0,61.0,1.0,68.0,7.1,11.1,83.0,28.6,28.3,0.0,2.9,66.1,0.0,7.24,6.5,16.2,15.8,16.6,15.6,17.4,16.4,16.4,16.4,41.2,40.7,21.0,30.0,15.6,19.9,31.0,28.0,25.0,0.0,0.0,0.0,6.0,6.0,4.0,0.0,20.0,20.0,19.0,31.0,29.0,31.0,30.0,30.0,33.0,45.13,44.96,45.13,37.0,330.0,3.6,0.0,0.0,0.0
7.75,352.0,23.95,23.97,23.96,10.5,10.8,10.4,7.61,9.0,0.12,0.01,203.3,12.3,264.0,1.0,3.0,395.0,700.0,61.0,1.0,64.0,7.5,10.9,80.0,32.3,32.1,0.0,3.0,66.1,0.0,7.24,6.5,16.1,15.6,16.5,15.5,17.3,16.3,16.3,16.4,41.1,40.7,21.0,30.0,15.6,19.8,34.0,31.0,25.0,0.0,0.0,0.0,6.0,6.0,4.0,0.0,20.0,20.0,19.0,31.0,29.0,30.0,30.0,30.0,33.0,45.13,44.96,45.14,37.0,330.0,3.7,0.0,0.0,0.0
7.72,352.0,23.95,23.97,23.96,10.6,10.6,10.9,7.54,-10.8,0.16,0.12,203.6,9.5,267.0,1.0,3.0,393.0,700.0,60.0,2.0,56.0,7.5,11.1,80.0,30.5,30.7,0.0,2.9,66.1,0.0,7.24,6.5,16.1,15.8,16.5,15.6,17.4,16.3,16.3,16.3,41.1,40.7,21.0,30.0,15.6,19.9,33.0,30.0,25.0,0.0,0.0,0.0,6.0,6.0,4.0,0.0,20.0,20.0,19.0,31.0,29.0,30.0,30.0,30.0,33.0,45.13,44.96,45.14,36.0,330.0,3.6,0.0,0.0,0.0
7.43,352.0,23.95,23.97,23.96,10.5,10.5,11.0,7.19,9.5,0.06,-0.02,203.7,11.9,261.0,1.0,3.0,395.0,700.0,62.0,0.0,57.0,7.2,11.2,83.0,29.3,29.6,0.0,2.9,66.1,0.0,7.24,6.5,16.1,15.8,16.6,15.6,17.4,16.4,16.4,16.4,41.2,40.7,21.0,30.0,15.6,19.9,32.0,29.0,25.0,0.0,0.0,0.0,6.0,6.0,4.0,0.0,20.0,20.0,19.0,31.0,29.0,31.0,30.0,30.0,33.0,45.13,44.96,45.14,36.0,330.0,3.7,0.0,0.0,0.0
7.52,352.0,23.95,23.97,23.96,10.7,10.4,10.4,7.25,5.1,0.1,-0.08,203.4,11.1,263.0,1.0,3.0,394.0,700.0,61.0,0.0,59.0,7.2,10.6,82.0,28.5,30.3,0.0,2.8,66.1,0.0,7.24,6.5,16.2,15.8,16.6,15.7,17.4,16.1,16.3,16.3,41.2,40.8,21.0,30.0,15.6,19.9,32.0,29.0,25.0,0.0,0.0,0.0,6.0,6.0,4.0,0.0,20.0,20.0,19.0,31.0,29.0,30.0,30.0,30.0,33.0,45.13,44.96,45.14,36.0,330.0,3.7,0.0,0.0,0.0
7.53,352.0,23.95,23.97,23.96,10.6,10.5,10.4,7.37,2.1,0.04,0.08,203.7,12.1,265.0,1.0,3.0,390.0,700.0,61.0,2.0,67.0,7.5,11.1,82.0,27.8,28.1,0.0,2.9,66.1,0.0,7.24,6.5,16.3,15.8,16.6,15.6,17.4,16.5,16.4,16.3,41.2,40.7,21.0,30.0,15.6,19.9,31.0,28.0,25.0,0.0,0.0,0.0,6.0,6.0,4.0,0.0,20.0,20.0,19.0,31.0,29.0,31.0,30.0,30.0,33.0,45.13,44.96,45.14,36.0,330.0,3.7,0.0,0.0,0.0
7.47,352.0,23.95,23.97,23.96,10.7,10.5,10.4,7.26,13.4,0.09,0.14,203.5,11.7,264.0,1.0,3.0,397.0,700.0,59.0,2.0,65.0,7.3,11.2,83.0,31.3,33.0,0.0,2.9,66.1,0.0,7.24,6.5,16.3,15.8,16.6,15.7,17.4,16.3,16.4,16.4,41.2,40.8,21.0,30.0,15.7,19.9,34.0,31.0,25.0,0.0,0.0,0.0,6.0,6.0,4.0,0.0,20.0,20.0,19.0,31.0,29.0,31.0,30.0,30.0,34.0,45.13,44.96,45.14,36.0,340.0,3.6,0.0,0.0,0.0
7.33,352.0,23.95,23.97,23.96,10.6,10.5,10.4,7.1,4.1,0.0,0.27,203.9,11.8,264.0,1.0,3.0,393.0,700.0,62.0,1.0,63.0,7.0,10.7,84.0,28.4,29.5,0.0,2.8,66.1,0.0,7.24,6.5,16.3,15.8,16.6,15.6,17.4,16.4,16.4,16.4,41.2,40.8,21.0,30.0,15.6,19.9,31.0,28.0,25.0,0.0,0.0,0.0,6.0,6.0,4.0,0.0,20.0,20.0,19.0,31.0,29.0,30.0,30.0,30.0,34.0,45.13,44.96,45.14,37.0,340.0,3.6,0.0,0.0,0.0
7.53,352.0,23.95,23.97,23.96,10.5,10.6,10.8,7.38,8.8,0.12,0.14,203.7,9.5,263.0,1.0,3.0,395.0,700.0,62.0,1.0,63.0,7.5,11.0,82.0,28.3,28.0,0.0,2.9,66.1,0.0,7.24,6.5,16.3,15.8,16.6,15.6,17.4,16.5,16.3,16.4,41.2,40.7,21.0,30.0,15.6,19.9,31.0,28.0,25.0,0.0,0.0,0.0,6.0,6.0,4.0,0.0,20.0,20.0,19.0,31.0,29.0,31.0,30.0,30.0,34.0,45.13,44.96,45.14,37.0,340.0,3.6,0.0,0.0,0.0
7.58,352.0,23.95,23.97,23.96,10.8,10.5,10.5,7.43,3.5,0.3,0.1,203.7,7.9,265.0,1.0,3.0,395.0,700.0,62.0,0.0,60.0,7.4,11.1,81.0,30.5,30.0,0.0,2.9,66.1,0.0,7.24,6.5,16.1,15.8,16.5,15.5,17.4,16.6,16.4,16.4,41.2,40.7,21.0,30.0,15.6,19.9,33.0,30.0,25.0,0.0,0.0,0.0,6.0,6.0,4.0,0.0,20.0,20.0,19.0,31.0,29.0,31.0,30.0,30.0,33.0,45.13,44.96,45.14,37.0,330.0,3.7,0.0,0.0,0.0
7.62,352.0,23.95,23.97,23.96,10.8,10.5,10.4,7.5,4.2,0.13,0.17,203.4,10.4,265.0,1.0,3.0,398.0,700.0,62.0,0.0,60.0,7.7,10.4,80.0,31.1,30.7,0.0,2.9,66.1,0.0,7.24,6.5,16.1,15.7,16.5,15.5,17.3,16.3,16.3,16.4,41.1,40.6,21.0,30.0,15.6,19.8,33.0,30.0,25.0,0.0,0.0,0.0,6.0,6.0,4.0,0.0,20.0,20.0,19.0,31.0,29.0,31.0,30.0,30.0,33.0,45.13,44.96,45.14,37.0,330.0,3.6,0.0,0.0,0.0
7.52,352.0,23.95,23.97,23.96,10.8,10.4,10.4,7.29,-1.3,0.07,0.03,203.5,9.1,267.0,1.0,3.0,392.0,700.0,62.0,-1.0,69.0,7.4,11.2,82.0,33.1,32.8,0.1,3.0,66.1,0.0,7.24,6.5,16.3,15.8,16.6,15.7,17.4,16.5,16.3,16.5,41.3,40.8,21.0,30.0,15.8,19.9,35.0,32.0,25.0,0.0,0.0,0.0,6.0,6.0,4.0,0.0,20.0,20.0,19.0,31.0,29.0,31.0,30.0,30.0,34.0,45.13,44.96,45.14,36.0,340.0,3.7,0.0,0.0,0.0
7.27,352.0,23.95,23.97,23.96,10.6,10.5,10.4,7.13,5.2,0.03,-0.01,203.8,11.7,262.0,1.0,3.0,397.0,700.0,60.0,0.0,60.0,7.0,11.1,84.0,28.6,29.1,0.0,2.9,66.1,0.0,7.24,6.5,16.1,15.8,16.6,15.6,17.4,16.2,16.4,16.3,41.2,40.7,21.0,30.0,15.6,19.9,31.0,29.0,25.0,0.0,0.0,0.0,6.0,6.0,4.0,0.0,20.0,20.0,19.0,31.0,29.0,31.0,30.0,30.0,33.0,45.13,44.96,45.14,37.0,330.0,3.6,0.0,0.0,0.0
7.47,352.0,23.95,23.97,23.96,10.5,10.6,10.9,7.29,3.2,0.09,0.06,203.7,8.0,267.0,1.0,3.0,394.0,700.0,59.0,0.0,57.0,7.3,10.5,82.0,33.3,32.9,0.1,3.1,66.1,0.0,7.24,6.5,16.3,15.8,16.6,15.6,17.4,16.4,16.4,16.3,41.3,40.9,21.0,30.0,15.8,19.9,35.0,32.0,25.0,0.0,0.0,0.0,6.0,6.0,4.0,0.0,20.0,20.0,19.0,31.0,29.0,31.0,30.0,30.0,33.0,45.13,44.96,45.14,37.0,330.0,3.6,0.0,0.0,0.0
7.42,352.0,23.95,23.97,23.96,10.6,10.5,10.4,7.28,0.6,-0.07,0.07,203.9,11.4,264.0,1.0,3.0,393.0,701.0,60.0,0.0,61.0,7.2,10.7,82.0,29.7,29.4,0.0,2.9,66.1,0.0,7.24,6.5,16.1,15.8,16.5,15.6,17.4,16.4,16.3,16.3,41.2,40.8,21.0,30.0,15.6,19.9,32.0,29.0,25.0,0.0,0.0,0.0,6.0,6.0,4.0,0.0,20.0,20.0,19.0,31.0,29.0,31.0,30.0,30.0,33.0,45.13,44.96,45.14,37.0,330.0,3.6,0.0,0.0,0.0
7.63,352.0,23.95,23.97,23.96,10.5,10.6,10.9,7.45,8.8,0.09,-0.01,203.6,10.5,263.0,1.0,3.0,395.0,700.0,62.0,1.0,59.0,7.4,11.2,81.0,30.5,30.3,0.0,2.9,66.1,0.0,7.24,6.5,16.1,15.8,16.5,15.6,17.4,16.3,16.2,16.3,41.1,40.7,21.0,30.0,15.6,19.9,33.0,30.0,25.0,0.0,0.0,0.0,6.0,6.0,4.0,0.0,20.0,20.0,19.0,31.0,29.0,31.0,30.0,30.0,33.0,45.13,44.96,45.14,37.0,330.0,3.6,0.0,0.0,0.0
7.92,352.0,23.95,23.97,23.96,10.6,10.7,10.4,7.7,2.3,0.05,-0.02,203.3,12.8,265.0,1.0,3.0,395.0,700.0,60.0,2.0,65.0,7.6,10.0,78.0,32.2,32.1,0.0,3.0,66.1,0.0,7.24,6.5,16.1,15.6,16.5,15.5,17.3,16.1,16.3,16.3,41.1,40.6,21.0,30.0,15.6,19.8,34.0,31.0,25.0,0.0,0.0,0.0,6.0,6.0,4.0,0.0,20.0,20.0,19.0,31.0,29.0,30.0,30.0,30.0,34.0,45.13,44.96,45.14,36.0,340.0,3.6,0.0,0.0,0.0
7.53,352.0,23.95,23.97,23.96,10.5,10.7,10.4,7.35,3.2,0.25,0.0,203.7,10.6,265.0,1.0,3.0,394.0,699.0,62.0,-1.0,70.0,7.4,10.8,82.0,27.4,28.9,0.0,2.9,66.1,0.0,7.24,6.5,16.3,15.8,16.6,15.6,17.4,16.4,16.4,16.3,41.2,40.8,21.0,30.0,15.6,19.9,31.0,28.0,25.0,0.0,0.0,0.0,6.0,6.0,4.0,0.0,20.0,20.0,19.0,31.0,29.0,30.0,30.0,30.0,32.0,45.13,44.96,45.14,37.0,320.0,3.6,0.0,0.0,0.0
7.42,352.0,23.95,23.97,23.96,10.6,10.6,10.7,7.23,-4.5,0.03,0.16,203.7,11.6,266.0,1.0,3.0,396.0,700.0,63.0,1.0,60.0,7.1,11.3,83.0,32.8,32.6,0.1,3.0,66.1,0.0,7.24,6.5,16.3,15.8,16.6,15.6,17.4,16.6,16.4,16.5,41.3,40.8,21.0,30.0,15.8,19.9,35.0,32.0,25.0,0.0,0.0,0.0,6.0,6.0,4.0,0.0,20.0,20.0,19.0,31.0,29.0,31.0,30.0,30.0,33.0,45.13,44.96,45.14,37.0,330.0,3.6,0.0,0.0,0.0
7.74,352.0,23.95,23.97,23.96,10.8,10.4,10.4,7.57,8.3,0.28,0.06,203.6,8.3,263.0,1.0,3.0,399.0,700.0,62.0,-1.0,64.0,7.5,11.0,80.0,32.3,31.9,0.0,3.0,66.1,0.0,7.24,6.5,16.1,15.6,16.5,15.5,17.3,16.2,16.2,16.3,41.1,40.6,21.0,30.0,15.6,19.8,34.0,31.0,25.0,0.0,0.0,0.0,6.0,6.0,4.0,0.0,20.0,20.0,19.0,31.0,29.0,31.0,30.0,30.0,34.0,45.13,44.96,45.14,36.0,340.0,3.5,0.0,0.0,0.0
7.42,352.0,23.95,23.97,23.96,10.5,10.7,10.4,7.29,6.8,0.12,0.01,203.5,10.3,263.0,1.0,3.0,396.0,700.0,62.0,1.0,74.0,7.2,11.4,83.0,30.2,30.5,0.0,2.9,66.1,0.0,7.24,6.5,16.1,15.8,16.5,15.6,17.4,16.5,16.2,16.3,41.2,40.7,21.0,30.0,15.6,19.9,33.0,30.0,25.0,0.0,0.0,0.0,6.0,6.0,4.0,0.0,20.0,20.0,19.0,31.0,29.0,30.0,30.0,30.0,33.0,45.13,44.96,45.14,36.0,330.0,3.6,0.0,0.0,0.0
7.64,352.0,23.95,23.97,23.96,10.5,10.6,10.5,7.45,4.0,0.14,0.03,203.3,9.3,265.0,1.0,3.0,395.0,700.0,61.0,1.0,62.0,7.4,11.0,80.0,31.0,31.0,0.0,2.9,66.1,0.0,7.24,6.5,16.1,15.7,16.5,15.6,17.3,16.1,16.3,16.3,41.1,40.7,21.0,30.0,15.6,19.9,33.0,30.0,25.0,0.0,0.0,0.0,6.0,6.0,4.0,0.0,20.0,20.0,19.0,31.0,29.0,30.0,30.0,30.0,33.0,45.13,44.96,45.14,37.0,330.0,3.6,0.0,0.0,0.0
7.73,352.0,23.95,23.97,23.96,10.5,10.6,10.5,7.59,2.4,0.12,0.06,203.6,7.7,266.0,1.0,3.0,397.0,700.0,60.0,2.0,63.0,7.5,10.4,79.0,31.4,31.5,0.0,3.0,66.1,0.0,7.24,6.5,16.1,15.7,16.5,15.5,17.3,16.4,16.2,16.3,41.1,40.6,21.0,30.0,15.6,19.8,34.0,31.0,25.0,0.0,0.0,0.0,6.0,6.0,4.0,0.0,20.0,20.0,19.0,31.0,29.0,30.0,30.0,30.0,33.0,45.13,44.96,45.14,36.0,330.0,3.6,0.0,0.0,0.0
7.52,352.0,23.95,23.97,23.96,10.5,10.6,10.9,7.32,3.2,-0.05,0.15,203.7,12.3,264.0,1.0,3.0,393.0,700.0,59.0,0.0,59.0,7.5,11.1,82.0,27.3,28.1,0.0,2.9,66.1,0.0,7.24,6.5,16.2,15.8,16.6,15.6,17.4,16.3,16.4,16.3,41.2,40.8,19.0,30.0,15.6,19.9,31.0,28.0,25.0,0.0,0.0,0.0,6.0,6.0,4.0,0.0,20.0,20.0,19.0,31.0,29.0,31.0,30.0,30.0,33.0,45.13,44.96,45.14,36.0,330.0,3.5,0.0,0.0,0.0
7.47,352.0,23.95,23.97,23.96,10.5,10.6,10.4,7.35,4.9,0.22,0.03,203.7,10.1,265.0,1.0,3.0,393.0,700.0,62.0,1.0,60.0,7.3,10.5,81.0,32.9,32.5,0.1,3.0,66.1,0.0,7.24,6.5,16.3,15.8,16.6,15.7,17.4,16.3,16.4,16.4,41.3,40.8,21.0,30.0,15.8,19.9,35.0,32.0,25.0,0.0,0.0,0.0,6.0,6.0,4.0,0.0,20.0,20.0,19.0,31.0,29.0,31.0,30.0,30.0,34.0,45.13,44.96,45.14,36.0,350.0,3.7,0.0,0.0,0.0
7.74,352.0,23.95,23.97,23.96,10.5,10.6,10.8,7.47,7.9,0.06,0.16,203.5,12.1,265.0,1.0,3.0,395.0,700.0,62.0,1.0,64.0,7.5,10.7,80.0,32.1,31.6,0.0,3.0,66.1,0.0,7.24,6.5,16.1,15.7,16.5,15.4,17.3,16.5,16.3,16.4,41.1,40.7,21.0,30.0,15.6,19.8,34.0,31.0,25.0,0.0,0.0,0.0,6.0,6.0,4.0,0.0,20.0,20.0,19.0,31.0,29.0,30.0,30.0,30.0,34.0,45.13,44.96,45.14,37.0,340.0,3.6,0.0,0.0,0.0
7.39,352.0,23.95,23.97,23.96,10.8,10.5,10.4,7.23,3.8,0.26,0.02,203.6,11.1,266.0,1.0,3.0,394.0,700.0,62.0,0.0,61.0,7.3,10.9,83.0,33.0,33.3,0.1,3.0,66.1,0.0,7.24,6.5,16.3,15.8,16.6,15.7,17.4,16.3,16.4,16.3,41.3,40.9,21.0,30.0,15.8,19.9,35.0,32.0,25.0,0.0,0.0,0.0,6.0,6.0,4.0,0.0,20.0,20.0,19.0,31.0,29.0,31.0,30.0,30.0,34.0,45.13,44.96,45.14,36.0,340.0,3.7,0.0,0.0,0.0
7.64,352.0,23.95,23.97,23.96,10.5,10.5,11.0,7.43,3.6,0.02,0.15,203.8,12.6,266.0,1.0,3.0,393.0,700.0,61.0,1.0,58.0,7.4,10.9,80.0,30.9,31.4,0.0,3.0,66.1,0.0,7.24,6.5,16.1,15.7,16.5,15.5,17.3,16.3,16.3,16.4,41.1,40.7,21.0,30.0,15.6,19.8,33.0,31.0,25.0,0.0,0.0,0.0,6.0,6.0,4.0,0.0,20.0,20.0,19.0,31.0,29.0,31.0,30.0,30.0,33.0,45.13,44.96,45.14,37.0,330.0,3.7,0.0,0.0,0.0
7.32,352.0,23.95,23.97,23.96,10.6,10.7,10.4,7.1,3.0,0.0,0.02,203.6,12.4,262.0,1.0,3.0,397.0,700.0,61.0,1.0,61.0,7.2,10.8,84.0,29.3,28.8,0.0,2.9,66.1,0.0,7.24,6.5,16.2,15.8,16.6,15.6,17.4,16.2,16.3,16.3,41.2,40.8,20.0,30.0,15.6,19.9,31.0,28.0,25.0,0.0,0.0,0.0,6.0,6.0,4.0,0.0,20.0,20.0,19.0,31.0,29.0,30.0,30.0,30.0,32.0,45.13,44.96,45.14,37.0,320.0,3.7,0.0,0.0,0.0
7.81,352.0,23.95,23.97,23.96,10.8,10.4,10.4,7.69,-3.1,0.02,0.09,203.5,12.0,265.0,1.0,3.0,396.0,700.0,63.0,1.0,59.0,7.5,10.4,78.0,32.2,32.0,0.0,3.0,66.1,0.0,7.24,6.5,16.1,15.6,16.5,15.5,17.3,16.2,16.2,16.3,41.1,40.6,21.0,30.0,15.6,19.8,34.0,31.0,25.0,0.0,0.0,0.0,6.0,6.0,4.0,0.0,20.0,20.0,19.0,31.0,29.0,31.0,30.0,30.0,33.0,45.13,44.96,45.14,36.0,330.0,3.7,0.0,0.0,0.0
7.3,352.0,23.95,23.97,23.96,10.5,10.6,10.8,7.13,5.3,0.2,0.17,203.9,10.0,262.0,1.0,3.0,395.0,700.0,62.0,0.0,63.0,7.1,11.6,84.0,29.1,28.8,0.0,2.9,66.1,0.0,7.24,6.5,16.2,15.8,16.6,15.6,17.4,16.3,16.3,16.3,41.2,40.7,21.0,30.0,15.6,19.9,31.0,28.0,25.0,0.0,0.0,0.0,6.0,6.0,4.0,0.0,20.0,20.0,19.0,31.0,29.0,30.0,30.0,30.0,34.0,45.13,44.96,45.14,36.0,340.0,3.7,0.0,0.0,0.0
7.31,352.0,23.95,23.97,23.96,10.5,10.7,10.4,7.11,5.7,0.1,-0.04,203.7,11.5,262.0,1.0,3.0,394.0,700.0,61.0,1.0,61.0,7.0,11.6,84.0,28.7,28.9,0.0,2.9,66.1,0.0,7.24,6.5,16.1,15.8,16.6,15.6,17.4,16.3,16.4,16.3,41.2,40.8,21.0,30.0,15.6,19.9,31.0,29.0,25.0,0.0,0.0,0.0,6.0,6.0,4.0,0.0,20.0,20.0,19.0,31.0,29.0,31.0,30.0,30.0,33.0,45.13,44.96,45.14,37.0,330.0,3.6,0.0,0.0,0.0
7.58,352.0,23.95,23.97,23.96,10.8,10.5,10.4,7.37,-2.8,0.05,-0.02,203.5,11.4,265.0,1.0,3.0,398.0,700.0,63.0,0.0,58.0,7.4,11.4,82.0,30.2,30.2,0.0,2.9,66.1,0.0,7.24,6.5,16.1,15.8,16.5,15.6,17.4,16.3,16.3,16.3,41.2,40.7,21.0,30.0,15.6,19.9,33.0,30.0,25.0,0.0,0.0,0.0,6.0,6.0,4.0,0.0,20.0,20.0,19.0,31.0,29.0,30.0,30.0,30.0,33.0,45.13,44.96,45.14,36.0,330.0,3.6,0.0,0.0,0.0
7.43,352.0,23.95,23.97,23.96,10.7,10.6,10.4,7.32,3.8,0.0,0.16,203.7,10.1,264.0,1.0,3.0,388.0,701.0,60.0,1.0,65.0,7.3,11.2,82.0,27.9,28.0,0.0,2.8,66.1,0.0,7.24,6.5,16.2,15.8,16.6,15.6,17.4,16.4,16.4,16.3,41.2,40.8,21.0,30.0,15.6,19.9,31.0,28.0,25.0,0.0,0.0,0.0,6.0,6.0,4.0,0.0,20.0,20.0,19.0,31.0,29.0,31.0,30.0,30.0,33.0,45.13,44.96,45.14,36.0,330.0,3.7,0.0,0.0,0.0
7.75,352.0,23.95,23.97,23.96,10.6,10.7,10.4,7.63,8.3,0.08,0.19,203.5,12.6,263.0,1.0,3.0,396.0,701.0,62.0,0.0,62.0,7.5,10.5,80.0,31.8,32.1,0.0,3.0,66.1,0.0,7.24,6.5,16.1,15.6,16.5,15.5,17.3,16.2,16.2,16.3,41.1,40.6,21.0,30.0,15.6,19.8,34.0,31.0,25.0,0.0,0.0,0.0,6.0,6.0,4.0,0.0,20.0,20.0,19.0,31.0,29.0,31.0,30.0,30.0,34.0,45.13,44.96,45.14,36.0,340.0,3.5,0.0,0.0,0.0
7.53,352.0,23.95,23.97,23.96,10.5,10.5,11.0,7.3,3.0,0.07,0.26,203.7,11.6,265.0,1.0,3.0,398.0,699.0,61.0,1.0,63.0,7.3,10.7,82.0,27.4,28.8,0.0,2.8,66.1,0.0,7.24,6.5,16.2,15.8,16.6,15.6,17.4,16.3,16.4,16.4,41.2,40.8,21.0,30.0,15.6,19.9,31.0,28.0,25.0,0.0,0.0,0.0,6.0,6.0,4.0,0.0,20.0,20.0,19.0,31.0,29.0,30.0,30.0,30.0,33.0,45.13,44.96,45.14,37.0,330.0,3.6,0.0,0.0,0.0
7.68,352.0,23.95,23.97,23.96,10.6,10.5,10.4,7.45,11.8,-0.02,0.2,203.4,12.8,263.0,1.0,3.0,393.0,700.0,60.0,2.0,61.0,7.5,11.0,81.0,30.7,32.0,0.0,2.9,66.1,0.0,7.24,6.5,16.3,15.8,16.6,15.6,17.4,16.5,16.4,16.4,41.2,40.8,21.0,30.0,15.6,19.9,33.0,30.0,25.0,0.0,0.0,0.0,6.0,6.0,4.0,0.0,20.0,20.0,19.0,31.0,29.0,31.0,30.0,30.0,33.0,45.13,44.96,45.14,37.0,330.0,3.7,0.0,0.0,0.0
7.37,352.0,23.95,23.97,23.96,10.5,10.6,10.8,7.23,1.3,0.08,0.15,203.7,11.1,267.0,1.0,3.0,393.0,700.0,62.0,0.0,56.0,7.1,10.7,83.0,33.2,33.0,0.1,3.1,66.1,0.0,7.24,6.5,16.3,15.8,16.6,15.7,17.4,16.4,16.3,16.4,41.3,40.9,21.0,30.0,15.8,19.9,35.0,32.0,25.0,0.0,0.0,0.0,6.0,6.0,4.0,0.0,20.0,20.0,19.0,31.0,29.0,30.0,30.0,30.0,33.0,45.13,44.96,45.14,37.0,330.0,3.7,0.0,0.0,0.0
7.42,352.0,23.95,23.97,23.96,10.7,10.4,10.4,7.21,9.9,0.14,0.24,203.8,9.1,262.0,1.0,3.0,394.0,700.0,63.0,1.0,62.0,7.1,10.9,84.0,28.5,28.9,0.0,2.9,66.1,0.0,7.24,6.5,16.1,15.8,16.6,15.6,17.4,16.2,16.3,16.3,41.2,40.8,21.0,30.0,15.6,19.9,31.0,29.0,25.0,0.0,0.0,0.0,6.0,6.0,4.0,0.0,20.0,20.0,19.0,31.0,29.0,30.0,30.0,30.0,34.0,45.13,44.96,45.14,36.0,340.0,3.6,0.0,0.0,0.0
7.64,352.0,23.95,23.97,23.96,10.7,10.5,10.4,7.53,6.5,0.02,0.05,203.5,12.3,263.0,1.0,3.0,394.0,700.0,63.0,2.0,65.0,7.4,11.1,80.0,29.7,29.7,0.0,2.9,66.1,0.0,7.24,6.5,16.1,15.8,16.6,15.6,17.4,16.3,16.4,16.3,41.2,40.7,21.0,30.0,15.6,19.9,32.0,29.0,25.0,0.0,0.0,0.0,6.0,6.0,4.0,0.0,20.0,20.0,19.0,31.0,29.0,30.0,30.0,30.0,34.0,45.13,44.96,45.14,37.0,330.0,3.6,0.0,0.0,0.0
7.21,352.0,23.95,23.97,23.96,10.8,10.5,10.4,7.09,8.7,0.08,-0.05,203.5,11.3,262.0,1.0,3.0,391.0,700.0,61.0,1.0,66.0,7.2,10.8,84.0,28.8,29.3,0.0,2.9,66.1,0.0,7.24,6.5,16.2,15.8,16.6,15.6,17.4,16.4,16.4,16.3,41.2,40.7,21.0,30.0,15.6,19.9,32.0,29.0,25.0,0.0,0.0,0.0,6.0,6.0,4.0,0.0,20.0,20.0,19.0,31.0,29.0,30.0,30.0,30.0,34.0,45.13,44.96,45.14,36.0,340.0,3.6,0.0,0.0,0.0
7.77,352.0,23.95,23.97,23.96,10.7,10.5,10.4,7.6,4.2,0.06,0.2,203.4,11.9,266.0,1.0,3.0,397.0,701.0,62.0,0.0,64.0,7.6,10.7,79.0,30.4,30.6,0.0,2.9,66.1,0.0,7.24,6.5,16.1,15.8,16.5,15.6,17.4,16.2,16.3,16.4,41.1,40.7,21.0,30.0,15.6,19.9,33.0,30.0,25.0,0.0,0.0,0.0,6.0,6.0,4.0,0.0,20.0,20.0,19.0,31.0,29.0,31.0,30.0,30.0,33.0,45.13,44.96,45.14,37.0,330.0,3.6,0.0,0.0,0.0
7.53,352.0,23.95,23.97,23.96,10.5,10.6,10.9,7.3,3.7,0.23,0.09,203.7,9.6,264.0,1.0,3.0,395.0,700.0,61.0,0.0,64.0,7.4,10.7,82.0,27.7,28.2,0.0,2.9,66.1,0.0,7.24,6.5,16.2,15.8,16.6,15.6,17.4,16.4,16.4,16.3,41.2,40.8,21.0,30.0,15.6,19.9,31.0,28.0,25.0,0.0,0.0,0.0,6.0,6.0,4.0,0.0,20.0,20.0,19.0,31.0,29.0,31.0,30.0,30.0,33.0,45.13,44.96,45.14,36.0,330.0,3.6,0.0,0.0,0.0
7.22,352.0,23.95,23.97,23.96,10.5,10.6,11.0,7.11,2.2,0.03,-0.02,203.5,11.5,263.0,1.0,3.0,398.0,700.0,62.0,0.0,66.0,7.0,11.4,84.0,28.6,29.1,0.0,2.9,66.1,0.0,7.24,6.5,16.2,15.8,16.6,15.6,17.4,16.3,16.3,16.3,41.2,40.7,21.0,30.0,15.6,19.9,31.0,28.0,25.0,0.0,0.0,0.0,6.0,6.0,4.0,0.0,20.0,20.0,19.0,31.0,29.0,30.0,30.0,30.0,33.0,45.13,44.96,45.14,37.0,330.0,3.7,0.0,0.0,0.0
7.32,352.0,23.95,23.97,23.96,10.8,10.4,10.4,7.18,3.7,0.17,-0.07,203.6,10.7,266.0,1.0,3.0,398.0,699.0,61.0,0.0,65.0,7.3,10.8,83.0,32.6,33.4,0.0,2.9,66.1,0.0,7.24,6.5,16.3,15.8,16.6,15.6,17.4,16.5,16.4,16.4,41.2,40.9,21.0,30.0,15.8,19.9,35.0,32.0,25.0,0.0,0.0,0.0,6.0,6.0,4.0,0.0,20.0,20.0,19.0,31.0,29.0,31.0,30.0,30.0,34.0,45.13,44.96,45.14,37.0,340.0,3.7,0.0,0.0,0.0
7.47,352.0,23.95,23.97,23.96,10.6,10.5,10.4,7.27,9.8,-0.08,0.21,203.7,10.8,264.0,1.0,3.0,391.0,700.0,62.0,2.0,64.0,7.2,11.1,82.0,30.7,32.5,0.0,2.9,66.1,0.0,7.24,6.5,16.3,15.8,16.6,15.7,17.4,16.3,16.4,16.4,41.2,40.9,21.0,30.0,15.7,19.9,34.0,31.0,25.0,0.0,0.0,0.0,6.0,6.0,4.0,0.0,20.0,20.0,19.0,31.0,29.0,31.0,30.0,30.0,34.0,45.14,44.96,45.14,37.0,350.0,3.5,0.0,0.0,0.0
7.36,352.0,23.95,23.97,23.96,10.5,10.6,10.8,7.21,6.8,-0.02,0.19,203.7,10.2,266.0,1.0,3.0,394.0,700.0,62.0,0.0,61.0,7.2,11.0,84.0,33.0,33.1,0.0,2.9,66.1,0.0,7.24,6.5,16.3,15.8,16.6,15.6,17.4,16.4,16.5,16.4,41.3,40.9,21.0,30.0,15.8,19.9,35.0,32.0,25.0,0.0,0.0,0.0,6.0,6.0,4.0,0.0,20.0,20.0,19.0,31.0,29.0,30.0,30.0,30.0,33.0,45.13,44.96,45.14,36.0,320.0,3.6,0.0,0.0,0.0
7.42,352.0,23.95,23.97,23.96,10.6,10.7,10.4,7.16,8.4,-0.09,-0.02,203.6,12.0,262.0,1.0,3.0,395.0,701.0,62.0,0.0,60.0,7.1,11.2,83.0,30.0,30.5,0.0,2.9,66.1,0.0,7.24,6.5,16.1,15.8,16.6,15.6,17.4,16.2,16.4,16.3,41.2,40.7,21.0,30.0,15.6,19.9,32.0,30.0,25.0,0.0,0.0,0.0,6.0,6.0,4.0,0.0,20.0,20.0,19.0,31.0,29.0,30.0,30.0,30.0,34.0,45.13,44.96,45.14,37.0,340.0,3.7,0.0,0.0,0.0
7.74,352.0,23.95,23.97,23.96,10.5,10.6,10.8,7.57,7.0,0.1,0.05,203.5,8.7,266.0,1.0,3.0,396.0,700.0,61.0,0.0,67.0,7.7,10.7,80.0,31.6,31.8,0.0,3.0,66.1,0.0,7.24,6.5,16.1,15.6,16.5,15.5,17.3,16.2,16.2,16.3,41.1,40.6,21.0,30.0,15.6,19.8,34.0,31.0,25.0,0.0,0.0,0.0,6.0,6.0,4.0,0.0,20.0,20.0,19.0,31.0,29.0,31.0,30.0,30.0,33.0,45.13,44.96,45.14,37.0,330.0,3.7,0.0,0.0,0.0
7.86,352.0,23.95,23.97,23.96,10.6,10.6,10.8,7.71,-2.0,0.19,0.16,203.4,11.8,265.0,1.0,3.0,395.0,700.0,61.0,1.0,58.0,7.6,10.7,79.0,32.1,32.4,0.0,3.0,66.1,0.0,7.24,6.5,16.1,15.6,16.5,15.5,17.3,16.2,16.2,16.3,41.1,40.6,21.0,30.0,15.6,19.8,34.0,31.0,25.0,0.0,0.0,0.0,6.0,6.0,4.0,0.0,20.0,20.0,19.0,31.0,29.0,31.0,30.0,30.0,33.0,45.13,44.96,45.14,35.0,330.0,3.7,0.0,0.0,0.0
7.64,352.0,23.95,23.97,23.96,10.5,10.6,10.4,7.44,0.7,0.16,0.09,203.5,9.1,266.0,1.0,3.0,398.0,701.0,64.0,0.0,61.0,7.4,10.6,81.0,31.8,31.6,0.0,3.0,66.1,0.0,7.24,6.5,16.1,15.7,16.5,15.5,17.3,16.3,16.2,16.4,41.1,40.6,21.0,30.0,15.6,19.8,34.0,31.0,25.0,0.0,0.0,0.0,6.0,6.0,4.0,0.0,20.0,20.0,19.0,31.0,29.0,30.0,30.0,30.0,32.0,45.13,44.96,45.14,37.0,320.0,3.6,0.0,0.0,0.0
7.64,352.0,23.95,23.97,23.96,10.5,10.7,10.4,7.45,-0.3,-0.04,0.07,203.4,10.6,266.0,1.0,3.0,396.0,700.0,63.0,-1.0,59.0,7.3,11.2,81.0,32.1,31.8,0.0,3.0,66.1,0.0,7.24,6.5,16.1,15.7,16.5,15.5,17.3,16.3,16.2,16.4,41.1,40.6,21.0,30.0,15.6,19.8,34.0,31.0,25.0,0.0,0.0,0.0,6.0,6.0,4.0,0.0,20.0,20.0,19.0,31.0,29.0,30.0,30.0,30.0,32.0,45.13,44.96,45.14,36.0,320.0,3.6,0.0,0.0,0.0
7.73,352.0,23.95,23.97,23.96,10.8,10.5,10.4,7.57,7.2,0.13,0.03,203.3,10.8,265.0,1.0,3.0,397.0,699.0,62.0,-1.0,62.0,7.7,10.9,80.0,30.5,30.6,0.0,2.9,66.1,0.0,7.24,6.5,16.1,15.8,16.5,15.6,17.4,16.2,16.3,16.4,41.1,40.7,20.0,30.0,15.6,19.9,33.0,30.0,25.0,0.0,0.0,0.0,6.0,6.0,4.0,0.0,20.0,20.0,19.0,31.0,29.0,31.0,30.0,30.0,32.0,45.13,44.96,45.14,37.0,320.0,3.6,0.0,0.0,0.0
7.75,352.0,23.95,23.97,23.96,10.5,10.6,10.8,7.53,5.6,0.1,-0.02,203.6,9.6,265.0,1.0,3.0,396.0,700.0,62.0,0.0,62.0,7.4,10.6,80.0,30.8,30.7,0.0,2.9,66.1,0.0,7.24,6.5,16.1,15.7,16.5,15.6,17.4,16.2,16.3,16.3,41.1,40.7,21.0,30.0,15.6,19.9,33.0,30.0,25.0,0.0,0.0,0.0,6.0,6.0,4.0,0.0,20.0,20.0,19.0,31.0,29.0,30.0,30.0,30.0,33.0,45.14,44.96,45.14,37.0,330.0,3.6,0.0,0.0,0.0
7.52,352.0,23.95,23.97,23.96,10.5,10.6,10.5,7.34,5.7,0.23,0.05,203.7,10.8,265.0,1.0,3.0,397.0,700.0,62.0,0.0,62.0,7.3,11.1,81.0,31.5,32.2,0.0,3.0,66.1,0.0,7.24,6.5,16.1,15.7,16.5,15.4,17.3,16.5,16.3,16.5,41.1,40.7,21.0,30.0,15.6,19.8,34.0,31.0,25.0,0.0,0.0,0.0,6.0,6.0,4.0,0.0,20.0,20.0,19.0,31.0,29.0,31.0,30.0,30.0,33.0,45.13,44.96,45.14,36.0,330.0,3.7,0.0,0.0,0.0
7.42,352.0,23.95,23.97,23.96,10.5,10.6,10.9,7.29,6.7,0.14,0.06,203.8,10.2,262.0,1.0,3.0,395.0,700.0,62.0,1.0,62.0,7.2,11.0,83.0,28.7,28.6,0.0,2.9,66.1,0.0,7.24,6.5,16.2,15.8,16.6,15.6,17.4,16.4,16.3,16.4,41.2,40.8,21.0,30.0,15.6,19.9,31.0,28.0,25.0,0.0,0.0,0.0,6.0,6.0,4.0,0.0,20.0,20.0,19.0,31.0,29.0,30.0,30.0,30.0,34.0,45.13,44.96,45.14,35.0,340.0,3.6,0.0,0.0,0.0
8.03,352.0,23.95,23.97,23.96,10.9,10.5,10.4,7.78,4.1,0.2,0.18,203.8,10.8,265.0,1.0,3.0,397.0,701.0,62.0,0.0,61.0,7.8,10.5,77.0,32.5,31.9,0.0,3.0,66.1,0.0,7.24,6.5,16.1,15.6,16.5,15.5,17.3,16.2,16.3,16.3,41.1,40.7,21.0,30.0,15.6,19.8,34.0,31.0,25.0,0.0,0.0,0.0,6.0,6.0,4.0,0.0,20.0,20.0,19.0,31.0,29.0,30.0,30.0,30.0,33.0,45.13,44.96,45.14,37.0,330.0,3.6,0.0,0.0,0.0
7.42,352.0,23.95,23.97,23.96,10.5,10.6,10.6,7.27,1.8,-0.07,0.25,203.7,11.8,265.0,1.0,3.0,394.0,701.0,62.0,2.0,61.0,7.2,10.9,83.0,27.4,28.9,0.0,2.8,66.1,0.0,7.24,6.5,16.3,15.8,16.6,15.6,17.4,16.4,16.4,16.3,41.2,40.8,21.0,30.0,15.7,19.9,31.0,28.0,25.0,0.0,0.0,0.0,6.0,6.0,4.0,0.0,20.0,20.0,19.0,31.0,29.0,31.0,30.0,30.0,33.0,45.13,44.96,45.14,36.0,330.0,3.7,0.0,0.0,0.0
7.64,352.0,23.95,23.97,23.96,10.6,10.6,10.5,7.49,7.6,0.07,0.11,203.4,13.2,264.0,1.0,3.0,394.0,700.0,62.0,2.0,59.0,7.5,10.8,80.0,31.2,31.2,0.0,3.0,66.1,0.0,7.24,6.5,16.1,15.7,16.5,15.5,17.3,16.4,16.2,16.4,41.1,40.6,21.0,30.0,15.6,19.8,33.0,31.0,25.0,0.0,0.0,0.0,6.0,6.0,4.0,0.0,20.0,20.0,19.0,31.0,29.0,30.0,30.0,30.0,32.0,45.14,44.96,45.14,36.0,320.0,3.6,0.0,0.0,0.0
7.63,352.0,23.95,23.97,23.96,10.5,10.6,10.7,7.48,10.6,0.08,0.06,203.4,12.6,264.0,1.0,3.0,397.0,700.0,61.0,0.0,67.0,7.5,10.8,80.0,31.1,31.3,0.0,2.9,66.1,0.0,7.24,6.5,16.1,15.7,16.5,15.5,17.3,16.4,16.3,16.4,41.1,40.7,21.0,30.0,15.6,19.8,33.0,31.0,25.0,0.0,0.0,0.0,6.0,6.0,4.0,0.0,20.0,20.0,19.0,31.0,29.0,30.0,30.0,30.0,33.0,45.13,44.96,45.14,37.0,330.0,3.6,0.0,0.0,0.0
7.73,352.0,23.95,23.97,23.96,10.5,10.6,11.0,7.54,5.8,0.02,0.08,203.5,13.1,263.0,1.0,3.0,395.0,701.0,62.0,1.0,69.0,7.5,10.4,79.0,29.8,30.3,0.0,2.9,66.1,0.0,7.24,6.5,16.1,15.8,16.6,15.6,17.4,16.3,16.4,16.3,41.2,40.7,21.0,30.0,15.6,19.9,32.0,29.0,25.0,0.0,0.0,0.0,6.0,6.0,4.0,0.0,20.0,20.0,19.0,31.0,29.0,30.0,30.0,30.0,34.0,45.13,44.96,45.14,37.0,340.0,3.7,0.0,0.0,0.0
7.37,352.0,23.95,23.97,23.96,10.5,10.5,10.9,7.16,7.7,-0.04,0.14,203.7,12.0,264.0,1.0,3.0,395.0,701.0,61.0,2.0,62.0,7.1,10.7,83.0,30.1,30.2,0.0,2.9,66.1,0.0,7.24,6.5,16.1,15.8,16.5,15.5,17.4,16.5,16.3,16.4,41.2,40.7,21.0,30.0,15.6,19.9,33.0,30.0,25.0,0.0,0.0,0.0,6.0,6.0,4.0,0.0,20.0,20.0,19.0,31.0,29.0,31.0,30.0,30.0,34.0,45.13,44.96,45.14,37.0,340.0,3.7,0.0,0.0,0.0
7.74,352.0,23.95,23.97,23.96,10.5,10.5,10.8,7.51,2.4,0.03,0.14,203.3,12.7,266.0,1.0,3.0,393.0,700.0,61.0,1.0,65.0,7.7,10.4,80.0,31.6,31.6,0.0,3.0,66.1,0.0,7.24,6.5,16.1,15.6,16.5,15.5,17.3,16.2,16.3,16.3,41.1,40.6,21.0,30.0,15.6,19.8,34.0,31.0,25.0,0.0,0.0,0.0,6.0,6.0,4.0,0.0,20.0,20.0,19.0,31.0,29.0,30.0,30.0,30.0,32.0,45.13,44.96,45.14,35.0,320.0,3.7,0.0,0.0,0.0
7.25,352.0,23.95,23.97,23.96,10.5,10.6,10.5,7.11,8.0,0.16,0.19,203.7,8.2,262.0,1.0,3.0,399.0,700.0,60.0,2.0,63.0,7.1,11.3,84.0,29.6,29.1,0.0,2.9,66.1,0.0,7.24,6.5,16.2,15.8,16.5,15.6,17.4,16.4,16.3,16.3,41.2,40.8,21.0,30.0,15.6,19.9,32.0,29.0,25.0,0.0,0.0,0.0,6.0,6.0,4.0,0.0,20.0,20.0,19.0,31.0,29.0,30.0,30.0,30.0,33.0,45.13,44.96,45.14,37.0,330.0,3.6,0.0,0.0,0.0
7.74,352.0,23.95,23.97,23.96,10.5,10.6,10.5,7.61,2.4,0.02,0.04,203.5,8.7,266.0,1.0,3.0,397.0,700.0,61.0,0.0,61.0,7.6,10.3,79.0,32.4,31.9,0.0,3.0,66.1,0.0,7.24,6.5,16.1,15.6,16.5,15.5,17.3,16.2,16.2,16.4,41.1,40.6,21.0,30.0,15.6,19.8,34.0,31.0,25.0,0.0,0.0,0.0,6.0,6.0,4.0,0.0,20.0,20.0,19.0,31.0,29.0,31.0,30.0,30.0,34.0,45.14,44.96,45.14,37.0,340.0,3.5,0.0,0.0,0.0
7.43,352.0,23.95,23.97,23.96,10.5,10.7,10.4,7.25,6.3,0.25,0.06,203.9,11.8,265.0,1.0,3.0,397.0,699.0,62.0,0.0,59.0,7.1,11.2,82.0,33.1,33.0,0.1,3.0,66.1,0.0,7.24,6.5,16.3,15.8,16.6,15.7,17.4,16.3,16.4,16.4,41.3,40.8,21.0,30.0,15.8,19.9,35.0,32.0,25.0,0.0,0.0,0.0,6.0,6.0,4.0,0.0,20.0,20.0,19.0,31.0,29.0,30.0,30.0,30.0,33.0,45.13,44.96,45.14,37.0,330.0,3.7,0.0,0.0,0.0
7.43,352.0,23.95,23.97,23.96,10.5,10.7,10.4,7.23,3.9,0.19,0.07,203.9,8.9,265.0,1.0,3.0,397.0,700.0,62.0,0.0,60.0,7.3,11.3,83.0,32.7,32.7,0.0,3.0,66.1,0.0,7.24,6.5,16.3,15.8,16.6,15.6,17.4,16.6,16.5,16.5,41.3,40.9,21.0,30.0,15.8,19.9,35.0,32.0,25.0,0.0,0.0,0.0,6.0,6.0,4.0,0.0,20.0,20.0,19.0,31.0,29.0,31.0,30.0,30.0,33.0,45.13,44.96,45.14,37.0,330.0,3.7,0.0,0.0,0.0
7.74,352.0,23.95,23.97,23.96,10.5,10.6,11.0,7.57,2.1,0.15,0.08,203.6,10.5,266.0,1.0,3.0,390.0,700.0,63.0,2.0,68.0,7.5,10.2,80.0,31.9,31.7,0.0,3.0,66.1,0.0,7.24,6.5,16.1,15.6,16.5,15.5,17.3,16.2,16.3,16.3,41.1,40.7,21.0,30.0,15.6,19.8,34.0,31.0,25.0,0.0,0.0,0.0,6.0,6.0,4.0,0.0,20.0,20.0,19.0,31.0,29.0,31.0,30.0,30.0,33.0,45.13,44.96,45.14,37.0,330.0,3.7,0.0,0.0,0.0
7.42,352.0,23.95,23.97,23.96,10.5,10.6,10.7,7.17,10.0,-0.09,0.06,203.6,12.0,262.0,1.0,3.0,394.0,701.0,62.0,2.0,65.0,7.0,11.1,84.0,29.7,29.9,0.0,2.9,66.1,0.0,7.24,6.5,16.1,15.8,16.5,15.6,17.4,16.4,16.3,16.3,41.2,40.8,21.0,30.0,15.6,19.9,32.0,30.0,25.0,0.0,0.0,0.0,6.0,6.0,4.0,0.0,20.0,20.0,19.0,31.0,29.0,31.0,30.0,30.0,33.0,45.13,44.96,45.14,37.0,330.0,3.6,0.0,0.0,0.0
7.81,352.0,23.95,23.97,23.96,10.5,10.6,10.5,7.6,11.0,0.15,0.16,203.5,7.8,265.0,1.0,3.0,394.0,700.0,62.0,2.0,66.0,7.5,10.9,79.0,31.8,31.7,0.0,3.0,66.1,0.0,7.24,6.5,16.1,15.6,16.5,15.5,17.3,16.3,16.2,16.4,41.1,40.6,21.0,30.0,15.6,19.8,34.0,31.0,25.0,0.0,0.0,0.0,6.0,6.0,4.0,0.0,20.0,20.0,19.0,31.0,29.0,31.0,30.0,30.0,33.0,45.13,44.96,45.14,36.0,330.0,3.7,0.0,0.0,0.0
7.53,352.0,23.95,23.97,23.96,10.5,10.7,10.4,7.37,2.1,0.08,0.13,203.6,11.0,265.0,1.0,3.0,395.0,700.0,60.0,2.0,60.0,7.5,11.1,82.0,27.6,28.0,0.0,2.9,66.1,0.0,7.24,6.5,16.3,15.8,16.6,15.6,17.4,16.5,16.4,16.4,41.2,40.7,21.0,30.0,15.6,19.9,31.0,28.0,25.0,0.0,0.0,0.0,6.0,6.0,4.0,0.0,20.0,20.0,19.0,31.0,29.0,31.0,30.0,30.0,33.0,45.13,44.96,45.14,36.0,330.0,3.7,0.0,0.0,0.0
7.42,352.0,23.95,23.97,23.96,10.5,10.6,10.9,7.28,4.4,0.24,0.03,203.7,10.9,265.0,1.0,3.0,396.0,701.0,62.0,1.0,62.0,7.3,11.4,83.0,32.7,33.1,0.1,3.1,66.1,0.0,7.24,6.5,16.3,15.8,16.6,15.7,17.4,16.3,16.4,16.3,41.3,40.8,21.0,30.0,15.8,19.9,35.0,32.0,25.0,0.0,0.0,0.0,6.0,6.0,4.0,0.0,20.0,20.0,19.0,31.0,29.0,30.0,30.0,30.0,33.0,45.13,44.96,45.14,37.0,330.0,3.7,0.0,0.0,0.0
7.68,352.0,23.95,23.97,23.96,10.5,10.6,10.8,7.47,4.6,0.16,-0.04,203.4,10.5,265.0,1.0,3.0,397.0,700.0,61.0,2.0,63.0,7.5,10.6,80.0,30.9,30.9,0.0,3.0,66.1,0.0,7.24,6.5,16.1,15.7,16.5,15.5,17.3,16.3,16.3,16.4,41.1,40.6,21.0,30.0,15.6,19.8,33.0,31.0,25.0,0.0,0.0,0.0,6.0,6.0,4.0,0.0,20.0,20.0,19.0,31.0,29.0,31.0,30.0,30.0,33.0,45.13,44.96,45.14,37.0,330.0,3.7,0.0,0.0,0.0
7.63,352.0,23.95,23.97,23.96,10.5,10.6,10.8,7.42,7.0,0.17,0.06,203.5,9.3,263.0,1.0,3.0,395.0,700.0,62.0,0.0,60.0,7.3,10.9,81.0,30.3,31.5,0.0,2.8,66.1,0.0,7.24,6.5,16.3,15.8,16.6,15.6,17.4,16.5,16.3,16.4,41.2,40.8,21.0,30.0,15.6,19.9,33.0,30.0,25.0,0.0,0.0,0.0,6.0,6.0,4.0,0.0,20.0,20.0,19.0,31.0,29.0,30.0,30.0,30.0,32.0,45.14,44.96,45.14,36.0,320.0,3.6,0.0,0.0,0.0
7.75,352.0,23.95,23.97,23.96,10.6,10.7,10.4,7.47,7.7,0.06,0.24,203.6,12.5,265.0,1.0,3.0,397.0,700.0,62.0,0.0,61.0,7.4,10.9,81.0,31.1,31.3,0.0,3.0,66.1,0.0,7.24,6.5,16.1,15.7,16.5,15.5,17.3,16.3,16.2,16.4,41.1,40.7,21.0,30.0,15.6,19.8,33.0,31.0,25.0,0.0,0.0,0.0,6.0,6.0,4.0,0.0,20.0,20.0,19.0,31.0,29.0,30.0,30.0,30.0,33.0,45.13,44.96,45.14,37.0,330.0,3.6,0.0,0.0,0.0
7.74,352.0,23.95,23.97,23.96,10.5,10.6,10.8,7.54,1.1,0.03,0.09,203.5,8.2,265.0,1.0,3.0,395.0,700.0,61.0,1.0,61.0,7.6,10.7,80.0,30.8,31.7,0.0,3.0,66.1,0.0,7.24,6.5,16.1,15.8,16.5,15.5,17.3,16.4,16.2,16.4,41.1,40.7,21.0,30.0,15.6,19.8,33.0,31.0,25.0,0.0,0.0,0.0,6.0,6.0,4.0,0.0,20.0,20.0,19.0,31.0,29.0,31.0,30.0,30.0,34.0,45.14,44.96,45.14,36.0,340.0,3.6,0.0,0.0,0.0
7.68,352.0,23.95,23.97,23.96,10.7,10.5,10.4,7.57,8.1,0.1,0.03,203.6,10.2,265.0,1.0,3.0,391.0,700.0,62.0,1.0,68.0,7.4,10.5,80.0,31.8,31.6,0.0,3.0,66.1,0.0,7.24,6.5,16.1,15.7,16.5,15.5,17.3,16.2,16.2,16.3,41.1,40.6,21.0,30.0,15.6,19.8,34.0,31.0,25.0,0.0,0.0,0.0,6.0,6.0,4.0,0.0,20.0,20.0,19.0,31.0,29.0,30.0,30.0,30.0,33.0,45.13,44.96,45.14,37.0,330.0,3.7,0.0,0.0,0.0
7.42,352.0,23.95,23.97,23.96,10.5,10.6,10.9,7.27,4.6,0.02,0.0,203.4,8.1,264.0,1.0,3.0,394.0,700.0,61.0,0.0,63.0,7.4,11.4,83.0,27.6,28.5,0.0,2.9,66.1,0.0,7.24,6.5,16.3,15.8,16.6,15.6,17.4,16.4,16.4,16.3,41.2,40.8,21.0,30.0,15.7,19.9,31.0,28.0,25.0,0.0,0.0,0.0,6.0,6.0,4.0,0.0,20.0,20.0,19.0,31.0,29.0,31.0,30.0,30.0,33.0,45.13,44.96,45.14,35.0,330.0,3.7,0.0,0.0,0.0
7.97,352.0,23.95,23.97,23.96,10.7,10.4,10.4,7.74,4.9,0.06,0.12,203.3,10.0,265.0,1.0,3.0,393.0,700.0,60.0,2.0,64.0,7.7,10.3,77.0,32.5,31.9,0.0,3.0,66.1,0.0,7.24,6.5,16.1,15.6,16.5,15.5,17.3,16.2,16.3,16.3,41.1,40.6,21.0,30.0,15.6,19.8,34.0,31.0,25.0,0.0,0.0,0.0,6.0,6.0,4.0,0.0,20.0,20.0,19.0,31.0,29.0,30.0,30.0,30.0,33.0,45.13,44.96,45.14,37.0,330.0,3.6,0.0,0.0,0.0
7.42,352.0,23.95,23.97,23.96,10.5,10.6,10.4,7.22,6.2,0.09,0.05,203.7,10.8,263.0,1.0,3.0,393.0,700.0,62.0,0.0,62.0,7.3,11.1,82.0,28.9,29.7,0.0,2.9,66.1,0.0,7.24,6.5,16.1,15.8,16.5,15.6,17.4,16.4,16.3,16.3,41.2,40.8,21.0,30.0,15.6,19.9,32.0,29.0,25.0,0.0,0.0,0.0,6.0,6.0,4.0,0.0,20.0,20.0,19.0,31.0,29.0,31.0,30.0,30.0,33.0,45.13,44.96,45.14,37.0,330.0,3.5,0.0,0.0,0.0
7.24,352.0,23.95,23.97,23.96,10.5,10.6,10.7,7.09,5.3,-0.04,0.16,203.7,11.5,262.0,1.0,3.0,396.0,701.0,60.0,2.0,56.0,7.0,11.2,84.0,28.8,29.1,0.0,2.9,66.1,0.0,7.24,6.5,16.1,15.8,16.6,15.6,17.4,16.3,16.4,16.3,41.2,40.8,21.0,30.0,15.6,19.9,31.0,29.0,25.0,0.0,0.0,0.0,6.0,6.0,4.0,0.0,20.0,20.0,19.0,31.0,29.0,31.0,30.0,30.0,33.0,45.13,44.96,45.14,37.0,330.0,3.7,0.0,0.0,0.0
7.64,352.0,23.95,23.97,23.96,10.6,10.5,10.8,7.43,1.3,0.08,0.02,203.5,13.0,265.0,1.0,3.0,395.0,700.0,61.0,0.0,60.0,7.5,10.4,80.0,30.6,30.6,0.0,2.9,66.1,0.0,7.24,6.5,16.1,15.7,16.5,15.5,17.3,16.3,16.4,16.4,41.1,40.7,21.0,30.0,15.6,19.8,33.0,30.0,25.0,0.0,0.0,0.0,6.0,6.0,4.0,0.0,20.0,20.0,19.0,31.0,29.0,31.0,30.0,30.0,34.0,45.13,44.96,45.14,36.0,340.0,3.7,0.0,0.0,0.0
7.33,352.0,23.95,23.97,23.96,10.6,10.6,10.4,7.08,2.5,-0.05,0.09,203.6,11.6,263.0,1.0,3.0,394.0,700.0,62.0,2.0,63.0,7.0,11.2,84.0,29.4,28.9,0.0,2.9,66.1,0.0,7.24,6.5,16.2,15.8,16.6,15.6,17.4,16.4,16.4,16.3,41.2,40.8,21.0,30.0,15.6,19.9,32.0,29.0,25.0,0.0,0.0,0.0,6.0,6.0,4.0,0.0,20.0,20.0,19.0,31.0,29.0,30.0,30.0,30.0,33.0,45.13,44.96,45.14,36.0,330.0,3.7,0.0,0.0,0.0
7.64,352.0,23.95,23.97,23.96,10.5,10.6,10.8,7.44,12.9,0.12,0.13,203.7,7.7,262.0,1.0,3.0,397.0,700.0,62.0,0.0,71.0,7.3,10.8,81.0,28.3,28.8,0.0,2.9,66.1,0.0,7.24,6.5,16.2,15.8,16.6,15.6,17.4,16.4,16.3,16.4,41.2,40.7,21.0,30.0,15.6,19.9,31.0,28.0,25.0,0.0,0.0,0.0,6.0,6.0,4.0,0.0,20.0,20.0,19.0,31.0,29.0,31.0,30.0,30.0,33.0,45.13,44.96,45.14,36.0,330.0,3.7,0.0,0.0,0.0
7.82,352.0,23.95,23.97,23.96,10.6,10.6,10.5,7.61,0.7,0.0,0.09,203.3,12.8,266.0,1.0,3.0,393.0,700.0,62.0,1.0,67.0,7.5,11.1,80.0,31.8,32.1,0.0,3.0,66.1,0.0,7.24,6.5,16.1,15.7,16.5,15.5,17.3,16.4,16.2,16.3,41.1,40.7,21.0,30.0,15.6,19.8,34.0,31.0,25.0,0.0,0.0,0.0,6.0,6.0,4.0,0.0,20.0,20.0,19.0,31.0,29.0,30.0,30.0,30.0,34.0,45.13,44.96,45.14,37.0,340.0,3.6,0.0,0.0,0.0
7.52,352.0,23.95,23.97,23.96,10.7,10.5,10.4,7.27,7.4,0.19,0.05,203.7,9.2,266.0,1.0,3.0,395.0,700.0,62.0,1.0,63.0,7.3,11.2,83.0,32.7,32.8,0.1,3.0,66.1,0.0,7.24,6.5,16.3,15.8,16.6,15.6,17.4,16.5,16.4,16.3,41.3,40.9,21.0,30.0,15.8,19.9,35.0,32.0,25.0,0.0,0.0,0.0,6.0,6.0,4.0,0.0,20.0,20.0,19.0,31.0,29.0,31.0,30.0,30.0,33.0,45.13,44.96,45.14,37.0,330.0,3.6,0.0,0.0,0.0
7.58,352.0,23.95,23.97,23.96,10.8,10.4,10.4,7.46,3.9,0.2,-0.02,203.5,11.2,265.0,1.0,3.0,394.0,700.0,63.0,1.0,67.0,7.4,10.5,81.0,31.4,31.1,0.0,3.0,66.1,0.0,7.24,6.5,16.1,15.8,16.5,15.5,17.3,16.4,16.2,16.4,41.1,40.7,21.0,30.0,15.6,19.8,33.0,30.0,25.0,0.0,0.0,0.0,6.0,6.0,4.0,0.0,20.0,20.0,19.0,31.0,29.0,30.0,30.0,30.0,32.0,45.13,44.96,45.14,37.0,320.0,3.6,0.0,0.0,0.0
7.82,352.0,23.95,23.97,23.96,10.5,10.6,10.8,7.64,2.9,0.01,0.08,203.6,10.0,266.0,1.0,3.0,397.0,700.0,64.0,0.0,70.0,7.7,10.4,79.0,32.1,32.2,0.0,3.0,66.1,0.0,7.24,6.5,16.1,15.6,16.5,15.5,17.3,16.2,16.2,16.4,41.1,40.6,21.0,30.0,15.6,19.8,34.0,31.0,25.0,0.0,0.0,0.0,6.0,6.0,4.0,0.0,20.0,20.0,19.0,31.0,29.0,31.0,30.0,30.0,33.0,45.13,44.96,45.14,36.0,330.0,3.6,0.0,0.0,0.0
7.48,352.0,23.95,23.97,23.96,10.6,10.5,10.4,7.26,-2.2,0.02,0.16,203.7,12.3,268.0,1.0,3.0,393.0,700.0,61.0,1.0,62.0,7.3,11.1,82.0,33.0,32.4,0.1,3.0,66.1,0.0,7.24,6.5,16.3,15.8,16.6,15.7,17.4,16.4,16.3,16.4,41.3,40.9,21.0,30.0,15.8,19.9,35.0,32.0,25.0,0.0,0.0,0.0,6.0,6.0,4.0,0.0,20.0,20.0,19.0,31.0,29.0,30.0,30.0,30.0,34.0,45.13,44.96,45.14,36.0,340.0,3.7,0.0,0.0,0.0
7.63,352.0,23.95,23.97,23.96,10.5,10.5,10.9,7.46,1.8,0.13,0.09,203.5,11.5,265.0,1.0,3.0,394.0,700.0,62.0,0.0,61.0,7.5,10.9,81.0,30.8,30.9,0.0,2.9,66.1,0.0,7.24,6.5,16.1,15.7,16.5,15.5,17.3,16.3,16.4,16.4,41.1,40.7,21.0,30.0,15.6,19.8,33.0,30.0,25.0,0.0,0.0,0.0,6.0,6.0,4.0,0.0,20.0,20.0,19.0,31.0,29.0,31.0,30.0,30.0,34.0,45.14,44.96,45.14,35.0,340.0,3.7,0.0,0.0,0.0
7.53,352.0,23.95,23.97,23.96,10.8,10.5,10.4,7.29,12.9,0.18,-0.04,203.6,9.4,264.0,1.0,3.0,393.0,700.0,60.0,1.0,67.0,7.3,10.9,83.0,31.1,32.3,0.0,2.9,66.1,0.0,7.24,6.5,16.3,15.8,16.6,15.7,17.4,16.3,16.4,16.4,41.2,40.9,21.0,30.0,15.7,19.9,34.0,31.0,25.0,0.0,0.0,0.0,6.0,6.0,4.0,0.0,20.0,20.0,19.0,31.0,29.0,31.0,30.0,30.0,34.0,45.13,44.96,45.14,37.0,340.0,3.6,0.0,0.0,0.0
7.42,352.0,23.95,23.97,23.96,10.5,10.6,10.6,7.19,-0.4,-0.02,0.15,203.5,10.7,267.0,1.0,3.0,397.0,700.0,64.0,0.0,66.0,7.1,11.7,84.0,33.4,32.9,0.0,3.0,66.1,0.0,7.24,6.5,16.3,15.8,16.6,15.6,17.4,16.3,16.5,16.3,41.3,40.9,21.0,30.0,15.8,19.9,35.0,32.0,25.0,0.0,0.0,0.0,6.0,6.0,4.0,0.0,20.0,20.0,19.0,31.0,29.0,31.0,30.0,30.0,33.0,45.13,44.96,45.14,37.0,330.0,3.7,0.0,0.0,0.0
7.47,352.0,23.95,23.97,23.96,10.5,10.5,11.0,7.27,1.8,0.19,0.03,203.5,10.6,267.0,1.0,3.0,397.0,700.0,62.0,-1.0,53.0,7.3,11.3,83.0,33.0,32.8,0.1,3.1,66.1,0.0,7.24,6.5,16.3,15.8,16.6,15.7,17.4,16.4,16.3,16.4,41.3,40.9,21.0,30.0,15.8,19.9,35.0,32.0,25.0,0.0,0.0,0.0,6.0,6.0,4.0,0.0,20.0,20.0,19.0,31.0,29.0,30.0,30.0,30.0,33.0,45.13,44.96,45.14,37.0,330.0,3.7,0.0,0.0,0.0
7.79,352.0,23.95,23.97,23.96,10.5,10.7,10.4,7.57,1.4,0.06,0.09,204.0,13.3,266.0,1.0,3.0,394.0,700.0,62.0,2.0,69.0,7.4,10.5,79.0,31.5,31.5,0.0,3.0,66.1,0.0,7.24,6.5,16.1,15.7,16.5,15.5,17.3,16.3,16.2,16.3,41.1,40.6,21.0,30.0,15.6,19.8,34.0,31.0,25.0,0.0,0.0,0.0,6.0,6.0,4.0,0.0,20.0,20.0,19.0,31.0,28.0,30.0,30.0,30.0,34.0,45.13,44.96,45.14,37.0,340.0,3.6,0.0,0.0,0.0
7.73,352.0,23.95,23.97,23.96,10.5,10.6,10.8,7.55,5.5,0.03,0.14,203.8,12.6,265.0,1.0,3.0,395.0,700.0,61.0,0.0,60.0,7.5,10.4,80.0,31.5,31.7,0.0,3.0,66.1,0.0,7.24,6.5,16.1,15.7,16.5,15.5,17.3,16.4,16.3,16.3,41.1,40.7,21.0,30.0,15.6,19.8,34.0,31.0,25.0,0.0,0.0,0.0,6.0,6.0,4.0,0.0,20.0,20.0,19.0,31.0,29.0,30.0,30.0,30.0,33.0,45.13,44.96,45.13,36.0,330.0,3.7,0.0,0.0,0.0
7.62,352.0,23.95,23.97,23.96,10.5,10.6,10.9,7.41,7.0,0.08,0.02,203.4,12.0,265.0,1.0,3.0,390.0,700.0,61.0,3.0,59.0,7.5,11.1,81.0,32.1,31.9,0.0,3.0,66.1,0.0,7.24,6.5,16.1,15.7,16.5,15.4,17.3,16.5,16.3,16.4,41.1,40.6,21.0,30.0,15.6,19.8,34.0,31.0,25.0,0.0,0.0,0.0,6.0,6.0,4.0,0.0,20.0,20.0,19.0,31.0,29.0,30.0,30.0,30.0,34.0,45.13,44.96,45.14,37.0,340.0,3.6,0.0,0.0,0.0
7.73,352.0,23.95,23.97,23.96,10.5,10.6,11.1,7.53,4.5,0.17,0.16,203.6,12.6,265.0,1.0,3.0,394.0,701.0,62.0,1.0,68.0,7.6,10.9,80.0,31.5,32.0,0.0,3.0,66.1,0.0,7.24,6.5,16.1,15.7,16.5,15.5,17.3,16.4,16.3,16.3,41.1,40.7,21.0,30.0,15.6,19.8,34.0,31.0,25.0,0.0,0.0,0.0,6.0,6.0,4.0,0.0,20.0,20.0,19.0,31.0,29.0,30.0,30.0,30.0,33.0,45.13,44.96,45.13,36.0,330.0,3.7,0.0,0.0,0.0
7.74,352.0,23.95,23.97,23.96,10.4,10.8,10.4,7.51,5.3,0.09,0.19,203.5,11.8,264.0,1.0,3.0,395.0,700.0,62.0,2.0,61.0,7.4,10.7,80.0,30.0,31.6,0.0,2.8,66.1,0.0,7.24,6.5,16.3,15.8,16.6,15.6,17.4,16.5,16.4,16.4,41.2,40.8,21.0,30.0,15.6,19.9,33.0,30.0,25.0,0.0,0.0,0.0,6.0,6.0,4.0,0.0,20.0,20.0,19.0,31.0,29.0,30.0,30.0,30.0,33.0,45.13,44.96,45.14,37.0,330.0,3.7,0.0,0.0,0.0
7.82,352.0,23.95,23.97,23.96,10.5,10.6,10.6,7.62,10.4,-0.01,0.08,203.5,12.3,264.0,1.0,3.0,397.0,700.0,62.0,1.0,65.0,7.7,10.6,78.0,32.1,32.4,0.0,3.0,66.1,0.0,7.24,6.5,16.1,15.6,16.5,15.5,17.3,16.1,16.3,16.3,41.1,40.6,21.0,30.0,15.6,19.8,34.0,31.0,25.0,0.0,0.0,0.0,6.0,6.0,4.0,0.0,20.0,20.0,19.0,31.0,29.0,30.0,30.0,30.0,34.0,45.14,44.96,45.14,36.0,340.0,3.6,0.0,0.0,0.0
7.47,352.0,23.95,23.97,23.96,10.5,10.6,10.9,7.27,2.5,0.22,0.0,203.9,10.4,264.0,1.0,3.0,397.0,701.0,64.0,-1.0,63.0,7.1,11.4,83.0,29.3,29.3,0.0,2.9,66.1,0.0,7.24,6.5,16.2,15.8,16.5,15.6,17.4,16.4,16.3,16.4,41.2,40.7,21.0,30.0,15.6,19.9,32.0,29.0,25.0,0.0,0.0,0.0,6.0,6.0,4.0,0.0,20.0,20.0,19.0,31.0,29.0,31.0,30.0,30.0,33.0,45.13,44.96,45.14,37.0,330.0,3.6,0.0,0.0,0.0
7.74,352.0,23.95,23.97,23.96,10.5,10.7,10.4,7.61,7.1,-0.02,-0.07,203.6,12.0,263.0,1.0,3.0,393.0,701.0,62.0,1.0,55.0,7.6,10.9,80.0,32.1,32.2,0.0,3.0,66.1,0.0,7.24,6.5,16.1,15.6,16.5,15.5,17.3,16.2,16.2,16.3,41.1,40.6,20.0,30.0,15.6,19.8,34.0,31.0,25.0,0.0,0.0,0.0,6.0,6.0,4.0,0.0,20.0,20.0,19.0,31.0,29.0,31.0,30.0,30.0,34.0,45.13,44.96,45.14,36.0,340.0,3.5,0.0,0.0,0.0
7.68,352.0,23.95,23.97,23.96,10.6,10.5,10.5,7.54,7.5,0.06,0.06,203.5,12.2,265.0,1.0,3.0,394.0,700.0,62.0,0.0,61.0,7.4,10.5,80.0,30.4,30.7,0.0,2.9,66.1,0.0,7.24,6.5,16.1,15.8,16.5,15.6,17.4,16.2,16.3,16.4,41.1,40.8,21.0,30.0,15.6,19.9,33.0,30.0,25.0,0.0,0.0,0.0,6.0,6.0,4.0,0.0,20.0,20.0,19.0,31.0,29.0,30.0,30.0,30.0,32.0,45.14,44.96,45.14,37.0,320.0,3.6,0.0,0.0,0.0
7.74,352.0,23.95,23.97,23.96,10.6,10.7,10.4,7.5,2.8,0.1,0.14,203.6,12.5,265.0,1.0,3.0,396.0,700.0,62.0,0.0,59.0,7.5,10.9,80.0,31.1,30.9,0.0,3.0,66.1,0.0,7.24,6.5,16.1,15.8,16.5,15.5,17.3,16.4,16.2,16.4,41.1,40.7,21.0,30.0,15.6,19.8,33.0,31.0,25.0,0.0,0.0,0.0,6.0,6.0,4.0,0.0,20.0,20.0,19.0,31.0,29.0,31.0,30.0,30.0,33.0,45.13,44.96,45.14,36.0,330.0,3.5,0.0,0.0,0.0
7.47,352.0,23.95,23.97,23.96,10.7,10.4,10.4,7.24,4.9,0.12,0.11,203.7,9.0,265.0,1.0,3.0,394.0,700.0,62.0,0.0,60.0,7.2,10.6,82.0,32.5,32.9,0.0,3.0,66.1,0.0,7.24,6.5,16.3,15.8,16.6,15.6,17.4,16.6,16.5,16.5,41.3,40.9,21.0,30.0,15.8,19.9,35.0,32.0,25.0,0.0,0.0,0.0,6.0,6.0,4.0,0.0,20.0,20.0,19.0,31.0,29.0,31.0,30.0,30.0,33.0,45.13,44.96,45.14,37.0,340.0,3.7,0.0,0.0,0.0
7.57,352.0,23.95,23.97,23.96,10.8,10.4,10.4,7.37,6.4,0.08,0.06,203.7,11.0,264.0,1.0,3.0,397.0,700.0,63.0,0.0,61.0,7.2,10.7,82.0,27.8,28.0,0.0,2.9,66.1,0.0,7.24,6.5,16.3,15.8,16.6,15.6,17.4,16.6,16.4,16.4,41.2,40.8,21.0,30.0,15.6,19.9,31.0,28.0,25.0,0.0,0.0,0.0,6.0,6.0,4.0,0.0,20.0,20.0,19.0,31.0,29.0,31.0,30.0,30.0,33.0,45.14,44.96,45.14,37.0,330.0,3.7,0.0,0.0,0.0
7.86,352.0,23.95,23.97,23.96,10.5,10.8,10.4,7.73,-2.5,0.12,0.11,203.7,10.9,266.0,1.0,3.0,392.0,700.0,62.0,1.0,67.0,7.8,10.6,78.0,32.4,32.0,0.0,3.0,66.1,0.0,7.24,6.5,16.1,15.6,16.5,15.5,17.3,16.2,16.2,16.3,41.1,40.6,21.0,30.0,15.6,19.8,34.0,31.0,25.0,0.0,0.0,0.0,6.0,6.0,4.0,0.0,20.0,20.0,19.0,31.0,29.0,31.0,30.0,30.0,33.0,45.13,44.96,45.14,37.0,330.0,3.7,0.0,0.0,0.0
7.74,352.0,23.95,23.97,23.96,10.6,10.5,10.4,7.53,8.1,-0.02,0.09,203.5,11.7,263.0,1.0,3.0,401.0,700.0,62.0,0.0,64.0,7.6,11.1,80.0,30.3,31.8,0.0,2.9,66.1,0.0,7.24,6.5,16.3,15.8,16.6,15.6,17.4,16.5,16.4,16.4,41.2,40.8,21.0,30.0,15.6,19.9,33.0,30.0,25.0,0.0,0.0,0.0,6.0,6.0,4.0,0.0,20.0,20.0,19.0,31.0,29.0,30.0,30.0,30.0,33.0,45.13,44.96,45.14,37.0,330.0,3.7,0.0,0.0,0.0
7.31,352.0,23.95,23.97,23.96,10.6,10.6,10.4,7.2,6.8,0.0,0.16,203.5,12.7,266.0,1.0,3.0,395.0,700.0,62.0,1.0,60.0,7.1,10.9,83.0,33.2,33.1,0.0,2.9,66.1,0.0,7.24,6.5,16.3,15.8,16.6,15.6,17.4,16.3,16.4,16.3,41.3,40.9,21.0,30.0,15.8,19.9,35.0,32.0,25.0,0.0,0.0,0.0,6.0,6.0,4.0,0.0,20.0,20.0,19.0,31.0,29.0,30.0,30.0,30.0,33.0,45.13,44.96,45.14,37.0,330.0,3.6,0.0,0.0,0.0
7.53,352.0,23.95,23.97,23.96,10.6,10.5,10.5,7.26,3.9,0.08,0.21,203.5,12.3,264.0,1.0,3.0,395.0,700.0,61.0,1.0,63.0,7.1,11.1,82.0,30.2,30.8,0.0,2.9,66.1,0.0,7.24,6.5,16.1,15.8,16.5,15.6,17.4,16.4,16.2,16.3,41.2,40.7,21.0,30.0,15.6,19.9,33.0,30.0,25.0,0.0,0.0,0.0,6.0,6.0,4.0,0.0,20.0,20.0,19.0,31.0,29.0,30.0,30.0,30.0,33.0,45.14,44.96,45.14,36.0,330.0,3.6,0.0,0.0,0.0
7.73,352.0,23.95,23.97,23.96,10.5,10.6,10.5,7.54,5.0,0.09,0.11,203.6,10.6,263.0,1.0,3.0,395.0,701.0,61.0,0.0,63.0,7.7,10.7,79.0,30.1,29.8,0.0,2.9,66.1,0.0,7.24,6.5,16.1,15.8,16.6,15.6,17.4,16.3,16.3,16.3,41.2,40.7,21.0,30.0,15.6,19.9,32.0,29.0,25.0,0.0,0.0,0.0,6.0,6.0,4.0,0.0,20.0,20.0,19.0,31.0,29.0,30.0,30.0,30.0,34.0,45.13,44.96,45.14,37.0,350.0,3.7,0.0,0.0,0.0
7.72,352.0,23.95,23.97,23.96,10.5,10.6,10.6,7.6,7.6,0.13,0.09,203.8,8.2,263.0,1.0,3.0,392.0,700.0,60.0,1.0,59.0,7.5,10.9,80.0,30.0,30.1,0.0,2.9,66.1,0.0,7.24,6.5,16.1,15.7,16.6,15.6,17.4,16.1,16.3,16.3,41.2,40.7,20.0,30.0,15.6,19.9,32.0,29.0,25.0,0.0,0.0,0.0,6.0,6.0,4.0,0.0,20.0,20.0,19.0,31.0,29.0,31.0,30.0,30.0,33.0,45.13,44.96,45.14,36.0,330.0,3.5,0.0,0.0,0.0
7.43,352.0,23.95,23.97,23.96,10.5,10.6,10.4,7.23,-4.5,0.23,0.03,203.9,11.2,267.0,1.0,3.0,391.0,699.0,60.0,0.0,57.0,7.2,11.2,83.0,33.2,32.9,0.0,3.0,66.1,0.0,7.24,6.5,16.3,15.8,16.6,15.7,17.4,16.3,16.4,16.3,41.3,40.9,21.0,30.0,15.8,19.9,35.0,32.0,25.0,0.0,0.0,0.0,6.0,6.0,4.0,0.0,20.0,20.0,19.0,31.0,29.0,31.0,30.0,30.0,34.0,45.13,44.96,45.14,37.0,340.0,3.7,0.0,0.0,0.0
7.48,352.0,23.95,23.97,23.96,10.6,10.6,10.5,7.26,7.2,-0.08,0.09,203.8,12.4,265.0,1.0,3.0,395.0,700.0,62.0,0.0,60.0,7.3,11.2,82.0,32.6,33.0,0.1,3.0,66.1,0.0,7.24,6.5,16.3,15.8,16.6,15.6,17.4,16.5,16.5,16.5,41.3,40.9,21.0,30.0,15.8,19.9,35.0,32.0,25.0,0.0,0.0,0.0,6.0,6.0,4.0,0.0,20.0,20.0,19.0,31.0,29.0,31.0,30.0,30.0,34.0,45.13,44.96,45.14,35.0,340.0,3.7,0.0,0.0,0.0
7.43,352.0,23.95,23.97,23.96,10.7,10.4,10.4,7.21,5.8,0.14,0.11,203.6,8.5,262.0,1.0,3.0,395.0,700.0,63.0,2.0,60.0,7.1,11.6,83.0,28.4,29.0,0.0,2.9,66.1,0.0,7.24,6.5,16.2,15.8,16.6,15.6,17.4,16.4,16.4,16.4,41.2,40.7,21.0,30.0,15.6,19.9,31.0,28.0,25.0,0.0,0.0,0.0,6.0,6.0,4.0,0.0,20.0,20.0,19.0,31.0,29.0,31.0,30.0,30.0,33.0,45.14,44.96,45.14,36.0,330.0,3.6,0.0,0.0,0.0
7.42,352.0,23.95,23.97,23.96,10.5,10.6,10.8,7.21,4.0,0.04,0.1,203.7,9.5,266.0,1.0,3.0,394.0,699.0,60.0,-1.0,58.0,7.3,11.3,83.0,32.7,33.1,0.1,3.0,66.1,0.0,7.24,6.5,16.3,15.8,16.6,15.6,17.4,16.3,16.4,16.3,41.3,40.8,21.0,30.0,15.8,19.9,35.0,32.0,25.0,0.0,0.0,0.0,6.0,6.0,4.0,0.0,20.0,20.0,19.0,31.0,29.0,31.0,30.0,30.0,34.0,45.13,44.96,45.14,36.0,340.0,3.6,0.0,0.0,0.0
7.67,352.0,23.95,23.97,23.96,10.5,10.6,10.8,7.51,4.5,0.17,0.16,203.5,11.1,266.0,1.0,3.0,398.0,701.0,61.0,1.0,60.0,7.7,10.3,80.0,32.0,31.8,0.0,3.0,66.1,0.0,7.24,6.5,16.1,15.7,16.5,15.5,17.3,16.3,16.3,16.3,41.1,40.6,21.0,30.0,15.6,19.8,34.0,31.0,25.0,0.0,0.0,0.0,6.0,6.0,4.0,0.0,20.0,20.0,19.0,31.0,29.0,30.0,30.0,30.0,33.0,45.13,44.96,45.14,35.0,330.0,3.6,0.0,0.0,0.0
7.72,352.0,23.95,23.97,23.96,10.6,10.7,10.4,7.51,-3.3,0.03,0.01,203.4,12.6,267.0,1.0,3.0,395.0,700.0,61.0,1.0,62.0,7.4,10.7,80.0,30.9,30.6,0.0,2.9,66.1,0.0,7.24,6.5,16.1,15.8,16.5,15.6,17.4,16.4,16.3,16.4,41.1,40.7,21.0,30.0,15.6,19.9,33.0,30.0,25.0,0.0,0.0,0.0,6.0,6.0,4.0,0.0,20.0,20.0,19.0,31.0,29.0,30.0,30.0,30.0,33.0,45.13,44.96,45.14,37.0,330.0,3.6,0.0,0.0,0.0
7.47,352.0,23.95,23.97,23.96,10.5,10.6,10.6,7.33,4.7,0.06,0.01,203.7,10.8,264.0,1.0,3.0,390.0,701.0,61.0,1.0,65.0,7.4,11.1,82.0,27.8,27.5,0.0,2.9,66.1,0.0,7.24,6.5,16.2,15.8,16.6,15.6,17.4,16.4,16.4,16.3,41.2,40.8,21.0,30.0,15.6,19.9,31.0,28.0,25.0,0.0,0.0,0.0,6.0,6.0,4.0,0.0,20.0,20.0,19.0,31.0,29.0,31.0,30.0,30.0,33.0,45.13,44.96,45.14,36.0,330.0,3.7,0.0,0.0,0.0
7.46,352.0,23.95,23.97,23.96,10.5,10.8,10.4,7.26,7.8,0.26,0.11,203.5,11.7,264.0,1.0,3.0,397.0,701.0,61.0,0.0,62.0,7.2,11.3,82.0,31.0,32.6,0.0,2.9,66.1,0.0,7.24,6.5,16.3,15.8,16.6,15.7,17.4,16.3,16.4,16.3,41.2,40.9,21.0,30.0,15.7,19.9,34.0,31.0,25.0,0.0,0.0,0.0,6.0,6.0,4.0,0.0,20.0,20.0,19.0,31.0,29.0,31.0,30.0,30.0,34.0,45.14,44.96,45.14,37.0,340.0,3.5,0.0,0.0,0.0
7.36,352.0,23.95,23.97,23.96,10.5,10.6,10.6,7.18,5.8,-0.04,0.2,203.7,12.6,265.0,1.0,3.0,395.0,699.0,62.0,0.0,66.0,7.1,11.0,83.0,32.1,33.2,0.0,2.9,66.1,0.0,7.24,6.5,16.3,15.8,16.6,15.6,17.4,16.6,16.4,16.4,41.3,40.8,21.0,30.0,15.8,19.9,35.0,32.0,25.0,0.0,0.0,0.0,6.0,6.0,4.0,0.0,20.0,20.0,19.0,31.0,29.0,31.0,30.0,30.0,33.0,45.13,44.96,45.14,37.0,330.0,3.7,0.0,0.0,0.0
7.52,352.0,23.95,23.97,23.96,10.5,10.6,11.0,7.36,6.5,0.29,0.06,203.4,11.2,264.0,1.0,3.0,398.0,700.0,63.0,0.0,66.0,7.3,10.9,82.0,31.0,32.1,0.0,2.8,66.1,0.0,7.24,6.5,16.3,15.8,16.6,15.6,17.4,16.5,16.4,16.4,41.2,40.8,21.0,30.0,15.6,19.9,33.0,30.0,25.0,0.0,0.0,0.0,6.0,6.0,4.0,0.0,20.0,20.0,19.0,31.0,29.0,31.0,30.0,30.0,33.0,45.13,44.96,45.14,37.0,330.0,3.6,0.0,0.0,0.0
7.47,352.0,23.95,23.97,23.96,10.7,10.4,10.4,7.24,8.1,0.03,0.11,203.5,7.1,266.0,1.0,3.0,391.0,700.0,61.0,2.0,61.0,7.2,10.7,82.0,32.8,33.3,0.1,3.0,66.1,0.0,7.24,6.5,16.3,15.8,16.6,15.6,17.4,16.5,16.4,16.3,41.3,40.8,21.0,30.0,15.8,19.9,35.0,32.0,25.0,0.0,0.0,0.0,6.0,6.0,4.0,0.0,20.0,20.0,19.0,31.0,29.0,31.0,30.0,30.0,34.0,45.13,44.96,45.14,36.0,340.0,3.6,0.0,0.0,0.0
7.36,352.0,23.95,23.97,23.96,10.5,10.5,10.9,7.17,3.4,0.17,-0.03,203.7,11.5,266.0,1.0,3.0,397.0,700.0,63.0,2.0,66.0,7.1,11.6,84.0,33.0,32.6,0.0,2.9,66.1,0.0,7.24,6.5,16.3,15.8,16.6,15.6,17.4,16.5,16.4,16.4,41.3,40.9,21.0,30.0,15.8,19.9,35.0,32.0,25.0,0.0,0.0,0.0,6.0,6.0,4.0,0.0,20.0,20.0,19.0,31.0,29.0,31.0,30.0,30.0,34.0,45.14,44.96,45.14,37.0,340.0,3.6,0.0,0.0,0.0
7.58,352.0,23.95,23.97,23.96,10.5,10.5,10.9,7.36,2.8,0.08,0.09,203.7,12.5,265.0,1.0,3.0,394.0,700.0,61.0,0.0,63.0,7.2,11.4,82.0,27.6,28.4,0.0,2.9,66.1,0.0,7.24,6.5,16.3,15.8,16.6,15.6,17.4,16.6,16.4,16.4,41.2,40.7,21.0,30.0,15.6,19.9,31.0,28.0,25.0,0.0,0.0,0.0,6.0,6.0,4.0,0.0,20.0,20.0,19.0,31.0,29.0,31.0,30.0,30.0,33.0,45.13,44.96,45.14,37.0,330.0,3.7,0.0,0.0,0.0
7.36,352.0,23.95,23.97,23.96,10.5,10.5,10.9,7.16,6.1,-0.02,0.12,203.7,11.9,266.0,1.0,3.0,394.0,699.0,59.0,0.0,66.0,7.3,11.5,84.0,33.4,32.9,0.0,2.9,66.1,0.0,7.24,6.5,16.3,15.8,16.6,15.6,17.4,16.4,16.4,16.4,41.3,40.9,21.0,30.0,15.8,19.9,35.0,32.0,25.0,0.0,0.0,0.0,6.0,6.0,4.0,0.0,20.0,20.0,19.0,31.0,29.0,30.0,30.0,30.0,33.0,45.13,44.96,45.14,37.0,330.0,3.6,0.0,0.0,0.0
7.58,352.0,23.95,23.97,23.96,10.6,10.6,10.6,7.37,1.5,0.06,0.22,203.7,11.8,265.0,1.0,3.0,398.0,700.0,61.0,0.0,58.0,7.5,10.5,82.0,30.0,30.2,0.0,2.9,66.1,0.0,7.24,6.5,16.1,15.8,16.5,15.5,17.4,16.6,16.4,16.4,41.1,40.8,21.0,30.0,15.6,19.9,33.0,30.0,25.0,0.0,0.0,0.0,6.0,6.0,4.0,0.0,20.0,20.0,19.0,31.0,29.0,31.0,30.0,30.0,33.0,45.13,44.96,45.14,37.0,330.0,3.6,0.0,0.0,0.0
7.56,352.0,23.95,23.97,23.96,10.5,10.6,10.8,7.41,2.5,0.03,0.15,203.8,9.8,265.0,1.0,3.0,394.0,700.0,61.0,0.0,60.0,7.3,10.7,81.0,31.2,31.0,0.0,2.9,66.1,0.0,7.24,6.5,16.1,15.7,16.5,15.5,17.3,16.3,16.4,16.4,41.1,40.7,21.0,30.0,15.6,19.8,33.0,30.0,25.0,0.0,0.0,0.0,6.0,6.0,4.0,0.0,20.0,20.0,19.0,31.0,29.0,31.0,30.0,30.0,34.0,45.14,44.96,45.14,35.0,340.0,3.7,0.0,0.0,0.0
7.53,352.0,23.95,23.97,23.96,10.5,10.6,10.4,7.38,13.3,0.13,0.06,204.0,10.6,261.0,1.0,3.0,393.0,699.0,60.0,1.0,63.0,7.5,10.9,81.0,28.4,28.3,0.0,2.9,66.1,0.0,7.24,6.5,16.2,15.8,16.6,15.6,17.4,16.3,16.3,16.3,41.2,40.8,21.0,30.0,15.6,19.9,31.0,28.0,25.0,0.0,0.0,0.0,6.0,6.0,4.0,0.0,20.0,20.0,19.0,31.0,29.0,31.0,30.0,30.0,33.0,45.13,44.96,45.14,37.0,330.0,3.7,0.0,0.0,0.0
7.64,352.0,23.95,23.97,23.96,10.5,10.6,10.6,7.45,0.8,0.15,0.19,203.9,10.4,263.0,1.0,3.0,395.0,700.0,62.0,0.0,60.0,7.3,11.2,81.0,29.0,29.7,0.0,2.9,66.1,0.0,7.24,6.5,16.1,15.8,16.6,15.6,17.4,16.4,16.3,16.3,41.2,40.7,21.0,30.0,15.6,19.9,32.0,29.0,25.0,0.0,0.0,0.0,6.0,6.0,4.0,0.0,20.0,20.0,19.0,31.0,29.0,30.0,30.0,30.0,34.0,45.13,44.96,45.14,37.0,340.0,3.6,0.0,0.0,0.0
7.53,352.0,23.95,23.97,23.96,10.5,10.6,10.6,7.36,12.9,0.03,0.11,203.7,12.4,261.0,1.0,3.0,393.0,700.0,60.0,1.0,62.0,7.5,11.1,81.0,28.5,28.3,0.0,2.9,66.1,0.0,7.24,6.5,16.2,15.8,16.6,15.6,17.4,16.3,16.3,16.3,41.2,40.8,21.0,30.0,15.6,19.9,31.0,28.0,25.0,0.0,0.0,0.0,6.0,6.0,4.0,0.0,20.0,20.0,19.0,31.0,29.0,30.0,30.0,30.0,32.0,45.13,44.96,45.14,37.0,320.0,3.7,0.0,0.0,0.0
7.52,352.0,23.95,23.97,23.96,10.6,10.6,10.8,7.33,5.0,0.16,0.08,203.7,12.3,264.0,1.0,3.0,396.0,700.0,62.0,0.0,64.0,7.2,10.7,82.0,27.8,28.2,0.0,2.9,66.1,0.0,7.24,6.5,16.3,15.8,16.6,15.6,17.4,16.6,16.4,16.4,41.2,40.8,21.0,30.0,15.6,19.9,31.0,28.0,25.0,0.0,0.0,0.0,6.0,6.0,4.0,0.0,20.0,20.0,19.0,31.0,29.0,31.0,30.0,30.0,32.0,45.13,44.96,45.14,37.0,320.0,3.7,0.0,0.0,0.0
7.36,352.0,23.95,23.97,23.96,10.5,10.7,10.4,7.16,12.8,0.01,0.02,203.6,12.1,261.0,1.0,3.0,394.0,700.0,60.0,2.0,56.0,7.1,10.9,84.0,29.1,29.2,0.0,2.9,66.1,0.0,7.24,6.5,16.2,15.8,16.6,15.6,17.4,16.5,16.3,16.4,41.2,40.7,21.0,30.0,15.6,19.9,32.0,29.0,25.0,0.0,0.0,0.0,6.0,6.0,4.0,0.0,20.0,20.0,19.0,31.0,29.0,31.0,30.0,30.0,32.0,45.13,44.96,45.14,36.0,320.0,3.7,0.0,0.0,0.0
7.74,352.0,23.95,23.97,23.96,10.5,10.6,10.5,7.58,2.6,0.08,0.16,203.3,9.2,265.0,1.0,3.0,393.0,700.0,61.0,2.0,61.0,7.5,10.9,79.0,31.4,31.6,0.0,3.0,66.1,0.0,7.24,6.5,16.1,15.7,16.5,15.5,17.3,16.4,16.2,16.4,41.1,40.6,21.0,30.0,15.6,19.8,34.0,31.0,25.0,0.0,0.0,0.0,6.0,6.0,4.0,0.0,20.0,20.0,19.0,31.0,29.0,31.0,30.0,30.0,33.0,45.13,44.96,45.14,37.0,330.0,3.7,0.0,0.0,0.0
7.42,352.0,23.95,23.97,23.96,10.5,10.5,10.9,7.25,0.2,0.0,0.19,203.9,10.7,266.0,1.0,3.0,397.0,700.0,62.0,2.0,59.0,7.1,10.9,83.0,31.8,32.9,0.0,2.9,66.1,0.0,7.24,6.5,16.3,15.8,16.6,15.6,17.4,16.3,16.4,16.4,41.2,40.8,21.0,30.0,15.7,19.9,34.0,31.0,25.0,0.0,0.0,0.0,6.0,6.0,4.0,0.0,20.0,20.0,19.0,31.0,29.0,31.0,30.0,30.0,33.0,45.13,44.96,45.14,35.0,330.0,3.7,0.0,0.0,0.0
7.42,352.0,23.95,23.97,23.96,10.6,10.5,10.4,7.26,2.5,0.08,0.07,203.6,10.7,266.0,1.0,3.0,393.0,700.0,62.0,1.0,59.0,7.2,11.2,83.0,33.5,32.9,0.1,3.1,66.1,0.0,7.24,6.5,16.3,15.8,16.6,15.6,17.4,16.4,16.4,16.4,41.3,40.9,21.0,30.0,15.8,19.9,35.0,32.0,25.0,0.0,0.0,0.0,6.0,6.0,4.0,0.0,20.0,20.0,19.0,31.0,29.0,31.0,30.0,30.0,33.0,45.13,44.96,45.14,37.0,330.0,3.7,0.0,0.0,0.0
7.77,352.0,23.95,23.97,23.96,10.7,10.5,10.4,7.6,3.5,0.0,0.05,203.6,12.1,265.0,1.0,3.0,394.0,700.0,62.0,1.0,73.0,7.5,10.5,80.0,31.6,31.2,0.0,3.0,66.1,0.0,7.24,6.5,16.1,15.7,16.5,15.5,17.3,16.5,16.2,16.3,41.1,40.6,21.0,30.0,15.6,19.8,34.0,31.0,25.0,0.0,0.0,0.0,6.0,6.0,4.0,0.0,20.0,20.0,19.0,31.0,29.0,30.0,30.0,30.0,32.0,45.13,44.96,45.14,36.0,320.0,3.6,0.0,0.0,0.0
7.73,352.0,23.95,23.97,23.96,10.8,10.4,10.4,7.57,12.6,0.22,0.14,203.6,9.4,263.0,1.0,3.0,391.0,700.0,60.0,3.0,64.0,7.6,10.9,79.0,31.9,31.7,0.0,3.0,66.1,0.0,7.24,6.5,16.1,15.6,16.5,15.5,17.3,16.3,16.3,16.4,41.1,40.6,21.0,30.0,15.6,19.8,34.0,31.0,25.0,0.0,0.0,0.0,6.0,6.0,4.0,0.0,20.0,20.0,19.0,31.0,29.0,30.0,30.0,30.0,32.0,45.13,44.96,45.14,37.0,320.0,3.7,0.0,0.0,0.0
7.32,352.0,23.95,23.97,23.96,10.5,10.6,10.6,7.15,6.9,0.05,0.26,203.8,12.2,262.0,1.0,3.0,395.0,700.0,60.0,0.0,59.0,7.2,10.9,84.0,29.0,29.3,0.0,2.9,66.1,0.0,7.24,6.5,16.1,15.8,16.6,15.6,17.4,16.2,16.4,16.3,41.2,40.7,21.0,30.0,15.6,19.9,31.0,29.0,25.0,0.0,0.0,0.0,6.0,6.0,4.0,0.0,20.0,20.0,19.0,31.0,29.0,30.0,30.0,30.0,33.0,45.13,44.96,45.14,37.0,330.0,3.6,0.0,0.0,0.0
7.74,352.0,23.95,23.97,23.96,10.5,10.6,10.7,7.56,1.3,0.07,0.08,203.6,9.7,266.0,1.0,3.0,393.0,700.0,63.0,1.0,65.0,7.4,10.7,80.0,31.8,31.6,0.0,3.0,66.1,0.0,7.24,6.5,16.1,15.7,16.5,15.5,17.3,16.4,16.2,16.3,41.1,40.7,21.0,30.0,15.6,19.8,34.0,31.0,25.0,0.0,0.0,0.0,6.0,6.0,4.0,0.0,20.0,20.0,19.0,31.0,29.0,30.0,30.0,30.0,34.0,45.13,44.96,45.14,37.0,340.0,3.6,0.0,0.0,0.0
7.64,352.0,23.95,23.97,23.96,10.8,10.4,10.4,7.48,10.2,0.21,0.01,203.7,10.9,263.0,1.0,3.0,393.0,700.0,62.0,2.0,66.0,7.4,10.7,81.0,30.4,31.8,0.0,2.8,66.1,0.0,7.24,6.5,16.3,15.8,16.6,15.6,17.4,16.5,16.4,16.4,41.2,40.8,21.0,30.0,15.6,19.9,33.0,30.0,25.0,0.0,0.0,0.0,6.0,6.0,4.0,0.0,20.0,20.0,19.0,31.0,29.0,31.0,30.0,30.0,33.0,45.13,44.96,45.14,37.0,330.0,3.7,0.0,0.0,0.0
7.52,352.0,23.95,23.97,23.96,10.5,10.6,10.7,7.33,3.4,0.16,0.16,203.7,12.1,264.0,1.0,3.0,393.0,701.0,64.0,0.0,63.0,7.2,11.4,83.0,29.6,29.5,0.0,2.9,66.1,0.0,7.24,6.5,16.2,15.8,16.5,15.6,17.4,16.4,16.3,16.4,41.2,40.7,21.0,30.0,15.6,19.9,32.0,29.0,25.0,0.0,0.0,0.0,6.0,6.0,4.0,0.0,20.0,20.0,19.0,31.0,29.0,31.0,30.0,30.0,32.0,45.13,44.96,45.14,36.0,320.0,3.7,0.0,0.0,0.0
7.47,352.0,23.95,23.97,23.96,10.5,10.6,10.7,7.29,4.8,0.02,0.14,203.8,12.5,265.0,1.0,3.0,391.0,700.0,60.0,0.0,61.0,7.4,11.2,83.0,32.7,32.8,0.1,3.0,66.1,0.0,7.24,6.5,16.3,15.8,16.6,15.7,17.4,16.3,16.3,16.3,41.3,40.8,21.0,30.0,15.8,19.9,35.0,32.0,25.0,0.0,0.0,0.0,6.0,6.0,4.0,0.0,20.0,20.0,19.0,31.0,29.0,30.0,30.0,30.0,33.0,45.13,44.96,45.14,37.0,330.0,3.7,0.0,0.0,0.0
7.27,352.0,23.95,23.97,23.96,10.5,10.6,10.4,7.11,4.2,0.03,0.07,203.7,9.1,264.0,1.0,3.0,395.0,701.0,62.0,2.0,62.0,7.1,11.0,84.0,27.6,29.2,0.0,2.8,66.1,0.0,7.24,6.5,16.3,15.8,16.6,15.6,17.4,16.4,16.4,16.4,41.2,40.8,21.0,30.0,15.6,19.9,31.0,28.0,25.0,0.0,0.0,0.0,6.0,6.0,4.0,0.0,20.0,20.0,19.0,31.0,29.0,30.0,30.0,30.0,34.0,45.13,44.96,45.14,37.0,350.0,3.6,0.0,0.0,0.0
7.64,352.0,23.95,23.97,23.96,10.5,10.6,10.4,7.48,1.2,0.24,0.15,203.7,8.0,264.0,1.0,3.0,395.0,700.0,61.0,2.0,59.0,7.4,10.7,80.0,30.3,30.3,0.0,2.9,66.1,0.0,7.24,6.5,16.1,15.8,16.5,15.6,17.4,16.3,16.3,16.3,41.1,40.7,21.0,30.0,15.6,19.9,33.0,30.0,25.0,0.0,0.0,0.0,6.0,6.0,4.0,0.0,20.0,20.0,19.0,31.0,29.0,31.0,30.0,30.0,34.0,45.13,44.96,45.14,36.0,340.0,3.7,0.0,0.0,0.0
7.53,352.0,23.95,23.97,23.96,10.4,10.5,10.4,7.35,6.0,0.1,0.09,203.8,9.5,263.0,1.0,3.0,393.0,700.0,62.0,2.0,64.0,7.4,11.0,82.0,29.3,30.5,0.0,2.8,66.1,0.0,7.24,6.5,16.2,15.8,16.6,15.6,17.4,16.3,16.4,16.4,41.2,40.8,21.0,30.0,15.6,19.9,32.0,29.0,25.0,0.0,0.0,0.0,6.0,6.0,4.0,0.0,20.0,20.0,19.0,31.0,28.0,31.0,30.0,30.0,34.0,45.14,44.96,45.14,37.0,340.0,3.6,0.0,0.0,0.0
7.53,352.0,23.95,23.97,23.96,10.4,10.7,10.4,7.34,4.8,0.24,0.12,204.0,9.1,264.0,1.0,3.0,397.0,700.0,61.0,0.0,61.0,7.5,10.5,82.0,27.5,28.8,0.0,2.9,66.1,0.0,7.24,6.5,16.2,15.8,16.6,15.6,17.4,16.3,16.4,16.3,41.2,40.7,21.0,30.0,15.6,19.9,31.0,28.0,25.0,0.0,0.0,0.0,6.0,6.0,4.0,0.0,20.0,20.0,19.0,31.0,29.0,31.0,30.0,30.0,34.0,45.13,44.96,45.14,36.0,340.0,3.5,0.0,0.0,0.0
7.92,352.0,23.95,23.97,23.96,10.7,10.6,10.4,7.63,1.6,0.08,0.09,203.5,12.6,266.0,1.0,3.0,395.0,700.0,64.0,1.0,64.0,7.5,10.9,79.0,32.2,31.7,0.0,3.0,66.1,0.0,7.24,6.5,16.1,15.6,16.5,15.5,17.3,16.2,16.2,16.4,41.1,40.7,20.0,30.0,15.6,19.8,34.0,31.0,25.0,0.0,0.0,0.0,6.0,6.0,4.0,0.0,20.0,20.0,19.0,31.0,29.0,31.0,30.0,30.0,33.0,45.13,44.96,45.14,36.0,330.0,3.7,0.0,0.0,0.0
7.86,352.0,23.95,23.97,23.96,10.8,10.4,10.4,7.76,-2.9,0.1,0.03,203.5,10.7,265.0,1.0,3.0,397.0,700.0,63.0,1.0,63.0,7.7,10.5,78.0,31.8,32.3,0.0,3.0,66.1,0.0,7.24,6.5,16.1,15.6,16.5,15.5,17.3,16.2,16.2,16.3,41.1,40.6,21.0,30.0,15.6,19.8,34.0,31.0,25.0,0.0,0.0,0.0,6.0,6.0,4.0,0.0,20.0,20.0,19.0,31.0,29.0,31.0,30.0,30.0,33.0,45.13,44.96,45.14,36.0,330.0,3.7,0.0,0.0,0.0
7.33,352.0,23.95,23.97,23.96,10.5,10.6,10.7,7.11,9.7,0.08,0.15,203.6,8.6,261.0,1.0,3.0,390.0,700.0,59.0,1.0,61.0,7.2,11.6,84.0,29.0,28.7,0.0,2.9,66.1,0.0,7.24,6.5,16.2,15.8,16.6,15.6,17.4,16.3,16.3,16.3,41.2,40.8,21.0,30.0,15.6,19.9,31.0,28.0,25.0,0.0,0.0,0.0,6.0,6.0,4.0,0.0,20.0,20.0,19.0,31.0,29.0,31.0,30.0,30.0,33.0,45.13,44.96,45.14,37.0,330.0,3.7,0.0,0.0,0.0
7.32,352.0,23.95,23.97,23.96,10.6,10.6,10.4,7.18,3.7,0.08,0.09,203.6,12.1,264.0,1.0,3.0,392.0,700.0,63.0,1.0,63.0,7.1,11.4,83.0,28.9,30.2,0.0,2.8,66.1,0.0,7.24,6.5,16.2,15.8,16.6,15.7,17.4,16.1,16.3,16.3,41.2,40.8,21.0,30.0,15.6,19.9,32.0,29.0,25.0,0.0,0.0,0.0,6.0,6.0,4.0,0.0,20.0,20.0,19.0,31.0,29.0,30.0,30.0,30.0,33.0,45.13,44.96,45.14,36.0,330.0,3.7,0.0,0.0,0.0
7.58,352.0,23.95,23.97,23.96,10.6,10.5,10.4,7.35,5.4,0.03,0.11,203.7,11.5,264.0,1.0,3.0,398.0,700.0,64.0,1.0,61.0,7.2,11.3,82.0,27.7,27.9,0.0,2.9,66.1,0.0,7.24,6.5,16.3,15.8,16.6,15.6,17.4,16.6,16.4,16.4,41.2,40.8,21.0,30.0,15.6,19.9,31.0,28.0,25.0,0.0,0.0,0.0,6.0,6.0,4.0,0.0,20.0,20.0,19.0,31.0,29.0,31.0,30.0,30.0,32.0,45.14,44.96,45.14,37.0,320.0,3.7,0.0,0.0,0.0
7.57,352.0,23.95,23.97,23.96,10.7,10.5,10.4,7.38,6.5,0.13,0.14,203.5,11.4,265.0,1.0,3.0,394.0,700.0,60.0,1.0,61.0,7.5,11.0,81.0,31.9,32.3,0.0,3.0,66.1,0.0,7.24,6.5,16.1,15.7,16.5,15.4,17.3,16.5,16.3,16.5,41.1,40.6,21.0,30.0,15.6,19.8,34.0,31.0,25.0,0.0,0.0,0.0,6.0,6.0,4.0,0.0,20.0,20.0,19.0,31.0,29.0,31.0,30.0,30.0,33.0,45.13,44.96,45.14,36.0,330.0,3.7,0.0,0.0,0.0
7.75,352.0,23.95,23.97,23.96,10.5,10.7,10.5,7.56,3.4,0.11,0.14,203.6,10.4,265.0,1.0,3.0,393.0,700.0,62.0,1.0,63.0,7.6,10.8,80.0,31.6,31.1,0.0,3.0,66.1,0.0,7.24,6.5,16.1,15.8,16.5,15.5,17.3,16.4,16.2,16.4,41.1,40.7,21.0,30.0,15.6,19.8,33.0,31.0,25.0,0.0,0.0,0.0,6.0,6.0,4.0,0.0,20.0,20.0,19.0,31.0,29.0,31.0,30.0,30.0,34.0,45.13,44.96,45.14,36.0,330.0,3.5,0.0,0.0,0.0
7.51,352.0,23.95,23.97,23.96,10.5,10.6,10.7,7.38,7.0,0.19,0.1,203.6,9.6,265.0,1.0,3.0,393.0,701.0,61.0,1.0,60.0,7.3,10.7,82.0,32.0,31.6,0.0,3.0,66.1,0.0,7.24,6.5,16.1,15.7,16.5,15.5,17.3,16.4,16.2,16.5,41.1,40.6,21.0,30.0,15.6,19.8,34.0,31.0,25.0,0.0,0.0,0.0,6.0,6.0,4.0,0.0,20.0,20.0,19.0,31.0,29.0,30.0,30.0,30.0,33.0,45.13,44.96,45.14,36.0,330.0,3.7,0.0,0.0,0.0
7.26,352.0,23.95,23.97,23.96,10.6,10.6,10.4,7.07,8.2,-0.04,0.17,203.4,11.4,262.0,1.0,3.0,395.0,700.0,62.0,2.0,65.0,6.9,11.0,84.0,29.4,29.3,0.0,2.9,66.1,0.0,7.24,6.5,16.2,15.8,16.6,15.6,17.4,16.4,16.3,16.3,41.2,40.7,21.0,30.0,15.6,19.9,32.0,29.0,25.0,0.0,0.0,0.0,6.0,6.0,4.0,0.0,20.0,20.0,19.0,31.0,29.0,30.0,30.0,30.0,33.0,45.13,44.96,45.14,37.0,330.0,3.6,0.0,0.0,0.0
7.52,352.0,23.95,23.97,23.96,10.5,10.5,10.9,7.33,2.9,0.07,0.09,204.0,11.6,265.0,1.0,3.0,393.0,700.0,61.0,0.0,61.0,7.2,10.7,82.0,28.1,27.9,0.0,2.9,66.1,0.0,7.24,6.5,16.3,15.8,16.6,15.6,17.4,16.6,16.4,16.4,41.2,40.8,21.0,30.0,15.6,19.9,31.0,28.0,25.0,0.0,0.0,0.0,6.0,6.0,4.0,0.0,20.0,20.0,19.0,31.0,29.0,31.0,30.0,30.0,33.0,45.13,44.96,45.14,37.0,330.0,3.7,0.0,0.0,0.0
7.36,352.0,23.95,23.97,23.96,10.7,10.5,10.4,7.22,4.3,0.08,0.08,203.6,9.1,267.0,1.0,3.0,398.0,700.0,62.0,0.0,71.0,7.1,10.9,83.0,32.9,32.9,0.0,3.0,66.1,0.0,7.24,6.5,16.3,15.8,16.6,15.6,17.4,16.3,16.4,16.3,41.3,40.8,21.0,30.0,15.8,19.9,35.0,32.0,25.0,0.0,0.0,0.0,6.0,6.0,4.0,0.0,20.0,20.0,19.0,31.0,29.0,31.0,30.0,30.0,33.0,45.13,44.96,45.14,37.0,330.0,3.6,0.0,0.0,0.0
7.28,352.0,23.95,23.97,23.96,10.5,10.6,10.8,7.1,5.0,0.13,0.17,203.9,8.5,262.0,1.0,3.0,397.0,700.0,62.0,1.0,62.0,7.0,11.4,84.0,28.7,28.9,0.0,2.9,66.1,0.0,7.24,6.5,16.2,15.8,16.6,15.6,17.4,16.3,16.4,16.3,41.2,40.7,20.0,30.0,15.6,19.9,32.0,29.0,25.0,0.0,0.0,0.0,6.0,6.0,4.0,0.0,20.0,20.0,19.0,31.0,29.0,31.0,30.0,30.0,32.0,45.13,44.96,45.14,37.0,320.0,3.7,0.0,0.0,0.0
7.43,352.0,23.95,23.97,23.96,10.5,10.6,10.5,7.25,5.6,0.27,0.09,203.7,9.0,263.0,1.0,3.0,390.0,700.0,62.0,0.0,61.0,7.2,10.5,83.0,29.7,29.5,0.0,2.9,66.1,0.0,7.24,6.5,16.1,15.8,16.5,15.6,17.4,16.4,16.3,16.3,41.2,40.8,21.0,30.0,15.6,19.9,32.0,29.0,25.0,0.0,0.0,0.0,6.0,6.0,4.0,0.0,20.0,20.0,19.0,31.0,29.0,31.0,30.0,30.0,33.0,45.13,44.96,45.14,37.0,330.0,3.5,0.0,0.0,0.0
7.33,352.0,23.95,23.97,23.96,10.6,10.5,10.4,7.22,9.1,0.01,0.1,203.6,11.8,263.0,1.0,3.0,392.0,700.0,61.0,2.0,65.0,7.2,11.6,84.0,30.2,30.4,0.0,2.9,66.1,0.0,7.24,6.5,16.1,15.8,16.5,15.5,17.4,16.4,16.3,16.3,41.1,40.8,21.0,30.0,15.6,19.9,33.0,30.0,25.0,0.0,0.0,0.0,6.0,6.0,4.0,0.0,20.0,20.0,19.0,31.0,29.0,31.0,30.0,30.0,34.0,45.13,44.96,45.14,37.0,340.0,3.6,0.0,0.0,0.0
7.43,352.0,23.95,23.97,23.96,10.7,10.5,10.4,7.25,-0.3,-0.07,0.16,203.6,12.0,266.0,1.0,3.0,391.0,700.0,62.0,1.0,60.0,7.2,11.3,82.0,33.4,33.1,0.1,3.1,66.1,0.0,7.24,6.5,16.3,15.8,16.6,15.7,17.4,16.3,16.3,16.3,41.3,40.9,21.0,30.0,15.8,19.9,35.0,32.0,25.0,0.0,0.0,0.0,6.0,6.0,4.0,0.0,20.0,20.0,19.0,31.0,29.0,30.0,30.0,30.0,32.0,45.13,44.96,45.14,37.0,320.0,3.6,0.0,0.0,0.0
7.52,352.0,23.95,23.97,23.96,10.8,10.4,10.4,7.39,9.0,0.16,0.07,203.7,11.2,263.0,1.0,3.0,399.0,701.0,62.0,-1.0,59.0,7.3,10.9,82.0,28.0,28.1,0.0,2.9,66.1,0.0,7.24,6.5,16.3,15.8,16.6,15.6,17.4,16.4,16.3,16.4,41.2,40.8,21.0,30.0,15.6,19.9,31.0,28.0,25.0,0.0,0.0,0.0,6.0,6.0,4.0,0.0,20.0,20.0,19.0,31.0,29.0,31.0,30.0,30.0,34.0,45.13,44.96,45.14,36.0,340.0,3.6,0.0,0.0,0.0
7.82,352.0,23.95,23.97,23.96,10.7,10.4,10.4,7.6,7.5,0.05,0.17,203.6,12.9,265.0,1.0,3.0,391.0,700.0,62.0,2.0,70.0,7.7,10.4,79.0,30.7,31.1,0.0,2.9,66.1,0.0,7.24,6.5,16.1,15.8,16.5,15.6,17.4,16.2,16.2,16.3,41.1,40.7,21.0,30.0,15.6,19.9,33.0,30.0,25.0,0.0,0.0,0.0,6.0,6.0,4.0,0.0,20.0,20.0,19.0,31.0,29.0,30.0,30.0,30.0,34.0,45.13,44.96,45.14,36.0,340.0,3.7,0.0,0.0,0.0
7.72,352.0,23.95,23.97,23.96,10.6,10.5,10.5,7.48,4.0,0.03,0.08,203.4,12.4,265.0,1.0,3.0,394.0,700.0,62.0,0.0,61.0,7.4,11.2,80.0,30.6,31.0,0.0,3.0,66.1,0.0,7.24,6.5,16.1,15.7,16.5,15.5,17.3,16.2,16.3,16.3,41.1,40.6,21.0,30.0,15.6,19.8,33.0,30.0,25.0,0.0,0.0,0.0,6.0,6.0,4.0,0.0,20.0,20.0,19.0,31.0,29.0,31.0,30.0,30.0,33.0,45.13,44.96,45.14,37.0,330.0,3.6,0.0,0.0,0.0
7.75,352.0,23.95,23.97,23.96,10.6,10.5,11.0,7.57,-0.7,0.29,0.09,203.6,10.8,266.0,1.0,3.0,400.0,700.0,62.0,0.0,59.0,7.5,10.2,80.0,31.1,31.2,0.0,3.0,66.1,0.0,7.24,6.5,16.1,15.7,16.5,15.5,17.3,16.3,16.2,16.4,41.1,40.7,21.0,30.0,15.6,19.8,34.0,31.0,25.0,0.0,0.0,0.0,6.0,6.0,4.0,0.0,20.0,20.0,19.0,31.0,29.0,31.0,30.0,30.0,33.0,45.13,44.96,45.14,37.0,330.0,3.7,0.0,0.0,0.0
7.42,352.0,23.95,23.97,23.96,10.5,10.6,10.5,7.24,1.4,0.16,0.08,203.5,8.7,266.0,1.0,3.0,395.0,700.0,62.0,0.0,63.0,7.3,10.5,83.0,33.2,32.8,0.1,3.1,66.1,0.0,7.24,6.5,16.3,15.8,16.6,15.7,17.4,16.3,16.3,16.3,41.3,40.9,21.0,30.0,15.8,19.9,35.0,32.0,25.0,0.0,0.0,0.0,6.0,6.0,4.0,0.0,20.0,20.0,19.0,31.0,29.0,30.0,30.0,30.0,33.0,45.13,44.96,45.14,36.0,330.0,3.6,0.0,0.0,0.0
0.0,0.0,0.0,0.0,0.0,0.0,0.0,0.0,0.0,0.0,0.0,0.0,0.0,0.0,0.0,0.0,0.0,0.0,0.0,62.0,0.0,0.0,0.0,0.0,0.0,0.0,0.0,0.0,0.0,0.0,0.0,0.0,0.0,0.0,0.0,0.0,0.0,0.0,0.0,0.0,0.0,0.0,0.0,0.0,0.0,0.0,0.0,0.0,0.0,0.0,0.0,0.0,0.0,0.0,0.0,0.0,0.0,0.0,0.0,0.0,0.0,0.0,0.0,0.0,0.0,0.0,0.0,0.0,0.0,0.0,0.0,0.0,0.0,0.0,0.0
7.62,352.0,23.95,23.97,23.96,10.6,10.5,10.5,7.43,6.7,-0.02,0.11,203.7,11.8,263.0,1.0,3.0,397.0,700.0,61.0,-1.0,62.0,7.4,10.9,81.0,29.6,31.6,0.0,2.8,66.1,0.0,7.24,6.5,16.3,15.8,16.6,15.6,17.4,16.4,16.3,16.4,41.2,40.8,21.0,30.0,15.6,19.9,33.0,30.0,25.0,0.0,0.0,0.0,6.0,6.0,4.0,0.0,20.0,20.0,19.0,31.0,29.0,30.0,30.0,30.0,32.0,45.13,44.96,45.14,36.0,320.0,3.6,0.0,0.0,0.0
7.75,352.0,23.95,23.97,23.96,10.7,10.4,10.4,7.51,5.4,0.12,0.19,203.5,11.1,266.0,1.0,3.0,398.0,700.0,62.0,-1.0,63.0,7.6,10.5,80.0,31.2,31.4,0.0,3.0,66.1,0.0,7.24,6.5,16.1,15.6,16.5,15.6,17.3,16.0,16.2,16.3,41.1,40.7,21.0,30.0,15.6,19.8,34.0,31.0,25.0,0.0,0.0,0.0,6.0,6.0,4.0,0.0,20.0,20.0,19.0,31.0,29.0,31.0,30.0,30.0,34.0,45.13,44.96,45.14,36.0,340.0,3.5,0.0,0.0,0.0
7.63,352.0,23.95,23.97,23.96,10.5,10.6,10.8,7.46,3.5,0.05,0.13,203.4,11.2,265.0,1.0,3.0,395.0,700.0,62.0,0.0,63.0,7.6,10.4,81.0,31.3,30.7,0.0,2.9,66.1,0.0,7.24,6.5,16.1,15.8,16.5,15.5,17.3,16.4,16.3,16.4,41.1,40.7,21.0,30.0,15.6,19.8,33.0,30.0,25.0,0.0,0.0,0.0,6.0,6.0,4.0,0.0,20.0,20.0,19.0,31.0,29.0,30.0,30.0,30.0,33.0,45.13,44.96,45.14,37.0,330.0,3.6,0.0,0.0,0.0
7.63,352.0,23.95,23.97,23.96,10.7,10.5,10.4,7.52,-7.5,0.19,0.17,203.8,11.1,267.0,1.0,3.0,394.0,700.0,60.0,1.0,63.0,7.6,10.7,80.0,30.8,30.6,0.0,2.9,66.1,0.0,7.24,6.5,16.1,15.8,16.5,15.6,17.4,16.4,16.3,16.4,41.1,40.7,21.0,30.0,15.6,19.9,33.0,30.0,25.0,0.0,0.0,0.0,6.0,6.0,4.0,0.0,20.0,20.0,19.0,31.0,29.0,30.0,30.0,30.0,33.0,45.13,44.96,45.14,35.0,330.0,3.6,0.0,0.0,0.0
7.42,352.0,23.95,23.97,23.96,10.8,10.4,10.4,7.31,5.9,0.12,-0.02,203.7,11.6,266.0,1.0,3.0,395.0,700.0,62.0,0.0,64.0,7.2,10.9,83.0,33.1,32.9,0.1,3.0,66.1,0.0,7.24,6.5,16.3,15.8,16.6,15.7,17.4,16.3,16.3,16.4,41.3,40.8,21.0,30.0,15.8,19.9,35.0,32.0,25.0,0.0,0.0,0.0,6.0,6.0,4.0,0.0,20.0,20.0,19.0,31.0,29.0,30.0,30.0,30.0,33.0,45.13,44.96,45.14,37.0,330.0,3.6,0.0,0.0,0.0
7.81,352.0,23.95,23.97,23.96,10.5,10.5,11.0,7.69,8.3,0.12,-0.02,203.6,12.3,264.0,1.0,3.0,395.0,700.0,62.0,1.0,63.0,7.8,10.4,79.0,32.0,31.9,0.0,3.0,66.1,0.0,7.24,6.5,16.1,15.6,16.5,15.5,17.3,16.2,16.3,16.3,41.1,40.6,21.0,30.0,15.6,19.8,34.0,31.0,25.0,0.0,0.0,0.0,6.0,6.0,4.0,0.0,20.0,20.0,19.0,31.0,29.0,30.0,30.0,30.0,34.0,45.13,44.96,45.14,36.0,340.0,3.6,0.0,0.0,0.0
7.75,352.0,23.95,23.97,23.96,10.5,10.5,10.8,7.52,3.6,0.01,0.19,203.7,11.6,266.0,1.0,3.0,395.0,700.0,64.0,0.0,63.0,7.6,10.4,79.0,30.4,30.8,0.0,2.9,66.1,0.0,7.24,6.5,16.1,15.8,16.5,15.6,17.4,16.2,16.2,16.3,41.1,40.6,21.0,30.0,15.6,19.9,33.0,30.0,25.0,0.0,0.0,0.0,6.0,6.0,4.0,0.0,20.0,20.0,19.0,31.0,29.0,31.0,30.0,30.0,34.0,45.13,44.96,45.14,37.0,340.0,3.6,0.0,0.0,0.0
7.21,352.0,23.95,23.97,23.96,10.5,10.6,10.7,7.06,2.5,0.03,0.16,203.8,11.6,262.0,1.0,3.0,393.0,700.0,62.0,1.0,61.0,7.0,11.1,84.0,29.2,28.7,0.0,2.9,66.1,0.0,7.24,6.5,16.2,15.8,16.6,15.6,17.4,16.3,16.3,16.3,41.2,40.7,21.0,30.0,15.6,19.9,31.0,28.0,25.0,0.0,0.0,0.0,6.0,6.0,4.0,0.0,20.0,20.0,19.0,31.0,29.0,30.0,30.0,30.0,33.0,45.13,44.96,45.14,37.0,330.0,3.7,0.0,0.0,0.0
7.43,352.0,23.95,23.97,23.96,10.8,10.5,10.4,7.34,4.8,0.17,-0.03,203.5,10.3,264.0,1.0,3.0,394.0,700.0,61.0,2.0,66.0,7.4,10.6,82.0,30.5,30.4,0.0,2.9,66.1,0.0,7.24,6.5,16.1,15.8,16.5,15.6,17.4,16.4,16.2,16.3,41.1,40.7,21.0,30.0,15.6,19.9,33.0,30.0,25.0,0.0,0.0,0.0,6.0,6.0,4.0,0.0,20.0,20.0,19.0,31.0,29.0,31.0,30.0,30.0,33.0,45.14,44.96,45.14,36.0,330.0,3.6,0.0,0.0,0.0
7.68,352.0,23.95,23.97,23.96,10.5,10.6,10.9,7.48,3.0,0.08,-0.01,203.6,11.6,266.0,1.0,3.0,395.0,701.0,62.0,2.0,59.0,7.4,11.1,80.0,31.6,31.6,0.0,3.0,66.1,0.0,7.24,6.5,16.1,15.6,16.5,15.5,17.3,16.2,16.3,16.3,41.1,40.6,21.0,30.0,15.6,19.8,34.0,31.0,25.0,0.0,0.0,0.0,6.0,6.0,4.0,0.0,20.0,20.0,19.0,31.0,29.0,30.0,30.0,30.0,32.0,45.13,44.96,45.14,35.0,320.0,3.7,0.0,0.0,0.0
7.53,352.0,23.95,23.97,23.96,10.6,10.7,10.4,7.32,3.0,0.09,0.09,203.8,11.4,267.0,1.0,3.0,393.0,699.0,62.0,1.0,61.0,7.2,10.7,82.0,32.9,32.5,0.1,3.1,66.1,0.0,7.24,6.5,16.3,15.8,16.6,15.7,17.4,16.3,16.4,16.4,41.3,40.8,21.0,30.0,15.8,19.9,35.0,32.0,25.0,0.0,0.0,0.0,6.0,6.0,4.0,0.0,20.0,20.0,19.0,31.0,29.0,30.0,30.0,30.0,33.0,45.13,44.96,45.14,37.0,330.0,3.6,0.0,0.0,0.0
7.63,352.0,23.95,23.97,23.96,10.6,10.6,10.5,7.46,0.8,-0.08,0.14,203.6,11.6,267.0,1.0,3.0,395.0,700.0,61.0,0.0,63.0,7.6,10.5,80.0,31.2,31.6,0.0,3.0,66.1,0.0,7.24,6.5,16.1,15.6,16.5,15.6,17.3,16.1,16.3,16.3,41.1,40.7,21.0,30.0,15.6,19.8,34.0,31.0,25.0,0.0,0.0,0.0,6.0,6.0,4.0,0.0,20.0,20.0,19.0,31.0,29.0,31.0,30.0,30.0,34.0,45.13,44.96,45.14,35.0,340.0,3.6,0.0,0.0,0.0
7.53,352.0,23.95,23.97,23.96,10.6,10.6,10.4,7.34,3.1,0.0,0.26,203.8,11.8,264.0,1.0,3.0,393.0,700.0,60.0,0.0,73.0,7.3,11.2,82.0,27.6,28.2,0.0,2.8,66.1,0.0,7.24,6.5,16.3,15.8,16.6,15.6,17.4,16.4,16.4,16.3,41.2,40.8,21.0,30.0,15.6,19.9,31.0,28.0,25.0,0.0,0.0,0.0,6.0,6.0,4.0,0.0,20.0,20.0,19.0,31.0,29.0,30.0,30.0,30.0,32.0,45.13,44.96,45.14,37.0,320.0,3.6,0.0,0.0,0.0
7.73,352.0,23.95,23.97,23.96,10.5,10.6,10.8,7.56,7.9,0.12,0.12,203.8,11.4,263.0,1.0,3.0,394.0,700.0,62.0,0.0,58.0,7.6,10.9,80.0,29.4,29.6,0.0,2.9,66.1,0.0,7.24,6.5,16.1,15.8,16.6,15.6,17.4,16.2,16.3,16.4,41.2,40.8,21.0,30.0,15.6,19.9,32.0,29.0,25.0,0.0,0.0,0.0,6.0,6.0,4.0,0.0,20.0,20.0,19.0,31.0,29.0,31.0,30.0,30.0,33.0,45.13,44.96,45.14,37.0,330.0,3.6,0.0,0.0,0.0
7.43,352.0,23.95,23.97,23.96,10.7,10.5,10.4,7.25,9.6,0.01,0.23,203.5,12.1,263.0,1.0,3.0,397.0,700.0,62.0,0.0,65.0,7.2,11.0,83.0,30.2,30.3,0.0,2.9,66.1,0.0,7.24,6.5,16.1,15.8,16.5,15.6,17.4,16.5,16.2,16.3,41.1,40.8,21.0,30.0,15.6,19.9,33.0,30.0,25.0,0.0,0.0,0.0,6.0,6.0,4.0,0.0,20.0,20.0,19.0,31.0,29.0,30.0,30.0,30.0,33.0,45.13,44.96,45.14,36.0,330.0,3.6,0.0,0.0,0.0
7.69,352.0,23.95,23.97,23.96,10.5,10.8,10.4,7.44,3.6,0.05,0.07,203.4,12.0,265.0,1.0,3.0,398.0,700.0,62.0,0.0,59.0,7.3,10.8,81.0,30.8,31.1,0.0,3.0,66.1,0.0,7.24,6.5,16.1,15.8,16.5,15.5,17.3,16.4,16.3,16.4,41.1,40.7,21.0,30.0,15.6,19.8,33.0,30.0,25.0,0.0,0.0,0.0,6.0,6.0,4.0,0.0,20.0,20.0,19.0,31.0,29.0,30.0,30.0,30.0,32.0,45.13,44.96,45.14,36.0,320.0,3.6,0.0,0.0,0.0
7.53,352.0,23.95,23.97,23.96,10.5,10.6,10.9,7.32,5.7,0.05,0.05,203.7,11.6,265.0,1.0,3.0,395.0,701.0,61.0,0.0,59.0,7.3,11.2,82.0,31.6,31.8,0.0,3.0,66.1,0.0,7.24,6.5,16.1,15.7,16.5,15.5,17.3,16.5,16.3,16.5,41.1,40.7,21.0,30.0,15.6,19.8,34.0,31.0,25.0,0.0,0.0,0.0,6.0,6.0,4.0,0.0,20.0,20.0,19.0,31.0,29.0,31.0,30.0,30.0,33.0,45.13,44.96,45.14,36.0,330.0,3.7,0.0,0.0,0.0
7.63,352.0,23.95,23.97,23.96,10.7,10.5,10.4,7.44,0.0,0.14,0.09,203.5,9.8,265.0,1.0,3.0,396.0,701.0,61.0,-1.0,56.0,7.6,10.5,81.0,31.8,31.6,0.0,3.0,66.1,0.0,7.24,6.5,16.1,15.7,16.5,15.5,17.3,16.3,16.2,16.4,41.1,40.6,21.0,30.0,15.6,19.8,34.0,31.0,25.0,0.0,0.0,0.0,6.0,6.0,4.0,0.0,20.0,20.0,19.0,31.0,29.0,30.0,30.0,30.0,32.0,45.13,44.96,45.14,36.0,320.0,3.6,0.0,0.0,0.0
7.74,352.0,23.95,23.97,23.96,10.6,10.5,10.4,7.53,7.0,0.08,0.1,203.5,12.4,263.0,1.0,3.0,398.0,701.0,63.0,0.0,62.0,7.4,10.7,80.0,29.5,29.7,0.0,2.9,66.1,0.0,7.24,6.5,16.1,15.8,16.6,15.6,17.4,16.2,16.3,16.3,41.2,40.8,21.0,30.0,15.6,19.9,32.0,29.0,25.0,0.0,0.0,0.0,6.0,6.0,4.0,0.0,20.0,20.0,19.0,31.0,29.0,31.0,30.0,30.0,33.0,45.13,44.96,45.14,37.0,330.0,3.6,0.0,0.0,0.0
7.76,352.0,23.95,23.97,23.96,10.6,10.5,10.5,7.53,1.5,0.07,0.18,203.4,12.6,266.0,1.0,3.0,397.0,700.0,63.0,0.0,66.0,7.4,11.0,80.0,31.7,32.0,0.0,3.0,66.1,0.0,7.24,6.5,16.1,15.7,16.5,15.5,17.3,16.4,16.2,16.3,41.1,40.6,21.0,30.0,15.6,19.8,34.0,31.0,25.0,0.0,0.0,0.0,6.0,6.0,4.0,0.0,20.0,20.0,19.0,31.0,29.0,30.0,30.0,30.0,32.0,45.13,44.96,45.13,36.0,320.0,3.6,0.0,0.0,0.0
7.74,352.0,23.95,23.97,23.96,10.5,10.6,10.5,7.56,4.3,0.14,0.05,203.6,8.7,266.0,1.0,3.0,388.0,699.0,62.0,1.0,61.0,7.6,10.8,79.0,30.6,31.3,0.0,2.9,66.1,0.0,7.24,6.5,16.1,15.8,16.5,15.6,17.4,16.2,16.2,16.3,41.1,40.7,21.0,30.0,15.6,19.9,33.0,30.0,25.0,0.0,0.0,0.0,6.0,6.0,4.0,0.0,20.0,20.0,19.0,31.0,29.0,31.0,30.0,30.0,33.0,45.13,44.96,45.14,37.0,330.0,3.6,0.0,0.0,0.0
7.37,352.0,23.95,23.97,23.96,10.5,10.6,11.0,7.18,6.0,0.24,0.0,203.7,11.0,266.0,1.0,3.0,396.0,700.0,63.0,0.0,68.0,7.1,11.0,84.0,32.8,33.1,0.0,2.9,66.1,0.0,7.24,6.5,16.3,15.8,16.6,15.6,17.4,16.4,16.5,16.4,41.3,40.9,21.0,30.0,15.8,19.9,35.0,32.0,25.0,0.0,0.0,0.0,6.0,6.0,4.0,0.0,20.0,20.0,19.0,31.0,29.0,30.0,30.0,30.0,32.0,45.13,44.96,45.14,36.0,320.0,3.6,0.0,0.0,0.0
7.42,352.0,23.95,23.97,23.96,10.5,10.6,10.6,7.2,2.1,-0.07,0.19,203.6,11.2,266.0,1.0,3.0,394.0,700.0,62.0,1.0,65.0,7.1,11.4,83.0,32.2,32.8,0.0,2.9,66.1,0.0,7.24,6.5,16.3,15.8,16.6,15.6,17.4,16.5,16.4,16.4,41.2,40.9,21.0,30.0,15.7,19.9,34.0,32.0,25.0,0.0,0.0,0.0,6.0,6.0,4.0,0.0,20.0,20.0,19.0,31.0,29.0,31.0,30.0,30.0,33.0,45.13,44.96,45.14,37.0,330.0,3.7,0.0,0.0,0.0
7.53,352.0,23.95,23.97,23.96,10.7,10.4,10.4,7.42,4.4,0.08,0.05,203.7,11.6,265.0,1.0,3.0,394.0,700.0,60.0,3.0,63.0,7.3,10.5,80.0,31.2,30.9,0.0,3.0,66.1,0.0,7.24,6.5,16.1,15.7,16.5,15.5,17.3,16.3,16.3,16.4,41.1,40.7,21.0,30.0,15.6,19.8,33.0,31.0,25.0,0.0,0.0,0.0,6.0,6.0,4.0,0.0,20.0,20.0,19.0,31.0,29.0,30.0,30.0,30.0,33.0,45.13,44.96,45.14,37.0,330.0,3.6,0.0,0.0,0.0
7.38,352.0,23.95,23.97,23.96,10.8,10.4,10.4,7.17,6.3,0.1,0.08,203.8,8.7,263.0,1.0,3.0,393.0,700.0,61.0,2.0,61.0,7.1,11.1,84.0,28.3,29.9,0.0,2.8,66.1,0.0,7.24,6.5,16.3,15.8,16.6,15.7,17.4,16.3,16.4,16.4,41.2,40.8,21.0,30.0,15.6,19.9,31.0,28.0,25.0,0.0,0.0,0.0,6.0,6.0,4.0,0.0,20.0,20.0,19.0,31.0,29.0,30.0,30.0,30.0,33.0,45.13,44.96,45.14,37.0,330.0,3.6,0.0,0.0,0.0
7.81,352.0,23.95,23.97,23.96,10.6,10.5,10.4,7.66,9.9,-0.02,0.08,203.4,11.3,265.0,1.0,3.0,394.0,701.0,62.0,0.0,60.0,7.5,10.4,79.0,31.8,31.9,0.0,3.0,66.1,0.0,7.24,6.5,16.1,15.6,16.5,15.5,17.3,16.2,16.2,16.4,41.1,40.7,21.0,30.0,15.6,19.8,34.0,31.0,25.0,0.0,0.0,0.0,6.0,6.0,4.0,0.0,20.0,20.0,19.0,31.0,29.0,31.0,30.0,30.0,33.0,45.13,44.96,45.14,36.0,330.0,3.7,0.0,0.0,0.0
7.47,352.0,23.95,23.97,23.96,10.5,10.6,10.7,7.29,-1.8,0.01,0.15,203.4,11.5,267.0,1.0,3.0,396.0,700.0,62.0,0.0,64.0,7.2,10.8,82.0,32.5,32.7,0.1,3.0,66.1,0.0,7.24,6.5,16.3,15.8,16.6,15.7,17.4,16.5,16.3,16.5,41.3,40.8,21.0,30.0,15.8,19.9,35.0,32.0,25.0,0.0,0.0,0.0,6.0,6.0,4.0,0.0,20.0,20.0,19.0,31.0,29.0,31.0,30.0,30.0,34.0,45.13,44.96,45.14,36.0,350.0,3.7,0.0,0.0,0.0
7.68,352.0,23.95,23.97,23.96,10.6,10.8,10.4,7.46,-4.8,0.08,0.03,203.4,11.8,267.0,1.0,3.0,396.0,700.0,60.0,0.0,59.0,7.5,11.0,80.0,31.1,31.7,0.0,3.0,66.1,0.0,7.24,6.5,16.1,15.7,16.5,15.6,17.3,16.2,16.2,16.4,41.1,40.7,21.0,30.0,15.6,19.8,34.0,31.0,25.0,0.0,0.0,0.0,6.0,6.0,4.0,0.0,20.0,20.0,19.0,31.0,29.0,30.0,30.0,30.0,32.0,45.13,44.96,45.14,36.0,320.0,3.6,0.0,0.0,0.0
7.58,352.0,23.95,23.97,23.96,10.5,10.5,10.8,7.34,5.4,0.02,0.14,203.8,12.6,265.0,1.0,3.0,388.0,700.0,61.0,2.0,59.0,7.3,10.7,82.0,31.7,31.6,0.0,3.0,66.1,0.0,7.24,6.5,16.1,15.7,16.5,15.4,17.3,16.5,16.3,16.5,41.1,40.7,21.0,30.0,15.6,19.8,34.0,31.0,25.0,0.0,0.0,0.0,6.0,6.0,4.0,0.0,20.0,20.0,19.0,31.0,29.0,31.0,30.0,30.0,33.0,45.13,44.96,45.14,36.0,330.0,3.7,0.0,0.0,0.0
7.41,352.0,23.95,23.97,23.96,10.6,10.5,10.4,7.17,9.2,-0.05,0.12,203.6,10.6,262.0,1.0,3.0,395.0,701.0,63.0,1.0,70.0,7.1,11.0,83.0,30.2,29.7,0.0,2.9,66.1,0.0,7.24,6.5,16.1,15.8,16.6,15.6,17.4,16.3,16.3,16.3,41.2,40.7,21.0,30.0,15.6,19.9,32.0,30.0,25.0,0.0,0.0,0.0,6.0,6.0,4.0,0.0,20.0,20.0,19.0,31.0,29.0,31.0,30.0,30.0,32.0,45.13,44.96,45.14,36.0,320.0,3.6,0.0,0.0,0.0
7.52,352.0,23.95,23.97,23.96,10.5,10.6,10.9,7.31,1.0,0.11,0.05,203.7,11.1,267.0,1.0,3.0,394.0,700.0,63.0,0.0,63.0,7.2,11.1,83.0,32.8,32.4,0.1,3.1,66.1,0.0,7.24,6.5,16.3,15.8,16.6,15.7,17.4,16.5,16.3,16.5,41.3,40.8,21.0,30.0,15.8,19.9,35.0,32.0,25.0,0.0,0.0,0.0,6.0,6.0,4.0,0.0,20.0,20.0,19.0,31.0,29.0,31.0,30.0,30.0,34.0,45.13,44.96,45.14,36.0,340.0,3.6,0.0,0.0,0.0
7.43,352.0,23.95,23.97,23.96,10.5,10.5,10.9,7.23,1.7,-0.19,0.15,203.5,12.4,264.0,1.0,3.0,396.0,700.0,65.0,-1.0,65.0,7.1,11.0,83.0,29.6,29.7,0.0,2.9,66.1,0.0,7.24,6.5,16.1,15.8,16.5,15.6,17.4,16.4,16.3,16.4,41.2,40.7,21.0,30.0,15.6,19.9,32.0,29.0,25.0,0.0,0.0,0.0,6.0,6.0,4.0,0.0,20.0,20.0,19.0,31.0,29.0,31.0,30.0,30.0,33.0,45.13,44.96,45.14,37.0,330.0,3.5,0.0,0.0,0.0
7.74,352.0,23.95,23.97,23.96,10.6,10.6,10.8,7.6,7.2,0.08,0.11,203.4,10.6,265.0,1.0,3.0,394.0,699.0,62.0,1.0,60.0,7.5,10.4,80.0,30.5,30.9,0.0,2.9,66.1,0.0,7.24,6.5,16.1,15.8,16.5,15.6,17.4,16.2,16.2,16.3,41.1,40.7,21.0,30.0,15.6,19.9,33.0,30.0,25.0,0.0,0.0,0.0,6.0,6.0,4.0,0.0,20.0,20.0,19.0,31.0,29.0,31.0,30.0,30.0,34.0,45.13,44.96,45.14,36.0,340.0,3.7,0.0,0.0,0.0
7.33,352.0,23.95,23.97,23.96,10.6,10.6,10.6,7.14,5.1,-0.03,0.12,203.6,12.1,262.0,1.0,3.0,395.0,700.0,61.0,0.0,61.0,7.1,11.6,84.0,28.4,28.8,0.0,2.9,66.1,0.0,7.24,6.5,16.2,15.8,16.6,15.6,17.4,16.3,16.3,16.3,41.2,40.8,21.0,30.0,15.6,19.9,31.0,28.0,25.0,0.0,0.0,0.0,6.0,6.0,4.0,0.0,20.0,20.0,19.0,31.0,29.0,30.0,30.0,30.0,34.0,45.13,44.96,45.14,36.0,340.0,3.6,0.0,0.0,0.0
7.53,352.0,23.95,23.97,23.96,10.7,10.4,10.4,7.28,8.7,0.13,0.14,203.7,7.8,261.0,1.0,3.0,397.0,700.0,61.0,1.0,63.0,7.4,11.1,82.0,28.5,29.0,0.0,2.9,66.1,0.0,7.24,6.5,16.2,15.8,16.6,15.6,17.4,16.3,16.3,16.3,41.2,40.7,21.0,30.0,15.6,19.9,31.0,28.0,25.0,0.0,0.0,0.0,6.0,6.0,4.0,0.0,20.0,20.0,19.0,31.0,29.0,30.0,30.0,30.0,34.0,45.13,44.96,45.14,36.0,340.0,3.6,0.0,0.0,0.0
7.42,352.0,23.95,23.97,23.96,10.8,10.4,10.4,7.23,7.7,0.31,0.1,203.7,9.4,262.0,1.0,3.0,398.0,701.0,61.0,0.0,68.0,7.4,11.2,83.0,30.1,29.7,0.0,2.9,66.1,0.0,7.24,6.5,16.1,15.8,16.6,15.6,17.4,16.3,16.4,16.3,41.2,40.7,21.0,30.0,15.6,19.9,32.0,30.0,25.0,0.0,0.0,0.0,6.0,6.0,4.0,0.0,20.0,20.0,19.0,31.0,29.0,31.0,30.0,30.0,32.0,45.13,44.96,45.14,36.0,320.0,3.6,0.0,0.0,0.0
7.76,352.0,23.95,23.97,23.96,10.5,10.6,10.8,7.61,4.5,0.14,0.16,203.5,10.8,266.0,1.0,3.0,391.0,700.0,60.0,2.0,62.0,7.5,10.9,80.0,31.8,31.9,0.0,3.0,66.1,0.0,7.24,6.5,16.1,15.6,16.5,15.5,17.3,16.2,16.3,16.3,41.1,40.7,21.0,30.0,15.6,19.8,34.0,31.0,25.0,0.0,0.0,0.0,6.0,6.0,4.0,0.0,20.0,20.0,19.0,31.0,29.0,31.0,30.0,30.0,33.0,45.13,44.96,45.14,37.0,330.0,3.7,0.0,0.0,0.0
7.52,352.0,23.95,23.97,23.96,10.5,10.6,10.4,7.36,8.2,0.08,0.08,203.7,9.7,264.0,1.0,3.0,395.0,700.0,62.0,0.0,61.0,7.3,11.1,82.0,27.7,28.2,0.0,2.9,66.1,0.0,7.24,6.5,16.3,15.8,16.6,15.6,17.4,16.5,16.4,16.4,41.2,40.7,21.0,30.0,15.6,19.9,31.0,28.0,25.0,0.0,0.0,0.0,6.0,6.0,4.0,0.0,20.0,20.0,19.0,31.0,29.0,30.0,30.0,30.0,34.0,45.13,44.96,45.14,37.0,340.0,3.7,0.0,0.0,0.0
7.52,352.0,23.95,23.97,23.96,10.6,10.6,10.5,7.34,9.0,0.02,0.03,203.5,11.3,263.0,1.0,3.0,394.0,700.0,62.0,2.0,68.0,7.3,11.0,82.0,29.3,30.6,0.0,2.8,66.1,0.0,7.24,6.5,16.3,15.8,16.6,15.6,17.4,16.4,16.3,16.4,41.2,40.8,21.0,30.0,15.6,19.9,32.0,29.0,25.0,0.0,0.0,0.0,6.0,6.0,4.0,0.0,20.0,20.0,19.0,31.0,29.0,31.0,30.0,30.0,34.0,45.13,44.96,45.14,37.0,340.0,3.6,0.0,0.0,0.0
7.73,352.0,23.95,23.97,23.96,10.5,10.6,11.1,7.56,-1.5,0.19,0.17,203.7,11.8,266.0,1.0,3.0,395.0,700.0,61.0,1.0,58.0,7.5,10.4,80.0,31.4,31.1,0.0,2.9,66.1,0.0,7.24,6.5,16.1,15.8,16.5,15.5,17.3,16.4,16.2,16.4,41.1,40.7,21.0,30.0,15.6,19.8,33.0,31.0,25.0,0.0,0.0,0.0,6.0,6.0,4.0,0.0,20.0,20.0,19.0,31.0,29.0,31.0,30.0,30.0,34.0,45.14,44.96,45.14,36.0,340.0,3.6,0.0,0.0,0.0
7.42,352.0,23.95,23.97,23.96,10.8,10.4,10.4,7.25,4.1,0.08,0.09,203.5,10.6,266.0,1.0,3.0,395.0,700.0,61.0,1.0,60.0,7.1,10.9,83.0,31.8,32.8,0.0,2.9,66.1,0.0,7.24,6.5,16.3,15.8,16.6,15.6,17.4,16.5,16.4,16.4,41.2,40.9,21.0,30.0,15.7,19.9,34.0,32.0,25.0,0.0,0.0,0.0,6.0,6.0,4.0,0.0,20.0,20.0,19.0,31.0,29.0,31.0,30.0,30.0,33.0,45.13,44.96,45.14,36.0,330.0,3.7,0.0,0.0,0.0
7.82,352.0,23.95,23.97,23.96,10.6,10.6,10.5,7.73,5.3,-0.03,0.03,203.4,12.7,265.0,1.0,3.0,394.0,700.0,62.0,2.0,65.0,7.8,10.8,79.0,32.2,31.7,0.0,3.0,66.1,0.0,7.24,6.5,16.1,15.6,16.5,15.5,17.3,16.2,16.3,16.3,41.1,40.6,21.0,30.0,15.6,19.8,34.0,31.0,25.0,0.0,0.0,0.0,6.0,6.0,4.0,0.0,20.0,20.0,19.0,31.0,29.0,30.0,30.0,30.0,34.0,45.13,44.96,45.14,35.0,340.0,3.6,0.0,0.0,0.0
7.42,352.0,23.95,23.97,23.96,10.8,10.4,10.4,7.28,3.7,0.23,-0.08,203.6,9.9,264.0,1.0,3.0,400.0,700.0,62.0,1.0,59.0,7.3,11.2,83.0,28.1,29.1,0.0,2.8,66.1,0.0,7.24,6.5,16.3,15.8,16.6,15.6,17.4,16.5,16.4,16.3,41.2,40.8,21.0,30.0,15.6,19.9,31.0,28.0,25.0,0.0,0.0,0.0,6.0,6.0,4.0,0.0,20.0,20.0,19.0,31.0,29.0,31.0,30.0,30.0,33.0,45.13,44.96,45.14,37.0,330.0,3.7,0.0,0.0,0.0
7.37,352.0,23.95,23.97,23.96,10.5,10.7,10.4,7.24,12.0,0.31,0.06,203.7,10.7,261.0,1.0,3.0,391.0,700.0,62.0,1.0,65.0,7.3,11.4,84.0,29.2,29.3,0.0,2.9,66.1,0.0,7.24,6.5,16.2,15.8,16.6,15.6,17.4,16.5,16.3,16.4,41.2,40.7,21.0,30.0,15.6,19.9,32.0,29.0,25.0,0.0,0.0,0.0,6.0,6.0,4.0,0.0,20.0,20.0,19.0,31.0,29.0,31.0,30.0,30.0,32.0,45.13,44.96,45.14,36.0,320.0,3.7,0.0,0.0,0.0
7.32,352.0,23.95,23.97,23.96,10.5,10.6,10.9,7.22,5.0,0.19,0.03,203.6,10.1,265.0,1.0,3.0,394.0,700.0,62.0,1.0,66.0,7.1,11.1,84.0,32.0,33.3,0.0,2.9,66.1,0.0,7.24,6.5,16.3,15.8,16.6,15.6,17.4,16.5,16.4,16.4,41.2,40.9,21.0,30.0,15.8,19.9,34.0,32.0,25.0,0.0,0.0,0.0,6.0,6.0,4.0,0.0,20.0,20.0,19.0,31.0,29.0,31.0,30.0,30.0,33.0,45.13,44.96,45.14,37.0,330.0,3.7,0.0,0.0,0.0
7.76,352.0,23.95,23.97,23.96,10.5,10.6,10.9,7.54,-3.0,-0.02,0.09,203.5,12.3,267.0,1.0,3.0,394.0,700.0,59.0,1.0,68.0,7.7,10.7,79.0,31.3,31.5,0.0,3.0,66.1,0.0,7.24,6.5,16.1,15.7,16.5,15.5,17.3,16.4,16.2,16.3,41.1,40.7,21.0,30.0,15.6,19.8,34.0,31.0,25.0,0.0,0.0,0.0,6.0,6.0,4.0,0.0,20.0,20.0,19.0,31.0,29.0,30.0,30.0,30.0,34.0,45.13,44.96,45.14,37.0,340.0,3.6,0.0,0.0,0.0
7.42,352.0,23.95,23.97,23.96,10.6,10.7,10.4,7.24,7.0,0.03,0.14,203.5,12.0,266.0,1.0,3.0,393.0,700.0,61.0,2.0,55.0,7.1,10.9,83.0,33.0,32.7,0.1,3.0,66.1,0.0,7.24,6.5,16.3,15.8,16.6,15.6,17.4,16.5,16.4,16.4,41.3,40.8,21.0,30.0,15.8,19.9,35.0,32.0,25.0,0.0,0.0,0.0,6.0,6.0,4.0,0.0,20.0,20.0,19.0,31.0,29.0,31.0,30.0,30.0,34.0,45.13,44.96,45.14,36.0,340.0,3.7,0.0,0.0,0.0
7.74,352.0,23.95,23.97,23.96,10.5,10.5,11.0,7.53,4.3,0.08,0.09,203.5,11.4,266.0,1.0,3.0,391.0,700.0,63.0,1.0,65.0,7.4,10.5,80.0,31.4,31.8,0.0,3.0,66.1,0.0,7.24,6.5,16.1,15.6,16.5,15.5,17.3,16.1,16.2,16.3,41.1,40.6,21.0,30.0,15.6,19.8,34.0,31.0,25.0,0.0,0.0,0.0,6.0,6.0,4.0,0.0,20.0,20.0,19.0,31.0,29.0,31.0,30.0,30.0,34.0,45.13,44.96,45.14,37.0,340.0,3.6,0.0,0.0,0.0
7.92,352.0,23.95,23.97,23.96,10.5,10.6,10.9,7.74,0.5,0.03,0.09,203.3,11.0,266.0,1.0,3.0,395.0,700.0,62.0,1.0,66.0,7.8,10.6,78.0,32.3,32.0,0.0,3.0,66.1,0.0,7.24,6.5,16.1,15.6,16.5,15.5,17.3,16.2,16.2,16.3,41.1,40.7,21.0,30.0,15.6,19.8,34.0,31.0,25.0,0.0,0.0,0.0,6.0,6.0,4.0,0.0,20.0,20.0,19.0,31.0,29.0,30.0,30.0,30.0,33.0,45.13,44.96,45.14,37.0,330.0,3.6,0.0,0.0,0.0
7.21,352.0,23.95,23.97,23.96,10.5,10.7,10.4,7.09,7.5,0.14,-0.06,203.8,10.8,262.0,1.0,3.0,395.0,700.0,61.0,1.0,66.0,7.0,11.1,84.0,29.3,29.3,0.0,2.9,66.1,0.0,7.24,6.5,16.2,15.8,16.6,15.6,17.4,16.4,16.3,16.3,41.2,40.7,21.0,30.0,15.6,19.9,32.0,29.0,25.0,0.0,0.0,0.0,6.0,6.0,4.0,0.0,20.0,20.0,19.0,31.0,29.0,30.0,30.0,30.0,33.0,45.13,44.96,45.14,37.0,330.0,3.6,0.0,0.0,0.0
7.82,352.0,23.95,23.97,23.96,10.6,10.6,10.4,7.59,8.8,0.03,0.19,203.6,12.3,265.0,1.0,3.0,393.0,700.0,61.0,1.0,60.0,7.6,10.7,79.0,31.0,30.9,0.0,2.9,66.1,0.0,7.24,6.5,16.1,15.8,16.5,15.6,17.4,16.2,16.2,16.3,41.1,40.7,21.0,30.0,15.6,19.9,33.0,30.0,25.0,0.0,0.0,0.0,6.0,6.0,4.0,0.0,20.0,20.0,19.0,31.0,29.0,30.0,30.0,30.0,34.0,45.13,44.96,45.14,36.0,340.0,3.7,0.0,0.0,0.0
7.63,352.0,23.95,23.97,23.96,10.5,10.6,10.5,7.49,7.3,0.2,0.09,203.6,9.4,265.0,1.0,3.0,396.0,700.0,62.0,-1.0,56.0,7.4,10.9,80.0,31.6,31.6,0.0,3.0,66.1,0.0,7.24,6.5,16.1,15.7,16.5,15.4,17.3,16.5,16.3,16.4,41.1,40.7,21.0,30.0,15.6,19.8,34.0,31.0,25.0,0.0,0.0,0.0,6.0,6.0,4.0,0.0,20.0,20.0,19.0,31.0,29.0,30.0,30.0,30.0,34.0,45.13,44.96,45.14,37.0,340.0,3.6,0.0,0.0,0.0
7.53,352.0,23.95,23.97,23.96,10.5,10.6,10.9,7.29,3.8,0.11,0.18,203.7,8.7,264.0,1.0,3.0,396.0,700.0,61.0,0.0,63.0,7.3,11.0,82.0,28.8,30.7,0.0,2.8,66.1,0.0,7.24,6.5,16.2,15.8,16.6,15.7,17.4,16.2,16.4,16.4,41.2,40.8,21.0,30.0,15.6,19.9,32.0,29.0,25.0,0.0,0.0,0.0,6.0,6.0,4.0,0.0,20.0,20.0,19.0,31.0,29.0,31.0,30.0,30.0,33.0,45.13,44.96,45.14,37.0,330.0,3.7,0.0,0.0,0.0
7.62,352.0,23.95,23.97,23.96,10.5,10.6,10.8,7.42,6.0,0.17,0.08,203.4,10.9,265.0,1.0,3.0,390.0,700.0,61.0,2.0,58.0,7.5,10.6,81.0,32.0,31.7,0.0,3.0,66.1,0.0,7.24,6.5,16.1,15.7,16.5,15.4,17.3,16.5,16.3,16.5,41.1,40.6,21.0,30.0,15.6,19.8,34.0,31.0,25.0,0.0,0.0,0.0,6.0,6.0,4.0,0.0,20.0,20.0,19.0,31.0,29.0,31.0,30.0,30.0,34.0,45.13,44.96,45.14,37.0,340.0,3.6,0.0,0.0,0.0
7.63,352.0,23.95,23.97,23.96,10.5,10.6,10.8,7.45,6.4,-0.02,0.16,203.7,12.8,263.0,1.0,3.0,394.0,700.0,62.0,0.0,62.0,7.4,10.8,81.0,29.3,29.3,0.0,2.9,66.1,0.0,7.24,6.5,16.2,15.8,16.5,15.6,17.4,16.4,16.3,16.4,41.2,40.8,21.0,30.0,15.6,19.9,32.0,29.0,25.0,0.0,0.0,0.0,6.0,6.0,4.0,0.0,20.0,20.0,19.0,31.0,29.0,31.0,30.0,30.0,34.0,45.13,44.96,45.14,36.0,340.0,3.7,0.0,0.0,0.0
7.68,352.0,23.95,23.97,23.96,10.8,10.4,10.4,7.49,5.4,0.22,0.03,203.4,9.2,266.0,1.0,3.0,391.0,701.0,62.0,0.0,67.0,7.6,10.6,80.0,31.7,31.8,0.0,3.0,66.1,0.0,7.24,6.5,16.1,15.7,16.5,15.5,17.3,16.3,16.3,16.3,41.1,40.7,20.0,30.0,15.6,19.8,34.0,31.0,25.0,0.0,0.0,0.0,6.0,6.0,4.0,0.0,20.0,20.0,19.0,31.0,29.0,30.0,30.0,30.0,33.0,45.13,44.96,45.14,36.0,330.0,3.6,0.0,0.0,0.0
7.53,352.0,23.95,23.97,23.96,10.5,10.6,10.9,7.29,6.6,0.24,0.14,203.8,7.8,265.0,1.0,3.0,394.0,700.0,62.0,1.0,59.0,7.3,10.7,82.0,32.3,32.4,0.1,3.0,66.1,0.0,7.24,6.5,16.3,15.8,16.6,15.6,17.4,16.5,16.4,16.4,41.3,40.8,21.0,30.0,15.8,19.9,35.0,32.0,25.0,0.0,0.0,0.0,6.0,6.0,4.0,0.0,20.0,20.0,19.0,31.0,29.0,31.0,30.0,30.0,34.0,45.13,44.96,45.14,35.0,340.0,3.7,0.0,0.0,0.0
7.37,352.0,23.95,23.97,23.96,10.6,10.6,10.4,7.23,3.4,-0.07,0.08,203.5,11.4,265.0,1.0,3.0,394.0,700.0,63.0,0.0,61.0,7.1,10.8,83.0,32.5,32.6,0.1,3.0,66.1,0.0,7.24,6.5,16.3,15.8,16.6,15.6,17.4,16.6,16.5,16.5,41.3,40.9,21.0,30.0,15.8,19.9,35.0,32.0,25.0,0.0,0.0,0.0,6.0,6.0,4.0,0.0,20.0,20.0,19.0,31.0,29.0,31.0,30.0,30.0,33.0,45.13,44.96,45.14,37.0,340.0,3.7,0.0,0.0,0.0
7.32,352.0,23.95,23.97,23.96,10.5,10.6,10.7,7.16,5.5,-0.02,0.31,204.1,11.4,264.0,1.0,3.0,396.0,700.0,63.0,1.0,62.0,7.0,11.4,84.0,28.0,29.8,0.0,2.8,66.1,0.0,7.24,6.5,16.3,15.8,16.6,15.7,17.4,16.3,16.3,16.3,41.2,40.8,21.0,30.0,15.6,19.9,32.0,29.0,25.0,0.0,0.0,0.0,6.0,6.0,4.0,0.0,20.0,20.0,19.0,31.0,29.0,30.0,30.0,30.0,33.0,45.13,44.96,45.14,36.0,330.0,3.6,0.0,0.0,0.0
7.32,352.0,23.95,23.97,23.96,10.6,10.6,10.4,7.18,11.8,-0.03,0.11,203.5,12.1,261.0,1.0,3.0,393.0,700.0,62.0,0.0,61.0,7.1,10.9,83.0,28.6,29.2,0.0,2.9,66.1,0.0,7.24,6.5,16.1,15.8,16.6,15.6,17.4,16.3,16.4,16.3,41.2,40.8,21.0,30.0,15.6,19.9,31.0,29.0,25.0,0.0,0.0,0.0,6.0,6.0,4.0,0.0,20.0,20.0,19.0,31.0,29.0,30.0,30.0,30.0,34.0,45.13,44.96,45.14,36.0,340.0,3.6,0.0,0.0,0.0
7.54,352.0,23.95,23.97,23.96,10.5,10.7,10.4,7.32,2.7,0.0,0.09,204.0,11.6,264.0,1.0,3.0,394.0,700.0,62.0,0.0,59.0,7.4,11.1,82.0,30.1,31.1,0.0,2.8,66.1,0.0,7.24,6.5,16.3,15.8,16.6,15.6,17.4,16.4,16.3,16.4,41.2,40.8,21.0,30.0,15.6,19.9,32.0,30.0,25.0,0.0,0.0,0.0,6.0,6.0,4.0,0.0,20.0,20.0,19.0,31.0,29.0,30.0,30.0,30.0,33.0,45.13,44.96,45.14,36.0,330.0,3.6,0.0,0.0,0.0
7.28,352.0,23.95,23.97,23.96,10.5,10.8,10.4,7.09,2.9,0.2,-0.08,203.5,11.1,264.0,1.0,3.0,394.0,700.0,60.0,0.0,58.0,7.2,10.8,84.0,27.8,29.4,0.0,2.8,66.1,0.0,7.24,6.5,16.3,15.8,16.6,15.6,17.4,16.4,16.4,16.4,41.2,40.8,21.0,30.0,15.6,19.9,31.0,28.0,25.0,0.0,0.0,0.0,6.0,6.0,4.0,0.0,20.0,20.0,19.0,31.0,29.0,30.0,30.0,30.0,34.0,45.13,44.96,45.14,37.0,340.0,3.6,0.0,0.0,0.0
7.42,352.0,23.95,23.97,23.96,10.5,10.6,10.6,7.25,6.8,0.19,0.15,203.7,9.4,264.0,1.0,3.0,395.0,700.0,60.0,1.0,54.0,7.2,11.2,82.0,30.2,30.7,0.0,2.9,66.1,0.0,7.24,6.5,16.1,15.8,16.5,15.5,17.4,16.5,16.3,16.4,41.2,40.7,21.0,30.0,15.6,19.9,33.0,30.0,25.0,0.0,0.0,0.0,6.0,6.0,4.0,0.0,20.0,20.0,19.0,31.0,29.0,31.0,30.0,30.0,34.0,45.13,44.96,45.14,37.0,340.0,3.7,0.0,0.0,0.0
7.52,352.0,23.95,23.97,23.96,10.8,10.5,10.4,7.27,5.7,0.25,0.09,203.8,10.2,265.0,1.0,3.0,397.0,700.0,62.0,0.0,60.0,7.3,11.4,82.0,32.6,32.9,0.0,3.0,66.1,0.0,7.24,6.5,16.3,15.8,16.6,15.6,17.4,16.6,16.5,16.5,41.3,40.9,21.0,30.0,15.8,19.9,35.0,32.0,25.0,0.0,0.0,0.0,6.0,6.0,4.0,0.0,20.0,20.0,19.0,31.0,29.0,31.0,30.0,30.0,33.0,45.13,44.96,45.14,36.0,330.0,3.7,0.0,0.0,0.0
7.62,352.0,23.95,23.97,23.96,10.5,10.6,10.9,7.44,10.5,-0.02,0.04,203.4,9.2,264.0,1.0,3.0,389.0,700.0,62.0,2.0,64.0,7.5,11.1,82.0,30.9,32.1,0.0,2.9,66.1,0.0,7.24,6.5,16.3,15.8,16.6,15.6,17.4,16.5,16.4,16.4,41.2,40.8,21.0,30.0,15.6,19.9,33.0,30.0,25.0,0.0,0.0,0.0,6.0,6.0,4.0,0.0,20.0,20.0,19.0,31.0,29.0,31.0,30.0,30.0,33.0,45.13,44.96,45.14,37.0,330.0,3.7,0.0,0.0,0.0
7.51,352.0,23.95,23.97,23.96,10.5,10.5,10.8,7.34,6.9,0.08,0.09,203.6,12.0,264.0,1.0,3.0,397.0,700.0,61.0,1.0,60.0,7.4,10.5,82.0,27.7,28.3,0.0,2.9,66.1,0.0,7.24,6.5,16.3,15.8,16.6,15.6,17.4,16.5,16.4,16.4,41.2,40.7,21.0,30.0,15.6,19.9,31.0,28.0,25.0,0.0,0.0,0.0,6.0,6.0,4.0,0.0,20.0,20.0,19.0,31.0,29.0,30.0,30.0,30.0,34.0,45.13,44.96,45.14,37.0,340.0,3.6,0.0,0.0,0.0
7.31,352.0,23.95,23.97,23.96,10.5,10.7,10.4,7.19,6.5,0.24,0.01,203.7,10.0,266.0,1.0,3.0,395.0,700.0,61.0,1.0,62.0,7.1,11.3,83.0,32.8,33.0,0.0,2.9,66.1,0.0,7.24,6.5,16.3,15.8,16.6,15.6,17.4,16.4,16.4,16.4,41.3,40.9,21.0,30.0,15.8,19.9,35.0,32.0,25.0,0.0,0.0,0.0,6.0,6.0,4.0,0.0,20.0,20.0,19.0,31.0,29.0,30.0,30.0,30.0,33.0,45.13,44.96,45.14,37.0,330.0,3.6,0.0,0.0,0.0
7.64,352.0,23.95,23.97,23.96,10.5,10.7,10.4,7.47,5.2,0.01,0.03,203.9,12.1,266.0,1.0,3.0,395.0,700.0,61.0,0.0,61.0,7.4,10.4,80.0,32.1,31.8,0.0,3.0,66.1,0.0,7.24,6.5,16.1,15.7,16.5,15.4,17.3,16.4,16.3,16.4,41.1,40.7,21.0,30.0,15.6,19.8,34.0,31.0,25.0,0.0,0.0,0.0,6.0,6.0,4.0,0.0,20.0,20.0,19.0,31.0,29.0,30.0,30.0,30.0,34.0,45.13,44.96,45.14,37.0,340.0,3.6,0.0,0.0,0.0
7.75,352.0,23.95,23.97,23.96,10.7,10.4,10.4,7.51,-4.1,-0.03,0.14,203.5,12.6,267.0,1.0,3.0,394.0,700.0,62.0,1.0,62.0,7.4,10.5,80.0,31.3,31.4,0.0,3.0,66.1,0.0,7.24,6.5,16.1,15.7,16.5,15.5,17.3,16.3,16.2,16.4,41.1,40.7,21.0,30.0,15.6,19.8,34.0,31.0,25.0,0.0,0.0,0.0,6.0,6.0,4.0,0.0,20.0,20.0,19.0,31.0,29.0,30.0,30.0,30.0,33.0,45.13,44.96,45.14,36.0,330.0,3.6,0.0,0.0,0.0
7.53,352.0,23.95,23.97,23.96,10.6,10.5,10.4,7.36,5.2,0.03,0.16,203.5,11.5,266.0,1.0,3.0,395.0,700.0,62.0,0.0,64.0,7.3,11.3,82.0,32.6,33.0,0.1,3.1,66.1,0.0,7.24,6.5,16.3,15.8,16.6,15.7,17.4,16.3,16.4,16.4,41.3,40.8,21.0,30.0,15.8,19.9,35.0,32.0,25.0,0.0,0.0,0.0,6.0,6.0,4.0,0.0,20.0,20.0,19.0,31.0,29.0,30.0,30.0,30.0,33.0,45.13,44.96,45.14,37.0,330.0,3.6,0.0,0.0,0.0
7.63,352.0,23.95,23.97,23.96,10.6,10.7,10.4,7.39,14.0,0.05,0.08,203.6,12.2,261.0,1.0,3.0,393.0,700.0,62.0,2.0,64.0,7.4,10.5,81.0,28.5,28.5,0.0,2.9,66.1,0.0,7.24,6.5,16.2,15.8,16.6,15.6,17.4,16.3,16.3,16.4,41.2,40.8,21.0,30.0,15.6,19.9,31.0,28.0,25.0,0.0,0.0,0.0,6.0,6.0,4.0,0.0,20.0,20.0,19.0,31.0,29.0,31.0,30.0,30.0,33.0,45.13,44.96,45.14,37.0,330.0,3.7,0.0,0.0,0.0
7.74,352.0,23.95,23.97,23.96,10.6,10.7,10.4,7.53,2.9,0.09,0.03,203.6,12.4,266.0,1.0,3.0,395.0,700.0,63.0,-1.0,60.0,7.4,10.4,80.0,30.5,30.7,0.0,2.9,66.1,0.0,7.24,6.5,16.1,15.8,16.5,15.6,17.4,16.2,16.3,16.3,41.1,40.7,21.0,30.0,15.6,19.9,33.0,30.0,25.0,0.0,0.0,0.0,6.0,6.0,4.0,0.0,20.0,20.0,19.0,31.0,29.0,31.0,30.0,30.0,33.0,45.13,44.96,45.14,37.0,330.0,3.6,0.0,0.0,0.0
7.64,352.0,23.95,23.97,23.96,10.5,10.6,11.0,7.44,6.6,0.11,0.1,203.9,11.4,264.0,1.0,3.0,394.0,700.0,62.0,0.0,61.0,7.5,11.1,80.0,30.3,31.8,0.0,2.8,66.1,0.0,7.24,6.5,16.3,15.8,16.6,15.6,17.4,16.4,16.3,16.4,41.2,40.8,21.0,30.0,15.6,19.9,33.0,30.0,25.0,0.0,0.0,0.0,6.0,6.0,4.0,0.0,20.0,20.0,19.0,31.0,29.0,30.0,30.0,30.0,33.0,45.14,44.96,45.14,36.0,330.0,3.7,0.0,0.0,0.0
7.28,352.0,23.95,23.97,23.96,10.8,10.5,10.4,7.12,3.7,0.19,-0.05,203.7,10.5,263.0,1.0,3.0,395.0,700.0,62.0,2.0,62.0,7.1,11.6,84.0,29.0,28.8,0.0,2.9,66.1,0.0,7.24,6.5,16.2,15.8,16.6,15.6,17.4,16.4,16.4,16.3,41.2,40.7,21.0,30.0,15.6,19.9,32.0,29.0,25.0,0.0,0.0,0.0,6.0,6.0,4.0,0.0,20.0,20.0,19.0,31.0,29.0,30.0,30.0,30.0,33.0,45.13,44.96,45.14,37.0,330.0,3.7,0.0,0.0,0.0
7.61,352.0,23.95,23.97,23.96,10.6,10.6,10.5,7.44,8.3,-0.07,0.08,203.5,12.1,263.0,1.0,3.0,396.0,700.0,62.0,1.0,64.0,7.5,10.5,81.0,30.2,30.6,0.0,2.9,66.1,0.0,7.24,6.5,16.1,15.8,16.5,15.6,17.4,16.3,16.2,16.3,41.1,40.7,21.0,30.0,15.6,19.9,33.0,30.0,25.0,0.0,0.0,0.0,6.0,6.0,4.0,0.0,20.0,20.0,19.0,31.0,29.0,31.0,30.0,30.0,34.0,45.13,44.96,45.14,37.0,340.0,3.7,0.0,0.0,0.0
7.68,352.0,23.95,23.97,23.96,10.6,10.6,11.0,7.46,-2.4,0.16,-0.02,203.5,12.2,267.0,1.0,3.0,394.0,700.0,62.0,0.0,62.0,7.6,10.5,81.0,31.2,31.4,0.0,3.0,66.1,0.0,7.24,6.5,16.1,15.7,16.5,15.6,17.3,16.1,16.3,16.4,41.1,40.6,21.0,30.0,15.6,19.8,34.0,31.0,25.0,0.0,0.0,0.0,6.0,6.0,4.0,0.0,20.0,20.0,19.0,31.0,29.0,30.0,30.0,30.0,33.0,45.13,44.96,45.14,35.0,330.0,3.6,0.0,0.0,0.0
7.31,352.0,23.95,23.97,23.96,10.6,10.5,10.4,7.13,7.4,0.02,0.24,203.6,12.2,262.0,1.0,3.0,393.0,701.0,62.0,1.0,56.0,7.0,11.6,84.0,29.1,29.3,0.0,2.9,66.1,0.0,7.24,6.5,16.1,15.8,16.6,15.6,17.4,16.3,16.4,16.3,41.2,40.8,21.0,30.0,15.6,19.9,31.0,29.0,25.0,0.0,0.0,0.0,6.0,6.0,4.0,0.0,20.0,20.0,19.0,31.0,29.0,31.0,30.0,30.0,33.0,45.13,44.96,45.14,37.0,330.0,3.6,0.0,0.0,0.0
7.73,352.0,23.95,23.97,23.96,10.8,10.4,10.4,7.56,2.5,0.19,0.06,203.5,11.4,266.0,1.0,3.0,391.0,700.0,62.0,1.0,63.0,7.6,10.4,80.0,31.6,31.5,0.0,3.0,66.1,0.0,7.24,6.5,16.1,15.7,16.5,15.5,17.3,16.4,16.2,16.3,41.1,40.6,21.0,30.0,15.6,19.8,34.0,31.0,25.0,0.0,0.0,0.0,6.0,6.0,4.0,0.0,20.0,20.0,19.0,31.0,29.0,30.0,30.0,30.0,32.0,45.13,44.96,45.14,36.0,320.0,3.6,0.0,0.0,0.0
7.64,352.0,23.95,23.97,23.96,10.6,10.5,10.5,7.39,6.3,0.01,0.09,203.7,11.6,264.0,1.0,3.0,396.0,700.0,62.0,1.0,66.0,7.3,11.2,82.0,30.5,30.3,0.0,2.9,66.1,0.0,7.24,6.5,16.1,15.8,16.5,15.6,17.4,16.4,16.2,16.3,41.1,40.7,21.0,30.0,15.6,19.9,33.0,30.0,25.0,0.0,0.0,0.0,6.0,6.0,4.0,0.0,20.0,20.0,19.0,31.0,29.0,31.0,30.0,30.0,32.0,45.14,44.96,45.14,37.0,320.0,3.5,0.0,0.0,0.0
7.63,352.0,23.95,23.97,23.96,10.5,10.6,10.4,7.47,7.3,0.07,0.13,203.6,9.6,264.0,1.0,3.0,400.0,700.0,62.0,-1.0,69.0,7.6,11.1,81.0,31.3,31.0,0.0,2.9,66.1,0.0,7.24,6.5,16.1,15.7,16.5,15.5,17.3,16.3,16.3,16.4,41.1,40.7,21.0,30.0,15.6,19.8,33.0,30.0,25.0,0.0,0.0,0.0,6.0,6.0,4.0,0.0,20.0,20.0,19.0,31.0,29.0,30.0,30.0,30.0,33.0,45.13,44.96,45.14,37.0,330.0,3.7,0.0,0.0,0.0
7.74,352.0,23.95,23.97,23.96,10.6,10.7,10.4,7.56,5.6,0.1,0.19,203.4,11.7,265.0,1.0,3.0,391.0,700.0,62.0,0.0,66.0,7.5,10.3,79.0,31.7,31.7,0.0,3.0,66.1,0.0,7.24,6.5,16.1,15.7,16.5,15.5,17.3,16.3,16.2,16.3,41.1,40.7,21.0,30.0,15.6,19.8,34.0,31.0,25.0,0.0,0.0,0.0,6.0,6.0,4.0,0.0,20.0,20.0,19.0,31.0,29.0,30.0,30.0,30.0,33.0,45.13,44.96,45.14,37.0,330.0,3.7,0.0,0.0,0.0
7.42,352.0,23.95,23.97,23.96,10.7,10.4,10.4,7.24,6.4,0.08,0.21,203.9,8.9,263.0,1.0,3.0,397.0,700.0,62.0,1.0,58.0,7.4,11.3,83.0,28.3,30.0,0.0,2.8,66.1,0.0,7.24,6.5,16.2,15.8,16.6,15.7,17.4,16.1,16.4,16.3,41.2,40.8,21.0,30.0,15.6,19.9,32.0,29.0,25.0,0.0,0.0,0.0,6.0,6.0,4.0,0.0,20.0,20.0,19.0,31.0,29.0,30.0,30.0,30.0,33.0,45.13,44.96,45.14,36.0,330.0,3.7,0.0,0.0,0.0
7.53,352.0,23.95,23.97,23.96,10.5,10.8,10.4,7.38,14.3,-0.04,0.08,203.6,11.1,262.0,1.0,3.0,395.0,700.0,62.0,2.0,60.0,7.3,10.5,82.0,29.6,29.4,0.0,2.9,66.1,0.0,7.24,6.5,16.2,15.8,16.5,15.6,17.4,16.4,16.3,16.4,41.2,40.8,21.0,30.0,15.6,19.9,32.0,29.0,25.0,0.0,0.0,0.0,6.0,6.0,4.0,0.0,20.0,20.0,19.0,31.0,29.0,31.0,30.0,30.0,33.0,45.13,44.96,45.14,36.0,330.0,3.7,0.0,0.0,0.0
7.54,352.0,23.95,23.97,23.96,10.6,10.6,10.4,7.4,-0.9,-0.12,0.05,203.3,12.1,265.0,1.0,3.0,395.0,700.0,62.0,2.0,59.0,7.2,10.8,81.0,30.6,30.2,0.0,2.9,66.1,0.0,7.24,6.5,16.1,15.8,16.5,15.5,17.4,16.4,16.3,16.3,41.2,40.7,21.0,30.0,15.6,19.9,33.0,30.0,25.0,0.0,0.0,0.0,6.0,6.0,4.0,0.0,20.0,20.0,19.0,31.0,29.0,30.0,30.0,30.0,33.0,45.13,44.96,45.14,36.0,330.0,3.6,0.0,0.0,0.0
7.75,352.0,23.95,23.97,23.96,10.5,10.6,10.7,7.61,12.7,0.08,0.17,203.5,10.9,264.0,1.0,3.0,399.0,701.0,62.0,0.0,66.0,7.4,10.7,79.0,32.1,31.6,0.0,3.0,66.1,0.0,7.24,6.5,16.1,15.6,16.5,15.5,17.3,16.3,16.2,16.4,41.1,40.6,21.0,30.0,15.6,19.8,34.0,31.0,25.0,0.0,0.0,0.0,6.0,6.0,4.0,0.0,20.0,20.0,19.0,31.0,29.0,31.0,30.0,30.0,32.0,45.13,44.96,45.14,37.0,320.0,3.7,0.0,0.0,0.0
7.58,352.0,23.95,23.97,23.96,10.5,10.6,10.6,7.4,9.7,0.14,0.17,203.8,7.9,262.0,1.0,3.0,393.0,700.0,60.0,2.0,59.0,7.3,10.5,80.0,29.7,30.4,0.0,2.9,66.1,0.0,7.24,6.5,16.1,15.8,16.6,15.6,17.4,16.3,16.4,16.4,41.2,40.7,21.0,30.0,15.6,19.9,32.0,29.0,25.0,0.0,0.0,0.0,6.0,6.0,4.0,0.0,20.0,20.0,19.0,31.0,29.0,30.0,30.0,30.0,33.0,45.13,44.96,45.14,36.0,330.0,3.6,0.0,0.0,0.0
7.69,352.0,23.95,23.97,23.96,10.6,10.5,10.4,7.52,6.7,-0.04,0.04,203.7,12.2,264.0,1.0,3.0,393.0,700.0,62.0,1.0,66.0,7.6,10.2,80.0,32.1,31.6,0.0,3.0,66.1,0.0,7.24,6.5,16.1,15.6,16.5,15.5,17.3,16.2,16.2,16.4,41.1,40.6,21.0,30.0,15.6,19.8,34.0,31.0,25.0,0.0,0.0,0.0,6.0,6.0,4.0,0.0,20.0,20.0,19.0,31.0,29.0,31.0,30.0,30.0,34.0,45.13,44.96,45.14,37.0,340.0,3.6,0.0,0.0,0.0
7.58,352.0,23.95,23.97,23.96,10.7,10.5,10.4,7.37,5.5,0.03,0.01,203.5,10.8,264.0,1.0,3.0,398.0,700.0,63.0,0.0,69.0,7.3,11.1,83.0,27.8,28.5,0.0,2.9,66.1,0.0,7.24,6.5,16.3,15.8,16.6,15.6,17.4,16.4,16.4,16.3,41.2,40.7,21.0,30.0,15.6,19.9,31.0,28.0,25.0,0.0,0.0,0.0,6.0,6.0,4.0,0.0,20.0,20.0,19.0,31.0,29.0,31.0,30.0,30.0,32.0,45.13,44.96,45.14,37.0,320.0,3.6,0.0,0.0,0.0
7.58,352.0,23.95,23.97,23.96,10.7,10.4,10.4,7.38,5.8,0.14,0.09,203.5,9.4,264.0,1.0,3.0,397.0,700.0,61.0,-1.0,59.0,7.5,11.1,81.0,29.7,31.1,0.0,2.8,66.1,0.0,7.24,6.5,16.3,15.8,16.6,15.6,17.4,16.4,16.3,16.4,41.2,40.7,21.0,30.0,15.6,19.9,33.0,30.0,25.0,0.0,0.0,0.0,6.0,6.0,4.0,0.0,20.0,20.0,19.0,31.0,29.0,30.0,30.0,30.0,33.0,45.13,44.96,45.14,36.0,330.0,3.6,0.0,0.0,0.0
7.31,352.0,23.95,23.97,23.96,10.5,10.6,10.5,7.16,8.4,0.22,0.16,203.6,8.9,262.0,1.0,3.0,395.0,701.0,63.0,-1.0,73.0,7.1,11.6,83.0,30.1,30.5,0.0,2.9,66.1,0.0,7.24,6.5,16.1,15.8,16.6,15.6,17.4,16.3,16.3,16.3,41.2,40.8,21.0,30.0,15.6,19.9,32.0,30.0,25.0,0.0,0.0,0.0,6.0,6.0,4.0,0.0,20.0,20.0,19.0,31.0,29.0,31.0,30.0,30.0,33.0,45.13,44.96,45.14,37.0,330.0,3.6,0.0,0.0,0.0
7.74,352.0,23.95,23.97,23.96,10.5,10.6,10.8,7.51,-1.5,0.01,0.01,203.5,12.2,265.0,1.0,3.0,397.0,700.0,63.0,1.0,60.0,7.4,11.1,80.0,31.1,31.1,0.0,3.0,66.1,0.0,7.24,6.5,16.1,15.8,16.5,15.5,17.3,16.4,16.2,16.4,41.1,40.7,21.0,30.0,15.6,19.8,33.0,31.0,25.0,0.0,0.0,0.0,6.0,6.0,4.0,0.0,20.0,20.0,19.0,31.0,29.0,31.0,30.0,30.0,34.0,45.13,44.96,45.14,36.0,340.0,3.5,0.0,0.0,0.0
7.58,352.0,23.95,23.97,23.96,10.7,10.4,10.4,7.35,8.0,0.12,0.2,203.5,12.8,263.0,1.0,3.0,393.0,700.0,61.0,2.0,64.0,7.4,11.2,82.0,29.3,30.8,0.0,2.8,66.1,0.0,7.24,6.5,16.2,15.8,16.6,15.6,17.4,16.3,16.3,16.4,41.2,40.8,21.0,30.0,15.6,19.9,32.0,29.0,25.0,0.0,0.0,0.0,6.0,6.0,4.0,0.0,20.0,20.0,19.0,31.0,29.0,31.0,30.0,30.0,34.0,45.13,44.96,45.14,37.0,340.0,3.6,0.0,0.0,0.0
7.64,352.0,23.95,23.97,23.96,10.5,10.7,10.4,7.38,10.1,0.17,0.07,203.7,11.2,262.0,1.0,3.0,395.0,700.0,60.0,1.0,58.0,7.3,10.9,80.0,29.7,29.8,0.0,2.9,66.1,0.0,7.24,6.5,16.1,15.8,16.6,15.6,17.4,16.3,16.4,16.4,41.2,40.7,21.0,30.0,15.6,19.9,32.0,29.0,25.0,0.0,0.0,0.0,6.0,6.0,4.0,0.0,20.0,20.0,19.0,31.0,29.0,30.0,30.0,30.0,33.0,45.13,44.96,45.14,36.0,330.0,3.6,0.0,0.0,0.0
7.53,352.0,23.95,23.97,23.96,10.8,10.4,10.4,7.37,6.6,0.27,0.02,203.5,9.0,263.0,1.0,3.0,394.0,700.0,63.0,1.0,61.0,7.2,10.9,82.0,29.3,29.6,0.0,2.9,66.1,0.0,7.24,6.5,16.2,15.8,16.5,15.6,17.4,16.4,16.3,16.4,41.2,40.7,21.0,30.0,15.6,19.9,32.0,29.0,25.0,0.0,0.0,0.0,6.0,6.0,4.0,0.0,20.0,20.0,19.0,31.0,29.0,31.0,30.0,30.0,33.0,45.13,44.96,45.14,36.0,330.0,3.7,0.0,0.0,0.0
7.53,352.0,23.95,23.97,23.96,10.5,10.6,10.5,7.36,4.7,0.12,0.05,203.7,10.2,264.0,1.0,3.0,395.0,700.0,62.0,0.0,63.0,7.3,10.7,81.0,27.7,27.9,0.0,2.9,66.1,0.0,7.24,6.5,16.3,15.8,16.6,15.6,17.4,16.6,16.4,16.4,41.2,40.7,21.0,30.0,15.6,19.9,31.0,28.0,25.0,0.0,0.0,0.0,6.0,6.0,4.0,0.0,20.0,20.0,19.0,31.0,29.0,31.0,30.0,30.0,33.0,45.13,44.96,45.14,37.0,330.0,3.7,0.0,0.0,0.0
7.32,352.0,23.95,23.97,23.96,10.6,10.6,10.5,7.17,2.9,0.01,0.16,203.7,12.3,266.0,1.0,3.0,395.0,699.0,59.0,0.0,60.0,7.1,11.1,84.0,32.9,33.5,0.0,2.9,66.1,0.0,7.24,6.5,16.3,15.8,16.6,15.6,17.4,16.5,16.4,16.4,41.2,40.9,21.0,30.0,15.8,19.9,35.0,32.0,25.0,0.0,0.0,0.0,6.0,6.0,4.0,0.0,20.0,20.0,19.0,31.0,29.0,31.0,30.0,30.0,34.0,45.14,44.96,45.14,37.0,340.0,3.7,0.0,0.0,0.0
7.43,352.0,23.95,23.97,23.96,10.5,10.5,10.9,7.24,5.0,0.06,0.09,203.6,12.7,266.0,1.0,3.0,394.0,700.0,62.0,1.0,67.0,7.4,10.8,83.0,33.2,32.9,0.1,3.0,66.1,0.0,7.24,6.5,16.3,15.8,16.6,15.6,17.4,16.4,16.4,16.4,41.3,40.8,21.0,30.0,15.8,19.9,35.0,32.0,25.0,0.0,0.0,0.0,6.0,6.0,4.0,0.0,20.0,20.0,19.0,31.0,29.0,31.0,30.0,30.0,34.0,45.13,44.96,45.14,36.0,340.0,3.7,0.0,0.0,0.0
7.32,352.0,23.95,23.97,23.96,10.5,10.8,10.4,7.16,7.8,0.08,0.03,203.7,11.8,262.0,1.0,3.0,392.0,700.0,61.0,1.0,63.0,7.3,11.3,83.0,30.2,30.0,0.0,2.9,66.1,0.0,7.24,6.5,16.1,15.8,16.6,15.6,17.4,16.3,16.3,16.3,41.2,40.7,21.0,30.0,15.6,19.9,32.0,30.0,25.0,0.0,0.0,0.0,6.0,6.0,4.0,0.0,20.0,20.0,19.0,31.0,29.0,31.0,30.0,30.0,32.0,45.13,44.96,45.14,36.0,320.0,3.6,0.0,0.0,0.0
7.69,352.0,23.95,23.97,23.96,10.7,10.5,10.4,7.5,0.6,0.03,0.03,203.5,11.2,264.0,1.0,3.0,394.0,700.0,62.0,2.0,62.0,7.4,10.6,81.0,30.4,30.4,0.0,2.9,66.1,0.0,7.24,6.5,16.1,15.8,16.5,15.6,17.4,16.2,16.2,16.3,41.1,40.7,21.0,30.0,15.6,19.9,33.0,30.0,25.0,0.0,0.0,0.0,6.0,6.0,4.0,0.0,20.0,20.0,19.0,31.0,29.0,31.0,30.0,30.0,34.0,45.13,44.96,45.14,37.0,340.0,3.7,0.0,0.0,0.0
7.62,352.0,23.95,23.97,23.96,10.5,10.5,10.8,7.45,-3.1,0.1,0.11,203.5,12.3,266.0,1.0,3.0,390.0,701.0,61.0,1.0,59.0,7.6,11.1,81.0,32.0,32.1,0.0,3.0,66.1,0.0,7.24,6.5,16.1,15.7,16.5,15.5,17.3,16.3,16.2,16.4,41.1,40.7,21.0,30.0,15.6,19.8,34.0,31.0,25.0,0.0,0.0,0.0,6.0,6.0,4.0,0.0,20.0,20.0,19.0,31.0,29.0,30.0,30.0,30.0,33.0,45.13,44.96,45.14,37.0,330.0,3.6,0.0,0.0,0.0
7.81,352.0,23.95,23.97,23.96,10.5,10.8,10.4,7.63,10.0,0.14,0.07,203.5,12.4,265.0,1.0,3.0,394.0,700.0,62.0,1.0,64.0,7.5,10.5,79.0,32.3,31.9,0.0,3.0,66.1,0.0,7.24,6.5,16.1,15.6,16.5,15.5,17.3,16.2,16.2,16.3,41.1,40.6,21.0,30.0,15.6,19.8,34.0,31.0,25.0,0.0,0.0,0.0,6.0,6.0,4.0,0.0,20.0,20.0,19.0,31.0,29.0,31.0,30.0,30.0,33.0,45.13,44.96,45.14,36.0,330.0,3.7,0.0,0.0,0.0
7.74,352.0,23.95,23.97,23.96,10.5,10.6,10.5,7.58,3.2,0.24,0.14,203.5,10.0,266.0,1.0,3.0,398.0,700.0,61.0,0.0,65.0,7.5,10.7,79.0,31.2,31.6,0.0,3.0,66.1,0.0,7.24,6.5,16.1,15.7,16.5,15.5,17.3,16.3,16.3,16.3,41.1,40.6,21.0,30.0,15.6,19.8,34.0,31.0,25.0,0.0,0.0,0.0,6.0,6.0,4.0,0.0,20.0,20.0,19.0,31.0,29.0,30.0,30.0,30.0,33.0,45.13,44.96,45.14,37.0,330.0,3.6,0.0,0.0,0.0
7.69,352.0,23.95,23.97,23.96,10.6,10.6,10.5,7.55,0.2,0.03,0.05,203.6,12.6,266.0,1.0,3.0,395.0,700.0,62.0,0.0,60.0,7.4,10.5,80.0,31.8,31.4,0.0,3.0,66.1,0.0,7.24,6.5,16.1,15.7,16.5,15.5,17.3,16.3,16.2,16.4,41.1,40.7,21.0,30.0,15.6,19.8,34.0,31.0,25.0,0.0,0.0,0.0,6.0,6.0,4.0,0.0,20.0,20.0,19.0,31.0,29.0,30.0,30.0,30.0,33.0,45.13,44.96,45.14,37.0,330.0,3.6,0.0,0.0,0.0
7.68,352.0,23.95,23.97,23.96,10.8,10.4,10.4,7.5,8.9,0.18,0.14,203.6,8.7,263.0,1.0,3.0,399.0,701.0,61.0,0.0,57.0,7.5,10.4,80.0,29.8,29.7,0.0,2.9,66.1,0.0,7.24,6.5,16.1,15.8,16.6,15.6,17.4,16.3,16.4,16.3,41.2,40.7,21.0,30.0,15.6,19.9,32.0,29.0,25.0,0.0,0.0,0.0,6.0,6.0,4.0,0.0,20.0,20.0,19.0,31.0,29.0,30.0,30.0,30.0,33.0,45.13,44.96,45.14,37.0,330.0,3.6,0.0,0.0,0.0
7.47,352.0,23.95,23.97,23.96,10.5,10.6,10.6,7.24,6.2,0.07,0.12,203.7,10.9,262.0,1.0,3.0,393.0,701.0,61.0,1.0,57.0,7.2,10.6,83.0,28.4,28.6,0.0,2.9,66.1,0.0,7.24,6.5,16.2,15.8,16.6,15.6,17.4,16.4,16.3,16.4,41.2,40.8,21.0,30.0,15.6,19.9,31.0,28.0,25.0,0.0,0.0,0.0,6.0,6.0,4.0,0.0,20.0,20.0,19.0,31.0,29.0,31.0,30.0,30.0,34.0,45.14,44.96,45.14,35.0,340.0,3.6,0.0,0.0,0.0
7.42,352.0,23.95,23.97,23.96,10.5,10.5,10.6,7.26,8.1,0.03,0.14,203.6,11.5,265.0,1.0,3.0,393.0,700.0,61.0,1.0,64.0,7.4,11.2,83.0,32.7,32.6,0.1,3.0,66.1,0.0,7.24,6.5,16.3,15.8,16.6,15.6,17.4,16.5,16.4,16.4,41.3,40.8,21.0,30.0,15.8,19.9,35.0,32.0,25.0,0.0,0.0,0.0,6.0,6.0,4.0,0.0,20.0,20.0,19.0,31.0,29.0,31.0,30.0,30.0,34.0,45.13,44.96,45.14,36.0,340.0,3.7,0.0,0.0,0.0
7.69,352.0,23.95,23.97,23.96,10.5,10.7,10.4,7.53,1.9,0.13,-0.07,203.5,9.2,266.0,1.0,3.0,394.0,700.0,62.0,1.0,64.0,7.4,11.1,80.0,30.7,31.1,0.0,3.0,66.1,0.0,7.24,6.5,16.1,15.7,16.5,15.5,17.3,16.3,16.3,16.4,41.1,40.7,21.0,30.0,15.6,19.8,33.0,30.0,25.0,0.0,0.0,0.0,6.0,6.0,4.0,0.0,20.0,20.0,19.0,31.0,29.0,31.0,30.0,30.0,34.0,45.13,44.96,45.14,37.0,340.0,3.7,0.0,0.0,0.0
7.42,352.0,23.95,23.97,23.96,10.7,10.4,10.4,7.19,10.5,0.09,0.19,203.5,11.7,262.0,1.0,3.0,396.0,700.0,60.0,-1.0,57.0,7.3,11.6,84.0,29.8,30.2,0.0,2.9,66.1,0.0,7.24,6.5,16.1,15.7,16.6,15.6,17.4,16.2,16.4,16.3,41.2,40.7,21.0,30.0,15.6,19.9,32.0,30.0,25.0,0.0,0.0,0.0,6.0,6.0,4.0,0.0,20.0,20.0,19.0,31.0,29.0,30.0,30.0,30.0,34.0,45.13,44.96,45.14,37.0,340.0,3.7,0.0,0.0,0.0
7.63,352.0,23.95,23.97,23.96,10.5,10.5,10.9,7.46,1.8,0.2,0.0,203.4,10.8,265.0,1.0,3.0,395.0,700.0,64.0,0.0,59.0,7.4,11.1,81.0,30.9,31.4,0.0,2.9,66.1,0.0,7.24,6.5,16.1,15.8,16.5,15.5,17.3,16.4,16.3,16.4,41.1,40.7,21.0,30.0,15.6,19.8,33.0,30.0,25.0,0.0,0.0,0.0,6.0,6.0,4.0,0.0,20.0,20.0,19.0,31.0,29.0,30.0,30.0,30.0,33.0,45.13,44.96,45.14,37.0,330.0,3.6,0.0,0.0,0.0
7.69,352.0,23.95,23.97,23.96,10.6,10.6,10.5,7.56,-1.1,0.07,0.03,203.6,12.8,266.0,1.0,3.0,393.0,700.0,63.0,2.0,60.0,7.5,10.7,80.0,31.2,31.1,0.0,3.0,66.1,0.0,7.24,6.5,16.1,15.8,16.5,15.5,17.3,16.4,16.2,16.4,41.1,40.7,21.0,30.0,15.6,19.8,33.0,31.0,25.0,0.0,0.0,0.0,6.0,6.0,4.0,0.0,20.0,20.0,19.0,31.0,29.0,31.0,30.0,30.0,34.0,45.14,44.96,45.14,37.0,340.0,3.7,0.0,0.0,0.0
7.81,352.0,23.95,23.97,23.96,10.7,10.5,10.4,7.57,2.6,0.14,0.12,203.3,12.4,266.0,1.0,3.0,395.0,701.0,62.0,1.0,69.0,7.7,10.4,80.0,31.6,31.9,0.0,3.0,66.1,0.0,7.24,6.5,16.1,15.7,16.5,15.5,17.3,16.2,16.2,16.4,41.1,40.6,21.0,30.0,15.6,19.8,34.0,31.0,25.0,0.0,0.0,0.0,6.0,6.0,4.0,0.0,20.0,20.0,19.0,31.0,29.0,31.0,30.0,30.0,34.0,45.13,44.96,45.14,37.0,340.0,3.5,0.0,0.0,0.0
7.32,352.0,23.95,23.97,23.96,10.6,10.5,11.0,7.14,-2.0,0.2,0.08,203.7,11.8,267.0,1.0,3.0,394.0,700.0,61.0,0.0,67.0,7.1,11.1,83.0,32.6,33.0,0.0,3.0,66.1,0.0,7.24,6.5,16.3,15.8,16.6,15.6,17.4,16.3,16.4,16.3,41.3,40.9,21.0,30.0,15.8,19.9,35.0,32.0,25.0,0.0,0.0,0.0,6.0,6.0,4.0,0.0,20.0,20.0,19.0,31.0,29.0,31.0,30.0,30.0,33.0,45.13,44.96,45.14,37.0,330.0,3.7,0.0,0.0,0.0
7.74,352.0,23.95,23.97,23.96,10.6,10.5,10.4,7.56,7.7,0.08,0.14,203.3,12.9,263.0,1.0,3.0,394.0,700.0,61.0,0.0,58.0,7.6,10.7,80.0,29.5,30.2,0.0,2.9,66.1,0.0,7.24,6.5,16.1,15.7,16.6,15.6,17.4,16.1,16.3,16.3,41.2,40.7,21.0,30.0,15.6,19.9,32.0,29.0,25.0,0.0,0.0,0.0,6.0,6.0,4.0,0.0,20.0,20.0,19.0,31.0,29.0,31.0,30.0,30.0,33.0,45.13,44.96,45.14,36.0,330.0,3.5,0.0,0.0,0.0
7.58,352.0,23.95,23.97,23.96,10.7,10.5,10.4,7.37,3.8,0.1,0.06,203.5,10.7,264.0,1.0,3.0,394.0,700.0,61.0,0.0,57.0,7.5,10.6,81.0,30.0,31.3,0.0,2.8,66.1,0.0,7.24,6.5,16.3,15.8,16.6,15.7,17.4,16.4,16.3,16.4,41.2,40.8,21.0,30.0,15.6,19.9,33.0,30.0,25.0,0.0,0.0,0.0,6.0,6.0,4.0,0.0,20.0,20.0,19.0,31.0,29.0,30.0,30.0,30.0,33.0,45.13,44.96,45.14,36.0,330.0,3.6,0.0,0.0,0.0
7.42,352.0,23.95,23.97,23.96,10.6,10.5,10.4,7.22,6.1,0.08,0.08,203.6,12.3,266.0,1.0,3.0,391.0,700.0,63.0,1.0,66.0,7.1,11.3,84.0,33.0,32.7,0.0,2.9,66.1,0.0,7.24,6.5,16.3,15.8,16.6,15.6,17.4,16.4,16.4,16.4,41.3,40.8,21.0,30.0,15.8,19.9,35.0,32.0,25.0,0.0,0.0,0.0,6.0,6.0,4.0,0.0,20.0,20.0,19.0,31.0,29.0,31.0,30.0,30.0,33.0,45.13,44.96,45.14,36.0,330.0,3.6,0.0,0.0,0.0
7.48,352.0,23.95,23.97,23.96,10.5,10.6,10.6,7.24,5.6,0.06,0.11,203.7,11.0,263.0,1.0,3.0,393.0,700.0,60.0,0.0,60.0,7.1,11.2,82.0,28.6,30.4,0.0,2.8,66.1,0.0,7.24,6.5,16.2,15.8,16.6,15.7,17.4,16.1,16.3,16.4,41.2,40.9,21.0,30.0,15.6,19.9,32.0,29.0,25.0,0.0,0.0,0.0,6.0,6.0,4.0,0.0,20.0,20.0,19.0,31.0,29.0,31.0,30.0,30.0,33.0,45.13,44.96,45.14,36.0,330.0,3.7,0.0,0.0,0.0
7.68,352.0,23.95,23.97,23.96,10.5,10.6,10.4,7.49,6.5,0.19,0.01,203.6,9.3,264.0,1.0,3.0,393.0,700.0,60.0,2.0,60.0,7.6,10.8,80.0,30.0,31.8,0.0,2.9,66.1,0.0,7.24,6.5,16.3,15.8,16.6,15.6,17.4,16.4,16.4,16.4,41.2,40.8,21.0,30.0,15.6,19.9,33.0,30.0,25.0,0.0,0.0,0.0,6.0,6.0,4.0,0.0,20.0,20.0,19.0,31.0,29.0,30.0,30.0,30.0,33.0,45.13,44.96,45.14,36.0,330.0,3.7,0.0,0.0,0.0
7.47,352.0,23.95,23.97,23.96,10.5,10.6,10.6,7.3,8.9,0.11,0.16,203.7,12.4,261.0,1.0,3.0,391.0,700.0,62.0,2.0,65.0,7.2,11.0,83.0,28.6,29.1,0.0,2.9,66.1,0.0,7.24,6.5,16.2,15.8,16.6,15.6,17.4,16.4,16.3,16.3,41.2,40.8,21.0,30.0,15.6,19.9,31.0,28.0,25.0,0.0,0.0,0.0,6.0,6.0,4.0,0.0,20.0,20.0,19.0,31.0,29.0,30.0,30.0,30.0,34.0,45.13,44.96,45.14,36.0,340.0,3.6,0.0,0.0,0.0
7.58,352.0,23.95,23.97,23.96,10.6,10.7,10.4,7.37,4.7,0.09,0.22,203.7,12.0,264.0,1.0,3.0,394.0,700.0,62.0,2.0,65.0,7.2,10.8,82.0,30.2,30.3,0.0,2.9,66.1,0.0,7.24,6.5,16.1,15.8,16.5,15.6,17.4,16.3,16.2,16.3,41.1,40.7,21.0,30.0,15.6,19.9,33.0,30.0,25.0,0.0,0.0,0.0,6.0,6.0,4.0,0.0,20.0,20.0,19.0,31.0,29.0,31.0,30.0,30.0,32.0,45.13,44.96,45.14,37.0,320.0,3.5,0.0,0.0,0.0
7.47,352.0,23.95,23.97,23.96,10.5,10.5,10.8,7.26,-0.1,0.08,0.08,203.6,12.5,267.0,1.0,3.0,395.0,700.0,62.0,0.0,64.0,7.2,11.6,83.0,32.4,32.6,0.1,3.0,66.1,0.0,7.24,6.5,16.3,15.8,16.6,15.7,17.4,16.5,16.4,16.5,41.3,40.8,21.0,30.0,15.8,19.9,35.0,32.0,25.0,0.0,0.0,0.0,6.0,6.0,4.0,0.0,20.0,20.0,19.0,31.0,29.0,31.0,30.0,30.0,34.0,45.13,44.96,45.14,36.0,340.0,3.6,0.0,0.0,0.0
7.53,352.0,23.95,23.97,23.96,10.8,10.5,10.4,7.3,8.0,0.26,-0.05,203.5,12.2,262.0,1.0,3.0,395.0,701.0,64.0,1.0,61.0,7.2,11.4,82.0,29.1,29.4,0.0,2.9,66.1,0.0,7.24,6.5,16.1,15.8,16.6,15.6,17.4,16.3,16.4,16.3,41.2,40.8,21.0,30.0,15.6,19.9,32.0,29.0,25.0,0.0,0.0,0.0,6.0,6.0,4.0,0.0,20.0,20.0,19.0,31.0,29.0,31.0,30.0,30.0,34.0,45.13,44.97,45.14,35.0,340.0,3.7,0.0,0.0,0.0
7.63,352.0,23.95,23.97,23.96,10.5,10.6,10.4,7.47,8.7,0.14,-0.03,203.5,9.0,265.0,1.0,3.0,398.0,700.0,62.0,0.0,69.0,7.4,10.8,80.0,31.2,31.6,0.0,3.0,66.1,0.0,7.24,6.5,16.1,15.7,16.5,15.5,17.3,16.3,16.3,16.4,41.1,40.7,21.0,30.0,15.6,19.8,33.0,31.0,25.0,0.0,0.0,0.0,6.0,6.0,4.0,0.0,20.0,20.0,19.0,31.0,29.0,30.0,30.0,30.0,33.0,45.13,44.96,45.14,37.0,330.0,3.6,0.0,0.0,0.0
7.52,352.0,23.95,23.97,23.96,10.6,10.6,10.4,7.28,-3.1,0.19,0.06,203.6,10.1,268.0,1.0,3.0,396.0,701.0,61.0,0.0,62.0,7.3,11.2,82.0,32.9,33.0,0.1,3.0,66.1,0.0,7.24,6.5,16.3,15.8,16.6,15.7,17.4,16.5,16.3,16.5,41.3,40.8,21.0,30.0,15.8,19.9,35.0,32.0,25.0,0.0,0.0,0.0,6.0,6.0,4.0,0.0,20.0,20.0,19.0,31.0,29.0,31.0,30.0,30.0,34.0,45.13,44.96,45.14,36.0,340.0,3.7,0.0,0.0,0.0
7.21,352.0,23.95,23.97,23.96,10.5,10.6,10.8,7.07,3.3,0.24,0.07,203.8,9.4,263.0,1.0,3.0,397.0,700.0,62.0,1.0,66.0,7.0,11.0,84.0,28.9,28.9,0.0,2.9,66.1,0.0,7.24,6.5,16.2,15.8,16.6,15.6,17.4,16.4,16.4,16.3,41.2,40.8,21.0,30.0,15.6,19.9,32.0,29.0,25.0,0.0,0.0,0.0,6.0,6.0,4.0,0.0,20.0,20.0,19.0,31.0,29.0,30.0,30.0,30.0,34.0,45.13,44.96,45.14,35.0,340.0,3.6,0.0,0.0,0.0
7.69,352.0,23.95,23.97,23.96,10.7,10.4,10.4,7.53,-0.5,0.05,0.05,203.3,10.5,266.0,1.0,3.0,397.0,701.0,62.0,1.0,59.0,7.5,11.0,80.0,31.7,31.8,0.0,3.0,66.1,0.0,7.24,6.5,16.1,15.7,16.5,15.5,17.3,16.3,16.2,16.4,41.1,40.6,21.0,30.0,15.6,19.8,34.0,31.0,25.0,0.0,0.0,0.0,6.0,6.0,4.0,0.0,20.0,20.0,19.0,31.0,29.0,30.0,30.0,30.0,34.0,45.13,44.96,45.14,37.0,340.0,3.6,0.0,0.0,0.0
7.82,352.0,23.95,23.97,23.96,10.5,10.6,10.4,7.66,3.0,0.18,0.19,203.6,9.5,265.0,1.0,3.0,397.0,700.0,60.0,2.0,61.0,7.7,10.6,78.0,32.1,32.1,0.0,3.0,66.1,0.0,7.24,6.5,16.1,15.6,16.5,15.5,17.3,16.2,16.3,16.3,41.1,40.6,21.0,30.0,15.6,19.8,34.0,31.0,25.0,0.0,0.0,0.0,6.0,6.0,4.0,0.0,20.0,20.0,19.0,31.0,29.0,30.0,30.0,30.0,34.0,45.13,44.96,45.14,36.0,340.0,3.6,0.0,0.0,0.0
7.22,352.0,23.95,23.97,23.96,10.6,10.6,10.5,7.12,3.4,-0.02,0.13,203.9,11.9,263.0,1.0,3.0,393.0,700.0,60.0,0.0,63.0,7.1,11.5,84.0,28.7,29.1,0.0,2.9,66.1,0.0,7.24,6.5,16.2,15.8,16.6,15.6,17.4,16.4,16.4,16.3,41.2,40.7,21.0,30.0,15.6,19.9,32.0,29.0,25.0,0.0,0.0,0.0,6.0,6.0,4.0,0.0,20.0,20.0,19.0,31.0,29.0,31.0,30.0,30.0,33.0,45.13,44.96,45.14,37.0,330.0,3.7,0.0,0.0,0.0
7.74,352.0,23.95,23.97,23.96,10.6,10.8,10.4,7.47,7.0,-0.07,0.09,203.6,12.5,266.0,1.0,3.0,394.0,700.0,63.0,1.0,62.0,7.4,11.2,80.0,31.8,31.2,0.0,3.0,66.1,0.0,7.24,6.5,16.1,15.6,16.5,15.6,17.3,16.1,16.2,16.3,41.1,40.7,21.0,30.0,15.6,19.8,34.0,31.0,25.0,0.0,0.0,0.0,6.0,6.0,4.0,0.0,20.0,20.0,19.0,31.0,29.0,31.0,30.0,30.0,34.0,45.13,44.96,45.14,37.0,340.0,3.5,0.0,0.0,0.0
7.36,352.0,23.95,23.97,23.96,10.5,10.6,10.9,7.23,-0.4,0.19,0.07,203.9,10.5,266.0,1.0,3.0,397.0,700.0,61.0,1.0,65.0,7.3,10.7,83.0,32.4,32.7,0.1,3.0,66.1,0.0,7.24,6.5,16.3,15.8,16.6,15.6,17.4,16.6,16.5,16.5,41.3,40.8,21.0,30.0,15.8,19.9,35.0,32.0,25.0,0.0,0.0,0.0,6.0,6.0,4.0,0.0,20.0,20.0,19.0,31.0,29.0,30.0,30.0,30.0,33.0,45.13,44.96,45.14,37.0,330.0,3.6,0.0,0.0,0.0
7.74,352.0,23.95,23.97,23.96,10.5,10.7,10.4,7.55,2.0,0.06,0.09,203.7,7.4,263.0,1.0,3.0,396.0,700.0,61.0,1.0,56.0,7.5,10.3,79.0,29.6,29.4,0.0,2.9,66.1,0.0,7.24,6.5,16.1,15.8,16.6,15.6,17.4,16.3,16.3,16.4,41.2,40.7,21.0,30.0,15.6,19.9,32.0,29.0,25.0,0.0,0.0,0.0,6.0,6.0,4.0,0.0,20.0,20.0,19.0,31.0,28.0,30.0,30.0,30.0,34.0,45.13,44.96,45.13,37.0,340.0,3.7,0.0,0.0,0.0
7.58,352.0,23.95,23.97,23.96,10.6,10.5,10.4,7.38,7.5,0.17,0.11,203.7,11.8,264.0,1.0,3.0,391.0,700.0,63.0,-1.0,64.0,7.3,10.6,82.0,28.2,28.0,0.0,2.9,66.1,0.0,7.24,6.5,16.3,15.8,16.6,15.6,17.4,16.6,16.4,16.4,41.2,40.8,21.0,30.0,15.6,19.9,31.0,28.0,25.0,0.0,0.0,0.0,6.0,6.0,4.0,0.0,20.0,20.0,19.0,31.0,29.0,31.0,30.0,30.0,33.0,45.14,44.96,45.14,37.0,330.0,3.7,0.0,0.0,0.0
7.81,352.0,23.95,23.97,23.96,10.5,10.6,11.0,7.62,6.4,0.11,0.06,203.5,10.5,263.0,1.0,3.0,396.0,700.0,62.0,1.0,62.0,7.8,10.9,79.0,29.7,30.2,0.0,2.9,66.1,0.0,7.24,6.5,16.1,15.8,16.6,15.6,17.4,16.1,16.3,16.3,41.2,40.8,21.0,30.0,15.6,19.9,32.0,29.0,25.0,0.0,0.0,0.0,6.0,6.0,4.0,0.0,20.0,20.0,19.0,31.0,29.0,31.0,30.0,30.0,32.0,45.13,44.96,45.14,35.0,320.0,3.6,0.0,0.0,0.0
7.42,352.0,23.95,23.97,23.96,10.5,10.5,10.9,7.31,4.7,0.19,-0.07,203.7,10.4,264.0,1.0,3.0,395.0,700.0,62.0,0.0,63.0,7.3,11.1,82.0,27.4,28.8,0.0,2.8,66.1,0.0,7.24,6.5,16.2,15.8,16.6,15.6,17.4,16.3,16.4,16.3,41.2,40.8,21.0,30.0,15.6,19.9,31.0,28.0,25.0,0.0,0.0,0.0,6.0,6.0,4.0,0.0,20.0,20.0,19.0,31.0,29.0,30.0,30.0,30.0,34.0,45.13,44.96,45.14,37.0,340.0,3.6,0.0,0.0,0.0
7.73,352.0,23.95,23.97,23.96,10.5,10.6,10.7,7.54,7.4,0.19,0.09,203.6,10.5,262.0,1.0,3.0,394.0,700.0,62.0,1.0,58.0,7.4,10.4,80.0,29.8,29.9,0.0,2.9,66.1,0.0,7.24,6.5,16.2,15.8,16.5,15.6,17.4,16.4,16.3,16.4,41.2,40.7,21.0,30.0,15.6,19.9,32.0,29.0,25.0,0.0,0.0,0.0,6.0,6.0,4.0,0.0,20.0,20.0,19.0,31.0,29.0,31.0,30.0,30.0,34.0,45.13,44.96,45.14,37.0,340.0,3.7,0.0,0.0,0.0
