轮毂转速,轮毂角度,叶片1角度,叶片2角度,叶片3角度,变桨电机1电流,变桨电机2电流,变桨电机3电流,超速传感器转速检测值,5秒偏航对风平均值,x方向振动值,y方向振动值,液压制动压力,机舱气象站风速,风向绝对值,大气压力,无功功率控制状态,变频器电网侧电流,变频器电网侧电压,变频器电网侧有功功率,变频器电网侧无功功率,变频器发电机侧功率,发电机运行频率,发电机电流,发电机转矩,变频器入口温度,变频器出口温度,变频器入口压力,变频器出口压力,发电机功率限幅值,无功功率设定值,额定的轮毂转速,测风塔环境温度,发电机定子温度1,发电机定子温度2,发电机定子温度3,发电机定子温度4,发电机定子温度5,发电机定子温度6,发电机空气温度1,发电机空气温度2,主轴承温度1,主轴承温度2,轮毂温度,轮毂控制柜温度,机舱温度,机舱控制柜温度,变频器INU温度,变频器ISU温度,变频器INU RMIO温度,变桨电机1功率估算,变桨电机2功率估算,变桨电机3功率估算,风机当前状态值,轮毂当前状态值,偏航状态值,偏航要求值,叶片1电池箱温度,叶片2电池箱温度,叶片3电池箱温度,叶片1变桨电机温度,叶片2变桨电机温度,叶片3变桨电机温度,叶片1变频器箱温度,叶片2变频器箱温度,叶片3变频器箱温度,叶片1超级电容电压,叶片2超级电容电压,叶片3超级电容电压,驱动1晶闸管温度,驱动2晶闸管温度,驱动3晶闸管温度,驱动1输出扭矩,驱动2输出扭矩,驱动3输出扭矩
0.48,57,85.98,85.98,85.98,10,11,12,0.59,7.3,0.08,0.14,206.4,9.2,222,1,2,0,699,0,2,0,0.01,0,0,32.8,32.1,1.4,2.8,2067.6,0,16.83,12.7,18.9,15.8,18.8,17.8,18.3,17.3,17.3,17.6,30.7,30.3,27,35,18.1,25.0,33,33,20,0,0,0,1,4,4,0,24,24,24,37,43,39,35,35,34,44.78,44.8,44.82,62,500,5.5,0,0,0
0.39,306,85.98,85.98,85.98,10,12,11,0.6,-0.9,0.09,0.16,206.2,8.9,225,1,2,0,701,0,1,0,0.01,0,0,32.8,32.2,1.4,2.8,2067.6,0,16.83,12.6,18.9,15.8,18.6,17.8,18.3,17.3,17.3,17.6,30.5,30.1,27,35,18.0,25.0,33,33,20,0,0,0,1,4,4,0,24,24,24,37,43,39,35,35,34,44.78,44.8,44.82,62,500,5.5,0,0,0
0.44,134,85.98,85.98,85.98,10,12,11,0.49,-4.3,0.09,0.13,206.2,15.2,224,1,2,0,700,0,2,0,0.01,0,0,32.9,32.1,1.4,2.8,2067.6,0,16.83,12.7,18.9,15.8,18.7,17.8,18.3,17.3,17.3,17.6,30.6,30.2,27,35,18.0,25.0,33,33,20,0,0,0,1,4,4,0,24,24,24,37,43,38,35,35,34,44.78,44.8,44.82,61,510,5.5,0,0,0
0.31,119,85.98,85.98,85.98,11,11,11,0.53,0.0,0.09,0.18,206.5,15.4,226,1,2,0,700,0,1,0,0.01,0,0,32.8,32.1,1.4,2.8,2067.6,0,16.83,12.9,19.0,15.8,18.8,17.8,18.3,17.3,17.3,17.6,30.8,30.4,27,35,18.1,25.1,33,33,20,0,0,0,1,4,4,0,24,24,24,37,43,39,35,35,34,44.78,44.8,44.82,62,510,5.5,0,0,0
0.41,89,85.98,85.98,85.98,12,12,11,0.51,0.3,0.09,0.14,206.2,8.1,223,1,2,0,700,0,1,0,0.01,0,0,32.8,32.1,1.4,2.8,2067.6,0,16.83,12.7,18.9,15.8,18.6,17.8,18.3,17.2,17.3,17.6,30.6,30.2,27,35,18.0,25.0,33,33,20,0,0,0,1,4,4,0,24,24,24,37,43,38,35,35,34,44.78,44.8,44.82,62,500,5.5,0,0,0
0.54,184,85.98,85.98,85.98,12,11,10,0.63,-3.0,0.08,0.14,206.2,14.8,226,1,2,0,700,0,1,0,0.01,0,0,32.8,32.1,1.4,2.8,2067.6,0,16.83,12.7,18.9,15.8,18.8,17.8,18.3,17.3,17.3,17.6,30.7,30.3,28,35,18.1,25.0,33,33,20,0,0,0,1,4,4,0,24,24,24,38,43,39,35,35,34,44.79,44.8,44.82,62,500,5.7,0,0,0
0.44,44,85.98,85.98,85.98,10,12,11,0.59,0.3,0.09,0.16,206.5,13.6,227,1,2,0,699,0,2,0,0.01,0,0,32.8,32.1,1.4,2.8,2067.6,0,16.83,12.9,19.0,15.8,18.8,17.8,18.3,17.3,17.3,17.7,30.9,30.5,27,35,18.1,25.1,33,33,20,0,0,0,1,4,4,0,24,24,24,37,43,38,35,35,34,44.78,44.8,44.82,61,500,5.5,0,0,0
0.34,98,85.98,85.98,85.98,11,11,11,0.49,0.6,0.08,0.12,206.1,13.9,222,1,2,0,700,0,1,0,0.01,0,0,33.0,32.2,1.4,2.9,2067.6,0,16.83,12.7,18.9,15.8,18.7,17.8,18.3,17.3,17.3,17.6,30.6,30.2,27,35,18.0,25.0,33,33,20,0,0,0,1,4,4,0,24,24,24,37,43,38,35,35,34,44.78,44.8,44.82,62,500,5.5,0,0,0
0.49,124,85.98,85.98,85.98,11,10,11,0.54,-4.1,0.08,0.17,206.2,10.3,227,1,2,0,700,0,2,0,0.01,0,0,32.9,32.1,1.4,2.8,2067.6,0,16.83,12.7,18.9,15.8,18.8,17.8,18.3,17.3,17.3,17.6,30.7,30.3,27,35,18.0,25.0,33,33,20,0,0,0,1,4,4,0,24,24,24,37,43,39,35,35,34,44.78,44.8,44.82,62,500,5.5,0,0,0
0.42,156,85.98,85.98,85.98,10,12,11,0.53,-1.3,0.09,0.14,206.4,10.6,224,1,2,0,701,0,2,0,0.01,0,0,32.9,32.1,1.4,2.8,2067.6,0,16.83,12.7,18.9,15.8,18.7,17.8,18.3,17.3,17.3,17.6,30.6,30.2,27,36,18.0,25.0,33,33,20,0,0,0,1,4,4,0,24,24,24,38,43,38,36,36,34,44.78,44.8,44.82,62,510,5.5,0,0,0
0.37,212,85.98,85.98,85.98,11,11,10,0.52,6.7,0.08,0.14,206.4,14.0,221,1,2,0,701,0,1,0,0.01,0,0,32.9,32.1,1.4,2.8,2067.6,0,16.83,12.7,18.9,15.8,18.7,17.8,18.3,17.3,17.3,17.6,30.6,30.2,27,35,18.0,25.0,33,33,20,0,0,0,1,4,4,0,24,24,24,37,43,39,35,35,34,44.78,44.8,44.82,61,500,5.4,0,0,0
0.52,211,85.98,85.98,85.98,12,10,10,0.62,2.9,0.09,0.19,206.4,7.8,224,1,2,0,700,0,2,0,0.01,0,0,32.9,32.1,1.4,2.8,2067.6,0,16.83,12.7,18.9,15.8,18.8,17.8,18.3,17.3,17.3,17.6,30.7,30.3,27,35,18.1,25.0,33,33,20,0,0,0,1,4,4,0,24,24,24,38,43,39,35,35,34,44.78,44.8,44.82,62,500,5.4,0,0,0
0.39,90,85.98,85.98,85.98,12,10,11,0.53,4.1,0.09,0.16,206.2,13.6,221,1,2,0,700,0,2,0,0.01,0,0,32.8,32.1,1.4,2.8,2067.6,0,16.83,12.7,18.9,15.8,18.7,17.8,18.3,17.3,17.3,17.6,30.6,30.2,27,35,18.0,25.0,33,33,20,0,0,0,1,4,4,0,24,24,24,38,43,38,35,35,34,44.78,44.8,44.83,63,500,5.5,0,0,0
0.52,340,85.98,85.98,85.98,12,11,10,0.61,-2.4,0.08,0.16,206.4,7.9,224,1,2,0,700,0,1,0,0.01,0,0,32.8,32.1,1.4,2.8,2067.6,0,16.83,12.7,18.9,15.8,18.7,17.8,18.3,17.3,17.3,17.6,30.6,30.2,27,35,18.0,25.0,33,33,20,0,0,0,1,4,4,0,24,24,24,37,43,38,35,35,34,44.78,44.8,44.82,62,510,5.4,0,0,0
0.5,42,85.98,85.98,85.98,12,10,10,0.57,-0.7,0.09,0.16,206.5,12.3,226,1,2,0,700,0,1,0,0.01,0,0,32.8,32.1,1.4,2.8,2067.6,0,16.83,12.9,19.0,15.8,18.8,17.8,18.3,17.3,17.3,17.6,30.8,30.4,26,35,18.1,25.1,33,33,20,0,0,0,1,4,4,0,24,24,24,38,43,38,35,35,34,44.78,44.8,44.82,63,510,5.4,0,0,0
0.35,27,85.98,85.98,85.98,11,11,10,0.55,-6.5,0.09,0.16,206.2,12.7,227,1,2,0,701,0,1,0,0.01,0,0,32.9,32.1,1.4,2.8,2067.6,0,16.83,12.6,18.9,15.8,18.6,17.8,18.3,17.3,17.3,17.6,30.5,30.1,26,35,18.0,25.0,33,33,20,0,0,0,1,4,4,0,24,24,24,37,43,38,35,35,34,44.78,44.8,44.82,61,510,5.4,0,0,0
0.41,229,85.98,85.98,85.98,10,11,12,0.52,4.9,0.09,0.12,206.5,14.0,226,1,2,0,699,0,1,0,0.01,0,0,32.9,32.1,1.4,2.8,2067.6,0,16.83,12.9,19.0,15.8,18.8,17.8,18.3,17.3,17.3,17.6,30.8,30.5,28,35,18.1,25.1,33,33,20,0,0,0,1,4,4,0,24,24,24,37,43,39,35,35,34,44.79,44.8,44.82,61,510,5.6,0,0,0
0.47,233,85.98,85.98,85.98,12,10,11,0.6,1.9,0.08,0.11,206.2,13.0,223,1,2,0,700,0,2,0,0.01,0,0,32.9,32.2,1.4,2.8,2067.6,0,16.83,12.7,18.9,15.8,18.8,17.8,18.3,17.3,17.3,17.6,30.7,30.3,27,35,18.1,25.0,33,33,20,0,0,0,1,4,4,0,24,24,24,38,43,39,35,35,34,44.78,44.8,44.83,62,500,5.6,0,0,0
0.42,280,85.98,85.98,85.98,11,11,10,0.55,1.6,0.09,0.13,206.4,10.5,223,1,2,0,700,0,1,0,0.01,0,0,32.9,32.1,1.4,2.8,2067.6,0,16.83,12.8,19.0,15.8,18.8,17.8,18.3,17.3,17.3,17.6,30.7,30.4,27,35,18.1,25.1,33,33,20,0,0,0,1,4,4,0,24,24,24,37,43,38,35,35,34,44.78,44.8,44.82,62,500,5.3,0,0,0
0.52,326,85.98,85.98,85.98,12,12,10,0.49,-2.4,0.09,0.17,206.3,14.8,224,1,2,0,700,0,2,0,0.01,0,0,32.9,32.2,1.4,2.8,2067.6,0,16.83,12.7,18.9,15.8,18.7,17.8,18.3,17.3,17.3,17.6,30.6,30.2,27,35,18.0,25.0,33,33,20,0,0,0,1,4,4,0,24,24,24,37,43,38,35,35,34,44.78,44.79,44.83,61,510,5.5,0,0,0
0.41,271,85.98,85.98,85.98,11,11,10,0.5,1.6,0.08,0.16,206.5,9.5,223,1,2,0,700,0,1,0,0.01,0,0,32.8,32.1,1.4,2.8,2067.6,0,16.83,12.8,19.0,15.8,18.8,17.8,18.3,17.3,17.3,17.6,30.7,30.4,26,35,18.1,25.1,33,33,20,0,0,0,1,4,4,0,24,24,24,37,43,38,35,35,34,44.78,44.8,44.82,62,510,5.4,0,0,0
0.47,153,85.98,85.98,85.98,11,10,11,0.5,-15.6,0.08,0.13,206.5,10.3,233,1,2,0,700,0,1,0,0.01,0,0,32.9,32.1,1.4,2.8,2067.6,0,16.83,12.9,19.0,15.8,18.8,17.8,18.3,17.3,17.3,17.6,30.8,30.5,27,35,18.1,25.1,33,33,20,0,0,0,1,4,4,0,24,24,24,37,43,39,35,35,34,44.78,44.8,44.82,62,500,5.5,0,0,0
0.41,334,85.98,85.98,85.98,10,11,12,0.55,5.7,0.09,0.13,206.2,12.4,222,1,2,0,701,0,2,0,0.01,0,0,32.9,32.2,1.4,2.9,2067.6,0,16.83,12.7,18.9,15.8,18.7,17.8,18.3,17.3,17.3,17.6,30.6,30.2,27,35,18.0,25.0,33,33,20,0,0,0,1,4,4,0,24,24,24,37,43,39,35,35,34,44.78,44.8,44.83,62,510,5.5,0,0,0
0.52,358,85.98,85.98,85.98,12,11,10,0.59,-2.4,0.08,0.09,206.4,8.2,224,1,2,0,701,0,2,0,0.01,0,0,32.9,32.1,1.4,2.8,2067.6,0,16.83,12.7,18.9,15.8,18.7,17.8,18.3,17.3,17.3,17.6,30.6,30.2,27,35,18.0,25.0,33,33,20,0,0,0,1,4,4,0,24,24,24,37,43,39,35,35,34,44.78,44.8,44.82,62,500,5.5,0,0,0
0.33,104,85.98,85.98,85.98,11,10,11,0.45,-6.8,0.09,0.12,206.4,9.6,227,1,2,0,700,0,1,0,0.01,0,0,32.9,32.1,1.4,2.8,2067.6,0,16.83,12.7,18.9,15.8,18.8,17.8,18.3,17.3,17.3,17.6,30.7,30.3,27,35,18.0,25.0,33,33,20,0,0,0,1,4,4,0,24,24,24,37,43,39,35,35,34,44.78,44.8,44.82,61,510,5.5,0,0,0
0.34,28,85.98,85.98,85.98,11,11,10,0.51,-3.4,0.08,0.14,206.2,9.9,226,1,2,0,701,0,1,0,0.01,0,0,32.9,32.3,1.4,2.8,2067.6,0,16.83,12.6,18.9,15.8,18.6,17.8,18.3,17.3,17.3,17.6,30.5,30.1,27,35,18.0,25.0,33,33,20,0,0,0,1,4,4,0,24,24,24,37,43,38,35,35,34,44.78,44.8,44.83,62,510,5.4,0,0,0
0.4,300,85.98,85.98,85.98,11,11,11,0.5,-2.9,0.09,0.21,206.4,12.8,225,1,2,0,699,0,1,0,0.01,0,0,32.9,32.1,1.4,2.8,2067.6,0,16.83,12.7,18.9,15.8,18.8,17.8,18.3,17.3,17.3,17.6,30.7,30.3,27,35,18.1,25.0,33,33,20,0,0,0,1,4,4,0,24,24,24,38,43,39,35,35,34,44.78,44.8,44.83,62,500,5.6,0,0,0
0.45,282,85.98,85.98,85.98,10,12,12,0.53,-0.1,0.09,0.14,206.5,14.3,226,1,2,0,699,0,1,0,0.01,0,0,32.8,32.1,1.4,2.8,2067.6,0,16.83,12.9,19.0,15.8,18.8,17.8,18.3,17.3,17.3,17.6,30.8,30.4,27,35,18.1,25.1,33,33,20,0,0,0,1,4,4,0,24,24,24,37,43,39,35,35,34,44.78,44.8,44.83,62,500,5.6,0,0,0
0.47,138,85.98,85.98,85.98,11,10,11,0.59,-1.9,0.08,0.17,206.4,10.8,226,1,2,0,700,0,1,0,0.01,0,0,32.8,32.1,1.4,2.8,2067.6,0,16.83,12.7,18.9,15.8,18.8,17.8,18.3,17.3,17.3,17.6,30.7,30.3,27,35,18.0,25.0,33,33,20,0,0,0,1,4,4,0,24,24,24,37,43,39,35,35,34,44.78,44.8,44.82,62,500,5.5,0,0,0
0.41,276,85.98,85.98,85.98,11,11,10,0.47,1.9,0.08,0.13,206.4,11.3,223,1,2,0,700,0,1,0,0.01,0,0,32.9,32.1,1.4,2.8,2067.6,0,16.83,12.8,19.0,15.8,18.8,17.8,18.3,17.3,17.3,17.6,30.7,30.4,27,35,18.1,25.1,33,33,20,0,0,0,1,4,4,0,24,24,24,37,43,38,35,35,34,44.78,44.8,44.82,62,500,5.3,0,0,0
0.49,39,85.98,85.98,85.98,10,11,11,0.52,5.0,0.09,0.16,206.4,13.8,223,1,2,0,700,0,1,0,0.01,0,0,32.8,32.1,1.4,2.8,2067.6,0,16.83,12.8,18.9,15.8,18.8,17.8,18.3,17.3,17.3,17.6,30.7,30.3,27,35,18.1,25.0,33,33,20,0,0,0,1,4,4,0,24,24,24,37,43,39,35,35,34,44.78,44.79,44.83,62,500,5.5,0,0,0
0.44,1,85.98,85.98,85.98,10,11,12,0.47,9.1,0.09,0.14,206.3,12.7,220,1,2,0,701,0,1,0,0.01,0,0,32.9,32.1,1.4,2.8,2067.6,0,16.83,12.7,18.9,15.8,18.7,17.8,18.3,17.3,17.3,17.6,30.6,30.2,28,35,18.0,25.0,33,33,20,0,0,0,1,4,4,0,24,24,24,37,43,39,35,35,34,44.78,44.8,44.82,62,500,5.5,0,0,0
0.43,64,85.98,85.98,85.98,12,10,11,0.58,2.0,0.09,0.16,206.5,10.4,225,1,2,0,700,0,1,0,0.01,0,0,32.9,32.1,1.4,2.8,2067.6,0,16.83,12.9,19.0,15.9,18.8,17.8,18.3,17.3,17.3,17.6,30.8,30.4,27,35,18.1,25.1,33,33,20,0,0,0,1,4,4,0,24,24,24,38,43,38,35,35,34,44.78,44.8,44.83,62,510,5.5,0,0,0
0.48,151,85.98,85.98,85.98,11,10,11,0.64,-3.5,0.09,0.16,206.3,10.0,227,1,2,0,700,0,1,0,0.01,0,0,32.9,32.1,1.4,2.8,2067.6,0,16.83,12.7,18.9,15.8,18.8,17.8,18.3,17.3,17.3,17.6,30.7,30.3,28,35,18.0,25.0,33,33,20,0,0,0,1,4,4,0,24,24,24,37,43,39,35,35,34,44.78,44.8,44.83,62,500,5.5,0,0,0
0.53,149,85.98,85.98,85.98,12,12,10,0.46,-4.8,0.09,0.18,206.4,14.9,225,1,2,0,700,0,1,0,0.01,0,0,32.8,32.2,1.4,2.8,2067.6,0,16.83,12.7,18.9,15.8,18.8,17.8,18.3,17.3,17.3,17.6,30.7,30.3,28,35,18.1,25.0,33,33,20,0,0,0,1,4,4,0,24,24,24,37,43,38,35,35,34,44.78,44.8,44.82,62,510,5.5,0,0,0
0.47,71,85.98,85.98,85.98,10,12,12,0.58,4.0,0.09,0.14,206.4,9.5,222,1,2,0,700,0,2,0,0.01,0,0,32.8,32.1,1.4,2.8,2067.6,0,16.83,12.8,18.9,15.8,18.8,17.8,18.3,17.3,17.3,17.6,30.7,30.3,28,35,18.1,25.0,33,33,20,0,0,0,1,4,4,0,24,24,24,37,43,39,35,35,34,44.78,44.8,44.82,62,510,5.6,0,0,0
0.46,55,85.98,85.98,85.98,12,10,11,0.59,4.8,0.09,0.19,206.4,15.3,221,1,2,0,701,0,1,0,0.01,0,0,32.9,32.1,1.4,2.8,2067.6,0,16.83,12.7,18.9,15.8,18.7,17.8,18.3,17.3,17.3,17.6,30.6,30.2,26,35,18.0,25.0,33,33,20,0,0,0,1,4,4,0,24,24,24,38,43,38,35,35,34,44.78,44.8,44.82,62,500,5.5,0,0,0
0.41,295,85.98,85.98,85.98,11,11,11,0.47,-1.8,0.08,0.07,206.4,13.0,225,1,2,0,700,0,1,0,0.01,0,0,32.9,32.1,1.4,2.8,2067.6,0,16.83,12.7,18.9,15.8,18.8,17.8,18.3,17.3,17.3,17.6,30.7,30.3,27,35,18.0,25.0,33,33,20,0,0,0,1,4,4,0,24,24,24,37,43,39,35,35,34,44.78,44.8,44.83,63,500,5.5,0,0,0
0.55,158,85.98,85.98,85.98,12,12,10,0.56,-5.0,0.08,0.14,206.4,9.5,226,1,2,0,700,0,2,0,0.01,0,0,32.8,32.1,1.4,2.8,2067.6,0,16.83,12.7,18.9,15.8,18.8,17.8,18.3,17.3,17.3,17.6,30.7,30.3,28,35,18.1,25.0,33,33,20,0,0,0,1,4,4,0,24,24,24,37,43,39,35,35,34,44.79,44.8,44.82,62,510,5.5,0,0,0
0.47,179,85.98,85.98,85.98,11,10,11,0.6,-6.2,0.09,0.14,206.6,10.2,231,1,2,0,700,0,2,0,0.01,0,0,32.8,32.1,1.4,2.9,2067.6,0,16.83,12.9,19.0,15.8,18.8,17.8,18.3,17.3,17.3,17.6,30.8,30.5,27,35,18.1,25.1,33,33,20,0,0,0,1,4,4,0,24,24,24,37,43,39,35,35,34,44.78,44.8,44.82,62,500,5.5,0,0,0
0.4,204,85.98,85.98,85.98,12,10,11,0.55,5.1,0.08,0.14,206.2,15.9,221,1,2,0,701,0,1,0,0.01,0,0,32.9,32.2,1.4,2.8,2067.6,0,16.83,12.7,18.9,15.8,18.6,17.8,18.3,17.3,17.3,17.6,30.5,30.2,27,35,18.0,25.0,33,33,20,0,0,0,1,4,4,0,24,24,24,38,43,38,35,35,34,44.78,44.8,44.82,62,500,5.5,0,0,0
0.49,29,85.98,85.98,85.98,12,10,10,0.65,6.8,0.1,0.16,206.2,9.2,221,1,2,0,701,0,1,0,0.01,0,0,32.9,32.1,1.4,2.8,2067.6,0,16.83,12.7,18.9,15.8,18.7,17.8,18.3,17.3,17.3,17.6,30.6,30.2,27,35,18.0,25.0,33,33,20,0,0,0,1,4,4,0,24,24,24,38,43,39,35,35,34,44.78,44.8,44.82,62,500,5.5,0,0,0
0.37,244,85.98,85.98,85.98,10,11,11,0.5,-6.9,0.09,0.16,206.2,12.1,226,1,2,0,701,0,1,0,0.01,0,0,32.9,32.1,1.4,2.8,2067.6,0,16.83,12.6,18.9,15.8,18.6,17.8,18.3,17.3,17.3,17.6,30.5,30.1,27,35,18.0,25.0,33,33,20,0,0,0,1,4,4,0,24,24,24,37,43,38,35,35,34,44.78,44.8,44.82,62,510,5.5,0,0,0
0.42,108,85.98,85.98,85.98,10,11,11,0.42,-2.6,0.09,0.14,206.4,15.7,223,1,2,0,701,0,1,0,0.01,0,0,32.9,32.1,1.4,2.8,2067.6,0,16.83,12.7,18.9,15.8,18.7,17.8,18.3,17.3,17.3,17.6,30.6,30.2,27,35,18.0,25.0,33,33,20,0,0,0,1,4,4,0,24,24,24,37,43,38,35,35,34,44.78,44.8,44.82,62,500,5.6,0,0,0
0.39,293,85.98,85.98,85.98,11,10,10,0.52,-3.4,0.09,0.16,206.2,8.1,224,1,2,0,700,0,1,0,0.01,0,0,32.9,32.1,1.4,2.8,2067.6,0,16.83,12.9,19.0,15.8,18.8,17.8,18.3,17.3,17.3,17.6,30.7,30.4,27,35,18.1,25.0,33,33,20,0,0,0,1,4,4,0,24,24,24,37,43,39,35,35,34,44.78,44.8,44.82,62,510,5.5,0,0,0
0.44,31,85.98,85.98,85.98,10,12,11,0.59,-0.9,0.09,0.16,206.5,9.4,228,1,2,0,700,0,1,0,0.01,0,0,32.8,32.1,1.4,2.8,2067.6,0,16.83,12.9,19.0,15.8,18.8,17.8,18.3,17.3,17.3,17.7,30.9,30.5,27,35,18.1,25.1,33,33,20,0,0,0,1,4,4,0,24,24,24,37,43,39,35,35,34,44.78,44.8,44.82,60,510,5.6,0,0,0
0.48,289,85.98,85.98,85.98,11,10,11,0.54,-1.1,0.09,0.16,206.4,14.2,224,1,2,0,701,0,1,0,0.01,0,0,32.9,32.1,1.4,2.9,2067.6,0,16.83,12.7,18.9,15.8,18.7,17.8,18.3,17.3,17.3,17.6,30.6,30.2,27,35,18.0,25.0,33,33,20,0,0,0,1,4,4,0,24,24,24,37,43,39,35,35,34,44.78,44.8,44.82,62,490,5.5,0,0,0
0.34,28,85.98,85.98,85.98,11,10,10,0.44,-4.4,0.09,0.16,206.2,7.8,227,1,2,0,701,0,1,0,0.01,0,0,32.8,32.2,1.4,2.8,2067.6,0,16.83,12.6,18.9,15.8,18.6,17.8,18.3,17.3,17.3,17.6,30.5,30.1,27,35,18.0,25.0,33,33,20,0,0,0,1,4,4,0,24,24,24,37,43,39,35,35,34,44.78,44.8,44.83,61,510,5.5,0,0,0
0.39,196,85.98,85.98,85.98,10,12,11,0.5,2.8,0.09,0.14,206.4,10.9,224,1,2,0,700,0,1,0,0.01,0,0,32.8,32.1,1.4,2.8,2067.6,0,16.83,12.9,19.0,15.8,18.8,17.8,18.3,17.3,17.3,17.6,30.8,30.4,27,35,18.1,25.1,33,33,20,0,0,0,1,4,4,0,24,24,24,37,43,39,35,35,34,44.78,44.8,44.82,62,510,5.5,0,0,0
0.45,317,85.98,85.98,85.98,10,11,11,0.43,-5.9,0.08,0.16,206.4,13.9,227,1,2,0,699,0,2,0,0.01,0,0,32.9,32.2,1.4,2.8,2067.6,0,16.83,12.7,18.9,15.8,18.8,17.8,18.3,17.3,17.3,17.6,30.7,30.3,28,35,18.1,25.0,33,33,20,0,0,0,1,4,4,0,24,24,24,37,43,39,35,35,34,44.78,44.8,44.82,61,510,5.6,0,0,0
0.44,315,85.98,85.98,85.98,11,10,11,0.5,-4.9,0.09,0.14,206.4,11.6,226,1,2,0,700,0,2,0,0.01,0,0,32.8,32.1,1.4,2.8,2067.6,0,16.83,12.8,19.0,15.8,18.8,17.8,18.3,17.3,17.3,17.6,30.7,30.4,27,35,18.1,25.0,33,33,20,0,0,0,1,4,4,0,24,24,24,37,43,39,35,35,34,44.78,44.8,44.82,62,510,5.5,0,0,0
0.53,171,85.98,85.98,85.98,12,11,10,0.6,-4.7,0.09,0.14,206.4,14.7,226,1,2,0,700,0,1,0,0.01,0,0,32.9,32.1,1.4,2.9,2067.6,0,16.83,12.7,18.9,15.8,18.8,17.8,18.3,17.3,17.3,17.6,30.7,30.3,26,35,18.1,25.0,33,33,20,0,0,0,1,4,4,0,24,24,24,38,43,39,35,35,34,44.79,44.81,44.82,62,510,5.6,0,0,0
0.47,30,85.98,85.98,85.98,10,11,11,0.55,3.6,0.08,0.14,206.2,14.7,223,1,2,0,699,0,1,0,0.01,0,0,33.0,32.1,1.4,2.8,2067.6,0,16.83,12.8,18.9,15.8,18.8,17.8,18.3,17.3,17.3,17.6,30.7,30.4,27,35,18.1,25.0,33,33,20,0,0,0,1,4,4,0,24,24,24,37,43,39,35,35,34,44.78,44.8,44.82,62,510,5.6,0,0,0
0.39,62,85.98,85.98,85.98,11,12,12,0.46,-0.1,0.09,0.14,206.2,7.3,223,1,2,0,700,0,1,0,0.01,0,0,33.0,32.1,1.4,2.8,2067.6,0,16.83,12.7,18.9,15.8,18.6,17.8,18.3,17.3,17.3,17.6,30.6,30.2,27,35,18.0,25.0,33,33,20,0,0,0,1,4,4,0,24,24,24,37,43,38,35,35,34,44.78,44.8,44.83,61,500,5.6,0,0,0
0.42,69,85.98,85.98,85.98,12,10,11,0.54,5.6,0.09,0.16,206.2,13.2,221,1,2,0,700,0,1,0,0.01,0,0,32.8,32.2,1.4,2.8,2067.6,0,16.83,12.7,18.9,15.8,18.7,17.8,18.3,17.3,17.3,17.6,30.6,30.2,27,35,18.0,25.0,33,33,20,0,0,0,1,4,4,0,24,24,24,38,43,39,35,35,34,44.78,44.8,44.82,62,500,5.6,0,0,0
0.4,86,85.98,85.98,85.98,12,10,11,0.57,-2.0,0.08,0.13,206.2,15.5,226,1,2,0,700,0,1,0,0.01,0,0,32.8,32.1,1.4,2.8,2067.6,0,16.83,12.9,19.0,15.8,18.8,17.8,18.3,17.3,17.3,17.6,30.8,30.4,27,35,18.1,25.1,33,33,20,0,0,0,1,4,4,0,24,24,24,38,43,39,35,35,34,44.78,44.8,44.82,63,510,5.6,0,0,0
0.38,65,85.98,85.98,85.98,11,12,12,0.47,1.1,0.08,0.14,206.2,8.1,222,1,2,0,701,0,2,0,0.01,0,0,32.8,32.1,1.4,2.8,2067.6,0,16.83,12.7,18.9,15.8,18.6,17.8,18.3,17.3,17.3,17.6,30.6,30.2,27,35,18.0,25.0,33,33,20,0,0,0,1,4,4,0,24,24,24,37,43,39,35,35,34,44.78,44.8,44.83,61,510,5.6,0,0,0
0.43,262,85.98,85.98,85.98,11,11,10,0.52,2.0,0.09,0.14,206.2,11.2,223,1,2,0,700,0,1,0,0.01,0,0,32.9,32.1,1.4,2.8,2067.6,0,16.83,12.8,19.0,15.8,18.8,17.8,18.3,17.3,17.3,17.6,30.7,30.4,27,35,18.1,25.0,33,33,20,0,0,0,1,4,4,0,24,24,24,37,43,38,35,35,34,44.78,44.8,44.82,61,510,5.4,0,0,0
0.43,267,85.98,85.98,85.98,11,11,10,0.48,1.7,0.09,0.12,206.3,11.7,223,1,2,0,700,0,1,0,0.01,0,0,32.8,32.1,1.4,2.8,2067.6,0,16.83,12.8,19.0,15.8,18.8,17.8,18.3,17.3,17.3,17.6,30.7,30.4,27,35,18.1,25.0,33,33,20,0,0,0,1,4,4,0,24,24,24,37,43,38,35,35,34,44.78,44.8,44.82,61,510,5.4,0,0,0
0.5,341,85.98,85.98,85.98,11,10,11,0.53,-4.4,0.08,0.14,206.4,11.4,226,1,2,0,699,0,1,0,0.01,0,0,32.8,32.1,1.4,2.9,2067.6,0,16.83,12.8,19.0,15.8,18.8,17.8,18.3,17.3,17.3,17.6,30.7,30.4,26,35,18.1,25.0,33,33,20,0,0,0,1,4,4,0,24,24,24,37,43,39,35,35,34,44.78,44.8,44.82,61,510,5.5,0,0,0
0.39,91,85.98,85.98,85.98,11,11,10,0.49,-2.3,0.08,0.13,206.4,13.3,225,1,2,0,700,0,1,0,0.01,0,0,32.9,32.1,1.4,2.8,2067.6,0,16.83,12.7,18.9,15.8,18.8,17.8,18.3,17.3,17.3,17.6,30.7,30.3,27,35,18.0,25.0,33,33,20,0,0,0,1,4,4,0,24,24,24,37,43,39,35,35,34,44.78,44.8,44.82,62,510,5.6,0,0,0
0.5,215,85.98,85.98,85.98,12,10,10,0.64,3.8,0.08,0.12,206.4,7.1,223,1,2,0,700,0,1,0,0.01,0,0,32.8,32.1,1.4,2.8,2067.6,0,16.83,12.7,18.9,15.8,18.8,17.8,18.3,17.3,17.3,17.6,30.7,30.3,27,35,18.1,25.0,33,33,20,0,0,0,1,4,4,0,24,24,24,38,43,38,35,35,34,44.78,44.8,44.82,62,500,5.5,0,0,0
0.36,313,85.98,85.98,85.98,11,12,11,0.5,-2.8,0.09,0.13,206.5,16.2,226,1,2,0,700,0,1,0,0.01,0,0,32.9,32.1,1.4,2.9,2067.6,0,16.83,12.9,19.0,15.8,18.8,17.8,18.3,17.3,17.3,17.6,30.8,30.4,27,35,18.1,25.1,33,33,20,0,0,0,1,4,4,0,24,24,24,37,43,39,35,35,34,44.78,44.8,44.82,61,510,5.6,0,0,0
0.45,13,85.98,85.98,85.98,10,11,11,0.58,0.1,0.09,0.16,206.4,15.7,225,1,2,0,699,0,1,0,0.01,0,0,32.8,32.1,1.4,2.8,2067.6,0,16.83,12.8,18.9,15.8,18.8,17.8,18.3,17.3,17.3,17.6,30.7,30.4,27,35,18.1,25.0,33,33,20,0,0,0,1,4,4,0,24,24,24,37,43,39,35,35,34,44.78,44.8,44.83,61,500,5.6,0,0,0
0.43,59,85.98,85.98,85.98,12,10,11,0.56,2.1,0.07,0.13,206.4,13.4,222,1,2,0,700,0,1,0,0.01,0,0,32.9,32.2,1.4,2.8,2067.6,0,16.83,12.7,18.9,15.8,18.7,17.8,18.3,17.3,17.3,17.6,30.6,30.2,27,35,18.0,25.0,33,33,20,0,0,0,1,4,4,0,24,24,24,38,43,38,35,35,34,44.78,44.8,44.82,63,500,5.5,0,0,0
0.42,54,85.98,85.98,85.98,10,12,12,0.54,-0.4,0.09,0.14,206.2,10.1,222,1,2,0,701,0,1,0,0.01,0,0,32.9,32.1,1.4,2.8,2067.6,0,16.83,12.7,18.9,15.8,18.6,17.8,18.3,17.3,17.3,17.6,30.6,30.2,28,35,18.0,25.0,33,33,20,0,0,0,1,4,4,0,24,24,24,37,43,39,35,35,34,44.78,44.8,44.83,62,510,5.5,0,0,0
0.45,18,85.98,85.98,85.98,10,12,11,0.57,-3.5,0.09,0.17,206.6,10.6,229,1,2,0,700,0,1,0,0.01,0,0,32.9,32.1,1.4,2.8,2067.6,0,16.83,12.9,19.0,15.8,18.8,17.8,18.3,17.3,17.3,17.7,30.9,30.5,27,35,18.1,25.1,33,33,20,0,0,0,1,4,4,0,24,24,24,37,43,39,35,35,34,44.78,44.8,44.82,59,510,5.5,0,0,0
0.5,26,85.98,85.98,85.98,10,11,11,0.53,3.1,0.09,0.16,206.4,15.2,224,1,2,0,699,0,1,0,0.01,0,0,32.8,32.1,1.4,2.9,2067.6,0,16.83,12.8,18.9,15.8,18.8,17.8,18.3,17.3,17.3,17.6,30.7,30.4,27,35,18.1,25.0,33,33,20,0,0,0,1,4,4,0,24,24,24,37,43,39,35,35,34,44.78,44.8,44.82,62,510,5.5,0,0,0
0.47,84,85.98,85.98,85.98,10,12,12,0.61,-1.0,0.09,0.14,206.4,8.7,224,1,2,0,700,0,1,0,0.01,0,0,32.8,32.1,1.4,2.9,2067.6,0,16.83,12.7,18.9,15.8,18.8,17.8,18.3,17.3,17.3,17.6,30.7,30.3,27,35,18.1,25.0,33,33,20,0,0,0,1,4,4,0,24,24,24,37,43,39,35,35,34,44.78,44.8,44.82,62,510,5.5,0,0,0
0.49,37,85.98,85.98,85.98,12,10,10,0.58,-0.4,0.09,0.14,206.5,10.5,226,1,2,0,700,0,1,0,0.01,0,0,32.8,32.1,1.4,2.9,2067.6,0,16.83,12.9,19.0,15.8,18.8,17.8,18.3,17.3,17.3,17.6,30.8,30.4,26,35,18.1,25.1,33,33,20,0,0,0,1,4,4,0,24,24,24,38,43,38,35,35,34,44.78,44.8,44.82,62,500,5.4,0,0,0
0.44,262,85.98,85.98,85.98,10,12,12,0.6,1.3,0.11,0.16,206.4,10.3,222,1,2,0,701,0,1,0,0.01,0,0,32.8,32.1,1.4,2.8,2067.6,0,16.83,12.7,18.9,15.8,18.7,17.8,18.3,17.3,17.3,17.6,30.7,30.3,28,35,18.0,25.0,33,33,20,0,0,0,1,4,4,0,24,24,24,37,43,39,35,35,34,44.78,44.8,44.83,61,510,5.6,0,0,0
0.43,335,85.98,85.98,85.98,10,12,11,0.53,-5.9,0.09,0.14,206.4,14.8,227,1,2,0,700,0,1,0,0.01,0,0,32.8,32.1,1.4,2.8,2067.6,0,16.83,12.7,18.9,15.8,18.8,17.8,18.3,17.3,17.3,17.6,30.7,30.3,27,35,18.1,25.0,33,33,20,0,0,0,1,4,4,0,24,24,24,37,43,39,35,35,34,44.78,44.8,44.82,62,510,5.6,0,0,0
0.49,231,85.98,85.98,85.98,10,11,12,0.6,9.3,0.08,0.13,206.3,13.3,221,1,2,0,701,0,1,0,0.01,0,0,32.9,32.2,1.4,2.8,2067.6,0,16.83,12.7,18.9,15.8,18.7,17.8,18.3,17.3,17.3,17.6,30.7,30.3,27,36,18.0,25.0,33,33,20,0,0,0,1,4,4,0,24,24,24,38,43,39,36,36,34,44.78,44.8,44.82,62,500,5.6,0,0,0
0.35,239,85.98,85.98,85.98,12,10,11,0.49,-2.1,0.09,0.16,206.2,11.6,223,1,2,0,701,0,1,0,0.01,0,0,32.9,32.1,1.4,2.8,2067.6,0,16.83,12.7,18.9,15.8,18.6,17.8,18.3,17.2,17.3,17.6,30.5,30.2,27,35,18.0,25.0,33,33,20,0,0,0,1,4,4,0,24,24,24,37,43,38,35,35,34,44.78,44.81,44.82,63,510,5.5,0,0,0
0.37,252,85.98,85.98,85.98,11,10,11,0.5,-1.2,0.08,0.14,206.2,15.3,223,1,2,0,700,0,1,0,0.01,0,0,32.8,32.2,1.4,2.8,2067.6,0,16.83,12.7,18.9,15.8,18.7,17.8,18.3,17.3,17.3,17.6,30.6,30.2,27,35,18.0,25.0,33,33,20,0,0,0,1,4,4,0,24,24,24,37,43,39,35,35,34,44.78,44.8,44.82,62,500,5.5,0,0,0
0.41,49,85.98,85.98,85.98,10,12,12,0.56,-0.1,0.09,0.14,206.2,14.7,222,1,2,0,700,0,2,0,0.01,0,0,32.9,32.2,1.4,2.8,2067.6,0,16.83,12.7,18.9,15.8,18.7,17.8,18.3,17.3,17.3,17.6,30.6,30.2,27,36,18.0,25.0,33,33,20,0,0,0,1,4,4,0,24,24,24,37,43,38,36,36,34,44.78,44.8,44.83,62,510,5.5,0,0,0
0.44,231,85.98,85.98,85.98,11,11,10,0.55,7.1,0.09,0.13,206.4,14.6,222,1,2,0,700,0,1,0,0.01,0,0,32.9,32.2,1.4,2.9,2067.6,0,16.83,12.9,19.0,15.8,18.8,17.8,18.3,17.3,17.3,17.6,30.7,30.4,27,35,18.1,25.1,33,33,20,0,0,0,1,4,4,0,24,24,24,37,43,39,35,35,34,44.78,44.8,44.82,62,500,5.5,0,0,0
0.48,20,85.98,85.98,85.98,12,10,10,0.61,3.0,0.08,0.14,206.4,11.3,223,1,2,0,701,0,1,0,0.01,0,0,32.8,32.1,1.4,2.8,2067.6,0,16.83,12.7,18.9,15.8,18.7,17.8,18.3,17.3,17.3,17.6,30.6,30.2,27,35,18.0,25.0,33,33,20,0,0,0,1,4,4,0,24,24,24,38,43,38,35,35,34,44.79,44.8,44.82,62,500,5.4,0,0,0
0.42,273,85.98,85.98,85.98,12,10,11,0.54,-2.5,0.09,0.14,206.4,9.8,225,1,2,0,700,0,2,0,0.01,0,0,32.9,32.2,1.4,2.8,2067.6,0,16.83,12.7,18.9,15.8,18.8,17.8,18.3,17.3,17.3,17.6,30.7,30.3,27,35,18.1,25.0,33,33,20,0,0,0,1,4,4,0,24,24,24,38,43,39,35,35,34,44.78,44.8,44.82,63,500,5.5,0,0,0
0.38,253,85.98,85.98,85.98,11,10,11,0.48,-1.1,0.08,0.14,206.2,14.5,223,1,2,0,701,0,1,0,0.01,0,0,32.9,32.1,1.4,2.8,2067.6,0,16.83,12.7,18.9,15.8,18.7,17.8,18.3,17.3,17.3,17.6,30.6,30.2,27,35,18.0,25.0,33,33,20,0,0,0,1,4,4,0,24,24,24,37,43,39,35,35,34,44.78,44.8,44.83,61,500,5.4,0,0,0
0.48,53,85.98,85.98,85.98,10,11,12,0.59,5.7,0.08,0.14,206.4,10.5,222,1,2,0,700,0,2,0,0.01,0,0,32.8,32.1,1.4,2.8,2067.6,0,16.83,12.7,18.9,15.8,18.8,17.8,18.3,17.3,17.3,17.6,30.7,30.3,28,35,18.1,25.0,33,33,20,0,0,0,1,4,4,0,24,24,24,37,43,39,35,35,34,44.78,44.8,44.82,62,500,5.6,0,0,0
0.39,295,85.98,85.98,85.98,12,12,11,0.52,2.0,0.1,0.13,206.2,15.5,222,1,2,0,700,0,2,0,0.01,0,0,32.9,32.2,1.4,2.8,2067.6,0,16.83,12.7,18.9,15.8,18.7,17.8,18.3,17.3,17.3,17.6,30.6,30.2,27,35,18.0,25.0,33,33,20,0,0,0,1,4,4,0,24,24,24,37,43,39,35,35,34,44.78,44.8,44.83,62,500,5.5,0,0,0
0.45,174,85.98,85.98,85.98,12,10,10,0.58,5.1,0.09,0.14,206.2,8.9,222,1,2,0,700,0,2,0,0.01,0,0,32.9,32.2,1.4,2.8,2067.6,0,16.83,12.7,18.9,15.8,18.6,17.8,18.3,17.2,17.3,17.6,30.5,30.2,27,35,18.0,25.0,33,33,20,0,0,0,1,4,4,0,24,24,24,38,43,38,35,35,34,44.78,44.8,44.82,62,500,5.5,0,0,0
0.42,93,85.98,85.98,85.98,12,12,11,0.5,-0.3,0.09,0.14,206.0,8.5,223,1,2,0,700,0,2,0,0.01,0,0,32.9,32.2,1.4,2.8,2067.6,0,16.83,12.7,18.9,15.8,18.6,17.8,18.3,17.2,17.3,17.6,30.6,30.2,28,35,18.0,25.0,33,33,20,0,0,0,1,4,4,0,24,24,24,37,43,38,35,35,34,44.78,44.8,44.82,62,510,5.6,0,0,0
0.43,115,85.98,85.98,85.98,11,10,11,0.48,-6.3,0.08,0.14,206.2,11.8,227,1,2,0,700,0,2,0,0.01,0,0,32.8,32.1,1.4,2.8,2067.6,0,16.83,12.7,18.9,15.8,18.8,17.8,18.3,17.3,17.3,17.6,30.7,30.3,27,35,18.0,25.0,33,33,20,0,0,0,1,4,4,0,24,24,24,37,43,39,35,35,34,44.78,44.8,44.82,62,510,5.5,0,0,0
0.39,5,85.98,85.98,85.98,11,11,10,0.47,0.8,0.08,0.13,206.2,13.7,224,1,2,0,701,0,1,0,0.01,0,0,32.9,32.2,1.4,2.8,2067.6,0,16.83,12.6,18.9,15.8,18.6,17.8,18.2,17.3,17.3,17.6,30.5,30.1,27,35,18.0,25.0,33,33,20,0,0,0,1,4,4,0,24,24,24,37,43,39,35,35,34,44.78,44.8,44.82,61,510,5.4,0,0,0
0.41,300,85.98,85.98,85.98,11,12,12,0.48,-4.1,0.09,0.14,206.4,13.0,227,1,2,0,700,0,2,0,0.01,0,0,32.9,32.1,1.4,2.8,2067.6,0,16.83,12.9,19.0,15.8,18.8,17.8,18.3,17.3,17.3,17.6,30.8,30.4,27,35,18.1,25.1,33,33,20,0,0,0,1,4,4,0,24,24,24,37,43,39,35,35,34,44.78,44.8,44.82,61,510,5.6,0,0,0
0.44,173,85.98,85.98,85.98,11,10,11,0.57,1.3,0.1,0.16,206.4,13.2,225,1,2,0,701,0,1,0,0.01,0,0,32.8,32.1,1.4,2.8,2067.6,0,16.83,12.7,18.9,15.8,18.8,17.8,18.3,17.3,17.3,17.6,30.7,30.3,28,35,18.0,25.0,33,33,20,0,0,0,1,4,4,0,24,24,24,37,43,39,35,35,34,44.78,44.8,44.83,62,510,5.5,0,0,0
0.53,331,85.98,85.98,85.98,12,12,10,0.6,-2.9,0.08,0.11,206.4,11.8,224,1,2,0,701,0,1,0,0.01,0,0,32.9,32.3,1.4,2.8,2067.6,0,16.83,12.7,18.9,15.8,18.7,17.8,18.3,17.3,17.3,17.6,30.6,30.2,27,35,18.0,25.0,33,33,20,0,0,0,1,4,4,0,24,24,24,38,43,38,35,35,34,44.78,44.8,44.83,62,500,5.5,0,0,0
0.38,17,85.98,85.98,85.98,11,11,10,0.47,-4.9,0.08,0.14,206.2,10.4,226,1,2,0,701,0,2,0,0.01,0,0,32.9,32.1,1.4,2.9,2067.6,0,16.83,12.6,18.9,15.8,18.6,17.8,18.2,17.3,17.3,17.6,30.5,30.1,27,35,18.0,25.0,33,33,20,0,0,0,1,4,4,0,24,24,24,37,43,38,35,35,34,44.78,44.79,44.82,61,500,5.4,0,0,0
0.4,75,85.98,85.98,85.98,12,12,11,0.51,-1.1,0.09,0.14,206.1,6.4,223,1,2,0,700,0,2,0,0.01,0,0,32.9,32.2,1.4,2.9,2067.6,0,16.83,12.7,18.9,15.8,18.6,17.8,18.3,17.3,17.3,17.6,30.6,30.2,26,35,18.0,25.0,33,33,20,0,0,0,1,4,4,0,24,24,24,37,43,39,35,35,34,44.79,44.8,44.83,61,510,5.6,0,0,0
0.45,35,85.98,85.98,85.98,10,12,11,0.56,0.1,0.09,0.13,206.6,8.9,227,1,2,0,699,0,1,0,0.01,0,0,32.8,32.1,1.4,2.8,2067.6,0,16.83,12.9,19.0,15.8,18.8,17.8,18.3,17.3,17.3,17.7,30.9,30.5,27,35,18.1,25.1,33,33,20,0,0,0,1,4,4,0,24,24,24,37,43,39,35,35,34,44.78,44.8,44.82,61,510,5.5,0,0,0
0.33,104,85.98,85.98,85.98,11,10,11,0.41,-7.1,0.08,0.16,206.4,10.8,227,1,2,0,700,0,2,0,0.01,0,0,32.8,32.1,1.4,2.8,2067.6,0,16.83,12.7,18.9,15.8,18.8,17.8,18.3,17.3,17.3,17.6,30.7,30.3,27,35,18.0,25.0,33,33,20,0,0,0,1,4,4,0,24,24,24,37,43,39,35,35,34,44.78,44.8,44.82,61,510,5.5,0,0,0
0.44,313,85.98,85.98,85.98,10,11,11,0.43,-5.4,0.09,0.07,206.4,14.8,227,1,2,0,699,0,2,0,0.01,0,0,32.8,32.1,1.4,2.8,2067.6,0,16.83,12.7,18.9,15.8,18.8,17.8,18.3,17.3,17.3,17.6,30.7,30.3,27,35,18.1,25.0,33,33,20,0,0,0,1,4,4,0,24,24,24,37,43,39,35,35,34,44.78,44.8,44.82,61,510,5.6,0,0,0
0.34,104,85.98,85.98,85.98,11,10,10,0.54,-5.3,0.08,0.16,206.4,12.3,226,1,2,0,700,0,1,0,0.01,0,0,32.9,32.1,1.4,2.9,2067.6,0,16.83,12.7,18.9,15.8,18.8,17.8,18.3,17.3,17.3,17.6,30.7,30.3,27,35,18.0,25.0,33,33,20,0,0,0,1,4,4,0,24,24,24,37,43,39,35,35,34,44.78,44.81,44.82,62,500,5.5,0,0,0
0.41,291,85.98,85.98,85.98,11,11,11,0.45,-0.8,0.09,0.18,206.2,11.9,225,1,2,0,699,0,2,0,0.01,0,0,32.8,32.1,1.4,2.8,2067.6,0,16.83,12.7,18.9,15.8,18.8,17.8,18.3,17.3,17.3,17.6,30.7,30.3,26,35,18.0,25.0,33,33,20,0,0,0,1,4,4,0,24,24,24,38,43,38,35,35,34,44.78,44.8,44.83,63,500,5.5,0,0,0
0.44,200,85.98,85.98,85.98,10,11,11,0.55,7.9,0.1,0.18,206.4,14.8,222,1,2,0,701,0,1,0,0.01,0,0,32.8,32.2,1.4,2.8,2067.6,0,16.83,12.7,18.9,15.8,18.7,17.8,18.3,17.3,17.3,17.6,30.7,30.3,27,35,18.0,25.0,33,33,20,0,0,0,1,4,4,0,24,24,24,37,43,39,35,35,34,44.78,44.8,44.82,61,510,5.5,0,0,0
0.45,60,85.98,85.98,85.98,12,10,11,0.57,1.8,0.09,0.13,206.4,11.5,226,1,2,0,701,0,1,0,0.01,0,0,32.9,32.1,1.4,2.8,2067.6,0,16.83,12.9,19.0,15.9,18.8,17.8,18.3,17.3,17.3,17.6,30.8,30.4,26,35,18.1,25.1,33,33,20,0,0,0,1,4,4,0,24,24,24,38,43,39,35,35,34,44.78,44.8,44.83,63,510,5.5,0,0,0
0.21,356,85.98,85.98,85.98,11,12,10,0.53,3.6,0.1,0.16,206.2,13.5,224,1,2,0,701,0,1,0,0.01,0,0,32.9,32.2,1.4,2.8,2067.6,0,16.83,12.6,18.9,15.8,18.6,17.8,18.2,17.3,17.3,17.6,30.5,30.1,27,35,18.0,25.0,33,33,20,0,0,0,1,4,4,0,24,24,24,37,43,38,35,35,34,44.78,44.8,44.82,61,500,5.5,0,0,0
0.54,193,85.98,85.98,85.98,12,11,10,0.64,-1.0,0.09,0.1,206.4,11.3,225,1,2,0,700,0,1,0,0.01,0,0,32.9,32.1,1.4,2.9,2067.6,0,16.83,12.7,18.9,15.8,18.8,17.8,18.3,17.3,17.3,17.6,30.7,30.3,29,35,18.1,25.0,33,33,20,0,0,0,1,4,4,0,24,24,24,37,43,39,35,35,34,44.78,44.8,44.82,62,510,5.7,0,0,0
0.44,4,85.98,85.98,85.98,11,10,11,0.57,-0.6,0.08,0.14,206.5,15.1,225,1,2,0,699,0,2,0,0.01,0,0,32.8,32.1,1.4,2.8,2067.6,0,16.83,12.8,18.9,15.8,18.8,17.8,18.3,17.3,17.3,17.6,30.7,30.4,27,35,18.1,25.0,33,33,20,0,0,0,1,4,4,0,24,24,24,37,43,39,35,35,34,44.78,44.8,44.83,62,500,5.5,0,0,0
0.44,204,85.98,85.98,85.98,10,11,12,0.57,7.9,0.07,0.14,206.4,14.8,222,1,2,0,701,0,1,0,0.01,0,0,32.8,32.2,1.4,2.9,2067.6,0,16.83,12.7,18.9,15.8,18.7,17.8,18.3,17.3,17.3,17.6,30.7,30.3,27,35,18.0,25.0,33,33,20,0,0,0,1,4,4,0,24,24,24,37,43,39,35,35,34,44.78,44.8,44.82,61,510,5.5,0,0,0
0.46,24,85.98,85.98,85.98,10,12,11,0.54,0.9,0.08,0.18,206.4,14.9,225,1,2,0,700,0,1,0,0.01,0,0,32.7,32.1,1.4,2.8,2067.6,0,16.83,12.7,18.9,15.8,18.8,17.8,18.3,17.3,17.3,17.6,30.7,30.3,27,35,18.0,25.0,33,33,20,0,0,0,1,4,4,0,24,24,24,37,43,39,35,35,34,44.78,44.8,44.82,61,510,5.7,0,0,0
0.41,47,85.98,85.98,85.98,11,12,10,0.51,7.2,0.08,0.19,206.4,13.1,223,1,2,0,700,0,2,0,0.01,0,0,32.8,32.1,1.4,2.9,2067.6,0,16.83,12.7,18.9,15.8,18.8,17.8,18.3,17.3,17.3,17.6,30.7,30.3,27,35,18.0,25.0,33,33,20,0,0,0,1,4,4,0,24,24,24,37,43,39,35,35,34,44.78,44.8,44.82,62,510,5.5,0,0,0
0.47,239,85.98,85.98,85.98,10,12,12,0.62,6.9,0.09,0.16,206.4,14.3,221,1,2,0,701,0,2,0,0.01,0,0,32.8,32.1,1.4,2.8,2067.6,0,16.83,12.7,18.9,15.8,18.7,17.8,18.3,17.3,17.3,17.6,30.7,30.3,27,36,18.0,25.0,33,33,20,0,0,0,1,4,4,0,24,24,24,38,43,39,36,36,34,44.78,44.79,44.83,62,510,5.5,0,0,0
0.41,196,85.98,85.98,85.98,11,12,10,0.52,2.7,0.08,0.12,206.4,10.9,223,1,2,0,701,0,2,0,0.01,0,0,33.0,32.2,1.4,2.8,2067.6,0,16.83,12.7,18.9,15.8,18.7,17.8,18.3,17.3,17.3,17.6,30.6,30.2,27,35,18.0,25.0,33,33,20,0,0,0,1,4,4,0,24,24,24,37,43,39,35,35,34,44.78,44.8,44.82,61,510,5.6,0,0,0
0.42,357,85.98,85.98,85.98,10,12,11,0.55,-3.2,0.09,0.21,206.2,13.2,227,1,2,0,700,0,2,0,0.01,0,0,32.8,32.1,1.4,2.9,2067.6,0,16.83,12.7,18.9,15.8,18.8,17.8,18.3,17.3,17.3,17.6,30.7,30.3,27,35,18.1,25.0,33,33,20,0,0,0,1,4,4,0,24,24,24,37,43,39,35,35,34,44.78,44.8,44.82,62,510,5.6,0,0,0
0.31,28,85.98,85.98,85.98,11,10,11,0.41,-8.9,0.08,0.14,206.2,10.2,228,1,2,0,701,0,1,0,0.01,0,0,32.9,32.3,1.4,2.8,2067.6,0,16.83,12.6,18.9,15.8,18.6,17.8,18.3,17.3,17.3,17.6,30.5,30.1,27,35,18.0,25.0,33,33,20,0,0,0,1,4,4,0,24,24,24,37,43,38,35,35,34,44.78,44.8,44.82,62,510,5.4,0,0,0
0.32,192,85.98,85.98,85.98,10,12,11,0.48,1.8,0.09,0.13,206.5,12.1,225,1,2,0,700,0,1,0,0.01,0,0,32.8,32.1,1.4,2.9,2067.6,0,16.83,12.9,19.0,15.8,18.8,17.8,18.3,17.3,17.3,17.6,30.8,30.4,27,35,18.1,25.1,33,33,20,0,0,0,1,4,4,0,24,24,24,37,43,39,35,35,34,44.78,44.8,44.82,62,510,5.5,0,0,0
0.44,311,85.98,85.98,85.98,11,10,11,0.53,-4.4,0.08,0.16,206.4,11.4,225,1,2,0,700,0,2,0,0.01,0,0,32.8,32.1,1.4,2.8,2067.6,0,16.83,12.8,19.0,15.8,18.8,17.8,18.3,17.3,17.3,17.6,30.7,30.4,27,35,18.1,25.0,33,33,20,0,0,0,1,4,4,0,24,24,24,37,43,39,35,35,34,44.78,44.8,44.82,62,510,5.5,0,0,0
0.41,129,85.98,85.98,85.98,10,11,11,0.45,-3.2,0.09,0.14,206.5,10.2,226,1,2,0,700,0,2,0,0.01,0,0,32.8,32.1,1.4,2.8,2067.6,0,16.83,12.9,19.0,15.8,18.8,17.8,18.3,17.3,17.3,17.6,30.8,30.4,27,35,18.1,25.1,33,33,20,0,0,0,1,4,4,0,24,24,24,37,43,39,35,35,34,44.78,44.8,44.82,62,500,5.5,0,0,0
0.37,92,85.98,85.98,85.98,11,11,11,0.49,3.3,0.09,0.14,206.2,11.3,221,1,2,0,700,0,2,0,0.01,0,0,32.8,32.1,1.4,2.8,2067.6,0,16.83,12.7,18.9,15.8,18.7,17.8,18.3,17.3,17.3,17.6,30.6,30.2,26,35,18.0,25.0,33,33,20,0,0,0,1,4,4,0,24,24,24,37,43,38,35,35,34,44.78,44.8,44.82,62,510,5.5,0,0,0
0.46,33,85.98,85.98,85.98,12,10,10,0.57,8.5,0.08,0.14,206.4,8.9,221,1,2,0,701,0,1,0,0.01,0,0,32.9,32.1,1.4,2.8,2067.6,0,16.83,12.7,18.9,15.8,18.7,17.8,18.3,17.3,17.3,17.6,30.6,30.2,27,35,18.0,25.0,33,33,20,0,0,0,1,4,4,0,24,24,24,38,43,39,35,35,34,44.78,44.8,44.82,62,500,5.5,0,0,0
0.49,138,85.98,85.98,85.98,12,11,10,0.6,-2.1,0.08,0.14,206.2,14.1,224,1,2,0,700,0,2,0,0.01,0,0,32.9,32.1,1.4,2.8,2067.6,0,16.83,12.7,18.9,15.8,18.6,17.8,18.3,17.2,17.3,17.6,30.5,30.2,28,35,18.0,25.0,33,33,20,0,0,0,1,4,4,0,24,24,24,37,43,38,35,35,34,44.78,44.8,44.83,62,510,5.4,0,0,0
0.54,175,85.98,85.98,85.98,12,11,10,0.63,-4.5,0.09,0.16,206.4,14.6,226,1,2,0,700,0,1,0,0.01,0,0,32.9,32.2,1.4,2.8,2067.6,0,16.83,12.7,18.9,15.8,18.8,17.8,18.3,17.3,17.3,17.6,30.7,30.3,27,35,18.1,25.0,33,33,20,0,0,0,1,4,4,0,24,24,24,37,43,39,35,35,34,44.79,44.8,44.82,62,510,5.6,0,0,0
0.47,226,85.98,85.98,85.98,10,11,12,0.54,9.4,0.09,0.18,206.4,13.6,221,1,2,0,701,0,1,0,0.01,0,0,32.9,32.1,1.4,2.8,2067.6,0,16.83,12.7,18.9,15.8,18.7,17.8,18.3,17.3,17.3,17.6,30.7,30.3,27,35,18.0,25.0,33,33,20,0,0,0,1,4,4,0,24,24,24,38,43,39,35,35,34,44.78,44.8,44.82,62,510,5.6,0,0,0
0.44,218,85.98,85.98,85.98,11,12,10,0.56,7.0,0.09,0.13,206.5,12.8,223,1,2,0,700,0,1,0,0.01,0,0,32.8,32.1,1.4,2.8,2067.6,0,16.83,12.9,19.0,15.8,18.8,17.8,18.3,17.3,17.3,17.6,30.8,30.4,27,35,18.1,25.1,33,33,20,0,0,0,1,4,4,0,24,24,24,37,43,39,35,35,34,44.78,44.8,44.83,61,510,5.6,0,0,0
0.42,311,85.98,85.98,85.98,11,10,11,0.6,0.7,0.08,0.16,206.1,15.0,223,1,2,0,700,0,1,0,0.01,0,0,32.9,32.2,1.4,2.8,2067.6,0,16.83,12.7,18.9,15.8,18.7,17.8,18.3,17.3,17.3,17.6,30.6,30.2,28,35,18.0,25.0,33,33,20,0,0,0,1,4,4,0,24,24,24,37,43,39,35,35,34,44.79,44.8,44.82,62,500,5.5,0,0,0
0.33,119,85.98,85.98,85.98,11,11,11,0.43,-0.9,0.08,0.14,206.4,15.6,226,1,2,0,700,0,2,0,0.01,0,0,32.8,32.1,1.4,2.8,2067.6,0,16.83,12.9,19.0,15.8,18.8,17.8,18.3,17.3,17.3,17.6,30.8,30.4,27,35,18.1,25.1,33,33,20,0,0,0,1,4,4,0,24,24,24,37,43,39,35,35,34,44.78,44.8,44.82,62,510,5.6,0,0,0
0.39,19,85.98,85.98,85.98,11,11,10,0.5,-6.0,0.11,0.16,206.0,11.9,226,1,2,0,701,0,1,0,0.01,0,0,32.9,32.2,1.4,2.9,2067.6,0,16.83,12.6,18.9,15.8,18.6,17.8,18.2,17.3,17.3,17.6,30.5,30.1,27,35,18.0,25.0,33,33,20,0,0,0,1,4,4,0,24,24,24,37,43,38,35,35,34,44.78,44.8,44.82,61,510,5.4,0,0,0
0.49,129,85.98,85.98,85.98,12,11,10,0.59,-2.7,0.09,0.14,206.2,13.0,224,1,2,0,700,0,2,0,0.01,0,0,32.9,32.1,1.4,2.9,2067.6,0,16.83,12.7,18.9,15.8,18.6,17.8,18.3,17.2,17.3,17.6,30.5,30.2,27,35,18.0,25.0,33,33,20,0,0,0,1,4,4,0,24,24,24,37,43,38,35,35,34,44.78,44.8,44.83,62,510,5.4,0,0,0
0.47,19,85.98,85.98,85.98,12,11,10,0.61,-5.4,0.09,0.14,206.5,11.4,228,1,2,0,700,0,1,0,0.01,0,0,32.9,32.1,1.4,2.9,2067.6,0,16.83,12.9,19.0,15.8,18.8,17.8,18.3,17.3,17.3,17.6,30.8,30.4,27,35,18.1,25.1,33,33,20,0,0,0,1,4,4,0,24,24,24,37,43,39,35,35,34,44.78,44.8,44.83,62,510,5.4,0,0,0
0.43,26,85.98,85.98,85.98,10,12,11,0.57,-3.0,0.09,0.14,206.6,9.6,228,1,2,0,700,0,1,0,0.01,0,0,32.8,32.1,1.4,2.8,2067.6,0,16.83,12.9,19.0,15.8,18.8,17.8,18.3,17.3,17.3,17.7,30.9,30.5,27,35,18.1,25.1,33,33,20,0,0,0,1,4,4,0,24,24,24,37,43,39,35,35,34,44.78,44.8,44.82,59,500,5.7,0,0,0
0.51,353,85.98,85.98,85.98,12,11,10,0.58,-3.3,0.08,0.14,206.4,10.8,224,1,2,0,701,0,1,0,0.01,0,0,32.8,32.1,1.4,2.8,2067.6,0,16.83,12.7,18.9,15.8,18.7,17.8,18.3,17.3,17.3,17.6,30.6,30.2,27,35,18.0,25.0,33,33,20,0,0,0,1,4,4,0,24,24,24,37,43,38,35,35,34,44.79,44.8,44.82,62,500,5.5,0,0,0
0.51,116,85.98,85.98,85.98,12,12,10,0.61,-3.8,0.09,0.14,206.2,12.7,224,1,2,0,701,0,1,0,0.01,0,0,32.9,32.1,1.4,2.8,2067.6,0,16.83,12.7,18.9,15.8,18.6,17.8,18.3,17.2,17.3,17.6,30.6,30.2,27,35,18.0,25.0,33,33,20,0,0,0,1,4,4,0,24,24,24,37,43,38,35,35,34,44.78,44.79,44.83,61,510,5.5,0,0,0
0.45,119,85.98,85.98,85.98,11,10,11,0.49,-4.9,0.1,0.12,206.4,11.8,227,1,2,0,700,0,1,0,0.01,0,0,32.8,32.1,1.4,2.8,2067.6,0,16.83,12.7,18.9,15.8,18.8,17.8,18.3,17.3,17.3,17.6,30.7,30.3,28,35,18.0,25.0,33,33,20,0,0,0,1,4,4,0,24,24,24,37,43,39,35,35,34,44.78,44.8,44.82,62,500,5.5,0,0,0
0.44,144,85.98,85.98,85.98,11,10,11,0.5,-10.9,0.08,0.16,206.5,9.0,231,1,2,0,700,0,1,0,0.01,0,0,32.9,32.2,1.4,2.8,2067.6,0,16.83,12.9,19.0,15.8,18.8,17.8,18.3,17.3,17.3,17.6,30.8,30.5,27,35,18.1,25.1,33,33,20,0,0,0,1,4,4,0,24,24,24,37,43,39,35,35,34,44.78,44.8,44.82,61,510,5.5,0,0,0
0.45,97,85.98,85.98,85.98,11,12,12,0.59,-2.8,0.09,0.14,206.4,7.4,224,1,2,0,700,0,2,0,0.01,0,0,32.8,32.1,1.4,2.8,2067.6,0,16.83,12.7,18.9,15.8,18.8,17.8,18.3,17.3,17.3,17.6,30.7,30.3,28,35,18.1,25.0,33,33,20,0,0,0,1,4,4,0,24,24,24,37,43,39,35,35,34,44.78,44.8,44.83,62,500,5.6,0,0,0
0.44,78,85.98,85.98,85.98,12,10,11,0.54,-2.2,0.09,0.17,206.5,13.3,226,1,2,0,700,0,2,0,0.01,0,0,32.8,32.1,1.4,2.8,2067.6,0,16.83,12.9,19.0,15.8,18.8,17.8,18.3,17.3,17.3,17.6,30.8,30.4,27,35,18.1,25.1,33,33,20,0,0,0,1,4,4,0,24,24,24,38,43,39,35,35,34,44.78,44.8,44.82,62,510,5.5,0,0,0
0.32,252,85.98,85.98,85.98,11,10,10,0.48,0.3,0.09,0.14,206.4,12.2,223,1,2,0,701,0,1,0,0.01,0,0,32.9,32.2,1.4,2.8,2067.6,0,16.83,12.7,18.9,15.8,18.7,17.8,18.3,17.3,17.3,17.6,30.6,30.2,27,35,18.0,25.0,33,33,20,0,0,0,1,4,4,0,24,24,24,37,43,38,35,35,34,44.78,44.8,44.82,62,510,5.5,0,0,0
0.44,187,85.98,85.98,85.98,12,10,11,0.52,8.6,0.08,0.14,206.2,7.9,221,1,2,0,701,0,2,0,0.01,0,0,33.0,32.2,1.4,2.8,2067.6,0,16.83,12.7,18.9,15.8,18.6,17.8,18.3,17.3,17.3,17.6,30.5,30.2,26,35,18.0,25.0,33,33,20,0,0,0,1,4,4,0,24,24,24,38,43,38,35,35,34,44.78,44.8,44.83,62,490,5.5,0,0,0
0.4,152,85.98,85.98,85.98,10,12,11,0.52,-2.6,0.09,0.14,206.1,10.5,224,1,2,0,701,0,2,0,0.01,0,0,32.9,32.1,1.4,2.8,2067.6,0,16.83,12.7,18.9,15.8,18.7,17.8,18.3,17.3,17.3,17.6,30.6,30.2,27,36,18.0,25.0,33,33,20,0,0,0,1,4,4,0,24,24,24,38,43,39,36,36,34,44.78,44.8,44.82,62,510,5.5,0,0,0
0.46,334,85.98,85.98,85.98,12,12,10,0.51,-6.7,0.09,0.14,206.4,14.3,228,1,2,0,700,0,1,0,0.01,0,0,32.8,32.1,1.4,2.8,2067.6,0,16.83,12.9,19.0,15.8,18.8,17.8,18.3,17.3,17.3,17.6,30.8,30.4,27,35,18.1,25.1,33,33,20,0,0,0,1,4,4,0,24,24,24,37,43,39,35,35,34,44.78,44.8,44.82,61,510,5.6,0,0,0
0.44,164,85.98,85.98,85.98,11,10,11,0.58,-0.8,0.07,0.16,206.4,10.6,226,1,2,0,700,0,1,0,0.01,0,0,32.9,32.1,1.4,2.9,2067.6,0,16.83,12.7,18.9,15.8,18.8,17.8,18.3,17.3,17.3,17.6,30.7,30.3,26,35,18.0,25.0,33,33,20,0,0,0,1,4,4,0,24,24,24,37,43,39,35,35,34,44.78,44.8,44.82,62,510,5.5,0,0,0
0.46,80,85.98,85.98,85.98,10,12,12,0.57,0.3,0.09,0.14,206.4,9.8,223,1,2,0,700,0,1,0,0.01,0,0,32.9,32.1,1.4,2.8,2067.6,0,16.83,12.7,18.9,15.8,18.8,17.8,18.3,17.3,17.3,17.6,30.7,30.3,27,35,18.1,25.0,33,33,20,0,0,0,1,4,4,0,24,24,24,37,43,39,35,35,34,44.78,44.8,44.82,62,500,5.5,0,0,0
0.35,244,85.98,85.98,85.98,11,11,11,0.46,-6.4,0.08,0.13,206.2,13.7,226,1,2,0,700,0,1,0,0.01,0,0,32.9,32.3,1.4,2.8,2067.6,0,16.83,12.6,18.9,15.8,18.6,17.8,18.3,17.3,17.3,17.6,30.5,30.1,27,35,18.0,25.0,33,33,20,0,0,0,1,4,4,0,24,24,24,37,43,38,35,35,34,44.78,44.8,44.82,62,500,5.5,0,0,0
0.4,225,85.98,85.98,85.98,11,11,10,0.53,8.8,0.09,0.14,206.4,13.4,220,1,2,0,701,0,1,0,0.01,0,0,32.9,32.1,1.4,2.9,2067.6,0,16.83,12.7,18.9,15.8,18.7,17.8,18.3,17.3,17.3,17.6,30.6,30.2,27,35,18.0,25.0,33,33,20,0,0,0,1,4,4,0,24,24,24,37,43,38,35,35,34,44.78,44.8,44.82,62,510,5.5,0,0,0
0.45,325,85.98,85.98,85.98,12,12,11,0.5,-6.9,0.08,0.16,206.5,13.7,228,1,2,0,700,0,1,0,0.01,0,0,32.8,32.2,1.4,2.8,2067.6,0,16.83,12.9,19.0,15.8,18.8,17.8,18.3,17.3,17.3,17.6,30.8,30.4,27,35,18.1,25.1,33,33,20,0,0,0,1,4,4,0,24,24,24,37,43,39,35,35,34,44.78,44.8,44.83,62,500,5.7,0,0,0
0.35,249,85.98,85.98,85.98,11,11,10,0.48,-1.7,0.08,0.16,206.1,8.2,223,1,2,0,701,0,1,0,0.01,0,0,32.9,32.2,1.4,2.8,2067.6,0,16.83,12.7,18.9,15.8,18.7,17.8,18.3,17.3,17.3,17.6,30.6,30.2,27,35,18.0,25.0,33,33,20,0,0,0,1,4,4,0,24,24,24,37,43,39,35,35,34,44.78,44.8,44.82,61,500,5.4,0,0,0
0.34,252,85.98,85.98,85.98,11,10,10,0.48,-0.4,0.08,0.14,206.1,11.4,223,1,2,0,701,0,1,0,0.01,0,0,32.9,32.1,1.4,2.8,2067.6,0,16.83,12.7,18.9,15.8,18.7,17.8,18.3,17.3,17.3,17.6,30.6,30.2,27,35,18.0,25.0,33,33,20,0,0,0,1,4,4,0,24,24,24,37,43,38,35,35,34,44.78,44.8,44.82,62,510,5.4,0,0,0
0.45,22,85.98,85.98,85.98,10,11,12,0.53,2.5,0.09,0.14,206.2,13.7,221,1,2,0,701,0,2,0,0.01,0,0,32.8,32.2,1.4,2.8,2067.6,0,16.83,12.7,18.9,15.8,18.7,17.8,18.3,17.2,17.3,17.6,30.6,30.2,27,35,18.0,25.0,33,33,20,0,0,0,1,4,4,0,24,24,24,37,43,39,35,35,34,44.78,44.8,44.83,61,500,5.6,0,0,0
0.41,343,85.98,85.98,85.98,10,11,12,0.52,6.7,0.09,0.14,206.2,12.9,221,1,2,0,701,0,2,0,0.01,0,0,32.8,32.2,1.4,2.8,2067.6,0,16.83,12.7,18.9,15.8,18.7,17.8,18.3,17.3,17.3,17.6,30.6,30.2,26,35,18.0,25.0,33,33,20,0,0,0,1,4,4,0,24,24,24,37,43,38,35,35,34,44.78,44.8,44.83,62,500,5.5,0,0,0
0.39,310,85.98,85.98,85.98,10,12,11,0.47,-0.8,0.11,0.14,206.4,10.0,225,1,2,0,700,0,1,0,0.01,0,0,33.0,32.2,1.4,2.8,2067.6,0,16.83,12.6,18.9,15.8,18.6,17.8,18.3,17.3,17.3,17.6,30.5,30.1,27,35,18.0,25.0,33,33,20,0,0,0,1,4,4,0,24,24,24,37,43,39,35,35,34,44.78,44.8,44.82,62,500,5.6,0,0,0
0.38,131,85.98,85.98,85.98,12,12,11,0.47,-2.6,0.09,0.14,206.4,11.6,225,1,2,0,700,0,2,0,0.01,0,0,32.8,32.1,1.4,2.9,2067.6,0,16.83,12.7,18.9,15.8,18.8,17.8,18.3,17.3,17.3,17.6,30.7,30.3,28,35,18.1,25.0,33,33,20,0,0,0,1,4,4,0,24,24,24,37,43,39,35,35,34,44.78,44.79,44.82,62,510,5.6,0,0,0
0.41,56,85.98,85.98,85.98,11,11,10,0.5,5.2,0.09,0.1,206.2,14.0,223,1,2,0,700,0,2,0,0.01,0,0,32.8,32.1,1.4,2.8,2067.6,0,16.83,12.7,18.9,15.8,18.8,17.8,18.3,17.3,17.3,17.6,30.7,30.3,27,35,18.0,25.0,33,33,20,0,0,0,1,4,4,0,24,24,24,37,43,39,35,35,34,44.78,44.8,44.82,61,500,5.6,0,0,0
0.41,299,85.98,85.98,85.98,12,12,11,0.47,1.2,0.09,0.18,206.4,13.7,222,1,2,0,700,0,2,0,0.01,0,0,32.9,32.1,1.4,2.8,2067.6,0,16.83,12.7,18.9,15.8,18.7,17.8,18.3,17.3,17.3,17.6,30.6,30.2,28,35,18.0,25.0,33,33,20,0,0,0,1,4,4,0,24,24,24,37,43,38,35,35,34,44.78,44.8,44.82,62,500,5.5,0,0,0
0.38,97,85.98,85.98,85.98,11,11,11,0.54,4.0,0.09,0.14,206.4,13.9,221,1,2,0,701,0,2,0,0.01,0,0,32.9,32.1,1.4,2.8,2067.6,0,16.83,12.7,18.9,15.8,18.7,17.8,18.3,17.3,17.3,17.6,30.6,30.2,27,35,18.0,25.0,33,33,20,0,0,0,1,4,4,0,24,24,24,38,43,39,35,35,34,44.78,44.8,44.82,62,500,5.6,0,0,0
0.47,24,85.98,85.98,85.98,12,11,10,0.59,-4.3,0.09,0.13,206.5,10.5,228,1,2,0,700,0,2,0,0.01,0,0,32.8,32.1,1.4,2.8,2067.6,0,16.83,12.9,19.0,15.8,18.8,17.8,18.3,17.3,17.3,17.6,30.8,30.4,27,35,18.1,25.1,33,33,20,0,0,0,1,4,4,0,24,24,24,38,43,38,35,35,34,44.78,44.8,44.83,62,510,5.4,0,0,0
0.38,124,85.98,85.98,85.98,11,10,10,0.51,-9.6,0.09,0.14,206.5,8.4,230,1,2,0,699,0,1,0,0.01,0,0,32.9,32.1,1.4,2.9,2067.6,0,16.83,12.9,19.0,15.8,18.8,17.8,18.3,17.3,17.3,17.6,30.8,30.5,27,35,18.1,25.1,33,33,20,0,0,0,1,4,4,0,24,24,24,37,43,39,35,35,34,44.78,44.8,44.82,61,500,5.6,0,0,0
0.41,258,85.98,85.98,85.98,11,10,11,0.47,-1.4,0.08,0.14,206.2,13.8,223,1,2,0,701,0,1,0,0.01,0,0,32.9,32.1,1.4,2.8,2067.6,0,16.83,12.7,18.9,15.8,18.7,17.8,18.3,17.3,17.3,17.6,30.6,30.2,27,35,18.0,25.0,33,33,20,0,0,0,1,4,4,0,24,24,24,37,43,39,35,35,34,44.78,44.8,44.83,62,500,5.5,0,0,0
0.48,165,85.98,85.98,85.98,12,10,10,0.57,2.4,0.08,0.13,206.2,12.6,223,1,2,0,701,0,1,0,0.01,0,0,32.9,32.2,1.4,2.8,2067.6,0,16.83,12.7,18.9,15.8,18.6,17.8,18.3,17.2,17.3,17.6,30.5,30.2,27,35,18.0,25.0,33,33,20,0,0,0,1,4,4,0,24,24,24,38,43,38,35,35,34,44.78,44.79,44.82,62,510,5.5,0,0,0
0.44,51,85.98,85.98,85.98,12,10,11,0.57,7.3,0.11,0.13,206.4,9.6,221,1,2,0,700,0,1,0,0.01,0,0,32.9,32.2,1.4,2.8,2067.6,0,16.83,12.7,18.9,15.8,18.7,17.8,18.3,17.3,17.3,17.6,30.6,30.2,27,35,18.0,25.0,33,33,20,0,0,0,1,4,4,0,24,24,24,38,43,38,35,35,34,44.78,44.8,44.82,62,500,5.4,0,0,0
0.46,242,85.98,85.98,85.98,12,10,11,0.58,-1.8,0.09,0.1,206.4,12.3,225,1,2,0,699,0,1,0,0.01,0,0,32.7,32.1,1.4,2.8,2067.6,0,16.83,12.7,18.9,15.8,18.8,17.8,18.3,17.3,17.3,17.6,30.7,30.3,27,35,18.1,25.0,33,33,20,0,0,0,1,4,4,0,24,24,24,38,43,39,35,35,35,44.78,44.79,44.83,63,500,5.5,0,0,0
0.42,326,85.98,85.98,85.98,10,12,11,0.49,-6.2,0.09,0.08,206.5,12.6,227,1,2,0,700,0,1,0,0.01,0,0,32.9,32.2,1.4,2.8,2067.6,0,16.83,12.7,18.9,15.8,18.8,17.8,18.3,17.3,17.3,17.6,30.7,30.3,27,35,18.1,25.0,33,33,20,0,0,0,1,4,4,0,24,24,24,37,43,38,35,35,34,44.78,44.8,44.82,61,500,5.5,0,0,0
0.45,193,85.98,85.98,85.98,11,10,11,0.57,-3.2,0.09,0.14,206.5,13.1,230,1,2,0,700,0,2,0,0.01,0,0,32.9,32.2,1.4,2.8,2067.6,0,16.83,12.9,19.0,15.8,18.8,17.8,18.3,17.3,17.3,17.6,30.8,30.4,27,35,18.1,25.1,33,33,20,0,0,0,1,4,4,0,24,24,24,37,43,39,35,35,34,44.78,44.8,44.83,61,510,5.5,0,0,0
0.44,169,85.98,85.98,85.98,11,10,11,0.6,0.5,0.08,0.11,206.4,10.8,225,1,2,0,700,0,1,0,0.01,0,0,32.9,32.1,1.4,2.8,2067.6,0,16.83,12.7,18.9,15.8,18.8,17.8,18.3,17.3,17.3,17.6,30.7,30.3,27,35,18.0,25.0,33,33,20,0,0,0,1,4,4,0,24,24,24,37,43,39,35,35,34,44.78,44.8,44.82,62,510,5.6,0,0,0
0.38,70,85.98,85.98,85.98,11,12,11,0.49,0.5,0.09,0.13,206.2,11.7,222,1,2,0,701,0,2,0,0.01,0,0,32.9,32.2,1.4,2.8,2067.6,0,16.83,12.7,18.9,15.8,18.6,17.8,18.3,17.3,17.3,17.6,30.6,30.2,27,35,18.0,25.0,33,33,20,0,0,0,1,4,4,0,24,24,24,37,43,38,35,35,34,44.79,44.8,44.83,61,500,5.6,0,0,0
0.0,103,85.98,85.98,85.98,11,11,10,0.49,-3.4,0.08,0.13,206.4,6.9,225,1,2,0,700,0,1,0,0.01,0,0,32.8,32.1,1.4,2.8,2067.6,0,16.83,12.7,18.9,15.8,18.8,17.8,18.3,17.3,17.3,17.6,30.7,30.3,27,35,18.0,25.0,33,33,20,0,0,0,1,4,4,0,24,24,24,37,43,39,35,35,34,44.78,44.8,44.83,61,510,5.6,0,0,0
0.48,166,85.98,85.98,85.98,11,10,11,0.6,-10.1,0.09,0.14,206.5,10.4,232,1,2,0,700,0,2,0,0.01,0,0,32.8,32.1,1.4,2.8,2067.6,0,16.83,12.9,19.0,15.8,18.8,17.8,18.3,17.3,17.3,17.6,30.8,30.5,27,35,18.1,25.1,33,33,20,0,0,0,1,4,4,0,24,24,24,37,43,39,35,35,34,44.78,44.8,44.82,61,500,5.5,0,0,0
0.33,28,85.98,85.98,85.98,11,10,11,0.42,-8.9,0.09,0.14,206.2,13.9,228,1,2,0,701,0,1,0,0.01,0,0,32.9,32.2,1.4,2.8,2067.6,0,16.83,12.6,18.9,15.8,18.6,17.8,18.3,17.3,17.3,17.6,30.5,30.1,27,35,18.0,25.0,33,33,20,0,0,0,1,4,4,0,24,24,24,37,43,38,35,35,34,44.78,44.8,44.82,61,500,5.5,0,0,0
0.45,214,85.98,85.98,85.98,11,12,10,0.46,6.1,0.09,0.14,206.4,11.5,223,1,2,0,700,0,1,0,0.01,0,0,32.8,32.1,1.4,2.9,2067.6,0,16.83,12.9,19.0,15.8,18.8,17.8,18.3,17.3,17.3,17.6,30.8,30.4,27,35,18.1,25.1,33,33,20,0,0,0,1,4,4,0,24,24,24,37,43,39,35,35,34,44.78,44.8,44.82,61,500,5.6,0,0,0
0.45,246,85.98,85.98,85.98,12,10,11,0.57,-2.9,0.08,0.14,206.4,14.4,225,1,2,0,699,0,2,0,0.01,0,0,32.8,32.1,1.4,2.9,2067.6,0,16.83,12.7,18.9,15.8,18.8,17.8,18.3,17.3,17.3,17.6,30.7,30.3,27,35,18.1,25.0,33,33,20,0,0,0,1,4,4,0,24,24,24,37,43,38,35,35,34,44.78,44.79,44.82,62,500,5.5,0,0,0
0.46,209,85.98,85.98,85.98,10,12,10,0.46,5.5,0.09,0.16,206.2,13.7,223,1,2,0,700,0,2,0,0.01,0,0,32.9,32.1,1.4,2.8,2067.6,0,16.83,12.9,19.0,15.8,18.8,17.8,18.3,17.3,17.3,17.6,30.8,30.4,27,35,18.1,25.1,33,33,20,0,0,0,1,4,4,0,24,24,24,37,43,39,35,35,34,44.78,44.8,44.82,62,510,5.6,0,0,0
0.41,58,85.98,85.98,85.98,11,12,12,0.47,-0.7,0.09,0.14,206.2,8.9,223,1,2,0,701,0,2,0,0.01,0,0,32.9,32.1,1.4,2.8,2067.6,0,16.83,12.7,18.9,15.8,18.6,17.8,18.3,17.3,17.3,17.6,30.6,30.2,27,35,18.0,25.0,33,33,20,0,0,0,1,4,4,0,24,24,24,37,43,39,35,35,34,44.78,44.8,44.83,61,500,5.6,0,0,0
0.39,187,85.98,85.98,85.98,10,12,11,0.5,0.1,0.08,0.11,206.4,12.9,224,1,2,0,701,0,1,0,0.01,0,0,32.9,32.2,1.4,2.8,2067.6,0,16.83,12.7,18.9,15.8,18.7,17.8,18.3,17.3,17.3,17.6,30.6,30.2,27,35,18.0,25.0,33,33,20,0,0,0,1,4,4,0,24,24,24,37,43,39,35,35,34,44.78,44.8,44.82,61,510,5.5,0,0,0
0.4,99,85.98,85.98,85.98,11,11,10,0.53,-1.0,0.09,0.14,206.4,7.6,225,1,2,0,700,0,1,0,0.01,0,0,32.8,32.2,1.4,2.8,2067.6,0,16.83,12.7,18.9,15.8,18.8,17.8,18.3,17.3,17.3,17.6,30.7,30.3,27,35,18.0,25.0,33,33,20,0,0,0,1,4,4,0,24,24,24,37,43,39,35,35,34,44.78,44.8,44.83,61,500,5.6,0,0,0
0.42,160,85.98,85.98,85.98,10,12,11,0.57,-2.5,0.09,0.14,206.4,7.6,226,1,2,0,700,0,1,0,0.01,0,0,32.8,32.1,1.4,2.8,2067.6,0,16.83,12.9,19.0,15.8,18.8,17.8,18.3,17.3,17.3,17.6,30.8,30.4,27,35,18.1,25.1,33,33,20,0,0,0,1,4,4,0,24,24,24,37,43,39,35,35,34,44.78,44.8,44.82,62,510,5.6,0,0,0
0.33,244,85.98,85.98,85.98,11,11,11,0.48,-5.5,0.09,0.13,206.2,14.3,225,1,2,0,701,0,1,0,0.01,0,0,32.9,32.1,1.4,2.8,2067.6,0,16.83,12.6,18.9,15.8,18.6,17.8,18.3,17.3,17.3,17.6,30.5,30.1,28,35,18.0,25.0,33,33,20,0,0,0,1,4,4,0,24,24,24,37,43,38,35,35,34,44.78,44.8,44.82,62,510,5.5,0,0,0
0.33,28,85.98,85.98,85.98,11,11,10,0.48,-4.1,0.1,0.14,206.2,10.4,226,1,2,0,700,0,2,0,0.01,0,0,32.9,32.2,1.4,2.8,2067.6,0,16.83,12.6,18.9,15.8,18.6,17.8,18.3,17.3,17.3,17.6,30.5,30.1,27,35,18.0,25.0,33,33,20,0,0,0,1,4,4,0,24,24,24,37,43,38,35,35,34,44.78,44.8,44.82,61,500,5.4,0,0,0
0.41,51,85.98,85.98,85.98,11,11,10,0.5,7.5,0.08,0.14,206.4,14.6,223,1,2,0,700,0,2,0,0.01,0,0,32.9,32.1,1.4,2.8,2067.6,0,16.83,12.7,18.9,15.8,18.8,17.8,18.3,17.3,17.3,17.6,30.7,30.3,27,35,18.0,25.0,33,33,20,0,0,0,1,4,4,0,24,24,24,37,43,39,35,35,34,44.78,44.8,44.82,62,510,5.5,0,0,0
0.35,244,85.98,85.98,85.98,11,11,11,0.48,-5.2,0.08,0.13,206.2,10.9,225,1,2,0,700,0,1,0,0.01,0,0,32.8,32.1,1.4,2.8,2067.6,0,16.83,12.7,18.9,15.8,18.6,17.8,18.3,17.3,17.3,17.6,30.5,30.1,27,35,18.0,25.0,33,33,20,0,0,0,1,4,4,0,24,24,24,37,43,38,35,35,34,44.78,44.8,44.83,63,500,5.5,0,0,0
0.38,238,85.98,85.98,85.98,11,11,10,0.5,3.9,0.08,0.14,206.3,14.4,221,1,2,0,701,0,2,0,0.01,0,0,32.8,32.1,1.4,2.8,2067.6,0,16.83,12.7,18.9,15.8,18.7,17.8,18.3,17.2,17.3,17.6,30.6,30.2,27,35,18.0,25.0,33,33,20,0,0,0,1,4,4,0,24,24,24,37,43,39,35,35,34,44.78,44.8,44.82,61,510,5.5,0,0,0
0.37,316,85.98,85.98,85.98,12,12,11,0.49,-5.4,0.09,0.13,206.3,12.1,227,1,2,0,700,0,1,0,0.01,0,0,32.9,32.1,1.4,2.8,2067.6,0,16.83,12.9,19.0,15.8,18.8,17.8,18.3,17.3,17.3,17.6,30.8,30.4,27,35,18.1,25.1,33,33,20,0,0,0,1,4,4,0,24,24,24,37,43,39,35,35,34,44.78,44.79,44.83,61,510,5.5,0,0,0
0.39,119,85.98,85.98,85.98,11,11,10,0.53,-10.7,0.09,0.14,206.5,6.9,230,1,2,0,699,0,1,0,0.01,0,0,32.9,32.1,1.4,2.8,2067.6,0,16.83,12.9,19.0,15.8,18.8,17.8,18.3,17.3,17.3,17.6,30.8,30.5,27,35,18.1,25.1,33,33,20,0,0,0,1,4,4,0,24,24,24,37,43,39,35,35,34,44.78,44.8,44.82,62,510,5.6,0,0,0
0.42,83,85.98,85.98,85.98,11,11,10,0.49,-1.1,0.09,0.13,206.4,11.2,225,1,2,0,700,0,1,0,0.01,0,0,32.8,32.1,1.4,2.8,2067.6,0,16.83,12.7,18.9,15.8,18.8,17.8,18.3,17.3,17.3,17.6,30.7,30.3,27,35,18.0,25.0,33,33,20,0,0,0,1,4,4,0,24,24,24,37,43,39,35,35,34,44.78,44.8,44.82,61,510,5.6,0,0,0
0.49,15,85.98,85.98,85.98,12,10,10,0.67,2.2,0.11,0.16,206.4,14.1,223,1,2,0,701,0,1,0,0.01,0,0,32.8,32.1,1.4,2.9,2067.6,0,16.83,12.7,18.9,15.8,18.7,17.8,18.3,17.3,17.3,17.6,30.6,30.2,27,35,18.0,25.0,33,33,20,0,0,0,1,4,4,0,24,24,24,38,43,38,35,35,34,44.79,44.8,44.82,62,510,5.4,0,0,0
0.45,260,85.98,85.98,85.98,10,11,12,0.54,4.8,0.09,0.16,206.2,12.5,225,1,2,0,699,0,1,0,0.01,0,0,32.9,32.1,1.4,2.8,2067.6,0,16.83,12.9,19.0,15.8,18.8,17.8,18.3,17.3,17.3,17.6,30.8,30.5,28,35,18.1,25.1,33,33,20,0,0,0,1,4,4,0,24,24,24,37,43,39,35,35,34,44.78,44.8,44.82,62,500,5.6,0,0,0
0.4,169,85.98,85.98,85.98,10,12,11,0.57,-1.0,0.09,0.12,206.4,8.6,226,1,2,0,700,0,1,0,0.01,0,0,32.9,32.1,1.4,2.8,2067.6,0,16.83,12.9,19.0,15.8,18.8,17.8,18.3,17.3,17.3,17.6,30.8,30.4,26,35,18.1,25.1,33,33,20,0,0,0,1,4,4,0,24,24,24,37,43,39,35,35,34,44.78,44.8,44.82,62,500,5.6,0,0,0
0.43,89,85.98,85.98,85.98,11,11,10,0.63,-6.9,0.09,0.14,206.4,12.3,229,1,2,0,700,0,1,0,0.01,0,0,32.8,32.2,1.4,2.8,2067.6,0,16.83,12.9,19.0,15.8,18.8,17.8,18.3,17.3,17.3,17.6,30.8,30.5,27,35,18.1,25.1,33,33,20,0,0,0,1,4,4,0,24,24,24,37,43,38,35,35,34,44.78,44.8,44.82,61,510,5.5,0,0,0
0.43,307,85.98,85.98,85.98,11,10,11,0.59,-0.7,0.09,0.12,206.4,12.4,224,1,2,0,700,0,2,0,0.01,0,0,32.9,32.2,1.4,2.8,2067.6,0,16.83,12.7,18.9,15.8,18.7,17.8,18.3,17.3,17.3,17.6,30.6,30.2,27,35,18.0,25.0,33,33,20,0,0,0,1,4,4,0,24,24,24,37,43,39,35,35,34,44.79,44.8,44.82,62,490,5.5,0,0,0
0.43,325,85.98,85.98,85.98,10,10,11,0.56,5.2,0.09,0.16,206.4,13.4,222,1,2,0,701,0,2,0,0.01,0,0,32.9,32.1,1.4,2.8,2067.6,0,16.83,12.7,18.9,15.8,18.7,17.8,18.3,17.3,17.3,17.6,30.6,30.2,27,35,18.0,25.0,33,33,20,0,0,0,1,4,4,0,24,24,24,37,43,39,35,35,34,44.78,44.8,44.82,61,510,5.6,0,0,0
0.43,28,85.98,85.98,85.98,10,12,11,0.52,2.1,0.09,0.1,206.4,9.9,225,1,2,0,700,0,2,0,0.01,0,0,32.8,32.1,1.5,2.8,2067.6,0,16.83,12.7,18.9,15.8,18.8,17.8,18.3,17.3,17.3,17.6,30.7,30.3,26,35,18.0,25.0,33,33,20,0,0,0,1,4,4,0,24,24,24,37,43,39,35,35,34,44.78,44.8,44.82,61,510,5.6,0,0,0
0.52,202,85.98,85.98,85.98,12,10,10,0.66,0.9,0.08,0.13,206.4,13.1,224,1,2,0,700,0,1,0,0.01,0,0,32.8,32.1,1.4,2.9,2067.6,0,16.83,12.7,18.9,15.8,18.8,17.8,18.3,17.3,17.3,17.6,30.7,30.3,27,35,18.1,25.0,33,33,20,0,0,0,1,4,4,0,24,24,24,38,43,39,35,35,34,44.78,44.8,44.82,62,510,5.5,0,0,0
0.37,243,85.98,85.98,85.98,11,11,11,0.5,-3.9,0.08,0.11,206.2,13.3,224,1,2,0,701,0,2,0,0.01,0,0,32.9,32.2,1.4,2.8,2067.6,0,16.83,12.7,18.9,15.8,18.6,17.8,18.3,17.3,17.3,17.6,30.5,30.1,27,35,18.0,25.0,33,33,20,0,0,0,1,4,4,0,24,24,24,37,43,38,35,35,34,44.78,44.8,44.82,62,500,5.5,0,0,0
0.41,200,85.98,85.98,85.98,11,12,10,0.48,6.4,0.08,0.11,206.4,11.1,222,1,2,0,701,0,2,0,0.01,0,0,32.8,32.1,1.4,2.8,2067.6,0,16.83,12.7,18.9,15.8,18.7,17.8,18.3,17.3,17.3,17.6,30.6,30.2,27,35,18.0,25.0,33,33,20,0,0,0,1,4,4,0,24,24,24,37,43,39,35,35,34,44.78,44.8,44.82,62,510,5.6,0,0,0
0.48,157,85.98,85.98,85.98,11,10,11,0.45,-13.7,0.08,0.16,206.5,6.7,233,1,2,0,700,0,2,0,0.01,0,0,32.8,32.1,1.4,2.9,2067.6,0,16.83,12.9,19.0,15.8,18.8,17.8,18.3,17.3,17.3,17.6,30.8,30.5,26,35,18.1,25.1,33,33,20,0,0,0,1,4,4,0,24,24,24,37,43,39,35,35,34,44.78,44.8,44.82,62,500,5.5,0,0,0
0.32,28,85.98,85.98,85.98,11,10,11,0.42,-10.3,0.09,0.14,206.0,6.4,229,1,2,0,701,0,1,0,0.01,0,0,33.0,32.2,1.4,2.8,2067.6,0,16.83,12.6,18.9,15.8,18.6,17.8,18.3,17.3,17.3,17.6,30.5,30.1,27,35,18.0,25.0,33,33,20,0,0,0,1,4,4,0,24,24,24,37,43,39,35,35,34,44.78,44.8,44.83,62,510,5.5,0,0,0
0.36,28,85.98,85.98,85.98,11,11,10,0.47,-6.0,0.1,0.14,206.2,11.3,227,1,2,0,701,0,1,0,0.01,0,0,32.9,32.0,1.4,2.9,2067.6,0,16.83,12.6,18.9,15.8,18.6,17.8,18.3,17.3,17.3,17.6,30.5,30.1,27,35,18.0,25.0,33,33,20,0,0,0,1,4,4,0,24,24,24,37,43,38,35,35,34,44.78,44.8,44.82,62,510,5.4,0,0,0
0.51,220,85.98,85.98,85.98,12,10,11,0.63,3.6,0.08,0.11,206.4,8.4,223,1,2,0,699,0,1,0,0.01,0,0,32.9,32.1,1.4,2.8,2067.6,0,16.83,12.7,18.9,15.8,18.8,17.8,18.3,17.3,17.3,17.6,30.7,30.3,27,35,18.1,25.0,33,33,20,0,0,0,1,4,4,0,24,24,24,38,43,38,35,35,34,44.78,44.8,44.82,62,490,5.5,0,0,0
0.37,314,85.98,85.98,85.98,12,12,11,0.52,-3.6,0.09,0.13,206.5,13.7,227,1,2,0,700,0,1,0,0.01,0,0,32.8,32.1,1.4,2.8,2067.6,0,16.83,12.9,19.0,15.8,18.8,17.8,18.3,17.3,17.3,17.6,30.8,30.4,27,35,18.1,25.1,33,33,20,0,0,0,1,4,4,0,24,24,24,37,43,39,35,35,34,44.78,44.8,44.82,62,510,5.6,0,0,0
0.41,222,85.98,85.98,85.98,11,12,10,0.57,7.2,0.08,0.16,206.4,11.6,222,1,2,0,700,0,1,0,0.01,0,0,32.9,32.1,1.4,2.8,2067.6,0,16.83,12.9,19.0,15.8,18.8,17.8,18.3,17.3,17.3,17.6,30.7,30.4,27,35,18.1,25.1,33,33,20,0,0,0,1,4,4,0,24,24,24,37,43,39,35,35,34,44.78,44.8,44.83,61,510,5.6,0,0,0
0.45,15,85.98,85.98,85.98,12,11,10,0.61,-4.0,0.08,0.16,206.5,9.6,228,1,2,0,700,0,2,0,0.01,0,0,32.8,32.1,1.4,2.8,2067.6,0,16.83,12.9,19.0,15.8,18.8,17.8,18.3,17.3,17.3,17.6,30.8,30.4,28,35,18.1,25.1,33,33,20,0,0,0,1,4,4,0,24,24,24,38,43,39,35,35,34,44.78,44.8,44.82,62,510,5.5,0,0,0
0.36,24,85.98,85.98,85.98,11,11,10,0.52,-6.9,0.08,0.14,206.2,12.5,227,1,2,0,701,0,1,0,0.01,0,0,33.0,32.2,1.4,2.8,2067.6,0,16.83,12.6,18.9,15.8,18.6,17.8,18.3,17.3,17.3,17.6,30.5,30.1,27,35,18.0,25.0,33,33,20,0,0,0,1,4,4,0,24,24,24,37,43,38,35,35,34,44.78,44.8,44.82,62,510,5.4,0,0,0
0.45,288,85.98,85.98,85.98,10,12,11,0.57,-4.7,0.08,0.11,206.0,9.3,226,1,2,0,701,0,1,0,0.01,0,0,32.9,32.2,1.4,2.8,2067.6,0,16.83,12.6,18.9,15.8,18.6,17.8,18.3,17.3,17.3,17.6,30.5,30.1,27,35,18.0,25.0,33,33,20,0,0,0,1,4,4,0,24,24,24,37,43,39,35,35,34,44.78,44.8,44.82,62,500,5.6,0,0,0
0.44,31,85.98,85.98,85.98,10,12,12,0.53,-0.6,0.09,0.16,206.0,11.2,222,1,2,0,701,0,2,0,0.01,0,0,32.9,32.1,1.4,2.9,2067.6,0,16.83,12.7,18.9,15.8,18.7,17.8,18.3,17.3,17.3,17.6,30.6,30.2,28,35,18.0,25.0,33,33,20,0,0,0,1,4,4,0,24,24,24,37,43,39,35,35,34,44.78,44.8,44.83,61,510,5.5,0,0,0
0.52,335,85.98,85.98,85.98,12,11,10,0.62,-2.9,0.1,0.15,206.4,7.6,224,1,2,0,701,0,1,0,0.01,0,0,33.0,32.2,1.4,2.8,2067.6,0,16.83,12.7,18.9,15.8,18.7,17.8,18.3,17.3,17.3,17.6,30.6,30.2,28,35,18.0,25.0,33,33,20,0,0,0,1,4,4,0,24,24,24,38,43,39,35,35,34,44.78,44.8,44.82,62,500,5.4,0,0,0
0.4,112,85.98,85.98,85.98,12,10,11,0.46,-3.1,0.08,0.14,206.5,13.2,227,1,2,0,700,0,1,0,0.01,0,0,32.9,32.2,1.4,2.8,2067.6,0,16.83,12.9,19.0,15.8,18.8,17.8,18.3,17.3,17.3,17.6,30.8,30.4,26,35,18.1,25.1,33,33,20,0,0,0,1,4,4,0,24,24,24,37,43,39,35,35,34,44.79,44.79,44.82,62,500,5.5,0,0,0
0.38,312,85.98,85.98,85.98,11,12,11,0.49,-2.6,0.09,0.14,206.4,15.4,226,1,2,0,700,0,1,0,0.01,0,0,32.8,32.1,1.4,2.9,2067.6,0,16.83,12.9,19.0,15.8,18.8,17.8,18.3,17.3,17.3,17.6,30.8,30.4,27,35,18.1,25.1,33,33,20,0,0,0,1,4,4,0,24,24,24,37,43,39,35,35,34,44.78,44.79,44.82,61,500,5.5,0,0,0
0.5,44,85.98,85.98,85.98,10,11,12,0.62,5.3,0.09,0.13,206.4,14.9,223,1,2,0,700,0,1,0,0.01,0,0,32.8,32.1,1.4,2.8,2067.6,0,16.83,12.8,18.9,15.8,18.8,17.8,18.3,17.3,17.3,17.6,30.7,30.3,27,35,18.1,25.0,33,33,20,0,0,0,1,4,4,0,24,24,24,37,43,39,35,35,34,44.78,44.79,44.83,62,510,5.5,0,0,0
0.44,11,85.98,85.98,85.98,10,12,11,0.47,-1.8,0.09,0.19,206.4,10.0,226,1,2,0,700,0,1,0,0.01,0,0,32.9,32.1,1.4,2.8,2067.6,0,16.83,12.7,18.9,15.8,18.8,17.8,18.3,17.3,17.3,17.6,30.7,30.3,27,35,18.0,25.0,33,33,20,0,0,0,1,4,4,0,24,24,24,37,43,38,35,35,34,44.78,44.8,44.82,62,510,5.5,0,0,0
0.43,339,85.98,85.98,85.98,10,12,11,0.48,-5.4,0.09,0.1,206.4,14.5,227,1,2,0,700,0,2,0,0.01,0,0,32.9,32.1,1.4,2.9,2067.6,0,16.83,12.7,18.9,15.8,18.8,17.8,18.3,17.3,17.3,17.6,30.7,30.3,27,35,18.1,25.0,33,33,20,0,0,0,1,4,4,0,24,24,24,37,43,39,35,35,34,44.78,44.8,44.82,62,510,5.6,0,0,0
0.43,253,85.98,85.98,85.98,10,11,11,0.48,-5.6,0.09,0.14,206.2,15.7,226,1,2,0,700,0,1,0,0.01,0,0,32.9,32.1,1.4,2.8,2067.6,0,16.83,12.6,18.9,15.8,18.6,17.8,18.3,17.3,17.3,17.6,30.5,30.1,27,35,18.0,25.0,33,33,20,0,0,0,1,4,4,0,24,24,24,37,43,38,35,35,34,44.78,44.8,44.82,62,500,5.5,0,0,0
0.44,5,85.98,85.98,85.98,10,11,12,0.47,8.4,0.09,0.14,206.2,13.9,220,1,2,0,700,0,2,0,0.01,0,0,32.9,32.1,1.4,2.9,2067.6,0,16.83,12.7,18.9,15.8,18.7,17.8,18.3,17.3,17.3,17.6,30.6,30.2,27,35,18.0,25.0,33,33,20,0,0,0,1,4,4,0,24,24,24,37,43,39,35,35,34,44.78,44.8,44.83,62,500,5.6,0,0,0
0.49,142,85.98,85.98,85.98,12,11,10,0.58,-1.8,0.1,0.14,206.4,12.0,224,1,2,0,700,0,2,0,0.01,0,0,32.9,32.1,1.4,2.8,2067.6,0,16.83,12.7,18.9,15.8,18.6,17.8,18.3,17.2,17.3,17.6,30.5,30.2,27,35,18.0,25.0,33,33,20,0,0,0,1,4,4,0,24,24,24,37,43,38,35,35,34,44.78,44.8,44.82,62,500,5.4,0,0,0
0.42,64,85.98,85.98,85.98,12,10,11,0.52,3.9,0.1,0.14,206.4,13.1,221,1,2,0,701,0,2,0,0.01,0,0,32.8,32.1,1.4,2.8,2067.6,0,16.83,12.7,18.9,15.8,18.7,17.8,18.3,17.3,17.3,17.6,30.6,30.2,27,35,18.0,25.0,33,33,20,0,0,0,1,4,4,0,24,24,24,38,43,39,35,35,34,44.78,44.8,44.82,63,500,5.5,0,0,0
0.44,183,85.98,85.98,85.98,12,10,11,0.57,7.6,0.09,0.14,206.2,10.0,221,1,2,0,701,0,2,0,0.01,0,0,32.9,32.2,1.4,2.9,2067.6,0,16.83,12.7,18.9,15.8,18.6,17.8,18.3,17.2,17.3,17.6,30.5,30.2,26,35,18.0,25.0,33,33,20,0,0,0,1,4,4,0,24,24,24,38,43,38,35,35,34,44.78,44.8,44.82,63,490,5.5,0,0,0
0.4,74,85.98,85.98,85.98,11,11,10,0.51,-0.1,0.09,0.17,206.4,11.9,224,1,2,0,700,0,2,0,0.01,0,0,32.9,32.1,1.4,2.8,2067.6,0,16.83,12.7,18.9,15.8,18.8,17.8,18.3,17.3,17.3,17.6,30.7,30.3,26,35,18.0,25.0,33,33,20,0,0,0,1,4,4,0,24,24,24,37,43,39,35,35,34,44.78,44.8,44.82,62,500,5.6,0,0,0
0.5,2,85.98,85.98,85.98,12,11,10,0.62,-1.6,0.11,0.16,206.2,10.5,224,1,2,0,700,0,1,0,0.01,0,0,32.8,32.1,1.4,2.8,2067.6,0,16.83,12.7,18.9,15.8,18.7,17.8,18.3,17.3,17.3,17.6,30.6,30.2,27,35,18.0,25.0,33,33,20,0,0,0,1,4,4,0,24,24,24,38,43,39,35,35,34,44.78,44.8,44.82,62,500,5.4,0,0,0
0.37,296,85.98,85.98,85.98,11,10,10,0.47,-4.3,0.08,0.14,206.4,5.9,225,1,2,0,700,0,1,0,0.01,0,0,32.8,32.1,1.4,2.8,2067.6,0,16.83,12.9,19.0,15.8,18.8,17.8,18.3,17.3,17.3,17.6,30.7,30.4,27,35,18.1,25.0,33,33,20,0,0,0,1,4,4,0,24,24,24,37,43,39,35,35,34,44.78,44.8,44.82,62,510,5.5,0,0,0
0.41,97,85.98,85.98,85.98,11,11,10,0.55,-6.9,0.1,0.13,206.5,11.4,229,1,2,0,699,0,1,0,0.01,0,0,32.8,32.1,1.4,2.8,2067.6,0,16.83,12.9,19.0,15.8,18.8,17.8,18.3,17.3,17.3,17.6,30.8,30.5,27,35,18.1,25.1,33,33,20,0,0,0,1,4,4,0,24,24,24,37,43,38,35,35,34,44.78,44.8,44.82,62,510,5.5,0,0,0
0.33,244,85.98,85.98,85.98,11,11,11,0.48,-5.6,0.08,0.13,206.0,12.5,225,1,2,0,700,0,1,0,0.01,0,0,32.9,32.2,1.4,2.8,2067.6,0,16.83,12.6,18.9,15.8,18.6,17.8,18.3,17.3,17.3,17.6,30.5,30.1,27,35,18.0,25.0,33,33,20,0,0,0,1,4,4,0,24,24,24,37,43,39,35,35,34,44.78,44.8,44.82,62,510,5.6,0,0,0
0.33,119,85.98,85.98,85.98,11,11,11,0.48,0.0,0.09,0.14,206.5,15.3,226,1,2,0,700,0,2,0,0.01,0,0,32.8,32.1,1.4,2.8,2067.6,0,16.83,12.9,19.0,15.8,18.7,17.8,18.3,17.3,17.3,17.6,30.8,30.4,27,35,18.1,25.1,33,33,20,0,0,0,1,4,4,0,24,24,24,37,43,39,35,35,34,44.78,44.8,44.82,62,500,5.5,0,0,0
0.48,184,85.98,85.98,85.98,11,10,11,0.57,-5.0,0.09,0.14,206.5,10.9,230,1,2,0,700,0,1,0,0.01,0,0,32.9,32.1,1.4,2.8,2067.6,0,16.83,12.9,19.0,15.8,18.8,17.8,18.3,17.3,17.3,17.6,30.8,30.5,28,35,18.1,25.1,33,33,20,0,0,0,1,4,4,0,24,24,24,37,43,39,35,35,34,44.78,44.8,44.82,62,500,5.6,0,0,0
0.34,104,85.98,85.98,85.98,11,10,11,0.48,-7.8,0.09,0.16,206.4,7.3,227,1,2,0,700,0,1,0,0.01,0,0,32.8,32.1,1.4,2.9,2067.6,0,16.83,12.7,18.9,15.8,18.8,17.8,18.3,17.3,17.3,17.6,30.7,30.3,27,35,18.0,25.0,33,33,20,0,0,0,1,4,4,0,24,24,24,37,43,39,35,35,34,44.78,44.8,44.82,62,510,5.5,0,0,0
0.45,360,85.98,85.98,85.98,11,10,11,0.59,-1.0,0.08,0.16,206.4,13.5,225,1,2,0,699,0,2,0,0.01,0,0,32.9,32.1,1.4,2.8,2067.6,0,16.83,12.8,18.9,15.8,18.8,17.8,18.3,17.3,17.3,17.6,30.7,30.4,26,35,18.1,25.0,33,33,20,0,0,0,1,4,4,0,24,24,24,37,43,39,35,35,34,44.78,44.8,44.83,62,500,5.5,0,0,0
0.48,133,85.98,85.98,85.98,12,11,10,0.58,-2.5,0.09,0.14,206.2,13.8,224,1,2,0,700,0,2,0,0.01,0,0,32.9,32.1,1.4,2.9,2067.6,0,16.83,12.7,18.9,15.8,18.6,17.8,18.3,17.2,17.3,17.6,30.5,30.2,27,35,18.0,25.0,33,33,20,0,0,0,1,4,4,0,24,24,24,37,43,38,35,35,34,44.78,44.8,44.83,62,510,5.4,0,0,0
0.42,75,85.98,85.98,85.98,11,11,10,0.62,-3.8,0.09,0.14,206.6,13.8,228,1,2,0,699,0,1,0,0.01,0,0,32.8,32.1,1.4,2.8,2067.6,0,16.83,12.9,19.0,15.8,18.8,17.8,18.3,17.3,17.3,17.7,30.8,30.5,27,35,18.1,25.1,33,33,20,0,0,0,1,4,4,0,24,24,24,37,43,39,35,35,34,44.78,44.8,44.82,62,510,5.6,0,0,0
0.43,121,85.98,85.98,85.98,10,12,11,0.47,-3.6,0.09,0.13,206.4,14.6,224,1,2,0,701,0,1,0,0.01,0,0,32.8,32.2,1.4,2.8,2067.6,0,16.83,12.7,18.9,15.8,18.7,17.8,18.3,17.3,17.3,17.6,30.6,30.2,27,35,18.0,25.0,33,33,20,0,0,0,1,4,4,0,24,24,24,37,43,39,35,35,34,44.78,44.8,44.82,61,510,5.6,0,0,0
0.4,315,85.98,85.98,85.98,10,12,11,0.48,-1.2,0.08,0.13,206.0,11.4,225,1,2,0,701,0,1,0,0.01,0,0,32.8,32.1,1.4,2.8,2067.6,0,16.83,12.6,18.9,15.8,18.6,17.8,18.3,17.3,17.3,17.6,30.5,30.1,27,35,18.0,25.0,33,33,20,0,0,0,1,4,4,0,24,24,24,37,43,39,35,35,34,44.78,44.8,44.82,62,510,5.6,0,0,0
0.47,218,85.98,85.98,85.98,10,11,12,0.5,8.6,0.07,0.13,206.4,13.2,221,1,2,0,701,0,1,0,0.01,0,0,32.8,32.2,1.4,2.8,2067.6,0,16.83,12.7,18.9,15.8,18.7,17.8,18.3,17.3,17.3,17.6,30.7,30.3,27,35,18.0,25.0,33,33,20,0,0,0,1,4,4,0,24,24,24,37,43,39,35,35,34,44.78,44.8,44.83,62,500,5.5,0,0,0
0.46,151,85.98,85.98,85.98,10,12,11,0.52,-3.6,0.09,0.16,206.4,7.8,226,1,2,0,699,0,1,0,0.01,0,0,32.8,32.1,1.4,2.8,2067.6,0,16.83,12.9,19.0,15.8,18.8,17.8,18.3,17.3,17.3,17.6,30.8,30.4,27,35,18.1,25.1,33,33,20,0,0,0,1,4,4,0,24,24,24,37,43,39,35,35,34,44.78,44.8,44.82,62,500,5.5,0,0,0
0.44,133,85.98,85.98,85.98,10,11,11,0.44,-3.4,0.09,0.12,206.5,10.6,226,1,2,0,700,0,2,0,0.01,0,0,32.8,32.1,1.4,2.8,2067.6,0,16.83,12.9,19.0,15.8,18.7,17.8,18.3,17.3,17.3,17.6,30.8,30.4,27,35,18.1,25.1,33,33,20,0,0,0,1,4,4,0,24,24,24,37,43,39,35,35,34,44.78,44.8,44.82,62,500,5.5,0,0,0
0.43,36,85.98,85.98,85.98,10,12,12,0.53,-0.3,0.09,0.14,206.1,11.2,222,1,2,0,701,0,1,0,0.01,0,0,32.8,32.2,1.4,2.8,2067.6,0,16.83,12.7,18.9,15.8,18.7,17.8,18.3,17.3,17.3,17.6,30.6,30.2,27,36,18.0,25.0,33,33,20,0,0,0,1,4,4,0,24,24,24,38,43,38,36,36,34,44.78,44.8,44.82,61,510,5.5,0,0,0
0.22,251,85.98,85.98,85.98,10,11,12,0.49,4.5,0.09,0.14,206.4,13.4,225,1,2,0,699,0,1,0,0.01,0,0,32.8,32.1,1.4,2.9,2067.6,0,16.83,12.9,19.0,15.8,18.8,17.8,18.3,17.3,17.3,17.6,30.8,30.5,27,35,18.1,25.1,33,33,20,0,0,0,1,4,4,0,24,24,24,37,43,39,35,35,34,44.78,44.8,44.82,62,510,5.6,0,0,0
0.47,66,85.98,85.98,85.98,10,11,12,0.58,5.3,0.09,0.14,206.4,12.4,222,1,2,0,700,0,2,0,0.01,0,0,32.9,32.1,1.4,2.8,2067.6,0,16.83,12.7,18.9,15.8,18.8,17.8,18.3,17.3,17.3,17.6,30.7,30.3,26,35,18.1,25.0,33,33,20,0,0,0,1,4,4,0,24,24,24,37,43,39,35,35,34,44.78,44.8,44.82,62,510,5.5,0,0,0
0.37,98,85.98,85.98,85.98,11,11,11,0.46,3.2,0.09,0.14,206.4,15.3,221,1,2,0,700,0,1,0,0.01,0,0,32.9,32.2,1.4,2.8,2067.6,0,16.83,12.7,18.9,15.8,18.7,17.8,18.3,17.3,17.3,17.6,30.6,30.2,26,35,18.0,25.0,33,33,20,0,0,0,1,4,4,0,24,24,24,37,43,38,35,35,34,44.78,44.8,44.83,63,500,5.5,0,0,0
0.43,80,85.98,85.98,85.98,11,11,10,0.6,-5.1,0.09,0.14,206.6,14.9,228,1,2,0,700,0,1,0,0.01,0,0,32.8,32.1,1.4,2.9,2067.6,0,16.83,12.9,19.0,15.8,18.8,17.8,18.3,17.3,17.3,17.6,30.8,30.5,27,35,18.1,25.1,33,33,20,0,0,0,1,4,4,0,24,24,24,37,43,38,35,35,34,44.78,44.8,44.82,62,500,5.6,0,0,0
0.46,197,85.98,85.98,85.98,11,10,11,0.6,-2.5,0.08,0.14,206.5,15.0,229,1,2,0,700,0,1,0,0.01,0,0,32.8,32.1,1.4,2.8,2067.6,0,16.83,12.9,19.0,15.8,18.8,17.8,18.3,17.3,17.3,17.6,30.8,30.5,26,35,18.1,25.1,33,33,20,0,0,0,1,4,4,0,24,24,24,37,43,39,35,35,34,44.78,44.8,44.83,62,510,5.5,0,0,0
0.43,209,85.98,85.98,85.98,12,10,11,0.5,2.5,0.09,0.16,206.2,15.1,222,1,2,0,701,0,1,0,0.01,0,0,32.9,32.2,1.4,2.8,2067.6,0,16.83,12.7,18.9,15.8,18.6,17.8,18.3,17.3,17.3,17.6,30.5,30.2,27,35,18.0,25.0,33,33,20,0,0,0,1,4,4,0,24,24,24,38,43,39,35,35,34,44.78,44.8,44.82,63,500,5.6,0,0,0
0.4,100,85.98,85.98,85.98,12,10,11,0.5,-3.4,0.08,0.13,206.4,12.3,227,1,2,0,700,0,1,0,0.01,0,0,32.9,32.1,1.4,2.8,2067.6,0,16.83,12.9,19.0,15.8,18.8,17.8,18.3,17.3,17.3,17.6,30.8,30.4,27,35,18.1,25.1,33,33,20,0,0,0,1,4,4,0,24,24,24,38,43,38,35,35,34,44.78,44.8,44.82,62,510,5.5,0,0,0
0.46,227,85.98,85.98,85.98,11,12,10,0.57,7.2,0.09,0.14,206.4,12.6,222,1,2,0,700,0,2,0,0.01,0,0,32.9,32.1,1.4,2.8,2067.6,0,16.83,12.9,19.0,15.8,18.8,17.8,18.3,17.3,17.3,17.6,30.7,30.4,27,35,18.1,25.1,33,33,20,0,0,0,1,4,4,0,24,24,24,37,43,39,35,35,34,44.78,44.8,44.83,61,510,5.5,0,0,0
0.36,314,85.98,85.98,85.98,11,12,11,0.49,-3.2,0.08,0.17,206.5,14.7,226,1,2,0,700,0,1,0,0.01,0,0,32.7,32.2,1.4,2.8,2067.6,0,16.83,12.9,19.0,15.8,18.8,17.8,18.3,17.3,17.3,17.6,30.8,30.4,27,35,18.1,25.1,33,33,20,0,0,0,1,4,4,0,24,24,24,37,43,39,35,35,34,44.78,44.8,44.82,61,510,5.6,0,0,0
0.42,260,85.98,85.98,85.98,12,10,11,0.58,-4.2,0.09,0.14,206.2,15.2,225,1,2,0,699,0,1,0,0.01,0,0,32.9,32.2,1.4,2.9,2067.6,0,16.83,12.7,18.9,15.8,18.8,17.8,18.3,17.3,17.3,17.6,30.7,30.3,27,35,18.1,25.0,33,33,20,0,0,0,1,4,4,0,24,24,24,38,43,39,35,35,34,44.79,44.8,44.82,62,500,5.6,0,0,0
0.4,304,85.98,85.98,85.98,11,12,12,0.49,-4.0,0.09,0.11,206.5,14.6,227,1,2,0,700,0,1,0,0.01,0,0,32.9,32.1,1.4,2.9,2067.6,0,16.83,12.9,19.0,15.8,18.8,17.8,18.3,17.3,17.3,17.6,30.8,30.4,27,35,18.1,25.1,33,33,20,0,0,0,1,4,4,0,24,24,24,37,43,39,35,35,34,44.78,44.8,44.82,62,510,5.6,0,0,0
0.43,249,85.98,85.98,85.98,11,11,10,0.59,3.4,0.09,0.16,206.3,13.0,223,1,2,0,700,0,1,0,0.01,0,0,32.9,32.1,1.4,2.9,2067.6,0,16.83,12.9,18.9,15.8,18.8,17.8,18.3,17.3,17.3,17.6,30.8,30.4,27,35,18.1,25.1,33,33,20,0,0,0,1,4,4,0,24,24,24,37,43,38,35,35,34,44.78,44.8,44.82,61,510,5.4,0,0,0
0.42,60,85.98,85.98,85.98,11,11,10,0.54,3.4,0.09,0.17,206.4,14.4,223,1,2,0,700,0,2,0,0.01,0,0,32.9,32.2,1.4,2.8,2067.6,0,16.83,12.7,18.9,15.8,18.8,17.8,18.3,17.3,17.3,17.6,30.7,30.3,27,35,18.0,25.0,33,33,20,0,0,0,1,4,4,0,24,24,24,37,43,39,35,35,34,44.78,44.8,44.82,61,510,5.6,0,0,0
0.39,323,85.98,85.98,85.98,10,12,11,0.46,-1.0,0.11,0.14,206.2,11.8,225,1,2,0,701,0,1,0,0.01,0,0,32.9,32.2,1.4,2.8,2067.6,0,16.83,12.6,18.9,15.8,18.6,17.8,18.3,17.3,17.3,17.6,30.5,30.1,27,35,18.0,25.0,33,33,20,0,0,0,1,4,4,0,24,24,24,37,43,38,35,35,34,44.78,44.8,44.82,61,500,5.5,0,0,0
0.37,91,85.98,85.98,85.98,11,11,11,0.55,4.3,0.09,0.14,206.2,14.3,221,1,2,0,700,0,1,0,0.01,0,0,32.8,32.1,1.4,2.8,2067.6,0,16.83,12.7,18.9,15.8,18.7,17.8,18.3,17.3,17.3,17.6,30.6,30.2,27,35,18.0,25.0,33,33,20,0,0,0,1,4,4,0,24,24,24,38,43,38,35,35,34,44.78,44.8,44.83,62,510,5.5,0,0,0
0.19,120,85.98,85.98,85.98,10,11,11,0.4,-2.8,0.09,0.12,206.5,11.2,226,1,2,0,700,0,2,0,0.01,0,0,32.8,32.1,1.4,2.8,2067.6,0,16.83,12.9,19.0,15.8,18.7,17.8,18.3,17.3,17.3,17.6,30.8,30.4,27,35,18.1,25.1,33,33,20,0,0,0,1,4,4,0,24,24,24,37,43,39,35,35,34,44.78,44.8,44.82,62,510,5.6,0,0,0
0.46,283,85.98,85.98,85.98,10,12,11,0.53,-5.6,0.11,0.14,206.2,8.7,226,1,2,0,701,0,1,0,0.01,0,0,32.9,32.2,1.4,2.8,2067.6,0,16.83,12.6,18.9,15.8,18.6,17.8,18.3,17.3,17.3,17.6,30.5,30.1,27,35,18.0,25.0,33,33,20,0,0,0,1,4,4,0,24,24,24,37,43,39,35,35,34,44.78,44.8,44.82,62,510,5.5,0,0,0
0.48,35,85.98,85.98,85.98,10,11,11,0.51,4.5,0.08,0.14,206.4,14.4,223,1,2,0,700,0,1,0,0.01,0,0,32.8,32.1,1.4,2.8,2067.6,0,16.83,12.8,18.9,15.8,18.8,17.8,18.3,17.3,17.3,17.6,30.7,30.4,27,35,18.1,25.0,33,33,20,0,0,0,1,4,4,0,24,24,24,37,43,39,35,35,34,44.78,44.79,44.82,62,500,5.6,0,0,0
0.42,2,85.98,85.98,85.98,10,12,11,0.55,-3.2,0.09,0.13,206.5,10.4,227,1,2,0,700,0,2,0,0.01,0,0,33.0,32.1,1.4,2.8,2067.6,0,16.83,12.7,18.9,15.8,18.8,17.8,18.3,17.3,17.3,17.6,30.7,30.3,28,35,18.1,25.0,33,33,20,0,0,0,1,4,4,0,24,24,24,37,43,39,35,35,34,44.78,44.8,44.82,62,500,5.6,0,0,0
0.22,18,85.98,85.98,85.98,10,11,12,0.54,4.6,0.09,0.14,206.2,15.0,221,1,2,0,700,0,1,0,0.01,0,0,33.0,32.2,1.4,2.8,2067.6,0,16.83,12.7,18.9,15.8,18.7,17.8,18.3,17.3,17.3,17.6,30.6,30.2,27,35,18.0,25.0,33,33,20,0,0,0,1,4,4,0,24,24,24,37,43,39,35,35,34,44.78,44.8,44.82,61,510,5.5,0,0,0
0.43,316,85.98,85.98,85.98,11,10,11,0.55,1.5,0.09,0.14,206.2,10.9,223,1,2,0,701,0,1,0,0.01,0,0,32.9,32.2,1.4,2.8,2067.6,0,16.83,12.7,18.9,15.8,18.7,17.8,18.3,17.3,17.3,17.6,30.6,30.2,27,35,18.0,25.0,33,33,20,0,0,0,1,4,4,0,24,24,24,37,43,39,35,35,34,44.79,44.8,44.82,62,500,5.5,0,0,0
0.42,40,85.98,85.98,85.98,10,12,12,0.54,-0.8,0.09,0.14,206.2,12.4,222,1,2,0,701,0,2,0,0.01,0,0,32.8,32.2,1.4,2.8,2067.6,0,16.83,12.7,18.9,15.8,18.7,17.8,18.3,17.3,17.3,17.6,30.6,30.2,26,36,18.0,25.0,33,33,20,0,0,0,1,4,4,0,24,24,24,37,43,39,36,36,34,44.78,44.8,44.82,61,500,5.6,0,0,0
0.51,125,85.98,85.98,85.98,12,11,10,0.59,-3.4,0.08,0.14,206.1,11.3,224,1,2,0,700,0,2,0,0.01,0,0,32.8,32.1,1.4,2.8,2067.6,0,16.83,12.7,18.9,15.8,18.6,17.8,18.3,17.3,17.3,17.6,30.5,30.2,29,35,18.0,25.0,33,33,20,0,0,0,1,4,4,0,24,24,24,38,43,38,35,35,34,44.78,44.8,44.83,62,500,5.5,0,0,0
0.45,274,85.98,85.98,85.98,10,12,11,0.52,-5.5,0.09,0.11,206.4,11.4,226,1,2,0,701,0,1,0,0.01,0,0,32.9,32.1,1.4,2.8,2067.6,0,16.83,12.6,18.9,15.8,18.6,17.8,18.3,17.3,17.3,17.6,30.5,30.1,27,35,18.0,25.0,33,33,20,0,0,0,1,4,4,0,24,24,24,37,43,39,35,35,34,44.78,44.8,44.82,61,500,5.5,0,0,0
0.35,104,85.98,85.98,85.98,11,10,10,0.5,-5.5,0.09,0.14,206.2,8.5,226,1,2,0,700,0,1,0,0.01,0,0,32.8,32.2,1.4,2.9,2067.6,0,16.83,12.7,18.9,15.8,18.8,17.8,18.3,17.3,17.3,17.6,30.7,30.3,27,35,18.0,25.0,33,33,20,0,0,0,1,4,4,0,24,24,24,37,43,39,35,35,34,44.78,44.81,44.82,62,500,5.4,0,0,0
0.43,49,85.98,85.98,85.98,10,12,10,0.58,-0.2,0.08,0.14,206.4,13.7,227,1,2,0,700,0,2,0,0.01,0,0,32.8,32.1,1.4,2.8,2067.6,0,16.83,12.9,19.0,15.8,18.8,17.8,18.3,17.3,17.3,17.7,30.9,30.5,27,35,18.1,25.1,33,33,20,0,0,0,1,4,4,0,24,24,24,37,43,39,35,35,34,44.78,44.8,44.82,62,510,5.5,0,0,0
0.48,162,85.98,85.98,85.98,11,10,11,0.58,-10.1,0.09,0.14,206.5,9.4,232,1,2,0,700,0,1,0,0.01,0,0,32.9,32.1,1.4,2.8,2067.6,0,16.83,12.9,19.0,15.8,18.8,17.8,18.3,17.3,17.3,17.6,30.8,30.5,27,35,18.1,25.1,33,33,20,0,0,0,1,4,4,0,24,24,24,37,43,39,35,35,34,44.78,44.8,44.82,62,500,5.6,0,0,0
0.41,84,85.98,85.98,85.98,12,12,11,0.47,-4.2,0.08,0.14,206.2,8.0,224,1,2,0,700,0,2,0,0.01,0,0,32.9,32.2,1.4,2.8,2067.6,0,16.83,12.7,18.9,15.8,18.6,17.8,18.3,17.2,17.3,17.6,30.6,30.2,28,35,18.0,25.0,33,33,20,0,0,0,1,4,4,0,24,24,24,37,43,38,35,35,34,44.78,44.8,44.83,61,500,5.5,0,0,0
0.37,94,85.98,85.98,85.98,11,11,11,0.46,3.3,0.08,0.16,206.4,15.1,221,1,2,0,700,0,2,0,0.01,0,0,32.9,32.1,1.4,2.8,2067.6,0,16.83,12.7,18.9,15.8,18.7,17.8,18.3,17.3,17.3,17.6,30.6,30.2,27,35,18.0,25.0,33,33,20,0,0,0,1,4,4,0,24,24,24,37,43,39,35,35,34,44.78,44.8,44.82,62,500,5.5,0,0,0
0.43,253,85.98,85.98,85.98,11,11,10,0.54,3.2,0.09,0.12,206.6,10.5,223,1,2,0,700,0,1,0,0.01,0,0,32.8,32.1,1.4,2.8,2067.6,0,16.83,12.9,18.9,15.8,18.8,17.8,18.3,17.3,17.3,17.6,30.7,30.4,27,35,18.1,25.1,33,33,20,0,0,0,1,4,4,0,24,24,24,37,43,38,35,35,34,44.78,44.8,44.82,62,500,5.4,0,0,0
0.33,119,85.98,85.98,85.98,11,11,11,0.43,-0.2,0.09,0.1,206.4,15.7,226,1,2,0,700,0,2,0,0.01,0,0,32.9,32.1,1.4,2.8,2067.6,0,16.83,12.9,19.0,15.8,18.8,17.8,18.3,17.3,17.3,17.6,30.8,30.4,27,35,18.1,25.1,33,33,20,0,0,0,1,4,4,0,24,24,24,37,43,39,35,35,34,44.78,44.8,44.82,63,500,5.5,0,0,0
0.45,8,85.98,85.98,85.98,11,10,11,0.6,-0.3,0.09,0.14,206.4,16.3,225,1,2,0,699,0,1,0,0.01,0,0,32.8,32.1,1.4,2.8,2067.6,0,16.83,12.8,18.9,15.8,18.8,17.8,18.3,17.3,17.3,17.6,30.7,30.4,28,35,18.1,25.0,33,33,20,0,0,0,1,4,4,0,24,24,24,37,43,39,35,35,34,44.78,44.8,44.83,61,500,5.5,0,0,0
0.32,252,85.98,85.98,85.98,11,10,11,0.48,-0.7,0.08,0.14,206.2,11.6,223,1,2,0,701,0,1,0,0.01,0,0,32.9,32.1,1.4,2.9,2067.6,0,16.83,12.7,18.9,15.8,18.7,17.8,18.3,17.3,17.3,17.6,30.6,30.2,27,35,18.0,25.0,33,33,20,0,0,0,1,4,4,0,24,24,24,37,43,39,35,35,34,44.78,44.8,44.82,61,510,5.5,0,0,0
0.47,228,85.98,85.98,85.98,12,10,11,0.6,3.8,0.08,0.13,206.4,10.3,223,1,2,0,700,0,2,0,0.01,0,0,32.8,32.1,1.4,2.8,2067.6,0,16.83,12.7,18.9,15.8,18.8,17.8,18.3,17.3,17.3,17.6,30.7,30.3,27,35,18.1,25.0,33,33,20,0,0,0,1,4,4,0,24,24,24,38,43,39,35,35,34,44.78,44.8,44.82,62,500,5.6,0,0,0
0.37,27,85.98,85.98,85.98,11,11,10,0.53,-6.6,0.08,0.11,206.0,10.9,227,1,2,0,701,0,1,0,0.01,0,0,32.9,32.1,1.4,2.8,2067.6,0,16.83,12.6,18.9,15.8,18.6,17.8,18.3,17.3,17.3,17.6,30.5,30.1,27,35,18.0,25.0,33,33,20,0,0,0,1,4,4,0,24,24,24,37,43,38,35,35,34,44.78,44.8,44.82,61,500,5.4,0,0,0
0.46,188,85.98,85.98,85.98,11,10,11,0.58,-3.9,0.1,0.13,206.4,12.6,230,1,2,0,700,0,2,0,0.01,0,0,32.9,32.1,1.4,2.8,2067.6,0,16.83,12.9,19.0,15.8,18.8,17.8,18.3,17.3,17.3,17.6,30.8,30.5,27,35,18.1,25.1,33,33,20,0,0,0,1,4,4,0,24,24,24,37,43,39,35,35,34,44.78,44.8,44.82,61,500,5.5,0,0,0
0.47,322,85.98,85.98,85.98,10,12,11,0.46,-6.0,0.09,0.16,206.4,13.7,227,1,2,0,700,0,1,0,0.01,0,0,32.8,32.1,1.4,2.9,2067.6,0,16.83,12.7,18.9,15.8,18.8,17.8,18.3,17.3,17.3,17.6,30.7,30.3,27,35,18.1,25.0,33,33,20,0,0,0,1,4,4,0,24,24,24,37,43,39,35,35,34,44.78,44.8,44.82,61,510,5.5,0,0,0
0.47,257,85.98,85.98,85.98,10,11,11,0.48,-5.2,0.09,0.16,206.2,14.3,226,1,2,0,701,0,1,0,0.01,0,0,32.8,32.2,1.4,2.8,2067.6,0,16.83,12.6,18.9,15.8,18.6,17.8,18.3,17.3,17.3,17.6,30.5,30.1,27,35,18.0,25.0,33,33,20,0,0,0,1,4,4,0,24,24,24,37,43,38,35,35,34,44.78,44.8,44.82,62,500,5.5,0,0,0
0.42,102,85.98,85.98,85.98,11,12,12,0.6,-3.2,0.09,0.14,206.4,7.7,225,1,2,0,700,0,1,0,0.01,0,0,32.8,32.1,1.4,2.8,2067.6,0,16.83,12.7,18.9,15.8,18.8,17.8,18.3,17.3,17.3,17.6,30.7,30.3,27,35,18.1,25.0,33,33,20,0,0,0,1,4,4,0,24,24,24,37,43,39,35,35,34,44.78,44.8,44.82,62,510,5.5,0,0,0
0.36,119,85.98,85.98,85.98,10,11,11,0.46,-2.0,0.08,0.19,206.2,11.6,226,1,2,0,700,0,2,0,0.01,0,0,32.8,32.1,1.4,2.8,2067.6,0,16.83,12.9,19.0,15.8,18.8,17.8,18.3,17.3,17.3,17.6,30.8,30.4,27,35,18.1,25.1,33,33,20,0,0,0,1,4,4,0,24,24,24,37,43,39,35,35,34,44.78,44.8,44.82,62,500,5.5,0,0,0
0.37,249,85.98,85.98,85.98,11,11,10,0.54,-1.9,0.09,0.14,206.4,8.1,223,1,2,0,701,0,2,0,0.01,0,0,32.9,32.1,1.4,2.8,2067.6,0,16.83,12.7,18.9,15.8,18.7,17.8,18.3,17.3,17.3,17.6,30.6,30.2,27,35,18.0,25.0,33,33,20,0,0,0,1,4,4,0,24,24,24,37,43,38,35,35,34,44.78,44.8,44.82,62,500,5.5,0,0,0
0.4,301,85.98,85.98,85.98,10,12,11,0.57,-1.6,0.08,0.13,206.2,10.2,226,1,2,0,700,0,1,0,0.01,0,0,32.9,32.2,1.4,2.9,2067.6,0,16.83,12.6,18.9,15.8,18.6,17.8,18.3,17.3,17.3,17.6,30.5,30.1,27,35,18.0,25.0,33,33,20,0,0,0,1,4,4,0,24,24,24,37,43,38,35,35,34,44.78,44.8,44.82,62,510,5.5,0,0,0
0.4,327,85.98,85.98,85.98,10,12,11,0.48,-0.1,0.08,0.13,206.2,11.8,225,1,2,0,701,0,1,0,0.01,0,0,33.0,32.2,1.4,2.8,2067.6,0,16.83,12.6,18.9,15.8,18.6,17.8,18.3,17.3,17.3,17.6,30.5,30.1,27,35,18.0,25.0,33,33,20,0,0,0,1,4,4,0,24,24,24,37,43,38,35,35,34,44.78,44.8,44.82,61,500,5.5,0,0,0
0.47,328,85.98,85.98,85.98,11,10,11,0.53,-4.1,0.08,0.14,206.4,13.3,226,1,2,0,699,0,1,0,0.01,0,0,32.8,32.1,1.4,2.9,2067.6,0,16.83,12.8,19.0,15.8,18.8,17.8,18.3,17.3,17.3,17.6,30.7,30.4,28,35,18.1,25.0,33,33,20,0,0,0,1,4,4,0,24,24,24,37,43,39,35,35,34,44.78,44.8,44.82,62,510,5.5,0,0,0
0.42,227,85.98,85.98,85.98,12,10,11,0.5,-0.1,0.08,0.14,206.2,12.8,223,1,2,0,701,0,1,0,0.01,0,0,32.9,32.2,1.4,2.8,2067.6,0,16.83,12.7,18.9,15.8,18.6,17.8,18.3,17.3,17.3,17.6,30.5,30.2,27,35,18.0,25.0,33,33,20,0,0,0,1,4,4,0,24,24,24,38,43,38,35,35,34,44.78,44.8,44.83,63,490,5.5,0,0,0
0.39,122,85.98,85.98,85.98,11,11,10,0.53,-11.3,0.1,0.14,206.5,11.7,231,1,2,0,700,0,1,0,0.01,0,0,32.9,32.1,1.4,2.9,2067.6,0,16.83,12.9,19.0,15.8,18.8,17.8,18.3,17.3,17.3,17.6,30.8,30.5,27,35,18.1,25.1,33,33,20,0,0,0,1,4,4,0,24,24,24,37,43,39,35,35,34,44.78,44.8,44.82,62,510,5.6,0,0,0
0.42,353,85.98,85.98,85.98,10,12,11,0.57,-3.8,0.09,0.1,206.3,13.3,227,1,2,0,700,0,2,0,0.01,0,0,32.8,32.1,1.4,2.8,2067.6,0,16.83,12.7,18.9,15.8,18.8,17.8,18.3,17.3,17.3,17.6,30.7,30.3,27,35,18.1,25.0,33,33,20,0,0,0,1,4,4,0,24,24,24,37,43,39,35,35,34,44.78,44.8,44.82,62,510,5.6,0,0,0
0.51,107,85.98,85.98,85.98,12,12,10,0.52,-2.7,0.09,0.14,206.2,12.2,224,1,2,0,700,0,2,0,0.01,0,0,32.9,32.1,1.4,2.8,2067.6,0,16.83,12.7,18.9,15.8,18.6,17.8,18.3,17.3,17.3,17.6,30.5,30.2,28,35,18.0,25.0,33,33,20,0,0,0,1,4,4,0,24,24,24,37,43,39,35,35,34,44.78,44.81,44.83,62,500,5.6,0,0,0
0.35,244,85.98,85.98,85.98,11,11,11,0.5,-5.9,0.09,0.17,206.2,12.7,225,1,2,0,700,0,1,0,0.01,0,0,32.9,32.2,1.4,2.8,2067.6,0,16.83,12.6,18.9,15.8,18.6,17.8,18.3,17.3,17.3,17.6,30.5,30.1,27,35,18.0,25.0,33,33,20,0,0,0,1,4,4,0,24,24,24,37,43,38,35,35,34,44.78,44.8,44.82,62,500,5.5,0,0,0
0.5,357,85.98,85.98,85.98,12,11,10,0.62,-5.5,0.09,0.12,206.5,10.9,228,1,2,0,700,0,1,0,0.01,0,0,32.8,32.1,1.4,2.8,2067.6,0,16.83,12.9,19.0,15.8,18.8,17.8,18.3,17.3,17.3,17.6,30.8,30.4,27,35,18.1,25.1,33,33,20,0,0,0,1,4,4,0,24,24,24,38,43,39,35,35,34,44.78,44.8,44.82,62,510,5.4,0,0,0
0.37,248,85.98,85.98,85.98,11,11,10,0.46,-0.1,0.08,0.13,206.4,9.0,223,1,2,0,700,0,1,0,0.01,0,0,32.8,32.2,1.4,2.8,2067.6,0,16.83,12.7,18.9,15.8,18.7,17.8,18.3,17.3,17.3,17.6,30.6,30.2,27,35,18.0,25.0,33,33,20,0,0,0,1,4,4,0,24,24,24,37,43,38,35,35,34,44.78,44.8,44.82,61,510,5.5,0,0,0
0.54,179,85.98,85.98,85.98,12,11,10,0.64,-4.0,0.08,0.1,206.4,13.0,226,1,2,0,700,0,1,0,0.01,0,0,32.8,32.2,1.4,2.8,2067.6,0,16.83,12.7,18.9,15.8,18.8,17.8,18.3,17.3,17.3,17.6,30.7,30.3,27,35,18.1,25.0,33,33,20,0,0,0,1,4,4,0,24,24,24,38,43,39,35,35,34,44.79,44.8,44.82,62,500,5.7,0,0,0
0.42,195,85.98,85.98,85.98,10,11,11,0.53,7.0,0.09,0.12,206.3,12.7,223,1,2,0,701,0,1,0,0.01,0,0,32.9,32.1,1.4,2.8,2067.6,0,16.83,12.7,18.9,15.8,18.7,17.8,18.3,17.3,17.3,17.6,30.7,30.3,27,35,18.0,25.0,33,33,20,0,0,0,1,4,4,0,24,24,24,37,43,39,35,35,34,44.79,44.8,44.82,61,500,5.5,0,0,0
0.34,28,85.98,85.98,85.98,11,11,10,0.52,-4.9,0.08,0.12,206.2,8.6,227,1,2,0,701,0,1,0,0.01,0,0,32.8,32.2,1.4,2.8,2067.6,0,16.83,12.6,18.9,15.8,18.6,17.8,18.3,17.3,17.3,17.6,30.5,30.1,27,35,18.0,25.0,33,33,20,0,0,0,1,4,4,0,24,24,24,37,43,38,35,35,34,44.78,44.8,44.82,62,510,5.4,0,0,0
0.38,115,85.98,85.98,85.98,11,12,11,0.57,-2.3,0.09,0.13,206.2,9.5,224,1,2,0,700,0,2,0,0.01,0,0,32.8,32.1,1.4,2.8,2067.6,0,16.83,12.7,18.9,15.8,18.8,17.8,18.3,17.3,17.3,17.6,30.7,30.3,27,35,18.1,25.0,33,33,20,0,0,0,1,4,4,0,24,24,24,37,43,39,35,35,34,44.78,44.8,44.83,62,510,5.6,0,0,0
0.44,73,85.98,85.98,85.98,12,10,11,0.52,4.7,0.08,0.12,206.2,13.3,221,1,2,0,700,0,1,0,0.01,0,0,32.9,32.1,1.4,2.9,2067.6,0,16.83,12.7,18.9,15.8,18.7,17.8,18.3,17.3,17.3,17.6,30.6,30.2,27,35,18.0,25.0,33,33,20,0,0,0,1,4,4,0,24,24,24,37,43,38,35,35,34,44.78,44.8,44.82,62,500,5.5,0,0,0
0.47,22,85.98,85.98,85.98,10,11,11,0.53,2.3,0.08,0.14,206.4,13.4,224,1,2,0,699,0,1,0,0.01,0,0,32.8,32.1,1.4,2.8,2067.6,0,16.83,12.8,18.9,15.8,18.8,17.8,18.3,17.3,17.3,17.6,30.7,30.4,28,35,18.1,25.0,33,33,20,0,0,0,1,4,4,0,24,24,24,37,43,39,35,35,34,44.78,44.8,44.82,62,510,5.5,0,0,0
0.43,155,85.98,85.98,85.98,10,12,11,0.47,-3.8,0.09,0.13,206.4,7.4,227,1,2,0,700,0,2,0,0.01,0,0,32.8,32.1,1.4,2.8,2067.6,0,16.83,12.9,19.0,15.8,18.8,17.8,18.3,17.3,17.3,17.6,30.8,30.4,28,35,18.1,25.1,33,33,20,0,0,0,1,4,4,0,24,24,24,37,43,38,35,35,34,44.78,44.8,44.82,62,510,5.5,0,0,0
0.28,151,85.98,85.98,85.98,12,11,10,0.62,-0.5,0.09,0.13,206.3,14.1,224,1,2,0,700,0,2,0,0.01,0,0,32.9,32.1,1.4,2.8,2067.6,0,16.83,12.7,18.9,15.8,18.6,17.8,18.3,17.2,17.3,17.6,30.5,30.2,27,35,18.0,25.0,33,33,20,0,0,0,1,4,4,0,24,24,24,38,43,38,35,35,34,44.78,44.8,44.82,62,500,5.4,0,0,0
0.37,303,85.98,85.98,85.98,11,11,11,0.5,-3.9,0.09,0.14,206.2,14.3,226,1,2,0,700,0,1,0,0.01,0,0,32.9,32.1,1.4,2.8,2067.6,0,16.83,12.7,18.9,15.8,18.8,17.8,18.3,17.3,17.3,17.6,30.7,30.3,27,35,18.0,25.0,33,33,20,0,0,0,1,4,4,0,24,24,24,37,43,39,35,35,34,44.78,44.8,44.83,62,510,5.6,0,0,0
0.37,119,85.98,85.98,85.98,10,11,11,0.42,-3.0,0.09,0.14,206.5,9.4,226,1,2,0,700,0,2,0,0.01,0,0,32.9,32.2,1.4,2.8,2067.6,0,16.83,12.9,19.0,15.8,18.8,17.8,18.3,17.3,17.3,17.6,30.8,30.4,27,35,18.1,25.1,33,33,20,0,0,0,1,4,4,0,24,24,24,37,43,39,35,35,34,44.78,44.8,44.82,62,500,5.5,0,0,0
0.48,62,85.98,85.98,85.98,10,11,12,0.61,7.6,0.09,0.14,206.4,12.3,221,1,2,0,700,0,2,0,0.01,0,0,32.8,32.1,1.4,2.8,2067.6,0,16.83,12.7,18.9,15.8,18.8,17.8,18.3,17.3,17.3,17.6,30.7,30.3,27,35,18.1,25.0,33,33,20,0,0,0,1,4,4,0,24,24,24,37,43,39,35,35,34,44.78,44.8,44.82,62,500,5.5,0,0,0
0.48,160,85.98,85.98,85.98,12,10,10,0.58,1.2,0.08,0.14,206.2,12.2,223,1,2,0,701,0,2,0,0.01,0,0,32.9,32.2,1.4,2.8,2067.6,0,16.83,12.7,18.9,15.8,18.6,17.8,18.3,17.2,17.3,17.6,30.5,30.2,27,35,18.0,25.0,33,33,20,0,0,0,1,4,4,0,24,24,24,37,43,38,35,35,34,44.78,44.8,44.82,62,510,5.4,0,0,0
0.39,123,85.98,85.98,85.98,12,12,11,0.48,-1.8,0.09,0.14,206.2,14.9,224,1,2,0,700,0,1,0,0.01,0,0,32.9,32.2,1.4,2.8,2067.6,0,16.83,12.7,18.9,15.8,18.8,17.8,18.3,17.3,17.3,17.6,30.7,30.3,28,35,18.1,25.0,33,33,20,0,0,0,1,4,4,0,24,24,24,37,43,39,35,35,34,44.78,44.8,44.82,61,510,5.5,0,0,0
0.46,33,85.98,85.98,85.98,12,10,10,0.68,-0.6,0.08,0.13,206.4,11.9,227,1,2,0,700,0,1,0,0.01,0,0,32.9,32.2,1.4,2.9,2067.6,0,16.83,12.9,19.0,15.8,18.8,17.8,18.3,17.3,17.3,17.6,30.8,30.4,27,35,18.1,25.1,33,33,20,0,0,0,1,4,4,0,24,24,24,38,43,39,35,35,34,44.78,44.8,44.82,62,500,5.4,0,0,0
0.38,241,85.98,85.98,85.98,11,11,11,0.49,-3.0,0.09,0.14,206.2,13.6,224,1,2,0,701,0,1,0,0.01,0,0,32.9,32.1,1.4,2.8,2067.6,0,16.83,12.7,18.9,15.8,18.6,17.8,18.3,17.3,17.3,17.6,30.5,30.1,27,35,18.0,25.0,33,33,20,0,0,0,1,4,4,0,24,24,24,37,43,39,35,35,34,44.78,44.8,44.82,62,510,5.5,0,0,0
0.33,301,85.98,85.98,85.98,11,10,11,0.49,-3.3,0.08,0.15,206.4,10.3,225,1,2,0,700,0,1,0,0.01,0,0,32.8,32.1,1.4,2.8,2067.6,0,16.83,12.9,19.0,15.8,18.8,17.8,18.3,17.3,17.3,17.6,30.7,30.4,27,35,18.1,25.0,33,33,20,0,0,0,1,4,4,0,24,24,24,37,43,39,35,35,34,44.78,44.8,44.82,62,500,5.5,0,0,0
0.44,55,85.98,85.98,85.98,12,10,11,0.57,0.7,0.08,0.14,206.5,12.1,226,1,2,0,701,0,1,0,0.01,0,0,32.9,32.1,1.4,2.7,2067.6,0,16.83,12.9,19.0,15.9,18.8,17.8,18.3,17.3,17.3,17.6,30.8,30.4,27,35,18.1,25.1,33,33,20,0,0,0,1,4,4,0,24,24,24,38,43,39,35,35,34,44.78,44.8,44.83,63,510,5.5,0,0,0
0.49,346,85.98,85.98,85.98,11,10,11,0.59,-4.3,0.08,0.14,206.5,12.4,226,1,2,0,699,0,1,0,0.01,0,0,32.8,32.1,1.4,2.9,2067.6,0,16.83,12.8,19.0,15.8,18.8,17.8,18.3,17.3,17.3,17.6,30.7,30.4,27,35,18.1,25.0,33,33,20,0,0,0,1,4,4,0,24,24,24,37,43,39,35,35,34,44.78,44.8,44.82,62,510,5.5,0,0,0
0.4,106,85.98,85.98,85.98,11,12,11,0.6,-0.4,0.08,0.14,206.4,11.1,224,1,2,0,700,0,1,0,0.01,0,0,32.8,32.1,1.4,2.8,2067.6,0,16.83,12.7,18.9,15.8,18.8,17.8,18.3,17.3,17.3,17.6,30.7,30.3,27,35,18.1,25.0,33,33,20,0,0,0,1,4,4,0,24,24,24,37,43,38,35,35,34,44.78,44.8,44.83,61,510,5.6,0,0,0
0.46,261,85.98,85.98,85.98,10,11,11,0.47,-5.1,0.08,0.12,206.3,13.6,226,1,2,0,701,0,1,0,0.01,0,0,33.0,32.2,1.4,2.8,2067.6,0,16.83,12.6,18.9,15.8,18.6,17.8,18.3,17.2,17.3,17.6,30.5,30.1,27,35,18.0,25.0,33,33,20,0,0,0,1,4,4,0,24,24,24,37,43,39,35,35,34,44.78,44.8,44.82,61,510,5.5,0,0,0
0.36,104,85.98,85.98,85.98,11,11,10,0.47,1.6,0.09,0.13,206.4,6.0,224,1,2,0,700,0,1,0,0.01,0,0,32.8,32.2,1.4,2.8,2067.6,0,16.83,12.7,18.9,15.8,18.8,17.8,18.3,17.3,17.3,17.6,30.7,30.3,27,35,18.0,25.0,33,33,20,0,0,0,1,4,4,0,24,24,24,37,43,39,35,35,34,44.78,44.8,44.83,62,510,5.6,0,0,0
0.44,356,85.98,85.98,85.98,10,11,12,0.48,7.9,0.09,0.14,206.2,12.0,220,1,2,0,701,0,2,0,0.01,0,0,32.8,32.2,1.4,2.8,2067.6,0,16.83,12.7,18.9,15.8,18.7,17.8,18.3,17.3,17.3,17.6,30.6,30.2,27,35,18.0,25.0,33,33,20,0,0,0,1,4,4,0,24,24,24,37,43,39,35,35,34,44.78,44.8,44.82,62,510,5.5,0,0,0
0.4,165,85.98,85.98,85.98,10,12,11,0.47,0.2,0.09,0.16,206.3,10.3,223,1,2,0,700,0,1,0,0.01,0,0,32.9,32.1,1.4,2.8,2067.6,0,16.83,12.7,18.9,15.8,18.7,17.8,18.3,17.3,17.3,17.6,30.6,30.2,27,36,18.0,25.0,33,33,20,0,0,0,1,4,4,0,24,24,24,38,43,39,36,36,34,44.78,44.8,44.82,62,510,5.6,0,0,0
0.42,209,85.98,85.98,85.98,10,11,12,0.54,8.4,0.09,0.12,206.4,12.8,222,1,2,0,701,0,2,0,0.01,0,0,32.9,32.2,1.4,2.8,2067.6,0,16.83,12.7,18.9,15.8,18.7,17.8,18.3,17.3,17.3,17.6,30.7,30.3,27,35,18.0,25.0,33,33,20,0,0,0,1,4,4,0,24,24,24,37,43,39,35,35,34,44.78,44.8,44.83,62,500,5.6,0,0,0
0.4,244,85.98,85.98,85.98,11,11,10,0.56,3.3,0.09,0.14,206.3,13.1,223,1,2,0,700,0,2,0,0.01,0,0,32.7,32.1,1.4,2.8,2067.6,0,16.83,12.9,18.9,15.8,18.8,17.8,18.3,17.3,17.3,17.6,30.8,30.4,27,35,18.1,25.1,33,33,20,0,0,0,1,4,4,0,24,24,24,37,43,38,35,35,34,44.78,44.8,44.82,61,510,5.4,0,0,0
0.35,252,85.98,85.98,85.98,11,10,11,0.48,-1.1,0.1,0.12,206.0,15.2,223,1,2,0,700,0,1,0,0.01,0,0,32.9,32.1,1.4,2.8,2067.6,0,16.83,12.7,18.9,15.8,18.7,17.8,18.3,17.3,17.3,17.6,30.6,30.2,27,35,18.0,25.0,33,33,20,0,0,0,1,4,4,0,24,24,24,37,43,39,35,35,34,44.78,44.8,44.82,62,510,5.5,0,0,0
0.46,138,85.98,85.98,85.98,10,12,11,0.46,-3.9,0.09,0.18,206.2,9.2,227,1,2,0,700,0,1,0,0.01,0,0,32.8,32.1,1.4,2.9,2067.6,0,16.83,12.9,19.0,15.8,18.8,17.8,18.3,17.3,17.3,17.6,30.8,30.4,27,35,18.1,25.1,33,33,20,0,0,0,1,4,4,0,24,24,24,37,43,39,35,35,34,44.78,44.8,44.82,62,510,5.5,0,0,0
0.41,255,85.98,85.98,85.98,12,10,11,0.57,-3.3,0.09,0.11,206.2,15.5,225,1,2,0,699,0,1,0,0.01,0,0,32.8,32.2,1.4,2.8,2067.6,0,16.83,12.7,18.9,15.8,18.8,17.8,18.3,17.3,17.3,17.6,30.7,30.3,26,35,18.1,25.0,33,33,20,0,0,0,1,4,4,0,24,24,24,38,43,39,35,35,34,44.79,44.79,44.82,63,500,5.6,0,0,0
0.44,233,85.98,85.98,85.98,10,11,12,0.53,5.9,0.09,0.16,206.5,13.4,226,1,2,0,700,0,1,0,0.01,0,0,32.8,32.1,1.4,2.8,2067.6,0,16.83,12.9,19.0,15.8,18.8,17.8,18.3,17.3,17.3,17.6,30.8,30.5,28,35,18.1,25.1,33,33,20,0,0,0,1,4,4,0,24,24,24,37,43,39,35,35,34,44.79,44.8,44.82,61,510,5.5,0,0,0
0.42,277,85.98,85.98,85.98,12,10,11,0.54,-1.4,0.09,0.19,206.4,10.1,225,1,2,0,699,0,2,0,0.01,0,0,32.8,32.1,1.4,2.8,2067.6,0,16.83,12.7,18.9,15.8,18.8,17.8,18.3,17.3,17.3,17.6,30.7,30.3,27,35,18.1,25.0,33,33,20,0,0,0,1,4,4,0,24,24,24,38,43,39,35,35,34,44.78,44.8,44.82,63,510,5.6,0,0,0
0.45,148,85.98,85.98,85.98,11,10,11,0.47,-12.9,0.09,0.14,206.5,9.0,232,1,2,0,700,0,2,0,0.01,0,0,32.8,32.2,1.4,2.8,2067.6,0,16.83,12.9,19.0,15.8,18.8,17.8,18.3,17.3,17.3,17.6,30.8,30.5,27,35,18.1,25.1,33,33,20,0,0,0,1,4,4,0,24,24,24,37,43,39,35,35,34,44.78,44.8,44.82,62,510,5.5,0,0,0
0.43,139,85.98,85.98,85.98,10,12,11,0.49,-4.4,0.09,0.14,206.4,14.3,224,1,2,0,701,0,2,0,0.01,0,0,32.8,32.2,1.4,2.8,2067.6,0,16.83,12.7,18.9,15.8,18.7,17.8,18.3,17.3,17.3,17.6,30.6,30.2,27,36,18.0,25.0,33,33,20,0,0,0,1,4,4,0,24,24,24,37,43,39,36,36,34,44.78,44.8,44.82,62,510,5.5,0,0,0
0.49,175,85.98,85.98,85.98,11,10,11,0.56,-8.0,0.09,0.12,206.5,8.7,231,1,2,0,700,0,1,0,0.01,0,0,32.9,32.1,1.4,2.8,2067.6,0,16.83,12.9,19.0,15.8,18.8,17.8,18.3,17.3,17.3,17.6,30.8,30.5,28,35,18.1,25.1,33,33,20,0,0,0,1,4,4,0,24,24,24,37,43,39,35,35,34,44.78,44.8,44.82,62,500,5.5,0,0,0
0.43,66,85.98,85.98,85.98,11,11,10,0.61,-1.5,0.09,0.15,206.5,14.6,227,1,2,0,699,0,1,0,0.01,0,0,32.8,32.1,1.4,2.8,2067.6,0,16.83,12.9,19.0,15.8,18.8,17.8,18.3,17.3,17.3,17.7,30.8,30.5,27,35,18.1,25.1,33,33,20,0,0,0,1,4,4,0,24,24,24,37,43,39,35,35,34,44.78,44.8,44.82,61,510,5.7,0,0,0
0.41,338,85.98,85.98,85.98,10,11,12,0.47,6.2,0.08,0.16,206.2,14.3,221,1,2,0,701,0,2,0,0.01,0,0,32.9,32.2,1.4,2.8,2067.6,0,16.83,12.7,18.9,15.8,18.7,17.8,18.3,17.3,17.3,17.6,30.6,30.2,27,35,18.0,25.0,33,33,20,0,0,0,1,4,4,0,24,24,24,37,43,39,35,35,34,44.78,44.8,44.83,62,500,5.5,0,0,0
0.44,297,85.98,85.98,85.98,10,12,11,0.57,-2.3,0.09,0.14,206.2,8.3,226,1,2,0,700,0,1,0,0.01,0,0,33.0,32.2,1.4,2.8,2067.6,0,16.83,12.6,18.9,15.8,18.6,17.8,18.3,17.3,17.3,17.6,30.5,30.1,27,35,18.0,25.0,33,33,20,0,0,0,1,4,4,0,24,24,24,37,43,39,35,35,34,44.78,44.8,44.82,62,510,5.5,0,0,0
0.38,335,85.98,85.98,85.98,10,12,11,0.51,0.1,0.09,0.14,206.0,14.1,225,1,2,0,701,0,1,0,0.01,0,0,33.0,32.2,1.4,2.8,2067.6,0,16.83,12.6,18.9,15.8,18.6,17.8,18.3,17.3,17.3,17.6,30.5,30.1,27,35,18.0,25.0,33,33,20,0,0,0,1,4,4,0,24,24,24,37,43,39,35,35,34,44.78,44.8,44.82,61,510,5.5,0,0,0
0.36,244,85.98,85.98,85.98,11,11,10,0.49,1.2,0.08,0.13,206.4,12.6,222,1,2,0,701,0,1,0,0.01,0,0,32.8,32.1,1.4,2.8,2067.6,0,16.83,12.7,18.9,15.8,18.7,17.8,18.3,17.2,17.3,17.6,30.6,30.2,27,35,18.0,25.0,33,33,20,0,0,0,1,4,4,0,24,24,24,37,43,39,35,35,34,44.79,44.8,44.82,62,510,5.5,0,0,0
0.48,156,85.98,85.98,85.98,12,11,10,0.58,0.4,0.09,0.14,206.2,13.9,224,1,2,0,701,0,2,0,0.01,0,0,32.9,32.1,1.4,2.8,2067.6,0,16.83,12.7,18.9,15.8,18.6,17.8,18.3,17.2,17.3,17.6,30.6,30.2,27,35,18.0,25.0,33,33,20,0,0,0,1,4,4,0,24,24,24,37,43,38,35,35,34,44.78,44.8,44.82,62,510,5.4,0,0,0
0.47,142,85.98,85.98,85.98,11,10,11,0.6,-2.8,0.08,0.12,206.4,11.0,226,1,2,0,700,0,1,0,0.01,0,0,32.9,32.2,1.4,2.8,2067.6,0,16.83,12.7,18.9,15.8,18.8,17.8,18.3,17.3,17.3,17.6,30.7,30.3,27,35,18.0,25.0,33,33,20,0,0,0,1,4,4,0,24,24,24,37,43,39,35,35,34,44.78,44.8,44.83,62,500,5.5,0,0,0
0.38,22,85.98,85.98,85.98,11,11,10,0.51,-7.3,0.09,0.12,206.2,12.8,227,1,2,0,701,0,1,0,0.01,0,0,32.8,32.2,1.4,2.8,2067.6,0,16.83,12.6,18.9,15.8,18.6,17.8,18.3,17.3,17.3,17.6,30.5,30.1,27,35,18.0,25.0,33,33,20,0,0,0,1,4,4,0,24,24,24,37,43,38,35,35,34,44.78,44.8,44.82,61,510,5.4,0,0,0
0.32,98,85.98,85.98,85.98,11,11,11,0.49,1.7,0.09,0.14,206.3,15.6,222,1,2,0,700,0,1,0,0.01,0,0,32.8,32.2,1.4,2.9,2067.6,0,16.83,12.7,18.9,15.8,18.7,17.8,18.3,17.3,17.3,17.6,30.6,30.2,27,35,18.0,25.0,33,33,20,0,0,0,1,4,4,0,24,24,24,37,43,39,35,35,34,44.78,44.8,44.82,62,510,5.5,0,0,0
0.29,119,85.98,85.98,85.98,11,11,11,0.47,-1.3,0.09,0.19,206.5,14.4,226,1,2,0,700,0,2,0,0.01,0,0,32.8,32.1,1.4,2.8,2067.6,0,16.83,12.9,19.0,15.8,18.8,17.8,18.3,17.3,17.3,17.6,30.8,30.4,27,35,18.1,25.1,33,33,20,0,0,0,1,4,4,0,24,24,24,38,43,39,35,35,34,44.78,44.8,44.82,62,510,5.6,0,0,0
0.42,65,85.98,85.98,85.98,11,11,10,0.49,0.9,0.09,0.14,206.2,13.8,224,1,2,0,700,0,2,0,0.01,0,0,32.8,32.1,1.4,2.8,2067.6,0,16.83,12.7,18.9,15.8,18.8,17.8,18.3,17.3,17.3,17.6,30.7,30.3,27,35,18.0,25.0,33,33,20,0,0,0,1,4,4,0,24,24,24,37,43,39,35,35,34,44.78,44.8,44.82,61,510,5.6,0,0,0
0.49,102,85.98,85.98,85.98,12,12,10,0.51,-1.9,0.09,0.14,206.4,10.2,223,1,2,0,700,0,2,0,0.01,0,0,33.0,32.2,1.4,2.8,2067.6,0,16.83,12.7,18.9,15.8,18.6,17.8,18.3,17.2,17.3,17.6,30.5,30.2,28,35,18.0,25.0,33,33,20,0,0,0,1,4,4,0,24,24,24,37,43,39,35,35,34,44.78,44.81,44.82,62,500,5.6,0,0,0
0.44,51,85.98,85.98,85.98,12,10,10,0.57,-0.3,0.09,0.14,206.5,12.7,226,1,2,0,700,0,1,0,0.01,0,0,32.9,32.1,1.4,2.8,2067.6,0,16.83,12.9,19.0,15.8,18.8,17.8,18.3,17.3,17.3,17.6,30.8,30.4,27,35,18.1,25.1,33,33,20,0,0,0,1,4,4,0,24,24,24,38,43,39,35,35,34,44.78,44.8,44.83,62,510,5.5,0,0,0
0.39,179,85.98,85.98,85.98,10,12,11,0.47,-3.2,0.09,0.18,206.2,10.8,224,1,2,0,701,0,2,0,0.01,0,0,32.8,32.2,1.4,2.8,2067.6,0,16.83,12.7,18.9,15.8,18.7,17.8,18.3,17.3,17.3,17.6,30.6,30.2,27,35,18.0,25.0,33,33,20,0,0,0,1,4,4,0,24,24,24,37,43,38,35,35,34,44.78,44.8,44.82,61,500,5.5,0,0,0
0.34,244,85.98,85.98,85.98,11,11,11,0.51,-5.5,0.11,0.18,206.2,14.9,225,1,2,0,701,0,1,0,0.01,0,0,32.9,32.1,1.4,2.9,2067.6,0,16.83,12.7,18.9,15.8,18.6,17.8,18.3,17.3,17.3,17.6,30.5,30.1,27,35,18.0,25.0,33,33,20,0,0,0,1,4,4,0,24,24,24,37,43,39,35,35,34,44.78,44.8,44.82,62,500,5.5,0,0,0
0.44,247,85.98,85.98,85.98,10,11,12,0.5,4.9,0.09,0.16,206.4,12.1,225,1,2,0,700,0,1,0,0.01,0,0,32.9,32.1,1.4,2.8,2067.6,0,16.83,12.9,19.0,15.8,18.8,17.8,18.3,17.3,17.3,17.6,30.8,30.4,26,35,18.1,25.1,33,33,20,0,0,0,1,4,4,0,24,24,24,37,43,39,35,35,34,44.78,44.8,44.82,62,510,5.6,0,0,0
0.48,332,85.98,85.98,85.98,11,10,11,0.52,-4.2,0.09,0.14,206.5,15.7,226,1,2,0,699,0,2,0,0.01,0,0,32.9,32.2,1.4,2.8,2067.6,0,16.83,12.8,19.0,15.8,18.8,17.8,18.3,17.3,17.3,17.6,30.7,30.4,27,35,18.1,25.0,33,33,20,0,0,0,1,4,4,0,24,24,24,37,43,39,35,35,34,44.78,44.8,44.82,62,510,5.5,0,0,0
0.42,280,85.98,85.98,85.98,11,12,11,0.56,1.0,0.07,0.14,206.4,14.3,222,1,2,0,700,0,2,0,0.01,0,0,32.9,32.1,1.4,2.8,2067.6,0,16.83,12.7,18.9,15.8,18.7,17.8,18.3,17.3,17.3,17.6,30.6,30.2,28,35,18.0,25.0,33,33,20,0,0,0,1,4,4,0,24,24,24,37,43,38,35,35,34,44.78,44.8,44.83,62,510,5.6,0,0,0
0.42,139,85.98,85.98,85.98,11,10,11,0.47,-10.7,0.08,0.11,206.5,7.1,231,1,2,0,700,0,1,0,0.01,0,0,32.8,32.1,1.4,2.8,2067.6,0,16.83,12.9,19.0,15.8,18.8,17.8,18.3,17.3,17.3,17.6,30.8,30.5,27,35,18.1,25.1,33,33,20,0,0,0,1,4,4,0,24,24,24,37,43,39,35,35,34,44.78,44.8,44.82,62,510,5.5,0,0,0
0.36,301,85.98,85.98,85.98,11,10,11,0.5,-3.5,0.08,0.14,206.4,15.1,225,1,2,0,700,0,2,0,0.01,0,0,32.9,32.2,1.4,2.9,2067.6,0,16.83,12.9,18.9,15.8,18.8,17.8,18.3,17.3,17.3,17.6,30.7,30.4,27,35,18.1,25.0,33,33,20,0,0,0,1,4,4,0,24,24,24,37,43,39,35,35,34,44.78,44.8,44.82,62,500,5.5,0,0,0
0.44,84,85.98,85.98,85.98,11,11,10,0.58,-5.8,0.09,0.14,206.6,14.1,228,1,2,0,700,0,1,0,0.01,0,0,32.9,32.1,1.4,2.8,2067.6,0,16.83,12.9,19.0,15.8,18.8,17.8,18.3,17.3,17.3,17.6,30.8,30.5,27,35,18.1,25.1,33,33,20,0,0,0,1,4,4,0,24,24,24,37,43,38,35,35,34,44.78,44.8,44.82,61,510,5.5,0,0,0
0.41,38,85.98,85.98,85.98,11,12,10,0.56,4.4,0.09,0.16,206.4,12.3,224,1,2,0,700,0,1,0,0.01,0,0,32.8,32.2,1.4,2.8,2067.6,0,16.83,12.7,18.9,15.8,18.8,17.8,18.3,17.3,17.3,17.6,30.7,30.3,27,35,18.0,25.0,33,33,20,0,0,0,1,4,4,0,24,24,24,37,43,38,35,35,34,44.78,44.8,44.83,61,500,5.5,0,0,0
0.38,111,85.98,85.98,85.98,11,11,10,0.55,-7.6,0.09,0.14,206.5,11.2,229,1,2,0,699,0,1,0,0.01,0,0,32.9,32.1,1.4,2.8,2067.6,0,16.83,12.9,19.0,15.8,18.8,17.8,18.3,17.3,17.3,17.6,30.8,30.5,27,35,18.1,25.1,33,33,20,0,0,0,1,4,4,0,24,24,24,37,43,38,35,35,34,44.78,44.8,44.82,61,510,5.6,0,0,0
0.4,82,85.98,85.98,85.98,12,10,11,0.52,3.6,0.09,0.14,206.4,14.0,221,1,2,0,700,0,2,0,0.01,0,0,32.9,32.2,1.4,2.8,2067.6,0,16.83,12.7,18.9,15.8,18.7,17.8,18.3,17.3,17.3,17.6,30.6,30.2,27,35,18.0,25.0,33,33,20,0,0,0,1,4,4,0,24,24,24,38,43,39,35,35,34,44.78,44.8,44.82,62,500,5.5,0,0,0
0.44,191,85.98,85.98,85.98,10,11,11,0.55,5.5,0.08,0.14,206.4,12.3,223,1,2,0,701,0,1,0,0.01,0,0,32.8,32.1,1.4,2.8,2067.6,0,16.83,12.7,18.9,15.8,18.7,17.8,18.3,17.3,17.3,17.6,30.7,30.3,27,35,18.0,25.0,33,33,20,0,0,0,1,4,4,0,24,24,24,37,43,39,35,35,34,44.78,44.8,44.82,61,500,5.6,0,0,0
0.48,75,85.98,85.98,85.98,10,12,12,0.56,2.3,0.09,0.14,206.4,10.7,223,1,2,0,700,0,2,0,0.01,0,0,32.9,32.1,1.4,2.8,2067.6,0,16.83,12.7,18.9,15.8,18.8,17.8,18.3,17.3,17.3,17.6,30.7,30.3,28,35,18.1,25.0,33,33,20,0,0,0,1,4,4,0,24,24,24,37,43,39,35,35,34,44.78,44.8,44.82,62,500,5.6,0,0,0
0.43,69,85.98,85.98,85.98,12,10,11,0.6,0.5,0.08,0.14,206.6,13.2,226,1,2,0,700,0,2,0,0.01,0,0,32.8,32.1,1.4,2.8,2067.6,0,16.83,12.9,19.0,15.9,18.8,17.8,18.3,17.3,17.3,17.6,30.8,30.4,27,35,18.1,25.1,33,33,20,0,0,0,1,4,4,0,24,24,24,38,43,39,35,35,34,44.78,44.8,44.82,63,510,5.4,0,0,0
0.42,20,85.98,85.98,85.98,10,12,11,0.49,0.0,0.09,0.14,206.4,13.8,226,1,2,0,700,0,1,0,0.01,0,0,32.9,32.1,1.4,2.8,2067.6,0,16.83,12.7,18.9,15.8,18.8,17.8,18.3,17.3,17.3,17.6,30.7,30.3,27,35,18.0,25.0,33,33,20,0,0,0,1,4,4,0,24,24,24,37,43,39,35,35,34,44.78,44.8,44.82,61,500,5.6,0,0,0
0.38,287,85.98,85.98,85.98,11,11,10,0.52,-1.1,0.08,0.14,206.4,7.2,224,1,2,0,700,0,1,0,0.01,0,0,32.9,32.2,1.4,2.8,2067.6,0,16.83,12.9,19.0,15.8,18.8,17.8,18.3,17.3,17.3,17.6,30.7,30.4,27,35,18.1,25.0,33,33,20,0,0,0,1,4,4,0,24,24,24,37,43,38,35,35,34,44.78,44.8,44.82,61,510,5.5,0,0,0
0.54,153,85.98,85.98,85.98,12,12,10,0.46,-5.8,0.08,0.13,206.4,12.1,226,1,2,0,700,0,1,0,0.01,0,0,32.9,32.2,1.4,2.8,2067.6,0,16.83,12.7,18.9,15.8,18.8,17.8,18.3,17.3,17.3,17.6,30.7,30.3,26,35,18.1,25.0,33,33,20,0,0,0,1,4,4,0,24,24,24,37,43,39,35,35,34,44.78,44.8,44.82,62,510,5.5,0,0,0
0.4,130,85.98,85.98,85.98,11,10,11,0.48,-10.2,0.09,0.16,206.4,7.3,231,1,2,0,700,0,1,0,0.01,0,0,32.9,32.2,1.4,2.8,2067.6,0,16.83,12.9,19.0,15.8,18.8,17.8,18.3,17.3,17.3,17.6,30.8,30.5,27,35,18.1,25.1,33,33,20,0,0,0,1,4,4,0,24,24,24,37,43,39,35,35,34,44.79,44.8,44.82,62,510,5.5,0,0,0
0.4,319,85.98,85.98,85.98,10,12,11,0.51,-1.6,0.09,0.14,206.4,9.4,225,1,2,0,701,0,1,0,0.01,0,0,32.9,32.2,1.4,2.8,2067.6,0,16.83,12.6,18.9,15.8,18.6,17.8,18.3,17.3,17.3,17.6,30.5,30.1,27,35,18.0,25.0,33,33,20,0,0,0,1,4,4,0,24,24,24,37,43,39,35,35,34,44.78,44.8,44.82,61,510,5.6,0,0,0
0.46,324,85.98,85.98,85.98,11,10,11,0.48,-4.2,0.09,0.14,206.5,12.4,226,1,2,0,699,0,2,0,0.01,0,0,32.8,32.1,1.4,2.8,2067.6,0,16.83,12.8,19.0,15.8,18.8,17.8,18.3,17.3,17.3,17.6,30.7,30.4,27,35,18.1,25.0,33,33,20,0,0,0,1,4,4,0,24,24,24,37,43,39,35,35,34,44.78,44.8,44.82,62,510,5.5,0,0,0
0.42,224,85.98,85.98,85.98,10,11,12,0.56,4.2,0.09,0.14,206.5,14.0,227,1,2,0,700,0,1,0,0.01,0,0,32.9,32.1,1.4,2.8,2067.6,0,16.83,12.9,19.0,15.8,18.8,17.8,18.3,17.3,17.3,17.6,30.8,30.4,27,35,18.1,25.1,33,33,20,0,0,0,1,4,4,0,24,24,24,37,43,39,35,35,34,44.78,44.8,44.82,61,500,5.6,0,0,0
0.35,125,85.98,85.98,85.98,11,10,10,0.53,-12.4,0.09,0.11,206.6,8.8,231,1,2,0,699,0,1,0,0.01,0,0,32.8,32.1,1.4,2.9,2067.6,0,16.83,12.9,19.0,15.8,18.8,17.8,18.3,17.3,17.3,17.6,30.8,30.5,27,35,18.1,25.1,33,33,20,0,0,0,1,4,4,0,24,24,24,37,43,39,35,35,34,44.78,44.8,44.82,62,500,5.5,0,0,0
0.42,295,85.98,85.98,85.98,11,12,12,0.56,-3.2,0.09,0.16,206.4,12.0,226,1,2,0,699,0,1,0,0.01,0,0,32.8,32.2,1.4,2.8,2067.6,0,16.83,12.9,19.0,15.8,18.8,17.8,18.3,17.3,17.3,17.6,30.8,30.4,27,35,18.1,25.1,33,33,20,0,0,0,1,4,4,0,24,24,24,37,43,39,35,35,34,44.78,44.8,44.82,61,500,5.6,0,0,0
0.42,236,85.98,85.98,85.98,11,11,10,0.57,5.2,0.09,0.16,206.3,11.6,222,1,2,0,700,0,1,0,0.01,0,0,32.8,32.2,1.4,2.8,2067.6,0,16.83,12.9,18.9,15.8,18.8,17.8,18.3,17.3,17.3,17.6,30.7,30.4,27,35,18.1,25.1,33,33,20,0,0,0,1,4,4,0,24,24,24,37,43,39,35,35,34,44.78,44.8,44.82,62,510,5.4,0,0,0
0.36,244,85.98,85.98,85.98,11,11,11,0.47,-6.6,0.08,0.14,206.2,9.2,226,1,2,0,701,0,1,0,0.01,0,0,32.8,32.2,1.4,2.8,2067.6,0,16.83,12.6,18.9,15.8,18.6,17.8,18.3,17.3,17.3,17.6,30.5,30.1,27,35,18.0,25.0,33,33,20,0,0,0,1,4,4,0,24,24,24,37,43,39,35,35,34,44.78,44.8,44.82,62,500,5.5,0,0,0
0.41,183,85.98,85.98,85.98,10,12,11,0.49,-1.4,0.09,0.13,206.4,13.5,224,1,2,0,701,0,1,0,0.01,0,0,32.9,32.2,1.4,2.8,2067.6,0,16.83,12.7,18.9,15.8,18.7,17.8,18.3,17.3,17.3,17.6,30.6,30.2,26,35,18.0,25.0,33,33,20,0,0,0,1,4,4,0,24,24,24,37,43,39,35,35,34,44.78,44.8,44.82,60,510,5.5,0,0,0
0.39,13,85.98,85.98,85.98,11,11,10,0.47,-3.6,0.09,0.13,206.2,12.8,225,1,2,0,701,0,1,0,0.01,0,0,32.9,32.1,1.4,2.8,2067.6,0,16.83,12.6,18.9,15.8,18.6,17.8,18.2,17.3,17.3,17.6,30.5,30.1,27,35,18.0,25.0,33,33,20,0,0,0,1,4,4,0,24,24,24,37,43,38,35,35,34,44.78,44.79,44.82,62,510,5.4,0,0,0
0.42,344,85.98,85.98,85.98,10,12,11,0.55,-4.8,0.09,0.19,206.4,13.1,227,1,2,0,700,0,2,0,0.01,0,0,32.9,32.2,1.4,2.8,2067.6,0,16.83,12.7,18.9,15.8,18.8,17.8,18.3,17.3,17.3,17.6,30.7,30.3,27,35,18.0,25.0,33,33,20,0,0,0,1,4,4,0,24,24,24,37,43,39,35,35,34,44.78,44.8,44.82,62,500,5.5,0,0,0
0.19,245,85.98,85.98,85.98,11,11,10,0.51,-0.2,0.1,0.14,206.4,10.6,222,1,2,0,700,0,1,0,0.01,0,0,32.8,32.2,1.4,2.9,2067.6,0,16.83,12.7,18.9,15.8,18.7,17.8,18.3,17.3,17.3,17.6,30.6,30.2,27,35,18.0,25.0,33,33,20,0,0,0,1,4,4,0,24,24,24,37,43,39,35,35,34,44.79,44.8,44.82,61,510,5.5,0,0,0
0.46,57,85.98,85.98,85.98,11,12,10,0.55,0.1,0.09,0.14,206.5,14.3,227,1,2,0,699,0,2,0,0.01,0,0,32.9,32.1,1.4,2.8,2067.6,0,16.83,12.9,19.0,15.8,18.8,17.8,18.3,17.3,17.3,17.7,30.9,30.5,26,35,18.1,25.1,33,33,20,0,0,0,1,4,4,0,24,24,24,37,43,39,35,35,34,44.78,44.8,44.82,61,510,5.6,0,0,0
0.35,28,85.98,85.98,85.98,11,10,11,0.46,-8.2,0.08,0.14,206.2,14.3,228,1,2,0,701,0,1,0,0.01,0,0,32.9,32.2,1.4,2.8,2067.6,0,16.83,12.6,18.9,15.8,18.6,17.8,18.3,17.3,17.3,17.6,30.5,30.1,27,35,18.0,25.0,33,33,20,0,0,0,1,4,4,0,24,24,24,37,43,39,35,35,34,44.78,44.8,44.83,62,500,5.5,0,0,0
0.42,329,85.98,85.98,85.98,10,11,11,0.53,5.8,0.09,0.14,206.2,14.5,222,1,2,0,701,0,2,0,0.01,0,0,32.9,32.2,1.4,2.8,2067.6,0,16.83,12.7,18.9,15.8,18.7,17.8,18.3,17.3,17.3,17.6,30.6,30.2,27,35,18.0,25.0,33,33,20,0,0,0,1,4,4,0,24,24,24,37,43,39,35,35,34,44.78,44.8,44.82,61,510,5.6,0,0,0
0.38,173,85.98,85.98,85.98,10,12,11,0.6,-0.6,0.09,0.16,206.5,9.6,226,1,2,0,700,0,1,0,0.01,0,0,32.8,32.1,1.4,2.8,2067.6,0,16.83,12.9,19.0,15.8,18.8,17.8,18.3,17.3,17.3,17.6,30.7,30.4,27,35,18.1,25.1,33,33,20,0,0,0,1,4,4,0,24,24,24,37,43,39,35,35,34,44.78,44.8,44.82,62,510,5.5,0,0,0
0.46,293,85.98,85.98,85.98,11,10,11,0.53,-0.9,0.09,0.12,206.4,11.7,224,1,2,0,701,0,2,0,0.01,0,0,32.9,32.2,1.4,2.9,2067.6,0,16.83,12.7,18.9,15.8,18.7,17.8,18.3,17.3,17.3,17.6,30.6,30.2,26,35,18.0,25.0,33,33,20,0,0,0,1,4,4,0,24,24,24,37,43,39,35,35,34,44.78,44.8,44.82,61,480,5.5,0,0,0
0.41,178,85.98,85.98,85.98,12,10,10,0.57,5.9,0.09,0.14,206.2,7.7,222,1,2,0,701,0,2,0,0.01,0,0,32.9,32.2,1.4,2.8,2067.6,0,16.83,12.7,18.9,15.8,18.6,17.8,18.3,17.2,17.3,17.6,30.5,30.2,27,35,18.0,25.0,33,33,20,0,0,0,1,4,4,0,24,24,24,38,43,39,35,35,34,44.78,44.8,44.82,62,500,5.5,0,0,0
0.47,142,85.98,85.98,85.98,10,12,11,0.46,-3.9,0.09,0.13,206.4,10.5,227,1,2,0,700,0,1,0,0.01,0,0,32.9,32.1,1.4,2.8,2067.6,0,16.83,12.9,19.0,15.8,18.8,17.8,18.3,17.3,17.3,17.6,30.8,30.4,27,35,18.1,25.1,33,33,20,0,0,0,1,4,4,0,24,24,24,37,43,39,35,35,34,44.78,44.8,44.82,62,510,5.6,0,0,0
0.45,27,85.98,85.98,85.98,10,12,12,0.53,0.6,0.09,0.14,206.2,14.4,222,1,2,0,701,0,1,0,0.01,0,0,33.0,32.1,1.4,2.9,2067.6,0,16.83,12.7,18.9,15.8,18.7,17.8,18.3,17.2,17.3,17.6,30.6,30.2,28,35,18.0,25.0,33,33,20,0,0,0,1,4,4,0,24,24,24,37,43,39,35,35,34,44.78,44.8,44.83,61,500,5.6,0,0,0
0.45,302,85.98,85.98,85.98,11,10,11,0.55,-1.3,0.09,0.16,206.2,12.7,224,1,2,0,701,0,2,0,0.01,0,0,32.9,32.2,1.4,2.8,2067.6,0,16.83,12.7,18.9,15.8,18.7,17.8,18.3,17.3,17.3,17.6,30.6,30.2,27,35,18.0,25.0,33,33,20,0,0,0,1,4,4,0,24,24,24,37,43,39,35,35,34,44.78,44.8,44.82,62,480,5.5,0,0,0
0.44,147,85.98,85.98,85.98,12,11,10,0.54,-1.3,0.08,0.16,206.2,10.0,224,1,2,0,700,0,2,0,0.01,0,0,32.9,32.1,1.4,2.9,2067.6,0,16.83,12.7,18.9,15.8,18.6,17.8,18.3,17.2,17.3,17.6,30.6,30.2,28,35,18.0,25.0,33,33,20,0,0,0,1,4,4,0,24,24,24,37,43,38,35,35,34,44.78,44.8,44.82,62,500,5.4,0,0,0
0.37,304,85.98,85.98,85.98,10,11,11,0.46,-4.7,0.08,0.09,206.4,15.0,226,1,2,0,699,0,2,0,0.01,0,0,32.8,32.1,1.4,2.8,2067.6,0,16.83,12.7,18.9,15.8,18.8,17.8,18.3,17.3,17.3,17.6,30.7,30.3,27,35,18.1,25.0,33,33,20,0,0,0,1,4,4,0,24,24,24,37,43,39,35,35,34,44.79,44.8,44.82,62,510,5.5,0,0,0
0.44,266,85.98,85.98,85.98,11,12,12,0.6,1.6,0.08,0.16,206.4,8.5,222,1,2,0,701,0,1,0,0.01,0,0,32.8,32.2,1.4,2.8,2067.6,0,16.83,12.7,18.9,15.8,18.7,17.8,18.3,17.3,17.3,17.6,30.7,30.3,28,35,18.0,25.0,33,33,20,0,0,0,1,4,4,0,24,24,24,37,43,39,35,35,34,44.78,44.8,44.83,61,500,5.6,0,0,0
0.48,349,85.98,85.98,85.98,12,11,10,0.59,-3.6,0.11,0.16,206.4,8.0,224,1,2,0,701,0,1,0,0.01,0,0,32.8,32.1,1.4,2.8,2067.6,0,16.83,12.7,18.9,15.8,18.7,17.8,18.3,17.3,17.3,17.6,30.6,30.2,27,35,18.0,25.0,33,33,20,0,0,0,1,4,4,0,24,24,24,37,43,38,35,35,34,44.78,44.8,44.82,62,510,5.5,0,0,0
0.41,205,85.98,85.98,85.98,11,12,10,0.5,6.9,0.09,0.18,206.4,12.8,221,1,2,0,700,0,2,0,0.01,0,0,32.9,32.2,1.4,2.8,2067.6,0,16.83,12.7,18.9,15.8,18.7,17.8,18.3,17.3,17.3,17.6,30.6,30.2,27,35,18.0,25.0,33,33,20,0,0,0,1,4,4,0,24,24,24,37,43,38,35,35,34,44.78,44.8,44.82,62,510,5.5,0,0,0
0.55,188,85.98,85.98,85.98,12,11,10,0.61,-2.2,0.09,0.16,206.4,13.6,225,1,2,0,700,0,1,0,0.01,0,0,32.9,32.1,1.4,2.8,2067.6,0,16.83,12.7,18.9,15.8,18.8,17.8,18.3,17.3,17.3,17.6,30.7,30.3,29,35,18.1,25.0,33,33,20,0,0,0,1,4,4,0,24,24,24,37,43,39,35,35,34,44.78,44.8,44.82,62,500,5.7,0,0,0
0.34,252,85.98,85.98,85.98,11,10,11,0.49,-1.0,0.09,0.14,206.4,12.5,223,1,2,0,701,0,1,0,0.01,0,0,32.9,32.2,1.4,2.8,2067.6,0,16.83,12.7,18.9,15.8,18.7,17.8,18.3,17.3,17.3,17.6,30.6,30.2,27,35,18.0,25.0,33,33,20,0,0,0,1,4,4,0,24,24,24,37,43,39,35,35,34,44.78,44.8,44.82,62,510,5.5,0,0,0
0.48,156,85.98,85.98,85.98,11,10,11,0.58,-2.9,0.08,0.12,206.4,11.8,226,1,2,0,700,0,1,0,0.01,0,0,32.9,32.1,1.4,2.8,2067.6,0,16.83,12.7,18.9,15.8,18.8,17.8,18.3,17.3,17.3,17.6,30.7,30.3,27,35,18.0,25.0,33,33,20,0,0,0,1,4,4,0,24,24,24,37,43,39,35,35,34,44.78,44.8,44.83,61,500,5.5,0,0,0
0.41,221,85.98,85.98,85.98,11,11,10,0.51,7.4,0.09,0.12,206.4,13.7,221,1,2,0,701,0,2,0,0.01,0,0,32.9,32.2,1.4,2.8,2067.6,0,16.83,12.7,18.9,15.8,18.7,17.8,18.3,17.3,17.3,17.6,30.6,30.2,27,35,18.0,25.0,33,33,20,0,0,0,1,4,4,0,24,24,24,37,43,38,35,35,34,44.78,44.8,44.82,61,510,5.5,0,0,0
0.41,87,85.98,85.98,85.98,11,11,10,0.48,-2.2,0.08,0.16,206.4,11.2,225,1,2,0,700,0,1,0,0.01,0,0,32.9,32.1,1.4,2.8,2067.6,0,16.83,12.7,18.9,15.8,18.8,17.8,18.3,17.3,17.3,17.6,30.7,30.3,27,35,18.0,25.0,33,33,20,0,0,0,1,4,4,0,24,24,24,37,43,39,35,35,34,44.78,44.8,44.82,61,510,5.6,0,0,0
0.39,282,85.98,85.98,85.98,11,11,11,0.54,-1.5,0.08,0.09,206.4,9.6,225,1,2,0,700,0,2,0,0.01,0,0,32.9,32.2,1.4,2.8,2067.6,0,16.83,12.7,18.9,15.8,18.8,17.8,18.3,17.3,17.3,17.6,30.7,30.3,27,35,18.0,25.0,33,33,20,0,0,0,1,4,4,0,24,24,24,37,43,39,35,35,34,44.78,44.8,44.83,62,510,5.6,0,0,0
0.44,267,85.98,85.98,85.98,11,10,11,0.49,-2.0,0.09,0.14,206.4,12.7,224,1,2,0,700,0,2,0,0.01,0,0,32.9,32.2,1.4,2.8,2067.6,0,16.83,12.7,18.9,15.8,18.7,17.8,18.3,17.3,17.3,17.6,30.6,30.2,27,35,18.0,25.0,33,33,20,0,0,0,1,4,4,0,24,24,24,37,43,39,35,35,34,44.78,44.8,44.82,62,490,5.5,0,0,0
0.4,229,85.98,85.98,85.98,11,11,10,0.49,6.8,0.09,0.16,206.4,13.1,221,1,2,0,700,0,1,0,0.01,0,0,32.8,32.1,1.4,2.8,2067.6,0,16.83,12.7,18.9,15.8,18.7,17.8,18.3,17.2,17.3,17.6,30.6,30.2,27,35,18.0,25.0,33,33,20,0,0,0,1,4,4,0,24,24,24,37,43,38,35,35,34,44.78,44.8,44.82,62,500,5.5,0,0,0
0.4,109,85.98,85.98,85.98,12,10,11,0.5,-2.9,0.09,0.09,206.5,12.8,226,1,2,0,700,0,1,0,0.01,0,0,32.9,32.1,1.4,2.8,2067.6,0,16.83,12.9,19.0,15.8,18.8,17.8,18.3,17.3,17.3,17.6,30.8,30.4,27,35,18.1,25.1,33,33,20,0,0,0,1,4,4,0,24,24,24,38,43,39,35,35,34,44.79,44.8,44.82,63,510,5.6,0,0,0
0.45,191,85.98,85.98,85.98,12,10,11,0.6,7.5,0.09,0.14,206.2,7.6,221,1,2,0,700,0,2,0,0.01,0,0,32.9,32.2,1.4,2.9,2067.6,0,16.83,12.7,18.9,15.8,18.6,17.8,18.3,17.3,17.3,17.6,30.5,30.2,27,35,18.0,25.0,33,33,20,0,0,0,1,4,4,0,24,24,24,38,43,38,35,35,34,44.78,44.8,44.83,62,490,5.4,0,0,0
0.43,347,85.98,85.98,85.98,11,12,10,0.57,1.2,0.09,0.14,206.2,13.7,224,1,2,0,701,0,1,0,0.01,0,0,32.9,32.1,1.4,2.8,2067.6,0,16.83,12.6,18.9,15.8,18.6,17.8,18.3,17.3,17.3,17.6,30.5,30.1,27,35,18.0,25.0,33,33,20,0,0,0,1,4,4,0,24,24,24,37,43,39,35,35,34,44.78,44.8,44.82,62,510,5.6,0,0,0
0.53,206,85.98,85.98,85.98,12,10,10,0.62,1.7,0.09,0.13,206.4,10.1,224,1,2,0,700,0,2,0,0.01,0,0,32.8,32.2,1.4,2.8,2067.6,0,16.83,12.7,18.9,15.8,18.8,17.8,18.3,17.3,17.3,17.6,30.7,30.3,27,35,18.1,25.0,33,33,20,0,0,0,1,4,4,0,24,24,24,38,43,39,35,35,34,44.78,44.8,44.82,62,510,5.5,0,0,0
0.39,9,85.98,85.98,85.98,11,11,10,0.57,-1.6,0.1,0.16,206.2,14.9,225,1,2,0,701,0,1,0,0.01,0,0,32.9,32.2,1.4,2.8,2067.6,0,16.83,12.6,18.9,15.8,18.6,17.8,18.2,17.3,17.3,17.6,30.5,30.1,27,35,18.0,25.0,33,33,20,0,0,0,1,4,4,0,24,24,24,37,43,38,35,35,34,44.78,44.79,44.82,62,510,5.4,0,0,0
0.4,307,85.98,85.98,85.98,11,10,11,0.5,-4.1,0.09,0.14,206.4,14.3,225,1,2,0,700,0,2,0,0.01,0,0,32.9,32.2,1.4,2.8,2067.6,0,16.83,12.8,19.0,15.8,18.8,17.8,18.3,17.3,17.3,17.6,30.7,30.4,27,35,18.1,25.0,33,33,20,0,0,0,1,4,4,0,24,24,24,37,43,39,35,35,34,44.78,44.8,44.82,62,500,5.5,0,0,0
0.42,6,85.98,85.98,85.98,10,12,11,0.52,-2.5,0.09,0.14,206.2,11.0,227,1,2,0,700,0,2,0,0.01,0,0,32.8,32.1,1.4,2.8,2067.6,0,16.83,12.7,18.9,15.8,18.8,17.8,18.3,17.3,17.3,17.6,30.7,30.3,27,35,18.0,25.0,33,33,20,0,0,0,1,4,4,0,24,24,24,37,43,39,35,35,34,44.78,44.8,44.82,62,510,5.5,0,0,0
0.36,67,85.98,85.98,85.98,11,12,12,0.47,1.4,0.09,0.14,206.2,10.3,222,1,2,0,700,0,2,0,0.01,0,0,32.9,32.1,1.4,2.8,2067.6,0,16.83,12.7,18.9,15.8,18.7,17.8,18.3,17.3,17.3,17.6,30.6,30.2,28,35,18.0,25.0,33,33,20,0,0,0,1,4,4,0,24,24,24,37,43,39,35,35,34,44.78,44.8,44.83,61,510,5.5,0,0,0
0.46,71,85.98,85.98,85.98,11,11,10,0.61,-2.2,0.09,0.14,206.5,13.9,227,1,2,0,699,0,1,0,0.01,0,0,32.8,32.1,1.4,2.9,2067.6,0,16.83,12.9,19.0,15.8,18.8,17.8,18.3,17.3,17.3,17.7,30.8,30.5,27,35,18.1,25.1,33,33,20,0,0,0,1,4,4,0,24,24,24,37,43,39,35,35,34,44.78,44.8,44.82,61,510,5.6,0,0,0
0.51,339,85.98,85.98,85.98,12,12,10,0.52,-6.6,0.08,0.16,206.5,14.8,228,1,2,0,700,0,1,0,0.01,0,0,32.8,32.1,1.4,2.8,2067.6,0,16.83,12.9,19.0,15.8,18.8,17.8,18.3,17.3,17.3,17.6,30.8,30.4,27,35,18.1,25.1,33,33,20,0,0,0,1,4,4,0,24,24,24,37,43,39,35,35,34,44.78,44.79,44.82,62,510,5.5,0,0,0
0.39,248,85.98,85.98,85.98,10,11,11,0.53,-5.9,0.09,0.12,206.2,12.3,226,1,2,0,700,0,2,0,0.01,0,0,32.9,32.2,1.4,2.7,2067.6,0,16.83,12.6,18.9,15.8,18.6,17.8,18.3,17.3,17.3,17.6,30.5,30.1,27,35,18.0,25.0,33,33,20,0,0,0,1,4,4,0,24,24,24,37,43,39,35,35,34,44.78,44.8,44.82,62,510,5.6,0,0,0
0.39,332,85.98,85.98,85.98,10,12,11,0.49,0.3,0.09,0.16,206.2,11.3,225,1,2,0,701,0,1,0,0.01,0,0,32.9,32.2,1.4,2.8,2067.6,0,16.83,12.6,18.9,15.8,18.6,17.8,18.3,17.3,17.3,17.6,30.5,30.1,27,35,18.0,25.0,33,33,20,0,0,0,1,4,4,0,24,24,24,37,43,38,35,35,34,44.78,44.8,44.82,61,510,5.5,0,0,0
0.35,125,85.98,85.98,85.98,11,10,10,0.49,-10.4,0.09,0.16,206.5,7.2,231,1,2,0,699,0,1,0,0.01,0,0,32.8,32.1,1.4,2.8,2067.6,0,16.83,12.9,19.0,15.8,18.8,17.8,18.3,17.3,17.3,17.6,30.8,30.5,27,35,18.1,25.1,33,33,20,0,0,0,1,4,4,0,24,24,24,37,43,39,35,35,34,44.78,44.8,44.82,62,500,5.5,0,0,0
0.48,11,85.98,85.98,85.98,12,11,10,0.6,0.7,0.08,0.1,206.4,13.3,223,1,2,0,700,0,2,0,0.01,0,0,32.8,32.1,1.4,2.8,2067.6,0,16.83,12.7,18.9,15.8,18.7,17.8,18.3,17.3,17.3,17.6,30.6,30.2,27,35,18.0,25.0,33,33,20,0,0,0,1,4,4,0,24,24,24,38,43,39,35,35,34,44.79,44.8,44.82,62,510,5.4,0,0,0
0.39,86,85.98,85.98,85.98,12,10,11,0.52,2.7,0.08,0.11,206.4,14.2,221,1,2,0,700,0,2,0,0.01,0,0,32.9,32.1,1.4,2.8,2067.6,0,16.83,12.7,18.9,15.8,18.7,17.8,18.3,17.3,17.3,17.6,30.6,30.2,27,35,18.0,25.0,33,33,20,0,0,0,1,4,4,0,24,24,24,38,43,39,35,35,34,44.78,44.8,44.83,62,500,5.5,0,0,0
0.42,136,85.98,85.98,85.98,12,12,11,0.47,-3.2,0.09,0.16,206.4,12.9,225,1,2,0,700,0,1,0,0.01,0,0,32.8,32.1,1.4,2.9,2067.6,0,16.83,12.7,18.9,15.8,18.8,17.8,18.3,17.3,17.3,17.6,30.7,30.3,27,35,18.1,25.0,33,33,20,0,0,0,1,4,4,0,24,24,24,37,43,39,35,35,34,44.78,44.79,44.82,62,510,5.6,0,0,0
0.55,162,85.98,85.98,85.98,12,11,10,0.6,-5.1,0.08,0.17,206.5,8.5,226,1,2,0,700,0,1,0,0.01,0,0,32.9,32.1,1.4,2.8,2067.6,0,16.83,12.7,18.9,15.8,18.8,17.8,18.3,17.3,17.3,17.6,30.7,30.3,27,35,18.1,25.0,33,33,20,0,0,0,1,4,4,0,24,24,24,37,43,38,35,35,34,44.79,44.81,44.82,62,500,5.5,0,0,0
0.5,266,85.98,85.98,85.98,10,11,11,0.5,-5.2,0.09,0.14,206.1,15.9,226,1,2,0,701,0,1,0,0.01,0,0,32.8,32.2,1.4,2.8,2067.6,0,16.83,12.6,18.9,15.8,18.6,17.8,18.3,17.3,17.3,17.6,30.5,30.1,27,35,18.0,25.0,33,33,20,0,0,0,1,4,4,0,24,24,24,37,43,38,35,35,34,44.78,44.8,44.82,61,510,5.5,0,0,0
0.49,276,85.98,85.98,85.98,11,10,11,0.53,-1.3,0.08,0.16,206.2,15.9,224,1,2,0,701,0,1,0,0.01,0,0,32.9,32.1,1.4,2.8,2067.6,0,16.83,12.7,18.9,15.8,18.7,17.8,18.3,17.3,17.3,17.6,30.6,30.2,27,35,18.0,25.0,33,33,20,0,0,0,1,4,4,0,24,24,24,37,43,39,35,35,34,44.78,44.8,44.82,62,490,5.5,0,0,0
0.35,304,85.98,85.98,85.98,10,11,11,0.5,-5.5,0.1,0.23,206.5,14.4,226,1,2,0,699,0,1,0,0.01,0,0,32.8,32.1,1.4,2.8,2067.6,0,16.83,12.7,18.9,15.8,18.8,17.8,18.3,17.3,17.3,17.6,30.7,30.3,27,35,18.1,25.0,33,33,20,0,0,0,1,4,4,0,24,24,24,37,43,39,35,35,34,44.78,44.8,44.82,62,510,5.6,0,0,0
0.5,337,85.98,85.98,85.98,11,10,11,0.52,-4.4,0.09,0.14,206.4,11.9,226,1,2,0,699,0,1,0,0.01,0,0,32.9,32.1,1.4,2.8,2067.6,0,16.83,12.8,19.0,15.8,18.8,17.8,18.3,17.3,17.3,17.6,30.7,30.4,27,35,18.1,25.0,33,33,20,0,0,0,1,4,4,0,24,24,24,37,43,39,35,35,34,44.78,44.8,44.82,62,510,5.5,0,0,0
0.44,330,85.98,85.98,85.98,10,12,11,0.49,-6.4,0.09,0.19,206.4,14.2,227,1,2,0,700,0,1,0,0.01,0,0,32.9,32.1,1.4,2.9,2067.6,0,16.83,12.7,18.9,15.8,18.8,17.8,18.3,17.3,17.3,17.6,30.7,30.3,27,35,18.1,25.0,33,33,20,0,0,0,1,4,4,0,24,24,24,37,43,39,35,35,34,44.78,44.8,44.82,62,510,5.5,0,0,0
0.43,182,85.98,85.98,85.98,10,11,11,0.58,3.0,0.09,0.11,206.4,10.1,224,1,2,0,701,0,1,0,0.01,0,0,32.9,32.1,1.4,2.8,2067.6,0,16.83,12.7,18.9,15.8,18.7,17.8,18.3,17.3,17.3,17.6,30.7,30.3,27,35,18.0,25.0,33,33,20,0,0,0,1,4,4,0,24,24,24,37,43,39,35,35,34,44.78,44.8,44.82,62,500,5.5,0,0,0
0.33,252,85.98,85.98,85.98,11,10,10,0.5,0.2,0.1,0.13,206.4,13.2,223,1,2,0,701,0,1,0,0.01,0,0,32.9,32.1,1.4,2.9,2067.6,0,16.83,12.7,18.9,15.8,18.7,17.8,18.3,17.3,17.3,17.6,30.6,30.2,28,35,18.0,25.0,33,33,20,0,0,0,1,4,4,0,24,24,24,37,43,39,35,35,34,44.78,44.8,44.82,62,510,5.5,0,0,0
0.42,308,85.98,85.98,85.98,12,12,11,0.5,-0.6,0.09,0.14,206.4,14.7,223,1,2,0,700,0,1,0,0.01,0,0,32.9,32.1,1.4,2.9,2067.6,0,16.83,12.7,18.9,15.8,18.7,17.8,18.3,17.3,17.3,17.6,30.6,30.2,27,35,18.0,25.0,33,33,20,0,0,0,1,4,4,0,24,24,24,37,43,39,35,35,34,44.78,44.8,44.82,61,510,5.6,0,0,0
0.22,93,85.98,85.98,85.98,11,12,12,0.57,-2.2,0.09,0.14,206.2,8.2,224,1,2,0,700,0,1,0,0.01,0,0,32.9,32.2,1.4,2.8,2067.6,0,16.83,12.7,18.9,15.8,18.8,17.8,18.3,17.3,17.3,17.6,30.7,30.3,28,35,18.1,25.0,33,33,20,0,0,0,1,4,4,0,24,24,24,37,43,39,35,35,34,44.78,44.8,44.83,62,500,5.6,0,0,0
0.34,98,85.98,85.98,85.98,10,11,11,0.49,-1.3,0.09,0.16,206.4,14.1,223,1,2,0,701,0,1,0,0.01,0,0,33.0,32.1,1.4,2.8,2067.6,0,16.83,12.7,18.9,15.8,18.7,17.8,18.3,17.3,17.3,17.6,30.6,30.2,27,35,18.0,25.0,33,33,20,0,0,0,1,4,4,0,24,24,24,37,43,39,35,35,34,44.78,44.8,44.82,62,510,5.5,0,0,0
0.42,95,85.98,85.98,85.98,12,10,11,0.52,-2.7,0.08,0.12,206.4,13.9,226,1,2,0,700,0,1,0,0.01,0,0,32.8,32.1,1.4,2.8,2067.6,0,16.83,12.9,19.0,15.8,18.8,17.8,18.3,17.3,17.3,17.6,30.8,30.4,27,35,18.1,25.1,33,33,20,0,0,0,1,4,4,0,24,24,24,38,43,39,35,35,34,44.78,44.8,44.82,62,510,5.5,0,0,0
0.43,125,85.98,85.98,85.98,10,11,11,0.45,-2.9,0.09,0.18,206.6,9.7,226,1,2,0,700,0,1,0,0.01,0,0,32.8,32.1,1.4,2.9,2067.6,0,16.83,12.9,19.0,15.8,18.8,17.8,18.3,17.3,17.3,17.6,30.8,30.4,27,35,18.1,25.1,33,33,20,0,0,0,1,4,4,0,24,24,24,37,43,39,35,35,34,44.78,44.8,44.82,62,510,5.6,0,0,0
0.43,251,85.98,85.98,85.98,12,10,11,0.6,-3.7,0.09,0.19,206.4,12.8,225,1,2,0,699,0,1,0,0.01,0,0,32.8,32.1,1.4,2.8,2067.6,0,16.83,12.7,18.9,15.8,18.8,17.8,18.3,17.3,17.3,17.6,30.7,30.3,27,35,18.1,25.0,33,33,20,0,0,0,1,4,4,0,24,24,24,38,43,39,35,35,35,44.78,44.79,44.82,62,500,5.5,0,0,0
0.44,187,85.98,85.98,85.98,10,11,11,0.59,4.4,0.1,0.16,206.4,9.6,224,1,2,0,701,0,2,0,0.01,0,0,32.9,32.1,1.4,2.8,2067.6,0,16.83,12.7,18.9,15.8,18.7,17.8,18.3,17.3,17.3,17.6,30.7,30.3,27,35,18.0,25.0,33,33,20,0,0,0,1,4,4,0,24,24,24,37,43,39,35,35,34,44.78,44.8,44.82,61,500,5.6,0,0,0
0.33,28,85.98,85.98,85.98,11,10,10,0.47,-1.8,0.08,0.13,206.2,8.8,226,1,2,0,701,0,1,0,0.01,0,0,32.8,32.1,1.4,2.8,2067.6,0,16.83,12.6,18.9,15.8,18.6,17.8,18.3,17.3,17.3,17.6,30.5,30.1,27,35,18.0,25.0,33,33,20,0,0,0,1,4,4,0,24,24,24,37,43,39,35,35,34,44.78,44.8,44.83,61,510,5.5,0,0,0
0.44,213,85.98,85.98,85.98,12,10,11,0.48,0.3,0.08,0.14,206.2,12.6,222,1,2,0,701,0,2,0,0.01,0,0,32.9,32.1,1.4,2.8,2067.6,0,16.83,12.7,18.9,15.8,18.6,17.8,18.3,17.3,17.3,17.6,30.5,30.2,27,35,18.0,25.0,33,33,20,0,0,0,1,4,4,0,24,24,24,38,43,38,35,35,34,44.78,44.8,44.82,63,500,5.5,0,0,0
0.41,308,85.98,85.98,85.98,10,11,11,0.45,-5.1,0.1,0.21,206.2,13.6,226,1,2,0,699,0,1,0,0.01,0,0,32.9,32.1,1.4,2.8,2067.6,0,16.83,12.7,18.9,15.8,18.8,17.8,18.3,17.3,17.3,17.6,30.7,30.3,27,35,18.1,25.0,33,33,20,0,0,0,1,4,4,0,24,24,24,37,43,39,35,35,34,44.78,44.8,44.82,62,500,5.5,0,0,0
0.42,147,85.98,85.98,85.98,10,12,11,0.56,-3.7,0.08,0.13,206.4,11.2,224,1,2,0,701,0,1,0,0.01,0,0,32.9,32.2,1.4,2.9,2067.6,0,16.83,12.7,18.9,15.8,18.7,17.8,18.3,17.3,17.3,17.6,30.6,30.2,27,36,18.0,25.0,33,33,20,0,0,0,1,4,4,0,24,24,24,38,43,38,36,36,34,44.78,44.8,44.82,62,510,5.6,0,0,0
0.35,248,85.98,85.98,85.98,11,11,10,0.57,-0.3,0.08,0.16,206.4,10.8,223,1,2,0,701,0,1,0,0.01,0,0,32.9,32.1,1.4,2.9,2067.6,0,16.83,12.7,18.9,15.8,18.7,17.8,18.3,17.3,17.3,17.6,30.6,30.2,27,35,18.0,25.0,33,33,20,0,0,0,1,4,4,0,24,24,24,37,43,38,35,35,34,44.78,44.8,44.82,62,510,5.5,0,0,0
0.32,104,85.98,85.98,85.98,11,10,10,0.51,-3.8,0.09,0.14,206.2,6.5,225,1,2,0,700,0,1,0,0.01,0,0,32.9,32.1,1.4,2.9,2067.6,0,16.83,12.7,18.9,15.8,18.8,17.8,18.3,17.3,17.3,17.6,30.7,30.3,27,35,18.0,25.0,33,33,20,0,0,0,1,4,4,0,24,24,24,37,43,39,35,35,34,44.78,44.8,44.82,61,500,5.5,0,0,0
0.43,269,85.98,85.98,85.98,10,12,12,0.49,4.4,0.08,0.14,206.4,14.4,225,1,2,0,700,0,1,0,0.01,0,0,32.9,32.1,1.4,2.8,2067.6,0,16.83,12.9,19.0,15.8,18.8,17.8,18.3,17.3,17.3,17.6,30.8,30.4,27,35,18.1,25.1,33,33,20,0,0,0,1,4,4,0,24,24,24,37,43,39,35,35,34,44.78,44.8,44.82,61,510,5.6,0,0,0
0.43,116,85.98,85.98,85.98,10,12,11,0.44,-3.3,0.1,0.16,206.4,13.7,224,1,2,0,701,0,1,0,0.01,0,0,32.8,32.1,1.4,2.8,2067.6,0,16.83,12.7,18.9,15.8,18.7,17.8,18.3,17.3,17.3,17.6,30.6,30.2,27,35,18.0,25.0,33,33,20,0,0,0,1,4,4,0,24,24,24,37,43,39,35,35,34,44.78,44.8,44.82,61,510,5.5,0,0,0
0.49,270,85.98,85.98,85.98,10,12,11,0.55,-5.5,0.1,0.16,206.0,15.8,226,1,2,0,701,0,1,0,0.01,0,0,32.9,32.1,1.4,2.8,2067.6,0,16.83,12.6,18.9,15.8,18.6,17.8,18.3,17.3,17.3,17.6,30.5,30.1,27,35,18.0,25.0,33,33,20,0,0,0,1,4,4,0,24,24,24,37,43,39,35,35,34,44.78,44.8,44.82,61,500,5.6,0,0,0
0.44,33,85.98,85.98,85.98,11,12,10,0.59,3.7,0.08,0.16,206.4,11.4,224,1,2,0,700,0,2,0,0.01,0,0,32.8,32.1,1.4,2.8,2067.6,0,16.83,12.7,18.9,15.8,18.8,17.8,18.3,17.3,17.3,17.6,30.7,30.3,27,35,18.0,25.0,33,33,20,0,0,0,1,4,4,0,24,24,24,37,43,39,35,35,34,44.78,44.8,44.83,61,510,5.5,0,0,0
0.35,98,85.98,85.98,85.98,11,11,11,0.48,1.8,0.09,0.12,206.4,15.3,222,1,2,0,701,0,2,0,0.01,0,0,32.9,32.2,1.4,2.8,2067.6,0,16.83,12.7,18.9,15.8,18.7,17.8,18.3,17.3,17.3,17.6,30.6,30.2,27,35,18.0,25.0,33,33,20,0,0,0,1,4,4,0,24,24,24,37,43,38,35,35,34,44.78,44.8,44.82,62,510,5.5,0,0,0
0.38,303,85.98,85.98,85.98,11,10,11,0.48,-3.0,0.08,0.16,206.4,11.8,225,1,2,0,700,0,2,0,0.01,0,0,32.9,32.2,1.4,2.8,2067.6,0,16.83,12.9,18.9,15.8,18.8,17.8,18.3,17.3,17.3,17.6,30.7,30.4,28,35,18.1,25.0,33,33,20,0,0,0,1,4,4,0,24,24,24,37,43,39,35,35,34,44.78,44.8,44.82,62,500,5.5,0,0,0
0.41,352,85.98,85.98,85.98,11,12,10,0.54,2.6,0.08,0.13,206.1,12.3,224,1,2,0,701,0,1,0,0.01,0,0,32.9,32.2,1.4,2.8,2067.6,0,16.83,12.6,18.9,15.8,18.6,17.8,18.2,17.3,17.3,17.6,30.5,30.1,27,35,18.0,25.0,33,33,20,0,0,0,1,4,4,0,24,24,24,37,43,38,35,35,34,44.78,44.8,44.82,62,510,5.5,0,0,0
0.47,279,85.98,85.98,85.98,10,12,11,0.51,-5.6,0.09,0.16,206.2,8.9,226,1,2,0,701,0,1,0,0.01,0,0,32.9,32.1,1.4,2.9,2067.6,0,16.83,12.6,18.9,15.8,18.6,17.8,18.3,17.3,17.3,17.6,30.5,30.1,27,35,18.0,25.0,33,33,20,0,0,0,1,4,4,0,24,24,24,37,43,38,35,35,34,44.78,44.8,44.82,62,510,5.5,0,0,0
0.33,98,85.98,85.98,85.98,11,11,11,0.48,-0.4,0.09,0.14,206.4,15.6,222,1,2,0,701,0,2,0,0.01,0,0,32.9,32.2,1.4,2.8,2067.6,0,16.83,12.7,18.9,15.8,18.7,17.8,18.3,17.3,17.3,17.6,30.6,30.2,27,35,18.0,25.0,33,33,20,0,0,0,1,4,4,0,24,24,24,37,43,38,35,35,34,44.78,44.8,44.82,62,500,5.5,0,0,0
0.45,273,85.98,85.98,85.98,10,12,12,0.54,2.7,0.08,0.16,206.4,14.0,225,1,2,0,700,0,1,0,0.01,0,0,32.8,32.1,1.4,2.9,2067.6,0,16.83,12.9,19.0,15.8,18.8,17.8,18.3,17.3,17.3,17.6,30.8,30.4,27,35,18.1,25.1,33,33,20,0,0,0,1,4,4,0,24,24,24,37,43,39,35,35,34,44.78,44.8,44.83,62,510,5.5,0,0,0
0.39,174,85.98,85.98,85.98,10,12,11,0.51,0.8,0.09,0.11,206.4,9.3,223,1,2,0,701,0,2,0,0.01,0,0,32.8,32.2,1.4,2.8,2067.6,0,16.83,12.7,18.9,15.8,18.7,17.8,18.3,17.3,17.3,17.6,30.6,30.2,27,36,18.0,25.0,33,33,20,0,0,0,1,4,4,0,24,24,24,37,43,39,36,36,34,44.78,44.8,44.82,61,510,5.5,0,0,0
0.47,6,85.98,85.98,85.98,12,11,10,0.6,-6.3,0.08,0.14,206.5,11.4,228,1,2,0,700,0,2,0,0.01,0,0,32.9,32.2,1.4,2.9,2067.6,0,16.83,12.9,19.0,15.8,18.8,17.8,18.3,17.3,17.3,17.6,30.8,30.4,27,35,18.1,25.1,33,33,20,0,0,0,1,4,4,0,24,24,24,37,43,39,35,35,34,44.78,44.8,44.82,62,500,5.5,0,0,0
0.38,116,85.98,85.98,85.98,12,10,11,0.46,-2.9,0.09,0.21,206.2,14.2,227,1,2,0,700,0,1,0,0.01,0,0,32.9,32.1,1.4,2.8,2067.6,0,16.83,12.9,19.0,15.8,18.8,17.8,18.3,17.3,17.3,17.6,30.8,30.4,28,35,18.1,25.1,33,33,20,0,0,0,1,4,4,0,24,24,24,38,43,39,35,35,34,44.79,44.79,44.82,62,500,5.5,0,0,0
0.5,171,85.98,85.98,85.98,11,10,11,0.58,-9.4,0.08,0.16,206.6,8.4,232,1,2,0,700,0,2,0,0.01,0,0,32.8,32.1,1.4,2.8,2067.6,0,16.83,12.9,19.0,15.8,18.8,17.8,18.3,17.3,17.3,17.6,30.8,30.5,26,35,18.1,25.1,33,33,20,0,0,0,1,4,4,0,24,24,24,37,43,39,35,35,34,44.78,44.8,44.82,62,500,5.5,0,0,0
0.33,304,85.98,85.98,85.98,10,11,11,0.52,-5.2,0.08,0.1,206.4,12.8,226,1,2,0,699,0,1,0,0.01,0,0,32.9,32.1,1.4,2.8,2067.6,0,16.83,12.7,18.9,15.8,18.8,17.8,18.3,17.3,17.3,17.6,30.7,30.3,27,35,18.1,25.0,33,33,20,0,0,0,1,4,4,0,24,24,24,37,43,39,35,35,34,44.78,44.8,44.82,62,500,5.6,0,0,0
0.48,280,85.98,85.98,85.98,11,10,11,0.58,-1.1,0.1,0.12,206.4,14.2,224,1,2,0,701,0,2,0,0.01,0,0,33.0,32.2,1.4,2.8,2067.6,0,16.83,12.7,18.9,15.8,18.7,17.8,18.3,17.3,17.3,17.6,30.6,30.2,27,35,18.0,25.0,33,33,20,0,0,0,1,4,4,0,24,24,24,37,43,38,35,35,34,44.78,44.8,44.83,62,490,5.5,0,0,0
0.42,320,85.98,85.98,85.98,11,10,11,0.56,2.9,0.09,0.13,206.4,9.9,223,1,2,0,701,0,2,0,0.01,0,0,32.9,32.1,1.4,2.8,2067.6,0,16.83,12.7,18.9,15.8,18.7,17.8,18.3,17.3,17.3,17.6,30.6,30.2,26,35,18.0,25.0,33,33,20,0,0,0,1,4,4,0,24,24,24,37,43,39,35,35,34,44.78,44.8,44.82,61,500,5.5,0,0,0
0.43,15,85.98,85.98,85.98,10,12,11,0.51,-1.4,0.08,0.11,206.4,10.5,226,1,2,0,700,0,1,0,0.01,0,0,32.8,32.1,1.4,2.8,2067.6,0,16.83,12.7,18.9,15.8,18.8,17.8,18.3,17.3,17.3,17.6,30.7,30.3,27,35,18.0,25.0,33,33,20,0,0,0,1,4,4,0,24,24,24,37,43,39,35,35,34,44.78,44.8,44.82,62,510,5.5,0,0,0
0.43,112,85.98,85.98,85.98,10,11,11,0.43,-2.9,0.09,0.14,206.4,14.3,223,1,2,0,701,0,1,0,0.01,0,0,32.8,32.1,1.4,2.8,2067.6,0,16.83,12.7,18.9,15.8,18.7,17.8,18.3,17.3,17.3,17.6,30.6,30.2,27,35,18.0,25.0,33,33,20,0,0,0,1,4,4,0,24,24,24,37,43,38,35,35,34,44.78,44.8,44.82,62,510,5.5,0,0,0
0.47,313,85.98,85.98,85.98,12,12,10,0.49,-1.3,0.08,0.18,206.4,13.2,223,1,2,0,700,0,1,0,0.01,0,0,32.9,32.1,1.4,2.8,2067.6,0,16.83,12.7,18.9,15.8,18.7,17.8,18.3,17.3,17.3,17.6,30.6,30.2,27,35,18.0,25.0,33,33,20,0,0,0,1,4,4,0,24,24,24,37,43,39,35,35,34,44.78,44.8,44.82,62,500,5.6,0,0,0
0.44,215,85.98,85.98,85.98,10,11,11,0.56,1.9,0.1,0.13,206.4,13.3,228,1,2,0,700,0,1,0,0.01,0,0,32.7,32.1,1.4,2.8,2067.6,0,16.83,12.9,19.0,15.8,18.8,17.8,18.3,17.3,17.3,17.6,30.8,30.5,28,35,18.1,25.1,33,33,20,0,0,0,1,4,4,0,24,24,24,37,43,39,35,35,34,44.78,44.8,44.82,62,500,5.5,0,0,0
0.44,264,85.98,85.98,85.98,12,10,11,0.54,-4.4,0.09,0.18,206.2,14.7,226,1,2,0,699,0,1,0,0.01,0,0,32.8,32.1,1.4,2.8,2067.6,0,16.83,12.7,18.9,15.8,18.8,17.8,18.3,17.3,17.3,17.6,30.7,30.3,27,35,18.1,25.0,33,33,20,0,0,0,1,4,4,0,24,24,24,37,43,39,35,35,34,44.79,44.8,44.82,62,490,5.5,0,0,0
0.35,251,85.98,85.98,85.98,11,10,10,0.55,-0.8,0.09,0.14,206.2,7.5,223,1,2,0,701,0,1,0,0.01,0,0,32.9,32.2,1.4,2.8,2067.6,0,16.83,12.7,18.9,15.8,18.7,17.8,18.3,17.3,17.3,17.6,30.6,30.2,27,35,18.0,25.0,33,33,20,0,0,0,1,4,4,0,24,24,24,37,43,38,35,35,34,44.78,44.8,44.82,62,500,5.4,0,0,0
0.42,188,85.98,85.98,85.98,10,12,11,0.47,0.0,0.08,0.14,206.4,13.9,225,1,2,0,700,0,1,0,0.01,0,0,32.8,32.1,1.4,2.8,2067.6,0,16.83,12.9,19.0,15.8,18.8,17.8,18.3,17.3,17.3,17.6,30.8,30.4,27,35,18.1,25.1,33,33,20,0,0,0,1,4,4,0,24,24,24,37,43,39,35,35,34,44.78,44.8,44.82,62,510,5.6,0,0,0
0.42,38,85.98,85.98,85.98,12,10,11,0.58,8.4,0.09,0.12,206.2,6.6,221,1,2,0,701,0,1,0,0.01,0,0,32.9,32.1,1.4,2.8,2067.6,0,16.83,12.7,18.9,15.8,18.7,17.8,18.3,17.3,17.3,17.6,30.6,30.2,27,35,18.0,25.0,33,33,20,0,0,0,1,4,4,0,24,24,24,38,43,39,35,35,34,44.78,44.8,44.82,62,500,5.5,0,0,0
0.45,9,85.98,85.98,85.98,10,11,12,0.49,7.0,0.09,0.14,206.4,13.6,220,1,2,0,700,0,1,0,0.01,0,0,32.9,32.1,1.4,2.8,2067.6,0,16.83,12.7,18.9,15.8,18.7,17.8,18.3,17.3,17.3,17.6,30.6,30.2,27,35,18.0,25.0,33,33,20,0,0,0,1,4,4,0,24,24,24,37,43,39,35,35,34,44.78,44.8,44.83,61,500,5.6,0,0,0
0.48,235,85.98,85.98,85.98,10,11,12,0.6,8.8,0.11,0.14,206.4,12.1,221,1,2,0,701,0,1,0,0.01,0,0,33.0,32.2,1.4,2.8,2067.6,0,16.83,12.7,18.9,15.8,18.7,17.8,18.3,17.3,17.3,17.6,30.7,30.3,27,36,18.0,25.0,33,33,20,0,0,0,1,4,4,0,24,24,24,38,43,39,36,36,34,44.78,44.79,44.82,62,500,5.5,0,0,0
0.41,107,85.98,85.98,85.98,11,11,10,0.58,-7.4,0.09,0.14,206.5,10.4,229,1,2,0,699,0,1,0,0.01,0,0,32.8,32.1,1.4,2.8,2067.6,0,16.83,12.9,19.0,15.8,18.8,17.8,18.3,17.3,17.3,17.6,30.8,30.5,28,35,18.1,25.1,33,33,20,0,0,0,1,4,4,0,24,24,24,37,43,38,35,35,34,44.78,44.8,44.82,61,500,5.5,0,0,0
0.48,140,85.98,85.98,85.98,12,12,11,0.51,-3.7,0.09,0.13,206.3,13.5,225,1,2,0,700,0,1,0,0.01,0,0,32.9,32.1,1.4,2.8,2067.6,0,16.83,12.7,18.9,15.8,18.8,17.8,18.3,17.3,17.3,17.6,30.7,30.3,28,35,18.1,25.0,33,33,20,0,0,0,1,4,4,0,24,24,24,37,43,39,35,35,34,44.78,44.79,44.82,62,510,5.6,0,0,0
0.46,147,85.98,85.98,85.98,10,12,11,0.49,-3.4,0.08,0.14,206.4,9.1,226,1,2,0,699,0,1,0,0.01,0,0,32.9,32.2,1.4,2.8,2067.6,0,16.83,12.9,19.0,15.8,18.8,17.8,18.3,17.3,17.3,17.6,30.8,30.4,27,35,18.1,25.1,33,33,20,0,0,0,1,4,4,0,24,24,24,37,43,39,35,35,34,44.78,44.8,44.82,62,510,5.6,0,0,0
0.48,98,85.98,85.98,85.98,12,12,11,0.48,-0.8,0.08,0.14,206.4,10.7,223,1,2,0,701,0,2,0,0.01,0,0,32.9,32.2,1.4,2.9,2067.6,0,16.83,12.7,18.9,15.8,18.6,17.8,18.3,17.3,17.3,17.6,30.6,30.2,27,35,18.0,25.0,33,33,20,0,0,0,1,4,4,0,24,24,24,37,43,39,35,35,34,44.78,44.8,44.82,61,510,5.6,0,0,0
0.49,46,85.98,85.98,85.98,12,10,10,0.62,-1.1,0.09,0.12,206.4,10.6,227,1,2,0,700,0,1,0,0.01,0,0,32.8,32.1,1.4,2.9,2067.6,0,16.83,12.9,19.0,15.8,18.8,17.8,18.3,17.3,17.3,17.6,30.8,30.4,27,35,18.1,25.1,33,33,20,0,0,0,1,4,4,0,24,24,24,38,43,39,35,35,34,44.78,44.8,44.82,62,510,5.5,0,0,0
0.45,319,85.98,85.98,85.98,11,10,11,0.49,-4.6,0.09,0.14,206.5,12.3,226,1,2,0,700,0,1,0,0.01,0,0,32.9,32.1,1.4,2.8,2067.6,0,16.83,12.8,19.0,15.8,18.8,17.8,18.3,17.3,17.3,17.6,30.7,30.4,26,35,18.1,25.0,33,33,20,0,0,0,1,4,4,0,24,24,24,37,43,39,35,35,34,44.78,44.8,44.82,62,510,5.4,0,0,0
0.48,285,85.98,85.98,85.98,11,10,11,0.53,-1.1,0.08,0.14,206.1,14.1,224,1,2,0,701,0,1,0,0.01,0,0,32.8,32.1,1.4,2.8,2067.6,0,16.83,12.7,18.9,15.8,18.7,17.8,18.3,17.3,17.3,17.6,30.6,30.2,27,35,18.0,25.0,33,33,20,0,0,0,1,4,4,0,24,24,24,37,43,39,35,35,34,44.78,44.8,44.82,62,490,5.5,0,0,0
0.37,291,85.98,85.98,85.98,12,12,11,0.5,2.4,0.08,0.12,206.4,14.3,222,1,2,0,701,0,2,0,0.01,0,0,32.9,32.1,1.4,2.8,2067.6,0,16.83,12.7,18.9,15.8,18.7,17.8,18.3,17.3,17.3,17.6,30.6,30.2,27,35,18.0,25.0,33,33,20,0,0,0,1,4,4,0,24,24,24,37,43,39,35,35,34,44.78,44.8,44.83,61,510,5.5,0,0,0
0.38,314,85.98,85.98,85.98,12,12,11,0.48,-4.7,0.09,0.19,206.4,13.1,227,1,2,0,700,0,1,0,0.01,0,0,32.8,32.2,1.4,2.8,2067.6,0,16.83,12.9,19.0,15.8,18.8,17.8,18.3,17.3,17.3,17.6,30.8,30.4,29,35,18.1,25.1,33,33,20,0,0,0,1,4,4,0,24,24,24,37,43,39,35,35,34,44.78,44.79,44.82,62,510,5.5,0,0,0
0.33,28,85.98,85.98,85.98,11,10,11,0.44,-8.4,0.11,0.14,206.1,12.0,228,1,2,0,701,0,1,0,0.01,0,0,32.8,32.1,1.4,2.9,2067.6,0,16.83,12.6,18.9,15.8,18.6,17.8,18.3,17.3,17.3,17.6,30.5,30.1,27,35,18.0,25.0,33,33,20,0,0,0,1,4,4,0,24,24,24,37,43,39,35,35,34,44.78,44.8,44.82,62,510,5.4,0,0,0
0.46,237,85.98,85.98,85.98,12,10,11,0.58,-0.3,0.09,0.19,206.4,14.8,224,1,2,0,699,0,2,0,0.01,0,0,32.9,32.1,1.4,2.8,2067.6,0,16.83,12.7,18.9,15.8,18.8,17.8,18.3,17.3,17.3,17.6,30.7,30.3,27,35,18.1,25.0,33,33,20,0,0,0,1,4,4,0,24,24,24,38,43,38,35,35,34,44.78,44.8,44.83,63,500,5.5,0,0,0
0.46,355,85.98,85.98,85.98,11,10,11,0.59,-2.1,0.08,0.12,206.4,11.7,225,1,2,0,699,0,1,0,0.01,0,0,32.9,32.1,1.4,2.9,2067.6,0,16.83,12.8,18.9,15.8,18.8,17.8,18.3,17.3,17.3,17.6,30.7,30.4,27,35,18.1,25.0,33,33,20,0,0,0,1,4,4,0,24,24,24,37,43,39,35,35,34,44.78,44.8,44.83,62,510,5.5,0,0,0
0.46,253,85.98,85.98,85.98,10,12,12,0.58,2.5,0.09,0.15,206.4,7.5,222,1,2,0,701,0,1,0,0.01,0,0,32.8,32.2,1.4,2.8,2067.6,0,16.83,12.7,18.9,15.8,18.7,17.8,18.3,17.3,17.3,17.6,30.7,30.3,26,35,18.0,25.0,33,33,20,0,0,0,1,4,4,0,24,24,24,37,43,39,35,35,34,44.78,44.8,44.83,61,500,5.5,0,0,0
0.4,135,85.98,85.98,85.98,11,10,11,0.49,-11.1,0.09,0.14,206.4,8.7,231,1,2,0,699,0,1,0,0.01,0,0,32.8,32.1,1.4,2.8,2067.6,0,16.83,12.9,19.0,15.8,18.8,17.8,18.3,17.3,17.3,17.6,30.8,30.5,27,35,18.1,25.1,33,33,20,0,0,0,1,4,4,0,24,24,24,37,43,39,35,35,34,44.78,44.8,44.82,62,510,5.6,0,0,0
0.47,224,85.98,85.98,85.98,12,10,11,0.59,3.7,0.09,0.19,206.4,8.9,223,1,2,0,699,0,1,0,0.01,0,0,32.9,32.1,1.4,2.8,2067.6,0,16.83,12.7,18.9,15.8,18.8,17.8,18.3,17.3,17.3,17.6,30.7,30.3,27,35,18.1,25.0,33,33,20,0,0,0,1,4,4,0,24,24,24,38,43,39,35,35,34,44.78,44.8,44.82,63,500,5.5,0,0,0
