轮毂转速,轮毂角度,叶片1角度,叶片2角度,叶片3角度,变桨电机1电流,变桨电机2电流,变桨电机3电流,超速传感器转速检测值,5秒偏航对风平均值,x方向振动值,y方向振动值,液压制动压力,机舱气象站风速,风向绝对值,大气压力,无功功率控制状态,变频器电网侧电流,变频器电网侧电压,变频器电网侧有功功率,变频器电网侧无功功率,变频器发电机侧功率,发电机运行频率,发电机电流,发电机转矩,变频器入口温度,变频器出口温度,变频器入口压力,变频器出口压力,发电机功率限幅值,无功功率设定值,额定的轮毂转速,测风塔环境温度,发电机定子温度1,发电机定子温度2,发电机定子温度3,发电机定子温度4,发电机定子温度5,发电机定子温度6,发电机空气温度1,发电机空气温度2,主轴承温度1,主轴承温度2,轮毂温度,轮毂控制柜温度,机舱温度,机舱控制柜温度,变频器INU温度,变频器ISU温度,变频器INU RMIO温度,变桨电机1功率估算,变桨电机2功率估算,变桨电机3功率估算,风机当前状态值,轮毂当前状态值,偏航状态值,偏航要求值,叶片1电池箱温度,叶片2电池箱温度,叶片3电池箱温度,叶片1变桨电机温度,叶片2变桨电机温度,叶片3变桨电机温度,叶片1变频器箱温度,叶片2变频器箱温度,叶片3变频器箱温度,叶片1超级电容电压,叶片2超级电容电压,叶片3超级电容电压,驱动1晶闸管温度,驱动2晶闸管温度,驱动3晶闸管温度,驱动1输出扭矩,驱动2输出扭矩,驱动3输出扭矩
10.66,312,0.24,0.19,0.19,10.8,12.7,15.9,11.01,8.8,0.1,0.14,206.5,4.5,23,1,1,344,679,405,-3,430,11.16,518.9,353,29.3,29.2,0,2.7,1412.3,0,15.83,19.6,40.8,34.0,40.2,34.6,34.8,34.2,34.5,35.6,56.6,56.4,34,42,26.2,30.7,32,31,36,0,0,0,6,6,4,0,29,29,29,40,47,48,42,42,40,44.79,44.81,44.82,65,550,6.9,0,0,0
8.34,64,0.24,0.19,0.19,10.4,11.9,13.5,8.47,4.9,0.07,0.12,207.9,4.5,17,1,1,161,676,190,3,193,8.51,301.7,211,30.7,30.6,0,2.7,640.7,0,12.55,19.6,40.2,33.3,39.6,34.0,34.2,33.6,34.2,35.2,56.6,56.4,34,42,26.0,30.7,32,32,35,0,0,0,6,6,4,0,29,29,29,40,47,47,42,42,39,44.79,44.81,44.83,64,550,6.6,0,0,0
12.18,44,0.24,0.19,0.19,11.1,12.4,15.7,12.37,-6.7,-0.07,0.14,207.6,6.9,28,1,1,497,679,586,-3,611,12.54,664.2,451,30.7,31.5,0,2.7,2067.6,0,16.83,19.6,40.7,33.9,40.2,34.5,34.6,34.2,34.3,35.4,56.6,56.4,34,42,26.2,30.7,35,34,36,0,0,0,6,6,4,0,29,29,29,40,47,47,42,42,40,44.79,44.81,44.83,65,550,6.7,0,0,0
8.79,176,0.24,0.19,0.19,11.8,11.3,13.9,8.91,-12.5,0.11,0.16,207.7,4.5,32,1,1,181,677,214,-3,229,9.0,332.4,232,29.7,29.5,0,2.7,659.0,0,12.66,19.6,40.5,33.5,39.9,34.3,34.4,33.8,34.3,35.4,56.6,56.5,34,41,26.0,30.7,31,31,36,0,0,0,6,6,4,0,29,29,29,40,46,47,41,41,39,44.79,44.81,44.82,64,550,6.6,0,0,0
13.13,332,0.24,0.19,0.19,11.7,12.0,16.3,13.48,-4.0,0.11,0.18,207.7,7.3,31,1,1,657,679,774,-3,812,13.7,795.5,546,32.1,32.7,0,2.6,2067.6,0,16.83,19.7,40.6,33.7,40.1,34.4,34.5,33.9,34.2,35.2,56.5,56.4,34,42,26.1,30.7,36,35,36,0,0,0,6,6,4,0,29,29,29,40,47,48,42,42,40,44.79,44.81,44.82,65,560,6.6,0,0,0
12.78,228,0.25,0.2,0.2,11.5,12.6,17.2,13.16,3.5,-0.02,0.19,205.9,7.5,19,1,1,586,679,690,-3,725,13.28,743.7,507,29.9,30.0,0,2.7,1993.2,0,16.72,19.6,40.8,34.0,40.2,34.6,34.8,34.2,34.5,35.6,56.6,56.4,34,42,26.2,30.7,33,33,36,0,0,0,6,6,4,0,29,29,29,40,47,48,42,42,40,44.79,44.81,44.82,65,550,6.9,0,0,0
8.77,284,0.24,0.19,0.19,12.0,10.7,14.4,9.03,13.6,0.09,0.12,207.5,4.8,25,1,1,187,676,220,-2,229,9.04,340.0,238,29.7,29.7,0,2.7,659.0,0,12.66,19.6,40.4,33.4,39.8,34.2,34.4,33.7,34.3,35.4,56.6,56.4,34,41,26.0,30.7,31,31,35,0,0,0,6,6,4,0,29,29,29,40,47,47,41,41,39,44.79,44.81,44.83,65,540,6.7,0,0,0
13.58,192,0.24,0.19,0.2,11.9,12.0,16.1,13.8,-17.9,0.07,0.18,207.9,7.0,31,1,1,703,680,829,0,867,14.04,939.1,571,32.8,33.5,0,2.7,2067.6,0,16.83,19.7,40.3,33.5,39.9,34.2,34.3,33.7,34.1,35.1,56.5,56.4,34,42,26.0,30.7,37,37,36,0,0,0,6,6,4,0,29,29,29,40,47,47,42,42,40,44.79,44.81,44.82,65,560,7.0,0,0,0
11.52,180,0.24,0.19,0.19,11.8,11.8,15.5,11.77,-27.2,0.13,0.14,207.9,7.5,36,1,1,421,678,496,4,523,11.87,593.8,410,29.8,30.7,0,2.7,1768.9,0,16.38,19.6,40.8,34.1,40.4,34.6,34.7,34.3,34.4,35.5,56.6,56.4,34,42,26.2,30.7,33,33,36,0,0,0,6,6,4,0,29,29,29,40,47,47,42,42,40,44.79,44.81,44.82,65,550,6.9,0,0,0
12.5,228,0.25,0.2,0.2,12.1,12.0,17.3,13.05,-9.0,0.05,0.13,206.4,6.1,21,1,1,560,680,661,-4,689,13.05,711.8,490,30.2,30.2,0,2.7,1993.2,0,16.72,19.6,40.8,34.0,40.2,34.6,34.8,34.3,34.5,35.6,56.6,56.4,34,42,26.2,30.7,32,32,36,0,0,0,6,6,4,0,29,29,29,40,47,48,42,42,40,44.79,44.81,44.82,65,560,6.9,0,0,0
11.96,332,0.24,0.19,0.19,10.9,13.0,16.7,12.42,-8.4,0.17,0.16,207.7,6.2,29,1,1,498,679,587,-3,613,12.55,665.6,456,31.2,31.9,0,2.7,2067.6,0,16.83,19.6,40.7,33.9,40.2,34.5,34.6,34.2,34.3,35.3,56.6,56.4,34,42,26.2,30.7,35,34,36,0,0,0,6,6,4,0,29,29,29,40,47,47,42,42,40,44.79,44.81,44.83,65,560,6.7,0,0,0
12.64,304,0.25,0.2,0.2,11.1,12.6,17.5,12.95,3.1,0.09,0.18,205.9,6.8,20,1,1,561,680,662,-3,691,13.05,719.9,494,30.3,30.4,0,2.7,1993.2,0,16.72,19.6,40.8,33.9,40.2,34.6,34.8,34.3,34.5,35.6,56.6,56.4,34,42,26.2,30.7,33,33,36,0,0,0,6,6,4,0,29,29,29,40,47,48,42,42,40,44.79,44.81,44.82,65,550,6.9,0,0,0
12.39,184,0.24,0.19,0.19,12.2,11.8,16.4,12.74,-8.9,0.04,0.14,207.8,8.0,28,1,1,516,679,608,0,635,12.78,673.1,461,30.5,31.2,0,2.7,1959.1,0,16.67,19.6,40.8,33.9,40.2,34.5,34.7,34.1,34.4,35.4,56.5,56.4,34,42,26.2,30.7,34,34,36,0,0,0,6,6,4,0,29,29,29,40,47,47,42,42,40,44.79,44.81,44.82,65,560,6.8,0,0,0
13.63,52,0.24,0.19,0.2,11.7,12.6,17.5,13.9,-21.3,0.09,0.19,208.0,7.9,31,1,1,693,679,817,-3,862,14.03,936.8,568,33.4,33.7,0,2.7,2067.6,0,16.83,19.7,40.3,33.5,39.9,34.2,34.3,33.7,34.1,35.1,56.5,56.4,35,42,26.0,30.7,37,37,36,0,0,0,6,6,4,0,29,29,29,40,47,47,42,42,40,44.79,44.8,44.82,65,550,7.0,0,0,0
13.79,124,0.24,0.19,0.2,11.9,13.0,17.7,14.31,-4.0,0.17,0.21,207.6,7.9,27,1,1,751,681,887,2,927,14.41,928.2,600,33.5,33.5,0,2.7,2067.6,0,16.83,19.7,40.2,33.4,39.8,34.1,34.3,33.7,34.0,35.1,56.5,56.4,34,42,26.0,30.7,37,36,36,0,0,0,6,6,4,0,29,29,29,40,47,47,42,42,40,44.79,44.81,44.82,66,560,6.9,0,0,0
8.66,208,0.24,0.19,0.19,10.5,10.9,14.4,8.88,23.8,0.08,0.16,208.2,5.2,14,1,1,179,676,211,-3,217,8.96,327.6,230,30.3,30.0,0,2.6,660.0,0,12.67,19.6,40.4,33.5,39.8,34.2,34.3,33.7,34.3,35.4,56.6,56.5,34,42,26.0,30.7,31,31,35,0,0,0,6,6,4,0,28,29,29,39,47,47,42,42,39,44.79,44.81,44.82,64,540,6.6,0,0,0
13.11,292,0.25,0.2,0.2,11.6,12.7,17.5,13.37,18.6,0.04,0.19,206.0,6.4,13,1,1,619,680,730,-4,767,13.49,775.6,529,31.7,31.8,0,2.6,2067.6,0,16.83,19.6,40.9,34.1,40.4,34.8,34.9,34.5,34.6,35.7,56.6,56.4,35,42,26.2,30.7,35,35,36,0,0,0,6,6,4,0,29,29,29,40,47,48,42,42,40,44.79,44.81,44.82,65,560,7.0,0,0,0
11.85,284,0.25,0.2,0.2,10.8,12.5,15.6,12.02,-13.9,0.07,0.18,205.8,5.2,18,1,1,464,679,547,2,570,12.2,631.6,430,31.6,31.6,0,2.6,2067.6,0,16.83,19.6,40.9,34.1,40.4,34.8,34.9,34.5,34.7,35.8,56.6,56.4,34,42,26.2,30.7,35,35,36,0,0,0,6,6,4,0,29,29,29,40,47,48,42,42,40,44.79,44.81,44.82,65,550,7.0,0,0,0
13.06,188,0.24,0.19,0.19,11.6,12.0,15.9,13.23,5.7,0.16,0.16,208.2,7.8,24,1,1,623,679,734,4,767,13.49,785.7,531,31.1,31.8,0,2.6,2067.6,0,16.83,19.7,40.7,33.8,40.2,34.4,34.6,34.0,34.3,35.3,56.5,56.4,34,42,26.1,30.7,35,35,36,0,0,0,6,6,4,0,29,29,29,40,47,48,42,42,40,44.79,44.81,44.82,66,550,6.5,0,0,0
12.61,224,0.25,0.2,0.2,11.1,12.6,15.9,12.78,6.0,0.03,0.14,205.9,6.8,18,1,1,535,679,631,-2,659,12.96,688.3,476,31.0,31.0,0,2.6,2067.6,0,16.83,19.6,40.8,34.0,40.3,34.7,34.8,34.2,34.5,35.7,56.6,56.4,33,42,26.2,30.7,34,33,36,0,0,0,6,6,4,0,29,29,29,40,47,48,42,42,40,44.79,44.81,44.82,65,550,6.9,0,0,0
10.65,24,0.24,0.19,0.19,12.0,11.1,15.8,10.84,7.1,0.08,0.1,207.1,5.1,27,1,1,336,679,396,2,415,10.98,503.1,348,29.1,29.7,0,2.6,1647.2,0,16.2,19.6,40.8,34.0,40.3,34.7,34.8,34.3,34.5,35.6,56.6,56.4,34,42,26.2,30.7,32,31,36,0,0,0,6,6,4,0,29,29,29,40,47,48,42,42,40,44.79,44.81,44.82,65,550,6.9,0,0,0
12.28,156,0.25,0.2,0.2,11.4,12.0,15.6,12.41,-7.4,0.11,0.14,206.8,8.3,20,1,1,516,680,608,-1,638,12.68,675.2,466,29.7,29.8,0,2.7,1993.2,0,16.72,19.6,40.8,34.0,40.2,34.6,34.8,34.2,34.5,35.6,56.6,56.4,34,42,26.2,30.7,32,32,36,0,0,0,6,6,4,0,29,29,29,40,47,48,42,42,40,44.79,44.81,44.82,65,550,6.9,0,0,0
8.52,316,0.24,0.19,0.19,11.8,10.6,14.3,8.6,1.6,0.13,0.16,207.8,4.5,15,1,1,164,676,193,1,198,8.55,305.4,212,30.2,30.0,0,2.6,657.0,0,12.65,19.6,40.3,33.4,39.7,34.1,34.3,33.6,34.3,35.3,56.6,56.5,34,41,26.0,30.7,32,32,35,0,0,0,6,6,4,0,29,29,29,40,47,47,41,41,39,44.8,44.81,44.83,63,560,6.7,0,0,0
10.72,312,0.24,0.19,0.19,11.9,10.9,15.4,10.96,0.5,0.14,0.14,207.4,5.4,30,1,1,345,679,407,1,430,11.12,523.7,357,28.8,29.4,0,2.7,1647.2,0,16.2,19.6,40.8,34.1,40.3,34.7,34.8,34.3,34.5,35.5,56.6,56.4,34,42,26.2,30.7,32,31,36,0,0,0,6,6,4,0,29,29,29,40,47,48,42,42,40,44.79,44.81,44.82,64,540,6.9,0,0,0
12.81,204,0.25,0.19,0.19,11.8,12.0,16.0,13.01,-26.1,0.11,0.1,207.7,6.9,29,1,1,590,679,696,1,732,13.27,737.6,506,32.7,32.8,0,2.6,2067.6,0,16.83,19.7,40.1,33.3,39.6,34.0,34.2,33.5,34.0,35.1,56.5,56.4,34,42,26.0,30.7,36,36,36,0,0,0,6,6,4,0,29,29,29,40,47,47,42,42,39,44.79,44.81,44.82,65,550,6.9,0,0,0
12.42,284,0.4,0.32,0.32,11.6,11.5,13.1,13.21,2.3,0.03,0.19,207.8,7.1,28,1,1,603,679,710,2,741,13.35,758.3,519,32.3,32.3,0,2.6,2018.0,0,16.76,19.6,40.0,33.1,39.4,33.8,34.0,33.4,34.0,35.0,56.5,56.4,34,41,26.0,30.7,35,35,35,0,0,0,6,6,4,0,29,29,29,40,47,47,41,41,39,44.79,44.81,44.82,65,550,6.6,0,0,0
13.57,264,0.24,0.19,0.2,12.0,12.2,16.5,13.92,-15.8,0.11,0.16,207.8,7.3,31,1,1,700,679,826,-5,858,14.01,940.6,571,32.6,33.1,0,2.6,2067.6,0,16.83,19.7,40.3,33.5,39.8,34.2,34.3,33.7,34.1,35.1,56.5,56.4,34,42,26.0,30.7,37,37,36,0,0,0,6,6,4,0,29,29,29,40,47,47,42,42,40,44.79,44.81,44.82,65,550,6.9,0,0,0
11.16,168,0.24,0.19,0.19,10.8,11.1,15.6,11.27,-3.6,0.19,0.19,189.4,6.2,33,1,1,386,679,456,-3,478,11.49,560.2,382,29.4,30.2,0,2.6,1647.2,0,16.2,19.6,40.8,34.1,40.4,34.7,34.8,34.4,34.5,35.6,56.6,56.4,34,42,26.2,30.7,32,32,36,0,0,0,6,6,4,0,29,29,29,40,47,48,42,42,40,44.79,44.81,44.82,64,560,6.9,0,0,0
11.92,144,0.25,0.2,0.2,12.1,12.0,16.1,12.38,2.6,0.06,0.14,205.8,4.3,14,1,1,489,679,576,-3,612,12.48,664.2,450,32.0,31.9,0,2.6,2067.6,0,16.83,19.6,40.9,34.2,40.5,34.8,34.9,34.6,34.7,35.7,56.6,56.4,34,42,26.2,30.7,35,35,36,0,0,0,6,6,4,0,29,29,29,40,47,48,42,42,40,44.79,44.81,44.82,65,550,7.0,0,0,0
13.32,224,0.25,0.2,0.2,12.0,12.5,17.5,13.68,16.5,0.16,0.18,206.0,4.9,16,1,1,668,680,788,5,824,13.76,808.8,553,31.5,31.6,0,2.7,2067.6,0,16.83,19.6,40.9,34.1,40.3,34.7,34.9,34.4,34.6,35.7,56.6,56.4,34,42,26.2,30.7,35,35,36,0,0,0,6,6,4,0,29,29,29,40,47,48,42,42,40,44.79,44.81,44.82,65,550,7.0,0,0,0
8.2,204,0.24,0.2,0.2,10.9,10.5,14.6,8.38,7.5,0.09,0.14,207.7,3.6,19,1,1,153,675,180,-3,193,8.58,302.7,213,31.6,31.4,0,2.7,503.7,0,11.58,19.6,40.1,33.1,39.5,33.9,34.0,33.5,34.1,35.1,56.6,56.4,34,41,26.0,30.7,33,33,35,0,0,0,6,6,4,0,29,29,29,40,47,47,41,41,39,44.79,44.81,44.83,63,550,6.6,0,0,0
11.87,112,0.24,0.19,0.19,12.4,11.5,15.8,12.15,-14.5,0.06,0.16,207.6,6.5,32,1,1,465,679,548,-3,581,12.26,643.6,439,30.6,31.1,0,2.7,1959.1,0,16.67,19.6,40.8,34.0,40.3,34.6,34.7,34.3,34.4,35.4,56.5,56.4,33,42,26.2,30.7,34,33,36,0,0,0,6,6,4,0,29,29,29,40,47,47,42,42,40,44.78,44.81,44.83,65,560,6.9,0,0,0
12.15,188,0.24,0.19,0.19,12.2,11.6,16.4,12.45,-5.8,0.08,0.14,207.4,6.2,28,1,1,495,679,583,-5,614,12.51,660.1,450,30.8,31.5,0,2.7,2067.6,0,16.83,19.6,40.7,33.9,40.3,34.5,34.6,34.2,34.3,35.4,56.6,56.4,34,42,26.2,30.7,34,34,36,0,0,0,6,6,4,0,29,29,29,40,47,47,42,42,40,44.79,44.81,44.82,65,550,6.7,0,0,0
8.72,212,0.24,0.19,0.19,11.9,11.0,13.9,8.88,12.4,-0.02,0.1,207.8,4.1,12,1,1,180,676,211,-2,214,8.92,332.1,230,30.2,30.2,0,2.7,660.0,0,12.67,19.6,40.3,33.3,39.7,34.2,34.3,33.7,34.3,35.4,56.6,56.5,34,42,26.0,30.7,31,31,35,0,0,0,6,6,4,0,29,29,29,40,47,47,42,42,39,44.79,44.81,44.82,64,560,6.7,0,0,0
12.91,148,0.25,0.2,0.2,12.1,12.4,17.0,13.29,23.2,0.0,0.14,206.1,6.6,12,1,1,603,680,711,0,751,13.34,764.3,515,31.7,31.7,0,2.7,2067.6,0,16.83,19.6,40.9,34.1,40.4,34.8,34.9,34.5,34.7,35.7,56.6,56.4,34,42,26.2,30.7,35,35,36,0,0,0,6,6,4,0,29,29,29,40,47,48,42,42,40,44.79,44.81,44.82,65,560,7.0,0,0,0
12.39,68,0.85,0.82,0.8,15.1,15.6,16.1,12.49,-17.0,0.09,0.21,208.3,7.4,28,1,1,636,679,750,2,777,12.7,814.1,573,32.4,32.3,0,2.7,1577.1,0,16.09,19.6,39.9,33.2,39.4,33.8,33.9,33.5,34.0,35.1,56.5,56.4,34,41,26.0,30.7,34,34,36,0,0,0,6,6,4,0,29,29,29,40,47,47,41,41,39,44.79,44.81,44.82,65,550,6.7,0,0,0
11.54,248,0.24,0.19,0.19,11.2,12.5,15.6,11.78,-27.4,0.01,0.14,207.8,6.8,36,1,1,426,678,502,4,532,11.9,598.3,410,30.2,31.0,0,2.7,1768.9,0,16.38,19.6,40.8,34.1,40.3,34.6,34.7,34.2,34.4,35.5,56.6,56.4,34,42,26.2,30.7,33,33,36,0,0,0,6,6,4,0,29,29,29,40,47,47,42,42,40,44.79,44.81,44.82,65,550,6.9,0,0,0
13.27,336,0.24,0.19,0.19,12.2,12.5,17.0,13.6,9.4,0.01,0.11,207.4,7.7,26,1,1,646,680,761,-7,807,13.71,804.5,542,31.4,32.2,0,2.6,2067.6,0,16.83,19.7,40.6,33.7,40.0,34.4,34.5,33.9,34.2,35.2,56.5,56.4,34,42,26.1,30.7,36,35,36,0,0,0,6,6,4,0,29,29,29,40,47,48,42,42,40,44.79,44.81,44.83,65,550,6.5,0,0,0
12.67,232,0.25,0.2,0.2,12.0,12.1,16.8,12.99,1.3,0.11,0.06,206.0,7.3,20,1,1,562,680,664,-5,692,13.06,722.3,490,29.7,29.8,0,2.7,1993.2,0,16.72,19.6,40.8,33.9,40.2,34.6,34.8,34.3,34.5,35.6,56.6,56.4,35,42,26.2,30.7,33,33,36,0,0,0,6,6,4,0,29,29,29,40,47,48,42,42,40,44.79,44.81,44.82,65,550,6.9,0,0,0
12.83,52,0.24,0.19,0.2,11.3,12.2,15.7,13.02,-16.9,0.09,0.1,207.9,5.1,33,1,1,591,679,697,3,720,13.23,749.4,506,32.1,33.0,0,2.6,2067.6,0,16.83,19.7,40.4,33.6,39.9,34.3,34.4,33.9,34.1,35.1,56.5,56.3,34,42,26.0,30.7,37,36,36,0,0,0,6,6,4,0,29,29,29,40,47,47,42,42,39,44.79,44.81,44.82,65,550,6.9,0,0,0
8.24,244,0.24,0.19,0.19,10.9,10.5,15.2,8.51,5.5,0.07,0.11,207.6,5.0,17,1,1,166,676,195,-4,205,8.63,308.7,216,30.7,30.5,0,2.6,640.7,0,12.55,19.6,40.2,33.3,39.6,34.0,34.2,33.5,34.2,35.2,56.6,56.4,34,41,26.0,30.7,32,32,35,0,0,0,6,6,4,0,29,29,29,40,47,47,41,41,39,44.79,44.81,44.82,63,550,6.6,0,0,0
13.1,124,0.24,0.19,0.2,11.6,11.8,15.6,13.32,-9.2,0.04,0.19,207.9,5.3,31,1,1,623,680,735,-1,770,13.53,778.4,528,32.6,33.5,0,2.6,2067.6,0,16.83,19.7,40.4,33.6,39.8,34.3,34.4,33.8,34.1,35.1,56.5,56.4,34,42,26.0,30.7,37,36,36,0,0,0,6,6,4,0,29,29,29,40,47,47,42,42,40,44.79,44.81,44.82,65,550,6.9,0,0,0
12.09,216,0.25,0.2,0.2,11.1,12.7,16.6,12.31,2.7,0.09,0.19,205.9,5.3,14,1,1,480,679,566,-3,598,12.45,657.6,450,31.5,31.4,0,2.7,2067.6,0,16.83,19.6,40.9,34.2,40.5,34.8,34.9,34.5,34.7,35.7,56.6,56.4,34,42,26.2,30.7,35,35,36,0,0,0,6,6,4,0,29,29,29,40,47,48,42,42,40,44.79,44.81,44.82,65,550,7.0,0,0,0
11.55,316,0.24,0.19,0.19,10.8,12.8,16.1,11.95,-17.3,0.09,0.14,207.7,7.8,36,1,1,446,679,525,0,556,12.06,619.8,423,29.8,30.5,0,2.7,1712.1,0,16.3,19.6,40.8,34.0,40.4,34.6,34.8,34.2,34.4,35.5,56.6,56.4,34,42,26.2,30.7,33,32,36,0,0,0,6,6,4,0,29,29,29,40,47,47,42,42,40,44.79,44.81,44.82,65,550,6.9,0,0,0
12.73,228,0.25,0.2,0.2,11.3,12.5,16.7,12.96,-3.0,0.0,0.14,206.1,6.2,20,1,1,568,680,670,-4,701,13.07,734.4,497,30.2,30.3,0,2.7,2021.1,0,16.76,19.6,40.8,34.0,40.2,34.6,34.8,34.2,34.5,35.6,56.6,56.4,34,42,26.2,30.7,33,33,36,0,0,0,6,6,4,0,29,29,29,40,47,48,42,42,40,44.79,44.81,44.82,65,550,6.9,0,0,0
8.85,0,0.24,0.19,0.19,11.3,10.5,15.0,8.92,-1.1,0.09,0.16,207.8,4.8,30,1,1,184,676,217,-3,224,9.07,339.1,238,29.3,29.3,0,2.7,659.0,0,12.66,19.6,40.5,33.5,39.8,34.2,34.4,33.7,34.3,35.4,56.6,56.5,33,42,26.0,30.7,31,31,35,0,0,0,6,6,4,0,29,29,29,40,47,47,42,42,39,44.79,44.81,44.82,64,550,6.6,0,0,0
10.84,160,0.24,0.19,0.19,11.9,11.6,15.7,11.1,10.2,0.03,0.14,206.6,5.4,24,1,1,350,679,413,-2,432,11.18,527.6,354,29.5,29.5,0,2.7,1412.3,0,15.83,19.6,40.8,33.9,40.3,34.6,34.8,34.1,34.5,35.6,56.6,56.4,34,42,26.2,30.7,31,31,36,0,0,0,6,6,4,0,29,29,29,40,47,48,42,42,40,44.79,44.81,44.82,65,550,6.9,0,0,0
12.96,200,0.25,0.19,0.19,11.6,11.8,15.6,13.06,-17.1,0.08,0.16,208.0,7.4,25,1,1,605,679,713,-2,752,13.37,770.4,519,32.5,32.5,0,2.6,2067.6,0,16.83,19.7,40.1,33.2,39.6,34.0,34.1,33.5,34.0,35.1,56.5,56.3,33,42,26.0,30.7,36,36,36,0,0,0,6,6,4,0,29,29,29,40,47,47,42,42,40,44.8,44.81,44.82,65,560,6.9,0,0,0
8.41,248,0.24,0.19,0.19,11.1,12.0,13.7,8.85,13.7,0.22,0.19,207.9,5.0,12,1,1,184,676,216,-1,224,8.93,328.6,228,30.0,29.8,0,2.7,660.0,0,12.67,19.6,40.3,33.3,39.7,34.2,34.3,33.7,34.3,35.4,56.6,56.5,34,42,26.0,30.7,31,32,35,0,0,0,6,6,4,0,29,29,29,40,47,47,42,42,39,44.79,44.81,44.82,64,560,6.7,0,0,0
8.69,140,0.24,0.19,0.19,11.0,10.6,15.0,8.75,10.7,0.11,0.13,208.0,5.0,12,1,1,188,676,221,-2,231,8.99,333.4,232,30.3,30.3,0,2.7,660.0,0,12.67,19.6,40.3,33.3,39.8,34.2,34.3,33.7,34.3,35.4,56.6,56.5,33,42,26.0,30.7,31,31,35,0,0,0,6,6,4,0,29,29,29,40,47,47,42,42,39,44.79,44.81,44.82,65,550,6.7,0,0,0
7.88,316,0.24,0.19,0.19,10.7,10.4,14.9,7.91,4.4,0.09,0.18,207.8,4.5,16,1,1,130,675,153,4,161,8.14,271.5,190,31.4,31.2,0,2.7,663.1,0,12.69,19.6,40.1,33.2,39.5,34.0,34.1,33.5,34.2,35.2,56.6,56.4,34,41,26.0,30.7,32,33,35,0,0,0,6,6,4,0,29,29,29,40,47,47,41,41,39,44.79,44.81,44.82,65,550,6.6,0,0,0
13.37,336,0.24,0.19,0.19,11.7,12.2,16.3,13.54,0.9,0.11,0.14,207.8,7.6,29,1,1,668,679,787,-3,828,13.81,812.6,553,31.6,32.7,0,2.6,2067.6,0,16.83,19.7,40.6,33.7,40.1,34.4,34.5,34.0,34.2,35.2,56.5,56.3,34,42,26.1,30.7,36,35,36,0,0,0,6,6,4,0,29,29,29,40,47,48,42,42,40,44.79,44.81,44.83,65,550,6.6,0,0,0
12.82,8,0.25,0.2,0.2,11.7,12.1,16.4,13.05,8.6,0.09,0.16,206.1,7.1,17,1,1,572,680,675,-3,706,13.18,720.3,497,31.0,31.1,0,2.7,2067.6,0,16.83,19.6,40.8,34.1,40.3,34.7,34.9,34.2,34.5,35.7,56.6,56.4,34,42,26.2,30.7,34,33,35,0,0,0,6,6,4,0,29,29,29,40,47,48,42,42,40,44.79,44.81,44.82,65,550,6.9,0,0,0
9.76,144,0.24,0.2,0.2,11.3,10.9,15.0,9.93,-8.4,0.09,0.11,208.0,7.8,22,1,1,243,676,285,-2,298,10.04,388.8,281,31.9,31.5,0,2.7,565.6,0,12.04,19.6,40.0,33.1,39.4,33.8,33.9,33.5,34.1,35.1,56.6,56.4,34,42,26.0,30.7,33,33,35,0,0,0,6,6,4,0,29,29,29,40,47,47,42,42,39,44.79,44.81,44.82,65,550,6.6,0,0,0
11.54,100,0.24,0.19,0.19,11.6,11.1,15.6,11.78,-17.8,0.09,0.13,207.9,7.0,36,1,1,448,679,528,3,546,12.1,616.3,423,29.5,30.4,0,2.7,1712.1,0,16.3,19.6,40.8,34.0,40.3,34.6,34.8,34.2,34.4,35.5,56.5,56.4,34,42,26.2,30.7,33,32,36,0,0,0,6,6,4,0,29,29,29,40,47,47,42,42,40,44.79,44.81,44.82,64,560,6.9,0,0,0
11.64,208,0.24,0.2,0.2,11.8,11.4,15.1,11.75,-12.2,0.05,0.06,208.1,8.1,25,1,1,438,677,515,-3,537,12.12,589.6,415,31.7,31.5,0,2.7,565.6,0,12.04,19.6,39.9,33.1,39.4,33.8,34.0,33.4,34.0,35.1,56.6,56.4,34,41,26.0,30.7,33,33,35,0,0,0,6,6,4,0,29,29,29,40,47,47,41,41,39,44.79,44.81,44.82,65,550,6.7,0,0,0
13.62,340,0.24,0.19,0.2,12.0,12.7,17.1,14.0,-19.7,0.02,0.16,208.0,7.8,31,1,1,692,679,816,-2,854,14.02,937.2,570,32.8,33.1,0,2.6,2067.6,0,16.83,19.7,40.3,33.5,39.8,34.2,34.3,33.7,34.1,35.1,56.5,56.4,34,42,26.0,30.7,37,37,36,0,0,0,6,6,4,0,29,29,29,40,47,47,42,42,40,44.79,44.8,44.82,66,560,6.9,0,0,0
12.52,108,0.24,0.19,0.19,12.0,11.4,16.0,12.74,-19.6,0.14,0.14,208.1,8.2,30,1,1,547,679,644,1,671,12.95,705.6,480,30.9,31.6,0,2.7,1959.1,0,16.67,19.6,40.8,34.0,40.3,34.6,34.7,34.3,34.4,35.4,56.6,56.4,34,42,26.2,30.7,34,34,36,0,0,0,6,6,4,0,29,29,29,40,47,47,42,42,40,44.79,44.81,44.82,65,550,6.9,0,0,0
11.56,104,0.24,0.19,0.19,11.1,11.2,15.4,11.67,-26.1,0.12,0.12,27.2,6.6,39,1,1,429,678,505,3,521,11.9,604.7,413,30.0,30.6,0,2.7,1500.0,0,15.98,19.6,40.8,34.1,40.4,34.6,34.8,34.3,34.4,35.5,56.6,56.4,34,42,26.2,30.7,33,32,36,0,0,0,6,6,4,2,29,29,29,40,47,47,42,42,40,44.79,44.81,44.82,65,550,6.9,0,0,0
11.05,308,0.24,0.19,0.19,12.1,11.4,15.7,11.3,-5.6,0.18,0.14,208.6,6.9,33,1,1,377,679,444,-2,471,11.41,553.6,377,28.8,29.5,0,2.6,1647.2,0,16.2,19.6,40.8,34.1,40.4,34.7,34.8,34.4,34.5,35.6,56.6,56.4,33,42,26.2,30.7,32,32,36,0,0,0,6,6,4,0,29,29,29,40,47,48,42,42,40,44.79,44.81,44.82,65,550,6.9,0,0,0
12.43,300,0.25,0.2,0.2,11.6,12.2,17.3,12.64,-5.4,0.16,0.07,206.5,9.2,20,1,1,509,680,601,-5,637,12.79,675.0,460,29.8,29.8,0,2.7,1993.2,0,16.72,19.6,40.8,34.1,40.2,34.6,34.8,34.2,34.5,35.6,56.6,56.4,34,42,26.2,30.7,32,32,36,0,0,0,6,6,4,0,29,29,29,40,47,48,42,42,40,44.79,44.81,44.82,65,550,6.9,0,0,0
11.29,100,0.24,0.19,0.19,10.7,12.0,15.3,11.62,-0.6,-0.02,0.12,132.5,6.5,37,1,1,423,679,499,0,517,11.87,595.1,407,29.1,29.7,0,2.7,1500.0,0,15.98,19.6,40.8,34.1,40.5,34.6,34.9,34.1,34.5,35.5,56.6,56.4,34,42,26.2,30.7,32,32,36,0,0,0,6,6,4,0,29,29,29,40,47,47,42,42,40,44.79,44.81,44.82,65,550,6.9,0,0,0
8.3,348,0.24,0.2,0.2,10.6,12.1,13.5,8.68,-0.2,0.14,0.16,207.6,3.1,20,1,1,164,675,193,0,202,8.65,300.6,213,31.4,31.3,0,2.7,503.7,0,11.58,19.6,40.0,33.2,39.5,33.8,34.0,33.5,34.1,35.1,56.6,56.4,34,41,26.0,30.7,33,33,35,0,0,0,6,6,4,0,29,29,29,40,47,47,41,41,39,44.79,44.81,44.82,64,540,6.6,0,0,0
11.99,104,0.24,0.19,0.19,12.1,11.4,16.1,12.48,-13.8,0.09,0.14,208.1,6.5,32,1,1,498,679,587,-5,617,12.54,672.3,455,30.2,31.0,0,2.7,1959.1,0,16.67,19.7,40.8,33.9,40.2,34.6,34.7,34.2,34.4,35.4,56.6,56.4,34,42,26.2,30.7,34,33,36,0,0,0,6,6,4,0,29,29,29,40,47,47,42,42,40,44.79,44.81,44.82,65,550,6.9,0,0,0
8.39,60,0.24,0.19,0.2,10.4,10.9,14.4,8.66,1.5,0.09,0.19,207.8,4.5,20,1,1,163,675,192,-5,205,8.8,308.8,221,31.7,31.4,0,2.7,503.7,0,11.58,19.6,40.0,33.2,39.5,33.8,34.0,33.5,34.1,35.1,56.6,56.4,35,42,26.0,30.7,33,33,35,0,0,0,6,6,4,0,29,29,29,39,47,47,42,42,39,44.79,44.81,44.82,64,550,6.6,0,0,0
12.03,328,0.24,0.19,0.19,10.9,12.4,15.6,12.18,-13.0,0.04,0.14,207.4,6.8,32,1,1,472,679,556,-4,589,12.36,655.5,438,30.2,30.8,0,2.6,1959.1,0,16.67,19.6,40.8,34.0,40.3,34.6,34.7,34.2,34.4,35.4,56.5,56.4,34,42,26.2,30.7,34,33,36,0,0,0,6,6,4,0,29,29,29,40,47,47,42,42,40,44.79,44.81,44.82,65,550,6.9,0,0,0
11.5,244,0.24,0.19,0.19,12.0,11.6,16.1,11.83,-31.0,0.11,0.12,27.1,7.1,42,1,1,415,678,489,-2,511,11.85,582.9,400,29.8,30.4,0,2.6,1500.0,0,15.98,19.6,40.8,34.0,40.3,34.6,34.8,34.2,34.5,35.5,56.6,56.4,34,42,26.2,30.7,32,32,36,0,0,0,6,6,4,2,29,29,29,40,47,47,42,42,40,44.79,44.81,44.82,65,550,6.9,0,0,0
8.64,172,0.24,0.19,0.19,10.5,12.4,13.8,8.8,18.3,0.12,0.13,207.8,5.6,14,1,1,177,676,208,-5,223,8.98,329.4,229,30.0,29.8,0,2.7,660.0,0,12.67,19.6,40.4,33.5,39.8,34.2,34.3,33.7,34.3,35.4,56.6,56.5,34,42,26.0,30.7,31,31,35,0,0,0,6,6,4,0,28,29,29,40,47,47,42,42,39,44.79,44.81,44.82,64,550,6.7,0,0,0
12.16,40,0.24,0.19,0.19,11.1,12.0,16.0,12.38,-3.6,0.1,0.16,207.9,6.5,28,1,1,497,679,585,-3,612,12.54,659.0,452,30.7,31.6,0,2.7,2067.6,0,16.83,19.6,40.7,33.8,40.3,34.5,34.7,34.2,34.3,35.4,56.5,56.4,34,42,26.2,30.7,34,34,36,0,0,0,6,6,4,0,29,29,29,40,47,47,42,42,40,44.79,44.81,44.82,65,550,6.8,0,0,0
8.15,352,0.24,0.19,0.19,10.4,12.0,13.5,8.32,-2.8,0.06,0.14,208.0,4.5,17,1,1,150,676,177,-2,184,8.37,288.6,203,30.7,30.5,0,2.7,657.0,0,12.65,19.6,40.2,33.3,39.6,34.1,34.2,33.6,34.3,35.3,56.6,56.4,34,42,26.0,30.7,32,32,35,0,0,0,6,6,4,0,29,29,29,40,47,47,42,42,40,44.79,44.81,44.82,65,550,6.6,0,0,0
10.7,168,0.24,0.19,0.19,10.6,12.5,15.4,10.86,4.4,0.04,0.14,207.1,4.0,29,1,1,341,679,402,-2,423,11.01,512.8,350,28.8,29.4,0,2.7,1647.2,0,16.2,19.6,40.8,34.1,40.3,34.7,34.8,34.3,34.5,35.6,56.6,56.4,34,42,26.2,30.7,32,31,36,0,0,0,6,6,4,0,29,29,29,40,47,48,42,42,40,44.79,44.81,44.82,65,550,6.8,0,0,0
8.28,136,0.24,0.19,0.19,10.4,10.8,14.5,8.36,-5.7,0.08,0.14,207.9,4.4,17,1,1,147,676,173,-2,184,8.47,298.2,206,30.5,30.3,0,2.7,657.0,0,12.65,19.6,40.2,33.5,39.7,34.2,34.2,33.7,34.3,35.3,56.6,56.4,34,42,26.0,30.7,32,32,35,0,0,0,6,6,4,0,29,29,29,39,47,47,42,42,39,44.79,44.81,44.82,64,550,6.7,0,0,0
12.98,128,0.25,0.19,0.19,11.6,12.5,16.9,13.27,-15.6,0.16,0.05,208.3,7.9,25,1,1,626,679,738,-2,767,13.42,783.2,530,33.1,33.1,0,2.7,2067.6,0,16.83,19.7,40.1,33.2,39.6,34.0,34.1,33.6,34.0,35.1,56.5,56.3,34,42,26.0,30.7,36,36,36,0,0,0,6,6,4,0,29,29,29,40,47,47,42,42,39,44.8,44.81,44.82,65,560,6.8,0,0,0
12.29,80,0.25,0.2,0.2,12.0,11.9,16.8,12.71,0.4,0.12,0.14,206.0,5.8,19,1,1,532,679,627,-3,652,12.85,689.7,471,30.4,30.6,0,2.6,2067.6,0,16.83,19.6,40.8,34.0,40.3,34.7,34.8,34.3,34.5,35.7,56.6,56.4,34,42,26.2,30.7,34,33,36,0,0,0,6,6,4,0,29,29,29,40,47,48,42,42,40,44.79,44.81,44.82,65,550,6.9,0,0,0
12.97,120,0.24,0.19,0.19,11.8,11.8,16.2,13.14,-12.3,0.16,0.1,207.4,6.9,33,1,1,591,679,697,4,734,13.35,748.2,512,32.1,32.8,0,2.7,2067.6,0,16.83,19.7,40.5,33.6,40.0,34.3,34.4,33.9,34.2,35.1,56.5,56.4,34,42,26.0,30.7,36,36,36,0,0,0,6,6,4,0,29,29,29,40,47,48,42,42,40,44.79,44.81,44.82,65,550,6.9,0,0,0
12.28,284,0.25,0.21,0.21,11.6,12.1,16.4,12.54,-18.7,0.01,0.16,208.1,8.6,29,1,1,503,678,592,-3,622,12.62,689.0,457,31.9,31.8,0,2.6,1577.1,0,16.09,19.6,39.9,33.2,39.3,33.8,34.0,33.4,34.0,35.1,56.5,56.4,34,41,26.0,30.7,34,34,36,0,0,0,6,6,4,0,29,29,29,40,47,47,41,41,39,44.79,44.81,44.82,65,550,6.6,0,0,0
12.85,48,0.24,0.19,0.19,11.5,12.0,16.3,13.14,-12.4,0.01,0.19,207.7,6.5,33,1,1,589,679,694,-3,721,13.25,735.4,510,32.1,32.8,0,2.7,2067.6,0,16.83,19.7,40.5,33.6,40.0,34.3,34.4,33.9,34.2,35.1,56.5,56.4,33,42,26.0,30.7,36,36,36,0,0,0,6,6,4,0,29,29,29,40,47,47,42,42,40,44.79,44.81,44.82,65,550,6.9,0,0,0
13.09,264,0.24,0.19,0.19,11.3,12.6,18.0,13.32,-10.2,0.09,0.19,207.7,9.4,32,1,1,610,679,719,-5,742,13.45,757.3,523,32.1,32.7,0,2.7,2067.6,0,16.83,19.7,40.5,33.8,40.0,34.3,34.4,34.0,34.2,35.2,56.5,56.4,33,42,26.0,30.7,36,35,36,0,0,0,6,6,4,0,29,29,29,40,47,48,42,42,40,44.79,44.81,44.82,66,550,6.7,0,0,0
10.89,212,0.24,0.2,0.2,11.6,11.3,14.9,11.05,-12.3,0.12,0.14,208.0,9.4,24,1,1,345,677,406,1,419,11.18,498.1,355,32.1,31.9,0,2.6,565.6,0,12.04,19.6,40.0,33.2,39.4,33.8,34.0,33.5,34.1,35.1,56.6,56.4,34,41,26.0,30.7,33,33,35,0,0,0,6,6,4,0,29,29,29,40,47,47,41,41,39,44.79,44.81,44.83,65,550,6.7,0,0,0
11.02,100,0.24,0.19,0.19,10.8,12.7,15.3,11.13,-5.3,0.06,0.09,208.2,4.8,32,1,1,369,679,435,-3,453,11.31,547.5,376,28.9,29.5,0,2.7,1647.2,0,16.2,19.6,40.8,34.0,40.4,34.7,34.8,34.4,34.5,35.6,56.6,56.4,34,42,26.2,30.7,32,32,36,0,0,0,6,6,4,0,29,29,29,40,47,48,42,42,40,44.79,44.81,44.82,65,560,6.9,0,0,0
13.02,60,0.4,0.32,0.32,12.2,11.8,12.0,13.12,-16.0,-0.03,0.14,208.1,6.9,31,1,1,593,679,699,-2,731,13.36,745.2,508,32.1,32.2,0,2.7,2018.0,0,16.76,19.6,39.9,33.2,39.4,33.8,34.0,33.5,34.0,35.0,56.5,56.4,34,41,26.0,30.7,35,35,35,0,0,0,6,6,4,0,29,29,29,40,47,47,41,41,39,44.79,44.81,44.83,65,560,6.6,0,0,0
7.97,276,0.24,0.19,0.19,12.0,10.5,13.8,8.08,-3.3,-0.07,0.19,207.7,4.4,19,1,1,137,675,162,-3,167,8.15,271.4,190,31.1,30.8,0,2.6,503.7,0,11.58,19.6,40.1,33.3,39.6,34.0,34.0,33.6,34.2,35.2,56.6,56.4,34,41,26.0,30.7,32,33,35,0,0,0,6,6,4,0,29,29,29,39,47,47,41,41,39,44.79,44.81,44.82,63,550,6.7,0,0,0
7.8,280,0.24,0.19,0.19,11.3,11.4,13.4,8.35,3.9,0.08,0.19,207.6,3.8,17,1,1,147,676,173,-2,176,8.36,288.7,200,30.5,30.5,0,2.7,657.0,0,12.65,19.6,40.2,33.3,39.7,34.1,34.2,33.7,34.3,35.3,56.6,56.4,34,42,26.0,30.7,32,32,35,0,0,0,6,6,4,0,29,29,29,40,47,47,42,42,40,44.79,44.81,44.82,65,550,6.7,0,0,0
8.18,100,0.24,0.19,0.19,10.4,10.9,14.7,8.47,4.1,0.14,0.14,207.7,4.0,17,1,1,162,676,191,4,198,8.5,302.3,211,30.7,30.4,0,2.7,640.7,0,12.55,19.6,40.2,33.3,39.6,34.0,34.2,33.5,34.2,35.2,56.6,56.4,34,41,26.0,30.7,32,32,35,0,0,0,6,6,4,0,29,29,29,40,47,47,41,41,39,44.79,44.81,44.83,64,550,6.7,0,0,0
8.54,136,0.24,0.19,0.19,10.5,12.3,13.5,8.58,5.8,0.05,0.13,208.0,4.5,18,1,1,158,676,186,-2,203,8.71,308.3,220,30.5,30.3,0,2.6,640.7,0,12.55,19.6,40.2,33.3,39.7,34.0,34.2,33.6,34.3,35.2,56.6,56.4,34,41,26.0,30.7,32,32,35,0,0,0,6,6,4,0,29,29,29,40,47,47,41,41,39,44.79,44.81,44.82,63,540,6.6,0,0,0
11.3,312,0.24,0.19,0.19,11.5,11.6,15.1,11.48,0.8,0.11,0.21,188.6,7.1,33,1,1,390,679,460,-3,490,11.61,572.0,388,29.2,29.8,0,2.7,1702.8,0,16.28,19.6,40.8,34.0,40.3,34.7,34.9,34.1,34.5,35.6,56.6,56.4,34,42,26.2,30.7,32,32,36,0,0,0,6,6,4,0,29,29,29,40,47,47,42,42,40,44.79,44.81,44.82,65,550,6.9,0,0,0
10.95,164,0.24,0.19,0.19,11.6,11.9,15.7,11.19,2.3,0.09,0.08,206.6,5.9,27,1,1,364,679,430,1,446,11.23,534.6,372,28.8,29.1,0,2.7,1412.3,0,15.83,19.6,40.8,34.0,40.3,34.6,34.8,34.2,34.5,35.6,56.6,56.4,34,42,26.2,30.7,31,31,36,0,0,0,6,6,4,0,29,29,29,40,47,48,42,42,40,44.79,44.81,44.83,65,550,6.8,0,0,0
13.5,60,0.25,0.19,0.19,11.6,12.7,18.8,13.81,5.9,0.1,0.07,207.9,7.5,21,1,1,683,680,805,-5,841,13.93,825.3,559,32.5,32.5,0,2.6,2067.6,0,16.83,19.7,40.1,33.3,39.6,33.9,34.0,33.6,34.0,35.1,56.5,56.4,33,41,26.0,30.7,36,36,36,0,0,0,6,6,4,0,29,29,29,40,47,47,41,41,39,44.79,44.81,44.82,65,560,6.7,0,0,0
12.09,40,0.24,0.19,0.19,11.0,11.8,16.1,12.49,-6.4,0.09,0.14,207.8,6.5,28,1,1,497,679,586,-1,616,12.63,666.5,453,31.1,31.8,0,2.7,2067.6,0,16.83,19.6,40.8,33.8,40.2,34.5,34.7,34.2,34.4,35.4,56.5,56.4,34,42,26.2,30.7,34,34,36,0,0,0,6,6,4,0,29,29,29,40,47,47,42,42,40,44.79,44.81,44.82,64,550,6.8,0,0,0
11.59,176,0.24,0.19,0.19,12.0,11.8,15.8,11.88,-18.2,0.13,0.12,207.7,7.0,36,1,1,433,678,510,3,536,11.96,596.2,412,30.1,30.8,0,2.7,1768.9,0,16.38,19.6,40.8,34.0,40.3,34.6,34.7,34.2,34.4,35.5,56.6,56.4,33,42,26.2,30.7,33,33,36,0,0,0,6,6,4,0,29,29,29,40,47,47,42,42,40,44.79,44.81,44.82,65,550,6.9,0,0,0
9.61,72,0.24,0.2,0.2,10.8,10.9,14.8,9.7,-3.8,0.01,0.09,207.7,6.3,21,1,1,236,676,277,-1,287,9.88,377.0,272,31.6,31.4,0,2.7,565.6,0,12.04,19.6,40.0,33.1,39.5,33.8,34.0,33.5,34.1,35.1,56.6,56.4,34,42,26.0,30.7,33,33,35,0,0,0,6,6,4,0,29,29,29,40,47,47,42,42,39,44.79,44.81,44.82,65,550,6.7,0,0,0
12.67,16,0.25,0.2,0.2,11.4,12.0,15.8,12.96,7.3,0.05,0.21,206.3,7.1,19,1,1,577,679,681,-3,718,13.25,729.8,505,29.9,29.7,0,2.7,1993.2,0,16.72,19.6,40.8,34.1,40.3,34.6,34.8,34.4,34.5,35.6,56.6,56.4,33,42,26.2,30.7,33,33,36,0,0,0,6,6,4,0,29,29,29,40,47,48,42,42,40,44.79,44.81,44.82,66,560,6.9,0,0,0
12.24,216,0.25,0.2,0.2,11.1,12.7,17.0,12.66,8.2,0.11,0.16,206.1,5.8,13,1,1,527,679,621,4,642,12.81,696.8,470,31.3,31.3,0,2.7,2067.6,0,16.83,19.6,40.9,34.1,40.4,34.8,35.0,34.4,34.7,35.7,56.6,56.4,34,42,26.2,30.7,35,35,36,0,0,0,6,6,4,0,29,29,29,40,47,48,42,42,40,44.79,44.81,44.82,65,550,7.0,0,0,0
11.73,176,0.24,0.19,0.19,12.0,11.4,16.2,12.06,-16.5,0.09,0.14,207.4,5.9,36,1,1,441,679,519,-2,552,12.09,614.3,421,30.2,31.0,0,2.7,1712.1,0,16.3,19.6,40.8,34.1,40.3,34.6,34.8,34.2,34.4,35.5,56.6,56.4,34,42,26.2,30.7,33,33,36,0,0,0,6,6,4,0,29,29,29,40,47,47,42,42,40,44.79,44.81,44.82,65,550,6.9,0,0,0
10.62,68,0.24,0.19,0.2,10.6,12.3,15.2,10.63,-9.2,0.02,0.14,208.0,9.6,23,1,1,313,677,368,-3,380,10.86,460.6,328,32.0,31.9,0,2.7,565.6,0,12.04,19.6,40.0,33.1,39.4,33.8,34.0,33.4,34.1,35.1,56.6,56.4,34,41,26.0,30.7,33,33,35,0,0,0,6,6,4,0,29,29,29,40,47,47,41,41,39,44.79,44.81,44.83,65,550,6.6,0,0,0
10.88,16,0.24,0.19,0.19,11.2,11.2,15.2,11.03,10.2,-0.02,0.08,206.6,5.9,25,1,1,360,679,425,-4,447,11.22,532.2,364,29.6,29.6,0,2.7,1412.3,0,15.83,19.6,40.8,33.9,40.3,34.6,34.8,34.2,34.5,35.6,56.6,56.4,34,42,26.2,30.7,31,31,36,0,0,0,6,6,4,0,29,29,29,40,47,48,42,42,40,44.79,44.81,44.82,64,550,6.9,0,0,0
8.32,24,0.24,0.2,0.2,11.8,10.9,13.6,8.52,6.9,0.19,0.19,207.5,3.9,19,1,1,153,675,180,-3,184,8.54,296.4,207,32.0,31.7,0,2.6,503.7,0,11.58,19.6,40.1,33.3,39.5,33.9,33.9,33.6,34.1,35.2,56.6,56.4,34,41,26.0,30.7,33,33,35,0,0,0,6,6,4,0,29,29,29,40,47,47,41,41,39,44.79,44.81,44.82,65,550,6.7,0,0,0
12.71,160,0.25,0.2,0.2,11.8,12.2,16.1,13.04,2.9,0.08,0.18,206.1,7.0,20,1,1,566,680,668,2,695,13.13,726.4,494,29.8,29.8,0,2.6,1993.2,0,16.72,19.6,40.8,33.9,40.2,34.6,34.8,34.2,34.5,35.6,56.6,56.4,34,42,26.2,30.7,33,33,36,0,0,0,6,6,4,0,29,29,29,40,47,48,42,42,40,44.79,44.81,44.82,65,560,6.9,0,0,0
7.97,348,0.24,0.19,0.19,11.0,11.8,13.2,8.11,-2.3,0.09,0.16,207.9,5.4,19,1,1,142,675,167,-2,163,8.17,273.4,193,31.2,31.1,0,2.6,503.7,0,11.58,19.6,40.1,33.2,39.6,34.0,34.0,33.6,34.2,35.2,56.6,56.4,34,41,26.0,30.7,32,33,35,0,0,0,6,6,4,0,29,29,29,40,47,47,41,41,39,44.79,44.8,44.82,64,550,6.6,0,0,0
12.88,12,0.25,0.2,0.2,11.3,11.4,15.4,13.02,1.2,0.11,0.14,205.7,8.9,19,1,1,589,679,694,-4,730,13.26,747.6,512,29.9,30.1,0,2.7,1993.2,0,16.72,19.6,40.8,34.0,40.2,34.6,34.8,34.2,34.5,35.6,56.6,56.4,34,42,26.2,30.7,33,33,36,0,0,0,6,6,4,0,29,29,29,40,47,48,42,42,40,44.79,44.81,44.82,65,550,6.9,0,0,0
8.27,28,0.24,0.19,0.19,11.3,11.7,13.4,8.46,1.3,0.06,0.13,207.7,4.1,15,1,1,155,676,183,-3,201,8.54,303.7,212,30.3,30.0,0,2.6,657.0,0,12.65,19.6,40.2,33.5,39.7,34.1,34.2,33.7,34.3,35.3,56.6,56.4,33,41,26.0,30.7,32,32,35,0,0,0,6,6,4,0,29,29,29,40,47,47,41,41,39,44.79,44.81,44.83,64,550,6.7,0,0,0
11.65,320,0.24,0.19,0.19,10.9,12.7,15.9,11.81,-26.0,0.08,0.1,26.8,6.1,38,1,1,431,678,508,-2,537,11.96,603.2,412,29.6,30.3,0,2.7,1500.0,0,15.98,19.6,40.8,34.0,40.4,34.6,34.8,34.2,34.4,35.5,56.6,56.4,34,42,26.2,30.7,33,32,36,0,0,0,6,6,4,2,29,29,29,40,47,47,42,42,40,44.79,44.81,44.82,65,550,6.9,0,0,0
13.5,72,0.25,0.2,0.2,11.8,12.7,17.3,13.72,3.1,0.11,0.13,206.1,6.8,18,1,1,677,681,799,2,841,13.92,817.8,560,30.7,30.9,0,2.7,2067.6,0,16.83,19.6,40.8,34.2,40.3,34.7,34.8,34.3,34.6,35.7,56.6,56.4,33,42,26.2,30.7,34,34,36,0,0,0,6,6,4,0,29,29,29,40,47,48,42,42,40,44.79,44.81,44.82,65,560,7.0,0,0,0
8.22,136,0.24,0.19,0.19,12.0,10.6,14.1,8.52,0.8,0.1,0.16,208.0,4.4,18,1,1,153,676,180,-4,184,8.5,292.4,208,31.0,30.7,0,2.6,657.0,0,12.65,19.6,40.2,33.4,39.6,34.1,34.2,33.7,34.3,35.3,56.6,56.5,34,42,26.0,30.7,32,32,35,0,0,0,6,6,4,0,29,29,29,39,47,47,42,42,39,44.79,44.81,44.82,65,550,6.6,0,0,0
8.31,244,0.24,0.19,0.19,10.4,12.3,13.5,8.5,-4.9,0.09,0.14,207.7,5.5,19,1,1,161,676,189,-4,202,8.61,299.6,213,30.7,30.4,0,2.6,640.7,0,12.55,19.6,40.2,33.5,39.7,34.1,34.2,33.7,34.3,35.3,56.6,56.5,33,41,26.0,30.7,32,32,35,0,0,0,6,6,4,0,29,29,29,40,47,47,41,41,39,44.79,44.81,44.82,65,550,6.6,0,0,0
8.76,324,0.24,0.19,0.19,10.6,10.6,15.0,8.93,-5.7,0.09,0.1,208.0,5.2,31,1,1,188,676,221,-4,235,9.08,337.9,238,29.2,29.3,0,2.7,659.0,0,12.66,19.6,40.5,33.5,39.8,34.2,34.4,33.6,34.3,35.4,56.6,56.5,35,42,26.0,30.7,31,31,36,0,0,0,6,6,4,0,29,29,29,40,47,47,42,42,39,44.79,44.81,44.82,65,550,6.7,0,0,0
13.27,132,0.25,0.19,0.19,11.9,12.6,18.4,13.79,13.0,0.19,0.07,207.6,6.9,21,1,1,666,680,786,-2,828,13.85,809.0,554,32.4,32.4,0,2.6,2067.6,0,16.83,19.7,40.0,33.3,39.5,33.9,34.0,33.6,34.0,35.0,56.5,56.4,34,41,26.0,30.7,36,36,35,0,0,0,6,6,4,0,29,29,29,40,47,47,41,41,39,44.79,44.81,44.82,65,550,6.6,0,0,0
12.42,356,2.1,2.06,2.05,13.4,15.0,14.9,12.71,-17.0,0.08,0.1,207.8,7.0,27,1,1,608,678,716,4,746,12.83,774.1,549,32.1,32.1,0,2.6,1577.1,0,16.09,19.6,39.9,33.2,39.4,33.8,33.9,33.5,34.0,35.1,56.5,56.4,34,41,26.0,30.7,34,34,36,0,0,0,6,6,4,0,29,29,29,40,47,47,41,41,39,44.79,44.81,44.82,65,550,6.6,0,0,0
10.83,92,0.24,0.19,0.19,11.9,11.4,15.6,11.02,-6.1,0.05,0.09,206.4,6.6,29,1,1,344,679,405,-5,426,11.14,515.8,352,29.3,29.7,0,2.6,1412.3,0,15.83,19.6,40.8,34.1,40.3,34.7,34.8,34.2,34.5,35.6,56.6,56.4,34,42,26.2,30.7,31,31,36,0,0,0,6,6,4,0,29,29,29,40,47,48,42,42,40,44.79,44.81,44.83,65,560,6.9,0,0,0
13.37,4,0.25,0.2,0.2,11.9,12.5,18.2,13.78,2.7,0.1,0.14,206.0,8.0,18,1,1,677,681,799,-2,837,13.91,821.9,558,30.7,30.7,0,2.7,2067.6,0,16.83,19.6,40.8,34.1,40.3,34.7,34.8,34.3,34.6,35.7,56.6,56.4,35,42,26.2,30.7,34,34,36,0,0,0,6,6,4,0,29,29,29,40,47,48,42,42,40,44.79,44.81,44.82,65,560,7.0,0,0,0
8.48,32,0.24,0.19,0.19,10.4,11.6,14.1,8.77,-17.3,0.04,0.14,207.9,5.1,32,1,1,178,677,210,-4,215,8.86,322.9,226,29.3,29.2,0,2.7,805.2,0,13.54,19.6,40.5,33.7,39.9,34.3,34.4,33.8,34.3,35.4,56.6,56.5,34,42,26.0,30.7,30,31,36,0,0,0,6,6,4,0,29,29,29,40,47,47,42,42,39,44.79,44.81,44.82,63,550,6.6,0,0,0
8.25,240,0.24,0.2,0.2,11.8,10.5,14.3,8.53,3.8,0.14,0.19,207.6,3.8,19,1,1,151,675,178,-2,190,8.56,302.9,211,31.4,31.2,0,2.6,503.7,0,11.58,19.6,40.1,33.1,39.4,33.9,34.0,33.4,34.1,35.1,56.6,56.4,33,41,26.0,30.7,33,33,35,0,0,0,6,6,4,0,29,29,29,40,46,47,41,41,39,44.79,44.81,44.83,63,550,6.6,0,0,0
11.89,80,0.25,0.2,0.2,12.0,12.0,16.1,12.59,10.6,0.05,0.15,206.1,5.7,18,1,1,510,679,601,-3,629,12.61,674.8,457,30.2,30.3,0,2.7,2021.1,0,16.76,19.6,40.8,34.1,40.3,34.6,34.8,34.3,34.6,35.7,56.6,56.4,33,42,26.2,30.7,33,33,36,0,0,0,6,6,4,0,29,29,29,40,47,48,42,42,40,44.79,44.81,44.82,65,550,6.9,0,0,0
12.54,184,0.24,0.19,0.19,11.5,12.0,15.9,12.93,-12.0,0.21,0.14,207.7,5.5,26,1,1,581,679,684,-3,718,13.21,740.6,502,31.0,31.7,0,2.7,2067.6,0,16.83,19.6,40.7,33.8,40.2,34.5,34.6,34.0,34.3,35.3,56.5,56.4,34,42,26.2,30.7,35,35,36,0,0,0,6,6,4,0,29,29,29,40,47,47,42,42,40,44.79,44.81,44.82,66,560,6.6,0,0,0
8.25,168,0.24,0.19,0.19,11.6,10.5,14.5,8.37,2.6,0.1,0.14,207.5,3.7,18,1,1,155,676,182,1,194,8.48,298.9,207,31.1,31.1,0,2.7,663.1,0,12.69,19.6,40.2,33.3,39.6,34.0,34.2,33.5,34.2,35.2,56.6,56.5,34,41,26.0,30.7,32,32,35,0,0,0,6,6,4,0,29,29,29,40,47,47,41,41,39,44.79,44.81,44.82,64,550,6.7,0,0,0
12.79,356,0.4,0.32,0.32,11.9,11.6,12.0,13.26,0.5,0.12,0.13,208.1,7.7,28,1,1,594,679,700,-2,740,13.38,751.7,506,32.6,32.6,0,2.7,2018.0,0,16.76,19.6,40.0,33.1,39.4,33.8,34.1,33.4,34.0,35.0,56.5,56.4,34,42,26.0,30.7,35,35,35,0,0,0,6,6,4,0,29,29,29,40,47,47,42,42,39,44.79,44.81,44.82,65,550,6.6,0,0,0
11.39,92,0.24,0.19,0.19,11.1,11.7,15.5,11.76,20.0,0.08,0.18,206.4,6.7,19,1,1,427,679,503,-1,521,11.94,585.3,409,29.9,29.9,0,2.7,1466.9,0,15.92,19.6,40.8,34.0,40.2,34.6,34.8,34.1,34.5,35.6,56.6,56.4,34,42,26.2,30.7,32,32,36,0,0,0,6,6,4,0,29,29,29,40,47,48,42,42,40,44.79,44.81,44.82,65,550,6.9,0,0,0
8.21,96,0.24,0.2,0.2,10.5,12.2,13.4,8.48,2.6,0.09,0.14,207.8,4.1,20,1,1,163,675,192,-3,200,8.54,301.6,213,31.4,31.2,0,2.6,503.7,0,11.58,19.6,40.1,33.2,39.5,33.9,33.9,33.6,34.1,35.1,56.6,56.4,34,41,26.0,30.7,33,33,35,0,0,0,6,6,4,0,29,29,29,40,47,47,41,41,39,44.79,44.81,44.82,64,540,6.6,0,0,0
8.81,356,0.24,0.19,0.19,10.6,12.5,13.8,8.92,21.4,0.06,0.11,208.1,5.3,23,1,1,177,676,209,-2,221,8.98,338.1,234,29.6,29.4,0,2.6,659.0,0,12.66,19.6,40.4,33.5,39.8,34.2,34.4,33.6,34.3,35.4,56.6,56.4,34,42,26.0,30.7,31,31,35,0,0,0,6,6,4,0,29,29,29,40,47,47,42,42,39,44.79,44.81,44.82,65,550,6.7,0,0,0
12.37,152,0.25,0.2,0.2,11.4,12.6,16.7,12.82,4.4,0.11,0.16,205.8,7.1,18,1,1,528,680,623,-4,651,12.89,684.6,471,30.5,30.4,0,2.7,2067.6,0,16.83,19.6,40.8,34.0,40.3,34.7,34.8,34.3,34.5,35.7,56.6,56.4,34,42,26.2,30.7,34,33,36,0,0,0,6,6,4,0,29,29,29,40,47,48,42,42,40,44.79,44.81,44.82,65,550,6.9,0,0,0
11.43,308,0.24,0.19,0.19,11.5,12.2,16.1,11.58,17.1,0.05,0.14,206.3,6.6,20,1,1,397,679,468,-3,498,11.71,568.2,394,29.9,30.0,0,2.7,1412.3,0,15.83,19.6,40.8,33.9,40.3,34.6,34.8,34.2,34.5,35.6,56.6,56.4,34,42,26.2,30.7,32,32,36,0,0,0,6,6,4,0,29,29,29,40,47,48,42,42,40,44.79,44.81,44.82,65,550,6.9,0,0,0
11.17,32,0.24,0.19,0.19,11.1,11.2,16.1,11.67,-21.7,0.05,0.16,207.5,5.7,36,1,1,424,678,499,3,515,11.86,594.6,407,29.7,30.6,0,2.7,1768.9,0,16.38,19.6,40.8,34.0,40.3,34.6,34.7,34.2,34.4,35.5,56.6,56.4,34,42,26.2,30.7,33,33,36,0,0,0,6,6,4,0,29,29,29,40,47,47,42,42,40,44.79,44.81,44.82,65,550,6.9,0,0,0
8.51,172,0.24,0.19,0.19,10.5,12.5,13.6,8.63,2.4,0.1,0.14,207.9,4.0,14,1,1,166,676,196,-4,212,8.71,313.8,219,30.2,30.0,0,2.7,654.9,0,12.64,19.6,40.3,33.3,39.7,34.1,34.3,33.7,34.3,35.3,56.6,56.5,34,42,26.0,30.7,32,32,35,0,0,0,6,6,4,0,29,29,29,40,47,47,42,42,39,44.79,44.81,44.82,63,550,6.6,0,0,0
11.46,160,0.24,0.19,0.19,11.4,11.6,15.6,11.78,22.3,0.11,0.12,206.5,5.6,18,1,1,436,679,514,0,529,12.02,596.3,413,29.8,29.9,0,2.6,1466.9,0,15.92,19.6,40.8,34.0,40.2,34.6,34.8,34.2,34.5,35.6,56.6,56.4,33,42,26.2,30.7,32,32,36,0,0,0,6,6,4,0,29,29,29,40,47,48,42,42,40,44.79,44.81,44.82,64,550,6.9,0,0,0
13.03,260,0.24,0.19,0.19,12.4,12.4,17.3,13.41,6.7,0.01,0.09,208.1,6.6,23,1,1,618,680,729,5,766,13.42,775.4,523,31.6,32.3,0,2.7,2067.6,0,16.83,19.7,40.7,33.8,40.1,34.4,34.6,34.0,34.3,35.3,56.5,56.4,33,42,26.1,30.7,35,35,36,0,0,0,6,6,4,0,29,29,29,40,47,48,42,42,40,44.79,44.81,44.82,65,560,6.5,0,0,0
12.57,304,0.25,0.2,0.2,11.1,12.6,17.1,13.02,7.3,0.13,0.1,206.2,7.2,19,1,1,564,679,665,-2,698,13.15,721.6,495,30.5,30.5,0,2.7,1993.2,0,16.72,19.6,40.8,34.1,40.2,34.6,34.8,34.4,34.5,35.6,56.6,56.4,33,42,26.2,30.7,33,33,36,0,0,0,6,6,4,0,29,29,29,40,47,48,42,42,40,44.79,44.81,44.82,65,550,6.9,0,0,0
11.47,248,0.24,0.19,0.19,11.7,12.1,16.1,11.89,-26.0,0.09,0.14,26.8,6.6,38,1,1,434,678,512,-3,543,12.02,612.8,415,29.6,30.3,0,2.7,1500.0,0,15.98,19.6,40.8,34.0,40.4,34.6,34.8,34.2,34.4,35.5,56.6,56.4,35,42,26.2,30.7,33,32,36,0,0,0,6,6,4,2,29,29,29,40,47,47,42,42,40,44.79,44.81,44.82,65,550,6.9,0,0,0
11.52,316,0.24,0.19,0.19,11.2,12.5,15.9,11.75,-29.8,0.1,0.19,27.4,6.1,42,1,1,415,678,489,-3,509,11.85,584.4,407,29.2,29.9,0,2.7,1500.0,0,15.98,19.6,40.8,34.1,40.3,34.6,34.8,34.2,34.5,35.5,56.6,56.4,34,42,26.2,30.7,32,32,36,0,0,0,6,6,4,2,29,29,29,40,47,47,42,42,40,44.79,44.81,44.82,65,550,6.9,0,0,0
8.28,96,0.24,0.2,0.2,12.0,10.6,13.8,8.46,-1.5,0.05,0.14,207.9,3.8,20,1,1,153,675,180,-2,193,8.5,291.0,207,31.2,31.1,0,2.7,503.7,0,11.58,19.6,40.1,33.1,39.5,33.9,34.0,33.7,34.1,35.2,56.6,56.4,34,42,26.0,30.7,32,33,35,0,0,0,6,6,4,0,29,29,29,40,47,47,42,42,39,44.79,44.81,44.82,65,550,6.6,0,0,0
11.64,16,0.24,0.19,0.19,11.2,12.9,16.8,12.16,16.9,0.07,0.1,206.0,7.5,17,1,1,465,679,549,-3,577,12.33,623.5,434,29.7,29.8,0,2.7,1466.9,0,15.92,19.6,40.8,34.1,40.2,34.6,34.8,34.2,34.5,35.6,56.6,56.4,34,42,26.2,30.7,32,32,36,0,0,0,6,6,4,0,29,29,29,40,47,48,42,42,40,44.79,44.81,44.82,65,550,6.9,0,0,0
12.7,112,0.24,0.19,0.19,11.6,12.0,15.8,13.03,-4.8,-0.04,0.09,207.8,5.8,25,1,1,591,679,696,4,731,13.24,753.8,509,31.1,31.7,0,2.7,2067.6,0,16.83,19.6,40.7,33.8,40.1,34.5,34.6,34.1,34.3,35.3,56.5,56.4,34,42,26.2,30.7,35,35,36,0,0,0,6,6,4,0,29,29,29,40,47,47,42,42,40,44.79,44.81,44.82,66,550,6.6,0,0,0
12.91,132,0.4,0.32,0.32,11.8,12.0,12.1,13.2,-14.0,0.06,0.14,208.1,7.7,31,1,1,607,679,716,-2,744,13.39,749.7,516,32.1,32.1,0,2.6,2018.0,0,16.76,19.6,39.9,33.2,39.5,33.8,34.0,33.5,34.0,35.0,56.5,56.4,33,41,26.0,30.7,35,35,35,0,0,0,6,6,4,0,29,29,29,40,47,47,41,41,39,44.79,44.81,44.83,65,550,6.6,0,0,0
7.89,280,0.24,0.19,0.19,10.4,10.7,14.7,7.97,5.0,0.19,0.12,207.6,4.3,16,1,1,129,675,152,4,161,8.13,272.9,190,31.2,31.1,0,2.6,663.1,0,12.69,19.6,40.1,33.2,39.6,34.0,34.1,33.5,34.2,35.2,56.6,56.4,34,41,26.0,30.7,32,33,35,0,0,0,6,6,4,0,29,29,29,40,47,47,41,41,39,44.79,44.81,44.82,65,550,6.6,0,0,0
8.6,100,0.24,0.19,0.19,10.9,12.0,13.4,8.57,5.5,0.11,0.13,207.8,4.9,18,1,1,162,676,190,-3,206,8.66,305.4,215,30.7,30.4,0,2.7,640.7,0,12.55,19.6,40.2,33.3,39.7,34.1,34.2,33.6,34.3,35.2,56.6,56.5,34,41,26.0,30.7,32,32,35,0,0,0,6,6,4,0,29,29,29,40,47,47,41,41,39,44.79,44.81,44.82,65,550,6.7,0,0,0
8.2,200,0.24,0.2,0.2,10.4,12.2,13.4,8.48,-1.1,0.09,0.12,207.8,5.3,20,1,1,152,675,179,-2,181,8.5,298.6,209,31.4,31.1,0,2.6,503.7,0,11.58,19.6,40.1,33.2,39.5,33.9,33.9,33.7,34.1,35.2,56.6,56.4,34,41,26.0,30.7,32,33,35,0,0,0,6,6,4,0,29,29,29,40,47,47,41,41,39,44.79,44.81,44.82,64,540,6.6,0,0,0
8.52,140,0.24,0.19,0.19,10.6,12.5,13.9,8.87,22.4,0.02,0.14,207.9,5.7,14,1,1,184,676,216,-3,227,8.96,328.3,230,30.0,29.7,0,2.6,660.0,0,12.67,19.6,40.4,33.5,39.8,34.2,34.3,33.7,34.3,35.4,56.6,56.5,34,41,26.0,30.7,31,31,35,0,0,0,6,6,4,0,28,29,29,40,47,47,41,41,39,44.79,44.81,44.82,64,550,6.7,0,0,0
8.22,280,0.24,0.19,0.19,10.4,11.6,13.9,8.45,-0.6,0.06,0.11,207.9,5.6,19,1,1,156,676,184,-3,201,8.6,301.5,212,30.8,30.7,0,2.6,640.7,0,12.55,19.6,40.2,33.5,39.7,34.1,34.2,33.7,34.2,35.3,56.6,56.5,34,41,26.0,30.7,32,32,35,0,0,0,6,6,4,0,29,29,29,39,47,47,41,41,39,44.79,44.81,44.82,65,550,6.7,0,0,0
12.78,268,0.34,0.26,0.26,11.7,10.9,11.2,13.13,-14.5,0.14,0.11,207.7,6.4,33,1,1,577,679,680,4,713,13.23,729.2,503,32.6,33.4,0,2.7,2067.6,0,16.83,19.7,40.5,33.6,40.0,34.3,34.4,33.9,34.2,35.1,56.5,56.3,34,42,26.0,30.7,36,36,36,0,0,0,6,6,4,0,29,29,29,40,47,47,42,42,40,44.79,44.81,44.82,65,550,6.9,0,0,0
8.69,280,0.24,0.19,0.19,11.6,10.5,15.0,8.95,26.0,0.09,0.14,207.9,4.6,12,1,1,180,676,212,-2,224,9.04,331.6,234,30.3,30.2,0,2.6,660.0,0,12.67,19.6,40.4,33.5,39.8,34.2,34.3,33.7,34.3,35.4,56.6,56.4,35,42,26.0,30.7,31,31,35,0,0,0,6,6,4,0,28,29,29,39,47,47,42,42,39,44.79,44.81,44.82,63,550,6.6,0,0,0
12.9,132,0.25,0.19,0.19,11.5,11.9,15.8,12.99,-22.0,0.09,0.13,207.9,5.6,28,1,1,582,679,686,4,711,13.25,741.6,500,32.7,32.7,0,2.6,2067.6,0,16.83,19.7,40.1,33.3,39.6,34.0,34.2,33.5,34.0,35.1,56.5,56.4,34,42,26.0,30.7,36,36,36,0,0,0,6,6,4,0,29,29,29,40,47,47,42,42,40,44.79,44.81,44.82,65,550,6.8,0,0,0
8.11,208,0.24,0.19,0.19,11.5,10.6,14.5,8.27,-6.6,0.14,0.13,207.9,4.1,17,1,1,145,676,171,-3,177,8.38,293.2,203,30.7,30.7,0,2.7,657.0,0,12.65,19.6,40.2,33.4,39.8,34.2,34.2,33.8,34.3,35.3,56.6,56.4,34,42,26.0,30.7,32,32,35,0,0,0,6,6,4,0,29,29,29,39,47,47,42,42,40,44.79,44.81,44.82,64,550,6.7,0,0,0
11.09,104,0.24,0.19,0.19,11.0,11.3,15.4,11.68,-28.6,0.12,0.19,27.4,6.3,41,1,1,420,678,495,-4,527,11.84,595.2,412,29.3,30.1,0,2.7,1500.0,0,15.98,19.6,40.8,34.1,40.4,34.7,34.8,34.4,34.5,35.5,56.6,56.4,34,42,26.2,30.7,32,32,36,0,0,0,6,6,4,2,29,29,29,40,47,47,42,42,40,44.79,44.81,44.82,65,550,6.9,0,0,0
11.09,28,0.24,0.19,0.19,10.8,12.7,15.4,11.26,-6.1,0.14,0.16,208.2,6.0,33,1,1,373,679,440,-3,469,11.43,547.6,375,29.3,29.8,0,2.6,1647.2,0,16.2,19.6,40.8,34.0,40.3,34.7,34.8,34.4,34.5,35.6,56.6,56.4,33,42,26.2,30.7,32,32,36,0,0,0,6,6,4,0,29,29,29,40,47,47,42,42,40,44.79,44.81,44.82,65,550,6.9,0,0,0
8.57,32,0.24,0.19,0.19,11.6,10.5,14.8,8.79,26.8,-0.12,0.14,208.0,5.1,15,1,1,179,676,211,-3,226,8.94,326.4,229,29.9,29.8,0,2.6,660.0,0,12.67,19.6,40.4,33.4,39.7,34.2,34.3,33.6,34.3,35.4,56.6,56.5,34,41,26.0,30.7,31,31,35,0,0,0,6,6,4,0,28,29,29,40,47,47,41,41,40,44.79,44.81,44.83,63,540,6.6,0,0,0
12.73,348,0.4,0.32,0.32,11.4,11.7,12.4,13.22,-18.4,0.26,0.1,208.0,5.4,31,1,1,587,679,692,-3,734,13.32,741.0,511,32.1,32.1,0,2.6,2018.0,0,16.76,19.6,39.9,33.2,39.4,33.8,34.0,33.4,34.0,35.0,56.5,56.4,34,41,26.0,30.7,35,35,35,0,0,0,6,6,4,0,29,29,29,40,47,47,41,41,39,44.79,44.81,44.82,65,550,6.6,0,0,0
8.82,212,0.24,0.19,0.19,10.9,12.2,13.7,8.89,-11.0,0.09,0.1,207.8,5.0,32,1,1,178,677,210,2,221,8.99,331.5,233,29.8,29.7,0,2.7,659.0,0,12.66,19.6,40.5,33.5,39.9,34.3,34.4,33.8,34.3,35.4,56.6,56.5,34,41,26.0,30.7,31,31,36,0,0,0,6,6,4,0,29,29,29,40,47,47,41,41,39,44.79,44.81,44.82,64,540,6.7,0,0,0
13.21,8,0.25,0.2,0.2,11.9,12.3,17.1,13.57,6.8,0.11,0.14,205.9,7.9,17,1,1,618,681,730,-1,760,13.56,763.2,525,30.7,30.6,0,2.6,2067.6,0,16.83,19.6,40.8,34.1,40.3,34.7,34.9,34.2,34.5,35.6,56.6,56.4,34,42,26.2,30.7,34,33,35,0,0,0,6,6,4,0,29,29,29,40,47,48,42,42,40,44.79,44.81,44.82,65,560,7.0,0,0,0
11.66,108,0.24,0.19,0.19,11.6,11.2,15.6,11.79,-21.8,0.08,0.1,27.8,6.6,37,1,1,441,679,520,-4,546,12.02,616.4,424,29.5,30.2,0,2.6,1500.0,0,15.98,19.6,40.8,33.9,40.4,34.6,34.8,34.2,34.4,35.5,56.6,56.4,34,42,26.2,30.7,33,32,36,0,0,0,6,6,4,2,29,29,29,40,47,47,42,42,40,44.79,44.81,44.82,64,560,6.8,0,0,0
12.89,40,0.24,0.19,0.19,11.1,12.5,17.4,13.11,-3.3,0.11,0.16,207.7,6.4,24,1,1,601,679,708,3,744,13.3,756.7,515,31.5,32.3,0,2.6,2067.6,0,16.83,19.6,40.7,33.8,40.1,34.4,34.6,34.1,34.3,35.3,56.5,56.4,34,42,26.2,30.7,35,35,36,0,0,0,6,6,4,0,29,29,29,40,47,48,42,42,40,44.79,44.81,44.82,66,550,6.6,0,0,0
12.21,8,0.25,0.2,0.2,11.4,11.4,15.2,12.37,10.7,0.14,0.16,206.1,5.7,18,1,1,514,679,606,-2,631,12.64,678.6,463,30.2,30.3,0,2.6,2021.1,0,16.76,19.6,40.8,34.1,40.3,34.6,34.8,34.2,34.6,35.7,56.6,56.4,34,42,26.2,30.7,33,33,36,0,0,0,6,6,4,0,29,29,29,40,47,48,42,42,40,44.79,44.81,44.82,65,560,6.9,0,0,0
13.06,224,0.25,0.2,0.2,11.5,12.5,15.9,13.25,13.3,0.0,0.16,206.0,8.5,16,1,1,600,681,709,-3,742,13.44,748.0,517,30.5,30.5,0,2.6,2067.6,0,16.83,19.6,40.8,34.1,40.4,34.7,34.8,34.4,34.5,35.6,56.6,56.4,34,42,26.2,30.7,34,33,35,0,0,0,6,6,4,0,29,29,29,40,47,48,42,42,40,44.79,44.8,44.82,65,550,6.9,0,0,0
8.67,140,0.24,0.19,0.19,10.4,12.4,13.9,8.97,3.7,0.07,0.13,207.5,5.1,28,1,1,195,676,230,2,244,9.11,342.9,242,29.5,29.6,0,2.6,659.0,0,12.66,19.6,40.4,33.4,39.8,34.2,34.4,33.7,34.3,35.4,56.6,56.4,34,41,26.0,30.7,31,31,35,0,0,0,6,6,4,0,29,29,29,40,47,47,41,41,39,44.78,44.81,44.82,65,550,6.7,0,0,0
11.34,168,0.24,0.19,0.19,11.0,11.1,15.5,11.4,4.7,0.2,0.12,188.1,6.9,33,1,1,411,679,484,-2,509,11.68,586.0,397,29.0,29.7,0,2.6,1500.0,0,15.98,19.6,40.8,34.0,40.4,34.6,34.9,34.2,34.5,35.6,56.6,56.4,34,42,26.2,30.7,32,32,36,0,0,0,6,6,4,0,29,29,29,40,47,47,42,42,40,44.79,44.81,44.82,65,560,6.9,0,0,0
12.04,328,0.24,0.19,0.19,10.9,12.8,16.8,12.49,-6.7,0.06,0.12,208.0,5.7,28,1,1,498,679,587,-3,619,12.6,663.5,458,30.5,31.3,0,2.6,2067.6,0,16.83,19.6,40.8,33.8,40.2,34.5,34.7,34.2,34.4,35.4,56.5,56.4,34,42,26.2,30.7,34,34,36,0,0,0,6,6,4,0,29,29,29,40,47,47,42,42,40,44.79,44.81,44.82,65,550,6.8,0,0,0
13.37,220,0.25,0.2,0.2,11.4,12.5,15.7,13.54,-0.3,0.09,0.14,205.9,7.9,18,1,1,646,681,763,5,803,13.78,791.7,542,31.0,30.9,0,2.7,2067.6,0,16.83,19.6,40.8,34.0,40.3,34.7,34.8,34.3,34.5,35.6,56.6,56.4,34,42,26.2,30.7,34,34,35,0,0,0,6,6,4,0,29,29,29,40,47,48,42,42,40,44.79,44.81,44.82,65,560,7.0,0,0,0
12.44,184,0.24,0.19,0.19,12.1,11.8,16.6,12.73,-18.8,0.03,0.14,207.9,6.6,28,1,1,547,678,644,-3,677,12.86,714.4,483,31.0,31.6,0,2.6,2067.6,0,16.83,19.6,40.7,33.9,40.2,34.5,34.6,34.2,34.3,35.3,56.5,56.4,34,42,26.2,30.7,35,35,36,0,0,0,6,6,4,0,29,29,29,40,47,47,42,42,40,44.79,44.81,44.83,65,550,6.7,0,0,0
10.7,140,0.24,0.2,0.2,10.8,11.2,14.9,10.85,-10.9,0.11,0.11,208.1,9.4,23,1,1,326,677,384,-6,407,11.03,477.4,344,32.2,32.0,0,2.7,565.6,0,12.04,19.6,40.0,33.2,39.4,33.8,34.0,33.4,34.1,35.1,56.6,56.4,34,41,26.0,30.7,33,33,35,0,0,0,6,6,4,0,29,29,29,40,47,47,41,41,39,44.79,44.81,44.83,65,550,6.7,0,0,0
14.02,344,0.25,0.19,0.2,12.7,12.5,17.9,14.29,-5.8,0.08,0.11,207.9,7.9,28,1,1,740,680,873,4,914,14.41,922.7,593,33.5,33.4,0,2.6,2067.6,0,16.83,19.7,40.2,33.3,39.7,34.0,34.2,33.6,34.0,35.1,56.5,56.4,34,41,26.0,30.7,36,36,35,0,0,0,6,6,4,0,29,29,29,40,47,47,41,41,39,44.79,44.81,44.82,66,550,6.9,0,0,0
13.17,344,0.25,0.19,0.19,12.0,12.7,17.2,13.5,-6.7,0.19,0.18,207.9,5.9,23,1,1,638,680,752,-1,784,13.58,801.5,537,32.7,32.8,0,2.7,2067.6,0,16.83,19.7,40.1,33.2,39.6,34.0,34.1,33.6,34.0,35.1,56.5,56.4,34,42,26.0,30.7,36,36,36,0,0,0,6,6,4,0,29,29,29,40,47,47,42,42,40,44.79,44.81,44.82,65,550,6.8,0,0,0
8.15,28,0.24,0.19,0.19,10.5,12.4,13.4,8.47,5.3,0.08,0.14,207.7,4.1,17,1,1,159,676,187,5,188,8.56,305.5,211,30.9,30.8,0,2.7,640.7,0,12.55,19.6,40.2,33.3,39.6,34.0,34.2,33.6,34.2,35.2,56.6,56.4,33,41,26.0,30.7,32,32,35,0,0,0,6,6,4,0,29,29,29,40,47,47,41,41,39,44.79,44.81,44.83,64,540,6.7,0,0,0
8.09,312,0.24,0.19,0.19,10.4,12.2,13.4,8.24,10.9,0.08,0.14,207.7,2.7,16,1,1,142,675,167,-3,176,8.34,291.3,200,31.1,30.9,0,2.6,663.1,0,12.69,19.6,40.2,33.5,39.6,34.0,34.2,33.7,34.2,35.2,56.6,56.5,34,41,26.0,30.7,32,32,35,0,0,0,6,6,4,0,29,29,29,40,47,47,41,41,39,44.79,44.81,44.82,65,550,6.6,0,0,0
13.63,268,0.24,0.19,0.2,11.8,11.9,16.0,13.71,-17.1,0.09,0.08,207.4,6.6,30,1,1,714,680,842,-3,875,14.09,936.1,576,32.9,33.2,0,2.7,2067.6,0,16.83,19.7,40.3,33.5,39.8,34.2,34.3,33.7,34.1,35.1,56.5,56.4,34,42,26.0,30.7,37,37,36,0,0,0,6,6,4,0,29,29,29,40,47,47,42,42,40,44.79,44.81,44.82,65,560,7.0,0,0,0
9.07,288,0.24,0.2,0.2,10.6,12.4,14.6,9.4,-0.7,0.06,0.13,207.7,5.7,20,1,1,200,676,235,-5,248,9.48,344.9,251,32.1,31.8,0,2.7,582.9,0,12.16,19.6,40.0,33.2,39.5,33.8,33.9,33.5,34.1,35.1,56.6,56.4,34,42,26.0,30.7,33,33,35,0,0,0,6,6,4,0,29,29,29,40,47,47,42,42,39,44.79,44.81,44.82,65,550,6.6,0,0,0
8.35,208,0.24,0.19,0.19,10.5,10.7,14.7,8.52,7.1,0.06,0.14,208.1,4.9,17,1,1,162,676,191,-3,199,8.64,313.3,216,30.5,30.4,0,2.6,640.7,0,12.55,19.6,40.2,33.2,39.6,34.0,34.2,33.5,34.2,35.2,56.6,56.4,34,41,26.0,30.7,32,32,35,0,0,0,6,6,4,0,29,29,29,40,47,47,41,41,39,44.79,44.81,44.82,63,550,6.7,0,0,0
8.34,164,0.24,0.2,0.2,10.9,12.0,13.2,8.41,0.5,0.19,0.22,207.8,4.2,20,1,1,152,675,179,-3,187,8.52,298.3,210,31.4,31.1,0,2.7,503.7,0,11.58,19.6,40.1,33.2,39.4,33.9,34.0,33.6,34.2,35.2,56.6,56.4,34,42,26.0,30.7,32,33,35,0,0,0,6,6,4,0,29,29,29,40,47,47,42,42,39,44.79,44.81,44.82,64,550,6.6,0,0,0
12.98,276,0.25,0.19,0.19,12.0,12.9,17.0,13.24,-25.2,0.02,0.19,207.7,7.3,29,1,1,580,680,684,2,717,13.31,739.1,504,33.0,33.0,0,2.6,2067.6,0,16.83,19.7,40.1,33.4,39.6,34.0,34.2,33.6,34.0,35.0,56.5,56.4,34,42,26.0,30.7,36,36,35,0,0,0,6,6,4,0,29,29,29,40,47,47,42,42,39,44.79,44.81,44.82,65,550,6.8,0,0,0
11.45,32,0.24,0.19,0.19,10.8,12.3,15.7,11.8,-27.0,0.09,0.19,26.8,7.2,39,1,1,438,678,516,4,535,11.96,603.0,416,29.9,30.6,0,2.7,1500.0,0,15.98,19.6,40.8,34.1,40.4,34.6,34.8,34.2,34.4,35.5,56.6,56.4,34,42,26.2,30.7,33,32,36,0,0,0,6,6,4,2,29,29,29,40,47,47,42,42,40,44.79,44.81,44.82,65,560,6.8,0,0,0
13.44,128,0.24,0.2,0.21,11.5,13.1,16.3,14.04,-7.4,0.09,0.08,207.6,7.3,28,1,1,726,681,858,0,900,14.21,887.7,582,33.2,33.3,0,2.6,2067.6,0,16.83,19.7,40.2,33.3,39.6,34.0,34.2,33.6,34.0,35.0,56.5,56.4,34,41,26.0,30.7,36,36,35,0,0,0,6,6,4,0,29,29,29,40,47,47,41,41,39,44.79,44.81,44.82,66,560,6.9,0,0,0
8.59,68,0.24,0.19,0.19,12.1,10.8,14.2,8.87,25.9,0.22,0.12,208.0,5.6,15,1,1,172,676,202,-3,220,8.94,326.7,229,29.7,29.3,0,2.7,660.0,0,12.67,19.6,40.4,33.4,39.7,34.2,34.3,33.6,34.3,35.4,56.6,56.5,34,41,26.0,30.7,31,31,35,0,0,0,6,6,4,0,28,29,29,40,47,47,41,41,39,44.79,44.81,44.83,64,540,6.7,0,0,0
12.25,88,0.25,0.2,0.2,11.3,11.8,15.0,12.43,0.2,0.11,0.08,206.3,8.1,19,1,1,504,680,595,-3,623,12.64,670.8,461,29.8,29.9,0,2.7,1466.9,0,15.92,19.6,40.8,34.0,40.1,34.6,34.8,34.1,34.5,35.6,56.6,56.4,34,42,26.2,30.7,32,32,36,0,0,0,6,6,4,0,29,29,29,40,47,48,42,42,40,44.79,44.82,44.82,65,550,6.9,0,0,0
11.01,96,0.24,0.19,0.19,10.6,12.4,15.1,11.37,-2.4,0.06,0.11,189.4,7.4,33,1,1,384,679,453,-2,481,11.53,569.2,387,29.5,30.2,0,2.6,1702.8,0,16.28,19.6,40.8,34.1,40.4,34.7,34.8,34.3,34.5,35.6,56.6,56.4,34,42,26.2,30.7,32,32,36,0,0,0,6,6,4,0,29,29,29,40,47,47,42,42,40,44.79,44.81,44.82,64,550,6.9,0,0,0
13.45,60,0.25,0.19,0.19,12.0,12.5,17.5,13.79,13.0,0.05,0.26,208.0,7.9,22,1,1,669,680,789,-3,826,13.84,816.0,554,32.9,33.0,0,2.7,2067.6,0,16.83,19.7,40.0,33.3,39.5,33.8,34.0,33.5,34.0,35.0,56.5,56.4,34,41,26.0,30.7,36,36,35,0,0,0,6,6,4,0,29,29,29,40,47,48,41,41,39,44.79,44.81,44.82,65,550,6.6,0,0,0
10.92,304,0.24,0.19,0.19,10.8,12.4,15.4,11.06,6.5,0.17,0.19,206.6,5.4,26,1,1,353,679,417,-2,432,11.23,529.1,365,29.5,29.5,0,2.7,1412.3,0,15.83,19.6,40.8,33.9,40.3,34.6,34.8,34.2,34.5,35.6,56.6,56.4,34,42,26.2,30.7,31,31,36,0,0,0,6,6,4,0,29,29,29,40,47,48,42,42,40,44.79,44.81,44.82,64,550,6.8,0,0,0
13.0,328,0.24,0.19,0.19,11.9,12.6,17.5,13.26,4.3,0.09,0.14,207.8,6.6,23,1,1,602,679,710,3,742,13.34,765.3,517,31.7,32.4,0,2.7,2067.6,0,16.83,19.7,40.7,33.8,40.1,34.4,34.6,34.0,34.3,35.3,56.5,56.4,34,42,26.2,30.7,35,35,36,0,0,0,6,6,4,0,29,29,29,40,47,48,42,42,40,44.79,44.81,44.82,65,560,6.5,0,0,0
10.85,172,0.24,0.19,0.19,11.5,11.1,15.7,11.54,-1.0,0.27,0.12,201.3,6.3,36,1,1,416,679,490,-3,512,11.8,593.8,408,29.7,30.4,0,2.6,1500.0,0,15.98,19.6,40.8,34.1,40.4,34.6,34.9,34.1,34.5,35.5,56.6,56.4,34,42,26.2,30.7,32,32,36,0,0,0,6,6,4,0,29,29,29,40,47,48,42,42,40,44.79,44.81,44.82,65,550,6.9,0,0,0
8.67,104,0.24,0.19,0.19,10.6,10.6,15.2,8.79,31.1,0.07,0.11,207.7,5.1,19,1,1,176,676,207,-3,212,8.92,334.1,230,29.5,29.3,0,2.7,659.0,0,12.66,19.6,40.4,33.6,39.8,34.2,34.4,33.7,34.3,35.4,56.6,56.5,34,41,26.0,30.7,31,31,35,0,0,0,6,6,4,0,29,29,29,39,47,47,41,41,39,44.79,44.81,44.83,65,540,6.7,0,0,0
12.2,228,0.25,0.2,0.2,11.0,12.7,16.3,12.58,-0.5,0.1,0.14,205.5,7.8,19,1,1,516,679,608,-3,644,12.72,684.6,470,30.5,30.5,0,2.7,2067.6,0,16.83,19.6,40.8,34.1,40.3,34.7,34.8,34.3,34.5,35.7,56.6,56.4,34,42,26.2,30.7,34,33,36,0,0,0,6,6,4,0,29,29,29,40,47,48,42,42,40,44.79,44.81,44.82,65,560,6.9,0,0,0
7.78,60,0.24,0.19,0.19,11.3,10.4,14.9,8.13,13.6,0.07,0.12,207.9,2.5,15,1,1,139,675,163,0,173,8.28,279.8,197,31.0,30.8,0,2.7,663.1,0,12.69,19.6,40.2,33.5,39.6,34.0,34.1,33.6,34.2,35.2,56.6,56.5,35,42,26.0,30.7,32,32,35,0,0,0,6,6,4,0,29,29,29,39,47,47,42,42,39,44.79,44.81,44.83,65,550,6.6,0,0,0
13.04,348,0.25,0.19,0.19,11.4,12.5,18.0,13.26,-22.8,0.16,0.14,207.9,5.9,29,1,1,615,680,725,0,750,13.36,750.1,518,32.8,32.8,0,2.7,2067.6,0,16.83,19.7,40.1,33.4,39.6,34.0,34.1,33.7,34.0,35.0,56.5,56.4,34,42,26.0,30.7,36,36,35,0,0,0,6,6,4,0,29,29,29,40,47,47,42,42,40,44.79,44.81,44.82,65,560,6.9,0,0,0
7.96,132,0.24,0.19,0.19,11.7,11.1,12.9,8.16,16.4,0.06,0.16,207.6,3.5,15,1,1,134,675,158,4,169,8.22,276.4,191,31.1,31.0,0,2.6,663.1,0,12.69,19.6,40.2,33.5,39.7,34.0,34.1,33.6,34.2,35.2,56.6,56.5,34,42,26.0,30.7,32,32,35,0,0,0,6,6,4,0,29,29,29,40,47,47,42,42,39,44.79,44.81,44.83,64,550,6.6,0,0,0
12.11,320,0.24,0.19,0.19,11.1,12.5,16.1,12.52,-15.6,0.07,0.11,207.8,7.1,32,1,1,519,679,612,-4,639,12.66,686.2,470,30.7,31.3,0,2.6,1959.1,0,16.67,19.7,40.8,33.8,40.2,34.6,34.7,34.3,34.4,35.4,56.6,56.4,34,42,26.2,30.7,34,33,36,0,0,0,6,6,4,0,29,29,29,40,47,47,42,42,40,44.79,44.81,44.82,65,550,6.9,0,0,0
11.51,172,0.24,0.19,0.19,11.8,11.1,15.5,11.7,-12.6,0.11,0.19,27.1,6.2,40,1,1,422,679,497,-5,516,11.87,593.7,404,29.1,29.9,0,2.7,1500.0,0,15.98,19.6,40.8,34.2,40.4,34.6,34.8,34.2,34.5,35.5,56.6,56.5,34,42,26.2,30.7,32,32,36,0,0,0,6,6,4,2,29,29,29,40,47,47,42,42,40,44.79,44.81,44.82,65,550,6.9,0,0,0
12.23,300,0.25,0.2,0.2,11.3,11.3,15.2,12.42,7.3,0.09,0.13,205.8,5.7,18,1,1,506,679,597,0,623,12.64,666.7,457,30.2,30.3,0,2.6,2067.6,0,16.83,19.6,40.8,34.2,40.3,34.7,34.8,34.3,34.5,35.6,56.6,56.4,34,42,26.2,30.7,33,33,36,0,0,0,6,6,4,0,29,29,29,40,47,48,42,42,40,44.79,44.81,44.82,65,550,6.9,0,0,0
13.34,204,0.25,0.19,0.19,12.0,12.5,16.6,13.63,-13.8,0.12,0.14,208.2,8.4,29,1,1,632,680,745,-2,785,13.72,771.3,531,33.0,33.0,0,2.6,2067.6,0,16.83,19.7,40.1,33.3,39.6,34.0,34.2,33.6,34.0,35.0,56.5,56.4,34,42,26.0,30.7,36,36,35,0,0,0,6,6,4,0,29,29,29,40,47,47,42,42,40,44.79,44.82,44.82,65,560,6.9,0,0,0
12.62,124,0.24,0.19,0.2,11.7,11.6,15.8,12.91,-17.2,0.16,0.12,207.6,5.6,33,1,1,580,679,684,3,726,13.24,742.2,505,32.1,33.0,0,2.6,2067.6,0,16.83,19.7,40.4,33.6,39.9,34.3,34.4,33.9,34.1,35.1,56.5,56.3,34,42,26.0,30.7,37,36,36,0,0,0,6,6,4,0,29,29,29,40,47,47,42,42,40,44.79,44.81,44.82,65,560,7.0,0,0,0
12.19,328,0.24,0.19,0.19,10.9,12.8,16.7,12.38,-4.9,0.09,0.11,207.8,5.8,28,1,1,498,679,587,-3,613,12.51,657.9,453,31.1,31.6,0,2.6,2067.6,0,16.83,19.6,40.7,33.8,40.3,34.5,34.7,34.2,34.3,35.4,56.6,56.4,34,42,26.2,30.7,34,34,36,0,0,0,6,6,4,0,29,29,29,40,47,47,42,42,40,44.79,44.81,44.82,65,550,6.7,0,0,0
8.61,212,0.24,0.19,0.19,10.6,10.6,15.2,8.94,8.9,0.11,0.17,207.9,5.4,27,1,1,191,676,225,-3,239,9.13,343.1,238,29.5,29.5,0,2.7,659.0,0,12.66,19.6,40.4,33.4,39.8,34.2,34.4,33.7,34.3,35.4,56.6,56.4,34,41,26.0,30.7,31,31,35,0,0,0,6,6,4,0,29,29,29,40,47,47,41,41,39,44.79,44.81,44.82,65,550,6.7,0,0,0
12.39,8,0.25,0.2,0.2,11.7,11.5,16.2,12.63,-2.0,0.03,0.14,205.9,7.1,19,1,1,532,680,627,1,650,12.84,684.8,472,31.0,31.1,0,2.6,2067.6,0,16.83,19.6,40.8,34.0,40.3,34.7,34.8,34.3,34.5,35.7,56.6,56.4,34,42,26.2,30.7,34,33,36,0,0,0,6,6,4,0,29,29,29,40,47,48,42,42,40,44.79,44.81,44.82,65,550,6.9,0,0,0
11.28,356,0.24,0.2,0.2,11.3,12.0,16.2,11.51,-16.4,-0.03,0.1,207.5,8.7,25,1,1,377,677,443,2,462,11.54,529.7,377,31.7,31.5,0,2.6,565.6,0,12.04,19.6,39.9,33.1,39.4,33.8,34.0,33.3,34.1,35.1,56.6,56.4,34,41,26.0,30.7,33,33,35,0,0,0,6,6,4,0,29,29,29,40,47,47,41,41,39,44.79,44.81,44.82,64,550,6.7,0,0,0
12.98,48,0.24,0.19,0.19,11.7,11.8,16.0,13.17,-11.5,0.16,0.17,207.7,8.7,33,1,1,617,679,727,1,766,13.4,765.8,523,32.4,33.0,0,2.7,2067.6,0,16.83,19.7,40.5,33.7,40.0,34.3,34.5,33.8,34.2,35.2,56.5,56.4,34,42,26.0,30.7,36,35,36,0,0,0,6,6,4,0,29,29,29,40,47,48,42,42,40,44.79,44.81,44.82,65,550,6.7,0,0,0
10.64,96,0.24,0.19,0.19,11.6,12.0,15.0,10.82,-3.4,0.14,0.13,206.7,5.6,28,1,1,326,679,384,2,408,10.95,504.7,346,28.9,29.3,0,2.6,1412.3,0,15.83,19.6,40.8,34.0,40.3,34.7,34.8,34.2,34.5,35.6,56.6,56.4,34,42,26.2,30.7,32,31,36,0,0,0,6,6,4,0,29,29,29,40,47,48,42,42,40,44.79,44.81,44.82,65,550,6.8,0,0,0
8.79,32,0.24,0.19,0.19,10.5,12.4,13.8,8.85,25.6,0.14,0.14,207.9,4.8,22,1,1,187,676,220,-2,230,8.95,336.5,235,29.9,30.0,0,2.7,659.0,0,12.66,19.6,40.4,33.5,39.8,34.2,34.4,33.7,34.3,35.4,56.6,56.5,34,41,26.0,30.7,31,31,35,0,0,0,6,6,4,0,29,29,29,40,47,47,41,41,39,44.79,44.81,44.82,65,550,6.7,0,0,0
7.95,204,0.24,0.19,0.19,10.5,12.3,13.2,8.08,5.7,0.09,0.16,207.8,3.9,16,1,1,133,675,156,3,170,8.16,272.7,193,31.1,31.0,0,2.7,663.1,0,12.69,19.6,40.1,33.3,39.6,34.0,34.1,33.7,34.2,35.2,56.6,56.4,34,41,26.0,30.7,32,32,35,0,0,0,6,6,4,0,29,29,29,40,47,47,41,41,39,44.79,44.81,44.82,64,550,6.6,0,0,0
10.91,308,0.24,0.19,0.19,10.9,12.6,15.7,11.28,0.0,0.01,0.11,206.2,6.8,24,1,1,364,679,429,-4,451,11.37,534.0,371,29.3,29.3,0,2.7,1412.3,0,15.83,19.6,40.8,34.0,40.2,34.6,34.8,34.3,34.5,35.6,56.6,56.4,34,42,26.2,30.7,32,31,36,0,0,0,6,6,4,0,29,29,29,40,47,48,42,42,40,44.79,44.81,44.82,65,550,6.8,0,0,0
8.17,128,0.24,0.2,0.2,11.8,11.1,13.3,8.56,1.0,0.04,0.11,208.0,3.7,20,1,1,151,675,178,-5,189,8.52,295.0,210,31.3,31.0,0,2.7,503.7,0,11.58,19.6,40.1,33.1,39.5,33.9,34.0,33.6,34.2,35.2,56.6,56.4,34,42,26.0,30.7,32,33,35,0,0,0,6,6,4,0,29,29,29,39,47,47,42,42,39,44.79,44.81,44.82,64,550,6.6,0,0,0
12.11,352,0.24,0.2,0.2,11.7,12.2,17.0,12.37,-5.4,-0.01,0.14,208.6,8.1,25,1,1,478,678,563,-5,582,12.45,626.3,440,31.8,31.7,0,2.7,565.6,0,12.04,19.6,39.9,33.1,39.4,33.8,34.0,33.4,34.0,35.1,56.6,56.4,35,41,26.0,30.7,33,33,35,0,0,0,6,6,4,0,29,29,29,40,47,47,41,41,39,44.79,44.81,44.82,64,550,6.7,0,0,0
12.62,136,0.4,0.32,0.32,11.6,12.0,12.1,12.7,-12.2,-0.01,0.19,207.7,7.5,29,1,1,546,678,642,-1,670,12.97,698.6,481,32.1,32.1,0,2.6,1577.1,0,16.09,19.6,39.9,33.1,39.4,33.8,33.9,33.4,34.0,35.1,56.6,56.4,34,42,26.0,30.7,35,35,35,0,0,0,6,6,4,0,29,29,29,40,47,47,42,42,39,44.79,44.81,44.82,65,560,6.7,0,0,0
12.91,276,0.4,0.32,0.32,11.8,11.6,13.1,13.12,-13.4,0.03,0.16,207.5,6.2,30,1,1,582,679,686,-3,713,13.25,736.7,502,32.3,32.3,0,2.6,2018.0,0,16.76,19.6,39.9,33.1,39.4,33.8,34.0,33.3,34.0,35.0,56.5,56.4,34,41,26.0,30.7,35,35,35,0,0,0,6,6,4,0,29,29,29,40,47,47,41,41,39,44.79,44.81,44.82,65,550,6.6,0,0,0
12.94,340,0.24,0.19,0.19,11.5,13.1,20.0,13.04,-14.7,0.11,0.12,207.7,6.6,33,1,1,583,679,687,2,717,13.24,736.6,502,32.6,33.2,0,2.6,2067.6,0,16.83,19.7,40.5,33.6,40.0,34.3,34.4,33.9,34.1,35.1,56.5,56.4,34,42,26.0,30.7,36,36,36,0,0,0,6,6,4,0,29,29,29,40,47,47,42,42,40,44.79,44.81,44.82,65,550,6.9,0,0,0
13.28,204,0.25,0.19,0.19,11.7,12.7,17.9,13.68,10.9,0.03,0.11,208.0,5.8,21,1,1,668,680,788,-3,827,13.85,812.5,551,32.4,32.4,0,2.7,2067.6,0,16.83,19.7,40.0,33.3,39.6,33.9,34.0,33.6,34.0,35.0,56.5,56.4,34,42,26.0,30.7,36,36,35,0,0,0,6,6,4,0,29,29,29,40,47,47,42,42,39,44.79,44.81,44.82,65,550,6.6,0,0,0
12.34,156,0.25,0.2,0.2,11.3,12.4,16.4,12.58,6.3,0.0,0.14,206.1,7.2,18,1,1,516,679,609,-1,647,12.72,677.3,469,30.5,30.6,0,2.7,2067.6,0,16.83,19.6,40.8,34.1,40.3,34.7,34.8,34.3,34.5,35.7,56.6,56.4,34,42,26.2,30.7,34,33,36,0,0,0,6,6,4,0,29,29,29,40,47,48,42,42,40,44.79,44.81,44.82,65,550,6.9,0,0,0
10.6,240,0.24,0.19,0.19,10.9,11.0,15.3,10.93,1.9,0.09,0.17,207.7,5.1,30,1,1,355,679,419,1,431,11.12,527.9,362,28.7,29.3,0,2.6,1647.2,0,16.2,19.6,40.8,34.1,40.3,34.7,34.8,34.3,34.5,35.6,56.6,56.4,34,42,26.2,30.7,32,31,36,0,0,0,6,6,4,0,29,29,29,40,47,48,42,42,40,44.79,44.81,44.82,65,550,6.8,0,0,0
8.39,272,0.24,0.19,0.2,10.4,10.7,14.5,8.43,-2.6,0.17,0.21,208.1,4.8,21,1,1,158,676,186,-3,194,8.52,299.9,210,31.6,31.3,0,2.6,503.7,0,11.58,19.6,40.1,33.3,39.5,34.0,33.9,33.8,34.1,35.2,56.6,56.4,34,41,26.0,30.7,33,33,35,0,0,0,6,6,4,0,29,29,29,40,47,47,41,41,39,44.79,44.81,44.82,65,550,6.6,0,0,0
12.68,220,0.25,0.2,0.2,11.5,12.5,17.5,13.16,16.9,0.21,0.1,205.8,6.7,12,1,1,590,680,696,-2,730,13.26,755.9,514,31.2,31.4,0,2.7,2067.6,0,16.83,19.6,40.9,34.1,40.4,34.8,34.9,34.5,34.7,35.7,56.6,56.4,34,42,26.2,30.7,35,35,36,0,0,0,6,6,4,0,29,29,29,40,47,48,42,42,40,44.79,44.81,44.82,65,560,7.0,0,0,0
13.54,344,0.24,0.19,0.2,12.0,12.5,17.4,13.88,-14.2,0.06,0.1,207.5,8.6,31,1,1,690,680,814,-4,861,13.95,943.4,564,33.0,33.7,0,2.7,2067.6,0,16.83,19.7,40.3,33.5,39.9,34.2,34.3,33.7,34.1,35.1,56.5,56.4,34,42,26.0,30.7,37,37,36,0,0,0,6,6,4,0,29,29,29,40,47,47,42,42,40,44.79,44.81,44.82,65,550,6.9,0,0,0
8.53,28,0.24,0.19,0.19,11.8,10.5,14.3,8.55,2.8,0.08,0.11,207.7,5.0,18,1,1,166,676,195,5,201,8.61,305.8,216,30.6,30.4,0,2.6,640.7,0,12.55,19.6,40.2,33.3,39.7,34.1,34.2,33.7,34.2,35.2,56.6,56.5,34,41,26.0,30.7,32,32,35,0,0,0,6,6,4,0,29,29,29,40,47,47,41,41,39,44.79,44.81,44.82,65,550,6.7,0,0,0
12.21,0,0.25,0.2,0.2,11.3,11.6,15.3,12.38,5.3,0.07,0.21,205.7,5.3,13,1,1,505,679,595,1,628,12.65,678.4,457,31.6,31.5,0,2.6,2067.6,0,16.83,19.6,40.9,34.2,40.4,34.8,35.0,34.4,34.7,35.7,56.6,56.4,34,42,26.2,30.7,35,35,36,0,0,0,6,6,4,0,29,29,29,40,47,48,42,42,40,44.79,44.81,44.82,65,560,7.0,0,0,0
11.67,180,0.24,0.19,0.19,12.1,11.8,15.6,11.95,-13.9,0.11,0.18,207.5,5.1,33,1,1,430,678,507,-1,537,12.02,616.1,414,30.2,30.7,0,2.7,1959.1,0,16.67,19.6,40.8,34.1,40.3,34.6,34.7,34.3,34.4,35.4,56.5,56.4,34,42,26.2,30.7,33,33,36,0,0,0,6,6,4,0,29,29,29,40,47,47,42,42,40,44.79,44.81,44.82,65,550,6.9,0,0,0
8.14,24,0.24,0.2,0.2,10.5,10.5,14.6,8.26,-5.9,0.06,0.1,207.8,4.0,21,1,1,152,675,179,-2,188,8.43,287.5,203,31.5,31.1,0,2.6,503.7,0,11.58,19.6,40.1,33.1,39.5,33.9,34.1,33.6,34.2,35.2,56.6,56.4,35,42,26.0,30.7,32,33,35,0,0,0,6,6,4,0,29,29,29,39,47,47,42,42,39,44.79,44.81,44.82,65,550,6.6,0,0,0
7.85,168,0.24,0.2,0.2,12.0,10.4,15.0,8.17,-3.4,0.11,0.11,207.3,5.3,20,1,1,144,675,170,-1,171,8.27,278.6,197,31.6,31.4,0,2.7,503.7,0,11.58,19.6,40.1,33.1,39.5,33.9,34.1,33.4,34.2,35.2,56.6,56.5,34,42,26.0,30.7,32,33,35,0,0,0,6,6,4,0,29,29,29,40,47,47,42,42,39,44.79,44.81,44.83,64,550,6.6,0,0,0
10.74,236,0.24,0.19,0.19,10.7,12.5,15.5,11.1,-4.1,0.11,0.16,206.8,6.3,28,1,1,358,679,422,3,441,11.22,520.7,362,29.3,29.7,0,2.6,1412.3,0,15.83,19.6,40.8,34.1,40.3,34.6,34.8,34.2,34.5,35.6,56.6,56.4,34,42,26.2,30.7,31,31,36,0,0,0,6,6,4,0,29,29,29,40,47,48,42,42,40,44.79,44.81,44.82,65,550,6.8,0,0,0
14.12,272,0.24,0.19,0.2,11.9,12.6,17.8,14.34,-3.1,0.0,0.19,207.6,6.1,27,1,1,776,680,915,2,962,14.51,935.6,620,32.9,32.8,0,2.7,2067.6,0,16.83,19.7,40.2,33.4,39.7,34.1,34.2,33.6,34.0,35.1,56.5,56.4,34,41,26.0,30.7,37,36,36,0,0,0,6,6,4,0,29,29,29,40,47,47,41,41,39,44.79,44.81,44.83,65,560,6.9,0,0,0
11.73,356,0.25,0.2,0.2,11.0,11.4,15.6,11.95,-11.6,0.19,0.14,206.1,5.2,18,1,1,456,679,537,-4,561,12.16,627.4,428,32.0,32.1,0,2.6,2067.6,0,16.83,19.6,40.9,34.0,40.4,34.8,34.9,34.5,34.7,35.8,56.6,56.4,34,42,26.2,30.7,35,35,36,0,0,0,6,6,4,0,29,29,29,40,47,48,42,42,40,44.79,44.81,44.82,65,550,7.0,0,0,0
12.72,136,0.4,0.32,0.32,11.9,11.7,11.8,12.93,-15.3,0.26,0.05,208.1,5.7,30,1,1,578,679,681,4,712,13.15,728.6,505,32.0,32.2,0,2.6,1577.1,0,16.09,19.6,39.9,33.1,39.4,33.8,34.0,33.4,34.0,35.1,56.5,56.4,34,41,26.0,30.7,35,35,35,0,0,0,6,6,4,0,29,29,29,40,47,47,41,41,39,44.79,44.81,44.82,65,550,6.6,0,0,0
12.82,4,0.25,0.2,0.2,11.6,12.3,15.7,13.25,24.7,0.12,0.09,205.8,7.7,12,1,1,626,680,738,1,772,13.45,776.9,529,31.2,31.3,0,2.6,2067.6,0,16.83,19.6,40.9,34.1,40.4,34.8,34.9,34.5,34.7,35.7,56.6,56.4,34,42,26.2,30.7,35,35,36,0,0,0,6,6,4,0,29,29,29,40,47,48,42,42,40,44.79,44.81,44.82,65,560,7.0,0,0,0
8.79,140,0.24,0.19,0.19,11.9,10.6,14.6,8.85,-14.9,0.09,0.14,208.0,5.1,32,1,1,186,677,219,1,225,8.94,331.8,233,29.7,29.6,0,2.7,659.0,0,12.66,19.6,40.5,33.5,39.9,34.3,34.4,33.8,34.4,35.4,56.6,56.5,34,41,26.0,30.7,31,31,36,0,0,0,6,6,4,0,29,29,29,40,46,47,41,41,39,44.79,44.81,44.82,63,550,6.7,0,0,0
8.76,104,0.24,0.19,0.19,11.1,10.5,15.2,8.77,-17.3,0.08,0.13,207.7,5.6,32,1,1,179,677,211,2,222,8.98,328.4,233,29.3,29.1,0,2.6,659.0,0,12.66,19.6,40.5,33.6,39.9,34.3,34.4,33.8,34.3,35.4,56.6,56.5,34,41,26.0,30.7,31,31,36,0,0,0,6,6,4,0,29,29,29,40,47,47,41,41,39,44.79,44.81,44.82,63,550,6.6,0,0,0
9.21,0,0.24,0.19,0.2,10.6,12.1,14.3,9.52,-5.2,0.15,0.16,207.7,7.4,21,1,1,217,676,255,-2,275,9.67,359.0,262,31.5,31.4,0,2.6,565.6,0,12.04,19.6,40.0,33.1,39.5,33.8,33.9,33.5,34.1,35.1,56.6,56.4,34,41,26.0,30.7,33,33,35,0,0,0,6,6,4,0,29,29,29,40,47,47,41,41,39,44.79,44.81,44.82,65,550,6.7,0,0,0
10.72,28,0.24,0.19,0.19,11.4,12.3,15.4,11.17,-5.9,0.09,0.18,207.7,5.4,32,1,1,349,679,412,-2,430,11.24,529.0,359,28.8,29.6,0,2.6,1647.2,0,16.2,19.6,40.8,34.0,40.3,34.7,34.8,34.4,34.5,35.6,56.6,56.4,34,42,26.2,30.7,32,31,36,0,0,0,6,6,4,0,29,29,29,40,47,48,42,42,40,44.79,44.81,44.82,65,550,6.9,0,0,0
11.37,96,0.24,0.19,0.19,10.7,11.8,15.5,11.6,6.8,-0.02,0.19,188.0,6.9,33,1,1,409,679,483,-4,513,11.72,585.7,405,29.1,29.7,0,2.7,1500.0,0,15.98,19.6,40.8,34.0,40.4,34.6,34.9,34.2,34.5,35.5,56.6,56.4,34,42,26.2,30.7,32,32,36,0,0,0,6,6,4,0,29,29,29,40,47,48,42,42,40,44.79,44.81,44.82,65,550,6.9,0,0,0
8.33,132,0.24,0.19,0.19,10.7,10.5,15.1,8.35,3.1,0.03,0.14,207.8,3.4,18,1,1,161,676,189,4,197,8.54,301.0,210,30.7,30.4,0,2.7,640.7,0,12.55,19.6,40.2,33.3,39.6,34.0,34.2,33.5,34.2,35.2,56.6,56.4,34,42,26.0,30.7,32,32,35,0,0,0,6,6,4,0,29,29,29,40,47,47,42,42,39,44.79,44.81,44.82,64,550,6.6,0,0,0
7.88,276,0.24,0.2,0.2,11.8,10.8,13.8,8.5,1.9,0.02,0.08,207.4,3.4,20,1,1,155,675,183,-2,189,8.54,301.3,210,31.9,31.8,0,2.6,503.7,0,11.58,19.6,40.1,33.1,39.4,33.8,34.0,33.4,34.1,35.1,56.6,56.4,34,41,26.0,30.7,33,33,35,0,0,0,6,6,4,0,29,29,29,40,47,47,41,41,39,44.79,44.81,44.83,64,550,6.6,0,0,0
11.1,240,0.24,0.19,0.19,12.0,11.1,15.9,11.3,-4.0,0.01,0.1,192.4,7.0,32,1,1,378,679,446,-3,468,11.47,557.4,381,28.9,29.7,0,2.6,1647.2,0,16.2,19.6,40.8,34.1,40.4,34.7,34.8,34.4,34.5,35.6,56.6,56.4,35,42,26.2,30.7,32,32,36,0,0,0,6,6,4,0,29,29,29,40,47,47,42,42,40,44.79,44.81,44.82,65,550,6.9,0,0,0
12.19,72,0.24,0.2,0.2,10.9,12.4,16.8,12.48,-5.5,0.09,0.11,208.2,7.7,25,1,1,489,678,575,-2,601,12.57,643.3,448,32.3,32.2,0,2.6,565.6,0,12.04,19.6,39.9,33.1,39.4,33.8,34.0,33.4,34.0,35.1,56.6,56.4,34,41,26.0,30.7,34,33,35,0,0,0,6,6,4,0,29,29,29,40,47,47,41,41,40,44.79,44.81,44.82,64,550,6.7,0,0,0
11.29,236,0.24,0.19,0.19,12.2,11.6,16.2,11.57,15.1,0.14,0.19,206.7,6.0,21,1,1,393,679,463,-2,482,11.62,561.7,391,29.4,29.5,0,2.6,1412.3,0,15.83,19.6,40.8,33.9,40.3,34.6,34.8,34.2,34.5,35.6,56.6,56.4,34,42,26.2,30.7,32,32,36,0,0,0,6,6,4,0,29,29,29,40,47,48,42,42,40,44.79,44.81,44.82,65,550,6.8,0,0,0
8.4,172,0.24,0.19,0.19,11.6,11.2,13.4,8.48,-5.9,0.07,0.1,208.0,5.5,19,1,1,157,676,184,-2,190,8.49,294.7,207,30.6,30.4,0,2.7,657.0,0,12.65,19.6,40.2,33.5,39.6,34.1,34.2,33.7,34.3,35.3,56.6,56.5,34,42,26.0,30.7,32,32,35,0,0,0,6,6,4,0,29,29,29,40,47,47,42,42,39,44.79,44.81,44.82,64,550,6.7,0,0,0
8.61,36,0.24,0.19,0.19,12.0,10.6,14.6,9.01,1.9,0.09,0.14,207.8,5.2,29,1,1,192,676,226,-2,235,9.08,339.4,238,29.8,29.8,0,2.6,659.0,0,12.66,19.6,40.5,33.5,39.9,34.2,34.4,33.8,34.3,35.4,56.6,56.5,34,42,26.0,30.7,31,31,35,0,0,0,6,6,4,0,29,29,29,40,46,47,42,42,39,44.79,44.81,44.82,64,550,6.7,0,0,0
8.59,284,0.24,0.19,0.19,10.4,12.5,13.7,8.76,7.3,0.03,0.14,207.9,4.0,12,1,1,173,676,204,-4,220,8.9,325.8,226,30.0,29.9,0,2.7,660.0,0,12.67,19.6,40.3,33.4,39.7,34.1,34.3,33.6,34.3,35.4,56.6,56.5,34,41,26.0,30.7,31,32,36,0,0,0,6,6,4,0,29,29,29,40,47,47,41,41,39,44.79,44.81,44.82,65,550,6.7,0,0,0
13.06,76,0.25,0.2,0.2,12.0,12.3,17.9,13.57,8.7,0.08,0.16,206.1,8.8,17,1,1,632,681,747,-4,794,13.69,774.2,533,31.0,30.9,0,2.7,2067.6,0,16.83,19.6,40.8,34.0,40.3,34.7,34.9,34.2,34.5,35.7,56.6,56.4,34,42,26.2,30.7,34,33,35,0,0,0,6,6,4,0,29,29,29,40,47,48,42,42,40,44.79,44.81,44.82,65,550,6.9,0,0,0
12.47,284,2.7,2.66,2.66,13.1,13.9,13.2,12.88,-14.4,0.11,0.12,208.2,7.4,27,1,1,584,679,685,3,714,12.91,729.7,518,31.8,31.6,0,2.6,1577.1,0,16.09,19.6,39.9,33.3,39.5,33.8,33.9,33.5,34.0,35.1,56.5,56.4,35,41,26.0,30.7,34,34,36,0,0,0,6,6,4,0,29,29,29,40,47,47,41,41,39,44.79,44.81,44.82,65,550,6.6,0,0,0
8.3,172,0.24,0.19,0.19,10.4,11.6,13.8,8.55,6.3,0.16,0.14,207.6,5.0,18,1,1,159,676,188,-2,199,8.64,312.3,221,31.1,30.9,0,2.6,640.7,0,12.55,19.6,40.2,33.2,39.7,34.0,34.2,33.6,34.3,35.2,56.6,56.4,34,41,26.0,30.7,32,32,35,0,0,0,6,6,4,0,29,29,29,40,47,47,41,41,39,44.79,44.81,44.82,63,550,6.6,0,0,0
8.52,176,0.24,0.19,0.19,11.9,10.5,14.5,8.9,7.6,0.09,0.16,207.7,4.8,13,1,1,178,676,209,-3,222,9.0,332.7,233,30.3,30.2,0,2.6,660.0,0,12.67,19.6,40.3,33.3,39.8,34.2,34.3,33.7,34.3,35.3,56.6,56.5,34,42,26.0,30.7,31,31,35,0,0,0,6,6,4,0,29,29,29,40,47,47,42,42,39,44.79,44.81,44.82,65,550,6.6,0,0,0
11.29,252,0.24,0.19,0.19,11.0,12.8,15.6,11.92,-15.0,0.01,0.13,207.7,4.9,33,1,1,434,678,511,2,540,11.98,605.4,417,29.9,30.7,0,2.7,1959.1,0,16.67,19.6,40.8,34.1,40.3,34.6,34.7,34.3,34.4,35.5,56.5,56.4,33,42,26.2,30.7,33,33,36,0,0,0,6,6,4,0,29,29,29,40,47,47,42,42,40,44.78,44.81,44.82,65,550,6.8,0,0,0
8.56,128,0.24,0.2,0.2,11.4,10.7,14.3,8.89,2.4,-0.02,0.09,208.2,5.5,20,1,1,184,675,216,-4,229,9.04,322.0,231,32.2,32.0,0,2.7,503.7,0,11.58,19.6,40.0,33.3,39.5,33.8,34.0,33.5,34.1,35.1,56.6,56.4,34,42,26.0,30.7,33,33,35,0,0,0,6,6,4,0,29,29,29,39,47,47,42,42,39,44.79,44.81,44.82,64,550,6.6,0,0,0
12.51,352,0.25,0.21,0.21,11.3,12.8,17.0,12.81,-2.0,0.1,0.18,208.2,7.3,27,1,1,536,679,631,1,661,12.89,691.8,479,32.1,32.1,0,2.7,1577.1,0,16.09,19.6,39.9,33.2,39.4,33.8,33.9,33.5,34.0,35.1,56.6,56.4,34,41,26.0,30.7,35,35,35,0,0,0,6,6,4,0,29,29,29,40,47,47,41,41,39,44.79,44.81,44.82,65,550,6.7,0,0,0
12.21,116,0.24,0.19,0.19,11.6,11.3,15.7,12.24,-18.3,0.19,0.19,207.6,5.7,30,1,1,508,678,598,1,629,12.63,679.0,460,30.9,31.6,0,2.6,2067.6,0,16.83,19.6,40.7,33.8,40.1,34.5,34.6,34.1,34.3,35.3,56.6,56.4,35,42,26.2,30.7,35,34,36,0,0,0,6,6,4,0,29,29,29,40,47,47,42,42,40,44.79,44.81,44.82,66,550,6.7,0,0,0
12.97,340,0.24,0.19,0.2,11.3,12.8,17.3,13.15,-13.9,0.03,0.19,207.9,4.7,32,1,1,595,679,701,-1,748,13.31,760.3,517,32.1,33.1,0,2.6,2067.6,0,16.83,19.6,40.4,33.6,39.9,34.3,34.4,33.9,34.1,35.1,56.5,56.3,34,42,26.0,30.7,37,36,36,0,0,0,6,6,4,0,29,29,29,40,47,47,42,42,39,44.79,44.81,44.82,65,550,7.0,0,0,0
8.37,68,0.24,0.19,0.19,10.4,11.1,14.4,8.85,29.9,0.09,0.17,207.8,4.9,20,1,1,181,676,213,-5,226,8.98,336.1,234,29.9,29.8,0,2.6,659.0,0,12.66,19.6,40.4,33.6,39.9,34.2,34.4,33.8,34.3,35.4,56.6,56.5,34,41,26.0,30.7,31,31,35,0,0,0,6,6,4,0,29,29,29,40,47,47,41,41,39,44.79,44.81,44.83,65,550,6.6,0,0,0
12.58,180,0.24,0.19,0.19,12.2,11.8,16.7,12.85,-17.1,0.05,0.17,207.7,7.7,30,1,1,546,679,643,3,670,12.93,701.4,480,30.9,31.6,0,2.6,1959.1,0,16.67,19.6,40.8,33.9,40.3,34.6,34.7,34.2,34.4,35.4,56.6,56.4,34,42,26.2,30.7,34,34,36,0,0,0,6,6,4,0,29,29,29,40,47,47,42,42,40,44.79,44.81,44.82,65,550,6.8,0,0,0
11.75,248,0.24,0.19,0.19,11.4,12.5,15.9,11.99,-14.1,0.12,0.14,207.9,6.7,35,1,1,446,678,525,1,557,12.12,615.8,422,30.0,30.6,0,2.7,1712.1,0,16.3,19.6,40.8,34.1,40.3,34.7,34.8,34.3,34.4,35.5,56.6,56.4,34,42,26.2,30.7,33,33,36,0,0,0,6,6,4,0,29,29,29,40,47,47,42,42,40,44.79,44.81,44.82,65,550,6.9,0,0,0
12.0,32,0.24,0.19,0.19,11.2,11.4,15.5,12.38,-14.1,0.09,0.16,207.7,6.3,32,1,1,501,679,591,-1,628,12.61,684.3,461,30.2,31.0,0,2.7,1959.1,0,16.67,19.7,40.8,33.8,40.2,34.6,34.7,34.3,34.4,35.4,56.6,56.4,34,42,26.2,30.7,34,33,36,0,0,0,6,6,4,0,29,29,29,40,47,47,42,42,40,44.79,44.81,44.82,65,550,6.9,0,0,0
13.39,292,0.25,0.2,0.2,11.8,12.5,16.1,13.75,3.7,0.04,0.14,205.8,8.9,17,1,1,661,681,781,5,828,13.85,798.3,553,31.3,31.3,0,2.6,2067.6,0,16.83,19.6,40.8,34.0,40.3,34.7,34.8,34.3,34.5,35.7,56.6,56.4,34,42,26.2,30.7,34,34,35,0,0,0,6,6,4,0,29,29,29,40,47,48,42,42,40,44.79,44.81,44.82,65,550,6.9,0,0,0
12.51,36,0.24,0.19,0.19,11.3,11.8,16.0,12.73,-12.1,0.08,0.13,207.7,8.0,29,1,1,541,679,637,1,666,12.91,697.2,484,30.4,31.2,0,2.7,1959.1,0,16.67,19.6,40.8,34.0,40.3,34.6,34.7,34.3,34.4,35.4,56.5,56.3,34,42,26.2,30.7,34,34,36,0,0,0,6,6,4,0,29,29,29,40,47,47,42,42,40,44.79,44.81,44.82,65,560,6.8,0,0,0
12.23,188,0.24,0.19,0.19,12.3,11.6,16.3,12.53,-13.6,0.01,0.14,207.9,6.6,29,1,1,502,678,591,1,620,12.6,670.7,456,31.4,32.1,0,2.7,2067.6,0,16.83,19.7,40.7,33.8,40.2,34.5,34.6,34.0,34.3,35.3,56.6,56.4,33,42,26.2,30.7,35,34,36,0,0,0,6,6,4,0,29,29,29,40,47,47,42,42,40,44.79,44.81,44.83,66,550,6.7,0,0,0
11.73,244,0.24,0.19,0.19,11.7,12.4,15.9,11.98,-16.5,0.09,0.14,207.8,6.7,36,1,1,446,679,525,4,545,12.09,615.7,425,29.4,30.2,0,2.6,1712.1,0,16.3,19.7,40.8,34.0,40.4,34.6,34.8,34.2,34.4,35.5,56.5,56.4,34,42,26.2,30.7,33,32,36,0,0,0,6,6,4,0,29,29,29,40,47,47,42,42,40,44.79,44.81,44.82,65,550,6.9,0,0,0
8.53,136,0.24,0.19,0.19,11.1,11.9,13.7,8.67,1.3,0.04,0.16,208.0,4.8,15,1,1,171,676,201,-3,208,8.72,315.7,219,30.0,30.0,0,2.6,654.9,0,12.64,19.6,40.3,33.3,39.7,34.1,34.3,33.7,34.3,35.3,56.6,56.5,34,41,26.0,30.7,31,32,36,0,0,0,6,6,4,0,29,29,29,40,47,47,41,41,39,44.79,44.81,44.82,64,550,6.7,0,0,0
8.12,312,0.24,0.2,0.2,10.4,12.0,13.4,8.25,-6.6,0.14,0.19,207.6,4.1,20,1,1,150,675,176,-3,184,8.34,286.6,201,31.7,31.6,0,2.6,503.7,0,11.58,19.6,40.1,33.1,39.6,33.9,34.1,33.5,34.2,35.2,56.6,56.5,34,42,26.0,30.7,32,33,35,0,0,0,6,6,4,0,29,29,29,40,47,47,42,42,39,44.79,44.81,44.82,65,550,6.6,0,0,0
11.42,36,0.24,0.19,0.19,11.1,11.1,15.9,11.78,-24.2,0.03,0.16,208.0,4.7,35,1,1,437,678,514,1,530,11.96,603.7,412,30.0,30.7,0,2.6,1959.1,0,16.67,19.6,40.8,34.1,40.4,34.6,34.7,34.3,34.4,35.5,56.5,56.4,34,42,26.2,30.7,33,33,36,0,0,0,6,6,4,0,29,29,29,40,47,47,42,42,40,44.78,44.81,44.82,66,550,6.9,0,0,0
8.15,348,0.24,0.19,0.2,10.5,11.1,14.0,8.27,-9.8,0.06,0.14,207.7,4.6,21,1,1,151,675,177,-2,184,8.37,286.1,202,31.2,31.1,0,2.6,503.7,0,11.58,19.6,40.1,33.1,39.5,33.9,34.1,33.5,34.2,35.2,56.6,56.4,34,42,26.0,30.7,32,33,35,0,0,0,6,6,4,0,29,29,29,40,47,47,42,42,39,44.79,44.81,44.82,65,550,6.6,0,0,0
12.39,256,0.24,0.19,0.19,11.8,12.4,16.6,12.73,-25.1,0.19,0.17,208.1,5.4,29,1,1,521,678,614,-2,647,12.78,699.9,469,31.2,32.1,0,2.6,2067.6,0,16.83,19.6,40.7,33.8,40.2,34.5,34.6,34.2,34.3,35.3,56.5,56.4,34,42,26.2,30.7,35,35,36,0,0,0,6,6,4,0,29,29,29,40,47,47,42,42,40,44.79,44.81,44.82,65,550,6.7,0,0,0
11.41,24,0.24,0.19,0.19,10.7,13.0,15.4,11.54,5.9,0.09,0.08,187.6,7.1,34,1,1,404,679,476,-3,498,11.71,579.9,398,29.7,30.2,0,2.7,1500.0,0,15.98,19.6,40.8,34.0,40.4,34.6,34.9,34.1,34.5,35.5,56.6,56.4,34,42,26.2,30.7,32,32,36,0,0,0,6,6,4,0,29,29,29,40,47,47,42,42,40,44.79,44.81,44.82,65,550,6.9,0,0,0
10.98,20,0.24,0.19,0.19,10.8,12.5,15.3,11.29,3.2,0.16,0.17,206.6,6.9,23,1,1,380,679,448,-3,468,11.46,541.6,378,29.9,29.7,0,2.6,1412.3,0,15.83,19.6,40.8,33.9,40.2,34.6,34.8,34.3,34.5,35.6,56.6,56.4,34,42,26.2,30.7,32,31,36,0,0,0,6,6,4,0,29,29,29,40,47,48,42,42,40,44.79,44.81,44.82,65,550,6.9,0,0,0
13.7,196,0.24,0.19,0.2,11.7,12.5,16.7,13.93,-17.9,0.19,0.18,207.4,7.6,30,1,1,713,680,841,-2,877,14.09,934.6,575,33.0,33.2,0,2.6,2067.6,0,16.83,19.7,40.3,33.5,39.8,34.2,34.3,33.7,34.1,35.1,56.5,56.4,34,42,26.0,30.7,37,37,36,0,0,0,6,6,4,0,29,29,29,40,47,47,42,42,39,44.79,44.81,44.82,65,560,6.9,0,0,0
8.75,104,0.24,0.19,0.19,10.4,10.7,14.8,8.87,17.0,0.07,0.14,208.1,5.4,12,1,1,181,676,213,-3,221,8.98,335.1,233,30.3,30.2,0,2.7,660.0,0,12.67,19.6,40.3,33.4,39.8,34.2,34.3,33.7,34.3,35.4,56.6,56.4,34,41,26.0,30.7,31,31,35,0,0,0,6,6,4,0,29,29,29,40,47,47,41,41,39,44.79,44.81,44.82,65,550,6.6,0,0,0
13.33,48,0.24,0.19,0.19,12.2,12.5,17.8,13.65,8.8,0.16,0.14,207.9,7.7,26,1,1,653,680,770,-4,812,13.72,798.7,546,31.9,32.6,0,2.7,2067.6,0,16.83,19.7,40.6,33.7,40.1,34.4,34.5,33.9,34.2,35.2,56.5,56.4,34,42,26.1,30.7,36,35,36,0,0,0,6,6,4,0,29,29,29,40,47,48,42,42,40,44.79,44.81,44.83,65,560,6.6,0,0,0
10.44,240,0.24,0.19,0.19,10.6,11.3,15.0,10.82,6.6,0.09,0.08,207.4,4.8,28,1,1,330,679,389,-3,410,10.95,510.5,350,29.0,29.6,0,2.7,1647.2,0,16.2,19.6,40.8,34.1,40.3,34.7,34.8,34.4,34.5,35.5,56.6,56.4,34,42,26.2,30.7,32,31,36,0,0,0,6,6,4,0,29,29,29,40,47,48,42,42,40,44.79,44.81,44.82,65,550,6.9,0,0,0
8.65,320,0.24,0.19,0.19,10.4,11.5,13.8,8.73,1.7,0.07,0.14,207.9,4.4,14,1,1,172,676,202,-1,210,8.85,325.2,229,30.3,30.2,0,2.6,660.0,0,12.67,19.6,40.3,33.4,39.7,34.1,34.3,33.7,34.3,35.3,56.6,56.5,33,41,26.0,30.7,31,32,36,0,0,0,6,6,4,0,29,29,29,40,47,47,41,41,39,44.79,44.81,44.82,65,550,6.7,0,0,0
13.76,56,0.24,0.2,0.21,12.2,12.7,17.7,13.99,-5.9,0.01,0.11,207.4,7.1,28,1,1,703,680,829,4,859,14.16,819.6,567,33.4,33.4,0,2.6,2067.6,0,16.83,19.7,40.2,33.3,39.6,34.0,34.2,33.6,34.0,35.0,56.5,56.4,34,41,26.0,30.7,36,36,35,0,0,0,6,6,4,0,29,29,29,40,47,47,41,41,39,44.79,44.81,44.82,65,550,6.9,0,0,0
12.51,300,0.25,0.2,0.2,11.7,12.4,17.2,13.03,-2.6,0.16,0.21,206.3,7.3,21,1,1,560,680,660,-3,691,13.11,716.6,491,29.6,29.8,0,2.6,1993.2,0,16.72,19.6,40.8,34.0,40.2,34.6,34.8,34.2,34.5,35.6,56.6,56.4,33,42,26.2,30.7,33,32,36,0,0,0,6,6,4,0,29,29,29,40,47,48,42,42,40,44.79,44.81,44.82,65,550,6.9,0,0,0
13.41,128,0.24,0.19,0.2,11.4,12.2,15.8,13.63,-15.5,0.0,0.14,208.0,6.7,32,1,1,624,680,736,-3,715,13.8,904.6,545,32.6,33.6,0,2.7,2067.6,0,16.83,19.6,40.4,33.5,39.9,34.2,34.3,33.7,34.1,35.1,56.5,56.4,34,42,26.0,30.7,37,37,36,0,0,0,6,6,4,0,29,29,29,40,47,47,42,42,40,44.79,44.81,44.82,65,550,6.9,0,0,0
12.47,224,0.25,0.2,0.2,11.2,12.5,16.8,12.69,0.9,0.02,0.11,206.1,6.2,20,1,1,532,679,627,-2,659,12.83,700.9,478,30.4,30.5,0,2.7,2021.1,0,16.76,19.6,40.8,34.1,40.3,34.6,34.9,34.1,34.5,35.6,56.6,56.4,34,42,26.2,30.7,34,33,36,0,0,0,6,6,4,0,29,29,29,40,47,48,42,42,40,44.79,44.81,44.82,65,550,6.9,0,0,0
12.78,84,0.25,0.2,0.2,11.8,11.9,16.1,13.12,-2.2,0.03,0.18,205.9,7.7,20,1,1,586,679,690,-2,720,13.18,745.4,505,29.9,30.1,0,2.7,1993.2,0,16.72,19.6,40.8,34.0,40.2,34.6,34.8,34.2,34.5,35.6,56.6,56.4,33,42,26.2,30.7,33,33,36,0,0,0,6,6,4,0,29,29,29,40,47,48,42,42,40,44.79,44.81,44.82,65,550,6.9,0,0,0
8.34,168,0.24,0.19,0.2,10.5,10.6,14.5,8.44,5.3,-0.02,0.09,207.7,4.3,19,1,1,155,675,183,-2,199,8.56,303.4,212,31.8,31.6,0,2.7,503.7,0,11.58,19.6,40.1,33.1,39.5,33.9,34.0,33.6,34.1,35.1,56.6,56.4,34,41,26.0,30.7,33,33,35,0,0,0,6,6,4,0,29,29,29,40,47,47,41,41,39,44.79,44.81,44.83,63,550,6.6,0,0,0
10.9,20,0.24,0.19,0.19,11.3,11.1,15.4,11.01,-0.4,0.08,0.1,206.7,6.0,27,1,1,364,679,429,4,441,11.26,531.5,365,28.9,29.1,0,2.7,1412.3,0,15.83,19.6,40.8,34.1,40.3,34.7,34.8,34.2,34.5,35.6,56.6,56.4,34,42,26.2,30.7,31,31,36,0,0,0,6,6,4,0,29,29,29,40,47,48,42,42,40,44.79,44.81,44.82,65,560,6.8,0,0,0
11.71,36,0.24,0.19,0.19,11.1,11.1,15.4,11.88,-13.2,0.09,0.13,207.8,6.0,32,1,1,454,678,535,-2,555,12.1,622.3,425,30.5,31.1,0,2.6,1959.1,0,16.67,19.6,40.8,34.0,40.2,34.6,34.8,34.1,34.4,35.5,56.5,56.4,34,42,26.2,30.7,33,33,36,0,0,0,6,6,4,0,29,29,29,40,47,47,42,42,40,44.79,44.81,44.82,65,560,6.9,0,0,0
8.81,320,0.24,0.19,0.19,11.4,11.6,14.0,9.03,16.3,0.09,0.19,207.9,4.3,24,1,1,185,676,218,-3,239,9.05,340.5,236,29.8,29.8,0,2.6,659.0,0,12.66,19.6,40.4,33.4,39.8,34.2,34.4,33.6,34.3,35.4,56.6,56.4,34,41,26.0,30.7,31,31,35,0,0,0,6,6,4,0,29,29,29,40,47,47,41,41,39,44.79,44.81,44.82,64,540,6.6,0,0,0
10.62,312,0.24,0.19,0.19,11.6,10.9,15.2,10.68,7.5,0.11,0.19,206.8,5.6,27,1,1,335,679,395,2,407,10.96,507.3,345,28.8,29.4,0,2.7,1647.2,0,16.2,19.6,40.8,34.1,40.4,34.7,34.8,34.4,34.5,35.5,56.6,56.4,34,42,26.2,30.7,32,31,36,0,0,0,6,6,4,0,29,29,29,40,47,48,42,42,40,44.79,44.81,44.82,65,550,6.8,0,0,0
13.54,124,0.24,0.19,0.2,11.8,12.9,18.4,14.0,-15.1,-0.02,0.16,207.8,7.8,29,1,1,715,680,843,-3,887,14.17,932.8,576,33.5,33.6,0,2.7,2067.6,0,16.83,19.7,40.3,33.5,39.8,34.2,34.2,33.8,34.1,35.1,56.5,56.4,34,42,26.0,30.7,37,37,36,0,0,0,6,6,4,0,29,29,29,40,47,47,42,42,40,44.79,44.81,44.82,65,550,6.9,0,0,0
8.76,248,0.24,0.19,0.19,11.4,10.6,15.0,8.94,12.8,0.07,0.14,208.1,4.6,26,1,1,181,676,213,-3,229,9.11,341.0,237,29.3,29.4,0,2.7,659.0,0,12.66,19.6,40.4,33.4,39.8,34.2,34.4,33.7,34.3,35.4,56.6,56.4,34,41,26.0,30.7,31,31,35,0,0,0,6,6,4,0,29,29,29,40,47,47,41,41,39,44.79,44.81,44.82,65,540,6.6,0,0,0
12.62,212,3.15,3.1,3.1,13.4,14.3,14.3,12.81,-12.5,0.14,0.16,208.1,7.1,26,1,1,550,679,648,-3,674,13.01,679.2,489,31.8,31.6,0,2.6,1577.1,0,16.09,19.6,39.9,33.3,39.5,33.8,34.0,33.4,34.0,35.1,56.5,56.4,33,41,26.0,30.7,34,34,35,0,0,0,6,6,4,0,29,29,29,40,47,47,41,41,39,44.79,44.81,44.82,65,550,6.7,0,0,0
12.99,264,0.24,0.19,0.19,11.3,12.9,17.3,13.23,-10.8,0.08,0.19,207.9,6.6,32,1,1,601,679,708,3,751,13.39,757.3,517,32.0,32.6,0,2.7,2067.6,0,16.83,19.7,40.5,33.6,40.0,34.3,34.4,33.9,34.2,35.1,56.5,56.4,33,42,26.0,30.7,36,36,36,0,0,0,6,6,4,0,29,29,29,40,47,48,42,42,40,44.79,44.81,44.83,65,560,6.8,0,0,0
12.6,12,0.25,0.2,0.2,11.3,11.6,15.2,12.63,-6.0,0.08,0.07,206.0,6.5,21,1,1,554,680,654,-4,685,12.99,721.2,490,30.1,30.3,0,2.7,2021.1,0,16.76,19.6,40.8,34.0,40.3,34.6,34.9,34.1,34.5,35.6,56.6,56.4,34,42,26.2,30.7,33,33,36,0,0,0,6,6,4,0,29,29,29,40,47,48,42,42,40,44.79,44.81,44.82,65,550,6.9,0,0,0
13.42,208,0.25,0.19,0.19,11.6,12.8,19.4,13.65,18.3,0.08,0.26,208.0,8.3,23,1,1,652,680,769,-3,802,13.75,791.3,549,32.8,32.8,0,2.6,2067.6,0,16.83,19.7,40.0,33.1,39.4,33.8,34.0,33.5,34.0,35.0,56.5,56.4,34,41,26.0,30.7,36,35,35,0,0,0,6,6,4,0,29,29,29,40,47,47,41,41,39,44.8,44.81,44.82,65,550,6.6,0,0,0
11.35,320,0.24,0.19,0.19,10.9,12.5,15.9,11.8,-30.9,0.09,0.11,27.0,6.0,41,1,1,424,678,500,-2,523,11.88,591.4,408,29.4,30.2,0,2.7,1500.0,0,15.98,19.6,40.8,34.1,40.4,34.7,34.8,34.3,34.4,35.5,56.6,56.4,34,42,26.2,30.7,32,32,36,0,0,0,6,6,4,2,29,29,29,40,47,47,42,42,40,44.79,44.81,44.82,65,550,6.9,0,0,0
13.14,200,0.24,0.19,0.2,11.8,11.9,15.8,13.51,-14.2,0.19,0.08,207.8,6.5,31,1,1,647,680,763,-2,808,13.76,809.8,547,32.6,33.4,0,2.7,2067.6,0,16.83,19.7,40.4,33.5,39.9,34.2,34.4,33.7,34.1,35.1,56.5,56.4,34,42,26.0,30.7,37,37,36,0,0,0,6,6,4,0,29,29,29,40,47,47,42,42,40,44.79,44.81,44.82,65,550,7.0,0,0,0
8.02,60,0.24,0.19,0.19,10.4,11.7,13.6,8.1,-3.3,0.14,0.12,207.8,4.9,19,1,1,143,675,168,-2,164,8.21,276.6,195,31.7,31.4,0,2.6,503.7,0,11.58,19.6,40.1,33.1,39.5,33.9,34.0,33.5,34.2,35.2,56.6,56.5,34,42,26.0,30.7,32,33,35,0,0,0,6,6,4,0,29,29,29,40,47,47,42,42,39,44.79,44.81,44.82,64,550,6.6,0,0,0
13.03,76,0.25,0.2,0.2,11.6,12.4,15.7,13.15,25.9,0.08,0.15,206.0,6.4,12,1,1,609,680,719,5,752,13.4,772.3,523,31.3,31.4,0,2.6,2067.6,0,16.83,19.6,40.9,34.1,40.4,34.8,34.9,34.5,34.7,35.7,56.6,56.4,34,42,26.2,30.7,35,35,36,0,0,0,6,6,4,0,29,29,29,40,47,48,42,42,40,44.79,44.81,44.82,66,550,7.0,0,0,0
8.52,316,0.24,0.19,0.19,10.5,10.6,14.8,8.48,1.8,0.1,0.16,207.7,5.0,18,1,1,155,676,183,-2,194,8.66,303.0,213,30.4,30.3,0,2.7,640.7,0,12.55,19.6,40.2,33.4,39.7,34.1,34.2,33.7,34.2,35.3,56.6,56.5,34,41,26.0,30.7,32,32,35,0,0,0,6,6,4,0,29,29,29,40,47,47,41,41,39,44.79,44.81,44.82,65,550,6.6,0,0,0
13.09,272,0.25,0.19,0.19,11.9,13.0,16.4,13.5,-8.5,0.11,0.05,208.1,7.4,23,1,1,665,680,784,-3,824,13.71,813.3,551,32.6,32.6,0,2.7,2067.6,0,16.83,19.7,40.1,33.3,39.6,34.0,34.1,33.5,34.0,35.1,56.5,56.4,34,41,26.0,30.7,36,36,36,0,0,0,6,6,4,0,29,29,29,40,47,47,41,41,39,44.79,44.81,44.82,66,560,6.8,0,0,0
13.44,128,0.25,0.19,0.19,11.6,12.8,17.9,13.67,6.1,0.13,0.16,208.4,6.8,21,1,1,674,680,795,-2,832,13.84,821.7,562,32.5,32.4,0,2.6,2067.6,0,16.83,19.7,40.1,33.3,39.6,33.9,34.1,33.5,34.0,35.1,56.5,56.4,34,41,26.0,30.7,36,36,36,0,0,0,6,6,4,0,29,29,29,40,47,47,41,41,39,44.79,44.81,44.82,65,550,6.7,0,0,0
8.31,140,0.24,0.19,0.19,11.4,10.6,14.7,8.77,18.6,0.12,0.14,207.9,4.6,20,1,1,183,675,215,-3,219,8.9,329.7,229,30.0,29.9,0,2.7,660.0,0,12.67,19.6,40.4,33.6,39.8,34.2,34.4,33.7,34.3,35.4,56.6,56.5,34,41,26.0,30.7,31,31,35,0,0,0,6,6,4,0,29,29,29,40,47,47,41,41,39,44.79,44.81,44.83,65,540,6.6,0,0,0
11.64,140,0.24,0.19,0.2,11.0,11.7,15.4,11.76,-12.4,0.05,0.16,208.0,6.6,25,1,1,417,677,491,0,516,11.94,569.7,403,32.0,31.9,0,2.7,565.6,0,12.04,19.6,39.9,33.1,39.4,33.8,34.0,33.4,34.0,35.1,56.6,56.4,33,41,26.0,30.7,33,33,35,0,0,0,6,6,4,0,29,29,29,40,47,47,41,41,39,44.79,44.81,44.82,65,550,6.7,0,0,0
11.34,28,0.24,0.19,0.19,10.9,12.7,15.7,11.71,-5.9,0.09,0.14,27.2,6.8,38,1,1,423,679,499,-2,526,11.87,593.5,408,29.3,29.9,0,2.7,1500.0,0,15.98,19.6,40.8,34.1,40.5,34.7,34.8,34.2,34.5,35.5,56.6,56.4,34,42,26.2,30.7,32,32,36,0,0,0,6,6,4,2,29,29,29,40,47,48,42,42,40,44.79,44.81,44.82,65,550,6.9,0,0,0
12.87,156,0.25,0.2,0.2,12.0,12.2,16.5,13.25,2.9,0.08,0.13,206.2,6.4,19,1,1,589,679,694,-3,735,13.27,743.9,509,29.9,30.1,0,2.7,1993.2,0,16.72,19.6,40.8,34.0,40.2,34.6,34.8,34.3,34.5,35.6,56.6,56.4,34,42,26.2,30.7,33,33,36,0,0,0,6,6,4,0,29,29,29,40,47,48,42,42,40,44.79,44.81,44.82,65,550,6.9,0,0,0
13.31,120,0.24,0.19,0.19,11.4,12.9,18.0,13.54,7.8,0.09,0.14,207.7,6.7,26,1,1,653,680,771,-2,806,13.7,800.2,547,32.0,32.7,0,2.6,2067.6,0,16.83,19.7,40.6,33.7,40.1,34.4,34.5,33.9,34.2,35.2,56.6,56.4,34,42,26.1,30.7,36,35,36,0,0,0,6,6,4,0,29,29,29,40,47,48,42,42,40,44.79,44.81,44.83,66,550,6.5,0,0,0
12.69,0,0.25,0.2,0.2,11.6,11.8,15.1,12.81,19.3,0.12,0.14,205.6,6.1,11,1,1,576,679,679,-2,715,13.11,743.1,505,31.6,31.4,0,2.7,2067.6,0,16.83,19.6,40.9,34.1,40.4,34.8,34.9,34.4,34.7,35.7,56.6,56.4,34,42,26.2,30.7,35,35,36,0,0,0,6,6,4,0,29,29,29,40,47,48,42,42,40,44.79,44.81,44.82,65,550,7.0,0,0,0
13.15,116,0.24,0.19,0.19,12.2,12.5,17.2,13.54,-9.5,0.09,0.16,207.5,6.7,32,1,1,624,679,735,-2,785,13.57,781.3,532,32.0,32.8,0,2.7,2067.6,0,16.83,19.7,40.5,33.7,40.0,34.4,34.4,34.0,34.2,35.2,56.5,56.4,34,42,26.0,30.7,36,35,36,0,0,0,6,6,4,0,29,29,29,40,47,48,42,42,40,44.79,44.81,44.82,65,560,6.6,0,0,0
11.66,108,0.24,0.19,0.19,12.1,11.3,15.9,12.01,-14.2,0.09,0.13,207.8,5.6,32,1,1,448,678,527,2,546,12.02,621.7,425,30.5,31.1,0,2.6,1959.1,0,16.67,19.6,40.8,34.0,40.3,34.6,34.8,34.2,34.4,35.4,56.5,56.4,34,42,26.2,30.7,33,33,36,0,0,0,6,6,4,0,29,29,29,40,47,47,42,42,40,44.79,44.81,44.82,65,560,6.9,0,0,0
12.28,296,0.25,0.2,0.2,11.2,11.9,15.2,12.47,8.7,0.07,0.12,205.9,7.0,19,1,1,510,679,601,-4,628,12.62,678.8,463,30.6,30.7,0,2.7,2021.1,0,16.76,19.6,40.8,34.1,40.2,34.6,34.9,34.1,34.6,35.7,56.6,56.4,34,42,26.2,30.7,33,33,36,0,0,0,6,6,4,0,29,29,29,40,47,48,42,42,40,44.79,44.81,44.82,65,560,7.0,0,0,0
12.9,60,0.25,0.19,0.19,11.5,12.5,17.7,13.35,-20.3,0.11,0.13,207.7,8.5,29,1,1,599,679,707,-3,742,13.48,753.5,516,33.0,32.9,0,2.6,2067.6,0,16.83,19.7,40.1,33.4,39.6,34.0,34.1,33.7,34.0,35.0,56.5,56.4,34,42,26.0,30.7,36,36,35,0,0,0,6,6,4,0,29,29,29,40,47,47,42,42,40,44.79,44.81,44.82,65,550,6.9,0,0,0
12.39,8,0.25,0.2,0.2,11.3,11.5,15.2,12.49,3.4,0.16,0.14,205.9,5.0,20,1,1,534,679,629,-3,660,12.81,698.4,474,30.5,30.6,0,2.7,2021.1,0,16.76,19.6,40.8,34.1,40.3,34.6,34.9,34.1,34.5,35.6,56.6,56.4,34,42,26.2,30.7,34,33,36,0,0,0,6,6,4,0,29,29,29,40,47,48,42,42,40,44.79,44.81,44.82,65,550,6.9,0,0,0
7.64,348,0.24,0.19,0.19,10.4,10.9,14.1,8.15,6.2,0.09,0.13,207.7,2.4,17,1,1,139,675,164,-2,172,8.31,286.6,196,30.8,30.7,0,2.7,663.1,0,12.69,19.6,40.2,33.5,39.6,34.0,34.2,33.6,34.2,35.2,56.6,56.5,34,42,26.0,30.7,32,32,35,0,0,0,6,6,4,0,29,29,29,39,47,47,42,42,39,44.79,44.81,44.82,65,550,6.7,0,0,0
11.08,284,0.24,0.2,0.2,11.9,11.4,15.9,11.39,-15.0,0.16,0.21,208.2,7.3,24,1,1,360,677,423,-5,451,11.42,514.7,364,31.6,31.6,0,2.6,565.6,0,12.04,19.6,39.9,33.1,39.4,33.8,34.0,33.5,34.1,35.1,56.6,56.4,34,41,26.0,30.7,33,33,35,0,0,0,6,6,4,0,29,29,29,40,47,47,41,41,39,44.79,44.81,44.82,65,540,6.7,0,0,0
12.56,292,0.25,0.2,0.2,11.5,12.8,17.1,13.04,17.2,-0.02,0.14,206.0,6.5,12,1,1,590,679,695,-2,731,13.22,750.3,508,31.4,31.5,0,2.6,2067.6,0,16.83,19.6,40.9,34.1,40.4,34.8,34.9,34.4,34.7,35.7,56.6,56.4,34,42,26.2,30.7,35,35,36,0,0,0,6,6,4,0,29,29,29,40,47,48,42,42,40,44.79,44.81,44.82,65,550,7.0,0,0,0
8.66,104,0.24,0.19,0.19,11.3,11.7,14.0,8.84,21.4,0.1,0.16,207.9,4.9,15,1,1,177,676,208,-2,213,8.89,327.5,230,29.6,29.6,0,2.7,660.0,0,12.67,19.6,40.4,33.4,39.8,34.2,34.3,33.6,34.3,35.4,56.6,56.5,33,41,26.0,30.7,31,31,35,0,0,0,6,6,4,0,28,29,29,40,47,47,41,41,39,44.79,44.81,44.82,64,550,6.7,0,0,0
11.51,100,0.24,0.19,0.19,10.9,11.8,15.3,11.66,-17.2,0.09,0.14,27.4,5.3,40,1,1,426,678,502,-1,525,11.9,594.0,409,29.1,29.8,0,2.7,1500.0,0,15.98,19.6,40.8,34.1,40.4,34.6,34.8,34.2,34.5,35.5,56.6,56.5,34,42,26.2,30.7,32,32,36,0,0,0,6,6,4,2,29,29,29,40,47,48,42,42,40,44.79,44.81,44.82,65,550,6.9,0,0,0
12.44,144,0.25,0.2,0.2,12.2,12.2,16.6,12.81,9.8,0.03,0.16,205.8,5.8,12,1,1,539,679,636,-3,669,12.85,712.2,480,31.3,31.4,0,2.6,2067.6,0,16.83,19.6,40.9,34.1,40.4,34.8,34.9,34.4,34.7,35.7,56.6,56.4,34,42,26.2,30.7,35,35,36,0,0,0,6,6,4,0,29,29,29,40,47,48,42,42,40,44.79,44.81,44.82,65,560,7.0,0,0,0
11.87,256,0.24,0.19,0.19,10.9,12.9,16.4,12.31,-11.3,0.11,0.18,207.4,6.1,31,1,1,486,679,573,-3,605,12.42,661.8,452,30.1,30.8,0,2.7,1959.1,0,16.67,19.6,40.8,34.0,40.3,34.6,34.7,34.2,34.4,35.4,56.5,56.4,34,42,26.2,30.7,34,33,36,0,0,0,6,6,4,0,29,29,29,40,47,47,42,42,40,44.79,44.81,44.82,65,550,6.9,0,0,0
10.74,244,0.24,0.19,0.19,11.8,11.2,15.4,11.08,-6.8,0.03,0.16,207.7,5.6,32,1,1,366,679,432,-3,448,11.27,544.8,370,29.3,30.1,0,2.7,1647.2,0,16.2,19.6,40.8,34.0,40.4,34.7,34.8,34.4,34.5,35.6,56.6,56.4,34,42,26.2,30.7,32,32,36,0,0,0,6,6,4,0,29,29,29,40,47,48,42,42,40,44.79,44.81,44.82,64,550,6.9,0,0,0
12.15,112,0.24,0.19,0.19,11.6,11.3,15.9,12.28,-4.9,0.11,0.14,207.9,7.0,28,1,1,497,678,585,-2,617,12.56,663.9,454,31.2,32.0,0,2.7,2067.6,0,16.83,19.6,40.7,33.8,40.2,34.5,34.7,34.2,34.3,35.4,56.5,56.4,34,42,26.2,30.7,34,34,36,0,0,0,6,6,4,0,29,29,29,40,47,47,42,42,40,44.79,44.81,44.82,65,550,6.7,0,0,0
13.81,340,0.24,0.19,0.2,12.0,12.4,15.8,14.09,-10.0,0.24,0.18,207.3,6.6,28,1,1,725,680,855,-5,905,14.28,928.7,587,33.3,33.5,0,2.6,2067.6,0,16.83,19.7,40.2,33.4,39.7,34.1,34.3,33.6,34.1,35.1,56.5,56.4,34,42,26.0,30.7,37,36,36,0,0,0,6,6,4,0,29,29,29,40,47,47,42,42,40,44.79,44.81,44.82,65,560,6.9,0,0,0
13.42,152,0.25,0.2,0.2,11.6,12.6,16.0,13.55,10.3,0.09,0.11,206.0,6.3,17,1,1,661,680,780,4,821,13.82,816.9,550,31.2,31.2,0,2.7,2067.6,0,16.83,19.6,40.9,34.1,40.3,34.7,34.9,34.4,34.6,35.7,56.6,56.4,34,42,26.2,30.7,35,35,36,0,0,0,6,6,4,0,29,29,29,40,47,48,42,42,40,44.79,44.81,44.82,66,560,7.0,0,0,0
13.52,348,0.25,0.19,0.19,12.2,12.4,17.7,13.94,1.9,0.02,0.24,208.2,7.7,22,1,1,690,680,814,4,856,13.96,823.4,564,32.9,32.8,0,2.6,2067.6,0,16.83,19.7,40.1,33.4,39.6,33.9,34.0,33.6,34.0,35.1,56.5,56.4,34,41,26.0,30.7,36,36,36,0,0,0,6,6,4,0,29,29,29,40,47,47,41,41,39,44.79,44.81,44.82,65,550,6.7,0,0,0
11.28,68,0.24,0.2,0.2,11.0,12.3,16.4,11.57,-14.9,0.21,0.17,208.0,7.8,25,1,1,394,677,463,-3,496,11.72,549.9,390,32.3,32.0,0,2.6,565.6,0,12.04,19.6,39.9,33.1,39.4,33.8,34.0,33.3,34.1,35.1,56.6,56.4,34,41,26.0,30.7,33,33,35,0,0,0,6,6,4,0,29,29,29,40,47,47,41,41,39,44.79,44.81,44.82,64,550,6.7,0,0,0
12.74,0,2.65,2.49,2.47,10.6,11.7,11.4,12.91,-3.3,0.09,0.24,207.7,7.1,24,1,1,496,678,584,1,612,13.04,636.5,435,32.1,31.9,0,2.7,565.6,0,12.04,19.6,39.9,33.2,39.4,33.8,34.0,33.3,34.0,35.1,56.6,56.4,34,41,26.0,30.7,34,34,35,0,0,0,6,6,4,0,29,29,29,40,47,47,41,41,39,44.79,44.81,44.82,65,550,6.7,0,0,0
12.95,192,0.24,0.19,0.19,12.2,12.4,17.1,13.23,-11.8,0.09,0.14,207.7,7.4,33,1,1,607,679,716,1,737,13.3,752.6,517,32.0,32.6,0,2.7,2067.6,0,16.83,19.7,40.5,33.6,40.0,34.3,34.4,33.9,34.2,35.1,56.5,56.4,34,42,26.0,30.7,36,36,36,0,0,0,6,6,4,0,29,29,29,40,47,48,42,42,39,44.79,44.81,44.83,65,550,6.8,0,0,0
11.44,184,0.24,0.19,0.19,11.7,12.1,15.9,12.14,-14.7,0.09,0.14,207.8,6.7,32,1,1,469,679,553,-3,581,12.21,641.4,436,30.1,30.9,0,2.7,1959.1,0,16.67,19.6,40.8,34.0,40.3,34.6,34.7,34.3,34.4,35.4,56.5,56.4,34,42,26.2,30.7,33,33,36,0,0,0,6,6,4,0,29,29,29,40,47,47,42,42,40,44.78,44.81,44.83,65,550,6.9,0,0,0
12.42,144,0.24,0.2,0.2,11.6,11.4,15.6,12.59,-4.8,0.1,0.23,208.1,6.8,25,1,1,494,678,581,-4,611,12.71,649.4,445,32.0,31.7,0,2.6,565.6,0,12.04,19.6,39.9,33.1,39.4,33.8,34.0,33.4,34.0,35.1,56.6,56.4,34,41,26.0,30.7,34,34,35,0,0,0,6,6,4,0,29,29,29,40,47,47,41,41,39,44.79,44.81,44.83,64,550,6.7,0,0,0
12.38,252,0.24,0.19,0.19,11.1,12.9,16.6,12.64,-16.1,0.12,0.13,207.9,6.5,32,1,1,516,678,607,0,643,12.7,689.0,466,30.6,31.4,0,2.7,1959.1,0,16.67,19.7,40.8,33.8,40.2,34.5,34.7,34.2,34.4,35.4,56.6,56.4,34,42,26.2,30.7,34,33,36,0,0,0,6,6,4,0,29,29,29,40,47,47,42,42,40,44.79,44.81,44.82,65,560,6.9,0,0,0
13.36,0,0.25,0.2,0.2,11.7,12.9,17.8,13.79,1.6,0.09,0.2,206.1,7.3,18,1,1,681,680,804,4,851,13.91,820.5,561,30.9,31.1,0,2.6,2067.6,0,16.83,19.6,40.9,34.2,40.4,34.7,34.8,34.4,34.6,35.7,56.6,56.4,34,42,26.2,30.7,34,34,36,0,0,0,6,6,4,0,29,29,29,40,47,48,42,42,40,44.79,44.81,44.83,65,550,7.0,0,0,0
11.94,68,0.25,0.2,0.2,11.8,11.4,15.6,12.28,-6.1,0.03,0.18,206.0,6.2,16,1,1,474,679,558,-3,592,12.33,653.0,442,31.6,31.6,0,2.7,2067.6,0,16.83,19.6,40.9,34.1,40.4,34.8,34.9,34.5,34.7,35.7,56.6,56.4,34,42,26.2,30.7,35,35,36,0,0,0,6,6,4,0,29,29,29,40,47,48,42,42,40,44.79,44.81,44.82,65,550,7.0,0,0,0
11.56,28,0.24,0.19,0.19,10.9,12.5,15.8,11.69,-22.8,0.07,0.12,27.3,4.7,41,1,1,421,678,496,-5,524,11.86,593.2,408,29.2,29.8,0,2.7,1500.0,0,15.98,19.6,40.8,34.1,40.4,34.6,34.8,34.2,34.5,35.5,56.6,56.5,34,42,26.2,30.7,32,32,36,0,0,0,6,6,4,2,29,29,29,40,47,47,42,42,40,44.79,44.81,44.82,65,550,6.9,0,0,0
8.25,60,0.24,0.2,0.2,11.3,10.4,14.5,8.31,-4.0,0.12,0.19,207.6,3.9,21,1,1,153,675,179,-1,194,8.49,288.3,204,31.6,31.4,0,2.7,503.7,0,11.58,19.6,40.1,33.1,39.5,33.9,34.0,33.6,34.2,35.2,56.6,56.4,34,42,26.0,30.7,32,33,35,0,0,0,6,6,4,0,29,29,29,39,47,47,42,42,39,44.79,44.81,44.82,65,550,6.6,0,0,0
14.03,52,0.24,0.19,0.2,12.2,12.7,17.1,14.35,-2.4,0.09,0.14,207.6,5.8,27,1,1,762,681,899,3,941,14.46,930.3,605,33.1,33.0,0,2.6,2067.6,0,16.83,19.7,40.2,33.4,39.7,34.1,34.3,33.6,34.0,35.1,56.5,56.4,34,42,26.0,30.7,37,36,36,0,0,0,6,6,4,0,29,29,29,40,47,47,42,42,40,44.79,44.81,44.82,66,550,6.9,0,0,0
13.54,148,0.25,0.2,0.2,11.7,12.8,16.1,13.72,0.6,0.05,0.14,205.9,7.9,18,1,1,674,681,796,-2,841,13.89,813.6,559,30.7,30.6,0,2.7,2067.6,0,16.83,19.6,40.8,34.0,40.3,34.7,34.8,34.3,34.6,35.7,56.6,56.4,34,42,26.2,30.7,34,34,35,0,0,0,6,6,4,0,29,29,29,40,47,48,42,42,40,44.79,44.81,44.82,65,560,7.0,0,0,0
13.15,116,0.24,0.19,0.19,11.6,12.5,15.9,13.33,4.8,0.09,0.13,207.7,7.6,24,1,1,643,679,758,5,794,13.55,791.7,537,31.1,31.9,0,2.7,2067.6,0,16.83,19.7,40.7,33.8,40.2,34.4,34.6,34.0,34.3,35.3,56.5,56.4,34,42,26.1,30.7,35,35,36,0,0,0,6,6,4,0,29,29,29,40,47,48,42,42,40,44.79,44.81,44.82,66,560,6.5,0,0,0
11.99,228,0.25,0.2,0.2,12.2,11.8,16.4,12.62,-6.3,0.04,0.22,206.1,7.3,20,1,1,515,680,607,-1,635,12.7,679.2,462,29.9,30.0,0,2.6,1993.2,0,16.72,19.6,40.8,34.1,40.2,34.6,34.8,34.2,34.5,35.6,56.6,56.4,34,42,26.2,30.7,32,32,36,0,0,0,6,6,4,0,29,29,29,40,47,48,42,42,40,44.79,44.81,44.82,65,550,6.9,0,0,0
12.24,16,0.25,0.2,0.2,11.3,12.7,17.0,12.45,4.9,0.01,0.21,206.6,6.3,18,1,1,500,680,590,0,615,12.56,663.4,457,30.1,30.1,0,2.7,1466.9,0,15.92,19.6,40.8,33.9,40.2,34.6,34.8,34.1,34.5,35.6,56.6,56.4,34,42,26.2,30.7,32,32,36,0,0,0,6,6,4,0,29,29,29,40,47,48,42,42,40,44.79,44.82,44.82,65,550,6.9,0,0,0
8.35,344,0.24,0.2,0.2,11.8,10.5,13.9,8.46,1.5,0.02,0.13,207.7,3.4,20,1,1,158,675,186,-4,201,8.59,298.6,208,31.6,31.2,0,2.7,503.7,0,11.58,19.6,40.1,33.3,39.5,33.9,33.9,33.6,34.1,35.2,56.6,56.4,33,41,26.0,30.7,33,33,35,0,0,0,6,6,4,0,29,29,29,40,47,47,41,41,39,44.79,44.81,44.82,65,550,6.6,0,0,0
13.14,44,0.24,0.19,0.19,11.6,12.0,16.2,13.32,-10.9,0.17,0.09,207.7,8.0,32,1,1,633,679,746,-4,770,13.51,780.8,533,31.7,32.6,0,2.7,2067.6,0,16.83,19.7,40.5,33.7,40.0,34.3,34.4,34.1,34.2,35.2,56.5,56.4,34,42,26.0,30.7,36,35,36,0,0,0,6,6,4,0,29,29,29,40,47,48,42,42,40,44.79,44.81,44.82,65,560,6.7,0,0,0
13.28,276,0.25,0.19,0.19,11.6,12.3,16.5,13.61,5.3,0.08,0.26,207.7,7.3,22,1,1,670,680,790,-2,828,13.85,812.4,557,32.7,32.5,0,2.6,2067.6,0,16.83,19.7,40.0,33.2,39.5,33.9,34.0,33.5,34.0,35.0,56.5,56.4,34,42,26.0,30.7,36,36,35,0,0,0,6,6,4,0,29,29,29,40,47,47,42,42,39,44.79,44.81,44.82,65,560,6.6,0,0,0
8.55,32,0.24,0.19,0.19,10.9,10.5,15.1,8.58,3.1,0.0,0.14,208.0,4.9,14,1,1,176,676,207,2,221,8.84,324.4,225,30.0,29.8,0,2.7,660.0,0,12.67,19.6,40.3,33.4,39.8,34.2,34.3,33.8,34.3,35.3,56.6,56.5,34,41,26.0,30.7,31,32,36,0,0,0,6,6,4,0,29,29,29,40,47,47,41,41,39,44.79,44.81,44.82,65,550,6.7,0,0,0
12.34,152,0.25,0.2,0.2,11.6,12.2,16.4,12.61,6.5,0.08,0.16,205.9,6.7,19,1,1,510,680,602,-4,634,12.69,682.7,463,30.2,30.2,0,2.7,2021.1,0,16.76,19.6,40.8,34.0,40.3,34.6,34.8,34.2,34.5,35.6,56.6,56.4,33,42,26.2,30.7,34,33,36,0,0,0,6,6,4,0,29,29,29,40,47,48,42,42,40,44.79,44.81,44.83,65,550,6.9,0,0,0
11.48,320,0.24,0.19,0.19,10.8,12.7,16.3,11.92,-16.5,0.09,0.14,208.0,7.0,36,1,1,441,679,519,1,536,11.99,604.4,417,30.1,30.8,0,2.7,1768.9,0,16.38,19.6,40.8,34.0,40.3,34.7,34.8,34.2,34.4,35.5,56.6,56.4,34,42,26.2,30.7,33,33,36,0,0,0,6,6,4,0,29,29,29,40,47,47,42,42,40,44.79,44.81,44.82,64,550,6.9,0,0,0
10.73,308,0.24,0.19,0.19,10.9,11.0,15.4,10.82,-7.0,0.03,0.08,206.6,5.9,29,1,1,337,679,397,2,417,11.02,510.0,353,29.3,29.7,0,2.7,1412.3,0,15.83,19.6,40.8,34.0,40.3,34.6,34.8,34.2,34.5,35.6,56.6,56.4,34,42,26.2,30.7,31,31,36,0,0,0,6,6,4,0,29,29,29,40,47,48,42,42,40,44.79,44.81,44.83,65,550,6.9,0,0,0
13.33,192,0.24,0.19,0.19,11.6,12.8,17.5,13.54,4.3,0.15,0.16,208.1,7.4,28,1,1,660,679,778,-3,818,13.74,806.2,549,31.5,32.3,0,2.6,2067.6,0,16.83,19.7,40.6,33.7,40.1,34.4,34.5,33.9,34.2,35.2,56.5,56.3,33,42,26.1,30.7,36,35,36,0,0,0,6,6,4,0,29,29,29,40,47,48,42,42,40,44.79,44.81,44.82,66,560,6.6,0,0,0
13.21,72,0.25,0.2,0.2,11.7,12.5,15.9,13.65,6.9,0.07,0.13,205.9,8.0,18,1,1,681,680,804,5,840,13.9,819.5,559,30.9,31.1,0,2.6,2067.6,0,16.83,19.6,40.9,34.1,40.3,34.7,34.8,34.4,34.6,35.7,56.6,56.4,34,42,26.2,30.7,35,34,36,0,0,0,6,6,4,0,29,29,29,40,47,48,42,42,40,44.79,44.81,44.82,65,550,7.0,0,0,0
12.6,112,0.24,0.19,0.19,11.5,11.5,15.6,12.65,-15.9,0.03,0.17,207.6,6.7,27,1,1,552,678,650,-3,677,12.94,720.3,487,31.2,31.9,0,2.7,2067.6,0,16.83,19.6,40.7,33.9,40.2,34.5,34.6,34.1,34.3,35.3,56.5,56.4,34,42,26.2,30.7,35,35,36,0,0,0,6,6,4,0,29,29,29,40,47,47,42,42,40,44.79,44.8,44.83,66,560,6.7,0,0,0
8.21,60,0.24,0.2,0.2,10.9,11.8,13.4,8.51,1.4,-0.02,0.11,207.9,4.7,20,1,1,159,675,187,-2,193,8.52,297.3,212,31.6,31.3,0,2.7,503.7,0,11.58,19.6,40.0,33.2,39.5,33.9,33.9,33.6,34.1,35.1,56.6,56.4,35,41,26.0,30.7,33,33,35,0,0,0,6,6,4,0,29,29,29,40,47,47,41,41,39,44.79,44.81,44.82,65,550,6.6,0,0,0
13.77,272,0.39,0.3,0.3,12.2,11.1,11.8,14.24,-5.9,0.07,0.07,207.9,6.6,28,1,1,737,680,870,4,921,14.36,916.8,597,33.0,33.0,0,2.7,2067.6,0,16.83,19.7,40.2,33.3,39.6,34.0,34.2,33.6,34.0,35.1,56.5,56.4,34,41,26.0,30.7,36,36,35,0,0,0,6,6,4,0,29,29,29,40,47,47,41,41,39,44.79,44.81,44.82,65,550,6.9,0,0,0
8.24,312,0.24,0.2,0.2,11.2,11.6,13.6,8.49,2.2,0.14,0.18,207.4,3.5,20,1,1,160,675,188,-3,192,8.54,299.9,212,31.9,31.6,0,2.7,503.7,0,11.58,19.6,40.1,33.2,39.5,33.8,34.0,33.4,34.1,35.1,56.6,56.4,33,41,26.0,30.7,33,33,35,0,0,0,6,6,4,0,29,29,29,40,47,47,41,41,39,44.79,44.81,44.82,64,550,6.6,0,0,0
12.98,52,0.24,0.19,0.2,11.3,12.5,17.0,13.37,-11.6,0.11,0.12,207.9,5.2,31,1,1,625,679,740,-5,783,13.6,789.3,534,32.2,33.3,0,2.7,2067.6,0,16.83,19.7,40.4,33.6,39.8,34.3,34.4,33.7,34.1,35.1,56.5,56.4,34,42,26.0,30.7,37,36,36,0,0,0,6,6,4,0,29,29,29,40,47,47,42,42,40,44.79,44.81,44.82,65,550,7.0,0,0,0
13.81,52,0.24,0.19,0.2,12.1,12.8,17.5,14.09,-10.9,-0.02,0.03,207.5,6.0,28,1,1,728,680,863,-3,912,14.2,934.9,586,33.2,33.2,0,2.7,2067.6,0,16.83,19.7,40.3,33.5,39.8,34.1,34.3,33.7,34.1,35.1,56.5,56.4,34,42,26.0,30.7,37,37,36,0,0,0,6,6,4,0,29,29,29,40,47,47,42,42,40,44.79,44.81,44.82,66,560,6.9,0,0,0
12.66,196,0.24,0.19,0.2,12.0,12.3,16.6,13.15,-14.7,-0.03,0.16,208.0,5.7,33,1,1,580,679,683,4,710,13.2,736.9,500,32.0,32.8,0,2.6,2067.6,0,16.83,19.7,40.5,33.6,40.0,34.3,34.4,33.9,34.2,35.1,56.5,56.3,33,42,26.0,30.7,36,36,36,0,0,0,6,6,4,0,29,29,29,40,47,47,42,42,40,44.79,44.81,44.82,65,550,6.9,0,0,0
10.91,92,0.24,0.19,0.19,12.1,10.8,16.0,11.16,1.4,0.14,0.19,206.7,6.4,27,1,1,355,679,418,2,439,11.26,529.7,364,29.0,29.2,0,2.7,1412.3,0,15.83,19.6,40.8,34.0,40.3,34.7,34.8,34.2,34.5,35.6,56.6,56.4,34,42,26.2,30.7,31,31,36,0,0,0,6,6,4,0,29,29,29,40,47,48,42,42,40,44.79,44.81,44.83,65,550,6.9,0,0,0
12.66,296,0.25,0.2,0.2,11.3,11.8,15.6,12.83,7.7,0.16,0.14,206.2,7.1,18,1,1,560,680,661,-4,686,13.06,701.7,490,30.4,30.5,0,2.7,2067.6,0,16.83,19.6,40.8,34.0,40.3,34.7,34.9,34.2,34.5,35.7,56.6,56.4,34,42,26.2,30.7,34,33,36,0,0,0,6,6,4,0,29,29,29,40,47,48,42,42,40,44.79,44.81,44.82,65,550,6.9,0,0,0
12.88,204,0.4,0.32,0.32,12.1,12.0,12.5,13.16,-12.6,0.06,0.21,207.7,6.8,30,1,1,585,679,689,2,724,13.25,739.5,506,32.6,32.6,0,2.7,2018.0,0,16.76,19.6,39.9,33.1,39.4,33.8,34.0,33.3,34.0,35.0,56.5,56.4,33,41,26.0,30.7,35,35,35,0,0,0,6,6,4,0,29,29,29,40,47,47,41,41,39,44.79,44.81,44.82,65,550,6.7,0,0,0
7.86,132,0.24,0.19,0.19,10.4,12.2,13.6,7.98,-5.7,0.24,0.13,207.5,5.1,18,1,1,135,675,159,-3,169,8.12,266.6,188,31.0,30.7,0,2.6,663.1,0,12.69,19.6,40.1,33.3,39.5,34.0,34.1,33.5,34.2,35.2,56.6,56.4,34,42,26.0,30.7,32,33,35,0,0,0,6,6,4,0,29,29,29,39,47,47,42,42,39,44.79,44.81,44.82,63,550,6.6,0,0,0
12.09,288,0.25,0.2,0.2,10.9,11.8,15.8,12.2,1.2,0.09,0.14,205.9,5.9,14,1,1,479,679,565,-3,598,12.38,655.8,444,31.7,31.5,0,2.7,2067.6,0,16.83,19.6,40.9,34.2,40.5,34.8,34.9,34.5,34.7,35.7,56.6,56.4,34,42,26.2,30.7,35,35,36,0,0,0,6,6,4,0,29,29,29,40,47,48,42,42,40,44.79,44.81,44.82,65,560,7.0,0,0,0
12.84,344,0.25,0.19,0.19,11.5,12.5,17.5,13.14,-21.2,0.15,0.08,208.0,6.4,27,1,1,591,679,697,4,734,13.26,749.3,509,32.6,32.6,0,2.7,2067.6,0,16.83,19.7,40.1,33.3,39.6,34.0,34.1,33.5,34.0,35.1,56.5,56.4,34,42,26.0,30.7,36,36,36,0,0,0,6,6,4,0,29,29,29,40,47,47,42,42,39,44.79,44.81,44.82,65,550,6.9,0,0,0
8.1,204,0.24,0.2,0.2,12.0,10.6,13.4,8.26,-0.4,0.06,0.16,207.7,4.8,19,1,1,147,675,173,0,174,8.3,280.3,198,31.4,31.3,0,2.7,503.7,0,11.58,19.6,40.1,33.1,39.5,33.9,34.1,33.4,34.2,35.2,56.6,56.5,34,41,26.0,30.7,32,33,35,0,0,0,6,6,4,0,29,29,29,40,47,47,41,41,39,44.79,44.81,44.83,63,550,6.6,0,0,0
11.25,24,0.24,0.19,0.19,10.8,12.9,15.4,11.46,-1.3,0.16,0.08,188.9,6.0,33,1,1,396,679,467,-2,486,11.59,568.9,390,29.3,30.0,0,2.6,1702.8,0,16.28,19.6,40.8,34.1,40.4,34.7,34.9,34.2,34.5,35.6,56.6,56.4,34,42,26.2,30.7,32,32,36,0,0,0,6,6,4,0,29,29,29,40,47,48,42,42,40,44.79,44.81,44.82,65,550,6.9,0,0,0
10.71,24,0.24,0.19,0.19,12.0,11.5,15.0,10.94,5.2,0.06,0.09,207.4,4.4,29,1,1,340,679,401,5,416,11.03,519.8,353,29.2,29.7,0,2.7,1647.2,0,16.2,19.6,40.8,34.1,40.3,34.7,34.8,34.4,34.5,35.6,56.6,56.4,34,42,26.2,30.7,32,31,36,0,0,0,6,6,4,0,29,29,29,40,47,48,42,42,40,44.79,44.81,44.82,65,550,6.8,0,0,0
13.26,188,0.24,0.19,0.19,11.7,12.6,18.0,13.49,-6.2,0.04,0.14,208.0,7.2,32,1,1,645,679,760,1,787,13.64,782.6,537,32.0,32.7,0,2.6,2067.6,0,16.83,19.7,40.6,33.7,40.0,34.3,34.5,33.9,34.2,35.2,56.5,56.4,34,42,26.1,30.7,36,35,36,0,0,0,6,6,4,0,29,29,29,40,47,48,42,42,40,44.79,44.81,44.82,65,550,6.6,0,0,0
12.51,68,3.59,3.52,3.52,10.6,10.5,10.4,12.92,-7.5,0.12,0.1,208.4,6.9,25,1,1,494,678,582,-2,611,13.13,631.7,430,32.5,32.3,0,2.6,565.6,0,12.04,19.6,39.9,33.3,39.4,33.8,34.0,33.4,34.0,35.1,56.6,56.4,34,41,26.0,30.7,34,34,35,0,0,0,6,6,4,0,29,29,29,40,47,47,41,41,39,44.79,44.81,44.82,64,550,6.7,0,0,0
8.16,244,0.24,0.19,0.19,10.4,10.6,14.7,8.51,6.3,0.11,0.16,208.0,4.6,14,1,1,158,676,186,-3,194,8.64,312.6,216,30.7,30.3,0,2.7,654.9,0,12.64,19.6,40.3,33.3,39.7,34.1,34.3,33.6,34.3,35.3,56.6,56.5,34,41,26.0,30.7,32,32,35,0,0,0,6,6,4,0,29,29,29,40,47,47,41,41,39,44.79,44.81,44.82,63,550,6.7,0,0,0
11.92,40,0.24,0.19,0.19,11.4,11.3,15.5,12.01,-13.4,0.18,0.14,207.6,6.7,32,1,1,469,679,553,-4,582,12.29,642.8,440,30.1,30.8,0,2.6,1959.1,0,16.67,19.6,40.8,34.0,40.3,34.6,34.7,34.3,34.4,35.4,56.5,56.4,34,42,26.2,30.7,34,33,36,0,0,0,6,6,4,0,29,29,29,40,47,47,42,42,39,44.79,44.81,44.83,65,550,6.9,0,0,0
11.95,288,0.25,0.2,0.2,11.3,12.5,16.3,12.5,6.9,0.08,0.1,206.2,6.4,13,1,1,526,679,620,5,652,12.69,689.5,468,32.0,31.9,0,2.7,2067.6,0,16.83,19.6,40.9,34.2,40.4,34.8,35.0,34.4,34.7,35.7,56.6,56.4,34,42,26.2,30.7,35,35,36,0,0,0,6,6,4,0,29,29,29,40,47,48,42,42,40,44.79,44.81,44.82,65,550,7.0,0,0,0
12.14,176,0.24,0.19,0.19,11.9,12.0,16.3,12.42,-12.3,0.08,0.13,207.4,6.8,32,1,1,490,679,577,-3,603,12.47,664.1,451,30.2,30.9,0,2.6,1959.1,0,16.67,19.7,40.8,33.9,40.2,34.6,34.7,34.2,34.4,35.4,56.6,56.4,34,42,26.2,30.7,34,33,36,0,0,0,6,6,4,0,29,29,29,40,47,47,42,42,40,44.79,44.81,44.82,65,560,6.9,0,0,0
12.18,72,0.25,0.2,0.2,11.8,11.9,15.6,12.5,3.4,0.12,0.14,206.0,5.5,14,1,1,496,679,585,1,621,12.56,670.2,454,31.3,31.5,0,2.7,2067.6,0,16.83,19.6,40.9,34.2,40.5,34.8,34.9,34.5,34.7,35.7,56.6,56.4,34,42,26.2,30.7,35,35,36,0,0,0,6,6,4,0,29,29,29,40,47,48,42,42,40,44.79,44.81,44.82,65,560,6.9,0,0,0
11.88,140,0.25,0.2,0.2,11.8,11.8,15.8,12.18,-10.7,0.19,0.14,206.1,5.8,17,1,1,463,679,546,-4,582,12.25,644.1,437,31.9,31.9,0,2.7,2067.6,0,16.83,19.6,40.9,34.1,40.4,34.8,34.9,34.5,34.7,35.7,56.6,56.4,34,42,26.2,30.7,35,35,36,0,0,0,6,6,4,0,29,29,29,40,47,48,42,42,40,44.79,44.81,44.82,65,550,7.0,0,0,0
13.0,76,0.25,0.2,0.2,11.6,12.4,15.5,13.32,17.6,0.08,0.17,206.2,6.4,15,1,1,642,680,757,4,791,13.62,790.0,535,31.2,31.3,0,2.7,2067.6,0,16.83,19.6,40.9,34.2,40.4,34.7,34.8,34.5,34.6,35.7,56.5,56.4,34,42,26.2,30.7,35,35,36,0,0,0,6,6,4,0,29,29,29,40,47,48,42,42,40,44.79,44.81,44.82,65,560,7.0,0,0,0
7.97,312,0.24,0.19,0.19,11.7,10.9,13.1,8.15,-3.2,0.2,0.11,207.5,5.2,19,1,1,137,675,162,-1,162,8.15,271.7,191,31.4,31.0,0,2.6,503.7,0,11.58,19.6,40.1,33.2,39.6,34.0,34.0,33.6,34.2,35.2,56.6,56.4,33,41,26.0,30.7,32,33,35,0,0,0,6,6,4,0,29,29,29,40,47,47,41,41,39,44.79,44.8,44.82,64,550,6.6,0,0,0
13.31,76,0.25,0.2,0.2,11.7,12.6,17.9,13.8,-2.5,0.09,0.16,206.0,7.2,18,1,1,660,681,780,-5,818,13.86,811.1,551,30.8,30.7,0,2.7,2067.6,0,16.83,19.6,40.8,34.0,40.3,34.7,34.8,34.3,34.5,35.7,56.6,56.4,34,42,26.2,30.7,34,34,35,0,0,0,6,6,4,0,29,29,29,40,47,48,42,42,40,44.79,44.81,44.82,65,560,7.0,0,0,0
13.23,280,0.25,0.19,0.19,11.4,12.8,17.6,13.65,17.4,0.09,0.1,207.5,9.4,22,1,1,664,680,782,-5,826,13.83,806.2,551,32.5,32.6,0,2.7,2067.6,0,16.83,19.7,40.0,33.2,39.4,33.8,34.0,33.5,34.0,35.0,56.5,56.4,34,41,26.0,30.7,36,35,35,0,0,0,6,6,4,0,29,29,29,40,47,48,41,41,39,44.8,44.81,44.82,65,550,6.6,0,0,0
10.92,316,0.24,0.19,0.19,12.2,11.1,15.9,11.28,-6.9,0.14,0.09,207.7,5.0,32,1,1,359,679,424,-2,446,11.27,536.9,364,28.8,29.5,0,2.7,1647.2,0,16.2,19.6,40.8,34.0,40.3,34.7,34.8,34.4,34.5,35.6,56.6,56.4,34,42,26.2,30.7,32,32,36,0,0,0,6,6,4,0,29,29,29,40,47,48,42,42,40,44.79,44.81,44.82,65,550,6.9,0,0,0
10.81,240,0.24,0.19,0.19,11.4,12.2,14.8,11.04,9.6,0.11,0.13,206.3,5.9,24,1,1,348,679,411,-1,423,11.13,517.9,356,29.2,29.1,0,2.6,1412.3,0,15.83,19.6,40.8,34.0,40.2,34.6,34.8,34.1,34.5,35.6,56.6,56.4,34,42,26.2,30.7,31,31,36,0,0,0,6,6,4,0,29,29,29,40,47,48,42,42,40,44.79,44.81,44.82,65,550,6.8,0,0,0
12.2,256,0.24,0.19,0.19,11.4,12.3,16.3,12.49,-6.1,0.16,0.19,207.7,6.3,28,1,1,494,678,582,-3,618,12.53,661.3,453,30.7,31.2,0,2.7,2067.6,0,16.83,19.6,40.8,33.8,40.2,34.5,34.7,34.2,34.4,35.4,56.5,56.4,34,42,26.2,30.7,34,34,36,0,0,0,6,6,4,0,29,29,29,40,47,47,42,42,40,44.79,44.81,44.82,65,550,6.7,0,0,0
8.48,244,0.24,0.19,0.19,10.8,10.6,15.2,8.8,27.0,0.07,0.14,207.9,5.0,12,1,1,184,676,217,-5,227,9.02,329.3,232,29.8,29.7,0,2.7,660.0,0,12.67,19.6,40.4,33.5,39.8,34.2,34.3,33.7,34.3,35.4,56.6,56.5,34,42,26.0,30.7,31,31,35,0,0,0,6,6,4,0,28,29,29,39,47,47,42,42,39,44.79,44.81,44.82,64,540,6.7,0,0,0
12.23,140,0.21,0.17,0.17,10.6,10.7,15.5,12.42,-19.7,0.08,0.11,208.1,5.6,28,1,1,629,678,740,2,784,12.64,840.2,555,32.3,32.0,0,2.7,1577.1,0,16.09,19.6,39.9,33.1,39.4,33.8,34.0,33.3,34.0,35.1,56.5,56.4,34,41,26.0,30.7,34,34,36,0,0,0,6,6,4,0,29,29,29,40,47,47,41,41,39,44.79,44.81,44.82,65,550,6.6,0,0,0
11.5,104,0.24,0.19,0.19,11.8,11.2,15.5,11.91,-16.9,0.08,0.16,207.9,7.2,36,1,1,444,679,523,-4,550,12.06,614.3,423,30.2,31.0,0,2.7,1768.9,0,16.38,19.6,40.8,34.1,40.3,34.6,34.8,34.1,34.4,35.5,56.6,56.4,34,42,26.2,30.7,33,33,36,0,0,0,6,6,4,0,29,29,29,40,47,47,42,42,40,44.79,44.81,44.82,65,550,6.9,0,0,0
7.83,64,0.24,0.19,0.19,11.2,11.4,13.2,8.0,0.5,0.08,0.19,207.9,4.6,17,1,1,128,675,150,1,166,8.08,267.1,186,31.1,30.9,0,2.6,663.1,0,12.69,19.6,40.1,33.3,39.6,34.0,34.1,33.6,34.2,35.2,56.6,56.4,34,41,26.0,30.7,32,33,35,0,0,0,6,6,4,0,29,29,29,40,47,47,41,41,39,44.79,44.81,44.82,65,550,6.6,0,0,0
12.13,232,0.25,0.2,0.2,12.0,12.3,16.6,12.53,2.3,0.09,0.08,206.3,5.8,19,1,1,490,680,579,5,605,12.51,651.5,455,29.7,29.9,0,2.6,1466.9,0,15.92,19.6,40.8,34.0,40.2,34.6,34.8,34.3,34.5,35.6,56.6,56.4,34,41,26.2,30.7,32,32,36,0,0,0,6,6,4,0,29,29,29,40,47,48,41,41,40,44.79,44.82,44.82,65,550,6.9,0,0,0
13.27,260,0.24,0.19,0.19,11.4,12.7,17.4,13.43,-5.4,0.14,0.12,207.8,7.9,31,1,1,637,679,751,-2,790,13.64,787.1,540,32.0,32.6,0,2.6,2067.6,0,16.83,19.7,40.6,33.7,40.0,34.4,34.5,33.9,34.2,35.2,56.5,56.4,34,42,26.1,30.7,36,35,36,0,0,0,6,6,4,0,29,29,29,40,47,48,42,42,40,44.79,44.81,44.82,66,550,6.6,0,0,0
12.61,280,0.4,0.32,0.32,11.8,11.8,12.2,12.93,-21.2,0.13,0.09,207.9,5.8,30,1,1,561,678,658,-5,690,12.99,716.1,491,32.0,31.9,0,2.6,1577.1,0,16.09,19.6,39.9,33.1,39.4,33.8,33.9,33.4,34.0,35.1,56.6,56.4,34,42,26.0,30.7,35,35,35,0,0,0,6,6,4,0,29,29,29,40,47,47,42,42,39,44.79,44.81,44.83,65,550,6.7,0,0,0
11.54,244,0.24,0.19,0.19,11.9,11.4,16.6,11.86,-7.4,0.06,0.07,27.0,6.4,39,1,1,419,679,494,-3,519,11.89,591.3,411,29.2,29.7,0,2.6,1500.0,0,15.98,19.6,40.8,34.2,40.4,34.6,34.9,34.2,34.5,35.5,56.6,56.4,34,42,26.2,30.7,32,32,36,0,0,0,6,6,4,2,29,29,29,40,47,48,42,42,40,44.79,44.81,44.82,65,560,6.9,0,0,0
13.21,44,0.24,0.19,0.19,11.3,13.0,18.3,13.43,6.9,0.08,0.13,208.0,6.9,24,1,1,635,679,748,2,791,13.58,791.6,539,31.6,32.4,0,2.6,2067.6,0,16.83,19.7,40.7,33.8,40.1,34.4,34.6,34.0,34.3,35.3,56.5,56.4,34,42,26.1,30.7,35,35,36,0,0,0,6,6,4,0,29,29,29,40,47,48,42,42,40,44.79,44.81,44.82,66,560,6.5,0,0,0
12.84,64,0.4,0.32,0.32,12.6,11.6,11.8,12.98,-18.5,0.02,0.24,207.6,6.4,31,1,1,572,679,674,2,706,13.14,719.3,497,32.6,32.6,0,2.7,1577.1,0,16.09,19.6,39.9,33.1,39.4,33.8,34.0,33.4,34.0,35.1,56.5,56.4,34,41,26.0,30.7,35,35,35,0,0,0,6,6,4,0,29,29,29,40,47,47,41,41,39,44.79,44.81,44.83,65,550,6.6,0,0,0
11.78,324,0.24,0.19,0.19,10.9,12.2,15.7,11.95,-13.5,0.1,0.19,207.5,6.6,32,1,1,457,679,538,-2,559,12.12,619.4,427,30.2,31.1,0,2.7,1959.1,0,16.67,19.6,40.8,33.9,40.3,34.6,34.8,34.1,34.4,35.4,56.5,56.4,34,42,26.2,30.7,33,33,36,0,0,0,6,6,4,0,29,29,29,40,47,47,42,42,40,44.79,44.81,44.82,65,550,6.9,0,0,0
13.07,220,0.25,0.2,0.2,11.8,12.2,18.0,13.44,21.3,0.14,0.13,205.7,7.8,14,1,1,627,680,740,4,776,13.5,775.6,529,31.7,31.6,0,2.7,2067.6,0,16.83,19.6,40.9,34.2,40.4,34.8,34.8,34.5,34.6,35.7,56.6,56.4,34,42,26.2,30.7,35,35,36,0,0,0,6,6,4,0,29,29,29,40,47,48,42,42,40,44.79,44.81,44.82,65,550,7.0,0,0,0
13.14,148,0.25,0.2,0.2,12.2,12.4,16.4,13.43,20.7,0.08,0.09,205.8,5.9,14,1,1,621,680,732,4,768,13.55,780.0,529,31.2,31.1,0,2.6,2067.6,0,16.83,19.6,40.9,34.2,40.4,34.8,34.8,34.5,34.6,35.7,56.5,56.4,34,42,26.2,30.7,35,35,36,0,0,0,6,6,4,0,29,29,29,40,47,48,42,42,40,44.79,44.81,44.82,65,550,7.0,0,0,0
13.08,296,0.25,0.2,0.2,11.6,12.4,15.8,13.26,9.5,0.14,0.13,206.2,8.6,16,1,1,613,680,723,-3,768,13.53,758.0,520,30.6,30.6,0,2.6,2067.6,0,16.83,19.6,40.8,34.1,40.3,34.7,34.9,34.3,34.5,35.6,56.6,56.4,34,42,26.2,30.7,34,33,35,0,0,0,6,6,4,0,29,29,29,40,47,48,42,42,40,44.79,44.8,44.82,65,560,6.9,0,0,0
8.14,204,0.24,0.19,0.19,11.9,10.8,13.8,8.37,4.3,0.16,0.14,207.9,3.9,18,1,1,149,675,175,2,187,8.44,295.8,206,30.7,30.6,0,2.6,663.1,0,12.69,19.6,40.2,33.4,39.6,34.0,34.2,33.5,34.2,35.2,56.6,56.4,33,41,26.0,30.7,32,32,35,0,0,0,6,6,4,0,29,29,29,40,47,47,41,41,39,44.79,44.81,44.82,64,550,6.7,0,0,0
8.14,316,0.24,0.19,0.19,11.8,10.9,13.8,8.56,5.0,0.02,0.12,207.7,4.7,18,1,1,161,676,189,-3,201,8.65,309.1,216,30.6,30.4,0,2.7,640.7,0,12.55,19.6,40.2,33.3,39.6,34.0,34.2,33.7,34.2,35.2,56.6,56.4,34,42,26.0,30.7,32,32,35,0,0,0,6,6,4,0,29,29,29,40,47,47,42,42,39,44.79,44.81,44.82,64,550,6.6,0,0,0
13.09,340,0.24,0.19,0.2,11.6,12.7,17.0,13.51,-12.8,0.08,0.14,207.5,5.5,31,1,1,646,680,762,-1,796,13.63,793.3,541,32.1,33.2,0,2.6,2067.6,0,16.83,19.6,40.4,33.6,39.8,34.3,34.4,33.7,34.1,35.1,56.5,56.4,33,42,26.0,30.7,37,37,36,0,0,0,6,6,4,0,29,29,29,40,47,47,42,42,40,44.79,44.81,44.82,65,560,7.0,0,0,0
7.94,244,0.24,0.19,0.19,10.4,11.6,13.8,8.07,1.3,0.06,0.14,207.7,4.5,17,1,1,135,675,159,2,162,8.11,274.8,192,31.1,30.9,0,2.7,663.1,0,12.69,19.6,40.1,33.2,39.6,34.0,34.1,33.6,34.2,35.2,56.6,56.4,34,41,26.0,30.7,32,33,35,0,0,0,6,6,4,0,29,29,29,40,47,47,41,41,39,44.79,44.81,44.82,64,550,6.6,0,0,0
8.28,352,0.24,0.19,0.19,11.0,11.9,13.5,8.56,5.9,0.16,0.14,207.5,4.8,17,1,1,157,675,185,3,193,8.59,307.6,214,30.6,30.5,0,2.6,640.7,0,12.55,19.6,40.2,33.3,39.7,34.0,34.2,33.7,34.2,35.2,56.6,56.4,34,42,26.0,30.7,32,32,35,0,0,0,6,6,4,0,29,29,29,40,47,47,42,42,39,44.79,44.81,44.82,64,550,6.7,0,0,0
14.06,128,0.24,0.19,0.2,11.8,13.2,17.0,14.49,-2.0,0.16,0.11,208.1,7.6,27,1,1,751,681,886,3,932,14.48,918.5,600,33.2,33.2,0,2.6,2067.6,0,16.83,19.7,40.2,33.4,39.7,34.1,34.2,33.6,34.0,35.1,56.5,56.4,34,42,26.0,30.7,36,36,35,0,0,0,6,6,4,0,29,29,29,40,47,47,42,42,39,44.79,44.81,44.83,66,550,6.9,0,0,0
8.63,356,0.24,0.19,0.19,10.6,10.6,14.7,8.66,4.1,0.16,0.16,208.0,4.5,13,1,1,181,676,213,1,219,8.79,326.1,228,29.9,29.8,0,2.7,660.0,0,12.67,19.6,40.3,33.4,39.8,34.1,34.3,33.8,34.3,35.3,56.6,56.5,34,41,26.0,30.7,31,32,36,0,0,0,6,6,4,0,29,29,29,40,47,47,41,41,39,44.79,44.81,44.82,65,550,6.6,0,0,0
13.33,192,0.24,0.19,0.19,11.8,12.4,16.6,13.54,6.2,0.08,0.11,207.8,7.2,26,1,1,652,679,769,-1,819,13.72,804.5,552,31.5,32.2,0,2.6,2067.6,0,16.83,19.6,40.7,33.7,40.1,34.4,34.5,34.0,34.2,35.2,56.6,56.4,34,42,26.1,30.7,35,35,36,0,0,0,6,6,4,0,29,29,29,40,47,48,42,42,40,44.79,44.81,44.82,66,550,6.5,0,0,0
11.37,320,0.24,0.19,0.19,10.8,12.4,15.7,11.67,-25.1,0.17,0.1,207.9,5.8,36,1,1,429,679,505,2,523,11.89,597.8,408,30.2,30.7,0,2.6,1768.9,0,16.38,19.6,40.8,34.0,40.3,34.6,34.8,34.2,34.4,35.5,56.6,56.4,34,42,26.2,30.7,33,33,36,0,0,0,6,6,4,0,29,29,29,40,47,47,42,42,40,44.79,44.81,44.82,65,550,6.9,0,0,0
8.72,176,0.24,0.19,0.19,12.0,10.7,14.3,8.87,13.7,0.11,0.14,207.9,5.0,21,1,1,177,676,208,-5,223,8.92,328.7,231,30.0,29.8,0,2.7,660.0,0,12.67,19.6,40.4,33.6,39.8,34.2,34.4,33.8,34.3,35.4,56.6,56.5,34,41,26.0,30.7,31,31,35,0,0,0,6,6,4,0,29,29,29,40,47,47,41,41,39,44.79,44.81,44.83,65,540,6.7,0,0,0
11.65,248,0.24,0.19,0.19,11.3,12.5,15.9,11.92,-17.0,0.06,0.17,207.7,7.2,36,1,1,434,679,511,2,529,11.97,598.9,412,29.9,30.8,0,2.6,1768.9,0,16.38,19.6,40.8,34.0,40.3,34.7,34.8,34.2,34.4,35.5,56.6,56.4,34,42,26.2,30.7,33,33,36,0,0,0,6,6,4,0,29,29,29,40,47,47,42,42,40,44.79,44.81,44.82,65,550,6.9,0,0,0
8.2,308,0.24,0.2,0.2,10.9,10.4,14.6,8.36,-1.4,0.09,0.13,207.8,4.1,21,1,1,159,675,187,-2,197,8.53,299.3,210,31.3,31.1,0,2.7,503.7,0,11.58,19.6,40.1,33.3,39.5,33.9,33.9,33.7,34.1,35.2,56.6,56.4,35,41,26.0,30.7,33,33,35,0,0,0,6,6,4,0,29,29,29,40,47,47,41,41,39,44.79,44.81,44.82,65,550,6.6,0,0,0
12.54,268,0.24,0.19,0.2,11.7,12.4,16.7,13.24,-17.2,0.1,0.13,208.1,4.9,32,1,1,607,679,715,-2,747,13.37,766.1,517,32.1,33.0,0,2.7,2067.6,0,16.83,19.6,40.4,33.7,39.9,34.3,34.4,33.9,34.1,35.1,56.5,56.4,34,42,26.0,30.7,37,36,36,0,0,0,6,6,4,0,29,29,29,40,47,47,42,42,40,44.79,44.81,44.82,65,560,6.9,0,0,0
8.35,132,0.24,0.19,0.2,10.4,11.7,13.6,8.41,5.2,0.21,0.19,207.7,4.1,20,1,1,159,675,187,-3,202,8.57,303.1,214,32.0,31.7,0,2.6,503.7,0,11.58,19.6,40.1,33.2,39.5,33.9,33.9,33.6,34.1,35.1,56.6,56.4,34,41,26.0,30.7,33,33,35,0,0,0,6,6,4,0,29,29,29,40,47,47,41,41,39,44.79,44.81,44.82,63,550,6.6,0,0,0
11.39,312,0.24,0.19,0.19,11.5,12.6,15.7,11.69,3.2,0.21,0.14,181.4,8.1,35,1,1,410,679,483,-3,505,11.76,580.4,398,29.1,29.9,0,2.6,1500.0,0,15.98,19.6,40.8,34.0,40.4,34.6,34.9,34.1,34.5,35.5,56.6,56.4,34,42,26.2,30.7,32,32,36,0,0,0,6,6,4,0,29,29,29,40,47,48,42,42,40,44.79,44.81,44.82,65,550,6.9,0,0,0
10.69,96,0.24,0.19,0.19,11.0,12.5,14.9,10.83,2.3,0.15,0.16,206.9,4.9,29,1,1,342,679,404,4,418,11.02,512.5,352,28.9,29.6,0,2.7,1647.2,0,16.2,19.6,40.8,34.1,40.3,34.7,34.8,34.3,34.5,35.6,56.6,56.4,34,42,26.2,30.7,32,31,36,0,0,0,6,6,4,0,29,29,29,40,47,48,42,42,40,44.79,44.81,44.82,65,550,6.9,0,0,0
13.37,148,0.25,0.2,0.2,11.5,12.5,17.1,13.56,4.5,0.1,0.11,206.3,9.2,17,1,1,647,681,765,-4,798,13.71,785.0,540,30.6,30.7,0,2.7,2067.6,0,16.83,19.6,40.8,34.0,40.3,34.7,34.9,34.3,34.5,35.6,56.6,56.4,34,42,26.2,30.7,34,34,35,0,0,0,6,6,4,0,29,29,29,40,47,48,42,42,40,44.79,44.81,44.82,65,550,6.9,0,0,0
7.91,96,0.24,0.19,0.19,12.0,10.4,13.7,8.16,14.7,0.13,0.16,207.9,3.0,15,1,1,136,675,160,2,168,8.24,279.5,193,30.9,30.6,0,2.7,663.1,0,12.69,19.6,40.2,33.5,39.6,34.0,34.1,33.6,34.2,35.2,56.6,56.5,34,42,26.0,30.7,32,32,35,0,0,0,6,6,4,0,29,29,29,40,47,47,42,42,39,44.79,44.81,44.83,65,550,6.7,0,0,0
13.37,48,0.24,0.19,0.19,12.2,12.4,17.1,13.71,1.6,0.14,0.16,207.7,6.6,29,1,1,661,679,779,-2,810,13.78,809.3,549,31.6,32.2,0,2.7,2067.6,0,16.83,19.7,40.6,33.7,40.1,34.4,34.5,33.9,34.2,35.2,56.5,56.3,34,42,26.1,30.7,36,35,36,0,0,0,6,6,4,0,29,29,29,40,47,48,42,42,40,44.79,44.81,44.82,65,550,6.6,0,0,0
12.51,156,0.25,0.2,0.2,11.6,12.2,15.5,12.75,-8.7,0.14,0.05,206.5,7.5,21,1,1,556,680,655,-3,684,13.03,702.6,489,29.8,29.6,0,2.7,1993.2,0,16.72,19.6,40.8,34.0,40.2,34.6,34.7,34.3,34.5,35.6,56.6,56.4,34,42,26.2,30.7,32,32,36,0,0,0,6,6,4,0,29,29,29,40,47,48,42,42,40,44.79,44.81,44.82,65,550,6.9,0,0,0
13.28,188,0.24,0.19,0.19,12.0,12.1,16.1,13.49,5.0,0.11,0.14,207.8,6.7,25,1,1,653,680,770,4,804,13.69,806.9,548,31.6,32.3,0,2.7,2067.6,0,16.83,19.6,40.7,33.8,40.1,34.4,34.5,34.2,34.2,35.2,56.6,56.4,33,42,26.2,30.7,35,35,36,0,0,0,6,6,4,0,29,29,29,40,47,48,42,42,40,44.79,44.8,44.83,66,560,6.5,0,0,0
11.18,92,0.24,0.19,0.19,10.9,11.4,15.3,11.39,3.3,0.07,0.14,206.4,7.2,23,1,1,382,679,450,-3,473,11.53,552.6,387,29.4,29.3,0,2.6,1412.3,0,15.83,19.6,40.8,33.9,40.3,34.6,34.8,34.3,34.5,35.6,56.6,56.4,34,42,26.2,30.7,32,31,36,0,0,0,6,6,4,0,29,29,29,40,47,48,42,42,40,44.79,44.81,44.82,65,550,6.8,0,0,0
12.5,56,0.25,0.19,0.19,11.3,12.8,17.7,13.21,-20.2,0.08,0.16,207.9,6.5,27,1,1,590,680,696,5,730,13.23,750.0,512,33.2,33.1,0,2.7,2067.6,0,16.83,19.7,40.1,33.3,39.6,34.0,34.1,33.5,34.0,35.1,56.5,56.4,34,42,26.0,30.7,36,36,36,0,0,0,6,6,4,0,29,29,29,40,47,47,42,42,40,44.79,44.81,44.82,65,560,6.9,0,0,0
8.25,248,0.24,0.19,0.19,10.6,12.6,13.9,8.75,21.8,0.16,0.16,207.6,5.2,19,1,1,180,676,211,-5,218,8.85,327.2,228,29.7,29.5,0,2.7,660.0,0,12.67,19.6,40.4,33.6,39.9,34.2,34.3,33.9,34.3,35.4,56.6,56.5,34,41,26.0,30.7,31,31,35,0,0,0,6,6,4,0,28,29,29,40,47,47,41,41,39,44.79,44.81,44.82,64,550,6.7,0,0,0
7.89,240,0.24,0.19,0.19,11.1,10.4,14.8,8.03,-3.6,0.16,0.16,207.9,5.4,18,1,1,137,675,161,-4,166,8.11,270.4,191,31.2,31.1,0,2.6,503.7,0,11.58,19.6,40.1,33.3,39.6,34.0,34.1,33.6,34.2,35.2,56.6,56.4,34,41,26.0,30.7,32,33,35,0,0,0,6,6,4,0,29,29,29,39,47,47,41,41,39,44.79,44.81,44.82,63,550,6.6,0,0,0
8.19,280,0.24,0.19,0.19,10.8,10.5,15.2,8.4,7.7,0.05,0.14,208.2,3.9,14,1,1,161,676,189,-4,193,8.61,308.8,214,30.1,30.0,0,2.6,654.9,0,12.64,19.6,40.3,33.4,39.7,34.1,34.3,33.6,34.3,35.3,56.6,56.5,34,41,26.0,30.7,32,32,35,0,0,0,6,6,4,0,29,29,29,40,47,47,41,41,39,44.79,44.81,44.83,63,560,6.7,0,0,0
12.11,160,0.25,0.2,0.2,11.6,11.8,16.9,12.27,4.3,0.03,0.21,206.6,7.8,18,1,1,480,680,567,3,596,12.5,643.4,444,29.5,29.4,0,2.7,1466.9,0,15.92,19.6,40.8,34.0,40.2,34.6,34.8,34.3,34.5,35.6,56.6,56.4,34,41,26.2,30.7,32,32,36,0,0,0,6,6,4,0,29,29,29,40,47,48,41,41,40,44.79,44.81,44.82,65,550,6.9,0,0,0
12.33,84,0.25,0.2,0.2,11.2,12.0,15.5,12.75,4.6,0.08,0.19,206.4,6.3,19,1,1,539,680,636,-3,659,12.92,691.2,479,30.3,30.2,0,2.7,1993.2,0,16.72,19.6,40.8,34.1,40.3,34.6,34.8,34.3,34.5,35.6,56.6,56.4,35,42,26.2,30.7,32,32,36,0,0,0,6,6,4,0,29,29,29,40,47,48,42,42,40,44.79,44.81,44.82,65,550,6.9,0,0,0
11.87,212,0.25,0.2,0.2,11.2,12.8,16.2,12.09,-14.6,0.08,0.14,206.3,5.9,18,1,1,462,678,544,0,573,12.26,639.8,433,31.8,31.7,0,2.7,2067.6,0,16.83,19.6,40.9,34.1,40.4,34.8,34.9,34.5,34.7,35.7,56.6,56.4,34,42,26.2,30.7,35,35,36,0,0,0,6,6,4,0,29,29,29,40,47,48,42,42,40,44.79,44.81,44.82,65,560,7.0,0,0,0
12.0,184,0.24,0.19,0.19,12.1,11.9,16.4,12.49,-6.6,0.05,0.1,207.8,5.9,28,1,1,489,679,576,-3,611,12.53,657.4,449,30.6,31.3,0,2.7,2067.6,0,16.83,19.6,40.8,33.8,40.3,34.5,34.7,34.2,34.3,35.4,56.5,56.4,35,42,26.2,30.7,34,34,36,0,0,0,6,6,4,0,29,29,29,40,47,47,42,42,40,44.79,44.81,44.82,65,560,6.8,0,0,0
12.42,108,0.24,0.19,0.19,11.9,11.6,16.0,12.57,-18.2,0.11,0.11,207.7,6.8,31,1,1,531,679,626,-2,655,12.82,695.7,471,30.9,31.6,0,2.6,1959.1,0,16.67,19.7,40.8,33.8,40.2,34.5,34.7,34.2,34.4,35.4,56.6,56.4,34,42,26.2,30.7,34,33,36,0,0,0,6,6,4,0,29,29,29,40,47,47,42,42,40,44.79,44.81,44.82,65,550,6.9,0,0,0
11.76,232,0.24,0.19,0.19,12.4,12.0,16.8,12.12,20.9,0.09,0.1,206.1,6.0,17,1,1,438,679,517,-2,534,12.11,600.5,418,29.6,29.9,0,2.6,1466.9,0,15.92,19.6,40.8,34.0,40.2,34.6,34.8,34.2,34.5,35.6,56.6,56.4,34,42,26.2,30.7,32,32,36,0,0,0,6,6,4,0,29,29,29,40,47,48,42,42,40,44.79,44.81,44.82,64,550,6.9,0,0,0
12.63,232,0.25,0.2,0.2,11.8,12.2,17.1,13.05,7.9,0.09,0.14,205.8,7.7,19,1,1,566,680,667,-4,702,13.11,716.3,497,30.3,30.5,0,2.6,1993.2,0,16.72,19.6,40.8,34.1,40.2,34.6,34.8,34.3,34.5,35.6,56.6,56.4,34,42,26.2,30.7,33,33,36,0,0,0,6,6,4,0,29,29,29,40,47,48,42,42,40,44.79,44.81,44.82,65,550,6.9,0,0,0
11.02,236,0.24,0.19,0.19,11.8,11.4,15.7,11.28,3.0,0.14,0.14,206.6,7.7,23,1,1,366,679,431,0,443,11.32,530.6,366,29.4,29.3,0,2.7,1412.3,0,15.83,19.6,40.8,34.0,40.2,34.6,34.8,34.3,34.5,35.6,56.6,56.4,34,42,26.2,30.7,32,31,36,0,0,0,6,6,4,0,29,29,29,40,47,48,42,42,40,44.79,44.81,44.82,65,550,6.9,0,0,0
8.58,68,0.24,0.19,0.19,10.4,11.8,13.9,8.88,17.6,0.09,0.18,208.0,5.0,12,1,1,180,676,212,-2,232,9.03,336.3,235,30.2,30.2,0,2.7,660.0,0,12.67,19.6,40.3,33.4,39.8,34.2,34.3,33.7,34.3,35.4,56.6,56.4,34,41,26.0,30.7,31,31,35,0,0,0,6,6,4,0,29,29,29,40,47,47,41,41,39,44.79,44.81,44.82,65,550,6.7,0,0,0
10.76,20,0.24,0.19,0.19,11.5,11.0,15.6,10.85,-7.1,0.16,0.21,206.7,6.9,29,1,1,347,678,408,1,418,11.04,514.9,356,28.6,29.1,0,2.7,1412.3,0,15.83,19.6,40.8,34.1,40.3,34.7,34.8,34.2,34.5,35.6,56.6,56.4,33,42,26.2,30.7,31,31,36,0,0,0,6,6,4,0,29,29,29,40,47,48,42,42,40,44.79,44.81,44.83,65,560,6.9,0,0,0
12.96,280,0.4,0.32,0.32,12.4,11.6,12.8,13.33,6.3,0.08,0.09,207.7,6.7,26,1,1,614,679,723,-5,758,13.53,761.5,518,32.8,32.8,0,2.7,2018.0,0,16.76,19.7,40.0,33.1,39.3,33.8,34.0,33.5,33.9,35.0,56.5,56.4,34,42,26.0,30.7,36,35,35,0,0,0,6,6,4,0,29,29,29,40,47,47,42,42,39,44.79,44.81,44.83,66,550,6.6,0,0,0
8.19,28,0.24,0.19,0.19,10.4,11.1,14.1,8.31,-3.2,0.14,0.17,207.7,5.6,18,1,1,154,676,182,-2,189,8.4,290.1,204,30.4,30.4,0,2.6,657.0,0,12.65,19.6,40.2,33.3,39.6,34.1,34.2,33.6,34.3,35.3,56.6,56.5,34,42,26.0,30.7,32,32,35,0,0,0,6,6,4,0,29,29,29,39,47,47,42,42,39,44.79,44.81,44.82,65,550,6.7,0,0,0
8.18,244,0.24,0.19,0.19,12.0,10.9,13.6,8.38,-6.5,0.08,0.14,207.9,3.3,18,1,1,148,676,174,-2,177,8.37,290.7,202,30.2,30.1,0,2.7,657.0,0,12.65,19.6,40.2,33.4,39.8,34.2,34.2,33.8,34.3,35.3,56.6,56.4,34,42,26.0,30.7,32,32,35,0,0,0,6,6,4,0,29,29,29,39,47,47,42,42,40,44.79,44.81,44.82,64,550,6.6,0,0,0
8.56,284,0.24,0.19,0.19,10.4,12.1,13.8,8.79,24.6,0.04,0.14,207.9,4.7,18,1,1,178,675,211,0,226,8.9,325.1,227,30.0,29.6,0,2.6,660.0,0,12.67,19.6,40.4,33.5,39.9,34.2,34.3,33.9,34.3,35.4,56.6,56.5,34,41,26.0,30.7,31,31,35,0,0,0,6,6,4,0,28,29,29,40,47,47,41,41,39,44.79,44.81,44.82,63,550,6.7,0,0,0
11.79,252,0.24,0.19,0.19,10.8,12.9,16.0,12.05,-13.8,0.08,0.13,207.8,6.2,32,1,1,449,679,529,-2,556,12.14,629.9,421,30.2,30.7,0,2.7,1959.1,0,16.67,19.6,40.8,33.9,40.3,34.6,34.7,34.2,34.4,35.4,56.5,56.4,35,42,26.2,30.7,33,33,36,0,0,0,6,6,4,0,29,29,29,40,47,47,42,42,40,44.78,44.81,44.82,65,550,6.9,0,0,0
14.06,200,0.24,0.19,0.2,11.4,12.9,18.2,14.4,-1.6,0.14,0.16,207.4,6.9,27,1,1,758,680,895,3,937,14.47,923.1,602,33.4,33.3,0,2.7,2067.6,0,16.83,19.7,40.2,33.4,39.7,34.1,34.2,33.6,34.0,35.1,56.5,56.4,33,42,26.0,30.7,37,36,35,0,0,0,6,6,4,0,29,29,29,40,47,47,42,42,39,44.79,44.81,44.83,66,550,6.9,0,0,0
8.69,92,0.24,0.2,0.2,10.7,10.6,14.8,8.7,1.1,0.16,0.14,207.8,5.2,20,1,1,173,675,203,-2,209,8.86,313.2,225,32.1,31.8,0,2.7,503.7,0,11.58,19.6,40.0,33.3,39.5,33.8,34.0,33.5,34.1,35.1,56.6,56.4,33,42,26.0,30.7,33,33,35,0,0,0,6,6,4,0,29,29,29,39,47,47,42,42,39,44.79,44.81,44.82,64,550,6.6,0,0,0
8.84,248,0.24,0.19,0.19,10.4,12.5,13.8,8.92,-9.9,0.11,0.14,207.8,4.4,31,1,1,191,677,225,2,231,9.03,334.5,236,29.4,29.3,0,2.7,659.0,0,12.66,19.6,40.5,33.4,39.9,34.3,34.4,33.7,34.3,35.4,56.6,56.5,34,41,26.0,30.7,31,31,36,0,0,0,6,6,4,0,29,29,29,40,47,47,41,41,39,44.79,44.81,44.82,64,550,6.7,0,0,0
13.22,332,0.24,0.19,0.19,12.4,12.2,17.7,13.54,6.7,0.08,0.21,207.8,7.4,24,1,1,651,679,767,4,797,13.65,797.0,541,31.5,32.1,0,2.7,2067.6,0,16.83,19.7,40.7,33.8,40.1,34.4,34.5,34.0,34.3,35.3,56.5,56.4,34,42,26.2,30.7,35,35,36,0,0,0,6,6,4,0,29,29,29,40,47,48,42,42,40,44.79,44.81,44.82,65,550,6.5,0,0,0
8.67,212,0.24,0.19,0.19,11.1,11.4,14.0,8.74,17.9,0.05,0.11,207.6,4.5,20,1,1,173,676,203,-4,214,8.87,329.2,229,30.1,30.0,0,2.6,660.0,0,12.67,19.6,40.4,33.6,39.8,34.2,34.3,33.8,34.3,35.4,56.6,56.5,34,41,26.0,30.7,31,31,35,0,0,0,6,6,4,0,29,29,29,40,47,47,41,41,39,44.79,44.81,44.82,65,540,6.7,0,0,0
12.85,64,0.4,0.32,0.32,11.6,11.5,11.8,13.07,8.7,0.08,0.1,207.7,8.4,27,1,1,601,679,708,-3,741,13.42,749.0,517,32.2,32.2,0,2.7,2018.0,0,16.76,19.7,40.0,33.1,39.4,33.8,34.0,33.5,33.9,35.0,56.5,56.4,34,42,26.0,30.7,35,35,35,0,0,0,6,6,4,0,29,29,29,40,47,47,42,42,39,44.79,44.81,44.82,65,550,6.6,0,0,0
12.36,180,0.24,0.19,0.19,12.2,12.0,16.6,12.68,-16.8,0.05,0.16,207.3,7.2,32,1,1,530,677,622,-3,652,12.79,692.8,473,30.8,31.6,0,2.7,1959.1,0,16.67,19.7,40.8,33.8,40.2,34.5,34.7,34.2,34.4,35.4,56.6,56.4,34,42,26.2,30.7,34,33,36,0,0,0,6,6,4,0,29,29,29,40,47,47,42,42,40,44.79,44.81,44.82,65,550,6.9,0,0,0
12.06,148,0.25,0.2,0.2,11.6,12.2,16.3,12.45,14.5,0.11,0.12,206.3,7.2,17,1,1,498,679,587,-3,615,12.59,664.5,452,30.4,30.5,0,2.7,2067.6,0,16.83,19.6,40.8,34.2,40.3,34.7,34.8,34.3,34.6,35.6,56.6,56.4,35,42,26.2,30.7,33,33,36,0,0,0,6,6,4,0,29,29,29,40,47,48,42,42,40,44.79,44.81,44.82,65,550,6.9,0,0,0
13.26,64,0.46,0.37,0.37,12.0,11.1,10.6,13.45,13.7,0.08,0.09,207.5,9.2,24,1,1,627,679,739,0,785,13.68,768.9,532,32.9,32.6,0,2.7,2018.0,0,16.76,19.7,40.0,33.0,39.4,33.8,34.0,33.5,33.9,35.0,56.5,56.4,34,41,26.0,30.7,36,35,35,0,0,0,6,6,4,0,29,29,29,40,47,47,41,41,39,44.79,44.81,44.82,65,550,6.6,0,0,0
12.79,88,0.25,0.2,0.2,11.3,12.0,15.2,12.85,2.5,0.09,0.16,205.8,6.5,20,1,1,573,680,676,-2,709,13.13,728.5,499,30.2,30.0,0,2.6,1993.2,0,16.72,19.6,40.8,33.9,40.2,34.6,34.8,34.2,34.5,35.6,56.6,56.4,34,42,26.2,30.7,33,33,36,0,0,0,6,6,4,0,29,29,29,40,47,48,42,42,40,44.79,44.81,44.82,65,550,6.9,0,0,0
11.94,304,0.24,0.19,0.19,11.5,12.5,17.1,12.17,17.0,0.11,0.24,206.4,7.8,17,1,1,450,679,531,-2,554,12.23,611.5,426,29.3,29.5,0,2.6,1466.9,0,15.92,19.6,40.8,34.1,40.2,34.6,34.8,34.2,34.5,35.6,56.6,56.4,35,42,26.2,30.7,32,32,36,0,0,0,6,6,4,0,29,29,29,40,47,48,42,42,40,44.79,44.81,44.82,65,550,6.9,0,0,0
8.29,64,0.24,0.19,0.19,10.5,10.6,15.1,8.34,0.5,0.09,0.09,207.7,5.0,18,1,1,157,676,184,-4,192,8.47,291.1,205,31.0,30.7,0,2.7,657.0,0,12.65,19.6,40.2,33.4,39.7,34.1,34.2,33.7,34.3,35.3,56.6,56.5,34,42,26.0,30.7,32,32,35,0,0,0,6,6,4,0,29,29,29,39,47,47,42,42,40,44.79,44.81,44.82,65,550,6.6,0,0,0
8.66,320,0.24,0.19,0.19,10.4,10.9,14.3,8.78,31.7,0.06,0.13,208.2,4.3,16,1,1,169,676,199,-3,215,8.9,324.2,227,30.1,30.0,0,2.7,660.0,0,12.67,19.6,40.4,33.4,39.8,34.2,34.3,33.8,34.3,35.4,56.6,56.5,34,41,26.0,30.7,31,31,35,0,0,0,6,6,4,0,28,29,29,40,47,47,41,41,39,44.79,44.81,44.83,63,540,6.6,0,0,0
12.47,280,0.25,0.21,0.21,11.8,12.1,16.9,12.8,-3.8,0.05,0.14,207.8,8.4,27,1,1,532,678,627,3,658,12.84,685.0,474,32.4,32.3,0,2.7,1577.1,0,16.09,19.6,39.9,33.2,39.4,33.8,33.9,33.5,34.0,35.0,56.6,56.4,34,42,26.0,30.7,35,35,35,0,0,0,6,6,4,0,29,29,29,40,47,47,42,42,39,44.79,44.81,44.83,65,550,6.7,0,0,0
12.02,88,0.38,0.33,0.33,14.5,14.1,12.8,12.27,13.7,0.17,0.12,206.5,7.2,17,1,1,476,680,561,2,591,12.4,636.5,443,29.7,29.9,0,2.7,1466.9,0,15.92,19.6,40.8,34.0,40.2,34.6,34.8,34.2,34.5,35.6,56.6,56.4,34,42,26.2,30.7,32,32,36,0,0,0,6,6,4,0,29,29,29,40,47,48,42,42,40,44.79,44.81,44.82,65,550,6.9,0,0,0
12.59,84,0.25,0.2,0.2,11.6,11.8,16.1,12.84,-6.9,0.08,0.16,206.0,5.7,21,1,1,545,680,643,-3,673,12.93,712.0,483,30.3,30.6,0,2.6,2021.1,0,16.76,19.6,40.8,34.0,40.2,34.6,34.9,34.0,34.5,35.6,56.6,56.4,34,42,26.2,30.7,33,33,36,0,0,0,6,6,4,0,29,29,29,40,47,48,42,42,40,44.79,44.81,44.82,65,550,6.9,0,0,0
13.28,132,0.25,0.19,0.19,11.8,11.9,15.9,13.4,-16.7,0.0,0.19,207.6,8.3,29,1,1,630,680,743,-3,775,13.64,760.0,526,32.9,32.9,0,2.6,2067.6,0,16.83,19.7,40.1,33.3,39.6,34.0,34.2,33.6,34.0,35.0,56.5,56.4,34,42,26.0,30.7,36,36,35,0,0,0,6,6,4,0,29,29,29,40,47,47,42,42,40,44.79,44.81,44.82,65,550,6.9,0,0,0
13.08,120,0.24,0.19,0.19,12.0,12.2,16.9,13.32,-10.6,0.0,0.19,207.7,7.8,32,1,1,603,679,711,4,741,13.45,763.0,518,32.5,33.1,0,2.7,2067.6,0,16.83,19.7,40.5,33.7,40.0,34.3,34.5,33.9,34.2,35.2,56.5,56.4,34,42,26.0,30.7,36,35,36,0,0,0,6,6,4,0,29,29,29,40,47,48,42,42,40,44.79,44.81,44.82,65,550,6.7,0,0,0
11.65,176,0.24,0.19,0.19,12.1,11.3,16.0,11.92,-24.9,0.08,0.19,26.8,6.0,38,1,1,438,679,516,-5,545,12.0,617.6,422,29.6,30.4,0,2.7,1500.0,0,15.98,19.6,40.8,33.9,40.4,34.6,34.8,34.2,34.4,35.5,56.6,56.4,34,42,26.2,30.7,33,32,36,0,0,0,6,6,4,2,29,29,29,40,47,47,42,42,40,44.79,44.81,44.82,65,550,6.9,0,0,0
12.56,256,0.24,0.19,0.19,12.0,12.6,16.4,13.04,-12.1,0.09,0.16,207.8,5.0,26,1,1,572,679,674,3,707,13.14,734.1,500,31.6,32.3,0,2.7,2067.6,0,16.83,19.6,40.7,33.8,40.1,34.5,34.6,34.0,34.3,35.3,56.5,56.4,34,42,26.2,30.7,35,35,36,0,0,0,6,6,4,0,29,29,29,40,47,47,42,42,40,44.79,44.81,44.82,65,560,6.6,0,0,0
8.75,288,0.24,0.19,0.19,10.4,11.2,14.1,8.92,-10.9,0.08,0.13,208.1,5.9,32,1,1,188,677,221,-3,227,9.03,336.2,236,29.2,29.3,0,2.7,659.0,0,12.66,19.6,40.5,33.4,39.8,34.2,34.4,33.6,34.3,35.4,56.6,56.5,34,41,26.0,30.7,31,31,36,0,0,0,6,6,4,0,29,29,29,40,47,47,41,41,40,44.79,44.81,44.82,64,550,6.6,0,0,0
14.09,56,0.24,0.19,0.2,11.8,12.6,17.1,14.09,-3.8,0.04,0.21,207.9,7.6,28,1,1,744,680,878,2,932,14.48,920.9,595,33.5,33.5,0,2.7,2067.6,0,16.83,19.7,40.2,33.3,39.7,34.1,34.2,33.6,34.0,35.1,56.5,56.4,34,41,26.0,30.7,36,36,35,0,0,0,6,6,4,0,29,29,29,40,47,47,41,41,39,44.79,44.81,44.83,66,550,6.9,0,0,0
7.88,204,0.24,0.19,0.19,10.4,10.5,15.0,8.0,-3.7,0.16,0.08,207.6,4.3,18,1,1,137,675,162,-3,166,8.1,269.0,191,31.4,31.3,0,2.6,503.7,0,11.58,19.6,40.1,33.3,39.6,34.0,34.1,33.6,34.2,35.2,56.6,56.4,34,41,26.0,30.7,32,33,35,0,0,0,6,6,4,0,29,29,29,39,47,47,41,41,39,44.79,44.81,44.82,63,550,6.6,0,0,0
12.48,216,0.84,0.72,0.71,10.6,11.3,11.5,12.6,-4.2,0.09,0.13,207.5,8.4,25,1,1,500,678,588,1,615,12.87,646.0,442,32.0,31.7,0,2.6,565.6,0,12.04,19.6,39.9,33.1,39.4,33.8,34.0,33.4,34.0,35.1,56.6,56.4,34,41,26.0,30.7,34,34,35,0,0,0,6,6,4,0,29,29,29,40,47,47,41,41,39,44.79,44.81,44.83,65,550,6.7,0,0,0
13.06,196,0.24,0.19,0.2,12.0,12.0,16.3,13.32,-19.0,0.11,0.14,207.7,5.2,32,1,1,617,679,728,0,772,13.45,775.4,529,32.4,33.1,0,2.6,2067.6,0,16.83,19.7,40.4,33.7,39.9,34.3,34.4,33.9,34.1,35.1,56.5,56.4,33,42,26.0,30.7,37,36,36,0,0,0,6,6,4,0,29,29,29,40,47,47,42,42,40,44.79,44.81,44.82,65,560,6.9,0,0,0
14.04,344,0.24,0.19,0.2,12.2,12.2,16.3,14.29,-3.5,0.07,0.13,207.8,6.2,27,1,1,762,680,899,4,943,14.51,939.2,605,33.0,33.1,0,2.6,2067.6,0,16.83,19.7,40.2,33.4,39.7,34.1,34.3,33.6,34.0,35.1,56.5,56.4,34,42,26.0,30.7,37,36,36,0,0,0,6,6,4,0,29,29,29,40,47,47,42,42,40,44.79,44.81,44.82,65,550,6.9,0,0,0
13.13,296,0.25,0.2,0.2,11.6,12.6,17.6,13.57,19.1,0.03,0.14,205.9,6.6,15,1,1,655,680,773,1,805,13.67,810.5,545,31.0,31.0,0,2.7,2067.6,0,16.83,19.6,40.9,34.2,40.4,34.7,34.8,34.5,34.6,35.7,56.5,56.4,34,42,26.2,30.7,35,35,36,0,0,0,6,6,4,0,29,29,29,40,47,48,42,42,40,44.79,44.81,44.82,65,550,7.0,0,0,0
13.54,276,0.25,0.19,0.19,12.0,12.1,16.1,13.52,2.4,0.14,0.16,208.2,7.0,22,1,1,672,680,792,0,833,13.92,822.7,557,32.4,32.4,0,2.6,2067.6,0,16.83,19.7,40.1,33.4,39.5,33.9,34.0,33.6,34.0,35.0,56.5,56.4,34,41,26.0,30.7,36,36,36,0,0,0,6,6,4,0,29,29,29,40,47,47,41,41,39,44.79,44.81,44.82,65,550,6.7,0,0,0
7.96,276,0.24,0.2,0.2,10.6,12.2,13.2,8.23,0.5,0.07,0.1,207.8,4.0,19,1,1,150,675,177,0,180,8.31,285.2,201,31.2,31.0,0,2.7,503.7,0,11.58,19.6,40.1,33.1,39.6,33.9,34.1,33.5,34.2,35.2,56.6,56.5,34,42,26.0,30.7,32,33,35,0,0,0,6,6,4,0,29,29,29,40,47,47,42,42,39,44.79,44.81,44.82,65,550,6.6,0,0,0
8.87,176,0.24,0.19,0.19,10.4,11.1,14.2,8.98,5.5,0.09,0.12,207.8,5.8,28,1,1,187,676,220,2,227,9.08,344.0,240,29.3,29.3,0,2.6,659.0,0,12.66,19.6,40.4,33.4,39.8,34.2,34.4,33.7,34.3,35.4,56.6,56.4,34,41,26.0,30.7,31,31,35,0,0,0,6,6,4,0,29,29,29,40,47,47,41,41,39,44.78,44.81,44.82,65,550,6.6,0,0,0
13.33,44,0.24,0.19,0.19,11.9,12.4,16.7,13.65,-1.6,0.01,0.11,207.9,7.7,30,1,1,652,679,768,-5,799,13.71,796.6,545,31.6,32.4,0,2.6,2067.6,0,16.83,19.7,40.6,33.7,40.1,34.4,34.5,34.0,34.2,35.2,56.5,56.4,34,42,26.1,30.7,36,35,36,0,0,0,6,6,4,0,29,29,29,40,47,48,42,42,40,44.79,44.81,44.82,65,560,6.6,0,0,0
13.63,120,0.24,0.19,0.2,11.3,12.9,17.5,13.83,-19.1,0.11,0.1,207.6,7.6,31,1,1,695,679,820,-1,862,14.01,934.4,569,32.7,33.3,0,2.6,2067.6,0,16.83,19.7,40.3,33.5,39.9,34.2,34.3,33.7,34.1,35.1,56.5,56.4,33,42,26.0,30.7,37,37,36,0,0,0,6,6,4,0,29,29,29,40,47,47,42,42,40,44.79,44.8,44.82,65,560,6.9,0,0,0
13.49,288,0.25,0.2,0.2,12.0,12.3,18.4,13.89,3.8,0.09,0.12,206.1,6.7,18,1,1,668,680,788,4,826,13.92,811.6,556,31.2,31.3,0,2.6,2067.6,0,16.83,19.6,40.9,34.2,40.4,34.7,34.8,34.4,34.6,35.7,56.6,56.4,33,42,26.2,30.7,34,34,36,0,0,0,6,6,4,0,29,29,29,40,47,48,42,42,40,44.79,44.81,44.82,65,560,7.0,0,0,0
12.77,208,0.4,0.32,0.32,12.0,11.6,12.5,13.39,5.8,0.08,0.13,207.9,8.5,26,1,1,616,679,726,3,755,13.5,759.8,524,32.2,32.2,0,2.6,2018.0,0,16.76,19.7,40.0,33.1,39.4,33.8,34.0,33.5,33.9,35.0,56.5,56.4,34,41,26.0,30.7,35,35,35,0,0,0,6,6,4,0,29,29,29,40,47,47,41,41,39,44.79,44.81,44.83,65,550,6.6,0,0,0
12.5,324,0.24,0.19,0.19,11.0,12.8,16.3,12.72,-19.2,0.05,0.14,207.4,7.6,31,1,1,537,679,633,-5,669,12.89,703.4,481,31.0,31.6,0,2.7,1959.1,0,16.67,19.7,40.8,33.9,40.2,34.6,34.7,34.2,34.4,35.4,56.6,56.4,34,42,26.2,30.7,34,33,36,0,0,0,6,6,4,0,29,29,29,40,47,47,42,42,40,44.79,44.81,44.82,65,550,6.9,0,0,0
11.55,20,0.24,0.19,0.19,11.1,12.8,16.5,11.69,19.9,0.12,0.1,206.6,5.8,19,1,1,411,679,484,-5,514,11.85,576.0,399,29.3,29.3,0,2.7,1466.9,0,15.92,19.6,40.8,34.0,40.3,34.6,34.8,34.2,34.5,35.6,56.6,56.4,34,42,26.2,30.7,32,32,36,0,0,0,6,6,4,0,29,29,29,40,47,48,42,42,40,44.79,44.81,44.82,65,550,6.9,0,0,0
13.45,348,0.25,0.19,0.19,11.6,12.7,16.4,13.67,5.7,0.13,0.02,207.5,8.2,22,1,1,663,680,782,-3,824,13.87,813.9,548,33.0,32.8,0,2.7,2067.6,0,16.83,19.7,40.0,33.2,39.5,33.9,34.0,33.5,34.0,35.0,56.5,56.4,34,41,26.0,30.7,36,36,35,0,0,0,6,6,4,0,29,29,29,40,47,47,41,41,39,44.79,44.81,44.82,65,550,6.7,0,0,0
