轮毂转速,轮毂角度,叶片1角度,叶片2角度,叶片3角度,变桨电机1电流,变桨电机2电流,变桨电机3电流,超速传感器转速检测值,5秒偏航对风平均值,x方向振动值,y方向振动值,液压制动压力,机舱气象站风速,风向绝对值,大气压力,无功功率控制状态,变频器电网侧电流,变频器电网侧电压,变频器电网侧有功功率,变频器电网侧无功功率,变频器发电机侧功率,发电机运行频率,发电机电流,发电机转矩,变频器入口温度,变频器出口温度,变频器入口压力,变频器出口压力,发电机功率限幅值,无功功率设定值,额定的轮毂转速,测风塔环境温度,发电机定子温度1,发电机定子温度2,发电机定子温度3,发电机定子温度4,发电机定子温度5,发电机定子温度6,发电机空气温度1,发电机空气温度2,主轴承温度1,主轴承温度2,轮毂温度,轮毂控制柜温度,机舱温度,机舱控制柜温度,变频器INU温度,变频器ISU温度,变频器INU RMIO温度,变桨电机1功率估算,变桨电机2功率估算,变桨电机3功率估算,风机当前状态值,轮毂当前状态值,偏航状态值,偏航要求值,叶片1电池箱温度,叶片2电池箱温度,叶片3电池箱温度,叶片1变桨电机温度,叶片2变桨电机温度,叶片3变桨电机温度,叶片1变频器箱温度,叶片2变频器箱温度,叶片3变频器箱温度,叶片1超级电容电压,叶片2超级电容电压,叶片3超级电容电压,驱动1晶闸管温度,驱动2晶闸管温度,驱动3晶闸管温度,驱动1输出扭矩,驱动2输出扭矩,驱动3输出扭矩
10.11,208.0,0.2,0.22,0.22,12.1,11.1,12.9,10.34,-14.8,0.09,0.14,205.3,5.8,331.0,1.0,3.0,279.0,697.0,338.0,5.0,353.0,10.44,449.6,314.0,31.4,30.9,0.0,3.5,2180.0,0.0,17.0,-7.8,7.3,7.4,9.3,6.7,6.6,7.4,7.2,8.5,34.2,34.1,12.0,20.0,3.7,9.3,33.0,33.0,32.0,0.0,0.0,0.0,6.0,6.0,4.0,0.0,8.0,8.0,8.0,27.0,34.0,30.0,20.0,20.0,18.0,44.82,44.89,44.87,43.0,320.0,3.9,0.0,0.0,0.0
0.0,0.0,0.0,0.0,0.0,0.0,0.0,0.0,0.0,0.0,0.0,0.0,0.0,0.0,0.0,0.0,0.0,0.0,0.0,305.0,-1.0,0.0,0.0,0.0,0.0,0.0,0.0,0.0,0.0,0.0,0.0,0.0,0.0,0.0,0.0,0.0,0.0,0.0,0.0,0.0,0.0,0.0,0.0,0.0,0.0,0.0,0.0,0.0,0.0,0.0,0.0,0.0,0.0,0.0,0.0,0.0,0.0,0.0,0.0,0.0,0.0,0.0,0.0,0.0,0.0,0.0,0.0,0.0,0.0,0.0,0.0,0.0,0.0,0.0,0.0
9.46,208.0,0.2,0.22,0.22,12.0,11.0,12.7,9.67,-14.3,0.08,0.14,205.2,5.0,329.0,1.0,3.0,228.0,695.0,275.0,-2.0,290.0,9.72,391.3,274.0,31.5,32.6,0.0,3.5,2180.0,0.0,17.0,-7.8,7.2,7.4,9.1,6.5,6.5,7.3,7.2,8.4,34.2,34.1,11.0,20.0,3.7,9.3,34.0,35.0,32.0,0.0,0.0,0.0,6.0,6.0,4.0,0.0,8.0,8.0,8.0,27.0,34.0,30.0,20.0,20.0,18.0,44.82,44.9,44.86,44.0,310.0,4.0,0.0,0.0,0.0
9.22,208.0,0.2,0.22,0.22,11.1,10.8,12.5,9.32,-6.1,0.09,0.14,205.2,4.6,326.0,1.0,3.0,203.0,695.0,246.0,-2.0,261.0,9.44,367.3,259.0,32.7,32.0,0.0,3.5,2180.0,0.0,17.0,-7.8,7.1,7.5,9.1,6.5,6.4,7.3,7.2,8.5,34.2,34.0,12.0,20.0,3.7,9.3,34.0,34.0,32.0,0.0,0.0,0.0,6.0,6.0,4.0,0.0,8.0,8.0,8.0,27.0,34.0,30.0,20.0,20.0,18.0,44.82,44.9,44.87,43.0,310.0,4.0,0.0,0.0,0.0
9.16,208.0,0.2,0.22,0.22,10.8,11.8,12.1,9.28,-13.0,0.09,0.14,205.3,4.7,326.0,1.0,3.0,202.0,696.0,244.0,5.0,261.0,9.46,363.0,255.0,32.7,32.0,0.0,3.5,2180.0,0.0,17.0,-7.8,7.1,7.3,9.0,6.5,6.5,7.1,7.2,8.5,34.2,34.1,12.0,20.0,3.7,9.3,34.0,34.0,32.0,0.0,0.0,0.0,6.0,6.0,4.0,0.0,8.0,8.0,8.0,27.0,34.0,30.0,20.0,20.0,18.0,44.82,44.9,44.86,43.0,320.0,4.0,0.0,0.0,0.0
9.08,208.0,0.2,0.22,0.22,10.8,11.8,12.0,9.29,-1.1,0.11,0.14,205.5,4.9,322.0,1.0,3.0,204.0,695.0,247.0,-1.0,253.0,9.38,363.0,255.0,32.1,31.4,0.0,3.5,2180.0,0.0,17.0,-7.8,7.1,7.3,9.1,6.5,6.4,7.3,7.2,8.5,34.1,34.1,12.0,20.0,3.7,9.3,33.0,33.0,32.0,0.0,0.0,0.0,6.0,6.0,4.0,0.0,8.0,8.0,8.0,27.0,34.0,30.0,20.0,20.0,18.0,44.82,44.9,44.86,43.0,310.0,4.0,0.0,0.0,0.0
9.1,208.0,0.2,0.22,0.22,11.0,11.8,12.4,9.29,-5.6,0.09,0.14,205.4,4.3,322.0,1.0,3.0,207.0,695.0,250.0,-3.0,265.0,9.43,365.5,256.0,31.4,30.8,0.0,3.5,2180.0,0.0,17.0,-7.8,7.1,7.5,9.1,6.5,6.3,7.6,7.2,8.4,34.1,34.1,12.0,20.0,3.7,9.3,33.0,33.0,32.0,0.0,0.0,0.0,6.0,6.0,4.0,0.0,8.0,8.0,8.0,27.0,34.0,30.0,20.0,20.0,18.0,44.82,44.89,44.87,43.0,320.0,3.9,0.0,0.0,0.0
10.31,208.0,0.2,0.22,0.22,11.1,12.0,12.9,10.53,-14.5,0.09,0.14,204.9,5.3,333.0,1.0,3.0,292.0,696.0,354.0,4.0,368.0,10.61,469.0,326.0,31.9,31.3,0.0,3.5,2180.0,0.0,17.0,-7.8,7.4,7.4,9.4,6.7,6.5,7.5,7.2,8.5,34.2,34.1,12.0,20.0,3.7,9.3,34.0,34.0,32.0,0.0,0.0,0.0,6.0,6.0,4.0,0.0,8.0,8.0,8.0,27.0,34.0,30.0,20.0,20.0,18.0,44.83,44.89,44.86,44.0,320.0,4.0,0.0,0.0,0.0
10.04,208.0,0.2,0.22,0.22,11.0,11.8,12.1,10.18,-2.0,0.09,0.14,205.7,5.2,328.0,1.0,3.0,270.0,697.0,327.0,-3.0,348.0,10.31,436.0,307.0,31.1,30.6,0.0,3.5,2180.0,0.0,17.0,-7.8,7.3,7.6,9.3,6.6,6.5,7.4,7.2,8.5,34.2,34.0,12.0,20.0,3.7,9.3,33.0,33.0,32.0,0.0,0.0,0.0,6.0,6.0,4.0,0.0,8.0,8.0,8.0,27.0,34.0,30.0,20.0,20.0,18.0,44.82,44.9,44.86,44.0,310.0,4.0,0.0,0.0,0.0
9.17,208.0,0.2,0.22,0.22,10.9,10.9,12.3,9.29,4.1,0.09,0.14,205.3,4.5,320.0,1.0,3.0,211.0,695.0,255.0,2.0,267.0,9.45,362.4,258.0,31.6,31.1,0.0,3.5,2180.0,0.0,17.0,-7.8,7.1,7.3,9.1,6.5,6.5,7.1,7.2,8.5,34.2,34.1,11.0,20.0,3.7,9.3,33.0,33.0,32.0,0.0,0.0,0.0,6.0,6.0,4.0,0.0,8.0,8.0,8.0,27.0,34.0,30.0,20.0,20.0,18.0,44.82,44.9,44.86,43.0,320.0,4.0,0.0,0.0,0.0
9.8,208.0,0.2,0.22,0.22,10.9,12.0,12.5,9.92,-9.3,0.08,0.15,205.4,4.8,330.0,1.0,3.0,255.0,696.0,308.0,1.0,316.0,10.02,417.5,293.0,28.9,28.5,0.0,3.5,2180.0,0.0,17.0,-7.8,7.2,7.2,9.2,6.5,6.4,7.3,7.2,8.4,34.2,34.1,12.0,20.0,3.7,9.3,31.0,31.0,32.0,0.0,0.0,0.0,6.0,6.0,4.0,0.0,8.0,8.0,8.0,27.0,34.0,30.0,20.0,20.0,18.0,44.82,44.89,44.86,44.0,310.0,4.0,0.0,0.0,0.0
9.91,208.0,0.2,0.22,0.22,11.0,11.8,12.0,10.11,-9.1,0.08,0.13,205.5,5.2,329.0,1.0,3.0,255.0,696.0,309.0,4.0,323.0,10.21,428.9,301.0,30.5,30.1,0.0,3.5,2180.0,0.0,17.0,-7.8,7.3,7.5,9.2,6.6,6.6,7.3,7.2,8.5,34.2,34.1,12.0,20.0,3.7,9.3,32.0,32.0,32.0,0.0,0.0,0.0,6.0,6.0,4.0,0.0,8.0,8.0,8.0,27.0,34.0,30.0,20.0,20.0,18.0,44.82,44.89,44.86,43.0,310.0,3.9,0.0,0.0,0.0
9.1,208.0,0.2,0.22,0.22,11.1,11.6,12.5,9.27,-16.7,0.09,0.14,205.4,4.8,326.0,1.0,3.0,206.0,696.0,250.0,5.0,258.0,9.37,362.6,257.0,32.7,32.0,0.0,3.5,2180.0,0.0,17.0,-7.8,7.1,7.3,9.0,6.5,6.5,7.1,7.2,8.5,34.2,34.1,12.0,20.0,3.7,9.3,34.0,34.0,32.0,0.0,0.0,0.0,6.0,6.0,4.0,0.0,8.0,8.0,8.0,27.0,34.0,30.0,20.0,20.0,18.0,44.82,44.9,44.86,44.0,320.0,3.9,0.0,0.0,0.0
9.08,208.0,0.2,0.22,0.22,10.8,11.8,12.2,9.33,-0.1,0.09,0.14,205.3,4.8,322.0,1.0,3.0,206.0,695.0,249.0,-2.0,257.0,9.37,365.1,257.0,31.5,30.8,0.0,3.5,2180.0,0.0,17.0,-7.8,7.1,7.6,9.1,6.5,6.4,7.3,7.2,8.4,34.1,34.1,12.0,20.0,3.7,9.3,33.0,33.0,32.0,0.0,0.0,0.0,6.0,6.0,4.0,0.0,8.0,8.0,8.0,27.0,34.0,30.0,20.0,20.0,18.0,44.82,44.89,44.87,43.0,320.0,3.9,0.0,0.0,0.0
9.54,208.0,0.2,0.22,0.22,11.9,10.9,12.7,10.01,-12.0,0.08,0.14,205.5,4.5,330.0,1.0,3.0,249.0,695.0,301.0,-3.0,310.0,10.04,417.9,294.0,28.8,28.7,0.0,3.5,2180.0,0.0,17.0,-7.8,7.2,7.5,9.2,6.5,6.4,7.6,7.1,8.4,34.2,34.1,12.0,20.0,3.7,9.3,31.0,31.0,32.0,0.0,0.0,0.0,6.0,6.0,4.0,0.0,8.0,8.0,8.0,27.0,34.0,30.0,20.0,20.0,18.0,44.82,44.89,44.87,44.0,320.0,3.9,0.0,0.0,0.0
9.3,208.0,0.2,0.22,0.22,10.8,11.3,11.9,9.4,-7.5,0.09,0.14,205.3,4.7,327.0,1.0,3.0,207.0,696.0,251.0,-4.0,266.0,9.53,372.1,261.0,33.0,32.2,0.0,3.5,2180.0,0.0,17.0,-7.8,7.1,7.3,9.1,6.5,6.4,7.4,7.2,8.5,34.2,34.1,11.0,20.0,3.7,9.3,34.0,34.0,32.0,0.0,0.0,0.0,6.0,6.0,4.0,0.0,8.0,8.0,8.0,27.0,34.0,30.0,20.0,20.0,18.0,44.82,44.89,44.87,43.0,320.0,3.9,0.0,0.0,0.0
9.84,208.0,0.2,0.22,0.22,11.0,11.1,12.1,9.98,-13.1,0.09,0.14,205.3,5.0,334.0,1.0,3.0,262.0,695.0,317.0,5.0,327.0,10.15,420.5,299.0,29.8,29.2,0.0,3.5,2180.0,0.0,17.0,-7.8,7.3,7.3,9.1,6.6,6.5,7.1,7.2,8.4,34.2,34.1,12.0,20.0,3.7,9.3,31.0,31.0,32.0,0.0,0.0,0.0,6.0,6.0,4.0,0.0,8.0,8.0,8.0,27.0,34.0,30.0,20.0,20.0,18.0,44.82,44.89,44.86,43.0,320.0,4.0,0.0,0.0,0.0
9.89,208.0,0.2,0.22,0.22,11.3,11.9,13.1,10.42,-17.5,0.11,0.14,205.4,4.9,333.0,1.0,3.0,284.0,697.0,343.0,-3.0,366.0,10.59,460.1,320.0,31.8,31.2,0.0,3.5,2180.0,0.0,17.0,-7.8,7.4,7.6,9.4,6.7,6.6,7.5,7.2,8.5,34.2,34.1,13.0,20.0,3.7,9.3,33.0,33.0,32.0,0.0,0.0,0.0,6.0,6.0,4.0,0.0,8.0,8.0,8.0,27.0,34.0,30.0,20.0,20.0,18.0,44.82,44.89,44.86,44.0,320.0,4.0,0.0,0.0,0.0
9.74,208.0,0.2,0.22,0.22,11.1,11.9,12.5,9.89,-8.0,0.09,0.14,205.2,4.8,329.0,1.0,3.0,250.0,696.0,302.0,-4.0,317.0,10.04,413.0,290.0,28.8,28.6,0.0,3.5,2180.0,0.0,17.0,-7.8,7.2,7.4,9.1,6.5,6.5,7.3,7.2,8.4,34.2,34.1,12.0,20.0,3.7,9.3,31.0,31.0,32.0,0.0,0.0,0.0,6.0,6.0,4.0,0.0,8.0,8.0,8.0,27.0,34.0,30.0,20.0,20.0,18.0,44.82,44.9,44.86,44.0,310.0,3.9,0.0,0.0,0.0
10.34,208.0,0.2,0.22,0.22,11.1,11.9,12.7,10.48,-12.0,0.09,0.14,204.9,5.0,333.0,1.0,3.0,303.0,696.0,366.0,-2.0,383.0,10.63,467.9,331.0,32.6,32.0,0.0,3.5,2180.0,0.0,17.0,-7.8,7.4,7.3,9.3,6.7,6.7,7.4,7.2,8.5,34.2,34.1,12.0,20.0,3.7,9.3,34.0,34.0,32.0,0.0,0.0,0.0,6.0,6.0,4.0,0.0,8.0,8.0,8.0,27.0,34.0,30.0,20.0,20.0,19.0,44.82,44.9,44.86,44.0,310.0,4.0,0.0,0.0,0.0
10.18,208.0,0.2,0.22,0.22,11.7,11.1,12.7,10.58,-15.3,0.09,0.14,205.1,4.9,333.0,1.0,3.0,304.0,696.0,368.0,4.0,385.0,10.73,477.6,331.0,32.0,31.5,0.0,3.5,2180.0,0.0,17.0,-7.8,7.4,7.5,9.3,6.7,6.6,7.4,7.2,8.5,34.2,34.0,12.0,20.0,3.7,9.3,34.0,34.0,32.0,0.0,0.0,0.0,6.0,6.0,4.0,0.0,8.0,8.0,8.0,27.0,34.0,30.0,20.0,20.0,18.0,44.82,44.9,44.86,43.0,320.0,3.9,0.0,0.0,0.0
9.21,208.0,0.2,0.22,0.22,10.8,11.2,11.9,9.28,-2.3,0.09,0.14,205.2,4.6,323.0,1.0,3.0,200.0,696.0,244.0,0.0,254.0,9.42,362.3,257.0,32.6,32.0,0.0,3.5,2180.0,0.0,17.0,-7.8,7.1,7.5,9.2,6.5,6.4,7.4,7.2,8.4,34.2,34.1,12.0,20.0,3.7,9.3,34.0,34.0,32.0,0.0,0.0,0.0,6.0,6.0,4.0,0.0,8.0,8.0,8.0,27.0,34.0,30.0,20.0,20.0,18.0,44.82,44.9,44.86,43.0,310.0,3.9,0.0,0.0,0.0
10.15,208.0,0.2,0.22,0.22,11.1,11.4,12.1,10.49,-15.1,0.09,0.14,205.1,5.1,334.0,1.0,3.0,300.0,696.0,363.0,-2.0,374.0,10.67,468.6,330.0,32.1,31.4,0.0,3.6,2180.0,0.0,17.0,-7.8,7.4,7.6,9.4,6.7,6.6,7.5,7.2,8.5,34.2,34.1,12.0,20.0,3.7,9.3,34.0,34.0,32.0,0.0,0.0,0.0,6.0,6.0,4.0,0.0,8.0,8.0,8.0,27.0,34.0,30.0,20.0,20.0,19.0,44.82,44.9,44.86,44.0,320.0,4.0,0.0,0.0,0.0
9.13,208.0,0.2,0.22,0.22,11.0,11.8,12.5,9.29,-2.6,0.08,0.14,205.6,4.5,323.0,1.0,3.0,198.0,696.0,240.0,-3.0,255.0,9.37,365.1,256.0,32.6,31.9,0.0,3.5,2180.0,0.0,17.0,-7.8,7.1,7.6,9.2,6.5,6.4,7.3,7.2,8.5,34.2,34.1,12.0,20.0,3.7,9.3,34.0,34.0,32.0,0.0,0.0,0.0,6.0,6.0,4.0,0.0,8.0,8.0,8.0,27.0,34.0,30.0,20.0,20.0,18.0,44.82,44.9,44.86,43.0,320.0,4.0,0.0,0.0,0.0
10.23,208.0,0.2,0.22,0.22,11.3,11.0,12.2,10.36,-11.4,0.08,0.14,205.2,5.4,331.0,1.0,3.0,282.0,696.0,341.0,-5.0,364.0,10.57,456.8,320.0,31.6,31.1,0.0,3.6,2180.0,0.0,17.0,-7.8,7.4,7.6,9.3,6.6,6.6,7.4,7.2,8.5,34.2,34.1,12.0,20.0,3.7,9.3,33.0,33.0,32.0,0.0,0.0,0.0,6.0,6.0,4.0,0.0,8.0,8.0,8.0,27.0,34.0,30.0,20.0,20.0,18.0,44.82,44.89,44.86,44.0,320.0,4.0,0.0,0.0,0.0
9.21,208.0,0.2,0.22,0.22,10.8,11.1,11.9,9.29,-8.6,0.09,0.14,205.2,4.8,323.0,1.0,3.0,206.0,696.0,249.0,-3.0,262.0,9.45,364.1,256.0,31.4,30.8,0.0,3.5,2180.0,0.0,17.0,-7.8,7.1,7.4,9.1,6.5,6.3,7.5,7.2,8.4,34.1,34.1,12.0,20.0,3.7,9.3,33.0,33.0,32.0,0.0,0.0,0.0,6.0,6.0,4.0,0.0,8.0,8.0,8.0,27.0,34.0,30.0,20.0,20.0,18.0,44.82,44.89,44.87,43.0,310.0,3.9,0.0,0.0,0.0
9.9,208.0,0.2,0.22,0.22,10.9,12.0,12.2,10.11,-8.3,0.09,0.14,205.2,4.8,332.0,1.0,3.0,259.0,696.0,313.0,-2.0,325.0,10.16,425.6,300.0,30.0,29.4,0.0,3.5,2180.0,0.0,17.0,-7.8,7.3,7.3,9.2,6.6,6.5,7.3,7.2,8.5,34.2,34.1,12.0,20.0,3.7,9.3,32.0,32.0,32.0,0.0,0.0,0.0,6.0,6.0,4.0,0.0,8.0,8.0,8.0,27.0,34.0,30.0,20.0,20.0,18.0,44.82,44.89,44.86,43.0,310.0,4.0,0.0,0.0,0.0
10.37,208.0,0.2,0.22,0.22,11.3,11.1,12.2,10.43,-12.2,0.09,0.14,205.4,4.7,333.0,1.0,3.0,296.0,696.0,358.0,-2.0,379.0,10.7,468.1,329.0,32.6,31.9,0.0,3.6,2180.0,0.0,17.0,-7.8,7.4,7.4,9.3,6.7,6.7,7.4,7.2,8.5,34.2,34.1,12.0,20.0,3.7,9.3,34.0,34.0,32.0,0.0,0.0,0.0,6.0,6.0,4.0,0.0,8.0,8.0,8.0,27.0,34.0,30.0,20.0,20.0,18.0,44.82,44.89,44.87,43.0,320.0,4.0,0.0,0.0,0.0
9.16,208.0,0.2,0.22,0.22,12.0,10.8,12.5,9.36,-1.8,0.09,0.14,205.3,3.8,322.0,1.0,3.0,209.0,695.0,253.0,0.0,258.0,9.38,365.3,256.0,32.1,31.4,0.0,3.5,2180.0,0.0,17.0,-7.8,7.1,7.3,9.1,6.5,6.4,7.3,7.2,8.5,34.2,34.1,12.0,20.0,3.7,9.3,33.0,33.0,32.0,0.0,0.0,0.0,6.0,6.0,4.0,0.0,8.0,8.0,8.0,27.0,34.0,30.0,20.0,20.0,18.0,44.82,44.9,44.87,44.0,320.0,3.9,0.0,0.0,0.0
10.09,208.0,0.2,0.22,0.22,11.7,11.1,12.6,10.33,-13.5,0.11,0.14,205.3,5.1,331.0,1.0,3.0,276.0,697.0,334.0,2.0,349.0,10.44,449.1,313.0,31.6,31.0,0.0,3.5,2180.0,0.0,17.0,-7.8,7.4,7.3,9.3,6.6,6.6,7.4,7.2,8.5,34.2,34.1,12.0,20.0,3.7,9.3,33.0,33.0,32.0,0.0,0.0,0.0,6.0,6.0,4.0,0.0,8.0,8.0,8.0,27.0,34.0,30.0,20.0,20.0,18.0,44.82,44.89,44.87,44.0,320.0,4.0,0.0,0.0,0.0
10.43,208.0,0.2,0.22,0.22,11.6,11.6,13.1,10.64,-22.0,0.09,0.18,26.7,5.1,336.0,1.0,3.0,301.0,696.0,364.0,-2.0,375.0,10.69,472.5,331.0,32.9,32.4,0.0,3.5,1500.0,0.0,15.98,-7.8,7.5,7.6,9.3,6.7,6.7,7.6,7.3,8.5,34.2,34.1,12.0,20.0,3.7,9.3,35.0,35.0,32.0,0.0,0.0,0.0,6.0,6.0,4.0,2.0,8.0,8.0,8.0,27.0,34.0,30.0,20.0,20.0,19.0,44.82,44.9,44.87,44.0,310.0,4.0,0.0,0.0,0.0
9.66,208.0,0.2,0.22,0.22,10.9,12.0,12.2,10.07,-8.5,0.09,0.14,205.3,5.1,333.0,1.0,3.0,251.0,696.0,303.0,-3.0,320.0,10.16,425.2,297.0,29.9,29.3,0.0,3.5,2180.0,0.0,17.0,-7.8,7.2,7.5,9.2,6.6,6.5,7.3,7.2,8.4,34.2,34.0,10.0,20.0,3.7,9.3,31.0,31.0,32.0,0.0,0.0,0.0,6.0,6.0,4.0,0.0,8.0,8.0,8.0,27.0,34.0,30.0,20.0,20.0,18.0,44.83,44.89,44.87,43.0,310.0,4.0,0.0,0.0,0.0
9.72,208.0,0.2,0.22,0.22,11.8,10.9,12.7,9.92,-13.6,0.09,0.14,205.4,4.9,331.0,1.0,3.0,237.0,695.0,286.0,-2.0,306.0,10.02,409.5,288.0,29.3,28.7,0.0,3.5,2180.0,0.0,17.0,-7.8,7.2,7.3,9.1,6.6,6.5,7.3,7.2,8.4,34.2,34.1,12.0,20.0,3.7,9.3,31.0,31.0,32.0,0.0,0.0,0.0,6.0,6.0,4.0,0.0,8.0,8.0,8.0,27.0,34.0,30.0,20.0,20.0,18.0,44.83,44.9,44.87,43.0,320.0,4.0,0.0,0.0,0.0
10.08,208.0,0.2,0.22,0.22,11.0,12.0,12.4,10.43,-14.1,0.09,0.14,205.4,5.6,332.0,1.0,3.0,291.0,696.0,352.0,-2.0,359.0,10.51,460.1,323.0,31.6,31.1,0.0,3.5,2180.0,0.0,17.0,-7.8,7.4,7.6,9.4,6.7,6.6,7.5,7.2,8.5,34.2,34.1,11.0,20.0,3.7,9.3,33.0,33.0,32.0,0.0,0.0,0.0,6.0,6.0,4.0,0.0,8.0,8.0,8.0,27.0,34.0,30.0,20.0,20.0,18.0,44.82,44.9,44.86,44.0,310.0,4.0,0.0,0.0,0.0
9.21,208.0,0.2,0.22,0.22,10.8,11.0,12.0,9.31,-6.4,0.09,0.14,205.3,4.5,326.0,1.0,3.0,213.0,696.0,257.0,2.0,263.0,9.43,368.2,259.0,32.7,32.0,0.0,3.5,2180.0,0.0,17.0,-7.8,7.1,7.5,9.2,6.5,6.4,7.3,7.2,8.5,34.2,34.0,12.0,20.0,3.7,9.3,34.0,34.0,32.0,0.0,0.0,0.0,6.0,6.0,4.0,0.0,8.0,8.0,8.0,27.0,34.0,30.0,20.0,20.0,18.0,44.82,44.9,44.86,43.0,310.0,4.0,0.0,0.0,0.0
9.07,208.0,0.2,0.22,0.22,12.0,10.9,12.7,9.39,-3.0,0.09,0.14,205.6,4.3,323.0,1.0,3.0,202.0,696.0,244.0,-2.0,252.0,9.4,364.0,256.0,31.6,30.8,0.0,3.6,2180.0,0.0,17.0,-7.8,7.1,7.6,9.1,6.5,6.5,7.2,7.3,8.5,34.1,34.1,11.0,20.0,3.7,9.3,33.0,33.0,32.0,0.0,0.0,0.0,6.0,6.0,4.0,0.0,8.0,8.0,8.0,27.0,34.0,30.0,20.0,20.0,18.0,44.82,44.89,44.87,43.0,310.0,4.0,0.0,0.0,0.0
9.7,208.0,0.2,0.22,0.22,11.9,11.2,12.9,9.94,-7.6,0.09,0.14,205.2,5.2,327.0,1.0,3.0,236.0,696.0,286.0,-3.0,309.0,9.98,408.5,284.0,27.9,29.0,0.0,3.5,2180.0,0.0,17.0,-7.8,7.2,7.4,9.1,6.5,6.4,7.3,7.2,8.4,34.2,34.1,12.0,20.0,3.7,9.3,31.0,31.0,32.0,0.0,0.0,0.0,6.0,6.0,4.0,0.0,8.0,8.0,8.0,27.0,34.0,30.0,20.0,20.0,18.0,44.82,44.89,44.86,44.0,310.0,4.0,0.0,0.0,0.0
9.18,208.0,0.2,0.22,0.22,12.0,11.1,12.5,9.32,2.6,0.09,0.14,205.3,4.9,321.0,1.0,3.0,201.0,695.0,243.0,0.0,255.0,9.38,364.1,256.0,31.6,30.9,0.0,3.5,2180.0,0.0,17.0,-7.8,7.1,7.7,9.2,6.5,6.4,7.4,7.2,8.4,34.1,34.1,11.0,20.0,3.7,9.3,33.0,33.0,32.0,0.0,0.0,0.0,6.0,6.0,4.0,0.0,8.0,8.0,8.0,27.0,34.0,30.0,20.0,20.0,18.0,44.83,44.89,44.86,43.0,310.0,3.9,0.0,0.0,0.0
8.94,208.0,0.2,0.22,0.22,11.8,11.1,12.5,9.31,-2.6,0.08,0.14,205.2,4.8,323.0,1.0,3.0,210.0,696.0,254.0,1.0,265.0,9.38,363.3,258.0,32.5,32.0,0.0,3.5,2180.0,0.0,17.0,-7.8,7.1,7.6,9.2,6.5,6.4,7.3,7.2,8.5,34.2,34.1,13.0,20.0,3.7,9.3,34.0,34.0,32.0,0.0,0.0,0.0,6.0,6.0,4.0,0.0,8.0,8.0,8.0,27.0,34.0,30.0,20.0,20.0,18.0,44.82,44.9,44.86,44.0,320.0,4.0,0.0,0.0,0.0
9.54,208.0,0.2,0.22,0.22,11.1,11.9,12.7,9.85,-7.7,0.09,0.14,205.3,4.7,328.0,1.0,3.0,243.0,696.0,293.0,-3.0,313.0,9.95,406.4,285.0,27.8,29.0,0.0,3.5,2180.0,0.0,17.0,-7.8,7.2,7.4,9.1,6.5,6.4,7.3,7.2,8.4,34.2,34.1,13.0,20.0,3.7,9.3,30.0,30.0,32.0,0.0,0.0,0.0,6.0,6.0,4.0,0.0,8.0,8.0,8.0,27.0,34.0,30.0,20.0,20.0,18.0,44.82,44.9,44.86,43.0,310.0,3.9,0.0,0.0,0.0
10.07,208.0,0.2,0.22,0.22,11.1,11.1,12.4,10.17,-7.5,0.09,0.14,205.3,4.3,329.0,1.0,3.0,268.0,696.0,324.0,-2.0,338.0,10.35,442.9,308.0,31.1,30.5,0.0,3.5,2180.0,0.0,17.0,-7.8,7.3,7.4,9.3,6.6,6.6,7.3,7.2,8.5,34.2,34.1,10.0,20.0,3.7,9.3,33.0,33.0,32.0,0.0,0.0,0.0,6.0,6.0,4.0,0.0,8.0,8.0,8.0,27.0,34.0,30.0,20.0,20.0,19.0,44.82,44.89,44.86,44.0,310.0,4.0,0.0,0.0,0.0
10.11,208.0,0.2,0.22,0.22,11.1,11.4,12.1,10.36,-16.6,0.1,0.13,205.2,4.9,332.0,1.0,3.0,278.0,696.0,336.0,2.0,356.0,10.44,448.2,317.0,31.6,30.9,0.0,3.5,2180.0,0.0,17.0,-7.8,7.4,7.3,9.3,6.6,6.6,7.4,7.2,8.5,34.2,34.1,12.0,20.0,3.7,9.3,33.0,33.0,32.0,0.0,0.0,0.0,6.0,6.0,4.0,0.0,8.0,8.0,8.0,27.0,34.0,30.0,20.0,20.0,18.0,44.82,44.9,44.87,44.0,310.0,3.9,0.0,0.0,0.0
10.36,208.0,0.2,0.22,0.22,11.1,12.0,12.5,10.56,-14.6,0.09,0.14,205.1,5.7,333.0,1.0,3.0,300.0,696.0,363.0,-1.0,376.0,10.63,469.5,330.0,32.0,31.5,0.0,3.5,2180.0,0.0,17.0,-7.8,7.4,7.5,9.4,6.7,6.6,7.5,7.2,8.5,34.2,34.0,12.0,20.0,3.7,9.3,34.0,34.0,32.0,0.0,0.0,0.0,6.0,6.0,4.0,0.0,8.0,8.0,8.0,27.0,34.0,30.0,20.0,20.0,18.0,44.82,44.89,44.87,44.0,310.0,4.0,0.0,0.0,0.0
9.07,208.0,0.2,0.22,0.22,10.8,11.8,12.3,9.33,-5.6,0.09,0.14,205.3,4.6,323.0,1.0,3.0,202.0,696.0,245.0,0.0,250.0,9.37,361.5,253.0,32.5,31.8,0.0,3.6,2180.0,0.0,17.0,-7.8,7.1,7.6,9.2,6.5,6.4,7.4,7.2,8.4,34.2,34.1,12.0,20.0,3.7,9.3,34.0,34.0,32.0,0.0,0.0,0.0,6.0,6.0,4.0,0.0,8.0,8.0,8.0,27.0,34.0,30.0,20.0,20.0,18.0,44.82,44.89,44.87,43.0,320.0,3.9,0.0,0.0,0.0
9.77,208.0,0.2,0.22,0.22,11.0,11.4,12.0,10.06,-10.7,0.09,0.14,205.5,5.0,332.0,1.0,3.0,255.0,695.0,309.0,-5.0,328.0,10.22,430.0,300.0,30.2,29.6,0.0,3.5,2180.0,0.0,17.0,-7.8,7.3,7.3,9.2,6.6,6.5,7.3,7.2,8.4,34.2,34.1,11.0,20.0,3.7,9.3,32.0,32.0,32.0,0.0,0.0,0.0,6.0,6.0,4.0,0.0,8.0,8.0,8.0,27.0,34.0,30.0,20.0,20.0,18.0,44.82,44.89,44.87,43.0,310.0,4.0,0.0,0.0,0.0
9.09,208.0,0.2,0.22,0.22,12.0,10.8,12.6,9.4,-4.4,0.09,0.14,205.4,4.4,323.0,1.0,3.0,204.0,696.0,247.0,-3.0,263.0,9.46,368.0,258.0,31.5,30.9,0.0,3.5,2180.0,0.0,17.0,-7.8,7.1,7.5,9.1,6.5,6.3,7.5,7.2,8.4,34.1,34.1,12.0,20.0,3.7,9.3,33.0,33.0,32.0,0.0,0.0,0.0,6.0,6.0,4.0,0.0,8.0,8.0,8.0,27.0,34.0,30.0,20.0,20.0,18.0,44.82,44.89,44.86,43.0,310.0,4.0,0.0,0.0,0.0
8.9,208.0,0.2,0.22,0.22,10.9,10.8,12.4,9.19,-0.6,0.09,0.14,205.2,4.7,322.0,1.0,3.0,199.0,695.0,241.0,-2.0,257.0,9.42,365.7,255.0,32.2,31.6,0.0,3.5,2180.0,0.0,17.0,-7.8,7.1,7.4,9.2,6.5,6.4,7.5,7.2,8.4,34.2,34.1,12.0,20.0,3.7,9.3,33.0,34.0,32.0,0.0,0.0,0.0,6.0,6.0,4.0,0.0,8.0,8.0,8.0,27.0,34.0,30.0,20.0,20.0,18.0,44.82,44.9,44.87,43.0,320.0,3.9,0.0,0.0,0.0
9.0,208.0,0.2,0.22,0.22,11.0,11.8,12.5,9.31,1.5,0.09,0.14,205.2,4.3,322.0,1.0,3.0,207.0,696.0,251.0,-2.0,256.0,9.34,362.3,256.0,32.5,31.8,0.0,3.5,2180.0,0.0,17.0,-7.8,7.1,7.4,9.0,6.5,6.5,7.1,7.2,8.5,34.2,34.1,12.0,20.0,3.7,9.3,34.0,34.0,32.0,0.0,0.0,0.0,6.0,6.0,4.0,0.0,8.0,8.0,8.0,27.0,34.0,30.0,20.0,20.0,18.0,44.83,44.89,44.87,44.0,320.0,4.0,0.0,0.0,0.0
9.1,208.0,0.2,0.22,0.22,10.8,11.9,12.2,9.31,0.4,0.09,0.14,205.3,4.5,322.0,1.0,3.0,201.0,695.0,243.0,-3.0,262.0,9.43,363.1,257.0,32.1,31.6,0.0,3.5,2180.0,0.0,17.0,-7.8,7.1,7.5,9.2,6.5,6.4,7.4,7.2,8.4,34.2,34.1,12.0,20.0,3.7,9.3,33.0,34.0,32.0,0.0,0.0,0.0,6.0,6.0,4.0,0.0,8.0,8.0,8.0,27.0,34.0,30.0,20.0,20.0,18.0,44.82,44.9,44.86,43.0,310.0,4.0,0.0,0.0,0.0
9.9,208.0,0.2,0.22,0.22,11.9,11.4,13.1,10.5,-17.4,0.08,0.14,204.9,5.7,333.0,1.0,3.0,288.0,696.0,349.0,-2.0,374.0,10.59,462.2,322.0,31.7,30.9,0.0,3.5,2180.0,0.0,17.0,-7.8,7.4,7.6,9.3,6.7,6.6,7.4,7.2,8.5,34.2,34.1,12.0,20.0,3.7,9.3,33.0,33.0,32.0,0.0,0.0,0.0,6.0,6.0,4.0,0.0,8.0,8.0,8.0,27.0,34.0,30.0,20.0,20.0,18.0,44.82,44.89,44.86,44.0,320.0,4.0,0.0,0.0,0.0
9.05,208.0,0.2,0.22,0.22,11.9,11.1,12.5,9.3,1.4,0.09,0.14,205.4,4.9,322.0,1.0,3.0,202.0,696.0,244.0,-2.0,260.0,9.42,363.7,255.0,32.3,31.7,0.0,3.5,2180.0,0.0,17.0,-7.8,7.1,7.4,9.1,6.5,6.5,7.1,7.3,8.4,34.2,34.1,12.0,20.0,3.7,9.3,34.0,34.0,32.0,0.0,0.0,0.0,6.0,6.0,4.0,0.0,8.0,8.0,8.0,27.0,34.0,30.0,20.0,20.0,18.0,44.83,44.89,44.86,43.0,320.0,3.9,0.0,0.0,0.0
8.94,208.0,0.2,0.22,0.22,10.8,11.9,12.2,9.31,-2.0,0.09,0.14,205.1,4.6,322.0,1.0,3.0,206.0,696.0,249.0,-2.0,261.0,9.44,360.6,256.0,31.4,30.9,0.0,3.5,2180.0,0.0,17.0,-7.8,7.1,7.4,9.0,6.5,6.4,7.4,7.2,8.4,34.1,34.1,12.0,20.0,3.7,9.3,33.0,33.0,32.0,0.0,0.0,0.0,6.0,6.0,4.0,0.0,8.0,8.0,8.0,27.0,34.0,30.0,20.0,20.0,18.0,44.82,44.9,44.86,43.0,320.0,4.0,0.0,0.0,0.0
10.28,208.0,0.2,0.22,0.22,11.2,12.0,12.7,10.5,-16.0,0.11,0.14,205.2,5.0,333.0,1.0,3.0,288.0,697.0,349.0,-5.0,373.0,10.61,467.6,325.0,32.1,31.5,0.0,3.5,2180.0,0.0,17.0,-7.8,7.4,7.3,9.3,6.7,6.6,7.4,7.2,8.5,34.2,34.1,12.0,20.0,3.7,9.3,34.0,34.0,32.0,0.0,0.0,0.0,6.0,6.0,4.0,0.0,8.0,8.0,8.0,27.0,34.0,30.0,20.0,20.0,19.0,44.82,44.89,44.87,44.0,320.0,4.0,0.0,0.0,0.0
9.84,208.0,0.2,0.22,0.22,11.0,10.9,12.2,9.91,-17.0,0.09,0.14,205.3,4.7,333.0,1.0,3.0,252.0,696.0,305.0,1.0,327.0,10.14,419.7,295.0,29.4,29.0,0.0,3.5,2180.0,0.0,17.0,-7.8,7.3,7.6,9.2,6.6,6.4,7.4,7.1,8.4,34.2,34.1,12.0,20.0,3.7,9.3,31.0,31.0,32.0,0.0,0.0,0.0,6.0,6.0,4.0,0.0,8.0,8.0,8.0,27.0,34.0,30.0,20.0,20.0,18.0,44.82,44.89,44.86,43.0,320.0,4.0,0.0,0.0,0.0
10.32,208.0,0.2,0.22,0.22,12.0,11.1,12.9,10.61,-11.0,0.08,0.14,205.4,5.0,333.0,1.0,3.0,297.0,696.0,359.0,-3.0,382.0,10.65,471.7,327.0,32.1,31.5,0.0,3.5,2180.0,0.0,17.0,-7.8,7.4,7.6,9.4,6.7,6.5,7.6,7.2,8.5,34.2,34.1,11.0,20.0,3.7,9.3,34.0,34.0,32.0,0.0,0.0,0.0,6.0,6.0,4.0,0.0,8.0,8.0,8.0,27.0,34.0,30.0,20.0,20.0,19.0,44.82,44.9,44.86,43.0,320.0,4.0,0.0,0.0,0.0
9.74,208.0,0.2,0.22,0.22,10.9,12.0,12.2,9.91,-10.2,0.09,0.14,205.3,4.8,330.0,1.0,3.0,247.0,695.0,298.0,-3.0,319.0,10.06,413.2,291.0,29.2,28.7,0.0,3.5,2180.0,0.0,17.0,-7.8,7.2,7.3,9.1,6.6,6.5,7.3,7.2,8.4,34.2,34.1,12.0,20.0,3.7,9.3,31.0,31.0,32.0,0.0,0.0,0.0,6.0,6.0,4.0,0.0,8.0,8.0,8.0,27.0,34.0,30.0,20.0,20.0,18.0,44.82,44.9,44.86,43.0,310.0,4.0,0.0,0.0,0.0
9.29,208.0,0.2,0.22,0.22,10.8,11.1,12.0,9.34,-16.2,0.09,0.14,205.5,4.6,328.0,1.0,3.0,211.0,695.0,255.0,-3.0,263.0,9.48,369.1,260.0,32.7,32.1,0.0,3.6,2180.0,0.0,17.0,-7.8,7.1,7.5,9.2,6.5,6.3,7.4,7.2,8.4,34.2,34.0,11.0,20.0,3.7,9.3,34.0,34.0,32.0,0.0,0.0,0.0,6.0,6.0,4.0,0.0,8.0,8.0,8.0,27.0,34.0,30.0,20.0,20.0,18.0,44.82,44.9,44.87,43.0,320.0,4.0,0.0,0.0,0.0
10.36,208.0,0.2,0.22,0.22,11.1,12.0,12.6,10.55,-13.1,0.09,0.14,205.0,5.9,333.0,1.0,3.0,296.0,696.0,358.0,0.0,374.0,10.65,468.3,329.0,32.0,31.3,0.0,3.5,2180.0,0.0,17.0,-7.8,7.4,7.4,9.2,6.7,6.7,7.2,7.2,8.5,34.2,34.0,11.0,20.0,3.7,9.3,34.0,34.0,32.0,0.0,0.0,0.0,6.0,6.0,4.0,0.0,8.0,8.0,8.0,27.0,34.0,30.0,20.0,20.0,18.0,44.82,44.89,44.86,44.0,320.0,4.0,0.0,0.0,0.0
10.25,208.0,0.2,0.22,0.22,11.9,11.1,12.9,10.57,-16.6,0.09,0.14,205.1,5.1,334.0,1.0,3.0,289.0,696.0,349.0,-4.0,367.0,10.57,466.5,327.0,32.5,31.8,0.0,3.5,2180.0,0.0,17.0,-7.8,7.4,7.5,9.5,6.7,6.6,7.6,7.2,8.5,34.2,34.1,12.0,20.0,3.7,9.3,34.0,34.0,32.0,0.0,0.0,0.0,6.0,6.0,4.0,0.0,8.0,8.0,8.0,27.0,34.0,30.0,20.0,20.0,18.0,44.82,44.9,44.86,44.0,320.0,4.0,0.0,0.0,0.0
9.75,208.0,0.2,0.22,0.22,11.3,10.9,12.4,9.92,-12.8,0.09,0.14,205.1,5.0,330.0,1.0,3.0,248.0,696.0,300.0,-3.0,308.0,10.04,418.9,292.0,28.8,28.8,0.0,3.5,2180.0,0.0,17.0,-7.8,7.2,7.5,9.1,6.5,6.4,7.5,7.1,8.4,34.2,34.1,12.0,20.0,3.7,9.3,31.0,31.0,32.0,0.0,0.0,0.0,6.0,6.0,4.0,0.0,8.0,8.0,8.0,27.0,34.0,30.0,20.0,20.0,18.0,44.82,44.89,44.87,43.0,320.0,4.0,0.0,0.0,0.0
9.93,208.0,0.2,0.22,0.22,12.1,11.1,12.9,10.33,-10.5,0.08,0.14,205.2,5.2,329.0,1.0,3.0,280.0,696.0,338.0,-3.0,359.0,10.44,452.3,316.0,31.3,30.8,0.0,3.5,2180.0,0.0,17.0,-7.8,7.3,7.5,9.2,6.6,6.6,7.3,7.2,8.5,34.2,34.1,11.0,20.0,3.7,9.3,33.0,33.0,32.0,0.0,0.0,0.0,6.0,6.0,4.0,0.0,8.0,8.0,8.0,27.0,34.0,30.0,20.0,20.0,18.0,44.83,44.89,44.86,44.0,320.0,4.0,0.0,0.0,0.0
9.83,208.0,0.2,0.22,0.22,11.1,11.1,12.2,10.13,-3.0,0.09,0.14,204.9,5.7,328.0,1.0,3.0,267.0,697.0,324.0,-3.0,340.0,10.32,438.2,310.0,31.1,30.6,0.0,3.5,2180.0,0.0,17.0,-7.8,7.3,7.6,9.3,6.6,6.5,7.5,7.2,8.5,34.2,34.0,10.0,20.0,3.7,9.3,33.0,33.0,32.0,0.0,0.0,0.0,6.0,6.0,4.0,0.0,8.0,8.0,8.0,27.0,34.0,30.0,20.0,20.0,18.0,44.82,44.89,44.86,44.0,310.0,3.9,0.0,0.0,0.0
9.38,208.0,0.2,0.22,0.22,10.9,11.0,12.2,9.44,-2.7,0.09,0.14,205.4,4.8,327.0,1.0,3.0,215.0,696.0,261.0,-2.0,268.0,9.55,374.7,262.0,33.0,32.3,0.0,3.5,2180.0,0.0,17.0,-7.8,7.1,7.2,9.2,6.5,6.5,7.1,7.2,8.4,34.2,34.1,12.0,20.0,3.7,9.3,34.0,34.0,32.0,0.0,0.0,0.0,6.0,6.0,4.0,0.0,8.0,8.0,8.0,27.0,34.0,30.0,20.0,20.0,18.0,44.82,44.89,44.86,43.0,320.0,3.9,0.0,0.0,0.0
9.76,208.0,0.2,0.22,0.22,10.9,11.3,12.0,9.9,-10.7,0.09,0.14,205.3,5.3,328.0,1.0,3.0,250.0,696.0,302.0,-3.0,316.0,10.0,414.0,292.0,28.4,28.2,0.0,3.5,2180.0,0.0,17.0,-7.8,7.2,7.5,9.2,6.6,6.4,7.4,7.2,8.4,34.2,34.0,12.0,20.0,3.7,9.3,30.0,30.0,32.0,0.0,0.0,0.0,6.0,6.0,4.0,0.0,8.0,8.0,8.0,27.0,34.0,30.0,20.0,20.0,18.0,44.82,44.9,44.87,43.0,320.0,3.9,0.0,0.0,0.0
10.28,208.0,0.2,0.22,0.22,12.0,11.1,12.9,10.59,-17.7,0.09,0.14,204.9,5.3,334.0,1.0,3.0,289.0,697.0,350.0,0.0,372.0,10.63,466.8,324.0,31.8,31.3,0.0,3.5,2180.0,0.0,17.0,-7.8,7.4,7.5,9.4,6.7,6.5,7.6,7.2,8.5,34.2,34.1,13.0,20.0,3.7,9.3,33.0,33.0,32.0,0.0,0.0,0.0,6.0,6.0,4.0,0.0,8.0,8.0,8.0,27.0,34.0,30.0,20.0,20.0,18.0,44.82,44.9,44.86,43.0,320.0,3.9,0.0,0.0,0.0
9.9,208.0,0.2,0.22,0.22,12.0,11.1,12.9,10.12,-9.7,0.09,0.14,205.3,5.1,332.0,1.0,3.0,259.0,695.0,313.0,4.0,329.0,10.18,432.8,303.0,30.2,29.5,0.0,3.4,2180.0,0.0,17.0,-7.8,7.3,7.3,9.2,6.6,6.5,7.3,7.2,8.4,34.2,34.1,11.0,20.0,3.7,9.3,32.0,32.0,32.0,0.0,0.0,0.0,6.0,6.0,4.0,0.0,8.0,8.0,8.0,27.0,34.0,30.0,20.0,20.0,18.0,44.82,44.9,44.86,44.0,320.0,4.0,0.0,0.0,0.0
10.2,208.0,0.2,0.22,0.22,12.0,11.3,12.9,10.45,-9.8,0.08,0.14,205.0,5.4,331.0,1.0,3.0,286.0,696.0,346.0,3.0,355.0,10.49,452.5,315.0,31.6,31.0,0.0,3.6,2180.0,0.0,17.0,-7.8,7.4,7.5,9.3,6.6,6.6,7.3,7.2,8.5,34.2,34.1,12.0,20.0,3.7,9.3,33.0,33.0,32.0,0.0,0.0,0.0,6.0,6.0,4.0,0.0,8.0,8.0,8.0,27.0,34.0,30.0,20.0,20.0,18.0,44.82,44.9,44.87,44.0,320.0,4.0,0.0,0.0,0.0
9.79,208.0,0.2,0.22,0.22,11.1,10.9,12.2,9.94,-16.7,0.09,0.14,204.9,4.7,332.0,1.0,3.0,255.0,696.0,309.0,1.0,321.0,10.11,417.1,294.0,29.3,28.9,0.0,3.5,2180.0,0.0,17.0,-7.8,7.2,7.6,9.3,6.6,6.4,7.4,7.1,8.4,34.2,34.1,12.0,20.0,3.7,9.3,31.0,31.0,32.0,0.0,0.0,0.0,6.0,6.0,4.0,0.0,8.0,8.0,8.0,27.0,34.0,30.0,20.0,20.0,18.0,44.82,44.89,44.86,43.0,320.0,4.0,0.0,0.0,0.0
10.05,208.0,0.2,0.22,0.22,11.1,12.0,12.7,10.29,-12.4,0.09,0.14,205.1,5.0,330.0,1.0,3.0,267.0,696.0,323.0,-2.0,340.0,10.33,442.9,309.0,31.1,30.5,0.0,3.5,2180.0,0.0,17.0,-7.8,7.3,7.3,9.3,6.6,6.6,7.3,7.2,8.5,34.2,34.1,13.0,20.0,3.7,9.3,33.0,33.0,32.0,0.0,0.0,0.0,6.0,6.0,4.0,0.0,8.0,8.0,8.0,27.0,34.0,30.0,20.0,20.0,18.0,44.82,44.9,44.86,44.0,320.0,4.0,0.0,0.0,0.0
10.27,208.0,0.2,0.22,0.22,11.9,11.4,13.0,10.52,-14.3,0.16,0.16,205.6,5.9,333.0,1.0,3.0,295.0,696.0,356.0,-2.0,371.0,10.6,467.2,323.0,32.4,31.6,0.0,3.5,2180.0,0.0,17.0,-7.8,7.4,7.5,9.3,6.7,6.7,7.3,7.2,8.5,34.2,34.1,12.0,20.0,3.7,9.3,34.0,34.0,32.0,0.0,0.0,0.0,6.0,6.0,4.0,0.0,8.0,8.0,8.0,27.0,34.0,30.0,20.0,20.0,18.0,44.82,44.89,44.86,44.0,320.0,4.0,0.0,0.0,0.0
9.93,208.0,0.2,0.22,0.22,11.0,11.5,12.0,10.07,-9.4,0.09,0.14,205.2,5.0,331.0,1.0,3.0,257.0,696.0,311.0,-5.0,324.0,10.18,427.3,301.0,30.3,29.9,0.0,3.5,2180.0,0.0,17.0,-7.8,7.3,7.3,9.2,6.6,6.5,7.3,7.2,8.4,34.2,34.1,11.0,20.0,3.7,9.3,32.0,32.0,32.0,0.0,0.0,0.0,6.0,6.0,4.0,0.0,8.0,8.0,8.0,27.0,34.0,30.0,20.0,20.0,18.0,44.83,44.89,44.86,43.0,310.0,4.0,0.0,0.0,0.0
9.93,208.0,0.2,0.22,0.22,11.0,12.0,12.4,10.29,-15.2,0.08,0.14,205.4,5.3,331.0,1.0,3.0,274.0,697.0,332.0,4.0,349.0,10.44,449.3,312.0,31.4,30.8,0.0,3.5,2180.0,0.0,17.0,-7.8,7.4,7.4,9.3,6.6,6.6,7.4,7.2,8.5,34.2,34.1,12.0,20.0,3.7,9.3,33.0,33.0,32.0,0.0,0.0,0.0,6.0,6.0,4.0,0.0,8.0,8.0,8.0,27.0,34.0,30.0,20.0,20.0,18.0,44.82,44.9,44.87,44.0,320.0,4.0,0.0,0.0,0.0
8.94,208.0,0.2,0.22,0.22,11.7,10.8,12.6,9.42,-5.9,0.09,0.14,205.2,4.4,323.0,1.0,3.0,206.0,695.0,249.0,-2.0,267.0,9.44,366.7,256.0,31.6,31.0,0.0,3.5,2180.0,0.0,17.0,-7.8,7.1,7.5,9.1,6.5,6.5,7.2,7.3,8.5,34.1,34.1,12.0,20.0,3.7,9.3,33.0,33.0,32.0,0.0,0.0,0.0,6.0,6.0,4.0,0.0,8.0,8.0,8.0,27.0,34.0,30.0,20.0,20.0,18.0,44.82,44.89,44.86,43.0,310.0,3.9,0.0,0.0,0.0
10.29,208.0,0.2,0.22,0.22,11.6,11.1,12.6,10.55,-14.3,0.06,0.13,205.1,5.8,333.0,1.0,3.0,289.0,696.0,350.0,-2.0,375.0,10.63,466.1,327.0,32.2,31.6,0.0,3.5,2180.0,0.0,17.0,-7.8,7.4,7.4,9.4,6.7,6.6,7.4,7.2,8.5,34.2,34.1,12.0,20.0,3.7,9.3,34.0,34.0,32.0,0.0,0.0,0.0,6.0,6.0,4.0,0.0,8.0,8.0,8.0,27.0,34.0,30.0,20.0,20.0,18.0,44.82,44.89,44.86,43.0,320.0,4.0,0.0,0.0,0.0
9.73,208.0,0.2,0.22,0.22,11.2,11.7,12.7,9.89,-9.6,0.09,0.14,205.0,4.7,330.0,1.0,3.0,244.0,696.0,295.0,0.0,311.0,10.02,415.0,289.0,29.2,28.7,0.0,3.5,2180.0,0.0,17.0,-7.8,7.2,7.3,9.1,6.6,6.5,7.3,7.2,8.4,34.2,34.1,12.0,20.0,3.7,9.3,31.0,31.0,32.0,0.0,0.0,0.0,6.0,6.0,4.0,0.0,8.0,8.0,8.0,27.0,34.0,30.0,20.0,20.0,18.0,44.82,44.9,44.87,44.0,310.0,4.0,0.0,0.0,0.0
8.94,208.0,0.2,0.22,0.22,11.4,10.8,12.5,9.29,-5.0,0.09,0.14,205.2,4.8,323.0,1.0,3.0,207.0,695.0,251.0,-1.0,259.0,9.43,367.5,259.0,31.4,30.8,0.0,3.5,2180.0,0.0,17.0,-7.8,7.1,7.5,9.1,6.5,6.3,7.6,7.3,8.4,34.1,34.1,13.0,20.0,3.7,9.3,33.0,33.0,32.0,0.0,0.0,0.0,6.0,6.0,4.0,0.0,8.0,8.0,8.0,27.0,34.0,30.0,20.0,20.0,18.0,44.82,44.89,44.86,43.0,310.0,3.9,0.0,0.0,0.0
9.12,208.0,0.2,0.22,0.22,11.9,10.8,12.6,9.34,-9.3,0.09,0.14,205.4,4.6,324.0,1.0,3.0,211.0,695.0,255.0,3.0,258.0,9.42,364.6,256.0,32.2,31.5,0.0,3.5,2180.0,0.0,17.0,-7.8,7.1,7.3,9.1,6.5,6.4,7.3,7.2,8.4,34.2,34.1,12.0,20.0,3.7,9.3,34.0,34.0,32.0,0.0,0.0,0.0,6.0,6.0,4.0,0.0,8.0,8.0,8.0,27.0,34.0,30.0,20.0,20.0,18.0,44.82,44.9,44.86,43.0,320.0,3.9,0.0,0.0,0.0
10.35,208.0,0.2,0.22,0.22,11.1,12.0,12.5,10.5,-14.3,0.09,0.14,205.5,5.6,333.0,1.0,3.0,296.0,697.0,358.0,-1.0,370.0,10.61,473.1,327.0,32.0,31.4,0.0,3.5,2180.0,0.0,17.0,-7.8,7.4,7.6,9.3,6.7,6.6,7.4,7.2,8.5,34.2,34.1,11.0,20.0,3.7,9.3,34.0,34.0,32.0,0.0,0.0,0.0,6.0,6.0,4.0,0.0,8.0,8.0,8.0,27.0,34.0,30.0,20.0,20.0,18.0,44.82,44.9,44.87,44.0,310.0,4.0,0.0,0.0,0.0
9.08,208.0,0.2,0.22,0.22,11.3,10.8,12.6,9.27,-4.3,0.09,0.14,205.5,4.1,322.0,1.0,3.0,203.0,695.0,246.0,-3.0,264.0,9.45,365.9,260.0,31.8,31.4,0.0,3.5,2180.0,0.0,17.0,-7.8,7.1,7.6,9.1,6.5,6.5,7.2,7.2,8.5,34.1,34.0,11.0,20.0,3.7,9.3,33.0,33.0,32.0,0.0,0.0,0.0,6.0,6.0,4.0,0.0,8.0,8.0,8.0,27.0,34.0,30.0,20.0,20.0,18.0,44.82,44.9,44.86,43.0,320.0,3.9,0.0,0.0,0.0
8.9,208.0,0.2,0.22,0.22,10.9,11.8,12.4,9.31,-6.9,0.09,0.14,205.2,4.4,326.0,1.0,3.0,206.0,696.0,249.0,3.0,258.0,9.41,363.6,258.0,32.6,32.1,0.0,3.6,2180.0,0.0,17.0,-7.8,7.1,7.4,9.2,6.5,6.4,7.3,7.2,8.4,34.2,34.0,12.0,20.0,3.7,9.3,34.0,34.0,32.0,0.0,0.0,0.0,6.0,6.0,4.0,0.0,8.0,8.0,8.0,27.0,34.0,30.0,20.0,20.0,18.0,44.82,44.89,44.86,43.0,320.0,3.9,0.0,0.0,0.0
9.61,208.0,0.2,0.22,0.22,11.1,10.9,12.5,9.61,-8.2,0.09,0.13,205.4,5.1,327.0,1.0,3.0,239.0,695.0,289.0,1.0,297.0,9.85,400.5,281.0,29.7,30.7,0.0,3.5,2180.0,0.0,17.0,-7.8,7.1,7.6,9.2,6.6,6.4,7.3,7.1,8.4,34.2,34.1,13.0,20.0,3.7,9.3,32.0,32.0,32.0,0.0,0.0,0.0,6.0,6.0,4.0,0.0,8.0,8.0,8.0,27.0,34.0,30.0,20.0,20.0,18.0,44.82,44.9,44.86,43.0,320.0,3.9,0.0,0.0,0.0
9.09,208.0,0.2,0.22,0.22,10.8,11.8,12.3,9.28,-2.4,0.09,0.14,205.2,4.2,322.0,1.0,3.0,211.0,695.0,256.0,0.0,264.0,9.41,363.6,258.0,32.1,31.6,0.0,3.5,2180.0,0.0,17.0,-7.8,7.1,7.3,9.1,6.5,6.4,7.2,7.2,8.5,34.2,34.1,12.0,20.0,3.7,9.3,33.0,34.0,32.0,0.0,0.0,0.0,6.0,6.0,4.0,0.0,8.0,8.0,8.0,27.0,34.0,30.0,20.0,20.0,18.0,44.82,44.9,44.86,43.0,310.0,3.9,0.0,0.0,0.0
9.19,208.0,0.2,0.22,0.22,10.8,11.1,12.1,9.28,-5.2,0.09,0.14,205.4,4.4,321.0,1.0,3.0,209.0,695.0,253.0,0.0,260.0,9.4,362.3,256.0,31.9,31.2,0.0,3.5,2180.0,0.0,17.0,-7.8,7.1,7.5,9.1,6.5,6.4,7.2,7.2,8.5,34.2,34.1,12.0,20.0,3.7,9.3,33.0,33.0,32.0,0.0,0.0,0.0,6.0,6.0,4.0,0.0,8.0,8.0,8.0,27.0,34.0,30.0,20.0,20.0,18.0,44.82,44.89,44.87,43.0,320.0,3.9,0.0,0.0,0.0
9.42,208.0,0.2,0.22,0.22,10.9,11.0,12.0,9.51,-8.1,0.09,0.13,205.4,4.9,327.0,1.0,3.0,218.0,695.0,264.0,-4.0,277.0,9.67,384.4,271.0,33.0,32.4,0.0,3.5,2180.0,0.0,17.0,-7.8,7.1,7.3,9.1,6.5,6.5,7.3,7.2,8.4,34.2,34.1,12.0,20.0,3.7,9.3,34.0,34.0,32.0,0.0,0.0,0.0,6.0,6.0,4.0,0.0,8.0,8.0,8.0,27.0,34.0,30.0,20.0,20.0,18.0,44.82,44.9,44.86,43.0,320.0,3.9,0.0,0.0,0.0
10.34,208.0,0.2,0.22,0.22,11.1,12.0,12.2,10.48,-10.2,0.08,0.13,205.4,5.3,333.0,1.0,3.0,291.0,696.0,352.0,-2.0,368.0,10.62,466.9,326.0,32.1,31.6,0.0,3.5,2180.0,0.0,17.0,-7.8,7.4,7.5,9.4,6.7,6.5,7.5,7.2,8.5,34.2,34.1,12.0,20.0,3.7,9.3,34.0,34.0,32.0,0.0,0.0,0.0,6.0,6.0,4.0,0.0,8.0,8.0,8.0,27.0,34.0,30.0,20.0,20.0,19.0,44.82,44.9,44.86,44.0,310.0,3.9,0.0,0.0,0.0
9.17,208.0,0.2,0.22,0.22,11.3,10.8,12.5,9.29,-12.2,0.11,0.14,205.5,4.5,325.0,1.0,3.0,210.0,696.0,254.0,-2.0,269.0,9.45,369.3,259.0,32.6,32.0,0.0,3.6,2180.0,0.0,17.0,-7.8,7.1,7.2,9.2,6.5,6.3,7.3,7.2,8.4,34.2,34.1,11.0,20.0,3.7,9.3,34.0,34.0,32.0,0.0,0.0,0.0,6.0,6.0,4.0,0.0,8.0,8.0,8.0,27.0,34.0,30.0,20.0,20.0,18.0,44.82,44.9,44.86,43.0,310.0,3.9,0.0,0.0,0.0
10.07,208.0,0.2,0.22,0.22,12.0,11.1,12.9,10.36,-7.7,0.09,0.16,205.3,4.8,329.0,1.0,3.0,276.0,697.0,334.0,4.0,346.0,10.42,444.3,308.0,31.2,30.7,0.0,3.5,2180.0,0.0,17.0,-7.8,7.3,7.3,9.2,6.6,6.6,7.3,7.2,8.5,34.2,34.1,12.0,20.0,3.7,9.3,33.0,33.0,32.0,0.0,0.0,0.0,6.0,6.0,4.0,0.0,8.0,8.0,8.0,27.0,34.0,30.0,20.0,20.0,18.0,44.82,44.89,44.86,44.0,320.0,4.0,0.0,0.0,0.0
9.95,208.0,0.2,0.22,0.22,11.0,12.0,12.6,10.34,-12.5,0.09,0.14,205.3,5.3,330.0,1.0,3.0,277.0,697.0,335.0,0.0,356.0,10.44,450.1,315.0,31.4,30.9,0.0,3.5,2180.0,0.0,17.0,-7.8,7.4,7.5,9.3,6.7,6.5,7.5,7.2,8.4,34.2,34.1,12.0,20.0,3.7,9.3,33.0,33.0,32.0,0.0,0.0,0.0,6.0,6.0,4.0,0.0,8.0,8.0,8.0,27.0,34.0,30.0,20.0,20.0,18.0,44.82,44.89,44.86,44.0,320.0,4.0,0.0,0.0,0.0
9.55,208.0,0.2,0.22,0.22,11.8,10.9,12.7,9.72,-2.9,0.09,0.14,205.3,4.8,327.0,1.0,3.0,237.0,695.0,286.0,-2.0,300.0,9.85,397.0,277.0,30.1,31.2,0.0,3.5,2180.0,0.0,17.0,-7.8,7.1,7.6,9.2,6.5,6.4,7.4,7.1,8.4,34.2,34.1,11.0,20.0,3.7,9.3,33.0,32.0,32.0,0.0,0.0,0.0,6.0,6.0,4.0,0.0,8.0,8.0,8.0,27.0,34.0,30.0,20.0,20.0,18.0,44.82,44.9,44.87,44.0,310.0,4.0,0.0,0.0,0.0
10.41,208.0,0.2,0.22,0.22,11.7,11.2,12.5,10.67,-19.4,0.09,0.11,26.3,5.6,336.0,1.0,3.0,308.0,696.0,373.0,5.0,382.0,10.7,478.4,335.0,32.9,32.3,0.0,3.6,1500.0,0.0,15.98,-7.8,7.5,7.5,9.3,6.7,6.7,7.4,7.3,8.5,34.2,34.1,12.0,20.0,3.7,9.3,35.0,35.0,32.0,0.0,0.0,0.0,6.0,6.0,4.0,2.0,8.0,8.0,8.0,27.0,34.0,30.0,20.0,20.0,19.0,44.82,44.89,44.87,44.0,320.0,3.9,0.0,0.0,0.0
10.28,208.0,0.2,0.22,0.22,11.4,11.0,12.3,10.41,-16.9,0.08,0.14,205.0,5.6,332.0,1.0,3.0,295.0,696.0,357.0,-1.0,370.0,10.61,460.2,323.0,31.7,31.0,0.0,3.5,2180.0,0.0,17.0,-7.8,7.4,7.6,9.4,6.7,6.6,7.4,7.2,8.5,34.2,34.1,12.0,20.0,3.7,9.3,33.0,33.0,32.0,0.0,0.0,0.0,6.0,6.0,4.0,0.0,8.0,8.0,8.0,27.0,34.0,30.0,20.0,20.0,18.0,44.82,44.9,44.87,44.0,320.0,3.9,0.0,0.0,0.0
9.29,208.0,0.2,0.22,0.22,12.0,11.0,12.5,9.51,-6.1,0.08,0.14,205.4,5.4,327.0,1.0,3.0,218.0,696.0,264.0,-3.0,274.0,9.55,379.4,267.0,33.1,32.4,0.0,3.5,2180.0,0.0,17.0,-7.8,7.1,7.3,9.1,6.5,6.5,7.1,7.2,8.5,34.2,34.1,12.0,20.0,3.7,9.3,34.0,34.0,32.0,0.0,0.0,0.0,6.0,6.0,4.0,0.0,8.0,8.0,8.0,27.0,34.0,30.0,20.0,20.0,18.0,44.82,44.89,44.86,44.0,310.0,4.0,0.0,0.0,0.0
9.7,208.0,0.2,0.22,0.22,11.5,11.5,12.9,10.15,-4.8,0.08,0.14,205.2,5.1,330.0,1.0,3.0,263.0,696.0,318.0,-2.0,336.0,10.19,430.0,302.0,30.5,29.9,0.0,3.5,2180.0,0.0,17.0,-7.8,7.3,7.3,9.2,6.6,6.5,7.3,7.2,8.4,34.2,34.1,11.0,20.0,3.7,9.3,32.0,32.0,32.0,0.0,0.0,0.0,6.0,6.0,4.0,0.0,8.0,8.0,8.0,27.0,34.0,30.0,20.0,20.0,18.0,44.82,44.9,44.86,44.0,320.0,3.9,0.0,0.0,0.0
9.65,208.0,0.2,0.22,0.22,10.9,12.0,12.4,9.82,-7.4,0.09,0.14,205.2,4.6,327.0,1.0,3.0,236.0,695.0,285.0,-3.0,308.0,9.96,403.0,285.0,29.0,29.9,0.0,3.5,2180.0,0.0,17.0,-7.8,7.1,7.3,9.2,6.6,6.3,7.4,7.2,8.4,34.2,34.1,12.0,20.0,3.7,9.3,31.0,31.0,32.0,0.0,0.0,0.0,6.0,6.0,4.0,0.0,8.0,8.0,8.0,27.0,34.0,30.0,20.0,20.0,18.0,44.82,44.9,44.86,43.0,310.0,4.0,0.0,0.0,0.0
9.33,208.0,0.2,0.22,0.22,11.0,10.8,12.4,9.42,-7.9,0.08,0.14,205.3,4.8,327.0,1.0,3.0,213.0,695.0,258.0,-5.0,279.0,9.67,381.1,269.0,33.0,32.4,0.0,3.5,2180.0,0.0,17.0,-7.8,7.1,7.4,9.1,6.5,6.5,7.3,7.1,8.4,34.2,34.1,10.0,20.0,3.7,9.3,34.0,34.0,32.0,0.0,0.0,0.0,6.0,6.0,4.0,0.0,8.0,8.0,8.0,27.0,34.0,30.0,20.0,20.0,18.0,44.82,44.89,44.86,43.0,320.0,4.0,0.0,0.0,0.0
10.0,208.0,0.2,0.22,0.22,11.0,11.8,12.1,10.17,-8.0,0.09,0.14,205.3,5.5,329.0,1.0,3.0,273.0,696.0,330.0,0.0,348.0,10.3,438.5,308.0,31.0,30.3,0.0,3.5,2180.0,0.0,17.0,-7.8,7.3,7.5,9.3,6.6,6.5,7.5,7.2,8.5,34.2,34.0,12.0,20.0,3.7,9.3,33.0,33.0,32.0,0.0,0.0,0.0,6.0,6.0,4.0,0.0,8.0,8.0,8.0,27.0,34.0,30.0,20.0,20.0,18.0,44.82,44.9,44.86,44.0,310.0,3.9,0.0,0.0,0.0
9.35,208.0,0.2,0.22,0.22,11.2,10.8,12.5,9.42,-9.8,0.09,0.14,205.3,5.2,327.0,1.0,3.0,213.0,695.0,257.0,-3.0,270.0,9.59,376.0,267.0,33.0,32.3,0.0,3.6,2180.0,0.0,17.0,-7.8,7.1,7.2,9.1,6.5,6.5,7.1,7.2,8.4,34.2,34.1,11.0,20.0,3.7,9.3,34.0,34.0,32.0,0.0,0.0,0.0,6.0,6.0,4.0,0.0,8.0,8.0,8.0,27.0,34.0,30.0,20.0,20.0,18.0,44.82,44.89,44.86,43.0,310.0,3.9,0.0,0.0,0.0
10.42,208.0,0.2,0.22,0.22,11.2,11.1,12.5,10.54,-14.3,0.11,0.14,205.2,5.2,334.0,1.0,3.0,299.0,696.0,362.0,-2.0,382.0,10.75,472.2,330.0,32.8,32.1,0.0,3.6,2180.0,0.0,17.0,-7.8,7.4,7.6,9.4,6.8,6.6,7.5,7.2,8.5,34.2,34.1,12.0,20.0,3.7,9.3,34.0,34.0,32.0,0.0,0.0,0.0,6.0,6.0,4.0,0.0,8.0,8.0,8.0,27.0,34.0,30.0,20.0,20.0,19.0,44.82,44.9,44.87,43.0,320.0,4.0,0.0,0.0,0.0
9.6,208.0,0.2,0.22,0.22,10.9,12.0,12.4,9.93,-10.1,0.09,0.14,205.2,5.3,330.0,1.0,3.0,247.0,696.0,298.0,-3.0,319.0,10.05,413.6,290.0,29.0,28.3,0.0,3.5,2180.0,0.0,17.0,-7.8,7.2,7.3,9.2,6.5,6.4,7.3,7.2,8.4,34.1,34.0,12.0,20.0,3.7,9.3,30.0,30.0,32.0,0.0,0.0,0.0,6.0,6.0,4.0,0.0,8.0,8.0,8.0,27.0,34.0,30.0,20.0,20.0,18.0,44.82,44.89,44.87,43.0,310.0,3.9,0.0,0.0,0.0
9.93,208.0,0.2,0.22,0.22,12.1,11.1,12.9,10.14,-10.3,0.09,0.14,205.4,4.4,332.0,1.0,3.0,262.0,696.0,317.0,-2.0,330.0,10.15,430.5,302.0,30.3,29.8,0.0,3.5,2180.0,0.0,17.0,-7.8,7.3,7.4,9.3,6.6,6.5,7.5,7.1,8.4,34.2,34.1,11.0,20.0,3.7,9.3,32.0,32.0,32.0,0.0,0.0,0.0,6.0,6.0,4.0,0.0,8.0,8.0,8.0,27.0,34.0,30.0,20.0,20.0,18.0,44.82,44.89,44.87,44.0,320.0,4.0,0.0,0.0,0.0
10.06,208.0,0.2,0.22,0.22,11.1,12.0,12.7,10.44,-13.6,0.08,0.13,205.0,5.2,333.0,1.0,3.0,287.0,696.0,347.0,-2.0,364.0,10.56,461.3,322.0,32.3,31.7,0.0,3.5,2180.0,0.0,17.0,-7.8,7.4,7.3,9.4,6.7,6.6,7.4,7.2,8.5,34.2,34.1,13.0,20.0,3.7,9.3,34.0,34.0,32.0,0.0,0.0,0.0,6.0,6.0,4.0,0.0,8.0,8.0,8.0,27.0,34.0,30.0,20.0,20.0,18.0,44.82,44.89,44.86,44.0,310.0,4.0,0.0,0.0,0.0
9.18,208.0,0.2,0.22,0.22,11.9,10.8,12.7,9.4,-12.1,0.09,0.14,205.2,4.6,328.0,1.0,3.0,215.0,695.0,260.0,-1.0,274.0,9.52,371.9,261.0,32.8,32.2,0.0,3.5,2180.0,0.0,17.0,-7.8,7.1,7.4,9.2,6.5,6.4,7.3,7.2,8.4,34.2,34.0,12.0,20.0,3.7,9.3,34.0,34.0,32.0,0.0,0.0,0.0,6.0,6.0,4.0,0.0,8.0,8.0,8.0,27.0,34.0,30.0,20.0,20.0,18.0,44.82,44.9,44.86,43.0,310.0,3.9,0.0,0.0,0.0
10.16,208.0,0.2,0.22,0.22,11.7,11.6,13.2,10.53,-11.7,0.08,0.14,205.3,5.6,333.0,1.0,3.0,293.0,696.0,355.0,1.0,371.0,10.64,471.9,327.0,32.0,31.3,0.0,3.5,2180.0,0.0,17.0,-7.8,7.4,7.4,9.2,6.7,6.7,7.1,7.2,8.5,34.2,34.1,11.0,20.0,3.7,9.3,34.0,34.0,32.0,0.0,0.0,0.0,6.0,6.0,4.0,0.0,8.0,8.0,8.0,27.0,34.0,30.0,20.0,20.0,18.0,44.82,44.89,44.86,44.0,320.0,4.0,0.0,0.0,0.0
10.44,208.0,0.2,0.22,0.22,11.1,12.0,12.4,10.53,-13.7,0.09,0.14,205.4,5.5,334.0,1.0,3.0,302.0,696.0,365.0,-2.0,384.0,10.72,469.4,330.0,32.7,32.0,0.0,3.5,2180.0,0.0,17.0,-7.8,7.4,7.6,9.4,6.8,6.7,7.5,7.2,8.5,34.2,34.1,11.0,20.0,3.7,9.3,34.0,34.0,32.0,0.0,0.0,0.0,6.0,6.0,4.0,0.0,8.0,8.0,8.0,27.0,34.0,30.0,20.0,20.0,19.0,44.82,44.89,44.87,43.0,310.0,4.0,0.0,0.0,0.0
9.91,208.0,0.2,0.22,0.22,11.2,10.9,12.5,9.91,-9.1,0.09,0.14,205.2,4.8,332.0,1.0,3.0,267.0,695.0,323.0,-2.0,336.0,10.23,430.5,302.0,30.1,29.5,0.0,3.5,2180.0,0.0,17.0,-7.8,7.3,7.4,9.3,6.6,6.4,7.5,7.2,8.4,34.2,34.0,11.0,20.0,3.7,9.3,32.0,32.0,32.0,0.0,0.0,0.0,6.0,6.0,4.0,0.0,8.0,8.0,8.0,27.0,34.0,30.0,20.0,20.0,18.0,44.83,44.9,44.86,43.0,320.0,4.0,0.0,0.0,0.0
10.39,208.0,0.2,0.22,0.22,11.7,11.5,13.2,10.62,-17.9,0.09,0.15,26.9,5.7,335.0,1.0,3.0,302.0,696.0,365.0,4.0,387.0,10.68,476.1,331.0,32.9,32.2,0.0,3.6,1500.0,0.0,15.98,-7.8,7.4,7.3,9.3,6.8,6.6,7.5,7.3,8.5,34.2,34.1,12.0,20.0,3.7,9.3,35.0,35.0,32.0,0.0,0.0,0.0,6.0,6.0,4.0,2.0,8.0,8.0,8.0,27.0,34.0,30.0,20.0,20.0,19.0,44.82,44.89,44.86,44.0,320.0,3.9,0.0,0.0,0.0
10.06,208.0,0.2,0.22,0.22,12.1,11.1,12.8,10.36,-12.2,0.09,0.14,205.2,5.0,330.0,1.0,3.0,274.0,696.0,332.0,-1.0,343.0,10.33,443.5,311.0,31.3,30.6,0.0,3.5,2180.0,0.0,17.0,-7.8,7.3,7.3,9.3,6.6,6.6,7.4,7.2,8.5,34.2,34.1,11.0,20.0,3.7,9.3,33.0,33.0,32.0,0.0,0.0,0.0,6.0,6.0,4.0,0.0,8.0,8.0,8.0,27.0,34.0,30.0,20.0,20.0,18.0,44.82,44.89,44.86,44.0,320.0,4.0,0.0,0.0,0.0
9.19,208.0,0.2,0.22,0.22,12.0,10.8,12.5,9.39,-0.8,0.09,0.14,205.4,4.0,320.0,1.0,3.0,203.0,695.0,246.0,0.0,264.0,9.43,364.7,255.0,31.8,31.3,0.0,3.6,2180.0,0.0,17.0,-7.8,7.1,7.3,9.0,6.5,6.5,7.0,7.2,8.5,34.2,34.1,12.0,20.0,3.7,9.3,33.0,33.0,32.0,0.0,0.0,0.0,6.0,6.0,4.0,0.0,8.0,8.0,8.0,27.0,34.0,30.0,20.0,20.0,18.0,44.82,44.9,44.86,44.0,310.0,3.9,0.0,0.0,0.0
9.73,208.0,0.2,0.22,0.22,12.0,11.0,12.8,10.02,-8.7,0.08,0.14,205.4,4.9,330.0,1.0,3.0,243.0,696.0,294.0,-3.0,318.0,10.07,418.8,291.0,28.8,28.8,0.0,3.5,2180.0,0.0,17.0,-7.8,7.2,7.3,9.0,6.5,6.4,7.3,7.2,8.4,34.2,34.1,13.0,20.0,3.7,9.3,31.0,31.0,32.0,0.0,0.0,0.0,6.0,6.0,4.0,0.0,8.0,8.0,8.0,27.0,34.0,30.0,20.0,20.0,18.0,44.82,44.9,44.86,44.0,320.0,4.0,0.0,0.0,0.0
9.97,208.0,0.2,0.22,0.22,12.2,10.9,12.7,10.29,-9.4,0.09,0.14,205.5,4.8,330.0,1.0,3.0,265.0,696.0,321.0,-3.0,342.0,10.3,436.0,308.0,30.9,30.2,0.0,3.5,2180.0,0.0,17.0,-7.8,7.3,7.3,9.2,6.6,6.6,7.1,7.2,8.5,34.2,34.0,11.0,20.0,3.7,9.3,32.0,32.0,32.0,0.0,0.0,0.0,6.0,6.0,4.0,0.0,8.0,8.0,8.0,27.0,34.0,30.0,20.0,20.0,18.0,44.82,44.89,44.87,44.0,320.0,4.0,0.0,0.0,0.0
9.02,208.0,0.2,0.22,0.22,10.8,11.2,11.8,9.27,0.1,0.09,0.14,205.0,4.7,322.0,1.0,3.0,209.0,695.0,253.0,-2.0,264.0,9.4,365.8,259.0,32.3,31.6,0.0,3.5,2180.0,0.0,17.0,-7.8,7.1,7.5,9.2,6.5,6.4,7.5,7.2,8.4,34.2,34.1,12.0,20.0,3.7,9.3,33.0,34.0,32.0,0.0,0.0,0.0,6.0,6.0,4.0,0.0,8.0,8.0,8.0,27.0,34.0,30.0,20.0,20.0,18.0,44.82,44.9,44.87,43.0,320.0,3.9,0.0,0.0,0.0
10.29,208.0,0.2,0.22,0.22,11.0,11.8,12.1,10.47,-13.4,0.09,0.13,205.0,5.7,333.0,1.0,3.0,288.0,697.0,348.0,-3.0,367.0,10.6,465.2,325.0,32.1,31.6,0.0,3.5,2180.0,0.0,17.0,-7.8,7.4,7.4,9.4,6.7,6.6,7.4,7.2,8.5,34.2,34.1,11.0,20.0,3.7,9.3,34.0,34.0,32.0,0.0,0.0,0.0,6.0,6.0,4.0,0.0,8.0,8.0,8.0,27.0,34.0,30.0,20.0,20.0,19.0,44.82,44.89,44.86,44.0,310.0,4.0,0.0,0.0,0.0
10.68,208.0,0.2,0.22,0.22,12.1,11.3,13.5,10.94,-5.8,0.11,0.14,27.2,5.5,333.0,1.0,3.0,333.0,696.0,403.0,2.0,416.0,11.02,497.8,351.0,33.1,32.5,0.0,3.5,1500.0,0.0,15.98,-7.8,7.5,7.4,9.4,6.8,6.7,7.5,7.3,8.5,34.2,34.2,12.0,20.0,3.7,9.3,35.0,35.0,32.0,0.0,0.0,0.0,6.0,6.0,4.0,2.0,8.0,8.0,8.0,27.0,34.0,30.0,20.0,20.0,18.0,44.82,44.9,44.86,44.0,320.0,4.0,0.0,0.0,0.0
9.98,208.0,0.2,0.22,0.22,10.9,12.0,12.4,10.33,-14.6,0.08,0.14,205.3,5.4,332.0,1.0,3.0,281.0,696.0,340.0,5.0,352.0,10.44,453.5,316.0,31.6,30.9,0.0,3.5,2180.0,0.0,17.0,-7.8,7.3,7.4,9.3,6.6,6.6,7.3,7.2,8.5,34.2,34.1,12.0,20.0,3.7,9.3,33.0,33.0,32.0,0.0,0.0,0.0,6.0,6.0,4.0,0.0,8.0,8.0,8.0,27.0,34.0,30.0,20.0,20.0,18.0,44.82,44.89,44.87,44.0,310.0,4.0,0.0,0.0,0.0
9.19,208.0,0.2,0.22,0.22,11.5,11.3,12.5,9.29,-9.0,0.09,0.14,204.8,4.9,324.0,1.0,3.0,206.0,695.0,249.0,-2.0,261.0,9.36,364.5,257.0,32.6,31.9,0.0,3.5,2180.0,0.0,17.0,-7.8,7.1,7.4,9.2,6.5,6.3,7.4,7.1,8.4,34.2,34.1,12.0,20.0,3.7,9.3,34.0,34.0,32.0,0.0,0.0,0.0,6.0,6.0,4.0,0.0,8.0,8.0,8.0,27.0,34.0,30.0,20.0,20.0,18.0,44.82,44.9,44.87,43.0,320.0,4.0,0.0,0.0,0.0
9.09,208.0,0.2,0.22,0.22,10.8,11.1,11.9,9.3,-5.1,0.09,0.14,205.2,4.5,322.0,1.0,3.0,200.0,696.0,243.0,-5.0,259.0,9.42,357.8,250.0,31.9,31.3,0.0,3.5,2180.0,0.0,17.0,-7.8,7.1,7.6,9.2,6.5,6.4,7.4,7.1,8.4,34.1,34.0,11.0,20.0,3.7,9.3,33.0,33.0,32.0,0.0,0.0,0.0,6.0,6.0,4.0,0.0,8.0,8.0,8.0,27.0,34.0,30.0,20.0,20.0,18.0,44.82,44.89,44.86,43.0,320.0,3.9,0.0,0.0,0.0
9.93,208.0,0.2,0.22,0.22,12.0,11.1,12.9,10.12,-11.8,0.09,0.14,205.2,5.3,333.0,1.0,3.0,262.0,696.0,317.0,-2.0,329.0,10.18,428.3,299.0,30.1,29.4,0.0,3.5,2180.0,0.0,17.0,-7.8,7.3,7.4,9.2,6.6,6.4,7.4,7.2,8.4,34.2,34.1,12.0,20.0,3.7,9.3,32.0,32.0,32.0,0.0,0.0,0.0,6.0,6.0,4.0,0.0,8.0,8.0,8.0,27.0,34.0,30.0,20.0,20.0,18.0,44.83,44.9,44.86,44.0,320.0,3.9,0.0,0.0,0.0
9.72,208.0,0.2,0.22,0.22,10.9,11.1,12.1,9.81,-9.0,0.09,0.14,205.3,4.5,328.0,1.0,3.0,249.0,696.0,301.0,-4.0,309.0,9.98,412.5,289.0,28.3,29.3,0.0,3.5,2180.0,0.0,17.0,-7.8,7.2,7.4,9.0,6.5,6.5,7.2,7.2,8.5,34.2,34.1,12.0,20.0,3.7,9.3,31.0,31.0,32.0,0.0,0.0,0.0,6.0,6.0,4.0,0.0,8.0,8.0,8.0,27.0,34.0,30.0,20.0,20.0,18.0,44.82,44.89,44.86,43.0,320.0,4.0,0.0,0.0,0.0
9.73,208.0,0.2,0.22,0.22,10.9,12.0,12.5,9.79,-8.6,0.09,0.14,205.0,4.3,328.0,1.0,3.0,245.0,696.0,296.0,-3.0,313.0,9.96,409.1,288.0,28.4,29.6,0.0,3.5,2180.0,0.0,17.0,-7.8,7.1,7.3,9.0,6.5,6.5,7.0,7.2,8.5,34.2,34.1,12.0,20.0,3.7,9.3,31.0,31.0,32.0,0.0,0.0,0.0,6.0,6.0,4.0,0.0,8.0,8.0,8.0,27.0,34.0,30.0,20.0,20.0,18.0,44.82,44.9,44.86,44.0,310.0,4.0,0.0,0.0,0.0
9.06,208.0,0.2,0.22,0.22,11.4,11.3,12.5,9.27,-6.8,0.09,0.14,205.5,4.8,323.0,1.0,3.0,197.0,695.0,238.0,-2.0,258.0,9.39,360.2,250.0,32.0,31.4,0.0,3.5,2180.0,0.0,17.0,-7.8,7.1,7.5,9.2,6.5,6.3,7.4,7.2,8.5,34.1,34.0,12.0,20.0,3.7,9.3,33.0,33.0,32.0,0.0,0.0,0.0,6.0,6.0,4.0,0.0,8.0,8.0,8.0,27.0,34.0,30.0,20.0,20.0,18.0,44.82,44.9,44.86,43.0,310.0,3.9,0.0,0.0,0.0
9.21,208.0,0.2,0.22,0.22,12.0,10.9,12.5,9.33,-16.7,0.09,0.14,205.3,5.0,326.0,1.0,3.0,203.0,695.0,246.0,-4.0,263.0,9.41,364.9,255.0,32.6,31.9,0.0,3.5,2180.0,0.0,17.0,-7.8,7.1,7.2,9.1,6.5,6.4,7.1,7.2,8.5,34.2,34.1,11.0,20.0,3.7,9.3,34.0,34.0,32.0,0.0,0.0,0.0,6.0,6.0,4.0,0.0,8.0,8.0,8.0,27.0,34.0,30.0,20.0,20.0,18.0,44.82,44.9,44.86,43.0,320.0,3.9,0.0,0.0,0.0
9.98,208.0,0.2,0.22,0.22,11.0,12.0,12.7,10.16,-10.0,0.09,0.13,205.4,4.8,330.0,1.0,3.0,263.0,696.0,318.0,1.0,331.0,10.23,433.1,304.0,30.8,30.2,0.0,3.5,2180.0,0.0,17.0,-7.8,7.3,7.6,9.3,6.6,6.5,7.3,7.1,8.5,34.2,34.1,13.0,20.0,3.7,9.3,32.0,32.0,32.0,0.0,0.0,0.0,6.0,6.0,4.0,0.0,8.0,8.0,8.0,27.0,34.0,30.0,20.0,20.0,18.0,44.82,44.9,44.86,43.0,320.0,3.9,0.0,0.0,0.0
9.23,208.0,0.2,0.22,0.22,10.9,10.9,12.3,9.34,-3.9,0.09,0.14,205.4,4.4,322.0,1.0,3.0,207.0,696.0,250.0,-3.0,269.0,9.46,365.8,259.0,31.4,30.9,0.0,3.5,2180.0,0.0,17.0,-7.8,7.1,7.5,9.1,6.5,6.3,7.5,7.2,8.4,34.1,34.1,13.0,20.0,3.7,9.3,33.0,33.0,32.0,0.0,0.0,0.0,6.0,6.0,4.0,0.0,8.0,8.0,8.0,27.0,34.0,30.0,20.0,20.0,18.0,44.82,44.89,44.86,43.0,310.0,3.9,0.0,0.0,0.0
9.47,208.0,0.2,0.22,0.22,12.0,11.2,12.9,9.79,0.1,0.09,0.14,205.5,5.0,326.0,1.0,3.0,234.0,695.0,283.0,-3.0,291.0,9.78,395.7,278.0,30.0,31.1,0.0,3.5,2180.0,0.0,17.0,-7.8,7.1,7.6,9.2,6.5,6.4,7.4,7.1,8.4,34.2,34.1,13.0,20.0,3.7,9.3,33.0,32.0,32.0,0.0,0.0,0.0,6.0,6.0,4.0,0.0,8.0,8.0,8.0,27.0,34.0,30.0,20.0,20.0,18.0,44.82,44.89,44.87,44.0,310.0,3.9,0.0,0.0,0.0
10.36,208.0,0.2,0.22,0.22,12.0,11.3,13.1,10.61,-15.2,0.09,0.14,205.2,5.8,333.0,1.0,3.0,296.0,696.0,358.0,-3.0,377.0,10.65,472.7,330.0,32.0,31.3,0.0,3.5,2180.0,0.0,17.0,-7.8,7.4,7.5,9.4,6.7,6.6,7.5,7.2,8.5,34.2,34.0,12.0,20.0,3.7,9.3,34.0,34.0,32.0,0.0,0.0,0.0,6.0,6.0,4.0,0.0,8.0,8.0,8.0,27.0,34.0,30.0,20.0,20.0,18.0,44.82,44.89,44.86,44.0,320.0,4.0,0.0,0.0,0.0
9.45,208.0,0.2,0.22,0.22,11.1,11.8,12.6,9.62,-12.4,0.09,0.14,205.1,5.4,328.0,1.0,3.0,218.0,695.0,264.0,-4.0,277.0,9.66,382.8,270.0,32.6,32.5,0.0,3.5,2180.0,0.0,17.0,-7.8,7.2,7.3,9.0,6.5,6.5,7.2,7.2,8.4,34.2,34.1,12.0,20.0,3.7,9.3,34.0,35.0,32.0,0.0,0.0,0.0,6.0,6.0,4.0,0.0,8.0,8.0,8.0,27.0,34.0,30.0,20.0,20.0,18.0,44.82,44.9,44.86,44.0,310.0,4.0,0.0,0.0,0.0
9.82,208.0,0.2,0.22,0.22,11.0,10.9,12.3,9.91,-16.8,0.08,0.14,205.2,4.6,334.0,1.0,3.0,253.0,696.0,306.0,4.0,317.0,10.12,422.6,297.0,29.6,29.2,0.0,3.5,2180.0,0.0,17.0,-7.8,7.2,7.4,9.3,6.6,6.3,7.5,7.1,8.4,34.2,34.1,12.0,20.0,3.7,9.3,31.0,31.0,32.0,0.0,0.0,0.0,6.0,6.0,4.0,0.0,8.0,8.0,8.0,27.0,34.0,30.0,20.0,20.0,18.0,44.82,44.89,44.86,43.0,320.0,3.9,0.0,0.0,0.0
9.16,208.0,0.2,0.22,0.22,11.9,11.1,12.5,9.27,-2.9,0.09,0.14,205.5,4.8,322.0,1.0,3.0,203.0,695.0,245.0,-2.0,254.0,9.36,363.7,258.0,32.1,31.4,0.0,3.5,2180.0,0.0,17.0,-7.8,7.1,7.3,9.1,6.5,6.4,7.3,7.2,8.5,34.1,34.0,13.0,20.0,3.7,9.3,33.0,33.0,32.0,0.0,0.0,0.0,6.0,6.0,4.0,0.0,8.0,8.0,8.0,27.0,34.0,30.0,20.0,20.0,18.0,44.82,44.9,44.87,43.0,320.0,3.9,0.0,0.0,0.0
10.39,208.0,0.2,0.22,0.22,11.1,11.6,12.1,10.52,-16.0,0.08,0.14,205.3,6.1,334.0,1.0,3.0,305.0,697.0,369.0,-4.0,388.0,10.7,475.0,334.0,32.8,32.0,0.0,3.5,2180.0,0.0,17.0,-7.8,7.4,7.5,9.3,6.7,6.7,7.3,7.2,8.5,34.2,34.1,12.0,20.0,3.7,9.3,34.0,34.0,32.0,0.0,0.0,0.0,6.0,6.0,4.0,0.0,8.0,8.0,8.0,27.0,34.0,30.0,20.0,20.0,19.0,44.82,44.89,44.86,43.0,320.0,3.9,0.0,0.0,0.0
9.64,208.0,0.2,0.22,0.22,11.8,10.9,12.5,9.82,-7.0,0.09,0.14,205.7,5.0,327.0,1.0,3.0,236.0,695.0,285.0,-2.0,292.0,9.88,399.5,281.0,29.7,30.7,0.0,3.5,2180.0,0.0,17.0,-7.8,7.1,7.6,9.2,6.6,6.4,7.3,7.1,8.4,34.2,34.1,12.0,20.0,3.7,9.3,32.0,32.0,32.0,0.0,0.0,0.0,6.0,6.0,4.0,0.0,8.0,8.0,8.0,27.0,34.0,30.0,20.0,20.0,18.0,44.82,44.9,44.86,43.0,320.0,4.0,0.0,0.0,0.0
10.4,208.0,0.2,0.22,0.22,11.9,11.1,13.1,10.68,-11.4,0.07,0.14,205.1,5.1,334.0,1.0,3.0,298.0,697.0,361.0,-1.0,376.0,10.69,475.7,329.0,32.8,32.1,0.0,3.5,2180.0,0.0,17.0,-7.8,7.4,7.7,9.4,6.8,6.6,7.6,7.2,8.5,34.2,34.1,12.0,20.0,3.7,9.3,34.0,34.0,32.0,0.0,0.0,0.0,6.0,6.0,4.0,0.0,8.0,8.0,8.0,27.0,34.0,30.0,20.0,20.0,19.0,44.82,44.89,44.87,44.0,320.0,4.0,0.0,0.0,0.0
9.98,208.0,0.2,0.22,0.22,11.0,11.8,12.0,10.17,-9.1,0.09,0.14,205.3,5.3,330.0,1.0,3.0,265.0,696.0,320.0,0.0,334.0,10.25,433.8,306.0,30.7,30.1,0.0,3.5,2180.0,0.0,17.0,-7.8,7.3,7.6,9.3,6.6,6.5,7.4,7.1,8.5,34.2,34.1,12.0,20.0,3.7,9.3,32.0,32.0,32.0,0.0,0.0,0.0,6.0,6.0,4.0,0.0,8.0,8.0,8.0,27.0,34.0,30.0,20.0,20.0,18.0,44.82,44.9,44.86,43.0,310.0,4.0,0.0,0.0,0.0
10.09,208.0,0.2,0.22,0.22,11.8,11.0,12.6,10.33,-14.4,0.1,0.13,205.2,5.0,331.0,1.0,3.0,280.0,697.0,339.0,4.0,359.0,10.44,448.4,315.0,31.3,30.9,0.0,3.5,2180.0,0.0,17.0,-7.8,7.3,7.4,9.2,6.7,6.6,7.4,7.2,8.5,34.2,34.1,11.0,20.0,3.7,9.3,33.0,33.0,32.0,0.0,0.0,0.0,6.0,6.0,4.0,0.0,8.0,8.0,8.0,27.0,34.0,30.0,20.0,20.0,18.0,44.82,44.89,44.87,44.0,320.0,4.0,0.0,0.0,0.0
10.41,208.0,0.2,0.22,0.22,11.3,11.0,12.7,10.57,-12.4,0.13,0.13,205.5,5.7,334.0,1.0,3.0,301.0,697.0,365.0,-1.0,384.0,10.7,476.7,335.0,32.7,32.1,0.0,3.5,2180.0,0.0,17.0,-7.8,7.4,7.7,9.4,6.8,6.6,7.6,7.2,8.5,34.2,34.1,11.0,20.0,3.7,9.3,34.0,34.0,32.0,0.0,0.0,0.0,6.0,6.0,4.0,0.0,8.0,8.0,8.0,27.0,34.0,30.0,20.0,20.0,19.0,44.82,44.89,44.87,44.0,320.0,3.9,0.0,0.0,0.0
10.02,208.0,0.2,0.22,0.22,11.1,11.1,12.2,10.12,-9.1,0.09,0.14,205.4,4.9,329.0,1.0,3.0,272.0,696.0,329.0,2.0,347.0,10.32,438.3,307.0,31.0,30.3,0.0,3.5,2180.0,0.0,17.0,-7.8,7.3,7.5,9.3,6.6,6.5,7.4,7.2,8.5,34.2,34.0,11.0,20.0,3.7,9.3,33.0,33.0,32.0,0.0,0.0,0.0,6.0,6.0,4.0,0.0,8.0,8.0,8.0,27.0,34.0,30.0,20.0,20.0,18.0,44.82,44.9,44.87,44.0,310.0,4.0,0.0,0.0,0.0
9.72,208.0,0.2,0.22,0.22,12.0,11.1,12.7,10.0,-14.2,0.09,0.14,205.2,4.6,331.0,1.0,3.0,245.0,695.0,296.0,-3.0,309.0,10.01,418.6,292.0,29.3,29.0,0.0,3.5,2180.0,0.0,17.0,-7.8,7.2,7.5,9.2,6.5,6.5,7.3,7.1,8.4,34.2,34.1,12.0,20.0,3.7,9.3,31.0,31.0,32.0,0.0,0.0,0.0,6.0,6.0,4.0,0.0,8.0,8.0,8.0,27.0,34.0,30.0,20.0,20.0,18.0,44.82,44.89,44.86,44.0,320.0,4.0,0.0,0.0,0.0
10.3,208.0,0.2,0.22,0.22,11.3,11.2,12.3,10.43,-18.4,0.11,0.14,205.1,5.1,333.0,1.0,3.0,295.0,696.0,357.0,-3.0,369.0,10.62,466.9,329.0,31.7,31.2,0.0,3.5,2180.0,0.0,17.0,-7.8,7.4,7.6,9.4,6.7,6.6,7.5,7.2,8.5,34.2,34.1,12.0,20.0,3.7,9.3,33.0,33.0,32.0,0.0,0.0,0.0,6.0,6.0,4.0,0.0,8.0,8.0,8.0,27.0,34.0,30.0,20.0,20.0,18.0,44.82,44.9,44.86,44.0,320.0,4.0,0.0,0.0,0.0
9.74,208.0,0.2,0.22,0.22,12.0,10.9,12.9,10.05,-11.6,0.09,0.14,205.4,4.9,330.0,1.0,3.0,249.0,696.0,301.0,-3.0,319.0,10.05,415.0,292.0,28.9,28.5,0.0,3.5,2180.0,0.0,17.0,-7.8,7.2,7.2,9.2,6.5,6.4,7.3,7.2,8.4,34.2,34.1,12.0,20.0,3.7,9.3,31.0,31.0,32.0,0.0,0.0,0.0,6.0,6.0,4.0,0.0,8.0,8.0,8.0,27.0,34.0,30.0,20.0,20.0,18.0,44.82,44.89,44.86,44.0,320.0,3.9,0.0,0.0,0.0
9.89,208.0,0.2,0.22,0.22,11.0,11.3,12.1,10.07,-9.2,0.09,0.14,205.2,4.9,332.0,1.0,3.0,263.0,695.0,318.0,-4.0,336.0,10.21,429.6,301.0,30.0,29.4,0.0,3.5,2180.0,0.0,17.0,-7.8,7.3,7.5,9.3,6.6,6.4,7.5,7.1,8.4,34.2,34.0,11.0,20.0,3.7,9.3,32.0,32.0,32.0,0.0,0.0,0.0,6.0,6.0,4.0,0.0,8.0,8.0,8.0,27.0,34.0,30.0,20.0,20.0,18.0,44.83,44.9,44.86,43.0,310.0,4.0,0.0,0.0,0.0
10.28,208.0,0.2,0.22,0.22,11.1,11.3,12.2,10.42,-18.4,0.11,0.14,205.0,5.2,334.0,1.0,3.0,298.0,696.0,360.0,1.0,378.0,10.59,463.5,328.0,32.5,31.9,0.0,3.5,2180.0,0.0,17.0,-7.8,7.4,7.4,9.3,6.7,6.6,7.5,7.2,8.5,34.2,34.1,12.0,20.0,3.7,9.3,34.0,34.0,32.0,0.0,0.0,0.0,6.0,6.0,4.0,0.0,8.0,8.0,8.0,27.0,34.0,30.0,20.0,20.0,19.0,44.82,44.89,44.86,43.0,320.0,4.0,0.0,0.0,0.0
10.23,208.0,0.2,0.22,0.22,11.2,11.8,12.1,10.52,-15.4,0.08,0.14,26.5,5.8,335.0,1.0,3.0,301.0,696.0,365.0,4.0,384.0,10.69,473.4,336.0,32.9,32.2,0.0,3.5,1500.0,0.0,15.98,-7.8,7.5,7.4,9.2,6.7,6.7,7.3,7.3,8.6,34.2,34.1,12.0,20.0,3.7,9.3,35.0,35.0,32.0,0.0,0.0,0.0,6.0,6.0,4.0,2.0,8.0,8.0,8.0,27.0,34.0,30.0,20.0,20.0,19.0,44.82,44.89,44.86,43.0,320.0,4.0,0.0,0.0,0.0
9.79,208.0,0.2,0.22,0.22,11.1,11.8,12.7,10.04,-11.9,0.08,0.14,205.3,4.8,333.0,1.0,3.0,256.0,696.0,310.0,0.0,329.0,10.12,423.8,297.0,29.7,29.3,0.0,3.5,2180.0,0.0,17.0,-7.8,7.3,7.2,9.1,6.6,6.5,7.2,7.2,8.4,34.2,34.1,12.0,20.0,3.7,9.3,31.0,31.0,32.0,0.0,0.0,0.0,6.0,6.0,4.0,0.0,8.0,8.0,8.0,27.0,34.0,30.0,20.0,20.0,18.0,44.82,44.89,44.86,44.0,320.0,3.9,0.0,0.0,0.0
9.85,208.0,0.2,0.22,0.22,11.1,11.8,12.7,10.03,-16.3,0.09,0.14,205.4,4.4,334.0,1.0,3.0,258.0,695.0,311.0,5.0,330.0,10.13,422.8,296.0,29.8,29.2,0.0,3.5,2180.0,0.0,17.0,-7.8,7.2,7.4,9.2,6.6,6.4,7.4,7.2,8.4,34.2,34.1,11.0,20.0,3.7,9.3,31.0,31.0,32.0,0.0,0.0,0.0,6.0,6.0,4.0,0.0,8.0,8.0,8.0,27.0,34.0,30.0,20.0,20.0,18.0,44.82,44.89,44.87,44.0,320.0,4.0,0.0,0.0,0.0
9.17,208.0,0.2,0.22,0.22,11.1,11.5,12.5,9.32,-0.4,0.09,0.14,205.2,4.6,322.0,1.0,3.0,205.0,695.0,248.0,-3.0,259.0,9.37,364.5,256.0,32.2,31.6,0.0,3.5,2180.0,0.0,17.0,-7.8,7.1,7.5,9.1,6.5,6.4,7.3,7.2,8.4,34.2,34.1,12.0,20.0,3.7,9.3,33.0,34.0,32.0,0.0,0.0,0.0,6.0,6.0,4.0,0.0,8.0,8.0,8.0,27.0,34.0,30.0,20.0,20.0,18.0,44.82,44.9,44.86,43.0,310.0,4.0,0.0,0.0,0.0
9.44,208.0,0.2,0.22,0.22,10.9,11.9,12.4,9.68,-3.2,0.09,0.14,205.5,4.4,327.0,1.0,3.0,233.0,695.0,282.0,-2.0,295.0,9.8,391.7,278.0,30.3,31.8,0.0,3.5,2180.0,0.0,17.0,-7.8,7.2,7.5,9.1,6.5,6.5,7.2,7.2,8.4,34.2,34.1,12.0,20.0,3.7,9.3,34.0,34.0,32.0,0.0,0.0,0.0,6.0,6.0,4.0,0.0,8.0,8.0,8.0,27.0,34.0,30.0,20.0,20.0,18.0,44.82,44.89,44.86,43.0,310.0,4.0,0.0,0.0,0.0
9.41,208.0,0.2,0.22,0.22,10.9,11.5,12.0,9.76,-7.4,0.09,0.14,205.3,5.0,327.0,1.0,3.0,237.0,695.0,287.0,-3.0,299.0,9.88,402.6,282.0,29.5,30.1,0.0,3.5,2180.0,0.0,17.0,-7.8,7.1,7.5,9.2,6.6,6.4,7.3,7.2,8.4,34.2,34.1,13.0,20.0,3.7,9.3,32.0,32.0,32.0,0.0,0.0,0.0,6.0,6.0,4.0,0.0,8.0,8.0,8.0,27.0,34.0,30.0,20.0,20.0,18.0,44.82,44.9,44.87,43.0,320.0,4.0,0.0,0.0,0.0
9.88,208.0,0.2,0.22,0.22,11.8,10.9,12.7,10.13,-9.8,0.09,0.14,205.4,4.9,333.0,1.0,3.0,259.0,695.0,313.0,-1.0,336.0,10.23,428.7,301.0,29.7,29.3,0.0,3.5,2180.0,0.0,17.0,-7.8,7.3,7.6,9.2,6.6,6.4,7.5,7.1,8.4,34.2,34.0,12.0,20.0,3.7,9.3,31.0,31.0,32.0,0.0,0.0,0.0,6.0,6.0,4.0,0.0,8.0,8.0,8.0,27.0,34.0,30.0,20.0,20.0,18.0,44.82,44.9,44.86,44.0,320.0,3.9,0.0,0.0,0.0
9.91,208.0,0.2,0.22,0.22,11.4,11.7,12.9,10.09,-4.3,0.09,0.14,205.1,5.0,331.0,1.0,3.0,258.0,695.0,311.0,2.0,333.0,10.19,427.4,298.0,30.3,29.6,0.0,3.5,2180.0,0.0,17.0,-7.8,7.3,7.5,9.1,6.6,6.6,7.3,7.2,8.5,34.2,34.1,11.0,20.0,3.7,9.3,32.0,32.0,32.0,0.0,0.0,0.0,6.0,6.0,4.0,0.0,8.0,8.0,8.0,27.0,34.0,30.0,20.0,20.0,18.0,44.82,44.9,44.87,44.0,320.0,4.0,0.0,0.0,0.0
9.93,208.0,0.2,0.22,0.22,11.6,11.6,13.1,10.32,-11.8,0.09,0.14,205.2,5.5,330.0,1.0,3.0,276.0,697.0,334.0,-3.0,358.0,10.44,450.5,315.0,31.2,30.7,0.0,3.5,2180.0,0.0,17.0,-7.8,7.3,7.5,9.3,6.6,6.6,7.4,7.2,8.5,34.2,34.1,11.0,20.0,3.7,9.3,33.0,33.0,32.0,0.0,0.0,0.0,6.0,6.0,4.0,0.0,8.0,8.0,8.0,27.0,34.0,30.0,20.0,20.0,18.0,44.82,44.89,44.86,44.0,320.0,3.9,0.0,0.0,0.0
9.18,208.0,0.2,0.22,0.22,10.9,10.8,12.2,9.31,0.0,0.09,0.14,205.5,3.9,322.0,1.0,3.0,205.0,695.0,248.0,3.0,252.0,9.42,359.6,258.0,32.5,31.7,0.0,3.6,2180.0,0.0,17.0,-7.8,7.1,7.3,9.1,6.5,6.4,7.3,7.2,8.4,34.2,34.1,12.0,20.0,3.7,9.3,34.0,34.0,32.0,0.0,0.0,0.0,6.0,6.0,4.0,0.0,8.0,8.0,8.0,27.0,34.0,30.0,20.0,20.0,18.0,44.82,44.89,44.86,43.0,320.0,4.0,0.0,0.0,0.0
9.23,208.0,0.2,0.22,0.22,10.8,11.7,12.0,9.25,-6.7,0.09,0.14,205.4,5.0,326.0,1.0,3.0,206.0,695.0,249.0,4.0,262.0,9.47,366.6,260.0,32.8,32.1,0.0,3.5,2180.0,0.0,17.0,-7.8,7.1,7.5,9.2,6.5,6.4,7.3,7.2,8.5,34.2,34.1,12.0,20.0,3.7,9.3,34.0,34.0,32.0,0.0,0.0,0.0,6.0,6.0,4.0,0.0,8.0,8.0,8.0,27.0,34.0,30.0,20.0,20.0,18.0,44.82,44.89,44.86,43.0,320.0,3.9,0.0,0.0,0.0
9.58,208.0,0.2,0.22,0.22,10.8,12.0,12.3,9.8,-8.0,0.09,0.14,205.4,4.6,327.0,1.0,3.0,243.0,695.0,294.0,-3.0,305.0,9.91,402.0,284.0,29.6,30.4,0.0,3.5,2180.0,0.0,17.0,-7.8,7.1,7.5,9.2,6.6,6.4,7.3,7.1,8.4,34.2,34.1,12.0,20.0,3.7,9.3,32.0,32.0,32.0,0.0,0.0,0.0,6.0,6.0,4.0,0.0,8.0,8.0,8.0,27.0,34.0,30.0,20.0,20.0,18.0,44.82,44.9,44.86,43.0,320.0,3.9,0.0,0.0,0.0
9.3,208.0,0.2,0.22,0.22,11.1,10.9,12.4,9.73,-6.8,0.08,0.14,205.4,4.4,327.0,1.0,3.0,237.0,695.0,286.0,-2.0,296.0,9.92,402.3,283.0,29.3,30.2,0.0,3.5,2180.0,0.0,17.0,-7.8,7.1,7.5,9.2,6.6,6.4,7.4,7.1,8.4,34.2,34.1,12.0,20.0,3.7,9.3,32.0,32.0,32.0,0.0,0.0,0.0,6.0,6.0,4.0,0.0,8.0,8.0,8.0,27.0,34.0,30.0,20.0,20.0,18.0,44.82,44.9,44.87,43.0,320.0,4.0,0.0,0.0,0.0
9.77,208.0,0.2,0.22,0.22,11.4,10.9,12.4,9.91,-21.6,0.09,0.14,205.2,4.9,333.0,1.0,3.0,260.0,696.0,314.0,3.0,323.0,10.09,420.5,296.0,29.3,28.9,0.0,3.5,2180.0,0.0,17.0,-7.8,7.2,7.6,9.3,6.6,6.4,7.3,7.1,8.4,34.2,34.1,11.0,20.0,3.7,9.3,31.0,31.0,32.0,0.0,0.0,0.0,6.0,6.0,4.0,0.0,8.0,8.0,8.0,27.0,34.0,30.0,20.0,20.0,18.0,44.82,44.9,44.86,43.0,320.0,3.9,0.0,0.0,0.0
9.16,208.0,0.2,0.22,0.22,11.0,10.8,12.4,9.21,-5.1,0.09,0.14,205.5,4.4,322.0,1.0,3.0,198.0,696.0,240.0,-2.0,252.0,9.4,357.5,257.0,32.0,31.3,0.0,3.5,2180.0,0.0,17.0,-7.8,7.1,7.6,9.2,6.5,6.3,7.4,7.2,8.4,34.1,34.0,12.0,20.0,3.7,9.3,33.0,33.0,32.0,0.0,0.0,0.0,6.0,6.0,4.0,0.0,8.0,8.0,8.0,27.0,34.0,30.0,20.0,20.0,18.0,44.82,44.89,44.86,43.0,320.0,4.0,0.0,0.0,0.0
10.27,208.0,0.2,0.22,0.22,12.0,11.3,12.7,10.75,-16.6,0.08,0.11,26.7,5.2,336.0,1.0,3.0,304.0,696.0,367.0,-3.0,383.0,10.8,479.4,334.0,32.9,32.3,0.0,3.5,1500.0,0.0,15.98,-7.8,7.5,7.6,9.4,6.8,6.7,7.6,7.3,8.5,34.2,34.1,11.0,20.0,3.7,9.3,35.0,35.0,32.0,0.0,0.0,0.0,6.0,6.0,4.0,2.0,8.0,8.0,8.0,27.0,34.0,30.0,20.0,20.0,18.0,44.82,44.9,44.86,44.0,320.0,4.0,0.0,0.0,0.0
9.87,208.0,0.2,0.22,0.22,11.4,11.7,12.9,10.09,-15.8,0.09,0.16,205.3,5.3,333.0,1.0,3.0,262.0,696.0,317.0,2.0,339.0,10.18,430.0,303.0,30.1,29.6,0.0,3.5,2180.0,0.0,17.0,-7.8,7.3,7.3,9.2,6.6,6.5,7.2,7.2,8.5,34.2,34.1,11.0,20.0,3.7,9.3,32.0,32.0,32.0,0.0,0.0,0.0,6.0,6.0,4.0,0.0,8.0,8.0,8.0,27.0,34.0,30.0,20.0,20.0,18.0,44.82,44.9,44.86,44.0,320.0,4.0,0.0,0.0,0.0
9.88,208.0,0.2,0.22,0.22,10.9,12.0,12.5,10.0,-8.9,0.09,0.14,205.2,4.7,331.0,1.0,3.0,256.0,696.0,310.0,-3.0,323.0,10.15,428.9,298.0,30.2,29.8,0.0,3.5,2180.0,0.0,17.0,-7.8,7.3,7.3,9.3,6.6,6.5,7.4,7.2,8.4,34.2,34.1,13.0,20.0,3.7,9.3,32.0,32.0,32.0,0.0,0.0,0.0,6.0,6.0,4.0,0.0,8.0,8.0,8.0,27.0,34.0,30.0,20.0,20.0,18.0,44.83,44.89,44.86,43.0,320.0,3.9,0.0,0.0,0.0
9.77,208.0,0.2,0.22,0.22,11.4,11.6,12.9,9.92,-14.1,0.09,0.14,205.3,4.8,331.0,1.0,3.0,245.0,695.0,296.0,-4.0,319.0,10.02,415.9,291.0,29.3,28.8,0.0,3.5,2180.0,0.0,17.0,-7.8,7.2,7.4,9.1,6.5,6.5,7.2,7.2,8.4,34.2,34.1,12.0,20.0,3.7,9.3,31.0,31.0,32.0,0.0,0.0,0.0,6.0,6.0,4.0,0.0,8.0,8.0,8.0,27.0,34.0,30.0,20.0,20.0,18.0,44.83,44.9,44.86,44.0,320.0,4.0,0.0,0.0,0.0
9.45,208.0,0.2,0.22,0.22,12.0,10.8,12.7,9.66,-11.0,0.08,0.13,205.3,4.4,328.0,1.0,3.0,224.0,695.0,271.0,-2.0,289.0,9.71,387.8,272.0,33.0,32.5,0.0,3.5,2180.0,0.0,17.0,-7.8,7.2,7.3,9.0,6.5,6.5,7.1,7.2,8.4,34.2,34.1,12.0,20.0,3.7,9.3,34.0,34.0,32.0,0.0,0.0,0.0,6.0,6.0,4.0,0.0,8.0,8.0,8.0,27.0,34.0,30.0,20.0,20.0,18.0,44.82,44.89,44.86,44.0,310.0,3.9,0.0,0.0,0.0
8.89,208.0,0.2,0.22,0.22,11.5,10.8,12.5,9.41,1.0,0.09,0.14,205.5,5.0,321.0,1.0,3.0,202.0,695.0,244.0,-2.0,259.0,9.45,363.7,257.0,31.6,31.1,0.0,3.5,2180.0,0.0,17.0,-7.8,7.1,7.7,9.2,6.5,6.4,7.4,7.2,8.4,34.2,34.1,11.0,20.0,3.7,9.3,33.0,33.0,32.0,0.0,0.0,0.0,6.0,6.0,4.0,0.0,8.0,8.0,8.0,27.0,34.0,30.0,20.0,20.0,18.0,44.82,44.89,44.86,43.0,310.0,4.0,0.0,0.0,0.0
10.19,208.0,0.2,0.22,0.22,11.5,11.6,13.0,10.58,-18.0,0.03,0.15,205.2,5.2,335.0,1.0,3.0,308.0,697.0,373.0,-2.0,384.0,10.7,474.5,333.0,32.7,32.1,0.0,3.5,2180.0,0.0,17.0,-7.8,7.4,7.6,9.4,6.8,6.7,7.5,7.2,8.5,34.2,34.1,12.0,20.0,3.7,9.3,34.0,34.0,32.0,0.0,0.0,0.0,6.0,6.0,4.0,0.0,8.0,8.0,8.0,27.0,34.0,30.0,20.0,20.0,19.0,44.82,44.89,44.86,44.0,320.0,4.0,0.0,0.0,0.0
8.94,208.0,0.2,0.22,0.22,11.6,10.8,12.5,9.31,-0.4,0.09,0.14,205.3,4.9,322.0,1.0,3.0,206.0,695.0,249.0,-3.0,263.0,9.45,363.4,255.0,32.2,31.6,0.0,3.6,2180.0,0.0,17.0,-7.8,7.1,7.4,9.2,6.5,6.4,7.5,7.2,8.4,34.2,34.1,12.0,20.0,3.7,9.3,33.0,34.0,32.0,0.0,0.0,0.0,6.0,6.0,4.0,0.0,8.0,8.0,8.0,27.0,34.0,30.0,20.0,20.0,18.0,44.82,44.9,44.87,43.0,320.0,4.0,0.0,0.0,0.0
9.91,208.0,0.2,0.22,0.22,11.6,11.6,12.9,10.16,-8.6,0.09,0.14,205.0,5.4,329.0,1.0,3.0,257.0,696.0,311.0,-3.0,324.0,10.18,428.3,300.0,30.6,30.0,0.0,3.5,2180.0,0.0,17.0,-7.8,7.3,7.4,9.2,6.6,6.6,7.2,7.2,8.5,34.2,34.1,12.0,20.0,3.7,9.3,32.0,32.0,32.0,0.0,0.0,0.0,6.0,6.0,4.0,0.0,8.0,8.0,8.0,27.0,34.0,30.0,20.0,20.0,18.0,44.82,44.89,44.86,44.0,320.0,4.0,0.0,0.0,0.0
9.82,208.0,0.2,0.22,0.22,10.9,11.9,12.0,9.95,-16.9,0.09,0.14,205.3,5.2,334.0,1.0,3.0,252.0,696.0,305.0,-2.0,313.0,10.09,416.1,297.0,29.6,29.1,0.0,3.5,2180.0,0.0,17.0,-7.8,7.3,7.4,9.3,6.6,6.3,7.6,7.1,8.4,34.2,34.1,12.0,20.0,3.7,9.3,31.0,31.0,32.0,0.0,0.0,0.0,6.0,6.0,4.0,0.0,8.0,8.0,8.0,27.0,34.0,30.0,20.0,20.0,18.0,44.82,44.89,44.86,43.0,310.0,4.0,0.0,0.0,0.0
9.91,208.0,0.2,0.22,0.22,12.0,11.2,12.9,10.15,-9.3,0.09,0.14,205.2,5.5,333.0,1.0,3.0,260.0,695.0,315.0,-3.0,337.0,10.21,429.7,301.0,29.7,29.4,0.0,3.5,2180.0,0.0,17.0,-7.8,7.3,7.6,9.3,6.6,6.4,7.5,7.1,8.4,34.2,34.0,12.0,20.0,3.7,9.3,32.0,32.0,32.0,0.0,0.0,0.0,6.0,6.0,4.0,0.0,8.0,8.0,8.0,27.0,34.0,30.0,20.0,20.0,18.0,44.82,44.9,44.86,44.0,320.0,4.0,0.0,0.0,0.0
10.27,208.0,0.2,0.22,0.22,11.5,11.6,13.0,10.49,-10.2,0.06,0.14,205.3,5.1,333.0,1.0,3.0,290.0,697.0,351.0,-2.0,371.0,10.58,464.1,324.0,32.3,31.7,0.0,3.5,2180.0,0.0,17.0,-7.8,7.4,7.4,9.3,6.7,6.6,7.4,7.2,8.5,34.2,34.1,12.0,20.0,3.7,9.3,34.0,34.0,32.0,0.0,0.0,0.0,6.0,6.0,4.0,0.0,8.0,8.0,8.0,27.0,34.0,30.0,20.0,20.0,19.0,44.82,44.89,44.86,44.0,320.0,4.0,0.0,0.0,0.0
9.96,208.0,0.2,0.22,0.22,11.3,10.9,12.4,10.14,-9.6,0.09,0.14,205.3,5.1,330.0,1.0,3.0,265.0,696.0,320.0,-3.0,340.0,10.31,436.2,304.0,30.8,30.2,0.0,3.5,2180.0,0.0,17.0,-7.8,7.3,7.3,9.2,6.6,6.6,7.2,7.2,8.5,34.2,34.0,12.0,20.0,3.7,9.3,32.0,32.0,32.0,0.0,0.0,0.0,6.0,6.0,4.0,0.0,8.0,8.0,8.0,27.0,34.0,30.0,20.0,20.0,18.0,44.82,44.89,44.87,44.0,320.0,4.0,0.0,0.0,0.0
0.0,0.0,0.0,0.0,0.0,0.0,0.0,0.0,0.0,0.0,0.0,0.0,0.0,0.0,0.0,0.0,0.0,0.0,0.0,383.0,-3.0,0.0,0.0,0.0,0.0,0.0,0.0,0.0,0.0,0.0,0.0,0.0,0.0,0.0,0.0,0.0,0.0,0.0,0.0,0.0,0.0,0.0,0.0,0.0,0.0,0.0,0.0,0.0,0.0,0.0,0.0,0.0,0.0,0.0,0.0,0.0,0.0,0.0,0.0,0.0,0.0,0.0,0.0,0.0,0.0,0.0,0.0,0.0,0.0,0.0,0.0,0.0,0.0,0.0,0.0
9.43,208.0,0.2,0.22,0.22,12.0,10.9,12.9,9.85,-6.5,0.09,0.14,205.4,4.4,327.0,1.0,3.0,236.0,695.0,286.0,-2.0,304.0,9.93,401.9,281.0,29.3,30.1,0.0,3.5,2180.0,0.0,17.0,-7.8,7.1,7.4,9.2,6.6,6.3,7.4,7.1,8.4,34.2,34.1,13.0,20.0,3.7,9.3,31.0,31.0,32.0,0.0,0.0,0.0,6.0,6.0,4.0,0.0,8.0,8.0,8.0,27.0,34.0,30.0,20.0,20.0,18.0,44.82,44.9,44.87,44.0,310.0,3.9,0.0,0.0,0.0
9.25,208.0,0.2,0.22,0.22,11.0,10.8,12.2,9.41,-7.3,0.09,0.14,205.1,4.4,327.0,1.0,3.0,218.0,696.0,264.0,-2.0,276.0,9.56,373.8,266.0,33.0,32.3,0.0,3.5,2180.0,0.0,17.0,-7.8,7.1,7.3,9.1,6.5,6.4,7.4,7.2,8.5,34.2,34.1,12.0,20.0,3.7,9.3,34.0,34.0,32.0,0.0,0.0,0.0,6.0,6.0,4.0,0.0,8.0,8.0,8.0,27.0,34.0,30.0,20.0,20.0,18.0,44.83,44.89,44.87,43.0,310.0,4.0,0.0,0.0,0.0
9.77,208.0,0.2,0.22,0.22,10.9,11.5,12.0,9.91,-16.9,0.09,0.14,205.2,5.3,332.0,1.0,3.0,252.0,696.0,306.0,0.0,323.0,10.06,414.9,293.0,29.5,29.0,0.0,3.5,2180.0,0.0,17.0,-7.8,7.2,7.6,9.2,6.6,6.4,7.4,7.1,8.4,34.2,34.1,12.0,20.0,3.7,9.3,31.0,31.0,32.0,0.0,0.0,0.0,6.0,6.0,4.0,0.0,8.0,8.0,8.0,27.0,34.0,30.0,20.0,20.0,18.0,44.82,44.89,44.86,43.0,310.0,4.0,0.0,0.0,0.0
9.42,208.0,0.2,0.22,0.22,11.8,10.8,12.6,9.62,-15.0,0.09,0.14,205.4,4.5,329.0,1.0,3.0,222.0,695.0,269.0,-2.0,278.0,9.72,388.9,274.0,31.7,32.5,0.0,3.5,2180.0,0.0,17.0,-7.8,7.2,7.4,9.1,6.5,6.5,7.3,7.2,8.4,34.2,34.1,12.0,20.0,3.7,9.3,34.0,35.0,32.0,0.0,0.0,0.0,6.0,6.0,4.0,0.0,8.0,8.0,8.0,27.0,34.0,30.0,20.0,20.0,18.0,44.82,44.9,44.86,43.0,310.0,4.0,0.0,0.0,0.0
10.22,208.0,0.2,0.22,0.22,11.0,12.0,12.4,10.54,-16.8,0.13,0.14,205.3,5.9,335.0,1.0,3.0,304.0,696.0,368.0,-3.0,386.0,10.69,473.9,330.0,32.7,32.0,0.0,3.6,2180.0,0.0,17.0,-7.8,7.4,7.7,9.4,6.8,6.6,7.5,7.2,8.5,34.2,34.1,12.0,20.0,3.7,9.3,34.0,34.0,32.0,0.0,0.0,0.0,6.0,6.0,4.0,0.0,8.0,8.0,8.0,27.0,34.0,30.0,20.0,20.0,19.0,44.82,44.89,44.86,43.0,310.0,4.0,0.0,0.0,0.0
9.06,208.0,0.2,0.22,0.22,12.0,10.8,12.5,9.32,4.0,0.09,0.14,205.8,4.6,321.0,1.0,3.0,211.0,695.0,256.0,0.0,266.0,9.44,366.0,256.0,31.6,30.9,0.0,3.5,2180.0,0.0,17.0,-7.8,7.1,7.7,9.2,6.5,6.4,7.4,7.2,8.4,34.1,34.1,12.0,20.0,3.7,9.3,33.0,33.0,32.0,0.0,0.0,0.0,6.0,6.0,4.0,0.0,8.0,8.0,8.0,27.0,34.0,30.0,20.0,20.0,18.0,44.83,44.89,44.86,43.0,310.0,3.9,0.0,0.0,0.0
10.48,208.0,0.2,0.22,0.22,11.3,12.0,12.6,10.59,-18.5,0.09,0.11,26.6,5.7,336.0,1.0,3.0,308.0,696.0,372.0,-3.0,385.0,10.78,473.0,333.0,32.9,32.3,0.0,3.5,1500.0,0.0,15.98,-7.8,7.5,7.6,9.4,6.7,6.7,7.6,7.3,8.5,34.2,34.1,12.0,20.0,3.7,9.3,35.0,35.0,32.0,0.0,0.0,0.0,6.0,6.0,4.0,2.0,8.0,8.0,8.0,27.0,34.0,30.0,20.0,20.0,19.0,44.82,44.9,44.87,43.0,310.0,3.9,0.0,0.0,0.0
9.38,208.0,0.2,0.22,0.22,11.2,11.6,12.5,9.54,-6.3,0.08,0.14,205.2,4.8,327.0,1.0,3.0,215.0,696.0,260.0,0.0,274.0,9.59,379.7,267.0,33.1,32.3,0.0,3.5,2180.0,0.0,17.0,-7.8,7.1,7.3,9.0,6.5,6.5,7.1,7.2,8.5,34.2,34.1,12.0,20.0,3.7,9.3,34.0,34.0,32.0,0.0,0.0,0.0,6.0,6.0,4.0,0.0,8.0,8.0,8.0,27.0,34.0,30.0,20.0,20.0,18.0,44.82,44.89,44.86,44.0,310.0,3.9,0.0,0.0,0.0
9.22,208.0,0.2,0.22,0.22,11.2,10.8,12.4,9.54,-10.7,0.09,0.14,205.5,5.3,327.0,1.0,3.0,226.0,695.0,271.0,1.0,279.0,9.68,386.2,273.0,33.0,32.5,0.0,3.5,2180.0,0.0,17.0,-7.8,7.2,7.3,9.0,6.5,6.5,7.2,7.2,8.4,34.2,34.1,12.0,20.0,3.7,9.3,34.0,34.0,32.0,0.0,0.0,0.0,6.0,6.0,4.0,0.0,8.0,8.0,8.0,27.0,34.0,30.0,20.0,20.0,18.0,44.82,44.89,44.86,43.0,320.0,4.0,0.0,0.0,0.0
10.42,208.0,0.2,0.22,0.22,11.3,11.7,12.9,10.59,-13.2,0.08,0.14,205.4,4.9,334.0,1.0,3.0,306.0,696.0,370.0,-2.0,384.0,10.72,472.2,328.0,32.7,32.1,0.0,3.6,2180.0,0.0,17.0,-7.8,7.4,7.6,9.4,6.8,6.7,7.5,7.2,8.5,34.2,34.1,12.0,20.0,3.7,9.3,34.0,34.0,32.0,0.0,0.0,0.0,6.0,6.0,4.0,0.0,8.0,8.0,8.0,27.0,34.0,30.0,20.0,20.0,19.0,44.82,44.89,44.87,44.0,310.0,4.0,0.0,0.0,0.0
9.99,208.0,0.2,0.22,0.22,12.1,11.1,12.8,10.27,-5.5,0.09,0.14,205.3,4.8,328.0,1.0,3.0,269.0,697.0,325.0,-2.0,339.0,10.31,440.5,309.0,31.1,30.5,0.0,3.5,2180.0,0.0,17.0,-7.8,7.3,7.5,9.4,6.6,6.5,7.6,7.2,8.4,34.2,34.0,11.0,20.0,3.7,9.3,33.0,33.0,32.0,0.0,0.0,0.0,6.0,6.0,4.0,0.0,8.0,8.0,8.0,27.0,34.0,30.0,20.0,20.0,18.0,44.82,44.89,44.87,44.0,320.0,4.0,0.0,0.0,0.0
9.15,208.0,0.2,0.22,0.22,12.0,10.8,12.6,9.41,0.9,0.08,0.14,205.3,4.2,321.0,1.0,3.0,212.0,694.0,256.0,0.0,267.0,9.44,365.8,259.0,31.7,31.2,0.0,3.5,2180.0,0.0,17.0,-7.8,7.1,7.6,9.2,6.5,6.4,7.3,7.2,8.4,34.2,34.1,12.0,20.0,3.7,9.3,33.0,33.0,32.0,0.0,0.0,0.0,6.0,6.0,4.0,0.0,8.0,8.0,8.0,27.0,34.0,30.0,20.0,20.0,18.0,44.82,44.9,44.86,44.0,310.0,4.0,0.0,0.0,0.0
9.57,208.0,0.2,0.22,0.22,11.1,10.9,12.4,9.84,-11.7,0.09,0.14,205.0,5.4,331.0,1.0,3.0,249.0,695.0,301.0,-2.0,321.0,10.05,411.4,291.0,29.3,28.8,0.0,3.5,2180.0,0.0,17.0,-7.8,7.2,7.3,9.2,6.6,6.4,7.3,7.2,8.4,34.2,34.1,11.0,20.0,3.7,9.3,31.0,31.0,32.0,0.0,0.0,0.0,6.0,6.0,4.0,0.0,8.0,8.0,8.0,27.0,34.0,30.0,20.0,20.0,18.0,44.82,44.9,44.87,43.0,320.0,4.0,0.0,0.0,0.0
10.61,208.0,0.2,0.22,0.22,11.6,12.0,13.0,10.77,-11.0,0.08,0.14,27.2,4.9,334.0,1.0,3.0,319.0,696.0,386.0,0.0,403.0,10.92,489.9,345.0,33.0,32.2,0.0,3.6,1500.0,0.0,15.98,-7.8,7.5,7.6,9.5,6.8,6.6,7.8,7.2,8.5,34.2,34.2,11.0,20.0,3.7,9.3,35.0,35.0,32.0,0.0,0.0,0.0,6.0,6.0,4.0,2.0,8.0,8.0,8.0,27.0,34.0,30.0,20.0,20.0,18.0,44.82,44.9,44.86,44.0,310.0,3.9,0.0,0.0,0.0
9.13,208.0,0.2,0.22,0.22,11.3,11.4,12.5,9.27,-0.6,0.09,0.14,205.4,5.0,322.0,1.0,3.0,198.0,696.0,239.0,1.0,254.0,9.4,361.1,252.0,31.4,30.7,0.0,3.5,2180.0,0.0,17.0,-7.8,7.1,7.4,9.0,6.5,6.4,7.4,7.2,8.4,34.1,34.1,12.0,20.0,3.7,9.3,33.0,33.0,32.0,0.0,0.0,0.0,6.0,6.0,4.0,0.0,8.0,8.0,8.0,27.0,34.0,30.0,20.0,20.0,18.0,44.82,44.9,44.86,43.0,320.0,4.0,0.0,0.0,0.0
10.08,208.0,0.2,0.22,0.22,11.6,11.6,13.1,10.33,-11.3,0.09,0.14,205.1,5.1,330.0,1.0,3.0,274.0,697.0,332.0,4.0,347.0,10.39,450.5,316.0,31.4,30.8,0.0,3.5,2180.0,0.0,17.0,-7.8,7.3,7.4,9.3,6.7,6.5,7.4,7.2,8.5,34.2,34.1,12.0,20.0,3.7,9.3,33.0,33.0,32.0,0.0,0.0,0.0,6.0,6.0,4.0,0.0,8.0,8.0,8.0,27.0,34.0,30.0,20.0,20.0,18.0,44.82,44.9,44.87,44.0,320.0,4.0,0.0,0.0,0.0
9.93,208.0,0.2,0.22,0.22,11.0,12.0,12.6,10.16,-12.1,0.09,0.14,205.1,5.1,330.0,1.0,3.0,265.0,696.0,320.0,4.0,330.0,10.2,431.6,302.0,30.7,30.1,0.0,3.5,2180.0,0.0,17.0,-7.8,7.3,7.6,9.3,6.6,6.5,7.4,7.1,8.4,34.2,34.1,12.0,20.0,3.7,9.3,32.0,32.0,32.0,0.0,0.0,0.0,6.0,6.0,4.0,0.0,8.0,8.0,8.0,27.0,34.0,30.0,20.0,20.0,18.0,44.82,44.89,44.86,43.0,320.0,4.0,0.0,0.0,0.0
9.16,208.0,0.2,0.22,0.22,10.9,11.8,12.4,9.3,-3.0,0.09,0.14,205.3,4.3,321.0,1.0,3.0,201.0,696.0,243.0,-3.0,259.0,9.42,362.4,253.0,31.9,31.3,0.0,3.5,2180.0,0.0,17.0,-7.8,7.1,7.4,9.1,6.5,6.5,7.1,7.2,8.5,34.2,34.1,12.0,20.0,3.7,9.3,33.0,33.0,32.0,0.0,0.0,0.0,6.0,6.0,4.0,0.0,8.0,8.0,8.0,27.0,34.0,30.0,20.0,20.0,18.0,44.82,44.89,44.86,43.0,310.0,4.0,0.0,0.0,0.0
9.11,208.0,0.2,0.22,0.22,11.4,10.8,12.6,9.35,-4.3,0.09,0.14,205.4,5.1,322.0,1.0,3.0,205.0,695.0,249.0,0.0,265.0,9.49,370.5,259.0,31.3,30.7,0.0,3.5,2180.0,0.0,17.0,-7.8,7.1,7.5,9.0,6.5,6.4,7.3,7.2,8.5,34.1,34.1,11.0,20.0,3.7,9.3,33.0,33.0,32.0,0.0,0.0,0.0,6.0,6.0,4.0,0.0,8.0,8.0,8.0,27.0,34.0,30.0,20.0,20.0,18.0,44.82,44.9,44.86,43.0,310.0,3.9,0.0,0.0,0.0
9.23,208.0,0.2,0.22,0.22,10.8,10.9,12.1,9.29,-0.1,0.09,0.14,205.3,4.7,321.0,1.0,3.0,207.0,695.0,250.0,-4.0,266.0,9.45,365.6,260.0,31.7,31.2,0.0,3.5,2180.0,0.0,17.0,-7.8,7.1,7.5,9.2,6.5,6.3,7.5,7.2,8.4,34.2,34.1,13.0,20.0,3.7,9.3,33.0,33.0,32.0,0.0,0.0,0.0,6.0,6.0,4.0,0.0,8.0,8.0,8.0,27.0,34.0,30.0,20.0,20.0,18.0,44.82,44.9,44.87,43.0,320.0,4.0,0.0,0.0,0.0
9.93,208.0,0.2,0.22,0.22,10.9,12.0,12.5,10.04,-7.8,0.09,0.14,205.4,4.9,331.0,1.0,3.0,255.0,696.0,309.0,-3.0,331.0,10.2,426.0,299.0,30.3,29.8,0.0,3.5,2180.0,0.0,17.0,-7.8,7.3,7.3,9.2,6.6,6.5,7.3,7.2,8.4,34.2,34.1,12.0,20.0,3.7,9.3,32.0,32.0,32.0,0.0,0.0,0.0,6.0,6.0,4.0,0.0,8.0,8.0,8.0,27.0,34.0,30.0,20.0,20.0,18.0,44.82,44.89,44.87,43.0,320.0,4.0,0.0,0.0,0.0
9.92,208.0,0.2,0.22,0.22,11.6,11.5,13.0,10.15,-7.8,0.09,0.14,205.2,5.1,329.0,1.0,3.0,259.0,696.0,313.0,2.0,331.0,10.23,434.9,302.0,30.9,30.2,0.0,3.6,2180.0,0.0,17.0,-7.8,7.3,7.4,9.4,6.6,6.5,7.6,7.1,8.5,34.2,34.1,11.0,20.0,3.7,9.3,32.0,32.0,32.0,0.0,0.0,0.0,6.0,6.0,4.0,0.0,8.0,8.0,8.0,27.0,34.0,30.0,20.0,20.0,18.0,44.82,44.9,44.86,44.0,320.0,4.0,0.0,0.0,0.0
9.09,208.0,0.2,0.22,0.22,12.0,10.8,12.5,9.35,-1.9,0.09,0.14,205.2,4.3,322.0,1.0,3.0,210.0,696.0,254.0,-1.0,265.0,9.43,363.7,255.0,32.1,31.3,0.0,3.5,2180.0,0.0,17.0,-7.8,7.1,7.3,9.1,6.5,6.4,7.3,7.2,8.5,34.2,34.0,12.0,20.0,3.7,9.3,33.0,33.0,32.0,0.0,0.0,0.0,6.0,6.0,4.0,0.0,8.0,8.0,8.0,27.0,34.0,30.0,20.0,20.0,18.0,44.82,44.89,44.87,43.0,320.0,4.0,0.0,0.0,0.0
9.8,208.0,0.2,0.22,0.22,10.9,11.4,12.0,9.92,-11.3,0.09,0.14,205.4,5.0,330.0,1.0,3.0,245.0,696.0,296.0,-3.0,306.0,10.04,414.1,289.0,29.0,28.2,0.0,3.5,2180.0,0.0,17.0,-7.8,7.2,7.3,9.2,6.5,6.4,7.3,7.2,8.4,34.1,34.0,12.0,20.0,3.7,9.3,30.0,30.0,32.0,0.0,0.0,0.0,6.0,6.0,4.0,0.0,8.0,8.0,8.0,27.0,34.0,30.0,20.0,20.0,18.0,44.82,44.89,44.87,43.0,320.0,3.9,0.0,0.0,0.0
9.14,208.0,0.2,0.22,0.22,10.9,11.8,12.4,9.52,-5.3,0.08,0.14,205.6,4.9,327.0,1.0,3.0,222.0,695.0,269.0,-3.0,286.0,9.64,379.9,269.0,33.1,32.4,0.0,3.5,2180.0,0.0,17.0,-7.8,7.1,7.3,9.2,6.5,6.4,7.4,7.1,8.4,34.2,34.1,11.0,20.0,3.7,9.3,34.0,34.0,32.0,0.0,0.0,0.0,6.0,6.0,4.0,0.0,8.0,8.0,8.0,27.0,34.0,30.0,20.0,20.0,18.0,44.82,44.9,44.86,44.0,320.0,4.0,0.0,0.0,0.0
10.11,208.0,0.2,0.22,0.22,11.2,11.0,12.4,10.27,-13.2,0.08,0.13,205.0,5.3,330.0,1.0,3.0,280.0,696.0,338.0,-3.0,356.0,10.46,451.5,318.0,31.5,30.8,0.0,3.5,2180.0,0.0,17.0,-7.8,7.4,7.5,9.3,6.7,6.5,7.6,7.2,8.4,34.2,34.1,12.0,20.0,3.7,9.3,33.0,33.0,32.0,0.0,0.0,0.0,6.0,6.0,4.0,0.0,8.0,8.0,8.0,27.0,34.0,30.0,20.0,20.0,19.0,44.82,44.9,44.86,44.0,320.0,3.9,0.0,0.0,0.0
10.37,208.0,0.2,0.22,0.22,12.0,11.3,13.2,10.65,-12.2,0.11,0.14,205.1,5.6,334.0,1.0,3.0,301.0,697.0,365.0,-2.0,375.0,10.65,472.3,331.0,32.7,32.1,0.0,3.6,2180.0,0.0,17.0,-7.8,7.4,7.7,9.4,6.8,6.6,7.5,7.2,8.5,34.2,34.1,11.0,20.0,3.7,9.3,34.0,34.0,32.0,0.0,0.0,0.0,6.0,6.0,4.0,0.0,8.0,8.0,8.0,27.0,34.0,30.0,20.0,20.0,19.0,44.82,44.89,44.86,44.0,320.0,4.0,0.0,0.0,0.0
10.21,208.0,0.2,0.22,0.22,12.0,11.3,13.0,10.45,-14.8,0.08,0.14,205.4,5.2,332.0,1.0,3.0,280.0,696.0,339.0,-2.0,356.0,10.51,459.0,319.0,31.7,31.2,0.0,3.5,2180.0,0.0,17.0,-7.8,7.3,7.6,9.4,6.6,6.6,7.4,7.2,8.5,34.2,34.1,11.0,20.0,3.7,9.3,33.0,33.0,32.0,0.0,0.0,0.0,6.0,6.0,4.0,0.0,8.0,8.0,8.0,27.0,34.0,30.0,20.0,20.0,18.0,44.82,44.89,44.86,44.0,320.0,3.9,0.0,0.0,0.0
10.31,208.0,0.2,0.22,0.22,11.0,12.0,12.2,10.42,-7.4,0.11,0.14,205.2,5.3,333.0,1.0,3.0,290.0,696.0,352.0,0.0,366.0,10.58,462.2,324.0,32.5,31.8,0.0,3.5,2180.0,0.0,17.0,-7.8,7.4,7.4,9.3,6.7,6.6,7.5,7.2,8.5,34.2,34.1,11.0,20.0,3.7,9.3,34.0,34.0,32.0,0.0,0.0,0.0,6.0,6.0,4.0,0.0,8.0,8.0,8.0,27.0,34.0,30.0,20.0,20.0,18.0,44.82,44.89,44.86,43.0,310.0,4.0,0.0,0.0,0.0
10.27,208.0,0.2,0.22,0.22,12.0,11.4,13.1,10.54,-12.5,0.11,0.14,205.1,5.5,334.0,1.0,3.0,287.0,696.0,347.0,-1.0,363.0,10.57,464.2,322.0,32.5,31.7,0.0,3.6,2180.0,0.0,17.0,-7.8,7.4,7.4,9.3,6.7,6.6,7.5,7.2,8.5,34.2,34.1,12.0,20.0,3.7,9.3,34.0,34.0,32.0,0.0,0.0,0.0,6.0,6.0,4.0,0.0,8.0,8.0,8.0,27.0,34.0,30.0,20.0,20.0,19.0,44.82,44.9,44.86,44.0,320.0,4.0,0.0,0.0,0.0
10.39,208.0,0.2,0.22,0.22,12.0,11.2,12.9,10.73,-17.6,0.11,0.14,205.1,4.9,335.0,1.0,3.0,303.0,696.0,366.0,-3.0,383.0,10.69,477.6,333.0,32.9,32.1,0.0,3.6,2180.0,0.0,17.0,-7.8,7.4,7.6,9.4,6.8,6.6,7.7,7.2,8.5,34.2,34.1,12.0,20.0,3.7,9.3,34.0,34.0,32.0,0.0,0.0,0.0,6.0,6.0,4.0,0.0,8.0,8.0,8.0,27.0,34.0,30.0,20.0,20.0,18.0,44.82,44.9,44.87,44.0,320.0,3.9,0.0,0.0,0.0
9.04,208.0,0.2,0.22,0.22,10.9,10.8,12.4,9.26,-11.5,0.09,0.14,205.3,4.3,326.0,1.0,3.0,203.0,696.0,246.0,-2.0,259.0,9.44,365.2,259.0,32.8,31.9,0.0,3.6,2180.0,0.0,17.0,-7.8,7.1,7.4,9.0,6.5,6.5,7.1,7.2,8.5,34.2,34.0,12.0,20.0,3.7,9.3,34.0,34.0,32.0,0.0,0.0,0.0,6.0,6.0,4.0,0.0,8.0,8.0,8.0,27.0,34.0,30.0,20.0,20.0,18.0,44.82,44.9,44.86,43.0,310.0,3.9,0.0,0.0,0.0
9.09,208.0,0.2,0.22,0.22,11.6,10.8,12.5,9.36,-4.7,0.09,0.14,205.1,4.7,323.0,1.0,3.0,205.0,695.0,249.0,0.0,265.0,9.48,368.1,260.0,31.5,30.8,0.0,3.5,2180.0,0.0,17.0,-7.8,7.1,7.4,9.0,6.5,6.4,7.4,7.2,8.5,34.1,34.1,12.0,20.0,3.7,9.3,33.0,33.0,32.0,0.0,0.0,0.0,6.0,6.0,4.0,0.0,8.0,8.0,8.0,27.0,34.0,30.0,20.0,20.0,18.0,44.82,44.89,44.86,43.0,310.0,3.9,0.0,0.0,0.0
9.68,208.0,0.2,0.22,0.22,10.9,12.0,12.5,10.03,-4.9,0.09,0.14,205.1,5.0,331.0,1.0,3.0,260.0,695.0,315.0,4.0,337.0,10.18,427.5,302.0,30.1,29.8,0.0,3.5,2180.0,0.0,17.0,-7.8,7.3,7.5,9.2,6.6,6.5,7.3,7.1,8.4,34.2,34.1,12.0,20.0,3.7,9.3,32.0,32.0,32.0,0.0,0.0,0.0,6.0,6.0,4.0,0.0,8.0,8.0,8.0,27.0,34.0,30.0,20.0,20.0,18.0,44.82,44.89,44.87,43.0,320.0,4.0,0.0,0.0,0.0
9.79,208.0,0.2,0.22,0.22,11.0,11.1,12.1,10.11,-9.6,0.09,0.14,205.3,4.7,330.0,1.0,3.0,271.0,696.0,328.0,-2.0,348.0,10.32,436.5,308.0,31.0,30.3,0.0,3.5,2180.0,0.0,17.0,-7.8,7.3,7.4,9.2,6.6,6.6,7.3,7.2,8.5,34.2,34.0,12.0,20.0,3.7,9.3,33.0,33.0,32.0,0.0,0.0,0.0,6.0,6.0,4.0,0.0,8.0,8.0,8.0,27.0,34.0,30.0,20.0,20.0,18.0,44.82,44.89,44.86,44.0,310.0,4.0,0.0,0.0,0.0
9.06,208.0,0.2,0.22,0.22,11.2,11.6,12.5,9.3,0.0,0.09,0.14,205.3,4.7,321.0,1.0,3.0,206.0,695.0,249.0,-3.0,267.0,9.39,360.6,257.0,31.8,31.2,0.0,3.5,2180.0,0.0,17.0,-7.8,7.1,7.5,9.1,6.5,6.4,7.2,7.2,8.5,34.1,34.0,11.0,20.0,3.7,9.3,33.0,33.0,32.0,0.0,0.0,0.0,6.0,6.0,4.0,0.0,8.0,8.0,8.0,27.0,34.0,30.0,20.0,20.0,18.0,44.82,44.89,44.87,43.0,310.0,3.9,0.0,0.0,0.0
9.54,208.0,0.2,0.22,0.22,11.9,11.3,12.9,9.91,-11.4,0.09,0.14,205.3,5.4,330.0,1.0,3.0,245.0,696.0,296.0,-2.0,317.0,10.05,417.8,292.0,29.0,28.8,0.0,3.5,2180.0,0.0,17.0,-7.8,7.2,7.5,9.2,6.6,6.4,7.6,7.1,8.4,34.2,34.1,12.0,20.0,3.7,9.3,31.0,31.0,32.0,0.0,0.0,0.0,6.0,6.0,4.0,0.0,8.0,8.0,8.0,27.0,34.0,30.0,20.0,20.0,18.0,44.82,44.9,44.87,44.0,320.0,4.0,0.0,0.0,0.0
9.69,208.0,0.2,0.22,0.22,10.9,12.0,12.2,10.02,-15.8,0.09,0.14,205.2,5.0,334.0,1.0,3.0,262.0,695.0,316.0,4.0,331.0,10.16,424.6,299.0,29.8,29.3,0.0,3.5,2180.0,0.0,17.0,-7.8,7.2,7.4,9.2,6.6,6.4,7.5,7.2,8.4,34.2,34.1,12.0,20.0,3.7,9.3,31.0,31.0,32.0,0.0,0.0,0.0,6.0,6.0,4.0,0.0,8.0,8.0,8.0,27.0,34.0,30.0,20.0,20.0,18.0,44.82,44.89,44.87,43.0,310.0,3.9,0.0,0.0,0.0
10.67,208.0,0.2,0.22,0.22,11.6,11.3,12.5,10.95,-7.5,0.07,0.11,27.0,5.7,333.0,1.0,3.0,320.0,696.0,387.0,-1.0,404.0,10.99,494.4,346.0,33.0,32.4,0.0,3.6,1500.0,0.0,15.98,-7.8,7.5,7.5,9.4,6.8,6.6,7.6,7.3,8.5,34.2,34.2,12.0,20.0,3.7,9.3,35.0,35.0,32.0,0.0,0.0,0.0,6.0,6.0,4.0,2.0,8.0,8.0,8.0,27.0,34.0,30.0,20.0,20.0,18.0,44.82,44.9,44.86,44.0,320.0,4.0,0.0,0.0,0.0
9.54,208.0,0.2,0.22,0.22,11.8,10.9,12.7,10.12,-9.2,0.09,0.14,205.2,5.0,332.0,1.0,3.0,263.0,696.0,318.0,-5.0,334.0,10.22,429.9,301.0,30.0,29.5,0.0,3.5,2180.0,0.0,17.0,-7.8,7.3,7.4,9.3,6.6,6.4,7.4,7.2,8.4,34.2,34.0,11.0,20.0,3.7,9.3,32.0,32.0,32.0,0.0,0.0,0.0,6.0,6.0,4.0,0.0,8.0,8.0,8.0,27.0,34.0,30.0,20.0,20.0,18.0,44.83,44.9,44.87,44.0,320.0,4.0,0.0,0.0,0.0
9.12,208.0,0.2,0.22,0.22,11.3,10.8,12.5,9.25,-2.4,0.09,0.14,205.3,4.6,322.0,1.0,3.0,202.0,696.0,244.0,4.0,258.0,9.42,363.6,257.0,32.1,31.5,0.0,3.6,2180.0,0.0,17.0,-7.8,7.1,7.4,9.1,6.5,6.4,7.3,7.2,8.5,34.1,34.0,12.0,20.0,3.7,9.3,33.0,33.0,32.0,0.0,0.0,0.0,6.0,6.0,4.0,0.0,8.0,8.0,8.0,27.0,34.0,30.0,20.0,20.0,18.0,44.82,44.89,44.87,43.0,320.0,3.9,0.0,0.0,0.0
9.23,208.0,0.2,0.22,0.22,10.8,11.8,12.0,9.33,-8.7,0.09,0.14,205.4,5.0,323.0,1.0,3.0,206.0,696.0,249.0,1.0,257.0,9.42,365.7,256.0,31.4,30.7,0.0,3.5,2180.0,0.0,17.0,-7.8,7.1,7.4,9.1,6.5,6.3,7.6,7.2,8.4,34.1,34.1,12.0,20.0,3.7,9.3,33.0,33.0,32.0,0.0,0.0,0.0,6.0,6.0,4.0,0.0,8.0,8.0,8.0,27.0,34.0,30.0,20.0,20.0,18.0,44.82,44.89,44.87,43.0,320.0,3.9,0.0,0.0,0.0
10.19,208.0,0.2,0.22,0.22,11.6,11.1,12.7,10.61,-21.5,0.04,0.14,205.3,5.8,335.0,1.0,3.0,296.0,696.0,358.0,-3.0,377.0,10.69,472.8,329.0,32.6,32.0,0.0,3.5,2180.0,0.0,17.0,-7.8,7.4,7.6,9.4,6.8,6.7,7.4,7.2,8.5,34.2,34.1,12.0,20.0,3.7,9.3,34.0,34.0,32.0,0.0,0.0,0.0,6.0,6.0,4.0,0.0,8.0,8.0,8.0,27.0,34.0,30.0,20.0,20.0,19.0,44.82,44.89,44.86,44.0,320.0,4.0,0.0,0.0,0.0
9.95,208.0,0.2,0.22,0.22,11.1,10.9,12.3,10.0,-4.8,0.09,0.13,205.3,4.7,330.0,1.0,3.0,261.0,696.0,316.0,1.0,333.0,10.22,428.2,300.0,30.5,30.0,0.0,3.5,2180.0,0.0,17.0,-7.8,7.3,7.3,9.2,6.6,6.5,7.3,7.2,8.4,34.2,34.1,12.0,20.0,3.7,9.3,32.0,32.0,32.0,0.0,0.0,0.0,6.0,6.0,4.0,0.0,8.0,8.0,8.0,27.0,34.0,30.0,20.0,20.0,18.0,44.82,44.89,44.87,43.0,310.0,3.9,0.0,0.0,0.0
9.74,208.0,0.2,0.22,0.22,12.2,11.0,12.8,10.23,-8.0,0.08,0.13,205.4,4.7,329.0,1.0,3.0,263.0,696.0,318.0,3.0,334.0,10.24,437.2,305.0,30.7,30.2,0.0,3.5,2180.0,0.0,17.0,-7.8,7.3,7.5,9.4,6.6,6.5,7.5,7.1,8.5,34.2,34.1,11.0,20.0,3.7,9.3,32.0,32.0,32.0,0.0,0.0,0.0,6.0,6.0,4.0,0.0,8.0,8.0,8.0,27.0,34.0,30.0,20.0,20.0,18.0,44.82,44.9,44.87,44.0,320.0,3.9,0.0,0.0,0.0
9.69,208.0,0.2,0.22,0.22,10.9,12.0,12.2,9.88,-9.7,0.09,0.14,205.5,4.9,328.0,1.0,3.0,247.0,696.0,299.0,-3.0,316.0,10.0,409.8,289.0,28.3,28.5,0.0,3.5,2180.0,0.0,17.0,-7.8,7.2,7.5,9.1,6.5,6.4,7.3,7.2,8.4,34.2,34.0,12.0,20.0,3.7,9.3,30.0,30.0,32.0,0.0,0.0,0.0,6.0,6.0,4.0,0.0,8.0,8.0,8.0,27.0,34.0,30.0,20.0,20.0,18.0,44.82,44.9,44.87,43.0,320.0,4.0,0.0,0.0,0.0
9.02,208.0,0.2,0.22,0.22,11.4,10.8,12.5,9.38,-8.9,0.09,0.14,205.5,4.8,328.0,1.0,3.0,213.0,696.0,257.0,-2.0,265.0,9.53,376.6,263.0,33.0,32.4,0.0,3.5,2180.0,0.0,17.0,-7.8,7.1,7.3,9.1,6.5,6.4,7.4,7.2,8.5,34.2,34.1,12.0,20.0,3.7,9.3,34.0,34.0,32.0,0.0,0.0,0.0,6.0,6.0,4.0,0.0,8.0,8.0,8.0,27.0,34.0,30.0,20.0,20.0,18.0,44.83,44.89,44.87,43.0,310.0,4.0,0.0,0.0,0.0
9.19,208.0,0.2,0.22,0.22,10.8,10.9,12.3,9.32,-2.4,0.09,0.14,205.3,4.4,322.0,1.0,3.0,208.0,696.0,252.0,-2.0,257.0,9.42,360.2,255.0,32.0,31.4,0.0,3.5,2180.0,0.0,17.0,-7.8,7.1,7.4,9.1,6.5,6.4,7.3,7.2,8.5,34.2,34.0,12.0,20.0,3.7,9.3,33.0,33.0,32.0,0.0,0.0,0.0,6.0,6.0,4.0,0.0,8.0,8.0,8.0,27.0,34.0,30.0,20.0,20.0,18.0,44.82,44.89,44.86,43.0,320.0,3.9,0.0,0.0,0.0
9.63,208.0,0.2,0.22,0.22,11.4,10.9,12.5,9.84,-8.5,0.09,0.14,205.2,4.8,327.0,1.0,3.0,244.0,695.0,295.0,0.0,306.0,9.94,406.8,286.0,28.7,29.7,0.0,3.5,2180.0,0.0,17.0,-7.8,7.1,7.3,9.1,6.6,6.4,7.2,7.2,8.5,34.2,34.1,12.0,20.0,3.7,9.3,31.0,31.0,32.0,0.0,0.0,0.0,6.0,6.0,4.0,0.0,8.0,8.0,8.0,27.0,34.0,30.0,20.0,20.0,18.0,44.82,44.9,44.86,43.0,320.0,4.0,0.0,0.0,0.0
10.01,208.0,0.2,0.22,0.22,11.7,11.3,13.0,10.23,-7.0,0.09,0.14,205.3,4.8,329.0,1.0,3.0,269.0,697.0,325.0,-2.0,343.0,10.29,438.8,304.0,31.0,30.5,0.0,3.5,2180.0,0.0,17.0,-7.8,7.3,7.6,9.3,6.6,6.6,7.4,7.2,8.5,34.2,34.1,11.0,20.0,3.7,9.3,33.0,33.0,32.0,0.0,0.0,0.0,6.0,6.0,4.0,0.0,8.0,8.0,8.0,27.0,34.0,30.0,20.0,20.0,18.0,44.82,44.9,44.86,44.0,320.0,3.9,0.0,0.0,0.0
9.06,208.0,0.2,0.22,0.22,11.0,11.7,12.5,9.45,-6.3,0.09,0.14,205.0,4.2,327.0,1.0,3.0,211.0,695.0,256.0,-2.0,264.0,9.53,375.3,265.0,32.9,32.3,0.0,3.5,2180.0,0.0,17.0,-7.8,7.1,7.2,9.1,6.5,6.4,7.3,7.2,8.5,34.2,34.1,11.0,20.0,3.7,9.3,34.0,34.0,32.0,0.0,0.0,0.0,6.0,6.0,4.0,0.0,8.0,8.0,8.0,27.0,34.0,30.0,20.0,20.0,18.0,44.82,44.9,44.86,43.0,320.0,4.0,0.0,0.0,0.0
10.19,208.0,0.2,0.22,0.22,11.8,11.1,12.5,10.41,-10.1,0.12,0.14,205.2,5.2,331.0,1.0,3.0,290.0,696.0,351.0,5.0,361.0,10.5,456.9,319.0,31.6,31.0,0.0,3.5,2180.0,0.0,17.0,-7.8,7.4,7.4,9.3,6.6,6.6,7.3,7.2,8.5,34.2,34.1,12.0,20.0,3.7,9.3,33.0,33.0,32.0,0.0,0.0,0.0,6.0,6.0,4.0,0.0,8.0,8.0,8.0,27.0,34.0,30.0,20.0,20.0,18.0,44.82,44.9,44.87,44.0,320.0,3.9,0.0,0.0,0.0
10.09,208.0,0.2,0.22,0.22,11.1,11.1,12.3,10.24,-10.7,0.09,0.14,204.9,5.1,330.0,1.0,3.0,273.0,697.0,331.0,-4.0,343.0,10.35,445.0,312.0,31.1,30.7,0.0,3.5,2180.0,0.0,17.0,-7.8,7.3,7.3,9.3,6.6,6.6,7.4,7.2,8.5,34.2,34.1,12.0,20.0,3.7,9.3,33.0,33.0,32.0,0.0,0.0,0.0,6.0,6.0,4.0,0.0,8.0,8.0,8.0,27.0,34.0,30.0,20.0,20.0,18.0,44.82,44.9,44.86,44.0,310.0,3.9,0.0,0.0,0.0
9.18,208.0,0.2,0.22,0.22,11.0,11.6,12.5,9.27,-2.1,0.08,0.14,205.3,4.6,322.0,1.0,3.0,209.0,696.0,252.0,-2.0,266.0,9.39,364.7,255.0,32.1,31.3,0.0,3.6,2180.0,0.0,17.0,-7.8,7.1,7.3,9.1,6.5,6.4,7.3,7.2,8.5,34.1,34.0,11.0,20.0,3.7,9.3,33.0,33.0,32.0,0.0,0.0,0.0,6.0,6.0,4.0,0.0,8.0,8.0,8.0,27.0,34.0,30.0,20.0,20.0,18.0,44.82,44.9,44.86,43.0,310.0,3.9,0.0,0.0,0.0
9.2,208.0,0.2,0.22,0.22,11.3,11.3,12.6,9.32,-1.0,0.09,0.14,205.4,4.8,322.0,1.0,3.0,204.0,696.0,247.0,-5.0,264.0,9.41,364.6,258.0,31.5,30.9,0.0,3.5,2180.0,0.0,17.0,-7.8,7.1,7.6,9.1,6.5,6.5,7.2,7.2,8.4,34.1,34.1,12.0,20.0,3.7,9.3,33.0,33.0,32.0,0.0,0.0,0.0,6.0,6.0,4.0,0.0,8.0,8.0,8.0,27.0,34.0,30.0,20.0,20.0,18.0,44.82,44.89,44.87,43.0,310.0,4.0,0.0,0.0,0.0
10.12,208.0,0.2,0.22,0.22,11.6,11.0,12.6,10.37,-14.0,0.09,0.14,205.3,5.6,330.0,1.0,3.0,277.0,697.0,335.0,-2.0,351.0,10.44,452.2,315.0,31.4,30.9,0.0,3.5,2180.0,0.0,17.0,-7.8,7.3,7.4,9.4,6.7,6.5,7.6,7.2,8.4,34.2,34.1,11.0,20.0,3.7,9.3,33.0,33.0,32.0,0.0,0.0,0.0,6.0,6.0,4.0,0.0,8.0,8.0,8.0,27.0,34.0,30.0,20.0,20.0,18.0,44.82,44.9,44.86,44.0,320.0,4.0,0.0,0.0,0.0
10.01,208.0,0.2,0.22,0.22,11.0,11.8,12.1,10.13,-10.1,0.09,0.14,205.3,5.5,330.0,1.0,3.0,269.0,696.0,326.0,-3.0,345.0,10.3,434.3,306.0,30.8,30.4,0.0,3.5,2180.0,0.0,17.0,-7.8,7.3,7.4,9.1,6.6,6.6,7.2,7.2,8.5,34.2,34.0,12.0,20.0,3.7,9.3,33.0,33.0,32.0,0.0,0.0,0.0,6.0,6.0,4.0,0.0,8.0,8.0,8.0,27.0,34.0,30.0,20.0,20.0,18.0,44.82,44.89,44.86,44.0,310.0,4.0,0.0,0.0,0.0
10.38,208.0,0.2,0.22,0.22,11.3,11.0,12.4,10.47,-20.6,0.11,0.14,205.2,5.8,335.0,1.0,3.0,300.0,696.0,363.0,-2.0,382.0,10.75,474.2,330.0,32.5,32.0,0.0,3.5,2180.0,0.0,17.0,-7.8,7.4,7.6,9.3,6.8,6.7,7.4,7.2,8.5,34.2,34.1,11.0,20.0,3.7,9.3,34.0,34.0,32.0,0.0,0.0,0.0,6.0,6.0,4.0,0.0,8.0,8.0,8.0,27.0,34.0,30.0,20.0,20.0,19.0,44.82,44.89,44.86,43.0,320.0,4.0,0.0,0.0,0.0
10.07,208.0,0.2,0.22,0.22,11.1,12.0,12.5,10.23,-9.3,0.09,0.14,205.4,5.3,330.0,1.0,3.0,273.0,697.0,331.0,3.0,344.0,10.33,440.2,312.0,31.2,30.7,0.0,3.5,2180.0,0.0,17.0,-7.8,7.3,7.3,9.3,6.6,6.6,7.4,7.2,8.5,34.2,34.1,10.0,20.0,3.7,9.3,33.0,33.0,32.0,0.0,0.0,0.0,6.0,6.0,4.0,0.0,8.0,8.0,8.0,27.0,34.0,30.0,20.0,20.0,18.0,44.83,44.89,44.86,44.0,320.0,4.0,0.0,0.0,0.0
9.77,208.0,0.2,0.22,0.22,10.9,11.2,12.1,9.91,-9.8,0.09,0.14,205.5,4.7,330.0,1.0,3.0,252.0,696.0,306.0,0.0,318.0,10.08,411.1,291.0,28.9,28.7,0.0,3.5,2180.0,0.0,17.0,-7.8,7.2,7.4,9.3,6.6,6.4,7.6,7.1,8.4,34.2,34.1,12.0,20.0,3.7,9.3,31.0,31.0,32.0,0.0,0.0,0.0,6.0,6.0,4.0,0.0,8.0,8.0,8.0,27.0,34.0,30.0,20.0,20.0,18.0,44.82,44.9,44.87,43.0,320.0,3.9,0.0,0.0,0.0
9.14,208.0,0.2,0.22,0.22,11.1,10.8,12.5,9.24,-9.4,0.09,0.14,205.5,4.9,324.0,1.0,3.0,203.0,695.0,245.0,5.0,262.0,9.46,365.4,257.0,32.4,31.6,0.0,3.5,2180.0,0.0,17.0,-7.8,7.1,7.3,9.0,6.5,6.4,7.2,7.2,8.5,34.2,34.1,13.0,20.0,3.7,9.3,34.0,34.0,32.0,0.0,0.0,0.0,6.0,6.0,4.0,0.0,8.0,8.0,8.0,27.0,34.0,30.0,20.0,20.0,18.0,44.82,44.89,44.86,43.0,320.0,3.9,0.0,0.0,0.0
9.12,208.0,0.2,0.22,0.22,11.7,10.8,12.6,9.35,-5.8,0.09,0.14,205.2,4.8,323.0,1.0,3.0,207.0,696.0,250.0,-2.0,264.0,9.43,361.4,256.0,32.5,31.9,0.0,3.5,2180.0,0.0,17.0,-7.8,7.1,7.6,9.1,6.5,6.4,7.3,7.2,8.4,34.2,34.1,13.0,20.0,3.7,9.3,34.0,34.0,32.0,0.0,0.0,0.0,6.0,6.0,4.0,0.0,8.0,8.0,8.0,27.0,34.0,30.0,20.0,20.0,18.0,44.82,44.89,44.87,43.0,320.0,4.0,0.0,0.0,0.0
9.9,208.0,0.2,0.22,0.22,11.7,10.9,12.7,10.13,-13.2,0.09,0.14,205.3,4.8,332.0,1.0,3.0,265.0,696.0,320.0,-3.0,335.0,10.2,430.7,301.0,30.4,29.7,0.0,3.5,2180.0,0.0,17.0,-7.8,7.3,7.4,9.3,6.6,6.5,7.5,7.1,8.4,34.2,34.1,12.0,20.0,3.7,9.3,32.0,32.0,32.0,0.0,0.0,0.0,6.0,6.0,4.0,0.0,8.0,8.0,8.0,27.0,34.0,30.0,20.0,20.0,18.0,44.82,44.9,44.87,44.0,320.0,4.0,0.0,0.0,0.0
8.97,208.0,0.2,0.22,0.22,11.6,11.3,12.5,9.27,-0.6,0.08,0.14,205.5,5.0,321.0,1.0,3.0,200.0,695.0,242.0,-1.0,253.0,9.39,365.4,255.0,31.7,31.0,0.0,3.5,2180.0,0.0,17.0,-7.8,7.1,7.6,9.2,6.5,6.4,7.3,7.2,8.4,34.2,34.1,12.0,20.0,3.7,9.3,33.0,33.0,32.0,0.0,0.0,0.0,6.0,6.0,4.0,0.0,8.0,8.0,8.0,27.0,34.0,30.0,20.0,20.0,18.0,44.82,44.9,44.87,43.0,310.0,3.9,0.0,0.0,0.0
9.06,208.0,0.2,0.22,0.22,11.3,11.5,12.5,9.32,-2.0,0.08,0.14,205.5,4.9,323.0,1.0,3.0,209.0,695.0,252.0,2.0,261.0,9.41,364.0,256.0,32.3,31.6,0.0,3.6,2180.0,0.0,17.0,-7.8,7.1,7.3,9.1,6.5,6.4,7.3,7.2,8.4,34.2,34.1,12.0,20.0,3.7,9.3,34.0,34.0,32.0,0.0,0.0,0.0,6.0,6.0,4.0,0.0,8.0,8.0,8.0,27.0,34.0,30.0,20.0,20.0,18.0,44.82,44.9,44.87,43.0,320.0,4.0,0.0,0.0,0.0
9.89,208.0,0.2,0.22,0.22,11.0,11.7,12.0,10.2,-11.6,0.09,0.14,205.3,5.5,330.0,1.0,3.0,271.0,697.0,328.0,-3.0,343.0,10.34,442.3,311.0,31.1,30.5,0.0,3.5,2180.0,0.0,17.0,-7.8,7.3,7.3,9.3,6.6,6.6,7.3,7.2,8.5,34.2,34.1,12.0,20.0,3.7,9.3,33.0,33.0,32.0,0.0,0.0,0.0,6.0,6.0,4.0,0.0,8.0,8.0,8.0,27.0,34.0,30.0,20.0,20.0,18.0,44.82,44.9,44.86,44.0,310.0,3.9,0.0,0.0,0.0
9.02,208.0,0.2,0.22,0.22,10.8,11.8,11.9,9.3,-6.6,0.09,0.14,205.2,4.9,323.0,1.0,3.0,203.0,695.0,245.0,-1.0,262.0,9.41,364.3,256.0,32.2,31.6,0.0,3.5,2180.0,0.0,17.0,-7.8,7.1,7.3,9.0,6.5,6.4,7.3,7.2,8.5,34.2,34.1,12.0,20.0,3.7,9.3,34.0,34.0,32.0,0.0,0.0,0.0,6.0,6.0,4.0,0.0,8.0,8.0,8.0,27.0,34.0,30.0,20.0,20.0,18.0,44.82,44.89,44.86,43.0,310.0,4.0,0.0,0.0,0.0
9.16,208.0,0.2,0.22,0.22,10.8,11.7,12.0,9.36,-4.8,0.09,0.14,205.4,5.0,321.0,1.0,3.0,205.0,696.0,248.0,4.0,255.0,9.37,360.8,255.0,31.7,31.2,0.0,3.5,2180.0,0.0,17.0,-7.8,7.1,7.4,9.1,6.5,6.5,7.2,7.2,8.5,34.2,34.1,11.0,20.0,3.7,9.3,33.0,33.0,32.0,0.0,0.0,0.0,6.0,6.0,4.0,0.0,8.0,8.0,8.0,27.0,34.0,30.0,20.0,20.0,18.0,44.82,44.89,44.87,43.0,320.0,4.0,0.0,0.0,0.0
9.15,208.0,0.2,0.22,0.22,12.1,10.8,12.5,9.39,1.6,0.09,0.13,205.3,4.1,322.0,1.0,3.0,207.0,696.0,251.0,0.0,256.0,9.37,363.2,256.0,32.3,31.7,0.0,3.5,2180.0,0.0,17.0,-7.8,7.1,7.3,9.1,6.5,6.4,7.2,7.3,8.4,34.2,34.1,12.0,20.0,3.7,9.3,34.0,34.0,32.0,0.0,0.0,0.0,6.0,6.0,4.0,0.0,8.0,8.0,8.0,27.0,34.0,30.0,20.0,20.0,18.0,44.83,44.9,44.86,43.0,320.0,3.9,0.0,0.0,0.0
10.26,208.0,0.2,0.22,0.22,11.4,11.0,12.6,10.47,-16.0,0.09,0.14,204.9,5.5,334.0,1.0,3.0,290.0,696.0,352.0,0.0,364.0,10.58,466.5,326.0,32.4,31.8,0.0,3.5,2180.0,0.0,17.0,-7.8,7.4,7.5,9.4,6.7,6.6,7.6,7.2,8.5,34.2,34.1,11.0,20.0,3.7,9.3,34.0,34.0,32.0,0.0,0.0,0.0,6.0,6.0,4.0,0.0,8.0,8.0,8.0,27.0,34.0,30.0,20.0,20.0,18.0,44.82,44.89,44.86,43.0,320.0,3.9,0.0,0.0,0.0
9.49,208.0,0.2,0.22,0.22,12.0,10.9,12.9,9.72,-3.4,0.09,0.14,205.1,4.5,328.0,1.0,3.0,226.0,695.0,274.0,-3.0,286.0,9.77,391.8,276.0,30.5,32.0,0.0,3.5,2180.0,0.0,17.0,-7.8,7.2,7.5,9.0,6.5,6.5,7.1,7.2,8.4,34.2,34.1,11.0,20.0,3.7,9.3,34.0,34.0,32.0,0.0,0.0,0.0,6.0,6.0,4.0,0.0,8.0,8.0,8.0,27.0,34.0,30.0,20.0,20.0,18.0,44.82,44.89,44.86,44.0,310.0,3.9,0.0,0.0,0.0
10.35,208.0,0.2,0.22,0.22,11.2,11.2,12.2,10.44,-9.0,0.09,0.14,205.4,5.1,333.0,1.0,3.0,301.0,696.0,365.0,1.0,379.0,10.63,466.0,329.0,32.5,31.9,0.0,3.5,2180.0,0.0,17.0,-7.8,7.4,7.4,9.3,6.7,6.6,7.5,7.2,8.5,34.2,34.1,12.0,20.0,3.7,9.3,34.0,34.0,32.0,0.0,0.0,0.0,6.0,6.0,4.0,0.0,8.0,8.0,8.0,27.0,34.0,30.0,20.0,20.0,18.0,44.82,44.89,44.86,43.0,320.0,3.9,0.0,0.0,0.0
9.3,208.0,0.2,0.22,0.22,11.3,11.4,12.6,9.42,-7.1,0.09,0.14,205.5,4.9,327.0,1.0,3.0,205.0,695.0,248.0,-2.0,267.0,9.52,370.3,259.0,32.9,32.2,0.0,3.5,2180.0,0.0,17.0,-7.8,7.1,7.4,9.1,6.5,6.4,7.3,7.2,8.5,34.2,34.0,12.0,20.0,3.7,9.3,34.0,34.0,32.0,0.0,0.0,0.0,6.0,6.0,4.0,0.0,8.0,8.0,8.0,27.0,34.0,30.0,20.0,20.0,18.0,44.82,44.9,44.87,43.0,320.0,4.0,0.0,0.0,0.0
10.37,208.0,0.2,0.22,0.22,11.6,11.5,13.2,10.54,-14.1,0.08,0.14,205.3,5.8,334.0,1.0,3.0,296.0,697.0,358.0,-1.0,366.0,10.62,470.9,325.0,32.6,32.0,0.0,3.5,2180.0,0.0,17.0,-7.8,7.4,7.5,9.4,6.7,6.7,7.3,7.2,8.5,34.2,34.1,13.0,20.0,3.7,9.3,34.0,34.0,32.0,0.0,0.0,0.0,6.0,6.0,4.0,0.0,8.0,8.0,8.0,27.0,34.0,30.0,20.0,20.0,18.0,44.82,44.89,44.86,44.0,320.0,4.0,0.0,0.0,0.0
10.67,208.0,0.2,0.22,0.22,11.3,11.4,12.3,10.73,-7.7,0.11,0.16,27.4,5.0,334.0,1.0,3.0,322.0,695.0,389.0,-3.0,415.0,11.02,494.1,346.0,33.0,32.3,0.0,3.5,1500.0,0.0,15.98,-7.8,7.5,7.5,9.5,6.8,6.6,7.7,7.3,8.5,34.2,34.2,12.0,20.0,3.7,9.3,35.0,35.0,32.0,0.0,0.0,0.0,6.0,6.0,4.0,2.0,8.0,8.0,8.0,27.0,34.0,30.0,20.0,20.0,18.0,44.82,44.9,44.86,44.0,320.0,4.0,0.0,0.0,0.0
10.33,208.0,0.2,0.22,0.22,11.3,11.8,12.9,10.54,-9.5,0.09,0.16,205.5,5.4,333.0,1.0,3.0,289.0,696.0,350.0,-2.0,367.0,10.6,468.2,326.0,32.1,31.5,0.0,3.5,2180.0,0.0,17.0,-7.8,7.4,7.5,9.4,6.7,6.5,7.6,7.2,8.5,34.2,34.1,12.0,20.0,3.7,9.3,34.0,34.0,32.0,0.0,0.0,0.0,6.0,6.0,4.0,0.0,8.0,8.0,8.0,27.0,34.0,30.0,20.0,20.0,19.0,44.82,44.9,44.86,44.0,320.0,4.0,0.0,0.0,0.0
10.13,208.0,0.2,0.22,0.22,11.2,11.0,12.3,10.23,-8.7,0.09,0.14,205.1,4.7,329.0,1.0,3.0,278.0,697.0,336.0,-3.0,356.0,10.44,448.8,312.0,31.3,30.9,0.0,3.5,2180.0,0.0,17.0,-7.8,7.3,7.4,9.2,6.6,6.7,7.2,7.2,8.5,34.2,34.1,12.0,20.0,3.7,9.3,33.0,33.0,32.0,0.0,0.0,0.0,6.0,6.0,4.0,0.0,8.0,8.0,8.0,27.0,34.0,30.0,20.0,20.0,18.0,44.83,44.89,44.86,44.0,320.0,4.0,0.0,0.0,0.0
10.36,208.0,0.2,0.22,0.22,11.3,11.0,12.4,10.42,-15.2,0.09,0.14,205.2,6.0,334.0,1.0,3.0,301.0,696.0,364.0,5.0,382.0,10.68,473.9,326.0,31.9,31.5,0.0,3.6,2180.0,0.0,17.0,-7.8,7.4,7.6,9.3,6.7,6.6,7.4,7.2,8.5,34.2,34.0,12.0,20.0,3.7,9.3,34.0,34.0,32.0,0.0,0.0,0.0,6.0,6.0,4.0,0.0,8.0,8.0,8.0,27.0,34.0,30.0,20.0,20.0,18.0,44.82,44.9,44.87,44.0,320.0,4.0,0.0,0.0,0.0
9.71,208.0,0.2,0.22,0.22,12.0,11.0,12.9,10.17,-15.8,0.09,0.14,205.3,5.0,333.0,1.0,3.0,260.0,696.0,315.0,0.0,335.0,10.21,427.9,300.0,30.2,29.6,0.0,3.5,2180.0,0.0,17.0,-7.8,7.3,7.3,9.2,6.6,6.5,7.3,7.2,8.5,34.2,34.1,12.0,20.0,3.7,9.3,32.0,32.0,32.0,0.0,0.0,0.0,6.0,6.0,4.0,0.0,8.0,8.0,8.0,27.0,34.0,30.0,20.0,20.0,18.0,44.82,44.89,44.86,44.0,320.0,4.0,0.0,0.0,0.0
10.28,208.0,0.2,0.22,0.22,11.4,11.6,12.9,10.48,-15.2,0.05,0.14,204.9,5.4,333.0,1.0,3.0,293.0,696.0,354.0,-3.0,372.0,10.57,463.3,324.0,32.4,31.8,0.0,3.5,2180.0,0.0,17.0,-7.8,7.4,7.6,9.3,6.7,6.7,7.4,7.2,8.5,34.2,34.1,12.0,20.0,3.7,9.3,34.0,34.0,32.0,0.0,0.0,0.0,6.0,6.0,4.0,0.0,8.0,8.0,8.0,27.0,34.0,30.0,20.0,20.0,19.0,44.82,44.89,44.86,44.0,320.0,4.0,0.0,0.0,0.0
10.4,208.0,0.2,0.22,0.22,11.2,11.2,12.2,10.53,-15.7,0.1,0.17,26.8,5.3,335.0,1.0,3.0,300.0,696.0,363.0,4.0,377.0,10.74,477.8,333.0,33.0,32.4,0.0,3.5,1500.0,0.0,15.98,-7.8,7.5,7.4,9.2,6.7,6.7,7.3,7.3,8.6,34.2,34.1,12.0,20.0,3.7,9.3,35.0,35.0,32.0,0.0,0.0,0.0,6.0,6.0,4.0,2.0,8.0,8.0,8.0,27.0,34.0,30.0,20.0,20.0,19.0,44.82,44.89,44.87,44.0,320.0,4.0,0.0,0.0,0.0
10.17,208.0,0.2,0.22,0.22,11.2,11.9,12.0,10.55,-12.4,0.09,0.14,205.1,5.8,333.0,1.0,3.0,301.0,696.0,365.0,-2.0,374.0,10.65,467.9,329.0,31.9,31.4,0.0,3.5,2180.0,0.0,17.0,-7.8,7.4,7.3,9.4,6.8,6.5,7.5,7.2,8.5,34.2,34.1,12.0,20.0,3.7,9.3,34.0,34.0,32.0,0.0,0.0,0.0,6.0,6.0,4.0,0.0,8.0,8.0,8.0,27.0,34.0,30.0,20.0,20.0,18.0,44.83,44.89,44.87,44.0,310.0,4.0,0.0,0.0,0.0
9.07,208.0,0.2,0.22,0.22,11.4,10.8,12.5,9.27,-2.0,0.08,0.14,205.4,4.6,320.0,1.0,3.0,207.0,695.0,251.0,1.0,258.0,9.42,366.1,258.0,31.8,31.2,0.0,3.6,2180.0,0.0,17.0,-7.8,7.1,7.3,9.0,6.5,6.5,7.0,7.2,8.5,34.2,34.1,12.0,20.0,3.7,9.3,33.0,33.0,32.0,0.0,0.0,0.0,6.0,6.0,4.0,0.0,8.0,8.0,8.0,27.0,34.0,30.0,20.0,20.0,18.0,44.82,44.9,44.86,43.0,320.0,3.9,0.0,0.0,0.0
9.91,208.0,0.2,0.22,0.22,11.1,11.0,12.2,10.01,-4.6,0.08,0.14,205.3,4.7,329.0,1.0,3.0,265.0,696.0,320.0,0.0,331.0,10.18,430.1,302.0,30.5,30.0,0.0,3.5,2180.0,0.0,17.0,-7.8,7.3,7.4,9.2,6.6,6.6,7.2,7.2,8.5,34.2,34.1,12.0,20.0,3.7,9.3,32.0,32.0,32.0,0.0,0.0,0.0,6.0,6.0,4.0,0.0,8.0,8.0,8.0,27.0,34.0,30.0,20.0,20.0,18.0,44.82,44.9,44.86,43.0,310.0,4.0,0.0,0.0,0.0
9.16,208.0,0.2,0.22,0.22,11.4,10.8,12.5,9.26,1.5,0.08,0.14,205.3,4.6,322.0,1.0,3.0,204.0,696.0,247.0,1.0,260.0,9.43,362.6,255.0,32.3,31.6,0.0,3.5,2180.0,0.0,17.0,-7.8,7.1,7.3,9.1,6.5,6.4,7.2,7.2,8.4,34.2,34.1,12.0,20.0,3.7,9.3,34.0,34.0,32.0,0.0,0.0,0.0,6.0,6.0,4.0,0.0,8.0,8.0,8.0,27.0,34.0,30.0,20.0,20.0,18.0,44.83,44.89,44.86,43.0,320.0,3.9,0.0,0.0,0.0
9.62,208.0,0.2,0.22,0.22,11.3,10.8,12.4,9.67,-2.2,0.09,0.14,205.1,5.4,327.0,1.0,3.0,233.0,695.0,282.0,-3.0,299.0,9.87,395.3,280.0,30.1,31.4,0.0,3.5,2180.0,0.0,17.0,-7.8,7.2,7.6,9.1,6.5,6.4,7.3,7.2,8.4,34.2,34.1,11.0,20.0,3.7,9.3,33.0,32.0,32.0,0.0,0.0,0.0,6.0,6.0,4.0,0.0,8.0,8.0,8.0,27.0,34.0,30.0,20.0,20.0,18.0,44.82,44.9,44.87,43.0,320.0,4.0,0.0,0.0,0.0
9.75,208.0,0.2,0.22,0.22,11.0,11.4,12.0,10.01,-10.8,0.09,0.14,205.3,5.0,332.0,1.0,3.0,263.0,695.0,318.0,5.0,329.0,10.22,425.7,301.0,30.2,29.7,0.0,3.5,2180.0,0.0,17.0,-7.8,7.3,7.3,9.2,6.6,6.6,7.2,7.2,8.5,34.2,34.1,11.0,20.0,3.7,9.3,32.0,32.0,32.0,0.0,0.0,0.0,6.0,6.0,4.0,0.0,8.0,8.0,8.0,27.0,34.0,30.0,20.0,20.0,18.0,44.82,44.9,44.86,43.0,310.0,3.9,0.0,0.0,0.0
9.83,208.0,0.2,0.22,0.22,11.5,11.6,13.0,10.03,-8.3,0.09,0.15,205.4,4.9,331.0,1.0,3.0,260.0,695.0,315.0,-2.0,327.0,10.13,431.0,301.0,30.3,29.7,0.0,3.5,2180.0,0.0,17.0,-7.8,7.3,7.4,9.3,6.6,6.5,7.5,7.2,8.4,34.2,34.1,11.0,20.0,3.7,9.3,32.0,32.0,32.0,0.0,0.0,0.0,6.0,6.0,4.0,0.0,8.0,8.0,8.0,27.0,34.0,30.0,20.0,20.0,18.0,44.82,44.89,44.86,44.0,320.0,4.0,0.0,0.0,0.0
9.87,208.0,0.2,0.22,0.22,11.3,10.9,12.4,9.91,-15.3,0.09,0.13,205.6,4.9,334.0,1.0,3.0,259.0,696.0,313.0,5.0,322.0,10.13,422.8,296.0,29.7,29.2,0.0,3.5,2180.0,0.0,17.0,-7.8,7.3,7.4,9.1,6.5,6.5,7.2,7.2,8.4,34.2,34.1,12.0,20.0,3.7,9.3,31.0,31.0,32.0,0.0,0.0,0.0,6.0,6.0,4.0,0.0,8.0,8.0,8.0,27.0,34.0,30.0,20.0,20.0,18.0,44.82,44.89,44.86,43.0,320.0,4.0,0.0,0.0,0.0
9.76,208.0,0.2,0.22,0.22,11.6,11.4,12.9,9.92,-18.2,0.09,0.14,205.3,5.1,332.0,1.0,3.0,247.0,695.0,299.0,-3.0,317.0,10.05,418.2,291.0,29.4,28.9,0.0,3.5,2180.0,0.0,17.0,-7.8,7.2,7.5,9.2,6.5,6.5,7.4,7.1,8.4,34.2,34.1,12.0,20.0,3.7,9.3,31.0,31.0,32.0,0.0,0.0,0.0,6.0,6.0,4.0,0.0,8.0,8.0,8.0,27.0,34.0,30.0,20.0,20.0,18.0,44.82,44.89,44.86,44.0,320.0,3.9,0.0,0.0,0.0
9.59,208.0,0.2,0.22,0.22,11.4,11.6,12.9,9.82,-6.7,0.09,0.14,205.2,5.1,327.0,1.0,3.0,233.0,695.0,282.0,-3.0,297.0,9.89,401.6,284.0,29.2,30.0,0.0,3.5,2180.0,0.0,17.0,-7.8,7.1,7.3,9.2,6.6,6.3,7.5,7.1,8.4,34.2,34.1,12.0,20.0,3.7,9.3,31.0,31.0,32.0,0.0,0.0,0.0,6.0,6.0,4.0,0.0,8.0,8.0,8.0,27.0,34.0,30.0,20.0,20.0,18.0,44.82,44.9,44.86,44.0,310.0,4.0,0.0,0.0,0.0
9.74,208.0,0.2,0.22,0.22,12.0,11.1,12.9,9.95,-13.5,0.09,0.14,205.7,4.6,331.0,1.0,3.0,247.0,695.0,298.0,-5.0,320.0,10.06,414.8,294.0,29.3,28.7,0.0,3.5,2180.0,0.0,17.0,-7.8,7.2,7.3,9.1,6.5,6.5,7.2,7.2,8.4,34.2,34.1,12.0,20.0,3.7,9.3,31.0,31.0,32.0,0.0,0.0,0.0,6.0,6.0,4.0,0.0,8.0,8.0,8.0,27.0,34.0,30.0,20.0,20.0,18.0,44.83,44.9,44.87,44.0,320.0,3.9,0.0,0.0,0.0
10.06,208.0,0.2,0.22,0.22,11.5,10.9,12.5,10.18,-13.6,0.09,0.13,205.1,4.9,329.0,1.0,3.0,273.0,697.0,331.0,-2.0,343.0,10.36,442.9,314.0,31.1,30.6,0.0,3.6,2180.0,0.0,17.0,-7.8,7.3,7.4,9.3,6.6,6.6,7.3,7.2,8.5,34.2,34.1,13.0,20.0,3.7,9.3,33.0,33.0,32.0,0.0,0.0,0.0,6.0,6.0,4.0,0.0,8.0,8.0,8.0,27.0,34.0,30.0,20.0,20.0,18.0,44.82,44.9,44.86,44.0,320.0,4.0,0.0,0.0,0.0
9.93,208.0,0.2,0.22,0.22,11.0,11.8,12.0,10.0,-6.2,0.09,0.14,205.4,5.2,330.0,1.0,3.0,260.0,696.0,314.0,-2.0,333.0,10.22,427.7,301.0,30.4,29.9,0.0,3.5,2180.0,0.0,17.0,-7.8,7.3,7.3,9.2,6.6,6.5,7.3,7.2,8.4,34.2,34.1,11.0,20.0,3.7,9.3,32.0,32.0,32.0,0.0,0.0,0.0,6.0,6.0,4.0,0.0,8.0,8.0,8.0,27.0,34.0,30.0,20.0,20.0,18.0,44.82,44.89,44.87,43.0,310.0,3.9,0.0,0.0,0.0
10.29,208.0,0.2,0.22,0.22,11.2,11.2,12.4,10.58,-21.5,0.08,0.14,26.5,5.5,337.0,1.0,3.0,304.0,696.0,369.0,0.0,393.0,10.79,481.5,337.0,33.0,32.2,0.0,3.6,1500.0,0.0,15.98,-7.8,7.5,7.6,9.4,6.8,6.6,7.6,7.3,8.5,34.2,34.1,12.0,20.0,3.7,9.3,35.0,35.0,32.0,0.0,0.0,0.0,6.0,6.0,4.0,2.0,8.0,8.0,8.0,28.0,34.0,30.0,20.0,20.0,19.0,44.82,44.9,44.87,44.0,320.0,4.0,0.0,0.0,0.0
9.17,208.0,0.2,0.22,0.22,11.6,11.3,12.5,9.29,-2.9,0.09,0.14,205.5,5.2,322.0,1.0,3.0,206.0,695.0,250.0,-3.0,265.0,9.41,363.6,258.0,32.2,31.6,0.0,3.5,2180.0,0.0,17.0,-7.8,7.1,7.4,9.1,6.5,6.4,7.4,7.2,8.4,34.1,34.1,12.0,20.0,3.7,9.3,33.0,34.0,32.0,0.0,0.0,0.0,6.0,6.0,4.0,0.0,8.0,8.0,8.0,27.0,34.0,30.0,20.0,20.0,18.0,44.82,44.9,44.86,43.0,320.0,3.9,0.0,0.0,0.0
9.85,208.0,0.2,0.22,0.22,12.2,11.0,12.7,10.14,-3.0,0.09,0.14,205.7,4.7,329.0,1.0,3.0,263.0,696.0,318.0,1.0,334.0,10.18,430.0,300.0,30.5,29.8,0.0,3.5,2180.0,0.0,17.0,-7.8,7.3,7.3,9.2,6.6,6.5,7.3,7.2,8.4,34.2,34.1,13.0,20.0,3.7,9.3,32.0,32.0,32.0,0.0,0.0,0.0,6.0,6.0,4.0,0.0,8.0,8.0,8.0,27.0,34.0,30.0,20.0,20.0,18.0,44.82,44.9,44.86,44.0,320.0,4.0,0.0,0.0,0.0
10.35,208.0,0.2,0.22,0.22,11.8,11.1,12.7,10.58,-13.9,0.09,0.14,205.3,5.3,333.0,1.0,3.0,302.0,696.0,365.0,4.0,384.0,10.7,469.7,331.0,32.1,31.5,0.0,3.6,2180.0,0.0,17.0,-7.8,7.4,7.6,9.3,6.7,6.6,7.3,7.2,8.5,34.2,34.0,12.0,20.0,3.7,9.3,34.0,34.0,32.0,0.0,0.0,0.0,6.0,6.0,4.0,0.0,8.0,8.0,8.0,27.0,34.0,30.0,20.0,20.0,18.0,44.82,44.9,44.87,43.0,320.0,4.0,0.0,0.0,0.0
9.56,208.0,0.2,0.22,0.22,11.4,11.6,12.7,9.85,-10.0,0.09,0.14,205.2,5.2,327.0,1.0,3.0,237.0,695.0,286.0,-2.0,304.0,9.88,402.1,282.0,29.5,30.3,0.0,3.5,2180.0,0.0,17.0,-7.8,7.2,7.6,9.2,6.6,6.4,7.3,7.1,8.4,34.2,34.1,12.0,20.0,3.7,9.3,32.0,32.0,32.0,0.0,0.0,0.0,6.0,6.0,4.0,0.0,8.0,8.0,8.0,27.0,34.0,30.0,20.0,20.0,18.0,44.82,44.9,44.86,44.0,310.0,3.9,0.0,0.0,0.0
9.66,208.0,0.2,0.22,0.22,12.0,10.9,12.7,9.91,-8.7,0.09,0.14,205.4,4.3,327.0,1.0,3.0,237.0,696.0,287.0,-2.0,302.0,9.94,407.8,286.0,28.7,29.7,0.0,3.5,2180.0,0.0,17.0,-7.8,7.1,7.3,9.0,6.5,6.4,7.1,7.2,8.5,34.2,34.1,11.0,20.0,3.7,9.3,31.0,31.0,32.0,0.0,0.0,0.0,6.0,6.0,4.0,0.0,8.0,8.0,8.0,27.0,34.0,30.0,20.0,20.0,18.0,44.82,44.89,44.86,44.0,310.0,4.0,0.0,0.0,0.0
9.17,208.0,0.2,0.22,0.22,10.8,11.9,12.3,9.33,-5.0,0.09,0.14,205.3,4.4,323.0,1.0,3.0,200.0,696.0,243.0,-2.0,253.0,9.34,355.7,253.0,32.0,31.4,0.0,3.5,2180.0,0.0,17.0,-7.8,7.1,7.5,9.2,6.5,6.3,7.3,7.2,8.5,34.2,34.0,12.0,20.0,3.7,9.3,33.0,33.0,32.0,0.0,0.0,0.0,6.0,6.0,4.0,0.0,8.0,8.0,8.0,27.0,34.0,30.0,20.0,20.0,18.0,44.82,44.9,44.86,43.0,310.0,4.0,0.0,0.0,0.0
9.3,208.0,0.2,0.22,0.22,11.6,10.8,12.6,9.52,-4.7,0.09,0.13,205.6,4.8,327.0,1.0,3.0,224.0,695.0,271.0,-3.0,291.0,9.66,383.9,272.0,33.1,32.5,0.0,3.5,2180.0,0.0,17.0,-7.8,7.1,7.4,9.2,6.5,6.4,7.4,7.1,8.4,34.2,34.1,12.0,20.0,3.7,9.3,34.0,34.0,32.0,0.0,0.0,0.0,6.0,6.0,4.0,0.0,8.0,8.0,8.0,27.0,34.0,30.0,20.0,20.0,18.0,44.82,44.89,44.86,43.0,310.0,3.9,0.0,0.0,0.0
9.19,208.0,0.2,0.22,0.22,12.0,10.9,12.7,9.42,-8.9,0.09,0.14,205.6,5.0,328.0,1.0,3.0,210.0,695.0,255.0,0.0,262.0,9.48,371.8,262.0,33.0,32.2,0.0,3.6,2180.0,0.0,17.0,-7.8,7.1,7.4,9.1,6.5,6.4,7.3,7.2,8.5,34.2,34.0,11.0,20.0,3.7,9.3,34.0,34.0,32.0,0.0,0.0,0.0,6.0,6.0,4.0,0.0,8.0,8.0,8.0,27.0,34.0,30.0,20.0,20.0,18.0,44.82,44.9,44.87,44.0,310.0,4.0,0.0,0.0,0.0
10.15,208.0,0.2,0.22,0.22,11.1,11.4,12.0,10.32,-13.1,0.11,0.14,205.3,5.3,332.0,1.0,3.0,280.0,696.0,338.0,4.0,347.0,10.44,450.3,314.0,31.5,30.9,0.0,3.5,2180.0,0.0,17.0,-7.8,7.3,7.4,9.3,6.6,6.6,7.3,7.2,8.5,34.2,34.1,11.0,20.0,3.7,9.3,33.0,33.0,32.0,0.0,0.0,0.0,6.0,6.0,4.0,0.0,8.0,8.0,8.0,27.0,34.0,30.0,20.0,20.0,18.0,44.82,44.9,44.87,44.0,310.0,4.0,0.0,0.0,0.0
9.19,208.0,0.2,0.22,0.22,11.0,10.7,12.4,9.19,-5.5,0.09,0.14,205.2,4.3,323.0,1.0,3.0,203.0,695.0,246.0,-2.0,257.0,9.42,365.6,259.0,31.4,30.8,0.0,3.5,2180.0,0.0,17.0,-7.8,7.1,7.5,9.1,6.5,6.4,7.2,7.3,8.5,34.1,34.1,11.0,20.0,3.7,9.3,33.0,33.0,32.0,0.0,0.0,0.0,6.0,6.0,4.0,0.0,8.0,8.0,8.0,27.0,34.0,30.0,20.0,20.0,18.0,44.82,44.89,44.86,43.0,310.0,3.9,0.0,0.0,0.0
9.57,208.0,0.2,0.22,0.22,11.1,11.0,12.2,10.11,-10.6,0.08,0.13,205.2,4.4,330.0,1.0,3.0,266.0,696.0,322.0,2.0,335.0,10.26,433.8,306.0,30.6,30.0,0.0,3.5,2180.0,0.0,17.0,-7.8,7.3,7.6,9.3,6.6,6.5,7.4,7.1,8.4,34.2,34.1,10.0,20.0,3.7,9.3,32.0,32.0,32.0,0.0,0.0,0.0,6.0,6.0,4.0,0.0,8.0,8.0,8.0,27.0,34.0,30.0,20.0,20.0,18.0,44.82,44.89,44.86,44.0,310.0,3.9,0.0,0.0,0.0
8.92,208.0,0.2,0.22,0.22,12.0,10.9,12.6,9.33,-1.3,0.09,0.14,205.2,4.6,322.0,1.0,3.0,202.0,695.0,244.0,-3.0,252.0,9.4,362.3,256.0,32.3,31.6,0.0,3.5,2180.0,0.0,17.0,-7.8,7.1,7.4,9.2,6.5,6.4,7.4,7.2,8.4,34.2,34.1,12.0,20.0,3.7,9.3,33.0,34.0,32.0,0.0,0.0,0.0,6.0,6.0,4.0,0.0,8.0,8.0,8.0,27.0,34.0,30.0,20.0,20.0,18.0,44.82,44.9,44.86,44.0,320.0,4.0,0.0,0.0,0.0
9.76,208.0,0.2,0.22,0.22,11.0,11.8,12.6,9.89,-10.7,0.09,0.14,205.3,4.7,330.0,1.0,3.0,248.0,695.0,300.0,-3.0,318.0,10.04,417.3,290.0,28.9,28.7,0.0,3.5,2180.0,0.0,17.0,-7.8,7.2,7.5,9.3,6.6,6.4,7.7,7.1,8.4,34.2,34.1,12.0,20.0,3.7,9.3,31.0,31.0,32.0,0.0,0.0,0.0,6.0,6.0,4.0,0.0,8.0,8.0,8.0,27.0,34.0,30.0,20.0,20.0,18.0,44.82,44.9,44.87,44.0,310.0,4.0,0.0,0.0,0.0
9.09,208.0,0.2,0.22,0.22,11.0,11.6,12.5,9.27,1.3,0.09,0.14,205.3,4.6,322.0,1.0,3.0,204.0,695.0,247.0,0.0,263.0,9.41,360.8,252.0,31.6,31.1,0.0,3.5,2180.0,0.0,17.0,-7.8,7.1,7.7,9.2,6.5,6.4,7.4,7.2,8.4,34.1,34.1,12.0,20.0,3.7,9.3,33.0,33.0,32.0,0.0,0.0,0.0,6.0,6.0,4.0,0.0,8.0,8.0,8.0,27.0,34.0,30.0,20.0,20.0,18.0,44.82,44.89,44.86,43.0,310.0,4.0,0.0,0.0,0.0
9.09,208.0,0.2,0.22,0.22,11.5,10.8,12.6,9.33,-9.4,0.09,0.15,205.4,4.6,326.0,1.0,3.0,211.0,696.0,256.0,-2.0,271.0,9.47,368.2,260.0,32.6,31.9,0.0,3.5,2180.0,0.0,17.0,-7.8,7.1,7.4,9.1,6.5,6.4,7.2,7.2,8.5,34.2,34.0,12.0,20.0,3.7,9.3,34.0,34.0,32.0,0.0,0.0,0.0,6.0,6.0,4.0,0.0,8.0,8.0,8.0,27.0,34.0,30.0,20.0,20.0,18.0,44.82,44.9,44.86,43.0,310.0,3.9,0.0,0.0,0.0
9.02,208.0,0.2,0.22,0.22,10.9,10.8,12.4,9.24,0.9,0.09,0.14,205.5,5.0,321.0,1.0,3.0,209.0,695.0,252.0,-2.0,260.0,9.41,362.0,258.0,31.6,30.9,0.0,3.5,2180.0,0.0,17.0,-7.8,7.1,7.7,9.2,6.5,6.4,7.3,7.2,8.4,34.2,34.1,11.0,20.0,3.7,9.3,33.0,33.0,32.0,0.0,0.0,0.0,6.0,6.0,4.0,0.0,8.0,8.0,8.0,27.0,34.0,30.0,20.0,20.0,18.0,44.82,44.89,44.86,43.0,320.0,3.9,0.0,0.0,0.0
9.9,208.0,0.2,0.22,0.22,11.0,11.7,12.0,10.07,-3.5,0.09,0.14,205.0,5.3,329.0,1.0,3.0,263.0,696.0,318.0,-2.0,330.0,10.19,425.7,303.0,30.6,30.0,0.0,3.5,2180.0,0.0,17.0,-7.8,7.3,7.3,9.2,6.6,6.6,7.2,7.2,8.4,34.2,34.1,12.0,20.0,3.7,9.3,32.0,32.0,32.0,0.0,0.0,0.0,6.0,6.0,4.0,0.0,8.0,8.0,8.0,27.0,34.0,30.0,20.0,20.0,18.0,44.82,44.9,44.86,43.0,310.0,4.0,0.0,0.0,0.0
9.55,208.0,0.2,0.22,0.22,11.6,11.4,12.9,9.7,-3.9,0.09,0.14,205.1,5.2,328.0,1.0,3.0,224.0,694.0,271.0,-3.0,292.0,9.8,390.8,273.0,30.5,31.9,0.0,3.5,2180.0,0.0,17.0,-7.8,7.2,7.5,9.0,6.5,6.5,7.2,7.2,8.4,34.2,34.1,12.0,20.0,3.7,9.3,34.0,34.0,32.0,0.0,0.0,0.0,6.0,6.0,4.0,0.0,8.0,8.0,8.0,27.0,34.0,30.0,20.0,20.0,18.0,44.82,44.89,44.87,43.0,310.0,4.0,0.0,0.0,0.0
10.35,208.0,0.2,0.22,0.22,11.8,11.4,13.1,10.51,-12.1,0.09,0.14,205.1,5.6,333.0,1.0,3.0,286.0,696.0,346.0,-3.0,371.0,10.62,464.5,324.0,32.5,32.1,0.0,3.5,2180.0,0.0,17.0,-7.8,7.4,7.3,9.3,6.7,6.7,7.4,7.2,8.5,34.2,34.1,12.0,20.0,3.7,9.3,34.0,34.0,32.0,0.0,0.0,0.0,6.0,6.0,4.0,0.0,8.0,8.0,8.0,27.0,34.0,30.0,20.0,20.0,19.0,44.82,44.9,44.86,44.0,320.0,4.0,0.0,0.0,0.0
10.0,208.0,0.2,0.22,0.22,11.1,12.0,12.6,10.21,-7.9,0.09,0.14,205.2,4.8,329.0,1.0,3.0,271.0,697.0,329.0,-2.0,343.0,10.28,436.0,307.0,30.9,30.3,0.0,3.5,2180.0,0.0,17.0,-7.8,7.3,7.5,9.3,6.6,6.5,7.5,7.2,8.5,34.2,34.0,12.0,20.0,3.7,9.3,33.0,33.0,32.0,0.0,0.0,0.0,6.0,6.0,4.0,0.0,8.0,8.0,8.0,27.0,34.0,30.0,20.0,20.0,18.0,44.82,44.89,44.86,43.0,320.0,4.0,0.0,0.0,0.0
9.73,208.0,0.2,0.22,0.22,11.4,11.6,12.9,9.88,-13.8,0.09,0.14,205.2,5.0,329.0,1.0,3.0,243.0,695.0,293.0,-2.0,310.0,10.02,409.3,290.0,28.8,28.2,0.0,3.5,2180.0,0.0,17.0,-7.8,7.2,7.4,9.3,6.6,6.3,7.5,7.2,8.4,34.1,34.0,12.0,20.0,3.7,9.3,30.0,30.0,32.0,0.0,0.0,0.0,6.0,6.0,4.0,0.0,8.0,8.0,8.0,27.0,34.0,30.0,20.0,20.0,18.0,44.82,44.9,44.86,44.0,310.0,3.9,0.0,0.0,0.0
10.27,208.0,0.2,0.22,0.22,11.2,11.2,12.1,10.44,-13.6,0.11,0.14,205.1,5.1,332.0,1.0,3.0,294.0,696.0,356.0,-1.0,365.0,10.58,460.7,323.0,31.8,31.1,0.0,3.5,2180.0,0.0,17.0,-7.8,7.4,7.7,9.4,6.7,6.6,7.5,7.2,8.5,34.2,34.1,12.0,20.0,3.7,9.3,33.0,33.0,32.0,0.0,0.0,0.0,6.0,6.0,4.0,0.0,8.0,8.0,8.0,27.0,34.0,30.0,20.0,20.0,18.0,44.82,44.9,44.87,44.0,310.0,4.0,0.0,0.0,0.0
9.75,208.0,0.2,0.22,0.22,10.9,11.3,12.0,9.85,-11.9,0.08,0.13,205.1,5.2,329.0,1.0,3.0,254.0,696.0,307.0,-3.0,317.0,10.02,413.9,293.0,28.8,28.1,0.0,3.5,2180.0,0.0,17.0,-7.8,7.2,7.3,9.2,6.6,6.4,7.4,7.2,8.4,34.1,34.0,12.0,20.0,3.7,9.3,30.0,30.0,32.0,0.0,0.0,0.0,6.0,6.0,4.0,0.0,8.0,8.0,8.0,27.0,34.0,30.0,20.0,20.0,18.0,44.82,44.89,44.86,43.0,320.0,4.0,0.0,0.0,0.0
10.34,208.0,0.2,0.22,0.22,11.4,11.0,12.5,10.44,-9.4,0.09,0.13,205.2,5.4,333.0,1.0,3.0,305.0,696.0,369.0,-3.0,389.0,10.69,473.1,332.0,32.0,31.4,0.0,3.5,2180.0,0.0,17.0,-7.8,7.4,7.6,9.4,6.7,6.5,7.6,7.2,8.5,34.2,34.1,11.0,20.0,3.7,9.3,34.0,34.0,32.0,0.0,0.0,0.0,6.0,6.0,4.0,0.0,8.0,8.0,8.0,27.0,34.0,30.0,20.0,20.0,19.0,44.82,44.9,44.86,43.0,320.0,3.9,0.0,0.0,0.0
9.85,208.0,0.2,0.22,0.22,12.0,11.3,12.9,10.02,-12.6,0.09,0.14,205.1,5.3,333.0,1.0,3.0,252.0,695.0,305.0,0.0,325.0,10.13,422.3,296.0,29.6,29.0,0.0,3.5,2180.0,0.0,17.0,-7.8,7.2,7.2,9.2,6.6,6.5,7.3,7.2,8.4,34.2,34.1,12.0,20.0,3.7,9.3,31.0,31.0,32.0,0.0,0.0,0.0,6.0,6.0,4.0,0.0,8.0,8.0,8.0,27.0,34.0,30.0,20.0,20.0,18.0,44.82,44.89,44.86,44.0,320.0,4.0,0.0,0.0,0.0
9.28,208.0,0.2,0.22,0.22,10.8,11.9,12.2,9.42,-5.9,0.09,0.15,205.2,4.8,327.0,1.0,3.0,215.0,696.0,261.0,-3.0,267.0,9.5,370.0,263.0,32.9,32.1,0.0,3.6,2180.0,0.0,17.0,-7.8,7.1,7.3,9.1,6.5,6.4,7.3,7.2,8.5,34.2,34.1,12.0,20.0,3.7,9.3,34.0,34.0,32.0,0.0,0.0,0.0,6.0,6.0,4.0,0.0,8.0,8.0,8.0,27.0,34.0,30.0,20.0,20.0,18.0,44.82,44.89,44.87,43.0,320.0,3.9,0.0,0.0,0.0
9.17,208.0,0.2,0.22,0.22,11.6,11.3,12.5,9.31,-3.5,0.09,0.14,205.3,4.7,323.0,1.0,3.0,201.0,695.0,243.0,0.0,255.0,9.4,363.6,255.0,32.2,31.6,0.0,3.5,2180.0,0.0,17.0,-7.8,7.1,7.3,9.1,6.5,6.4,7.2,7.2,8.5,34.2,34.1,12.0,20.0,3.7,9.3,33.0,34.0,32.0,0.0,0.0,0.0,6.0,6.0,4.0,0.0,8.0,8.0,8.0,27.0,34.0,30.0,20.0,20.0,18.0,44.82,44.9,44.87,43.0,320.0,4.0,0.0,0.0,0.0
9.75,208.0,0.2,0.22,0.22,12.0,11.0,12.7,10.03,-19.8,0.09,0.14,205.2,4.7,333.0,1.0,3.0,250.0,696.0,302.0,4.0,310.0,10.05,420.4,291.0,29.5,29.0,0.0,3.5,2180.0,0.0,17.0,-7.8,7.2,7.6,9.2,6.6,6.4,7.3,7.1,8.4,34.2,34.1,12.0,20.0,3.7,9.3,31.0,31.0,32.0,0.0,0.0,0.0,6.0,6.0,4.0,0.0,8.0,8.0,8.0,27.0,34.0,30.0,20.0,20.0,18.0,44.82,44.9,44.86,44.0,320.0,4.0,0.0,0.0,0.0
10.26,208.0,0.2,0.22,0.22,12.0,11.3,13.1,10.47,-16.6,0.11,0.14,205.1,5.6,334.0,1.0,3.0,291.0,696.0,351.0,5.0,364.0,10.54,466.9,324.0,32.4,31.9,0.0,3.5,2180.0,0.0,17.0,-7.8,7.4,7.5,9.5,6.7,6.6,7.6,7.2,8.5,34.2,34.1,11.0,20.0,3.7,9.3,34.0,34.0,32.0,0.0,0.0,0.0,6.0,6.0,4.0,0.0,8.0,8.0,8.0,27.0,34.0,30.0,20.0,20.0,18.0,44.82,44.9,44.86,44.0,320.0,4.0,0.0,0.0,0.0
10.45,208.0,0.2,0.22,0.22,11.1,11.8,12.3,10.57,-14.2,0.05,0.14,205.1,5.6,334.0,1.0,3.0,303.0,696.0,366.0,0.0,388.0,10.76,477.6,332.0,32.9,32.1,0.0,3.5,2180.0,0.0,17.0,-7.8,7.4,7.5,9.5,6.8,6.5,7.8,7.2,8.5,34.2,34.1,12.0,20.0,3.7,9.3,34.0,34.0,32.0,0.0,0.0,0.0,6.0,6.0,4.0,0.0,8.0,8.0,8.0,27.0,34.0,30.0,20.0,20.0,18.0,44.82,44.9,44.87,43.0,310.0,4.0,0.0,0.0,0.0
10.08,208.0,0.2,0.22,0.22,11.0,11.8,12.0,10.28,-7.8,0.09,0.14,205.4,5.3,329.0,1.0,3.0,270.0,696.0,327.0,-2.0,343.0,10.34,440.1,312.0,31.1,30.5,0.0,3.5,2180.0,0.0,17.0,-7.8,7.3,7.4,9.3,6.6,6.5,7.4,7.2,8.4,34.2,34.1,11.0,20.0,3.7,9.3,33.0,33.0,32.0,0.0,0.0,0.0,6.0,6.0,4.0,0.0,8.0,8.0,8.0,27.0,34.0,30.0,20.0,20.0,18.0,44.82,44.89,44.86,44.0,310.0,4.0,0.0,0.0,0.0
9.19,208.0,0.2,0.22,0.22,10.8,11.2,12.1,9.3,0.1,0.08,0.13,205.4,4.4,322.0,1.0,3.0,207.0,696.0,251.0,0.0,258.0,9.4,361.6,253.0,32.4,31.6,0.0,3.6,2180.0,0.0,17.0,-7.8,7.1,7.5,9.1,6.5,6.5,7.2,7.2,8.5,34.2,34.1,12.0,20.0,3.7,9.3,34.0,34.0,32.0,0.0,0.0,0.0,6.0,6.0,4.0,0.0,8.0,8.0,8.0,27.0,34.0,30.0,20.0,20.0,18.0,44.82,44.89,44.87,43.0,310.0,3.9,0.0,0.0,0.0
9.74,208.0,0.2,0.22,0.22,11.4,11.6,12.8,9.91,-14.0,0.09,0.14,205.3,4.9,331.0,1.0,3.0,244.0,695.0,295.0,2.0,302.0,10.01,411.1,289.0,29.3,28.7,0.0,3.5,2180.0,0.0,17.0,-7.8,7.2,7.3,9.2,6.6,6.4,7.4,7.2,8.4,34.2,34.1,12.0,20.0,3.7,9.3,31.0,31.0,32.0,0.0,0.0,0.0,6.0,6.0,4.0,0.0,8.0,8.0,8.0,27.0,34.0,30.0,20.0,20.0,18.0,44.82,44.89,44.86,44.0,310.0,3.9,0.0,0.0,0.0
9.91,208.0,0.2,0.22,0.22,11.5,10.9,12.5,10.13,-10.3,0.09,0.14,205.3,4.9,330.0,1.0,3.0,262.0,696.0,317.0,1.0,332.0,10.26,434.3,304.0,30.7,30.0,0.0,3.5,2180.0,0.0,17.0,-7.8,7.3,7.6,9.3,6.6,6.5,7.4,7.1,8.5,34.2,34.1,12.0,20.0,3.7,9.3,32.0,32.0,32.0,0.0,0.0,0.0,6.0,6.0,4.0,0.0,8.0,8.0,8.0,27.0,34.0,30.0,20.0,20.0,18.0,44.82,44.9,44.86,44.0,320.0,3.9,0.0,0.0,0.0
9.06,208.0,0.2,0.22,0.22,10.8,11.8,12.1,9.31,-3.1,0.09,0.14,205.0,4.5,321.0,1.0,3.0,201.0,695.0,243.0,-2.0,253.0,9.39,362.9,254.0,32.0,31.2,0.0,3.5,2180.0,0.0,17.0,-7.8,7.1,7.5,9.1,6.5,6.4,7.2,7.2,8.5,34.1,34.0,12.0,20.0,3.7,9.3,33.0,33.0,32.0,0.0,0.0,0.0,6.0,6.0,4.0,0.0,8.0,8.0,8.0,27.0,34.0,30.0,20.0,20.0,18.0,44.82,44.89,44.87,43.0,310.0,3.9,0.0,0.0,0.0
9.78,208.0,0.2,0.22,0.22,10.9,11.2,12.0,9.89,-11.9,0.09,0.14,205.4,4.7,330.0,1.0,3.0,248.0,696.0,300.0,-3.0,317.0,10.05,414.2,290.0,29.1,28.6,0.0,3.5,2180.0,0.0,17.0,-7.8,7.2,7.3,9.2,6.6,6.5,7.3,7.2,8.4,34.2,34.1,12.0,20.0,3.7,9.3,31.0,31.0,32.0,0.0,0.0,0.0,6.0,6.0,4.0,0.0,8.0,8.0,8.0,27.0,34.0,30.0,20.0,20.0,18.0,44.82,44.9,44.86,43.0,320.0,4.0,0.0,0.0,0.0
9.42,208.0,0.2,0.22,0.22,10.9,11.5,11.8,9.58,-6.1,0.09,0.14,204.8,4.9,328.0,1.0,3.0,224.0,695.0,271.0,-2.0,290.0,9.79,390.5,273.0,30.9,32.3,0.0,3.5,2180.0,0.0,17.0,-7.8,7.2,7.4,9.1,6.5,6.5,7.2,7.2,8.4,34.2,34.1,12.0,20.0,3.7,9.3,34.0,34.0,32.0,0.0,0.0,0.0,6.0,6.0,4.0,0.0,8.0,8.0,8.0,27.0,34.0,30.0,20.0,20.0,18.0,44.82,44.89,44.86,43.0,320.0,4.0,0.0,0.0,0.0
9.1,208.0,0.2,0.22,0.22,11.6,10.8,12.5,9.39,-4.3,0.08,0.14,205.3,4.9,323.0,1.0,3.0,206.0,695.0,249.0,-3.0,259.0,9.42,365.8,260.0,32.6,31.9,0.0,3.6,2180.0,0.0,17.0,-7.8,7.1,7.5,9.2,6.5,6.3,7.4,7.1,8.4,34.2,34.1,11.0,20.0,3.7,9.3,34.0,34.0,32.0,0.0,0.0,0.0,6.0,6.0,4.0,0.0,8.0,8.0,8.0,27.0,34.0,30.0,20.0,20.0,18.0,44.82,44.9,44.86,43.0,320.0,3.9,0.0,0.0,0.0
9.73,208.0,0.2,0.22,0.22,11.6,10.9,12.7,9.91,-17.9,0.08,0.13,205.2,5.0,330.0,1.0,3.0,242.0,696.0,293.0,-1.0,305.0,10.0,412.5,289.0,28.7,28.3,0.0,3.5,2180.0,0.0,17.0,-7.8,7.2,7.5,9.2,6.6,6.4,7.5,7.2,8.4,34.2,34.0,11.0,20.0,3.7,9.3,30.0,30.0,32.0,0.0,0.0,0.0,6.0,6.0,4.0,0.0,8.0,8.0,8.0,27.0,34.0,30.0,20.0,20.0,18.0,44.82,44.9,44.87,43.0,320.0,4.0,0.0,0.0,0.0
9.81,208.0,0.2,0.22,0.22,11.8,11.4,12.9,10.25,-7.8,0.09,0.14,205.3,5.2,329.0,1.0,3.0,269.0,696.0,326.0,4.0,342.0,10.3,432.5,305.0,31.0,30.3,0.0,3.6,2180.0,0.0,17.0,-7.8,7.3,7.5,9.3,6.6,6.5,7.5,7.2,8.5,34.2,34.0,12.0,20.0,3.7,9.3,33.0,33.0,32.0,0.0,0.0,0.0,6.0,6.0,4.0,0.0,8.0,8.0,8.0,27.0,34.0,30.0,20.0,20.0,18.0,44.82,44.9,44.86,44.0,320.0,4.0,0.0,0.0,0.0
9.5,208.0,0.2,0.22,0.22,10.9,11.8,12.2,9.82,-7.2,0.09,0.14,205.4,5.5,327.0,1.0,3.0,247.0,695.0,298.0,-3.0,314.0,9.99,407.1,287.0,27.7,28.9,0.0,3.5,2180.0,0.0,17.0,-7.8,7.2,7.4,9.1,6.5,6.4,7.3,7.2,8.4,34.2,34.1,11.0,20.0,3.7,9.3,30.0,30.0,32.0,0.0,0.0,0.0,6.0,6.0,4.0,0.0,8.0,8.0,8.0,27.0,34.0,30.0,20.0,20.0,18.0,44.82,44.9,44.86,43.0,320.0,3.9,0.0,0.0,0.0
9.76,208.0,0.2,0.22,0.22,10.9,11.4,12.1,9.96,-10.7,0.08,0.14,205.5,5.2,330.0,1.0,3.0,243.0,695.0,293.0,-3.0,315.0,10.07,413.5,286.0,29.4,28.8,0.0,3.5,2180.0,0.0,17.0,-7.8,7.2,7.3,9.2,6.6,6.5,7.3,7.2,8.4,34.2,34.1,12.0,20.0,3.7,9.3,31.0,31.0,32.0,0.0,0.0,0.0,6.0,6.0,4.0,0.0,8.0,8.0,8.0,27.0,34.0,30.0,20.0,20.0,18.0,44.82,44.9,44.86,43.0,320.0,4.0,0.0,0.0,0.0
10.33,208.0,0.2,0.22,0.22,11.1,11.1,12.4,10.48,-9.6,0.12,0.14,205.2,5.0,332.0,1.0,3.0,295.0,697.0,357.0,-4.0,368.0,10.63,467.0,326.0,32.1,31.5,0.0,3.6,2180.0,0.0,17.0,-7.8,7.4,7.4,9.4,6.7,6.6,7.5,7.2,8.5,34.2,34.1,12.0,20.0,3.7,9.3,34.0,34.0,32.0,0.0,0.0,0.0,6.0,6.0,4.0,0.0,8.0,8.0,8.0,27.0,34.0,30.0,20.0,20.0,19.0,44.82,44.89,44.86,44.0,320.0,4.0,0.0,0.0,0.0
10.24,208.0,0.2,0.22,0.22,12.1,11.2,12.7,10.52,-13.4,0.12,0.14,205.3,5.5,333.0,1.0,3.0,288.0,696.0,348.0,-5.0,363.0,10.56,467.7,323.0,32.3,31.7,0.0,3.5,2180.0,0.0,17.0,-7.8,7.4,7.4,9.4,6.7,6.6,7.4,7.2,8.5,34.2,34.1,11.0,20.0,3.7,9.3,34.0,34.0,32.0,0.0,0.0,0.0,6.0,6.0,4.0,0.0,8.0,8.0,8.0,27.0,34.0,30.0,20.0,20.0,18.0,44.82,44.89,44.87,44.0,320.0,4.0,0.0,0.0,0.0
9.89,208.0,0.2,0.22,0.22,11.2,10.9,12.3,9.9,-10.8,0.09,0.14,205.1,4.7,332.0,1.0,3.0,259.0,696.0,313.0,1.0,328.0,10.22,428.6,300.0,30.2,29.6,0.0,3.4,2180.0,0.0,17.0,-7.8,7.3,7.4,9.1,6.6,6.6,7.1,7.2,8.5,34.2,34.1,12.0,20.0,3.7,9.3,32.0,32.0,32.0,0.0,0.0,0.0,6.0,6.0,4.0,0.0,8.0,8.0,8.0,27.0,34.0,30.0,20.0,20.0,18.0,44.82,44.9,44.86,43.0,320.0,4.0,0.0,0.0,0.0
9.77,208.0,0.2,0.22,0.22,10.9,12.0,12.4,9.93,-12.4,0.09,0.14,205.3,5.0,331.0,1.0,3.0,252.0,695.0,305.0,-5.0,326.0,10.02,417.5,295.0,29.4,28.8,0.0,3.5,2180.0,0.0,17.0,-7.8,7.2,7.4,9.1,6.5,6.5,7.2,7.2,8.5,34.2,34.1,12.0,20.0,3.7,9.3,31.0,31.0,32.0,0.0,0.0,0.0,6.0,6.0,4.0,0.0,8.0,8.0,8.0,27.0,34.0,30.0,20.0,20.0,18.0,44.82,44.9,44.86,43.0,310.0,4.0,0.0,0.0,0.0
10.41,208.0,0.2,0.22,0.22,11.3,11.1,12.5,10.54,-16.5,0.13,0.14,205.5,5.2,335.0,1.0,3.0,301.0,696.0,364.0,-1.0,380.0,10.73,475.4,334.0,32.8,32.2,0.0,3.6,2180.0,0.0,17.0,-7.8,7.4,7.4,9.5,6.8,6.6,7.7,7.2,8.5,34.2,34.1,11.0,20.0,3.7,9.3,34.0,34.0,32.0,0.0,0.0,0.0,6.0,6.0,4.0,0.0,8.0,8.0,8.0,27.0,34.0,30.0,20.0,20.0,18.0,44.82,44.9,44.87,44.0,320.0,3.9,0.0,0.0,0.0
10.36,208.0,0.2,0.22,0.22,12.0,11.3,13.1,10.64,-18.9,0.16,0.14,205.5,5.2,335.0,1.0,3.0,296.0,697.0,358.0,-2.0,374.0,10.68,471.8,331.0,32.7,32.0,0.0,3.5,2180.0,0.0,17.0,-7.8,7.4,7.6,9.4,6.8,6.7,7.4,7.2,8.5,34.2,34.1,11.0,20.0,3.7,9.3,34.0,34.0,32.0,0.0,0.0,0.0,6.0,6.0,4.0,0.0,8.0,8.0,8.0,27.0,34.0,30.0,20.0,20.0,19.0,44.82,44.89,44.86,44.0,320.0,4.0,0.0,0.0,0.0
9.98,208.0,0.2,0.22,0.22,11.4,10.9,12.4,10.2,-8.8,0.09,0.14,205.0,5.4,329.0,1.0,3.0,270.0,696.0,327.0,1.0,341.0,10.32,439.2,306.0,30.9,30.2,0.0,3.5,2180.0,0.0,17.0,-7.8,7.3,7.5,9.2,6.6,6.5,7.4,7.2,8.5,34.2,34.0,12.0,20.0,3.7,9.3,33.0,33.0,32.0,0.0,0.0,0.0,6.0,6.0,4.0,0.0,8.0,8.0,8.0,27.0,34.0,30.0,20.0,20.0,18.0,44.82,44.9,44.86,44.0,320.0,3.9,0.0,0.0,0.0
9.11,208.0,0.2,0.22,0.22,12.0,10.8,12.5,9.36,-4.6,0.09,0.14,205.2,4.6,323.0,1.0,3.0,200.0,695.0,242.0,-2.0,259.0,9.44,365.6,254.0,32.6,31.9,0.0,3.5,2180.0,0.0,17.0,-7.8,7.1,7.5,9.2,6.5,6.3,7.4,7.1,8.4,34.2,34.1,11.0,20.0,3.7,9.3,34.0,34.0,32.0,0.0,0.0,0.0,6.0,6.0,4.0,0.0,8.0,8.0,8.0,27.0,34.0,30.0,20.0,20.0,18.0,44.82,44.9,44.87,44.0,320.0,3.9,0.0,0.0,0.0
9.09,208.0,0.2,0.22,0.22,11.1,10.8,12.5,9.26,-3.6,0.09,0.14,205.1,4.5,323.0,1.0,3.0,204.0,695.0,247.0,4.0,262.0,9.43,361.6,254.0,32.1,31.6,0.0,3.5,2180.0,0.0,17.0,-7.8,7.1,7.4,9.0,6.5,6.5,7.1,7.2,8.5,34.2,34.1,13.0,20.0,3.7,9.3,33.0,34.0,32.0,0.0,0.0,0.0,6.0,6.0,4.0,0.0,8.0,8.0,8.0,27.0,34.0,30.0,20.0,20.0,18.0,44.82,44.89,44.87,43.0,320.0,4.0,0.0,0.0,0.0
9.54,208.0,0.2,0.22,0.22,12.0,11.0,12.6,9.81,-10.9,0.09,0.14,205.2,4.9,327.0,1.0,3.0,236.0,695.0,285.0,-2.0,297.0,9.87,401.5,283.0,29.7,30.4,0.0,3.5,2180.0,0.0,17.0,-7.8,7.1,7.6,9.2,6.6,6.4,7.3,7.1,8.4,34.2,34.1,12.0,20.0,3.7,9.3,32.0,32.0,32.0,0.0,0.0,0.0,6.0,6.0,4.0,0.0,8.0,8.0,8.0,27.0,34.0,30.0,20.0,20.0,18.0,44.82,44.9,44.86,44.0,310.0,4.0,0.0,0.0,0.0
9.93,208.0,0.2,0.22,0.22,11.1,11.0,12.2,10.13,-8.7,0.09,0.14,205.2,4.7,329.0,1.0,3.0,259.0,696.0,314.0,0.0,332.0,10.23,430.2,303.0,30.6,30.1,0.0,3.5,2180.0,0.0,17.0,-7.8,7.3,7.5,9.3,6.6,6.6,7.3,7.2,8.5,34.2,34.1,11.0,20.0,3.7,9.3,32.0,32.0,32.0,0.0,0.0,0.0,6.0,6.0,4.0,0.0,8.0,8.0,8.0,27.0,34.0,30.0,20.0,20.0,19.0,44.82,44.89,44.86,44.0,310.0,4.0,0.0,0.0,0.0
9.96,208.0,0.2,0.22,0.22,11.1,12.0,12.7,10.12,-8.3,0.09,0.14,205.1,5.4,329.0,1.0,3.0,262.0,696.0,317.0,4.0,336.0,10.25,433.0,304.0,30.8,30.2,0.0,3.5,2180.0,0.0,17.0,-7.8,7.3,7.4,9.4,6.6,6.5,7.5,7.2,8.5,34.2,34.1,13.0,20.0,3.7,9.3,32.0,32.0,32.0,0.0,0.0,0.0,6.0,6.0,4.0,0.0,8.0,8.0,8.0,27.0,34.0,30.0,20.0,20.0,18.0,44.82,44.9,44.86,43.0,320.0,4.0,0.0,0.0,0.0
9.73,208.0,0.2,0.22,0.22,11.0,10.9,12.2,9.84,-8.6,0.09,0.14,205.6,4.2,327.0,1.0,3.0,244.0,696.0,295.0,-2.0,312.0,9.99,408.6,285.0,28.8,29.8,0.0,3.5,2180.0,0.0,17.0,-7.8,7.1,7.2,9.1,6.6,6.4,7.3,7.2,8.4,34.2,34.1,13.0,20.0,3.7,9.3,31.0,31.0,32.0,0.0,0.0,0.0,6.0,6.0,4.0,0.0,8.0,8.0,8.0,27.0,34.0,30.0,20.0,20.0,18.0,44.82,44.9,44.86,43.0,320.0,3.9,0.0,0.0,0.0
10.12,208.0,0.2,0.22,0.22,11.4,11.7,13.0,10.35,-15.6,0.09,0.14,204.9,5.3,331.0,1.0,3.0,280.0,697.0,339.0,5.0,354.0,10.43,450.6,317.0,31.6,30.9,0.0,3.5,2180.0,0.0,17.0,-7.8,7.3,7.4,9.3,6.6,6.6,7.4,7.2,8.5,34.2,34.1,12.0,20.0,3.7,9.3,33.0,33.0,32.0,0.0,0.0,0.0,6.0,6.0,4.0,0.0,8.0,8.0,8.0,27.0,34.0,30.0,20.0,20.0,18.0,44.82,44.89,44.87,44.0,320.0,4.0,0.0,0.0,0.0
9.94,208.0,0.2,0.22,0.22,11.0,12.0,12.6,10.26,-9.5,0.09,0.14,205.2,4.7,330.0,1.0,3.0,284.0,697.0,343.0,0.0,360.0,10.41,450.5,315.0,31.5,30.9,0.0,3.5,2180.0,0.0,17.0,-7.8,7.3,7.3,9.3,6.7,6.6,7.4,7.2,8.5,34.2,34.1,12.0,20.0,3.7,9.3,33.0,33.0,32.0,0.0,0.0,0.0,6.0,6.0,4.0,0.0,8.0,8.0,8.0,27.0,34.0,30.0,20.0,20.0,18.0,44.82,44.9,44.86,44.0,320.0,3.9,0.0,0.0,0.0
10.12,208.0,0.2,0.22,0.22,11.1,12.0,12.5,10.28,-8.6,0.08,0.13,205.3,5.1,329.0,1.0,3.0,278.0,696.0,337.0,-3.0,354.0,10.42,445.5,311.0,31.4,30.8,0.0,3.5,2180.0,0.0,17.0,-7.8,7.3,7.4,9.2,6.6,6.6,7.2,7.2,8.5,34.2,34.1,12.0,20.0,3.7,9.3,33.0,33.0,32.0,0.0,0.0,0.0,6.0,6.0,4.0,0.0,8.0,8.0,8.0,28.0,34.0,30.0,20.0,20.0,18.0,44.82,44.89,44.86,44.0,320.0,4.0,0.0,0.0,0.0
9.73,208.0,0.2,0.22,0.22,11.9,10.9,12.8,10.0,-9.2,0.09,0.14,205.4,4.8,330.0,1.0,3.0,247.0,696.0,298.0,-4.0,308.0,10.01,416.1,289.0,29.1,28.6,0.0,3.5,2180.0,0.0,17.0,-7.8,7.2,7.3,9.2,6.6,6.4,7.4,7.2,8.4,34.2,34.1,12.0,20.0,3.7,9.3,31.0,31.0,32.0,0.0,0.0,0.0,6.0,6.0,4.0,0.0,8.0,8.0,8.0,27.0,34.0,30.0,20.0,20.0,18.0,44.82,44.89,44.87,44.0,320.0,4.0,0.0,0.0,0.0
9.38,208.0,0.2,0.22,0.22,10.8,11.8,12.2,9.56,-13.7,0.09,0.14,205.4,6.0,328.0,1.0,3.0,218.0,695.0,263.0,-2.0,284.0,9.72,382.8,271.0,32.4,32.5,0.0,3.5,2180.0,0.0,17.0,-7.8,7.2,7.4,9.1,6.5,6.5,7.2,7.2,8.4,34.2,34.1,13.0,20.0,3.7,9.3,34.0,35.0,32.0,0.0,0.0,0.0,6.0,6.0,4.0,0.0,8.0,8.0,8.0,27.0,34.0,30.0,20.0,20.0,18.0,44.82,44.9,44.87,43.0,320.0,4.0,0.0,0.0,0.0
9.9,208.0,0.2,0.22,0.22,11.2,10.9,12.4,9.92,-13.3,0.09,0.14,205.5,5.1,333.0,1.0,3.0,264.0,696.0,319.0,0.0,328.0,10.21,432.1,304.0,30.0,29.6,0.0,3.5,2180.0,0.0,17.0,-7.8,7.3,7.3,9.2,6.6,6.5,7.3,7.2,8.5,34.2,34.1,12.0,20.0,3.7,9.3,32.0,32.0,32.0,0.0,0.0,0.0,6.0,6.0,4.0,0.0,8.0,8.0,8.0,27.0,34.0,30.0,20.0,20.0,18.0,44.82,44.89,44.86,43.0,320.0,3.9,0.0,0.0,0.0
10.29,208.0,0.2,0.22,0.22,12.1,11.1,12.8,10.57,-14.6,0.14,0.14,205.4,4.9,333.0,1.0,3.0,297.0,696.0,359.0,-2.0,382.0,10.64,470.0,330.0,32.2,31.6,0.0,3.5,2180.0,0.0,17.0,-7.8,7.4,7.4,9.4,6.7,6.6,7.4,7.2,8.5,34.2,34.1,12.0,20.0,3.7,9.3,34.0,34.0,32.0,0.0,0.0,0.0,6.0,6.0,4.0,0.0,8.0,8.0,8.0,27.0,34.0,30.0,20.0,20.0,19.0,44.82,44.89,44.87,44.0,320.0,4.0,0.0,0.0,0.0
10.3,208.0,0.2,0.22,0.22,11.4,11.0,12.6,10.53,-18.0,0.09,0.14,205.2,5.4,335.0,1.0,3.0,293.0,697.0,355.0,1.0,380.0,10.63,466.6,325.0,32.4,31.6,0.0,3.6,2180.0,0.0,17.0,-7.8,7.4,7.4,9.3,6.7,6.7,7.5,7.2,8.5,34.2,34.1,11.0,20.0,3.7,9.3,34.0,34.0,32.0,0.0,0.0,0.0,6.0,6.0,4.0,0.0,8.0,8.0,8.0,27.0,34.0,30.0,20.0,20.0,19.0,44.82,44.89,44.86,43.0,320.0,4.0,0.0,0.0,0.0
9.73,208.0,0.2,0.22,0.22,12.0,11.1,13.0,9.97,-9.3,0.09,0.14,205.3,5.0,330.0,1.0,3.0,244.0,695.0,295.0,-3.0,309.0,10.01,414.8,291.0,29.2,28.7,0.0,3.5,2180.0,0.0,17.0,-7.8,7.2,7.3,9.2,6.6,6.5,7.3,7.2,8.4,34.2,34.1,12.0,20.0,3.7,9.3,31.0,31.0,32.0,0.0,0.0,0.0,6.0,6.0,4.0,0.0,8.0,8.0,8.0,27.0,34.0,30.0,20.0,20.0,18.0,44.82,44.89,44.87,44.0,320.0,3.9,0.0,0.0,0.0
9.2,208.0,0.2,0.22,0.22,10.8,11.3,11.8,9.32,-1.1,0.09,0.14,205.3,4.7,322.0,1.0,3.0,201.0,695.0,244.0,0.0,259.0,9.44,360.5,251.0,32.1,31.5,0.0,3.5,2180.0,0.0,17.0,-7.8,7.1,7.3,9.1,6.5,6.4,7.3,7.2,8.5,34.2,34.1,12.0,20.0,3.7,9.3,33.0,33.0,32.0,0.0,0.0,0.0,6.0,6.0,4.0,0.0,8.0,8.0,8.0,27.0,34.0,30.0,20.0,20.0,18.0,44.82,44.9,44.86,43.0,320.0,4.0,0.0,0.0,0.0
9.83,208.0,0.2,0.22,0.22,11.4,10.9,12.5,10.12,-5.5,0.09,0.14,205.3,5.8,329.0,1.0,3.0,267.0,697.0,323.0,-3.0,340.0,10.32,441.4,309.0,31.1,30.5,0.0,3.5,2180.0,0.0,17.0,-7.8,7.3,7.6,9.4,6.6,6.5,7.6,7.2,8.4,34.2,34.0,12.0,20.0,3.7,9.3,33.0,33.0,32.0,0.0,0.0,0.0,6.0,6.0,4.0,0.0,8.0,8.0,8.0,27.0,34.0,30.0,20.0,20.0,18.0,44.82,44.89,44.87,44.0,320.0,3.9,0.0,0.0,0.0
9.13,208.0,0.2,0.22,0.22,11.0,10.8,12.5,9.26,-4.4,0.09,0.14,205.1,4.1,321.0,1.0,3.0,199.0,696.0,241.0,-5.0,258.0,9.43,363.0,255.0,31.9,31.2,0.0,3.5,2180.0,0.0,17.0,-7.8,7.1,7.5,9.1,6.5,6.4,7.3,7.2,8.4,34.2,34.0,12.0,20.0,3.7,9.3,33.0,33.0,32.0,0.0,0.0,0.0,6.0,6.0,4.0,0.0,8.0,8.0,8.0,27.0,34.0,30.0,20.0,20.0,18.0,44.82,44.89,44.87,43.0,320.0,3.9,0.0,0.0,0.0
10.14,208.0,0.2,0.22,0.22,11.4,11.6,13.1,10.33,-12.7,0.1,0.13,205.1,5.2,331.0,1.0,3.0,277.0,696.0,335.0,-2.0,350.0,10.42,449.5,317.0,31.6,31.1,0.0,3.6,2180.0,0.0,17.0,-7.8,7.3,7.4,9.3,6.6,6.6,7.3,7.2,8.5,34.2,34.1,12.0,20.0,3.7,9.3,33.0,33.0,32.0,0.0,0.0,0.0,6.0,6.0,4.0,0.0,8.0,8.0,8.0,27.0,34.0,30.0,20.0,20.0,18.0,44.82,44.89,44.87,44.0,320.0,3.9,0.0,0.0,0.0
10.6,208.0,0.2,0.22,0.22,11.9,11.4,13.4,10.85,-12.0,0.08,0.17,26.8,5.7,334.0,1.0,3.0,313.0,696.0,378.0,-4.0,395.0,10.88,487.9,342.0,33.1,32.4,0.0,3.5,1500.0,0.0,15.98,-7.8,7.5,7.6,9.5,6.8,6.6,7.7,7.2,8.5,34.2,34.1,12.0,20.0,3.7,9.3,35.0,35.0,32.0,0.0,0.0,0.0,6.0,6.0,4.0,2.0,8.0,8.0,8.0,27.0,34.0,30.0,20.0,20.0,18.0,44.82,44.9,44.86,44.0,310.0,4.0,0.0,0.0,0.0
9.09,208.0,0.2,0.22,0.22,10.8,11.8,12.1,9.38,-1.4,0.09,0.14,205.3,4.9,323.0,1.0,3.0,204.0,696.0,247.0,-2.0,262.0,9.42,362.6,254.0,32.5,31.8,0.0,3.6,2180.0,0.0,17.0,-7.8,7.1,7.6,9.2,6.5,6.4,7.4,7.2,8.4,34.2,34.1,12.0,20.0,3.7,9.3,34.0,34.0,32.0,0.0,0.0,0.0,6.0,6.0,4.0,0.0,8.0,8.0,8.0,27.0,34.0,30.0,20.0,20.0,18.0,44.82,44.9,44.86,43.0,310.0,3.9,0.0,0.0,0.0
10.09,208.0,0.2,0.22,0.22,11.0,11.8,12.0,10.25,-9.2,0.09,0.14,205.1,5.4,330.0,1.0,3.0,277.0,697.0,335.0,0.0,346.0,10.35,444.8,312.0,31.2,30.7,0.0,3.5,2180.0,0.0,17.0,-7.8,7.3,7.3,9.3,6.6,6.6,7.3,7.2,8.5,34.2,34.1,12.0,20.0,3.7,9.3,33.0,33.0,32.0,0.0,0.0,0.0,6.0,6.0,4.0,0.0,8.0,8.0,8.0,27.0,34.0,30.0,20.0,20.0,18.0,44.82,44.89,44.86,44.0,310.0,4.0,0.0,0.0,0.0
9.23,208.0,0.2,0.22,0.22,10.8,11.6,11.8,9.34,-9.3,0.09,0.14,205.3,5.0,324.0,1.0,3.0,211.0,695.0,255.0,-2.0,266.0,9.43,366.0,259.0,32.6,31.9,0.0,3.5,2180.0,0.0,17.0,-7.8,7.1,7.3,9.3,6.5,6.3,7.4,7.2,8.4,34.2,34.1,12.0,20.0,3.7,9.3,34.0,34.0,32.0,0.0,0.0,0.0,6.0,6.0,4.0,0.0,8.0,8.0,8.0,27.0,34.0,30.0,20.0,20.0,18.0,44.82,44.9,44.86,43.0,310.0,4.0,0.0,0.0,0.0
9.88,208.0,0.2,0.22,0.22,11.1,10.9,12.4,9.95,-10.3,0.09,0.14,205.1,5.0,331.0,1.0,3.0,266.0,696.0,321.0,0.0,335.0,10.22,428.3,303.0,30.4,29.7,0.0,3.5,2180.0,0.0,17.0,-7.8,7.3,7.5,9.3,6.6,6.5,7.5,7.1,8.4,34.2,34.1,12.0,20.0,3.7,9.3,32.0,32.0,32.0,0.0,0.0,0.0,6.0,6.0,4.0,0.0,8.0,8.0,8.0,27.0,34.0,30.0,20.0,20.0,18.0,44.82,44.89,44.87,43.0,320.0,3.9,0.0,0.0,0.0
9.74,208.0,0.2,0.22,0.22,11.8,11.3,12.9,9.9,-8.3,0.09,0.14,205.4,5.3,329.0,1.0,3.0,247.0,696.0,298.0,-2.0,318.0,10.05,415.5,289.0,28.9,28.7,0.0,3.5,2180.0,0.0,17.0,-7.8,7.2,7.3,9.0,6.5,6.5,7.2,7.2,8.4,34.2,34.1,12.0,20.0,3.7,9.3,31.0,31.0,32.0,0.0,0.0,0.0,6.0,6.0,4.0,0.0,8.0,8.0,8.0,27.0,34.0,30.0,20.0,20.0,18.0,44.82,44.9,44.86,44.0,320.0,4.0,0.0,0.0,0.0
9.86,208.0,0.2,0.22,0.22,12.1,11.0,12.9,10.33,-12.2,0.09,0.14,205.2,4.6,329.0,1.0,3.0,269.0,697.0,326.0,-3.0,342.0,10.34,445.0,309.0,31.2,30.7,0.0,3.5,2180.0,0.0,17.0,-7.8,7.3,7.4,9.3,6.6,6.6,7.3,7.2,8.5,34.2,34.1,12.0,20.0,3.7,9.3,33.0,33.0,32.0,0.0,0.0,0.0,6.0,6.0,4.0,0.0,8.0,8.0,8.0,27.0,34.0,30.0,20.0,20.0,18.0,44.82,44.9,44.86,44.0,320.0,3.9,0.0,0.0,0.0
9.49,208.0,0.2,0.22,0.22,10.9,11.8,11.9,9.68,0.0,0.09,0.14,205.0,5.3,327.0,1.0,3.0,232.0,695.0,280.0,-3.0,288.0,9.78,393.6,280.0,30.4,31.6,0.0,3.5,2180.0,0.0,17.0,-7.8,7.2,7.6,9.1,6.5,6.5,7.2,7.2,8.4,34.2,34.1,12.0,20.0,3.7,9.3,33.0,32.0,32.0,0.0,0.0,0.0,6.0,6.0,4.0,0.0,8.0,8.0,8.0,27.0,34.0,30.0,20.0,20.0,18.0,44.82,44.89,44.86,43.0,320.0,3.9,0.0,0.0,0.0
10.37,208.0,0.2,0.22,0.22,11.3,11.1,12.4,10.51,-10.9,0.09,0.14,205.0,5.7,333.0,1.0,3.0,301.0,696.0,364.0,-2.0,381.0,10.67,469.0,328.0,32.0,31.3,0.0,3.5,2180.0,0.0,17.0,-7.8,7.4,7.3,9.3,6.7,6.6,7.4,7.2,8.5,34.2,34.1,12.0,20.0,3.7,9.3,34.0,34.0,32.0,0.0,0.0,0.0,6.0,6.0,4.0,0.0,8.0,8.0,8.0,27.0,34.0,30.0,20.0,20.0,18.0,44.82,44.89,44.87,44.0,320.0,3.9,0.0,0.0,0.0
9.89,208.0,0.2,0.22,0.22,11.0,11.3,12.1,10.06,-8.7,0.09,0.14,205.1,4.9,333.0,1.0,3.0,254.0,695.0,307.0,-3.0,326.0,10.18,425.8,300.0,30.0,29.4,0.0,3.5,2180.0,0.0,17.0,-7.8,7.3,7.6,9.2,6.6,6.5,7.3,7.2,8.4,34.2,34.0,12.0,20.0,3.7,9.3,31.0,31.0,32.0,0.0,0.0,0.0,6.0,6.0,4.0,0.0,8.0,8.0,8.0,27.0,34.0,30.0,20.0,20.0,18.0,44.83,44.9,44.87,43.0,310.0,4.0,0.0,0.0,0.0
9.21,208.0,0.2,0.22,0.22,10.8,11.7,12.0,9.33,-5.3,0.09,0.14,205.3,5.0,323.0,1.0,3.0,200.0,696.0,242.0,3.0,255.0,9.38,364.9,257.0,32.2,31.4,0.0,3.6,2180.0,0.0,17.0,-7.8,7.1,7.3,9.0,6.5,6.4,7.2,7.2,8.5,34.2,34.1,12.0,20.0,3.7,9.3,33.0,34.0,32.0,0.0,0.0,0.0,6.0,6.0,4.0,0.0,8.0,8.0,8.0,27.0,34.0,30.0,20.0,20.0,18.0,44.82,44.9,44.87,43.0,310.0,3.9,0.0,0.0,0.0
9.67,208.0,0.2,0.22,0.22,11.7,11.3,12.9,9.84,-9.1,0.09,0.14,205.3,5.0,327.0,1.0,3.0,239.0,696.0,289.0,0.0,306.0,9.94,406.7,287.0,28.4,29.5,0.0,3.5,2180.0,0.0,17.0,-7.8,7.1,7.3,9.0,6.5,6.5,7.0,7.2,8.5,34.2,34.1,12.0,20.0,3.7,9.3,31.0,31.0,32.0,0.0,0.0,0.0,6.0,6.0,4.0,0.0,8.0,8.0,8.0,27.0,34.0,30.0,20.0,20.0,18.0,44.82,44.9,44.86,44.0,310.0,3.9,0.0,0.0,0.0
9.07,208.0,0.2,0.22,0.22,12.0,10.9,12.5,9.32,-5.1,0.09,0.14,205.3,5.1,323.0,1.0,3.0,202.0,695.0,244.0,-2.0,252.0,9.38,363.0,255.0,32.0,31.3,0.0,3.5,2180.0,0.0,17.0,-7.8,7.1,7.5,9.2,6.5,6.3,7.4,7.2,8.4,34.2,34.0,12.0,20.0,3.7,9.3,33.0,33.0,32.0,0.0,0.0,0.0,6.0,6.0,4.0,0.0,8.0,8.0,8.0,27.0,34.0,30.0,20.0,20.0,18.0,44.82,44.9,44.86,44.0,320.0,3.9,0.0,0.0,0.0
9.07,208.0,0.2,0.22,0.22,10.8,11.8,12.0,9.24,0.7,0.08,0.14,205.4,4.7,322.0,1.0,3.0,202.0,695.0,244.0,3.0,258.0,9.43,363.0,255.0,32.4,31.6,0.0,3.5,2180.0,0.0,17.0,-7.8,7.1,7.5,9.1,6.5,6.5,7.2,7.2,8.5,34.2,34.1,11.0,20.0,3.7,9.3,34.0,34.0,32.0,0.0,0.0,0.0,6.0,6.0,4.0,0.0,8.0,8.0,8.0,27.0,34.0,30.0,20.0,20.0,18.0,44.82,44.89,44.87,43.0,310.0,4.0,0.0,0.0,0.0
9.52,208.0,0.2,0.22,0.22,10.9,12.0,12.4,10.06,-12.4,0.09,0.14,205.1,5.0,333.0,1.0,3.0,260.0,695.0,315.0,5.0,334.0,10.18,428.9,297.0,30.3,29.6,0.0,3.5,2180.0,0.0,17.0,-7.8,7.3,7.3,9.2,6.6,6.5,7.2,7.2,8.5,34.2,34.1,12.0,20.0,3.7,9.3,32.0,32.0,32.0,0.0,0.0,0.0,6.0,6.0,4.0,0.0,8.0,8.0,8.0,27.0,34.0,30.0,20.0,20.0,18.0,44.82,44.9,44.86,43.0,320.0,3.9,0.0,0.0,0.0
9.21,208.0,0.2,0.22,0.22,12.0,10.8,12.5,9.4,-7.8,0.09,0.14,205.2,4.4,326.0,1.0,3.0,205.0,696.0,248.0,-2.0,259.0,9.45,370.5,260.0,32.8,32.2,0.0,3.5,2180.0,0.0,17.0,-7.8,7.1,7.5,9.2,6.5,6.4,7.4,7.2,8.4,34.2,34.0,11.0,20.0,3.7,9.3,34.0,34.0,32.0,0.0,0.0,0.0,6.0,6.0,4.0,0.0,8.0,8.0,8.0,27.0,34.0,30.0,20.0,20.0,18.0,44.82,44.9,44.86,44.0,310.0,4.0,0.0,0.0,0.0
9.08,208.0,0.2,0.22,0.22,11.7,11.2,12.5,9.32,-2.7,0.09,0.14,205.4,4.9,321.0,1.0,3.0,209.0,695.0,252.0,-1.0,259.0,9.34,363.9,257.0,31.9,31.2,0.0,3.5,2180.0,0.0,17.0,-7.8,7.1,7.4,9.0,6.5,6.5,7.0,7.2,8.5,34.2,34.1,12.0,20.0,3.7,9.3,33.0,33.0,32.0,0.0,0.0,0.0,6.0,6.0,4.0,0.0,8.0,8.0,8.0,27.0,34.0,30.0,20.0,20.0,18.0,44.82,44.89,44.86,43.0,310.0,3.9,0.0,0.0,0.0
9.74,208.0,0.2,0.22,0.22,11.5,11.5,12.9,9.94,-12.6,0.08,0.14,205.4,5.3,330.0,1.0,3.0,241.0,696.0,291.0,-2.0,313.0,10.0,414.4,289.0,29.0,28.3,0.0,3.5,2180.0,0.0,17.0,-7.8,7.2,7.3,9.2,6.5,6.4,7.3,7.2,8.4,34.1,34.0,12.0,20.0,3.7,9.3,30.0,30.0,32.0,0.0,0.0,0.0,6.0,6.0,4.0,0.0,8.0,8.0,8.0,27.0,34.0,30.0,20.0,20.0,18.0,44.82,44.89,44.87,44.0,310.0,4.0,0.0,0.0,0.0
9.65,208.0,0.2,0.22,0.22,12.0,10.9,12.7,9.92,-7.4,0.09,0.14,205.1,4.4,327.0,1.0,3.0,240.0,696.0,290.0,-3.0,302.0,9.96,410.4,288.0,27.9,29.3,0.0,3.5,2180.0,0.0,17.0,-7.8,7.2,7.4,9.1,6.5,6.4,7.3,7.2,8.4,34.2,34.1,12.0,20.0,3.7,9.3,31.0,31.0,32.0,0.0,0.0,0.0,6.0,6.0,4.0,0.0,8.0,8.0,8.0,27.0,34.0,30.0,20.0,20.0,18.0,44.82,44.89,44.86,44.0,320.0,3.9,0.0,0.0,0.0
10.1,208.0,0.2,0.22,0.22,11.6,11.6,12.9,10.45,-13.5,0.07,0.14,204.9,5.4,333.0,1.0,3.0,284.0,697.0,345.0,0.0,360.0,10.56,462.4,322.0,32.3,31.6,0.0,3.5,2180.0,0.0,17.0,-7.8,7.4,7.4,9.4,6.7,6.6,7.4,7.2,8.5,34.2,34.1,12.0,20.0,3.7,9.3,34.0,34.0,32.0,0.0,0.0,0.0,6.0,6.0,4.0,0.0,8.0,8.0,8.0,27.0,34.0,30.0,20.0,20.0,18.0,44.82,44.89,44.86,44.0,320.0,4.0,0.0,0.0,0.0
9.73,208.0,0.2,0.22,0.22,11.6,10.9,12.5,10.14,-11.5,0.09,0.14,205.2,4.7,331.0,1.0,3.0,258.0,696.0,312.0,-3.0,327.0,10.19,430.1,303.0,30.2,29.7,0.0,3.5,2180.0,0.0,17.0,-7.8,7.3,7.3,9.2,6.6,6.5,7.3,7.2,8.5,34.2,34.1,12.0,20.0,3.7,9.3,32.0,32.0,32.0,0.0,0.0,0.0,6.0,6.0,4.0,0.0,8.0,8.0,8.0,27.0,34.0,30.0,20.0,20.0,18.0,44.83,44.89,44.86,44.0,320.0,4.0,0.0,0.0,0.0
9.8,208.0,0.2,0.22,0.22,11.3,10.9,12.5,9.94,-16.1,0.08,0.13,205.3,5.0,334.0,1.0,3.0,251.0,695.0,303.0,-2.0,320.0,10.11,423.0,297.0,29.7,29.1,0.0,3.5,2180.0,0.0,17.0,-7.8,7.3,7.3,9.3,6.6,6.4,7.4,7.2,8.4,34.2,34.1,12.0,20.0,3.7,9.3,31.0,31.0,32.0,0.0,0.0,0.0,6.0,6.0,4.0,0.0,8.0,8.0,8.0,27.0,34.0,30.0,20.0,20.0,18.0,44.82,44.89,44.86,43.0,320.0,3.9,0.0,0.0,0.0
9.19,208.0,0.2,0.22,0.22,10.9,11.8,12.4,9.29,-0.2,0.09,0.14,205.4,4.3,321.0,1.0,3.0,207.0,695.0,250.0,-1.0,265.0,9.43,361.0,255.0,31.6,31.1,0.0,3.5,2180.0,0.0,17.0,-7.8,7.1,7.6,9.2,6.5,6.3,7.4,7.2,8.4,34.2,34.1,12.0,20.0,3.7,9.3,33.0,33.0,32.0,0.0,0.0,0.0,6.0,6.0,4.0,0.0,8.0,8.0,8.0,27.0,34.0,30.0,20.0,20.0,18.0,44.82,44.9,44.87,43.0,310.0,3.9,0.0,0.0,0.0
9.09,208.0,0.2,0.22,0.22,10.8,11.6,11.8,9.27,1.2,0.09,0.14,205.5,4.9,322.0,1.0,3.0,203.0,695.0,245.0,-2.0,260.0,9.45,365.0,258.0,31.6,31.0,0.0,3.5,2180.0,0.0,17.0,-7.8,7.1,7.7,9.2,6.5,6.4,7.3,7.2,8.4,34.1,34.1,12.0,20.0,3.7,9.3,33.0,33.0,32.0,0.0,0.0,0.0,6.0,6.0,4.0,0.0,8.0,8.0,8.0,27.0,34.0,30.0,20.0,20.0,18.0,44.82,44.89,44.86,43.0,320.0,3.9,0.0,0.0,0.0
9.89,208.0,0.2,0.22,0.22,11.6,11.0,12.5,10.23,-8.3,0.09,0.13,204.9,5.4,329.0,1.0,3.0,282.0,697.0,341.0,5.0,352.0,10.41,448.4,313.0,31.3,30.7,0.0,3.5,2180.0,0.0,17.0,-7.8,7.3,7.3,9.3,6.6,6.6,7.3,7.2,8.5,34.2,34.1,12.0,20.0,3.7,9.3,33.0,33.0,32.0,0.0,0.0,0.0,6.0,6.0,4.0,0.0,8.0,8.0,8.0,27.0,34.0,30.0,20.0,20.0,18.0,44.82,44.89,44.86,44.0,320.0,3.9,0.0,0.0,0.0
8.93,208.0,0.2,0.22,0.22,10.8,11.3,11.8,9.29,-6.2,0.09,0.14,205.2,4.8,326.0,1.0,3.0,205.0,695.0,249.0,0.0,264.0,9.49,364.3,258.0,32.7,32.1,0.0,3.5,2180.0,0.0,17.0,-7.8,7.1,7.6,9.2,6.5,6.4,7.3,7.2,8.4,34.2,34.0,12.0,20.0,3.7,9.3,34.0,34.0,32.0,0.0,0.0,0.0,6.0,6.0,4.0,0.0,8.0,8.0,8.0,27.0,34.0,30.0,20.0,20.0,18.0,44.82,44.89,44.86,43.0,320.0,3.9,0.0,0.0,0.0
10.07,208.0,0.2,0.22,0.22,11.1,12.0,12.7,10.19,-7.6,0.09,0.14,205.3,5.2,329.0,1.0,3.0,264.0,697.0,320.0,-3.0,336.0,10.31,438.5,307.0,31.0,30.6,0.0,3.5,2180.0,0.0,17.0,-7.8,7.3,7.5,9.4,6.6,6.5,7.5,7.2,8.4,34.2,34.1,13.0,20.0,3.7,9.3,33.0,33.0,32.0,0.0,0.0,0.0,6.0,6.0,4.0,0.0,8.0,8.0,8.0,27.0,34.0,30.0,20.0,20.0,18.0,44.82,44.89,44.86,44.0,320.0,3.9,0.0,0.0,0.0
9.83,208.0,0.2,0.22,0.22,12.0,11.3,12.8,10.03,-15.9,0.08,0.14,205.0,5.0,334.0,1.0,3.0,252.0,695.0,305.0,4.0,317.0,10.11,424.0,294.0,29.8,29.3,0.0,3.5,2180.0,0.0,17.0,-7.8,7.2,7.4,9.2,6.6,6.5,7.4,7.2,8.4,34.2,34.1,12.0,20.0,3.7,9.3,31.0,31.0,32.0,0.0,0.0,0.0,6.0,6.0,4.0,0.0,8.0,8.0,8.0,27.0,34.0,30.0,20.0,20.0,18.0,44.82,44.89,44.87,44.0,320.0,4.0,0.0,0.0,0.0
9.85,208.0,0.2,0.22,0.22,11.7,11.5,13.0,10.23,-8.0,0.09,0.14,204.7,5.4,329.0,1.0,3.0,266.0,697.0,322.0,-1.0,336.0,10.3,439.9,307.0,31.1,30.6,0.0,3.5,2180.0,0.0,17.0,-7.8,7.3,7.5,9.4,6.6,6.5,7.5,7.2,8.4,34.2,34.0,12.0,20.0,3.7,9.3,33.0,33.0,32.0,0.0,0.0,0.0,6.0,6.0,4.0,0.0,8.0,8.0,8.0,27.0,34.0,30.0,20.0,20.0,18.0,44.82,44.9,44.87,43.0,320.0,4.0,0.0,0.0,0.0
8.88,208.0,0.2,0.22,0.22,11.0,11.6,12.5,9.32,-3.3,0.09,0.14,205.2,4.7,323.0,1.0,3.0,201.0,696.0,243.0,-2.0,259.0,9.42,366.4,256.0,31.5,30.9,0.0,3.5,2180.0,0.0,17.0,-7.8,7.1,7.5,9.1,6.5,6.4,7.4,7.3,8.4,34.1,34.1,12.0,20.0,3.7,9.3,33.0,33.0,32.0,0.0,0.0,0.0,6.0,6.0,4.0,0.0,8.0,8.0,8.0,27.0,34.0,30.0,20.0,20.0,18.0,44.82,44.89,44.86,43.0,320.0,3.9,0.0,0.0,0.0
9.39,208.0,0.2,0.22,0.22,10.9,12.0,12.4,9.91,-11.8,0.09,0.14,205.4,5.4,331.0,1.0,3.0,248.0,695.0,300.0,4.0,313.0,10.0,414.4,293.0,29.3,28.6,0.0,3.5,2180.0,0.0,17.0,-7.8,7.2,7.3,9.2,6.6,6.4,7.4,7.2,8.4,34.2,34.1,11.0,20.0,3.7,9.3,31.0,31.0,32.0,0.0,0.0,0.0,6.0,6.0,4.0,0.0,8.0,8.0,8.0,27.0,34.0,30.0,20.0,20.0,18.0,44.82,44.89,44.86,43.0,310.0,3.9,0.0,0.0,0.0
9.21,208.0,0.2,0.22,0.22,10.9,10.9,12.2,9.33,-5.9,0.09,0.13,205.0,4.4,323.0,1.0,3.0,204.0,695.0,247.0,-1.0,263.0,9.44,363.3,256.0,32.6,31.8,0.0,3.5,2180.0,0.0,17.0,-7.8,7.1,7.6,9.2,6.5,6.4,7.4,7.2,8.4,34.2,34.1,12.0,20.0,3.7,9.3,34.0,34.0,32.0,0.0,0.0,0.0,6.0,6.0,4.0,0.0,8.0,8.0,8.0,27.0,34.0,30.0,20.0,20.0,18.0,44.82,44.89,44.87,43.0,310.0,4.0,0.0,0.0,0.0
9.82,208.0,0.2,0.22,0.22,11.4,10.9,12.4,10.12,-12.9,0.09,0.13,205.6,5.3,330.0,1.0,3.0,275.0,696.0,333.0,4.0,350.0,10.32,441.2,311.0,30.8,30.2,0.0,3.5,2180.0,0.0,17.0,-7.8,7.3,7.5,9.3,6.6,6.6,7.3,7.2,8.5,34.2,34.0,11.0,20.0,3.7,9.3,33.0,33.0,32.0,0.0,0.0,0.0,6.0,6.0,4.0,0.0,8.0,8.0,8.0,27.0,34.0,30.0,20.0,20.0,18.0,44.82,44.9,44.87,44.0,320.0,4.0,0.0,0.0,0.0
9.79,208.0,0.2,0.22,0.22,11.6,11.4,12.8,9.99,-19.8,0.09,0.14,205.1,5.4,333.0,1.0,3.0,248.0,695.0,300.0,2.0,308.0,10.05,416.1,292.0,29.4,28.9,0.0,3.5,2180.0,0.0,17.0,-7.8,7.2,7.6,9.2,6.6,6.4,7.3,7.1,8.4,34.2,34.1,11.0,20.0,3.7,9.3,31.0,31.0,32.0,0.0,0.0,0.0,6.0,6.0,4.0,0.0,8.0,8.0,8.0,27.0,34.0,30.0,20.0,20.0,18.0,44.82,44.9,44.86,44.0,320.0,4.0,0.0,0.0,0.0
10.06,208.0,0.2,0.22,0.22,11.7,11.5,13.0,10.27,-10.1,0.09,0.14,205.0,5.6,330.0,1.0,3.0,269.0,697.0,325.0,5.0,340.0,10.34,442.5,306.0,31.2,30.7,0.0,3.5,2180.0,0.0,17.0,-7.8,7.3,7.3,9.3,6.6,6.6,7.4,7.2,8.5,34.2,34.1,12.0,20.0,3.7,9.3,33.0,33.0,32.0,0.0,0.0,0.0,6.0,6.0,4.0,0.0,8.0,8.0,8.0,27.0,34.0,30.0,20.0,20.0,18.0,44.82,44.89,44.86,43.0,320.0,3.9,0.0,0.0,0.0
9.04,208.0,0.2,0.22,0.22,11.7,11.1,12.6,9.29,-4.9,0.09,0.14,205.5,5.0,322.0,1.0,3.0,198.0,696.0,239.0,-4.0,254.0,9.39,363.1,255.0,31.9,31.3,0.0,3.5,2180.0,0.0,17.0,-7.8,7.1,7.6,9.1,6.5,6.4,7.2,7.2,8.4,34.1,34.0,12.0,20.0,3.7,9.3,33.0,33.0,32.0,0.0,0.0,0.0,6.0,6.0,4.0,0.0,8.0,8.0,8.0,27.0,34.0,30.0,20.0,20.0,19.0,44.82,44.89,44.86,43.0,310.0,4.0,0.0,0.0,0.0
9.16,208.0,0.2,0.22,0.22,12.0,10.8,12.6,9.38,-4.4,0.09,0.14,205.4,4.0,322.0,1.0,3.0,206.0,696.0,249.0,-1.0,260.0,9.36,366.9,256.0,31.8,31.1,0.0,3.5,2180.0,0.0,17.0,-7.8,7.1,7.6,9.1,6.5,6.5,7.2,7.2,8.5,34.1,34.0,12.0,20.0,3.7,9.3,33.0,33.0,32.0,0.0,0.0,0.0,6.0,6.0,4.0,0.0,8.0,8.0,8.0,27.0,34.0,30.0,20.0,20.0,18.0,44.82,44.89,44.86,43.0,320.0,3.9,0.0,0.0,0.0
9.64,208.0,0.2,0.22,0.22,11.3,10.9,12.4,9.86,-8.5,0.09,0.14,205.3,4.7,328.0,1.0,3.0,243.0,696.0,294.0,-2.0,307.0,9.95,411.6,288.0,28.0,29.4,0.0,3.5,2180.0,0.0,17.0,-7.8,7.2,7.4,9.1,6.5,6.4,7.3,7.2,8.4,34.2,34.1,12.0,20.0,3.7,9.3,31.0,31.0,32.0,0.0,0.0,0.0,6.0,6.0,4.0,0.0,8.0,8.0,8.0,27.0,34.0,30.0,20.0,20.0,18.0,44.82,44.89,44.86,43.0,320.0,3.9,0.0,0.0,0.0
9.84,208.0,0.2,0.22,0.22,12.2,11.0,12.9,10.12,-8.7,0.09,0.14,205.4,4.9,331.0,1.0,3.0,251.0,696.0,304.0,-5.0,327.0,10.16,430.7,299.0,30.4,29.9,0.0,3.5,2180.0,0.0,17.0,-7.8,7.3,7.3,9.2,6.6,6.5,7.3,7.2,8.5,34.2,34.1,12.0,20.0,3.7,9.3,32.0,32.0,32.0,0.0,0.0,0.0,6.0,6.0,4.0,0.0,8.0,8.0,8.0,27.0,34.0,30.0,20.0,20.0,18.0,44.82,44.89,44.86,44.0,320.0,3.9,0.0,0.0,0.0
9.7,208.0,0.2,0.22,0.22,10.9,12.0,12.3,9.94,-12.1,0.08,0.14,205.2,4.8,329.0,1.0,3.0,250.0,695.0,304.0,-3.0,318.0,10.01,414.1,291.0,28.8,28.1,0.0,3.5,2180.0,0.0,17.0,-7.8,7.2,7.4,9.2,6.6,6.3,7.4,7.2,8.4,34.1,34.0,12.0,20.0,3.7,9.3,30.0,30.0,32.0,0.0,0.0,0.0,6.0,6.0,4.0,0.0,8.0,8.0,8.0,27.0,34.0,30.0,20.0,20.0,18.0,44.82,44.9,44.86,43.0,310.0,4.0,0.0,0.0,0.0
10.13,208.0,0.2,0.22,0.22,11.4,11.0,12.5,10.47,-13.0,0.09,0.14,205.2,5.4,334.0,1.0,3.0,303.0,696.0,366.0,-1.0,385.0,10.65,468.9,330.0,32.6,31.9,0.0,3.5,2180.0,0.0,17.0,-7.8,7.4,7.4,9.4,6.7,6.6,7.5,7.2,8.5,34.2,34.1,11.0,20.0,3.7,9.3,34.0,34.0,32.0,0.0,0.0,0.0,6.0,6.0,4.0,0.0,8.0,8.0,8.0,27.0,34.0,30.0,20.0,20.0,19.0,44.82,44.9,44.86,44.0,320.0,4.0,0.0,0.0,0.0
10.01,208.0,0.2,0.22,0.22,11.1,11.1,12.2,10.11,-9.3,0.09,0.14,205.1,5.1,330.0,1.0,3.0,266.0,696.0,322.0,3.0,344.0,10.31,435.0,307.0,30.8,30.2,0.0,3.5,2180.0,0.0,17.0,-7.8,7.3,7.3,9.3,6.6,6.6,7.3,7.2,8.5,34.2,34.0,12.0,20.0,3.7,9.3,32.0,32.0,32.0,0.0,0.0,0.0,6.0,6.0,4.0,0.0,8.0,8.0,8.0,27.0,34.0,30.0,20.0,20.0,18.0,44.82,44.89,44.86,44.0,310.0,3.9,0.0,0.0,0.0
9.15,208.0,0.2,0.22,0.22,10.8,11.3,11.8,9.3,-11.4,0.09,0.14,205.3,4.6,326.0,1.0,3.0,210.0,696.0,255.0,0.0,261.0,9.43,362.7,257.0,32.7,32.0,0.0,3.6,2180.0,0.0,17.0,-7.8,7.1,7.4,9.0,6.5,6.5,7.1,7.2,8.5,34.2,34.0,12.0,20.0,3.7,9.3,34.0,34.0,32.0,0.0,0.0,0.0,6.0,6.0,4.0,0.0,8.0,8.0,8.0,27.0,34.0,30.0,20.0,20.0,18.0,44.82,44.9,44.86,43.0,310.0,4.0,0.0,0.0,0.0
10.26,208.0,0.2,0.22,0.22,12.0,11.3,13.1,10.5,-11.2,0.1,0.13,205.2,5.7,333.0,1.0,3.0,291.0,696.0,352.0,-1.0,374.0,10.59,464.3,325.0,32.2,31.7,0.0,3.5,2180.0,0.0,17.0,-7.8,7.4,7.4,9.3,6.7,6.6,7.4,7.2,8.5,34.2,34.1,11.0,20.0,3.7,9.3,34.0,34.0,32.0,0.0,0.0,0.0,6.0,6.0,4.0,0.0,8.0,8.0,8.0,27.0,34.0,30.0,20.0,20.0,18.0,44.82,44.89,44.86,44.0,320.0,4.0,0.0,0.0,0.0
9.77,208.0,0.2,0.22,0.22,10.9,11.8,12.6,9.96,-17.0,0.09,0.14,205.0,4.7,334.0,1.0,3.0,251.0,696.0,303.0,4.0,313.0,10.05,415.8,292.0,29.7,29.1,0.0,3.5,2180.0,0.0,17.0,-7.8,7.3,7.5,9.3,6.6,6.3,7.7,7.1,8.4,34.2,34.1,12.0,20.0,3.7,9.3,31.0,31.0,32.0,0.0,0.0,0.0,6.0,6.0,4.0,0.0,8.0,8.0,8.0,27.0,34.0,30.0,20.0,20.0,18.0,44.82,44.89,44.86,44.0,320.0,4.0,0.0,0.0,0.0
9.15,208.0,0.2,0.22,0.22,12.0,10.9,12.6,9.28,-4.8,0.09,0.14,205.5,4.7,323.0,1.0,3.0,201.0,695.0,243.0,2.0,254.0,9.37,363.8,257.0,32.5,31.7,0.0,3.5,2180.0,0.0,17.0,-7.8,7.1,7.3,9.1,6.5,6.4,7.3,7.2,8.4,34.2,34.1,11.0,20.0,3.7,9.3,34.0,34.0,32.0,0.0,0.0,0.0,6.0,6.0,4.0,0.0,8.0,8.0,8.0,27.0,34.0,30.0,20.0,20.0,18.0,44.82,44.9,44.87,44.0,320.0,4.0,0.0,0.0,0.0
8.87,208.0,0.2,0.22,0.22,11.0,11.8,12.4,9.29,-5.2,0.09,0.14,205.5,4.4,322.0,1.0,3.0,209.0,696.0,253.0,1.0,259.0,9.39,362.7,255.0,32.0,31.2,0.0,3.5,2180.0,0.0,17.0,-7.8,7.1,7.6,9.1,6.5,6.4,7.2,7.2,8.4,34.1,34.0,13.0,20.0,3.7,9.3,33.0,33.0,32.0,0.0,0.0,0.0,6.0,6.0,4.0,0.0,8.0,8.0,8.0,27.0,34.0,30.0,20.0,20.0,18.0,44.82,44.89,44.86,43.0,310.0,4.0,0.0,0.0,0.0
10.39,208.0,0.2,0.22,0.22,11.2,11.6,12.0,10.54,-14.3,0.09,0.14,205.1,5.8,333.0,1.0,3.0,301.0,697.0,364.0,4.0,378.0,10.68,469.0,327.0,32.0,31.3,0.0,3.5,2180.0,0.0,17.0,-7.8,7.4,7.4,9.2,6.7,6.7,7.2,7.2,8.5,34.2,34.0,11.0,20.0,3.7,9.3,34.0,34.0,32.0,0.0,0.0,0.0,6.0,6.0,4.0,0.0,8.0,8.0,8.0,27.0,34.0,30.0,20.0,20.0,18.0,44.82,44.9,44.86,44.0,310.0,4.0,0.0,0.0,0.0
9.04,208.0,0.2,0.22,0.22,10.8,11.7,11.9,9.31,0.1,0.09,0.14,205.4,4.6,321.0,1.0,3.0,207.0,695.0,250.0,-1.0,259.0,9.41,365.0,259.0,31.6,31.1,0.0,3.5,2180.0,0.0,17.0,-7.8,7.1,7.6,9.2,6.5,6.3,7.4,7.2,8.4,34.2,34.1,12.0,20.0,3.7,9.3,33.0,33.0,32.0,0.0,0.0,0.0,6.0,6.0,4.0,0.0,8.0,8.0,8.0,27.0,34.0,30.0,20.0,20.0,18.0,44.82,44.9,44.87,43.0,320.0,4.0,0.0,0.0,0.0
8.9,208.0,0.2,0.22,0.22,10.8,10.9,12.0,9.29,-7.0,0.09,0.14,205.2,4.5,323.0,1.0,3.0,205.0,695.0,248.0,-3.0,259.0,9.4,364.4,258.0,32.2,31.6,0.0,3.5,2180.0,0.0,17.0,-7.8,7.1,7.3,9.0,6.5,6.4,7.3,7.2,8.5,34.2,34.1,12.0,20.0,3.7,9.3,34.0,34.0,32.0,0.0,0.0,0.0,6.0,6.0,4.0,0.0,8.0,8.0,8.0,27.0,34.0,30.0,20.0,20.0,18.0,44.82,44.89,44.86,43.0,320.0,4.0,0.0,0.0,0.0
9.79,208.0,0.2,0.22,0.22,11.9,10.9,12.8,10.08,-13.5,0.09,0.14,205.3,4.3,334.0,1.0,3.0,252.0,695.0,305.0,5.0,326.0,10.12,424.1,296.0,29.6,28.9,0.0,3.5,2180.0,0.0,17.0,-7.8,7.2,7.3,9.3,6.6,6.4,7.3,7.2,8.4,34.2,34.1,12.0,20.0,3.7,9.3,31.0,31.0,32.0,0.0,0.0,0.0,6.0,6.0,4.0,0.0,8.0,8.0,8.0,27.0,34.0,30.0,20.0,20.0,18.0,44.82,44.89,44.86,44.0,320.0,4.0,0.0,0.0,0.0
9.12,208.0,0.2,0.22,0.22,11.9,10.9,12.6,9.28,0.2,0.09,0.14,205.4,4.8,322.0,1.0,3.0,203.0,696.0,246.0,-3.0,263.0,9.4,363.8,256.0,32.3,31.4,0.0,3.5,2180.0,0.0,17.0,-7.8,7.1,7.5,9.1,6.5,6.5,7.2,7.2,8.4,34.2,34.1,12.0,20.0,3.7,9.3,33.0,34.0,32.0,0.0,0.0,0.0,6.0,6.0,4.0,0.0,8.0,8.0,8.0,27.0,34.0,30.0,20.0,20.0,18.0,44.82,44.89,44.86,43.0,320.0,3.9,0.0,0.0,0.0
9.21,208.0,0.2,0.22,0.22,10.8,11.6,11.8,9.27,-7.2,0.09,0.14,205.3,4.7,323.0,1.0,3.0,204.0,695.0,247.0,0.0,262.0,9.44,361.7,257.0,32.5,31.7,0.0,3.5,2180.0,0.0,17.0,-7.8,7.1,7.6,9.2,6.5,6.4,7.4,7.2,8.4,34.2,34.1,12.0,20.0,3.7,9.3,34.0,34.0,32.0,0.0,0.0,0.0,6.0,6.0,4.0,0.0,8.0,8.0,8.0,27.0,34.0,30.0,20.0,20.0,18.0,44.82,44.89,44.87,43.0,310.0,4.0,0.0,0.0,0.0
10.12,208.0,0.2,0.22,0.22,11.9,11.4,13.2,10.52,-9.4,0.09,0.14,205.2,5.8,333.0,1.0,3.0,293.0,696.0,355.0,-3.0,379.0,10.65,469.6,328.0,32.1,31.5,0.0,3.5,2180.0,0.0,17.0,-7.8,7.4,7.6,9.4,6.7,6.5,7.6,7.2,8.5,34.2,34.1,12.0,20.0,3.7,9.3,34.0,34.0,32.0,0.0,0.0,0.0,6.0,6.0,4.0,0.0,8.0,8.0,8.0,27.0,34.0,30.0,20.0,20.0,19.0,44.82,44.9,44.86,44.0,320.0,4.0,0.0,0.0,0.0
9.0,208.0,0.2,0.22,0.22,12.0,10.9,12.5,9.35,5.0,0.09,0.14,205.3,4.9,320.0,1.0,3.0,211.0,695.0,256.0,0.0,263.0,9.39,364.9,259.0,31.8,31.2,0.0,3.5,2180.0,0.0,17.0,-7.8,7.1,7.4,9.3,6.5,6.4,7.4,7.2,8.4,34.2,34.1,11.0,20.0,3.7,9.3,33.0,33.0,32.0,0.0,0.0,0.0,6.0,6.0,4.0,0.0,8.0,8.0,8.0,27.0,34.0,30.0,20.0,20.0,18.0,44.82,44.89,44.86,43.0,310.0,4.0,0.0,0.0,0.0
9.09,208.0,0.2,0.22,0.22,10.8,11.5,11.8,9.28,-0.7,0.09,0.14,205.2,4.9,323.0,1.0,3.0,205.0,696.0,248.0,5.0,258.0,9.43,360.2,250.0,32.4,31.8,0.0,3.5,2180.0,0.0,17.0,-7.8,7.1,7.3,9.1,6.5,6.4,7.3,7.2,8.4,34.2,34.1,11.0,20.0,3.7,9.3,34.0,34.0,32.0,0.0,0.0,0.0,6.0,6.0,4.0,0.0,8.0,8.0,8.0,27.0,34.0,30.0,20.0,20.0,18.0,44.82,44.89,44.87,43.0,310.0,3.9,0.0,0.0,0.0
8.94,208.0,0.2,0.22,0.22,11.2,10.7,12.5,9.24,3.3,0.08,0.13,205.5,4.5,321.0,1.0,3.0,211.0,695.0,256.0,-2.0,261.0,9.4,369.5,260.0,31.8,31.2,0.0,3.5,2180.0,0.0,17.0,-7.8,7.1,7.5,9.2,6.5,6.3,7.5,7.2,8.4,34.2,34.1,11.0,20.0,3.7,9.3,33.0,33.0,32.0,0.0,0.0,0.0,6.0,6.0,4.0,0.0,8.0,8.0,8.0,27.0,34.0,30.0,20.0,20.0,18.0,44.82,44.9,44.86,43.0,320.0,3.9,0.0,0.0,0.0
9.85,208.0,0.2,0.22,0.22,11.3,10.9,12.4,10.01,-15.5,0.09,0.14,205.4,5.0,334.0,1.0,3.0,261.0,696.0,316.0,3.0,325.0,10.15,425.8,299.0,29.7,29.2,0.0,3.5,2180.0,0.0,17.0,-7.8,7.2,7.4,9.2,6.6,6.4,7.5,7.2,8.4,34.2,34.1,11.0,20.0,3.7,9.3,31.0,31.0,32.0,0.0,0.0,0.0,6.0,6.0,4.0,0.0,8.0,8.0,8.0,27.0,34.0,30.0,20.0,20.0,18.0,44.82,44.89,44.87,43.0,320.0,4.0,0.0,0.0,0.0
10.32,208.0,0.2,0.22,0.22,11.1,11.0,12.5,10.42,-14.0,0.13,0.13,205.4,6.0,333.0,1.0,3.0,297.0,696.0,360.0,0.0,380.0,10.63,467.3,326.0,32.1,31.5,0.0,3.5,2180.0,0.0,17.0,-7.8,7.4,7.4,9.4,6.7,6.6,7.4,7.2,8.5,34.2,34.1,12.0,20.0,3.7,9.3,34.0,34.0,32.0,0.0,0.0,0.0,6.0,6.0,4.0,0.0,8.0,8.0,8.0,27.0,34.0,30.0,20.0,20.0,19.0,44.82,44.89,44.86,43.0,320.0,3.9,0.0,0.0,0.0
9.32,208.0,0.2,0.22,0.22,10.8,11.8,12.2,9.52,-9.2,0.09,0.14,205.5,4.7,327.0,1.0,3.0,219.0,695.0,265.0,-5.0,284.0,9.6,381.0,268.0,33.0,32.4,0.0,3.5,2180.0,0.0,17.0,-7.8,7.1,7.4,9.0,6.5,6.5,7.1,7.2,8.4,34.2,34.1,12.0,20.0,3.7,9.3,34.0,34.0,32.0,0.0,0.0,0.0,6.0,6.0,4.0,0.0,8.0,8.0,8.0,27.0,34.0,30.0,20.0,20.0,18.0,44.82,44.89,44.86,43.0,320.0,3.9,0.0,0.0,0.0
9.7,208.0,0.2,0.22,0.22,10.9,11.0,12.2,9.92,-10.7,0.09,0.14,205.5,4.6,330.0,1.0,3.0,254.0,696.0,307.0,-1.0,315.0,10.04,420.6,294.0,28.8,28.8,0.0,3.5,2180.0,0.0,17.0,-7.8,7.2,7.5,9.1,6.5,6.4,7.4,7.2,8.4,34.2,34.1,12.0,20.0,3.7,9.3,31.0,31.0,32.0,0.0,0.0,0.0,6.0,6.0,4.0,0.0,8.0,8.0,8.0,27.0,34.0,30.0,20.0,20.0,18.0,44.82,44.89,44.86,43.0,320.0,4.0,0.0,0.0,0.0
10.41,208.0,0.2,0.22,0.22,11.3,11.8,12.6,10.59,-16.3,0.09,0.13,26.5,5.4,335.0,1.0,3.0,295.0,696.0,357.0,4.0,383.0,10.74,473.0,328.0,33.0,32.2,0.0,3.5,1500.0,0.0,15.98,-7.8,7.4,7.4,9.2,6.8,6.7,7.4,7.3,8.5,34.2,34.1,11.0,20.0,3.7,9.3,35.0,35.0,32.0,0.0,0.0,0.0,6.0,6.0,4.0,2.0,8.0,8.0,8.0,27.0,34.0,30.0,20.0,20.0,19.0,44.82,44.89,44.86,43.0,310.0,4.0,0.0,0.0,0.0
9.73,208.0,0.2,0.22,0.22,11.5,10.9,12.6,10.0,-14.6,0.09,0.14,205.1,5.1,330.0,1.0,3.0,245.0,696.0,297.0,0.0,309.0,10.02,416.8,290.0,28.9,28.2,0.0,3.5,2180.0,0.0,17.0,-7.8,7.2,7.3,9.2,6.6,6.4,7.3,7.2,8.4,34.1,34.0,11.0,20.0,3.7,9.3,30.0,30.0,32.0,0.0,0.0,0.0,6.0,6.0,4.0,0.0,8.0,8.0,8.0,27.0,34.0,30.0,20.0,20.0,18.0,44.82,44.89,44.87,43.0,320.0,3.9,0.0,0.0,0.0
9.08,208.0,0.2,0.22,0.22,11.9,10.8,12.6,9.4,-11.5,0.09,0.14,205.4,4.2,325.0,1.0,3.0,203.0,695.0,245.0,-3.0,257.0,9.42,366.9,257.0,32.7,32.1,0.0,3.5,2180.0,0.0,17.0,-7.8,7.1,7.2,9.1,6.5,6.4,7.2,7.2,8.5,34.2,34.1,11.0,20.0,3.7,9.3,34.0,34.0,32.0,0.0,0.0,0.0,6.0,6.0,4.0,0.0,8.0,8.0,8.0,27.0,34.0,30.0,20.0,20.0,18.0,44.82,44.9,44.86,43.0,320.0,4.0,0.0,0.0,0.0
9.92,208.0,0.2,0.22,0.22,11.0,12.0,12.4,10.02,-4.8,0.09,0.14,205.0,4.7,329.0,1.0,3.0,260.0,696.0,315.0,-2.0,325.0,10.17,426.3,296.0,30.5,29.9,0.0,3.5,2180.0,0.0,17.0,-7.8,7.3,7.3,9.2,6.6,6.5,7.3,7.2,8.4,34.2,34.1,13.0,20.0,3.7,9.3,32.0,32.0,32.0,0.0,0.0,0.0,6.0,6.0,4.0,0.0,8.0,8.0,8.0,27.0,34.0,30.0,20.0,20.0,18.0,44.82,44.9,44.86,43.0,320.0,4.0,0.0,0.0,0.0
10.36,208.0,0.2,0.22,0.22,11.4,11.8,13.1,10.56,-15.4,0.09,0.14,205.2,5.3,333.0,1.0,3.0,295.0,696.0,357.0,-2.0,375.0,10.65,471.6,327.0,31.9,31.2,0.0,3.5,2180.0,0.0,17.0,-7.8,7.4,7.5,9.4,6.7,6.6,7.5,7.2,8.5,34.2,34.0,12.0,20.0,3.7,9.3,34.0,34.0,32.0,0.0,0.0,0.0,6.0,6.0,4.0,0.0,8.0,8.0,8.0,27.0,34.0,30.0,20.0,20.0,19.0,44.82,44.89,44.86,44.0,320.0,4.0,0.0,0.0,0.0
9.3,208.0,0.2,0.22,0.22,11.6,11.3,12.8,9.56,-5.1,0.09,0.14,205.0,4.9,327.0,1.0,3.0,213.0,696.0,257.0,-2.0,275.0,9.63,380.0,267.0,33.1,32.3,0.0,3.5,2180.0,0.0,17.0,-7.8,7.1,7.4,9.2,6.5,6.4,7.5,7.1,8.4,34.2,34.1,12.0,20.0,3.7,9.3,34.0,34.0,32.0,0.0,0.0,0.0,6.0,6.0,4.0,0.0,8.0,8.0,8.0,27.0,34.0,30.0,20.0,20.0,18.0,44.82,44.9,44.86,43.0,310.0,4.0,0.0,0.0,0.0
9.6,208.0,0.2,0.22,0.22,12.0,10.9,12.9,10.07,-16.7,0.09,0.14,205.1,4.2,334.0,1.0,3.0,257.0,695.0,311.0,5.0,327.0,10.1,419.1,294.0,29.6,29.1,0.0,3.5,2180.0,0.0,17.0,-7.8,7.3,7.6,9.2,6.6,6.4,7.6,7.1,8.4,34.2,34.1,11.0,20.0,3.7,9.3,31.0,31.0,32.0,0.0,0.0,0.0,6.0,6.0,4.0,0.0,8.0,8.0,8.0,27.0,34.0,30.0,20.0,20.0,18.0,44.82,44.89,44.86,44.0,320.0,3.9,0.0,0.0,0.0
10.3,208.0,0.2,0.22,0.22,11.0,12.0,12.4,10.45,-15.5,0.09,0.16,205.4,6.0,333.0,1.0,3.0,293.0,696.0,355.0,6.0,376.0,10.61,464.0,325.0,32.4,31.8,0.0,3.5,2180.0,0.0,17.0,-7.8,7.4,7.6,9.4,6.7,6.7,7.5,7.2,8.5,34.2,34.1,11.0,20.0,3.7,9.3,34.0,34.0,32.0,0.0,0.0,0.0,6.0,6.0,4.0,0.0,8.0,8.0,8.0,27.0,34.0,30.0,20.0,20.0,19.0,44.82,44.89,44.86,44.0,310.0,4.0,0.0,0.0,0.0
9.09,208.0,0.2,0.22,0.22,11.8,10.8,12.5,9.4,-5.7,0.09,0.14,205.4,4.6,326.0,1.0,3.0,211.0,695.0,255.0,4.0,271.0,9.47,368.5,258.0,32.8,32.2,0.0,3.5,2180.0,0.0,17.0,-7.8,7.1,7.5,9.1,6.5,6.4,7.3,7.2,8.5,34.2,34.0,13.0,20.0,3.7,9.3,34.0,34.0,32.0,0.0,0.0,0.0,6.0,6.0,4.0,0.0,8.0,8.0,8.0,27.0,34.0,30.0,20.0,20.0,18.0,44.82,44.9,44.87,43.0,310.0,3.9,0.0,0.0,0.0
9.73,208.0,0.2,0.22,0.22,11.7,10.9,12.7,9.92,-14.2,0.09,0.14,205.2,4.9,331.0,1.0,3.0,250.0,695.0,302.0,-4.0,316.0,10.04,417.0,290.0,29.3,28.7,0.0,3.5,2180.0,0.0,17.0,-7.8,7.2,7.3,9.2,6.6,6.4,7.4,7.2,8.4,34.2,34.1,12.0,20.0,3.7,9.3,31.0,31.0,32.0,0.0,0.0,0.0,6.0,6.0,4.0,0.0,8.0,8.0,8.0,27.0,34.0,30.0,20.0,20.0,18.0,44.82,44.89,44.86,44.0,320.0,4.0,0.0,0.0,0.0
9.01,208.0,0.2,0.22,0.22,11.9,11.1,12.6,9.35,-3.6,0.09,0.14,205.5,5.1,323.0,1.0,3.0,207.0,695.0,251.0,-1.0,260.0,9.37,366.7,258.0,31.5,30.9,0.0,3.5,2180.0,0.0,17.0,-7.8,7.1,7.5,9.1,6.5,6.3,7.5,7.3,8.4,34.1,34.1,12.0,20.0,3.7,9.3,33.0,33.0,32.0,0.0,0.0,0.0,6.0,6.0,4.0,0.0,8.0,8.0,8.0,27.0,34.0,30.0,20.0,20.0,18.0,44.82,44.89,44.86,43.0,310.0,3.9,0.0,0.0,0.0
10.41,208.0,0.2,0.22,0.22,11.1,11.9,12.9,10.6,-16.4,0.14,0.14,205.4,5.1,335.0,1.0,3.0,306.0,696.0,370.0,-2.0,389.0,10.72,472.8,334.0,32.7,32.1,0.0,3.6,2180.0,0.0,17.0,-7.8,7.4,7.5,9.5,6.8,6.5,7.8,7.2,8.5,34.2,34.1,12.0,20.0,3.7,9.3,34.0,34.0,32.0,0.0,0.0,0.0,6.0,6.0,4.0,0.0,8.0,8.0,8.0,27.0,34.0,30.0,20.0,20.0,18.0,44.82,44.9,44.87,43.0,310.0,4.0,0.0,0.0,0.0
10.4,208.0,0.2,0.22,0.22,11.6,11.1,12.9,10.5,-19.5,0.03,0.14,84.9,5.4,335.0,1.0,3.0,304.0,696.0,368.0,1.0,382.0,10.7,477.8,334.0,32.9,32.3,0.0,3.5,1680.0,0.0,15.98,-7.8,7.4,7.4,9.4,6.8,6.6,7.6,7.3,8.5,34.2,34.1,11.0,20.0,3.7,9.3,35.0,35.0,32.0,0.0,0.0,0.0,6.0,6.0,4.0,0.0,8.0,8.0,8.0,27.0,34.0,30.0,20.0,20.0,18.0,44.82,44.89,44.87,44.0,320.0,4.0,0.0,0.0,0.0
9.85,208.0,0.2,0.22,0.22,11.8,10.9,12.5,10.13,-10.8,0.09,0.14,205.4,5.0,332.0,1.0,3.0,260.0,695.0,314.0,-2.0,332.0,10.22,429.2,301.0,30.4,29.9,0.0,3.5,2180.0,0.0,17.0,-7.8,7.3,7.4,9.1,6.6,6.6,7.1,7.2,8.5,34.2,34.1,11.0,20.0,3.7,9.3,32.0,32.0,32.0,0.0,0.0,0.0,6.0,6.0,4.0,0.0,8.0,8.0,8.0,27.0,34.0,30.0,20.0,20.0,18.0,44.82,44.9,44.86,44.0,320.0,4.0,0.0,0.0,0.0
10.36,208.0,0.2,0.22,0.22,11.6,11.1,12.7,10.68,-9.6,0.09,0.14,205.0,6.0,332.0,1.0,3.0,303.0,696.0,366.0,-3.0,388.0,10.72,472.1,333.0,31.8,31.4,0.0,3.5,2180.0,0.0,17.0,-7.8,7.4,7.3,9.2,6.7,6.6,7.3,7.2,8.5,34.2,34.1,11.0,20.0,3.7,9.3,34.0,34.0,32.0,0.0,0.0,0.0,6.0,6.0,4.0,0.0,8.0,8.0,8.0,27.0,34.0,30.0,20.0,20.0,18.0,44.82,44.89,44.87,43.0,320.0,4.0,0.0,0.0,0.0
9.91,208.0,0.2,0.22,0.22,11.0,11.4,12.0,10.03,-5.6,0.09,0.14,205.2,4.8,331.0,1.0,3.0,260.0,695.0,315.0,5.0,331.0,10.19,427.7,298.0,30.3,29.9,0.0,3.5,2180.0,0.0,17.0,-7.8,7.3,7.5,9.2,6.6,6.5,7.4,7.1,8.4,34.2,34.1,11.0,20.0,3.7,9.3,32.0,32.0,32.0,0.0,0.0,0.0,6.0,6.0,4.0,0.0,8.0,8.0,8.0,27.0,34.0,30.0,20.0,20.0,18.0,44.82,44.89,44.87,43.0,310.0,4.0,0.0,0.0,0.0
9.83,208.0,0.2,0.22,0.22,11.7,10.9,12.6,10.13,-14.8,0.09,0.14,205.2,4.7,334.0,1.0,3.0,260.0,695.0,315.0,5.0,324.0,10.14,426.9,299.0,29.7,29.2,0.0,3.5,2180.0,0.0,17.0,-7.8,7.2,7.5,9.2,6.6,6.5,7.4,7.2,8.4,34.2,34.1,11.0,20.0,3.7,9.3,31.0,31.0,32.0,0.0,0.0,0.0,6.0,6.0,4.0,0.0,8.0,8.0,8.0,27.0,34.0,30.0,20.0,20.0,18.0,44.82,44.9,44.87,44.0,320.0,4.0,0.0,0.0,0.0
10.25,208.0,0.2,0.22,0.22,11.0,12.0,12.4,10.36,-11.3,0.08,0.14,205.4,5.6,331.0,1.0,3.0,287.0,696.0,347.0,-2.0,365.0,10.5,451.0,319.0,31.7,31.1,0.0,3.5,2180.0,0.0,17.0,-7.8,7.4,7.6,9.3,6.6,6.6,7.3,7.2,8.5,34.2,34.1,11.0,20.0,3.7,9.3,33.0,33.0,32.0,0.0,0.0,0.0,6.0,6.0,4.0,0.0,8.0,8.0,8.0,27.0,34.0,30.0,20.0,20.0,18.0,44.82,44.89,44.86,44.0,310.0,3.9,0.0,0.0,0.0
9.89,208.0,0.2,0.22,0.22,11.1,10.9,12.4,9.97,-10.7,0.09,0.14,205.1,4.4,331.0,1.0,3.0,260.0,696.0,314.0,-2.0,324.0,10.2,430.7,302.0,30.3,29.8,0.0,3.5,2180.0,0.0,17.0,-7.8,7.3,7.3,9.2,6.6,6.5,7.3,7.2,8.4,34.2,34.1,12.0,20.0,3.7,9.3,32.0,32.0,32.0,0.0,0.0,0.0,6.0,6.0,4.0,0.0,8.0,8.0,8.0,27.0,34.0,30.0,20.0,20.0,18.0,44.83,44.89,44.87,43.0,320.0,4.0,0.0,0.0,0.0
9.31,208.0,0.2,0.22,0.22,11.6,11.3,12.8,9.48,-7.4,0.09,0.14,205.5,4.9,327.0,1.0,3.0,219.0,696.0,265.0,-2.0,277.0,9.55,375.5,265.0,33.0,32.3,0.0,3.5,2180.0,0.0,17.0,-7.8,7.1,7.2,9.2,6.5,6.4,7.4,7.2,8.5,34.2,34.1,12.0,20.0,3.7,9.3,34.0,34.0,32.0,0.0,0.0,0.0,6.0,6.0,4.0,0.0,8.0,8.0,8.0,27.0,34.0,30.0,20.0,20.0,18.0,44.83,44.9,44.86,44.0,310.0,3.9,0.0,0.0,0.0
10.31,208.0,0.2,0.22,0.22,12.0,11.3,13.0,10.59,-12.3,0.09,0.14,205.4,5.7,333.0,1.0,3.0,290.0,696.0,351.0,-5.0,376.0,10.64,473.1,328.0,32.1,31.5,0.0,3.6,2180.0,0.0,17.0,-7.8,7.4,7.6,9.3,6.7,6.6,7.4,7.2,8.5,34.2,34.1,11.0,20.0,3.7,9.3,34.0,34.0,32.0,0.0,0.0,0.0,6.0,6.0,4.0,0.0,8.0,8.0,8.0,27.0,34.0,30.0,20.0,20.0,18.0,44.82,44.9,44.87,44.0,320.0,3.9,0.0,0.0,0.0
8.99,208.0,0.2,0.22,0.22,10.8,11.8,12.2,9.28,-1.1,0.08,0.13,205.5,4.8,323.0,1.0,3.0,200.0,695.0,242.0,5.0,254.0,9.37,363.7,256.0,32.2,31.6,0.0,3.5,2180.0,0.0,17.0,-7.8,7.1,7.3,9.1,6.5,6.4,7.3,7.2,8.4,34.2,34.1,11.0,20.0,3.7,9.3,34.0,34.0,32.0,0.0,0.0,0.0,6.0,6.0,4.0,0.0,8.0,8.0,8.0,27.0,34.0,30.0,20.0,20.0,18.0,44.82,44.9,44.87,43.0,310.0,3.9,0.0,0.0,0.0
9.78,208.0,0.2,0.22,0.22,11.4,10.9,12.5,9.92,-18.2,0.09,0.14,205.4,5.0,334.0,1.0,3.0,253.0,696.0,306.0,-3.0,325.0,10.11,420.4,293.0,29.6,29.1,0.0,3.5,2180.0,0.0,17.0,-7.8,7.3,7.6,9.2,6.6,6.4,7.5,7.1,8.4,34.2,34.1,12.0,20.0,3.7,9.3,31.0,31.0,32.0,0.0,0.0,0.0,6.0,6.0,4.0,0.0,8.0,8.0,8.0,27.0,34.0,30.0,20.0,20.0,18.0,44.82,44.89,44.86,43.0,320.0,4.0,0.0,0.0,0.0
10.0,208.0,0.2,0.22,0.22,11.3,11.8,13.0,10.37,-10.8,0.11,0.14,205.2,5.2,331.0,1.0,3.0,285.0,696.0,344.0,-2.0,360.0,10.47,451.4,314.0,31.6,31.1,0.0,3.5,2180.0,0.0,17.0,-7.8,7.4,7.5,9.3,6.6,6.6,7.3,7.2,8.5,34.2,34.1,12.0,20.0,3.7,9.3,33.0,33.0,32.0,0.0,0.0,0.0,6.0,6.0,4.0,0.0,8.0,8.0,8.0,27.0,34.0,30.0,20.0,20.0,18.0,44.82,44.89,44.86,44.0,320.0,4.0,0.0,0.0,0.0
9.53,208.0,0.2,0.22,0.22,12.0,11.1,12.9,9.91,-13.9,0.09,0.14,205.0,5.3,331.0,1.0,3.0,245.0,695.0,296.0,-5.0,311.0,9.99,413.9,288.0,29.3,28.6,0.0,3.5,2180.0,0.0,17.0,-7.8,7.2,7.3,9.2,6.6,6.4,7.4,7.2,8.4,34.2,34.1,12.0,20.0,3.7,9.3,31.0,31.0,32.0,0.0,0.0,0.0,6.0,6.0,4.0,0.0,8.0,8.0,8.0,27.0,34.0,30.0,20.0,20.0,18.0,44.82,44.89,44.86,44.0,320.0,4.0,0.0,0.0,0.0
10.34,208.0,0.2,0.22,0.22,11.1,11.7,12.1,10.49,-13.6,0.11,0.14,205.0,5.3,334.0,1.0,3.0,295.0,696.0,357.0,-3.0,379.0,10.64,468.4,325.0,32.6,31.9,0.0,3.6,2180.0,0.0,17.0,-7.8,7.4,7.4,9.3,6.7,6.7,7.4,7.2,8.5,34.2,34.1,12.0,20.0,3.7,9.3,34.0,34.0,32.0,0.0,0.0,0.0,6.0,6.0,4.0,0.0,8.0,8.0,8.0,27.0,34.0,30.0,20.0,20.0,19.0,44.82,44.89,44.86,43.0,310.0,4.0,0.0,0.0,0.0
10.72,208.0,0.2,0.22,0.22,11.9,11.6,13.3,10.93,-4.8,0.07,0.18,27.5,5.8,333.0,1.0,3.0,326.0,696.0,394.0,-2.0,415.0,11.02,501.0,351.0,33.1,32.5,0.0,3.5,1500.0,0.0,15.98,-7.8,7.5,7.4,9.4,6.8,6.7,7.4,7.3,8.5,34.2,34.2,12.0,20.0,3.7,9.3,35.0,35.0,32.0,0.0,0.0,0.0,6.0,6.0,4.0,2.0,8.0,8.0,8.0,27.0,34.0,30.0,20.0,20.0,18.0,44.82,44.89,44.86,44.0,310.0,4.0,0.0,0.0,0.0
10.09,208.0,0.2,0.22,0.22,11.8,11.5,13.0,10.36,-8.3,0.08,0.14,205.2,5.5,329.0,1.0,3.0,280.0,697.0,339.0,5.0,353.0,10.41,443.6,314.0,31.2,30.7,0.0,3.5,2180.0,0.0,17.0,-7.8,7.3,7.3,9.2,6.6,6.6,7.3,7.2,8.5,34.2,34.1,12.0,20.0,3.7,9.3,33.0,33.0,32.0,0.0,0.0,0.0,6.0,6.0,4.0,0.0,8.0,8.0,8.0,27.0,34.0,30.0,20.0,20.0,18.0,44.82,44.89,44.86,44.0,320.0,4.0,0.0,0.0,0.0
10.1,208.0,0.2,0.22,0.22,11.5,11.0,12.5,10.26,-8.7,0.08,0.14,205.2,5.2,329.0,1.0,3.0,281.0,696.0,340.0,-3.0,359.0,10.44,448.7,317.0,31.4,30.8,0.0,3.5,2180.0,0.0,17.0,-7.8,7.3,7.5,9.2,6.6,6.7,7.2,7.2,8.5,34.2,34.1,12.0,20.0,3.7,9.3,33.0,33.0,32.0,0.0,0.0,0.0,6.0,6.0,4.0,0.0,8.0,8.0,8.0,27.0,34.0,30.0,20.0,20.0,18.0,44.83,44.89,44.86,44.0,320.0,4.0,0.0,0.0,0.0
10.34,208.0,0.2,0.22,0.22,11.7,11.4,12.9,10.54,-15.7,0.08,0.13,205.1,5.4,333.0,1.0,3.0,299.0,697.0,361.0,0.0,382.0,10.61,469.7,327.0,32.2,31.5,0.0,3.6,2180.0,0.0,17.0,-7.8,7.4,7.3,9.4,6.7,6.6,7.4,7.2,8.5,34.2,34.1,11.0,20.0,3.7,9.3,34.0,34.0,32.0,0.0,0.0,0.0,6.0,6.0,4.0,0.0,8.0,8.0,8.0,27.0,34.0,30.0,20.0,20.0,19.0,44.82,44.89,44.87,44.0,320.0,4.0,0.0,0.0,0.0
9.2,208.0,0.2,0.22,0.22,11.8,11.3,12.5,9.35,-7.8,0.09,0.14,205.2,4.9,326.0,1.0,3.0,204.0,695.0,247.0,1.0,263.0,9.42,361.1,255.0,32.6,31.9,0.0,3.6,2180.0,0.0,17.0,-7.8,7.1,7.4,9.1,6.5,6.4,7.3,7.2,8.5,34.2,34.0,11.0,20.0,3.7,9.3,34.0,34.0,32.0,0.0,0.0,0.0,6.0,6.0,4.0,0.0,8.0,8.0,8.0,27.0,34.0,30.0,20.0,20.0,18.0,44.82,44.89,44.86,43.0,320.0,4.0,0.0,0.0,0.0
9.15,208.0,0.2,0.22,0.22,12.1,10.8,12.7,9.41,-3.5,0.09,0.14,205.0,4.4,322.0,1.0,3.0,211.0,695.0,256.0,0.0,263.0,9.44,366.9,257.0,31.3,30.7,0.0,3.5,2180.0,0.0,17.0,-7.8,7.1,7.5,9.1,6.5,6.4,7.5,7.2,8.5,34.1,34.1,11.0,20.0,3.7,9.3,33.0,33.0,32.0,0.0,0.0,0.0,6.0,6.0,4.0,0.0,8.0,8.0,8.0,27.0,34.0,30.0,20.0,20.0,18.0,44.82,44.89,44.86,44.0,310.0,3.9,0.0,0.0,0.0
9.19,208.0,0.2,0.22,0.22,11.2,11.5,12.5,9.34,-5.6,0.09,0.14,205.7,4.7,326.0,1.0,3.0,207.0,696.0,251.0,0.0,265.0,9.42,365.5,256.0,32.8,32.1,0.0,3.6,2180.0,0.0,17.0,-7.8,7.1,7.5,9.1,6.5,6.4,7.3,7.2,8.5,34.2,34.0,12.0,20.0,3.7,9.3,34.0,34.0,32.0,0.0,0.0,0.0,6.0,6.0,4.0,0.0,8.0,8.0,8.0,27.0,34.0,30.0,20.0,20.0,18.0,44.82,44.89,44.86,43.0,320.0,4.0,0.0,0.0,0.0
9.84,208.0,0.2,0.22,0.22,11.6,11.4,13.0,10.22,-14.0,0.09,0.15,205.1,5.4,330.0,1.0,3.0,269.0,697.0,326.0,-2.0,342.0,10.33,443.4,311.0,31.2,30.6,0.0,3.5,2180.0,0.0,17.0,-7.8,7.3,7.3,9.3,6.6,6.6,7.3,7.2,8.5,34.2,34.1,12.0,20.0,3.7,9.3,33.0,33.0,32.0,0.0,0.0,0.0,6.0,6.0,4.0,0.0,8.0,8.0,8.0,27.0,34.0,30.0,20.0,20.0,18.0,44.82,44.9,44.86,43.0,320.0,4.0,0.0,0.0,0.0
10.43,208.0,0.2,0.22,0.22,11.1,11.4,12.2,10.53,-15.6,0.06,0.14,205.0,5.3,335.0,1.0,3.0,301.0,697.0,364.0,-2.0,386.0,10.77,471.7,332.0,32.7,32.0,0.0,3.5,2180.0,0.0,17.0,-7.8,7.4,7.7,9.4,6.8,6.6,7.6,7.2,8.5,34.2,34.1,11.0,20.0,3.7,9.3,34.0,34.0,32.0,0.0,0.0,0.0,6.0,6.0,4.0,0.0,8.0,8.0,8.0,27.0,34.0,30.0,20.0,20.0,19.0,44.82,44.89,44.87,43.0,320.0,4.0,0.0,0.0,0.0
9.87,208.0,0.2,0.22,0.22,11.3,10.9,12.4,10.03,-9.8,0.09,0.14,205.0,5.0,333.0,1.0,3.0,256.0,695.0,309.0,-3.0,329.0,10.24,426.7,299.0,29.9,29.3,0.0,3.5,2180.0,0.0,17.0,-7.8,7.3,7.6,9.2,6.6,6.5,7.4,7.2,8.4,34.2,34.0,12.0,20.0,3.7,9.3,31.0,31.0,32.0,0.0,0.0,0.0,6.0,6.0,4.0,0.0,8.0,8.0,8.0,27.0,34.0,30.0,20.0,20.0,18.0,44.83,44.9,44.86,43.0,320.0,3.9,0.0,0.0,0.0
9.52,208.0,0.2,0.22,0.22,11.1,10.9,12.3,9.83,-12.0,0.09,0.14,205.5,5.0,329.0,1.0,3.0,253.0,696.0,306.0,-3.0,316.0,9.99,418.4,294.0,28.9,28.2,0.0,3.5,2180.0,0.0,17.0,-7.8,7.2,7.3,9.2,6.6,6.4,7.3,7.2,8.4,34.1,34.0,11.0,20.0,3.7,9.3,30.0,30.0,32.0,0.0,0.0,0.0,6.0,6.0,4.0,0.0,8.0,8.0,8.0,27.0,34.0,30.0,20.0,20.0,18.0,44.82,44.89,44.86,43.0,320.0,4.0,0.0,0.0,0.0
9.55,208.0,0.2,0.22,0.22,10.9,11.1,12.0,9.65,-1.8,0.09,0.14,205.3,5.0,327.0,1.0,3.0,226.0,695.0,274.0,-3.0,287.0,9.81,396.2,277.0,30.2,31.5,0.0,3.5,2180.0,0.0,17.0,-7.8,7.2,7.6,9.1,6.5,6.5,7.3,7.2,8.4,34.2,34.1,12.0,20.0,3.7,9.3,33.0,32.0,32.0,0.0,0.0,0.0,6.0,6.0,4.0,0.0,8.0,8.0,8.0,27.0,34.0,30.0,20.0,20.0,18.0,44.82,44.9,44.86,43.0,320.0,3.9,0.0,0.0,0.0
9.71,208.0,0.2,0.22,0.22,10.9,12.0,12.4,10.0,-9.3,0.09,0.14,205.2,5.3,333.0,1.0,3.0,262.0,695.0,317.0,-3.0,338.0,10.19,429.3,302.0,30.0,29.5,0.0,3.5,2180.0,0.0,17.0,-7.8,7.3,7.5,9.3,6.6,6.4,7.6,7.1,8.4,34.2,34.0,12.0,20.0,3.7,9.3,32.0,32.0,32.0,0.0,0.0,0.0,6.0,6.0,4.0,0.0,8.0,8.0,8.0,27.0,34.0,30.0,20.0,20.0,18.0,44.82,44.9,44.86,43.0,310.0,3.9,0.0,0.0,0.0
9.41,208.0,0.2,0.22,0.22,10.9,11.2,12.0,9.61,-13.6,0.09,0.13,205.0,5.3,329.0,1.0,3.0,228.0,695.0,275.0,-2.0,292.0,9.73,386.9,274.0,32.1,32.5,0.0,3.5,2180.0,0.0,17.0,-7.8,7.2,7.4,9.1,6.5,6.5,7.3,7.2,8.4,34.2,34.1,11.0,20.0,3.7,9.3,34.0,35.0,32.0,0.0,0.0,0.0,6.0,6.0,4.0,0.0,8.0,8.0,8.0,27.0,34.0,30.0,20.0,20.0,18.0,44.82,44.9,44.86,43.0,320.0,3.9,0.0,0.0,0.0
10.34,208.0,0.2,0.22,0.22,11.1,12.0,12.3,10.48,-17.9,0.09,0.14,205.5,5.6,333.0,1.0,3.0,286.0,697.0,346.0,-3.0,361.0,10.59,458.2,325.0,31.8,31.1,0.0,3.5,2180.0,0.0,17.0,-7.8,7.4,7.6,9.4,6.7,6.6,7.5,7.2,8.5,34.2,34.1,11.0,20.0,3.7,9.3,33.0,33.0,32.0,0.0,0.0,0.0,6.0,6.0,4.0,0.0,8.0,8.0,8.0,27.0,34.0,30.0,20.0,20.0,18.0,44.82,44.89,44.86,44.0,310.0,3.9,0.0,0.0,0.0
9.96,208.0,0.2,0.22,0.22,11.8,11.5,12.9,10.12,-10.1,0.08,0.14,205.4,5.1,330.0,1.0,3.0,262.0,696.0,316.0,0.0,324.0,10.23,433.6,301.0,30.6,30.1,0.0,3.5,2180.0,0.0,17.0,-7.8,7.3,7.6,9.3,6.6,6.5,7.4,7.1,8.5,34.2,34.1,11.0,20.0,3.7,9.3,32.0,32.0,32.0,0.0,0.0,0.0,6.0,6.0,4.0,0.0,8.0,8.0,8.0,27.0,34.0,30.0,20.0,20.0,18.0,44.82,44.9,44.86,44.0,320.0,4.0,0.0,0.0,0.0
10.05,208.0,0.2,0.22,0.22,11.2,11.4,12.0,10.36,-12.1,0.11,0.14,205.3,5.2,331.0,1.0,3.0,291.0,696.0,352.0,-2.0,368.0,10.54,457.1,322.0,31.7,31.1,0.0,3.5,2180.0,0.0,17.0,-7.8,7.4,7.6,9.3,6.6,6.6,7.3,7.2,8.5,34.2,34.1,12.0,20.0,3.7,9.3,33.0,33.0,32.0,0.0,0.0,0.0,6.0,6.0,4.0,0.0,8.0,8.0,8.0,27.0,34.0,30.0,20.0,20.0,18.0,44.82,44.89,44.86,44.0,310.0,3.9,0.0,0.0,0.0
9.73,208.0,0.2,0.22,0.22,10.9,11.7,12.0,9.94,-9.9,0.09,0.14,205.5,5.4,330.0,1.0,3.0,253.0,696.0,306.0,1.0,314.0,10.01,418.5,294.0,28.8,28.5,0.0,3.5,2180.0,0.0,17.0,-7.8,7.2,7.2,9.2,6.5,6.4,7.3,7.2,8.4,34.2,34.1,12.0,20.0,3.7,9.3,31.0,31.0,32.0,0.0,0.0,0.0,6.0,6.0,4.0,0.0,8.0,8.0,8.0,27.0,34.0,30.0,20.0,20.0,18.0,44.82,44.89,44.86,43.0,320.0,4.0,0.0,0.0,0.0
9.25,208.0,0.2,0.22,0.22,11.1,10.8,12.5,9.28,-14.0,0.09,0.14,205.5,4.6,328.0,1.0,3.0,209.0,696.0,253.0,-1.0,265.0,9.49,370.8,263.0,32.9,32.2,0.0,3.5,2180.0,0.0,17.0,-7.8,7.1,7.5,9.2,6.5,6.4,7.4,7.2,8.4,34.2,34.0,12.0,20.0,3.7,9.3,34.0,34.0,32.0,0.0,0.0,0.0,6.0,6.0,4.0,0.0,8.0,8.0,8.0,27.0,34.0,30.0,20.0,20.0,18.0,44.82,44.9,44.87,43.0,310.0,3.9,0.0,0.0,0.0
9.49,208.0,0.2,0.22,0.22,11.4,11.5,12.8,9.61,-15.3,0.08,0.14,205.1,5.1,329.0,1.0,3.0,229.0,695.0,277.0,-3.0,287.0,9.7,389.7,274.0,31.3,32.4,0.0,3.5,2180.0,0.0,17.0,-7.8,7.2,7.4,9.1,6.5,6.5,7.2,7.2,8.4,34.2,34.1,12.0,20.0,3.7,9.3,34.0,35.0,32.0,0.0,0.0,0.0,6.0,6.0,4.0,0.0,8.0,8.0,8.0,27.0,34.0,30.0,20.0,20.0,18.0,44.82,44.9,44.86,44.0,310.0,3.9,0.0,0.0,0.0
8.94,208.0,0.2,0.22,0.22,10.9,10.8,12.5,9.17,-2.0,0.09,0.13,205.5,4.4,322.0,1.0,3.0,198.0,695.0,240.0,-3.0,251.0,9.4,361.2,254.0,32.5,31.9,0.0,3.6,2180.0,0.0,17.0,-7.8,7.1,7.6,9.1,6.5,6.4,7.2,7.2,8.4,34.2,34.1,12.0,20.0,3.7,9.3,34.0,34.0,32.0,0.0,0.0,0.0,6.0,6.0,4.0,0.0,8.0,8.0,8.0,27.0,34.0,30.0,20.0,20.0,18.0,44.82,44.89,44.86,43.0,320.0,3.9,0.0,0.0,0.0
10.29,208.0,0.2,0.22,0.22,12.0,11.1,12.9,10.54,-17.1,0.09,0.14,205.1,4.7,335.0,1.0,3.0,289.0,696.0,350.0,-1.0,371.0,10.59,465.1,325.0,32.4,31.8,0.0,3.5,2180.0,0.0,17.0,-7.8,7.4,7.4,9.3,6.7,6.6,7.5,7.2,8.5,34.2,34.1,11.0,20.0,3.7,9.3,34.0,34.0,32.0,0.0,0.0,0.0,6.0,6.0,4.0,0.0,8.0,8.0,8.0,27.0,34.0,30.0,20.0,20.0,19.0,44.82,44.89,44.86,44.0,320.0,3.9,0.0,0.0,0.0
8.94,208.0,0.2,0.22,0.22,11.8,11.2,12.5,9.44,-15.5,0.09,0.14,205.3,4.9,327.0,1.0,3.0,210.0,695.0,254.0,0.0,271.0,9.45,370.4,260.0,32.8,32.1,0.0,3.5,2180.0,0.0,17.0,-7.8,7.1,7.5,9.2,6.5,6.3,7.5,7.2,8.4,34.2,34.0,12.0,20.0,3.7,9.3,34.0,34.0,32.0,0.0,0.0,0.0,6.0,6.0,4.0,0.0,8.0,8.0,8.0,27.0,34.0,30.0,20.0,20.0,18.0,44.82,44.9,44.86,43.0,320.0,3.9,0.0,0.0,0.0
0.0,0.0,0.0,0.0,0.0,0.0,0.0,0.0,0.0,0.0,0.0,0.0,0.0,0.0,0.0,0.0,0.0,0.0,0.0,364.0,0.0,0.0,0.0,0.0,0.0,0.0,0.0,0.0,0.0,0.0,0.0,0.0,0.0,0.0,0.0,0.0,0.0,0.0,0.0,0.0,0.0,0.0,0.0,0.0,0.0,0.0,0.0,0.0,0.0,0.0,0.0,0.0,0.0,0.0,0.0,0.0,0.0,0.0,0.0,0.0,0.0,0.0,0.0,0.0,0.0,0.0,0.0,0.0,0.0,0.0,0.0,0.0,0.0,0.0,0.0
10.04,208.0,0.2,0.22,0.22,11.6,11.0,12.5,10.24,-12.1,0.09,0.13,205.3,5.3,330.0,1.0,3.0,274.0,697.0,332.0,0.0,342.0,10.35,444.7,309.0,31.2,30.6,0.0,3.5,2180.0,0.0,17.0,-7.8,7.3,7.3,9.3,6.6,6.6,7.4,7.2,8.5,34.2,34.1,12.0,20.0,3.7,9.3,33.0,33.0,32.0,0.0,0.0,0.0,6.0,6.0,4.0,0.0,8.0,8.0,8.0,27.0,34.0,30.0,20.0,20.0,18.0,44.82,44.9,44.86,44.0,320.0,4.0,0.0,0.0,0.0
9.7,208.0,0.2,0.22,0.22,11.4,10.9,12.5,10.0,-2.5,0.09,0.14,205.1,5.1,330.0,1.0,3.0,262.0,696.0,317.0,-4.0,339.0,10.21,429.3,302.0,30.4,30.0,0.0,3.5,2180.0,0.0,17.0,-7.8,7.3,7.3,9.2,6.6,6.5,7.3,7.2,8.4,34.2,34.1,12.0,20.0,3.7,9.3,32.0,32.0,32.0,0.0,0.0,0.0,6.0,6.0,4.0,0.0,8.0,8.0,8.0,27.0,34.0,30.0,20.0,20.0,18.0,44.82,44.9,44.87,44.0,320.0,4.0,0.0,0.0,0.0
