轮毂转速,轮毂角度,叶片1角度,叶片2角度,叶片3角度,变桨电机1电流,变桨电机2电流,变桨电机3电流,超速传感器转速检测值,5秒偏航对风平均值,x方向振动值,y方向振动值,液压制动压力,机舱气象站风速,风向绝对值,大气压力,无功功率控制状态,变频器电网侧电流,变频器电网侧电压,变频器电网侧有功功率,变频器电网侧无功功率,变频器发电机侧功率,发电机运行频率,发电机电流,发电机转矩,变频器入口温度,变频器出口温度,变频器入口压力,变频器出口压力,发电机功率限幅值,无功功率设定值,额定的轮毂转速,测风塔环境温度,发电机定子温度1,发电机定子温度2,发电机定子温度3,发电机定子温度4,发电机定子温度5,发电机定子温度6,发电机空气温度1,发电机空气温度2,主轴承温度1,主轴承温度2,轮毂温度,轮毂控制柜温度,机舱温度,机舱控制柜温度,变频器INU温度,变频器ISU温度,变频器INU RMIO温度,变桨电机1功率估算,变桨电机2功率估算,变桨电机3功率估算,风机当前状态值,轮毂当前状态值,偏航状态值,偏航要求值,叶片1电池箱温度,叶片2电池箱温度,叶片3电池箱温度,叶片1变桨电机温度,叶片2变桨电机温度,叶片3变桨电机温度,叶片1变频器箱温度,叶片2变频器箱温度,叶片3变频器箱温度,叶片1超级电容电压,叶片2超级电容电压,叶片3超级电容电压,驱动1晶闸管温度,驱动2晶闸管温度,驱动3晶闸管温度,驱动1输出扭矩,驱动2输出扭矩,驱动3输出扭矩
8.85,312.0,0.32,0.28,0.29,10.7,11.5,10.7,9.1,-19.8,0.09,0.15,208.2,5.2,18.0,1.0,3.0,174.0,702.0,213.0,-2.0,230.0,9.15,339.3,238.0,28.8,28.8,0.0,3.5,737.7,0.0,13.15,2.4,19.4,16.5,20.3,17.2,17.5,17.0,16.7,17.9,44.3,44.2,21.0,30.0,11.9,17.4,30.0,30.0,34.0,0.0,0.0,0.0,6.0,6.0,4.0,0.0,17.0,18.0,18.0,33.0,39.0,34.0,30.0,30.0,28.0,44.8,44.85,44.84,54.0,430.0,4.8,0.0,0.0,0.0
8.04,316.0,0.32,0.28,0.29,11.3,11.2,10.6,8.26,-5.9,0.14,0.18,207.3,5.0,16.0,1.0,3.0,134.0,701.0,164.0,-6.0,172.0,8.32,292.0,199.0,29.8,29.6,0.0,3.5,745.9,0.0,13.2,2.3,19.4,16.3,20.3,17.1,17.5,16.8,16.7,17.8,44.3,44.3,22.0,30.0,11.9,17.3,31.0,31.0,34.0,0.0,0.0,0.0,6.0,6.0,4.0,0.0,17.0,18.0,18.0,33.0,39.0,34.0,30.0,30.0,28.0,44.8,44.85,44.84,55.0,440.0,4.7,0.0,0.0,0.0
8.8,248.0,0.32,0.28,0.29,10.6,10.8,10.9,8.94,-18.8,0.09,0.16,208.1,4.4,20.0,1.0,3.0,174.0,701.0,213.0,-8.0,234.0,9.0,332.4,231.0,27.9,29.3,0.0,3.4,772.5,0.0,13.35,2.4,19.5,16.4,20.3,17.2,17.5,16.9,16.8,18.0,44.3,44.3,21.0,30.0,11.9,17.5,30.0,30.0,34.0,0.0,0.0,0.0,6.0,6.0,4.0,0.0,17.0,18.0,18.0,33.0,39.0,33.0,30.0,30.0,28.0,44.8,44.85,44.84,53.0,420.0,4.8,0.0,0.0,0.0
8.28,292.0,0.32,0.28,0.29,11.5,10.9,10.8,8.59,-6.8,0.11,0.16,207.5,4.8,15.0,1.0,3.0,163.0,701.0,199.0,1.0,212.0,8.69,312.8,218.0,32.9,32.6,0.0,3.5,682.5,0.0,12.81,2.6,19.6,16.4,20.4,17.2,17.6,17.0,16.9,18.0,44.3,44.3,21.0,30.0,11.9,17.5,34.0,34.0,34.0,0.0,0.0,0.0,6.0,6.0,4.0,0.0,17.0,18.0,18.0,33.0,39.0,34.0,30.0,30.0,28.0,44.8,44.85,44.84,54.0,430.0,4.8,0.0,0.0,0.0
8.81,184.0,0.32,0.28,0.29,11.0,10.6,11.2,8.91,-23.8,0.16,0.14,207.5,4.3,21.0,1.0,3.0,186.0,701.0,227.0,5.0,236.0,8.98,337.6,237.0,32.6,32.7,0.0,3.4,682.5,0.0,12.81,2.5,19.6,16.6,20.5,17.3,17.5,17.1,16.8,18.0,44.3,44.3,21.0,30.0,11.9,17.5,34.0,35.0,34.0,0.0,0.0,0.0,6.0,6.0,4.0,0.0,17.0,18.0,18.0,33.0,39.0,33.0,30.0,30.0,28.0,44.8,44.85,44.84,54.0,420.0,4.7,0.0,0.0,0.0
8.06,354.0,0.24,0.23,0.24,11.6,11.1,10.6,8.55,-18.4,0.08,0.14,207.8,3.2,12.0,1.0,3.0,153.0,700.0,186.0,-3.0,190.0,8.54,311.5,215.0,32.3,31.9,0.0,3.5,778.6,0.0,13.39,2.6,19.8,16.8,20.7,17.3,17.8,17.3,17.2,18.3,44.3,44.3,21.0,30.0,12.0,17.5,33.0,34.0,34.0,0.0,0.0,0.0,6.0,6.0,4.0,0.0,17.0,18.0,18.0,33.0,39.0,34.0,30.0,30.0,28.0,44.8,44.85,44.84,55.0,430.0,4.8,0.0,0.0,0.0
8.55,346.0,0.32,0.28,0.29,11.5,11.1,10.7,8.99,-21.6,-0.03,0.13,207.9,3.5,22.0,1.0,3.0,183.0,701.0,223.0,1.0,238.0,9.05,337.3,235.0,31.9,32.7,0.0,3.5,682.5,0.0,12.81,2.5,19.6,16.5,20.5,17.3,17.5,17.2,16.8,18.0,44.3,44.3,22.0,30.0,11.9,17.5,34.0,34.0,34.0,0.0,0.0,0.0,6.0,6.0,4.0,0.0,17.0,18.0,18.0,33.0,39.0,34.0,30.0,30.0,28.0,44.8,44.85,44.84,54.0,420.0,4.8,0.0,0.0,0.0
8.04,32.0,0.24,0.23,0.24,12.0,10.7,10.9,8.37,-8.6,0.15,0.09,207.6,4.2,14.0,1.0,3.0,143.0,700.0,174.0,-6.0,186.0,8.48,297.2,208.0,32.5,32.2,0.0,3.5,591.0,0.0,12.21,2.6,19.7,16.5,20.6,17.3,17.6,17.3,17.1,18.2,44.3,44.3,21.0,30.0,12.0,17.5,34.0,34.0,34.0,0.0,0.0,0.0,6.0,6.0,4.0,0.0,17.0,18.0,18.0,33.0,39.0,33.0,30.0,30.0,28.0,44.8,44.85,44.84,54.0,440.0,4.7,0.0,0.0,0.0
8.12,84.0,0.32,0.28,0.29,11.6,10.9,10.7,8.41,-9.7,0.11,0.14,208.2,4.3,9.0,1.0,3.0,143.0,701.0,175.0,-1.0,176.0,8.37,296.5,203.0,33.0,32.6,0.0,3.5,745.9,0.0,13.2,2.6,19.6,16.6,20.5,17.3,17.6,17.1,16.9,18.1,44.3,44.3,21.0,30.0,11.9,17.5,34.0,34.0,34.0,0.0,0.0,0.0,6.0,6.0,4.0,0.0,17.0,18.0,18.0,33.0,39.0,34.0,30.0,30.0,28.0,44.8,44.85,44.84,54.0,430.0,4.8,0.0,0.0,0.0
9.02,112.0,0.32,0.28,0.29,11.0,10.8,11.2,9.13,-17.9,0.18,0.14,207.9,5.1,19.0,1.0,3.0,199.0,702.0,243.0,1.0,246.0,9.29,354.3,250.0,28.7,28.5,0.0,3.4,737.7,0.0,13.15,2.4,19.4,16.5,20.4,17.2,17.5,17.1,16.7,17.9,44.3,44.2,22.0,30.0,11.9,17.3,30.0,30.0,34.0,0.0,0.0,0.0,6.0,6.0,4.0,0.0,17.0,18.0,18.0,33.0,39.0,34.0,30.0,30.0,28.0,44.8,44.85,44.84,55.0,430.0,4.8,0.0,0.0,0.0
8.1,240.0,0.24,0.23,0.24,10.6,11.8,10.6,8.27,2.2,0.06,0.14,207.8,3.5,12.0,1.0,3.0,139.0,700.0,170.0,-6.0,171.0,8.31,289.5,200.0,32.4,32.1,0.0,3.5,687.6,0.0,12.85,2.6,19.7,16.8,20.6,17.3,17.7,17.2,17.2,18.2,44.3,44.3,21.0,30.0,12.0,17.5,34.0,34.0,34.0,0.0,0.0,0.0,6.0,6.0,4.0,0.0,17.0,18.0,18.0,33.0,39.0,34.0,30.0,30.0,28.0,44.8,44.85,44.84,55.0,430.0,4.7,0.0,0.0,0.0
8.87,30.0,0.32,0.28,0.29,10.9,11.3,10.6,9.12,-13.2,0.09,0.1,208.0,4.5,10.0,1.0,3.0,184.0,701.0,224.0,-1.0,239.0,9.19,349.6,243.0,32.7,32.6,0.0,3.5,888.0,0.0,13.99,2.6,19.6,16.6,20.5,17.3,17.6,17.1,17.0,18.1,44.3,44.3,22.0,30.0,11.9,17.5,34.0,34.0,34.0,0.0,0.0,0.0,6.0,6.0,4.0,0.0,17.0,18.0,18.0,33.0,39.0,34.0,30.0,30.0,28.0,44.81,44.85,44.84,54.0,430.0,4.7,0.0,0.0,0.0
8.16,194.0,0.24,0.23,0.25,10.6,11.2,10.8,8.4,-6.0,0.14,0.1,207.8,4.1,11.0,1.0,3.0,150.0,700.0,183.0,-3.0,190.0,8.46,295.8,205.0,32.6,32.2,0.0,3.5,591.0,0.0,12.21,2.6,19.7,16.6,20.6,17.3,17.7,17.1,17.1,18.2,44.3,44.2,21.0,30.0,12.0,17.5,34.0,34.0,34.0,0.0,0.0,0.0,6.0,6.0,4.0,0.0,17.0,18.0,18.0,33.0,39.0,34.0,30.0,30.0,28.0,44.81,44.86,44.84,55.0,430.0,4.8,0.0,0.0,0.0
8.3,100.0,0.32,0.28,0.29,11.0,10.6,11.3,8.25,-12.3,0.16,0.16,207.5,3.9,14.0,1.0,3.0,149.0,701.0,182.0,1.0,184.0,8.49,300.0,209.0,33.0,32.7,0.0,3.5,682.5,0.0,12.81,2.6,19.6,16.7,20.5,17.3,17.5,17.2,16.9,18.0,44.3,44.3,22.0,30.0,11.9,17.5,34.0,34.0,34.0,0.0,0.0,0.0,6.0,6.0,4.0,0.0,17.0,18.0,18.0,33.0,39.0,34.0,30.0,30.0,28.0,44.81,44.86,44.84,53.0,430.0,4.8,0.0,0.0,0.0
8.25,154.0,0.32,0.28,0.29,10.8,10.6,11.3,8.28,1.3,0.16,0.2,207.3,4.0,16.0,1.0,3.0,143.0,701.0,176.0,0.0,185.0,8.49,300.8,208.0,29.6,29.3,0.0,3.4,790.9,0.0,13.46,2.3,19.4,16.3,20.3,17.1,17.5,16.9,16.7,17.8,44.3,44.3,22.0,30.0,11.9,17.3,31.0,31.0,34.0,0.0,0.0,0.0,6.0,6.0,4.0,0.0,17.0,18.0,18.0,32.0,39.0,34.0,30.0,30.0,28.0,44.8,44.85,44.84,54.0,430.0,4.8,0.0,0.0,0.0
8.4,44.0,0.26,0.23,0.24,11.4,11.5,14.8,8.49,3.2,0.21,0.18,207.7,4.3,12.0,1.0,3.0,157.0,701.0,192.0,6.0,197.0,8.59,302.3,211.0,32.6,32.2,0.0,3.5,660.0,0.0,12.67,2.6,19.7,16.4,20.5,17.3,17.7,17.0,17.1,18.2,44.3,44.3,22.0,30.0,11.9,17.5,34.0,34.0,34.0,0.0,0.0,0.0,6.0,6.0,4.0,0.0,17.0,17.0,18.0,33.0,39.0,34.0,30.0,30.0,28.0,44.8,44.85,44.84,55.0,430.0,4.8,0.0,0.0,0.0
8.87,198.0,0.32,0.28,0.29,10.9,10.8,11.4,9.03,-1.8,0.08,0.14,208.0,3.2,9.0,1.0,3.0,190.0,701.0,232.0,1.0,245.0,9.18,348.0,244.0,32.9,32.6,0.0,3.5,888.0,0.0,13.99,2.6,19.6,16.6,20.5,17.3,17.6,17.1,16.9,18.1,44.3,44.3,22.0,30.0,11.9,17.5,34.0,34.0,34.0,0.0,0.0,0.0,6.0,6.0,4.0,0.0,17.0,18.0,18.0,33.0,39.0,34.0,30.0,30.0,28.0,44.8,44.85,44.84,55.0,430.0,4.8,0.0,0.0,0.0
8.62,204.0,0.32,0.28,0.29,10.8,10.7,11.3,8.85,-0.6,0.02,0.16,207.8,3.8,8.0,1.0,3.0,174.0,701.0,213.0,-3.0,221.0,9.0,336.2,236.0,32.7,32.4,0.0,3.5,751.0,0.0,13.23,2.6,19.7,16.6,20.5,17.3,17.7,16.9,17.0,18.1,44.3,44.3,22.0,30.0,11.9,17.5,34.0,34.0,34.0,0.0,0.0,0.0,6.0,6.0,4.0,0.0,17.0,18.0,18.0,33.0,39.0,34.0,30.0,30.0,28.0,44.8,44.85,44.84,55.0,430.0,4.7,0.0,0.0,0.0
8.23,24.0,0.32,0.28,0.29,10.7,10.8,11.2,8.36,-10.5,0.18,0.14,207.5,3.7,12.0,1.0,3.0,143.0,701.0,175.0,-3.0,185.0,8.56,298.1,207.0,33.0,32.8,0.0,3.5,745.9,0.0,13.2,2.6,19.6,16.6,20.4,17.3,17.6,17.1,16.9,18.0,44.4,44.3,22.0,30.0,11.9,17.5,34.0,34.0,34.0,0.0,0.0,0.0,6.0,6.0,4.0,0.0,17.0,18.0,18.0,33.0,39.0,33.0,30.0,30.0,28.0,44.8,44.85,44.84,54.0,430.0,4.7,0.0,0.0,0.0
8.4,156.0,0.25,0.22,0.23,11.8,10.7,11.3,8.52,4.7,0.14,0.14,207.8,4.2,11.0,1.0,3.0,153.0,701.0,186.0,-4.0,192.0,8.53,304.9,214.0,32.6,32.3,0.0,3.5,660.0,0.0,12.67,2.6,19.7,16.5,20.5,17.3,17.7,16.9,17.1,18.2,44.3,44.3,22.0,30.0,11.9,17.5,34.0,34.0,34.0,0.0,0.0,0.0,6.0,6.0,4.0,0.0,17.0,17.0,18.0,33.0,39.0,34.0,30.0,30.0,28.0,44.8,44.85,44.84,55.0,430.0,4.8,0.0,0.0,0.0
8.18,62.0,0.24,0.23,0.24,10.9,11.4,10.6,8.37,-12.0,0.12,0.11,208.2,3.5,13.0,1.0,3.0,146.0,700.0,178.0,9.0,181.0,8.42,300.6,207.0,32.2,31.8,0.0,3.5,778.6,0.0,13.39,2.6,19.8,16.7,20.7,17.3,17.7,17.2,17.2,18.3,44.3,44.3,21.0,30.0,12.0,17.5,33.0,34.0,34.0,0.0,0.0,0.0,6.0,6.0,4.0,0.0,17.0,18.0,18.0,33.0,39.0,34.0,30.0,30.0,28.0,44.8,44.85,44.84,55.0,430.0,4.8,0.0,0.0,0.0
8.25,46.0,0.32,0.28,0.29,11.4,10.6,10.9,8.41,-5.1,0.11,0.14,207.9,4.5,9.0,1.0,3.0,151.0,701.0,185.0,-6.0,195.0,8.51,299.9,209.0,33.0,32.8,0.0,3.5,745.9,0.0,13.2,2.6,19.6,16.5,20.5,17.3,17.6,17.2,16.9,18.0,44.3,44.3,21.0,30.0,11.9,17.5,34.0,34.0,34.0,0.0,0.0,0.0,6.0,6.0,4.0,0.0,17.0,18.0,18.0,33.0,39.0,34.0,30.0,30.0,28.0,44.8,44.85,44.84,55.0,420.0,4.8,0.0,0.0,0.0
8.62,106.0,0.32,0.28,0.29,10.9,10.6,11.1,8.59,-14.5,-0.03,0.11,207.7,4.6,20.0,1.0,3.0,158.0,701.0,193.0,-7.0,200.0,8.72,315.2,223.0,29.5,29.4,0.0,3.5,790.9,0.0,13.46,2.4,19.4,16.4,20.4,17.1,17.5,17.0,16.7,17.9,44.2,44.2,21.0,30.0,11.9,17.3,31.0,31.0,34.0,0.0,0.0,0.0,6.0,6.0,4.0,0.0,17.0,18.0,18.0,33.0,39.0,34.0,30.0,30.0,28.0,44.8,44.85,44.84,55.0,430.0,4.8,0.0,0.0,0.0
7.89,256.0,0.24,0.23,0.24,12.0,10.6,10.6,8.12,-1.8,0.09,0.16,207.3,3.3,13.0,1.0,3.0,131.0,700.0,160.0,0.0,161.0,8.1,281.1,194.0,32.6,32.2,0.0,3.5,662.1,0.0,12.68,2.6,19.7,16.6,20.6,17.3,17.7,17.1,17.1,18.2,44.3,44.3,21.0,30.0,12.0,17.5,34.0,34.0,34.0,0.0,0.0,0.0,6.0,6.0,4.0,0.0,17.0,18.0,18.0,33.0,39.0,33.0,30.0,30.0,28.0,44.8,44.85,44.84,55.0,430.0,4.8,0.0,0.0,0.0
8.26,134.0,0.32,0.28,0.29,11.6,10.8,10.8,8.63,-9.9,-0.02,0.16,207.9,4.1,19.0,1.0,3.0,153.0,701.0,186.0,8.0,191.0,8.61,312.8,218.0,28.4,28.5,0.0,3.4,803.2,0.0,13.53,2.4,19.4,16.3,20.4,17.1,17.5,17.0,16.8,18.0,44.3,44.3,22.0,30.0,11.9,17.5,30.0,30.0,34.0,0.0,0.0,0.0,6.0,6.0,4.0,0.0,17.0,18.0,18.0,33.0,39.0,34.0,30.0,30.0,28.0,44.8,44.86,44.84,55.0,430.0,4.8,0.0,0.0,0.0
8.64,148.0,0.32,0.28,0.29,10.7,10.8,11.2,8.71,-10.3,0.16,0.14,207.6,4.4,15.0,1.0,3.0,167.0,701.0,204.0,-2.0,208.0,8.76,314.2,220.0,32.9,32.7,0.0,3.5,682.5,0.0,12.81,2.6,19.6,16.4,20.5,17.2,17.6,17.0,16.9,18.0,44.3,44.3,21.0,30.0,11.9,17.5,34.0,34.0,34.0,0.0,0.0,0.0,6.0,6.0,4.0,0.0,17.0,18.0,18.0,33.0,39.0,34.0,30.0,30.0,28.0,44.8,44.85,44.84,55.0,420.0,4.8,0.0,0.0,0.0
8.1,278.0,0.24,0.23,0.25,10.6,11.4,10.6,8.28,-1.1,0.11,0.14,208.0,4.6,14.0,1.0,3.0,139.0,699.0,169.0,-5.0,182.0,8.43,292.6,205.0,32.5,32.1,0.0,3.5,687.6,0.0,12.85,2.6,19.7,16.9,20.7,17.3,17.7,17.4,17.2,18.2,44.3,44.3,21.0,30.0,12.0,17.5,34.0,34.0,34.0,0.0,0.0,0.0,6.0,6.0,4.0,0.0,17.0,18.0,18.0,33.0,39.0,34.0,30.0,30.0,28.0,44.8,44.85,44.84,55.0,430.0,4.8,0.0,0.0,0.0
9.19,328.0,0.32,0.28,0.29,10.7,11.5,10.7,9.41,-20.8,0.11,0.16,207.6,5.1,20.0,1.0,3.0,209.0,701.0,255.0,-6.0,269.0,9.51,365.8,258.0,28.8,28.7,0.0,3.5,737.7,0.0,13.15,2.4,19.4,16.3,20.4,17.2,17.5,16.9,16.8,17.9,44.3,44.3,21.0,30.0,11.9,17.3,30.0,30.0,34.0,0.0,0.0,0.0,6.0,6.0,4.0,0.0,17.0,18.0,18.0,33.0,39.0,34.0,30.0,30.0,28.0,44.8,44.85,44.84,54.0,430.0,4.7,0.0,0.0,0.0
7.97,232.0,0.24,0.23,0.24,10.9,10.6,11.3,8.21,3.5,0.16,0.11,207.7,3.5,11.0,1.0,3.0,137.0,699.0,167.0,0.0,181.0,8.45,290.8,204.0,32.5,32.1,0.0,3.5,662.1,0.0,12.68,2.6,19.7,16.5,20.6,17.3,17.7,17.1,17.1,18.2,44.3,44.2,21.0,30.0,12.0,17.5,34.0,34.0,34.0,0.0,0.0,0.0,6.0,6.0,4.0,0.0,17.0,18.0,18.0,32.0,39.0,34.0,30.0,30.0,28.0,44.8,44.85,44.84,54.0,430.0,4.7,0.0,0.0,0.0
8.26,260.0,0.32,0.28,0.29,10.6,11.4,10.6,8.38,-10.7,0.08,0.14,207.5,4.5,11.0,1.0,3.0,143.0,700.0,174.0,-6.0,186.0,8.5,298.3,207.0,32.9,32.7,0.0,3.5,745.9,0.0,13.2,2.6,19.6,16.4,20.3,17.2,17.6,17.0,16.9,18.1,44.3,44.3,21.0,30.0,11.9,17.5,34.0,34.0,34.0,0.0,0.0,0.0,6.0,6.0,4.0,0.0,17.0,17.0,18.0,33.0,39.0,34.0,30.0,30.0,28.0,44.8,44.85,44.84,55.0,430.0,4.7,0.0,0.0,0.0
8.56,156.0,0.32,0.28,0.29,10.8,11.4,10.6,8.69,-5.6,0.19,0.12,207.7,4.1,17.0,1.0,3.0,168.0,701.0,199.0,-7.0,206.0,8.71,319.9,221.0,28.5,28.3,0.0,3.4,803.2,0.0,13.53,2.4,19.5,16.4,20.3,17.2,17.5,17.0,16.8,18.0,44.3,44.3,22.0,30.0,11.9,17.5,30.0,30.0,34.0,0.0,0.0,0.0,6.0,6.0,4.0,0.0,17.0,18.0,18.0,33.0,39.0,34.0,30.0,30.0,28.0,44.8,44.85,44.84,54.0,420.0,4.7,0.0,0.0,0.0
8.23,186.0,0.32,0.28,0.29,11.1,10.6,11.1,8.5,-4.8,0.14,0.13,207.4,3.9,15.0,1.0,3.0,159.0,701.0,195.0,-2.0,195.0,8.64,308.3,217.0,33.0,32.7,0.0,3.5,682.5,0.0,12.81,2.6,19.6,16.5,20.5,17.3,17.5,17.1,16.9,18.0,44.3,44.3,21.0,30.0,11.9,17.5,34.0,34.0,34.0,0.0,0.0,0.0,6.0,6.0,4.0,0.0,17.0,18.0,18.0,33.0,39.0,33.0,30.0,30.0,28.0,44.8,44.86,44.84,55.0,430.0,4.7,0.0,0.0,0.0
8.17,348.0,0.24,0.23,0.25,10.6,10.8,10.9,8.27,5.9,0.11,0.16,207.7,3.6,11.0,1.0,3.0,143.0,699.0,174.0,-3.0,178.0,8.36,291.8,202.0,32.5,32.1,0.0,3.4,687.6,0.0,12.85,2.6,19.7,16.8,20.6,17.3,17.7,17.2,17.2,18.2,44.3,44.3,22.0,30.0,12.0,17.5,34.0,34.0,34.0,0.0,0.0,0.0,6.0,6.0,4.0,0.0,17.0,18.0,18.0,33.0,39.0,34.0,30.0,30.0,28.0,44.8,44.85,44.84,54.0,420.0,4.7,0.0,0.0,0.0
8.11,334.0,0.25,0.22,0.23,10.7,11.8,10.6,8.59,3.5,0.11,0.15,207.7,3.9,11.0,1.0,3.0,153.0,701.0,187.0,-2.0,198.0,8.65,306.8,215.0,32.6,32.3,0.0,3.5,640.7,0.0,12.55,2.6,19.7,16.4,20.5,17.3,17.7,17.1,17.1,18.1,44.3,44.3,21.0,30.0,11.9,17.5,34.0,34.0,34.0,0.0,0.0,0.0,6.0,6.0,4.0,0.0,17.0,18.0,18.0,33.0,39.0,34.0,30.0,30.0,28.0,44.8,44.85,44.84,55.0,430.0,4.7,0.0,0.0,0.0
8.53,284.0,0.32,0.28,0.29,11.1,11.3,10.7,8.59,-16.5,0.03,0.14,207.3,4.3,21.0,1.0,3.0,163.0,701.0,199.0,-3.0,197.0,8.64,315.0,219.0,29.7,29.5,0.0,3.5,790.9,0.0,13.46,2.3,19.4,16.3,20.3,17.1,17.5,16.7,16.7,17.9,44.3,44.2,22.0,30.0,11.9,17.3,31.0,31.0,34.0,0.0,0.0,0.0,6.0,6.0,4.0,0.0,17.0,18.0,18.0,33.0,39.0,34.0,30.0,30.0,28.0,44.8,44.85,44.84,55.0,430.0,4.8,0.0,0.0,0.0
8.72,52.0,0.32,0.28,0.29,10.7,11.6,10.7,9.01,-2.3,0.16,0.18,207.7,3.4,5.0,1.0,3.0,184.0,701.0,224.0,1.0,227.0,8.99,341.2,238.0,32.9,32.6,0.0,3.5,888.0,0.0,13.99,2.6,19.6,16.7,20.5,17.3,17.5,17.2,16.9,18.1,44.3,44.3,22.0,30.0,11.9,17.5,34.0,34.0,34.0,0.0,0.0,0.0,6.0,6.0,4.0,0.0,17.0,18.0,18.0,33.0,39.0,34.0,30.0,30.0,28.0,44.81,44.85,44.84,55.0,430.0,4.8,0.0,0.0,0.0
8.52,238.0,0.32,0.28,0.29,11.6,10.7,10.9,8.61,-3.6,0.09,0.14,207.5,4.1,15.0,1.0,3.0,163.0,701.0,199.0,2.0,199.0,8.6,311.4,217.0,33.0,32.6,0.0,3.5,682.5,0.0,12.81,2.6,19.6,16.4,20.5,17.3,17.6,17.0,16.9,18.0,44.3,44.3,23.0,30.0,11.9,17.5,34.0,34.0,34.0,0.0,0.0,0.0,6.0,6.0,4.0,0.0,17.0,18.0,18.0,33.0,39.0,34.0,30.0,30.0,28.0,44.8,44.85,44.84,54.0,440.0,4.8,0.0,0.0,0.0
8.55,318.0,0.32,0.28,0.29,11.1,10.6,11.2,8.83,-5.7,0.11,0.11,207.5,3.7,18.0,1.0,3.0,184.0,702.0,225.0,2.0,235.0,9.05,336.5,237.0,27.8,28.5,0.0,3.5,772.5,0.0,13.35,2.4,19.5,16.6,20.4,17.2,17.5,17.0,16.8,17.9,44.3,44.3,21.0,30.0,11.9,17.5,29.0,30.0,34.0,0.0,0.0,0.0,6.0,6.0,4.0,0.0,17.0,18.0,18.0,32.0,39.0,34.0,30.0,30.0,28.0,44.8,44.85,44.84,54.0,420.0,4.7,0.0,0.0,0.0
9.07,20.0,0.32,0.28,0.29,10.9,11.5,10.9,9.28,1.0,0.09,0.14,207.5,4.1,4.0,1.0,3.0,200.0,701.0,244.0,1.0,259.0,9.38,377.2,260.0,32.7,32.5,0.0,3.5,888.0,0.0,13.99,2.6,19.6,16.4,20.5,17.3,17.6,17.1,17.0,18.1,44.3,44.3,21.0,30.0,11.9,17.5,34.0,34.0,34.0,0.0,0.0,0.0,6.0,6.0,4.0,0.0,17.0,18.0,18.0,33.0,39.0,34.0,30.0,30.0,28.0,44.8,44.85,44.84,55.0,430.0,4.8,0.0,0.0,0.0
8.73,178.0,0.32,0.28,0.29,10.6,11.4,10.6,8.82,-12.9,0.11,0.16,207.3,4.7,19.0,1.0,3.0,164.0,701.0,200.0,-4.0,208.0,8.86,325.7,227.0,28.4,29.8,0.0,3.4,772.5,0.0,13.35,2.4,19.5,16.3,20.4,17.2,17.6,16.9,16.8,18.0,44.3,44.3,21.0,30.0,11.9,17.5,31.0,31.0,34.0,0.0,0.0,0.0,6.0,6.0,4.0,0.0,17.0,18.0,18.0,33.0,39.0,34.0,30.0,30.0,28.0,44.8,44.85,44.84,54.0,420.0,4.8,0.0,0.0,0.0
8.07,336.0,0.32,0.28,0.29,11.4,10.8,10.7,8.27,-29.5,0.05,0.13,207.4,3.8,20.0,1.0,3.0,138.0,701.0,169.0,-6.0,185.0,8.35,289.5,198.0,29.7,29.5,0.0,3.5,745.9,0.0,13.2,2.3,19.4,16.5,20.4,17.1,17.5,17.0,16.7,17.8,44.3,44.3,22.0,30.0,11.9,17.3,31.0,31.0,34.0,0.0,0.0,0.0,6.0,6.0,4.0,0.0,17.0,18.0,18.0,33.0,39.0,34.0,30.0,30.0,28.0,44.8,44.85,44.84,54.0,430.0,4.8,0.0,0.0,0.0
9.36,38.0,0.32,0.28,0.29,11.0,10.9,11.1,9.43,-8.2,0.06,0.16,207.6,3.0,18.0,1.0,3.0,215.0,702.0,263.0,1.0,285.0,9.66,391.5,269.0,29.0,28.7,0.0,3.4,966.7,0.0,14.39,2.4,19.4,16.3,20.2,17.1,17.5,16.8,16.7,17.9,44.3,44.3,21.0,30.0,11.9,17.3,31.0,31.0,34.0,0.0,0.0,0.0,6.0,6.0,4.0,0.0,17.0,18.0,18.0,33.0,39.0,34.0,30.0,30.0,28.0,44.8,44.86,44.84,55.0,430.0,4.8,0.0,0.0,0.0
8.3,232.0,0.24,0.23,0.25,10.6,11.5,10.6,8.4,-11.0,0.06,0.13,207.8,4.3,14.0,1.0,3.0,151.0,700.0,184.0,8.0,202.0,8.5,301.6,211.0,32.5,32.2,0.0,3.5,591.0,0.0,12.21,2.6,19.7,16.7,20.6,17.3,17.6,17.3,17.1,18.2,44.3,44.3,22.0,30.0,12.0,17.5,34.0,34.0,34.0,0.0,0.0,0.0,6.0,6.0,4.0,0.0,17.0,18.0,18.0,33.0,39.0,33.0,30.0,30.0,28.0,44.8,44.85,44.84,55.0,430.0,4.7,0.0,0.0,0.0
8.72,326.0,0.32,0.28,0.29,11.8,10.9,11.0,9.13,-3.3,0.11,0.15,207.5,3.6,9.0,1.0,3.0,184.0,701.0,225.0,-3.0,246.0,9.18,347.4,243.0,32.9,32.6,0.0,3.5,751.0,0.0,13.23,2.6,19.6,16.4,20.5,17.3,17.7,17.0,17.0,18.1,44.3,44.3,22.0,30.0,11.9,17.5,34.0,34.0,34.0,0.0,0.0,0.0,6.0,6.0,4.0,0.0,17.0,18.0,18.0,33.0,39.0,33.0,30.0,30.0,28.0,44.8,44.86,44.83,55.0,440.0,4.8,0.0,0.0,0.0
9.52,274.0,0.32,0.28,0.29,10.8,11.5,10.8,9.75,-8.6,0.18,0.17,207.6,4.8,19.0,1.0,3.0,232.0,702.0,283.0,-1.0,292.0,9.84,407.5,280.0,28.9,28.9,0.0,3.5,966.7,0.0,14.39,2.4,19.4,16.3,20.4,17.1,17.5,16.9,16.8,17.9,44.3,44.3,21.0,30.0,11.9,17.3,30.0,31.0,34.0,0.0,0.0,0.0,6.0,6.0,4.0,0.0,17.0,18.0,18.0,33.0,39.0,34.0,30.0,30.0,28.0,44.8,44.85,44.84,55.0,430.0,4.8,0.0,0.0,0.0
8.54,232.0,0.32,0.28,0.29,10.9,10.6,11.2,8.66,-15.3,0.09,0.14,208.1,3.6,19.0,1.0,3.0,169.0,701.0,206.0,3.0,218.0,8.82,324.9,226.0,30.2,31.3,0.0,3.4,640.7,0.0,12.55,2.4,19.5,16.5,20.5,17.2,17.5,17.1,16.8,17.9,44.3,44.2,22.0,30.0,11.9,17.5,32.0,32.0,34.0,0.0,0.0,0.0,6.0,6.0,4.0,0.0,17.0,18.0,18.0,33.0,39.0,34.0,30.0,30.0,28.0,44.8,44.85,44.84,55.0,430.0,4.8,0.0,0.0,0.0
8.7,294.0,0.32,0.28,0.29,11.7,10.8,10.9,9.0,3.3,0.09,0.18,207.8,3.7,8.0,1.0,3.0,180.0,701.0,220.0,11.0,221.0,8.95,336.1,234.0,32.7,32.5,0.0,3.5,640.7,0.0,12.55,2.6,19.7,16.5,20.5,17.3,17.6,17.1,17.0,18.1,44.3,44.3,22.0,30.0,11.9,17.5,34.0,34.0,34.0,0.0,0.0,0.0,6.0,6.0,4.0,0.0,17.0,18.0,18.0,33.0,39.0,34.0,30.0,30.0,28.0,44.8,44.85,44.84,54.0,430.0,4.8,0.0,0.0,0.0
8.61,2.0,0.32,0.28,0.29,10.9,11.4,10.7,8.8,-15.9,0.08,0.15,207.4,4.3,17.0,1.0,3.0,171.0,702.0,209.0,-2.0,226.0,8.9,327.1,227.0,33.0,32.8,0.0,3.5,682.5,0.0,12.81,2.5,19.6,16.5,20.4,17.2,17.6,16.9,16.9,18.0,44.3,44.3,21.0,30.0,11.9,17.5,34.0,34.0,34.0,0.0,0.0,0.0,6.0,6.0,4.0,0.0,17.0,18.0,18.0,33.0,39.0,34.0,30.0,30.0,28.0,44.8,44.85,44.84,54.0,430.0,4.8,0.0,0.0,0.0
8.9,304.0,0.32,0.28,0.29,11.8,10.9,10.9,9.13,1.7,0.07,0.16,207.5,3.3,8.0,1.0,3.0,190.0,701.0,232.0,0.0,240.0,9.05,348.7,241.0,32.8,32.5,0.0,3.5,792.9,0.0,13.47,2.6,19.6,16.6,20.5,17.3,17.5,17.2,16.9,18.1,44.3,44.3,22.0,30.0,11.9,17.5,34.0,34.0,34.0,0.0,0.0,0.0,6.0,6.0,4.0,0.0,17.0,18.0,18.0,33.0,39.0,34.0,30.0,30.0,28.0,44.8,44.85,44.84,55.0,430.0,4.8,0.0,0.0,0.0
8.6,214.0,0.32,0.28,0.29,11.1,10.6,11.3,8.8,2.4,0.03,0.19,207.7,3.3,7.0,1.0,3.0,172.0,701.0,210.0,-3.0,216.0,8.93,332.1,231.0,33.0,32.7,0.0,3.4,792.9,0.0,13.47,2.6,19.6,16.5,20.5,17.3,17.5,17.1,16.9,18.1,44.3,44.3,22.0,30.0,11.9,17.5,34.0,34.0,34.0,0.0,0.0,0.0,6.0,6.0,4.0,0.0,17.0,18.0,18.0,33.0,39.0,33.0,30.0,30.0,28.0,44.8,44.85,44.84,55.0,430.0,4.7,0.0,0.0,0.0
8.04,314.0,0.32,0.28,0.29,11.1,10.6,11.2,8.41,2.1,0.09,0.15,207.9,4.9,6.0,1.0,3.0,147.0,700.0,180.0,1.0,195.0,8.58,302.5,210.0,32.9,32.6,0.0,3.5,792.9,0.0,13.47,2.6,19.6,16.5,20.4,17.3,17.6,17.0,16.9,18.1,44.3,44.2,22.0,30.0,11.9,17.5,34.0,34.0,34.0,0.0,0.0,0.0,6.0,6.0,4.0,0.0,17.0,18.0,18.0,32.0,39.0,34.0,30.0,30.0,28.0,44.8,44.85,44.84,54.0,440.0,4.8,0.0,0.0,0.0
8.17,164.0,0.24,0.23,0.24,10.8,11.6,10.6,8.33,0.3,0.04,0.15,208.4,4.1,14.0,1.0,3.0,148.0,700.0,180.0,-8.0,183.0,8.34,294.3,202.0,32.6,32.1,0.0,3.5,687.6,0.0,12.85,2.6,19.7,16.8,20.6,17.3,17.7,17.4,17.2,18.2,44.3,44.4,22.0,30.0,12.0,17.5,34.0,34.0,34.0,0.0,0.0,0.0,6.0,6.0,4.0,0.0,17.0,18.0,18.0,33.0,39.0,34.0,30.0,30.0,28.0,44.8,44.85,44.84,55.0,430.0,4.8,0.0,0.0,0.0
8.07,10.0,0.25,0.22,0.23,10.6,11.6,10.6,8.44,-8.3,0.09,0.16,207.9,4.6,12.0,1.0,3.0,147.0,701.0,180.0,-12.0,197.0,8.57,303.3,211.0,32.6,32.2,0.0,3.5,660.0,0.0,12.67,2.6,19.7,16.5,20.6,17.3,17.6,17.3,17.0,18.1,44.3,44.3,22.0,30.0,11.9,17.5,34.0,34.0,34.0,0.0,0.0,0.0,6.0,6.0,4.0,0.0,17.0,17.0,18.0,33.0,39.0,34.0,30.0,30.0,28.0,44.8,44.85,44.84,55.0,430.0,4.8,0.0,0.0,0.0
8.17,102.0,0.24,0.23,0.24,12.2,10.9,10.6,8.38,-14.6,0.11,0.14,208.0,3.3,15.0,1.0,3.0,147.0,700.0,179.0,9.0,193.0,8.44,298.6,205.0,32.5,32.2,0.0,3.5,591.0,0.0,12.21,2.6,19.7,16.5,20.6,17.3,17.6,17.2,17.1,18.2,44.3,44.3,23.0,30.0,11.9,17.5,34.0,34.0,34.0,0.0,0.0,0.0,6.0,6.0,4.0,0.0,17.0,18.0,18.0,33.0,39.0,33.0,30.0,30.0,28.0,44.8,44.85,44.84,54.0,440.0,4.7,0.0,0.0,0.0
8.23,28.0,0.24,0.23,0.25,10.7,10.8,11.3,8.44,8.5,0.14,0.14,207.8,4.5,12.0,1.0,3.0,153.0,700.0,186.0,11.0,199.0,8.56,297.2,209.0,32.6,32.4,0.0,3.5,660.0,0.0,12.67,2.6,19.7,16.6,20.6,17.3,17.6,17.2,17.1,18.2,44.3,44.3,21.0,30.0,11.9,17.5,34.0,34.0,34.0,0.0,0.0,0.0,6.0,6.0,4.0,0.0,17.0,17.0,18.0,33.0,39.0,34.0,30.0,30.0,28.0,44.8,44.86,44.84,55.0,420.0,4.8,0.0,0.0,0.0
8.19,264.0,0.24,0.23,0.24,10.6,11.8,10.5,8.27,-20.0,0.07,0.18,207.8,3.9,17.0,1.0,3.0,139.0,701.0,169.0,-7.0,183.0,8.42,293.3,202.0,32.6,32.3,0.0,3.5,660.0,0.0,12.67,2.6,19.7,16.6,20.5,17.3,17.7,17.1,17.1,18.2,44.3,44.3,22.0,30.0,11.9,17.5,34.0,34.0,34.0,0.0,0.0,0.0,6.0,6.0,4.0,0.0,17.0,18.0,18.0,33.0,39.0,34.0,30.0,30.0,28.0,44.8,44.86,44.84,55.0,430.0,4.6,0.0,0.0,0.0
8.37,230.0,0.32,0.28,0.29,11.6,10.8,10.8,8.7,-15.1,0.21,0.18,208.0,4.2,20.0,1.0,3.0,155.0,701.0,189.0,6.0,196.0,8.69,316.0,219.0,29.7,29.5,0.0,3.5,790.9,0.0,13.46,2.3,19.4,16.3,20.3,17.1,17.5,16.8,16.7,17.9,44.3,44.2,22.0,30.0,11.9,17.3,31.0,31.0,34.0,0.0,0.0,0.0,6.0,6.0,4.0,0.0,17.0,18.0,18.0,33.0,39.0,34.0,30.0,30.0,28.0,44.8,44.85,44.84,55.0,430.0,4.8,0.0,0.0,0.0
8.8,150.0,0.32,0.28,0.29,11.3,10.6,11.1,8.84,-20.5,-0.01,0.12,207.6,5.1,18.0,1.0,3.0,174.0,701.0,212.0,6.0,224.0,9.0,325.6,230.0,28.8,28.6,0.0,3.4,737.7,0.0,13.15,2.4,19.4,16.6,20.4,17.2,17.5,17.0,16.8,17.9,44.3,44.2,21.0,30.0,11.9,17.4,30.0,30.0,34.0,0.0,0.0,0.0,6.0,6.0,4.0,0.0,17.0,18.0,18.0,33.0,39.0,34.0,30.0,30.0,28.0,44.8,44.85,44.84,55.0,420.0,4.7,0.0,0.0,0.0
8.19,246.0,0.32,0.28,0.29,10.9,10.5,11.1,8.19,-22.3,-0.02,0.1,207.4,3.9,21.0,1.0,3.0,140.0,701.0,171.0,-2.0,183.0,8.44,294.2,206.0,29.8,29.5,0.0,3.5,745.9,0.0,13.2,2.3,19.4,16.4,20.4,17.1,17.4,17.0,16.7,17.8,44.3,44.3,22.0,30.0,11.9,17.3,31.0,31.0,34.0,0.0,0.0,0.0,6.0,6.0,4.0,0.0,17.0,18.0,18.0,33.0,39.0,33.0,30.0,30.0,28.0,44.8,44.85,44.84,55.0,430.0,4.7,0.0,0.0,0.0
8.01,4.0,0.24,0.23,0.25,10.6,11.1,10.8,8.42,-7.9,0.01,0.13,207.7,4.1,12.0,1.0,3.0,144.0,700.0,176.0,3.0,194.0,8.49,295.7,207.0,32.6,32.2,0.0,3.5,687.6,0.0,12.85,2.6,19.7,16.6,20.5,17.3,17.8,16.9,17.2,18.2,44.3,44.3,22.0,30.0,12.0,17.5,34.0,34.0,34.0,0.0,0.0,0.0,6.0,6.0,4.0,0.0,17.0,18.0,18.0,32.0,39.0,34.0,30.0,30.0,28.0,44.8,44.85,44.84,55.0,430.0,4.8,0.0,0.0,0.0
8.68,250.0,0.32,0.28,0.29,11.3,10.8,11.1,8.99,-0.5,0.1,0.14,208.0,3.3,8.0,1.0,3.0,182.0,702.0,223.0,0.0,229.0,9.1,349.9,244.0,32.8,32.5,0.0,3.5,792.9,0.0,13.47,2.6,19.6,16.6,20.5,17.3,17.5,17.2,16.9,18.1,44.3,44.3,21.0,30.0,11.9,17.5,34.0,34.0,34.0,0.0,0.0,0.0,6.0,6.0,4.0,0.0,17.0,18.0,18.0,33.0,39.0,34.0,30.0,30.0,28.0,44.8,44.85,44.84,55.0,430.0,4.8,0.0,0.0,0.0
9.6,42.0,0.32,0.28,0.29,10.7,11.1,10.8,9.71,-16.4,0.05,0.16,207.9,4.7,20.0,1.0,3.0,234.0,702.0,286.0,7.0,298.0,9.85,394.3,278.0,28.9,28.8,0.0,3.5,966.7,0.0,14.39,2.4,19.4,16.4,20.3,17.2,17.5,16.9,16.8,18.0,44.3,44.3,22.0,30.0,11.9,17.3,30.0,30.0,34.0,0.0,0.0,0.0,6.0,6.0,4.0,0.0,17.0,18.0,18.0,33.0,39.0,34.0,30.0,30.0,28.0,44.8,44.85,44.84,54.0,430.0,4.7,0.0,0.0,0.0
8.13,170.0,0.32,0.28,0.29,10.6,10.6,11.1,8.26,-12.9,0.06,0.14,207.8,3.8,17.0,1.0,3.0,142.0,701.0,173.0,-7.0,172.0,8.32,288.1,200.0,29.7,29.4,0.0,3.5,745.9,0.0,13.2,2.3,19.4,16.5,20.3,17.1,17.5,17.0,16.7,17.8,44.3,44.3,21.0,30.0,11.9,17.3,31.0,31.0,34.0,0.0,0.0,0.0,6.0,6.0,4.0,0.0,17.0,18.0,18.0,32.0,39.0,34.0,30.0,30.0,28.0,44.8,44.85,44.84,54.0,420.0,4.8,0.0,0.0,0.0
8.53,32.0,0.32,0.28,0.29,10.7,10.8,11.1,8.55,-6.8,0.03,0.19,207.8,3.8,19.0,1.0,3.0,157.0,701.0,191.0,8.0,202.0,8.76,318.5,220.0,29.5,29.2,0.0,3.5,790.9,0.0,13.46,2.4,19.4,16.5,20.3,17.1,17.5,16.9,16.7,17.9,44.3,44.2,22.0,30.0,11.9,17.3,31.0,31.0,34.0,0.0,0.0,0.0,6.0,6.0,4.0,0.0,17.0,18.0,18.0,33.0,39.0,34.0,30.0,30.0,28.0,44.8,44.85,44.84,54.0,430.0,4.8,0.0,0.0,0.0
8.37,242.0,0.25,0.22,0.23,12.0,10.8,10.7,8.72,0.7,0.14,0.16,207.9,3.9,10.0,1.0,3.0,158.0,701.0,193.0,0.0,205.0,8.73,314.5,218.0,32.6,32.3,0.0,3.5,640.7,0.0,12.55,2.6,19.7,16.6,20.4,17.3,17.7,17.0,17.1,18.1,44.3,44.3,22.0,30.0,11.9,17.5,34.0,34.0,34.0,0.0,0.0,0.0,6.0,6.0,4.0,0.0,17.0,18.0,18.0,33.0,39.0,34.0,30.0,30.0,28.0,44.8,44.85,44.84,54.0,430.0,4.8,0.0,0.0,0.0
8.91,328.0,0.32,0.28,0.29,10.8,10.9,11.0,9.17,-13.8,0.04,0.14,207.6,3.1,18.0,1.0,3.0,184.0,701.0,225.0,-17.0,242.0,9.28,355.6,247.0,29.2,28.9,0.0,3.4,977.0,0.0,14.44,2.4,19.4,16.3,20.3,17.2,17.5,17.0,16.7,17.9,44.3,44.3,21.0,30.0,11.9,17.3,31.0,31.0,34.0,0.0,0.0,0.0,6.0,6.0,4.0,0.0,17.0,18.0,18.0,33.0,39.0,34.0,30.0,30.0,28.0,44.8,44.85,44.84,55.0,430.0,4.8,0.0,0.0,0.0
7.72,110.0,0.24,0.23,0.25,10.6,11.2,10.6,8.05,-6.0,0.09,0.14,207.8,3.6,13.0,1.0,3.0,127.0,700.0,155.0,14.0,165.0,8.21,276.1,192.0,32.6,32.3,0.0,3.5,662.1,0.0,12.68,2.6,19.7,16.5,20.6,17.3,17.7,17.0,17.1,18.2,44.3,44.3,22.0,30.0,12.0,17.5,34.0,34.0,34.0,0.0,0.0,0.0,6.0,6.0,4.0,0.0,17.0,18.0,18.0,32.0,39.0,34.0,30.0,30.0,28.0,44.8,44.85,44.84,55.0,430.0,4.8,0.0,0.0,0.0
8.4,52.0,0.32,0.28,0.29,10.6,10.8,10.9,8.58,-14.2,0.08,0.11,207.7,3.7,20.0,1.0,3.0,154.0,701.0,188.0,7.0,205.0,8.75,312.0,219.0,29.4,29.1,0.0,3.5,790.9,0.0,13.46,2.4,19.4,16.4,20.4,17.1,17.5,17.0,16.7,17.8,44.3,44.2,21.0,30.0,11.9,17.3,31.0,31.0,34.0,0.0,0.0,0.0,6.0,6.0,4.0,0.0,17.0,18.0,18.0,33.0,39.0,34.0,30.0,30.0,28.0,44.8,44.85,44.84,55.0,430.0,4.8,0.0,0.0,0.0
8.22,164.0,0.24,0.23,0.24,12.4,10.8,10.7,8.52,-12.0,0.07,0.11,207.6,4.8,13.0,1.0,3.0,146.0,700.0,178.0,-10.0,180.0,8.47,299.4,210.0,32.6,32.3,0.0,3.5,662.1,0.0,12.68,2.6,19.7,16.7,20.6,17.3,17.7,17.1,17.2,18.2,44.3,44.3,21.0,30.0,12.0,17.5,34.0,34.0,34.0,0.0,0.0,0.0,6.0,6.0,4.0,0.0,17.0,18.0,18.0,33.0,39.0,34.0,30.0,30.0,28.0,44.8,44.85,44.84,55.0,420.0,4.7,0.0,0.0,0.0
8.32,40.0,0.32,0.28,0.29,10.6,10.8,11.0,8.39,-13.5,-0.02,0.14,207.9,3.7,14.0,1.0,3.0,142.0,701.0,173.0,-6.0,183.0,8.46,300.3,209.0,33.0,32.7,0.0,3.5,682.5,0.0,12.81,2.6,19.6,16.7,20.5,17.3,17.5,17.2,16.9,18.0,44.3,44.3,22.0,30.0,11.9,17.5,34.0,34.0,34.0,0.0,0.0,0.0,6.0,6.0,4.0,0.0,17.0,18.0,18.0,32.0,39.0,34.0,30.0,30.0,28.0,44.8,44.86,44.84,54.0,430.0,4.8,0.0,0.0,0.0
8.65,264.0,0.32,0.28,0.29,10.6,11.2,10.6,8.65,-11.9,0.09,0.15,207.8,4.6,18.0,1.0,3.0,161.0,701.0,196.0,-2.0,209.0,8.76,316.6,221.0,28.5,28.3,0.0,3.4,803.2,0.0,13.53,2.4,19.5,16.5,20.4,17.2,17.5,17.0,16.8,18.0,44.3,44.3,21.0,30.0,11.9,17.5,30.0,30.0,34.0,0.0,0.0,0.0,6.0,6.0,4.0,0.0,17.0,18.0,18.0,33.0,39.0,34.0,30.0,30.0,28.0,44.81,44.85,44.84,55.0,430.0,4.7,0.0,0.0,0.0
8.5,72.0,0.32,0.28,0.29,10.6,11.5,10.8,8.82,-5.0,0.12,0.1,208.1,3.7,18.0,1.0,3.0,164.0,701.0,200.0,5.0,212.0,8.87,326.3,226.0,30.3,31.6,0.0,3.4,640.7,0.0,12.55,2.4,19.6,16.6,20.4,17.2,17.5,17.0,16.8,18.0,44.3,44.3,21.0,30.0,11.9,17.5,32.0,32.0,34.0,0.0,0.0,0.0,6.0,6.0,4.0,0.0,17.0,18.0,18.0,33.0,39.0,33.0,30.0,30.0,28.0,44.8,44.85,44.84,55.0,430.0,4.7,0.0,0.0,0.0
8.26,326.0,0.24,0.23,0.24,10.6,11.8,10.5,8.39,-6.4,0.21,0.15,207.5,3.1,13.0,1.0,3.0,153.0,700.0,186.0,9.0,193.0,8.44,299.8,208.0,32.6,32.2,0.0,3.5,662.1,0.0,12.68,2.6,19.7,16.8,20.6,17.3,17.8,17.0,17.2,18.2,44.3,44.3,21.0,30.0,12.0,17.5,34.0,34.0,34.0,0.0,0.0,0.0,6.0,6.0,4.0,0.0,17.0,18.0,18.0,33.0,39.0,33.0,30.0,30.0,28.0,44.8,44.84,44.84,55.0,430.0,4.7,0.0,0.0,0.0
8.19,202.0,0.24,0.23,0.24,10.6,11.6,10.6,8.36,-11.7,0.09,0.14,207.7,4.7,16.0,1.0,3.0,140.0,699.0,171.0,-2.0,190.0,8.49,296.6,207.0,32.4,32.1,0.0,3.5,687.6,0.0,12.85,2.6,19.7,16.6,20.6,17.3,17.7,17.4,17.2,18.3,44.3,44.3,22.0,30.0,12.0,17.5,34.0,34.0,34.0,0.0,0.0,0.0,6.0,6.0,4.0,0.0,17.0,18.0,18.0,33.0,39.0,34.0,30.0,30.0,28.0,44.8,44.85,44.84,55.0,430.0,4.8,0.0,0.0,0.0
8.28,56.0,0.24,0.23,0.24,10.8,10.6,11.3,8.39,-7.1,0.11,0.18,207.9,3.6,12.0,1.0,3.0,143.0,700.0,174.0,-7.0,188.0,8.55,296.7,208.0,32.6,32.1,0.0,3.5,687.6,0.0,12.85,2.6,19.7,16.7,20.5,17.3,17.8,16.9,17.2,18.2,44.3,44.3,22.0,30.0,12.0,17.5,34.0,34.0,34.0,0.0,0.0,0.0,6.0,6.0,4.0,0.0,17.0,18.0,18.0,32.0,39.0,34.0,30.0,30.0,28.0,44.8,44.85,44.84,54.0,430.0,4.8,0.0,0.0,0.0
8.13,8.0,0.32,0.28,0.29,11.6,10.6,10.8,8.49,0.8,0.11,0.15,207.6,4.6,6.0,1.0,3.0,144.0,700.0,176.0,7.0,186.0,8.54,301.0,209.0,32.9,32.7,0.0,3.5,792.9,0.0,13.47,2.6,19.6,16.5,20.4,17.3,17.7,17.0,16.9,18.1,44.3,44.2,21.0,30.0,11.9,17.5,34.0,34.0,34.0,0.0,0.0,0.0,6.0,6.0,4.0,0.0,17.0,18.0,18.0,33.0,39.0,34.0,30.0,30.0,28.0,44.8,44.85,44.84,54.0,440.0,4.8,0.0,0.0,0.0
8.31,26.0,0.24,0.23,0.24,10.7,11.8,10.5,8.59,-4.6,0.09,0.13,207.9,4.2,9.0,1.0,3.0,162.0,700.0,202.0,4.0,211.0,8.7,315.3,217.0,32.5,32.0,0.0,3.5,778.6,0.0,13.39,2.6,19.8,16.8,20.7,17.4,17.7,17.3,17.3,18.3,44.3,44.3,21.0,30.0,12.0,17.5,33.0,34.0,34.0,0.0,0.0,0.0,6.0,6.0,4.0,0.0,17.0,18.0,18.0,33.0,39.0,34.0,30.0,30.0,28.0,44.81,44.85,44.84,55.0,430.0,4.7,0.0,0.0,0.0
7.98,332.0,0.24,0.23,0.24,10.6,10.7,11.2,8.28,1.1,0.03,0.16,207.5,4.1,13.0,1.0,3.0,139.0,699.0,169.0,-8.0,181.0,8.43,294.5,204.0,32.6,32.1,0.0,3.5,687.6,0.0,12.85,2.6,19.7,16.9,20.6,17.3,17.7,17.3,17.2,18.2,44.3,44.3,22.0,30.0,12.0,17.5,34.0,34.0,34.0,0.0,0.0,0.0,6.0,6.0,4.0,0.0,17.0,18.0,18.0,33.0,39.0,34.0,30.0,30.0,28.0,44.8,44.85,44.84,54.0,420.0,4.8,0.0,0.0,0.0
8.82,132.0,0.32,0.28,0.29,10.6,11.1,10.7,8.91,-24.2,0.14,0.16,207.8,4.5,21.0,1.0,3.0,171.0,701.0,209.0,3.0,220.0,8.98,335.0,234.0,32.6,32.7,0.0,3.4,682.5,0.0,12.81,2.5,19.6,16.6,20.5,17.3,17.5,17.1,16.8,18.0,44.3,44.3,22.0,30.0,11.9,17.5,34.0,35.0,34.0,0.0,0.0,0.0,6.0,6.0,4.0,0.0,17.0,18.0,18.0,33.0,39.0,34.0,30.0,30.0,28.0,44.8,44.85,44.84,53.0,430.0,4.7,0.0,0.0,0.0
8.77,4.0,0.32,0.28,0.29,11.3,11.2,10.6,9.0,-6.7,0.09,0.2,207.9,4.7,9.0,1.0,3.0,176.0,701.0,215.0,-5.0,220.0,9.02,337.8,233.0,32.7,32.3,0.0,3.5,751.0,0.0,13.23,2.6,19.6,16.6,20.5,17.3,17.7,17.1,17.0,18.1,44.3,44.3,21.0,30.0,11.9,17.5,34.0,34.0,34.0,0.0,0.0,0.0,6.0,6.0,4.0,0.0,17.0,18.0,18.0,33.0,39.0,34.0,30.0,30.0,28.0,44.8,44.85,44.84,54.0,430.0,4.8,0.0,0.0,0.0
8.31,110.0,0.24,0.23,0.24,11.6,10.6,11.0,8.37,-9.1,0.11,0.14,207.5,4.4,12.0,1.0,3.0,144.0,699.0,176.0,-6.0,187.0,8.53,298.4,208.0,32.5,32.2,0.0,3.5,662.1,0.0,12.68,2.6,19.7,16.7,20.5,17.3,17.8,17.0,17.2,18.2,44.3,44.3,21.0,30.0,12.0,17.5,34.0,34.0,34.0,0.0,0.0,0.0,6.0,6.0,4.0,0.0,17.0,18.0,18.0,33.0,39.0,34.0,30.0,30.0,28.0,44.8,44.85,44.84,54.0,420.0,4.7,0.0,0.0,0.0
9.08,220.0,0.32,0.28,0.29,11.3,11.4,10.9,9.84,-8.9,0.01,0.12,207.5,4.9,19.0,1.0,3.0,240.0,702.0,293.0,-1.0,299.0,9.84,409.5,284.0,29.0,28.8,0.0,3.4,966.7,0.0,14.39,2.4,19.4,16.3,20.4,17.1,17.5,16.9,16.8,17.9,44.3,44.3,21.0,30.0,11.9,17.3,30.0,31.0,34.0,0.0,0.0,0.0,6.0,6.0,4.0,0.0,17.0,18.0,18.0,33.0,39.0,34.0,30.0,30.0,28.0,44.8,44.85,44.84,55.0,420.0,4.8,0.0,0.0,0.0
9.2,274.0,0.32,0.28,0.29,11.4,11.3,10.9,9.38,-23.0,0.09,0.15,207.9,6.1,20.0,1.0,3.0,196.0,701.0,240.0,2.0,253.0,9.42,363.9,253.0,28.8,28.7,0.0,3.4,737.7,0.0,13.15,2.4,19.4,16.3,20.4,17.2,17.4,17.0,16.7,17.9,44.3,44.3,21.0,30.0,11.9,17.3,30.0,30.0,34.0,0.0,0.0,0.0,6.0,6.0,4.0,0.0,17.0,18.0,18.0,33.0,39.0,34.0,30.0,30.0,28.0,44.8,44.85,44.84,54.0,430.0,4.7,0.0,0.0,0.0
8.52,84.0,0.32,0.28,0.29,10.7,11.6,10.6,8.6,2.7,0.11,0.18,207.6,4.0,7.0,1.0,3.0,151.0,701.0,184.0,-6.0,194.0,8.64,318.7,217.0,32.9,32.6,0.0,3.5,792.9,0.0,13.47,2.6,19.6,16.5,20.5,17.3,17.6,17.1,16.9,18.1,44.3,44.3,22.0,30.0,11.9,17.5,34.0,34.0,34.0,0.0,0.0,0.0,6.0,6.0,4.0,0.0,17.0,18.0,18.0,33.0,39.0,34.0,30.0,30.0,28.0,44.8,44.85,44.84,54.0,420.0,4.8,0.0,0.0,0.0
8.35,356.0,0.32,0.28,0.29,11.6,10.8,10.9,8.76,-7.6,0.09,0.13,207.8,4.1,18.0,1.0,3.0,161.0,701.0,197.0,-2.0,206.0,8.83,318.7,223.0,29.5,30.6,0.0,3.5,640.7,0.0,12.55,2.4,19.5,16.3,20.4,17.2,17.5,17.0,16.8,18.0,44.3,44.3,21.0,30.0,11.9,17.5,32.0,32.0,34.0,0.0,0.0,0.0,6.0,6.0,4.0,0.0,17.0,18.0,18.0,33.0,39.0,34.0,30.0,30.0,28.0,44.8,44.85,44.84,54.0,430.0,4.8,0.0,0.0,0.0
9.09,144.0,0.32,0.28,0.29,11.6,11.0,11.1,9.56,-12.4,0.06,0.12,207.7,4.3,19.0,1.0,3.0,207.0,701.0,253.0,8.0,263.0,9.53,383.6,265.0,29.1,28.9,0.0,3.4,966.7,0.0,14.39,2.4,19.4,16.4,20.3,17.1,17.5,17.0,16.7,17.9,44.3,44.3,21.0,30.0,11.9,17.3,31.0,31.0,34.0,0.0,0.0,0.0,6.0,6.0,4.0,0.0,17.0,18.0,18.0,33.0,39.0,34.0,30.0,30.0,28.0,44.8,44.86,44.84,54.0,430.0,4.8,0.0,0.0,0.0
8.41,176.0,0.32,0.28,0.29,10.7,11.0,10.9,8.69,3.3,0.11,0.14,207.5,3.8,7.0,1.0,3.0,162.0,701.0,197.0,-6.0,211.0,8.84,322.9,224.0,32.9,32.6,0.0,3.5,792.9,0.0,13.47,2.6,19.6,16.4,20.5,17.3,17.6,17.1,16.9,18.1,44.3,44.3,21.0,30.0,11.9,17.5,34.0,34.0,34.0,0.0,0.0,0.0,6.0,6.0,4.0,0.0,17.0,18.0,18.0,33.0,39.0,34.0,30.0,30.0,28.0,44.8,44.85,44.84,54.0,430.0,4.8,0.0,0.0,0.0
8.28,10.0,0.24,0.23,0.24,11.8,10.9,10.6,8.44,-15.1,0.09,0.16,207.5,4.0,13.0,1.0,3.0,143.0,700.0,174.0,2.0,182.0,8.45,301.9,209.0,32.4,31.9,0.0,3.5,778.6,0.0,13.39,2.6,19.8,16.7,20.7,17.3,17.7,17.2,17.3,18.3,44.3,44.3,22.0,30.0,12.0,17.5,33.0,34.0,34.0,0.0,0.0,0.0,6.0,6.0,4.0,0.0,17.0,18.0,18.0,33.0,39.0,34.0,30.0,30.0,28.0,44.8,44.85,44.84,55.0,430.0,4.8,0.0,0.0,0.0
8.02,234.0,0.24,0.23,0.24,11.9,10.9,10.6,8.33,-7.2,0.31,0.16,207.8,3.1,13.0,1.0,3.0,137.0,700.0,167.0,-3.0,184.0,8.38,295.0,203.0,32.5,32.1,0.0,3.5,662.1,0.0,12.68,2.6,19.7,16.8,20.6,17.3,17.7,17.1,17.2,18.2,44.3,44.3,21.0,30.0,12.0,17.5,34.0,34.0,34.0,0.0,0.0,0.0,6.0,6.0,4.0,0.0,17.0,18.0,18.0,33.0,39.0,34.0,30.0,30.0,28.0,44.8,44.86,44.84,55.0,420.0,4.8,0.0,0.0,0.0
8.29,102.0,0.24,0.23,0.24,10.8,11.4,10.6,8.42,-11.5,0.14,0.16,207.7,4.0,12.0,1.0,3.0,143.0,700.0,175.0,2.0,183.0,8.47,303.2,209.0,32.6,32.3,0.0,3.5,591.0,0.0,12.21,2.6,19.7,16.7,20.6,17.3,17.7,17.2,17.1,18.2,44.3,44.2,21.0,30.0,12.0,17.5,34.0,34.0,34.0,0.0,0.0,0.0,6.0,6.0,4.0,0.0,17.0,18.0,18.0,33.0,39.0,33.0,30.0,30.0,28.0,44.8,44.85,44.84,55.0,430.0,4.8,0.0,0.0,0.0
9.69,112.0,0.32,0.28,0.29,11.4,10.8,11.1,9.94,-13.7,0.04,0.16,208.0,5.5,20.0,1.0,3.0,235.0,702.0,287.0,7.0,310.0,9.96,410.2,283.0,29.0,28.8,0.0,3.4,966.7,0.0,14.39,2.4,19.4,16.3,20.4,17.2,17.4,17.0,16.7,17.9,44.3,44.3,21.0,30.0,11.9,17.3,30.0,31.0,34.0,0.0,0.0,0.0,6.0,6.0,4.0,0.0,17.0,18.0,18.0,33.0,39.0,34.0,30.0,30.0,28.0,44.8,44.85,44.84,54.0,430.0,4.7,0.0,0.0,0.0
7.88,30.0,0.32,0.28,0.29,11.0,11.3,10.6,8.29,-29.5,0.11,0.14,207.6,4.0,21.0,1.0,3.0,136.0,702.0,166.0,-8.0,181.0,8.31,286.6,197.0,29.8,29.5,0.0,3.5,745.9,0.0,13.2,2.3,19.4,16.5,20.3,17.1,17.5,16.9,16.7,17.8,44.3,44.3,22.0,30.0,11.9,17.3,31.0,31.0,34.0,0.0,0.0,0.0,6.0,6.0,4.0,0.0,17.0,18.0,18.0,33.0,39.0,34.0,30.0,30.0,28.0,44.8,44.85,44.84,55.0,430.0,4.8,0.0,0.0,0.0
8.13,122.0,0.32,0.28,0.29,11.1,10.6,11.2,8.54,-16.0,0.14,0.16,207.3,4.6,20.0,1.0,3.0,167.0,701.0,204.0,-4.0,219.0,8.79,317.7,222.0,29.6,29.3,0.0,3.4,790.9,0.0,13.46,2.3,19.4,16.2,20.3,17.1,17.5,16.9,16.7,17.9,44.3,44.2,21.0,30.0,11.9,17.3,31.0,31.0,34.0,0.0,0.0,0.0,6.0,6.0,4.0,0.0,17.0,18.0,18.0,33.0,39.0,34.0,30.0,30.0,28.0,44.8,44.85,44.84,55.0,430.0,4.8,0.0,0.0,0.0
8.25,78.0,0.24,0.23,0.24,10.9,11.3,10.5,8.37,-16.8,0.13,0.13,207.7,4.7,15.0,1.0,3.0,143.0,700.0,175.0,2.0,187.0,8.49,297.8,206.0,32.3,32.0,0.0,3.5,778.6,0.0,13.39,2.6,19.8,16.7,20.6,17.3,17.8,17.2,17.2,18.3,44.3,44.3,22.0,30.0,12.0,17.5,33.0,34.0,34.0,0.0,0.0,0.0,6.0,6.0,4.0,0.0,17.0,18.0,18.0,33.0,39.0,34.0,30.0,30.0,28.0,44.8,44.85,44.84,55.0,430.0,4.7,0.0,0.0,0.0
8.25,176.0,0.32,0.28,0.29,11.6,10.6,10.9,8.63,-16.3,0.0,0.1,207.5,4.3,20.0,1.0,3.0,158.0,701.0,193.0,8.0,205.0,8.77,317.5,220.0,29.7,29.4,0.0,3.5,790.9,0.0,13.46,2.3,19.4,16.2,20.3,17.1,17.5,16.9,16.7,17.9,44.2,44.2,21.0,30.0,11.9,17.3,31.0,31.0,34.0,0.0,0.0,0.0,6.0,6.0,4.0,0.0,17.0,18.0,18.0,33.0,39.0,34.0,30.0,30.0,28.0,44.8,44.85,44.84,55.0,430.0,4.8,0.0,0.0,0.0
8.41,188.0,0.25,0.22,0.23,11.5,10.7,11.1,8.57,2.2,0.02,0.09,207.5,4.1,10.0,1.0,3.0,166.0,700.0,202.0,8.0,213.0,8.74,314.3,220.0,32.6,32.3,0.0,3.5,640.7,0.0,12.55,2.6,19.7,16.5,20.4,17.3,17.7,17.0,17.1,18.1,44.3,44.3,22.0,30.0,11.9,17.5,34.0,34.0,34.0,0.0,0.0,0.0,6.0,6.0,4.0,0.0,17.0,18.0,18.0,33.0,39.0,34.0,30.0,30.0,28.0,44.8,44.85,44.84,55.0,430.0,4.8,0.0,0.0,0.0
7.89,310.0,0.24,0.23,0.24,11.4,11.3,10.6,8.09,-1.1,0.12,0.19,207.8,4.3,12.0,1.0,3.0,129.0,700.0,157.0,-12.0,161.0,8.07,280.1,192.0,32.5,32.1,0.0,3.5,662.1,0.0,12.68,2.6,19.7,16.5,20.6,17.3,17.7,17.1,17.2,18.2,44.3,44.3,22.0,30.0,12.0,17.5,34.0,34.0,34.0,0.0,0.0,0.0,6.0,6.0,4.0,0.0,17.0,18.0,18.0,33.0,39.0,34.0,30.0,30.0,28.0,44.8,44.85,44.84,55.0,420.0,4.8,0.0,0.0,0.0
8.18,248.0,0.24,0.23,0.24,11.0,10.6,11.3,8.41,-6.0,0.08,0.18,207.6,3.6,12.0,1.0,3.0,153.0,700.0,186.0,-3.0,199.0,8.54,296.9,208.0,32.6,32.3,0.0,3.4,591.0,0.0,12.21,2.6,19.7,16.6,20.6,17.3,17.8,17.0,17.1,18.2,44.3,44.2,22.0,30.0,12.0,17.5,34.0,34.0,34.0,0.0,0.0,0.0,6.0,6.0,4.0,0.0,17.0,18.0,18.0,32.0,39.0,34.0,30.0,30.0,28.0,44.81,44.86,44.84,55.0,430.0,4.8,0.0,0.0,0.0
8.23,20.0,0.24,0.23,0.24,10.5,11.2,10.6,8.38,-7.2,-0.02,0.16,208.0,3.4,13.0,1.0,3.0,153.0,700.0,187.0,-3.0,196.0,8.46,298.9,206.0,32.6,32.1,0.0,3.5,662.1,0.0,12.68,2.6,19.7,16.8,20.6,17.3,17.8,17.0,17.2,18.2,44.3,44.3,21.0,30.0,12.0,17.5,34.0,34.0,34.0,0.0,0.0,0.0,6.0,6.0,4.0,0.0,17.0,18.0,18.0,33.0,39.0,33.0,30.0,30.0,28.0,44.8,44.85,44.84,55.0,430.0,4.8,0.0,0.0,0.0
9.44,128.0,0.32,0.28,0.29,11.4,10.9,11.3,9.76,-5.1,0.09,0.16,207.8,4.6,18.0,1.0,3.0,230.0,702.0,281.0,-12.0,288.0,9.75,404.1,280.0,29.1,28.8,0.0,3.5,966.7,0.0,14.39,2.4,19.4,16.2,20.3,17.1,17.4,17.0,16.8,17.9,44.3,44.3,22.0,30.0,11.9,17.3,31.0,31.0,34.0,0.0,0.0,0.0,6.0,6.0,4.0,0.0,17.0,18.0,18.0,33.0,39.0,34.0,30.0,30.0,28.0,44.8,44.85,44.84,54.0,430.0,4.8,0.0,0.0,0.0
8.22,26.0,0.24,0.23,0.24,12.1,10.9,10.6,8.4,-16.5,0.05,0.16,207.7,3.9,15.0,1.0,3.0,143.0,700.0,174.0,-15.0,186.0,8.48,298.4,206.0,32.3,31.9,0.0,3.5,778.6,0.0,13.39,2.6,19.8,16.7,20.6,17.3,17.8,17.1,17.2,18.3,44.3,44.3,21.0,30.0,12.0,17.5,33.0,34.0,34.0,0.0,0.0,0.0,6.0,6.0,4.0,0.0,17.0,18.0,18.0,33.0,39.0,34.0,30.0,30.0,28.0,44.8,44.86,44.84,55.0,430.0,4.7,0.0,0.0,0.0
8.59,252.0,0.32,0.28,0.29,11.5,10.8,11.1,9.13,4.8,0.22,0.2,207.8,2.9,4.0,1.0,3.0,184.0,701.0,224.0,1.0,232.0,9.11,346.8,241.0,32.8,32.5,0.0,3.5,888.0,0.0,13.99,2.6,19.6,16.7,20.5,17.3,17.6,17.0,16.9,18.1,44.3,44.3,21.0,30.0,11.9,17.5,34.0,34.0,34.0,0.0,0.0,0.0,6.0,6.0,4.0,0.0,17.0,18.0,18.0,33.0,39.0,33.0,30.0,30.0,28.0,44.8,44.85,44.84,54.0,420.0,4.8,0.0,0.0,0.0
8.46,258.0,0.25,0.22,0.23,12.1,10.8,10.8,8.72,4.5,0.11,0.16,207.8,3.8,8.0,1.0,3.0,166.0,700.0,203.0,1.0,208.0,8.74,316.4,220.0,32.8,32.4,0.0,3.5,640.7,0.0,12.55,2.6,19.7,16.7,20.5,17.3,17.6,17.1,17.0,18.1,44.3,44.3,21.0,30.0,11.9,17.5,34.0,34.0,34.0,0.0,0.0,0.0,6.0,6.0,4.0,0.0,17.0,18.0,18.0,33.0,39.0,33.0,30.0,30.0,28.0,44.8,44.85,44.84,54.0,440.0,4.7,0.0,0.0,0.0
9.38,258.0,0.32,0.28,0.29,11.1,11.5,10.9,9.85,-14.3,0.0,0.13,207.7,4.9,20.0,1.0,3.0,242.0,702.0,295.0,14.0,311.0,9.9,408.3,284.0,29.0,28.8,0.0,3.5,966.7,0.0,14.39,2.4,19.4,16.5,20.4,17.1,17.5,17.0,16.7,18.0,44.3,44.3,22.0,30.0,11.9,17.3,30.0,30.0,34.0,0.0,0.0,0.0,6.0,6.0,4.0,0.0,17.0,18.0,18.0,33.0,39.0,34.0,30.0,30.0,28.0,44.8,44.85,44.84,54.0,420.0,4.8,0.0,0.0,0.0
8.21,58.0,0.24,0.23,0.24,12.4,10.6,10.6,8.42,-3.8,0.09,0.14,207.7,4.0,15.0,1.0,3.0,150.0,699.0,183.0,2.0,183.0,8.42,299.3,208.0,32.5,32.1,0.0,3.5,687.6,0.0,12.85,2.6,19.7,16.8,20.5,17.3,17.7,17.3,17.2,18.3,44.3,44.4,22.0,30.0,12.0,17.5,34.0,34.0,34.0,0.0,0.0,0.0,6.0,6.0,4.0,0.0,17.0,18.0,18.0,33.0,39.0,33.0,30.0,30.0,28.0,44.8,44.85,44.84,55.0,430.0,4.7,0.0,0.0,0.0
8.1,148.0,0.24,0.23,0.24,12.1,10.7,10.6,8.37,0.1,0.12,0.16,207.9,4.0,11.0,1.0,3.0,144.0,699.0,176.0,7.0,183.0,8.36,288.8,200.0,32.6,32.2,0.0,3.5,687.6,0.0,12.85,2.6,19.7,16.6,20.6,17.3,17.7,17.1,17.2,18.2,44.3,44.3,21.0,30.0,12.0,17.5,34.0,34.0,34.0,0.0,0.0,0.0,6.0,6.0,4.0,0.0,17.0,18.0,18.0,33.0,39.0,34.0,30.0,30.0,28.0,44.81,44.85,44.84,55.0,430.0,4.8,0.0,0.0,0.0
8.46,164.0,0.32,0.28,0.29,10.9,10.7,11.2,8.87,-24.2,0.14,0.19,207.6,5.3,19.0,1.0,3.0,182.0,701.0,222.0,2.0,231.0,9.0,332.5,232.0,33.0,32.7,0.0,3.5,682.5,0.0,12.81,2.5,19.6,16.6,20.5,17.2,17.5,17.1,16.8,18.0,44.3,44.3,21.0,30.0,11.9,17.5,34.0,34.0,34.0,0.0,0.0,0.0,6.0,6.0,4.0,0.0,17.0,18.0,18.0,33.0,39.0,34.0,30.0,30.0,28.0,44.8,44.85,44.84,55.0,420.0,4.8,0.0,0.0,0.0
8.69,72.0,0.32,0.28,0.29,11.1,11.1,10.8,8.81,-13.6,0.09,0.1,207.7,4.5,19.0,1.0,3.0,170.0,702.0,208.0,-2.0,218.0,8.8,324.0,225.0,28.8,30.1,0.0,3.4,640.7,0.0,12.55,2.4,19.5,16.4,20.4,17.2,17.5,17.1,16.8,17.9,44.3,44.3,22.0,30.0,11.9,17.5,31.0,31.0,34.0,0.0,0.0,0.0,6.0,6.0,4.0,0.0,17.0,18.0,18.0,33.0,39.0,34.0,30.0,30.0,28.0,44.8,44.86,44.84,54.0,430.0,4.8,0.0,0.0,0.0
8.24,242.0,0.24,0.23,0.24,11.0,11.5,10.5,8.51,-10.6,0.21,0.21,207.9,4.3,14.0,1.0,3.0,147.0,700.0,180.0,3.0,184.0,8.5,302.6,211.0,32.7,32.4,0.0,3.5,660.0,0.0,12.67,2.6,19.7,16.5,20.5,17.3,17.6,17.1,17.1,18.2,44.3,44.3,22.0,30.0,11.9,17.5,34.0,34.0,34.0,0.0,0.0,0.0,6.0,6.0,4.0,0.0,17.0,17.0,18.0,33.0,39.0,33.0,30.0,30.0,28.0,44.8,44.85,44.84,55.0,440.0,4.7,0.0,0.0,0.0
8.69,216.0,0.32,0.28,0.29,10.7,11.0,10.9,8.76,-12.1,0.16,0.19,207.5,4.6,18.0,1.0,3.0,171.0,701.0,209.0,-2.0,209.0,8.78,322.3,225.0,29.2,30.3,0.0,3.4,640.7,0.0,12.55,2.4,19.5,16.4,20.3,17.2,17.6,16.9,16.8,18.0,44.3,44.3,22.0,30.0,11.9,17.5,31.0,31.0,34.0,0.0,0.0,0.0,6.0,6.0,4.0,0.0,17.0,18.0,18.0,33.0,39.0,33.0,30.0,30.0,28.0,44.8,44.85,44.84,55.0,430.0,4.8,0.0,0.0,0.0
8.72,194.0,0.32,0.28,0.29,10.6,11.6,10.6,8.78,-12.6,0.09,0.14,207.6,4.3,18.0,1.0,3.0,168.0,701.0,205.0,2.0,221.0,8.86,325.7,224.0,28.5,28.2,0.0,3.5,772.5,0.0,13.35,2.4,19.5,16.3,20.3,17.2,17.6,16.8,16.8,17.9,44.3,44.3,21.0,30.0,11.9,17.5,30.0,30.0,34.0,0.0,0.0,0.0,6.0,6.0,4.0,0.0,17.0,18.0,18.0,33.0,39.0,34.0,30.0,30.0,28.0,44.8,44.85,44.84,55.0,430.0,4.8,0.0,0.0,0.0
8.22,306.0,0.32,0.28,0.29,10.6,11.6,10.6,8.6,-11.7,-0.06,0.14,207.7,3.8,19.0,1.0,3.0,161.0,701.0,196.0,-6.0,202.0,8.62,312.3,217.0,29.5,29.3,0.0,3.5,790.9,0.0,13.46,2.4,19.4,16.5,20.4,17.1,17.5,17.0,16.7,17.9,44.3,44.2,21.0,30.0,11.9,17.3,31.0,31.0,34.0,0.0,0.0,0.0,6.0,6.0,4.0,0.0,17.0,18.0,18.0,33.0,39.0,34.0,30.0,30.0,28.0,44.81,44.86,44.84,55.0,430.0,4.8,0.0,0.0,0.0
8.32,96.0,0.25,0.22,0.23,11.4,10.6,12.9,8.39,5.2,-0.03,0.16,207.7,3.8,11.0,1.0,3.0,153.0,700.0,187.0,-3.0,201.0,8.58,302.9,212.0,32.7,32.3,0.0,3.5,660.0,0.0,12.67,2.6,19.7,16.5,20.5,17.3,17.7,16.9,17.1,18.2,44.3,44.3,21.0,30.0,11.9,17.5,34.0,34.0,34.0,0.0,0.0,0.0,6.0,6.0,4.0,0.0,17.0,17.0,18.0,33.0,39.0,34.0,30.0,30.0,28.0,44.8,44.85,44.84,55.0,430.0,4.8,0.0,0.0,0.0
8.09,240.0,0.32,0.28,0.29,10.5,11.4,10.5,8.16,-3.0,0.04,0.14,207.1,3.7,19.0,1.0,3.0,139.0,701.0,170.0,7.0,183.0,8.31,285.4,198.0,29.9,29.8,0.0,3.4,683.5,0.0,12.82,2.3,19.4,16.5,20.4,17.1,17.5,17.0,16.7,17.9,44.2,44.3,22.0,30.0,11.9,17.3,31.0,31.0,34.0,0.0,0.0,0.0,6.0,6.0,4.0,0.0,17.0,18.0,18.0,32.0,39.0,33.0,30.0,30.0,28.0,44.8,44.85,44.84,54.0,420.0,4.7,0.0,0.0,0.0
8.34,188.0,0.32,0.28,0.29,11.0,11.3,10.6,8.59,-9.6,0.06,0.1,207.8,4.3,19.0,1.0,3.0,159.0,701.0,194.0,2.0,196.0,8.61,313.1,219.0,28.4,28.5,0.0,3.5,803.2,0.0,13.53,2.4,19.4,16.3,20.4,17.1,17.5,17.0,16.8,18.0,44.3,44.3,22.0,30.0,11.9,17.5,30.0,30.0,34.0,0.0,0.0,0.0,6.0,6.0,4.0,0.0,17.0,18.0,18.0,33.0,39.0,34.0,30.0,30.0,28.0,44.8,44.86,44.84,54.0,430.0,4.8,0.0,0.0,0.0
7.9,154.0,0.32,0.28,0.29,10.5,11.4,10.5,8.29,-18.7,0.06,0.11,207.6,5.2,21.0,1.0,3.0,142.0,701.0,173.0,1.0,174.0,8.32,290.6,201.0,29.8,29.6,0.0,3.5,745.9,0.0,13.2,2.3,19.4,16.2,20.4,17.1,17.4,17.0,16.7,17.9,44.3,44.3,21.0,30.0,11.9,17.3,31.0,31.0,34.0,0.0,0.0,0.0,6.0,6.0,4.0,0.0,17.0,18.0,18.0,33.0,39.0,34.0,30.0,30.0,28.0,44.8,44.85,44.84,55.0,430.0,4.8,0.0,0.0,0.0
8.27,156.0,0.24,0.23,0.24,10.6,11.7,10.5,8.49,-12.5,0.08,0.11,207.7,3.5,13.0,1.0,3.0,148.0,700.0,181.0,-7.0,185.0,8.5,301.4,209.0,32.6,32.1,0.0,3.5,591.0,0.0,12.21,2.6,19.7,16.7,20.6,17.3,17.7,17.2,17.1,18.2,44.3,44.2,21.0,30.0,12.0,17.5,34.0,34.0,34.0,0.0,0.0,0.0,6.0,6.0,4.0,0.0,17.0,18.0,18.0,33.0,39.0,33.0,30.0,30.0,28.0,44.8,44.85,44.84,55.0,420.0,4.8,0.0,0.0,0.0
8.74,18.0,0.32,0.28,0.29,10.9,11.5,10.6,8.9,-26.0,0.14,0.16,207.6,4.7,21.0,1.0,3.0,171.0,701.0,209.0,1.0,222.0,8.95,335.6,233.0,32.9,32.7,0.0,3.5,682.5,0.0,12.81,2.5,19.6,16.6,20.5,17.2,17.5,17.0,16.9,18.0,44.3,44.3,22.0,30.0,11.9,17.5,34.0,35.0,34.0,0.0,0.0,0.0,6.0,6.0,4.0,0.0,17.0,18.0,18.0,33.0,39.0,34.0,30.0,30.0,28.0,44.8,44.86,44.84,54.0,430.0,4.7,0.0,0.0,0.0
8.22,94.0,0.24,0.23,0.24,11.3,11.2,10.5,8.39,-16.4,0.19,0.16,207.7,4.5,17.0,1.0,3.0,145.0,699.0,177.0,1.0,195.0,8.49,298.2,206.0,32.5,32.2,0.0,3.5,687.6,0.0,12.85,2.6,19.8,16.6,20.5,17.3,17.7,17.3,17.2,18.3,44.3,44.3,22.0,30.0,12.0,17.5,34.0,34.0,34.0,0.0,0.0,0.0,6.0,6.0,4.0,0.0,17.0,18.0,18.0,33.0,39.0,34.0,30.0,30.0,28.0,44.8,44.85,44.84,55.0,440.0,4.8,0.0,0.0,0.0
8.48,258.0,0.32,0.28,0.29,10.6,11.5,10.7,8.53,-2.9,-0.01,0.14,207.7,4.1,17.0,1.0,3.0,154.0,702.0,188.0,4.0,204.0,8.61,307.6,216.0,28.6,28.5,0.0,3.4,803.2,0.0,13.53,2.4,19.4,16.4,20.4,17.1,17.5,17.1,16.8,17.9,44.3,44.3,21.0,30.0,11.9,17.4,30.0,30.0,34.0,0.0,0.0,0.0,6.0,6.0,4.0,0.0,17.0,18.0,18.0,33.0,39.0,33.0,30.0,30.0,28.0,44.8,44.85,44.84,54.0,430.0,4.7,0.0,0.0,0.0
8.16,224.0,0.32,0.28,0.29,11.2,10.4,11.1,8.21,-13.9,0.2,0.14,207.4,4.2,17.0,1.0,3.0,146.0,701.0,178.0,-3.0,180.0,8.34,289.5,203.0,29.7,29.5,0.0,3.4,745.9,0.0,13.2,2.3,19.4,16.5,20.4,17.1,17.5,17.0,16.7,17.8,44.3,44.3,22.0,30.0,11.9,17.3,31.0,31.0,34.0,0.0,0.0,0.0,6.0,6.0,4.0,0.0,17.0,18.0,18.0,32.0,39.0,34.0,30.0,30.0,28.0,44.8,44.85,44.84,54.0,420.0,4.8,0.0,0.0,0.0
8.81,160.0,0.32,0.28,0.29,10.8,10.9,11.3,8.98,-9.4,0.23,0.16,207.5,3.8,6.0,1.0,3.0,182.0,701.0,222.0,2.0,225.0,9.08,338.6,237.0,32.8,32.5,0.0,3.5,888.0,0.0,13.99,2.6,19.6,16.6,20.6,17.3,17.5,17.2,16.9,18.1,44.3,44.3,22.0,30.0,11.9,17.5,34.0,34.0,34.0,0.0,0.0,0.0,6.0,6.0,4.0,0.0,17.0,18.0,18.0,33.0,39.0,34.0,30.0,30.0,28.0,44.8,44.85,44.84,55.0,430.0,4.8,0.0,0.0,0.0
8.16,42.0,0.24,0.23,0.24,12.2,10.8,10.7,8.47,-15.7,0.03,0.14,207.9,3.7,16.0,1.0,3.0,151.0,699.0,184.0,-5.0,194.0,8.5,299.4,207.0,32.4,32.0,0.0,3.5,687.6,0.0,12.85,2.6,19.8,16.6,20.5,17.3,17.7,17.3,17.2,18.3,44.3,44.3,21.0,30.0,12.0,17.5,34.0,34.0,34.0,0.0,0.0,0.0,6.0,6.0,4.0,0.0,17.0,18.0,18.0,33.0,39.0,34.0,30.0,30.0,28.0,44.8,44.85,44.84,55.0,440.0,4.8,0.0,0.0,0.0
8.81,68.0,0.32,0.28,0.29,10.6,11.8,10.7,9.02,-11.6,0.09,0.13,207.9,3.9,8.0,1.0,3.0,186.0,701.0,227.0,4.0,229.0,9.1,345.8,241.0,32.8,32.5,0.0,3.5,888.0,0.0,13.99,2.6,19.6,16.5,20.4,17.2,17.6,16.9,17.0,18.1,44.3,44.3,21.0,30.0,11.9,17.5,34.0,34.0,34.0,0.0,0.0,0.0,6.0,6.0,4.0,0.0,17.0,18.0,18.0,33.0,39.0,34.0,30.0,30.0,28.0,44.8,44.85,44.84,55.0,430.0,4.8,0.0,0.0,0.0
8.09,78.0,0.32,0.28,0.29,10.6,11.0,10.7,8.49,-9.0,0.14,0.14,207.7,4.6,15.0,1.0,3.0,151.0,701.0,185.0,2.0,200.0,8.63,305.9,213.0,33.0,32.6,0.0,3.5,682.5,0.0,12.81,2.6,19.6,16.5,20.5,17.3,17.5,17.3,16.9,18.0,44.3,44.3,21.0,30.0,11.9,17.5,34.0,34.0,34.0,0.0,0.0,0.0,6.0,6.0,4.0,0.0,17.0,18.0,18.0,33.0,39.0,33.0,30.0,30.0,28.0,44.8,44.86,44.84,55.0,430.0,4.7,0.0,0.0,0.0
8.82,220.0,0.32,0.28,0.29,10.9,10.6,11.4,9.01,-3.5,0.19,0.16,207.7,3.2,9.0,1.0,3.0,185.0,700.0,225.0,11.0,243.0,9.2,346.0,243.0,32.7,32.4,0.0,3.5,751.0,0.0,13.23,2.6,19.6,16.5,20.5,17.3,17.6,17.0,17.0,18.1,44.3,44.3,21.0,30.0,11.9,17.5,34.0,34.0,34.0,0.0,0.0,0.0,6.0,6.0,4.0,0.0,17.0,18.0,18.0,33.0,39.0,34.0,30.0,30.0,28.0,44.8,44.86,44.84,55.0,430.0,4.7,0.0,0.0,0.0
8.61,176.0,0.32,0.28,0.29,11.4,10.9,10.8,8.7,-11.1,0.09,0.11,207.3,3.8,20.0,1.0,3.0,157.0,701.0,192.0,-12.0,200.0,8.72,321.6,224.0,29.4,29.3,0.0,3.4,977.0,0.0,14.44,2.4,19.4,16.3,20.4,17.1,17.5,16.9,16.7,17.9,44.2,44.2,21.0,30.0,11.9,17.3,31.0,31.0,34.0,0.0,0.0,0.0,6.0,6.0,4.0,0.0,17.0,18.0,18.0,32.0,39.0,34.0,30.0,30.0,28.0,44.8,44.85,44.84,54.0,420.0,4.8,0.0,0.0,0.0
8.43,14.0,0.32,0.28,0.29,10.6,11.4,10.6,8.64,-16.2,-0.07,0.1,207.4,5.0,20.0,1.0,3.0,162.0,702.0,198.0,-8.0,203.0,8.72,319.2,222.0,29.5,29.3,0.0,3.5,790.9,0.0,13.46,2.3,19.4,16.2,20.3,17.1,17.5,16.9,16.7,17.9,44.3,44.2,22.0,30.0,11.9,17.3,31.0,31.0,34.0,0.0,0.0,0.0,6.0,6.0,4.0,0.0,17.0,18.0,18.0,33.0,39.0,34.0,30.0,30.0,28.0,44.8,44.85,44.84,54.0,430.0,4.7,0.0,0.0,0.0
8.49,350.0,0.32,0.28,0.29,10.6,11.4,10.6,8.73,-12.8,0.07,0.1,207.2,4.7,16.0,1.0,3.0,162.0,701.0,198.0,0.0,212.0,8.82,316.0,223.0,28.8,28.6,0.0,3.5,737.7,0.0,13.15,2.4,19.4,16.5,20.4,17.1,17.5,17.0,16.8,17.9,44.3,44.2,21.0,30.0,11.9,17.4,30.0,30.0,34.0,0.0,0.0,0.0,6.0,6.0,4.0,0.0,17.0,18.0,18.0,33.0,39.0,34.0,30.0,30.0,28.0,44.8,44.85,44.84,55.0,430.0,4.8,0.0,0.0,0.0
8.18,80.0,0.24,0.23,0.24,11.4,10.6,11.3,8.38,9.9,0.09,0.14,207.7,3.9,11.0,1.0,3.0,151.0,700.0,184.0,5.0,200.0,8.55,301.2,210.0,32.7,32.3,0.0,3.5,660.0,0.0,12.67,2.6,19.7,16.6,20.6,17.3,17.6,17.1,17.1,18.2,44.3,44.3,21.0,30.0,11.9,17.5,34.0,34.0,34.0,0.0,0.0,0.0,6.0,6.0,4.0,0.0,17.0,17.0,18.0,33.0,39.0,34.0,30.0,30.0,28.0,44.8,44.86,44.84,55.0,420.0,4.7,0.0,0.0,0.0
8.81,44.0,0.32,0.28,0.29,10.6,10.9,10.8,8.77,-13.5,0.13,0.2,207.9,4.8,16.0,1.0,3.0,161.0,701.0,196.0,9.0,206.0,8.85,320.0,225.0,28.6,28.6,0.0,3.4,737.7,0.0,13.15,2.4,19.4,16.5,20.4,17.2,17.5,17.1,16.8,17.9,44.3,44.2,22.0,30.0,11.9,17.4,30.0,30.0,34.0,0.0,0.0,0.0,6.0,6.0,4.0,0.0,17.0,18.0,18.0,33.0,39.0,34.0,30.0,30.0,28.0,44.8,44.85,44.84,55.0,430.0,4.8,0.0,0.0,0.0
8.29,296.0,0.24,0.23,0.24,10.6,11.8,10.6,8.48,-6.6,0.04,0.2,207.7,4.1,13.0,1.0,3.0,153.0,700.0,186.0,5.0,189.0,8.51,303.7,211.0,32.6,32.3,0.0,3.4,660.0,0.0,12.67,2.6,19.7,16.5,20.5,17.3,17.6,17.1,17.1,18.2,44.3,44.3,22.0,30.0,11.9,17.5,34.0,34.0,34.0,0.0,0.0,0.0,6.0,6.0,4.0,0.0,17.0,17.0,18.0,33.0,39.0,33.0,30.0,30.0,28.0,44.8,44.85,44.84,55.0,430.0,4.8,0.0,0.0,0.0
8.49,6.0,0.25,0.22,0.23,10.9,11.7,10.6,8.73,0.8,0.15,0.13,207.8,3.9,9.0,1.0,3.0,162.0,701.0,198.0,12.0,210.0,8.84,320.4,225.0,32.6,32.3,0.0,3.5,640.7,0.0,12.55,2.6,19.7,16.7,20.5,17.3,17.6,17.2,17.0,18.1,44.3,44.3,21.0,30.0,11.9,17.5,34.0,34.0,34.0,0.0,0.0,0.0,6.0,6.0,4.0,0.0,17.0,18.0,18.0,33.0,39.0,34.0,30.0,30.0,28.0,44.8,44.86,44.84,55.0,430.0,4.8,0.0,0.0,0.0
8.65,218.0,0.32,0.28,0.29,11.1,10.6,11.1,8.85,-25.8,0.08,0.11,207.5,5.0,19.0,1.0,3.0,170.0,701.0,207.0,6.0,220.0,9.03,332.7,232.0,33.0,32.6,0.0,3.5,682.5,0.0,12.81,2.5,19.6,16.6,20.5,17.2,17.5,17.0,16.8,18.0,44.3,44.3,21.0,30.0,11.9,17.5,34.0,34.0,34.0,0.0,0.0,0.0,6.0,6.0,4.0,0.0,17.0,18.0,18.0,33.0,39.0,34.0,30.0,30.0,28.0,44.8,44.85,44.84,55.0,420.0,4.8,0.0,0.0,0.0
8.26,140.0,0.24,0.23,0.24,10.6,11.6,10.5,8.38,-2.7,0.06,0.16,208.0,4.4,11.0,1.0,3.0,150.0,700.0,183.0,-9.0,190.0,8.42,297.5,206.0,32.6,32.3,0.0,3.5,591.0,0.0,12.21,2.6,19.7,16.6,20.6,17.3,17.7,17.2,17.1,18.2,44.3,44.2,21.0,30.0,12.0,17.5,34.0,34.0,34.0,0.0,0.0,0.0,6.0,6.0,4.0,0.0,17.0,18.0,18.0,33.0,39.0,34.0,30.0,30.0,28.0,44.81,44.85,44.84,55.0,430.0,4.8,0.0,0.0,0.0
8.11,100.0,0.32,0.28,0.29,10.7,11.4,10.6,8.27,-18.2,0.18,0.16,207.7,4.7,21.0,1.0,3.0,140.0,701.0,171.0,-8.0,171.0,8.3,290.8,202.0,29.7,29.6,0.0,3.5,745.9,0.0,13.2,2.3,19.4,16.3,20.4,17.1,17.4,17.1,16.7,17.8,44.3,44.3,22.0,30.0,11.9,17.3,31.0,31.0,34.0,0.0,0.0,0.0,6.0,6.0,4.0,0.0,17.0,18.0,18.0,33.0,39.0,34.0,30.0,30.0,28.0,44.8,44.85,44.84,54.0,430.0,4.8,0.0,0.0,0.0
8.28,298.0,0.32,0.28,0.29,11.3,10.6,11.2,8.46,5.2,0.02,0.14,207.5,4.1,6.0,1.0,3.0,153.0,701.0,187.0,-1.0,200.0,8.65,312.5,214.0,32.9,32.6,0.0,3.5,792.9,0.0,13.47,2.6,19.6,16.4,20.4,17.3,17.6,17.0,16.9,18.0,44.3,44.3,21.0,30.0,11.9,17.5,34.0,34.0,34.0,0.0,0.0,0.0,6.0,6.0,4.0,0.0,17.0,18.0,18.0,33.0,39.0,34.0,30.0,30.0,28.0,44.8,44.85,44.84,54.0,430.0,4.8,0.0,0.0,0.0
9.24,198.0,0.32,0.28,0.29,10.9,11.4,10.9,9.43,-13.6,0.09,0.19,207.1,4.5,19.0,1.0,3.0,213.0,701.0,259.0,7.0,272.0,9.52,381.4,264.0,28.9,28.8,0.0,3.5,966.7,0.0,14.39,2.4,19.4,16.4,20.3,17.2,17.5,17.1,16.7,17.9,44.3,44.3,21.0,30.0,11.9,17.3,31.0,31.0,34.0,0.0,0.0,0.0,6.0,6.0,4.0,0.0,17.0,18.0,18.0,33.0,39.0,34.0,30.0,30.0,28.0,44.8,44.86,44.84,54.0,430.0,4.8,0.0,0.0,0.0
8.73,280.0,0.32,0.28,0.29,10.7,10.8,11.2,8.88,-6.6,0.16,0.19,207.5,4.2,17.0,1.0,3.0,177.0,701.0,216.0,2.0,233.0,9.02,332.3,232.0,28.2,28.1,0.0,3.5,772.5,0.0,13.35,2.4,19.5,16.4,20.5,17.2,17.5,17.1,16.8,17.9,44.3,44.3,21.0,30.0,11.9,17.5,30.0,30.0,34.0,0.0,0.0,0.0,6.0,6.0,4.0,0.0,17.0,18.0,18.0,33.0,39.0,34.0,30.0,30.0,28.0,44.8,44.85,44.84,54.0,430.0,4.8,0.0,0.0,0.0
8.17,262.0,0.24,0.23,0.24,11.6,10.6,11.1,8.44,-10.4,0.09,0.12,207.8,3.9,12.0,1.0,3.0,147.0,700.0,179.0,2.0,193.0,8.56,303.2,210.0,32.3,32.1,0.0,3.5,778.6,0.0,13.39,2.6,19.8,16.7,20.7,17.3,17.7,17.2,17.3,18.3,44.3,44.3,23.0,30.0,12.0,17.5,33.0,34.0,34.0,0.0,0.0,0.0,6.0,6.0,4.0,0.0,17.0,18.0,18.0,33.0,39.0,33.0,30.0,30.0,28.0,44.8,44.85,44.84,54.0,430.0,4.7,0.0,0.0,0.0
8.0,100.0,0.32,0.28,0.29,10.6,10.8,10.8,8.41,3.5,0.08,0.14,207.6,4.2,16.0,1.0,3.0,145.0,701.0,177.0,3.0,191.0,8.48,300.1,209.0,29.7,29.5,0.0,3.5,790.9,0.0,13.46,2.3,19.4,16.3,20.3,17.1,17.5,16.9,16.7,17.8,44.3,44.3,22.0,30.0,11.9,17.3,31.0,31.0,34.0,0.0,0.0,0.0,6.0,6.0,4.0,0.0,17.0,18.0,18.0,33.0,39.0,34.0,30.0,30.0,28.0,44.8,44.86,44.84,54.0,430.0,4.8,0.0,0.0,0.0
8.6,332.0,0.24,0.23,0.24,11.6,11.2,10.6,8.65,-2.1,0.09,0.14,207.6,3.6,8.0,1.0,3.0,165.0,700.0,201.0,8.0,208.0,8.65,318.4,219.0,32.4,32.0,0.0,3.5,778.6,0.0,13.39,2.6,19.8,16.8,20.7,17.4,17.7,17.3,17.2,18.3,44.3,44.3,21.0,30.0,12.0,17.5,33.0,34.0,34.0,0.0,0.0,0.0,6.0,6.0,4.0,0.0,17.0,18.0,18.0,33.0,39.0,34.0,30.0,30.0,28.0,44.81,44.85,44.84,55.0,430.0,4.7,0.0,0.0,0.0
8.22,346.0,0.32,0.28,0.29,10.5,11.4,10.5,8.4,-12.0,0.19,0.12,207.7,3.8,14.0,1.0,3.0,155.0,701.0,189.0,-4.0,201.0,8.51,299.2,210.0,32.9,32.6,0.0,3.5,745.9,0.0,13.2,2.6,19.6,16.7,20.4,17.3,17.5,17.2,16.9,18.0,44.3,44.3,22.0,30.0,11.9,17.5,34.0,34.0,34.0,0.0,0.0,0.0,6.0,6.0,4.0,0.0,17.0,18.0,18.0,32.0,39.0,34.0,30.0,30.0,28.0,44.8,44.86,44.84,54.0,430.0,4.8,0.0,0.0,0.0
8.1,116.0,0.32,0.28,0.29,10.6,11.1,10.7,8.31,-11.8,0.09,0.16,207.7,4.5,17.0,1.0,3.0,139.0,701.0,170.0,1.0,170.0,8.31,289.1,200.0,29.6,29.4,0.0,3.5,745.9,0.0,13.2,2.3,19.4,16.5,20.3,17.1,17.5,16.9,16.7,17.8,44.3,44.3,21.0,30.0,11.9,17.3,31.0,31.0,34.0,0.0,0.0,0.0,6.0,6.0,4.0,0.0,17.0,18.0,18.0,33.0,39.0,33.0,30.0,30.0,28.0,44.8,44.85,44.84,54.0,430.0,4.7,0.0,0.0,0.0
8.35,352.0,0.32,0.28,0.29,11.6,10.8,10.9,8.59,3.6,0.09,0.16,207.9,3.4,6.0,1.0,3.0,149.0,700.0,182.0,6.0,191.0,8.57,308.7,212.0,33.0,32.5,0.0,3.5,792.9,0.0,13.47,2.6,19.6,16.4,20.4,17.3,17.7,17.0,16.9,18.1,44.3,44.2,21.0,30.0,11.9,17.5,34.0,34.0,34.0,0.0,0.0,0.0,6.0,6.0,4.0,0.0,17.0,18.0,18.0,33.0,39.0,34.0,30.0,30.0,28.0,44.8,44.86,44.84,54.0,430.0,4.8,0.0,0.0,0.0
8.26,278.0,0.24,0.23,0.24,11.3,10.6,11.1,8.43,-14.3,0.08,0.14,207.8,3.1,14.0,1.0,3.0,153.0,699.0,186.0,1.0,199.0,8.53,297.8,209.0,32.4,32.0,0.0,3.5,778.6,0.0,13.39,2.6,19.8,16.6,20.6,17.3,17.8,17.1,17.2,18.3,44.3,44.3,22.0,30.0,12.0,17.5,33.0,34.0,34.0,0.0,0.0,0.0,6.0,6.0,4.0,0.0,17.0,18.0,18.0,32.0,39.0,34.0,30.0,30.0,28.0,44.8,44.85,44.84,54.0,430.0,4.8,0.0,0.0,0.0
7.91,294.0,0.32,0.28,0.29,10.6,10.8,10.8,8.19,-4.1,0.16,0.15,207.5,3.8,19.0,1.0,3.0,139.0,701.0,170.0,5.0,184.0,8.31,285.8,199.0,29.9,29.7,0.0,3.5,683.5,0.0,12.82,2.3,19.4,16.4,20.4,17.1,17.4,17.0,16.7,17.9,44.2,44.3,21.0,30.0,11.9,17.3,31.0,31.0,34.0,0.0,0.0,0.0,6.0,6.0,4.0,0.0,17.0,18.0,18.0,32.0,39.0,34.0,30.0,30.0,28.0,44.8,44.85,44.84,54.0,430.0,4.7,0.0,0.0,0.0
8.64,336.0,0.32,0.28,0.29,11.6,10.8,10.8,8.71,0.5,0.14,0.14,207.7,3.6,7.0,1.0,3.0,163.0,701.0,199.0,5.0,218.0,8.75,320.9,222.0,32.9,32.6,0.0,3.5,792.9,0.0,13.47,2.6,19.6,16.4,20.4,17.2,17.6,16.9,16.9,18.1,44.3,44.3,23.0,30.0,11.9,17.5,34.0,34.0,34.0,0.0,0.0,0.0,6.0,6.0,4.0,0.0,17.0,18.0,18.0,33.0,39.0,34.0,30.0,30.0,28.0,44.8,44.85,44.84,55.0,430.0,4.7,0.0,0.0,0.0
8.96,214.0,0.32,0.28,0.29,10.8,11.4,10.8,9.22,-7.6,0.06,0.13,207.4,3.3,17.0,1.0,3.0,198.0,701.0,241.0,-7.0,252.0,9.31,360.4,248.0,29.1,29.0,0.0,3.5,977.0,0.0,14.44,2.4,19.4,16.3,20.3,17.2,17.5,17.0,16.7,17.9,44.3,44.3,21.0,30.0,11.9,17.3,31.0,31.0,34.0,0.0,0.0,0.0,6.0,6.0,4.0,0.0,17.0,18.0,18.0,33.0,39.0,34.0,30.0,30.0,28.0,44.8,44.86,44.84,54.0,430.0,4.8,0.0,0.0,0.0
8.69,324.0,0.32,0.28,0.29,11.7,10.9,10.9,8.91,-6.0,0.06,0.16,207.5,3.7,18.0,1.0,3.0,176.0,701.0,215.0,3.0,223.0,8.87,334.7,229.0,30.3,31.7,0.0,3.4,640.7,0.0,12.55,2.4,19.6,16.5,20.4,17.2,17.5,16.9,16.9,18.0,44.3,44.3,21.0,30.0,11.9,17.5,33.0,33.0,34.0,0.0,0.0,0.0,6.0,6.0,4.0,0.0,17.0,18.0,18.0,33.0,39.0,34.0,30.0,30.0,28.0,44.8,44.85,44.84,54.0,420.0,4.7,0.0,0.0,0.0
8.52,102.0,0.32,0.28,0.29,11.4,10.9,10.8,8.68,-8.6,0.08,0.14,207.4,3.9,18.0,1.0,3.0,158.0,702.0,193.0,0.0,201.0,8.74,320.7,223.0,28.5,28.3,0.0,3.4,803.2,0.0,13.53,2.4,19.5,16.4,20.3,17.2,17.5,17.0,16.8,18.0,44.3,44.3,21.0,30.0,11.9,17.5,30.0,30.0,34.0,0.0,0.0,0.0,6.0,6.0,4.0,0.0,17.0,18.0,18.0,33.0,39.0,34.0,30.0,30.0,28.0,44.8,44.85,44.84,54.0,420.0,4.7,0.0,0.0,0.0
8.55,158.0,0.32,0.28,0.29,10.6,11.5,10.6,8.88,-9.3,0.0,0.14,207.4,3.5,19.0,1.0,3.0,182.0,702.0,222.0,2.0,229.0,8.93,336.9,237.0,27.7,28.8,0.0,3.5,772.5,0.0,13.35,2.4,19.5,16.6,20.4,17.2,17.5,17.0,16.8,17.9,44.3,44.3,21.0,30.0,11.9,17.5,30.0,30.0,34.0,0.0,0.0,0.0,6.0,6.0,4.0,0.0,17.0,18.0,18.0,33.0,39.0,33.0,30.0,30.0,28.0,44.8,44.85,44.84,54.0,430.0,4.7,0.0,0.0,0.0
8.5,64.0,0.32,0.28,0.29,10.9,10.6,11.2,8.52,4.6,0.08,0.14,207.6,3.3,15.0,1.0,3.0,158.0,702.0,193.0,-1.0,208.0,8.66,310.8,214.0,28.6,28.3,0.0,3.5,803.2,0.0,13.53,2.4,19.4,16.3,20.3,17.1,17.5,17.0,16.8,17.9,44.3,44.2,21.0,30.0,11.9,17.4,30.0,30.0,34.0,0.0,0.0,0.0,6.0,6.0,4.0,0.0,17.0,18.0,18.0,32.0,39.0,34.0,30.0,30.0,28.0,44.8,44.85,44.84,54.0,430.0,4.8,0.0,0.0,0.0
8.45,160.0,0.32,0.28,0.29,11.4,11.0,10.8,8.82,-20.9,0.21,0.2,207.6,4.5,21.0,1.0,3.0,164.0,701.0,200.0,-8.0,206.0,8.81,325.8,227.0,29.5,29.1,0.0,3.5,977.0,0.0,14.44,2.4,19.4,16.3,20.4,17.1,17.5,17.0,16.7,17.8,44.2,44.2,21.0,30.0,11.9,17.3,31.0,31.0,34.0,0.0,0.0,0.0,6.0,6.0,4.0,0.0,17.0,18.0,18.0,33.0,39.0,34.0,30.0,30.0,28.0,44.8,44.85,44.84,54.0,430.0,4.8,0.0,0.0,0.0
8.28,354.0,0.32,0.28,0.29,10.6,11.6,10.6,8.41,7.6,0.07,0.17,207.4,3.6,16.0,1.0,3.0,157.0,701.0,191.0,-4.0,200.0,8.52,305.6,209.0,29.7,29.4,0.0,3.5,790.9,0.0,13.46,2.3,19.4,16.3,20.3,17.1,17.5,16.9,16.7,17.8,44.3,44.2,22.0,30.0,11.9,17.3,31.0,31.0,34.0,0.0,0.0,0.0,6.0,6.0,4.0,0.0,17.0,18.0,18.0,33.0,39.0,34.0,30.0,30.0,28.0,44.8,44.86,44.84,54.0,430.0,4.8,0.0,0.0,0.0
8.77,120.0,0.32,0.28,0.29,11.0,11.4,10.8,8.96,-3.9,0.04,0.14,207.7,4.3,17.0,1.0,3.0,182.0,702.0,222.0,3.0,232.0,9.0,337.2,234.0,28.0,28.3,0.0,3.5,772.5,0.0,13.35,2.4,19.5,16.5,20.4,17.2,17.5,17.1,16.8,17.9,44.3,44.3,21.0,30.0,11.9,17.5,29.0,30.0,34.0,0.0,0.0,0.0,6.0,6.0,4.0,0.0,17.0,18.0,18.0,33.0,39.0,34.0,30.0,30.0,28.0,44.8,44.85,44.84,55.0,430.0,4.8,0.0,0.0,0.0
8.51,246.0,0.32,0.28,0.29,11.0,11.3,10.7,8.59,-10.4,0.16,0.11,207.7,4.5,19.0,1.0,3.0,153.0,701.0,187.0,-10.0,205.0,8.65,312.4,217.0,29.5,29.2,0.0,3.4,790.9,0.0,13.46,2.4,19.4,16.5,20.4,17.1,17.5,17.0,16.7,17.9,44.3,44.2,21.0,30.0,11.9,17.3,31.0,31.0,34.0,0.0,0.0,0.0,6.0,6.0,4.0,0.0,17.0,18.0,18.0,33.0,39.0,34.0,30.0,30.0,28.0,44.81,44.86,44.84,54.0,420.0,4.8,0.0,0.0,0.0
8.64,164.0,0.32,0.28,0.29,10.6,10.9,10.9,8.9,-10.8,0.14,0.14,207.5,3.4,19.0,1.0,3.0,180.0,701.0,219.0,-2.0,221.0,8.94,335.8,234.0,30.5,32.1,0.0,3.5,640.7,0.0,12.55,2.5,19.6,16.5,20.4,17.2,17.5,17.0,16.9,18.0,44.3,44.2,21.0,30.0,11.9,17.5,33.0,33.0,34.0,0.0,0.0,0.0,6.0,6.0,4.0,0.0,17.0,18.0,18.0,32.0,39.0,34.0,30.0,30.0,28.0,44.8,44.85,44.84,54.0,430.0,4.8,0.0,0.0,0.0
8.37,350.0,0.24,0.23,0.24,10.6,11.7,10.6,8.44,0.8,0.05,0.11,208.0,4.2,12.0,1.0,3.0,157.0,701.0,192.0,1.0,198.0,8.52,303.9,211.0,32.6,32.3,0.0,3.5,660.0,0.0,12.67,2.6,19.7,16.4,20.5,17.3,17.7,17.0,17.1,18.2,44.3,44.3,22.0,30.0,11.9,17.5,34.0,34.0,34.0,0.0,0.0,0.0,6.0,6.0,4.0,0.0,17.0,17.0,18.0,33.0,39.0,34.0,30.0,30.0,28.0,44.8,44.85,44.84,55.0,430.0,4.8,0.0,0.0,0.0
8.1,8.0,0.32,0.28,0.29,11.6,10.6,10.8,8.27,-18.5,0.11,0.16,207.5,4.1,22.0,1.0,3.0,146.0,701.0,178.0,-3.0,184.0,8.29,290.3,200.0,29.9,29.6,0.0,3.5,745.9,0.0,13.2,2.3,19.4,16.3,20.3,17.1,17.5,16.8,16.7,17.9,44.3,44.3,21.0,30.0,11.9,17.3,31.0,31.0,34.0,0.0,0.0,0.0,6.0,6.0,4.0,0.0,17.0,18.0,18.0,33.0,39.0,34.0,30.0,30.0,28.0,44.8,44.85,44.84,55.0,430.0,4.7,0.0,0.0,0.0
8.15,256.0,0.24,0.23,0.24,10.6,11.6,10.5,8.36,-5.0,0.11,0.16,207.9,4.2,12.0,1.0,3.0,145.0,699.0,177.0,9.0,189.0,8.44,289.9,202.0,32.5,32.1,0.0,3.5,687.6,0.0,12.85,2.6,19.7,16.6,20.5,17.3,17.8,17.0,17.2,18.2,44.3,44.3,22.0,30.0,12.0,17.5,34.0,34.0,34.0,0.0,0.0,0.0,6.0,6.0,4.0,0.0,17.0,18.0,18.0,33.0,39.0,34.0,30.0,30.0,28.0,44.81,44.85,44.84,55.0,430.0,4.8,0.0,0.0,0.0
8.24,100.0,0.32,0.28,0.29,11.6,10.7,10.8,8.49,-9.7,0.13,0.14,207.5,3.8,10.0,1.0,3.0,147.0,701.0,180.0,-2.0,195.0,8.47,300.0,208.0,33.0,32.6,0.0,3.5,745.9,0.0,13.2,2.6,19.6,16.4,20.5,17.3,17.6,17.2,16.9,18.0,44.3,44.3,22.0,30.0,11.9,17.5,34.0,34.0,34.0,0.0,0.0,0.0,6.0,6.0,4.0,0.0,17.0,17.0,18.0,33.0,39.0,34.0,30.0,30.0,28.0,44.8,44.85,44.84,54.0,420.0,4.7,0.0,0.0,0.0
8.18,246.0,0.24,0.23,0.24,11.8,10.6,11.0,8.58,-9.5,0.11,0.14,207.8,3.0,10.0,1.0,3.0,153.0,700.0,187.0,4.0,202.0,8.64,308.4,216.0,32.4,31.8,0.0,3.4,778.6,0.0,13.39,2.6,19.8,16.8,20.7,17.3,17.8,17.3,17.3,18.3,44.3,44.3,21.0,30.0,12.0,17.5,33.0,34.0,34.0,0.0,0.0,0.0,6.0,6.0,4.0,0.0,17.0,18.0,18.0,33.0,39.0,33.0,30.0,30.0,28.0,44.8,44.85,44.84,54.0,430.0,4.8,0.0,0.0,0.0
9.53,150.0,0.32,0.28,0.29,11.4,10.8,11.2,9.84,-15.2,0.08,0.13,207.9,4.8,20.0,1.0,3.0,229.0,702.0,279.0,5.0,295.0,9.86,404.3,280.0,28.8,28.8,0.0,3.4,966.7,0.0,14.39,2.4,19.4,16.4,20.3,17.1,17.5,17.0,16.8,18.0,44.3,44.3,22.0,30.0,11.9,17.3,30.0,30.0,34.0,0.0,0.0,0.0,6.0,6.0,4.0,0.0,17.0,18.0,18.0,33.0,39.0,33.0,30.0,30.0,28.0,44.8,44.85,44.84,54.0,430.0,4.7,0.0,0.0,0.0
8.31,334.0,0.32,0.28,0.29,10.5,11.5,10.5,8.52,-4.0,0.06,0.14,207.5,5.0,14.0,1.0,3.0,159.0,701.0,195.0,9.0,194.0,8.52,307.3,212.0,28.5,28.4,0.0,3.4,737.7,0.0,13.15,2.4,19.4,16.3,20.4,17.1,17.5,17.0,16.8,17.9,44.3,44.2,21.0,30.0,11.9,17.4,30.0,30.0,34.0,0.0,0.0,0.0,6.0,6.0,4.0,0.0,17.0,18.0,18.0,33.0,39.0,34.0,30.0,30.0,28.0,44.8,44.85,44.84,54.0,430.0,4.7,0.0,0.0,0.0
7.78,36.0,0.24,0.23,0.24,10.6,11.4,10.5,8.18,-11.7,0.23,0.14,207.9,3.8,14.0,1.0,3.0,133.0,699.0,161.0,-14.0,169.0,8.28,287.6,199.0,32.6,32.1,0.0,3.5,662.1,0.0,12.68,2.6,19.7,16.7,20.7,17.3,17.7,17.2,17.2,18.2,44.3,44.3,21.0,30.0,12.0,17.5,34.0,34.0,34.0,0.0,0.0,0.0,6.0,6.0,4.0,0.0,17.0,18.0,18.0,33.0,39.0,33.0,30.0,30.0,28.0,44.8,44.86,44.84,55.0,430.0,4.8,0.0,0.0,0.0
8.72,188.0,0.32,0.28,0.29,10.9,10.7,11.3,8.89,1.4,0.09,0.11,208.0,3.6,8.0,1.0,3.0,181.0,701.0,221.0,-3.0,236.0,9.03,333.6,234.0,32.8,32.4,0.0,3.5,640.7,0.0,12.55,2.6,19.7,16.5,20.4,17.2,17.7,17.0,17.0,18.1,44.3,44.3,22.0,30.0,11.9,17.5,34.0,34.0,34.0,0.0,0.0,0.0,6.0,6.0,4.0,0.0,17.0,18.0,18.0,33.0,39.0,34.0,30.0,30.0,28.0,44.8,44.85,44.84,55.0,440.0,4.8,0.0,0.0,0.0
8.43,192.0,0.32,0.28,0.29,10.6,11.0,10.9,8.51,2.5,0.07,0.13,207.7,4.2,7.0,1.0,3.0,163.0,701.0,199.0,0.0,210.0,8.62,312.7,219.0,32.9,32.6,0.0,3.5,792.9,0.0,13.47,2.6,19.6,16.5,20.5,17.3,17.6,17.2,16.9,18.0,44.3,44.3,22.0,30.0,11.9,17.5,34.0,34.0,34.0,0.0,0.0,0.0,6.0,6.0,4.0,0.0,17.0,18.0,18.0,32.0,39.0,34.0,30.0,30.0,28.0,44.8,44.85,44.84,54.0,430.0,4.8,0.0,0.0,0.0
8.42,322.0,0.32,0.28,0.29,10.6,11.5,10.6,8.63,-13.8,0.25,0.18,207.7,4.8,20.0,1.0,3.0,157.0,701.0,192.0,2.0,203.0,8.76,317.4,224.0,29.7,29.3,0.0,3.5,790.9,0.0,13.46,2.3,19.4,16.2,20.3,17.1,17.5,16.9,16.7,17.9,44.3,44.2,21.0,30.0,11.9,17.3,31.0,31.0,34.0,0.0,0.0,0.0,6.0,6.0,4.0,0.0,17.0,18.0,18.0,33.0,39.0,34.0,30.0,30.0,28.0,44.8,44.85,44.84,54.0,420.0,4.7,0.0,0.0,0.0
7.99,12.0,0.24,0.23,0.24,12.2,10.7,10.8,8.53,-16.3,0.12,0.21,207.7,4.4,14.0,1.0,3.0,147.0,700.0,180.0,-6.0,195.0,8.56,303.8,211.0,32.6,32.3,0.0,3.5,591.0,0.0,12.21,2.6,19.7,16.8,20.6,17.3,17.7,17.1,17.1,18.2,44.3,44.2,21.0,30.0,12.0,17.5,34.0,34.0,34.0,0.0,0.0,0.0,6.0,6.0,4.0,0.0,17.0,18.0,18.0,33.0,39.0,34.0,30.0,30.0,28.0,44.8,44.85,44.84,54.0,430.0,4.8,0.0,0.0,0.0
8.18,218.0,0.24,0.23,0.24,11.6,10.9,10.6,8.34,-14.9,0.14,0.18,207.7,4.7,14.0,1.0,3.0,154.0,700.0,187.0,-9.0,187.0,8.46,303.0,211.0,32.6,32.2,0.0,3.5,662.1,0.0,12.68,2.6,19.7,16.7,20.6,17.3,17.7,17.0,17.2,18.2,44.3,44.3,22.0,30.0,12.0,17.5,34.0,34.0,34.0,0.0,0.0,0.0,6.0,6.0,4.0,0.0,17.0,18.0,18.0,33.0,39.0,34.0,30.0,30.0,28.0,44.8,44.84,44.84,55.0,420.0,4.7,0.0,0.0,0.0
8.83,148.0,0.32,0.28,0.29,10.6,11.0,10.8,8.98,-10.5,0.11,0.12,207.7,4.3,20.0,1.0,3.0,180.0,701.0,220.0,-1.0,236.0,9.08,336.0,237.0,31.6,32.7,0.0,3.4,682.5,0.0,12.81,2.5,19.6,16.3,20.4,17.3,17.5,16.9,16.9,18.0,44.3,44.3,22.0,30.0,11.9,17.5,34.0,34.0,34.0,0.0,0.0,0.0,6.0,6.0,4.0,0.0,17.0,18.0,18.0,32.0,39.0,33.0,30.0,30.0,28.0,44.8,44.85,44.84,54.0,430.0,4.8,0.0,0.0,0.0
7.97,154.0,0.32,0.28,0.29,11.3,11.1,10.6,8.37,-14.9,0.0,0.13,207.6,4.6,11.0,1.0,3.0,142.0,700.0,173.0,-5.0,185.0,8.47,298.2,207.0,33.0,32.7,0.0,3.5,745.9,0.0,13.2,2.6,19.6,16.4,20.5,17.3,17.6,17.1,16.9,18.0,44.3,44.3,21.0,30.0,11.9,17.5,34.0,34.0,34.0,0.0,0.0,0.0,6.0,6.0,4.0,0.0,17.0,17.0,18.0,33.0,39.0,34.0,30.0,30.0,28.0,44.8,44.85,44.84,54.0,430.0,4.7,0.0,0.0,0.0
8.73,198.0,0.32,0.28,0.29,11.0,11.4,10.6,8.82,-15.3,0.11,0.16,207.3,4.2,19.0,1.0,3.0,180.0,701.0,219.0,16.0,223.0,8.88,333.9,232.0,29.2,28.9,0.0,3.5,977.0,0.0,14.44,2.4,19.4,16.5,20.3,17.1,17.5,17.0,16.7,17.9,44.3,44.3,22.0,30.0,11.9,17.3,31.0,31.0,34.0,0.0,0.0,0.0,6.0,6.0,4.0,0.0,17.0,18.0,18.0,33.0,39.0,34.0,30.0,30.0,28.0,44.8,44.85,44.84,55.0,430.0,4.7,0.0,0.0,0.0
8.09,332.0,0.32,0.28,0.29,10.9,10.6,11.1,8.21,-12.3,0.09,0.1,207.3,3.6,21.0,1.0,3.0,145.0,701.0,177.0,-2.0,186.0,8.39,287.4,201.0,30.0,29.7,0.0,3.5,745.9,0.0,13.2,2.3,19.4,16.4,20.3,17.1,17.5,16.9,16.7,17.9,44.2,44.3,20.0,30.0,11.9,17.3,31.0,31.0,34.0,0.0,0.0,0.0,6.0,6.0,4.0,0.0,17.0,18.0,18.0,33.0,39.0,34.0,30.0,30.0,28.0,44.8,44.85,44.84,54.0,430.0,4.8,0.0,0.0,0.0
8.27,186.0,0.24,0.23,0.24,10.6,11.5,10.5,8.37,-15.5,0.09,0.12,207.8,5.0,16.0,1.0,3.0,143.0,699.0,174.0,1.0,184.0,8.49,298.5,208.0,32.3,32.0,0.0,3.5,778.6,0.0,13.39,2.6,19.8,16.7,20.6,17.3,17.7,17.4,17.2,18.2,44.3,44.3,21.0,30.0,12.0,17.5,33.0,34.0,34.0,0.0,0.0,0.0,6.0,6.0,4.0,0.0,17.0,18.0,18.0,33.0,39.0,34.0,30.0,30.0,28.0,44.8,44.85,44.84,55.0,420.0,4.7,0.0,0.0,0.0
8.65,254.0,0.32,0.28,0.29,11.3,10.8,11.1,8.96,-8.3,0.08,0.15,207.9,4.3,19.0,1.0,3.0,188.0,701.0,229.0,-6.0,238.0,9.06,343.7,238.0,31.2,32.6,0.0,3.5,682.5,0.0,12.81,2.5,19.6,16.4,20.3,17.2,17.6,16.8,16.9,18.0,44.3,44.3,21.0,30.0,11.9,17.5,34.0,34.0,34.0,0.0,0.0,0.0,6.0,6.0,4.0,0.0,17.0,18.0,18.0,33.0,39.0,33.0,30.0,30.0,28.0,44.8,44.85,44.84,54.0,420.0,4.7,0.0,0.0,0.0
8.36,116.0,0.32,0.28,0.29,10.8,10.7,11.2,8.41,-13.4,-0.02,0.07,207.4,4.1,16.0,1.0,3.0,144.0,701.0,176.0,3.0,186.0,8.57,299.0,209.0,33.0,32.6,0.0,3.5,682.5,0.0,12.81,2.6,19.6,16.5,20.5,17.3,17.5,17.1,16.9,18.0,44.3,44.3,22.0,30.0,11.9,17.5,34.0,34.0,34.0,0.0,0.0,0.0,6.0,6.0,4.0,0.0,17.0,18.0,18.0,32.0,39.0,34.0,30.0,30.0,28.0,44.81,44.85,44.84,54.0,430.0,4.8,0.0,0.0,0.0
8.55,30.0,0.32,0.28,0.29,10.6,11.3,10.6,8.5,-13.4,0.14,0.19,207.7,4.1,20.0,1.0,3.0,158.0,701.0,193.0,-5.0,209.0,8.69,311.3,214.0,29.7,29.4,0.0,3.5,790.9,0.0,13.46,2.3,19.4,16.3,20.3,17.1,17.5,16.8,16.7,17.9,44.2,44.2,22.0,30.0,11.9,17.3,31.0,31.0,34.0,0.0,0.0,0.0,6.0,6.0,4.0,0.0,17.0,18.0,18.0,33.0,39.0,34.0,30.0,30.0,28.0,44.8,44.85,44.84,54.0,430.0,4.8,0.0,0.0,0.0
8.64,110.0,0.32,0.28,0.29,10.6,11.6,10.7,8.69,-8.8,0.14,0.16,207.6,5.0,18.0,1.0,3.0,163.0,701.0,199.0,7.0,215.0,8.82,319.5,224.0,29.3,30.2,0.0,3.4,640.7,0.0,12.55,2.4,19.5,16.3,20.4,17.2,17.5,16.8,16.8,18.0,44.3,44.3,21.0,30.0,11.9,17.5,31.0,32.0,34.0,0.0,0.0,0.0,6.0,6.0,4.0,0.0,17.0,18.0,18.0,33.0,39.0,34.0,30.0,30.0,28.0,44.8,44.85,44.84,54.0,420.0,4.8,0.0,0.0,0.0
7.79,326.0,0.24,0.23,0.24,12.0,10.8,10.6,8.2,-7.4,0.09,0.1,207.9,4.4,13.0,1.0,3.0,133.0,699.0,163.0,15.0,176.0,8.25,280.7,196.0,32.6,32.3,0.0,3.5,662.1,0.0,12.68,2.6,19.7,16.6,20.5,17.3,17.7,17.1,17.1,18.2,44.3,44.3,22.0,30.0,12.0,17.5,34.0,34.0,34.0,0.0,0.0,0.0,6.0,6.0,4.0,0.0,17.0,18.0,18.0,33.0,39.0,33.0,30.0,30.0,28.0,44.8,44.85,44.84,55.0,430.0,4.7,0.0,0.0,0.0
9.21,344.0,0.32,0.28,0.29,10.8,11.1,10.9,9.54,-4.4,0.13,0.14,207.4,3.2,18.0,1.0,3.0,217.0,701.0,264.0,9.0,277.0,9.65,393.8,272.0,29.0,28.9,0.0,3.5,966.7,0.0,14.39,2.4,19.4,16.3,20.3,17.1,17.5,16.8,16.8,17.9,44.3,44.3,21.0,30.0,11.9,17.3,31.0,31.0,34.0,0.0,0.0,0.0,6.0,6.0,4.0,0.0,17.0,18.0,18.0,33.0,39.0,34.0,30.0,30.0,28.0,44.8,44.85,44.84,55.0,430.0,4.8,0.0,0.0,0.0
8.15,4.0,0.24,0.23,0.24,11.8,10.6,10.9,8.28,-4.2,0.19,0.18,207.9,4.3,15.0,1.0,3.0,146.0,700.0,178.0,-7.0,184.0,8.44,300.0,208.0,32.5,32.1,0.0,3.5,687.6,0.0,12.85,2.6,19.7,16.7,20.5,17.3,17.7,17.3,17.3,18.3,44.3,44.4,21.0,30.0,12.0,17.5,34.0,34.0,34.0,0.0,0.0,0.0,6.0,6.0,4.0,0.0,17.0,18.0,18.0,32.0,39.0,34.0,30.0,30.0,28.0,44.8,44.85,44.84,54.0,430.0,4.7,0.0,0.0,0.0
8.77,258.0,0.32,0.28,0.29,11.4,10.7,11.3,8.89,-3.3,0.14,0.2,207.9,3.9,9.0,1.0,3.0,188.0,701.0,229.0,12.0,235.0,9.05,338.0,236.0,32.9,32.6,0.0,3.5,751.0,0.0,13.23,2.6,19.7,16.6,20.5,17.3,17.7,17.0,17.0,18.1,44.3,44.3,22.0,30.0,11.9,17.5,34.0,34.0,34.0,0.0,0.0,0.0,6.0,6.0,4.0,0.0,17.0,18.0,18.0,33.0,39.0,34.0,30.0,30.0,28.0,44.8,44.85,44.84,55.0,440.0,4.8,0.0,0.0,0.0
8.33,210.0,0.24,0.23,0.25,10.6,11.2,10.6,8.47,-14.9,0.08,0.19,207.6,4.0,13.0,1.0,3.0,154.0,701.0,188.0,9.0,196.0,8.52,301.9,211.0,32.5,32.1,0.0,3.5,591.0,0.0,12.21,2.6,19.7,16.8,20.6,17.3,17.7,17.2,17.1,18.2,44.3,44.2,22.0,30.0,12.0,17.5,34.0,34.0,34.0,0.0,0.0,0.0,6.0,6.0,4.0,0.0,17.0,18.0,18.0,33.0,39.0,34.0,30.0,30.0,28.0,44.8,44.85,44.84,55.0,430.0,4.8,0.0,0.0,0.0
8.44,126.0,0.32,0.28,0.29,10.7,11.5,10.7,8.77,-14.4,0.08,0.16,207.8,4.2,19.0,1.0,3.0,165.0,701.0,201.0,-7.0,221.0,8.83,325.1,228.0,28.5,29.9,0.0,3.5,772.5,0.0,13.35,2.4,19.5,16.3,20.4,17.2,17.5,17.0,16.8,17.9,44.3,44.3,21.0,30.0,11.9,17.5,31.0,31.0,34.0,0.0,0.0,0.0,6.0,6.0,4.0,0.0,17.0,18.0,18.0,33.0,39.0,34.0,30.0,30.0,28.0,44.8,44.85,44.84,54.0,430.0,4.8,0.0,0.0,0.0
8.46,242.0,0.32,0.28,0.29,10.7,11.6,10.6,8.55,-9.3,0.28,0.15,207.5,3.9,19.0,1.0,3.0,162.0,701.0,198.0,5.0,203.0,8.56,314.7,218.0,28.5,28.4,0.0,3.5,803.2,0.0,13.53,2.4,19.4,16.3,20.4,17.1,17.5,17.0,16.8,17.9,44.3,44.3,21.0,30.0,11.9,17.5,30.0,30.0,34.0,0.0,0.0,0.0,6.0,6.0,4.0,0.0,17.0,18.0,18.0,33.0,39.0,34.0,30.0,30.0,28.0,44.81,44.86,44.84,54.0,420.0,4.8,0.0,0.0,0.0
8.49,296.0,0.32,0.28,0.29,10.8,11.5,10.6,8.68,-12.5,0.13,0.19,207.7,4.4,16.0,1.0,3.0,165.0,701.0,202.0,14.0,211.0,8.77,311.9,219.0,28.7,28.6,0.0,3.5,737.7,0.0,13.15,2.4,19.4,16.5,20.3,17.1,17.6,17.0,16.8,17.9,44.3,44.2,22.0,30.0,11.9,17.4,30.0,30.0,34.0,0.0,0.0,0.0,6.0,6.0,4.0,0.0,17.0,18.0,18.0,33.0,39.0,34.0,30.0,30.0,28.0,44.8,44.85,44.84,55.0,430.0,4.8,0.0,0.0,0.0
8.55,174.0,0.32,0.28,0.29,10.6,11.6,10.6,8.88,-2.9,0.14,0.25,207.4,3.7,17.0,1.0,3.0,171.0,702.0,209.0,1.0,223.0,9.02,336.8,234.0,28.2,28.3,0.0,3.4,772.5,0.0,13.35,2.4,19.5,16.5,20.5,17.2,17.5,17.1,16.8,17.9,44.3,44.3,21.0,30.0,11.9,17.5,29.0,30.0,34.0,0.0,0.0,0.0,6.0,6.0,4.0,0.0,17.0,18.0,18.0,33.0,39.0,34.0,30.0,30.0,28.0,44.8,44.85,44.84,55.0,430.0,4.8,0.0,0.0,0.0
8.6,138.0,0.32,0.28,0.29,11.4,10.6,10.9,8.6,-6.4,0.04,0.11,207.5,3.7,19.0,1.0,3.0,164.0,701.0,200.0,-8.0,208.0,8.64,317.5,219.0,29.5,29.3,0.0,3.5,790.9,0.0,13.46,2.4,19.4,16.5,20.4,17.1,17.5,16.9,16.7,17.9,44.3,44.2,21.0,30.0,11.9,17.3,31.0,31.0,34.0,0.0,0.0,0.0,6.0,6.0,4.0,0.0,17.0,18.0,18.0,33.0,39.0,34.0,30.0,30.0,28.0,44.8,44.85,44.84,54.0,420.0,4.7,0.0,0.0,0.0
8.23,160.0,0.32,0.28,0.29,10.8,11.0,11.1,8.87,4.9,0.11,0.13,207.6,3.5,7.0,1.0,3.0,169.0,700.0,206.0,-9.0,222.0,8.98,334.7,230.0,32.9,32.5,0.0,3.5,792.9,0.0,13.47,2.6,19.6,16.5,20.5,17.3,17.5,17.2,16.9,18.1,44.3,44.3,22.0,30.0,11.9,17.5,34.0,34.0,34.0,0.0,0.0,0.0,6.0,6.0,4.0,0.0,17.0,18.0,18.0,33.0,39.0,34.0,30.0,30.0,28.0,44.8,44.85,44.84,55.0,430.0,4.7,0.0,0.0,0.0
8.49,202.0,0.32,0.28,0.29,11.1,10.6,11.1,8.69,-12.2,0.07,0.14,207.5,4.6,16.0,1.0,3.0,165.0,701.0,201.0,2.0,213.0,8.86,316.7,222.0,33.0,32.8,0.0,3.5,682.5,0.0,12.81,2.6,19.6,16.4,20.5,17.2,17.6,17.0,16.9,18.0,44.3,44.3,22.0,30.0,11.9,17.5,34.0,34.0,34.0,0.0,0.0,0.0,6.0,6.0,4.0,0.0,17.0,18.0,18.0,33.0,39.0,34.0,30.0,30.0,28.0,44.8,44.85,44.84,55.0,430.0,4.7,0.0,0.0,0.0
8.66,42.0,0.32,0.28,0.29,10.8,11.5,10.7,8.9,-3.0,0.15,0.18,207.8,4.3,9.0,1.0,3.0,173.0,701.0,211.0,-1.0,222.0,8.96,335.7,235.0,32.7,32.4,0.0,3.5,640.7,0.0,12.55,2.6,19.7,16.6,20.5,17.3,17.7,17.0,17.0,18.1,44.3,44.3,21.0,30.0,11.9,17.5,34.0,34.0,34.0,0.0,0.0,0.0,6.0,6.0,4.0,0.0,17.0,18.0,18.0,33.0,39.0,34.0,30.0,30.0,28.0,44.8,44.85,44.84,55.0,430.0,4.7,0.0,0.0,0.0
8.51,308.0,0.32,0.28,0.29,11.4,11.1,10.8,8.86,-14.8,0.06,0.11,207.6,4.6,16.0,1.0,3.0,173.0,702.0,212.0,4.0,210.0,8.84,323.2,229.0,32.9,32.6,0.0,3.5,682.5,0.0,12.81,2.5,19.6,16.5,20.4,17.2,17.6,16.9,16.9,18.0,44.3,44.3,21.0,30.0,11.9,17.5,34.0,34.0,34.0,0.0,0.0,0.0,6.0,6.0,4.0,0.0,17.0,18.0,18.0,33.0,39.0,34.0,30.0,30.0,28.0,44.8,44.85,44.84,54.0,430.0,4.8,0.0,0.0,0.0
8.25,132.0,0.32,0.28,0.29,11.4,10.6,10.9,8.49,-17.2,0.07,0.18,207.7,4.2,14.0,1.0,3.0,147.0,701.0,180.0,-4.0,184.0,8.48,300.5,211.0,32.9,32.6,0.0,3.5,745.9,0.0,13.2,2.6,19.6,16.7,20.4,17.3,17.5,17.1,16.9,18.0,44.4,44.3,21.0,30.0,11.9,17.5,34.0,34.0,34.0,0.0,0.0,0.0,6.0,6.0,4.0,0.0,17.0,18.0,18.0,33.0,38.0,33.0,30.0,30.0,28.0,44.8,44.85,44.84,55.0,430.0,4.8,0.0,0.0,0.0
8.4,312.0,0.32,0.28,0.29,10.6,11.5,10.6,8.5,0.8,0.21,0.15,207.6,3.9,16.0,1.0,3.0,153.0,701.0,187.0,-5.0,201.0,8.65,309.9,217.0,28.6,28.6,0.0,3.5,803.2,0.0,13.53,2.4,19.4,16.4,20.4,17.2,17.5,17.1,16.8,17.9,44.3,44.2,20.0,30.0,11.9,17.4,30.0,30.0,34.0,0.0,0.0,0.0,6.0,6.0,4.0,0.0,17.0,18.0,18.0,33.0,39.0,33.0,30.0,30.0,28.0,44.8,44.85,44.84,54.0,420.0,4.8,0.0,0.0,0.0
9.27,22.0,0.32,0.28,0.29,10.6,11.3,10.6,9.43,-15.3,0.07,0.13,207.7,6.5,19.0,1.0,3.0,212.0,702.0,259.0,8.0,261.0,9.53,371.0,264.0,28.9,28.7,0.0,3.5,737.7,0.0,13.15,2.4,19.4,16.3,20.3,17.2,17.5,16.8,16.8,17.9,44.3,44.3,21.0,30.0,11.9,17.3,30.0,30.0,34.0,0.0,0.0,0.0,6.0,6.0,4.0,0.0,17.0,18.0,18.0,33.0,39.0,33.0,30.0,30.0,28.0,44.8,44.85,44.84,54.0,430.0,4.7,0.0,0.0,0.0
9.45,290.0,0.32,0.28,0.29,10.9,11.6,10.8,9.6,-13.5,-0.02,0.14,208.0,4.7,20.0,1.0,3.0,225.0,702.0,275.0,-9.0,290.0,9.74,389.5,270.0,29.0,28.8,0.0,3.5,737.7,0.0,13.15,2.4,19.4,16.4,20.4,17.2,17.5,17.1,16.8,17.9,44.3,44.3,22.0,30.0,11.9,17.3,30.0,30.0,34.0,0.0,0.0,0.0,6.0,6.0,4.0,0.0,17.0,18.0,18.0,33.0,39.0,34.0,30.0,30.0,28.0,44.8,44.85,44.84,54.0,430.0,4.8,0.0,0.0,0.0
8.15,356.0,0.24,0.23,0.24,10.8,10.6,11.3,8.27,-8.5,0.11,0.12,208.0,4.1,14.0,1.0,3.0,151.0,701.0,184.0,-6.0,188.0,8.41,294.7,208.0,32.6,32.2,0.0,3.5,591.0,0.0,12.21,2.6,19.7,16.5,20.5,17.3,17.7,17.2,17.1,18.2,44.3,44.3,21.0,30.0,11.9,17.5,34.0,34.0,34.0,0.0,0.0,0.0,6.0,6.0,4.0,0.0,17.0,18.0,18.0,33.0,39.0,34.0,30.0,30.0,28.0,44.8,44.85,44.84,55.0,430.0,4.8,0.0,0.0,0.0
8.16,300.0,0.32,0.28,0.29,11.1,11.3,10.7,8.54,0.9,0.08,0.18,207.6,3.7,18.0,1.0,3.0,157.0,701.0,192.0,6.0,199.0,8.47,307.7,213.0,29.7,29.4,0.0,3.5,790.9,0.0,13.46,2.3,19.4,16.3,20.3,17.1,17.5,16.9,16.7,17.8,44.3,44.2,21.0,30.0,11.9,17.3,31.0,31.0,34.0,0.0,0.0,0.0,6.0,6.0,4.0,0.0,17.0,18.0,18.0,33.0,39.0,34.0,30.0,30.0,28.0,44.8,44.85,44.84,54.0,430.0,4.8,0.0,0.0,0.0
8.73,144.0,0.32,0.28,0.29,11.5,11.0,10.8,8.88,-14.0,0.07,0.14,207.6,4.1,18.0,1.0,3.0,169.0,701.0,206.0,-6.0,214.0,8.94,336.3,231.0,29.4,29.1,0.0,3.5,977.0,0.0,14.44,2.4,19.4,16.5,20.4,17.2,17.5,17.0,16.7,17.9,44.3,44.3,21.0,30.0,11.9,17.3,31.0,31.0,34.0,0.0,0.0,0.0,6.0,6.0,4.0,0.0,17.0,18.0,18.0,33.0,39.0,34.0,30.0,30.0,28.0,44.8,44.85,44.84,55.0,440.0,4.7,0.0,0.0,0.0
8.15,118.0,0.24,0.23,0.24,12.2,10.6,10.8,8.41,-6.6,0.16,0.13,207.9,3.6,16.0,1.0,3.0,142.0,700.0,173.0,2.0,175.0,8.4,296.8,205.0,32.7,32.3,0.0,3.5,660.0,0.0,12.67,2.6,19.7,16.7,20.6,17.3,17.6,17.2,17.1,18.2,44.3,44.3,22.0,30.0,11.9,17.5,34.0,34.0,34.0,0.0,0.0,0.0,6.0,6.0,4.0,0.0,17.0,18.0,18.0,33.0,39.0,34.0,30.0,30.0,28.0,44.8,44.85,44.84,54.0,440.0,4.8,0.0,0.0,0.0
8.11,72.0,0.24,0.23,0.25,10.9,10.7,11.1,8.41,-7.6,0.21,0.14,207.6,2.9,13.0,1.0,3.0,153.0,700.0,186.0,-1.0,197.0,8.51,297.9,207.0,32.5,32.1,0.0,3.5,662.1,0.0,12.68,2.6,19.7,16.8,20.6,17.3,17.8,17.0,17.2,18.2,44.3,44.3,21.0,30.0,12.0,17.5,34.0,34.0,34.0,0.0,0.0,0.0,6.0,6.0,4.0,0.0,17.0,18.0,18.0,32.0,39.0,33.0,30.0,30.0,28.0,44.8,44.85,44.84,54.0,430.0,4.8,0.0,0.0,0.0
9.0,290.0,0.32,0.28,0.29,11.6,10.9,11.0,9.29,8.7,0.17,0.22,208.0,4.2,6.0,1.0,3.0,204.0,701.0,249.0,-3.0,262.0,9.38,360.1,253.0,32.9,32.6,0.0,3.5,751.0,0.0,13.23,2.6,19.6,16.3,20.5,17.3,17.6,17.1,17.0,18.1,44.3,44.3,21.0,30.0,11.9,17.5,34.0,34.0,34.0,0.0,0.0,0.0,6.0,6.0,4.0,0.0,17.0,18.0,18.0,33.0,39.0,34.0,30.0,30.0,28.0,44.8,44.85,44.84,55.0,430.0,4.7,0.0,0.0,0.0
8.28,262.0,0.32,0.28,0.29,10.8,10.6,11.4,8.46,1.3,0.09,0.14,207.5,4.1,6.0,1.0,3.0,153.0,701.0,187.0,4.0,202.0,8.57,302.5,211.0,32.9,32.6,0.0,3.5,792.9,0.0,13.47,2.6,19.6,16.4,20.5,17.3,17.6,17.0,16.9,18.1,44.3,44.2,22.0,30.0,11.9,17.5,34.0,34.0,34.0,0.0,0.0,0.0,6.0,6.0,4.0,0.0,17.0,18.0,18.0,32.0,39.0,34.0,30.0,30.0,28.0,44.8,44.85,44.84,54.0,430.0,4.7,0.0,0.0,0.0
9.06,112.0,0.32,0.28,0.29,10.8,11.6,10.7,9.41,9.7,0.05,0.09,207.9,4.0,3.0,1.0,3.0,206.0,701.0,251.0,0.0,265.0,9.55,377.9,262.0,32.8,32.6,0.0,3.5,751.0,0.0,13.23,2.6,19.6,16.5,20.4,17.3,17.6,17.0,17.0,18.1,44.3,44.3,21.0,30.0,11.9,17.5,34.0,34.0,34.0,0.0,0.0,0.0,6.0,6.0,4.0,0.0,17.0,18.0,18.0,33.0,39.0,34.0,30.0,30.0,28.0,44.8,44.85,44.84,54.0,430.0,4.7,0.0,0.0,0.0
8.56,44.0,0.32,0.28,0.29,10.9,10.6,11.3,8.46,-5.3,0.17,0.14,207.4,3.8,18.0,1.0,3.0,147.0,701.0,180.0,-2.0,194.0,8.7,307.3,212.0,28.5,28.3,0.0,3.5,803.2,0.0,13.53,2.4,19.4,16.3,20.3,17.1,17.5,16.9,16.8,18.0,44.3,44.3,21.0,30.0,11.9,17.5,30.0,30.0,34.0,0.0,0.0,0.0,6.0,6.0,4.0,0.0,17.0,18.0,18.0,33.0,39.0,34.0,30.0,30.0,28.0,44.8,44.85,44.84,53.0,430.0,4.8,0.0,0.0,0.0
8.71,242.0,0.32,0.28,0.29,11.2,10.7,11.0,8.9,5.4,0.11,0.14,207.6,3.8,8.0,1.0,3.0,172.0,701.0,210.0,1.0,223.0,9.02,335.3,234.0,32.7,32.5,0.0,3.5,640.7,0.0,12.55,2.6,19.7,16.5,20.5,17.3,17.7,17.0,17.0,18.1,44.3,44.3,21.0,30.0,11.9,17.5,34.0,34.0,34.0,0.0,0.0,0.0,6.0,6.0,4.0,0.0,17.0,18.0,18.0,33.0,39.0,34.0,30.0,30.0,28.0,44.8,44.85,44.84,55.0,440.0,4.8,0.0,0.0,0.0
8.58,132.0,0.32,0.28,0.29,10.7,10.8,11.2,8.55,-7.1,-0.02,0.14,207.7,4.1,15.0,1.0,3.0,150.0,702.0,183.0,-6.0,193.0,8.69,306.7,215.0,33.0,32.7,0.0,3.5,682.5,0.0,12.81,2.6,19.6,16.5,20.5,17.3,17.5,17.2,16.9,18.0,44.3,44.3,22.0,30.0,11.9,17.5,34.0,34.0,34.0,0.0,0.0,0.0,6.0,6.0,4.0,0.0,17.0,18.0,18.0,33.0,39.0,34.0,30.0,30.0,28.0,44.8,44.86,44.84,54.0,430.0,4.7,0.0,0.0,0.0
8.65,56.0,0.32,0.28,0.29,10.6,11.6,10.6,8.84,-18.5,0.13,0.18,207.6,5.0,17.0,1.0,3.0,168.0,701.0,205.0,2.0,220.0,8.94,327.0,231.0,32.9,32.7,0.0,3.5,682.5,0.0,12.81,2.5,19.6,16.6,20.4,17.2,17.6,16.9,16.9,18.0,44.3,44.3,22.0,30.0,11.9,17.5,34.0,34.0,34.0,0.0,0.0,0.0,6.0,6.0,4.0,0.0,17.0,18.0,18.0,33.0,39.0,34.0,30.0,30.0,28.0,44.8,44.85,44.84,54.0,430.0,4.8,0.0,0.0,0.0
8.11,34.0,0.24,0.23,0.24,11.3,11.1,10.6,8.41,8.1,0.08,0.08,207.9,4.3,10.0,1.0,3.0,146.0,700.0,178.0,6.0,177.0,8.4,290.6,207.0,32.4,32.3,0.0,3.5,591.0,0.0,12.21,2.6,19.7,16.6,20.6,17.3,17.7,17.1,17.1,18.2,44.2,44.2,22.0,30.0,12.0,17.5,34.0,34.0,34.0,0.0,0.0,0.0,6.0,6.0,4.0,0.0,17.0,18.0,18.0,33.0,39.0,34.0,30.0,30.0,28.0,44.8,44.85,44.84,55.0,430.0,4.8,0.0,0.0,0.0
8.93,122.0,0.32,0.28,0.29,10.6,11.3,10.7,9.01,-14.4,0.09,0.16,207.7,4.3,8.0,1.0,3.0,188.0,701.0,229.0,0.0,248.0,9.17,345.6,242.0,32.8,32.4,0.0,3.5,888.0,0.0,13.99,2.6,19.6,16.5,20.4,17.2,17.6,16.9,17.0,18.1,44.3,44.3,22.0,30.0,11.9,17.5,34.0,34.0,34.0,0.0,0.0,0.0,6.0,6.0,4.0,0.0,17.0,18.0,18.0,33.0,39.0,34.0,30.0,30.0,28.0,44.8,44.85,44.84,55.0,430.0,4.8,0.0,0.0,0.0
8.19,86.0,0.24,0.23,0.24,12.0,10.9,10.7,8.38,-8.4,0.08,0.16,207.5,3.9,14.0,1.0,3.0,140.0,701.0,171.0,-16.0,179.0,8.4,297.4,207.0,32.5,32.2,0.0,3.5,591.0,0.0,12.21,2.6,19.7,16.5,20.6,17.3,17.6,17.2,17.1,18.2,44.3,44.3,21.0,30.0,12.0,17.5,34.0,34.0,34.0,0.0,0.0,0.0,6.0,6.0,4.0,0.0,17.0,18.0,18.0,33.0,39.0,34.0,30.0,30.0,28.0,44.8,44.85,44.84,55.0,430.0,4.8,0.0,0.0,0.0
8.13,300.0,0.32,0.28,0.29,11.4,10.6,11.0,8.37,-20.6,0.24,0.14,207.6,4.6,21.0,1.0,3.0,139.0,701.0,170.0,-1.0,178.0,8.37,295.4,204.0,29.8,29.6,0.0,3.4,745.9,0.0,13.2,2.3,19.4,16.4,20.4,17.1,17.4,17.0,16.7,17.8,44.3,44.3,22.0,30.0,11.9,17.3,31.0,31.0,34.0,0.0,0.0,0.0,6.0,6.0,4.0,0.0,17.0,18.0,18.0,33.0,39.0,33.0,30.0,30.0,28.0,44.8,44.85,44.84,55.0,420.0,4.7,0.0,0.0,0.0
7.91,30.0,0.32,0.28,0.29,11.3,11.1,10.7,8.64,2.3,0.02,0.14,207.8,3.6,7.0,1.0,3.0,161.0,701.0,196.0,-4.0,211.0,8.72,320.0,223.0,32.8,32.6,0.0,3.5,792.9,0.0,13.47,2.6,19.6,16.4,20.4,17.2,17.6,17.0,16.9,18.1,44.3,44.3,21.0,30.0,11.9,17.5,34.0,34.0,34.0,0.0,0.0,0.0,6.0,6.0,4.0,0.0,17.0,18.0,18.0,33.0,39.0,33.0,30.0,30.0,28.0,44.8,44.85,44.84,55.0,430.0,4.8,0.0,0.0,0.0
8.29,188.0,0.24,0.23,0.24,11.9,10.8,10.6,8.48,2.2,0.05,0.08,207.9,3.6,12.0,1.0,3.0,144.0,700.0,176.0,2.0,186.0,8.54,304.3,210.0,32.7,32.2,0.0,3.5,660.0,0.0,12.67,2.6,19.7,16.5,20.5,17.3,17.6,17.1,17.1,18.2,44.3,44.3,21.0,30.0,11.9,17.5,34.0,34.0,34.0,0.0,0.0,0.0,6.0,6.0,4.0,0.0,17.0,17.0,18.0,33.0,39.0,34.0,30.0,30.0,28.0,44.8,44.85,44.84,55.0,430.0,4.7,0.0,0.0,0.0
9.31,90.0,0.32,0.28,0.29,11.4,10.9,11.1,9.53,-10.2,0.18,0.14,207.8,4.0,18.0,1.0,3.0,218.0,702.0,266.0,-17.0,271.0,9.59,386.6,265.0,29.2,29.0,0.0,3.5,966.7,0.0,14.39,2.4,19.4,16.4,20.3,17.1,17.5,16.9,16.7,17.9,44.3,44.3,22.0,30.0,11.9,17.3,31.0,31.0,34.0,0.0,0.0,0.0,6.0,6.0,4.0,0.0,17.0,18.0,18.0,33.0,39.0,34.0,30.0,30.0,28.0,44.8,44.86,44.84,54.0,430.0,4.8,0.0,0.0,0.0
8.7,12.0,0.32,0.28,0.29,11.6,10.7,11.0,8.99,-5.8,0.13,0.2,207.7,3.8,18.0,1.0,3.0,173.0,702.0,212.0,1.0,230.0,9.06,338.6,236.0,27.9,28.4,0.0,3.4,772.5,0.0,13.35,2.4,19.5,16.6,20.4,17.2,17.5,17.0,16.8,17.9,44.3,44.3,21.0,30.0,11.9,17.5,29.0,30.0,34.0,0.0,0.0,0.0,6.0,6.0,4.0,0.0,17.0,18.0,18.0,33.0,39.0,34.0,30.0,30.0,28.0,44.8,44.85,44.84,54.0,420.0,4.8,0.0,0.0,0.0
8.64,162.0,0.32,0.28,0.29,10.6,11.4,10.6,8.68,-10.8,0.02,0.12,207.8,5.0,18.0,1.0,3.0,165.0,701.0,201.0,1.0,201.0,8.77,321.9,225.0,29.2,30.2,0.0,3.4,640.7,0.0,12.55,2.4,19.5,16.4,20.3,17.2,17.6,16.8,16.8,18.0,44.3,44.3,22.0,30.0,11.9,17.5,31.0,31.0,34.0,0.0,0.0,0.0,6.0,6.0,4.0,0.0,17.0,18.0,18.0,33.0,39.0,34.0,30.0,30.0,28.0,44.8,44.85,44.84,55.0,430.0,4.8,0.0,0.0,0.0
9.07,160.0,0.32,0.28,0.29,11.4,11.2,10.8,9.2,-0.6,0.11,0.2,207.4,3.3,16.0,1.0,3.0,189.0,701.0,231.0,-16.0,240.0,9.27,364.7,251.0,29.1,28.9,0.0,3.4,966.7,0.0,14.39,2.4,19.4,16.3,20.3,17.1,17.5,16.9,16.7,17.9,44.3,44.3,21.0,30.0,11.9,17.3,31.0,31.0,34.0,0.0,0.0,0.0,6.0,6.0,4.0,0.0,17.0,18.0,18.0,33.0,39.0,34.0,30.0,30.0,28.0,44.8,44.86,44.84,54.0,430.0,4.8,0.0,0.0,0.0
8.04,186.0,0.32,0.28,0.29,10.6,11.5,10.6,8.23,-4.3,0.09,0.16,207.7,3.5,19.0,1.0,3.0,140.0,702.0,171.0,-1.0,183.0,8.29,284.9,197.0,30.0,29.7,0.0,3.5,683.5,0.0,12.82,2.3,19.4,16.5,20.4,17.1,17.5,16.9,16.7,17.9,44.2,44.3,22.0,30.0,11.9,17.3,31.0,31.0,34.0,0.0,0.0,0.0,6.0,6.0,4.0,0.0,17.0,18.0,18.0,33.0,39.0,33.0,30.0,30.0,28.0,44.8,44.85,44.84,54.0,430.0,4.8,0.0,0.0,0.0
8.26,192.0,0.32,0.28,0.29,11.4,10.9,10.8,8.65,-8.8,0.16,0.16,207.5,4.4,19.0,1.0,3.0,163.0,701.0,199.0,-9.0,211.0,8.7,314.7,217.0,29.5,29.3,0.0,3.5,790.9,0.0,13.46,2.4,19.4,16.5,20.4,17.1,17.5,16.9,16.7,17.9,44.3,44.2,21.0,30.0,11.9,17.3,31.0,31.0,34.0,0.0,0.0,0.0,6.0,6.0,4.0,0.0,17.0,18.0,18.0,33.0,39.0,34.0,30.0,30.0,28.0,44.81,44.85,44.84,54.0,420.0,4.7,0.0,0.0,0.0
8.92,14.0,0.32,0.28,0.29,11.1,11.4,10.8,9.01,-12.9,0.12,0.14,207.9,4.4,7.0,1.0,3.0,180.0,701.0,220.0,-2.0,236.0,9.15,347.4,239.0,32.8,32.5,0.0,3.5,888.0,0.0,13.99,2.6,19.6,16.4,20.4,17.3,17.6,16.9,17.0,18.1,44.3,44.3,21.0,30.0,11.9,17.5,34.0,34.0,34.0,0.0,0.0,0.0,6.0,6.0,4.0,0.0,17.0,18.0,18.0,33.0,39.0,34.0,30.0,30.0,28.0,44.8,44.85,44.84,55.0,430.0,4.8,0.0,0.0,0.0
8.93,74.0,0.32,0.28,0.29,10.7,11.6,10.7,9.11,3.0,-0.04,0.13,207.8,3.5,8.0,1.0,3.0,195.0,700.0,237.0,15.0,247.0,9.23,347.5,244.0,32.8,32.5,0.0,3.5,751.0,0.0,13.23,2.6,19.6,16.3,20.5,17.3,17.7,17.0,17.0,18.1,44.3,44.3,22.0,30.0,11.9,17.5,34.0,34.0,34.0,0.0,0.0,0.0,6.0,6.0,4.0,0.0,17.0,18.0,18.0,33.0,39.0,34.0,30.0,30.0,28.0,44.8,44.85,44.84,54.0,430.0,4.8,0.0,0.0,0.0
8.61,118.0,0.32,0.28,0.29,11.4,10.9,10.8,8.66,-15.7,0.01,0.13,207.6,4.6,19.0,1.0,3.0,157.0,701.0,192.0,-7.0,212.0,8.69,315.9,220.0,28.3,28.6,0.0,3.4,803.2,0.0,13.53,2.4,19.4,16.5,20.4,17.2,17.5,17.1,16.8,17.9,44.3,44.3,22.0,30.0,11.9,17.5,30.0,30.0,34.0,0.0,0.0,0.0,6.0,6.0,4.0,0.0,17.0,18.0,18.0,33.0,39.0,34.0,30.0,30.0,28.0,44.8,44.84,44.84,55.0,430.0,4.8,0.0,0.0,0.0
8.25,204.0,0.32,0.28,0.29,11.1,11.1,10.7,8.59,-4.4,0.05,0.13,208.0,4.6,17.0,1.0,3.0,159.0,702.0,195.0,-4.0,206.0,8.64,308.7,214.0,28.6,28.4,0.0,3.5,803.2,0.0,13.53,2.4,19.4,16.4,20.4,17.1,17.5,17.1,16.8,17.9,44.3,44.3,22.0,30.0,11.9,17.4,30.0,30.0,34.0,0.0,0.0,0.0,6.0,6.0,4.0,0.0,17.0,18.0,18.0,33.0,39.0,34.0,30.0,30.0,28.0,44.8,44.85,44.84,54.0,430.0,4.7,0.0,0.0,0.0
8.41,56.0,0.32,0.28,0.29,11.2,11.3,10.7,8.67,-7.5,0.06,0.17,207.7,4.8,18.0,1.0,3.0,166.0,702.0,203.0,-5.0,215.0,8.81,319.3,222.0,29.3,30.3,0.0,3.4,640.7,0.0,12.55,2.4,19.5,16.3,20.4,17.2,17.5,16.9,16.8,18.0,44.3,44.3,21.0,30.0,11.9,17.5,32.0,32.0,34.0,0.0,0.0,0.0,6.0,6.0,4.0,0.0,17.0,18.0,18.0,33.0,39.0,34.0,30.0,30.0,28.0,44.8,44.85,44.84,54.0,430.0,4.8,0.0,0.0,0.0
8.26,84.0,0.32,0.28,0.29,10.6,10.8,11.0,8.57,-8.9,0.05,0.15,207.5,4.0,20.0,1.0,3.0,155.0,701.0,190.0,-6.0,201.0,8.7,309.2,216.0,29.7,29.5,0.0,3.4,790.9,0.0,13.46,2.3,19.4,16.3,20.3,17.1,17.5,16.9,16.7,17.8,44.3,44.2,22.0,30.0,11.9,17.3,31.0,31.0,34.0,0.0,0.0,0.0,6.0,6.0,4.0,0.0,17.0,18.0,18.0,33.0,39.0,33.0,30.0,30.0,28.0,44.8,44.85,44.84,53.0,430.0,4.8,0.0,0.0,0.0
8.21,244.0,0.32,0.28,0.29,10.5,11.3,10.5,8.28,-12.1,0.04,0.15,207.9,4.8,10.0,1.0,3.0,148.0,700.0,182.0,0.0,188.0,8.39,295.6,206.0,33.0,32.6,0.0,3.5,745.9,0.0,13.2,2.6,19.6,16.6,20.5,17.3,17.6,17.1,16.9,18.0,44.3,44.3,21.0,30.0,11.9,17.5,34.0,34.0,34.0,0.0,0.0,0.0,6.0,6.0,4.0,0.0,17.0,18.0,18.0,33.0,39.0,34.0,30.0,30.0,28.0,44.8,44.86,44.84,55.0,430.0,4.8,0.0,0.0,0.0
8.26,302.0,0.24,0.23,0.25,10.8,11.0,10.9,8.44,-6.6,0.09,0.14,208.0,4.5,14.0,1.0,3.0,149.0,701.0,182.0,5.0,183.0,8.41,291.4,203.0,32.6,32.2,0.0,3.5,591.0,0.0,12.21,2.6,19.7,16.5,20.5,17.3,17.7,17.1,17.1,18.2,44.3,44.3,21.0,30.0,11.9,17.5,34.0,34.0,34.0,0.0,0.0,0.0,6.0,6.0,4.0,0.0,17.0,18.0,18.0,33.0,39.0,34.0,30.0,30.0,28.0,44.8,44.85,44.84,55.0,430.0,4.8,0.0,0.0,0.0
8.4,280.0,0.32,0.28,0.29,10.6,11.6,10.6,8.46,1.3,0.11,0.17,207.9,4.2,14.0,1.0,3.0,158.0,702.0,193.0,2.0,196.0,8.53,307.7,214.0,28.7,28.5,0.0,3.4,737.7,0.0,13.15,2.4,19.4,16.3,20.4,17.1,17.5,17.0,16.8,17.9,44.3,44.2,21.0,30.0,11.9,17.4,30.0,30.0,34.0,0.0,0.0,0.0,6.0,6.0,4.0,0.0,17.0,18.0,18.0,33.0,39.0,33.0,30.0,30.0,28.0,44.8,44.85,44.84,55.0,430.0,4.7,0.0,0.0,0.0
8.8,356.0,0.32,0.28,0.29,11.5,10.6,10.9,8.94,-17.2,-0.03,0.08,207.6,4.1,20.0,1.0,3.0,181.0,701.0,221.0,2.0,226.0,8.97,334.6,232.0,27.6,28.9,0.0,3.4,772.5,0.0,13.35,2.4,19.5,16.5,20.4,17.2,17.5,16.9,16.8,18.0,44.3,44.3,21.0,30.0,11.9,17.5,30.0,30.0,34.0,0.0,0.0,0.0,6.0,6.0,4.0,0.0,17.0,18.0,18.0,33.0,39.0,34.0,30.0,30.0,28.0,44.8,44.85,44.84,54.0,430.0,4.8,0.0,0.0,0.0
8.11,318.0,0.24,0.23,0.24,10.6,11.2,10.6,8.23,-19.9,0.21,0.1,207.9,3.9,17.0,1.0,3.0,137.0,701.0,168.0,8.0,181.0,8.47,290.6,202.0,32.7,32.3,0.0,3.5,660.0,0.0,12.67,2.6,19.7,16.6,20.5,17.3,17.6,17.1,17.1,18.2,44.3,44.3,21.0,30.0,11.9,17.5,34.0,34.0,34.0,0.0,0.0,0.0,6.0,6.0,4.0,0.0,17.0,18.0,18.0,33.0,39.0,34.0,30.0,30.0,28.0,44.8,44.85,44.84,55.0,420.0,4.6,0.0,0.0,0.0
9.11,36.0,0.32,0.28,0.29,11.0,11.4,10.8,9.31,12.5,0.11,0.14,207.6,5.0,5.0,1.0,3.0,205.0,701.0,250.0,2.0,263.0,9.4,367.7,254.0,32.8,32.6,0.0,3.5,751.0,0.0,13.23,2.6,19.6,16.4,20.5,17.3,17.7,17.0,17.0,18.1,44.3,44.3,22.0,30.0,11.9,17.5,34.0,34.0,34.0,0.0,0.0,0.0,6.0,6.0,4.0,0.0,17.0,18.0,18.0,33.0,39.0,33.0,30.0,30.0,28.0,44.8,44.86,44.84,54.0,430.0,4.8,0.0,0.0,0.0
8.57,274.0,0.25,0.22,0.23,11.9,10.8,10.8,8.88,-6.3,0.14,0.11,207.5,4.5,9.0,1.0,3.0,178.0,701.0,217.0,-3.0,222.0,8.89,331.4,231.0,32.8,32.4,0.0,3.5,640.7,0.0,12.55,2.6,19.7,16.5,20.6,17.3,17.5,17.2,17.0,18.1,44.3,44.3,22.0,30.0,11.9,17.5,34.0,34.0,34.0,0.0,0.0,0.0,6.0,6.0,4.0,0.0,17.0,18.0,18.0,33.0,39.0,34.0,30.0,30.0,28.0,44.8,44.85,44.84,54.0,440.0,4.8,0.0,0.0,0.0
7.99,62.0,0.32,0.28,0.29,10.6,10.9,10.9,8.42,-14.3,0.15,0.15,207.6,4.4,16.0,1.0,3.0,144.0,701.0,176.0,-6.0,192.0,8.5,298.5,208.0,33.0,32.5,0.0,3.5,682.5,0.0,12.81,2.6,19.6,16.5,20.5,17.3,17.5,17.1,16.9,18.0,44.3,44.3,22.0,30.0,11.9,17.5,34.0,34.0,34.0,0.0,0.0,0.0,6.0,6.0,4.0,0.0,17.0,18.0,18.0,33.0,39.0,33.0,30.0,30.0,28.0,44.8,44.85,44.84,54.0,430.0,4.8,0.0,0.0,0.0
8.71,232.0,0.32,0.28,0.29,10.6,10.9,10.9,8.78,-10.3,0.09,0.12,208.2,4.6,19.0,1.0,3.0,176.0,701.0,214.0,-4.0,219.0,8.87,326.4,230.0,28.4,29.8,0.0,3.5,772.5,0.0,13.35,2.4,19.5,16.3,20.3,17.2,17.6,16.9,16.8,18.0,44.3,44.3,21.0,30.0,11.9,17.5,31.0,31.0,34.0,0.0,0.0,0.0,6.0,6.0,4.0,0.0,17.0,18.0,18.0,33.0,39.0,34.0,30.0,30.0,28.0,44.8,44.85,44.84,54.0,430.0,4.8,0.0,0.0,0.0
7.95,56.0,0.24,0.23,0.24,10.5,11.7,10.6,8.08,-2.3,0.11,0.15,207.6,3.9,12.0,1.0,3.0,127.0,700.0,155.0,0.0,162.0,8.15,277.1,191.0,32.5,32.1,0.0,3.5,662.1,0.0,12.68,2.6,19.7,16.5,20.6,17.3,17.7,17.1,17.1,18.2,44.3,44.3,20.0,30.0,12.0,17.5,34.0,34.0,34.0,0.0,0.0,0.0,6.0,6.0,4.0,0.0,17.0,18.0,18.0,33.0,39.0,34.0,30.0,30.0,28.0,44.8,44.85,44.84,55.0,430.0,4.8,0.0,0.0,0.0
8.05,132.0,0.24,0.23,0.24,11.8,10.8,10.7,8.36,4.8,0.07,0.11,207.9,4.0,12.0,1.0,3.0,137.0,699.0,167.0,-3.0,170.0,8.29,290.7,201.0,32.5,32.2,0.0,3.5,687.6,0.0,12.85,2.6,19.7,16.8,20.6,17.3,17.7,17.2,17.2,18.2,44.3,44.3,22.0,30.0,12.0,17.5,34.0,34.0,34.0,0.0,0.0,0.0,6.0,6.0,4.0,0.0,17.0,18.0,18.0,33.0,39.0,34.0,30.0,30.0,28.0,44.8,44.85,44.85,55.0,430.0,4.8,0.0,0.0,0.0
8.08,24.0,0.32,0.28,0.29,11.4,10.6,10.9,8.29,-12.4,0.13,0.18,207.7,3.6,21.0,1.0,3.0,142.0,702.0,174.0,-1.0,186.0,8.35,288.8,200.0,29.9,29.7,0.0,3.5,683.5,0.0,12.82,2.3,19.4,16.5,20.3,17.1,17.5,16.9,16.7,17.9,44.2,44.3,21.0,30.0,11.9,17.3,31.0,31.0,34.0,0.0,0.0,0.0,6.0,6.0,4.0,0.0,17.0,18.0,18.0,33.0,39.0,34.0,30.0,30.0,28.0,44.8,44.85,44.84,55.0,430.0,4.8,0.0,0.0,0.0
7.84,342.0,0.24,0.23,0.24,10.6,11.6,10.5,8.13,-11.4,0.09,0.17,208.1,3.2,14.0,1.0,3.0,135.0,700.0,165.0,-1.0,172.0,8.31,288.5,199.0,32.5,32.1,0.0,3.5,662.1,0.0,12.68,2.6,19.7,16.8,20.7,17.3,17.7,17.2,17.2,18.2,44.3,44.3,21.0,30.0,12.0,17.5,34.0,34.0,34.0,0.0,0.0,0.0,6.0,6.0,4.0,0.0,17.0,18.0,18.0,33.0,39.0,34.0,30.0,30.0,28.0,44.8,44.86,44.84,55.0,430.0,4.8,0.0,0.0,0.0
8.66,230.0,0.32,0.28,0.29,11.1,10.6,11.3,9.07,-11.2,0.05,0.11,207.9,3.7,8.0,1.0,3.0,190.0,701.0,232.0,-4.0,247.0,9.22,349.5,244.0,32.8,32.6,0.0,3.5,888.0,0.0,13.99,2.6,19.6,16.5,20.5,17.2,17.6,17.0,16.9,18.0,44.3,44.3,22.0,30.0,11.9,17.5,34.0,34.0,34.0,0.0,0.0,0.0,6.0,6.0,4.0,0.0,17.0,18.0,18.0,33.0,39.0,34.0,30.0,30.0,28.0,44.8,44.85,44.84,55.0,430.0,4.8,0.0,0.0,0.0
8.35,210.0,0.32,0.28,0.29,10.6,11.5,10.5,8.64,-9.1,0.02,0.14,207.5,4.2,18.0,1.0,3.0,165.0,702.0,201.0,-7.0,213.0,8.74,317.7,220.0,28.5,28.4,0.0,3.5,803.2,0.0,13.53,2.4,19.5,16.5,20.3,17.2,17.5,17.0,16.8,18.0,44.3,44.3,21.0,30.0,11.9,17.5,30.0,30.0,34.0,0.0,0.0,0.0,6.0,6.0,4.0,0.0,17.0,18.0,18.0,33.0,39.0,34.0,30.0,30.0,28.0,44.81,44.85,44.84,54.0,430.0,4.7,0.0,0.0,0.0
7.93,202.0,0.24,0.23,0.24,11.8,10.6,10.8,8.17,-4.0,0.05,0.08,207.7,3.9,13.0,1.0,3.0,136.0,700.0,166.0,4.0,167.0,8.14,283.5,195.0,32.5,32.2,0.0,3.5,662.1,0.0,12.68,2.6,19.7,16.6,20.6,17.3,17.7,17.1,17.2,18.2,44.3,44.3,21.0,30.0,12.0,17.5,34.0,34.0,34.0,0.0,0.0,0.0,6.0,6.0,4.0,0.0,17.0,18.0,18.0,33.0,39.0,33.0,30.0,30.0,28.0,44.8,44.86,44.84,54.0,430.0,4.7,0.0,0.0,0.0
8.04,66.0,0.24,0.23,0.24,12.1,10.9,10.6,8.46,-14.6,0.09,0.13,207.5,4.4,14.0,1.0,3.0,147.0,700.0,179.0,-7.0,192.0,8.55,303.0,211.0,32.6,32.3,0.0,3.5,591.0,0.0,12.21,2.6,19.7,16.8,20.6,17.3,17.7,17.1,17.1,18.2,44.3,44.3,22.0,30.0,12.0,17.5,34.0,34.0,34.0,0.0,0.0,0.0,6.0,6.0,4.0,0.0,17.0,18.0,18.0,33.0,39.0,34.0,30.0,30.0,28.0,44.8,44.85,44.84,55.0,430.0,4.8,0.0,0.0,0.0
8.25,132.0,0.24,0.23,0.24,10.6,11.6,10.5,8.37,-16.6,0.08,0.14,207.8,3.9,15.0,1.0,3.0,142.0,699.0,173.0,7.0,183.0,8.47,297.4,208.0,32.4,32.1,0.0,3.5,778.6,0.0,13.39,2.6,19.8,16.7,20.6,17.3,17.7,17.3,17.2,18.3,44.3,44.3,22.0,30.0,12.0,17.5,33.0,34.0,34.0,0.0,0.0,0.0,6.0,6.0,4.0,0.0,17.0,18.0,18.0,33.0,39.0,34.0,30.0,30.0,28.0,44.8,44.85,44.84,55.0,430.0,4.7,0.0,0.0,0.0
9.43,236.0,0.32,0.28,0.29,11.0,11.6,10.8,9.62,-9.8,0.12,0.19,207.5,4.4,19.0,1.0,3.0,228.0,701.0,278.0,0.0,294.0,9.7,399.8,275.0,29.0,28.9,0.0,3.5,966.7,0.0,14.39,2.4,19.4,16.2,20.3,17.1,17.5,16.9,16.8,17.9,44.3,44.3,21.0,30.0,11.9,17.3,31.0,31.0,34.0,0.0,0.0,0.0,6.0,6.0,4.0,0.0,17.0,18.0,18.0,33.0,39.0,34.0,30.0,30.0,28.0,44.8,44.85,44.84,55.0,420.0,4.7,0.0,0.0,0.0
8.5,140.0,0.32,0.28,0.29,10.8,11.4,10.7,8.82,-13.6,0.04,0.16,207.6,4.2,18.0,1.0,3.0,172.0,702.0,210.0,-3.0,218.0,8.82,331.5,228.0,28.4,28.2,0.0,3.5,772.5,0.0,13.35,2.4,19.5,16.3,20.3,17.2,17.6,16.8,16.8,17.9,44.3,44.3,22.0,30.0,11.9,17.5,30.0,30.0,34.0,0.0,0.0,0.0,6.0,6.0,4.0,0.0,17.0,18.0,18.0,33.0,39.0,34.0,30.0,30.0,28.0,44.8,44.85,44.84,55.0,430.0,4.8,0.0,0.0,0.0
8.18,192.0,0.32,0.28,0.29,10.6,10.8,11.0,8.29,-25.7,0.11,0.14,207.8,3.8,21.0,1.0,3.0,140.0,702.0,172.0,-4.0,183.0,8.43,291.2,205.0,29.7,29.5,0.0,3.5,745.9,0.0,13.2,2.3,19.4,16.5,20.4,17.1,17.4,17.0,16.7,17.8,44.3,44.3,21.0,30.0,11.9,17.3,31.0,31.0,34.0,0.0,0.0,0.0,6.0,6.0,4.0,0.0,17.0,18.0,18.0,33.0,39.0,33.0,30.0,30.0,28.0,44.8,44.85,44.84,55.0,430.0,4.7,0.0,0.0,0.0
7.89,62.0,0.32,0.28,0.29,10.6,11.4,10.5,8.23,-11.0,0.07,0.16,207.6,4.5,17.0,1.0,3.0,136.0,701.0,166.0,2.0,173.0,8.28,288.6,202.0,29.8,29.6,0.0,3.5,745.9,0.0,13.2,2.3,19.4,16.4,20.3,17.1,17.5,16.8,16.7,17.8,44.3,44.3,22.0,30.0,11.9,17.3,31.0,31.0,34.0,0.0,0.0,0.0,6.0,6.0,4.0,0.0,17.0,18.0,18.0,33.0,39.0,34.0,30.0,30.0,28.0,44.8,44.85,44.84,54.0,430.0,4.7,0.0,0.0,0.0
0.0,0.0,0.0,0.0,0.0,0.0,0.0,0.0,0.0,0.0,0.0,0.0,0.0,0.0,0.0,0.0,0.0,0.0,0.0,186.0,2.0,0.0,0.0,0.0,0.0,0.0,0.0,0.0,0.0,0.0,0.0,0.0,0.0,0.0,0.0,0.0,0.0,0.0,0.0,0.0,0.0,0.0,0.0,0.0,0.0,0.0,0.0,0.0,0.0,0.0,0.0,0.0,0.0,0.0,0.0,0.0,0.0,0.0,0.0,0.0,0.0,0.0,0.0,0.0,0.0,0.0,0.0,0.0,0.0,0.0,0.0,0.0,0.0,0.0,0.0
9.18,90.0,0.32,0.28,0.29,10.7,11.6,10.7,9.37,14.1,0.14,0.19,208.1,4.5,5.0,1.0,3.0,203.0,701.0,248.0,1.0,253.0,9.42,367.3,258.0,33.0,32.6,0.0,3.5,751.0,0.0,13.23,2.6,19.6,16.4,20.5,17.3,17.6,17.0,17.0,18.1,44.3,44.3,22.0,30.0,11.9,17.5,34.0,34.0,34.0,0.0,0.0,0.0,6.0,6.0,4.0,0.0,17.0,18.0,18.0,33.0,39.0,34.0,30.0,30.0,28.0,44.8,44.85,44.84,54.0,430.0,4.8,0.0,0.0,0.0
8.2,12.0,0.24,0.23,0.25,10.9,10.6,11.2,8.31,-17.4,0.09,0.14,207.6,3.5,17.0,1.0,3.0,142.0,700.0,173.0,-8.0,182.0,8.48,292.3,207.0,32.5,32.1,0.0,3.5,660.0,0.0,12.67,2.6,19.7,16.7,20.6,17.3,17.6,17.2,17.1,18.2,44.3,44.3,22.0,30.0,11.9,17.5,34.0,34.0,34.0,0.0,0.0,0.0,6.0,6.0,4.0,0.0,17.0,18.0,18.0,33.0,39.0,33.0,30.0,30.0,28.0,44.8,44.85,44.84,55.0,430.0,4.7,0.0,0.0,0.0
8.89,288.0,0.32,0.28,0.29,11.7,10.8,10.9,9.23,3.2,0.05,0.21,207.8,4.6,4.0,1.0,3.0,197.0,701.0,240.0,-2.0,256.0,9.26,361.7,249.0,32.8,32.6,0.0,3.5,888.0,0.0,13.99,2.6,19.6,16.6,20.5,17.3,17.6,17.0,16.9,18.1,44.3,44.3,21.0,30.0,11.9,17.5,34.0,34.0,34.0,0.0,0.0,0.0,6.0,6.0,4.0,0.0,17.0,18.0,18.0,33.0,39.0,34.0,30.0,30.0,28.0,44.8,44.85,44.84,54.0,430.0,4.8,0.0,0.0,0.0
8.67,252.0,0.32,0.28,0.29,10.6,11.6,10.6,8.82,-17.1,0.08,0.15,207.6,4.2,19.0,1.0,3.0,172.0,701.0,210.0,1.0,227.0,8.92,331.6,229.0,29.2,29.0,0.0,3.4,977.0,0.0,14.44,2.4,19.4,16.5,20.4,17.2,17.5,17.0,16.7,17.9,44.2,44.3,22.0,30.0,11.9,17.3,31.0,31.0,34.0,0.0,0.0,0.0,6.0,6.0,4.0,0.0,17.0,18.0,18.0,32.0,39.0,34.0,30.0,30.0,28.0,44.8,44.85,44.84,54.0,430.0,4.7,0.0,0.0,0.0
8.96,336.0,0.32,0.28,0.29,11.8,11.0,10.7,9.07,-14.8,0.09,0.14,207.5,4.4,10.0,1.0,3.0,191.0,701.0,233.0,-6.0,247.0,9.17,349.6,243.0,33.0,32.6,0.0,3.5,888.0,0.0,13.99,2.6,19.6,16.6,20.5,17.3,17.6,17.1,16.9,18.1,44.3,44.3,21.0,30.0,11.9,17.5,34.0,34.0,34.0,0.0,0.0,0.0,6.0,6.0,4.0,0.0,17.0,18.0,18.0,33.0,39.0,34.0,30.0,30.0,28.0,44.81,44.85,44.84,54.0,420.0,4.7,0.0,0.0,0.0
8.76,104.0,0.32,0.28,0.29,11.1,11.3,10.8,8.9,-12.1,0.05,0.12,207.8,3.8,20.0,1.0,3.0,170.0,701.0,209.0,0.0,219.0,8.93,333.7,234.0,27.6,28.8,0.0,3.4,772.5,0.0,13.35,2.4,19.5,16.5,20.4,17.2,17.5,17.0,16.8,17.9,44.3,44.3,21.0,30.0,11.9,17.5,30.0,30.0,34.0,0.0,0.0,0.0,6.0,6.0,4.0,0.0,17.0,18.0,18.0,33.0,39.0,34.0,30.0,30.0,28.0,44.8,44.85,44.84,54.0,440.0,4.8,0.0,0.0,0.0
8.4,246.0,0.32,0.28,0.29,10.8,10.6,11.4,8.54,3.2,0.14,0.19,207.9,3.6,7.0,1.0,3.0,161.0,701.0,196.0,7.0,211.0,8.66,313.5,218.0,33.0,32.6,0.0,3.5,792.9,0.0,13.47,2.6,19.6,16.4,20.5,17.3,17.6,17.1,16.9,18.0,44.3,44.3,21.0,30.0,11.9,17.5,34.0,34.0,34.0,0.0,0.0,0.0,6.0,6.0,4.0,0.0,17.0,18.0,18.0,33.0,39.0,34.0,30.0,30.0,28.0,44.8,44.85,44.84,53.0,430.0,4.8,0.0,0.0,0.0
7.97,210.0,0.24,0.23,0.24,10.8,11.5,10.5,8.28,-20.4,0.05,0.18,208.0,3.0,17.0,1.0,3.0,142.0,701.0,173.0,-12.0,187.0,8.38,292.8,204.0,32.5,32.3,0.0,3.5,660.0,0.0,12.67,2.6,19.7,16.6,20.5,17.3,17.6,17.2,17.1,18.2,44.3,44.3,22.0,30.0,11.9,17.5,34.0,34.0,34.0,0.0,0.0,0.0,6.0,6.0,4.0,0.0,17.0,18.0,18.0,33.0,39.0,34.0,30.0,30.0,28.0,44.8,44.85,44.84,55.0,430.0,4.7,0.0,0.0,0.0
8.83,106.0,0.32,0.28,0.29,11.6,11.0,10.9,9.33,2.3,0.09,0.14,207.4,3.4,16.0,1.0,3.0,203.0,701.0,248.0,-9.0,258.0,9.4,369.0,252.0,29.0,28.9,0.0,3.4,966.7,0.0,14.39,2.4,19.4,16.3,20.3,17.1,17.5,16.9,16.7,17.9,44.3,44.3,22.0,30.0,11.9,17.3,31.0,31.0,34.0,0.0,0.0,0.0,6.0,6.0,4.0,0.0,17.0,18.0,18.0,33.0,39.0,34.0,30.0,30.0,28.0,44.8,44.86,44.84,55.0,430.0,4.8,0.0,0.0,0.0
8.79,74.0,0.32,0.28,0.29,10.4,10.9,10.4,8.85,-1.5,0.06,0.14,207.8,3.8,9.0,1.0,3.0,177.0,701.0,216.0,-9.0,225.0,8.91,331.1,230.0,32.8,32.4,0.0,3.5,640.7,0.0,12.55,2.6,19.7,16.4,20.4,17.3,17.6,16.9,17.0,18.1,44.3,44.3,21.0,30.0,11.9,17.5,34.0,34.0,34.0,0.0,0.0,0.0,6.0,6.0,4.0,0.0,17.0,18.0,18.0,33.0,39.0,34.0,30.0,30.0,28.0,44.8,44.85,44.84,55.0,430.0,4.7,0.0,0.0,0.0
8.21,66.0,0.32,0.28,0.29,11.6,10.6,10.9,8.62,-14.8,0.21,0.14,207.9,4.2,19.0,1.0,3.0,165.0,701.0,202.0,-8.0,208.0,8.68,316.2,220.0,28.4,28.5,0.0,3.4,803.2,0.0,13.53,2.4,19.5,16.5,20.4,17.2,17.5,17.1,16.8,17.9,44.3,44.3,22.0,30.0,11.9,17.5,30.0,30.0,34.0,0.0,0.0,0.0,6.0,6.0,4.0,0.0,17.0,18.0,18.0,33.0,39.0,34.0,30.0,30.0,28.0,44.8,44.85,44.84,55.0,430.0,4.8,0.0,0.0,0.0
8.22,118.0,0.32,0.28,0.29,11.4,10.6,10.9,8.58,4.9,0.14,0.14,207.5,3.5,14.0,1.0,3.0,153.0,702.0,187.0,7.0,197.0,8.64,309.1,214.0,28.6,28.5,0.0,3.5,803.2,0.0,13.53,2.4,19.5,16.3,20.3,17.1,17.5,16.9,16.8,17.9,44.3,44.2,21.0,30.0,11.9,17.5,30.0,30.0,34.0,0.0,0.0,0.0,6.0,6.0,4.0,0.0,17.0,18.0,18.0,32.0,39.0,34.0,30.0,30.0,28.0,44.8,44.85,44.84,54.0,440.0,4.8,0.0,0.0,0.0
8.67,68.0,0.32,0.28,0.29,10.6,10.9,10.9,8.66,-15.4,0.16,0.19,207.5,4.3,20.0,1.0,3.0,165.0,701.0,202.0,-13.0,208.0,8.71,318.3,221.0,29.7,29.3,0.0,3.5,790.9,0.0,13.46,2.3,19.4,16.2,20.4,17.1,17.5,16.9,16.7,17.9,44.3,44.2,21.0,30.0,11.9,17.3,31.0,31.0,34.0,0.0,0.0,0.0,6.0,6.0,4.0,0.0,17.0,18.0,18.0,33.0,39.0,34.0,30.0,30.0,28.0,44.8,44.85,44.84,55.0,430.0,4.7,0.0,0.0,0.0
8.56,226.0,0.32,0.28,0.29,10.6,11.6,10.6,8.55,-17.3,0.05,0.11,207.8,4.2,19.0,1.0,3.0,151.0,701.0,185.0,5.0,196.0,8.65,314.2,215.0,28.4,28.3,0.0,3.4,803.2,0.0,13.53,2.4,19.4,16.4,20.4,17.2,17.4,17.1,16.8,17.9,44.3,44.3,21.0,30.0,11.9,17.5,30.0,30.0,34.0,0.0,0.0,0.0,6.0,6.0,4.0,0.0,17.0,18.0,18.0,33.0,39.0,34.0,30.0,30.0,28.0,44.8,44.84,44.84,54.0,430.0,4.8,0.0,0.0,0.0
8.22,280.0,0.24,0.23,0.24,10.6,11.7,10.5,8.38,6.9,0.16,0.11,207.9,3.3,13.0,1.0,3.0,152.0,700.0,185.0,-3.0,189.0,8.4,297.2,205.0,32.7,32.3,0.0,3.5,660.0,0.0,12.67,2.6,19.7,16.7,20.6,17.3,17.6,17.2,17.1,18.2,44.3,44.3,21.0,30.0,11.9,17.5,34.0,34.0,34.0,0.0,0.0,0.0,6.0,6.0,4.0,0.0,17.0,18.0,18.0,33.0,39.0,34.0,30.0,30.0,28.0,44.8,44.85,44.84,55.0,430.0,4.8,0.0,0.0,0.0
8.77,264.0,0.32,0.28,0.29,10.6,10.9,11.0,8.93,-3.0,0.07,0.13,207.6,3.8,18.0,1.0,3.0,176.0,702.0,215.0,4.0,220.0,9.0,334.7,234.0,27.7,28.5,0.0,3.4,772.5,0.0,13.35,2.4,19.5,16.6,20.4,17.2,17.5,17.0,16.8,17.9,44.3,44.3,22.0,30.0,11.9,17.5,29.0,30.0,34.0,0.0,0.0,0.0,6.0,6.0,4.0,0.0,17.0,18.0,18.0,32.0,39.0,34.0,30.0,30.0,28.0,44.8,44.85,44.84,54.0,430.0,4.7,0.0,0.0,0.0
9.2,144.0,0.32,0.28,0.29,10.8,11.3,10.9,9.36,15.6,0.05,0.13,207.8,5.2,4.0,1.0,3.0,207.0,701.0,252.0,-7.0,271.0,9.51,371.2,260.0,32.9,32.5,0.0,3.5,751.0,0.0,13.23,2.6,19.6,16.5,20.5,17.3,17.6,17.1,17.0,18.1,44.3,44.3,21.0,30.0,11.9,17.5,34.0,34.0,34.0,0.0,0.0,0.0,6.0,6.0,4.0,0.0,17.0,18.0,18.0,33.0,39.0,34.0,30.0,30.0,28.0,44.8,44.85,44.84,54.0,430.0,4.8,0.0,0.0,0.0
9.52,328.0,0.32,0.28,0.29,10.8,11.3,10.7,9.72,-10.4,0.02,0.14,207.9,5.2,20.0,1.0,3.0,228.0,701.0,278.0,11.0,288.0,9.85,404.5,280.0,29.0,28.9,0.0,3.5,966.7,0.0,14.39,2.4,19.4,16.3,20.4,17.1,17.5,16.9,16.7,17.9,44.3,44.3,20.0,30.0,11.9,17.3,30.0,31.0,34.0,0.0,0.0,0.0,6.0,6.0,4.0,0.0,17.0,18.0,18.0,33.0,39.0,34.0,30.0,30.0,28.0,44.8,44.85,44.84,55.0,430.0,4.8,0.0,0.0,0.0
8.72,166.0,0.25,0.22,0.23,10.9,10.8,11.1,8.81,0.7,0.19,0.16,207.5,4.3,8.0,1.0,3.0,170.0,700.0,210.0,5.0,224.0,8.95,326.0,231.0,32.6,32.4,0.0,3.5,640.7,0.0,12.55,2.6,19.7,16.6,20.6,17.3,17.5,17.3,17.0,18.1,44.3,44.3,22.0,30.0,11.9,17.5,34.0,34.0,34.0,0.0,0.0,0.0,6.0,6.0,4.0,0.0,17.0,18.0,18.0,33.0,39.0,34.0,30.0,30.0,28.0,44.8,44.85,44.84,55.0,430.0,4.8,0.0,0.0,0.0
8.28,186.0,0.32,0.28,0.29,11.6,11.0,10.8,8.46,-15.6,0.16,0.13,207.6,4.1,14.0,1.0,3.0,153.0,701.0,187.0,0.0,183.0,8.46,302.3,209.0,32.9,32.7,0.0,3.5,745.9,0.0,13.2,2.6,19.6,16.7,20.4,17.3,17.5,17.2,16.9,18.0,44.3,44.3,22.0,30.0,11.9,17.5,34.0,34.0,34.0,0.0,0.0,0.0,6.0,6.0,4.0,0.0,17.0,18.0,18.0,33.0,39.0,34.0,30.0,30.0,28.0,44.8,44.85,44.84,55.0,430.0,4.8,0.0,0.0,0.0
9.43,290.0,0.32,0.28,0.29,10.7,11.4,10.6,9.6,-4.5,0.06,0.14,207.3,3.3,18.0,1.0,3.0,221.0,702.0,270.0,2.0,281.0,9.65,395.6,273.0,29.0,28.9,0.0,3.5,966.7,0.0,14.39,2.4,19.4,16.3,20.3,17.1,17.5,16.8,16.8,17.9,44.3,44.3,22.0,30.0,11.9,17.3,31.0,31.0,34.0,0.0,0.0,0.0,6.0,6.0,4.0,0.0,17.0,18.0,18.0,33.0,39.0,34.0,30.0,30.0,28.0,44.8,44.85,44.84,55.0,430.0,4.7,0.0,0.0,0.0
7.93,142.0,0.24,0.23,0.24,11.0,10.6,11.3,7.92,-8.1,0.19,0.19,207.7,3.1,14.0,1.0,3.0,132.0,700.0,161.0,0.0,173.0,8.24,285.2,197.0,32.6,32.2,0.0,3.5,662.1,0.0,12.68,2.6,19.7,16.6,20.7,17.3,17.7,17.1,17.2,18.2,44.3,44.3,22.0,30.0,12.0,17.5,34.0,34.0,34.0,0.0,0.0,0.0,6.0,6.0,4.0,0.0,17.0,18.0,18.0,32.0,39.0,33.0,30.0,30.0,28.0,44.8,44.86,44.84,55.0,430.0,4.7,0.0,0.0,0.0
8.99,20.0,0.32,0.28,0.29,11.0,10.7,11.4,9.02,-12.8,0.13,0.14,207.7,2.9,18.0,1.0,3.0,199.0,701.0,242.0,9.0,251.0,9.19,358.1,251.0,29.3,29.0,0.0,3.5,977.0,0.0,14.44,2.4,19.4,16.3,20.3,17.1,17.5,16.9,16.7,17.9,44.3,44.3,22.0,30.0,11.9,17.3,31.0,31.0,34.0,0.0,0.0,0.0,6.0,6.0,4.0,0.0,17.0,18.0,18.0,33.0,39.0,34.0,30.0,30.0,28.0,44.8,44.85,44.84,55.0,430.0,4.8,0.0,0.0,0.0
8.23,272.0,0.24,0.23,0.24,10.9,11.4,10.5,8.4,-14.0,0.03,0.12,207.9,3.9,14.0,1.0,3.0,152.0,700.0,185.0,3.0,192.0,8.44,302.5,208.0,32.4,32.1,0.0,3.5,662.1,0.0,12.68,2.6,19.7,16.7,20.6,17.3,17.8,17.0,17.2,18.2,44.3,44.3,22.0,30.0,12.0,17.5,34.0,34.0,34.0,0.0,0.0,0.0,6.0,6.0,4.0,0.0,17.0,18.0,18.0,33.0,39.0,34.0,30.0,30.0,28.0,44.8,44.84,44.84,55.0,430.0,4.7,0.0,0.0,0.0
8.59,302.0,0.32,0.28,0.29,11.1,10.6,11.2,8.8,-16.9,0.24,0.14,207.4,4.0,20.0,1.0,3.0,170.0,701.0,208.0,-2.0,218.0,8.97,332.6,234.0,27.8,29.2,0.0,3.4,772.5,0.0,13.35,2.4,19.5,16.5,20.3,17.2,17.5,16.9,16.8,18.0,44.3,44.3,21.0,30.0,11.9,17.5,30.0,30.0,34.0,0.0,0.0,0.0,6.0,6.0,4.0,0.0,17.0,18.0,18.0,33.0,39.0,34.0,30.0,30.0,28.0,44.8,44.85,44.84,53.0,430.0,4.8,0.0,0.0,0.0
8.72,128.0,0.32,0.28,0.29,10.8,11.3,10.9,9.18,0.5,0.18,0.18,207.8,4.4,4.0,1.0,3.0,195.0,701.0,238.0,-5.0,251.0,9.33,368.9,254.0,32.8,32.4,0.0,3.5,888.0,0.0,13.99,2.6,19.6,16.5,20.4,17.3,17.7,17.0,16.9,18.1,44.3,44.3,21.0,30.0,11.9,17.5,34.0,34.0,34.0,0.0,0.0,0.0,6.0,6.0,4.0,0.0,17.0,18.0,18.0,33.0,39.0,34.0,30.0,30.0,28.0,44.8,44.85,44.84,54.0,430.0,4.7,0.0,0.0,0.0
8.22,154.0,0.32,0.28,0.29,11.4,10.6,11.0,8.42,-13.4,0.09,0.11,207.8,4.0,15.0,1.0,3.0,153.0,701.0,187.0,-2.0,188.0,8.44,301.0,210.0,33.0,32.6,0.0,3.5,682.5,0.0,12.81,2.6,19.6,16.6,20.5,17.3,17.5,17.1,16.9,18.0,44.3,44.3,22.0,30.0,11.9,17.5,34.0,34.0,34.0,0.0,0.0,0.0,6.0,6.0,4.0,0.0,17.0,18.0,18.0,33.0,39.0,34.0,30.0,30.0,28.0,44.81,44.85,44.84,54.0,430.0,4.7,0.0,0.0,0.0
8.14,140.0,0.24,0.23,0.24,11.1,11.2,10.6,8.4,-8.4,0.02,0.19,207.7,4.3,14.0,1.0,3.0,145.0,701.0,177.0,-7.0,179.0,8.38,297.2,204.0,32.6,32.2,0.0,3.5,591.0,0.0,12.21,2.6,19.7,16.5,20.5,17.3,17.6,17.1,17.1,18.2,44.3,44.3,21.0,30.0,11.9,17.5,34.0,34.0,34.0,0.0,0.0,0.0,6.0,6.0,4.0,0.0,17.0,18.0,18.0,33.0,39.0,34.0,30.0,30.0,28.0,44.8,44.85,44.84,55.0,430.0,4.8,0.0,0.0,0.0
8.49,302.0,0.32,0.28,0.29,10.7,10.7,11.1,8.71,-12.7,0.04,0.19,207.1,3.8,18.0,1.0,3.0,170.0,702.0,208.0,-8.0,218.0,8.83,327.8,230.0,28.4,28.3,0.0,3.5,772.5,0.0,13.35,2.4,19.5,16.4,20.4,17.2,17.5,17.0,16.8,17.9,44.3,44.3,22.0,30.0,11.9,17.5,30.0,30.0,34.0,0.0,0.0,0.0,6.0,6.0,4.0,0.0,17.0,18.0,18.0,33.0,39.0,34.0,30.0,30.0,28.0,44.8,44.85,44.84,55.0,430.0,4.8,0.0,0.0,0.0
8.76,58.0,0.32,0.28,0.29,10.8,11.6,10.8,9.03,-2.6,0.09,0.15,207.5,4.4,9.0,1.0,3.0,184.0,701.0,224.0,-6.0,234.0,9.09,336.5,235.0,32.8,32.5,0.0,3.5,751.0,0.0,13.23,2.6,19.6,16.6,20.5,17.3,17.7,17.1,17.0,18.1,44.3,44.3,21.0,30.0,11.9,17.5,34.0,34.0,34.0,0.0,0.0,0.0,6.0,6.0,4.0,0.0,17.0,18.0,18.0,33.0,39.0,34.0,30.0,30.0,28.0,44.8,44.85,44.84,54.0,430.0,4.8,0.0,0.0,0.0
7.7,78.0,0.32,0.28,0.29,11.4,10.8,10.8,8.28,-9.2,0.02,0.14,207.7,3.3,20.0,1.0,3.0,139.0,701.0,170.0,8.0,184.0,8.31,287.5,198.0,30.0,29.8,0.0,3.5,683.5,0.0,12.82,2.3,19.4,16.5,20.3,17.1,17.5,16.9,16.7,17.9,44.2,44.3,22.0,30.0,11.9,17.3,31.0,31.0,34.0,0.0,0.0,0.0,6.0,6.0,4.0,0.0,17.0,18.0,18.0,33.0,39.0,34.0,30.0,30.0,28.0,44.8,44.85,44.84,54.0,430.0,4.8,0.0,0.0,0.0
8.28,118.0,0.25,0.22,0.23,11.0,10.6,11.3,8.44,-7.9,0.13,0.11,207.7,3.4,12.0,1.0,3.0,145.0,700.0,177.0,-10.0,187.0,8.58,303.0,210.0,32.6,32.4,0.0,3.5,660.0,0.0,12.67,2.6,19.7,16.5,20.5,17.3,17.7,17.1,17.1,18.1,44.3,44.3,23.0,30.0,11.9,17.5,34.0,34.0,34.0,0.0,0.0,0.0,6.0,6.0,4.0,0.0,17.0,18.0,18.0,33.0,39.0,34.0,30.0,30.0,28.0,44.8,44.85,44.84,55.0,430.0,4.8,0.0,0.0,0.0
9.03,236.0,0.32,0.28,0.29,11.2,10.8,11.2,9.13,0.2,0.11,0.12,207.6,4.4,4.0,1.0,3.0,189.0,701.0,231.0,-6.0,243.0,9.27,365.4,250.0,32.8,32.6,0.0,3.5,888.0,0.0,13.99,2.6,19.6,16.6,20.4,17.3,17.7,17.0,16.9,18.1,44.3,44.3,21.0,30.0,11.9,17.5,34.0,34.0,34.0,0.0,0.0,0.0,6.0,6.0,4.0,0.0,17.0,18.0,18.0,33.0,39.0,34.0,30.0,30.0,28.0,44.8,44.85,44.84,54.0,420.0,4.8,0.0,0.0,0.0
8.13,154.0,0.24,0.23,0.25,10.6,11.1,10.8,8.47,-14.7,0.07,0.11,207.9,3.2,13.0,1.0,3.0,157.0,700.0,191.0,-2.0,202.0,8.57,304.4,212.0,32.3,32.0,0.0,3.5,778.6,0.0,13.39,2.6,19.8,16.7,20.7,17.3,17.7,17.3,17.2,18.2,44.3,44.3,21.0,30.0,12.0,17.5,33.0,34.0,34.0,0.0,0.0,0.0,6.0,6.0,4.0,0.0,17.0,18.0,18.0,33.0,39.0,33.0,30.0,30.0,28.0,44.8,44.85,44.84,54.0,430.0,4.7,0.0,0.0,0.0
8.26,332.0,0.24,0.23,0.24,12.2,10.7,10.8,8.36,-14.1,0.1,0.16,207.4,3.3,14.0,1.0,3.0,150.0,700.0,182.0,-6.0,195.0,8.49,299.7,208.0,32.3,32.1,0.0,3.5,778.6,0.0,13.39,2.6,19.8,16.6,20.6,17.3,17.8,17.1,17.2,18.3,44.3,44.3,21.0,30.0,12.0,17.5,33.0,34.0,34.0,0.0,0.0,0.0,6.0,6.0,4.0,0.0,17.0,18.0,18.0,33.0,39.0,34.0,30.0,30.0,28.0,44.8,44.85,44.84,54.0,440.0,4.7,0.0,0.0,0.0
8.44,318.0,0.24,0.23,0.24,11.3,10.6,11.1,8.46,-17.1,0.02,0.11,207.7,4.6,14.0,1.0,3.0,153.0,701.0,186.0,-13.0,203.0,8.6,303.0,211.0,32.6,32.4,0.0,3.5,591.0,0.0,12.21,2.6,19.7,16.8,20.6,17.3,17.7,17.1,17.1,18.2,44.3,44.2,21.0,30.0,12.0,17.5,34.0,34.0,34.0,0.0,0.0,0.0,6.0,6.0,4.0,0.0,17.0,18.0,18.0,33.0,39.0,34.0,30.0,30.0,28.0,44.8,44.85,44.84,54.0,430.0,4.8,0.0,0.0,0.0
8.95,166.0,0.32,0.28,0.29,10.8,11.1,11.1,9.05,-2.5,0.06,0.18,207.7,3.6,9.0,1.0,3.0,189.0,701.0,231.0,4.0,234.0,9.1,341.7,241.0,32.7,32.4,0.0,3.5,751.0,0.0,13.23,2.6,19.6,16.5,20.5,17.3,17.6,17.1,17.0,18.1,44.3,44.3,22.0,30.0,11.9,17.5,34.0,34.0,34.0,0.0,0.0,0.0,6.0,6.0,4.0,0.0,17.0,18.0,18.0,33.0,39.0,34.0,30.0,30.0,28.0,44.8,44.85,44.84,55.0,420.0,4.8,0.0,0.0,0.0
8.66,52.0,0.32,0.28,0.29,11.1,10.6,11.1,8.73,-22.2,0.08,0.12,207.5,4.3,20.0,1.0,3.0,177.0,701.0,216.0,6.0,229.0,8.93,332.5,230.0,29.3,29.2,0.0,3.4,977.0,0.0,14.44,2.4,19.4,16.4,20.4,17.2,17.5,17.0,16.7,17.9,44.2,44.2,22.0,30.0,11.9,17.3,31.0,31.0,34.0,0.0,0.0,0.0,6.0,6.0,4.0,0.0,17.0,18.0,18.0,33.0,39.0,34.0,30.0,30.0,28.0,44.8,44.85,44.84,53.0,420.0,4.8,0.0,0.0,0.0
8.8,90.0,0.32,0.28,0.29,11.5,10.7,11.1,8.89,-14.9,0.09,0.14,208.0,4.2,19.0,1.0,3.0,180.0,701.0,219.0,8.0,235.0,9.02,342.3,234.0,29.2,29.0,0.0,3.5,977.0,0.0,14.44,2.4,19.4,16.5,20.4,17.2,17.5,17.0,16.7,17.9,44.3,44.3,22.0,30.0,11.9,17.3,31.0,31.0,34.0,0.0,0.0,0.0,6.0,6.0,4.0,0.0,17.0,18.0,18.0,33.0,39.0,34.0,30.0,30.0,28.0,44.8,44.85,44.84,55.0,430.0,4.8,0.0,0.0,0.0
8.52,58.0,0.25,0.22,0.23,10.6,12.0,10.6,8.75,2.1,0.05,0.14,207.6,3.6,8.0,1.0,3.0,166.0,701.0,203.0,2.0,205.0,8.82,321.3,222.0,32.8,32.5,0.0,3.5,640.7,0.0,12.55,2.6,19.7,16.7,20.5,17.3,17.6,17.2,17.0,18.1,44.3,44.3,21.0,30.0,11.9,17.5,34.0,34.0,34.0,0.0,0.0,0.0,6.0,6.0,4.0,0.0,17.0,18.0,18.0,33.0,39.0,34.0,30.0,30.0,28.0,44.8,44.86,44.84,55.0,430.0,4.8,0.0,0.0,0.0
8.89,182.0,0.32,0.28,0.29,11.1,11.4,10.8,9.0,-11.6,0.09,0.14,207.5,3.2,18.0,1.0,3.0,182.0,701.0,222.0,-9.0,239.0,9.1,349.4,241.0,29.2,29.1,0.0,3.5,977.0,0.0,14.44,2.4,19.4,16.4,20.3,17.1,17.5,16.9,16.7,17.9,44.3,44.3,21.0,30.0,11.9,17.3,31.0,31.0,34.0,0.0,0.0,0.0,6.0,6.0,4.0,0.0,17.0,18.0,18.0,33.0,39.0,34.0,30.0,30.0,28.0,44.8,44.85,44.84,54.0,430.0,4.8,0.0,0.0,0.0
8.46,180.0,0.32,0.28,0.29,10.6,11.1,10.9,8.73,-6.8,0.09,0.12,207.4,3.8,18.0,1.0,3.0,174.0,701.0,213.0,-9.0,223.0,8.84,326.3,227.0,30.2,31.4,0.0,3.5,640.7,0.0,12.55,2.4,19.5,16.6,20.5,17.2,17.5,17.1,16.8,18.0,44.3,44.2,22.0,30.0,11.9,17.5,32.0,32.0,34.0,0.0,0.0,0.0,6.0,6.0,4.0,0.0,17.0,18.0,18.0,33.0,39.0,34.0,30.0,30.0,28.0,44.8,44.85,44.84,54.0,430.0,4.8,0.0,0.0,0.0
8.22,292.0,0.32,0.28,0.29,10.6,11.4,10.5,8.39,-13.9,0.11,0.21,207.7,3.7,14.0,1.0,3.0,153.0,701.0,186.0,0.0,192.0,8.43,297.1,207.0,33.0,32.6,0.0,3.5,745.9,0.0,13.2,2.6,19.6,16.7,20.4,17.3,17.5,17.2,16.9,18.0,44.3,44.3,21.0,30.0,11.9,17.5,34.0,34.0,34.0,0.0,0.0,0.0,6.0,6.0,4.0,0.0,17.0,18.0,18.0,33.0,39.0,34.0,30.0,30.0,28.0,44.8,44.85,44.84,54.0,430.0,4.8,0.0,0.0,0.0
9.6,74.0,0.32,0.28,0.29,11.2,10.9,11.1,9.7,-7.5,0.07,0.16,207.5,4.7,19.0,1.0,3.0,239.0,702.0,292.0,1.0,304.0,9.85,403.6,281.0,28.9,28.7,0.0,3.5,966.7,0.0,14.39,2.4,19.4,16.2,20.4,17.1,17.4,17.0,16.8,17.9,44.3,44.3,21.0,30.0,11.9,17.3,31.0,31.0,34.0,0.0,0.0,0.0,6.0,6.0,4.0,0.0,17.0,18.0,18.0,33.0,39.0,34.0,30.0,30.0,28.0,44.8,44.85,44.84,54.0,430.0,4.8,0.0,0.0,0.0
8.18,138.0,0.32,0.28,0.29,10.5,11.1,10.6,8.27,-28.2,0.19,0.13,207.5,4.3,21.0,1.0,3.0,137.0,701.0,168.0,-2.0,182.0,8.39,289.5,202.0,29.8,29.5,0.0,3.4,745.9,0.0,13.2,2.3,19.4,16.5,20.4,17.1,17.5,16.9,16.7,17.8,44.3,44.3,21.0,30.0,11.9,17.3,31.0,31.0,34.0,0.0,0.0,0.0,6.0,6.0,4.0,0.0,17.0,18.0,18.0,33.0,39.0,33.0,30.0,30.0,28.0,44.8,44.85,44.84,55.0,430.0,4.8,0.0,0.0,0.0
8.87,128.0,0.32,0.28,0.29,11.6,11.0,10.8,9.13,-11.5,0.18,0.16,207.9,3.1,18.0,1.0,3.0,191.0,701.0,233.0,-10.0,238.0,9.1,354.6,243.0,29.2,29.1,0.0,3.5,977.0,0.0,14.44,2.4,19.4,16.4,20.3,17.1,17.5,16.9,16.7,17.9,44.3,44.3,23.0,30.0,11.9,17.3,31.0,31.0,34.0,0.0,0.0,0.0,6.0,6.0,4.0,0.0,17.0,18.0,18.0,33.0,39.0,34.0,30.0,30.0,28.0,44.8,44.85,44.84,55.0,430.0,4.8,0.0,0.0,0.0
8.27,160.0,0.32,0.28,0.29,11.6,10.6,11.0,8.68,-14.7,0.21,0.21,207.7,4.9,20.0,1.0,3.0,162.0,701.0,198.0,4.0,201.0,8.71,318.3,220.0,29.5,29.3,0.0,3.5,790.9,0.0,13.46,2.4,19.4,16.4,20.4,17.1,17.5,16.9,16.7,17.8,44.2,44.2,21.0,30.0,11.9,17.3,31.0,31.0,34.0,0.0,0.0,0.0,6.0,6.0,4.0,0.0,17.0,18.0,18.0,33.0,39.0,34.0,30.0,30.0,28.0,44.8,44.85,44.84,55.0,430.0,4.8,0.0,0.0,0.0
8.43,296.0,0.25,0.22,0.23,11.8,11.2,10.6,8.7,5.6,0.08,0.13,208.0,3.7,9.0,1.0,3.0,157.0,701.0,191.0,1.0,199.0,8.68,313.2,220.0,32.8,32.4,0.0,3.5,640.7,0.0,12.55,2.6,19.7,16.6,20.5,17.3,17.6,17.1,17.0,18.1,44.3,44.3,21.0,30.0,11.9,17.5,34.0,34.0,34.0,0.0,0.0,0.0,6.0,6.0,4.0,0.0,17.0,18.0,18.0,33.0,39.0,34.0,30.0,30.0,28.0,44.8,44.85,44.84,55.0,440.0,4.8,0.0,0.0,0.0
9.18,272.0,0.32,0.28,0.29,11.6,10.9,11.1,9.45,6.1,0.07,0.09,207.9,5.3,3.0,1.0,3.0,210.0,702.0,256.0,2.0,273.0,9.52,381.6,265.0,32.7,32.5,0.0,3.5,751.0,0.0,13.23,2.6,19.6,16.4,20.5,17.3,17.6,17.1,17.0,18.1,44.3,44.3,21.0,30.0,11.9,17.5,34.0,34.0,34.0,0.0,0.0,0.0,6.0,6.0,4.0,0.0,17.0,18.0,18.0,33.0,39.0,34.0,30.0,30.0,28.0,44.8,44.85,44.84,55.0,430.0,4.8,0.0,0.0,0.0
8.2,100.0,0.24,0.23,0.24,10.5,11.7,10.5,8.47,-20.4,0.11,0.15,207.7,2.9,13.0,1.0,3.0,155.0,700.0,190.0,0.0,192.0,8.5,305.7,211.0,32.4,32.0,0.0,3.5,778.6,0.0,13.39,2.6,19.8,16.8,20.7,17.3,17.7,17.3,17.2,18.2,44.3,44.3,21.0,30.0,12.0,17.5,33.0,34.0,34.0,0.0,0.0,0.0,6.0,6.0,4.0,0.0,17.0,18.0,18.0,33.0,39.0,33.0,30.0,30.0,28.0,44.8,44.85,44.84,54.0,430.0,4.8,0.0,0.0,0.0
8.49,320.0,0.32,0.28,0.29,11.7,10.8,10.9,8.79,-1.0,0.02,0.16,207.9,3.7,8.0,1.0,3.0,166.0,700.0,205.0,-5.0,218.0,8.88,331.0,228.0,33.0,32.6,0.0,3.5,792.9,0.0,13.47,2.6,19.6,16.4,20.5,17.3,17.6,17.1,16.9,18.1,44.3,44.3,22.0,30.0,11.9,17.5,34.0,34.0,34.0,0.0,0.0,0.0,6.0,6.0,4.0,0.0,17.0,18.0,18.0,33.0,39.0,34.0,30.0,30.0,28.0,44.8,44.85,44.84,55.0,430.0,4.8,0.0,0.0,0.0
8.28,248.0,0.32,0.28,0.29,10.9,10.6,11.2,8.6,-10.2,0.09,0.15,207.5,4.8,19.0,1.0,3.0,171.0,701.0,209.0,4.0,212.0,8.75,317.6,224.0,29.6,30.6,0.0,3.4,640.7,0.0,12.55,2.4,19.5,16.3,20.4,17.2,17.5,17.0,16.8,18.0,44.3,44.3,22.0,30.0,11.9,17.5,32.0,32.0,34.0,0.0,0.0,0.0,6.0,6.0,4.0,0.0,17.0,18.0,18.0,33.0,39.0,34.0,30.0,30.0,28.0,44.8,44.85,44.84,55.0,430.0,4.7,0.0,0.0,0.0
8.39,68.0,0.32,0.28,0.29,11.0,10.6,11.2,8.64,-18.0,0.14,0.14,207.7,4.4,21.0,1.0,3.0,170.0,701.0,208.0,2.0,218.0,8.83,322.3,225.0,29.5,29.2,0.0,3.4,977.0,0.0,14.44,2.4,19.4,16.3,20.3,17.1,17.5,16.8,16.7,17.9,44.2,44.2,21.0,30.0,11.9,17.3,31.0,31.0,34.0,0.0,0.0,0.0,6.0,6.0,4.0,0.0,17.0,18.0,18.0,32.0,39.0,33.0,30.0,30.0,28.0,44.8,44.85,44.84,54.0,420.0,4.7,0.0,0.0,0.0
8.57,80.0,0.24,0.23,0.24,10.6,11.8,10.5,8.55,-10.4,0.09,0.14,207.8,4.8,10.0,1.0,3.0,158.0,700.0,193.0,1.0,204.0,8.69,313.7,217.0,32.2,31.8,0.0,3.5,778.6,0.0,13.39,2.6,19.8,16.8,20.7,17.4,17.8,17.3,17.3,18.3,44.3,44.3,22.0,30.0,12.0,17.5,33.0,34.0,34.0,0.0,0.0,0.0,6.0,6.0,4.0,0.0,17.0,18.0,18.0,33.0,39.0,34.0,30.0,30.0,28.0,44.8,44.85,44.84,54.0,430.0,4.7,0.0,0.0,0.0
8.32,80.0,0.25,0.22,0.23,10.7,11.1,10.7,8.62,3.1,0.09,0.13,207.5,3.8,10.0,1.0,3.0,162.0,701.0,198.0,-7.0,194.0,8.65,308.6,217.0,32.6,32.3,0.0,3.5,640.7,0.0,12.55,2.6,19.7,16.5,20.5,17.3,17.6,17.1,17.1,18.1,44.3,44.3,21.0,30.0,11.9,17.5,34.0,34.0,34.0,0.0,0.0,0.0,6.0,6.0,4.0,0.0,17.0,18.0,18.0,33.0,39.0,33.0,30.0,30.0,28.0,44.8,44.85,44.84,55.0,430.0,4.7,0.0,0.0,0.0
8.25,210.0,0.25,0.22,0.23,12.0,11.0,10.8,8.55,5.9,0.09,0.14,208.1,4.3,11.0,1.0,3.0,154.0,700.0,188.0,-3.0,196.0,8.47,306.3,211.0,32.6,32.4,0.0,3.5,660.0,0.0,12.67,2.6,19.7,16.5,20.5,17.3,17.7,17.0,17.1,18.2,44.3,44.3,21.0,30.0,11.9,17.5,34.0,34.0,34.0,0.0,0.0,0.0,6.0,6.0,4.0,0.0,17.0,17.0,18.0,33.0,39.0,34.0,30.0,30.0,28.0,44.8,44.85,44.84,54.0,440.0,4.8,0.0,0.0,0.0
9.05,60.0,0.32,0.28,0.29,10.7,10.9,10.8,9.2,-18.8,0.04,0.13,207.8,4.6,19.0,1.0,3.0,189.0,701.0,231.0,-12.0,249.0,9.3,348.1,249.0,28.8,28.6,0.0,3.4,737.7,0.0,13.15,2.4,19.4,16.5,20.4,17.2,17.5,17.0,16.7,17.9,44.3,44.2,22.0,30.0,11.9,17.4,30.0,30.0,34.0,0.0,0.0,0.0,6.0,6.0,4.0,0.0,17.0,18.0,18.0,33.0,39.0,34.0,30.0,30.0,28.0,44.8,44.86,44.84,55.0,430.0,4.8,0.0,0.0,0.0
8.12,180.0,0.24,0.23,0.24,12.1,10.6,10.8,8.37,-7.1,-0.05,0.14,207.8,2.9,13.0,1.0,3.0,139.0,700.0,170.0,-3.0,184.0,8.42,296.6,204.0,32.6,32.3,0.0,3.5,662.1,0.0,12.68,2.6,19.7,16.8,20.7,17.3,17.7,17.1,17.2,18.2,44.3,44.3,21.0,30.0,12.0,17.5,34.0,34.0,34.0,0.0,0.0,0.0,6.0,6.0,4.0,0.0,17.0,18.0,18.0,33.0,39.0,34.0,30.0,30.0,28.0,44.8,44.85,44.84,54.0,420.0,4.8,0.0,0.0,0.0
8.07,186.0,0.24,0.23,0.24,11.1,11.4,10.6,8.29,-1.6,0.11,0.16,207.6,4.3,13.0,1.0,3.0,139.0,700.0,169.0,0.0,172.0,8.27,290.3,201.0,32.6,32.2,0.0,3.5,687.6,0.0,12.85,2.6,19.7,16.8,20.6,17.3,17.7,17.2,17.2,18.2,44.3,44.3,22.0,30.0,12.0,17.5,34.0,34.0,34.0,0.0,0.0,0.0,6.0,6.0,4.0,0.0,17.0,18.0,18.0,33.0,39.0,34.0,30.0,30.0,28.0,44.8,44.85,44.84,55.0,430.0,4.7,0.0,0.0,0.0
8.87,274.0,0.32,0.28,0.29,11.4,10.9,11.0,9.1,-5.5,0.03,0.1,207.6,3.7,9.0,1.0,3.0,190.0,701.0,232.0,9.0,233.0,9.13,347.4,242.0,32.8,32.3,0.0,3.5,751.0,0.0,13.23,2.6,19.6,16.4,20.5,17.3,17.7,17.0,17.0,18.1,44.3,44.3,22.0,30.0,11.9,17.5,34.0,34.0,34.0,0.0,0.0,0.0,6.0,6.0,4.0,0.0,17.0,18.0,18.0,33.0,39.0,34.0,30.0,30.0,28.0,44.8,44.86,44.83,55.0,430.0,4.7,0.0,0.0,0.0
8.98,176.0,0.32,0.28,0.29,10.8,10.9,11.2,9.05,-10.8,0.09,0.13,207.8,4.0,8.0,1.0,3.0,185.0,701.0,226.0,-8.0,233.0,9.18,346.4,244.0,32.9,32.6,0.0,3.5,888.0,0.0,13.99,2.6,19.6,16.5,20.5,17.2,17.6,17.0,16.9,18.1,44.3,44.3,21.0,30.0,11.9,17.5,34.0,34.0,34.0,0.0,0.0,0.0,6.0,6.0,4.0,0.0,17.0,18.0,18.0,33.0,39.0,34.0,30.0,30.0,28.0,44.8,44.85,44.84,55.0,430.0,4.8,0.0,0.0,0.0
8.72,358.0,0.32,0.28,0.29,11.3,11.2,10.8,9.0,4.6,0.13,0.11,208.0,3.1,8.0,1.0,3.0,178.0,701.0,218.0,0.0,233.0,9.06,345.3,237.0,32.8,32.5,0.0,3.5,792.9,0.0,13.47,2.6,19.6,16.6,20.5,17.3,17.5,17.3,16.9,18.1,44.3,44.3,22.0,30.0,11.9,17.5,34.0,34.0,34.0,0.0,0.0,0.0,6.0,6.0,4.0,0.0,17.0,18.0,18.0,33.0,39.0,34.0,30.0,30.0,28.0,44.8,44.85,44.84,54.0,420.0,4.8,0.0,0.0,0.0
8.77,112.0,0.32,0.28,0.29,10.6,11.7,10.6,8.99,-1.9,0.09,0.14,207.9,3.7,9.0,1.0,3.0,176.0,700.0,214.0,2.0,226.0,9.1,339.1,238.0,32.7,32.3,0.0,3.5,751.0,0.0,13.23,2.6,19.6,16.6,20.5,17.3,17.6,17.1,17.0,18.1,44.3,44.3,21.0,30.0,11.9,17.5,34.0,34.0,34.0,0.0,0.0,0.0,6.0,6.0,4.0,0.0,17.0,18.0,18.0,33.0,39.0,34.0,30.0,30.0,28.0,44.8,44.85,44.84,55.0,430.0,4.8,0.0,0.0,0.0
8.61,270.0,0.32,0.28,0.29,11.6,10.7,11.0,8.88,-25.4,0.09,0.12,208.0,4.5,20.0,1.0,3.0,180.0,701.0,219.0,4.0,220.0,8.93,332.3,233.0,33.0,32.6,0.0,3.5,682.5,0.0,12.81,2.5,19.6,16.6,20.5,17.2,17.6,17.0,16.8,18.0,44.3,44.3,21.0,30.0,11.9,17.5,34.0,35.0,34.0,0.0,0.0,0.0,6.0,6.0,4.0,0.0,17.0,18.0,18.0,33.0,39.0,34.0,30.0,30.0,28.0,44.8,44.85,44.84,55.0,430.0,4.8,0.0,0.0,0.0
8.49,34.0,0.32,0.28,0.29,11.4,11.2,10.8,8.69,-14.1,0.11,0.14,207.8,4.8,19.0,1.0,3.0,166.0,702.0,203.0,-2.0,209.0,8.69,319.5,221.0,30.0,31.0,0.0,3.4,640.7,0.0,12.55,2.4,19.5,16.4,20.5,17.2,17.5,17.0,16.8,18.0,44.3,44.2,21.0,30.0,11.9,17.5,32.0,32.0,34.0,0.0,0.0,0.0,6.0,6.0,4.0,0.0,17.0,18.0,18.0,33.0,39.0,34.0,30.0,30.0,28.0,44.8,44.85,44.84,54.0,430.0,4.8,0.0,0.0,0.0
8.09,278.0,0.32,0.28,0.29,10.6,10.6,11.1,8.3,-13.4,0.07,0.19,207.5,3.7,21.0,1.0,3.0,146.0,702.0,178.0,-3.0,185.0,8.37,287.1,198.0,30.0,29.7,0.0,3.5,745.9,0.0,13.2,2.3,19.4,16.4,20.3,17.1,17.4,16.9,16.7,17.9,44.2,44.3,22.0,30.0,11.9,17.3,31.0,31.0,34.0,0.0,0.0,0.0,6.0,6.0,4.0,0.0,17.0,18.0,18.0,33.0,39.0,34.0,30.0,30.0,28.0,44.8,44.85,44.84,54.0,430.0,4.8,0.0,0.0,0.0
8.94,90.0,0.32,0.28,0.29,10.6,11.6,10.6,9.05,-6.4,0.11,0.19,207.6,3.6,9.0,1.0,3.0,188.0,701.0,230.0,0.0,249.0,9.18,351.5,246.0,32.8,32.6,0.0,3.5,888.0,0.0,13.99,2.6,19.6,16.6,20.5,17.3,17.6,17.1,17.0,18.1,44.3,44.3,22.0,30.0,11.9,17.5,34.0,34.0,34.0,0.0,0.0,0.0,6.0,6.0,4.0,0.0,17.0,18.0,18.0,33.0,39.0,34.0,30.0,30.0,28.0,44.81,44.85,44.84,55.0,430.0,4.7,0.0,0.0,0.0
8.65,110.0,0.32,0.28,0.29,10.6,11.5,10.6,8.91,-5.3,0.07,0.13,207.6,3.6,19.0,1.0,3.0,171.0,701.0,209.0,-2.0,225.0,9.0,338.3,234.0,30.8,32.3,0.0,3.5,640.7,0.0,12.55,2.5,19.6,16.5,20.4,17.2,17.5,17.0,16.9,18.0,44.3,44.2,22.0,30.0,11.9,17.5,33.0,33.0,34.0,0.0,0.0,0.0,6.0,6.0,4.0,0.0,17.0,18.0,18.0,33.0,39.0,34.0,30.0,30.0,28.0,44.8,44.85,44.84,54.0,430.0,4.8,0.0,0.0,0.0
8.83,74.0,0.32,0.28,0.29,11.3,10.8,11.0,9.1,-12.9,0.01,0.14,207.5,3.5,18.0,1.0,3.0,186.0,701.0,227.0,3.0,246.0,9.23,359.4,246.0,29.2,29.0,0.0,3.4,977.0,0.0,14.44,2.4,19.4,16.3,20.3,17.1,17.5,16.9,16.7,17.9,44.3,44.3,22.0,30.0,11.9,17.3,31.0,31.0,34.0,0.0,0.0,0.0,6.0,6.0,4.0,0.0,17.0,18.0,18.0,33.0,39.0,34.0,30.0,30.0,28.0,44.8,44.85,44.84,55.0,440.0,4.7,0.0,0.0,0.0
8.46,268.0,0.32,0.28,0.29,10.6,11.5,10.6,8.66,-21.2,0.11,0.15,207.8,3.7,21.0,1.0,3.0,166.0,701.0,203.0,7.0,216.0,8.82,324.8,224.0,29.4,29.1,0.0,3.5,977.0,0.0,14.44,2.4,19.4,16.2,20.3,17.1,17.5,16.8,16.7,17.9,44.3,44.2,22.0,30.0,11.9,17.3,31.0,31.0,34.0,0.0,0.0,0.0,6.0,6.0,4.0,0.0,17.0,18.0,18.0,33.0,39.0,33.0,30.0,30.0,28.0,44.8,44.85,44.84,54.0,430.0,4.7,0.0,0.0,0.0
8.28,334.0,0.32,0.28,0.29,10.6,10.7,11.1,8.61,-14.3,0.15,0.14,207.5,3.9,19.0,1.0,3.0,163.0,702.0,199.0,-8.0,211.0,8.64,312.9,218.0,28.3,28.5,0.0,3.5,803.2,0.0,13.53,2.4,19.4,16.4,20.4,17.2,17.5,17.0,16.8,17.9,44.3,44.3,21.0,30.0,11.9,17.5,30.0,30.0,34.0,0.0,0.0,0.0,6.0,6.0,4.0,0.0,17.0,18.0,18.0,33.0,39.0,33.0,30.0,30.0,28.0,44.8,44.85,44.84,54.0,430.0,4.7,0.0,0.0,0.0
8.11,48.0,0.24,0.23,0.24,11.6,10.6,10.9,8.25,-11.8,0.05,0.15,207.6,3.9,15.0,1.0,3.0,154.0,701.0,188.0,-6.0,194.0,8.46,298.4,207.0,32.5,32.1,0.0,3.5,591.0,0.0,12.21,2.6,19.7,16.5,20.6,17.3,17.6,17.2,17.1,18.2,44.3,44.3,21.0,30.0,11.9,17.5,34.0,34.0,34.0,0.0,0.0,0.0,6.0,6.0,4.0,0.0,17.0,18.0,18.0,33.0,39.0,34.0,30.0,30.0,28.0,44.8,44.85,44.84,54.0,440.0,4.8,0.0,0.0,0.0
8.65,200.0,0.32,0.28,0.29,11.0,10.7,11.2,8.89,-6.6,0.09,0.11,207.6,4.0,19.0,1.0,3.0,178.0,701.0,217.0,2.0,226.0,9.05,340.9,241.0,31.3,32.6,0.0,3.5,682.5,0.0,12.81,2.5,19.6,16.3,20.4,17.2,17.6,16.8,16.9,18.0,44.3,44.3,21.0,30.0,11.9,17.5,34.0,34.0,34.0,0.0,0.0,0.0,6.0,6.0,4.0,0.0,17.0,18.0,18.0,33.0,39.0,34.0,30.0,30.0,28.0,44.8,44.85,44.84,53.0,430.0,4.7,0.0,0.0,0.0
8.21,50.0,0.32,0.28,0.29,11.6,10.6,11.1,8.77,-14.1,0.09,0.18,207.7,3.7,19.0,1.0,3.0,162.0,701.0,198.0,2.0,210.0,8.84,325.1,222.0,28.5,28.3,0.0,3.5,803.2,0.0,13.53,2.4,19.5,16.4,20.4,17.2,17.5,17.0,16.8,17.9,44.3,44.3,21.0,30.0,11.9,17.5,30.0,30.0,34.0,0.0,0.0,0.0,6.0,6.0,4.0,0.0,17.0,18.0,18.0,33.0,39.0,34.0,30.0,30.0,28.0,44.8,44.85,44.84,55.0,420.0,4.8,0.0,0.0,0.0
8.7,112.0,0.25,0.22,0.23,10.7,11.5,10.7,8.76,4.5,0.06,0.11,207.9,4.0,8.0,1.0,3.0,176.0,701.0,215.0,-4.0,224.0,8.92,321.3,227.0,32.7,32.3,0.0,3.5,640.7,0.0,12.55,2.6,19.7,16.6,20.5,17.3,17.6,17.2,17.0,18.1,44.3,44.3,21.0,30.0,11.9,17.5,34.0,34.0,34.0,0.0,0.0,0.0,6.0,6.0,4.0,0.0,17.0,18.0,18.0,33.0,39.0,34.0,30.0,30.0,28.0,44.8,44.85,44.84,55.0,430.0,4.8,0.0,0.0,0.0
8.46,358.0,0.32,0.28,0.29,10.6,11.3,10.6,8.6,-13.8,0.23,0.14,207.5,4.2,20.0,1.0,3.0,162.0,701.0,198.0,4.0,210.0,8.73,312.4,217.0,29.6,29.3,0.0,3.5,790.9,0.0,13.46,2.4,19.4,16.5,20.4,17.1,17.5,17.0,16.7,17.9,44.3,44.2,21.0,30.0,11.9,17.3,31.0,31.0,34.0,0.0,0.0,0.0,6.0,6.0,4.0,0.0,17.0,18.0,18.0,33.0,39.0,34.0,30.0,30.0,28.0,44.8,44.86,44.84,55.0,430.0,4.8,0.0,0.0,0.0
8.97,6.0,0.32,0.28,0.29,10.6,11.4,10.6,9.13,-20.1,0.13,0.16,207.8,5.4,19.0,1.0,3.0,190.0,701.0,232.0,-5.0,241.0,9.16,342.5,242.0,28.8,28.7,0.0,3.5,737.7,0.0,13.15,2.4,19.4,16.5,20.3,17.2,17.5,17.0,16.7,17.9,44.3,44.2,21.0,30.0,11.9,17.4,30.0,30.0,34.0,0.0,0.0,0.0,6.0,6.0,4.0,0.0,17.0,18.0,18.0,33.0,39.0,34.0,30.0,30.0,28.0,44.8,44.85,44.84,55.0,430.0,4.8,0.0,0.0,0.0
8.72,134.0,0.32,0.28,0.29,10.4,10.9,10.5,8.93,1.5,0.16,0.18,207.8,3.9,8.0,1.0,3.0,174.0,701.0,213.0,-3.0,218.0,8.97,330.6,233.0,32.8,32.4,0.0,3.5,640.7,0.0,12.55,2.6,19.7,16.5,20.4,17.3,17.7,16.9,17.0,18.2,44.3,44.3,22.0,30.0,11.9,17.5,34.0,34.0,34.0,0.0,0.0,0.0,6.0,6.0,4.0,0.0,17.0,18.0,18.0,33.0,39.0,34.0,30.0,30.0,28.0,44.8,44.85,44.84,55.0,430.0,4.8,0.0,0.0,0.0
8.28,172.0,0.25,0.22,0.23,11.6,10.8,10.9,8.5,-6.8,0.06,0.14,207.9,3.4,12.0,1.0,3.0,155.0,700.0,189.0,-3.0,195.0,8.61,304.4,214.0,32.7,32.3,0.0,3.5,660.0,0.0,12.67,2.6,19.7,16.5,20.5,17.3,17.7,17.0,17.1,18.2,44.3,44.3,22.0,30.0,11.9,17.5,34.0,34.0,34.0,0.0,0.0,0.0,6.0,6.0,4.0,0.0,17.0,18.0,18.0,33.0,39.0,34.0,30.0,30.0,28.0,44.8,44.85,44.84,55.0,430.0,4.8,0.0,0.0,0.0
8.77,358.0,0.32,0.28,0.29,11.1,11.4,10.7,8.97,-2.5,0.08,0.16,207.5,3.8,5.0,1.0,3.0,176.0,701.0,215.0,6.0,228.0,9.07,342.7,236.0,32.7,32.5,0.0,3.5,888.0,0.0,13.99,2.6,19.6,16.7,20.5,17.3,17.6,17.1,16.9,18.1,44.3,44.3,22.0,30.0,11.9,17.5,34.0,34.0,34.0,0.0,0.0,0.0,6.0,6.0,4.0,0.0,17.0,18.0,18.0,33.0,39.0,34.0,30.0,30.0,28.0,44.81,44.85,44.84,55.0,430.0,4.8,0.0,0.0,0.0
7.87,224.0,0.32,0.28,0.29,10.5,11.2,10.6,8.24,-15.0,0.12,0.14,207.4,4.5,21.0,1.0,3.0,145.0,701.0,177.0,-2.0,185.0,8.31,288.5,199.0,29.9,29.5,0.0,3.5,745.9,0.0,13.2,2.3,19.4,16.4,20.3,17.1,17.4,17.0,16.7,17.9,44.3,44.3,22.0,30.0,11.9,17.3,31.0,31.0,34.0,0.0,0.0,0.0,6.0,6.0,4.0,0.0,17.0,18.0,18.0,33.0,39.0,33.0,30.0,30.0,28.0,44.8,44.85,44.84,54.0,430.0,4.8,0.0,0.0,0.0
8.59,254.0,0.32,0.28,0.29,11.6,10.8,10.9,8.79,-13.3,0.09,0.14,207.8,4.0,16.0,1.0,3.0,163.0,701.0,199.0,2.0,210.0,8.85,318.7,225.0,33.0,32.7,0.0,3.5,682.5,0.0,12.81,2.5,19.6,16.5,20.4,17.2,17.6,16.9,16.9,18.0,44.3,44.3,22.0,30.0,11.9,17.5,34.0,34.0,34.0,0.0,0.0,0.0,6.0,6.0,4.0,0.0,17.0,18.0,18.0,33.0,39.0,34.0,30.0,30.0,28.0,44.8,44.85,44.84,55.0,430.0,4.7,0.0,0.0,0.0
8.6,86.0,0.32,0.28,0.29,11.4,11.0,10.9,8.82,-13.3,0.14,0.14,207.5,4.4,18.0,1.0,3.0,167.0,702.0,204.0,-5.0,215.0,8.87,334.4,231.0,28.4,28.1,0.0,3.4,772.5,0.0,13.35,2.4,19.5,16.3,20.4,17.2,17.5,16.9,16.8,17.9,44.3,44.3,22.0,30.0,11.9,17.5,30.0,30.0,34.0,0.0,0.0,0.0,6.0,6.0,4.0,0.0,17.0,18.0,18.0,33.0,39.0,34.0,30.0,30.0,28.0,44.8,44.85,44.84,54.0,420.0,4.8,0.0,0.0,0.0
8.55,34.0,0.32,0.28,0.29,11.5,10.8,11.0,8.87,-12.5,0.09,0.12,208.0,4.0,18.0,1.0,3.0,171.0,702.0,209.0,-2.0,228.0,8.97,334.9,232.0,28.3,28.2,0.0,3.5,772.5,0.0,13.35,2.4,19.5,16.3,20.4,17.2,17.5,17.0,16.8,17.9,44.3,44.3,21.0,30.0,11.9,17.5,30.0,30.0,34.0,0.0,0.0,0.0,6.0,6.0,4.0,0.0,17.0,18.0,18.0,33.0,39.0,34.0,30.0,30.0,28.0,44.8,44.85,44.84,54.0,420.0,4.7,0.0,0.0,0.0
9.11,236.0,0.32,0.28,0.29,11.1,10.8,11.3,9.25,7.8,0.04,0.12,208.1,4.1,7.0,1.0,3.0,194.0,701.0,236.0,-13.0,246.0,9.3,353.5,251.0,32.8,32.5,0.0,3.5,751.0,0.0,13.23,2.6,19.6,16.3,20.5,17.3,17.6,17.1,17.0,18.1,44.3,44.3,22.0,30.0,11.9,17.5,34.0,34.0,34.0,0.0,0.0,0.0,6.0,6.0,4.0,0.0,17.0,18.0,18.0,33.0,39.0,34.0,30.0,30.0,28.0,44.8,44.85,44.84,55.0,430.0,4.8,0.0,0.0,0.0
8.49,340.0,0.32,0.28,0.29,11.3,10.6,11.1,8.89,-10.8,0.16,0.14,207.6,4.9,19.0,1.0,3.0,165.0,701.0,202.0,-4.0,216.0,8.93,331.9,230.0,28.3,29.7,0.0,3.5,772.5,0.0,13.35,2.4,19.5,16.3,20.4,17.2,17.6,16.9,16.8,17.9,44.3,44.3,22.0,30.0,11.9,17.5,31.0,31.0,34.0,0.0,0.0,0.0,6.0,6.0,4.0,0.0,17.0,18.0,18.0,33.0,39.0,34.0,30.0,30.0,28.0,44.8,44.85,44.84,55.0,440.0,4.8,0.0,0.0,0.0
8.2,298.0,0.32,0.28,0.29,10.6,10.8,11.1,8.39,-12.2,0.21,0.14,207.7,4.3,10.0,1.0,3.0,151.0,701.0,185.0,-5.0,192.0,8.4,296.1,206.0,33.0,32.6,0.0,3.5,745.9,0.0,13.2,2.6,19.6,16.6,20.5,17.3,17.6,17.1,16.9,18.0,44.3,44.3,21.0,30.0,11.9,17.5,34.0,34.0,34.0,0.0,0.0,0.0,6.0,6.0,4.0,0.0,17.0,18.0,18.0,33.0,39.0,34.0,30.0,30.0,28.0,44.8,44.86,44.84,55.0,430.0,4.8,0.0,0.0,0.0
8.11,100.0,0.32,0.28,0.29,10.8,11.5,10.6,8.48,0.5,0.07,0.14,207.4,4.4,7.0,1.0,3.0,154.0,700.0,188.0,0.0,189.0,8.51,305.8,211.0,32.9,32.6,0.0,3.5,792.9,0.0,13.47,2.6,19.6,16.4,20.4,17.2,17.7,17.0,16.9,18.1,44.3,44.2,22.0,30.0,11.9,17.5,34.0,34.0,34.0,0.0,0.0,0.0,6.0,6.0,4.0,0.0,17.0,18.0,18.0,33.0,39.0,34.0,30.0,30.0,28.0,44.8,44.86,44.84,54.0,430.0,4.7,0.0,0.0,0.0
9.03,128.0,0.32,0.28,0.29,10.7,11.5,10.6,9.11,8.0,0.19,0.21,207.8,3.2,7.0,1.0,3.0,187.0,701.0,228.0,11.0,234.0,9.21,349.9,245.0,32.8,32.5,0.0,3.5,751.0,0.0,13.23,2.6,19.6,16.3,20.5,17.3,17.6,17.1,17.0,18.1,44.3,44.3,21.0,30.0,11.9,17.5,34.0,34.0,34.0,0.0,0.0,0.0,6.0,6.0,4.0,0.0,17.0,18.0,18.0,33.0,39.0,34.0,30.0,30.0,28.0,44.8,44.85,44.84,54.0,430.0,4.8,0.0,0.0,0.0
9.16,74.0,0.32,0.28,0.29,10.7,11.6,10.7,9.3,1.8,0.04,0.14,207.8,3.7,4.0,1.0,3.0,206.0,701.0,251.0,-3.0,266.0,9.41,373.5,256.0,32.8,32.6,0.0,3.5,888.0,0.0,13.99,2.6,19.6,16.4,20.4,17.3,17.7,17.0,16.9,18.1,44.3,44.3,21.0,30.0,11.9,17.5,34.0,34.0,34.0,0.0,0.0,0.0,6.0,6.0,4.0,0.0,17.0,18.0,18.0,33.0,39.0,34.0,30.0,30.0,28.0,44.8,44.85,44.84,55.0,430.0,4.7,0.0,0.0,0.0
7.96,316.0,0.32,0.28,0.29,11.1,10.5,11.0,8.23,-18.7,0.05,0.13,207.2,4.5,22.0,1.0,3.0,146.0,702.0,178.0,-4.0,184.0,8.32,291.1,202.0,29.7,29.6,0.0,3.5,745.9,0.0,13.2,2.3,19.4,16.2,20.2,17.1,17.5,16.8,16.7,17.9,44.3,44.3,21.0,30.0,11.9,17.3,31.0,31.0,34.0,0.0,0.0,0.0,6.0,6.0,4.0,0.0,17.0,18.0,18.0,33.0,39.0,34.0,30.0,30.0,28.0,44.8,44.85,44.84,55.0,430.0,4.8,0.0,0.0,0.0
8.2,270.0,0.32,0.28,0.29,10.8,10.6,11.1,8.69,-14.2,0.06,0.14,207.5,4.4,19.0,1.0,3.0,170.0,701.0,208.0,-2.0,224.0,8.85,323.9,227.0,29.0,30.2,0.0,3.4,640.7,0.0,12.55,2.4,19.5,16.4,20.4,17.2,17.5,17.0,16.8,18.0,44.3,44.3,22.0,30.0,11.9,17.5,31.0,31.0,34.0,0.0,0.0,0.0,6.0,6.0,4.0,0.0,17.0,18.0,18.0,33.0,39.0,34.0,30.0,30.0,28.0,44.8,44.86,44.84,55.0,430.0,4.7,0.0,0.0,0.0
8.4,80.0,0.32,0.28,0.29,10.9,10.6,11.2,8.5,-8.5,0.09,0.14,207.7,5.2,15.0,1.0,3.0,153.0,701.0,186.0,0.0,201.0,8.62,306.9,215.0,28.6,28.4,0.0,3.5,737.7,0.0,13.15,2.4,19.4,16.3,20.3,17.1,17.6,16.9,16.8,17.9,44.3,44.2,21.0,30.0,11.9,17.4,30.0,30.0,34.0,0.0,0.0,0.0,6.0,6.0,4.0,0.0,17.0,18.0,18.0,33.0,39.0,34.0,30.0,30.0,28.0,44.8,44.85,44.84,54.0,430.0,4.7,0.0,0.0,0.0
8.16,178.0,0.24,0.23,0.25,10.6,10.9,10.9,8.29,3.9,0.09,0.21,207.8,3.8,11.0,1.0,3.0,138.0,700.0,168.0,-3.0,177.0,8.42,286.7,203.0,32.6,32.3,0.0,3.5,662.1,0.0,12.68,2.6,19.7,16.6,20.6,17.3,17.7,17.2,17.1,18.2,44.3,44.3,21.0,30.0,12.0,17.5,34.0,34.0,34.0,0.0,0.0,0.0,6.0,6.0,4.0,0.0,17.0,18.0,18.0,33.0,39.0,34.0,30.0,30.0,28.0,44.81,44.85,44.84,55.0,430.0,4.7,0.0,0.0,0.0
8.57,126.0,0.32,0.28,0.29,10.6,11.5,10.6,8.7,-5.5,0.08,0.18,207.6,3.4,18.0,1.0,3.0,170.0,701.0,207.0,5.0,210.0,8.81,325.3,227.0,30.2,31.5,0.0,3.4,640.7,0.0,12.55,2.4,19.6,16.6,20.5,17.2,17.5,17.0,16.8,18.0,44.3,44.2,21.0,30.0,11.9,17.5,32.0,32.0,34.0,0.0,0.0,0.0,6.0,6.0,4.0,0.0,17.0,18.0,18.0,33.0,39.0,34.0,30.0,30.0,28.0,44.8,44.85,44.84,54.0,430.0,4.8,0.0,0.0,0.0
8.3,316.0,0.24,0.23,0.24,12.4,10.7,10.8,8.5,-12.4,0.08,0.16,207.7,3.8,13.0,1.0,3.0,146.0,699.0,177.0,0.0,188.0,8.53,302.9,210.0,32.3,32.0,0.0,3.5,778.6,0.0,13.39,2.6,19.8,16.7,20.7,17.3,17.7,17.2,17.3,18.3,44.3,44.3,21.0,30.0,12.0,17.5,33.0,34.0,34.0,0.0,0.0,0.0,6.0,6.0,4.0,0.0,17.0,18.0,18.0,33.0,39.0,33.0,30.0,30.0,28.0,44.8,44.85,44.84,55.0,430.0,4.8,0.0,0.0,0.0
8.61,230.0,0.32,0.28,0.29,10.9,10.6,11.3,8.6,1.1,0.08,0.14,207.7,3.9,7.0,1.0,3.0,165.0,701.0,202.0,0.0,202.0,8.78,321.3,223.0,32.9,32.6,0.0,3.5,792.9,0.0,13.47,2.6,19.6,16.4,20.5,17.3,17.6,17.0,16.9,18.1,44.3,44.3,22.0,30.0,11.9,17.5,34.0,34.0,34.0,0.0,0.0,0.0,6.0,6.0,4.0,0.0,17.0,18.0,18.0,33.0,39.0,34.0,30.0,30.0,28.0,44.8,44.85,44.84,54.0,430.0,4.8,0.0,0.0,0.0
8.16,294.0,0.24,0.23,0.24,11.1,10.6,11.2,8.3,-15.8,0.06,0.16,207.7,4.7,16.0,1.0,3.0,150.0,699.0,183.0,3.0,192.0,8.51,299.1,209.0,32.4,32.0,0.0,3.5,687.6,0.0,12.85,2.6,19.8,16.6,20.6,17.3,17.7,17.4,17.2,18.3,44.3,44.3,22.0,30.0,12.0,17.5,34.0,34.0,34.0,0.0,0.0,0.0,6.0,6.0,4.0,0.0,17.0,18.0,18.0,32.0,39.0,34.0,30.0,30.0,28.0,44.8,44.85,44.84,54.0,430.0,4.8,0.0,0.0,0.0
8.48,322.0,0.32,0.28,0.29,10.6,11.3,10.6,8.65,-19.8,0.1,0.16,207.5,4.1,21.0,1.0,3.0,159.0,701.0,195.0,-7.0,201.0,8.79,321.0,223.0,29.5,29.2,0.0,3.5,977.0,0.0,14.44,2.4,19.4,16.2,20.3,17.1,17.5,16.8,16.7,17.9,44.2,44.2,22.0,30.0,11.9,17.3,31.0,31.0,34.0,0.0,0.0,0.0,6.0,6.0,4.0,0.0,17.0,18.0,18.0,32.0,39.0,33.0,30.0,30.0,28.0,44.8,44.85,44.84,54.0,430.0,4.7,0.0,0.0,0.0
7.91,94.0,0.24,0.23,0.24,11.9,10.6,10.8,8.34,1.4,0.01,0.15,207.5,4.2,11.0,1.0,3.0,147.0,700.0,179.0,-2.0,185.0,8.32,290.7,201.0,32.4,32.2,0.0,3.5,687.6,0.0,12.85,2.6,19.7,16.7,20.6,17.3,17.7,17.2,17.2,18.2,44.3,44.3,20.0,30.0,12.0,17.5,34.0,34.0,34.0,0.0,0.0,0.0,6.0,6.0,4.0,0.0,17.0,18.0,18.0,33.0,39.0,34.0,30.0,30.0,28.0,44.8,44.85,44.84,54.0,420.0,4.8,0.0,0.0,0.0
8.73,220.0,0.25,0.22,0.23,11.5,10.6,11.1,8.84,-4.8,0.0,0.14,207.5,4.8,9.0,1.0,3.0,174.0,700.0,208.0,9.0,211.0,8.93,329.7,231.0,32.7,32.5,0.0,3.5,640.7,0.0,12.55,2.6,19.7,16.6,20.6,17.3,17.5,17.3,17.0,18.1,44.3,44.3,21.0,30.0,11.9,17.5,34.0,34.0,34.0,0.0,0.0,0.0,6.0,6.0,4.0,0.0,17.0,18.0,18.0,33.0,39.0,34.0,30.0,30.0,28.0,44.8,44.85,44.84,55.0,430.0,4.8,0.0,0.0,0.0
8.15,228.0,0.32,0.28,0.29,10.5,11.2,10.7,8.39,-4.5,0.04,0.12,207.5,5.0,7.0,1.0,3.0,143.0,701.0,175.0,-5.0,191.0,8.47,300.3,207.0,32.9,32.7,0.0,3.5,745.9,0.0,13.2,2.6,19.6,16.6,20.5,17.3,17.6,17.1,16.9,18.0,44.3,44.2,21.0,30.0,11.9,17.5,34.0,34.0,34.0,0.0,0.0,0.0,6.0,6.0,4.0,0.0,17.0,18.0,18.0,33.0,39.0,33.0,30.0,30.0,28.0,44.8,44.85,44.84,55.0,430.0,4.7,0.0,0.0,0.0
8.12,126.0,0.24,0.23,0.24,11.3,10.6,11.1,8.28,-7.7,0.09,0.14,207.7,2.8,13.0,1.0,3.0,143.0,699.0,174.0,3.0,192.0,8.45,298.2,206.0,32.5,32.1,0.0,3.5,662.1,0.0,12.68,2.6,19.7,16.8,20.6,17.3,17.7,17.0,17.2,18.2,44.3,44.3,22.0,30.0,12.0,17.5,34.0,34.0,34.0,0.0,0.0,0.0,6.0,6.0,4.0,0.0,17.0,18.0,18.0,32.0,39.0,34.0,30.0,30.0,28.0,44.8,44.85,44.84,54.0,420.0,4.8,0.0,0.0,0.0
9.2,0.0,0.32,0.28,0.29,10.9,10.9,11.3,9.28,-3.0,0.16,0.16,207.3,3.1,17.0,1.0,3.0,211.0,701.0,258.0,-7.0,271.0,9.45,374.7,261.0,29.2,29.0,0.0,3.4,966.7,0.0,14.39,2.4,19.4,16.3,20.3,17.2,17.5,16.9,16.7,17.9,44.3,44.3,23.0,30.0,11.9,17.3,31.0,31.0,34.0,0.0,0.0,0.0,6.0,6.0,4.0,0.0,17.0,18.0,18.0,33.0,39.0,34.0,30.0,30.0,28.0,44.8,44.85,44.84,55.0,430.0,4.7,0.0,0.0,0.0
8.25,256.0,0.24,0.23,0.25,10.6,11.0,10.8,8.37,-9.5,0.07,0.15,207.8,4.7,16.0,1.0,3.0,142.0,699.0,173.0,-4.0,187.0,8.52,297.9,208.0,32.5,32.1,0.0,3.5,687.6,0.0,12.85,2.6,19.7,16.7,20.6,17.3,17.7,17.4,17.2,18.2,44.3,44.3,21.0,30.0,12.0,17.5,34.0,34.0,34.0,0.0,0.0,0.0,6.0,6.0,4.0,0.0,17.0,18.0,18.0,32.0,39.0,34.0,30.0,30.0,28.0,44.8,44.85,44.84,55.0,430.0,4.8,0.0,0.0,0.0
8.22,240.0,0.32,0.28,0.29,11.2,11.3,10.6,8.4,-14.0,-0.01,0.13,207.6,4.5,14.0,1.0,3.0,150.0,701.0,183.0,-6.0,187.0,8.41,298.9,204.0,32.8,32.6,0.0,3.5,745.9,0.0,13.2,2.6,19.6,16.7,20.4,17.3,17.5,17.2,16.9,18.0,44.3,44.4,22.0,30.0,11.9,17.5,34.0,34.0,34.0,0.0,0.0,0.0,6.0,6.0,4.0,0.0,17.0,18.0,18.0,33.0,39.0,34.0,30.0,30.0,28.0,44.8,44.85,44.84,54.0,420.0,4.8,0.0,0.0,0.0
8.84,182.0,0.32,0.28,0.29,10.8,10.8,11.4,9.22,1.0,0.0,0.14,207.6,3.6,4.0,1.0,3.0,206.0,701.0,251.0,1.0,264.0,9.37,366.8,255.0,32.7,32.4,0.0,3.5,888.0,0.0,13.99,2.6,19.6,16.5,20.4,17.3,17.7,16.9,16.9,18.1,44.3,44.3,21.0,30.0,11.9,17.5,34.0,34.0,34.0,0.0,0.0,0.0,6.0,6.0,4.0,0.0,17.0,18.0,18.0,33.0,39.0,34.0,30.0,30.0,28.0,44.8,44.85,44.84,54.0,420.0,4.7,0.0,0.0,0.0
8.79,292.0,0.32,0.28,0.29,11.6,10.8,10.9,9.04,-21.5,0.19,0.2,208.0,3.8,21.0,1.0,3.0,177.0,701.0,216.0,-3.0,219.0,9.0,336.2,234.0,32.2,32.7,0.0,3.4,682.5,0.0,12.81,2.5,19.6,16.5,20.5,17.3,17.5,17.1,16.8,18.0,44.3,44.3,22.0,30.0,11.9,17.5,34.0,35.0,34.0,0.0,0.0,0.0,6.0,6.0,4.0,0.0,17.0,18.0,18.0,33.0,39.0,34.0,30.0,30.0,28.0,44.8,44.85,44.84,55.0,420.0,4.8,0.0,0.0,0.0
8.86,258.0,0.32,0.28,0.29,11.4,11.1,10.8,9.0,-18.4,0.09,0.13,207.6,5.8,18.0,1.0,3.0,189.0,702.0,231.0,2.0,237.0,9.08,338.0,237.0,28.7,28.7,0.0,3.4,737.7,0.0,13.15,2.4,19.4,16.5,20.3,17.2,17.5,17.0,16.8,17.9,44.3,44.2,21.0,30.0,11.9,17.4,30.0,30.0,34.0,0.0,0.0,0.0,6.0,6.0,4.0,0.0,17.0,18.0,18.0,33.0,39.0,34.0,30.0,30.0,28.0,44.8,44.85,44.84,54.0,430.0,4.8,0.0,0.0,0.0
8.17,224.0,0.24,0.23,0.24,10.8,10.6,11.2,8.4,-14.5,0.08,0.15,208.0,3.4,14.0,1.0,3.0,150.0,700.0,183.0,-15.0,188.0,8.46,297.0,207.0,32.4,32.1,0.0,3.5,778.6,0.0,13.39,2.6,19.7,16.6,20.6,17.3,17.7,17.2,17.2,18.3,44.3,44.3,22.0,30.0,12.0,17.5,33.0,34.0,34.0,0.0,0.0,0.0,6.0,6.0,4.0,0.0,17.0,18.0,18.0,32.0,39.0,34.0,30.0,30.0,28.0,44.8,44.85,44.84,54.0,430.0,4.8,0.0,0.0,0.0
8.28,324.0,0.32,0.28,0.29,11.4,10.7,11.1,8.8,-15.6,0.12,0.13,208.0,4.3,19.0,1.0,3.0,163.0,701.0,200.0,1.0,212.0,8.87,324.5,226.0,28.9,30.0,0.0,3.4,640.7,0.0,12.55,2.4,19.5,16.4,20.4,17.2,17.5,17.1,16.8,17.9,44.3,44.3,22.0,30.0,11.9,17.5,31.0,31.0,34.0,0.0,0.0,0.0,6.0,6.0,4.0,0.0,17.0,18.0,18.0,33.0,39.0,34.0,30.0,30.0,28.0,44.8,44.86,44.84,55.0,430.0,4.7,0.0,0.0,0.0
9.53,350.0,0.32,0.28,0.29,10.6,11.4,10.6,9.62,-16.1,0.18,0.11,207.8,5.7,20.0,1.0,3.0,225.0,701.0,274.0,-3.0,292.0,9.78,389.0,272.0,28.9,28.5,0.0,3.4,966.7,0.0,14.39,2.4,19.4,16.4,20.4,17.2,17.5,17.0,16.8,17.9,44.3,44.3,22.0,30.0,11.9,17.3,30.0,30.0,34.0,0.0,0.0,0.0,6.0,6.0,4.0,0.0,17.0,18.0,18.0,33.0,39.0,33.0,30.0,30.0,28.0,44.8,44.85,44.84,54.0,430.0,4.7,0.0,0.0,0.0
8.08,10.0,0.32,0.28,0.29,10.6,11.4,10.6,8.29,-7.9,0.09,0.12,207.6,4.5,16.0,1.0,3.0,136.0,701.0,166.0,4.0,170.0,8.28,288.7,199.0,29.7,29.5,0.0,3.5,745.9,0.0,13.2,2.3,19.4,16.4,20.3,17.1,17.5,16.8,16.7,17.8,44.3,44.3,21.0,30.0,11.9,17.3,31.0,31.0,34.0,0.0,0.0,0.0,6.0,6.0,4.0,0.0,17.0,18.0,18.0,33.0,39.0,34.0,30.0,30.0,28.0,44.8,44.85,44.84,54.0,430.0,4.7,0.0,0.0,0.0
8.71,348.0,0.32,0.28,0.29,11.4,11.1,10.8,8.91,-2.0,-0.01,0.11,207.8,4.6,8.0,1.0,3.0,180.0,700.0,219.0,1.0,232.0,9.0,335.0,233.0,32.9,32.5,0.0,3.5,640.7,0.0,12.55,2.6,19.7,16.5,20.5,17.3,17.6,17.1,17.0,18.1,44.3,44.3,22.0,30.0,11.9,17.5,34.0,34.0,34.0,0.0,0.0,0.0,6.0,6.0,4.0,0.0,17.0,18.0,18.0,33.0,39.0,34.0,30.0,30.0,28.0,44.8,44.85,44.84,54.0,430.0,4.8,0.0,0.0,0.0
9.0,252.0,0.32,0.28,0.29,10.8,11.6,10.8,9.39,-12.5,0.11,0.11,207.5,3.5,19.0,1.0,3.0,211.0,701.0,257.0,-6.0,262.0,9.45,380.1,262.0,29.1,28.9,0.0,3.5,966.7,0.0,14.39,2.4,19.4,16.4,20.4,17.2,17.5,17.1,16.7,17.9,44.3,44.3,21.0,30.0,11.9,17.3,31.0,31.0,34.0,0.0,0.0,0.0,6.0,6.0,4.0,0.0,17.0,18.0,18.0,33.0,39.0,34.0,30.0,30.0,28.0,44.8,44.85,44.84,55.0,420.0,4.8,0.0,0.0,0.0
8.15,262.0,0.32,0.28,0.29,10.8,10.6,11.3,8.3,-18.9,0.11,0.14,207.5,4.8,22.0,1.0,3.0,145.0,701.0,177.0,-7.0,180.0,8.36,291.2,202.0,29.9,29.7,0.0,3.5,745.9,0.0,13.2,2.3,19.4,16.2,20.3,17.1,17.5,16.8,16.7,17.9,44.3,44.3,22.0,30.0,11.9,17.3,31.0,31.0,34.0,0.0,0.0,0.0,6.0,6.0,4.0,0.0,17.0,18.0,18.0,33.0,39.0,34.0,30.0,30.0,28.0,44.8,44.85,44.84,55.0,430.0,4.8,0.0,0.0,0.0
8.66,96.0,0.25,0.22,0.23,10.7,11.3,10.6,8.63,3.9,0.05,0.11,207.7,4.0,9.0,1.0,3.0,159.0,701.0,194.0,-8.0,216.0,8.75,313.5,219.0,32.6,32.4,0.0,3.5,640.7,0.0,12.55,2.6,19.7,16.7,20.5,17.3,17.6,17.2,17.0,18.1,44.3,44.3,21.0,30.0,11.9,17.5,34.0,34.0,34.0,0.0,0.0,0.0,6.0,6.0,4.0,0.0,17.0,18.0,18.0,33.0,39.0,34.0,30.0,30.0,28.0,44.8,44.85,44.84,55.0,430.0,4.8,0.0,0.0,0.0
8.44,282.0,0.32,0.28,0.29,11.6,10.6,11.1,8.63,1.5,0.09,0.15,207.8,4.3,7.0,1.0,3.0,168.0,701.0,205.0,-5.0,212.0,8.74,321.8,225.0,32.9,32.6,0.0,3.5,792.9,0.0,13.47,2.6,19.6,16.4,20.4,17.3,17.6,16.9,16.9,18.1,44.3,44.3,21.0,30.0,11.9,17.5,34.0,34.0,34.0,0.0,0.0,0.0,6.0,6.0,4.0,0.0,17.0,18.0,18.0,33.0,39.0,34.0,30.0,30.0,28.0,44.8,44.85,44.84,55.0,430.0,4.7,0.0,0.0,0.0
8.44,24.0,0.32,0.28,0.29,10.5,11.5,10.6,8.45,-9.9,0.04,0.1,207.4,4.5,15.0,1.0,3.0,157.0,701.0,192.0,5.0,203.0,8.63,304.3,212.0,33.0,32.8,0.0,3.5,682.5,0.0,12.81,2.6,19.6,16.6,20.5,17.3,17.5,17.2,16.9,18.0,44.3,44.3,21.0,30.0,11.9,17.5,34.0,34.0,34.0,0.0,0.0,0.0,6.0,6.0,4.0,0.0,17.0,18.0,18.0,33.0,39.0,33.0,30.0,30.0,28.0,44.8,44.86,44.84,55.0,430.0,4.7,0.0,0.0,0.0
8.2,206.0,0.32,0.28,0.29,11.6,10.8,10.8,8.42,-13.9,-0.02,0.14,207.6,3.6,15.0,1.0,3.0,151.0,701.0,185.0,-4.0,193.0,8.43,301.1,207.0,33.0,32.6,0.0,3.5,682.5,0.0,12.81,2.6,19.6,16.6,20.5,17.3,17.5,17.1,16.9,18.0,44.3,44.3,21.0,30.0,11.9,17.5,34.0,34.0,34.0,0.0,0.0,0.0,6.0,6.0,4.0,0.0,17.0,18.0,18.0,33.0,39.0,34.0,30.0,30.0,28.0,44.81,44.85,44.84,54.0,430.0,4.7,0.0,0.0,0.0
8.4,276.0,0.32,0.28,0.29,11.4,11.0,10.7,8.46,-10.2,0.16,0.12,207.6,4.8,15.0,1.0,3.0,157.0,701.0,192.0,2.0,197.0,8.5,302.8,212.0,33.0,32.4,0.0,3.5,682.5,0.0,12.81,2.6,19.6,16.6,20.4,17.3,17.6,17.0,16.9,18.0,44.3,44.3,22.0,30.0,11.9,17.5,34.0,34.0,34.0,0.0,0.0,0.0,6.0,6.0,4.0,0.0,17.0,18.0,18.0,33.0,39.0,34.0,30.0,30.0,28.0,44.8,44.85,44.84,55.0,430.0,4.8,0.0,0.0,0.0
8.14,150.0,0.25,0.22,0.23,10.8,10.8,11.3,8.63,3.5,0.09,0.12,207.3,3.5,9.0,1.0,3.0,160.0,700.0,195.0,8.0,206.0,8.77,315.7,222.0,32.7,32.4,0.0,3.5,640.7,0.0,12.55,2.6,19.7,16.7,20.5,17.3,17.6,17.1,17.0,18.1,44.3,44.3,21.0,30.0,11.9,17.5,34.0,34.0,34.0,0.0,0.0,0.0,6.0,6.0,4.0,0.0,17.0,18.0,18.0,33.0,39.0,33.0,30.0,30.0,28.0,44.8,44.85,44.84,55.0,430.0,4.7,0.0,0.0,0.0
8.06,294.0,0.24,0.23,0.24,10.6,11.4,10.5,8.22,9.2,0.12,0.14,207.8,3.5,11.0,1.0,3.0,143.0,699.0,174.0,-2.0,176.0,8.3,290.3,203.0,32.4,32.1,0.0,3.5,687.6,0.0,12.85,2.6,19.7,16.8,20.6,17.3,17.7,17.1,17.2,18.2,44.3,44.3,22.0,30.0,12.0,17.5,34.0,34.0,34.0,0.0,0.0,0.0,6.0,6.0,4.0,0.0,17.0,18.0,18.0,33.0,39.0,34.0,30.0,30.0,28.0,44.8,44.85,44.84,55.0,430.0,4.7,0.0,0.0,0.0
8.57,106.0,0.32,0.28,0.29,11.6,10.6,10.9,8.8,-22.0,0.05,0.14,207.7,3.8,21.0,1.0,3.0,163.0,701.0,199.0,-13.0,210.0,8.9,328.9,225.0,29.4,29.3,0.0,3.5,977.0,0.0,14.44,2.4,19.4,16.4,20.4,17.2,17.4,17.1,16.7,17.9,44.2,44.2,22.0,30.0,11.9,17.3,31.0,31.0,34.0,0.0,0.0,0.0,6.0,6.0,4.0,0.0,17.0,18.0,18.0,33.0,39.0,34.0,30.0,30.0,28.0,44.8,44.85,44.84,54.0,430.0,4.8,0.0,0.0,0.0
7.91,46.0,0.32,0.28,0.29,11.2,11.1,10.6,8.23,-18.3,0.06,0.13,207.5,4.7,21.0,1.0,3.0,137.0,701.0,167.0,8.0,171.0,8.31,291.5,201.0,29.9,29.5,0.0,3.5,745.9,0.0,13.2,2.3,19.4,16.3,20.4,17.1,17.4,17.1,16.7,17.8,44.3,44.3,21.0,30.0,11.9,17.3,31.0,31.0,34.0,0.0,0.0,0.0,6.0,6.0,4.0,0.0,17.0,18.0,18.0,33.0,39.0,34.0,30.0,30.0,28.0,44.8,44.85,44.84,54.0,420.0,4.8,0.0,0.0,0.0
8.3,46.0,0.24,0.23,0.24,10.7,11.6,10.6,8.47,-19.7,0.09,0.14,207.5,3.2,13.0,1.0,3.0,155.0,700.0,189.0,5.0,190.0,8.52,309.1,211.0,32.4,32.0,0.0,3.5,778.6,0.0,13.39,2.6,19.8,16.8,20.7,17.3,17.8,17.3,17.2,18.3,44.3,44.3,22.0,30.0,12.0,17.5,33.0,34.0,34.0,0.0,0.0,0.0,6.0,6.0,4.0,0.0,17.0,18.0,18.0,33.0,39.0,34.0,30.0,30.0,28.0,44.8,44.85,44.84,55.0,430.0,4.8,0.0,0.0,0.0
8.35,78.0,0.32,0.28,0.29,11.0,10.5,11.2,8.4,-17.2,0.09,0.14,207.6,4.3,13.0,1.0,3.0,143.0,701.0,176.0,0.0,184.0,8.51,298.4,208.0,32.9,32.6,0.0,3.5,745.9,0.0,13.2,2.6,19.6,16.6,20.4,17.3,17.6,17.1,16.9,18.0,44.3,44.3,22.0,30.0,11.9,17.5,34.0,34.0,34.0,0.0,0.0,0.0,6.0,6.0,4.0,0.0,17.0,18.0,18.0,33.0,39.0,33.0,30.0,30.0,28.0,44.8,44.85,44.84,54.0,430.0,4.7,0.0,0.0,0.0
8.23,276.0,0.32,0.28,0.29,10.6,11.5,10.6,8.34,-9.2,0.05,0.1,207.9,3.4,12.0,1.0,3.0,147.0,701.0,179.0,-2.0,195.0,8.48,296.3,207.0,33.0,32.6,0.0,3.5,745.9,0.0,13.2,2.6,19.6,16.6,20.4,17.3,17.5,17.1,16.9,18.0,44.4,44.4,21.0,30.0,11.9,17.5,34.0,34.0,34.0,0.0,0.0,0.0,6.0,6.0,4.0,0.0,17.0,17.0,18.0,33.0,39.0,33.0,30.0,30.0,28.0,44.8,44.85,44.84,54.0,430.0,4.8,0.0,0.0,0.0
9.23,306.0,0.32,0.28,0.29,10.7,11.1,10.8,9.31,-8.7,0.03,0.16,207.7,3.0,18.0,1.0,3.0,205.0,701.0,250.0,-7.0,270.0,9.5,377.4,258.0,29.0,28.9,0.0,3.4,966.7,0.0,14.39,2.4,19.4,16.3,20.3,17.2,17.5,17.0,16.7,17.9,44.3,44.3,22.0,30.0,11.9,17.3,31.0,31.0,34.0,0.0,0.0,0.0,6.0,6.0,4.0,0.0,17.0,18.0,18.0,33.0,39.0,34.0,30.0,30.0,28.0,44.8,44.85,44.84,55.0,430.0,4.7,0.0,0.0,0.0
8.23,46.0,0.32,0.28,0.29,11.4,10.9,10.7,8.46,0.1,0.11,0.2,207.8,4.4,7.0,1.0,3.0,151.0,701.0,184.0,-1.0,189.0,8.52,306.0,213.0,32.9,32.6,0.0,3.5,792.9,0.0,13.47,2.6,19.6,16.4,20.4,17.2,17.7,16.9,16.9,18.1,44.3,44.2,22.0,30.0,11.9,17.5,34.0,34.0,34.0,0.0,0.0,0.0,6.0,6.0,4.0,0.0,17.0,18.0,18.0,33.0,39.0,34.0,30.0,30.0,28.0,44.8,44.86,44.84,55.0,430.0,4.7,0.0,0.0,0.0
8.51,300.0,0.24,0.23,0.24,12.3,10.8,10.8,8.59,-12.8,0.09,0.18,207.6,2.9,11.0,1.0,3.0,153.0,700.0,186.0,5.0,197.0,8.63,310.5,217.0,32.3,32.1,0.0,3.5,778.6,0.0,13.39,2.6,19.8,16.8,20.7,17.3,17.8,17.3,17.2,18.3,44.3,44.3,22.0,30.0,12.0,17.5,33.0,34.0,34.0,0.0,0.0,0.0,6.0,6.0,4.0,0.0,17.0,18.0,18.0,33.0,39.0,34.0,30.0,30.0,28.0,44.8,44.85,44.84,55.0,430.0,4.8,0.0,0.0,0.0
8.08,78.0,0.24,0.23,0.24,12.3,10.7,10.9,8.25,5.0,0.08,0.18,207.9,4.3,12.0,1.0,3.0,136.0,700.0,166.0,-5.0,175.0,8.31,292.6,202.0,32.6,32.1,0.0,3.5,687.6,0.0,12.85,2.6,19.7,16.8,20.6,17.3,17.7,17.2,17.2,18.2,44.3,44.3,22.0,30.0,12.0,17.5,34.0,34.0,34.0,0.0,0.0,0.0,6.0,6.0,4.0,0.0,17.0,18.0,18.0,33.0,39.0,34.0,30.0,30.0,28.0,44.8,44.85,44.85,54.0,430.0,4.8,0.0,0.0,0.0
8.98,268.0,0.32,0.28,0.29,10.6,11.5,10.7,9.13,-10.1,0.11,0.16,207.2,3.0,17.0,1.0,3.0,188.0,701.0,229.0,-16.0,233.0,9.23,357.7,247.0,29.1,29.0,0.0,3.5,977.0,0.0,14.44,2.4,19.4,16.3,20.3,17.2,17.5,17.0,16.7,17.9,44.3,44.3,21.0,30.0,11.9,17.3,31.0,31.0,34.0,0.0,0.0,0.0,6.0,6.0,4.0,0.0,17.0,18.0,18.0,33.0,39.0,34.0,30.0,30.0,28.0,44.8,44.85,44.84,54.0,420.0,4.8,0.0,0.0,0.0
8.32,192.0,0.24,0.23,0.24,11.0,10.6,11.4,8.46,-9.8,0.07,0.14,207.4,3.8,10.0,1.0,3.0,162.0,700.0,198.0,5.0,203.0,8.71,310.2,213.0,32.4,32.0,0.0,3.5,778.6,0.0,13.39,2.6,19.8,16.8,20.7,17.3,17.8,17.3,17.3,18.3,44.3,44.3,22.0,30.0,12.0,17.5,33.0,34.0,34.0,0.0,0.0,0.0,6.0,6.0,4.0,0.0,17.0,18.0,18.0,32.0,39.0,34.0,30.0,30.0,28.0,44.8,44.85,44.84,54.0,440.0,4.8,0.0,0.0,0.0
8.18,260.0,0.32,0.28,0.29,11.3,11.3,10.6,8.33,-13.8,0.19,0.16,207.4,4.1,15.0,1.0,3.0,151.0,701.0,185.0,-1.0,192.0,8.46,298.3,206.0,32.9,32.6,0.0,3.5,682.5,0.0,12.81,2.6,19.6,16.6,20.5,17.3,17.5,17.1,16.9,18.0,44.3,44.3,22.0,30.0,11.9,17.5,34.0,34.0,34.0,0.0,0.0,0.0,6.0,6.0,4.0,0.0,17.0,18.0,18.0,33.0,39.0,34.0,30.0,30.0,28.0,44.81,44.85,44.84,54.0,430.0,4.7,0.0,0.0,0.0
8.24,330.0,0.32,0.28,0.29,10.5,11.1,10.6,8.41,-9.3,0.03,0.18,207.8,3.7,12.0,1.0,3.0,143.0,701.0,175.0,-3.0,190.0,8.49,297.5,208.0,32.9,32.7,0.0,3.5,745.9,0.0,13.2,2.6,19.6,16.6,20.4,17.3,17.6,17.1,16.9,18.0,44.4,44.4,22.0,30.0,11.9,17.5,34.0,34.0,34.0,0.0,0.0,0.0,6.0,6.0,4.0,0.0,17.0,18.0,18.0,33.0,39.0,33.0,30.0,30.0,28.0,44.8,44.85,44.84,54.0,430.0,4.7,0.0,0.0,0.0
8.8,268.0,0.32,0.28,0.29,11.4,10.8,11.0,9.01,2.0,0.14,0.11,207.7,3.5,5.0,1.0,3.0,181.0,701.0,221.0,1.0,233.0,9.14,344.0,243.0,32.9,32.6,0.0,3.5,888.0,0.0,13.99,2.6,19.6,16.4,20.5,17.3,17.6,17.1,16.9,18.1,44.3,44.3,21.0,30.0,11.9,17.5,34.0,34.0,34.0,0.0,0.0,0.0,6.0,6.0,4.0,0.0,17.0,18.0,18.0,33.0,39.0,34.0,30.0,30.0,28.0,44.8,44.85,44.84,54.0,420.0,4.7,0.0,0.0,0.0
8.3,12.0,0.32,0.28,0.29,10.6,10.8,11.1,8.55,3.9,0.03,0.12,207.9,3.9,15.0,1.0,3.0,163.0,702.0,199.0,-2.0,209.0,8.6,312.1,217.0,28.5,28.5,0.0,3.4,803.2,0.0,13.53,2.4,19.4,16.3,20.4,17.2,17.5,17.1,16.8,17.9,44.3,44.2,22.0,30.0,11.9,17.4,30.0,30.0,34.0,0.0,0.0,0.0,6.0,6.0,4.0,0.0,17.0,18.0,18.0,33.0,39.0,34.0,30.0,30.0,28.0,44.8,44.85,44.84,54.0,430.0,4.8,0.0,0.0,0.0
7.78,194.0,0.24,0.23,0.24,10.6,11.6,10.5,8.33,-6.5,0.21,0.12,207.7,3.8,14.0,1.0,3.0,144.0,701.0,176.0,-15.0,177.0,8.38,294.1,204.0,32.6,32.3,0.0,3.5,591.0,0.0,12.21,2.6,19.7,16.5,20.5,17.3,17.7,17.0,17.1,18.2,44.3,44.3,22.0,30.0,11.9,17.5,34.0,34.0,34.0,0.0,0.0,0.0,6.0,6.0,4.0,0.0,17.0,18.0,18.0,33.0,39.0,34.0,30.0,30.0,28.0,44.8,44.85,44.84,55.0,430.0,4.8,0.0,0.0,0.0
8.34,278.0,0.24,0.23,0.24,12.4,10.8,10.8,8.68,-1.1,0.09,0.14,207.9,3.1,8.0,1.0,3.0,162.0,700.0,198.0,4.0,200.0,8.72,321.6,221.0,32.1,31.8,0.0,3.5,778.6,0.0,13.39,2.6,19.8,16.7,20.7,17.4,17.7,17.3,17.2,18.3,44.3,44.3,22.0,30.0,12.0,17.5,33.0,34.0,34.0,0.0,0.0,0.0,6.0,6.0,4.0,0.0,17.0,17.0,18.0,33.0,39.0,34.0,30.0,30.0,28.0,44.81,44.85,44.84,55.0,430.0,4.7,0.0,0.0,0.0
8.13,224.0,0.24,0.23,0.24,10.6,11.7,10.5,8.29,-0.2,0.05,0.13,207.9,4.3,14.0,1.0,3.0,138.0,699.0,168.0,-9.0,182.0,8.44,291.9,203.0,32.5,32.1,0.0,3.5,687.6,0.0,12.85,2.6,19.7,16.9,20.6,17.3,17.6,17.4,17.2,18.2,44.3,44.3,21.0,30.0,12.0,17.5,34.0,34.0,34.0,0.0,0.0,0.0,6.0,6.0,4.0,0.0,17.0,18.0,18.0,33.0,39.0,34.0,30.0,30.0,28.0,44.8,44.85,44.84,55.0,430.0,4.8,0.0,0.0,0.0
8.51,66.0,0.32,0.28,0.29,11.6,10.8,10.9,8.99,-3.9,0.09,0.07,207.7,4.1,18.0,1.0,3.0,183.0,702.0,223.0,7.0,225.0,8.96,338.2,235.0,28.0,28.3,0.0,3.4,772.5,0.0,13.35,2.4,19.5,16.6,20.4,17.2,17.5,17.0,16.8,17.9,44.3,44.3,21.0,30.0,11.9,17.5,29.0,30.0,34.0,0.0,0.0,0.0,6.0,6.0,4.0,0.0,17.0,18.0,18.0,33.0,39.0,34.0,30.0,30.0,28.0,44.8,44.85,44.84,54.0,430.0,4.8,0.0,0.0,0.0
8.72,0.0,0.32,0.28,0.29,10.6,10.7,11.1,8.83,-20.8,0.09,0.18,207.6,4.1,20.0,1.0,3.0,178.0,701.0,217.0,3.0,223.0,8.87,332.1,232.0,29.3,29.1,0.0,3.5,977.0,0.0,14.44,2.4,19.4,16.4,20.4,17.2,17.5,17.0,16.7,17.9,44.2,44.2,21.0,30.0,11.9,17.3,31.0,31.0,34.0,0.0,0.0,0.0,6.0,6.0,4.0,0.0,17.0,18.0,18.0,32.0,39.0,33.0,30.0,30.0,28.0,44.8,44.85,44.84,54.0,420.0,4.8,0.0,0.0,0.0
8.72,22.0,0.25,0.22,0.23,10.9,11.8,10.6,8.87,-5.5,0.09,0.13,207.7,4.7,10.0,1.0,3.0,169.0,700.0,206.0,6.0,212.0,8.9,330.3,230.0,32.8,32.6,0.0,3.5,640.7,0.0,12.55,2.6,19.7,16.4,20.5,17.3,17.6,17.1,17.0,18.1,44.3,44.3,21.0,30.0,11.9,17.5,34.0,34.0,34.0,0.0,0.0,0.0,6.0,6.0,4.0,0.0,17.0,18.0,18.0,33.0,39.0,33.0,30.0,30.0,28.0,44.8,44.85,44.84,55.0,430.0,4.7,0.0,0.0,0.0
8.63,88.0,0.32,0.28,0.29,11.2,11.3,10.8,8.88,-18.0,0.04,0.16,207.6,5.3,20.0,1.0,3.0,174.0,701.0,213.0,-2.0,232.0,8.96,329.7,232.0,28.2,29.5,0.0,3.4,772.5,0.0,13.35,2.4,19.5,16.3,20.4,17.2,17.5,17.0,16.8,17.9,44.3,44.3,21.0,30.0,11.9,17.5,31.0,31.0,34.0,0.0,0.0,0.0,6.0,6.0,4.0,0.0,17.0,18.0,18.0,33.0,39.0,34.0,30.0,30.0,28.0,44.8,44.85,44.84,55.0,430.0,4.7,0.0,0.0,0.0
7.92,2.0,0.24,0.23,0.24,10.7,11.7,10.5,8.08,-1.0,0.08,0.1,207.6,4.4,12.0,1.0,3.0,127.0,700.0,155.0,8.0,160.0,8.1,278.3,192.0,32.5,32.1,0.0,3.5,662.1,0.0,12.68,2.6,19.7,16.5,20.6,17.3,17.7,17.1,17.2,18.2,44.3,44.3,22.0,30.0,12.0,17.5,34.0,34.0,34.0,0.0,0.0,0.0,6.0,6.0,4.0,0.0,17.0,18.0,18.0,33.0,39.0,34.0,30.0,30.0,28.0,44.8,44.85,44.84,55.0,420.0,4.8,0.0,0.0,0.0
8.37,94.0,0.32,0.28,0.29,10.6,11.3,10.6,8.7,-10.8,0.02,0.14,207.6,4.7,16.0,1.0,3.0,161.0,701.0,196.0,-3.0,200.0,8.74,312.2,220.0,33.0,32.7,0.0,3.5,682.5,0.0,12.81,2.6,19.6,16.4,20.5,17.2,17.6,17.0,16.9,18.0,44.3,44.3,21.0,30.0,11.9,17.5,34.0,34.0,34.0,0.0,0.0,0.0,6.0,6.0,4.0,0.0,17.0,18.0,18.0,33.0,39.0,34.0,30.0,30.0,28.0,44.8,44.85,44.84,55.0,420.0,4.8,0.0,0.0,0.0
8.61,302.0,0.32,0.28,0.29,11.6,10.6,11.1,8.71,-8.8,0.11,0.16,207.5,4.6,18.0,1.0,3.0,169.0,701.0,206.0,-2.0,219.0,8.83,319.2,221.0,29.5,30.5,0.0,3.4,640.7,0.0,12.55,2.4,19.5,16.3,20.4,17.2,17.5,17.0,16.8,18.0,44.3,44.3,21.0,30.0,11.9,17.5,32.0,32.0,34.0,0.0,0.0,0.0,6.0,6.0,4.0,0.0,17.0,18.0,18.0,33.0,39.0,34.0,30.0,30.0,28.0,44.8,44.85,44.84,55.0,430.0,4.8,0.0,0.0,0.0
8.3,346.0,0.32,0.28,0.29,10.9,11.3,10.7,8.57,-8.5,0.14,0.1,207.5,4.3,15.0,1.0,3.0,155.0,701.0,189.0,0.0,206.0,8.68,312.6,214.0,33.0,32.7,0.0,3.5,682.5,0.0,12.81,2.6,19.6,16.4,20.4,17.2,17.6,16.9,16.9,18.0,44.3,44.3,22.0,30.0,11.9,17.5,34.0,34.0,34.0,0.0,0.0,0.0,6.0,6.0,4.0,0.0,17.0,18.0,18.0,33.0,39.0,34.0,30.0,30.0,28.0,44.8,44.85,44.84,54.0,430.0,4.8,0.0,0.0,0.0
8.4,18.0,0.32,0.28,0.29,11.2,11.2,10.8,8.8,-4.3,0.09,0.15,207.5,4.3,18.0,1.0,3.0,172.0,701.0,209.0,-1.0,226.0,8.9,329.1,227.0,30.4,31.8,0.0,3.4,640.7,0.0,12.55,2.4,19.6,16.6,20.4,17.2,17.5,16.9,16.9,18.0,44.3,44.3,21.0,30.0,11.9,17.5,32.0,33.0,34.0,0.0,0.0,0.0,6.0,6.0,4.0,0.0,17.0,18.0,18.0,33.0,39.0,34.0,30.0,30.0,28.0,44.8,44.85,44.84,55.0,420.0,4.7,0.0,0.0,0.0
8.34,296.0,0.32,0.28,0.29,10.5,11.2,10.5,8.45,-8.3,-0.09,0.16,207.5,4.2,18.0,1.0,3.0,163.0,701.0,200.0,-5.0,211.0,8.66,313.5,217.0,28.3,28.4,0.0,3.5,803.2,0.0,13.53,2.4,19.4,16.2,20.4,17.1,17.5,17.0,16.8,18.0,44.3,44.3,22.0,30.0,11.9,17.5,30.0,30.0,34.0,0.0,0.0,0.0,6.0,6.0,4.0,0.0,17.0,18.0,18.0,32.0,39.0,34.0,30.0,30.0,28.0,44.8,44.85,44.84,54.0,430.0,4.8,0.0,0.0,0.0
7.87,124.0,0.24,0.23,0.24,10.6,11.6,10.5,8.22,0.5,-0.02,0.1,207.9,4.0,12.0,1.0,3.0,136.0,700.0,166.0,-6.0,178.0,8.34,282.4,199.0,32.6,32.3,0.0,3.5,662.1,0.0,12.68,2.6,19.7,16.6,20.7,17.3,17.7,17.3,17.1,18.2,44.3,44.3,22.0,30.0,12.0,17.5,34.0,34.0,34.0,0.0,0.0,0.0,6.0,6.0,4.0,0.0,17.0,18.0,18.0,33.0,39.0,34.0,30.0,30.0,28.0,44.81,44.85,44.84,55.0,430.0,4.6,0.0,0.0,0.0
9.27,166.0,0.32,0.28,0.29,10.9,11.1,11.4,9.43,8.1,0.14,0.18,207.9,4.3,3.0,1.0,3.0,219.0,701.0,267.0,9.0,281.0,9.57,379.3,264.0,32.8,32.6,0.0,3.5,751.0,0.0,13.23,2.6,19.6,16.5,20.5,17.3,17.7,17.0,17.0,18.1,44.3,44.3,21.0,30.0,11.9,17.5,34.0,34.0,34.0,0.0,0.0,0.0,6.0,6.0,4.0,0.0,17.0,18.0,18.0,33.0,39.0,33.0,30.0,30.0,28.0,44.8,44.85,44.84,54.0,430.0,4.8,0.0,0.0,0.0
8.07,116.0,0.24,0.23,0.24,10.5,11.8,10.5,8.34,-14.5,0.05,0.18,207.7,3.3,13.0,1.0,3.0,148.0,700.0,180.0,2.0,182.0,8.43,298.0,206.0,32.5,32.0,0.0,3.5,778.6,0.0,13.39,2.6,19.8,16.6,20.7,17.3,17.7,17.2,17.2,18.3,44.3,44.3,22.0,30.0,12.0,17.5,33.0,34.0,34.0,0.0,0.0,0.0,6.0,6.0,4.0,0.0,17.0,18.0,18.0,33.0,39.0,34.0,30.0,30.0,28.0,44.8,44.85,44.84,55.0,430.0,4.8,0.0,0.0,0.0
9.4,182.0,0.32,0.28,0.29,11.4,10.8,11.0,9.61,-20.5,0.08,0.11,207.8,5.2,21.0,1.0,3.0,217.0,701.0,264.0,-9.0,274.0,9.66,385.7,270.0,28.9,28.8,0.0,3.5,737.7,0.0,13.15,2.4,19.4,16.4,20.3,17.1,17.5,17.0,16.8,18.0,44.3,44.3,22.0,30.0,11.9,17.3,30.0,30.0,34.0,0.0,0.0,0.0,6.0,6.0,4.0,0.0,17.0,18.0,18.0,33.0,39.0,34.0,30.0,30.0,28.0,44.8,44.85,44.84,55.0,430.0,4.8,0.0,0.0,0.0
8.35,280.0,0.25,0.22,0.23,11.4,11.3,10.6,8.61,2.8,0.16,0.14,207.7,3.6,11.0,1.0,3.0,157.0,700.0,191.0,-6.0,207.0,8.64,306.5,212.0,32.7,32.4,0.0,3.5,660.0,0.0,12.67,2.6,19.7,16.4,20.5,17.3,17.7,17.1,17.1,18.2,44.3,44.3,21.0,30.0,11.9,17.5,34.0,34.0,34.0,0.0,0.0,0.0,6.0,6.0,4.0,0.0,17.0,18.0,18.0,33.0,39.0,34.0,30.0,30.0,28.0,44.8,44.85,44.84,55.0,440.0,4.7,0.0,0.0,0.0
8.27,84.0,0.32,0.28,0.29,11.0,10.6,11.1,8.6,-6.4,0.18,0.11,207.6,3.7,19.0,1.0,3.0,162.0,701.0,198.0,8.0,200.0,8.7,317.5,221.0,29.5,29.2,0.0,3.5,790.9,0.0,13.46,2.4,19.4,16.5,20.3,17.1,17.5,16.9,16.7,17.9,44.3,44.2,21.0,30.0,11.9,17.3,31.0,31.0,34.0,0.0,0.0,0.0,6.0,6.0,4.0,0.0,17.0,18.0,18.0,33.0,39.0,34.0,30.0,30.0,28.0,44.8,44.85,44.84,54.0,430.0,4.8,0.0,0.0,0.0
8.85,320.0,0.32,0.28,0.29,11.8,10.9,10.9,9.02,-10.4,0.07,0.16,207.5,4.5,7.0,1.0,3.0,189.0,701.0,230.0,-1.0,233.0,9.05,348.6,242.0,32.8,32.5,0.0,3.5,888.0,0.0,13.99,2.6,19.6,16.4,20.5,17.3,17.6,17.0,17.0,18.1,44.3,44.3,21.0,30.0,11.9,17.5,34.0,34.0,34.0,0.0,0.0,0.0,6.0,6.0,4.0,0.0,17.0,18.0,18.0,33.0,39.0,34.0,30.0,30.0,28.0,44.8,44.85,44.84,54.0,420.0,4.7,0.0,0.0,0.0
8.3,150.0,0.32,0.28,0.29,11.6,10.9,10.8,8.59,-5.8,0.24,0.13,207.9,3.7,18.0,1.0,3.0,161.0,702.0,196.0,-7.0,200.0,8.59,309.5,215.0,28.5,28.4,0.0,3.4,803.2,0.0,13.53,2.4,19.4,16.4,20.3,17.1,17.5,17.0,16.8,17.9,44.3,44.3,22.0,30.0,11.9,17.5,30.0,30.0,34.0,0.0,0.0,0.0,6.0,6.0,4.0,0.0,17.0,18.0,18.0,33.0,39.0,34.0,30.0,30.0,28.0,44.8,44.85,44.84,54.0,430.0,4.7,0.0,0.0,0.0
8.3,50.0,0.24,0.23,0.24,11.6,11.0,10.6,8.48,-7.7,0.04,0.16,207.7,3.5,12.0,1.0,3.0,144.0,700.0,176.0,-5.0,189.0,8.53,304.0,210.0,32.6,32.2,0.0,3.5,591.0,0.0,12.21,2.6,19.7,16.7,20.6,17.3,17.7,17.1,17.1,18.2,44.3,44.2,22.0,30.0,12.0,17.5,34.0,34.0,34.0,0.0,0.0,0.0,6.0,6.0,4.0,0.0,17.0,18.0,18.0,33.0,39.0,34.0,30.0,30.0,28.0,44.8,44.85,44.84,55.0,430.0,4.7,0.0,0.0,0.0
8.24,46.0,0.32,0.28,0.29,10.6,11.5,10.5,8.32,6.1,0.09,0.13,207.8,4.4,16.0,1.0,3.0,149.0,701.0,182.0,3.0,194.0,8.48,301.3,207.0,29.7,29.4,0.0,3.5,790.9,0.0,13.46,2.3,19.4,16.3,20.3,17.1,17.5,16.8,16.7,17.8,44.3,44.3,21.0,30.0,11.9,17.3,31.0,31.0,34.0,0.0,0.0,0.0,6.0,6.0,4.0,0.0,17.0,18.0,18.0,33.0,39.0,34.0,30.0,30.0,28.0,44.8,44.86,44.84,54.0,420.0,4.8,0.0,0.0,0.0
8.76,50.0,0.32,0.28,0.29,11.4,10.9,10.8,8.97,-13.4,0.16,0.19,207.7,3.6,20.0,1.0,3.0,172.0,701.0,211.0,0.0,228.0,8.98,332.9,232.0,27.6,28.8,0.0,3.4,772.5,0.0,13.35,2.4,19.5,16.5,20.4,17.2,17.5,17.0,16.8,18.0,44.3,44.3,21.0,30.0,11.9,17.5,30.0,30.0,34.0,0.0,0.0,0.0,6.0,6.0,4.0,0.0,17.0,18.0,18.0,33.0,39.0,34.0,30.0,30.0,28.0,44.8,44.85,44.84,54.0,430.0,4.8,0.0,0.0,0.0
8.4,16.0,0.32,0.28,0.29,10.8,10.7,11.1,8.66,-17.9,0.06,0.12,207.6,4.0,21.0,1.0,3.0,171.0,701.0,209.0,9.0,209.0,8.79,320.8,224.0,29.4,29.2,0.0,3.5,977.0,0.0,14.44,2.4,19.4,16.3,20.3,17.1,17.5,16.7,16.7,17.9,44.2,44.2,22.0,30.0,11.9,17.3,31.0,31.0,34.0,0.0,0.0,0.0,6.0,6.0,4.0,0.0,17.0,18.0,18.0,32.0,39.0,34.0,30.0,30.0,28.0,44.8,44.85,44.84,54.0,430.0,4.7,0.0,0.0,0.0
8.29,178.0,0.24,0.23,0.24,10.6,11.8,10.5,8.33,-12.4,0.09,0.2,207.6,4.6,14.0,1.0,3.0,151.0,701.0,184.0,-15.0,196.0,8.52,300.1,209.0,32.6,32.4,0.0,3.5,591.0,0.0,12.21,2.6,19.7,16.8,20.6,17.3,17.7,17.2,17.1,18.2,44.3,44.3,22.0,30.0,12.0,17.5,34.0,34.0,34.0,0.0,0.0,0.0,6.0,6.0,4.0,0.0,17.0,18.0,18.0,33.0,39.0,33.0,30.0,30.0,28.0,44.8,44.85,44.84,55.0,430.0,4.7,0.0,0.0,0.0
8.41,268.0,0.32,0.28,0.29,11.0,11.3,10.6,8.66,-13.7,0.08,0.15,208.0,5.4,20.0,1.0,3.0,163.0,701.0,199.0,8.0,214.0,8.73,313.0,221.0,29.5,29.5,0.0,3.4,790.9,0.0,13.46,2.3,19.4,16.3,20.3,17.1,17.5,16.9,16.7,17.9,44.3,44.2,22.0,30.0,11.9,17.3,31.0,31.0,34.0,0.0,0.0,0.0,6.0,6.0,4.0,0.0,17.0,18.0,18.0,33.0,39.0,34.0,30.0,30.0,28.0,44.8,44.85,44.84,54.0,420.0,4.7,0.0,0.0,0.0
9.61,166.0,0.32,0.28,0.29,11.6,10.9,11.1,9.87,-12.1,0.16,0.16,207.8,4.3,20.0,1.0,3.0,241.0,702.0,294.0,8.0,315.0,9.91,410.0,286.0,29.1,28.8,0.0,3.5,966.7,0.0,14.39,2.4,19.4,16.3,20.4,17.1,17.5,17.0,16.7,17.9,44.3,44.3,21.0,30.0,11.9,17.3,30.0,31.0,34.0,0.0,0.0,0.0,6.0,6.0,4.0,0.0,17.0,18.0,18.0,33.0,39.0,34.0,30.0,30.0,28.0,44.8,44.85,44.84,54.0,430.0,4.7,0.0,0.0,0.0
9.56,204.0,0.32,0.28,0.29,11.5,11.3,11.1,9.82,-13.4,0.14,0.14,207.8,4.7,20.0,1.0,3.0,232.0,702.0,283.0,2.0,302.0,9.91,405.0,282.0,28.9,28.6,0.0,3.4,966.7,0.0,14.39,2.4,19.4,16.4,20.3,17.1,17.5,17.0,16.7,18.0,44.3,44.3,22.0,30.0,11.9,17.3,30.0,30.0,34.0,0.0,0.0,0.0,6.0,6.0,4.0,0.0,17.0,18.0,18.0,33.0,39.0,34.0,30.0,30.0,28.0,44.8,44.85,44.84,55.0,430.0,4.8,0.0,0.0,0.0
8.04,208.0,0.32,0.28,0.29,10.6,11.0,10.8,8.49,3.2,0.08,0.14,207.5,4.3,6.0,1.0,3.0,158.0,700.0,193.0,2.0,201.0,8.58,302.0,210.0,33.0,32.7,0.0,3.5,792.9,0.0,13.47,2.6,19.6,16.4,20.5,17.3,17.6,17.1,16.9,18.1,44.3,44.2,21.0,30.0,11.9,17.5,34.0,34.0,34.0,0.0,0.0,0.0,6.0,6.0,4.0,0.0,17.0,18.0,18.0,33.0,39.0,34.0,30.0,30.0,28.0,44.8,44.85,44.84,54.0,430.0,4.7,0.0,0.0,0.0
8.4,42.0,0.25,0.22,0.23,10.6,12.0,10.5,8.62,5.5,0.14,0.14,207.7,3.1,9.0,1.0,3.0,163.0,701.0,199.0,2.0,210.0,8.7,313.9,218.0,32.6,32.3,0.0,3.5,640.7,0.0,12.55,2.6,19.7,16.7,20.5,17.3,17.6,17.2,17.0,18.1,44.3,44.3,21.0,30.0,11.9,17.5,34.0,34.0,34.0,0.0,0.0,0.0,6.0,6.0,4.0,0.0,17.0,18.0,18.0,33.0,39.0,34.0,30.0,30.0,28.0,44.8,44.85,44.84,55.0,430.0,4.8,0.0,0.0,0.0
8.25,264.0,0.25,0.22,0.23,11.1,11.5,10.6,8.45,-0.5,0.02,0.2,207.7,4.2,11.0,1.0,3.0,152.0,700.0,185.0,-1.0,198.0,8.53,302.4,209.0,32.7,32.3,0.0,3.5,660.0,0.0,12.67,2.6,19.7,16.6,20.5,17.3,17.6,17.1,17.1,18.2,44.3,44.3,22.0,30.0,11.9,17.5,34.0,34.0,34.0,0.0,0.0,0.0,6.0,6.0,4.0,0.0,17.0,17.0,18.0,33.0,39.0,34.0,30.0,30.0,28.0,44.8,44.85,44.84,55.0,440.0,4.8,0.0,0.0,0.0
8.69,96.0,0.32,0.28,0.29,10.8,10.8,11.2,8.78,-17.2,0.11,0.12,207.6,4.7,17.0,1.0,3.0,174.0,701.0,213.0,2.0,218.0,8.9,322.7,228.0,28.8,28.6,0.0,3.5,737.7,0.0,13.15,2.4,19.4,16.6,20.4,17.2,17.5,17.0,16.8,17.9,44.3,44.2,21.0,30.0,11.9,17.4,30.0,30.0,34.0,0.0,0.0,0.0,6.0,6.0,4.0,0.0,17.0,18.0,18.0,33.0,39.0,34.0,30.0,30.0,28.0,44.8,44.85,44.84,55.0,420.0,4.7,0.0,0.0,0.0
8.6,214.0,0.32,0.28,0.29,10.9,11.4,10.7,8.72,-22.5,0.01,0.11,207.6,4.3,21.0,1.0,3.0,174.0,701.0,213.0,-2.0,222.0,8.82,327.1,227.0,29.5,29.1,0.0,3.5,977.0,0.0,14.44,2.4,19.4,16.3,20.4,17.1,17.5,16.9,16.7,17.9,44.2,44.2,21.0,30.0,11.9,17.3,31.0,31.0,34.0,0.0,0.0,0.0,6.0,6.0,4.0,0.0,17.0,18.0,18.0,33.0,39.0,34.0,30.0,30.0,28.0,44.8,44.85,44.84,54.0,430.0,4.8,0.0,0.0,0.0
8.23,98.0,0.32,0.28,0.29,11.4,10.6,10.9,8.63,-9.0,-0.1,0.13,207.5,4.0,18.0,1.0,3.0,157.0,702.0,191.0,13.0,192.0,8.63,306.5,216.0,28.5,28.4,0.0,3.5,803.2,0.0,13.53,2.4,19.4,16.3,20.3,17.1,17.5,16.9,16.8,18.0,44.3,44.3,21.0,30.0,11.9,17.5,30.0,30.0,34.0,0.0,0.0,0.0,6.0,6.0,4.0,0.0,17.0,18.0,18.0,33.0,39.0,34.0,30.0,30.0,28.0,44.8,44.85,44.84,54.0,430.0,4.8,0.0,0.0,0.0
8.25,226.0,0.24,0.23,0.24,10.9,11.4,10.5,8.38,1.3,0.11,0.14,207.6,3.0,14.0,1.0,3.0,150.0,701.0,183.0,-15.0,184.0,8.41,293.7,207.0,32.6,32.3,0.0,3.5,660.0,0.0,12.67,2.6,19.7,16.7,20.6,17.3,17.6,17.2,17.0,18.2,44.3,44.3,22.0,30.0,11.9,17.5,34.0,34.0,34.0,0.0,0.0,0.0,6.0,6.0,4.0,0.0,17.0,18.0,18.0,33.0,39.0,34.0,30.0,30.0,28.0,44.8,44.85,44.84,55.0,430.0,4.8,0.0,0.0,0.0
8.74,210.0,0.32,0.28,0.29,10.6,11.4,10.6,8.88,-6.1,0.18,0.2,207.6,3.6,19.0,1.0,3.0,174.0,701.0,213.0,7.0,225.0,8.99,337.8,233.0,27.8,28.8,0.0,3.5,772.5,0.0,13.35,2.4,19.5,16.6,20.4,17.2,17.5,17.0,16.8,17.9,44.3,44.3,21.0,30.0,11.9,17.5,30.0,30.0,34.0,0.0,0.0,0.0,6.0,6.0,4.0,0.0,17.0,18.0,18.0,33.0,39.0,33.0,30.0,30.0,28.0,44.8,44.85,44.84,54.0,430.0,4.7,0.0,0.0,0.0
8.07,84.0,0.32,0.28,0.29,10.6,11.4,10.6,8.25,-28.4,0.0,0.13,207.5,3.7,21.0,1.0,3.0,135.0,701.0,165.0,1.0,180.0,8.35,287.0,201.0,29.8,29.7,0.0,3.5,745.9,0.0,13.2,2.3,19.4,16.5,20.3,17.1,17.5,16.9,16.7,17.8,44.3,44.3,21.0,30.0,11.9,17.3,31.0,31.0,34.0,0.0,0.0,0.0,6.0,6.0,4.0,0.0,17.0,18.0,18.0,33.0,39.0,33.0,30.0,30.0,28.0,44.8,44.85,44.84,55.0,430.0,4.8,0.0,0.0,0.0
8.65,52.0,0.32,0.28,0.29,10.7,11.5,10.7,8.91,5.8,0.07,0.21,207.7,3.5,7.0,1.0,3.0,176.0,701.0,215.0,1.0,217.0,8.96,341.4,234.0,32.7,32.4,0.0,3.5,792.9,0.0,13.47,2.6,19.6,16.6,20.5,17.3,17.5,17.3,16.9,18.1,44.3,44.3,21.0,30.0,11.9,17.5,34.0,34.0,34.0,0.0,0.0,0.0,6.0,6.0,4.0,0.0,17.0,18.0,18.0,33.0,39.0,33.0,30.0,30.0,28.0,44.8,44.85,44.84,54.0,430.0,4.8,0.0,0.0,0.0
8.16,68.0,0.32,0.28,0.29,11.5,11.0,10.6,8.47,1.5,0.05,0.14,207.6,5.1,6.0,1.0,3.0,155.0,701.0,190.0,0.0,197.0,8.48,300.8,210.0,33.0,32.5,0.0,3.5,792.9,0.0,13.47,2.6,19.6,16.5,20.4,17.3,17.7,17.0,16.9,18.1,44.3,44.2,21.0,30.0,11.9,17.5,34.0,34.0,34.0,0.0,0.0,0.0,6.0,6.0,4.0,0.0,17.0,18.0,18.0,33.0,39.0,34.0,30.0,30.0,28.0,44.8,44.85,44.84,55.0,430.0,4.8,0.0,0.0,0.0
8.1,262.0,0.32,0.28,0.29,11.6,10.7,10.8,8.4,-1.5,0.07,0.14,207.6,4.5,16.0,1.0,3.0,136.0,701.0,167.0,-6.0,176.0,8.36,296.1,202.0,29.7,29.6,0.0,3.5,745.9,0.0,13.2,2.3,19.4,16.3,20.3,17.1,17.5,16.8,16.7,17.8,44.3,44.3,22.0,30.0,11.9,17.3,31.0,31.0,34.0,0.0,0.0,0.0,6.0,6.0,4.0,0.0,17.0,18.0,18.0,32.0,39.0,34.0,30.0,30.0,28.0,44.8,44.85,44.84,54.0,440.0,4.7,0.0,0.0,0.0
8.51,26.0,0.25,0.22,0.23,10.6,11.8,10.5,8.5,5.9,0.05,0.11,207.9,3.2,10.0,1.0,3.0,151.0,700.0,185.0,12.0,192.0,8.64,307.7,214.0,32.7,32.4,0.0,3.5,640.7,0.0,12.55,2.6,19.7,16.4,20.5,17.3,17.6,17.1,17.1,18.1,44.3,44.3,21.0,30.0,11.9,17.5,34.0,34.0,34.0,0.0,0.0,0.0,6.0,6.0,4.0,0.0,17.0,18.0,18.0,33.0,39.0,34.0,30.0,30.0,28.0,44.8,44.85,44.84,55.0,430.0,4.7,0.0,0.0,0.0
8.24,208.0,0.32,0.28,0.29,10.6,11.6,10.6,8.33,-12.8,0.16,0.19,207.7,4.4,11.0,1.0,3.0,143.0,700.0,175.0,-3.0,186.0,8.47,298.6,208.0,33.0,32.6,0.0,3.5,745.9,0.0,13.2,2.6,19.6,16.4,20.4,17.3,17.6,17.0,16.9,18.1,44.3,44.3,22.0,30.0,11.9,17.5,34.0,34.0,34.0,0.0,0.0,0.0,6.0,6.0,4.0,0.0,17.0,17.0,18.0,33.0,39.0,34.0,30.0,30.0,28.0,44.8,44.85,44.84,54.0,430.0,4.7,0.0,0.0,0.0
8.47,56.0,0.32,0.28,0.29,10.7,11.6,10.7,8.86,-10.2,0.11,0.19,207.4,4.0,19.0,1.0,3.0,182.0,701.0,222.0,-1.0,236.0,9.0,339.0,237.0,30.8,32.2,0.0,3.5,640.7,0.0,12.55,2.5,19.6,16.5,20.4,17.2,17.5,17.0,16.8,18.0,44.3,44.2,22.0,30.0,11.9,17.5,33.0,33.0,34.0,0.0,0.0,0.0,6.0,6.0,4.0,0.0,17.0,18.0,18.0,33.0,39.0,34.0,30.0,30.0,28.0,44.8,44.85,44.84,54.0,430.0,4.8,0.0,0.0,0.0
7.97,218.0,0.24,0.23,0.24,11.4,10.6,11.1,8.09,-7.8,0.0,0.15,207.6,4.5,13.0,1.0,3.0,129.0,700.0,158.0,11.0,168.0,8.23,277.8,193.0,32.4,32.1,0.0,3.5,662.1,0.0,12.68,2.6,19.7,16.6,20.5,17.3,17.7,17.0,17.2,18.2,44.3,44.3,21.0,30.0,12.0,17.5,34.0,34.0,34.0,0.0,0.0,0.0,6.0,6.0,4.0,0.0,17.0,18.0,18.0,33.0,39.0,34.0,30.0,30.0,28.0,44.8,44.85,44.84,54.0,430.0,4.8,0.0,0.0,0.0
8.06,70.0,0.24,0.23,0.24,10.6,11.6,10.6,8.16,-3.6,0.24,0.14,207.8,4.0,13.0,1.0,3.0,132.0,700.0,161.0,-4.0,175.0,8.31,281.2,194.0,32.6,32.2,0.0,3.5,662.1,0.0,12.68,2.6,19.7,16.6,20.6,17.3,17.7,17.3,17.1,18.2,44.3,44.3,22.0,30.0,12.0,17.5,34.0,34.0,34.0,0.0,0.0,0.0,6.0,6.0,4.0,0.0,17.0,18.0,18.0,33.0,39.0,34.0,30.0,30.0,28.0,44.81,44.85,44.84,55.0,430.0,4.7,0.0,0.0,0.0
8.68,196.0,0.32,0.28,0.29,10.6,10.9,10.8,8.68,-12.5,0.09,0.11,207.5,4.7,19.0,1.0,3.0,161.0,701.0,197.0,4.0,200.0,8.75,314.3,219.0,29.7,30.6,0.0,3.4,640.7,0.0,12.55,2.4,19.5,16.3,20.4,17.2,17.5,17.0,16.8,18.0,44.3,44.3,21.0,30.0,11.9,17.5,32.0,32.0,34.0,0.0,0.0,0.0,6.0,6.0,4.0,0.0,17.0,18.0,18.0,33.0,39.0,34.0,30.0,30.0,28.0,44.8,44.85,44.84,55.0,430.0,4.7,0.0,0.0,0.0
8.7,328.0,0.25,0.22,0.23,12.0,11.1,10.6,8.87,-6.0,0.03,0.19,207.7,4.8,9.0,1.0,3.0,170.0,700.0,208.0,-8.0,223.0,8.93,330.6,229.0,32.8,32.5,0.0,3.5,640.7,0.0,12.55,2.6,19.7,16.5,20.6,17.3,17.6,17.1,17.0,18.1,44.3,44.3,21.0,30.0,11.9,17.5,34.0,34.0,34.0,0.0,0.0,0.0,6.0,6.0,4.0,0.0,17.0,18.0,18.0,33.0,39.0,34.0,30.0,30.0,28.0,44.8,44.85,44.84,55.0,440.0,4.8,0.0,0.0,0.0
8.49,338.0,0.32,0.28,0.29,10.6,11.1,10.6,8.61,-8.7,0.06,0.09,207.5,4.2,19.0,1.0,3.0,160.0,701.0,195.0,7.0,211.0,8.71,318.0,222.0,29.4,29.2,0.0,3.5,977.0,0.0,14.44,2.4,19.4,16.4,20.3,17.1,17.5,16.9,16.7,17.9,44.3,44.3,22.0,30.0,11.9,17.3,31.0,31.0,34.0,0.0,0.0,0.0,6.0,6.0,4.0,0.0,17.0,18.0,18.0,33.0,39.0,34.0,30.0,30.0,28.0,44.8,44.85,44.84,55.0,430.0,4.8,0.0,0.0,0.0
8.53,304.0,0.32,0.28,0.29,11.8,10.8,10.9,9.04,3.8,-0.02,0.1,207.6,2.8,4.0,1.0,3.0,188.0,701.0,229.0,-1.0,243.0,9.11,346.5,239.0,32.9,32.5,0.0,3.5,888.0,0.0,13.99,2.6,19.6,16.7,20.5,17.3,17.6,17.1,16.9,18.1,44.3,44.3,21.0,30.0,11.9,17.5,34.0,34.0,34.0,0.0,0.0,0.0,6.0,6.0,4.0,0.0,17.0,18.0,18.0,33.0,39.0,34.0,30.0,30.0,28.0,44.81,44.85,44.84,54.0,420.0,4.8,0.0,0.0,0.0
8.56,344.0,0.32,0.28,0.29,10.7,10.8,11.0,8.94,-13.8,0.04,0.13,207.6,3.5,18.0,1.0,3.0,177.0,700.0,216.0,6.0,231.0,9.11,342.6,239.0,29.3,28.9,0.0,3.5,977.0,0.0,14.44,2.4,19.4,16.5,20.4,17.2,17.5,17.0,16.7,17.9,44.3,44.3,22.0,30.0,11.9,17.3,31.0,31.0,34.0,0.0,0.0,0.0,6.0,6.0,4.0,0.0,17.0,18.0,18.0,33.0,39.0,34.0,30.0,30.0,28.0,44.8,44.85,44.84,54.0,430.0,4.8,0.0,0.0,0.0
8.66,68.0,0.32,0.28,0.29,10.6,11.6,10.6,8.69,-3.3,0.09,0.16,207.5,3.9,8.0,1.0,3.0,170.0,701.0,207.0,-5.0,211.0,8.75,325.5,224.0,32.9,32.6,0.0,3.5,792.9,0.0,13.47,2.6,19.6,16.4,20.5,17.3,17.5,17.2,16.9,18.1,44.3,44.3,22.0,30.0,11.9,17.5,34.0,34.0,34.0,0.0,0.0,0.0,6.0,6.0,4.0,0.0,17.0,18.0,18.0,33.0,39.0,34.0,30.0,30.0,28.0,44.8,44.85,44.84,54.0,420.0,4.8,0.0,0.0,0.0
8.2,192.0,0.32,0.28,0.29,10.6,11.5,10.5,8.32,-9.8,0.14,0.14,207.7,4.1,9.0,1.0,3.0,146.0,701.0,178.0,-5.0,179.0,8.36,293.5,206.0,33.0,32.7,0.0,3.5,745.9,0.0,13.2,2.6,19.6,16.6,20.5,17.3,17.6,17.1,16.9,18.0,44.3,44.3,22.0,30.0,11.9,17.5,34.0,34.0,34.0,0.0,0.0,0.0,6.0,6.0,4.0,0.0,17.0,18.0,18.0,33.0,39.0,34.0,30.0,30.0,28.0,44.8,44.85,44.84,55.0,430.0,4.8,0.0,0.0,0.0
