轮毂转速,轮毂角度,叶片1角度,叶片2角度,叶片3角度,变桨电机1电流,变桨电机2电流,变桨电机3电流,超速传感器转速检测值,5秒偏航对风平均值,x方向振动值,y方向振动值,液压制动压力,机舱气象站风速,风向绝对值,大气压力,无功功率控制状态,变频器电网侧电流,变频器电网侧电压,变频器电网侧有功功率,变频器电网侧无功功率,变频器发电机侧功率,发电机运行频率,发电机电流,发电机转矩,变频器入口温度,变频器出口温度,变频器入口压力,变频器出口压力,发电机功率限幅值,无功功率设定值,额定的轮毂转速,测风塔环境温度,发电机定子温度1,发电机定子温度2,发电机定子温度3,发电机定子温度4,发电机定子温度5,发电机定子温度6,发电机空气温度1,发电机空气温度2,主轴承温度1,主轴承温度2,轮毂温度,轮毂控制柜温度,机舱温度,机舱控制柜温度,变频器INU温度,变频器ISU温度,变频器INU RMIO温度,变桨电机1功率估算,变桨电机2功率估算,变桨电机3功率估算,风机当前状态值,轮毂当前状态值,偏航状态值,偏航要求值,叶片1电池箱温度,叶片2电池箱温度,叶片3电池箱温度,叶片1变桨电机温度,叶片2变桨电机温度,叶片3变桨电机温度,叶片1变频器箱温度,叶片2变频器箱温度,叶片3变频器箱温度,叶片1超级电容电压,叶片2超级电容电压,叶片3超级电容电压,驱动1晶闸管温度,驱动2晶闸管温度,驱动3晶闸管温度,驱动1输出扭矩,驱动2输出扭矩,驱动3输出扭矩
12.2,246,0.25,0.3,0.26,11.8,11.9,11.5,0.0,-6.0,0.15,0.15,0,6.4,244,1,1,489,684,580,-2,580,12.57,613.3,446,39.0,38.9,0.7,3.3,1391.5,-448,15.8,-10.6,12.5,14.0,13.2,11.0,10.6,12.5,14.4,13.6,48.6,49.4,4,7,0.9,1.5,41,41,42,0,0,0,6,6,4,0,8,14,5,19,26,18,7,7,9,0,0,0,0,0,0,0,0,0
13.55,270,0.33,0.38,0.34,11.6,12.7,13.1,0.0,-10.0,0.13,0.14,0,8.8,244,1,1,688,685,819,0,805,13.95,796.8,564,40.3,40.2,0.7,3.3,1391.5,-448,15.8,-10.5,12.5,14.1,13.0,10.9,10.6,12.3,14.1,13.4,48.5,49.3,3,7,0.9,1.5,43,43,42,0,0,0,6,6,4,0,7,15,5,19,26,18,7,7,9,0,0,0,0,0,0,0,0,0
13.94,298,0.24,0.3,0.25,12.3,13.1,13.5,0.0,-8.1,0.09,0.16,0,9.0,242,1,1,737,685,876,1,866,14.38,912.2,584,41.8,41.8,0.7,3.3,1391.5,-448,15.8,-10.5,12.7,14.2,13.4,11.2,10.8,12.7,14.1,13.5,48.6,49.3,4,8,0.9,1.5,45,45,42,0,0,0,6,6,4,0,7,15,4,19,26,18,8,8,9,0,0,0,0,0,0,0,0,0
12.62,36,0.25,0.3,0.26,12.3,11.9,12.1,0.0,-16.3,0.0,0.13,0,6.2,245,1,1,574,684,681,-3,673,13.11,711.0,493,39.9,39.9,0.7,3.3,1391.5,-448,15.8,-10.5,12.4,13.9,13.2,11.0,10.5,12.6,14.1,13.5,48.5,49.3,2,8,0.9,1.5,43,43,42,0,0,0,6,6,4,0,7,15,5,19,26,18,8,8,9,0,0,0,0,0,0,0,0,0
12.02,92,0.39,0.45,0.4,11.9,11.6,11.8,0.0,8.9,0.09,0.14,0,5.9,236,1,1,497,683,590,1,578,12.53,652.7,448,41.2,41.2,0.7,3.3,1391.5,-448,15.8,-10.6,12.6,14.3,13.5,11.0,10.7,12.7,14.1,13.4,48.6,49.4,3,8,0.7,1.3,44,44,42,0,0,0,6,6,4,0,8,13,5,19,26,18,8,8,10,0,0,0,0,0,0,0,0,0
12.02,186,0.25,0.3,0.26,12.0,11.9,11.9,0.0,0.3,0.09,0.11,0,6.5,240,1,1,491,683,583,1,581,12.59,643.3,443,37.5,38.1,0.7,3.3,1391.5,-448,15.8,-10.6,12.8,14.1,13.4,11.3,10.8,13.0,14.3,13.5,48.6,49.4,3,8,0.7,1.5,40,40,42,0,0,0,6,6,4,0,8,14,5,19,26,18,8,8,9,0,0,0,0,0,0,0,0,0
12.5,96,0.39,0.45,0.4,12.2,11.6,11.7,0.0,-5.3,0.09,0.13,0,6.2,239,1,1,574,683,681,-1,673,13.11,725.9,494,41.0,41.2,0.7,3.3,1391.5,-448,15.8,-10.6,12.6,14.3,13.4,11.1,10.7,12.7,14.1,13.5,48.5,49.3,4,8,0.7,1.3,44,44,42,0,0,0,6,6,4,0,8,13,5,19,26,18,8,8,10,0,0,0,0,0,0,0,0,0
12.2,174,0.32,0.37,0.33,12.2,11.6,11.8,0.0,-9.9,0.11,0.14,0,5.7,245,1,1,526,686,625,0,609,12.85,672.6,462,39.7,41.5,0.7,3.3,1391.5,-448,15.8,-10.5,12.8,14.2,13.3,11.2,10.9,12.7,14.2,13.6,48.6,49.3,3,8,0.9,1.5,44,43,42,0,0,0,6,6,4,0,7,15,4,19,26,18,8,8,9,0,0,0,0,0,0,0,0,0
13.45,4,0.25,0.3,0.26,12.9,11.8,12.2,0.0,-18.5,0.09,0.06,0,7.8,247,1,1,700,685,832,-3,813,14.09,816.7,567,39.0,39.1,0.7,3.3,1391.5,-448,15.8,-10.6,12.5,14.2,13.0,11.0,10.6,12.3,14.3,13.6,48.6,49.4,3,8,0.9,1.5,42,42,42,0,0,0,6,6,4,0,8,15,5,19,26,18,8,8,10,0,0,0,0,0,0,0,0,0
12.1,162,0.39,0.45,0.4,11.8,11.7,11.3,0.01,1.3,0.16,0.15,0,5.8,236,1,1,500,683,593,0,586,12.69,644.4,450,41.1,41.2,0.7,3.3,1391.5,-448,15.8,-10.6,12.7,14.2,13.4,11.1,10.7,12.6,14.1,13.4,48.6,49.3,4,7,0.7,1.3,44,44,42,0,0,0,6,6,4,0,8,13,5,19,26,18,7,7,10,0,0,0,0,0,0,0,0,0
13.4,136,0.33,0.38,0.34,12.0,12.5,11.8,0.0,-5.4,0.13,0.14,0,6.8,238,1,1,655,685,779,0,767,13.91,787.9,537,39.6,39.7,0.7,3.3,1391.5,-448,15.8,-10.6,12.7,14.2,13.4,11.2,10.8,12.6,14.0,13.3,48.5,49.3,4,7,0.7,1.3,43,43,42,0,0,0,6,6,4,0,8,13,5,19,26,18,7,7,9,0,0,0,0,0,0,0,0,0
13.91,204,0.24,0.3,0.25,12.5,13.2,12.4,0.0,-4.4,0.11,0.19,0,7.6,241,1,1,737,685,876,1,869,14.42,911.3,580,41.7,41.6,0.7,3.4,1391.5,-448,15.8,-10.5,12.7,14.2,13.3,11.1,10.8,12.6,14.1,13.4,48.5,49.3,4,8,0.9,1.5,45,45,42,0,0,0,6,6,4,0,7,15,4,19,26,18,8,8,9,0,0,0,0,0,0,0,0,0
13.49,316,0.33,0.38,0.34,11.6,12.0,13.6,0.0,-6.7,0.04,0.15,0,7.0,243,1,1,699,685,831,0,825,13.99,813.1,570,40.2,40.0,0.7,3.3,1391.5,-448,15.8,-10.5,12.5,14.1,13.1,10.9,10.6,12.2,14.1,13.4,48.5,49.3,3,7,0.9,1.5,43,43,42,0,0,0,6,6,4,0,7,15,5,19,26,18,7,7,9,0,0,0,0,0,0,0,0,0
10.89,102,0.25,0.3,0.26,12.3,11.6,11.2,0.0,-11.3,0.07,0.12,0,6.1,243,1,1,352,683,418,1,402,11.21,496.6,359,38.6,38.6,0.7,3.3,1391.5,-448,15.8,-10.6,12.6,14.1,13.2,11.1,10.7,12.6,14.3,13.6,48.5,49.3,4,7,0.8,1.5,41,41,42,0,0,0,6,6,4,0,8,14,5,19,26,18,7,7,10,0,0,0,0,0,0,0,0,0
14.84,352,0.39,0.45,0.4,12.6,12.5,14.3,0.0,2.4,0.04,0.13,0,7.1,234,1,1,939,685,1116,1,1114,15.51,975.9,688,41.3,41.3,0.7,3.3,1391.5,-448,15.8,-10.6,12.6,14.1,13.2,11.1,10.7,12.6,14.1,13.5,48.6,49.3,3,8,0.7,1.4,45,45,42,0,0,0,6,6,4,0,8,14,5,19,26,18,8,8,9,0,0,0,0,0,0,0,0,0
13.91,44,0.35,0.41,0.36,12.3,11.3,12.5,0.0,-2.8,0.1,0.12,0,7.0,243,1,1,769,686,915,0,910,14.48,868.0,603,40.3,40.3,0.7,3.3,1391.5,-448,15.8,-10.5,12.5,14.1,13.2,11.0,10.4,12.7,14.1,13.3,48.5,49.3,3,8,0.9,1.5,44,43,42,0,0,0,6,6,4,0,7,15,4,19,26,18,8,8,10,0,0,0,0,0,0,0,0,0
12.73,214,0.39,0.45,0.4,11.8,12.4,12.5,0.0,7.3,0.12,0.16,0,6.3,238,1,1,565,684,671,0,658,13.15,696.3,489,40.2,40.2,0.7,3.3,1391.5,-448,15.8,-10.6,12.7,14.1,13.3,11.2,10.8,12.8,14.1,13.5,48.5,49.3,3,7,0.7,1.3,43,43,42,0,0,0,6,6,4,0,8,13,5,19,26,18,7,7,9,0,0,0,0,0,0,0,0,0
12.46,34,0.32,0.37,0.33,11.9,11.7,12.4,0.0,2.2,0.08,0.14,0,5.6,242,1,1,553,685,658,-1,648,12.96,693.1,484,39.1,40.5,0.7,3.3,1391.5,-448,15.8,-10.5,12.8,14.2,13.4,11.2,10.9,12.7,14.2,13.6,48.6,49.4,4,7,0.9,1.5,43,42,42,0,0,0,6,6,4,0,7,15,4,19,26,18,7,7,9,0,0,0,0,0,0,0,0,0
14.95,44,0.35,0.41,0.36,11.8,13.1,14.4,0.03,-8.2,0.09,0.14,0,8.7,243,1,1,945,687,1125,1,1114,15.51,986.8,695,40.8,40.6,0.7,3.3,1391.5,-448,15.8,-10.5,12.5,13.7,13.1,10.9,10.5,12.5,14.1,13.4,48.5,49.3,3,8,0.9,1.5,44,44,42,0,0,0,6,6,4,0,7,15,5,19,26,18,8,8,9,0,0,0,0,0,0,0,0,0
12.6,48,0.25,0.3,0.26,12.2,12.4,12.6,0.0,-12.1,0.07,0.12,0,7.4,243,1,1,573,684,680,-4,671,13.09,698.8,494,39.3,40.4,0.7,3.3,1391.5,-448,15.8,-10.6,12.8,14.1,13.4,11.3,10.9,12.8,14.2,13.5,48.6,49.4,3,8,0.7,1.5,43,42,42,0,0,0,6,6,4,0,8,14,5,19,26,18,8,8,9,0,0,0,0,0,0,0,0,0
13.35,236,0.32,0.37,0.32,12.8,11.6,11.7,0.0,-7.1,0.13,0.15,0,6.8,243,1,1,687,686,818,0,807,13.98,816.4,559,41.9,42.1,0.7,3.3,1391.5,-448,15.8,-10.5,12.8,14.2,13.3,11.3,10.9,12.6,14.1,13.5,48.6,49.4,4,8,0.9,1.5,45,45,42,0,0,0,6,6,4,0,7,15,4,19,26,18,8,8,9,0,0,0,0,0,0,0,0,0
13.54,72,0.32,0.37,0.33,11.7,12.5,12.6,0.0,-9.8,0.07,0.16,0,7.0,243,1,1,696,686,828,0,827,14.02,802.4,567,42.0,41.9,0.7,3.3,1391.5,-448,15.8,-10.5,12.8,14.2,13.3,11.3,10.9,12.7,14.1,13.5,48.5,49.4,4,8,0.9,1.5,45,45,42,0,0,0,6,6,4,0,7,15,4,19,26,18,8,8,9,0,0,0,0,0,0,0,0,0
13.34,250,0.33,0.38,0.34,11.5,12.5,12.3,0.0,-4.6,0.11,0.14,0,6.3,244,1,1,635,684,753,-3,739,13.73,746.9,530,40.0,40.0,0.7,3.3,1391.5,-448,15.8,-10.5,12.4,14.0,13.1,11.0,10.5,12.5,14.1,13.5,48.5,49.3,3,7,0.9,1.5,43,43,42,0,0,0,6,6,4,0,7,15,5,19,26,18,7,7,10,0,0,0,0,0,0,0,0,0
12.98,180,0.32,0.37,0.32,12.6,11.6,11.6,0.0,-9.3,0.04,0.13,0,6.8,243,1,1,639,685,760,-4,750,13.6,776.4,533,42.2,42.1,0.7,3.3,1391.5,-448,15.8,-10.5,12.8,14.4,13.4,11.2,11.0,12.5,14.1,13.6,48.6,49.4,3,8,0.9,1.5,45,45,42,0,0,0,6,6,4,0,7,15,4,19,26,18,8,8,9,0,0,0,0,0,0,0,0,0
15.19,176,0.39,0.45,0.4,12.7,13.1,12.2,0.0,1.8,0.21,0.17,0,9.0,234,1,1,1009,685,1199,2,1188,15.97,1047.0,712,41.5,41.7,0.7,3.3,1391.5,-448,15.8,-10.6,12.6,14.3,13.2,11.1,10.7,12.7,14.1,13.5,48.5,49.3,4,8,0.7,1.4,45,45,42,0,0,0,6,6,4,0,8,14,5,19,26,18,8,8,9,0,0,0,0,0,0,0,0,0
14.67,128,0.24,0.3,0.25,12.5,13.5,13.9,0.0,-0.3,0.11,0.16,0,8.0,242,1,1,872,686,1037,1,1028,15.12,942.8,659,41.2,41.2,0.7,3.3,1391.5,-448,15.8,-10.5,12.5,14.1,13.2,11.0,10.7,12.4,14.1,13.4,48.5,49.3,4,8,0.9,1.5,45,45,42,0,0,0,6,6,4,0,7,15,5,19,26,18,8,8,8,0,0,0,0,0,0,0,0,0
13.96,302,0.24,0.3,0.25,12.0,13.2,13.1,0.0,-6.4,0.15,0.14,0,8.4,241,1,1,765,685,910,0,909,14.47,917.6,606,41.5,41.5,0.7,3.3,1391.5,-448,15.8,-10.5,12.7,14.2,13.3,11.1,10.8,12.5,14.1,13.4,48.5,49.3,4,7,0.9,1.5,45,45,42,0,0,0,6,6,4,0,7,15,4,19,26,18,7,7,10,0,0,0,0,0,0,0,0,0
12.97,240,0.39,0.45,0.4,12.0,12.4,12.0,0.0,-7.4,0.09,0.15,0,5.8,239,1,1,596,683,707,0,703,13.37,733.8,507,41.0,40.9,0.7,3.3,1391.5,-448,15.8,-10.6,12.6,14.3,13.4,11.1,10.8,12.7,14.1,13.5,48.5,49.3,3,7,0.7,1.3,44,44,42,0,0,0,6,6,4,0,8,13,5,19,26,18,7,7,10,0,0,0,0,0,0,0,0,0
13.39,28,0.39,0.45,0.4,11.6,12.2,13.0,0.0,3.1,0.1,0.13,0,7.6,237,1,1,696,684,827,0,818,13.87,811.7,566,40.9,40.9,0.7,3.3,1391.5,-448,15.8,-10.6,12.6,14.2,13.2,11.1,10.9,12.4,14.1,13.5,48.5,49.3,4,7,0.7,1.3,44,44,42,0,0,0,6,6,4,0,8,13,5,19,26,18,7,7,9,0,0,0,0,0,0,0,0,0
14.3,302,0.24,0.3,0.25,14.0,12.1,12.6,0.0,-5.3,0.1,0.13,0,7.8,242,1,1,855,686,1017,1,1018,14.98,960.3,647,41.2,41.4,0.7,3.3,1391.5,-448,15.8,-10.5,12.6,13.9,13.2,11.1,10.7,12.5,14.1,13.4,48.6,49.3,3,7,0.9,1.5,45,45,42,0,0,0,6,6,4,0,7,15,5,19,26,18,7,7,10,0,0,0,0,0,0,0,0,0
10.86,104,0.25,0.3,0.26,12.2,11.6,11.1,0.0,-11.1,0.04,0.1,0,5.9,242,1,1,370,683,439,-2,434,11.28,517.7,371,38.7,38.6,0.7,3.3,1391.5,-448,15.8,-10.6,12.6,14.2,13.4,11.1,10.7,12.8,14.3,13.5,48.6,49.3,3,8,0.9,1.5,41,41,42,0,0,0,6,6,4,0,8,14,5,19,26,18,8,8,9,0,0,0,0,0,0,0,0,0
11.8,326,0.25,0.3,0.26,12.1,12.0,12.0,0.0,-3.1,0.07,0.1,0,7.0,239,1,1,459,684,545,1,529,12.14,605.3,429,38.4,38.0,0.7,3.3,1391.5,-448,15.8,-10.6,12.7,14.0,13.4,11.3,10.8,12.8,14.3,13.6,48.5,49.4,4,7,0.8,1.5,41,41,42,0,0,0,6,6,4,0,8,14,5,19,26,18,7,7,9,0,0,0,0,0,0,0,0,0
12.51,254,0.25,0.3,0.26,12.2,12.2,12.4,0.0,3.6,0.05,0.14,0,5.7,241,1,1,535,685,635,0,629,12.91,676.7,475,37.2,38.8,0.7,3.3,1391.5,-448,15.8,-10.6,12.8,14.4,13.6,11.3,10.8,13.1,14.3,13.5,48.6,49.4,3,7,0.7,1.5,41,40,42,0,0,0,6,6,4,0,8,14,5,19,26,18,7,7,10,0,0,0,0,0,0,0,0,0
13.69,72,0.4,0.46,0.41,11.3,12.9,12.7,0.0,-1.6,0.07,0.19,0,8.0,239,1,1,707,684,840,0,815,14.12,816.8,573,41.6,42.3,0.7,3.3,1391.5,-448,15.8,-10.6,12.7,14.2,13.4,11.2,10.9,12.6,14.1,13.5,48.6,49.4,4,8,0.7,1.5,46,46,42,0,0,0,6,6,4,0,8,14,5,19,26,18,8,8,10,0,0,0,0,0,0,0,0,0
12.72,254,0.25,0.3,0.26,12.3,12.1,12.0,0.0,-1.3,0.14,0.17,0,5.8,241,1,1,563,684,669,-1,659,13.18,710.0,484,39.8,39.9,0.7,3.3,1391.5,-448,15.8,-10.5,12.4,13.7,13.1,11.0,10.5,12.6,14.2,13.5,48.5,49.3,3,7,0.9,1.5,43,43,42,0,0,0,6,6,4,0,7,15,5,19,26,18,7,7,9,0,0,0,0,0,0,0,0,0
11.3,38,0.25,0.3,0.26,12.3,11.8,11.3,0.0,-11.4,0.09,0.16,0,5.7,241,1,1,406,683,482,-1,478,11.66,552.3,395,38.3,38.3,0.7,3.3,1391.5,-448,15.8,-10.6,12.7,14.4,13.3,11.1,10.9,12.6,14.3,13.6,48.5,49.4,4,8,0.9,1.5,41,40,42,0,0,0,6,6,4,0,8,14,5,19,26,18,8,8,9,0,0,0,0,0,0,0,0,0
13.67,352,0.25,0.3,0.26,12.7,12.1,12.7,0.0,-10.4,0.07,0.14,0,8.1,246,1,1,733,685,870,1,860,14.27,842.8,581,39.2,38.9,0.7,3.3,1391.5,-448,15.8,-10.6,12.4,14.2,13.1,10.9,10.5,12.4,14.3,13.6,48.6,49.3,3,8,0.9,1.5,42,42,42,0,0,0,6,6,4,0,8,15,5,19,26,18,8,8,9,0,0,0,0,0,0,0,0,0
13.6,316,0.27,0.33,0.28,18.2,16.7,17.0,0.0,0.0,-0.06,0.14,0,7.5,242,1,1,715,686,851,-3,851,14.12,816.5,577,40.3,40.4,0.7,3.3,1391.5,-448,15.8,-10.5,12.5,14.3,13.1,11.0,10.5,12.6,14.1,13.4,48.5,49.3,4,7,0.9,1.5,44,43,42,0,0,0,6,6,4,0,7,15,4,19,26,18,7,7,9,0,0,0,0,0,0,0,0,0
12.57,72,0.39,0.45,0.4,12.2,11.7,11.5,0.0,2.0,0.09,0.11,0,6.5,239,1,1,583,684,691,0,676,13.18,730.0,499,40.2,40.4,0.7,3.3,1391.5,-448,15.8,-10.6,12.7,14.1,13.3,11.3,10.8,12.9,14.1,13.4,48.5,49.3,3,8,0.7,1.3,43,43,42,0,0,0,6,6,4,0,8,13,5,19,26,18,8,8,9,0,0,0,0,0,0,0,0,0
12.12,306,0.39,0.45,0.4,11.8,11.8,11.8,0.0,3.8,0.07,0.13,0,6.7,236,1,1,506,684,601,-2,597,12.58,645.3,457,41.2,41.1,0.7,3.3,1391.5,-448,15.8,-10.6,12.7,14.2,13.4,11.1,10.7,12.6,14.1,13.4,48.6,49.4,3,8,0.7,1.3,44,44,42,0,0,0,6,6,4,0,8,13,5,19,26,18,8,8,9,0,0,0,0,0,0,0,0,0
11.39,38,0.25,0.3,0.26,12.2,11.7,11.4,0.0,-0.9,0.09,0.14,0,6.1,239,1,1,422,683,500,-3,484,11.79,569.7,405,38.2,38.4,0.7,3.3,1391.5,-448,15.8,-10.6,12.7,14.2,13.3,11.1,10.8,12.6,14.3,13.6,48.5,49.3,3,7,0.9,1.5,41,40,42,0,0,0,6,6,4,0,8,14,5,19,26,18,7,7,9,0,0,0,0,0,0,0,0,0
12.68,250,0.32,0.37,0.33,12.4,12.2,11.4,0.0,-5.8,0.18,0.14,0,6.5,243,1,1,580,684,689,1,681,13.27,727.3,494,41.7,42.1,0.7,3.3,1391.5,-448,15.8,-10.5,12.8,14.5,13.5,11.3,10.9,12.9,14.1,13.5,48.6,49.4,3,8,0.9,1.5,45,45,42,0,0,0,6,6,4,0,7,15,4,19,26,18,8,8,10,0,0,0,0,0,0,0,0,0
12.42,166,0.39,0.45,0.4,12.1,12.0,11.7,0.0,-6.3,0.12,0.12,0,6.3,239,1,1,548,683,650,0,635,13.03,702.4,475,41.0,41.1,0.7,3.3,1391.5,-448,15.8,-10.6,12.6,14.3,13.4,11.1,10.8,12.7,14.1,13.5,48.5,49.3,3,8,0.7,1.3,44,44,42,0,0,0,6,6,4,0,8,13,5,19,26,18,8,8,9,0,0,0,0,0,0,0,0,0
12.71,326,0.25,0.3,0.26,12.1,12.4,12.0,0.0,-4.8,0.14,0.14,0,7.0,242,1,1,573,684,681,-2,675,13.15,705.6,499,39.8,39.8,0.7,3.3,1391.5,-448,15.8,-10.5,12.4,13.7,13.1,11.0,10.5,12.6,14.1,13.5,48.5,49.3,4,7,0.9,1.5,43,43,42,0,0,0,6,6,4,0,7,15,5,19,26,18,7,7,9,0,0,0,0,0,0,0,0,0
12.53,318,0.32,0.37,0.33,11.7,12.0,12.7,0.0,-6.3,0.14,0.16,0,7.0,242,1,1,551,685,656,0,645,12.9,690.0,485,38.6,39.8,0.7,3.3,1391.5,-448,15.8,-10.5,12.8,14.2,13.3,11.2,10.9,12.6,14.3,13.6,48.6,49.3,4,7,0.9,1.5,42,42,42,0,0,0,6,6,4,0,7,15,4,19,26,18,7,7,10,0,0,0,0,0,0,0,0,0
12.83,252,0.32,0.37,0.33,12.4,12.0,11.5,0.0,-7.3,0.2,0.13,0,6.5,244,1,1,625,685,742,-3,732,13.59,763.5,520,42.2,42.1,0.7,3.3,1391.5,-448,15.8,-10.5,12.8,14.4,13.4,11.2,11.0,12.6,14.1,13.6,48.6,49.4,4,7,0.9,1.5,45,45,42,0,0,0,6,6,4,0,7,15,4,19,26,18,7,7,10,0,0,0,0,0,0,0,0,0
14.21,120,0.24,0.3,0.25,12.5,13.4,12.5,0.0,-5.0,0.17,0.14,0,7.6,241,1,1,782,686,931,1,925,14.73,920.1,606,41.4,41.5,0.7,3.3,1391.5,-448,15.8,-10.5,12.6,14.1,13.2,11.1,10.8,12.4,14.1,13.4,48.5,49.3,4,8,0.9,1.5,45,45,42,0,0,0,6,6,4,0,7,15,5,19,26,18,8,8,9,0,0,0,0,0,0,0,0,0
12.69,112,0.25,0.3,0.26,12.4,11.7,12.0,0.0,-4.3,0.03,0.14,0,5.8,242,1,1,595,684,707,-3,698,13.28,738.7,509,39.8,39.8,0.7,3.3,1391.5,-448,15.8,-10.6,12.4,13.7,13.0,11.0,10.4,12.7,14.2,13.5,48.5,49.3,3,7,0.9,1.5,43,43,42,0,0,0,6,6,4,0,8,15,5,19,26,18,7,7,9,0,0,0,0,0,0,0,0,0
13.22,62,0.33,0.38,0.34,12.6,11.8,11.7,0.0,-8.1,0.11,0.14,0,7.2,238,1,1,679,685,807,0,803,13.91,807.1,551,39.6,39.7,0.7,3.3,1391.5,-448,15.8,-10.6,12.8,14.2,13.4,11.2,10.7,12.6,14.0,13.3,48.5,49.3,4,8,0.7,1.3,43,43,42,0,0,0,6,6,4,0,8,13,5,19,26,18,8,8,9,0,0,0,0,0,0,0,0,0
15.17,170,0.39,0.45,0.4,12.8,12.7,12.2,0.0,-0.3,0.24,0.13,0,9.5,235,1,1,993,686,1181,-1,1162,15.9,1030.8,705,41.5,41.5,0.7,3.3,1391.5,-448,15.8,-10.6,12.6,14.2,13.1,11.1,10.8,12.4,14.1,13.5,48.5,49.3,4,7,0.7,1.4,45,45,42,0,0,0,6,6,4,0,8,14,5,19,26,18,7,7,9,0,0,0,0,0,0,0,0,0
13.64,164,0.35,0.4,0.35,12.6,11.5,12.6,0.0,-2.2,0.04,0.16,0,7.3,239,1,1,735,683,871,2,859,14.26,881.0,589,42.0,42.3,0.7,3.3,1391.5,-448,15.8,-10.6,12.7,14.1,13.4,11.2,10.9,12.6,14.1,13.5,48.5,49.3,4,8,0.7,1.5,46,46,42,0,0,0,6,6,4,0,8,14,5,19,26,18,8,8,9,0,0,0,0,0,0,0,0,0
13.95,314,0.35,0.4,0.36,10.7,10.5,10.9,0.0,-5.7,0.12,0.14,0,8.0,243,1,1,747,685,889,0,889,14.44,834.0,594,40.4,40.4,0.7,3.3,1391.5,-448,15.8,-10.5,12.5,14.2,13.2,11.0,10.4,12.7,14.1,13.3,48.5,49.3,3,7,0.9,1.5,44,43,42,0,0,0,6,6,4,0,7,15,4,19,26,18,7,7,9,0,0,0,0,0,0,0,0,0
12.84,28,0.25,0.3,0.26,12.5,11.6,11.8,0.0,-10.7,0.06,0.12,0,8.1,245,1,1,607,685,722,-4,708,13.47,733.2,514,39.1,38.9,0.7,3.3,1391.5,-448,15.8,-10.6,12.5,14.0,13.1,10.9,10.6,12.4,14.4,13.6,48.6,49.4,3,8,0.9,1.5,41,41,42,0,0,0,6,6,4,0,8,15,5,19,26,18,8,8,9,0,0,0,0,0,0,0,0,0
11.56,250,0.25,0.3,0.26,11.8,11.7,11.8,0.0,-6.8,0.1,0.14,0,6.0,241,1,1,429,684,510,1,508,12.01,578.6,406,38.2,38.4,0.7,3.3,1391.5,-448,15.8,-10.6,12.7,14.1,13.4,11.2,10.8,12.7,14.3,13.6,48.5,49.3,3,7,0.8,1.5,41,41,42,0,0,0,6,6,4,0,8,14,5,19,26,18,7,7,10,0,0,0,0,0,0,0,0,0
13.02,322,0.33,0.38,0.34,10.4,10.6,10.8,0.0,-11.0,0.12,0.15,0,7.5,245,1,1,616,683,730,-2,724,13.44,725.6,521,39.8,40.1,0.7,3.3,1391.5,-448,15.8,-10.5,12.4,14.0,13.1,11.0,10.5,12.5,14.1,13.5,48.5,49.3,4,8,0.9,1.5,43,43,42,0,0,0,6,6,4,0,7,15,5,19,26,18,8,8,9,0,0,0,0,0,0,0,0,0
14.66,126,0.35,0.41,0.36,12.5,12.7,14.3,0.0,-7.2,0.04,0.14,0,8.0,244,1,1,917,685,1089,-1,1078,15.28,971.9,678,40.9,40.9,0.7,3.3,1391.5,-448,15.8,-10.5,12.5,13.9,13.2,11.0,10.5,12.5,14.1,13.4,48.5,49.3,4,7,0.9,1.5,45,45,42,0,0,0,6,6,4,0,7,15,5,19,26,18,7,7,10,0,0,0,0,0,0,0,0,0
14.62,122,0.34,0.39,0.35,17.8,17.7,18.2,0.0,-4.5,0.04,0.17,0,7.1,243,1,1,890,686,1059,1,1051,15.18,960.0,670,40.9,41.2,0.7,3.3,1391.5,-448,15.8,-10.5,12.5,14.0,13.2,11.0,10.6,12.5,14.1,13.4,48.5,49.3,4,8,0.9,1.5,45,45,42,0,0,0,6,6,4,0,7,15,5,19,26,18,8,8,10,0,0,0,0,0,0,0,0,0
14.84,310,0.35,0.41,0.36,12.2,13.3,12.8,0.0,-1.1,0.17,0.16,0,6.7,242,1,1,877,686,1044,1,1043,15.35,947.9,654,40.4,40.4,0.7,3.3,1391.5,-448,15.8,-10.5,12.5,13.8,13.0,11.0,10.5,12.6,14.1,13.4,48.5,49.3,4,7,0.9,1.5,44,44,42,0,0,0,6,6,4,0,7,15,5,19,26,18,7,7,9,0,0,0,0,0,0,0,0,0
12.42,248,0.32,0.37,0.33,12.2,12.2,11.5,0.0,-8.8,0.08,0.16,0,6.3,244,1,1,546,686,650,1,636,13.05,693.6,476,40.6,42.1,0.7,3.3,1391.5,-448,15.8,-10.5,12.8,14.4,13.5,11.3,10.8,13.0,14.2,13.5,48.6,49.3,3,7,0.9,1.5,45,45,42,0,0,0,6,6,4,0,7,15,4,19,26,18,7,7,9,0,0,0,0,0,0,0,0,0
12.6,238,0.39,0.45,0.4,11.8,12.2,12.2,0.0,4.3,0.11,0.19,0,8.4,236,1,1,543,683,644,1,632,12.96,674.0,479,41.2,41.1,0.7,3.3,1391.5,-448,15.8,-10.6,12.7,14.0,13.3,11.1,10.7,12.6,14.1,13.5,48.5,49.3,3,8,0.7,1.3,44,44,42,0,0,0,6,6,4,0,8,13,5,19,26,18,8,8,9,0,0,0,0,0,0,0,0,0
13.42,62,0.39,0.45,0.4,12.0,12.0,12.7,0.0,-9.1,0.09,0.11,0,8.2,240,1,1,703,685,835,1,828,14.04,833.8,570,40.0,40.1,0.7,3.3,1391.5,-448,15.8,-10.6,12.7,14.3,13.3,11.2,10.7,12.9,14.0,13.3,48.5,49.3,4,7,0.7,1.3,43,43,42,0,0,0,6,6,4,0,8,13,5,19,26,18,7,7,9,0,0,0,0,0,0,0,0,0
13.2,252,0.25,0.3,0.26,13.0,11.9,12.2,0.0,-3.5,0.02,0.16,0,6.6,243,1,1,672,684,797,-3,782,13.87,806.0,548,39.7,39.7,0.7,3.3,1391.5,-448,15.8,-10.6,12.4,13.9,13.2,10.9,10.4,12.6,14.2,13.5,48.6,49.3,3,8,0.9,1.5,43,43,42,0,0,0,6,6,4,0,8,15,5,19,26,18,8,8,9,0,0,0,0,0,0,0,0,0
12.39,326,0.25,0.3,0.26,12.2,12.2,11.8,0.0,0.5,0.05,0.11,0,6.1,241,1,1,547,685,651,1,643,12.87,687.6,483,37.1,38.7,0.7,3.3,1391.5,-448,15.8,-10.6,12.8,14.3,13.5,11.3,10.8,13.1,14.3,13.5,48.6,49.4,4,8,0.7,1.5,41,40,42,0,0,0,6,6,4,0,8,14,5,19,26,18,8,8,10,0,0,0,0,0,0,0,0,0
13.2,192,0.25,0.3,0.26,12.5,12.1,12.6,0.0,-9.5,-0.01,0.14,0,7.9,240,1,1,677,684,803,-3,798,13.82,809.2,552,40.5,42.3,0.7,3.3,1391.5,-448,15.8,-10.6,12.8,14.4,13.4,11.3,10.9,12.6,14.1,13.5,48.6,49.3,3,9,0.7,1.5,46,46,42,0,0,0,6,6,4,0,8,14,5,19,26,18,9,9,9,0,0,0,0,0,0,0,0,0
13.9,0,0.25,0.3,0.26,12.4,12.2,13.2,0.0,-10.0,0.0,0.12,0,7.6,246,1,1,773,686,919,-3,911,14.49,871.9,604,39.2,39.2,0.7,3.3,1391.5,-448,15.8,-10.6,12.4,14.2,13.2,11.0,10.4,12.7,14.3,13.5,48.6,49.3,3,8,0.9,1.5,42,42,42,0,0,0,6,6,4,0,8,15,5,19,26,18,8,8,9,0,0,0,0,0,0,0,0,0
14.44,166,0.39,0.45,0.4,12.6,12.7,12.1,0.0,-6.5,0.17,0.13,0,8.2,237,1,1,875,686,1041,0,1033,15.19,965.3,648,41.9,41.9,0.7,3.4,1391.5,-448,15.8,-10.6,12.6,13.9,13.2,11.1,10.8,12.6,14.1,13.4,48.5,49.3,4,7,0.7,1.5,46,46,42,0,0,0,6,6,4,0,8,14,5,19,26,18,7,7,9,0,0,0,0,0,0,0,0,0
12.0,170,0.32,0.37,0.33,12.0,12.0,11.8,0.0,10.1,0.07,0.1,0,4.7,239,1,1,494,685,587,0,582,12.6,648.9,444,37.7,39.2,0.7,3.3,1391.5,-448,15.8,-10.5,12.8,14.3,13.4,11.2,10.9,12.6,14.3,13.6,48.6,49.4,4,8,0.9,1.5,42,41,42,0,0,0,6,6,4,0,7,15,4,19,26,18,8,8,10,0,0,0,0,0,0,0,0,0
14.85,312,0.35,0.41,0.36,12.2,13.0,12.8,0.0,-11.9,0.18,0.14,0,7.3,243,1,1,903,686,1074,1,1068,15.43,975.6,665,40.8,40.7,0.7,3.3,1391.5,-448,15.8,-10.5,12.5,13.8,13.1,10.9,10.5,12.4,14.1,13.4,48.6,49.3,4,7,0.9,1.5,45,45,42,0,0,0,6,6,4,0,7,15,5,19,26,18,7,7,9,0,0,0,0,0,0,0,0,0
14.76,34,0.35,0.41,0.36,12.0,13.2,13.4,0.0,-8.3,0.13,0.15,0,7.3,244,1,1,877,685,1042,-1,1019,15.28,946.6,653,40.8,41.0,0.7,3.3,1391.5,-448,15.8,-10.5,12.5,13.9,13.2,11.0,10.6,12.5,14.1,13.4,48.5,49.3,4,8,0.9,1.5,45,45,42,0,0,0,6,6,4,0,7,15,5,19,26,18,8,8,9,0,0,0,0,0,0,0,0,0
12.63,214,0.39,0.45,0.4,12.0,12.2,12.4,0.0,10.6,0.15,0.17,0,8.0,236,1,1,552,684,656,-2,650,13.01,687.4,486,40.2,40.2,0.7,3.3,1391.5,-448,15.8,-10.6,12.6,14.1,13.3,11.2,10.8,12.7,14.1,13.4,48.5,49.4,4,7,0.7,1.3,43,43,42,0,0,0,6,6,4,0,8,13,5,19,26,18,7,7,9,0,0,0,0,0,0,0,0,0
13.55,228,0.33,0.38,0.34,11.8,12.8,12.5,0.0,-5.7,0.09,0.14,0,8.3,243,1,1,674,685,801,-1,790,13.99,789.3,553,40.3,40.2,0.7,3.3,1391.5,-448,15.8,-10.5,12.5,14.0,13.1,10.9,10.6,12.2,14.1,13.4,48.5,49.3,3,8,0.9,1.5,43,43,42,0,0,0,6,6,4,0,7,15,5,19,26,18,8,8,9,0,0,0,0,0,0,0,0,0
14.34,210,0.24,0.3,0.25,12.4,12.7,13.9,0.0,-3.9,0.07,0.13,0,7.1,241,1,1,848,686,1009,0,993,14.9,945.0,647,41.3,41.4,0.7,3.3,1391.5,-448,15.8,-10.5,12.6,14.0,13.1,11.1,10.7,12.4,14.1,13.4,48.6,49.3,4,8,0.9,1.5,45,45,42,0,0,0,6,6,4,0,7,15,5,19,26,18,8,8,10,0,0,0,0,0,0,0,0,0
13.94,232,0.39,0.45,0.4,11.6,13.0,13.7,0.0,-9.2,0.09,0.13,0,9.2,240,1,1,748,684,888,-2,888,14.43,845.2,593,40.7,40.7,0.7,3.3,1391.5,-448,15.8,-10.6,12.7,14.5,13.4,11.2,10.7,12.8,14.1,13.5,48.5,49.3,4,7,0.7,1.3,44,44,42,0,0,0,6,6,4,0,8,13,5,19,26,18,7,7,9,0,0,0,0,0,0,0,0,0
14.71,124,0.35,0.41,0.36,12.3,12.9,14.3,0.0,-7.7,0.0,0.14,0,7.4,244,1,1,912,686,1085,-2,1078,15.28,966.8,678,40.8,40.9,0.7,3.3,1391.5,-448,15.8,-10.5,12.5,13.9,13.2,11.0,10.6,12.5,14.1,13.4,48.5,49.3,4,8,0.9,1.5,45,45,42,0,0,0,6,6,4,0,7,15,5,19,26,18,8,8,10,0,0,0,0,0,0,0,0,0
13.21,314,0.39,0.45,0.4,11.7,12.6,12.7,0.0,-5.5,0.04,0.16,0,7.8,238,1,1,656,684,778,1,773,13.71,773.1,545,40.9,40.9,0.7,3.3,1391.5,-448,15.8,-10.6,12.6,14.3,13.3,11.1,10.9,12.5,14.1,13.5,48.6,49.3,3,8,0.7,1.3,44,44,42,0,0,0,6,6,4,0,8,13,5,19,26,18,8,8,9,0,0,0,0,0,0,0,0,0
13.46,150,0.39,0.45,0.4,11.5,12.7,13.4,0.0,-5.3,0.13,0.1,0,8.2,237,1,1,662,684,786,-1,784,13.9,764.4,547,40.5,40.5,0.7,3.3,1391.5,-448,15.8,-10.6,12.7,14.4,13.3,11.1,10.9,12.5,14.1,13.5,48.5,49.4,4,8,0.7,1.3,43,43,42,0,0,0,6,6,4,0,8,13,5,19,26,18,8,8,9,0,0,0,0,0,0,0,0,0
13.97,300,0.24,0.3,0.25,12.0,13.5,13.5,0.05,-4.9,0.09,0.14,0,8.5,241,1,1,756,685,899,0,871,14.45,911.8,597,41.7,41.7,0.7,3.3,1391.5,-448,15.8,-10.5,12.7,14.2,13.4,11.1,10.8,12.6,14.1,13.5,48.6,49.3,3,8,0.9,1.5,45,45,42,0,0,0,6,6,4,0,7,15,4,19,26,18,8,8,9,0,0,0,0,0,0,0,0,0
12.32,100,0.32,0.37,0.32,12.2,11.4,11.9,0.0,-2.5,0.07,0.13,0,7.0,243,1,1,540,685,646,1,645,12.89,683.4,476,39.4,41.0,0.7,3.3,1391.5,-448,15.8,-10.5,12.8,14.2,13.4,11.2,10.9,12.7,14.2,13.6,48.6,49.4,4,8,0.9,1.5,43,42,42,0,0,0,6,6,4,0,7,15,4,19,26,18,8,8,9,0,0,0,0,0,0,0,0,0
13.83,296,0.24,0.3,0.25,12.5,12.4,13.4,0.0,-3.0,0.09,0.12,0,6.4,241,1,1,778,686,926,0,910,14.48,937.3,608,41.2,41.4,0.7,3.3,1391.5,-448,15.8,-10.5,12.6,14.1,13.4,11.1,10.7,12.7,14.1,13.4,48.5,49.3,4,8,0.9,1.5,45,45,42,0,0,0,6,6,4,0,7,15,4,19,26,18,8,8,10,0,0,0,0,0,0,0,0,0
12.52,120,0.25,0.3,0.26,12.3,11.8,12.2,0.0,-10.8,0.11,0.13,0,6.0,243,1,1,569,684,676,1,672,13.1,703.8,492,39.2,40.4,0.7,3.3,1391.5,-448,15.8,-10.6,12.8,14.1,13.3,11.3,10.9,12.8,14.2,13.5,48.6,49.4,4,7,0.7,1.5,43,42,42,0,0,0,6,6,4,0,8,14,5,19,26,18,7,7,9,0,0,0,0,0,0,0,0,0
10.75,176,0.25,0.3,0.26,11.6,11.6,11.4,0.0,-10.2,0.14,0.16,0,5.9,242,1,1,364,683,432,-4,432,11.23,520.4,367,38.6,38.6,0.7,3.3,1391.5,-448,15.8,-10.6,12.6,14.1,13.3,11.1,10.7,12.7,14.3,13.6,48.5,49.3,3,7,0.9,1.5,41,41,42,0,0,0,6,6,4,0,8,14,5,19,26,18,7,7,9,0,0,0,0,0,0,0,0,0
13.9,258,0.24,0.3,0.25,13.1,12.9,12.4,0.0,-3.2,0.2,0.1,0,7.8,240,1,1,767,683,909,1,897,14.57,921.1,595,42.0,42.0,0.7,3.3,1391.5,-448,15.8,-10.6,12.7,14.1,13.4,11.2,10.8,12.7,14.1,13.5,48.5,49.3,4,7,0.7,1.5,46,46,42,0,0,0,6,6,4,0,8,14,5,19,26,18,7,7,9,0,0,0,0,0,0,0,0,0
12.3,166,0.39,0.45,0.4,12.0,11.8,11.3,0.0,3.3,0.15,0.11,0,6.9,236,1,1,527,683,624,1,613,12.92,665.7,465,41.2,41.2,0.7,3.3,1391.5,-448,15.8,-10.6,12.7,14.0,13.3,11.1,10.7,12.6,14.1,13.4,48.5,49.3,4,8,0.7,1.3,44,44,42,0,0,0,6,6,4,0,8,13,5,19,26,18,8,8,10,0,0,0,0,0,0,0,0,0
13.44,182,0.33,0.38,0.34,11.8,12.5,11.8,0.0,-13.6,0.09,0.16,0,8.7,244,1,1,665,684,790,2,788,13.96,792.9,543,40.3,40.3,0.7,3.3,1391.5,-448,15.8,-10.5,12.5,14.1,13.0,10.9,10.6,12.3,14.1,13.4,48.5,49.3,3,8,0.9,1.5,43,43,42,0,0,0,6,6,4,0,7,15,5,19,26,18,8,8,9,0,0,0,0,0,0,0,0,0
12.62,184,0.25,0.3,0.26,12.5,11.8,12.1,0.0,-2.2,0.09,0.11,0,5.4,242,1,1,585,685,695,-2,696,13.24,729.7,498,39.8,39.8,0.7,3.3,1391.5,-448,15.8,-10.6,12.4,13.7,13.0,11.0,10.4,12.6,14.2,13.5,48.5,49.3,3,8,0.9,1.5,43,43,42,0,0,0,6,6,4,0,7,15,5,19,26,18,8,8,9,0,0,0,0,0,0,0,0,0
12.2,178,0.32,0.37,0.33,12.2,11.7,11.6,0.0,0.2,0.15,0.14,0,5.7,243,1,1,530,686,631,-2,630,12.93,675.0,465,39.2,40.7,0.7,3.3,1391.5,-448,15.8,-10.5,12.8,14.2,13.4,11.2,10.9,12.7,14.2,13.6,48.6,49.4,4,8,0.9,1.5,43,42,42,0,0,0,6,6,4,0,7,15,4,19,26,18,8,8,10,0,0,0,0,0,0,0,0,0
13.52,136,0.25,0.3,0.25,13.1,12.7,12.1,0.0,-13.2,0.05,0.09,0,7.8,244,1,1,713,685,848,-2,839,14.23,828.6,570,40.2,40.4,0.7,3.3,1391.5,-448,15.8,-10.5,12.5,14.2,13.2,11.0,10.4,12.7,14.1,13.3,48.5,49.3,3,8,0.9,1.5,44,43,42,0,0,0,6,6,4,0,7,15,4,19,26,18,8,8,8,0,0,0,0,0,0,0,0,0
13.49,328,0.39,0.45,0.4,13.1,11.6,11.7,0.0,-11.1,0.09,0.15,0,9.3,239,1,1,700,684,832,0,831,14.09,810.1,566,40.6,40.4,0.7,3.3,1391.5,-448,15.8,-10.6,12.7,14.4,13.3,11.1,10.9,12.6,14.1,13.5,48.5,49.4,3,8,0.7,1.3,43,43,42,0,0,0,6,6,4,0,8,13,5,19,26,18,8,8,9,0,0,0,0,0,0,0,0,0
13.43,342,0.35,0.4,0.36,12.0,12.4,11.6,0.0,-2.1,0.18,0.14,0,7.0,239,1,1,704,684,837,0,835,14.15,828.3,562,41.7,42.3,0.7,3.3,1391.5,-448,15.8,-10.6,12.7,14.2,13.4,11.2,10.9,12.6,14.1,13.5,48.5,49.4,4,8,0.7,1.5,46,46,42,0,0,0,6,6,4,0,8,14,5,19,26,18,8,8,9,0,0,0,0,0,0,0,0,0
12.2,110,0.25,0.3,0.26,12.2,11.8,12.2,0.0,1.6,0.04,0.13,0,5.7,240,1,1,524,684,622,-3,622,12.77,678.2,466,37.1,38.6,0.7,3.3,1391.5,-448,15.8,-10.6,12.8,14.3,13.5,11.3,10.8,13.1,14.3,13.5,48.6,49.4,4,8,0.7,1.5,41,40,42,0,0,0,6,6,4,0,8,14,5,19,26,18,8,8,9,0,0,0,0,0,0,0,0,0
12.7,118,0.25,0.3,0.26,12.4,11.9,11.6,0.0,-8.4,0.06,0.09,0,6.6,243,1,1,601,684,713,1,703,13.37,733.4,511,38.7,40.1,0.7,3.3,1391.5,-448,15.8,-10.5,12.8,14.2,13.3,11.3,10.9,12.7,14.2,13.6,48.6,49.3,3,7,0.7,1.5,42,42,42,0,0,0,6,6,4,0,8,14,5,19,26,18,7,7,9,0,0,0,0,0,0,0,0,0
13.36,38,0.33,0.38,0.34,12.9,11.5,12.0,0.01,-8.4,0.09,0.12,0,8.4,243,1,1,690,685,820,-3,806,13.96,815.7,559,40.2,40.3,0.7,3.3,1391.5,-448,15.8,-10.5,12.5,14.1,13.0,10.9,10.7,12.2,14.1,13.4,48.5,49.3,4,7,0.9,1.5,43,43,42,0,0,0,6,6,4,0,7,15,5,19,26,18,7,7,9,0,0,0,0,0,0,0,0,0
14.46,84,0.39,0.45,0.4,13.9,12.0,11.8,0.0,3.5,0.09,0.09,0,7.6,234,1,1,864,685,1027,-3,1011,15.16,944.2,650,41.5,41.3,0.7,3.3,1391.5,-448,15.8,-10.6,12.6,14.1,13.2,11.1,10.7,12.7,14.1,13.5,48.6,49.3,3,7,0.7,1.4,45,44,42,0,0,0,6,6,4,0,8,14,5,19,26,18,7,7,9,0,0,0,0,0,0,0,0,0
12.45,250,0.32,0.37,0.33,12.0,12.2,11.6,0.0,0.6,0.06,0.16,0,6.9,243,1,1,529,685,629,-2,614,12.93,667.5,468,39.3,40.7,0.7,3.3,1391.5,-448,15.8,-10.5,12.8,14.2,13.4,11.2,10.9,12.7,14.2,13.6,48.6,49.4,4,8,0.9,1.5,43,42,42,0,0,0,6,6,4,0,7,15,4,19,26,18,8,8,10,0,0,0,0,0,0,0,0,0
13.23,100,0.39,0.45,0.4,12.6,11.6,11.9,0.0,-0.9,0.04,0.13,0,7.8,237,1,1,677,683,802,-2,799,13.84,810.4,554,40.8,40.8,0.7,3.3,1391.5,-448,15.8,-10.6,12.6,14.2,13.2,11.1,10.9,12.4,14.1,13.5,48.5,49.3,4,8,0.7,1.3,44,44,42,0,0,0,6,6,4,0,8,13,5,19,26,18,8,8,9,0,0,0,0,0,0,0,0,0
13.91,30,0.24,0.3,0.25,12.4,12.3,13.4,0.0,-5.7,0.04,0.15,0,8.4,241,1,1,773,685,919,1,909,14.47,934.0,606,41.8,41.8,0.7,3.3,1391.5,-448,15.8,-10.5,12.7,14.2,13.3,11.2,10.8,12.6,14.1,13.5,48.6,49.3,3,7,0.9,1.5,45,45,42,0,0,0,6,6,4,0,7,15,4,19,26,18,7,7,10,0,0,0,0,0,0,0,0,0
11.57,248,0.25,0.3,0.26,12.1,11.7,11.2,0.0,-9.5,0.05,0.13,0,6.7,245,1,1,423,683,501,0,490,11.93,556.3,407,38.9,38.8,0.7,3.3,1391.5,-448,15.8,-10.6,12.5,13.9,13.2,11.0,10.7,12.5,14.3,13.6,48.6,49.4,5,7,0.9,1.5,41,41,42,0,0,0,6,6,4,0,8,14,5,19,26,18,7,7,10,0,0,0,0,0,0,0,0,0
12.69,168,0.39,0.45,0.4,12.3,12.0,11.9,0.0,-8.3,0.19,0.15,0,7.1,239,1,1,609,683,722,1,707,13.44,755.9,511,41.0,41.0,0.7,3.3,1391.5,-448,15.8,-10.6,12.6,14.3,13.4,11.1,10.8,12.7,14.1,13.5,48.5,49.3,4,7,0.7,1.3,44,44,42,0,0,0,6,6,4,0,8,13,5,19,26,18,7,7,9,0,0,0,0,0,0,0,0,0
14.14,222,0.35,0.41,0.36,12.9,12.2,12.0,0.0,-9.2,0.06,0.16,0,9.8,243,1,1,830,687,989,-3,980,14.99,930.1,626,40.5,40.5,0.7,3.3,1391.5,-448,15.8,-10.5,12.5,13.9,13.1,11.0,10.5,12.5,14.1,13.4,48.5,49.3,3,8,0.9,1.5,44,43,42,0,0,0,6,6,4,0,7,15,4,19,26,18,8,8,9,0,0,0,0,0,0,0,0,0
14.46,220,0.35,0.41,0.36,13.4,12.2,12.1,0.0,-3.1,0.16,0.14,0,8.2,243,1,1,884,686,1053,2,1039,15.29,958.7,658,40.6,40.5,0.7,3.3,1391.5,-448,15.8,-10.5,12.5,13.9,13.0,11.0,10.5,12.5,14.1,13.4,48.5,49.3,3,8,0.9,1.5,44,44,42,0,0,0,6,6,4,0,7,15,5,19,26,18,8,8,10,0,0,0,0,0,0,0,0,0
12.49,180,0.25,0.3,0.26,12.5,12.0,12.0,0.0,-11.9,0.14,0.14,0,5.9,244,1,1,568,683,673,-2,662,13.24,707.0,485,39.8,40.0,0.7,3.3,1391.5,-448,15.8,-10.5,12.4,14.0,13.1,11.0,10.5,12.5,14.1,13.5,48.5,49.3,3,7,0.9,1.5,43,43,42,0,0,0,6,6,4,0,7,15,5,19,26,18,7,7,10,0,0,0,0,0,0,0,0,0
13.4,74,0.33,0.38,0.34,13.3,11.7,11.7,0.0,-8.2,0.02,0.14,0,8.3,244,1,1,688,685,818,-3,807,13.98,813.9,560,40.3,40.2,0.7,3.3,1391.5,-448,15.8,-10.5,12.5,14.2,13.0,10.9,10.5,12.5,14.1,13.4,48.5,49.3,4,8,0.9,1.5,44,43,42,0,0,0,6,6,4,0,7,15,5,19,26,18,8,8,10,0,0,0,0,0,0,0,0,0
14.56,120,0.24,0.3,0.25,12.5,13.6,14.2,0.0,-1.7,0.09,0.13,0,8.4,242,1,1,873,686,1038,2,1028,15.12,943.6,661,40.9,41.2,0.7,3.3,1391.5,-448,15.8,-10.5,12.5,14.1,13.2,11.0,10.6,12.5,14.1,13.4,48.5,49.3,4,8,0.9,1.5,45,45,42,0,0,0,6,6,4,0,7,15,5,19,26,18,8,8,9,0,0,0,0,0,0,0,0,0
14.57,312,0.35,0.41,0.36,12.0,13.2,13.2,0.0,-8.0,0.22,0.14,0,7.8,243,1,1,834,687,993,1,986,15.08,918.0,630,40.5,40.4,0.7,3.3,1391.5,-448,15.8,-10.5,12.5,13.9,13.1,11.0,10.5,12.5,14.1,13.4,48.5,49.3,4,7,0.9,1.5,44,44,42,0,0,0,6,6,4,0,7,15,5,19,26,18,7,7,8,0,0,0,0,0,0,0,0,0
11.81,184,0.25,0.3,0.26,12.0,11.8,11.6,0.0,1.7,0.13,0.17,0,6.8,238,1,1,476,684,565,-2,557,12.42,626.7,433,37.9,37.9,0.7,3.3,1391.5,-448,15.8,-10.6,12.8,14.1,13.4,11.3,10.8,12.9,14.2,13.6,48.5,49.4,4,8,0.7,1.5,40,40,42,0,0,0,6,6,4,0,8,14,5,19,26,18,8,8,9,0,0,0,0,0,0,0,0,0
12.55,186,0.25,0.3,0.26,12.4,12.0,12.0,0.0,-5.1,0.09,0.14,0,7.4,242,1,1,566,683,672,2,659,13.19,717.6,486,37.7,39.4,0.7,3.3,1391.5,-448,15.8,-10.6,12.8,14.4,13.6,11.3,10.8,13.1,14.2,13.6,48.5,49.4,4,8,0.7,1.5,42,41,42,0,0,0,6,6,4,0,8,14,5,19,26,18,8,8,9,0,0,0,0,0,0,0,0,0
13.59,170,0.39,0.45,0.4,11.6,12.7,12.9,0.0,-8.1,0.11,0.17,0,6.3,239,1,1,673,685,799,1,790,14.0,787.2,551,39.8,39.8,0.7,3.3,1391.5,-448,15.8,-10.6,12.7,14.3,13.3,11.1,10.9,12.5,14.0,13.3,48.5,49.3,4,7,0.7,1.3,43,43,42,0,0,0,6,6,4,0,8,13,5,19,26,18,7,7,9,0,0,0,0,0,0,0,0,0
12.85,244,0.25,0.3,0.26,12.3,12.4,12.1,0.0,-6.5,0.12,0.13,0,8.6,244,1,1,575,685,683,2,662,13.24,689.4,496,38.9,38.8,0.7,3.3,1391.5,-448,15.8,-10.6,12.5,14.0,13.2,10.9,10.6,12.4,14.4,13.6,48.6,49.4,4,8,0.9,1.5,41,41,42,0,0,0,6,6,4,0,8,15,5,19,26,18,8,8,9,0,0,0,0,0,0,0,0,0
12.56,108,0.25,0.3,0.26,12.4,11.4,12.3,0.0,-10.9,0.12,0.14,0,7.8,244,1,1,575,684,682,0,676,13.18,709.4,496,39.9,40.0,0.7,3.3,1391.5,-448,15.8,-10.5,12.4,13.9,13.2,11.0,10.5,12.6,14.1,13.5,48.5,49.3,4,7,0.9,1.5,43,43,42,0,0,0,6,6,4,0,7,15,5,19,26,18,7,7,9,0,0,0,0,0,0,0,0,0
13.3,90,0.39,0.45,0.4,11.8,12.1,11.4,0.0,-8.6,0.12,0.14,0,8.1,239,1,1,671,684,797,0,788,13.97,797.5,544,39.7,39.7,0.7,3.3,1391.5,-448,15.8,-10.6,12.7,14.3,13.3,11.1,10.8,12.5,14.0,13.3,48.5,49.3,3,7,0.7,1.3,43,43,42,0,0,0,6,6,4,0,8,13,5,19,26,18,7,7,9,0,0,0,0,0,0,0,0,0
11.59,320,0.25,0.3,0.26,12.0,11.7,11.6,0.0,-9.0,0.09,0.11,0,6.1,245,1,1,439,683,521,2,510,12.05,578.4,414,38.8,38.7,0.7,3.3,1391.5,-448,15.8,-10.6,12.5,13.9,13.2,11.0,10.7,12.4,14.3,13.6,48.6,49.4,3,7,0.9,1.5,41,41,42,0,0,0,6,6,4,0,8,14,5,19,26,18,7,7,9,0,0,0,0,0,0,0,0,0
13.05,148,0.39,0.45,0.4,12.4,12.0,12.0,0.0,-0.8,0.1,0.11,0,5.4,240,1,1,651,684,773,1,756,13.72,787.0,536,40.2,40.2,0.7,3.3,1391.5,-448,15.8,-10.6,12.7,14.3,13.3,11.2,10.8,12.8,14.0,13.4,48.5,49.3,4,7,0.7,1.3,43,43,42,0,0,0,6,6,4,0,8,13,5,19,26,18,7,7,10,0,0,0,0,0,0,0,0,0
14.15,300,0.24,0.3,0.25,13.4,12.0,12.3,0.0,-4.2,0.09,0.11,0,7.3,241,1,1,831,686,989,1,971,14.84,951.2,634,41.2,41.4,0.7,3.3,1391.5,-448,15.8,-10.5,12.6,14.1,13.1,11.1,10.7,12.4,14.1,13.4,48.6,49.3,3,7,0.9,1.5,45,45,42,0,0,0,6,6,4,0,7,15,5,19,26,18,7,7,8,0,0,0,0,0,0,0,0,0
13.09,42,0.25,0.3,0.26,12.0,12.6,12.3,0.02,-2.3,0.16,0.14,0,6.5,242,1,1,648,684,770,1,769,13.63,771.0,541,39.8,39.8,0.7,3.3,1391.5,-448,15.8,-10.6,12.4,13.8,13.1,11.0,10.4,12.7,14.2,13.5,48.6,49.3,3,8,0.9,1.5,43,43,42,0,0,0,6,6,4,0,8,15,5,19,26,18,8,8,9,0,0,0,0,0,0,0,0,0
13.98,356,0.25,0.3,0.26,12.0,13.0,13.4,0.0,-9.7,0.1,0.2,0,7.6,245,1,1,766,686,911,-2,891,14.47,863.2,607,39.2,39.3,0.7,3.3,1391.5,-448,15.8,-10.6,12.4,13.9,13.1,10.9,10.5,12.4,14.3,13.5,48.6,49.4,3,7,0.9,1.5,43,43,42,0,0,0,6,6,4,0,8,15,5,19,26,18,7,7,10,0,0,0,0,0,0,0,0,0
13.3,144,0.33,0.38,0.34,12.2,12.3,11.6,0.0,-6.7,0.12,0.12,0,8.8,243,1,1,677,684,804,-1,806,13.97,803.2,545,40.2,40.1,0.7,3.3,1391.5,-448,15.8,-10.5,12.5,14.0,13.1,11.0,10.6,12.3,14.1,13.4,48.5,49.3,3,7,0.9,1.5,43,43,42,0,0,0,6,6,4,0,7,15,5,19,26,18,7,7,10,0,0,0,0,0,0,0,0,0
13.28,326,0.32,0.37,0.33,12.2,12.4,11.6,0.0,-7.1,0.13,0.15,0,6.3,243,1,1,636,685,757,1,756,13.72,768.3,525,42.1,42.0,0.7,3.3,1391.5,-448,15.8,-10.5,12.8,14.3,13.4,11.2,10.9,12.5,14.1,13.6,48.6,49.3,4,8,0.9,1.5,45,45,42,0,0,0,6,6,4,0,7,15,4,19,26,18,8,8,9,0,0,0,0,0,0,0,0,0
14.77,36,0.35,0.41,0.36,11.9,13.1,13.9,0.0,-7.4,0.13,0.15,0,9.9,244,1,1,874,685,1039,-2,1036,15.24,945.5,656,40.9,41.0,0.7,3.3,1391.5,-448,15.8,-10.5,12.5,13.9,13.2,11.0,10.5,12.5,14.1,13.4,48.5,49.3,4,7,0.9,1.5,45,45,42,0,0,0,6,6,4,0,7,15,5,19,26,18,7,7,9,0,0,0,0,0,0,0,0,0
12.18,308,0.39,0.45,0.4,11.9,11.9,12.3,0.0,6.4,0.07,0.17,0,6.1,237,1,1,516,683,611,2,599,12.63,660.7,462,41.1,41.2,0.7,3.3,1391.5,-448,15.8,-10.6,12.6,14.3,13.5,11.0,10.7,12.7,14.1,13.4,48.5,49.3,4,7,0.7,1.3,44,44,42,0,0,0,6,6,4,0,8,13,5,19,26,18,7,7,9,0,0,0,0,0,0,0,0,0
14.17,342,0.37,0.42,0.37,16.0,16.2,18.2,0.0,-10.6,0.09,0.15,0,8.5,239,1,1,803,683,953,0,939,14.65,924.2,625,41.9,42.1,0.7,3.3,1391.5,-448,15.8,-10.6,12.7,14.0,13.3,11.1,10.8,12.5,14.1,13.4,48.6,49.3,4,8,0.7,1.5,46,46,42,0,0,0,6,6,4,0,8,14,5,19,26,18,8,8,9,0,0,0,0,0,0,0,0,0
13.52,70,0.39,0.45,0.4,12.5,11.6,12.0,0.0,-7.5,0.12,0.14,0,7.5,240,1,1,719,685,855,-3,852,14.14,840.2,575,39.9,39.8,0.7,3.3,1391.5,-448,15.8,-10.6,12.7,14.4,13.4,11.2,10.7,12.9,14.0,13.3,48.5,49.3,4,8,0.7,1.3,43,43,42,0,0,0,6,6,4,0,8,13,5,19,26,18,8,8,9,0,0,0,0,0,0,0,0,0
13.44,34,0.32,0.37,0.33,11.8,12.7,12.4,0.0,-8.8,0.1,0.15,0,6.8,244,1,1,659,686,785,0,766,13.89,778.5,544,42.1,42.0,0.7,3.3,1391.5,-448,15.8,-10.5,12.8,14.2,13.4,11.2,10.9,12.6,14.1,13.5,48.6,49.3,4,8,0.9,1.5,45,45,42,0,0,0,6,6,4,0,7,15,4,19,26,18,8,8,10,0,0,0,0,0,0,0,0,0
15.16,84,0.39,0.45,0.4,13.9,12.5,11.8,0.0,-5.9,0.09,0.14,0,8.0,236,1,1,1015,686,1208,0,1204,15.92,1058.2,724,41.5,41.7,0.7,3.3,1391.5,-448,15.8,-10.6,12.6,14.3,13.3,11.1,10.6,12.9,14.1,13.4,48.6,49.4,4,8,0.7,1.4,45,46,42,0,0,0,6,6,4,0,8,14,5,19,26,18,8,8,9,0,0,0,0,0,0,0,0,0
12.52,120,0.25,0.3,0.26,12.2,11.8,12.4,0.0,-10.8,0.13,0.19,0,5.9,242,1,1,554,684,657,1,650,13.01,704.8,486,39.3,40.8,0.7,3.3,1391.5,-448,15.8,-10.6,12.8,14.2,13.4,11.4,10.8,13.0,14.2,13.5,48.6,49.3,3,7,0.7,1.5,43,43,42,0,0,0,6,6,4,0,8,14,5,19,26,18,7,7,9,0,0,0,0,0,0,0,0,0
14.05,118,0.24,0.3,0.25,12.7,13.2,12.2,0.0,-3.8,0.15,0.13,0,7.6,241,1,1,749,686,891,1,893,14.5,920.3,586,41.4,41.7,0.7,3.3,1391.5,-448,15.8,-10.5,12.6,14.2,13.3,11.1,10.7,12.7,14.1,13.4,48.5,49.3,4,8,0.9,1.5,45,45,42,0,0,0,6,6,4,0,7,15,4,19,26,18,8,8,9,0,0,0,0,0,0,0,0,0
13.9,294,0.24,0.3,0.25,12.2,12.6,13.1,0.0,-1.6,0.07,0.15,0,7.4,240,1,1,762,686,907,-1,906,14.42,926.6,605,41.5,41.6,0.7,3.3,1391.5,-448,15.8,-10.5,12.7,14.1,13.3,11.2,10.7,12.6,14.1,13.4,48.5,49.3,4,8,0.9,1.5,45,45,42,0,0,0,6,6,4,0,7,15,4,19,26,18,8,8,9,0,0,0,0,0,0,0,0,0
13.13,324,0.32,0.37,0.33,12.0,12.5,11.9,0.0,-6.0,0.1,0.14,0,7.1,243,1,1,613,685,729,-1,730,13.55,746.0,517,42.2,42.1,0.7,3.3,1391.5,-448,15.8,-10.5,12.8,14.5,13.4,11.2,10.9,12.6,14.1,13.6,48.6,49.4,4,7,0.9,1.5,45,45,42,0,0,0,6,6,4,0,7,15,4,19,26,18,7,7,9,0,0,0,0,0,0,0,0,0
13.62,80,0.25,0.3,0.26,11.9,12.7,13.5,0.0,-6.1,0.07,0.15,0,6.9,245,1,1,726,685,863,-3,852,14.13,831.1,584,39.4,39.6,0.7,3.3,1391.5,-448,15.8,-10.5,12.4,14.0,13.0,10.9,10.6,12.2,14.2,13.5,48.6,49.3,3,8,0.9,1.5,43,43,42,0,0,0,6,6,4,0,8,15,5,19,26,18,8,8,9,0,0,0,0,0,0,0,0,0
14.15,166,0.39,0.45,0.4,12.7,12.4,12.0,0.0,-9.2,0.16,0.13,0,6.9,238,1,1,826,684,981,0,973,14.88,943.9,629,41.8,41.9,0.7,3.3,1391.5,-448,15.8,-10.6,12.6,14.0,13.3,11.1,10.8,12.6,14.1,13.4,48.5,49.3,4,7,0.7,1.5,46,46,42,0,0,0,6,6,4,0,8,14,5,19,26,18,7,7,9,0,0,0,0,0,0,0,0,0
12.88,186,0.25,0.3,0.26,12.5,11.8,11.6,0.0,-3.7,0.1,0.13,0,5.9,242,1,1,623,684,740,-3,726,13.48,765.3,523,39.8,39.7,0.7,3.3,1391.5,-448,15.8,-10.6,12.4,13.8,13.1,11.0,10.4,12.7,14.1,13.5,48.6,49.3,3,8,0.9,1.5,43,43,42,0,0,0,6,6,4,0,8,15,5,19,26,18,8,8,9,0,0,0,0,0,0,0,0,0
12.4,316,0.32,0.37,0.33,12.0,12.3,12.1,0.0,-5.7,0.02,0.14,0,7.0,244,1,1,535,685,637,0,626,12.85,668.6,476,39.4,41.2,0.7,3.3,1391.5,-448,15.8,-10.5,12.8,14.2,13.3,11.2,10.9,12.7,14.2,13.6,48.6,49.4,4,8,0.9,1.5,44,43,42,0,0,0,6,6,4,0,7,15,4,19,26,18,8,8,10,0,0,0,0,0,0,0,0,0
12.99,332,0.25,0.3,0.26,12.3,12.9,12.7,0.0,-7.7,0.09,0.11,0,7.8,243,1,1,606,684,720,-1,706,13.42,726.9,515,38.5,39.9,0.7,3.3,1391.5,-448,15.8,-10.6,12.8,14.4,13.4,11.3,10.9,12.9,14.2,13.6,48.6,49.3,4,8,0.7,1.5,42,42,42,0,0,0,6,6,4,0,8,14,5,19,26,18,8,8,9,0,0,0,0,0,0,0,0,0
13.03,334,0.25,0.3,0.26,12.4,12.4,12.0,0.0,-13.4,0.15,0.14,0,8.0,241,1,1,637,683,755,-2,738,13.71,777.9,524,40.2,42.2,0.7,3.3,1391.5,-448,15.8,-10.6,12.8,14.5,13.4,11.3,10.9,12.7,14.1,13.5,48.6,49.3,3,7,0.7,1.5,45,44,42,0,0,0,6,6,4,0,8,14,5,19,26,18,7,7,9,0,0,0,0,0,0,0,0,0
14.09,74,0.39,0.45,0.4,13.4,12.1,12.3,0.0,-10.9,0.09,0.14,0,8.1,239,1,1,814,683,964,-3,963,14.73,945.8,626,42.0,42.2,0.7,3.3,1391.5,-448,15.8,-10.6,12.7,14.0,13.3,11.1,10.8,12.5,14.1,13.4,48.6,49.3,3,8,0.7,1.5,46,46,42,0,0,0,6,6,4,0,8,14,5,19,26,18,8,8,9,0,0,0,0,0,0,0,0,0
12.53,110,0.25,0.3,0.26,12.2,11.7,11.8,0.0,-11.4,0.09,0.16,0,5.1,243,1,1,574,684,681,-3,673,13.11,715.6,495,40.0,40.0,0.7,3.3,1391.5,-448,15.8,-10.5,12.4,13.8,13.1,11.0,10.5,12.6,14.1,13.5,48.5,49.3,3,7,0.9,1.5,43,43,42,0,0,0,6,6,4,0,7,15,5,19,26,18,7,7,9,0,0,0,0,0,0,0,0,0
12.47,176,0.32,0.37,0.32,12.3,11.7,11.6,0.0,-9.1,0.1,0.14,0,5.0,244,1,1,564,686,672,2,672,13.1,715.8,487,41.0,42.3,0.7,3.3,1391.5,-448,15.8,-10.5,12.8,14.5,13.5,11.3,10.8,13.0,14.2,13.5,48.6,49.4,3,7,0.9,1.5,45,45,42,0,0,0,6,6,4,0,7,15,4,19,26,18,7,7,9,0,0,0,0,0,0,0,0,0
13.24,104,0.33,0.38,0.34,12.5,12.0,11.6,0.0,-1.8,0.07,0.14,0,8.5,243,1,1,665,684,790,2,784,13.9,791.7,544,40.1,40.2,0.7,3.3,1391.5,-448,15.8,-10.5,12.5,14.0,13.1,11.0,10.5,12.5,14.1,13.5,48.5,49.3,3,8,0.9,1.5,43,43,42,0,0,0,6,6,4,0,7,15,5,19,26,18,8,8,9,0,0,0,0,0,0,0,0,0
12.72,188,0.25,0.3,0.26,12.4,11.8,11.6,0.0,-8.3,0.13,0.14,0,8.3,243,1,1,596,684,707,2,703,13.37,732.5,503,38.7,40.0,0.7,3.3,1391.5,-448,15.8,-10.5,12.8,14.3,13.3,11.3,10.9,12.8,14.2,13.6,48.6,49.3,3,7,0.7,1.5,42,42,42,0,0,0,6,6,4,0,8,14,5,19,26,18,7,7,9,0,0,0,0,0,0,0,0,0
13.48,170,0.25,0.3,0.26,12.9,12.0,12.3,0.0,-6.3,0.1,0.11,0,8.2,245,1,1,711,685,844,-2,832,14.1,839.1,573,39.4,39.4,0.7,3.3,1391.5,-448,15.8,-10.5,12.4,14.0,13.1,10.9,10.6,12.3,14.2,13.5,48.6,49.3,3,8,0.9,1.5,43,43,42,0,0,0,6,6,4,0,8,15,5,19,26,18,8,8,9,0,0,0,0,0,0,0,0,0
12.51,322,0.32,0.37,0.33,11.8,12.2,12.2,0.0,2.4,0.11,0.13,0,6.2,242,1,1,553,685,658,-2,649,12.97,680.5,485,39.2,40.7,0.7,3.3,1391.5,-448,15.8,-10.5,12.8,14.2,13.4,11.2,10.9,12.7,14.2,13.6,48.6,49.4,3,8,0.9,1.5,43,42,42,0,0,0,6,6,4,0,7,15,4,19,26,18,8,8,9,0,0,0,0,0,0,0,0,0
13.5,342,0.32,0.37,0.33,12.1,12.4,11.8,0.0,-12.5,0.13,0.16,0,7.0,243,1,1,669,686,796,1,790,13.99,798.4,546,41.9,41.9,0.7,3.3,1391.5,-448,15.8,-10.5,12.8,14.2,13.3,11.3,10.9,12.7,14.1,13.5,48.5,49.4,4,8,0.9,1.5,45,45,42,0,0,0,6,6,4,0,7,15,4,19,26,18,8,8,9,0,0,0,0,0,0,0,0,0
12.41,356,0.39,0.45,0.4,12.0,11.5,11.6,0.01,9.2,0.11,0.1,0,8.5,235,1,1,558,684,663,1,650,12.99,700.9,487,40.3,40.5,0.7,3.3,1391.5,-448,15.8,-10.6,12.6,14.1,13.3,11.2,10.8,12.7,14.1,13.4,48.5,49.3,4,8,0.7,1.3,43,43,42,0,0,0,6,6,4,0,8,13,5,19,26,18,8,8,9,0,0,0,0,0,0,0,0,0
14.36,34,0.24,0.3,0.25,13.1,13.0,12.2,0.0,-3.9,0.16,0.15,0,8.3,241,1,1,861,686,1025,-1,1009,15.13,951.0,642,41.2,41.3,0.7,3.3,1391.5,-448,15.8,-10.5,12.6,14.0,13.2,11.1,10.6,12.7,14.1,13.4,48.5,49.3,4,8,0.9,1.5,45,45,42,0,0,0,6,6,4,0,7,15,5,19,26,18,8,8,9,0,0,0,0,0,0,0,0,0
13.3,202,0.32,0.37,0.32,12.5,11.6,12.0,0.0,-12.6,0.11,0.13,0,8.5,244,1,1,691,686,823,-2,805,13.95,816.8,560,42.0,41.9,0.7,3.3,1391.5,-448,15.8,-10.5,12.8,14.2,13.4,11.2,10.9,12.7,14.1,13.5,48.6,49.4,4,8,0.9,1.5,45,45,42,0,0,0,6,6,4,0,7,15,4,19,26,18,8,8,9,0,0,0,0,0,0,0,0,0
13.53,160,0.25,0.3,0.26,15.1,16.1,15.0,0.0,-5.4,0.02,0.12,0,7.0,239,1,1,720,684,855,0,848,14.08,838.3,580,41.6,42.3,0.7,3.3,1391.5,-448,15.8,-10.6,12.8,14.2,13.4,11.2,10.9,12.6,14.1,13.5,48.5,49.4,4,8,0.7,1.5,46,46,42,0,0,0,6,6,4,0,8,14,5,19,26,18,8,8,9,0,0,0,0,0,0,0,0,0
14.63,130,0.35,0.41,0.36,12.7,12.4,13.6,0.0,-11.2,-0.01,0.11,0,6.5,244,1,1,904,685,1074,-1,1076,15.26,980.1,673,40.8,40.9,0.7,3.3,1391.5,-448,15.8,-10.5,12.5,13.8,13.1,11.0,10.5,12.5,14.1,13.4,48.5,49.3,3,7,0.9,1.5,45,45,42,0,0,0,6,6,4,0,7,15,5,19,26,18,7,7,9,0,0,0,0,0,0,0,0,0
12.72,328,0.25,0.3,0.26,12.3,12.4,12.1,0.0,-2.9,0.09,0.15,0,7.0,242,1,1,584,684,694,0,674,13.13,713.7,503,37.5,39.2,0.7,3.3,1391.5,-448,15.8,-10.6,12.8,14.4,13.6,11.3,10.8,13.0,14.3,13.5,48.5,49.4,4,7,0.7,1.5,42,41,42,0,0,0,6,6,4,0,8,14,5,19,26,18,7,7,10,0,0,0,0,0,0,0,0,0
13.61,116,0.32,0.37,0.33,11.8,11.4,12.3,0.0,-8.2,0.04,0.11,0,7.4,242,1,1,730,685,868,1,854,14.17,847.5,582,41.9,41.7,0.7,3.3,1391.5,-448,15.8,-10.5,12.7,14.2,13.4,11.2,10.8,12.8,14.1,13.5,48.6,49.3,4,8,0.9,1.5,46,45,42,0,0,0,6,6,4,0,7,15,4,19,26,18,8,8,9,0,0,0,0,0,0,0,0,0
13.36,144,0.33,0.38,0.34,12.2,12.6,11.9,0.0,-1.1,0.22,0.15,0,8.9,242,1,1,680,685,808,-1,790,14.0,804.0,547,40.4,40.2,0.7,3.3,1391.5,-448,15.8,-10.5,12.5,14.2,13.0,10.9,10.5,12.5,14.1,13.4,48.5,49.3,3,8,0.9,1.5,44,43,42,0,0,0,6,6,4,0,7,15,5,19,26,18,8,8,9,0,0,0,0,0,0,0,0,0
14.46,174,0.39,0.45,0.4,12.5,12.5,12.0,0.0,3.6,0.17,0.12,0,8.7,234,1,1,868,685,1031,0,1017,15.25,943.6,645,41.4,41.3,0.7,3.3,1391.5,-448,15.8,-10.6,12.6,14.1,13.2,11.1,10.7,12.6,14.1,13.5,48.6,49.3,4,9,0.7,1.4,45,45,42,0,0,0,6,6,4,0,8,14,5,19,26,18,9,9,9,0,0,0,0,0,0,0,0,0
13.22,46,0.25,0.3,0.26,12.2,12.7,12.5,0.0,-12.5,0.04,0.21,0,6.8,241,1,1,640,683,758,-2,752,13.64,762.1,534,40.3,42.2,0.7,3.3,1391.5,-448,15.8,-10.6,12.8,14.5,13.5,11.3,10.9,12.8,14.1,13.5,48.6,49.3,3,7,0.7,1.5,45,44,42,0,0,0,6,6,4,0,8,14,5,19,26,18,7,7,9,0,0,0,0,0,0,0,0,0
13.86,226,0.25,0.3,0.25,12.5,13.4,12.2,0.0,-10.2,0.09,0.17,0,7.5,244,1,1,710,686,844,2,828,14.34,819.5,565,40.4,40.4,0.7,3.3,1391.5,-448,15.8,-10.5,12.5,14.2,13.2,11.0,10.4,12.7,14.1,13.3,48.5,49.3,3,8,0.9,1.5,44,43,42,0,0,0,6,6,4,0,7,15,4,19,26,18,8,8,9,0,0,0,0,0,0,0,0,0
12.39,192,0.25,0.3,0.26,12.4,11.6,12.0,0.0,-11.7,0.07,0.14,0,6.3,242,1,1,554,684,657,1,650,12.99,697.5,482,39.4,40.8,0.7,3.3,1391.5,-448,15.8,-10.6,12.8,14.2,13.4,11.3,10.8,12.9,14.2,13.5,48.6,49.3,4,7,0.7,1.5,43,43,42,0,0,0,6,6,4,0,8,14,5,19,26,18,7,7,9,0,0,0,0,0,0,0,0,0
10.98,34,0.25,0.3,0.26,12.2,11.6,11.1,0.0,-9.9,0.09,0.16,0,4.9,242,1,1,362,683,429,0,420,11.31,513.7,362,38.5,38.4,0.7,3.3,1391.5,-448,15.8,-10.6,12.6,14.2,13.4,11.1,10.7,12.8,14.3,13.5,48.6,49.4,4,8,0.9,1.5,41,41,42,0,0,0,6,6,4,0,8,14,5,19,26,18,8,8,9,0,0,0,0,0,0,0,0,0
11.31,326,0.25,0.3,0.26,12.0,11.7,11.4,0.0,-2.9,0.09,0.14,0,5.2,239,1,1,394,683,468,1,464,11.67,546.3,386,38.2,38.3,0.7,3.3,1391.5,-448,15.8,-10.6,12.7,14.3,13.3,11.1,10.9,12.6,14.3,13.6,48.5,49.4,3,8,0.9,1.5,41,40,42,0,0,0,6,6,4,0,8,14,5,19,26,18,8,8,10,0,0,0,0,0,0,0,0,0
12.6,310,0.39,0.45,0.4,11.8,11.7,12.4,0.0,2.0,0.06,0.14,0,7.1,236,1,1,565,683,670,-1,654,13.08,692.2,489,41.2,41.1,0.7,3.3,1391.5,-448,15.8,-10.6,12.7,14.0,13.3,11.1,10.7,12.6,14.1,13.5,48.5,49.3,4,8,0.7,1.3,44,44,42,0,0,0,6,6,4,0,8,13,5,19,26,18,8,8,9,0,0,0,0,0,0,0,0,0
14.58,30,0.24,0.3,0.25,12.5,14.4,13.3,0.0,-1.3,0.13,0.17,0,7.4,243,1,1,844,686,1003,1,988,15.11,940.4,635,41.0,41.2,0.7,3.3,1391.5,-448,15.8,-10.5,12.5,14.0,13.2,11.0,10.6,12.5,14.1,13.4,48.5,49.3,4,7,0.9,1.5,45,45,42,0,0,0,6,6,4,0,7,15,5,19,26,18,7,7,9,0,0,0,0,0,0,0,0,0
14.48,308,0.35,0.41,0.36,12.7,12.6,11.7,0.0,-9.5,0.18,0.15,0,8.0,244,1,1,871,685,1035,0,1015,15.23,956.8,647,40.8,40.9,0.7,3.3,1391.5,-448,15.8,-10.5,12.5,13.9,13.1,11.0,10.5,12.5,14.1,13.4,48.5,49.3,3,8,0.9,1.5,45,45,42,0,0,0,6,6,4,0,7,15,5,19,26,18,8,8,9,0,0,0,0,0,0,0,0,0
15.33,348,0.39,0.45,0.4,12.6,12.7,14.1,0.19,4.1,-0.06,0.14,0,7.2,234,1,1,1040,685,1236,0,1230,15.99,1051.7,738,41.4,41.4,0.7,3.3,1391.5,-448,15.8,-10.6,12.6,14.3,13.1,11.1,10.7,12.5,14.1,13.5,48.5,49.3,3,8,0.7,1.4,45,45,42,0,0,0,6,6,4,0,8,14,5,19,26,18,8,8,9,0,0,0,0,0,0,0,0,0
12.93,258,0.25,0.3,0.26,12.5,12.0,12.3,0.0,0.2,0.1,0.11,0,6.4,242,1,1,643,684,763,0,756,13.72,777.1,528,39.7,39.7,0.7,3.3,1391.5,-448,15.8,-10.6,12.4,13.8,13.1,11.0,10.4,12.6,14.2,13.5,48.6,49.3,3,8,0.9,1.5,43,43,42,0,0,0,6,6,4,0,8,15,5,19,26,18,8,8,9,0,0,0,0,0,0,0,0,0
13.63,332,0.39,0.45,0.4,11.8,12.7,13.2,0.0,-8.6,0.1,0.18,0,8.3,240,1,1,717,685,852,0,830,14.08,819.3,577,40.0,40.1,0.7,3.3,1391.5,-448,15.8,-10.6,12.7,14.3,13.4,11.2,10.7,12.9,14.0,13.3,48.5,49.3,4,7,0.7,1.3,43,43,42,0,0,0,6,6,4,0,8,13,5,19,26,18,7,7,9,0,0,0,0,0,0,0,0,0
13.66,12,0.32,0.37,0.33,11.6,12.7,12.2,0.0,-8.2,0.11,0.14,0,8.0,242,1,1,691,686,822,-4,813,14.09,804.0,561,41.7,41.9,0.7,3.3,1391.5,-448,15.8,-10.5,12.7,14.2,13.4,11.3,10.8,12.7,14.1,13.5,48.5,49.3,3,8,0.9,1.5,46,45,42,0,0,0,6,6,4,0,7,15,4,19,26,18,8,8,9,0,0,0,0,0,0,0,0,0
13.33,222,0.25,0.3,0.26,12.8,11.6,11.9,0.0,1.6,0.14,0.15,0,5.9,244,1,1,698,685,829,1,825,13.99,822.1,563,39.5,39.5,0.7,3.3,1391.5,-448,15.8,-10.5,12.4,14.0,13.2,10.9,10.5,12.5,14.2,13.5,48.5,49.3,4,7,0.9,1.5,43,43,42,0,0,0,6,6,4,0,8,15,5,19,26,18,7,7,9,0,0,0,0,0,0,0,0,0
11.66,30,0.25,0.3,0.26,11.8,11.6,11.6,0.0,-6.4,0.12,0.19,0,6.5,244,1,1,452,683,535,1,532,12.2,589.9,419,38.9,38.7,0.7,3.3,1391.5,-448,15.8,-10.6,12.5,13.9,13.2,11.0,10.7,12.4,14.4,13.6,48.6,49.4,4,8,0.9,1.5,41,41,42,0,0,0,6,6,4,0,8,14,5,19,26,18,8,8,9,0,0,0,0,0,0,0,0,0
11.19,110,0.25,0.3,0.26,11.9,11.7,11.4,0.0,-0.3,0.1,0.12,0,5.7,239,1,1,415,683,492,-2,481,11.72,573.1,401,38.0,38.4,0.7,3.3,1391.5,-448,15.8,-10.6,12.7,14.3,13.3,11.1,10.8,12.6,14.3,13.6,48.5,49.3,3,8,0.9,1.5,41,40,42,0,0,0,6,6,4,0,8,14,5,19,26,18,8,8,10,0,0,0,0,0,0,0,0,0
12.31,184,0.25,0.3,0.26,12.2,12.0,11.6,0.0,0.7,0.17,0.17,0,5.4,241,1,1,539,683,639,0,631,12.94,689.7,470,37.1,38.8,0.7,3.3,1391.5,-448,15.8,-10.6,12.8,14.4,13.6,11.3,10.8,13.1,14.3,13.5,48.6,49.4,3,7,0.7,1.5,41,40,42,0,0,0,6,6,4,0,8,14,5,19,26,18,7,7,10,0,0,0,0,0,0,0,0,0
13.65,114,0.24,0.3,0.25,13.5,12.3,11.8,0.0,-5.9,0.1,0.08,0,8.6,241,1,1,750,686,892,-1,887,14.42,924.9,589,41.5,41.6,0.7,3.3,1391.5,-448,15.8,-10.5,12.7,14.2,13.3,11.2,10.8,12.6,14.1,13.4,48.5,49.3,4,8,0.9,1.5,45,45,42,0,0,0,6,6,4,0,7,15,4,19,26,18,8,8,10,0,0,0,0,0,0,0,0,0
13.93,266,0.25,0.3,0.26,12.1,13.1,12.5,0.0,-10.1,0.14,0.14,0,8.2,246,1,1,752,686,893,-4,871,14.45,857.5,587,39.3,39.2,0.7,3.3,1391.5,-448,15.8,-10.6,12.4,13.9,13.1,11.0,10.5,12.5,14.3,13.5,48.6,49.4,3,8,0.9,1.5,43,43,42,0,0,0,6,6,4,0,8,15,5,19,26,18,8,8,10,0,0,0,0,0,0,0,0,0
12.01,164,0.39,0.45,0.4,11.9,11.7,11.9,0.0,10.0,0.14,0.16,0,6.5,235,1,1,483,683,574,0,561,12.51,635.0,439,41.2,41.2,0.7,3.3,1391.5,-448,15.8,-10.6,12.6,14.3,13.5,11.1,10.7,12.6,14.1,13.4,48.6,49.4,4,8,0.7,1.3,44,44,42,0,0,0,6,6,4,0,8,13,5,19,26,18,8,8,10,0,0,0,0,0,0,0,0,0
12.72,288,0.39,0.45,0.4,12.0,11.7,12.2,0.0,-1.5,0.05,0.13,0,9.1,236,1,1,592,684,703,0,698,13.27,726.2,506,40.4,40.5,0.7,3.3,1391.5,-448,15.8,-10.6,12.7,14.1,13.3,11.1,10.9,12.5,14.1,13.4,48.5,49.3,4,8,0.7,1.3,43,43,42,0,0,0,6,6,4,0,8,13,5,19,26,18,8,8,9,0,0,0,0,0,0,0,0,0
12.34,30,0.32,0.37,0.33,11.9,11.8,12.2,0.0,-9.4,0.09,0.14,0,5.6,244,1,1,536,686,639,2,641,12.82,682.7,476,39.7,41.6,0.7,3.3,1391.5,-448,15.8,-10.5,12.8,14.3,13.3,11.3,10.9,12.7,14.2,13.6,48.6,49.3,4,7,0.9,1.5,44,43,42,0,0,0,6,6,4,0,7,15,4,19,26,18,7,7,10,0,0,0,0,0,0,0,0,0
13.87,28,0.24,0.3,0.25,13.4,12.2,12.0,0.0,-4.5,0.13,0.11,0,7.0,241,1,1,774,686,922,1,913,14.53,934.7,605,41.3,41.5,0.7,3.3,1391.5,-448,15.8,-10.5,12.6,14.2,13.3,11.1,10.7,12.7,14.1,13.4,48.5,49.3,4,8,0.9,1.5,45,45,42,0,0,0,6,6,4,0,7,15,4,19,26,18,8,8,8,0,0,0,0,0,0,0,0,0
13.86,86,0.25,0.3,0.26,12.9,12.1,12.8,0.0,-11.1,0.05,0.1,0,8.0,246,1,1,763,685,907,0,907,14.44,879.6,601,39.3,39.4,0.7,3.3,1391.5,-448,15.8,-10.6,12.4,13.8,13.0,10.9,10.5,12.3,14.3,13.5,48.6,49.4,3,7,0.9,1.5,43,43,42,0,0,0,6,6,4,0,8,15,5,19,26,18,7,7,9,0,0,0,0,0,0,0,0,0
13.13,218,0.39,0.45,0.4,12.0,12.4,11.9,0.0,-0.9,0.13,0.14,0,6.7,240,1,1,629,684,747,1,736,13.67,768.0,522,40.2,40.2,0.7,3.3,1391.5,-448,15.8,-10.6,12.7,14.2,13.3,11.2,10.8,12.9,14.1,13.4,48.5,49.3,3,8,0.7,1.3,43,43,42,0,0,0,6,6,4,0,8,13,5,19,26,18,8,8,9,0,0,0,0,0,0,0,0,0
12.36,240,0.39,0.45,0.4,11.8,12.0,12.2,0.0,2.5,0.09,0.19,0,8.4,236,1,1,516,684,612,-1,605,12.76,649.3,462,41.2,41.1,0.7,3.3,1391.5,-448,15.8,-10.6,12.7,14.1,13.4,11.1,10.7,12.6,14.1,13.4,48.6,49.3,3,8,0.7,1.3,44,44,42,0,0,0,6,6,4,0,8,13,5,19,26,18,8,8,9,0,0,0,0,0,0,0,0,0
14.45,122,0.24,0.3,0.25,12.6,13.8,13.6,0.0,-3.0,0.1,0.19,0,6.1,241,1,1,821,686,976,-2,958,14.95,927.0,627,41.3,41.4,0.7,3.3,1391.5,-448,15.8,-10.5,12.6,14.0,13.1,11.1,10.7,12.4,14.1,13.4,48.6,49.4,3,7,0.9,1.5,45,45,42,0,0,0,6,6,4,0,7,15,5,19,26,18,7,7,9,0,0,0,0,0,0,0,0,0
13.93,356,0.39,0.45,0.4,13.2,11.7,12.0,0.0,5.5,0.04,0.11,0,8.4,234,1,1,767,685,911,-1,897,14.57,856.8,600,41.3,41.3,0.7,3.3,1391.5,-448,15.8,-10.6,12.6,14.1,13.2,11.1,10.7,12.7,14.1,13.5,48.5,49.4,3,8,0.7,1.4,44,44,42,0,0,0,6,6,4,0,8,14,5,19,26,18,8,8,10,0,0,0,0,0,0,0,0,0
12.99,260,0.25,0.3,0.26,12.3,12.5,12.0,0.0,-8.1,0.14,0.19,0,8.0,243,1,1,582,684,691,0,687,13.39,718.9,497,38.5,40.0,0.7,3.3,1391.5,-448,15.8,-10.6,12.8,14.3,13.4,11.3,10.9,12.8,14.2,13.6,48.6,49.3,3,8,0.7,1.5,42,42,42,0,0,0,6,6,4,0,8,14,5,19,26,18,8,8,9,0,0,0,0,0,0,0,0,0
12.83,98,0.25,0.3,0.26,12.5,11.8,11.7,0.0,-7.6,0.11,0.14,0,7.7,244,1,1,603,685,717,-2,713,13.56,734.1,507,39.1,39.0,0.7,3.3,1391.5,-448,15.8,-10.6,12.5,14.0,13.1,10.9,10.6,12.4,14.3,13.6,48.6,49.4,4,8,0.9,1.5,41,41,42,0,0,0,6,6,4,0,8,15,5,19,26,18,8,8,10,0,0,0,0,0,0,0,0,0
14.77,128,0.35,0.41,0.36,13.2,12.2,12.9,0.0,-2.0,0.06,0.15,0,8.2,242,1,1,934,686,1111,-2,1109,15.44,990.7,684,40.4,40.5,0.7,3.3,1391.5,-448,15.8,-10.5,12.5,13.8,13.1,11.0,10.5,12.5,14.1,13.4,48.5,49.3,2,7,0.9,1.5,44,44,42,0,0,0,6,6,4,0,7,15,5,19,26,18,7,7,9,0,0,0,0,0,0,0,0,0
12.44,70,0.39,0.45,0.4,12.1,11.6,11.4,0.0,7.1,0.1,0.14,0,6.8,237,1,1,558,684,663,0,653,13.05,709.1,484,40.2,40.3,0.7,3.3,1391.5,-448,15.8,-10.6,12.6,14.0,13.3,11.2,10.8,12.8,14.1,13.5,48.5,49.4,4,8,0.7,1.3,43,43,42,0,0,0,6,6,4,0,8,13,5,19,26,18,8,8,9,0,0,0,0,0,0,0,0,0
12.81,216,0.39,0.45,0.4,11.9,12.3,12.5,0.0,0.0,0.15,0.14,0,7.6,236,1,1,589,685,700,2,697,13.25,712.4,507,40.4,40.5,0.7,3.3,1391.5,-448,15.8,-10.6,12.7,14.1,13.4,11.1,10.8,12.6,14.1,13.4,48.5,49.3,4,8,0.7,1.3,43,43,42,0,0,0,6,6,4,0,8,13,5,19,26,18,8,8,9,0,0,0,0,0,0,0,0,0
11.13,250,0.25,0.3,0.26,12.3,11.6,11.4,0.0,-8.6,-0.01,0.1,0,5.8,244,1,1,393,683,466,1,459,11.54,533.9,387,38.8,38.8,0.7,3.3,1391.5,-448,15.8,-10.6,12.5,13.9,13.2,11.0,10.6,12.6,14.3,13.6,48.6,49.4,3,8,0.9,1.5,41,41,42,0,0,0,6,6,4,0,8,14,5,19,26,18,8,8,9,0,0,0,0,0,0,0,0,0
14.56,306,0.35,0.41,0.36,12.7,12.4,11.7,0.0,-8.2,0.12,0.11,0,8.5,244,1,1,875,685,1039,-3,1035,15.23,959.1,651,40.8,40.8,0.7,3.3,1391.5,-448,15.8,-10.5,12.5,13.8,13.2,11.0,10.5,12.5,14.1,13.4,48.5,49.3,3,7,0.9,1.5,45,45,42,0,0,0,6,6,4,0,7,15,5,19,26,18,7,7,9,0,0,0,0,0,0,0,0,0
12.68,38,0.25,0.3,0.26,12.0,12.1,11.9,0.0,-6.0,0.02,0.13,0,6.3,242,1,1,583,684,692,-3,692,13.15,720.2,500,39.8,39.8,0.7,3.3,1391.5,-448,15.8,-10.5,12.4,13.7,13.1,11.0,10.5,12.6,14.2,13.5,48.5,49.3,3,7,0.9,1.5,43,43,42,0,0,0,6,6,4,0,7,15,5,19,26,18,7,7,9,0,0,0,0,0,0,0,0,0
15.42,174,0.39,0.45,0.4,12.5,13.2,12.2,0.0,-2.7,0.19,0.16,0,8.4,235,1,1,1006,685,1196,1,1187,15.96,1050.5,712,41.5,41.6,0.7,3.3,1391.5,-448,15.8,-10.6,12.6,14.4,13.2,11.1,10.6,12.9,14.1,13.4,48.5,49.3,3,7,0.7,1.4,45,46,42,0,0,0,6,6,4,0,8,14,5,19,26,18,7,7,9,0,0,0,0,0,0,0,0,0
12.72,0,0.39,0.45,0.4,12.5,11.5,11.4,0.0,-1.4,0.12,0.16,0,8.2,236,1,1,599,684,711,-3,699,13.3,729.3,506,40.5,40.5,0.7,3.3,1391.5,-448,15.8,-10.6,12.7,14.2,13.3,11.1,10.9,12.5,14.1,13.4,48.5,49.3,4,7,0.7,1.3,43,43,42,0,0,0,6,6,4,0,8,13,5,19,26,18,7,7,10,0,0,0,0,0,0,0,0,0
13.79,144,0.39,0.45,0.4,11.8,12.9,12.7,0.0,-7.3,0.07,0.19,0,8.0,238,1,1,708,684,841,0,824,14.28,811.3,565,40.5,40.3,0.7,3.3,1391.5,-448,15.8,-10.6,12.7,14.5,13.4,11.1,10.8,12.7,14.1,13.5,48.5,49.3,4,8,0.7,1.3,43,43,42,0,0,0,6,6,4,0,8,13,5,19,26,18,8,8,9,0,0,0,0,0,0,0,0,0
10.78,246,0.25,0.3,0.26,11.5,11.5,11.6,0.0,-12.1,0.12,0.17,0,4.9,243,1,1,363,683,431,3,418,11.23,513.8,365,38.7,38.6,0.7,3.3,1391.5,-448,15.8,-10.6,12.6,14.0,13.1,11.1,10.7,12.6,14.3,13.6,48.5,49.3,3,8,0.8,1.5,41,41,42,0,0,0,6,6,4,0,8,14,5,19,26,18,8,8,10,0,0,0,0,0,0,0,0,0
11.49,176,0.25,0.3,0.26,11.8,11.6,11.3,0.0,-10.9,0.09,0.17,0,6.0,245,1,1,403,683,478,0,470,11.82,543.1,388,38.8,38.7,0.7,3.3,1391.5,-448,15.8,-10.6,12.5,13.9,13.2,11.0,10.7,12.5,14.3,13.6,48.6,49.4,4,7,0.9,1.5,41,41,42,0,0,0,6,6,4,0,8,14,5,19,26,18,7,7,9,0,0,0,0,0,0,0,0,0
12.6,92,0.39,0.45,0.4,12.4,11.6,11.4,0.0,6.7,0.11,0.16,0,6.0,235,1,1,575,683,682,-2,680,13.26,709.5,490,41.3,41.2,0.7,3.3,1391.5,-448,15.8,-10.6,12.7,14.0,13.3,11.1,10.7,12.6,14.1,13.5,48.5,49.3,3,8,0.7,1.3,44,44,42,0,0,0,6,6,4,0,8,13,5,19,26,18,8,8,9,0,0,0,0,0,0,0,0,0
12.19,172,0.32,0.37,0.32,11.9,11.9,11.8,0.0,-2.6,0.06,0.13,0,7.1,242,1,1,522,686,621,1,610,12.86,672.0,460,38.4,39.7,0.7,3.3,1391.5,-448,15.8,-10.5,12.8,14.2,13.4,11.2,10.9,12.7,14.3,13.6,48.6,49.3,4,8,0.9,1.5,42,41,42,0,0,0,6,6,4,0,7,15,4,19,26,18,8,8,10,0,0,0,0,0,0,0,0,0
13.78,176,0.25,0.3,0.26,13.4,12.0,11.8,0.0,-13.4,0.09,0.14,0,8.1,246,1,1,758,685,901,1,887,14.42,869.1,594,39.3,39.2,0.7,3.3,1391.5,-448,15.8,-10.6,12.4,13.8,13.0,10.9,10.5,12.2,14.3,13.5,48.6,49.4,3,8,0.9,1.5,43,43,42,0,0,0,6,6,4,0,8,15,5,19,26,18,8,8,9,0,0,0,0,0,0,0,0,0
13.66,50,0.39,0.45,0.4,13.1,11.6,12.2,0.0,1.6,0.04,0.08,0,6.7,238,1,1,738,685,877,0,878,14.27,862.9,588,40.8,40.7,0.7,3.3,1391.5,-448,15.8,-10.6,12.7,14.2,13.4,11.2,10.7,12.8,14.1,13.4,48.5,49.3,4,8,0.7,1.3,44,44,42,0,0,0,6,6,4,0,8,13,5,19,26,18,8,8,9,0,0,0,0,0,0,0,0,0
12.5,284,0.39,0.45,0.4,12.0,11.8,12.5,0.0,11.0,-0.01,0.14,0,7.3,236,1,1,560,684,665,-2,650,12.99,701.4,490,40.3,40.4,0.7,3.4,1391.5,-448,15.8,-10.6,12.6,14.1,13.3,11.2,10.8,12.7,14.1,13.4,48.6,49.3,4,7,0.7,1.3,43,43,42,0,0,0,6,6,4,0,8,13,5,19,26,18,7,7,9,0,0,0,0,0,0,0,0,0
12.6,2,0.39,0.45,0.4,12.1,11.4,11.3,0.0,3.4,0.12,0.14,0,7.4,236,1,1,572,684,679,1,673,13.12,708.7,495,40.3,40.2,0.7,3.3,1391.5,-448,15.8,-10.6,12.7,14.1,13.4,11.1,10.8,12.6,14.1,13.4,48.5,49.3,4,7,0.7,1.3,43,43,42,0,0,0,6,6,4,0,8,13,5,19,26,18,7,7,9,0,0,0,0,0,0,0,0,0
14.27,42,0.35,0.41,0.36,12.0,12.4,13.8,0.0,-10.6,0.08,0.17,0,7.4,244,1,1,823,687,980,-2,967,14.79,930.0,632,40.3,40.3,0.7,3.3,1391.5,-448,15.8,-10.5,12.5,14.0,13.2,11.0,10.4,12.6,14.1,13.4,48.5,49.3,4,8,0.9,1.5,44,43,42,0,0,0,6,6,4,0,7,15,4,19,26,18,8,8,10,0,0,0,0,0,0,0,0,0
12.82,312,0.39,0.45,0.4,11.8,12.2,12.4,0.0,-7.5,0.05,0.11,0,7.0,239,1,1,609,684,723,0,715,13.28,742.4,519,41.0,41.0,0.7,3.3,1391.5,-448,15.8,-10.6,12.6,14.3,13.4,11.1,10.8,12.7,14.1,13.5,48.5,49.3,3,8,0.7,1.3,44,44,42,0,0,0,6,6,4,0,8,13,5,19,26,18,8,8,9,0,0,0,0,0,0,0,0,0
11.81,254,0.25,0.3,0.26,12.0,11.9,11.7,0.0,-3.2,0.09,0.14,0,6.2,239,1,1,454,684,539,1,531,12.18,598.6,421,38.3,37.9,0.7,3.3,1391.5,-448,15.8,-10.6,12.8,14.0,13.4,11.3,10.8,12.9,14.3,13.6,48.5,49.4,6,8,0.8,1.5,41,40,42,0,0,0,6,6,4,0,8,14,5,19,26,18,8,8,10,0,0,0,0,0,0,0,0,0
12.23,176,0.32,0.37,0.32,12.2,11.8,12.0,0.0,-0.9,0.1,0.1,0,7.5,242,1,1,539,685,641,1,632,12.97,687.0,472,39.2,40.4,0.7,3.3,1391.5,-448,15.8,-10.5,12.8,14.2,13.5,11.2,10.9,12.6,14.2,13.6,48.6,49.4,4,8,0.9,1.5,43,42,42,0,0,0,6,6,4,0,7,15,4,19,26,18,8,8,9,0,0,0,0,0,0,0,0,0
13.6,326,0.25,0.3,0.26,12.2,12.7,12.2,0.0,-3.9,0.15,0.16,0,7.2,245,1,1,683,684,811,0,793,14.05,808.3,549,39.4,39.4,0.7,3.3,1391.5,-448,15.8,-10.5,12.4,14.1,13.1,10.9,10.5,12.4,14.2,13.5,48.5,49.3,2,8,0.9,1.5,43,43,42,0,0,0,6,6,4,0,8,15,5,19,26,18,8,8,9,0,0,0,0,0,0,0,0,0
13.84,74,0.35,0.4,0.36,11.6,12.3,12.8,0.0,-1.0,0.11,0.13,0,7.8,239,1,1,755,683,895,0,880,14.3,927.5,599,42.2,42.5,0.7,3.3,1391.5,-448,15.8,-10.6,12.7,14.1,13.4,11.2,10.9,12.7,14.1,13.5,48.5,49.3,3,7,0.7,1.5,46,46,42,0,0,0,6,6,4,0,8,14,5,19,26,18,7,7,9,0,0,0,0,0,0,0,0,0
14.87,168,0.39,0.45,0.4,12.7,13.0,11.9,0.0,2.0,0.17,0.13,0,7.5,235,1,1,924,686,1100,1,1093,15.5,992.0,673,41.8,41.9,0.7,3.3,1391.5,-448,15.8,-10.6,12.6,14.0,13.2,11.1,10.8,12.5,14.1,13.4,48.5,49.3,3,8,0.7,1.5,46,46,42,0,0,0,6,6,4,0,8,14,5,19,26,18,8,8,10,0,0,0,0,0,0,0,0,0
11.48,34,0.25,0.3,0.26,12.2,11.7,11.8,0.0,-5.2,0.09,0.08,0,5.2,241,1,1,439,684,521,2,521,11.95,587.2,416,38.2,38.4,0.7,3.3,1391.5,-448,15.8,-10.6,12.7,14.1,13.3,11.2,10.8,12.7,14.3,13.6,48.5,49.3,3,8,0.8,1.5,41,41,42,0,0,0,6,6,4,0,8,14,5,19,26,18,8,8,10,0,0,0,0,0,0,0,0,0
14.56,38,0.24,0.3,0.25,13.0,13.5,12.7,0.0,-0.1,0.16,0.13,0,7.3,242,1,1,842,686,1002,0,989,15.12,937.8,635,41.2,41.3,0.7,3.3,1391.5,-448,15.8,-10.5,12.5,14.1,13.2,11.0,10.7,12.4,14.1,13.4,48.5,49.3,4,8,0.9,1.5,45,45,42,0,0,0,6,6,4,0,7,15,5,19,26,18,8,8,9,0,0,0,0,0,0,0,0,0
13.58,54,0.25,0.3,0.26,12.0,13.2,12.7,0.0,-1.5,0.13,0.13,0,7.7,244,1,1,694,684,823,1,810,14.04,804.2,567,39.5,39.4,0.7,3.3,1391.5,-448,15.8,-10.5,12.4,14.1,13.2,10.9,10.5,12.5,14.2,13.5,48.5,49.3,3,8,0.9,1.5,43,43,42,0,0,0,6,6,4,0,8,15,5,19,26,18,8,8,9,0,0,0,0,0,0,0,0,0
12.14,242,0.32,0.37,0.33,11.9,12.3,12.5,0.0,10.4,0.02,0.17,0,5.3,238,1,1,495,685,588,1,579,12.54,640.0,450,37.8,39.4,0.7,3.3,1391.5,-448,15.8,-10.5,12.8,14.3,13.4,11.2,10.9,12.6,14.3,13.6,48.6,49.3,4,8,0.9,1.5,41,41,42,0,0,0,6,6,4,0,7,15,4,19,26,18,8,8,10,0,0,0,0,0,0,0,0,0
14.57,78,0.39,0.45,0.4,14.0,12.2,11.8,0.0,-1.9,0.09,0.12,0,6.9,236,1,1,905,685,1076,1,1058,15.28,986.3,669,41.9,42.0,0.7,3.3,1391.5,-448,15.8,-10.6,12.6,13.9,13.2,11.1,10.8,12.6,14.1,13.4,48.5,49.3,3,8,0.7,1.5,46,46,42,0,0,0,6,6,4,0,8,14,5,19,26,18,8,8,9,0,0,0,0,0,0,0,0,0
13.85,354,0.25,0.3,0.26,12.0,13.1,13.2,0.0,-13.0,0.09,0.14,0,6.9,246,1,1,738,685,877,1,866,14.36,844.6,589,39.3,39.2,0.7,3.3,1391.5,-448,15.8,-10.6,12.5,13.8,12.9,10.9,10.6,12.1,14.2,13.5,48.6,49.3,3,8,0.9,1.5,43,43,42,0,0,0,6,6,4,0,8,15,5,19,26,18,8,8,9,0,0,0,0,0,0,0,0,0
11.69,324,0.25,0.3,0.26,12.2,11.8,11.4,0.0,-7.0,0.09,0.14,0,7.0,240,1,1,448,684,532,0,527,12.08,590.5,422,38.3,38.5,0.7,3.3,1391.5,-448,15.8,-10.6,12.7,14.0,13.4,11.2,10.8,12.7,14.3,13.6,48.6,49.4,3,8,0.8,1.5,41,41,42,0,0,0,6,6,4,0,8,14,5,19,26,18,8,8,9,0,0,0,0,0,0,0,0,0
13.76,324,0.39,0.45,0.4,12.9,11.4,12.4,0.0,-8.5,0.08,0.12,0,8.1,239,1,1,748,685,889,0,885,14.38,856.7,590,40.7,40.6,0.7,3.3,1391.5,-448,15.8,-10.6,12.7,14.5,13.4,11.1,10.8,12.7,14.1,13.5,48.5,49.3,4,7,0.7,1.3,44,44,42,0,0,0,6,6,4,0,8,13,5,19,26,18,7,7,10,0,0,0,0,0,0,0,0,0
14.68,126,0.24,0.3,0.25,12.2,13.8,14.1,0.0,-1.3,0.11,0.17,0,8.5,241,1,1,864,686,1028,1,1010,15.15,940.7,655,41.2,41.2,0.7,3.3,1391.5,-448,15.8,-10.5,12.5,14.0,13.2,11.0,10.6,12.6,14.1,13.4,48.5,49.3,4,8,0.9,1.5,45,45,42,0,0,0,6,6,4,0,7,15,5,19,26,18,8,8,9,0,0,0,0,0,0,0,0,0
10.94,102,0.25,0.3,0.26,11.8,11.6,11.1,0.0,-13.3,0.15,0.19,0,6.7,244,1,1,360,682,427,-1,423,11.37,503.7,359,38.7,38.8,0.7,3.3,1391.5,-448,15.8,-10.6,12.6,14.0,13.2,11.1,10.7,12.6,14.3,13.6,48.6,49.4,3,7,0.9,1.5,41,41,42,0,0,0,6,6,4,0,8,14,5,19,26,18,7,7,9,0,0,0,0,0,0,0,0,0
14.68,256,0.39,0.45,0.4,11.9,13.4,13.5,0.0,-7.3,0.07,0.17,0,8.9,237,1,1,862,685,1024,1,1008,15.12,944.6,650,41.9,42.0,0.7,3.3,1391.5,-448,15.8,-10.6,12.6,13.9,13.2,11.1,10.8,12.6,14.1,13.4,48.5,49.3,4,8,0.7,1.5,46,46,42,0,0,0,6,6,4,0,8,14,5,19,26,18,8,8,9,0,0,0,0,0,0,0,0,0
15.27,354,0.39,0.45,0.4,12.9,12.7,14.2,0.0,-2.4,0.04,0.13,0,9.7,235,1,1,1042,686,1239,1,1228,15.96,1065.4,739,41.6,41.7,0.7,3.3,1391.5,-448,15.8,-10.6,12.6,14.4,13.3,11.1,10.6,12.9,14.1,13.4,48.5,49.3,3,8,0.7,1.4,45,46,42,0,0,0,6,6,4,0,8,14,5,19,26,18,8,8,9,0,0,0,0,0,0,0,0,0
13.41,58,0.39,0.45,0.4,12.7,12.2,11.8,0.0,-6.6,0.17,0.06,0,9.2,238,1,1,705,684,837,1,818,14.18,816.7,562,40.7,40.5,0.7,3.3,1391.5,-448,15.8,-10.6,12.7,14.5,13.3,11.1,10.8,12.6,14.1,13.5,48.5,49.4,4,7,0.7,1.3,43,43,42,0,0,0,6,6,4,0,8,13,5,19,26,18,7,7,9,0,0,0,0,0,0,0,0,0
14.86,262,0.39,0.45,0.4,11.7,13.2,14.3,0.0,2.5,0.09,0.21,0,7.6,234,1,1,889,685,1056,1,1046,15.4,940.1,663,41.3,41.5,0.7,3.3,1391.5,-448,15.8,-10.6,12.6,14.1,13.2,11.1,10.7,12.6,14.1,13.5,48.6,49.3,4,8,0.7,1.4,45,45,42,0,0,0,6,6,4,0,8,14,5,19,26,18,8,8,9,0,0,0,0,0,0,0,0,0
14.95,350,0.39,0.45,0.4,12.9,12.7,13.8,0.0,1.0,0.02,0.11,0,7.9,236,1,1,983,686,1170,1,1162,15.62,1028.7,713,41.7,41.7,0.7,3.3,1391.5,-448,15.8,-10.6,12.6,14.1,13.2,11.1,10.7,12.5,14.1,13.4,48.5,49.3,4,7,0.7,1.4,46,46,42,0,0,0,6,6,4,0,8,14,5,19,26,18,7,7,9,0,0,0,0,0,0,0,0,0
12.61,172,0.25,0.3,0.26,12.3,12.0,11.7,0.0,-5.5,0.09,0.14,0,8.3,244,1,1,543,685,646,2,639,13.11,666.8,473,39.1,38.8,0.7,3.3,1391.5,-448,15.8,-10.6,12.5,14.0,13.2,10.9,10.6,12.4,14.4,13.6,48.5,49.4,3,8,0.9,1.5,41,41,42,0,0,0,6,6,4,0,8,15,5,19,26,18,8,8,9,0,0,0,0,0,0,0,0,0
12.49,358,0.39,0.45,0.4,12.0,11.5,11.6,0.0,6.9,0.15,0.14,0,6.9,237,1,1,568,684,674,2,671,13.09,715.1,495,40.2,40.3,0.7,3.3,1391.5,-448,15.8,-10.6,12.7,14.0,13.3,11.2,10.8,12.8,14.1,13.5,48.5,49.4,4,7,0.7,1.3,43,43,42,0,0,0,6,6,4,0,8,13,5,19,26,18,7,7,9,0,0,0,0,0,0,0,0,0
11.06,106,0.25,0.3,0.26,11.9,11.6,11.5,0.0,-11.9,0.06,0.13,0,5.3,242,1,1,394,683,468,0,458,11.52,548.9,388,38.7,38.3,0.7,3.3,1391.5,-448,15.8,-10.6,12.6,14.4,13.4,11.1,10.7,12.9,14.3,13.6,48.6,49.4,4,8,0.9,1.5,41,40,42,0,0,0,6,6,4,0,8,14,5,19,26,18,8,8,9,0,0,0,0,0,0,0,0,0
12.67,24,0.39,0.45,0.4,11.9,11.6,12.2,0.0,-6.4,0.09,0.14,0,6.9,239,1,1,590,683,699,-3,693,13.18,739.2,506,41.1,41.0,0.7,3.3,1391.5,-448,15.8,-10.6,12.6,14.3,13.4,11.1,10.8,12.7,14.1,13.5,48.5,49.3,4,7,0.7,1.3,44,44,42,0,0,0,6,6,4,0,8,13,5,19,26,18,7,7,9,0,0,0,0,0,0,0,0,0
13.02,178,0.33,0.38,0.34,11.4,12.0,11.9,0.0,-6.6,0.16,0.16,0,7.8,244,1,1,620,684,736,2,734,13.62,749.4,513,40.0,40.0,0.7,3.4,1391.5,-448,15.8,-10.5,12.4,14.0,13.1,11.0,10.5,12.5,14.1,13.5,48.6,49.3,4,7,0.9,1.5,43,43,42,0,0,0,6,6,4,0,7,15,5,19,26,18,7,7,9,0,0,0,0,0,0,0,0,0
12.3,94,0.39,0.45,0.4,12.3,11.5,11.8,0.0,1.0,0.0,0.14,0,5.4,236,1,1,532,683,631,0,628,12.88,675.4,466,41.3,41.1,0.7,3.3,1391.5,-448,15.8,-10.6,12.7,14.1,13.3,11.1,10.8,12.6,14.1,13.4,48.5,49.3,4,8,0.7,1.3,44,44,42,0,0,0,6,6,4,0,8,13,5,19,26,18,8,8,9,0,0,0,0,0,0,0,0,0
13.93,178,0.25,0.3,0.26,12.9,12.4,12.3,0.01,-6.8,0.12,0.15,0,7.9,245,1,1,752,685,895,1,895,14.53,867.1,590,39.2,39.2,0.7,3.3,1391.5,-448,15.8,-10.6,12.5,14.1,13.2,11.0,10.4,12.7,14.3,13.5,48.6,49.3,3,8,0.9,1.5,42,42,42,0,0,0,6,6,4,0,8,15,5,19,26,18,8,8,9,0,0,0,0,0,0,0,0,0
12.31,260,0.25,0.3,0.26,12.1,12.5,11.8,0.01,0.4,0.15,0.2,0,8.2,240,1,1,517,684,614,1,603,12.71,653.3,462,37.1,38.3,0.7,3.3,1391.5,-448,15.8,-10.6,12.8,14.2,13.5,11.3,10.7,13.1,14.3,13.5,48.6,49.4,3,7,0.7,1.5,40,40,42,0,0,0,6,6,4,0,8,14,5,19,26,18,7,7,10,0,0,0,0,0,0,0,0,0
15.38,356,0.39,0.45,0.4,13.2,12.9,14.2,0.0,-2.4,0.0,0.12,0,9.7,235,1,1,1045,686,1244,1,1233,16.02,1065.8,742,41.5,41.7,0.7,3.3,1391.5,-448,15.8,-10.6,12.6,14.4,13.2,11.1,10.7,12.7,14.1,13.5,48.5,49.3,3,7,0.7,1.4,45,45,42,0,0,0,6,6,4,0,8,14,5,19,26,18,7,7,9,0,0,0,0,0,0,0,0,0
12.6,320,0.32,0.37,0.33,12.1,12.5,12.4,0.0,-11.0,0.16,0.15,0,7.1,244,1,1,556,686,662,0,651,13.03,690.4,487,40.5,42.1,0.7,3.3,1391.5,-448,15.8,-10.5,12.8,14.4,13.5,11.3,10.8,13.0,14.2,13.5,48.6,49.3,4,8,0.9,1.5,45,45,42,0,0,0,6,6,4,0,7,15,4,19,26,18,8,8,9,0,0,0,0,0,0,0,0,0
12.3,100,0.25,0.3,0.26,12.2,11.6,12.2,0.0,-3.3,0.13,0.14,0,6.9,244,1,1,526,685,625,-2,615,12.95,660.9,463,38.9,38.8,0.7,3.3,1391.5,-448,15.8,-10.6,12.5,14.0,13.2,10.9,10.6,12.4,14.4,13.6,48.5,49.4,3,7,0.9,1.5,41,41,42,0,0,0,6,6,4,0,8,15,5,19,26,18,7,7,9,0,0,0,0,0,0,0,0,0
10.91,178,0.25,0.3,0.26,11.5,11.6,11.8,0.0,-14.0,0.17,0.14,0,5.5,242,1,1,383,683,455,1,455,11.44,546.2,380,38.6,38.3,0.7,3.3,1391.5,-448,15.8,-10.6,12.6,14.3,13.4,11.1,10.7,12.9,14.3,13.6,48.6,49.4,3,8,0.9,1.5,41,40,42,0,0,0,6,6,4,0,8,14,5,19,26,18,8,8,9,0,0,0,0,0,0,0,0,0
13.98,76,0.35,0.4,0.36,11.6,10.9,11.7,0.0,-0.6,0.03,0.12,0,7.0,239,1,1,789,684,936,1,931,14.52,933.2,616,42.2,42.3,0.7,3.3,1391.5,-448,15.8,-10.6,12.7,14.1,13.4,11.2,10.8,12.7,14.1,13.5,48.6,49.3,3,8,0.7,1.5,46,46,42,0,0,0,6,6,4,0,8,14,5,19,26,18,8,8,10,0,0,0,0,0,0,0,0,0
13.23,26,0.25,0.3,0.26,12.8,11.8,12.1,0.0,-12.1,0.02,0.16,0,6.0,245,1,1,667,685,793,4,784,13.89,785.4,544,39.0,38.9,0.7,3.3,1391.5,-448,15.8,-10.6,12.5,14.1,13.1,11.0,10.6,12.3,14.3,13.6,48.6,49.4,3,8,0.9,1.5,41,41,42,0,0,0,6,6,4,0,8,15,5,19,26,18,8,8,9,0,0,0,0,0,0,0,0,0
12.2,234,0.39,0.45,0.4,11.8,12.0,12.0,0.0,8.1,0.08,0.14,0,6.2,235,1,1,490,683,581,1,580,12.56,630.9,447,41.2,41.2,0.7,3.3,1391.5,-448,15.8,-10.6,12.6,14.3,13.5,11.1,10.7,12.6,14.1,13.4,48.6,49.4,4,7,0.7,1.3,44,44,42,0,0,0,6,6,4,0,8,13,5,19,26,18,7,7,9,0,0,0,0,0,0,0,0,0
14.32,302,0.35,0.41,0.36,13.0,12.4,11.8,0.0,-7.0,0.13,0.11,0,7.5,244,1,1,882,685,1049,0,1053,15.2,968.0,657,41.0,41.1,0.7,3.4,1391.5,-448,15.8,-10.5,12.5,13.9,13.2,11.0,10.6,12.5,14.1,13.4,48.5,49.3,3,7,0.9,1.5,45,45,42,0,0,0,6,6,4,0,7,15,5,19,26,18,7,7,9,0,0,0,0,0,0,0,0,0
12.28,22,0.39,0.45,0.4,11.9,11.4,11.8,0.0,2.9,0.11,0.11,0,5.4,238,1,1,541,684,642,-2,624,12.81,691.7,478,41.0,41.1,0.7,3.3,1391.5,-448,15.8,-10.6,12.6,14.3,13.5,11.0,10.8,12.6,14.1,13.5,48.5,49.3,4,8,0.7,1.3,44,44,42,0,0,0,6,6,4,0,8,13,5,19,26,18,8,8,9,0,0,0,0,0,0,0,0,0
13.11,110,0.32,0.37,0.32,11.8,11.9,13.1,0.0,-8.2,0.09,0.14,0,6.6,244,1,1,654,685,777,-3,771,13.66,784.6,541,42.2,42.1,0.7,3.3,1391.5,-448,15.8,-10.5,12.8,14.3,13.3,11.2,11.0,12.5,14.1,13.6,48.6,49.4,4,8,0.9,1.5,45,45,42,0,0,0,6,6,4,0,7,15,4,19,26,18,8,8,9,0,0,0,0,0,0,0,0,0
12.8,40,0.25,0.3,0.26,11.9,12.3,12.1,0.0,-4.2,0.19,0.13,0,6.8,242,1,1,605,685,719,-3,716,13.3,741.8,517,39.8,39.8,0.7,3.4,1391.5,-448,15.8,-10.6,12.4,13.7,13.1,11.0,10.4,12.7,14.2,13.5,48.5,49.3,3,8,0.9,1.5,43,43,42,0,0,0,6,6,4,0,8,15,5,19,26,18,8,8,9,0,0,0,0,0,0,0,0,0
12.89,108,0.32,0.37,0.32,12.1,11.5,12.6,0.0,-8.0,0.13,0.14,0,5.7,244,1,1,616,684,731,1,721,13.39,759.0,521,42.0,42.2,0.7,3.3,1391.5,-448,15.8,-10.5,12.8,14.5,13.4,11.3,10.9,12.7,14.1,13.6,48.6,49.4,4,8,0.9,1.5,45,45,42,0,0,0,6,6,4,0,7,15,4,19,26,18,8,8,9,0,0,0,0,0,0,0,0,0
12.18,332,0.25,0.3,0.26,12.1,12.2,11.8,0.0,-2.5,-0.01,0.11,0,7.0,240,1,1,524,684,623,1,618,12.69,666.0,468,37.2,38.3,0.7,3.3,1391.5,-448,15.8,-10.6,12.8,14.2,13.4,11.3,10.7,13.1,14.3,13.5,48.6,49.4,3,7,0.7,1.5,40,40,42,0,0,0,6,6,4,0,8,14,5,19,26,18,7,7,10,0,0,0,0,0,0,0,0,0
13.54,184,0.25,0.3,0.26,12.4,12.9,12.4,0.0,-18.1,0.09,0.17,0,8.4,246,1,1,677,685,805,0,788,13.97,781.3,557,39.2,39.0,0.7,3.3,1391.5,-448,15.8,-10.6,12.4,14.1,13.0,11.0,10.6,12.3,14.3,13.6,48.6,49.4,4,8,0.9,1.5,41,41,42,0,0,0,6,6,4,0,8,15,5,19,26,18,8,8,9,0,0,0,0,0,0,0,0,0
14.6,218,0.35,0.41,0.36,14.0,11.9,12.0,0.0,-9.9,0.1,0.14,0,7.6,244,1,1,889,685,1057,-4,1055,15.24,970.8,662,40.9,41.0,0.7,3.3,1391.5,-448,15.8,-10.5,12.5,13.8,13.2,11.0,10.5,12.5,14.1,13.4,48.5,49.3,4,8,0.9,1.5,45,45,42,0,0,0,6,6,4,0,7,15,5,19,26,18,8,8,9,0,0,0,0,0,0,0,0,0
12.54,50,0.25,0.3,0.26,12.3,12.5,12.1,0.0,-9.7,0.02,0.11,0,6.7,242,1,1,565,684,671,1,667,12.99,698.1,494,39.4,41.0,0.7,3.3,1391.5,-448,15.8,-10.6,12.8,14.2,13.5,11.4,10.8,13.0,14.2,13.5,48.6,49.3,3,8,0.7,1.5,43,43,42,0,0,0,6,6,4,0,8,14,5,19,26,18,8,8,10,0,0,0,0,0,0,0,0,0
14.06,208,0.24,0.3,0.25,12.2,13.4,13.5,0.0,-2.9,0.04,0.21,0,7.2,241,1,1,762,686,906,1,891,14.48,915.5,603,41.3,41.7,0.7,3.3,1391.5,-448,15.8,-10.5,12.6,14.1,13.4,11.1,10.7,12.7,14.1,13.4,48.5,49.3,4,8,0.9,1.5,45,45,42,0,0,0,6,6,4,0,7,15,4,19,26,18,8,8,9,0,0,0,0,0,0,0,0,0
12.4,264,0.25,0.3,0.26,12.2,12.0,12.0,0.0,-11.0,0.12,0.09,0,6.2,242,1,1,545,683,646,-1,635,13.03,684.8,471,39.3,40.6,0.7,3.3,1391.5,-448,15.8,-10.6,12.8,14.1,13.4,11.3,10.9,12.9,14.2,13.5,48.6,49.4,3,8,0.7,1.5,43,43,42,0,0,0,6,6,4,0,8,14,5,19,26,18,8,8,10,0,0,0,0,0,0,0,0,0
13.53,298,0.39,0.45,0.4,11.6,12.7,12.5,0.0,3.5,0.09,0.19,0,8.8,237,1,1,673,684,799,-2,787,13.95,792.7,552,41.0,40.8,0.7,3.3,1391.5,-448,15.8,-10.6,12.7,14.1,13.2,11.1,10.9,12.4,14.1,13.5,48.5,49.4,4,8,0.7,1.3,44,44,42,0,0,0,6,6,4,0,8,13,5,19,26,18,8,8,9,0,0,0,0,0,0,0,0,0
14.77,32,0.35,0.41,0.36,12.0,13.1,13.0,0.0,-4.8,0.14,0.16,0,6.3,243,1,1,862,686,1025,0,1013,15.19,946.1,646,40.9,41.2,0.7,3.3,1391.5,-448,15.8,-10.5,12.5,14.0,13.2,11.0,10.6,12.5,14.1,13.4,48.5,49.3,3,8,0.9,1.5,45,45,42,0,0,0,6,6,4,0,7,15,5,19,26,18,8,8,10,0,0,0,0,0,0,0,0,0
14.44,304,0.24,0.3,0.25,13.9,12.4,12.1,0.0,-4.1,0.07,0.16,0,7.8,241,1,1,873,686,1040,1,1030,15.15,962.5,655,41.3,41.3,0.7,3.3,1391.5,-448,15.8,-10.5,12.5,14.0,13.2,11.1,10.6,12.7,14.1,13.4,48.5,49.3,4,7,0.9,1.5,45,45,42,0,0,0,6,6,4,0,7,15,5,19,26,18,7,7,9,0,0,0,0,0,0,0,0,0
15.17,170,0.39,0.45,0.4,12.6,13.2,12.3,0.0,-0.4,0.18,0.19,0,8.7,236,1,1,963,685,1145,-2,1130,15.74,1019.6,692,41.8,41.9,0.7,3.3,1391.5,-448,15.8,-10.6,12.6,14.1,13.2,11.1,10.7,12.6,14.1,13.4,48.5,49.3,4,8,0.7,1.4,46,46,42,0,0,0,6,6,4,0,8,14,5,19,26,18,8,8,9,0,0,0,0,0,0,0,0,0
12.39,182,0.25,0.3,0.26,12.3,11.8,11.8,0.0,-20.3,0.13,0.13,0,6.4,244,1,1,560,684,664,3,654,13.08,707.4,483,39.8,39.9,0.7,3.3,1391.5,-448,15.8,-10.5,12.4,13.8,13.1,11.0,10.5,12.6,14.1,13.5,48.5,49.3,4,8,0.9,1.5,43,43,42,0,0,0,6,6,4,0,7,15,5,19,26,18,8,8,9,0,0,0,0,0,0,0,0,0
14.84,38,0.35,0.41,0.36,12.0,13.0,13.8,0.0,-0.9,0.07,0.13,0,8.4,242,1,1,922,686,1097,1,1087,15.42,964.0,685,40.5,40.6,0.7,3.3,1391.5,-448,15.8,-10.5,12.5,13.8,13.1,11.0,10.5,12.6,14.1,13.4,48.5,49.3,3,8,0.9,1.5,44,44,42,0,0,0,6,6,4,0,7,15,5,19,26,18,8,8,9,0,0,0,0,0,0,0,0,0
12.8,256,0.25,0.3,0.26,12.3,12.3,12.0,0.0,-5.4,0.11,0.12,0,6.1,242,1,1,565,684,670,1,658,13.16,699.7,488,37.5,39.2,0.7,3.3,1391.5,-448,15.8,-10.6,12.8,14.4,13.6,11.3,10.8,13.1,14.3,13.6,48.5,49.4,3,8,0.7,1.5,42,41,42,0,0,0,6,6,4,0,8,14,5,19,26,18,8,8,9,0,0,0,0,0,0,0,0,0
13.33,64,0.33,0.38,0.34,13.0,11.6,11.6,0.0,-4.8,0.18,0.14,0,8.5,243,1,1,690,685,820,1,806,13.96,811.5,560,40.1,40.0,0.7,3.3,1391.5,-448,15.8,-10.5,12.5,14.0,13.1,11.0,10.6,12.3,14.1,13.4,48.5,49.3,3,8,0.9,1.5,43,43,42,0,0,0,6,6,4,0,7,15,5,19,26,18,8,8,9,0,0,0,0,0,0,0,0,0
13.86,178,0.39,0.45,0.4,12.0,12.6,12.4,0.0,6.2,0.1,0.21,0,7.2,234,1,1,692,684,822,0,803,14.24,787.4,559,41.4,41.2,0.7,3.3,1391.5,-448,15.8,-10.6,12.6,14.1,13.2,11.1,10.7,12.6,14.1,13.5,48.5,49.3,4,7,0.7,1.4,44,44,42,0,0,0,6,6,4,0,8,13,5,19,26,18,7,7,9,0,0,0,0,0,0,0,0,0
13.88,90,0.25,0.3,0.26,13.3,11.8,12.5,0.0,-7.5,0.14,0.14,0,7.8,245,1,1,767,686,912,0,911,14.5,872.0,601,39.1,39.2,0.7,3.3,1391.5,-448,15.8,-10.6,12.5,14.1,13.2,11.0,10.4,12.7,14.3,13.5,48.6,49.3,4,8,0.9,1.5,42,42,42,0,0,0,6,6,4,0,8,15,5,19,26,18,8,8,10,0,0,0,0,0,0,0,0,0
12.86,258,0.25,0.3,0.26,12.2,12.5,11.9,0.0,-7.8,0.13,0.19,0,6.1,243,1,1,587,683,696,-1,685,13.35,718.8,499,37.9,39.5,0.7,3.3,1391.5,-448,15.8,-10.6,12.8,14.4,13.5,11.3,10.8,13.1,14.2,13.6,48.5,49.3,4,7,0.7,1.5,42,42,42,0,0,0,6,6,4,0,8,14,5,19,26,18,7,7,9,0,0,0,0,0,0,0,0,0
13.13,70,0.39,0.45,0.4,11.9,12.5,11.7,0.0,-4.0,0.09,0.19,0,9.0,237,1,1,633,685,752,-3,743,13.8,755.7,521,40.6,40.7,0.7,3.3,1391.5,-448,15.8,-10.6,12.7,14.4,13.3,11.1,10.9,12.5,14.1,13.5,48.5,49.4,4,7,0.7,1.3,43,43,42,0,0,0,6,6,4,0,8,13,5,19,26,18,7,7,9,0,0,0,0,0,0,0,0,0
14.18,252,0.39,0.45,0.4,12.2,13.0,12.4,0.0,-10.2,0.1,0.17,0,7.3,239,1,1,779,683,923,0,921,14.65,917.6,603,42.0,42.0,0.7,3.3,1391.5,-448,15.8,-10.6,12.7,14.0,13.3,11.1,10.8,12.5,14.1,13.4,48.6,49.3,4,7,0.7,1.5,46,46,42,0,0,0,6,6,4,0,8,14,5,19,26,18,7,7,10,0,0,0,0,0,0,0,0,0
12.42,142,0.39,0.45,0.4,12.0,12.0,11.3,0.0,9.1,0.11,0.14,0,6.9,236,1,1,541,684,643,0,635,13.03,689.7,473,40.3,40.2,0.7,3.3,1391.5,-448,15.8,-10.6,12.6,14.0,13.3,11.2,10.8,12.7,14.1,13.5,48.5,49.4,4,7,0.7,1.3,43,43,42,0,0,0,6,6,4,0,8,13,5,19,26,18,7,7,9,0,0,0,0,0,0,0,0,0
12.01,20,0.39,0.45,0.4,11.9,11.4,11.4,0.0,7.1,0.09,0.11,0,5.1,236,1,1,509,683,603,1,597,12.59,658.3,458,41.1,41.1,0.7,3.3,1391.5,-448,15.8,-10.6,12.6,14.3,13.5,11.0,10.7,12.7,14.1,13.4,48.6,49.3,4,8,0.7,1.3,44,44,42,0,0,0,6,6,4,0,8,13,5,19,26,18,8,8,9,0,0,0,0,0,0,0,0,0
11.68,102,0.25,0.3,0.26,11.8,11.6,12.0,0.0,-6.4,0.06,0.13,0,7.5,244,1,1,451,683,535,0,519,12.27,592.7,418,38.8,38.7,0.7,3.3,1391.5,-448,15.8,-10.6,12.5,13.9,13.2,11.0,10.7,12.4,14.4,13.6,48.6,49.4,3,8,0.9,1.5,41,41,42,0,0,0,6,6,4,0,8,14,5,19,26,18,8,8,9,0,0,0,0,0,0,0,0,0
14.5,304,0.35,0.41,0.36,12.9,12.3,11.8,0.0,-9.9,0.19,0.14,0,8.2,244,1,1,881,685,1047,-2,1038,15.27,965.6,656,41.0,41.0,0.7,3.3,1391.5,-448,15.8,-10.5,12.5,13.9,13.2,11.0,10.6,12.5,14.1,13.4,48.5,49.3,4,7,0.9,1.5,45,45,42,0,0,0,6,6,4,0,7,15,5,19,26,18,7,7,9,0,0,0,0,0,0,0,0,0
12.01,256,0.25,0.3,0.26,12.0,12.0,11.6,0.0,-1.1,0.07,0.09,0,8.2,239,1,1,478,684,567,-3,556,12.4,621.8,439,38.0,37.8,0.7,3.3,1391.5,-448,15.8,-10.6,12.8,14.0,13.4,11.3,10.8,12.9,14.2,13.6,48.5,49.4,5,8,0.8,1.5,40,40,42,0,0,0,6,6,4,0,8,14,5,19,26,18,8,8,9,0,0,0,0,0,0,0,0,0
11.38,180,0.25,0.3,0.26,11.7,11.8,12.0,0.0,-6.9,0.16,0.12,0,6.5,240,1,1,441,684,523,1,513,12.11,592.2,412,38.3,38.2,0.7,3.3,1391.5,-448,15.8,-10.6,12.7,14.1,13.4,11.2,10.8,12.8,14.3,13.6,48.6,49.4,4,8,0.8,1.5,41,41,42,0,0,0,6,6,4,0,8,14,5,19,26,18,8,8,9,0,0,0,0,0,0,0,0,0
15.48,264,0.39,0.45,0.4,11.8,13.6,14.6,0.0,-0.6,0.05,0.14,0,9.7,235,1,1,1012,686,1203,0,1189,15.99,1034.5,725,41.7,41.7,0.7,3.3,1391.5,-448,15.8,-10.6,12.6,14.4,13.2,11.1,10.6,12.9,14.1,13.4,48.5,49.3,4,8,0.7,1.4,45,46,42,0,0,0,6,6,4,0,8,14,5,19,26,18,8,8,9,0,0,0,0,0,0,0,0,0
10.69,30,0.25,0.3,0.26,11.4,11.5,12.0,0.0,-11.7,0.09,0.13,0,6.4,243,1,1,353,683,419,-2,406,11.29,504.4,357,38.8,38.8,0.7,3.3,1391.5,-448,15.8,-10.6,12.6,14.0,13.2,11.1,10.7,12.6,14.3,13.6,48.5,49.4,4,8,0.9,1.5,41,41,42,0,0,0,6,6,4,0,8,14,5,19,26,18,8,8,10,0,0,0,0,0,0,0,0,0
13.95,358,0.25,0.3,0.26,12.1,12.7,13.3,0.0,-5.4,0.11,0.11,0,7.6,245,1,1,792,686,943,1,932,14.53,884.3,616,39.2,39.2,0.7,3.3,1391.5,-448,15.8,-10.6,12.5,14.0,13.2,11.0,10.4,12.7,14.3,13.5,48.5,49.4,3,8,0.9,1.5,42,42,42,0,0,0,6,6,4,0,8,15,5,19,26,18,8,8,9,0,0,0,0,0,0,0,0,0
14.56,130,0.35,0.41,0.36,13.5,11.9,12.8,0.0,-4.7,0.02,0.12,0,7.9,243,1,1,889,686,1057,-1,1057,15.26,964.7,663,40.5,40.4,0.7,3.3,1391.5,-448,15.8,-10.5,12.5,13.9,13.0,11.0,10.5,12.5,14.1,13.4,48.5,49.3,4,7,0.9,1.5,44,44,42,0,0,0,6,6,4,0,7,15,5,19,26,18,7,7,9,0,0,0,0,0,0,0,0,0
12.13,188,0.25,0.3,0.26,12.1,12.2,11.9,0.0,3.0,0.14,0.13,0,6.4,240,1,1,506,684,601,1,588,12.73,659.7,453,37.1,38.5,0.7,3.3,1391.5,-448,15.8,-10.6,12.8,14.3,13.5,11.3,10.7,13.1,14.3,13.5,48.6,49.4,3,8,0.7,1.5,41,40,42,0,0,0,6,6,4,0,8,14,5,19,26,18,8,8,9,0,0,0,0,0,0,0,0,0
13.22,170,0.25,0.3,0.26,12.4,12.5,11.9,0.0,-7.8,0.09,0.21,0,8.8,244,1,1,617,685,733,-2,717,13.63,731.3,518,39.1,39.0,0.7,3.3,1391.5,-448,15.8,-10.6,12.5,14.0,13.1,10.9,10.6,12.3,14.3,13.6,48.6,49.4,3,7,0.9,1.5,41,41,42,0,0,0,6,6,4,0,8,15,5,19,26,18,7,7,10,0,0,0,0,0,0,0,0,0
10.8,174,0.25,0.3,0.26,12.1,11.6,11.3,0.0,-12.7,0.09,0.12,0,5.7,243,1,1,361,683,428,0,417,11.21,508.0,366,38.7,38.6,0.7,3.3,1391.5,-448,15.8,-10.6,12.6,14.0,13.2,11.1,10.7,12.6,14.3,13.6,48.5,49.3,3,8,0.8,1.5,41,41,42,0,0,0,6,6,4,0,8,14,5,19,26,18,8,8,9,0,0,0,0,0,0,0,0,0
12.09,18,0.39,0.45,0.4,11.8,11.4,11.3,0.0,3.8,0.12,0.19,0,4.9,236,1,1,508,683,602,1,599,12.62,651.4,458,41.1,41.0,0.7,3.3,1391.5,-448,15.8,-10.6,12.7,14.2,13.4,11.1,10.7,12.6,14.1,13.4,48.6,49.4,4,8,0.7,1.3,44,44,42,0,0,0,6,6,4,0,8,13,5,19,26,18,8,8,9,0,0,0,0,0,0,0,0,0
13.8,166,0.35,0.4,0.36,12.9,11.4,12.3,0.0,-0.1,0.11,0.08,0,7.4,239,1,1,769,683,912,1,908,14.45,937.7,602,42.1,42.1,0.7,3.3,1391.5,-448,15.8,-10.6,12.7,14.1,13.4,11.2,10.8,12.7,14.1,13.5,48.5,49.3,4,7,0.7,1.5,46,46,42,0,0,0,6,6,4,0,8,14,5,19,26,18,7,7,9,0,0,0,0,0,0,0,0,0
11.4,178,0.25,0.3,0.26,11.7,11.7,11.7,0.0,-4.7,0.11,0.11,0,5.5,240,1,1,428,684,508,2,509,12.03,587.0,405,38.2,38.4,0.7,3.3,1391.5,-448,15.8,-10.6,12.7,14.1,13.4,11.2,10.8,12.7,14.3,13.6,48.6,49.3,3,8,0.8,1.5,41,41,42,0,0,0,6,6,4,0,8,14,5,19,26,18,8,8,9,0,0,0,0,0,0,0,0,0
13.64,140,0.39,0.45,0.4,12.2,12.4,11.6,0.0,0.7,0.14,0.09,0,7.3,238,1,1,740,684,879,0,865,14.35,858.8,584,40.7,40.7,0.7,3.3,1391.5,-448,15.8,-10.6,12.7,14.4,13.5,11.2,10.7,12.9,14.1,13.4,48.5,49.3,4,7,0.7,1.3,44,44,42,0,0,0,6,6,4,0,8,13,5,19,26,18,7,7,9,0,0,0,0,0,0,0,0,0
11.58,322,0.25,0.3,0.26,12.2,11.8,11.8,0.0,-5.6,0.09,0.19,0,6.4,240,1,1,432,684,513,2,508,12.0,578.6,411,38.0,38.4,0.7,3.3,1391.5,-448,15.8,-10.6,12.7,14.1,13.3,11.2,10.8,12.7,14.3,13.6,48.5,49.3,3,8,0.8,1.5,41,41,42,0,0,0,6,6,4,0,8,14,5,19,26,18,8,8,9,0,0,0,0,0,0,0,0,0
13.76,264,0.25,0.3,0.26,12.3,12.8,12.8,0.0,-13.0,0.13,0.06,0,7.2,246,1,1,725,685,862,1,840,14.24,822.6,584,39.1,39.0,0.7,3.3,1391.5,-448,15.8,-10.6,12.4,14.2,13.1,10.9,10.5,12.4,14.3,13.6,48.6,49.3,3,7,0.9,1.5,42,42,42,0,0,0,6,6,4,0,8,15,5,19,26,18,7,7,9,0,0,0,0,0,0,0,0,0
13.26,292,0.25,0.3,0.26,12.7,12.5,12.2,0.0,2.4,0.21,0.12,0,5.3,243,1,1,681,684,808,1,790,13.99,808.3,549,39.5,39.5,0.7,3.3,1391.5,-448,15.8,-10.6,12.4,14.0,13.2,10.9,10.5,12.5,14.2,13.5,48.5,49.3,3,8,0.9,1.5,43,43,42,0,0,0,6,6,4,0,8,15,5,19,26,18,8,8,9,0,0,0,0,0,0,0,0,0
13.34,274,0.32,0.37,0.33,12.9,12.0,11.6,0.0,-10.5,0.11,0.14,0,9.0,244,1,1,680,686,810,-2,806,13.97,809.0,554,41.9,42.0,0.7,3.3,1391.5,-448,15.8,-10.5,12.8,14.1,13.4,11.2,10.9,12.7,14.1,13.5,48.6,49.4,3,8,0.9,1.5,45,45,42,0,0,0,6,6,4,0,7,15,4,19,26,18,8,8,10,0,0,0,0,0,0,0,0,0
13.74,252,0.39,0.45,0.4,12.0,12.9,12.6,0.0,-7.2,0.13,0.16,0,8.9,239,1,1,701,685,834,1,818,14.17,812.2,568,40.0,39.9,0.7,3.3,1391.5,-448,15.8,-10.6,12.7,14.4,13.4,11.2,10.8,12.9,14.0,13.3,48.5,49.3,4,8,0.7,1.3,43,43,42,0,0,0,6,6,4,0,8,13,5,19,26,18,8,8,9,0,0,0,0,0,0,0,0,0
13.68,54,0.39,0.45,0.4,13.2,12.0,11.5,0.0,-10.4,0.09,0.16,0,8.8,240,1,1,754,684,895,1,886,14.39,855.3,591,40.6,40.7,0.7,3.3,1391.5,-448,15.8,-10.6,12.7,14.5,13.4,11.2,10.8,12.7,14.1,13.5,48.5,49.3,3,7,0.7,1.3,44,44,42,0,0,0,6,6,4,0,8,13,5,19,26,18,7,7,9,0,0,0,0,0,0,0,0,0
13.02,358,0.39,0.45,0.4,12.8,11.6,12.2,0.0,-5.7,0.09,0.14,0,7.9,237,1,1,640,684,760,-2,755,13.69,761.9,529,40.3,40.5,0.7,3.4,1391.5,-448,15.8,-10.6,12.7,14.4,13.3,11.1,10.9,12.4,14.1,13.5,48.5,49.4,4,8,0.7,1.3,43,43,42,0,0,0,6,6,4,0,8,13,5,19,26,18,8,8,10,0,0,0,0,0,0,0,0,0
12.43,244,0.32,0.37,0.33,11.8,12.4,12.0,0.0,0.6,0.07,0.15,0,5.6,241,1,1,528,686,628,-1,624,12.81,664.6,469,38.3,39.6,0.7,3.3,1391.5,-448,15.8,-10.5,12.8,14.2,13.4,11.2,10.9,12.7,14.3,13.6,48.6,49.3,3,8,0.9,1.5,42,41,42,0,0,0,6,6,4,0,7,15,4,19,26,18,8,8,9,0,0,0,0,0,0,0,0,0
12.52,74,0.39,0.45,0.4,12.2,11.8,11.9,0.0,2.2,0.14,0.12,0,7.2,236,1,1,564,684,670,0,659,13.19,703.8,483,40.3,40.3,0.7,3.3,1391.5,-448,15.8,-10.6,12.7,14.1,13.4,11.1,10.8,12.6,14.1,13.4,48.5,49.3,3,7,0.7,1.3,43,43,42,0,0,0,6,6,4,0,8,13,5,19,26,18,7,7,9,0,0,0,0,0,0,0,0,0
12.0,114,0.25,0.3,0.26,12.1,11.7,12.0,0.0,2.8,0.08,0.19,0,5.2,239,1,1,508,684,603,1,599,12.62,661.3,453,37.4,38.2,0.7,3.3,1391.5,-448,15.8,-10.6,12.8,14.2,13.4,11.3,10.8,13.0,14.3,13.5,48.6,49.4,4,8,0.7,1.5,40,40,42,0,0,0,6,6,4,0,8,14,5,19,26,18,8,8,9,0,0,0,0,0,0,0,0,0
14.66,224,0.35,0.41,0.36,13.3,12.3,11.8,0.0,-5.6,0.09,0.12,0,8.6,242,1,1,938,687,1117,1,1116,15.54,996.0,684,40.6,40.6,0.7,3.3,1391.5,-448,15.8,-10.5,12.4,13.7,13.1,10.9,10.5,12.5,14.1,13.4,48.5,49.3,3,8,0.9,1.5,44,44,42,0,0,0,6,6,4,0,7,15,5,19,26,18,8,8,9,0,0,0,0,0,0,0,0,0
13.32,132,0.39,0.45,0.4,12.7,11.8,11.6,0.0,-10.4,0.09,0.13,0,7.4,241,1,1,689,684,818,-4,825,13.98,820.5,561,40.0,39.8,0.7,3.3,1391.5,-448,15.8,-10.6,12.7,14.2,13.3,11.2,10.8,12.8,14.0,13.4,48.5,49.3,4,7,0.7,1.3,43,43,42,0,0,0,6,6,4,0,8,13,5,19,26,18,7,7,9,0,0,0,0,0,0,0,0,0
12.88,288,0.39,0.45,0.4,11.8,12.1,12.6,0.0,0.1,0.07,0.14,0,6.4,239,1,1,606,684,719,1,700,13.31,738.3,519,40.2,40.2,0.7,3.3,1391.5,-448,15.8,-10.6,12.7,14.1,13.3,11.3,10.8,13.0,14.1,13.4,48.5,49.3,4,7,0.7,1.3,43,43,42,0,0,0,6,6,4,0,8,13,5,19,26,18,7,7,9,0,0,0,0,0,0,0,0,0
13.46,348,0.32,0.37,0.33,12.0,12.5,12.0,0.0,-12.4,0.09,0.17,0,8.0,244,1,1,668,686,795,-2,788,13.97,793.8,543,41.9,42.0,0.7,3.3,1391.5,-448,15.8,-10.5,12.8,14.2,13.4,11.2,10.9,12.7,14.1,13.5,48.6,49.4,4,8,0.9,1.5,45,45,42,0,0,0,6,6,4,0,7,15,4,19,26,18,8,8,9,0,0,0,0,0,0,0,0,0
13.02,36,0.32,0.37,0.33,12.0,12.4,12.5,0.0,-8.5,0.04,0.14,0,7.3,244,1,1,631,685,749,-2,743,13.47,754.5,531,41.9,42.1,0.7,3.3,1391.5,-448,15.8,-10.5,12.8,14.5,13.4,11.3,10.9,12.7,14.1,13.6,48.6,49.4,3,8,0.9,1.5,45,45,42,0,0,0,6,6,4,0,7,15,4,19,26,18,8,8,10,0,0,0,0,0,0,0,0,0
12.94,164,0.39,0.45,0.4,12.0,12.2,11.4,0.0,5.1,0.15,0.14,0,7.4,235,1,1,577,683,685,0,668,13.37,701.9,492,41.3,41.3,0.7,3.3,1391.5,-448,15.8,-10.6,12.6,14.0,13.3,11.1,10.7,12.6,14.1,13.5,48.5,49.3,4,8,0.7,1.3,44,44,42,0,0,0,6,6,4,0,8,13,5,19,26,18,8,8,9,0,0,0,0,0,0,0,0,0
12.38,28,0.32,0.37,0.33,12.0,11.8,12.5,0.0,-6.2,0.17,0.13,0,5.9,244,1,1,541,685,643,-2,626,12.86,681.7,476,39.5,41.1,0.7,3.3,1391.5,-448,15.8,-10.5,12.8,14.2,13.4,11.2,10.9,12.7,14.2,13.6,48.6,49.4,3,8,0.9,1.5,43,43,42,0,0,0,6,6,4,0,7,15,4,19,26,18,8,8,10,0,0,0,0,0,0,0,0,0
13.25,96,0.25,0.3,0.26,12.5,12.3,12.0,0.0,-13.3,0.19,0.08,0,7.1,245,1,1,655,685,780,0,768,13.93,776.7,534,39.1,39.0,0.7,3.3,1391.5,-448,15.8,-10.6,12.4,14.1,13.1,11.0,10.6,12.3,14.3,13.6,48.6,49.4,3,7,0.9,1.5,41,41,42,0,0,0,6,6,4,0,8,15,5,19,26,18,7,7,9,0,0,0,0,0,0,0,0,0
13.79,118,0.24,0.3,0.25,13.6,12.1,12.5,0.0,-5.7,0.1,0.16,0,8.1,241,1,1,762,685,906,1,889,14.45,932.1,598,41.7,41.6,0.7,3.3,1391.5,-448,15.8,-10.5,12.7,14.2,13.3,11.2,10.8,12.7,14.1,13.5,48.6,49.3,5,8,0.9,1.5,45,45,42,0,0,0,6,6,4,0,7,15,4,19,26,18,8,8,9,0,0,0,0,0,0,0,0,0
12.2,258,0.25,0.3,0.26,12.1,12.1,11.8,0.0,1.8,0.16,0.16,0,6.5,239,1,1,495,684,588,1,581,12.58,638.8,453,37.7,38.1,0.7,3.3,1391.5,-448,15.8,-10.6,12.8,14.1,13.4,11.3,10.8,13.0,14.3,13.6,48.5,49.4,4,8,0.7,1.5,40,40,42,0,0,0,6,6,4,0,8,14,5,19,26,18,8,8,9,0,0,0,0,0,0,0,0,0
12.65,324,0.25,0.3,0.26,12.3,12.5,11.8,0.0,-18.6,0.13,0.16,0,7.0,245,1,1,566,684,672,0,670,13.06,697.3,495,39.8,39.8,0.7,3.3,1391.5,-448,15.8,-10.5,12.4,13.9,13.2,11.0,10.5,12.6,14.1,13.5,48.5,49.3,3,9,0.9,1.5,43,43,42,0,0,0,6,6,4,0,7,15,5,19,26,18,9,9,9,0,0,0,0,0,0,0,0,0
12.3,174,0.32,0.37,0.33,12.0,11.8,11.4,0.0,-5.5,0.1,0.11,0,7.1,242,1,1,537,686,639,2,632,12.96,686.0,470,38.8,40.0,0.7,3.3,1391.5,-448,15.8,-10.5,12.8,14.2,13.4,11.2,10.9,12.6,14.3,13.6,48.6,49.4,3,7,0.9,1.5,42,42,42,0,0,0,6,6,4,0,7,15,4,19,26,18,7,7,9,0,0,0,0,0,0,0,0,0
10.65,320,0.25,0.3,0.26,11.4,11.5,11.6,0.0,-10.9,0.09,0.11,0,4.1,243,1,1,349,683,414,-1,402,11.21,504.1,353,38.8,38.6,0.7,3.4,1391.5,-448,15.8,-10.6,12.6,14.1,13.3,11.1,10.7,12.7,14.3,13.6,48.6,49.3,3,8,0.8,1.5,41,41,42,0,0,0,6,6,4,0,8,14,5,19,26,18,8,8,9,0,0,0,0,0,0,0,0,0
13.33,180,0.25,0.3,0.26,12.5,11.7,12.5,0.0,-3.9,0.09,0.11,0,7.7,243,1,1,687,684,815,-4,801,13.89,816.2,559,39.4,39.6,0.7,3.3,1391.5,-448,15.8,-10.6,12.4,13.9,13.2,10.9,10.4,12.6,14.2,13.5,48.5,49.3,4,8,0.9,1.5,43,43,42,0,0,0,6,6,4,0,8,15,5,19,26,18,8,8,9,0,0,0,0,0,0,0,0,0
13.94,72,0.24,0.3,0.25,14.1,14.5,13.3,0.0,-13.3,0.08,0.13,0,9.4,240,1,1,801,683,949,1,939,14.64,942.6,618,41.9,42.1,0.7,3.3,1391.5,-448,15.8,-10.6,12.7,14.0,13.3,11.1,10.8,12.6,14.1,13.4,48.6,49.3,4,7,0.7,1.5,46,46,42,0,0,0,6,6,4,0,8,14,5,19,26,18,7,7,9,0,0,0,0,0,0,0,0,0
13.43,286,0.39,0.45,0.4,11.8,12.6,12.5,0.0,-8.8,0.09,0.14,0,8.0,241,1,1,661,685,785,0,783,13.88,785.8,546,39.9,39.9,0.7,3.3,1391.5,-448,15.8,-10.6,12.7,14.2,13.3,11.2,10.8,12.8,14.0,13.4,48.5,49.3,4,8,0.7,1.3,43,43,42,0,0,0,6,6,4,0,8,13,5,19,26,18,8,8,9,0,0,0,0,0,0,0,0,0
14.48,216,0.24,0.3,0.25,13.3,12.5,13.2,0.01,0.9,0.02,0.13,0,7.4,241,1,1,887,686,1055,-1,1049,15.15,966.5,661,41.0,41.1,0.7,3.3,1391.5,-448,15.8,-10.5,12.5,14.1,13.2,11.0,10.7,12.5,14.1,13.4,48.5,49.3,4,7,0.9,1.5,45,45,42,0,0,0,6,6,4,0,7,15,5,19,26,18,7,7,9,0,0,0,0,0,0,0,0,0
14.12,350,0.24,0.3,0.25,12.5,13.4,13.1,0.0,-10.1,0.11,0.14,0,8.5,240,1,1,788,683,934,0,917,14.6,916.9,613,42.1,42.2,0.7,3.3,1391.5,-448,15.8,-10.6,12.7,14.1,13.3,11.2,10.8,12.7,14.1,13.5,48.6,49.3,3,8,0.7,1.5,46,46,42,0,0,0,6,6,4,0,8,14,5,19,26,18,8,8,10,0,0,0,0,0,0,0,0,0
12.71,42,0.25,0.3,0.26,12.2,12.1,12.4,0.0,-6.4,0.07,0.1,0,5.9,243,1,1,603,684,715,-2,699,13.29,740.7,512,37.8,39.5,0.7,3.3,1391.5,-448,15.8,-10.6,12.8,14.4,13.5,11.3,10.8,13.1,14.2,13.6,48.5,49.3,3,8,0.7,1.5,42,41,42,0,0,0,6,6,4,0,8,14,5,19,26,18,8,8,9,0,0,0,0,0,0,0,0,0
13.82,234,0.39,0.45,0.4,11.5,12.5,13.6,0.0,-11.6,0.13,0.14,0,8.8,239,1,1,741,685,881,2,862,14.3,834.8,593,40.5,40.5,0.7,3.3,1391.5,-448,15.8,-10.6,12.7,14.5,13.4,11.1,10.8,12.7,14.1,13.5,48.5,49.3,4,8,0.7,1.3,44,44,42,0,0,0,6,6,4,0,8,13,5,19,26,18,8,8,10,0,0,0,0,0,0,0,0,0
14.26,312,0.35,0.41,0.36,11.9,13.1,13.0,0.0,-10.6,0.19,0.12,0,9.3,243,1,1,787,686,936,2,925,14.73,899.2,609,40.4,40.5,0.7,3.3,1391.5,-448,15.8,-10.5,12.5,14.0,13.2,11.0,10.4,12.6,14.1,13.4,48.5,49.3,4,7,0.9,1.5,44,43,42,0,0,0,6,6,4,0,7,15,4,19,26,18,7,7,9,0,0,0,0,0,0,0,0,0
13.65,236,0.39,0.45,0.4,11.8,12.7,12.1,0.0,0.9,0.15,0.14,0,7.8,238,1,1,704,685,837,0,819,14.19,824.0,561,40.7,40.9,0.7,3.3,1391.5,-448,15.8,-10.6,12.7,14.1,13.4,11.2,10.8,12.7,14.1,13.5,48.5,49.3,4,7,0.7,1.3,44,44,42,0,0,0,6,6,4,0,8,13,5,19,26,18,7,7,9,0,0,0,0,0,0,0,0,0
13.53,162,0.39,0.45,0.4,12.2,12.4,11.7,0.0,-4.7,0.12,0.14,0,7.4,239,1,1,700,685,832,-3,817,14.15,824.4,561,39.9,39.8,0.7,3.3,1391.5,-448,15.8,-10.6,12.7,14.4,13.4,11.2,10.8,12.9,14.0,13.3,48.5,49.3,4,8,0.7,1.3,43,43,42,0,0,0,6,6,4,0,8,13,5,19,26,18,8,8,9,0,0,0,0,0,0,0,0,0
14.15,348,0.24,0.3,0.25,12.5,13.6,12.9,0.0,-1.0,0.06,0.17,0,8.4,239,1,1,763,684,904,1,894,14.52,912.8,600,42.2,42.1,0.7,3.3,1391.5,-448,15.8,-10.6,12.7,14.1,13.4,11.2,10.8,12.7,14.1,13.5,48.6,49.3,4,8,0.7,1.5,46,46,42,0,0,0,6,6,4,0,8,14,5,19,26,18,8,8,9,0,0,0,0,0,0,0,0,0
13.54,254,0.35,0.4,0.36,13.1,11.7,11.8,0.0,-3.6,0.09,0.14,0,6.0,239,1,1,726,684,862,1,857,14.23,848.8,579,42.0,42.3,0.7,3.3,1391.5,-448,15.8,-10.6,12.7,14.2,13.4,11.2,10.9,12.6,14.1,13.5,48.5,49.3,3,7,0.7,1.5,46,46,42,0,0,0,6,6,4,0,8,14,5,19,26,18,7,7,9,0,0,0,0,0,0,0,0,0
12.59,320,0.32,0.37,0.33,11.7,12.2,12.1,0.0,-4.6,0.1,0.14,0,6.7,242,1,1,558,686,665,0,650,13.01,692.6,490,39.1,40.2,0.7,3.3,1391.5,-448,15.8,-10.5,12.8,14.2,13.4,11.2,10.9,12.6,14.3,13.6,48.6,49.4,4,7,0.9,1.5,42,42,42,0,0,0,6,6,4,0,7,15,4,19,26,18,7,7,9,0,0,0,0,0,0,0,0,0
13.55,336,0.39,0.45,0.4,12.0,11.7,12.9,0.0,-4.1,0.07,0.14,0,9.1,239,1,1,721,685,856,-2,852,14.14,834.6,577,39.9,40.0,0.7,3.3,1391.5,-448,15.8,-10.6,12.7,14.4,13.3,11.2,10.8,12.7,13.9,13.3,48.5,49.3,3,8,0.7,1.3,43,43,42,0,0,0,6,6,4,0,8,13,5,19,26,18,8,8,9,0,0,0,0,0,0,0,0,0
11.03,172,0.25,0.3,0.26,12.2,11.6,11.1,0.0,-13.6,0.06,0.11,0,7.3,244,1,1,372,682,441,0,438,11.39,511.3,372,38.6,38.6,0.7,3.3,1391.5,-448,15.8,-10.6,12.6,14.0,13.2,11.1,10.7,12.6,14.3,13.6,48.6,49.4,4,8,0.9,1.5,41,41,42,0,0,0,6,6,4,0,8,14,5,19,26,18,8,8,9,0,0,0,0,0,0,0,0,0
15.04,82,0.39,0.45,0.4,14.0,12.4,12.3,0.0,-1.9,0.11,0.14,0,7.9,236,1,1,992,686,1180,-1,1174,15.79,1042.9,710,41.8,41.7,0.7,3.3,1391.5,-448,15.8,-10.6,12.6,14.1,13.3,11.1,10.7,12.7,14.1,13.4,48.5,49.3,4,8,0.7,1.4,46,46,42,0,0,0,6,6,4,0,8,14,5,19,26,18,8,8,9,0,0,0,0,0,0,0,0,0
13.53,78,0.32,0.37,0.33,11.7,12.8,12.5,0.0,-9.5,0.09,0.13,0,7.8,244,1,1,686,686,817,1,806,13.96,795.9,562,41.9,42.0,0.7,3.3,1391.5,-448,15.8,-10.5,12.8,14.2,13.4,11.2,10.9,12.7,14.1,13.5,48.6,49.4,4,8,0.9,1.5,45,45,42,0,0,0,6,6,4,0,7,15,4,19,26,18,8,8,9,0,0,0,0,0,0,0,0,0
14.36,308,0.24,0.3,0.25,13.8,12.7,12.2,0.0,-0.4,0.09,0.15,0,6.4,242,1,1,861,686,1024,1,1007,15.1,954.9,648,41.1,41.1,0.7,3.3,1391.5,-448,15.8,-10.5,12.5,14.1,13.2,11.0,10.7,12.4,14.1,13.4,48.5,49.3,4,7,0.9,1.5,45,45,42,0,0,0,6,6,4,0,7,15,5,19,26,18,7,7,9,0,0,0,0,0,0,0,0,0
14.4,218,0.24,0.3,0.25,13.6,12.4,13.2,0.0,-1.6,0.09,0.13,0,7.6,242,1,1,874,685,1039,2,1028,15.12,966.5,657,41.2,41.1,0.7,3.3,1391.5,-448,15.8,-10.5,12.5,14.1,13.2,11.0,10.7,12.5,14.1,13.4,48.5,49.3,4,8,0.9,1.5,45,45,42,0,0,0,6,6,4,0,7,15,5,19,26,18,8,8,9,0,0,0,0,0,0,0,0,0
14.46,212,0.24,0.3,0.25,12.6,12.6,13.4,0.0,-6.1,0.0,0.16,0,7.4,242,1,1,874,686,1041,1,1043,15.06,959.0,661,41.4,41.4,0.7,3.3,1391.5,-448,15.8,-10.5,12.6,13.9,13.2,11.1,10.6,12.6,14.1,13.4,48.5,49.4,3,7,0.9,1.5,45,45,42,0,0,0,6,6,4,0,7,15,5,19,26,18,7,7,10,0,0,0,0,0,0,0,0,0
13.75,84,0.25,0.3,0.26,12.3,12.3,13.9,0.0,-14.2,0.07,0.13,0,8.2,247,1,1,753,685,895,1,879,14.28,864.0,595,39.3,39.3,0.7,3.3,1391.5,-448,15.8,-10.5,12.4,13.9,12.9,10.9,10.6,12.1,14.2,13.5,48.6,49.3,3,7,0.9,1.5,43,43,42,0,0,0,6,6,4,0,8,15,5,19,26,18,7,7,9,0,0,0,0,0,0,0,0,0
13.71,324,0.39,0.45,0.4,11.6,12.7,13.5,0.0,3.1,0.04,0.14,0,7.6,238,1,1,720,684,854,1,835,14.15,824.0,581,40.9,40.9,0.7,3.3,1391.5,-448,15.8,-10.6,12.7,14.1,13.3,11.2,10.8,12.6,14.1,13.5,48.5,49.3,3,8,0.7,1.3,44,44,42,0,0,0,6,6,4,0,8,13,5,19,26,18,8,8,9,0,0,0,0,0,0,0,0,0
12.41,310,0.39,0.45,0.4,12.0,11.8,12.2,0.0,-0.6,0.04,0.14,0,6.0,239,1,1,551,684,654,-1,645,12.9,695.3,485,41.1,41.0,0.7,3.3,1391.5,-448,15.8,-10.6,12.6,14.3,13.5,11.0,10.8,12.6,14.1,13.5,48.5,49.3,3,7,0.7,1.3,44,44,42,0,0,0,6,6,4,0,8,13,5,19,26,18,7,7,9,0,0,0,0,0,0,0,0,0
12.81,316,0.25,0.3,0.26,12.2,12.0,12.4,0.0,-7.3,0.07,0.19,0,6.4,244,1,1,598,685,711,0,701,13.33,717.3,509,39.1,39.1,0.7,3.3,1391.5,-448,15.8,-10.6,12.5,14.0,13.1,10.9,10.6,12.4,14.4,13.6,48.5,49.4,3,8,0.9,1.5,41,41,42,0,0,0,6,6,4,0,8,15,5,19,26,18,8,8,9,0,0,0,0,0,0,0,0,0
12.72,178,0.32,0.37,0.32,12.5,11.6,11.5,0.0,-5.4,0.04,0.14,0,5.2,243,1,1,604,685,718,1,701,13.33,749.7,511,41.8,42.2,0.7,3.3,1391.5,-448,15.8,-10.5,12.8,14.5,13.4,11.3,10.9,12.8,14.1,13.5,48.6,49.4,3,8,0.9,1.5,45,45,42,0,0,0,6,6,4,0,7,15,4,19,26,18,8,8,9,0,0,0,0,0,0,0,0,0
13.32,164,0.32,0.37,0.32,12.0,11.8,12.9,0.0,-8.7,0.06,0.14,0,5.9,244,1,1,691,686,823,1,822,13.93,816.6,564,41.9,42.0,0.7,3.3,1391.5,-448,15.8,-10.5,12.7,14.2,13.4,11.2,10.9,12.7,14.1,13.5,48.6,49.4,4,8,0.9,1.5,45,45,42,0,0,0,6,6,4,0,7,15,4,19,26,18,8,8,10,0,0,0,0,0,0,0,0,0
13.7,208,0.24,0.3,0.25,12.9,12.4,11.9,0.0,-7.3,0.11,0.11,0,8.6,241,1,1,743,685,883,2,869,14.42,924.4,585,41.7,41.7,0.7,3.3,1391.5,-448,15.8,-10.5,12.7,14.2,13.3,11.2,10.8,12.7,14.1,13.5,48.6,49.3,3,8,0.9,1.5,45,45,42,0,0,0,6,6,4,0,7,15,4,19,26,18,8,8,9,0,0,0,0,0,0,0,0,0
14.83,80,0.39,0.45,0.4,14.0,12.4,12.0,0.0,0.6,0.09,0.16,0,7.4,236,1,1,951,686,1132,-1,1119,15.59,1013.9,692,41.7,41.8,0.7,3.3,1391.5,-448,15.8,-10.6,12.6,14.0,13.2,11.1,10.8,12.5,14.1,13.4,48.5,49.3,3,8,0.7,1.4,46,46,42,0,0,0,6,6,4,0,8,14,5,19,26,18,8,8,10,0,0,0,0,0,0,0,0,0
11.58,110,0.25,0.3,0.26,11.8,11.8,12.1,0.0,-8.5,0.07,0.13,0,6.6,240,1,1,454,684,539,-1,529,12.12,608.7,419,38.2,38.2,0.7,3.3,1391.5,-448,15.8,-10.6,12.7,14.1,13.5,11.2,10.8,12.8,14.3,13.6,48.5,49.4,3,7,0.8,1.5,41,41,42,0,0,0,6,6,4,0,8,14,5,19,26,18,7,7,9,0,0,0,0,0,0,0,0,0
13.94,170,0.24,0.3,0.25,13.1,13.1,12.3,0.01,-13.4,0.11,0.13,0,7.4,240,1,1,785,683,931,0,920,14.64,929.5,607,42.0,42.1,0.7,3.3,1391.5,-448,15.8,-10.6,12.7,14.1,13.3,11.1,10.8,12.6,14.1,13.4,48.6,49.3,3,8,0.7,1.5,46,46,42,0,0,0,6,6,4,0,8,14,5,19,26,18,8,8,9,0,0,0,0,0,0,0,0,0
13.91,230,0.39,0.45,0.4,11.7,13.2,13.1,0.0,1.4,0.16,0.16,0,6.2,238,1,1,732,684,869,0,865,14.35,840.6,579,40.7,40.7,0.7,3.3,1391.5,-448,15.8,-10.6,12.7,14.3,13.5,11.2,10.7,12.9,14.1,13.4,48.5,49.3,4,8,0.7,1.3,44,44,42,0,0,0,6,6,4,0,8,13,5,19,26,18,8,8,10,0,0,0,0,0,0,0,0,0
13.16,290,0.39,0.45,0.4,11.8,12.5,12.7,0.0,-0.9,0.09,0.17,0,7.5,240,1,1,643,684,763,-2,751,13.62,764.0,539,40.2,40.2,0.7,3.3,1391.5,-448,15.8,-10.6,12.7,14.2,13.3,11.2,10.8,12.9,14.1,13.4,48.5,49.3,4,7,0.7,1.3,43,43,42,0,0,0,6,6,4,0,8,13,5,19,26,18,7,7,9,0,0,0,0,0,0,0,0,0
13.24,330,0.25,0.3,0.26,12.2,12.5,12.4,0.0,0.7,0.06,0.16,0,5.8,242,1,1,628,684,745,-4,735,13.64,758.4,525,39.6,39.7,0.7,3.3,1391.5,-448,15.8,-10.6,12.4,13.8,13.1,11.0,10.4,12.6,14.2,13.5,48.6,49.3,3,7,0.9,1.5,43,43,42,0,0,0,6,6,4,0,8,15,5,19,26,18,7,7,10,0,0,0,0,0,0,0,0,0
12.33,102,0.32,0.37,0.33,12.5,11.5,12.0,0.0,-4.6,0.24,0.16,0,6.1,242,1,1,541,686,644,0,628,12.88,688.3,475,38.4,39.7,0.7,3.3,1391.5,-448,15.8,-10.5,12.8,14.2,13.3,11.2,10.9,12.7,14.3,13.6,48.6,49.3,4,8,0.9,1.5,42,41,42,0,0,0,6,6,4,0,7,15,4,19,26,18,8,8,9,0,0,0,0,0,0,0,0,0
13.84,320,0.39,0.45,0.4,11.6,12.2,13.1,0.0,-0.2,0.02,0.13,0,6.1,238,1,1,751,685,893,1,881,14.31,853.8,598,40.7,40.7,0.7,3.3,1391.5,-448,15.8,-10.6,12.7,14.3,13.4,11.2,10.7,12.9,14.1,13.4,48.5,49.3,3,8,0.7,1.3,44,44,42,0,0,0,6,6,4,0,8,13,5,19,26,18,8,8,9,0,0,0,0,0,0,0,0,0
13.64,246,0.39,0.45,0.4,11.8,12.7,12.8,0.03,-1.9,0.12,0.14,0,8.5,238,1,1,710,685,844,1,835,14.15,811.1,575,39.8,39.7,0.7,3.3,1391.5,-448,15.8,-10.6,12.7,14.4,13.3,11.2,10.8,12.7,13.9,13.3,48.5,49.3,3,8,0.7,1.3,43,43,42,0,0,0,6,6,4,0,8,13,5,19,26,18,8,8,9,0,0,0,0,0,0,0,0,0
13.66,82,0.25,0.3,0.26,13.2,11.8,12.5,0.0,-8.3,0.07,0.17,0,7.2,246,1,1,736,685,875,0,863,14.31,843.4,583,39.2,39.0,0.7,3.3,1391.5,-448,15.8,-10.6,12.4,14.3,13.1,10.9,10.5,12.5,14.3,13.6,48.6,49.3,3,7,0.9,1.5,42,42,42,0,0,0,6,6,4,0,8,15,5,19,26,18,7,7,9,0,0,0,0,0,0,0,0,0
12.71,260,0.25,0.3,0.26,12.3,12.0,12.0,0.0,-4.3,0.09,0.14,0,6.6,241,1,1,605,684,719,0,703,13.38,751.5,511,39.9,41.7,0.7,3.3,1391.5,-448,15.8,-10.6,12.8,14.5,13.5,11.3,10.8,12.9,14.1,13.5,48.6,49.3,3,7,0.7,1.5,45,44,42,0,0,0,6,6,4,0,8,14,5,19,26,18,7,7,9,0,0,0,0,0,0,0,0,0
12.82,116,0.25,0.3,0.26,12.4,11.6,12.4,0.0,-5.5,0.09,0.16,0,6.1,242,1,1,607,684,721,0,722,13.4,745.8,516,38.3,39.7,0.7,3.3,1391.5,-448,15.8,-10.6,12.8,14.4,13.5,11.3,10.9,13.0,14.2,13.6,48.5,49.3,3,8,0.7,1.5,42,42,42,0,0,0,6,6,4,0,8,14,5,19,26,18,8,8,10,0,0,0,0,0,0,0,0,0
13.06,26,0.39,0.45,0.4,11.8,12.0,12.5,0.0,-7.2,0.1,0.15,0,8.5,239,1,1,645,684,765,1,768,13.61,785.8,538,41.0,41.0,0.7,3.3,1391.5,-448,15.8,-10.6,12.6,14.3,13.3,11.1,10.8,12.6,14.1,13.5,48.6,49.3,4,8,0.7,1.3,44,44,42,0,0,0,6,6,4,0,8,13,5,19,26,18,8,8,10,0,0,0,0,0,0,0,0,0
12.59,252,0.25,0.3,0.26,12.3,12.2,11.8,0.0,-20.7,0.1,0.16,0,6.7,245,1,1,548,683,650,1,637,13.08,691.1,477,39.8,39.8,0.7,3.3,1391.5,-448,15.8,-10.5,12.4,13.8,13.1,11.0,10.5,12.6,14.1,13.5,48.5,49.3,4,8,0.9,1.5,43,43,42,0,0,0,6,6,4,0,7,15,5,19,26,18,8,8,9,0,0,0,0,0,0,0,0,0
13.57,174,0.25,0.3,0.26,13.6,11.8,11.7,0.0,-11.6,0.09,0.16,0,7.8,246,1,1,732,685,870,0,859,14.25,853.2,583,39.3,39.2,0.7,3.3,1391.5,-448,15.8,-10.5,12.5,13.9,12.9,10.9,10.6,12.1,14.2,13.5,48.6,49.3,3,7,0.9,1.5,43,43,42,0,0,0,6,6,4,0,8,15,5,19,26,18,7,7,9,0,0,0,0,0,0,0,0,0
15.4,172,0.39,0.45,0.4,12.5,13.0,12.2,0.0,-2.9,0.17,0.13,0,8.4,236,1,1,988,686,1175,-3,1162,15.9,1040.7,706,41.6,41.7,0.7,3.3,1391.5,-448,15.8,-10.6,12.6,14.3,13.3,11.1,10.6,12.9,14.1,13.4,48.6,49.4,3,8,0.7,1.4,45,46,42,0,0,0,6,6,4,0,8,14,5,19,26,18,8,8,10,0,0,0,0,0,0,0,0,0
13.86,322,0.39,0.45,0.4,12.2,11.8,13.4,0.0,-7.7,0.09,0.14,0,7.1,240,1,1,768,684,912,-4,903,14.38,870.2,601,40.7,40.6,0.7,3.3,1391.5,-448,15.8,-10.6,12.7,14.4,13.4,11.2,10.7,12.9,14.1,13.5,48.5,49.3,3,8,0.7,1.3,44,44,42,0,0,0,6,6,4,0,8,13,5,19,26,18,8,8,9,0,0,0,0,0,0,0,0,0
12.24,24,0.39,0.45,0.4,12.2,11.4,11.3,0.0,-0.7,0.13,0.16,0,6.3,236,1,1,530,683,629,0,624,12.81,673.0,473,41.2,41.2,0.7,3.3,1391.5,-448,15.8,-10.6,12.7,14.1,13.3,11.1,10.8,12.6,14.1,13.4,48.5,49.3,4,7,0.7,1.3,44,44,42,0,0,0,6,6,4,0,8,13,5,19,26,18,7,7,9,0,0,0,0,0,0,0,0,0
12.3,30,0.25,0.3,0.26,12.0,11.6,12.1,0.0,-5.4,0.1,0.15,0,7.1,244,1,1,523,685,622,-3,609,12.84,658.0,464,39.0,38.8,0.7,3.3,1391.5,-448,15.8,-10.6,12.5,14.0,13.2,11.0,10.6,12.5,14.4,13.6,48.5,49.4,3,8,0.9,1.5,41,41,42,0,0,0,6,6,4,0,8,15,5,19,26,18,8,8,10,0,0,0,0,0,0,0,0,0
12.13,330,0.25,0.3,0.26,12.2,12.1,11.8,0.0,2.4,0.05,0.17,0,6.7,239,1,1,506,683,601,1,596,12.57,651.1,456,37.8,37.9,0.7,3.3,1391.5,-448,15.8,-10.6,12.8,14.1,13.4,11.3,10.8,12.9,14.2,13.6,48.5,49.3,4,8,0.7,1.5,40,40,42,0,0,0,6,6,4,0,8,14,5,19,26,18,8,8,9,0,0,0,0,0,0,0,0,0
14.7,132,0.35,0.41,0.36,13.7,12.4,13.1,0.0,-8.7,0.04,0.13,0,8.2,243,1,1,920,686,1095,1,1081,15.33,990.4,680,40.7,40.7,0.7,3.3,1391.5,-448,15.8,-10.5,12.5,13.8,13.1,10.9,10.6,12.4,14.1,13.4,48.5,49.3,4,8,0.9,1.5,45,45,42,0,0,0,6,6,4,0,7,15,5,19,26,18,8,8,10,0,0,0,0,0,0,0,0,0
12.9,74,0.39,0.45,0.4,12.3,11.6,11.5,0.0,-4.5,0.09,0.14,0,7.1,240,1,1,628,684,745,1,727,13.5,766.7,525,40.2,40.2,0.7,3.3,1391.5,-448,15.8,-10.6,12.7,14.2,13.3,11.3,10.8,13.0,14.1,13.4,48.5,49.3,4,8,0.7,1.3,43,43,42,0,0,0,6,6,4,0,8,13,5,19,26,18,8,8,9,0,0,0,0,0,0,0,0,0
13.65,228,0.33,0.38,0.34,11.8,13.1,12.4,0.0,0.5,0.11,0.14,0,9.1,242,1,1,679,685,807,2,793,14.05,790.5,553,40.3,40.3,0.7,3.3,1391.5,-448,15.8,-10.5,12.5,14.2,13.1,11.0,10.5,12.6,14.1,13.4,48.5,49.3,3,7,0.9,1.5,44,43,42,0,0,0,6,6,4,0,7,15,4,19,26,18,7,7,9,0,0,0,0,0,0,0,0,0
14.48,306,0.24,0.3,0.25,14.0,12.6,12.2,0.0,1.0,0.09,0.12,0,8.0,241,1,1,870,686,1035,-2,1029,15.14,958.9,653,41.2,41.2,0.7,3.3,1391.5,-448,15.8,-10.5,12.5,14.1,13.2,11.0,10.7,12.5,14.1,13.4,48.5,49.3,4,8,0.9,1.5,45,45,42,0,0,0,6,6,4,0,7,15,5,19,26,18,8,8,9,0,0,0,0,0,0,0,0,0
14.27,176,0.39,0.45,0.4,12.2,12.7,11.8,0.0,7.7,0.17,0.14,0,8.7,234,1,1,785,685,932,0,930,14.8,899.4,599,41.3,41.3,0.7,3.3,1391.5,-448,15.8,-10.6,12.6,14.1,13.2,11.1,10.7,12.7,14.1,13.5,48.5,49.4,3,8,0.7,1.4,44,44,42,0,0,0,6,6,4,0,8,14,5,19,26,18,8,8,9,0,0,0,0,0,0,0,0,0
10.71,248,0.25,0.3,0.26,11.3,11.6,11.3,0.0,-12.6,0.07,0.15,0,5.9,243,1,1,359,683,426,1,417,11.21,516.7,361,38.7,38.6,0.7,3.4,1391.5,-448,15.8,-10.6,12.6,14.1,13.3,11.1,10.7,12.7,14.3,13.6,48.5,49.3,3,7,0.8,1.5,41,41,42,0,0,0,6,6,4,0,8,14,5,19,26,18,7,7,10,0,0,0,0,0,0,0,0,0
13.79,52,0.39,0.45,0.4,13.5,11.6,11.6,0.0,-1.6,0.07,0.14,0,7.1,239,1,1,752,685,893,-2,887,14.41,866.5,593,40.8,40.7,0.7,3.3,1391.5,-448,15.8,-10.6,12.7,14.4,13.4,11.2,10.7,12.9,14.1,13.4,48.5,49.3,4,7,0.7,1.3,44,44,42,0,0,0,6,6,4,0,8,13,5,19,26,18,7,7,9,0,0,0,0,0,0,0,0,0
13.14,236,0.39,0.45,0.4,11.7,12.5,13.2,0.0,7.2,0.07,0.08,0,8.7,235,1,1,613,683,727,0,711,13.53,720.1,517,41.2,41.3,0.7,3.3,1391.5,-448,15.8,-10.6,12.6,14.0,13.3,11.1,10.7,12.6,14.1,13.5,48.5,49.3,3,8,0.7,1.4,44,44,42,0,0,0,6,6,4,0,8,13,5,19,26,18,8,8,10,0,0,0,0,0,0,0,0,0
13.05,2,0.39,0.45,0.4,11.8,11.7,12.5,0.0,-1.4,0.02,0.11,0,6.2,240,1,1,642,684,761,-3,748,13.56,778.0,535,40.2,40.2,0.7,3.3,1391.5,-448,15.8,-10.6,12.7,14.2,13.3,11.3,10.8,12.9,14.1,13.4,48.5,49.3,4,7,0.7,1.3,43,43,42,0,0,0,6,6,4,0,8,13,5,19,26,18,7,7,9,0,0,0,0,0,0,0,0,0
14.71,348,0.39,0.45,0.4,12.7,12.3,13.8,0.0,0.0,0.02,0.15,0,7.7,236,1,1,933,686,1109,0,1103,15.36,998.7,689,41.8,41.9,0.7,3.3,1391.5,-448,15.8,-10.6,12.6,14.0,13.2,11.1,10.8,12.6,14.1,13.4,48.5,49.3,3,7,0.7,1.5,46,46,42,0,0,0,6,6,4,0,8,14,5,19,26,18,7,7,9,0,0,0,0,0,0,0,0,0
12.53,106,0.32,0.37,0.32,12.1,11.4,12.5,0.0,-10.2,0.12,0.14,0,5.8,244,1,1,579,686,689,2,673,13.12,725.9,500,41.2,42.3,0.7,3.3,1391.5,-448,15.8,-10.5,12.8,14.5,13.5,11.3,10.8,13.0,14.2,13.5,48.6,49.4,4,8,0.9,1.5,45,45,42,0,0,0,6,6,4,0,7,15,4,19,26,18,8,8,10,0,0,0,0,0,0,0,0,0
14.16,210,0.24,0.3,0.25,12.1,13.1,13.8,0.0,-6.1,0.05,0.14,0,8.2,241,1,1,804,686,957,2,940,14.66,931.6,627,41.4,41.4,0.7,3.3,1391.5,-448,15.8,-10.5,12.6,14.1,13.2,11.1,10.7,12.5,14.1,13.4,48.5,49.3,3,8,0.9,1.5,45,45,42,0,0,0,6,6,4,0,7,15,5,19,26,18,8,8,9,0,0,0,0,0,0,0,0,0
12.6,286,0.39,0.45,0.4,11.8,12.0,12.5,0.0,7.1,-0.03,0.11,0,7.0,237,1,1,583,684,692,0,689,13.11,713.7,501,40.2,40.5,0.7,3.3,1391.5,-448,15.8,-10.6,12.7,14.0,13.3,11.2,10.8,12.8,14.1,13.5,48.5,49.3,3,7,0.7,1.3,43,43,42,0,0,0,6,6,4,0,8,13,5,19,26,18,7,7,9,0,0,0,0,0,0,0,0,0
12.97,34,0.33,0.38,0.34,12.0,11.3,11.7,0.0,-10.0,0.04,0.16,0,8.0,244,1,1,625,684,742,0,729,13.54,749.4,525,40.0,40.0,0.7,3.3,1391.5,-448,15.8,-10.5,12.4,14.0,13.1,11.0,10.5,12.5,14.1,13.5,48.5,49.3,4,7,0.9,1.5,43,43,42,0,0,0,6,6,4,0,7,15,5,19,26,18,7,7,9,0,0,0,0,0,0,0,0,0
13.38,36,0.25,0.3,0.26,12.2,12.9,12.4,0.0,-2.7,0.11,0.15,0,6.7,243,1,1,659,684,782,-2,778,13.79,777.0,547,39.7,39.7,0.7,3.3,1391.5,-448,15.8,-10.6,12.4,13.9,13.2,11.0,10.4,12.6,14.2,13.5,48.6,49.3,2,8,0.9,1.5,43,43,42,0,0,0,6,6,4,0,8,15,5,19,26,18,8,8,9,0,0,0,0,0,0,0,0,0
13.11,254,0.32,0.37,0.33,12.7,11.8,11.6,0.01,-5.9,0.08,0.15,0,5.4,243,1,1,653,685,776,-1,776,13.76,790.7,537,42.1,42.1,0.7,3.3,1391.5,-448,15.8,-10.5,12.8,14.3,13.4,11.2,10.9,12.6,14.1,13.6,48.6,49.3,3,8,0.9,1.5,45,45,42,0,0,0,6,6,4,0,7,15,4,19,26,18,8,8,9,0,0,0,0,0,0,0,0,0
13.55,74,0.39,0.45,0.4,12.7,11.7,11.6,0.0,-4.5,0.07,0.14,0,7.1,239,1,1,716,685,851,-3,853,14.15,832.7,574,39.9,39.8,0.7,3.3,1391.5,-448,15.8,-10.6,12.7,14.4,13.4,11.2,10.8,12.8,14.0,13.3,48.5,49.3,4,7,0.7,1.3,43,43,42,0,0,0,6,6,4,0,8,13,5,19,26,18,7,7,9,0,0,0,0,0,0,0,0,0
15.2,350,0.39,0.45,0.4,12.9,12.5,14.7,0.0,0.8,0.08,0.14,0,9.2,234,1,1,1006,685,1196,2,1177,15.82,1025.6,722,41.4,41.5,0.7,3.3,1391.5,-448,15.8,-10.6,12.6,14.2,13.2,11.1,10.7,12.5,14.1,13.5,48.5,49.3,3,8,0.7,1.4,45,45,42,0,0,0,6,6,4,0,8,14,5,19,26,18,8,8,9,0,0,0,0,0,0,0,0,0
13.36,268,0.32,0.37,0.33,12.7,11.8,12.0,0.0,-12.2,0.12,0.14,0,6.4,243,1,1,693,686,824,0,808,14.0,818.0,558,41.9,41.8,0.7,3.4,1391.5,-448,15.8,-10.5,12.8,14.2,13.3,11.3,10.9,12.7,14.1,13.5,48.5,49.4,3,8,0.9,1.5,46,45,42,0,0,0,6,6,4,0,7,15,4,19,26,18,8,8,9,0,0,0,0,0,0,0,0,0
10.89,100,0.25,0.3,0.26,11.6,11.6,11.5,0.0,-20.4,0.09,0.15,0,6.7,246,1,1,372,683,441,0,441,11.45,518.2,365,38.7,38.7,0.7,3.3,1391.5,-448,15.8,-10.6,12.5,13.9,13.2,11.0,10.6,12.6,14.3,13.6,48.6,49.4,3,8,0.9,1.5,41,41,42,0,0,0,6,6,4,0,8,14,5,19,26,18,8,8,9,0,0,0,0,0,0,0,0,0
12.2,94,0.39,0.45,0.4,12.0,11.6,11.4,0.0,5.9,0.11,0.16,0,5.7,238,1,1,528,683,626,2,622,12.77,680.8,465,41.1,41.1,0.7,3.3,1391.5,-448,15.8,-10.6,12.6,14.3,13.5,11.0,10.8,12.6,14.1,13.5,48.5,49.3,4,8,0.7,1.3,44,44,42,0,0,0,6,6,4,0,8,13,5,19,26,18,8,8,10,0,0,0,0,0,0,0,0,0
11.62,36,0.25,0.3,0.26,11.9,11.8,11.4,0.0,-6.7,0.09,0.12,0,5.7,240,1,1,452,684,536,-2,526,12.07,599.8,422,38.2,38.4,0.7,3.3,1391.5,-448,15.8,-10.6,12.7,14.0,13.4,11.2,10.8,12.7,14.3,13.6,48.6,49.4,3,8,0.8,1.5,41,41,42,0,0,0,6,6,4,0,8,14,5,19,26,18,8,8,9,0,0,0,0,0,0,0,0,0
13.43,286,0.32,0.37,0.32,12.0,12.0,12.0,0.0,-7.6,0.15,0.13,0,7.1,242,1,1,693,685,824,-2,814,14.1,821.9,555,41.9,42.0,0.7,3.3,1391.5,-448,15.8,-10.5,12.7,14.2,13.4,11.2,10.8,12.8,14.1,13.5,48.5,49.3,4,8,0.9,1.5,46,45,42,0,0,0,6,6,4,0,7,15,4,19,26,18,8,8,9,0,0,0,0,0,0,0,0,0
12.44,32,0.32,0.37,0.32,12.0,11.6,12.1,0.0,-2.6,0.07,0.12,0,7.5,242,1,1,557,686,663,-1,649,12.98,700.3,487,39.0,40.0,0.7,3.3,1391.5,-448,15.8,-10.5,12.8,14.2,13.4,11.2,10.9,12.6,14.3,13.6,48.6,49.4,4,8,0.9,1.5,42,42,42,0,0,0,6,6,4,0,7,15,4,19,26,18,8,8,9,0,0,0,0,0,0,0,0,0
13.25,32,0.33,0.38,0.34,12.5,11.4,11.7,0.0,-0.8,0.15,0.14,0,8.5,243,1,1,668,684,793,-2,781,13.84,789.1,547,40.1,40.0,0.7,3.3,1391.5,-448,15.8,-10.5,12.5,14.0,13.1,11.0,10.5,12.5,14.1,13.5,48.5,49.3,4,7,0.9,1.5,43,43,42,0,0,0,6,6,4,0,7,15,5,19,26,18,7,7,9,0,0,0,0,0,0,0,0,0
10.88,250,0.25,0.3,0.26,11.4,11.6,11.9,0.0,-12.4,0.03,0.13,0,4.7,242,1,1,370,683,439,0,438,11.39,531.8,368,38.5,38.3,0.7,3.3,1391.5,-448,15.8,-10.6,12.6,14.3,13.4,11.1,10.7,12.9,14.3,13.5,48.6,49.4,4,8,0.9,1.5,41,40,42,0,0,0,6,6,4,0,8,14,5,19,26,18,8,8,9,0,0,0,0,0,0,0,0,0
13.17,182,0.32,0.37,0.32,12.4,11.5,12.4,0.0,-7.4,0.1,0.12,0,6.6,244,1,1,666,686,793,1,779,13.81,800.8,549,42.1,42.0,0.7,3.3,1391.5,-448,15.8,-10.5,12.8,14.2,13.4,11.2,10.9,12.6,14.1,13.6,48.6,49.3,4,7,0.9,1.5,45,45,42,0,0,0,6,6,4,0,7,15,4,19,26,18,7,7,9,0,0,0,0,0,0,0,0,0
13.53,144,0.25,0.3,0.26,12.2,12.0,13.1,0.0,-2.8,-0.03,0.13,0,6.4,244,1,1,706,685,840,1,829,14.05,826.7,571,39.5,39.4,0.7,3.3,1391.5,-448,15.8,-10.5,12.4,14.0,13.2,10.9,10.5,12.5,14.2,13.5,48.5,49.3,3,9,0.9,1.5,43,43,42,0,0,0,6,6,4,0,8,15,5,19,26,18,9,9,10,0,0,0,0,0,0,0,0,0
10.96,244,0.25,0.3,0.26,11.6,11.6,11.2,0.0,-13.8,0.13,0.11,0,5.7,244,1,1,377,683,447,0,438,11.39,525.8,376,38.7,38.7,0.7,3.3,1391.5,-448,15.8,-10.6,12.6,13.9,13.2,11.1,10.7,12.6,14.3,13.6,48.6,49.4,3,8,0.9,1.5,41,41,42,0,0,0,6,6,4,0,8,14,5,19,26,18,8,8,10,0,0,0,0,0,0,0,0,0
14.14,268,0.25,0.3,0.26,12.4,13.3,12.7,0.0,-6.0,0.07,0.14,0,7.8,245,1,1,763,685,908,0,897,14.58,859.2,600,39.2,39.1,0.7,3.3,1391.5,-448,15.8,-10.6,12.5,14.1,13.2,11.0,10.4,12.7,14.3,13.5,48.5,49.4,3,8,0.9,1.5,42,42,42,0,0,0,6,6,4,0,8,15,5,19,26,18,8,8,9,0,0,0,0,0,0,0,0,0
11.14,104,0.25,0.3,0.26,11.6,11.6,12.0,0.0,-11.7,0.13,0.11,0,6.6,245,1,1,394,683,467,1,467,11.75,537.6,383,38.8,38.7,0.7,3.3,1391.5,-448,15.8,-10.6,12.5,13.9,13.2,11.0,10.6,12.5,14.3,13.6,48.6,49.4,4,8,0.9,1.5,41,41,42,0,0,0,6,6,4,0,8,14,5,19,26,18,8,8,9,0,0,0,0,0,0,0,0,0
12.3,316,0.32,0.37,0.33,11.9,11.9,12.5,0.0,-2.8,0.22,0.15,0,7.1,241,1,1,534,686,636,-3,622,12.77,676.8,475,38.3,39.7,0.7,3.3,1391.5,-448,15.8,-10.5,12.8,14.2,13.4,11.2,10.9,12.7,14.3,13.6,48.6,49.3,4,8,0.9,1.5,42,41,42,0,0,0,6,6,4,0,7,15,4,19,26,18,8,8,9,0,0,0,0,0,0,0,0,0
13.38,254,0.25,0.3,0.26,13.1,11.9,12.5,0.0,-6.8,0.07,0.13,0,7.5,245,1,1,703,685,835,0,830,14.07,827.5,564,39.6,39.5,0.7,3.3,1391.5,-448,15.8,-10.5,12.4,14.1,13.1,10.9,10.5,12.4,14.2,13.5,48.6,49.3,4,7,0.9,1.5,43,43,42,0,0,0,6,6,4,0,8,15,5,19,26,18,7,7,9,0,0,0,0,0,0,0,0,0
14.21,132,0.35,0.41,0.36,13.6,11.8,12.9,0.0,-8.7,0.07,0.12,0,7.8,244,1,1,823,686,979,2,973,14.88,935.8,630,40.4,40.4,0.7,3.3,1391.5,-448,15.8,-10.5,12.5,14.0,13.1,11.0,10.4,12.6,14.1,13.4,48.5,49.3,3,7,0.9,1.5,44,43,42,0,0,0,6,6,4,0,7,15,4,19,26,18,7,7,9,0,0,0,0,0,0,0,0,0
13.33,110,0.33,0.38,0.34,12.7,12.0,11.8,0.0,-7.5,0.09,0.14,0,9.7,243,1,1,682,684,810,2,806,13.97,806.5,553,40.2,40.1,0.7,3.3,1391.5,-448,15.8,-10.5,12.5,14.1,13.0,10.9,10.6,12.2,14.1,13.4,48.5,49.3,3,8,0.9,1.5,43,43,42,0,0,0,6,6,4,0,7,15,5,19,26,18,8,8,10,0,0,0,0,0,0,0,0,0
13.68,174,0.25,0.3,0.26,12.6,12.8,12.7,0.0,-14.4,0.1,0.19,0,7.0,247,1,1,689,686,820,-2,817,14.16,800.8,555,39.1,39.1,0.7,3.3,1391.5,-448,15.8,-10.6,12.4,14.2,13.1,10.9,10.6,12.4,14.3,13.6,48.6,49.4,4,7,0.9,1.5,42,42,42,0,0,0,6,6,4,0,8,15,5,19,26,18,7,7,9,0,0,0,0,0,0,0,0,0
13.23,242,0.39,0.45,0.4,11.9,12.5,12.2,0.0,-1.8,0.16,0.13,0,6.5,238,1,1,637,684,756,0,756,13.72,773.0,527,40.7,41.0,0.7,3.3,1391.5,-448,15.8,-10.6,12.7,14.2,13.2,11.1,10.9,12.5,14.1,13.5,48.6,49.3,3,8,0.7,1.3,44,44,42,0,0,0,6,6,4,0,8,13,5,19,26,18,8,8,9,0,0,0,0,0,0,0,0,0
13.19,312,0.25,0.3,0.26,12.3,12.9,12.4,0.0,-5.0,0.09,0.14,0,6.7,240,1,1,683,684,810,1,806,13.96,811.3,552,41.0,42.4,0.7,3.3,1391.5,-448,15.8,-10.6,12.7,14.3,13.3,11.3,10.9,12.6,14.1,13.5,48.6,49.4,4,8,0.7,1.5,46,46,42,0,0,0,6,6,4,0,8,14,5,19,26,18,8,8,9,0,0,0,0,0,0,0,0,0
15.24,86,0.39,0.45,0.4,14.3,12.3,12.0,0.0,2.0,0.07,0.12,0,8.0,234,1,1,1024,685,1218,-3,1208,15.97,1059.4,728,41.4,41.7,0.7,3.3,1391.5,-448,15.8,-10.6,12.6,14.3,13.1,11.1,10.7,12.6,14.1,13.5,48.5,49.3,4,7,0.7,1.4,45,45,42,0,0,0,6,6,4,0,8,14,5,19,26,18,7,7,9,0,0,0,0,0,0,0,0,0
13.94,298,0.24,0.3,0.25,13.1,12.2,13.1,0.0,-5.2,0.06,0.16,0,8.5,241,1,1,790,686,941,2,935,14.59,943.6,616,41.4,41.5,0.7,3.3,1391.5,-448,15.8,-10.5,12.6,14.2,13.2,11.1,10.7,12.6,14.1,13.4,48.5,49.3,4,7,0.9,1.5,45,45,42,0,0,0,6,6,4,0,7,15,4,19,26,18,7,7,9,0,0,0,0,0,0,0,0,0
11.62,38,0.25,0.3,0.26,11.9,12.0,11.8,0.0,-6.7,0.1,0.16,0,7.9,240,1,1,456,684,541,1,529,12.12,610.6,429,38.3,38.0,0.7,3.3,1391.5,-448,15.8,-10.6,12.7,14.1,13.4,11.2,10.8,12.8,14.3,13.6,48.5,49.4,3,8,0.8,1.5,41,41,42,0,0,0,6,6,4,0,8,14,5,19,26,18,8,8,9,0,0,0,0,0,0,0,0,0
14.77,218,0.35,0.41,0.36,13.4,12.2,12.4,0.0,-3.0,0.1,0.12,0,8.0,242,1,1,926,686,1102,1,1093,15.5,984.8,679,40.5,40.5,0.7,3.3,1391.5,-448,15.8,-10.5,12.5,13.8,13.1,11.0,10.5,12.5,14.1,13.4,48.5,49.3,4,8,0.9,1.5,44,44,42,0,0,0,6,6,4,0,7,15,5,19,26,18,8,8,9,0,0,0,0,0,0,0,0,0
13.94,30,0.24,0.3,0.25,13.4,12.7,12.0,0.0,-3.7,0.11,0.14,0,9.2,241,1,1,809,686,963,1,948,14.78,940.7,620,41.4,41.6,0.7,3.3,1391.5,-448,15.8,-10.5,12.6,14.1,13.1,11.1,10.8,12.4,14.1,13.4,48.5,49.3,4,7,0.9,1.5,45,45,42,0,0,0,6,6,4,0,7,15,5,19,26,18,7,7,9,0,0,0,0,0,0,0,0,0
12.65,336,0.25,0.3,0.26,12.3,12.4,12.0,0.0,-11.2,0.11,0.21,0,6.9,243,1,1,549,684,651,2,636,13.05,679.7,481,39.4,40.6,0.7,3.3,1391.5,-448,15.8,-10.6,12.8,14.1,13.4,11.3,10.9,12.9,14.2,13.5,48.6,49.4,3,7,0.7,1.5,43,42,42,0,0,0,6,6,4,0,8,14,5,19,26,18,7,7,9,0,0,0,0,0,0,0,0,0
13.78,24,0.24,0.3,0.25,13.0,11.8,12.2,0.0,-5.3,0.13,0.14,0,8.2,241,1,1,758,686,901,1,887,14.41,933.0,597,41.6,41.7,0.7,3.3,1391.5,-448,15.8,-10.5,12.7,14.1,13.3,11.2,10.7,12.7,14.1,13.4,48.5,49.3,4,7,0.9,1.5,45,45,42,0,0,0,6,6,4,0,7,15,4,19,26,18,7,7,9,0,0,0,0,0,0,0,0,0
14.55,124,0.24,0.3,0.25,12.3,13.7,13.2,0.0,-4.0,0.14,0.13,0,8.5,241,1,1,852,686,1014,2,1005,15.08,938.0,646,41.4,41.4,0.7,3.3,1391.5,-448,15.8,-10.5,12.6,14.0,13.2,11.1,10.6,12.7,14.1,13.4,48.5,49.3,4,7,0.9,1.5,45,45,42,0,0,0,6,6,4,0,7,15,5,19,26,18,7,7,9,0,0,0,0,0,0,0,0,0
12.33,104,0.32,0.37,0.33,12.1,11.4,12.0,0.0,-9.2,0.09,0.14,0,6.2,244,1,1,551,686,657,0,647,12.94,699.8,484,40.2,42.1,0.7,3.3,1391.5,-448,15.8,-10.5,12.8,14.3,13.4,11.3,10.9,12.9,14.2,13.5,48.6,49.3,4,8,0.9,1.5,45,45,42,0,0,0,6,6,4,0,7,15,4,19,26,18,8,8,9,0,0,0,0,0,0,0,0,0
13.47,120,0.32,0.37,0.33,11.7,12.4,13.3,0.0,-10.2,0.07,0.14,0,7.8,243,1,1,696,686,828,-3,824,13.97,809.1,570,41.9,41.9,0.7,3.3,1391.5,-448,15.8,-10.5,12.7,14.1,13.4,11.2,10.9,12.7,14.1,13.5,48.6,49.4,4,7,0.9,1.5,45,45,42,0,0,0,6,6,4,0,7,15,4,19,26,18,7,7,9,0,0,0,0,0,0,0,0,0
12.12,166,0.39,0.45,0.4,11.9,11.9,11.5,0.0,6.9,0.1,0.14,0,4.9,237,1,1,507,683,601,2,603,12.72,660.0,452,41.1,41.0,0.7,3.4,1391.5,-448,15.8,-10.6,12.6,14.3,13.4,11.0,10.8,12.6,14.1,13.4,48.5,49.3,4,8,0.7,1.3,44,44,42,0,0,0,6,6,4,0,8,13,5,19,26,18,8,8,9,0,0,0,0,0,0,0,0,0
14.57,214,0.24,0.3,0.25,13.1,12.4,13.9,0.0,-1.9,0.04,0.1,0,9.2,241,1,1,891,686,1060,1,1050,15.16,967.3,666,41.2,41.3,0.7,3.3,1391.5,-448,15.8,-10.5,12.5,14.0,13.2,11.0,10.6,12.7,14.1,13.4,48.5,49.3,4,7,0.9,1.5,45,45,42,0,0,0,6,6,4,0,7,15,5,19,26,18,7,7,9,0,0,0,0,0,0,0,0,0
12.39,102,0.32,0.37,0.33,12.8,11.5,11.7,0.0,-4.2,0.13,0.16,0,6.3,242,1,1,553,685,658,1,650,12.99,699.2,483,38.9,40.1,0.7,3.3,1391.5,-448,15.8,-10.5,12.8,14.2,13.4,11.2,10.9,12.6,14.3,13.6,48.6,49.4,4,7,0.9,1.5,42,42,42,0,0,0,6,6,4,0,7,15,4,19,26,18,7,7,9,0,0,0,0,0,0,0,0,0
14.29,300,0.24,0.3,0.25,13.1,13.3,12.3,0.0,-2.4,0.17,0.11,0,7.5,243,1,1,867,686,1032,0,1028,15.12,960.4,649,41.1,41.2,0.7,3.3,1391.5,-448,15.8,-10.5,12.5,14.0,13.2,11.0,10.6,12.5,14.1,13.4,48.5,49.3,4,7,0.9,1.5,45,45,42,0,0,0,6,6,4,0,7,15,5,19,26,18,7,7,9,0,0,0,0,0,0,0,0,0
12.09,44,0.25,0.3,0.26,12.1,11.7,12.0,0.0,0.3,0.15,0.12,0,6.0,240,1,1,516,684,613,1,599,12.63,667.0,464,37.3,38.3,0.7,3.3,1391.5,-448,15.8,-10.6,12.8,14.2,13.4,11.3,10.7,13.1,14.3,13.5,48.6,49.4,4,8,0.7,1.5,40,40,42,0,0,0,6,6,4,0,8,14,5,19,26,18,8,8,9,0,0,0,0,0,0,0,0,0
14.58,216,0.35,0.41,0.36,13.9,12.1,12.1,0.0,-8.8,0.06,0.11,0,8.4,244,1,1,895,685,1063,0,1057,15.26,975.9,666,40.9,40.9,0.7,3.3,1391.5,-448,15.8,-10.5,12.5,13.9,13.2,11.0,10.5,12.5,14.1,13.4,48.5,49.3,3,7,0.9,1.5,45,45,42,0,0,0,6,6,4,0,7,15,5,19,26,18,7,7,9,0,0,0,0,0,0,0,0,0
14.37,254,0.39,0.45,0.4,11.9,13.1,13.1,0.0,-8.9,0.09,0.14,0,8.3,238,1,1,812,683,964,0,953,14.86,926.1,623,41.9,42.0,0.7,3.3,1391.5,-448,15.8,-10.6,12.7,14.0,13.3,11.1,10.8,12.6,14.1,13.4,48.5,49.3,3,7,0.7,1.5,46,46,42,0,0,0,6,6,4,0,8,14,5,19,26,18,7,7,9,0,0,0,0,0,0,0,0,0
11.02,252,0.25,0.3,0.26,11.5,11.6,12.2,0.0,-6.0,0.07,0.13,0,6.2,240,1,1,387,682,458,0,447,11.61,544.5,379,38.3,38.4,0.7,3.3,1391.5,-448,15.8,-10.6,12.6,14.4,13.4,11.1,10.8,12.8,14.3,13.6,48.5,49.4,3,8,0.9,1.5,41,40,42,0,0,0,6,6,4,0,8,14,5,19,26,18,8,8,9,0,0,0,0,0,0,0,0,0
13.42,358,0.33,0.38,0.34,12.2,11.6,12.5,0.0,-7.0,0.04,0.14,0,7.3,243,1,1,695,685,827,0,824,13.96,819.3,564,40.3,40.2,0.7,3.3,1391.5,-448,15.8,-10.5,12.5,14.2,13.0,10.9,10.6,12.4,14.1,13.4,48.5,49.3,4,8,0.9,1.5,44,43,42,0,0,0,6,6,4,0,7,15,5,19,26,18,8,8,10,0,0,0,0,0,0,0,0,0
12.54,22,0.39,0.45,0.4,12.2,11.3,11.5,0.0,5.4,0.09,0.09,0,7.7,235,1,1,575,683,682,1,676,13.18,703.6,496,41.2,41.1,0.7,3.3,1391.5,-448,15.8,-10.6,12.7,14.0,13.3,11.1,10.7,12.6,14.1,13.5,48.5,49.3,3,8,0.7,1.3,44,44,42,0,0,0,6,6,4,0,8,13,5,19,26,18,8,8,9,0,0,0,0,0,0,0,0,0
12.51,144,0.39,0.45,0.4,12.0,12.1,11.7,0.0,5.1,0.14,0.14,0,6.7,238,1,1,558,684,662,-1,658,13.15,711.6,483,40.2,40.3,0.7,3.4,1391.5,-448,15.8,-10.6,12.7,14.1,13.3,11.2,10.8,12.9,14.1,13.5,48.5,49.3,3,8,0.7,1.3,43,43,42,0,0,0,6,6,4,0,8,13,5,19,26,18,8,8,10,0,0,0,0,0,0,0,0,0
13.59,256,0.35,0.4,0.36,12.0,12.0,12.2,0.0,-0.1,0.15,0.14,0,8.3,239,1,1,756,683,896,1,888,14.43,929.6,590,42.2,42.2,0.7,3.3,1391.5,-448,15.8,-10.6,12.7,14.1,13.4,11.2,10.9,12.7,14.1,13.5,48.5,49.3,3,7,0.7,1.5,46,46,42,0,0,0,6,6,4,0,8,14,5,19,26,18,7,7,10,0,0,0,0,0,0,0,0,0
12.63,262,0.25,0.3,0.26,12.4,12.1,12.0,0.0,-4.0,0.14,0.11,0,7.5,242,1,1,566,684,672,0,662,13.24,698.7,483,38.9,40.1,0.7,3.3,1391.5,-448,15.8,-10.6,12.8,14.1,13.3,11.3,10.9,12.8,14.2,13.6,48.6,49.4,3,8,0.7,1.5,43,42,42,0,0,0,6,6,4,0,8,14,5,19,26,18,8,8,9,0,0,0,0,0,0,0,0,0
13.51,274,0.25,0.3,0.26,12.2,12.4,13.3,0.0,-17.5,0.09,0.16,0,7.3,246,1,1,701,685,834,0,827,14.02,813.0,566,39.0,38.9,0.7,3.3,1391.5,-448,15.8,-10.6,12.5,14.2,13.0,11.0,10.6,12.3,14.3,13.6,48.6,49.4,4,8,0.9,1.5,42,41,42,0,0,0,6,6,4,0,8,15,5,19,26,18,8,8,9,0,0,0,0,0,0,0,0,0
13.43,118,0.25,0.3,0.26,12.2,12.9,12.9,0.0,-12.5,0.13,0.14,0,7.8,241,1,1,692,684,821,-2,820,13.9,804.2,564,40.7,42.3,0.7,3.3,1391.5,-448,15.8,-10.6,12.7,14.4,13.3,11.3,10.9,12.6,14.1,13.5,48.6,49.3,4,8,0.7,1.5,46,46,42,0,0,0,6,6,4,0,8,14,5,19,26,18,8,8,9,0,0,0,0,0,0,0,0,0
13.96,134,0.35,0.41,0.36,13.1,11.9,12.4,0.0,-3.3,0.07,0.14,0,6.3,242,1,1,771,686,917,-2,915,14.56,872.8,602,40.4,40.3,0.7,3.3,1391.5,-448,15.8,-10.5,12.5,14.1,13.2,11.0,10.4,12.7,14.1,13.3,48.5,49.3,4,8,0.9,1.5,44,43,42,0,0,0,6,6,4,0,7,15,4,19,26,18,8,8,9,0,0,0,0,0,0,0,0,0
12.02,174,0.25,0.3,0.26,11.8,11.6,11.6,0.0,-7.4,0.09,0.13,0,7.1,245,1,1,463,684,549,0,542,12.43,597.0,426,39.0,38.8,0.7,3.3,1391.5,-448,15.8,-10.6,12.5,14.0,13.2,11.0,10.6,12.4,14.4,13.6,48.6,49.4,3,7,0.9,1.5,41,41,42,0,0,0,6,6,4,0,8,14,5,19,26,18,7,7,9,0,0,0,0,0,0,0,0,0
13.27,90,0.25,0.3,0.26,12.9,12.1,12.0,0.0,-17.6,0.11,0.14,0,8.6,247,1,1,694,686,827,0,814,14.1,817.2,558,39.0,39.1,0.7,3.3,1391.5,-448,15.8,-10.6,12.5,14.2,13.0,10.9,10.6,12.4,14.3,13.6,48.6,49.4,3,7,0.9,1.5,42,42,42,0,0,0,6,6,4,0,8,15,5,19,26,18,7,7,9,0,0,0,0,0,0,0,0,0
13.57,260,0.39,0.45,0.4,11.6,12.0,13.1,0.0,-5.2,0.07,0.13,0,6.9,239,1,1,705,684,837,1,828,14.04,810.3,570,39.6,39.7,0.7,3.3,1391.5,-448,15.8,-10.6,12.7,14.3,13.3,11.1,10.9,12.5,14.0,13.3,48.5,49.3,4,7,0.7,1.3,43,43,42,0,0,0,6,6,4,0,8,13,5,19,26,18,7,7,9,0,0,0,0,0,0,0,0,0
13.96,262,0.25,0.3,0.26,12.4,13.2,13.1,0.0,-9.7,0.05,0.17,0,8.8,246,1,1,750,686,892,-2,889,14.44,839.3,594,39.2,39.2,0.7,3.3,1391.5,-448,15.8,-10.6,12.4,14.2,13.2,11.0,10.4,12.6,14.2,13.5,48.6,49.3,3,8,0.9,1.5,42,42,42,0,0,0,6,6,4,0,8,15,5,19,26,18,8,8,10,0,0,0,0,0,0,0,0,0
13.85,142,0.39,0.45,0.4,12.0,12.8,12.0,0.0,-12.1,0.14,0.17,0,8.5,240,1,1,734,684,871,-3,866,14.38,848.0,578,40.7,40.7,0.7,3.3,1391.5,-448,15.8,-10.6,12.7,14.5,13.4,11.2,10.8,12.8,14.1,13.5,48.5,49.3,4,7,0.7,1.3,44,44,42,0,0,0,6,6,4,0,8,13,5,19,26,18,7,7,9,0,0,0,0,0,0,0,0,0
14.74,38,0.35,0.41,0.36,12.0,13.4,13.8,0.0,-7.7,0.09,0.13,0,7.8,244,1,1,874,685,1039,-2,1034,15.22,945.6,659,40.8,40.9,0.7,3.3,1391.5,-448,15.8,-10.5,12.5,13.8,13.2,11.0,10.5,12.5,14.1,13.4,48.5,49.3,3,8,0.9,1.5,45,45,42,0,0,0,6,6,4,0,7,15,5,19,26,18,8,8,9,0,0,0,0,0,0,0,0,0
11.18,170,0.25,0.3,0.26,12.1,11.6,11.1,0.0,-15.5,0.14,0.18,0,5.3,246,1,1,372,683,442,-1,443,11.51,515.6,372,38.8,38.7,0.7,3.3,1391.5,-448,15.8,-10.6,12.5,13.9,13.2,11.0,10.6,12.6,14.3,13.6,48.6,49.4,3,8,0.9,1.5,41,41,42,0,0,0,6,6,4,0,8,14,5,19,26,18,8,8,9,0,0,0,0,0,0,0,0,0
11.25,176,0.25,0.3,0.26,11.8,11.6,11.8,0.0,-1.5,0.09,0.14,0,4.7,240,1,1,418,684,497,0,488,11.89,576.6,398,38.3,38.5,0.7,3.3,1391.5,-448,15.8,-10.6,12.7,14.1,13.3,11.1,10.8,12.6,14.3,13.6,48.5,49.3,3,7,0.8,1.5,41,41,42,0,0,0,6,6,4,0,8,14,5,19,26,18,7,7,9,0,0,0,0,0,0,0,0,0
15.18,80,0.39,0.45,0.4,14.3,12.2,12.1,0.0,0.2,-0.01,0.14,0,8.9,235,1,1,998,685,1186,-2,1181,15.87,1036.5,715,41.7,41.5,0.7,3.3,1391.5,-448,15.8,-10.6,12.6,14.2,13.2,11.1,10.8,12.4,14.1,13.5,48.5,49.3,4,7,0.7,1.4,45,45,42,0,0,0,6,6,4,0,8,14,5,19,26,18,7,7,9,0,0,0,0,0,0,0,0,0
12.71,146,0.39,0.45,0.4,12.2,12.0,11.4,0.0,-1.2,0.16,0.14,0,6.9,240,1,1,609,684,723,-2,706,13.42,751.7,510,40.1,40.1,0.7,3.3,1391.5,-448,15.8,-10.6,12.7,14.2,13.3,11.3,10.8,13.0,14.1,13.4,48.5,49.3,3,8,0.7,1.3,43,43,42,0,0,0,6,6,4,0,8,13,5,19,26,18,8,8,9,0,0,0,0,0,0,0,0,0
14.53,220,0.35,0.41,0.36,13.8,12.0,12.1,0.0,-9.4,0.09,0.16,0,7.7,244,1,1,890,684,1057,0,1054,15.23,972.7,663,40.7,40.8,0.7,3.3,1391.5,-448,15.8,-10.5,12.5,13.9,13.1,11.0,10.5,12.5,14.1,13.4,48.5,49.3,4,7,0.9,1.5,45,45,42,0,0,0,6,6,4,0,7,15,5,19,26,18,7,7,9,0,0,0,0,0,0,0,0,0
13.34,18,0.39,0.45,0.4,12.4,11.6,12.0,0.0,-7.0,0.11,0.13,0,7.0,239,1,1,685,685,814,1,804,13.94,806.7,557,39.6,39.7,0.7,3.3,1391.5,-448,15.8,-10.6,12.7,14.2,13.3,11.2,10.8,12.5,14.0,13.3,48.5,49.3,4,7,0.7,1.3,43,43,42,0,0,0,6,6,4,0,8,13,5,19,26,18,7,7,9,0,0,0,0,0,0,0,0,0
13.36,308,0.39,0.45,0.4,11.7,11.2,11.8,0.0,-7.8,0.04,0.14,0,8.6,239,1,1,688,685,817,0,802,13.9,808.4,559,39.7,39.7,0.7,3.3,1391.5,-448,15.8,-10.6,12.8,14.2,13.3,11.2,10.8,12.6,14.0,13.3,48.5,49.3,4,8,0.7,1.3,43,43,42,0,0,0,6,6,4,0,8,13,5,19,26,18,8,8,9,0,0,0,0,0,0,0,0,0
14.57,214,0.35,0.41,0.36,13.5,12.2,12.3,0.0,-8.7,0.09,0.16,0,8.0,244,1,1,899,686,1069,1,1055,15.24,979.2,668,40.9,41.1,0.7,3.3,1391.5,-448,15.8,-10.5,12.5,13.9,13.2,11.0,10.6,12.5,14.1,13.4,48.5,49.3,4,7,0.9,1.5,45,45,42,0,0,0,6,6,4,0,7,15,5,19,26,18,7,7,9,0,0,0,0,0,0,0,0,0
12.43,246,0.32,0.37,0.33,12.1,12.0,11.4,0.0,-9.8,0.11,0.14,0,6.6,244,1,1,523,686,622,1,611,12.88,670.8,463,40.0,41.9,0.7,3.3,1391.5,-448,15.8,-10.5,12.8,14.3,13.4,11.3,10.9,12.8,14.2,13.6,48.6,49.3,4,8,0.9,1.5,44,43,42,0,0,0,6,6,4,0,7,15,4,19,26,18,8,8,9,0,0,0,0,0,0,0,0,0
11.19,182,0.25,0.3,0.26,11.7,11.7,12.0,0.01,-3.0,0.09,0.14,0,5.0,240,1,1,402,683,477,2,481,11.72,563.6,387,38.2,38.5,0.7,3.3,1391.5,-448,15.8,-10.6,12.7,14.3,13.2,11.1,10.8,12.6,14.3,13.6,48.5,49.4,3,7,0.9,1.5,41,40,42,0,0,0,6,6,4,0,8,14,5,19,26,18,7,7,9,0,0,0,0,0,0,0,0,0
14.89,258,0.39,0.45,0.4,11.9,13.6,13.9,0.0,1.2,0.1,0.14,0,9.0,235,1,1,918,686,1092,0,1088,15.43,976.7,680,41.7,41.8,0.7,3.3,1391.5,-448,15.8,-10.6,12.6,14.0,13.2,11.1,10.8,12.5,14.1,13.4,48.5,49.3,4,8,0.7,1.5,46,46,42,0,0,0,6,6,4,0,8,14,5,19,26,18,8,8,9,0,0,0,0,0,0,0,0,0
13.84,32,0.24,0.3,0.25,12.7,12.2,13.1,0.0,-9.0,0.02,0.11,0,9.2,242,1,1,770,685,915,1,908,14.45,934.4,603,41.7,41.7,0.7,3.3,1391.5,-448,15.8,-10.5,12.7,14.2,13.3,11.1,10.8,12.5,14.1,13.5,48.6,49.3,4,8,0.9,1.5,45,45,42,0,0,0,6,6,4,0,7,15,4,19,26,18,8,8,10,0,0,0,0,0,0,0,0,0
13.65,242,0.39,0.45,0.4,12.0,12.6,12.3,0.0,-8.9,0.09,0.13,0,8.2,240,1,1,690,685,820,-1,815,14.13,813.7,556,40.0,40.1,0.7,3.3,1391.5,-448,15.8,-10.6,12.7,14.3,13.4,11.2,10.7,12.9,14.0,13.3,48.5,49.3,3,7,0.7,1.3,43,43,42,0,0,0,6,6,4,0,8,13,5,19,26,18,7,7,9,0,0,0,0,0,0,0,0,0
13.03,214,0.39,0.45,0.4,11.6,12.1,13.3,0.0,-4.5,0.1,0.17,0,8.6,237,1,1,622,685,739,-3,728,13.52,739.6,523,40.5,40.5,0.7,3.3,1391.5,-448,15.8,-10.6,12.7,14.3,13.3,11.1,10.9,12.4,14.1,13.5,48.5,49.3,4,8,0.7,1.3,43,43,42,0,0,0,6,6,4,0,8,13,5,19,26,18,8,8,9,0,0,0,0,0,0,0,0,0
13.21,308,0.39,0.45,0.4,11.8,11.8,13.1,0.0,6.7,0.12,0.19,0,7.6,235,1,1,638,684,758,0,739,13.72,748.3,530,41.3,41.3,0.7,3.3,1391.5,-448,15.8,-10.6,12.6,14.0,13.3,11.1,10.7,12.6,14.1,13.5,48.5,49.3,4,8,0.7,1.3,44,44,42,0,0,0,6,6,4,0,8,13,5,19,26,18,8,8,9,0,0,0,0,0,0,0,0,0
12.76,144,0.39,0.45,0.4,12.0,12.3,11.8,0.0,1.7,0.06,0.17,0,6.4,236,1,1,567,684,673,1,663,13.25,695.3,489,40.6,40.4,0.7,3.3,1391.5,-448,15.8,-10.6,12.7,14.1,13.3,11.1,10.8,12.6,14.1,13.4,48.5,49.3,4,7,0.7,1.3,43,43,42,0,0,0,6,6,4,0,8,13,5,19,26,18,7,7,9,0,0,0,0,0,0,0,0,0
13.43,140,0.39,0.45,0.4,13.1,11.6,11.8,0.0,-0.7,0.15,0.13,0,7.1,238,1,1,710,684,842,-5,828,14.04,833.0,569,40.7,40.5,0.7,3.3,1391.5,-448,15.8,-10.6,12.7,14.1,13.3,11.2,10.8,12.5,14.1,13.5,48.5,49.3,4,8,0.7,1.3,44,44,42,0,0,0,6,6,4,0,8,13,5,19,26,18,8,8,9,0,0,0,0,0,0,0,0,0
13.5,240,0.39,0.45,0.4,11.8,12.1,13.1,0.0,-11.3,0.07,0.14,0,7.5,238,1,1,689,684,819,2,807,13.99,799.0,560,40.6,40.6,0.7,3.3,1391.5,-448,15.8,-10.6,12.7,14.4,13.3,11.1,10.9,12.5,14.1,13.5,48.5,49.4,4,8,0.7,1.3,43,43,42,0,0,0,6,6,4,0,8,13,5,19,26,18,8,8,9,0,0,0,0,0,0,0,0,0
12.81,190,0.25,0.3,0.26,12.2,12.0,12.2,0.0,-5.6,0.12,0.16,0,7.1,241,1,1,623,684,739,-2,724,13.44,766.3,524,40.0,41.8,0.7,3.3,1391.5,-448,15.8,-10.6,12.8,14.5,13.5,11.3,10.8,12.9,14.1,13.5,48.6,49.3,4,7,0.7,1.5,45,44,42,0,0,0,6,6,4,0,8,14,5,19,26,18,7,7,10,0,0,0,0,0,0,0,0,0
13.46,160,0.39,0.45,0.4,12.5,12.0,11.6,0.0,-7.7,0.12,0.14,0,6.4,240,1,1,708,685,841,-3,834,14.14,831.3,568,39.9,39.9,0.7,3.3,1391.5,-448,15.8,-10.6,12.7,14.4,13.4,11.2,10.7,12.9,14.0,13.3,48.5,49.3,4,7,0.7,1.3,43,43,42,0,0,0,6,6,4,0,8,13,5,19,26,18,7,7,9,0,0,0,0,0,0,0,0,0
13.2,314,0.32,0.37,0.32,12.5,12.3,11.9,0.0,-9.8,0.13,0.09,0,7.2,244,1,1,659,686,784,2,783,13.88,794.5,539,42.1,42.1,0.7,3.3,1391.5,-448,15.8,-10.5,12.8,14.2,13.4,11.2,10.9,12.7,14.1,13.5,48.6,49.3,4,7,0.9,1.5,45,45,42,0,0,0,6,6,4,0,7,15,4,19,26,18,7,7,9,0,0,0,0,0,0,0,0,0
13.84,28,0.24,0.3,0.25,12.0,12.8,13.5,0.0,-7.8,0.09,0.14,0,8.0,242,1,1,763,685,907,0,903,14.36,930.2,602,41.7,41.8,0.7,3.3,1391.5,-448,15.8,-10.5,12.7,14.2,13.4,11.2,10.8,12.7,14.1,13.5,48.6,49.3,4,7,0.9,1.5,45,45,42,0,0,0,6,6,4,0,7,15,4,19,26,18,7,7,9,0,0,0,0,0,0,0,0,0
11.1,180,0.25,0.3,0.26,11.5,11.6,11.5,0.0,-7.6,0.13,0.14,0,5.5,241,1,1,399,683,474,0,463,11.66,554.9,386,38.4,38.4,0.7,3.3,1391.5,-448,15.8,-10.6,12.7,14.4,13.3,11.1,10.8,12.7,14.3,13.6,48.5,49.4,4,8,0.9,1.5,41,40,42,0,0,0,6,6,4,0,8,14,5,19,26,18,8,8,9,0,0,0,0,0,0,0,0,0
13.57,202,0.32,0.37,0.33,12.8,11.5,12.2,0.0,-9.2,0.09,0.16,0,7.0,242,1,1,711,685,845,0,834,14.14,839.6,573,41.8,41.9,0.7,3.3,1391.5,-448,15.8,-10.5,12.7,14.2,13.4,11.3,10.8,12.8,14.1,13.5,48.5,49.3,4,7,0.9,1.5,46,45,42,0,0,0,6,6,4,0,7,15,4,19,26,18,7,7,10,0,0,0,0,0,0,0,0,0
12.92,98,0.39,0.45,0.4,12.5,11.6,12.2,0.0,-8.0,0.02,0.13,0,7.3,239,1,1,635,684,755,0,746,13.54,773.3,530,40.9,41.1,0.7,3.3,1391.5,-448,15.8,-10.6,12.6,14.3,13.3,11.1,10.8,12.6,14.1,13.5,48.5,49.3,3,7,0.7,1.3,44,44,42,0,0,0,6,6,4,0,8,13,5,19,26,18,7,7,9,0,0,0,0,0,0,0,0,0
12.15,28,0.32,0.37,0.33,12.0,11.4,12.2,0.0,0.9,-0.1,0.11,0,6.2,241,1,1,527,685,626,0,620,12.73,676.7,469,37.9,39.3,0.7,3.3,1391.5,-448,15.8,-10.5,12.8,14.3,13.4,11.2,10.9,12.7,14.3,13.6,48.6,49.3,4,8,0.9,1.5,42,41,42,0,0,0,6,6,4,0,7,15,4,19,26,18,8,8,9,0,0,0,0,0,0,0,0,0
12.41,76,0.39,0.45,0.4,12.0,11.7,11.5,0.0,9.1,0.09,0.13,0,6.8,235,1,1,546,684,648,1,634,13.01,692.4,475,40.3,40.4,0.7,3.3,1391.5,-448,15.8,-10.6,12.6,14.1,13.3,11.2,10.8,12.7,14.1,13.4,48.6,49.3,4,8,0.7,1.3,43,43,42,0,0,0,6,6,4,0,8,13,5,19,26,18,8,8,9,0,0,0,0,0,0,0,0,0
13.83,88,0.25,0.3,0.26,13.4,12.0,12.5,0.0,-6.0,0.09,0.16,0,8.3,245,1,1,771,686,918,-2,912,14.51,885.5,606,39.2,39.2,0.7,3.3,1391.5,-448,15.8,-10.6,12.4,14.0,13.2,11.0,10.4,12.6,14.3,13.5,48.6,49.4,3,7,0.9,1.5,42,42,42,0,0,0,6,6,4,0,8,15,5,19,26,18,7,7,10,0,0,0,0,0,0,0,0,0
10.84,322,0.25,0.3,0.26,11.6,11.6,12.0,0.0,-10.9,0.16,0.14,0,4.8,242,1,1,367,683,435,1,423,11.37,520.8,365,38.7,38.4,0.7,3.3,1391.5,-448,15.8,-10.6,12.6,14.3,13.4,11.1,10.7,12.9,14.3,13.5,48.6,49.4,3,8,0.9,1.5,41,41,42,0,0,0,6,6,4,0,8,14,5,19,26,18,8,8,9,0,0,0,0,0,0,0,0,0
13.06,286,0.39,0.45,0.4,12.3,11.6,11.6,0.0,-4.5,0.09,0.1,0,9.6,237,1,1,627,684,744,0,732,13.6,751.6,526,40.6,40.4,0.7,3.3,1391.5,-448,15.8,-10.6,12.7,14.3,13.3,11.1,10.9,12.4,14.1,13.5,48.5,49.4,3,7,0.7,1.3,43,43,42,0,0,0,6,6,4,0,8,13,5,19,26,18,7,7,9,0,0,0,0,0,0,0,0,0
13.43,104,0.25,0.3,0.26,12.1,12.5,12.9,0.0,-3.6,0.16,0.16,0,7.8,244,1,1,699,684,830,-3,822,13.93,808.0,569,39.7,39.7,0.7,3.3,1391.5,-448,15.8,-10.6,12.4,13.9,13.2,10.9,10.5,12.6,14.2,13.5,48.5,49.3,3,8,0.9,1.5,43,43,42,0,0,0,6,6,4,0,8,15,5,19,26,18,8,8,9,0,0,0,0,0,0,0,0,0
15.15,352,0.39,0.45,0.4,12.9,12.7,13.8,0.0,-3.1,0.06,0.13,0,9.7,236,1,1,1019,686,1212,0,1197,15.82,1054.3,731,41.8,41.8,0.7,3.3,1391.5,-448,15.8,-10.6,12.6,14.2,13.3,11.1,10.6,12.8,14.1,13.4,48.5,49.3,3,8,0.7,1.4,46,46,42,0,0,0,6,6,4,0,8,14,5,19,26,18,8,8,9,0,0,0,0,0,0,0,0,0
12.62,0,0.39,0.45,0.4,12.0,11.6,12.0,0.0,1.1,0.09,0.14,0,5.8,239,1,1,598,684,709,-2,697,13.25,740.7,509,40.2,40.3,0.7,3.3,1391.5,-448,15.8,-10.6,12.7,14.1,13.3,11.3,10.8,13.0,14.1,13.4,48.5,49.3,4,8,0.7,1.3,43,43,42,0,0,0,6,6,4,0,8,13,5,19,26,18,8,8,9,0,0,0,0,0,0,0,0,0
13.08,118,0.25,0.3,0.26,12.1,12.4,12.8,0.0,-11.0,0.09,0.08,0,6.5,241,1,1,641,683,760,-2,746,13.54,777.4,537,40.0,41.9,0.7,3.3,1391.5,-448,15.8,-10.6,12.8,14.5,13.5,11.3,10.8,12.9,14.1,13.5,48.6,49.3,3,7,0.7,1.5,45,44,42,0,0,0,6,6,4,0,8,14,5,19,26,18,7,7,9,0,0,0,0,0,0,0,0,0
10.77,318,0.25,0.3,0.26,11.4,11.5,11.5,0.0,-9.8,0.09,0.14,0,5.2,243,1,1,355,682,422,0,419,11.27,511.4,359,38.7,38.6,0.7,3.3,1391.5,-448,15.8,-10.6,12.6,14.0,13.1,11.1,10.7,12.6,14.3,13.6,48.5,49.3,4,8,0.8,1.5,41,41,42,0,0,0,6,6,4,0,8,14,5,19,26,18,8,8,9,0,0,0,0,0,0,0,0,0
14.62,128,0.35,0.41,0.36,12.7,12.4,13.6,0.0,-8.1,0.01,0.14,0,9.0,244,1,1,904,686,1076,-1,1075,15.24,973.3,674,40.8,40.9,0.7,3.3,1391.5,-448,15.8,-10.5,12.5,13.8,13.1,11.0,10.5,12.5,14.1,13.4,48.5,49.3,3,7,0.9,1.5,45,45,42,0,0,0,6,6,4,0,7,15,5,19,26,18,7,7,9,0,0,0,0,0,0,0,0,0
