轮毂转速,轮毂角度,叶片1角度,叶片2角度,叶片3角度,变桨电机1电流,变桨电机2电流,变桨电机3电流,超速传感器转速检测值,5秒偏航对风平均值,x方向振动值,y方向振动值,液压制动压力,机舱气象站风速,风向绝对值,大气压力,无功功率控制状态,变频器电网侧电流,变频器电网侧电压,变频器电网侧有功功率,变频器电网侧无功功率,变频器发电机侧功率,发电机运行频率,发电机电流,发电机转矩,变频器入口温度,变频器出口温度,变频器入口压力,变频器出口压力,发电机功率限幅值,无功功率设定值,额定的轮毂转速,测风塔环境温度,发电机定子温度1,发电机定子温度2,发电机定子温度3,发电机定子温度4,发电机定子温度5,发电机定子温度6,发电机空气温度1,发电机空气温度2,主轴承温度1,主轴承温度2,轮毂温度,轮毂控制柜温度,机舱温度,机舱控制柜温度,变频器INU温度,变频器ISU温度,变频器INU RMIO温度,变桨电机1功率估算,变桨电机2功率估算,变桨电机3功率估算,风机当前状态值,轮毂当前状态值,偏航状态值,偏航要求值,叶片1电池箱温度,叶片2电池箱温度,叶片3电池箱温度,叶片1变桨电机温度,叶片2变桨电机温度,叶片3变桨电机温度,叶片1变频器箱温度,叶片2变频器箱温度,叶片3变频器箱温度,叶片1超级电容电压,叶片2超级电容电压,叶片3超级电容电压,驱动1晶闸管温度,驱动2晶闸管温度,驱动3晶闸管温度,驱动1输出扭矩,驱动2输出扭矩,驱动3输出扭矩
16.15,296.0,0.26,0.26,0.26,14.1,11.2,11.2,16.43,6.1,0.16,0.19,211.4,8.0,162.0,1.0,1.0,1419.0,700.0,1644.0,0.0,1650.0,16.2,149.0,972.0,31.5,34.4,0.0,3.1,2067.6,0.0,16.83,19.9,46.0,44.4,45.9,45.8,45.5,44.6,42.8,40.3,51.1,51.0,30.0,41.0,29.5,34.4,50.0,54.0,25.0,0.0,0.0,0.0,6.0,6.0,4.0,0.0,32.0,32.0,32.0,40.0,41.0,38.0,41.0,41.0,40.0,44.98,42.3,45.05,49.0,490.0,5.0,0.0,0.0,0.0
12.85,16.0,0.26,0.26,0.26,11.6,11.0,11.0,13.09,9.0,0.14,0.25,211.9,6.4,168.0,1.0,1.0,704.0,696.0,693.0,1.0,701.0,12.9,75.0,515.0,29.3,31.1,0.0,3.1,2067.6,0.0,16.83,20.2,45.6,44.0,45.5,45.3,45.0,44.3,42.4,39.8,51.0,50.7,30.0,41.0,29.7,34.4,40.0,43.0,25.0,0.0,0.0,0.0,6.0,6.0,4.0,0.0,32.0,32.0,32.0,40.0,41.0,38.0,41.0,41.0,40.0,44.98,42.3,45.05,48.0,490.0,4.9,0.0,0.0,0.0
15.88,240.0,0.26,0.26,0.26,13.6,11.0,11.8,16.12,3.5,0.19,0.23,211.7,8.3,162.0,1.0,1.0,1281.0,699.0,1465.0,0.0,1463.0,15.8,129.7,884.0,32.1,34.2,0.0,3.1,2067.6,0.0,16.83,19.9,45.8,44.2,45.7,45.5,45.1,44.6,42.7,40.1,51.2,50.9,30.0,41.0,29.5,34.4,49.0,53.0,25.0,0.0,0.0,0.0,6.0,6.0,4.0,0.0,32.0,32.0,32.0,40.0,41.0,38.0,41.0,41.0,40.0,44.98,42.3,45.05,48.0,500.0,5.0,0.0,0.0,0.0
16.27,224.0,0.26,0.26,0.26,10.9,11.8,13.4,16.54,0.1,0.22,0.15,212.0,7.4,163.0,1.0,1.0,1393.0,699.0,1610.0,0.0,1616.0,16.1,145.4,960.0,31.4,34.3,0.0,3.1,2067.6,0.0,16.83,19.9,46.0,44.4,45.9,45.8,45.5,44.6,42.8,40.3,51.1,51.1,30.0,41.0,29.5,34.4,50.0,54.0,25.0,0.0,0.0,0.0,6.0,6.0,4.0,0.0,32.0,32.0,32.0,40.0,41.0,38.0,41.0,41.0,40.0,44.98,42.3,45.05,48.0,500.0,5.0,0.0,0.0,0.0
16.24,296.0,0.26,0.26,0.26,12.5,11.0,13.3,16.49,7.8,0.05,0.23,211.6,7.3,160.0,1.0,1.0,1431.0,699.0,1651.0,0.0,1648.0,16.1,148.8,979.0,31.5,33.8,0.0,3.1,2067.6,0.0,16.83,19.8,46.7,45.1,46.6,46.5,46.1,45.2,43.1,40.5,51.2,51.3,29.0,41.0,29.5,34.4,51.0,56.0,25.0,0.0,0.0,0.0,6.0,6.0,4.0,0.0,32.0,32.0,32.0,40.0,41.0,38.0,41.0,41.0,40.0,44.98,42.3,45.05,50.0,500.0,5.0,0.0,0.0,0.0
14.12,40.0,0.26,0.26,0.26,11.9,10.9,11.9,14.41,8.8,0.07,0.23,211.2,6.7,162.0,1.0,1.0,853.0,698.0,904.0,1.0,910.0,14.0,90.1,614.0,33.4,34.0,0.1,3.2,2067.6,0.0,16.83,20.0,45.5,44.0,45.5,45.2,44.9,44.1,42.5,40.2,51.1,51.0,29.0,41.0,29.5,34.4,43.0,46.0,25.0,0.0,0.0,0.0,6.0,6.0,4.0,0.0,32.0,32.0,32.0,40.0,41.0,38.0,41.0,41.0,40.0,44.98,42.3,45.06,48.0,500.0,5.0,0.0,0.0,0.0
15.87,8.0,0.26,0.26,0.27,12.2,11.8,11.3,16.18,8.1,0.14,0.22,211.2,7.4,162.0,1.0,1.0,1265.0,698.0,1450.0,1.0,1457.0,15.9,130.4,871.0,31.9,34.9,0.0,3.1,2067.6,0.0,16.83,19.9,45.7,44.1,45.6,45.4,45.1,44.3,42.7,40.1,51.1,50.7,30.0,41.0,29.5,34.4,48.0,51.0,25.0,0.0,0.0,0.0,6.0,6.0,4.0,0.0,32.0,32.0,32.0,40.0,41.0,37.0,41.0,41.0,40.0,44.98,42.3,45.05,49.0,500.0,5.0,0.0,0.0,0.0
15.77,272.0,0.26,0.26,0.26,13.9,11.1,11.1,16.08,-1.8,0.23,0.18,210.8,9.4,162.0,1.0,1.0,1230.0,699.0,1407.0,1.0,1413.0,15.9,125.0,854.0,32.9,34.1,0.1,3.2,2067.6,0.0,16.83,20.5,43.6,42.0,43.5,43.3,42.9,42.2,40.8,38.3,50.7,50.8,30.0,41.0,29.7,34.2,46.0,48.0,25.0,0.0,0.0,0.0,6.0,6.0,4.0,0.0,32.0,32.0,32.0,40.0,41.0,38.0,41.0,41.0,40.0,44.98,42.3,45.06,49.0,490.0,5.0,0.0,0.0,0.0
14.37,264.0,0.26,0.26,0.26,12.4,10.8,11.6,14.62,1.0,0.09,0.25,213.1,7.3,181.0,1.0,1.0,892.0,697.0,957.0,1.0,962.0,14.4,92.2,639.0,29.7,32.1,0.0,3.1,1500.0,0.0,15.98,20.3,45.5,43.9,45.4,45.1,44.8,44.1,41.8,39.5,51.0,50.6,30.0,41.0,29.7,34.4,43.0,46.0,25.0,0.0,0.0,0.0,6.0,6.0,4.0,0.0,32.0,32.0,32.0,40.0,41.0,38.0,41.0,41.0,40.0,44.98,42.3,45.06,49.0,500.0,5.0,0.0,0.0,0.0
13.73,328.0,0.26,0.26,0.26,12.1,11.1,11.0,14.01,9.2,0.04,0.25,211.4,7.1,162.0,1.0,1.0,798.0,698.0,833.0,0.0,844.0,13.9,85.3,580.0,32.8,34.2,0.1,3.2,2067.6,0.0,16.83,20.0,45.5,44.0,45.4,45.2,44.9,44.0,42.6,40.2,51.1,51.1,30.0,41.0,29.5,34.4,43.0,45.0,25.0,0.0,0.0,0.0,6.0,6.0,4.0,0.0,32.0,32.0,32.0,40.0,41.0,38.0,41.0,41.0,40.0,44.98,42.3,45.06,49.0,490.0,4.9,0.0,0.0,0.0
15.48,96.0,0.26,0.26,0.26,13.2,11.3,11.1,15.73,-17.3,0.17,0.21,210.5,7.1,175.0,1.0,1.0,1098.0,699.0,1231.0,2.0,1244.0,15.5,112.7,753.0,31.0,33.7,0.0,3.1,2067.6,0.0,16.83,20.4,44.7,43.2,44.5,44.4,44.1,43.2,41.2,38.9,50.9,50.8,30.0,41.0,29.7,34.3,48.0,51.0,25.0,0.0,0.0,0.0,6.0,6.0,4.0,0.0,32.0,32.0,32.0,40.0,41.0,38.0,41.0,41.0,40.0,44.98,42.3,45.06,48.0,490.0,5.0,0.0,0.0,0.0
15.76,256.0,0.26,0.26,0.26,10.9,11.8,13.1,16.03,-3.8,0.16,0.18,210.6,9.0,163.0,1.0,1.0,1185.0,699.0,1343.0,3.0,1344.0,15.8,119.9,822.0,32.1,34.9,0.0,3.2,2067.6,0.0,16.83,20.5,43.8,42.3,43.6,43.5,43.3,42.5,40.9,38.4,50.8,51.0,29.0,41.0,29.7,34.2,49.0,52.0,25.0,0.0,0.0,0.0,6.0,6.0,4.0,0.0,32.0,32.0,32.0,40.0,41.0,38.0,41.0,41.0,40.0,44.98,42.3,45.06,49.0,490.0,5.0,0.0,0.0,0.0
13.49,320.0,0.26,0.26,0.26,10.9,11.3,11.7,13.72,-14.4,0.06,0.13,211.9,6.3,173.0,1.0,1.0,767.0,697.0,786.0,-1.0,786.0,13.4,82.9,560.0,29.0,31.3,0.0,3.0,2067.6,0.0,16.83,20.2,45.6,44.0,45.5,45.3,45.0,44.3,42.2,39.7,51.0,50.8,29.0,41.0,29.7,34.4,41.0,44.0,25.0,0.0,0.0,0.0,6.0,6.0,4.0,0.0,32.0,32.0,32.0,40.0,40.0,38.0,41.0,41.0,40.0,44.98,42.3,45.05,48.0,500.0,5.0,0.0,0.0,0.0
13.8,88.0,0.26,0.26,0.27,10.8,11.6,11.8,14.05,1.8,0.14,0.23,211.9,6.1,172.0,1.0,1.0,805.0,697.0,841.0,1.0,848.0,13.7,85.1,587.0,28.6,30.9,0.0,3.1,2067.6,0.0,16.83,20.2,45.6,44.0,45.4,45.3,45.1,44.2,42.3,39.9,51.0,50.9,30.0,41.0,29.7,34.4,41.0,43.0,25.0,0.0,0.0,0.0,6.0,6.0,4.0,0.0,32.0,32.0,32.0,40.0,41.0,38.0,41.0,41.0,40.0,44.97,42.3,45.06,49.0,490.0,5.0,0.0,0.0,0.0
15.86,112.0,0.26,0.26,0.26,13.8,11.2,11.3,16.08,-0.4,0.13,0.22,210.9,7.6,162.0,1.0,1.0,1254.0,699.0,1439.0,-1.0,1438.0,15.8,131.9,869.0,32.4,34.9,0.0,3.2,2067.6,0.0,16.83,20.5,43.7,42.2,43.5,43.5,43.2,42.5,40.9,38.4,50.8,50.9,30.0,41.0,29.7,34.2,49.0,52.0,25.0,0.0,0.0,0.0,6.0,6.0,4.0,0.0,32.0,32.0,32.0,40.0,41.0,38.0,41.0,41.0,40.0,44.98,42.3,45.05,48.0,500.0,5.0,0.0,0.0,0.0
14.47,256.0,0.26,0.26,0.26,11.8,11.0,12.4,14.67,20.1,0.05,0.13,211.6,7.4,160.0,1.0,1.0,895.0,697.0,965.0,0.0,967.0,14.4,92.7,642.0,33.0,34.4,0.1,3.2,2067.6,0.0,16.83,20.0,45.5,44.0,45.5,45.2,44.9,44.1,42.5,40.2,51.1,51.0,30.0,41.0,29.5,34.4,43.0,46.0,25.0,0.0,0.0,0.0,6.0,6.0,4.0,0.0,32.0,32.0,32.0,40.0,41.0,38.0,41.0,41.0,40.0,44.98,42.3,45.05,49.0,500.0,5.0,0.0,0.0,0.0
15.02,224.0,0.26,0.26,0.26,12.0,11.0,12.4,15.32,-23.4,0.1,0.2,210.9,9.7,177.0,1.0,1.0,1002.0,699.0,1107.0,1.0,1122.0,15.0,101.9,707.0,31.2,33.4,0.0,3.1,2067.6,0.0,16.83,20.4,44.9,43.2,44.7,44.5,44.2,43.6,41.2,39.0,50.9,50.8,30.0,41.0,29.7,34.3,47.0,50.0,25.0,0.0,0.0,0.0,6.0,6.0,4.0,0.0,32.0,32.0,32.0,40.0,41.0,38.0,41.0,41.0,40.0,44.98,42.3,45.06,49.0,490.0,5.0,0.0,0.0,0.0
13.54,232.0,0.26,0.26,0.26,11.5,11.1,12.0,13.8,1.4,0.13,0.19,211.6,6.6,172.0,1.0,1.0,776.0,697.0,801.0,0.0,805.0,13.6,84.0,569.0,28.9,30.7,0.0,3.1,2067.6,0.0,16.83,20.2,45.6,44.0,45.4,45.3,45.1,44.3,42.3,39.8,51.0,50.8,29.0,41.0,29.7,34.4,41.0,43.0,25.0,0.0,0.0,0.0,6.0,6.0,4.0,0.0,32.0,32.0,32.0,40.0,41.0,38.0,41.0,41.0,40.0,44.98,42.3,45.05,48.0,500.0,5.0,0.0,0.0,0.0
15.68,296.0,0.26,0.26,0.26,13.2,11.0,12.4,16.02,-15.2,0.13,0.2,210.5,9.0,171.0,1.0,1.0,1189.0,699.0,1348.0,1.0,1353.0,15.6,120.7,827.0,31.4,34.0,0.0,3.1,2067.6,0.0,16.83,20.4,44.4,42.9,44.3,44.2,43.8,43.0,40.9,38.8,50.8,50.9,31.0,41.0,29.7,34.3,48.0,52.0,25.0,0.0,0.0,0.0,6.0,6.0,4.0,0.0,32.0,32.0,32.0,40.0,41.0,38.0,41.0,41.0,40.0,44.98,42.3,45.06,49.0,490.0,5.0,0.0,0.0,0.0
15.08,184.0,0.26,0.26,0.26,10.9,11.5,12.8,15.34,-4.5,0.17,0.18,210.8,8.6,156.0,1.0,1.0,996.0,698.0,1095.0,0.0,1099.0,15.0,100.6,700.0,33.1,33.7,0.1,3.2,2067.6,0.0,16.83,20.5,43.5,41.9,43.3,43.2,42.9,42.2,40.7,38.4,50.8,50.8,30.0,41.0,29.7,34.2,45.0,47.0,25.0,0.0,0.0,0.0,6.0,6.0,4.0,0.0,32.0,32.0,32.0,40.0,41.0,37.0,41.0,41.0,40.0,44.98,42.3,45.06,49.0,490.0,5.0,0.0,0.0,0.0
14.46,168.0,0.26,0.26,0.27,11.3,11.4,11.6,14.72,10.6,0.19,0.18,211.7,8.3,161.0,1.0,1.0,899.0,698.0,969.0,0.0,980.0,14.6,92.2,642.0,33.0,34.5,0.0,3.2,2067.6,0.0,16.83,20.0,45.5,44.0,45.4,45.2,44.9,44.0,42.5,40.2,51.1,50.9,30.0,41.0,29.5,34.4,44.0,46.0,25.0,0.0,0.0,0.0,6.0,6.0,4.0,0.0,32.0,32.0,32.0,40.0,40.0,38.0,41.0,41.0,40.0,44.98,42.3,45.05,48.0,500.0,4.9,0.0,0.0,0.0
16.16,152.0,0.26,0.26,0.27,11.0,12.4,12.9,16.35,12.8,0.14,0.16,211.7,9.1,161.0,1.0,1.0,1330.0,699.0,1529.0,0.0,1511.0,16.0,135.0,914.0,32.2,33.9,0.0,3.1,2067.6,0.0,16.83,19.9,45.9,44.3,45.8,45.7,45.4,44.5,42.8,40.2,51.1,51.0,30.0,41.0,29.5,34.4,49.0,53.0,25.0,0.0,0.0,0.0,6.0,6.0,4.0,0.0,32.0,32.0,32.0,40.0,41.0,38.0,41.0,41.0,40.0,44.98,42.3,45.05,48.0,500.0,5.1,0.0,0.0,0.0
13.85,48.0,0.26,0.26,0.26,12.5,11.0,11.1,14.06,5.7,0.16,0.25,212.6,5.6,174.0,1.0,1.0,817.0,697.0,858.0,0.0,862.0,13.8,88.1,593.0,29.3,32.0,0.0,3.0,2067.6,0.0,16.83,20.2,45.5,43.9,45.4,45.2,45.0,44.1,42.0,39.7,51.0,50.8,30.0,41.0,29.7,34.4,43.0,45.0,25.0,0.0,0.0,0.0,6.0,6.0,4.0,0.0,32.0,32.0,32.0,40.0,40.0,38.0,41.0,41.0,40.0,44.98,42.3,45.05,48.0,500.0,5.0,0.0,0.0,0.0
13.72,192.0,0.26,0.26,0.26,10.7,11.6,12.0,13.96,-0.3,0.14,0.17,211.8,6.5,174.0,1.0,1.0,794.0,697.0,823.0,0.0,833.0,13.7,84.5,578.0,29.5,31.9,0.0,3.0,2067.6,0.0,16.83,20.2,45.5,43.9,45.4,45.2,45.0,44.2,42.1,39.7,51.0,50.7,30.0,41.0,29.7,34.4,42.0,45.0,25.0,0.0,0.0,0.0,6.0,6.0,4.0,0.0,32.0,32.0,32.0,40.0,40.0,38.0,41.0,41.0,40.0,44.98,42.31,45.06,49.0,500.0,5.0,0.0,0.0,0.0
13.47,104.0,0.26,0.26,0.26,10.8,11.5,11.8,13.72,-15.7,0.24,0.18,211.7,7.3,173.0,1.0,1.0,762.0,697.0,783.0,1.0,786.0,13.5,80.2,562.0,29.0,31.4,0.0,3.0,2067.6,0.0,16.83,20.2,45.6,44.0,45.5,45.3,45.0,44.3,42.2,39.8,51.0,50.8,30.0,41.0,29.7,34.4,41.0,44.0,25.0,0.0,0.0,0.0,6.0,6.0,4.0,0.0,32.0,32.0,32.0,40.0,41.0,38.0,41.0,41.0,40.0,44.98,42.3,45.05,48.0,500.0,5.0,0.0,0.0,0.0
13.74,16.0,0.26,0.26,0.26,10.8,11.4,11.9,14.03,-1.5,0.19,0.14,211.5,6.8,175.0,1.0,1.0,794.0,697.0,823.0,0.0,826.0,13.7,84.3,576.0,28.9,31.2,0.0,3.0,2054.2,0.0,16.81,20.2,45.6,44.0,45.4,45.3,45.0,44.2,42.3,39.8,51.0,50.7,30.0,41.0,29.7,34.4,40.0,43.0,25.0,0.0,0.0,0.0,6.0,6.0,4.0,0.0,32.0,32.0,32.0,40.0,41.0,38.0,41.0,41.0,40.0,44.98,42.3,45.05,48.0,490.0,5.0,0.0,0.0,0.0
14.61,208.0,0.26,0.26,0.26,12.5,11.0,12.5,14.87,-22.4,0.05,0.2,27.1,7.9,183.0,1.0,1.0,938.0,698.0,1022.0,2.0,1027.0,14.6,97.3,671.0,30.1,32.1,0.0,3.1,1500.0,0.0,15.98,20.3,45.4,43.8,45.3,45.1,44.8,44.0,41.7,39.6,51.0,50.4,30.0,41.0,29.7,34.4,44.0,47.0,25.0,0.0,0.0,0.0,6.0,6.0,4.0,2.0,32.0,32.0,32.0,40.0,41.0,38.0,41.0,41.0,40.0,44.98,42.3,45.05,48.0,490.0,5.0,0.0,0.0,0.0
14.87,152.0,0.26,0.26,0.26,12.6,10.9,12.1,15.11,-23.7,0.04,0.23,27.1,9.1,179.0,1.0,1.0,970.0,698.0,1060.0,0.0,1066.0,14.7,100.9,686.0,30.6,33.4,0.0,3.1,1500.0,0.0,15.98,20.4,45.0,43.4,44.8,44.7,44.4,43.8,41.4,39.0,50.9,50.6,30.0,41.0,29.7,34.4,46.0,48.0,25.0,0.0,0.0,0.0,6.0,6.0,4.0,2.0,32.0,32.0,32.0,40.0,41.0,38.0,41.0,41.0,40.0,44.98,42.3,45.06,48.0,490.0,5.0,0.0,0.0,0.0
16.36,352.0,0.26,0.26,0.26,11.2,11.6,13.8,16.63,14.7,0.24,0.18,211.5,9.1,159.0,1.0,1.0,1444.0,699.0,1678.0,0.0,1687.0,16.3,152.8,995.0,31.1,33.7,0.0,3.1,2067.6,0.0,16.83,19.8,46.7,45.2,46.7,46.5,46.2,45.2,43.1,40.6,51.2,51.3,30.0,41.0,29.5,34.4,52.0,56.0,25.0,0.0,0.0,0.0,6.0,6.0,4.0,0.0,32.0,32.0,32.0,40.0,41.0,38.0,41.0,41.0,40.0,44.98,42.3,45.06,50.0,500.0,5.1,0.0,0.0,0.0
16.22,224.0,0.26,0.26,0.27,11.4,12.6,12.0,16.43,12.6,0.14,0.14,211.3,8.7,161.0,1.0,1.0,1435.0,699.0,1666.0,2.0,1694.0,16.3,154.1,982.0,31.1,34.4,0.0,3.1,2067.6,0.0,16.83,19.9,46.2,44.6,46.0,45.9,45.7,44.9,42.9,40.3,51.2,51.1,30.0,41.0,29.5,34.4,51.0,56.0,25.0,0.0,0.0,0.0,6.0,6.0,4.0,0.0,32.0,32.0,32.0,40.0,41.0,38.0,41.0,41.0,40.0,44.98,42.3,45.06,49.0,500.0,5.1,0.0,0.0,0.0
14.28,120.0,0.26,0.26,0.26,11.5,11.4,11.6,14.53,5.9,0.14,0.21,212.3,8.2,177.0,1.0,1.0,882.0,697.0,941.0,-1.0,943.0,14.2,91.0,630.0,29.9,31.9,0.0,3.1,2067.6,0.0,16.83,20.2,45.5,43.9,45.4,45.2,44.9,44.1,41.9,39.6,51.0,50.7,30.0,41.0,29.7,34.4,43.0,46.0,25.0,0.0,0.0,0.0,6.0,6.0,4.0,0.0,32.0,32.0,32.0,40.0,40.0,38.0,41.0,41.0,40.0,44.98,42.31,45.06,49.0,500.0,5.0,0.0,0.0,0.0
14.07,104.0,0.26,0.26,0.26,10.7,11.7,12.0,14.35,-0.7,0.24,0.15,212.5,6.7,177.0,1.0,1.0,845.0,697.0,897.0,1.0,904.0,14.2,90.1,613.0,29.7,31.8,0.0,3.1,2067.6,0.0,16.83,20.3,45.5,43.9,45.4,45.2,44.9,44.2,42.0,39.6,51.0,50.8,30.0,41.0,29.7,34.4,43.0,46.0,25.0,0.0,0.0,0.0,6.0,6.0,4.0,0.0,32.0,32.0,32.0,40.0,41.0,38.0,41.0,41.0,40.0,44.98,42.3,45.06,49.0,500.0,5.0,0.0,0.0,0.0
13.23,232.0,0.26,0.26,0.26,12.0,10.9,11.7,13.51,11.8,0.08,0.25,211.1,7.6,169.0,1.0,1.0,744.0,696.0,755.0,1.0,757.0,13.1,79.4,548.0,29.1,30.7,0.0,3.1,2067.6,0.0,16.83,20.2,45.6,44.0,45.4,45.3,45.1,44.3,42.3,39.8,51.0,50.7,29.0,41.0,29.7,34.4,40.0,43.0,25.0,0.0,0.0,0.0,6.0,6.0,4.0,0.0,32.0,32.0,32.0,40.0,41.0,38.0,41.0,41.0,40.0,44.98,42.3,45.06,48.0,490.0,5.0,0.0,0.0,0.0
15.61,312.0,0.26,0.26,0.26,10.9,12.0,12.9,15.85,-17.2,0.08,0.16,210.7,9.8,174.0,1.0,1.0,1097.0,699.0,1225.0,3.0,1216.0,15.5,111.7,758.0,31.4,33.6,0.0,3.1,2067.6,0.0,16.83,20.5,44.6,43.1,44.4,44.3,44.0,43.2,41.1,38.8,50.8,50.8,30.0,41.0,29.7,34.3,48.0,51.0,25.0,0.0,0.0,0.0,6.0,6.0,4.0,0.0,32.0,32.0,32.0,40.0,41.0,37.0,41.0,41.0,40.0,44.98,42.31,45.06,48.0,490.0,5.0,0.0,0.0,0.0
13.44,248.0,0.26,0.26,0.26,12.0,10.9,11.6,13.75,-13.9,0.11,0.18,211.3,7.6,175.0,1.0,1.0,763.0,697.0,783.0,0.0,779.0,13.4,82.4,561.0,29.4,31.3,0.0,3.0,2054.2,0.0,16.81,20.2,45.6,44.0,45.5,45.3,45.0,44.2,42.2,39.9,51.0,50.8,30.0,41.0,29.7,34.4,41.0,43.0,25.0,0.0,0.0,0.0,6.0,6.0,4.0,0.0,32.0,32.0,32.0,40.0,41.0,38.0,41.0,41.0,40.0,44.98,42.3,45.05,48.0,500.0,5.0,0.0,0.0,0.0
14.28,328.0,0.26,0.26,0.27,11.1,11.6,11.7,14.52,8.4,0.14,0.2,212.1,8.3,162.0,1.0,1.0,867.0,698.0,924.0,0.0,929.0,14.2,89.2,624.0,33.0,34.1,0.1,3.2,2067.6,0.0,16.83,20.0,45.5,44.0,45.5,45.2,44.9,44.1,42.5,40.2,51.1,50.9,30.0,41.0,29.5,34.4,43.0,46.0,25.0,0.0,0.0,0.0,6.0,6.0,4.0,0.0,32.0,32.0,32.0,40.0,41.0,38.0,41.0,41.0,40.0,44.98,42.3,45.06,49.0,490.0,4.9,0.0,0.0,0.0
13.19,184.0,0.26,0.26,0.26,11.6,10.9,11.9,13.41,16.1,0.08,0.23,211.4,4.1,162.0,1.0,1.0,729.0,697.0,728.0,-1.0,737.0,13.1,77.3,533.0,33.1,34.0,0.1,3.2,2067.6,0.0,16.83,20.0,45.5,44.0,45.4,45.2,45.0,44.0,42.7,40.1,51.1,51.0,30.0,41.0,29.5,34.4,43.0,45.0,25.0,0.0,0.0,0.0,6.0,6.0,4.0,0.0,32.0,32.0,32.0,40.0,41.0,38.0,41.0,41.0,40.0,44.98,42.3,45.06,48.0,500.0,5.0,0.0,0.0,0.0
15.65,312.0,0.26,0.26,0.27,12.0,11.8,11.9,15.92,-8.8,0.23,0.16,210.9,8.0,169.0,1.0,1.0,1147.0,699.0,1294.0,2.0,1302.0,15.6,117.5,791.0,31.6,33.7,0.0,3.1,2067.6,0.0,16.83,20.5,44.3,42.7,44.2,44.1,43.7,42.9,40.9,38.7,50.8,51.0,30.0,41.0,29.7,34.2,49.0,53.0,25.0,0.0,0.0,0.0,6.0,6.0,4.0,0.0,32.0,32.0,32.0,40.0,41.0,38.0,41.0,41.0,40.0,44.98,42.3,45.06,49.0,480.0,5.0,0.0,0.0,0.0
14.22,48.0,0.26,0.26,0.26,11.6,11.3,12.2,14.55,0.3,0.1,0.14,212.2,6.5,177.0,1.0,1.0,874.0,697.0,935.0,2.0,938.0,14.3,93.5,632.0,29.4,32.1,0.0,3.1,2067.6,0.0,16.83,20.2,45.5,43.9,45.4,45.2,44.9,44.1,41.9,39.6,51.0,50.7,30.0,41.0,29.7,34.4,43.0,46.0,25.0,0.0,0.0,0.0,6.0,6.0,4.0,0.0,32.0,32.0,32.0,40.0,41.0,38.0,41.0,41.0,40.0,44.98,42.3,45.06,49.0,490.0,5.0,0.0,0.0,0.0
15.14,328.0,0.26,0.26,0.26,12.9,11.0,12.4,15.42,-3.9,0.14,0.18,211.1,7.3,157.0,1.0,1.0,1008.0,698.0,1115.0,1.0,1107.0,15.1,101.3,708.0,33.0,34.2,0.1,3.2,2067.6,0.0,16.83,20.5,43.5,41.9,43.3,43.2,42.9,42.2,40.7,38.4,50.8,50.8,31.0,41.0,29.7,34.2,45.0,47.0,25.0,0.0,0.0,0.0,6.0,6.0,4.0,0.0,32.0,32.0,32.0,40.0,41.0,38.0,41.0,41.0,40.0,44.98,42.3,45.06,48.0,480.0,5.0,0.0,0.0,0.0
14.92,64.0,0.26,0.26,0.26,13.2,11.1,11.1,15.12,-14.8,0.16,0.24,211.0,7.5,176.0,1.0,1.0,980.0,698.0,1078.0,0.0,1084.0,14.9,102.5,692.0,30.0,32.1,0.0,3.1,2067.6,0.0,16.83,20.3,45.3,43.7,45.2,45.1,44.8,43.9,41.8,39.5,51.0,50.5,30.0,41.0,29.7,34.4,44.0,47.0,25.0,0.0,0.0,0.0,6.0,6.0,4.0,0.0,32.0,32.0,32.0,40.0,41.0,38.0,41.0,41.0,40.0,44.99,42.3,45.06,49.0,490.0,5.0,0.0,0.0,0.0
14.7,64.0,0.26,0.26,0.26,10.8,11.5,12.3,14.96,-14.1,0.14,0.11,210.4,8.6,176.0,1.0,1.0,931.0,698.0,1005.0,2.0,1014.0,14.5,95.5,662.0,30.5,32.3,0.0,3.1,2067.6,0.0,16.83,20.3,45.2,43.7,45.1,45.0,44.7,44.0,41.7,39.4,50.9,50.5,30.0,41.0,29.7,34.4,45.0,47.0,25.0,0.0,0.0,0.0,6.0,6.0,4.0,0.0,32.0,32.0,32.0,40.0,41.0,38.0,41.0,41.0,40.0,44.98,42.3,45.06,48.0,500.0,5.0,0.0,0.0,0.0
0.0,0.0,0.0,0.0,0.0,0.0,0.0,0.0,0.0,0.0,0.0,0.0,0.0,0.0,0.0,0.0,0.0,0.0,0.0,1083.0,-1.0,0.0,0.0,0.0,0.0,0.0,0.0,0.0,0.0,0.0,0.0,0.0,0.0,0.0,0.0,0.0,0.0,0.0,0.0,0.0,0.0,0.0,0.0,0.0,0.0,0.0,0.0,0.0,0.0,0.0,0.0,0.0,0.0,0.0,0.0,0.0,0.0,0.0,0.0,0.0,0.0,0.0,0.0,0.0,0.0,0.0,0.0,0.0,0.0,0.0,0.0,0.0,0.0,0.0,0.0
13.61,320.0,0.26,0.26,0.26,11.1,11.3,12.0,13.81,-6.2,0.16,0.14,211.7,6.5,175.0,1.0,1.0,781.0,697.0,806.0,-1.0,808.0,13.5,82.6,570.0,29.0,31.2,0.0,3.0,2054.2,0.0,16.81,20.2,45.6,44.0,45.4,45.3,45.0,44.2,42.2,39.8,51.0,50.8,30.0,41.0,29.7,34.4,41.0,43.0,25.0,0.0,0.0,0.0,6.0,6.0,4.0,0.0,32.0,32.0,32.0,40.0,41.0,38.0,41.0,41.0,40.0,44.98,42.3,45.05,49.0,500.0,5.0,0.0,0.0,0.0
14.74,336.0,0.26,0.26,0.26,12.4,11.1,12.5,15.01,-25.8,0.08,0.2,27.2,8.0,180.0,1.0,1.0,963.0,698.0,1054.0,0.0,1055.0,14.7,100.1,685.0,30.0,32.4,0.0,3.1,1500.0,0.0,15.98,20.3,45.4,43.8,45.2,45.1,44.8,43.9,41.7,39.6,51.0,50.5,30.0,41.0,29.7,34.4,44.0,47.0,25.0,0.0,0.0,0.0,6.0,6.0,4.0,2.0,32.0,32.0,32.0,40.0,40.0,38.0,41.0,41.0,40.0,44.98,42.3,45.06,48.0,500.0,5.0,0.0,0.0,0.0
14.77,200.0,0.26,0.26,0.26,10.8,11.6,12.3,15.02,3.2,0.09,0.18,211.1,7.3,154.0,1.0,1.0,944.0,698.0,1023.0,1.0,1028.0,14.7,96.5,668.0,32.8,33.6,0.0,3.2,2067.6,0.0,16.83,20.5,43.5,41.8,43.3,43.2,42.9,42.2,40.7,38.4,50.8,50.7,30.0,41.0,29.7,34.2,44.0,47.0,25.0,0.0,0.0,0.0,6.0,6.0,4.0,0.0,32.0,32.0,32.0,40.0,41.0,37.0,41.0,41.0,40.0,44.98,42.3,45.06,48.0,480.0,5.0,0.0,0.0,0.0
13.56,248.0,0.26,0.26,0.26,10.8,11.3,12.0,13.92,2.7,0.14,0.18,211.7,7.1,170.0,1.0,1.0,776.0,697.0,801.0,-1.0,805.0,13.6,83.8,570.0,29.7,31.1,0.0,3.0,2067.6,0.0,16.83,20.2,45.6,44.0,45.5,45.3,45.0,44.3,42.2,39.7,51.0,50.9,30.0,41.0,29.7,34.4,41.0,44.0,25.0,0.0,0.0,0.0,6.0,6.0,4.0,0.0,32.0,32.0,32.0,40.0,41.0,38.0,41.0,41.0,40.0,44.98,42.3,45.05,49.0,490.0,5.0,0.0,0.0,0.0
16.34,64.0,0.26,0.26,0.27,10.9,12.5,13.3,16.64,13.7,0.11,0.18,211.5,8.7,159.0,1.0,1.0,1439.0,700.0,1666.0,1.0,1670.0,16.4,148.9,981.0,31.5,33.7,0.0,3.1,2067.6,0.0,16.83,19.7,46.8,45.3,46.7,46.5,46.2,45.2,43.1,40.8,51.2,51.4,30.0,41.0,29.5,34.4,52.0,56.0,25.0,0.0,0.0,0.0,6.0,6.0,4.0,0.0,32.0,32.0,32.0,40.0,41.0,38.0,41.0,41.0,40.0,44.98,42.3,45.06,49.0,500.0,5.1,0.0,0.0,0.0
15.64,312.0,0.26,0.26,0.27,12.5,11.6,11.4,15.81,-20.1,0.1,0.18,210.9,9.7,173.0,1.0,1.0,1143.0,699.0,1291.0,2.0,1299.0,15.5,116.0,787.0,31.4,33.8,0.0,3.1,2067.6,0.0,16.83,20.5,44.5,43.0,44.4,44.3,43.9,43.0,41.0,38.8,50.8,50.8,30.0,41.0,29.7,34.3,48.0,51.0,25.0,0.0,0.0,0.0,6.0,6.0,4.0,0.0,32.0,32.0,32.0,40.0,41.0,37.0,41.0,41.0,40.0,44.98,42.3,45.06,49.0,490.0,5.0,0.0,0.0,0.0
13.92,336.0,0.26,0.26,0.26,10.8,11.4,11.8,14.11,2.9,0.13,0.22,212.0,6.0,175.0,1.0,1.0,822.0,697.0,866.0,0.0,861.0,14.0,88.1,597.0,29.8,31.7,0.0,3.1,2067.6,0.0,16.83,20.3,45.5,43.9,45.4,45.2,44.9,44.1,42.0,39.6,51.0,50.7,30.0,41.0,29.7,34.4,43.0,45.0,25.0,0.0,0.0,0.0,6.0,6.0,4.0,0.0,32.0,32.0,32.0,40.0,41.0,38.0,41.0,41.0,40.0,44.98,42.3,45.06,48.0,490.0,5.0,0.0,0.0,0.0
14.76,136.0,0.26,0.26,0.27,10.8,11.6,12.0,15.02,-7.1,0.22,0.11,210.4,8.6,175.0,1.0,1.0,941.0,697.0,1028.0,0.0,1027.0,14.8,95.7,670.0,30.1,32.7,0.0,3.1,2067.6,0.0,16.83,20.3,45.2,43.7,45.1,45.0,44.7,44.0,41.8,39.4,51.0,50.4,30.0,41.0,29.7,34.4,45.0,47.0,25.0,0.0,0.0,0.0,6.0,6.0,4.0,0.0,32.0,32.0,32.0,40.0,41.0,38.0,41.0,41.0,40.0,44.98,42.3,45.06,49.0,490.0,5.0,0.0,0.0,0.0
15.64,256.0,0.26,0.26,0.26,11.3,11.3,13.2,15.86,-26.2,0.14,0.21,211.1,8.3,163.0,1.0,1.0,1095.0,698.0,1226.0,1.0,1242.0,15.6,109.3,765.0,32.9,34.2,0.1,3.2,2067.6,0.0,16.83,20.5,43.5,42.0,43.4,43.3,42.9,42.2,40.7,38.4,50.8,50.8,30.0,41.0,29.7,34.2,46.0,48.0,25.0,0.0,0.0,0.0,6.0,6.0,4.0,0.0,32.0,32.0,32.0,40.0,41.0,37.0,41.0,41.0,40.0,44.98,42.3,45.06,49.0,500.0,5.0,0.0,0.0,0.0
12.91,232.0,0.26,0.26,0.26,11.7,11.1,11.2,13.13,6.5,0.1,0.18,211.6,6.9,168.0,1.0,1.0,707.0,697.0,705.0,1.0,707.0,13.0,77.3,523.0,29.5,30.9,0.0,3.1,2067.6,0.0,16.83,20.2,45.6,44.0,45.5,45.3,45.0,44.3,42.4,39.8,51.0,50.7,30.0,41.0,29.7,34.4,40.0,43.0,25.0,0.0,0.0,0.0,6.0,6.0,4.0,0.0,32.0,32.0,32.0,40.0,41.0,38.0,41.0,41.0,40.0,44.97,42.3,45.05,48.0,490.0,5.0,0.0,0.0,0.0
15.35,152.0,0.26,0.26,0.26,10.9,11.4,13.1,15.53,-1.3,0.2,0.18,190.7,8.6,176.0,1.0,1.0,1029.0,699.0,1138.0,1.0,1144.0,15.4,104.2,716.0,30.4,33.3,0.0,3.1,1500.0,0.0,15.98,20.3,45.1,43.5,44.9,44.8,44.5,43.7,41.4,39.2,50.9,50.6,29.0,41.0,29.7,34.4,45.0,48.0,25.0,0.0,0.0,0.0,6.0,6.0,4.0,0.0,32.0,32.0,32.0,40.0,41.0,38.0,41.0,41.0,40.0,44.98,42.3,45.06,48.0,490.0,5.0,0.0,0.0,0.0
15.62,168.0,0.26,0.26,0.27,11.5,12.1,12.3,15.87,-14.4,0.19,0.18,210.8,8.3,170.0,1.0,1.0,1120.0,699.0,1264.0,-1.0,1263.0,15.6,113.4,776.0,31.7,33.7,0.0,3.1,2067.6,0.0,16.83,20.5,44.4,42.8,44.3,44.1,43.8,43.0,41.0,38.7,50.8,50.9,30.0,41.0,29.7,34.3,49.0,52.0,25.0,0.0,0.0,0.0,6.0,6.0,4.0,0.0,32.0,32.0,32.0,40.0,41.0,37.0,41.0,41.0,40.0,44.98,42.3,45.05,49.0,490.0,5.0,0.0,0.0,0.0
16.23,64.0,0.26,0.26,0.26,13.9,11.5,11.1,16.47,8.8,0.05,0.22,211.7,8.9,160.0,1.0,1.0,1434.0,699.0,1665.0,1.0,1689.0,16.3,148.7,980.0,31.3,33.9,0.0,3.1,2067.6,0.0,16.83,19.8,46.7,45.2,46.6,46.5,46.1,45.2,43.1,40.5,51.2,51.3,29.0,41.0,29.5,34.4,51.0,56.0,25.0,0.0,0.0,0.0,6.0,6.0,4.0,0.0,32.0,32.0,32.0,40.0,41.0,38.0,41.0,41.0,40.0,44.98,42.3,45.05,49.0,500.0,5.1,0.0,0.0,0.0
15.92,152.0,0.26,0.26,0.27,12.7,11.9,11.3,16.24,9.2,0.14,0.18,211.4,7.3,161.0,1.0,1.0,1319.0,699.0,1518.0,0.0,1519.0,16.0,140.8,905.0,31.6,33.8,0.0,3.1,2067.6,0.0,16.83,19.9,46.3,44.7,46.2,46.1,45.8,45.1,42.9,40.3,51.2,51.2,29.0,41.0,29.5,34.4,53.0,58.0,25.0,0.0,0.0,0.0,6.0,6.0,4.0,0.0,32.0,32.0,32.0,40.0,41.0,38.0,41.0,41.0,40.0,44.98,42.3,45.05,49.0,490.0,5.1,0.0,0.0,0.0
15.33,40.0,0.26,0.26,0.26,11.0,11.6,13.2,15.53,-14.7,0.23,0.14,210.8,7.8,159.0,1.0,1.0,1040.0,698.0,1153.0,0.0,1169.0,15.3,104.2,724.0,32.6,34.3,0.1,3.2,2067.6,0.0,16.83,20.5,43.5,41.9,43.4,43.2,42.9,42.2,40.7,38.4,50.8,50.8,30.0,41.0,29.7,34.2,45.0,47.0,25.0,0.0,0.0,0.0,6.0,6.0,4.0,0.0,32.0,32.0,32.0,40.0,40.0,37.0,41.0,41.0,40.0,44.98,42.3,45.06,49.0,500.0,5.0,0.0,0.0,0.0
15.89,240.0,0.26,0.26,0.26,13.8,11.1,11.6,16.13,8.1,0.13,0.15,211.8,7.6,162.0,1.0,1.0,1308.0,699.0,1496.0,2.0,1498.0,15.9,135.4,898.0,32.3,34.6,0.0,3.1,2067.6,0.0,16.83,19.9,45.7,44.1,45.6,45.4,45.1,44.3,42.7,40.1,51.1,50.7,30.0,41.0,29.5,34.4,48.0,51.0,25.0,0.0,0.0,0.0,6.0,6.0,4.0,0.0,32.0,32.0,32.0,40.0,41.0,38.0,41.0,41.0,40.0,44.98,42.3,45.05,49.0,500.0,5.0,0.0,0.0,0.0
15.93,312.0,0.26,0.26,0.27,10.9,12.3,12.5,16.12,4.4,0.11,0.2,211.4,8.5,162.0,1.0,1.0,1244.0,698.0,1420.0,0.0,1435.0,16.0,127.1,857.0,31.9,34.6,0.0,3.1,2067.6,0.0,16.83,19.9,45.8,44.2,45.7,45.5,45.1,44.6,42.7,40.1,51.2,50.8,30.0,41.0,29.5,34.4,49.0,52.0,25.0,0.0,0.0,0.0,6.0,6.0,4.0,0.0,32.0,32.0,32.0,40.0,41.0,38.0,41.0,41.0,40.0,44.98,42.3,45.06,49.0,490.0,5.0,0.0,0.0,0.0
13.56,32.0,0.26,0.26,0.26,10.9,11.4,12.1,13.87,4.3,0.11,0.12,212.1,6.6,172.0,1.0,1.0,779.0,697.0,804.0,-1.0,811.0,13.7,83.9,568.0,29.3,31.9,0.0,3.1,2067.6,0.0,16.83,20.2,45.5,43.9,45.4,45.3,44.9,44.3,42.0,39.7,51.0,50.9,30.0,41.0,29.7,34.4,42.0,45.0,25.0,0.0,0.0,0.0,6.0,6.0,4.0,0.0,32.0,32.0,32.0,40.0,41.0,38.0,41.0,41.0,40.0,44.98,42.3,45.06,48.0,490.0,5.0,0.0,0.0,0.0
16.17,8.0,0.26,0.26,0.26,10.8,12.2,13.4,16.44,7.8,0.12,0.18,211.6,8.4,162.0,1.0,1.0,1379.0,700.0,1591.0,2.0,1599.0,16.1,144.6,946.0,31.9,34.0,0.0,3.1,2067.6,0.0,16.83,19.9,45.9,44.4,45.8,45.7,45.4,44.6,42.8,40.3,51.1,50.9,30.0,41.0,29.5,34.4,49.0,53.0,25.0,0.0,0.0,0.0,6.0,6.0,4.0,0.0,32.0,32.0,32.0,40.0,40.0,38.0,41.0,41.0,40.0,44.98,42.3,45.05,48.0,500.0,5.1,0.0,0.0,0.0
14.84,328.0,0.26,0.26,0.26,12.9,11.1,11.1,14.99,3.6,0.16,0.23,211.0,7.2,164.0,1.0,1.0,974.0,698.0,1070.0,-1.0,1073.0,14.9,99.9,688.0,33.4,34.7,0.1,3.2,2067.6,0.0,16.83,19.9,45.6,43.9,45.4,45.2,45.0,44.2,42.6,40.2,51.1,50.7,30.0,41.0,29.5,34.4,45.0,47.0,25.0,0.0,0.0,0.0,6.0,6.0,4.0,0.0,32.0,32.0,32.0,40.0,40.0,38.0,41.0,41.0,40.0,44.98,42.3,45.06,48.0,500.0,5.0,0.0,0.0,0.0
15.33,136.0,0.26,0.26,0.26,11.0,12.0,12.4,15.52,-9.3,0.29,0.1,210.9,7.6,175.0,1.0,1.0,1026.0,698.0,1145.0,2.0,1147.0,15.2,106.8,720.0,30.2,32.9,0.0,3.1,2067.6,0.0,16.83,20.3,45.1,43.6,45.0,44.8,44.6,43.7,41.6,39.3,50.9,50.6,30.0,41.0,29.7,34.4,46.0,48.0,25.0,0.0,0.0,0.0,6.0,6.0,4.0,0.0,32.0,32.0,32.0,40.0,40.0,38.0,41.0,41.0,40.0,44.97,42.3,45.06,49.0,500.0,5.0,0.0,0.0,0.0
16.4,8.0,0.26,0.26,0.27,12.5,12.2,11.4,16.6,11.2,0.08,0.17,211.6,9.7,161.0,1.0,1.0,1509.0,699.0,1755.0,1.0,1764.0,16.4,158.5,1024.0,32.0,33.7,0.0,3.1,2067.6,0.0,16.83,19.9,46.1,44.5,46.0,45.9,45.6,44.8,42.9,40.3,51.2,51.0,30.0,41.0,29.5,34.4,51.0,56.0,25.0,0.0,0.0,0.0,6.0,6.0,4.0,0.0,32.0,32.0,32.0,40.0,40.0,38.0,41.0,41.0,40.0,44.98,42.3,45.06,49.0,500.0,5.1,0.0,0.0,0.0
14.89,256.0,0.26,0.26,0.26,10.8,11.8,12.7,15.12,6.6,0.14,0.2,211.2,7.4,164.0,1.0,1.0,956.0,697.0,1049.0,0.0,1046.0,14.8,97.6,680.0,33.1,34.5,0.1,3.2,2067.6,0.0,16.83,19.9,45.6,43.9,45.4,45.2,45.0,44.2,42.7,40.2,51.1,50.7,29.0,41.0,29.5,34.4,45.0,47.0,25.0,0.0,0.0,0.0,6.0,6.0,4.0,0.0,32.0,32.0,32.0,40.0,41.0,38.0,41.0,41.0,40.0,44.98,42.3,45.06,48.0,490.0,5.0,0.0,0.0,0.0
16.1,136.0,0.26,0.26,0.26,13.1,10.9,13.0,16.24,17.9,0.09,0.2,211.7,6.5,158.0,1.0,1.0,1343.0,699.0,1547.0,1.0,1543.0,15.9,135.9,928.0,31.5,33.8,0.0,3.1,2067.6,0.0,16.83,19.8,46.5,44.9,46.5,46.3,46.0,45.3,42.9,40.4,51.2,51.3,30.0,41.0,29.5,34.4,51.0,55.0,25.0,0.0,0.0,0.0,6.0,6.0,4.0,0.0,32.0,32.0,32.0,40.0,41.0,38.0,41.0,41.0,40.0,44.98,42.31,45.06,49.0,490.0,5.0,0.0,0.0,0.0
13.9,232.0,0.26,0.26,0.26,10.7,11.6,12.2,14.15,1.4,0.14,0.15,211.2,6.5,173.0,1.0,1.0,815.0,697.0,854.0,-1.0,850.0,14.0,87.1,593.0,28.9,31.2,0.0,3.0,2054.2,0.0,16.81,20.2,45.6,44.0,45.4,45.3,45.1,44.2,42.3,39.9,51.0,50.8,30.0,41.0,29.7,34.4,41.0,43.0,25.0,0.0,0.0,0.0,6.0,6.0,4.0,0.0,32.0,32.0,32.0,40.0,41.0,38.0,41.0,41.0,40.0,44.98,42.3,45.06,49.0,500.0,5.0,0.0,0.0,0.0
15.91,224.0,0.26,0.26,0.27,11.7,12.1,11.4,16.13,10.9,0.21,0.16,211.4,9.9,161.0,1.0,1.0,1259.0,699.0,1438.0,0.0,1441.0,15.9,128.8,865.0,32.1,34.5,0.0,3.1,2067.6,0.0,16.83,19.9,45.7,44.1,45.6,45.4,45.1,44.4,42.7,40.1,51.1,50.8,30.0,41.0,29.5,34.4,48.0,51.0,25.0,0.0,0.0,0.0,6.0,6.0,4.0,0.0,32.0,32.0,32.0,40.0,41.0,38.0,41.0,41.0,40.0,44.98,42.3,45.06,49.0,500.0,5.0,0.0,0.0,0.0
16.16,80.0,0.26,0.26,0.27,12.0,12.4,11.8,16.43,0.1,0.21,0.2,211.7,9.1,163.0,1.0,1.0,1388.0,700.0,1602.0,1.0,1613.0,16.1,144.0,949.0,31.4,34.6,0.0,3.1,2067.6,0.0,16.83,19.9,46.0,44.4,45.9,45.8,45.5,44.6,42.8,40.3,51.1,51.1,30.0,41.0,29.5,34.4,50.0,54.0,25.0,0.0,0.0,0.0,6.0,6.0,4.0,0.0,32.0,32.0,32.0,40.0,41.0,38.0,41.0,41.0,40.0,44.98,42.3,45.05,48.0,490.0,5.1,0.0,0.0,0.0
14.65,240.0,0.26,0.26,0.26,12.9,11.0,11.0,14.91,1.5,0.19,0.22,211.5,7.3,163.0,1.0,1.0,933.0,698.0,1017.0,1.0,1014.0,14.6,97.2,665.0,33.3,34.0,0.1,3.2,2067.6,0.0,16.83,20.0,45.5,44.0,45.4,45.2,44.9,44.0,42.6,40.2,51.1,50.8,30.0,41.0,29.5,34.4,44.0,46.0,25.0,0.0,0.0,0.0,6.0,6.0,4.0,0.0,32.0,32.0,32.0,40.0,41.0,38.0,41.0,41.0,40.0,44.98,42.3,45.06,49.0,490.0,5.0,0.0,0.0,0.0
15.84,40.0,0.26,0.26,0.26,12.3,11.6,11.3,16.02,-1.0,0.14,0.14,210.9,6.8,162.0,1.0,1.0,1232.0,699.0,1399.0,0.0,1410.0,15.8,127.3,845.0,32.7,34.7,0.1,3.1,2067.6,0.0,16.83,20.5,43.7,42.2,43.5,43.5,43.1,42.4,40.8,38.4,50.8,51.0,30.0,41.0,29.7,34.2,49.0,52.0,25.0,0.0,0.0,0.0,6.0,6.0,4.0,0.0,32.0,32.0,32.0,40.0,41.0,37.0,41.0,41.0,40.0,44.98,42.3,45.06,49.0,490.0,5.0,0.0,0.0,0.0
14.98,280.0,0.26,0.26,0.26,12.1,11.0,12.5,15.13,-12.6,0.05,0.16,210.8,9.3,176.0,1.0,1.0,982.0,698.0,1080.0,0.0,1092.0,14.9,102.4,694.0,29.9,32.3,0.0,3.1,2067.6,0.0,16.83,20.3,45.3,43.7,45.1,45.0,44.8,43.9,41.8,39.4,51.0,50.5,30.0,41.0,29.7,34.4,44.0,47.0,25.0,0.0,0.0,0.0,6.0,6.0,4.0,0.0,32.0,32.0,32.0,40.0,41.0,38.0,41.0,41.0,40.0,44.98,42.3,45.06,49.0,490.0,5.0,0.0,0.0,0.0
15.95,240.0,0.26,0.26,0.26,11.1,11.6,13.6,16.14,9.5,0.14,0.21,211.5,8.6,161.0,1.0,1.0,1252.0,699.0,1427.0,2.0,1433.0,16.0,128.0,864.0,32.1,34.2,0.0,3.1,2067.6,0.0,16.83,19.9,45.8,44.1,45.7,45.4,45.1,44.5,42.7,40.2,51.2,50.7,30.0,41.0,29.5,34.4,49.0,52.0,25.0,0.0,0.0,0.0,6.0,6.0,4.0,0.0,32.0,32.0,32.0,40.0,41.0,38.0,41.0,41.0,40.0,44.98,42.3,45.05,49.0,500.0,5.0,0.0,0.0,0.0
13.67,336.0,0.26,0.26,0.26,11.0,11.3,12.0,13.9,0.3,0.16,0.15,211.7,6.6,174.0,1.0,1.0,793.0,697.0,822.0,0.0,833.0,13.6,83.7,580.0,29.5,31.8,0.0,3.1,2067.6,0.0,16.83,20.2,45.5,43.9,45.4,45.2,45.0,44.2,42.1,39.7,51.0,50.8,30.0,41.0,29.7,34.4,42.0,45.0,25.0,0.0,0.0,0.0,6.0,6.0,4.0,0.0,32.0,32.0,32.0,40.0,41.0,38.0,41.0,41.0,40.0,44.98,42.31,45.06,49.0,500.0,5.0,0.0,0.0,0.0
14.32,192.0,0.26,0.26,0.26,11.7,11.2,12.3,14.62,0.6,0.14,0.2,212.4,6.0,178.0,1.0,1.0,892.0,697.0,955.0,-1.0,956.0,14.3,94.5,640.0,29.3,32.1,0.0,3.1,2067.6,0.0,16.83,20.3,45.5,43.9,45.4,45.2,44.9,44.0,41.9,39.6,51.0,50.7,30.0,41.0,29.7,34.4,43.0,46.0,25.0,0.0,0.0,0.0,6.0,6.0,4.0,0.0,32.0,32.0,32.0,40.0,41.0,38.0,41.0,41.0,40.0,44.98,42.3,45.05,48.0,500.0,5.0,0.0,0.0,0.0
15.84,312.0,0.26,0.26,0.26,13.5,11.4,11.0,16.14,11.8,0.12,0.15,211.7,8.5,161.0,1.0,1.0,1262.0,698.0,1445.0,1.0,1449.0,15.8,132.9,868.0,32.1,34.5,0.0,3.1,2067.6,0.0,16.83,19.9,45.7,44.1,45.7,45.4,45.1,44.4,42.7,40.2,51.2,50.7,30.0,41.0,29.5,34.4,49.0,52.0,25.0,0.0,0.0,0.0,6.0,6.0,4.0,0.0,32.0,32.0,32.0,40.0,41.0,38.0,41.0,41.0,40.0,44.98,42.3,45.05,49.0,490.0,5.1,0.0,0.0,0.0
15.81,40.0,0.26,0.26,0.26,10.8,12.1,12.8,16.09,-21.2,0.1,0.18,210.8,8.9,169.0,1.0,1.0,1182.0,700.0,1336.0,2.0,1353.0,15.8,121.1,817.0,31.9,34.0,0.0,3.1,2067.6,0.0,16.83,20.5,44.0,42.4,43.8,43.7,43.4,42.5,40.9,38.6,50.8,50.9,29.0,41.0,29.7,34.2,48.0,52.0,25.0,0.0,0.0,0.0,6.0,6.0,4.0,0.0,32.0,32.0,32.0,40.0,41.0,37.0,41.0,41.0,40.0,44.98,42.3,45.06,48.0,490.0,5.0,0.0,0.0,0.0
13.58,104.0,0.26,0.26,0.26,12.2,10.9,11.4,13.84,-2.1,0.16,0.25,211.5,6.0,175.0,1.0,1.0,787.0,697.0,812.0,-2.0,815.0,13.7,83.9,573.0,29.0,31.1,0.0,3.0,2054.2,0.0,16.81,20.2,45.6,44.0,45.4,45.3,45.0,44.2,42.2,39.9,51.0,50.8,30.0,41.0,29.7,34.4,41.0,43.0,25.0,0.0,0.0,0.0,6.0,6.0,4.0,0.0,32.0,32.0,32.0,40.0,41.0,38.0,41.0,41.0,40.0,44.98,42.3,45.05,49.0,490.0,5.0,0.0,0.0,0.0
0.0,0.0,0.0,0.0,0.0,0.0,0.0,0.0,0.0,0.0,0.0,0.0,0.0,0.0,0.0,0.0,0.0,0.0,0.0,703.0,0.0,0.0,0.0,0.0,0.0,0.0,0.0,0.0,0.0,0.0,0.0,0.0,0.0,0.0,0.0,0.0,0.0,0.0,0.0,0.0,0.0,0.0,0.0,0.0,0.0,0.0,0.0,0.0,0.0,0.0,0.0,0.0,0.0,0.0,0.0,0.0,0.0,0.0,0.0,0.0,0.0,0.0,0.0,0.0,0.0,0.0,0.0,0.0,0.0,0.0,0.0,0.0,0.0,0.0,0.0
15.28,208.0,0.26,0.26,0.26,12.9,11.1,12.0,15.63,-10.9,0.12,0.2,210.9,8.3,175.0,1.0,1.0,1054.0,699.0,1173.0,1.0,1180.0,15.3,106.0,733.0,30.5,32.6,0.0,3.1,2067.6,0.0,16.83,20.3,45.1,43.6,45.0,44.8,44.5,43.7,41.6,39.3,50.9,50.5,31.0,41.0,29.7,34.4,46.0,48.0,25.0,0.0,0.0,0.0,6.0,6.0,4.0,0.0,32.0,32.0,32.0,40.0,41.0,38.0,41.0,41.0,40.0,44.97,42.3,45.05,48.0,500.0,5.0,0.0,0.0,0.0
15.37,64.0,0.26,0.26,0.26,10.9,11.5,13.0,15.63,-10.4,0.12,0.09,210.9,8.5,175.0,1.0,1.0,1050.0,698.0,1167.0,2.0,1170.0,15.3,107.8,731.0,30.3,32.7,0.0,3.1,2067.6,0.0,16.83,20.3,45.1,43.6,45.0,44.8,44.5,43.7,41.6,39.3,50.9,50.5,29.0,41.0,29.7,34.4,46.0,48.0,25.0,0.0,0.0,0.0,6.0,6.0,4.0,0.0,32.0,32.0,32.0,40.0,41.0,38.0,41.0,41.0,40.0,44.98,42.31,45.05,48.0,490.0,5.0,0.0,0.0,0.0
15.96,296.0,0.26,0.26,0.26,11.8,11.1,13.6,16.23,12.9,0.15,0.15,211.5,7.4,161.0,1.0,1.0,1278.0,699.0,1456.0,0.0,1464.0,15.9,128.9,884.0,32.1,34.6,0.0,3.2,2067.6,0.0,16.83,19.9,45.7,44.1,45.6,45.4,45.1,44.3,42.7,40.1,51.1,50.7,30.0,41.0,29.5,34.4,48.0,51.0,25.0,0.0,0.0,0.0,6.0,6.0,4.0,0.0,32.0,32.0,32.0,40.0,41.0,38.0,41.0,41.0,40.0,44.98,42.3,45.05,48.0,500.0,5.0,0.0,0.0,0.0
14.11,320.0,0.26,0.26,0.26,11.6,11.2,11.4,14.34,0.2,0.11,0.14,212.4,6.3,177.0,1.0,1.0,855.0,698.0,906.0,0.0,913.0,14.0,89.2,616.0,29.8,31.7,0.0,3.1,2067.6,0.0,16.83,20.3,45.5,43.9,45.4,45.2,44.9,44.1,42.0,39.6,51.0,50.8,30.0,41.0,29.7,34.4,43.0,46.0,25.0,0.0,0.0,0.0,6.0,6.0,4.0,0.0,32.0,32.0,32.0,40.0,41.0,38.0,41.0,41.0,40.0,44.98,42.3,45.06,48.0,500.0,5.0,0.0,0.0,0.0
13.52,176.0,0.26,0.26,0.26,12.4,10.9,11.4,13.71,5.3,0.12,0.18,211.8,6.8,170.0,1.0,1.0,777.0,696.0,801.0,1.0,803.0,13.6,81.5,568.0,29.3,31.6,0.0,3.1,2067.6,0.0,16.83,20.2,45.6,44.0,45.5,45.3,44.9,44.4,42.2,39.7,51.0,50.9,30.0,41.0,29.7,34.4,41.0,44.0,25.0,0.0,0.0,0.0,6.0,6.0,4.0,0.0,32.0,32.0,32.0,40.0,41.0,38.0,41.0,41.0,40.0,44.98,42.31,45.06,48.0,500.0,5.0,0.0,0.0,0.0
14.34,200.0,0.26,0.26,0.26,12.7,11.1,11.4,14.51,-6.6,0.13,0.2,211.6,8.3,153.0,1.0,1.0,889.0,698.0,952.0,0.0,954.0,14.3,91.9,636.0,33.0,33.5,0.0,3.2,2067.6,0.0,16.83,20.5,43.5,41.8,43.2,43.1,42.9,42.2,40.8,38.3,50.8,50.7,30.0,41.0,29.7,34.2,44.0,46.0,25.0,0.0,0.0,0.0,6.0,6.0,4.0,0.0,32.0,32.0,32.0,40.0,40.0,38.0,41.0,41.0,40.0,44.98,42.3,45.05,48.0,500.0,5.0,0.0,0.0,0.0
14.55,208.0,0.26,0.26,0.26,10.9,11.4,12.3,14.84,-17.0,0.12,0.27,210.8,7.2,177.0,1.0,1.0,928.0,698.0,1000.0,1.0,1012.0,14.6,94.8,661.0,30.5,32.4,0.0,3.1,2067.6,0.0,16.83,20.3,45.2,43.6,45.1,45.0,44.7,44.0,41.7,39.4,50.9,50.4,30.0,41.0,29.7,34.4,45.0,48.0,25.0,0.0,0.0,0.0,6.0,6.0,4.0,0.0,32.0,32.0,32.0,40.0,41.0,38.0,41.0,41.0,40.0,44.98,42.3,45.06,48.0,490.0,5.0,0.0,0.0,0.0
15.86,112.0,0.26,0.26,0.27,11.8,11.6,11.6,16.14,-14.3,0.09,0.15,210.7,9.1,169.0,1.0,1.0,1225.0,699.0,1392.0,1.0,1399.0,15.9,127.5,841.0,32.1,34.3,0.0,3.1,2067.6,0.0,16.83,20.5,44.0,42.4,43.9,43.8,43.4,42.6,40.9,38.6,50.8,51.0,30.0,41.0,29.7,34.2,48.0,52.0,25.0,0.0,0.0,0.0,6.0,6.0,4.0,0.0,32.0,32.0,32.0,40.0,40.0,37.0,41.0,41.0,40.0,44.98,42.3,45.06,48.0,500.0,5.0,0.0,0.0,0.0
16.11,208.0,0.26,0.26,0.26,14.1,11.0,11.6,16.33,2.9,0.14,0.23,211.3,8.1,160.0,1.0,1.0,1386.0,699.0,1604.0,0.0,1610.0,16.1,143.7,952.0,31.1,34.1,0.0,3.1,2067.6,0.0,16.83,19.8,46.6,45.1,46.6,46.4,46.1,45.2,43.1,40.5,51.2,51.3,29.0,41.0,29.5,34.4,51.0,56.0,25.0,0.0,0.0,0.0,6.0,6.0,4.0,0.0,32.0,32.0,32.0,40.0,41.0,38.0,41.0,41.0,40.0,44.98,42.3,45.06,49.0,500.0,5.0,0.0,0.0,0.0
13.93,16.0,0.26,0.26,0.26,10.8,11.7,12.2,14.21,2.8,0.14,0.15,211.5,5.6,173.0,1.0,1.0,821.0,697.0,859.0,0.0,864.0,13.8,86.5,595.0,29.1,31.0,0.0,3.0,2054.2,0.0,16.81,20.2,45.6,44.0,45.4,45.3,45.1,44.2,42.3,39.9,51.0,50.8,30.0,41.0,29.7,34.4,40.0,43.0,25.0,0.0,0.0,0.0,6.0,6.0,4.0,0.0,32.0,32.0,32.0,40.0,41.0,38.0,41.0,41.0,40.0,44.98,42.31,45.06,48.0,490.0,5.0,0.0,0.0,0.0
14.28,264.0,0.26,0.26,0.26,12.5,11.1,11.1,14.51,-2.6,0.19,0.2,212.7,6.5,180.0,1.0,1.0,882.0,697.0,946.0,0.0,955.0,14.4,91.5,635.0,29.7,32.1,0.0,3.1,2067.6,0.0,16.83,20.3,45.5,43.9,45.4,45.2,44.8,44.0,41.8,39.6,51.0,50.6,30.0,41.0,29.7,34.4,43.0,46.0,25.0,0.0,0.0,0.0,6.0,6.0,4.0,0.0,32.0,32.0,32.0,40.0,41.0,38.0,41.0,41.0,40.0,44.97,42.3,45.06,49.0,490.0,5.0,0.0,0.0,0.0
15.36,24.0,0.26,0.26,0.27,11.6,12.0,11.6,15.63,7.3,0.16,0.13,212.0,7.6,163.0,1.0,1.0,1053.0,698.0,1172.0,0.0,1181.0,15.4,108.3,730.0,33.1,34.8,0.1,3.2,2067.6,0.0,16.83,19.9,45.6,44.0,45.5,45.3,45.0,44.2,42.7,40.2,51.2,50.7,30.0,41.0,29.5,34.4,46.0,48.0,25.0,0.0,0.0,0.0,6.0,6.0,4.0,0.0,32.0,32.0,32.0,40.0,41.0,38.0,41.0,41.0,40.0,44.98,42.3,45.06,48.0,490.0,5.0,0.0,0.0,0.0
14.6,272.0,0.26,0.26,0.26,12.4,11.0,11.5,14.84,5.2,0.2,0.2,211.5,8.9,154.0,1.0,1.0,928.0,698.0,1004.0,1.0,1007.0,14.6,96.9,661.0,32.3,34.1,0.0,3.2,2067.6,0.0,16.83,20.5,43.5,41.8,43.3,43.2,42.9,42.3,40.7,38.4,50.8,50.7,30.0,41.0,29.7,34.2,44.0,47.0,25.0,0.0,0.0,0.0,6.0,6.0,4.0,0.0,32.0,32.0,32.0,40.0,41.0,37.0,41.0,41.0,40.0,44.98,42.3,45.05,48.0,490.0,4.9,0.0,0.0,0.0
15.63,96.0,0.26,0.26,0.26,12.7,11.0,12.8,15.87,-12.9,0.12,0.18,210.4,6.8,170.0,1.0,1.0,1160.0,699.0,1311.0,1.0,1314.0,15.6,118.6,804.0,31.6,34.0,0.0,3.1,2067.6,0.0,16.83,20.5,44.4,42.8,44.3,44.2,43.8,43.0,40.9,38.7,50.8,50.9,30.0,41.0,29.7,34.3,49.0,52.0,25.0,0.0,0.0,0.0,6.0,6.0,4.0,0.0,32.0,32.0,32.0,40.0,41.0,38.0,41.0,41.0,40.0,44.98,42.3,45.06,49.0,500.0,5.0,0.0,0.0,0.0
15.8,168.0,0.26,0.26,0.26,12.9,10.9,13.1,16.03,14.2,0.1,0.17,211.3,6.6,162.0,1.0,1.0,1215.0,699.0,1375.0,0.0,1378.0,15.8,122.1,838.0,32.7,34.8,0.0,3.2,2067.6,0.0,16.83,19.9,45.7,44.0,45.5,45.3,45.0,44.3,42.7,40.0,51.1,50.6,30.0,41.0,29.5,34.4,47.0,49.0,25.0,0.0,0.0,0.0,6.0,6.0,4.0,0.0,32.0,32.0,32.0,40.0,41.0,38.0,41.0,41.0,40.0,44.98,42.3,45.05,49.0,490.0,5.0,0.0,0.0,0.0
13.36,160.0,0.26,0.26,0.26,11.4,11.2,11.1,13.66,6.5,0.08,0.23,211.2,6.3,170.0,1.0,1.0,762.0,697.0,776.0,1.0,781.0,13.5,82.2,556.0,28.8,30.9,0.0,3.1,2067.6,0.0,16.83,20.2,45.6,44.0,45.4,45.3,45.1,44.3,42.3,39.8,51.0,50.9,30.0,41.0,29.7,34.4,40.0,43.0,25.0,0.0,0.0,0.0,6.0,6.0,4.0,0.0,32.0,32.0,32.0,40.0,40.0,38.0,41.0,41.0,40.0,44.98,42.3,45.06,48.0,500.0,5.0,0.0,0.0,0.0
15.66,96.0,0.26,0.26,0.26,13.0,11.6,11.3,15.93,-16.0,0.09,0.15,210.8,8.9,172.0,1.0,1.0,1171.0,699.0,1321.0,1.0,1322.0,15.8,119.5,802.0,31.6,33.9,0.0,3.1,2067.6,0.0,16.83,20.4,44.5,42.9,44.4,44.2,43.9,43.0,40.9,38.8,50.8,50.9,30.0,41.0,29.7,34.3,48.0,51.0,25.0,0.0,0.0,0.0,6.0,6.0,4.0,0.0,32.0,32.0,32.0,40.0,41.0,37.0,41.0,41.0,40.0,44.98,42.3,45.06,49.0,490.0,5.0,0.0,0.0,0.0
13.51,104.0,0.26,0.26,0.26,12.4,10.9,11.0,13.8,3.9,0.11,0.12,211.8,5.9,172.0,1.0,1.0,784.0,697.0,806.0,-1.0,803.0,13.5,83.8,570.0,29.8,31.5,0.0,3.1,2067.6,0.0,16.83,20.2,45.6,44.0,45.5,45.3,44.9,44.4,42.0,39.7,51.0,50.8,29.0,41.0,29.7,34.4,42.0,44.0,25.0,0.0,0.0,0.0,6.0,6.0,4.0,0.0,32.0,32.0,32.0,40.0,41.0,38.0,41.0,41.0,40.0,44.98,42.3,45.05,49.0,500.0,5.0,0.0,0.0,0.0
16.26,352.0,0.26,0.26,0.26,13.4,10.9,13.1,16.43,6.9,0.01,0.18,211.6,9.6,162.0,1.0,1.0,1432.0,699.0,1664.0,1.0,1666.0,16.2,151.3,988.0,31.6,34.1,0.0,3.1,2067.6,0.0,16.83,19.9,46.0,44.4,45.9,45.8,45.5,44.7,42.8,40.3,51.2,51.1,29.0,41.0,29.5,34.4,50.0,54.0,25.0,0.0,0.0,0.0,6.0,6.0,4.0,0.0,32.0,32.0,32.0,40.0,41.0,38.0,41.0,41.0,40.0,44.98,42.3,45.05,48.0,500.0,5.0,0.0,0.0,0.0
12.84,304.0,0.26,0.26,0.26,10.8,11.4,12.0,13.07,12.5,0.09,0.19,211.7,5.6,167.0,1.0,1.0,694.0,697.0,681.0,2.0,682.0,12.7,73.3,511.0,29.0,31.2,0.0,3.1,2067.6,0.0,16.83,20.1,45.6,44.0,45.5,45.3,45.0,44.2,42.4,39.9,51.0,50.6,30.0,41.0,29.7,34.4,40.0,43.0,25.0,0.0,0.0,0.0,6.0,6.0,4.0,0.0,32.0,32.0,32.0,40.0,41.0,38.0,41.0,41.0,40.0,44.98,42.3,45.05,49.0,490.0,5.0,0.0,0.0,0.0
15.86,56.0,0.26,0.26,0.27,11.6,12.0,11.6,16.12,-6.8,0.14,0.17,211.0,9.2,162.0,1.0,1.0,1219.0,698.0,1387.0,1.0,1398.0,15.9,125.7,839.0,33.1,34.0,0.1,3.2,2067.6,0.0,16.83,20.5,43.6,42.0,43.5,43.3,42.9,42.2,40.8,38.3,50.7,50.8,30.0,41.0,29.7,34.2,47.0,50.0,25.0,0.0,0.0,0.0,6.0,6.0,4.0,0.0,32.0,32.0,32.0,40.0,41.0,38.0,41.0,41.0,40.0,44.98,42.31,45.06,48.0,500.0,4.9,0.0,0.0,0.0
13.6,40.0,0.26,0.26,0.26,11.1,11.1,12.0,13.82,10.1,0.17,0.15,211.9,7.5,162.0,1.0,1.0,776.0,698.0,798.0,1.0,805.0,13.5,81.1,565.0,33.1,33.9,0.1,3.2,2067.6,0.0,16.83,20.0,45.5,44.0,45.4,45.2,45.0,44.0,42.7,40.1,51.1,51.1,30.0,41.0,29.5,34.4,43.0,45.0,25.0,0.0,0.0,0.0,6.0,6.0,4.0,0.0,32.0,32.0,32.0,40.0,41.0,38.0,41.0,41.0,40.0,44.98,42.3,45.05,48.0,490.0,5.0,0.0,0.0,0.0
15.73,112.0,0.26,0.26,0.27,11.8,12.0,11.8,15.97,-2.2,0.17,0.15,210.8,7.7,162.0,1.0,1.0,1175.0,699.0,1331.0,1.0,1329.0,15.8,122.7,811.0,32.3,34.7,0.0,3.2,2067.6,0.0,16.83,20.5,43.8,42.3,43.6,43.5,43.3,42.5,40.9,38.4,50.8,51.0,30.0,41.0,29.7,34.2,49.0,52.0,25.0,0.0,0.0,0.0,6.0,6.0,4.0,0.0,32.0,32.0,32.0,40.0,41.0,37.0,41.0,41.0,40.0,44.98,42.3,45.06,49.0,500.0,5.0,0.0,0.0,0.0
14.69,56.0,0.26,0.26,0.26,12.4,11.1,11.1,14.92,4.6,0.14,0.2,211.8,9.1,154.0,1.0,1.0,935.0,698.0,1015.0,2.0,1021.0,14.6,98.0,662.0,32.8,33.7,0.0,3.2,2067.6,0.0,16.83,20.5,43.5,41.8,43.3,43.2,42.9,42.2,40.7,38.4,50.8,50.7,30.0,41.0,29.7,34.2,44.0,47.0,25.0,0.0,0.0,0.0,6.0,6.0,4.0,0.0,32.0,32.0,32.0,40.0,41.0,37.0,41.0,41.0,40.0,44.98,42.3,45.06,48.0,490.0,5.0,0.0,0.0,0.0
14.77,152.0,0.26,0.26,0.26,10.8,11.7,12.8,15.01,-22.0,0.12,0.17,27.1,8.7,178.0,1.0,1.0,942.0,697.0,1029.0,0.0,1037.0,14.7,96.4,672.0,30.8,33.5,0.0,3.1,1500.0,0.0,15.98,20.4,44.9,43.3,44.8,44.6,44.3,44.0,41.3,38.9,50.9,50.7,30.0,41.0,29.7,34.4,46.0,49.0,25.0,0.0,0.0,0.0,6.0,6.0,4.0,2.0,32.0,32.0,32.0,40.0,41.0,38.0,41.0,41.0,40.0,44.98,42.3,45.06,48.0,490.0,5.0,0.0,0.0,0.0
15.89,240.0,0.26,0.26,0.26,12.5,11.7,11.2,16.15,-6.1,0.13,0.18,210.7,9.0,168.0,1.0,1.0,1240.0,700.0,1414.0,0.0,1402.0,15.7,130.8,852.0,32.1,33.8,0.0,3.1,2067.6,0.0,16.83,20.5,44.2,42.6,44.1,44.0,43.6,42.9,40.8,38.6,50.8,51.0,30.0,41.0,29.7,34.3,49.0,53.0,25.0,0.0,0.0,0.0,6.0,6.0,4.0,0.0,32.0,32.0,32.0,40.0,40.0,38.0,41.0,41.0,40.0,44.98,42.3,45.06,49.0,500.0,5.0,0.0,0.0,0.0
14.52,280.0,0.26,0.26,0.26,10.8,11.7,12.7,14.78,-15.9,0.1,0.18,26.9,7.3,183.0,1.0,1.0,911.0,698.0,983.0,1.0,997.0,14.4,94.5,654.0,29.8,32.2,0.0,3.1,1500.0,0.0,15.98,20.3,45.4,43.9,45.3,45.1,44.8,44.0,41.7,39.6,51.0,50.5,30.0,41.0,29.7,34.4,44.0,47.0,25.0,0.0,0.0,0.0,6.0,6.0,4.0,2.0,32.0,32.0,32.0,40.0,41.0,38.0,41.0,41.0,40.0,44.97,42.3,45.06,48.0,500.0,5.0,0.0,0.0,0.0
15.66,24.0,0.26,0.26,0.26,12.8,11.4,11.2,15.93,-10.2,0.09,0.21,210.8,7.4,165.0,1.0,1.0,1169.0,699.0,1325.0,1.0,1314.0,15.6,121.8,807.0,32.0,34.7,0.0,3.2,2067.6,0.0,16.83,20.5,43.9,42.3,43.7,43.6,43.4,42.4,40.9,38.6,50.8,51.0,30.0,41.0,29.7,34.2,48.0,52.0,25.0,0.0,0.0,0.0,6.0,6.0,4.0,0.0,32.0,32.0,32.0,40.0,41.0,37.0,41.0,41.0,40.0,44.98,42.3,45.06,49.0,490.0,5.0,0.0,0.0,0.0
16.16,80.0,0.26,0.26,0.26,14.2,10.9,11.7,16.38,5.1,0.14,0.2,211.1,10.0,162.0,1.0,1.0,1411.0,699.0,1627.0,0.0,1622.0,16.1,145.8,965.0,31.9,34.3,0.0,3.1,2067.6,0.0,16.83,19.9,45.9,44.3,45.8,45.7,45.4,44.5,42.8,40.3,51.2,51.0,30.0,41.0,29.5,34.4,49.0,53.0,25.0,0.0,0.0,0.0,6.0,6.0,4.0,0.0,32.0,32.0,32.0,40.0,41.0,38.0,41.0,41.0,40.0,44.98,42.3,45.05,50.0,500.0,5.0,0.0,0.0,0.0
14.58,344.0,0.26,0.26,0.26,10.7,11.5,12.0,14.82,3.5,0.06,0.18,211.3,6.5,154.0,1.0,1.0,903.0,698.0,974.0,1.0,983.0,14.6,94.2,645.0,32.8,33.8,0.0,3.2,2067.6,0.0,16.83,20.5,43.5,41.8,43.2,43.2,42.9,42.3,40.8,38.3,50.8,50.7,30.0,41.0,29.7,34.2,44.0,46.0,25.0,0.0,0.0,0.0,6.0,6.0,4.0,0.0,32.0,32.0,32.0,40.0,41.0,37.0,41.0,41.0,40.0,44.98,42.3,45.05,48.0,500.0,5.0,0.0,0.0,0.0
15.8,184.0,0.26,0.26,0.26,13.6,11.3,11.1,16.24,-13.0,0.13,0.26,210.8,8.3,169.0,1.0,1.0,1290.0,699.0,1479.0,1.0,1478.0,15.9,134.0,887.0,31.9,34.5,0.0,3.1,2067.6,0.0,16.83,20.5,44.1,42.5,43.9,43.8,43.5,42.7,40.8,38.7,50.8,51.0,30.0,41.0,29.7,34.2,48.0,52.0,25.0,0.0,0.0,0.0,6.0,6.0,4.0,0.0,32.0,32.0,32.0,40.0,41.0,37.0,41.0,41.0,40.0,44.98,42.3,45.06,49.0,480.0,5.0,0.0,0.0,0.0
15.82,112.0,0.26,0.26,0.26,11.4,11.5,13.4,16.13,0.9,0.14,0.18,211.0,8.0,162.0,1.0,1.0,1221.0,699.0,1385.0,0.0,1378.0,15.8,122.4,848.0,33.0,34.8,0.0,3.2,2067.6,0.0,16.83,20.5,43.7,42.2,43.5,43.4,43.1,42.3,40.8,38.4,50.8,51.0,31.0,41.0,29.7,34.2,48.0,51.0,25.0,0.0,0.0,0.0,6.0,6.0,4.0,0.0,32.0,32.0,32.0,40.0,41.0,38.0,41.0,41.0,40.0,44.98,42.3,45.06,48.0,490.0,5.0,0.0,0.0,0.0
15.98,80.0,0.26,0.26,0.26,11.6,11.1,13.7,16.25,14.4,0.14,0.18,211.3,7.5,160.0,1.0,1.0,1296.0,698.0,1484.0,1.0,1490.0,15.9,134.6,898.0,31.2,34.0,0.0,3.1,2067.6,0.0,16.83,19.8,46.4,44.7,46.3,46.1,45.8,45.1,42.9,40.4,51.2,51.2,30.0,41.0,29.5,34.4,52.0,57.0,25.0,0.0,0.0,0.0,6.0,6.0,4.0,0.0,32.0,32.0,32.0,40.0,41.0,38.0,41.0,41.0,40.0,44.98,42.3,45.05,49.0,500.0,5.0,0.0,0.0,0.0
15.85,96.0,0.26,0.26,0.27,11.1,12.4,12.2,16.13,15.1,0.16,0.14,211.6,8.7,162.0,1.0,1.0,1212.0,698.0,1378.0,0.0,1396.0,15.9,123.4,837.0,32.5,35.0,0.0,3.2,2067.6,0.0,16.83,19.9,45.7,44.0,45.6,45.3,45.0,44.3,42.7,40.0,51.1,50.6,30.0,41.0,29.5,34.4,47.0,49.0,25.0,0.0,0.0,0.0,6.0,6.0,4.0,0.0,32.0,32.0,32.0,40.0,40.0,38.0,41.0,41.0,40.0,44.98,42.3,45.06,48.0,500.0,5.0,0.0,0.0,0.0
15.58,312.0,0.26,0.26,0.26,12.2,11.1,12.8,15.77,-18.4,0.11,0.18,210.5,6.5,175.0,1.0,1.0,1116.0,698.0,1251.0,1.0,1264.0,15.5,111.4,772.0,31.1,33.7,0.0,3.1,2067.6,0.0,16.83,20.4,44.7,43.1,44.5,44.4,44.1,43.2,41.2,38.9,50.9,50.8,30.0,41.0,29.7,34.3,48.0,51.0,25.0,0.0,0.0,0.0,6.0,6.0,4.0,0.0,32.0,32.0,32.0,40.0,41.0,38.0,41.0,41.0,40.0,44.98,42.3,45.06,48.0,500.0,5.0,0.0,0.0,0.0
15.13,80.0,0.26,0.26,0.26,12.4,11.0,12.3,15.32,-9.6,0.19,0.2,27.2,8.1,176.0,1.0,1.0,1010.0,698.0,1110.0,1.0,1116.0,15.0,103.2,707.0,30.8,32.8,0.0,3.1,1500.0,0.0,15.98,20.3,45.1,43.5,44.9,44.8,44.5,43.7,41.4,39.2,50.9,50.7,30.0,41.0,29.7,34.4,45.0,48.0,25.0,0.0,0.0,0.0,6.0,6.0,4.0,2.0,32.0,32.0,32.0,40.0,41.0,38.0,41.0,41.0,40.0,44.98,42.3,45.05,49.0,500.0,5.0,0.0,0.0,0.0
14.83,80.0,0.26,0.26,0.26,12.4,11.0,12.4,15.06,-26.1,0.16,0.23,27.0,7.7,177.0,1.0,1.0,970.0,698.0,1063.0,0.0,1070.0,14.9,100.2,688.0,31.0,33.3,0.0,3.1,1500.0,0.0,15.98,20.4,44.9,43.3,44.7,44.6,44.3,43.8,41.2,38.9,50.9,50.7,30.0,41.0,29.7,34.4,46.0,49.0,25.0,0.0,0.0,0.0,6.0,6.0,4.0,2.0,32.0,32.0,32.0,40.0,41.0,38.0,41.0,41.0,40.0,44.98,42.3,45.06,49.0,500.0,5.0,0.0,0.0,0.0
14.93,352.0,0.26,0.26,0.27,11.1,11.8,11.8,15.13,-14.0,0.15,0.19,211.1,8.2,176.0,1.0,1.0,970.0,698.0,1061.0,0.0,1079.0,15.0,100.4,684.0,30.0,32.2,0.0,3.1,2067.6,0.0,16.83,20.3,45.3,43.7,45.1,45.0,44.8,43.9,41.9,39.4,51.0,50.4,29.0,41.0,29.7,34.4,44.0,47.0,25.0,0.0,0.0,0.0,6.0,6.0,4.0,0.0,32.0,32.0,32.0,40.0,41.0,38.0,41.0,41.0,40.0,44.98,42.3,45.06,49.0,500.0,4.9,0.0,0.0,0.0
15.51,8.0,0.26,0.26,0.26,10.9,11.8,12.9,15.75,-13.6,0.14,0.15,210.5,7.8,175.0,1.0,1.0,1067.0,699.0,1190.0,0.0,1193.0,15.4,109.6,741.0,30.8,33.8,0.0,3.1,2067.6,0.0,16.83,20.4,44.7,43.2,44.5,44.4,44.1,43.3,41.2,38.9,50.9,50.8,30.0,41.0,29.7,34.3,48.0,51.0,25.0,0.0,0.0,0.0,6.0,6.0,4.0,0.0,32.0,32.0,32.0,40.0,41.0,38.0,41.0,41.0,40.0,44.98,42.3,45.06,49.0,500.0,5.0,0.0,0.0,0.0
14.88,8.0,0.26,0.26,0.26,10.8,11.6,12.9,15.06,-22.1,0.14,0.14,27.1,9.9,178.0,1.0,1.0,956.0,698.0,1045.0,-1.0,1047.0,14.8,100.0,679.0,30.9,33.4,0.0,3.1,1500.0,0.0,15.98,20.4,45.0,43.3,44.8,44.7,44.4,43.9,41.3,39.0,50.9,50.6,29.0,41.0,29.7,34.4,46.0,48.0,25.0,0.0,0.0,0.0,6.0,6.0,4.0,2.0,32.0,32.0,32.0,40.0,41.0,38.0,41.0,41.0,40.0,44.98,42.3,45.06,48.0,490.0,5.0,0.0,0.0,0.0
13.77,232.0,0.26,0.26,0.26,10.7,11.5,12.3,14.02,0.4,0.16,0.11,211.7,6.0,172.0,1.0,1.0,806.0,697.0,838.0,0.0,852.0,13.7,87.0,587.0,29.2,30.9,0.0,3.0,2067.6,0.0,16.83,20.2,45.6,44.0,45.4,45.3,45.1,44.3,42.3,39.9,51.0,50.9,30.0,41.0,29.7,34.4,41.0,43.0,25.0,0.0,0.0,0.0,6.0,6.0,4.0,0.0,32.0,32.0,32.0,40.0,41.0,38.0,41.0,41.0,40.0,44.97,42.3,45.05,49.0,500.0,5.0,0.0,0.0,0.0
15.52,312.0,0.26,0.26,0.26,12.4,11.1,13.0,15.83,8.3,0.09,0.17,211.1,6.2,163.0,1.0,1.0,1082.0,698.0,1215.0,1.0,1214.0,15.6,110.5,755.0,32.7,34.9,0.0,3.2,2067.6,0.0,16.83,19.9,45.6,44.0,45.5,45.3,45.0,44.2,42.7,40.1,51.1,50.7,29.0,41.0,29.5,34.4,46.0,48.0,25.0,0.0,0.0,0.0,6.0,6.0,4.0,0.0,32.0,32.0,32.0,40.0,41.0,38.0,41.0,41.0,40.0,44.98,42.3,45.06,50.0,500.0,5.0,0.0,0.0,0.0
13.05,304.0,0.26,0.26,0.26,10.7,11.6,12.0,13.29,14.2,0.14,0.24,211.6,6.1,167.0,1.0,1.0,717.0,697.0,719.0,0.0,721.0,13.1,77.8,530.0,29.1,30.9,0.0,3.1,2067.6,0.0,16.83,20.2,45.6,44.0,45.4,45.3,45.0,44.3,42.4,39.8,51.0,50.7,30.0,41.0,29.7,34.4,40.0,43.0,25.0,0.0,0.0,0.0,6.0,6.0,4.0,0.0,32.0,32.0,32.0,40.0,41.0,38.0,41.0,41.0,40.0,44.97,42.31,45.06,48.0,500.0,5.0,0.0,0.0,0.0
16.0,8.0,0.26,0.26,0.26,13.5,11.1,11.7,16.27,10.6,0.09,0.25,211.9,8.5,161.0,1.0,1.0,1358.0,699.0,1563.0,1.0,1569.0,16.0,143.4,937.0,31.3,33.9,0.0,3.1,2067.6,0.0,16.83,19.9,46.3,44.7,46.2,46.0,45.8,45.1,42.9,40.3,51.2,51.2,30.0,41.0,29.5,34.4,53.0,58.0,25.0,0.0,0.0,0.0,6.0,6.0,4.0,0.0,32.0,32.0,32.0,40.0,41.0,38.0,41.0,41.0,40.0,44.98,42.3,45.05,48.0,500.0,5.0,0.0,0.0,0.0
14.74,80.0,0.26,0.26,0.26,12.7,11.3,11.0,14.96,-23.8,0.13,0.25,27.0,7.2,178.0,1.0,1.0,948.0,698.0,1034.0,1.0,1038.0,14.8,96.7,672.0,31.3,33.0,0.0,3.1,1500.0,0.0,15.98,20.4,44.9,43.3,44.8,44.6,44.3,44.0,41.3,38.9,50.9,50.7,30.0,41.0,29.7,34.4,46.0,49.0,25.0,0.0,0.0,0.0,6.0,6.0,4.0,2.0,32.0,32.0,32.0,40.0,40.0,37.0,41.0,41.0,40.0,44.98,42.31,45.06,48.0,500.0,5.0,0.0,0.0,0.0
16.36,224.0,0.26,0.26,0.26,14.2,11.1,11.7,16.63,10.9,0.14,0.25,211.6,7.9,161.0,1.0,1.0,1521.0,700.0,1781.0,0.0,1776.0,16.3,162.1,1042.0,32.0,33.8,0.0,3.1,2067.6,0.0,16.83,19.9,46.1,44.5,46.0,45.8,45.6,44.8,42.8,40.3,51.2,51.0,30.0,41.0,29.5,34.4,51.0,56.0,25.0,0.0,0.0,0.0,6.0,6.0,4.0,0.0,32.0,32.0,32.0,40.0,41.0,38.0,41.0,41.0,40.0,44.98,42.3,45.06,49.0,500.0,5.0,0.0,0.0,0.0
15.67,240.0,0.26,0.26,0.26,11.6,11.3,13.1,15.97,-19.3,0.17,0.2,210.6,7.9,174.0,1.0,1.0,1158.0,699.0,1304.0,0.0,1305.0,15.5,118.5,805.0,31.6,33.7,0.0,3.1,2067.6,0.0,16.83,20.5,44.6,43.0,44.4,44.3,44.0,43.1,41.1,38.8,50.8,50.9,30.0,41.0,29.7,34.3,48.0,51.0,25.0,0.0,0.0,0.0,6.0,6.0,4.0,0.0,32.0,32.0,32.0,40.0,41.0,38.0,41.0,41.0,40.0,44.98,42.3,45.06,48.0,500.0,5.0,0.0,0.0,0.0
13.43,176.0,0.26,0.26,0.26,12.1,11.0,11.1,13.72,-10.2,0.16,0.25,211.8,5.6,172.0,1.0,1.0,772.0,697.0,793.0,1.0,793.0,13.4,82.1,563.0,28.8,31.5,0.0,3.0,2067.6,0.0,16.83,20.2,45.6,44.0,45.5,45.3,45.0,44.3,42.2,39.7,51.0,50.8,30.0,41.0,29.7,34.4,41.0,44.0,25.0,0.0,0.0,0.0,6.0,6.0,4.0,0.0,32.0,32.0,32.0,40.0,41.0,38.0,41.0,41.0,40.0,44.98,42.3,45.06,49.0,500.0,5.0,0.0,0.0,0.0
14.84,344.0,0.26,0.26,0.26,10.9,11.4,12.7,15.01,1.9,0.14,0.19,210.9,8.4,154.0,1.0,1.0,954.0,698.0,1041.0,0.0,1040.0,14.9,96.5,677.0,32.8,33.9,0.0,3.2,2067.6,0.0,16.83,20.5,43.5,41.8,43.3,43.2,42.9,42.2,40.7,38.4,50.8,50.7,30.0,41.0,29.7,34.2,44.0,47.0,25.0,0.0,0.0,0.0,6.0,6.0,4.0,0.0,32.0,32.0,32.0,40.0,41.0,37.0,41.0,41.0,40.0,44.98,42.3,45.06,48.0,490.0,5.0,0.0,0.0,0.0
14.69,352.0,0.26,0.26,0.26,11.0,11.4,12.7,14.92,-16.1,0.11,0.13,210.4,7.6,176.0,1.0,1.0,944.0,698.0,1027.0,0.0,1023.0,14.6,96.5,673.0,30.4,32.4,0.0,3.1,2067.6,0.0,16.83,20.3,45.2,43.6,45.0,44.9,44.7,43.9,41.6,39.4,50.9,50.5,30.0,41.0,29.7,34.4,45.0,48.0,25.0,0.0,0.0,0.0,6.0,6.0,4.0,0.0,32.0,32.0,32.0,40.0,41.0,38.0,41.0,41.0,40.0,44.98,42.3,45.05,49.0,490.0,5.0,0.0,0.0,0.0
15.28,280.0,0.26,0.26,0.26,13.2,11.3,11.1,15.52,-9.6,0.26,0.14,211.3,6.4,175.0,1.0,1.0,1040.0,698.0,1156.0,1.0,1162.0,15.3,107.6,725.0,30.4,32.9,0.0,3.1,2067.6,0.0,16.83,20.3,45.1,43.5,45.0,44.8,44.5,43.8,41.4,39.2,50.9,50.6,30.0,41.0,29.7,34.4,46.0,48.0,25.0,0.0,0.0,0.0,6.0,6.0,4.0,0.0,32.0,32.0,32.0,40.0,41.0,37.0,41.0,41.0,40.0,44.98,42.3,45.05,49.0,490.0,5.0,0.0,0.0,0.0
15.19,8.0,0.26,0.26,0.27,10.9,12.2,12.3,15.42,-2.7,0.09,0.18,27.0,6.4,176.0,1.0,1.0,1016.0,698.0,1121.0,1.0,1130.0,15.2,101.4,708.0,30.7,33.0,0.0,3.1,1500.0,0.0,15.98,20.3,45.1,43.5,44.9,44.8,44.5,43.7,41.4,39.2,50.9,50.7,30.0,41.0,29.7,34.4,45.0,48.0,25.0,0.0,0.0,0.0,6.0,6.0,4.0,2.0,32.0,32.0,32.0,40.0,40.0,38.0,41.0,41.0,40.0,44.98,42.3,45.05,48.0,500.0,5.0,0.0,0.0,0.0
15.21,112.0,0.26,0.26,0.26,12.8,11.2,11.1,15.41,-5.2,0.05,0.18,211.2,7.4,157.0,1.0,1.0,1016.0,698.0,1125.0,1.0,1144.0,15.3,103.1,708.0,32.9,34.2,0.1,3.2,2067.6,0.0,16.83,20.5,43.5,41.9,43.4,43.2,42.9,42.2,40.7,38.4,50.8,50.8,30.0,41.0,29.7,34.2,45.0,47.0,25.0,0.0,0.0,0.0,6.0,6.0,4.0,0.0,32.0,32.0,32.0,40.0,41.0,37.0,41.0,41.0,40.0,44.98,42.3,45.06,48.0,490.0,4.9,0.0,0.0,0.0
14.87,312.0,0.26,0.26,0.26,11.8,11.1,12.5,15.21,2.8,0.13,0.18,211.5,6.3,163.0,1.0,1.0,967.0,698.0,1058.0,1.0,1057.0,14.8,99.1,686.0,33.4,34.5,0.1,3.2,2067.6,0.0,16.83,20.0,45.6,44.0,45.4,45.2,44.9,44.1,42.7,40.2,51.1,50.8,30.0,41.0,29.5,34.4,44.0,46.0,25.0,0.0,0.0,0.0,6.0,6.0,4.0,0.0,32.0,32.0,32.0,40.0,41.0,38.0,41.0,41.0,40.0,44.98,42.3,45.06,48.0,500.0,5.0,0.0,0.0,0.0
15.26,80.0,0.26,0.26,0.26,12.9,11.3,11.1,15.62,-0.4,0.14,0.25,210.9,6.5,175.0,1.0,1.0,1048.0,698.0,1160.0,1.0,1166.0,15.4,104.8,726.0,30.7,32.8,0.0,3.1,1500.0,0.0,15.98,20.3,45.1,43.5,45.0,44.8,44.5,43.8,41.4,39.2,50.9,50.6,30.0,41.0,29.7,34.4,45.0,48.0,25.0,0.0,0.0,0.0,6.0,6.0,4.0,0.0,32.0,32.0,32.0,40.0,41.0,38.0,41.0,41.0,40.0,44.98,42.3,45.06,49.0,490.0,5.0,0.0,0.0,0.0
14.85,208.0,0.26,0.26,0.26,12.9,11.1,11.1,15.11,-10.2,0.15,0.15,211.0,8.8,175.0,1.0,1.0,967.0,697.0,1061.0,0.0,1053.0,14.8,99.9,683.0,30.0,32.6,0.0,3.1,2067.6,0.0,16.83,20.3,45.3,43.7,45.1,45.0,44.8,43.9,41.9,39.4,51.0,50.4,30.0,41.0,29.7,34.4,44.0,47.0,25.0,0.0,0.0,0.0,6.0,6.0,4.0,0.0,32.0,32.0,32.0,40.0,40.0,38.0,41.0,41.0,40.0,44.98,42.3,45.06,48.0,500.0,5.0,0.0,0.0,0.0
15.22,168.0,0.26,0.26,0.26,11.5,11.9,11.4,15.42,8.0,0.14,0.18,211.5,8.1,163.0,1.0,1.0,1015.0,698.0,1124.0,-1.0,1146.0,15.3,103.6,709.0,33.5,34.6,0.1,3.2,2067.6,0.0,16.83,19.9,45.6,43.9,45.4,45.2,45.0,44.2,42.6,40.2,51.2,50.7,30.0,41.0,29.5,34.4,46.0,48.0,25.0,0.0,0.0,0.0,6.0,6.0,4.0,0.0,32.0,32.0,32.0,40.0,41.0,38.0,41.0,41.0,40.0,44.98,42.3,45.06,49.0,490.0,5.0,0.0,0.0,0.0
14.87,240.0,0.26,0.26,0.27,11.6,11.8,11.5,15.07,-1.9,0.14,0.19,211.7,8.1,164.0,1.0,1.0,968.0,698.0,1057.0,1.0,1064.0,14.8,98.7,682.0,33.7,34.2,0.0,3.2,2067.6,0.0,16.83,20.0,45.6,43.9,45.4,45.2,45.0,44.1,42.6,40.2,51.1,50.8,30.0,41.0,29.5,34.4,45.0,47.0,25.0,0.0,0.0,0.0,6.0,6.0,4.0,0.0,32.0,32.0,32.0,40.0,41.0,37.0,41.0,41.0,40.0,44.98,42.3,45.06,49.0,490.0,5.0,0.0,0.0,0.0
13.63,48.0,0.26,0.26,0.27,11.3,11.3,11.4,13.91,-1.6,0.14,0.23,211.8,6.9,174.0,1.0,1.0,794.0,697.0,828.0,1.0,832.0,13.6,86.4,581.0,29.5,31.6,0.0,3.1,2067.6,0.0,16.83,20.2,45.5,43.9,45.4,45.2,45.0,44.2,42.1,39.7,51.0,50.7,30.0,41.0,29.7,34.4,42.0,45.0,25.0,0.0,0.0,0.0,6.0,6.0,4.0,0.0,32.0,32.0,32.0,40.0,41.0,38.0,41.0,41.0,40.0,44.98,42.31,45.05,49.0,500.0,5.0,0.0,0.0,0.0
14.75,296.0,0.26,0.26,0.26,12.3,11.0,12.4,14.91,-22.9,0.11,0.17,27.4,9.1,178.0,1.0,1.0,948.0,698.0,1035.0,1.0,1040.0,14.8,99.0,675.0,30.7,33.3,0.0,3.1,1500.0,0.0,15.98,20.4,44.9,43.3,44.8,44.6,44.3,44.0,41.3,38.9,50.9,50.7,30.0,41.0,29.7,34.4,46.0,49.0,25.0,0.0,0.0,0.0,6.0,6.0,4.0,2.0,32.0,32.0,32.0,40.0,41.0,38.0,41.0,41.0,40.0,44.98,42.31,45.06,48.0,500.0,5.0,0.0,0.0,0.0
14.92,328.0,0.26,0.26,0.26,11.3,11.8,11.3,15.13,6.2,0.17,0.2,211.6,8.0,164.0,1.0,1.0,971.0,699.0,1062.0,0.0,1068.0,14.8,99.4,685.0,33.4,34.7,0.0,3.2,2067.6,0.0,16.83,19.9,45.6,43.9,45.4,45.2,45.0,44.2,42.7,40.2,51.2,50.7,30.0,41.0,29.5,34.4,46.0,48.0,25.0,0.0,0.0,0.0,6.0,6.0,4.0,0.0,32.0,32.0,32.0,40.0,41.0,38.0,41.0,41.0,40.0,44.98,42.31,45.05,49.0,500.0,5.0,0.0,0.0,0.0
15.72,152.0,0.26,0.26,0.26,11.1,11.5,13.1,16.03,-14.8,0.21,0.19,210.9,8.6,171.0,1.0,1.0,1154.0,699.0,1300.0,1.0,1311.0,15.7,114.5,799.0,31.3,34.2,0.0,3.1,2067.6,0.0,16.83,20.4,44.4,42.9,44.3,44.2,43.8,43.0,40.9,38.8,50.8,50.9,30.0,41.0,29.7,34.3,49.0,52.0,25.0,0.0,0.0,0.0,6.0,6.0,4.0,0.0,32.0,32.0,32.0,40.0,41.0,37.0,41.0,41.0,40.0,44.98,42.3,45.06,49.0,500.0,5.0,0.0,0.0,0.0
15.74,328.0,0.26,0.26,0.26,13.7,11.2,11.1,15.98,-0.7,0.12,0.22,210.8,7.4,162.0,1.0,1.0,1212.0,699.0,1378.0,0.0,1380.0,15.7,126.3,835.0,32.5,34.6,0.0,3.2,2067.6,0.0,16.83,20.5,43.8,42.3,43.6,43.5,43.3,42.6,40.9,38.4,50.8,51.1,30.0,41.0,29.7,34.2,49.0,52.0,25.0,0.0,0.0,0.0,6.0,6.0,4.0,0.0,32.0,32.0,32.0,40.0,40.0,37.0,41.0,41.0,40.0,44.98,42.3,45.05,48.0,500.0,5.0,0.0,0.0,0.0
14.98,8.0,0.26,0.26,0.26,12.9,11.1,11.1,15.21,-25.6,0.24,0.25,210.8,8.4,177.0,1.0,1.0,992.0,699.0,1092.0,1.0,1103.0,15.0,100.9,698.0,30.8,33.5,0.0,3.1,1967.6,0.0,15.98,20.4,44.9,43.2,44.7,44.6,44.3,43.6,41.2,39.0,50.9,50.7,30.0,41.0,29.7,34.3,47.0,50.0,25.0,0.0,0.0,0.0,6.0,6.0,4.0,0.0,32.0,32.0,32.0,40.0,41.0,38.0,41.0,41.0,40.0,44.98,42.3,45.06,48.0,490.0,5.0,0.0,0.0,0.0
12.71,304.0,0.26,0.26,0.26,10.8,11.4,11.9,13.0,2.8,0.17,0.12,211.7,6.4,168.0,1.0,1.0,681.0,696.0,662.0,1.0,664.0,12.6,73.0,502.0,29.9,30.6,0.0,3.1,2067.6,0.0,16.83,20.1,45.6,44.0,45.5,45.3,45.0,44.0,42.4,40.1,51.0,50.6,29.0,41.0,29.7,34.4,40.0,43.0,25.0,0.0,0.0,0.0,6.0,6.0,4.0,0.0,32.0,32.0,32.0,40.0,41.0,38.0,41.0,41.0,40.0,44.98,42.3,45.06,48.0,490.0,5.0,0.0,0.0,0.0
14.35,272.0,0.26,0.26,0.26,10.7,11.4,12.2,14.62,-5.7,0.13,0.15,211.5,7.6,152.0,1.0,1.0,883.0,698.0,943.0,1.0,947.0,14.4,92.0,633.0,32.5,33.8,0.0,3.2,1500.0,0.0,15.98,20.5,43.5,41.8,43.2,43.1,42.9,42.2,40.7,38.3,50.8,50.7,30.0,41.0,29.7,34.2,44.0,46.0,25.0,0.0,0.0,0.0,6.0,6.0,4.0,0.0,32.0,32.0,32.0,40.0,41.0,37.0,41.0,41.0,40.0,44.98,42.3,45.05,49.0,490.0,5.0,0.0,0.0,0.0
16.01,328.0,0.26,0.26,0.27,11.3,12.1,12.0,16.18,-7.5,0.17,0.12,210.9,8.0,168.0,1.0,1.0,1259.0,699.0,1441.0,-2.0,1442.0,15.9,130.8,865.0,32.0,34.0,0.0,3.2,2067.6,0.0,16.83,20.5,44.1,42.5,44.0,43.9,43.5,42.8,40.8,38.7,50.8,51.0,29.0,41.0,29.7,34.2,48.0,52.0,25.0,0.0,0.0,0.0,6.0,6.0,4.0,0.0,32.0,32.0,32.0,40.0,41.0,37.0,41.0,41.0,40.0,44.98,42.3,45.06,49.0,490.0,5.0,0.0,0.0,0.0
15.96,312.0,0.26,0.26,0.27,11.0,12.4,12.8,16.23,10.5,0.13,0.18,211.4,8.3,162.0,1.0,1.0,1265.0,699.0,1444.0,-1.0,1460.0,16.0,130.3,870.0,32.2,34.9,0.0,3.1,2067.6,0.0,16.83,19.9,45.7,44.0,45.6,45.4,45.1,44.3,42.7,40.1,51.1,50.7,30.0,41.0,29.5,34.4,47.0,49.0,25.0,0.0,0.0,0.0,6.0,6.0,4.0,0.0,32.0,32.0,32.0,40.0,41.0,37.0,41.0,41.0,40.0,44.98,42.3,45.06,48.0,490.0,5.0,0.0,0.0,0.0
14.7,352.0,0.26,0.26,0.26,12.8,11.1,11.0,14.91,-14.7,0.12,0.25,210.7,8.0,177.0,1.0,1.0,938.0,698.0,1020.0,-1.0,1024.0,14.7,97.2,665.0,30.3,32.4,0.0,3.1,2067.6,0.0,16.83,20.3,45.2,43.7,45.1,45.0,44.7,44.0,41.8,39.4,50.9,50.5,30.0,41.0,29.7,34.4,45.0,47.0,25.0,0.0,0.0,0.0,6.0,6.0,4.0,0.0,32.0,32.0,32.0,40.0,41.0,38.0,41.0,41.0,40.0,44.98,42.3,45.06,48.0,500.0,4.9,0.0,0.0,0.0
14.57,280.0,0.26,0.26,0.26,10.8,11.8,12.2,14.91,-13.8,0.17,0.23,210.9,7.4,176.0,1.0,1.0,921.0,698.0,994.0,1.0,1004.0,14.5,94.2,654.0,30.2,32.4,0.0,3.1,2067.6,0.0,16.83,20.3,45.2,43.7,45.1,45.0,44.7,44.0,41.7,39.4,50.9,50.5,29.0,41.0,29.7,34.4,45.0,47.0,25.0,0.0,0.0,0.0,6.0,6.0,4.0,0.0,32.0,32.0,32.0,40.0,41.0,38.0,41.0,41.0,40.0,44.98,42.3,45.06,49.0,500.0,5.0,0.0,0.0,0.0
14.4,200.0,0.26,0.26,0.26,12.0,11.1,11.3,14.72,1.3,0.2,0.16,210.9,7.6,154.0,1.0,1.0,898.0,698.0,967.0,1.0,975.0,14.4,93.0,643.0,32.8,33.6,0.0,3.2,2067.6,0.0,16.83,20.5,43.5,41.8,43.2,43.1,42.9,42.3,40.8,38.3,50.8,50.7,29.0,41.0,29.7,34.2,44.0,46.0,25.0,0.0,0.0,0.0,6.0,6.0,4.0,0.0,32.0,32.0,32.0,40.0,41.0,38.0,41.0,41.0,40.0,44.98,42.3,45.05,48.0,500.0,5.0,0.0,0.0,0.0
14.76,208.0,0.26,0.26,0.26,10.8,11.9,12.2,15.03,-15.6,0.14,0.15,210.9,7.6,176.0,1.0,1.0,948.0,698.0,1035.0,0.0,1046.0,14.8,98.9,673.0,30.3,32.6,0.0,3.1,2067.6,0.0,16.83,20.3,45.2,43.6,45.0,44.9,44.6,43.9,41.6,39.4,50.9,50.5,30.0,41.0,29.7,34.4,45.0,48.0,25.0,0.0,0.0,0.0,6.0,6.0,4.0,0.0,32.0,32.0,32.0,40.0,41.0,38.0,41.0,41.0,40.0,44.98,42.3,45.05,48.0,490.0,5.0,0.0,0.0,0.0
13.2,328.0,0.26,0.26,0.26,12.2,10.9,10.9,13.45,16.4,0.14,0.18,211.8,5.7,162.0,1.0,1.0,732.0,698.0,741.0,1.0,743.0,13.3,76.7,536.0,33.0,33.8,0.1,3.2,2067.6,0.0,16.83,20.0,45.5,44.0,45.4,45.2,45.0,44.0,42.7,40.1,51.1,51.1,30.0,41.0,29.5,34.4,43.0,45.0,25.0,0.0,0.0,0.0,6.0,6.0,4.0,0.0,32.0,32.0,32.0,40.0,41.0,38.0,41.0,41.0,40.0,44.98,42.3,45.06,49.0,500.0,5.0,0.0,0.0,0.0
15.69,240.0,0.26,0.26,0.27,11.3,12.1,11.7,15.88,3.1,0.14,0.21,211.1,8.3,164.0,1.0,1.0,1116.0,698.0,1256.0,1.0,1261.0,15.7,112.3,770.0,32.9,34.6,0.0,3.2,2067.6,0.0,16.83,19.9,45.7,44.0,45.5,45.3,45.0,44.3,42.7,40.1,51.1,50.7,30.0,41.0,29.5,34.4,46.0,48.0,25.0,0.0,0.0,0.0,6.0,6.0,4.0,0.0,32.0,32.0,32.0,40.0,41.0,38.0,41.0,41.0,40.0,44.98,42.3,45.05,48.0,500.0,5.0,0.0,0.0,0.0
15.69,312.0,0.26,0.26,0.26,11.3,12.0,12.4,16.02,-6.2,0.21,0.17,211.0,7.9,163.0,1.0,1.0,1154.0,699.0,1303.0,0.0,1324.0,15.8,120.0,796.0,32.1,34.7,0.0,3.2,2067.6,0.0,16.83,20.5,43.9,42.3,43.6,43.6,43.3,42.5,40.9,38.5,50.8,51.0,30.0,41.0,29.7,34.2,49.0,52.0,25.0,0.0,0.0,0.0,6.0,6.0,4.0,0.0,32.0,32.0,32.0,40.0,40.0,37.0,41.0,41.0,40.0,44.98,42.3,45.06,49.0,500.0,5.0,0.0,0.0,0.0
15.98,96.0,0.26,0.26,0.26,11.4,11.3,13.7,16.22,10.2,0.13,0.23,211.3,7.7,162.0,1.0,1.0,1295.0,699.0,1478.0,0.0,1485.0,16.0,131.8,894.0,32.3,34.9,0.0,3.1,2067.6,0.0,16.83,19.9,45.7,44.0,45.6,45.4,45.1,44.3,42.7,40.1,51.1,50.7,30.0,41.0,29.5,34.4,48.0,51.0,25.0,0.0,0.0,0.0,6.0,6.0,4.0,0.0,32.0,32.0,32.0,40.0,41.0,38.0,41.0,41.0,40.0,44.98,42.3,45.06,48.0,500.0,5.0,0.0,0.0,0.0
13.76,304.0,0.26,0.26,0.26,12.0,11.1,11.0,14.02,-0.4,0.13,0.17,211.6,5.4,173.0,1.0,1.0,809.0,697.0,851.0,2.0,851.0,13.9,85.1,590.0,29.2,30.9,0.0,3.1,2067.6,0.0,16.83,20.2,45.6,44.0,45.4,45.3,45.1,44.2,42.3,39.9,51.0,50.9,30.0,41.0,29.7,34.4,41.0,43.0,25.0,0.0,0.0,0.0,6.0,6.0,4.0,0.0,32.0,32.0,32.0,40.0,41.0,38.0,41.0,41.0,40.0,44.97,42.3,45.06,48.0,480.0,5.0,0.0,0.0,0.0
14.32,336.0,0.26,0.26,0.26,11.0,11.5,12.5,14.64,1.3,0.08,0.25,212.9,7.5,180.0,1.0,1.0,885.0,698.0,952.0,1.0,958.0,14.4,93.4,640.0,30.2,31.8,0.0,3.1,2067.6,0.0,16.83,20.3,45.5,43.9,45.4,45.1,44.8,44.0,41.8,39.6,51.0,50.6,30.0,41.0,29.7,34.4,43.0,46.0,25.0,0.0,0.0,0.0,6.0,6.0,4.0,0.0,32.0,32.0,32.0,40.0,41.0,37.0,41.0,41.0,40.0,44.98,42.3,45.06,48.0,490.0,5.0,0.0,0.0,0.0
13.56,264.0,0.26,0.26,0.26,12.3,11.1,11.0,13.8,4.8,0.14,0.15,212.2,6.1,173.0,1.0,1.0,787.0,697.0,810.0,-1.0,808.0,13.5,82.4,571.0,29.5,31.4,0.0,3.1,2067.6,0.0,16.83,20.2,45.5,43.9,45.4,45.3,45.0,44.3,42.0,39.7,51.0,50.8,30.0,41.0,29.7,34.4,42.0,45.0,25.0,0.0,0.0,0.0,6.0,6.0,4.0,0.0,32.0,32.0,32.0,40.0,41.0,38.0,41.0,41.0,40.0,44.98,42.3,45.06,48.0,480.0,5.0,0.0,0.0,0.0
15.76,112.0,0.26,0.26,0.27,11.1,12.0,12.5,15.98,2.1,0.1,0.18,210.9,7.4,161.0,1.0,1.0,1160.0,699.0,1316.0,0.0,1334.0,15.8,122.1,804.0,33.1,34.6,0.1,3.2,2067.6,0.0,16.83,20.5,43.6,42.1,43.5,43.4,43.1,42.2,40.8,38.5,50.8,50.9,29.0,41.0,29.7,34.2,48.0,51.0,25.0,0.0,0.0,0.0,6.0,6.0,4.0,0.0,32.0,32.0,32.0,40.0,41.0,38.0,41.0,41.0,40.0,44.98,42.3,45.06,48.0,490.0,4.9,0.0,0.0,0.0
15.86,168.0,0.26,0.26,0.26,11.6,11.3,13.4,16.21,-7.6,0.13,0.18,210.5,8.6,168.0,1.0,1.0,1257.0,700.0,1431.0,0.0,1445.0,15.8,129.7,870.0,31.9,34.1,0.0,3.1,2067.6,0.0,16.83,20.5,44.3,42.6,44.1,44.0,43.6,42.9,40.9,38.6,50.8,51.0,30.0,41.0,29.7,34.3,49.0,53.0,25.0,0.0,0.0,0.0,6.0,6.0,4.0,0.0,32.0,32.0,32.0,40.0,41.0,38.0,41.0,41.0,40.0,44.98,42.3,45.06,49.0,490.0,5.0,0.0,0.0,0.0
13.49,256.0,0.26,0.26,0.26,10.7,11.7,12.0,13.76,12.0,0.01,0.25,211.3,6.3,162.0,1.0,1.0,759.0,698.0,773.0,1.0,776.0,13.5,80.5,551.0,33.4,33.7,0.1,3.2,2067.6,0.0,16.83,20.0,45.5,44.0,45.4,45.2,45.0,44.0,42.7,40.1,51.1,51.1,30.0,41.0,29.5,34.4,43.0,45.0,25.0,0.0,0.0,0.0,6.0,6.0,4.0,0.0,32.0,32.0,32.0,40.0,41.0,38.0,41.0,41.0,40.0,44.98,42.3,45.05,48.0,500.0,5.0,0.0,0.0,0.0
15.73,40.0,0.26,0.26,0.26,12.4,11.1,12.9,15.98,-5.2,0.09,0.18,210.8,7.3,163.0,1.0,1.0,1205.0,700.0,1365.0,1.0,1348.0,15.6,124.1,835.0,32.1,34.9,0.0,3.1,2067.6,0.0,16.83,20.5,43.8,42.3,43.6,43.6,43.3,42.5,40.9,38.4,50.8,51.0,30.0,41.0,29.7,34.2,49.0,52.0,25.0,0.0,0.0,0.0,6.0,6.0,4.0,0.0,32.0,32.0,32.0,40.0,41.0,38.0,41.0,41.0,40.0,44.98,42.3,45.06,49.0,490.0,5.0,0.0,0.0,0.0
14.62,312.0,0.26,0.26,0.26,10.7,11.8,12.7,14.82,5.8,0.06,0.12,211.5,6.5,162.0,1.0,1.0,915.0,698.0,985.0,0.0,988.0,14.5,95.7,650.0,33.0,34.4,0.1,3.2,2067.6,0.0,16.83,20.0,45.6,44.0,45.4,45.2,44.9,44.0,42.6,40.2,51.1,50.9,30.0,41.0,29.5,34.4,44.0,46.0,25.0,0.0,0.0,0.0,6.0,6.0,4.0,0.0,32.0,32.0,32.0,40.0,41.0,38.0,41.0,41.0,40.0,44.98,42.3,45.05,48.0,500.0,5.0,0.0,0.0,0.0
13.15,16.0,0.26,0.26,0.26,11.9,10.9,10.9,13.39,14.5,0.16,0.18,211.4,6.5,168.0,1.0,1.0,738.0,697.0,744.0,-1.0,750.0,13.1,78.2,541.0,29.3,30.7,0.0,3.0,2067.6,0.0,16.83,20.2,45.6,44.0,45.4,45.3,45.0,44.3,42.3,39.8,51.0,50.7,30.0,41.0,29.7,34.4,40.0,43.0,25.0,0.0,0.0,0.0,6.0,6.0,4.0,0.0,32.0,32.0,32.0,40.0,41.0,38.0,41.0,41.0,40.0,44.98,42.3,45.06,48.0,490.0,4.9,0.0,0.0,0.0
14.32,128.0,0.26,0.26,0.27,11.6,11.1,11.6,14.51,-6.9,0.17,0.2,211.9,8.0,152.0,1.0,1.0,877.0,698.0,939.0,-1.0,942.0,14.3,90.6,630.0,32.3,33.6,0.0,3.2,1500.0,0.0,15.98,20.5,43.5,41.8,43.2,43.1,42.9,42.2,40.7,38.3,50.8,50.7,30.0,41.0,29.7,34.2,44.0,46.0,25.0,0.0,0.0,0.0,6.0,6.0,4.0,0.0,32.0,32.0,32.0,40.0,41.0,37.0,41.0,41.0,40.0,44.98,42.3,45.06,48.0,480.0,5.0,0.0,0.0,0.0
14.85,192.0,0.26,0.26,0.26,10.8,11.7,12.7,15.11,-26.4,0.18,0.18,27.2,9.3,180.0,1.0,1.0,967.0,698.0,1052.0,1.0,1059.0,14.7,98.2,682.0,29.9,32.1,0.0,3.1,1500.0,0.0,15.98,20.3,45.3,43.8,45.2,45.1,44.8,43.9,41.7,39.6,51.0,50.5,30.0,41.0,29.7,34.4,44.0,47.0,25.0,0.0,0.0,0.0,6.0,6.0,4.0,2.0,32.0,32.0,32.0,40.0,41.0,38.0,41.0,41.0,40.0,44.98,42.3,45.06,48.0,490.0,5.0,0.0,0.0,0.0
15.89,256.0,0.26,0.26,0.26,12.7,11.0,12.7,16.24,-1.7,0.06,0.18,210.7,8.7,167.0,1.0,1.0,1293.0,699.0,1486.0,0.0,1479.0,15.8,135.9,896.0,31.5,34.2,0.0,3.1,2067.6,0.0,16.83,20.5,44.2,42.5,44.0,43.9,43.5,42.8,40.8,38.7,50.8,50.9,30.0,41.0,29.7,34.3,48.0,52.0,25.0,0.0,0.0,0.0,6.0,6.0,4.0,0.0,32.0,32.0,32.0,40.0,41.0,38.0,41.0,41.0,40.0,44.98,42.3,45.06,48.0,500.0,5.0,0.0,0.0,0.0
15.05,152.0,0.26,0.26,0.26,13.0,11.1,11.1,15.31,-17.9,0.19,0.17,210.9,9.1,176.0,1.0,1.0,1010.0,698.0,1120.0,1.0,1123.0,15.0,105.1,709.0,30.9,33.7,0.0,3.1,2067.6,0.0,16.83,20.4,44.8,43.2,44.6,44.5,44.2,43.5,41.2,39.0,50.9,50.8,30.0,41.0,29.7,34.3,47.0,50.0,25.0,0.0,0.0,0.0,6.0,6.0,4.0,0.0,32.0,32.0,32.0,40.0,41.0,38.0,41.0,41.0,40.0,44.98,42.3,45.06,48.0,500.0,5.0,0.0,0.0,0.0
0.0,0.0,0.0,0.0,0.0,0.0,0.0,0.0,0.0,0.0,0.0,0.0,0.0,0.0,0.0,0.0,0.0,0.0,0.0,1531.0,0.0,0.0,0.0,0.0,0.0,0.0,0.0,0.0,0.0,0.0,0.0,0.0,0.0,0.0,0.0,0.0,0.0,0.0,0.0,0.0,0.0,0.0,0.0,0.0,0.0,0.0,0.0,0.0,0.0,0.0,0.0,0.0,0.0,0.0,0.0,0.0,0.0,0.0,0.0,0.0,0.0,0.0,0.0,0.0,0.0,0.0,0.0,0.0,0.0,0.0,0.0,0.0,0.0,0.0,0.0
15.68,328.0,0.26,0.26,0.26,13.5,11.4,11.2,15.93,3.5,0.19,0.18,210.7,8.2,161.0,1.0,1.0,1208.0,699.0,1375.0,1.0,1388.0,15.7,125.0,835.0,33.1,34.4,0.1,3.2,2067.6,0.0,16.83,20.5,43.6,42.1,43.5,43.4,43.0,42.2,40.8,38.5,50.8,50.9,31.0,41.0,29.7,34.2,47.0,50.0,25.0,0.0,0.0,0.0,6.0,6.0,4.0,0.0,32.0,32.0,32.0,40.0,41.0,37.0,41.0,41.0,40.0,44.98,42.3,45.06,48.0,500.0,5.0,0.0,0.0,0.0
15.81,328.0,0.26,0.26,0.27,11.2,12.1,12.7,16.08,1.0,0.16,0.16,210.6,7.3,162.0,1.0,1.0,1175.0,699.0,1331.0,1.0,1332.0,15.7,118.3,813.0,33.1,34.5,0.0,3.2,2067.6,0.0,16.83,20.5,43.7,42.2,43.5,43.4,43.1,42.2,40.8,38.4,50.8,51.0,30.0,41.0,29.7,34.2,48.0,51.0,25.0,0.0,0.0,0.0,6.0,6.0,4.0,0.0,32.0,32.0,32.0,40.0,40.0,38.0,41.0,41.0,40.0,44.98,42.3,45.06,48.0,500.0,5.0,0.0,0.0,0.0
16.05,296.0,0.26,0.26,0.26,13.5,11.8,11.1,16.32,8.9,0.17,0.21,211.6,8.4,161.0,1.0,1.0,1403.0,699.0,1618.0,3.0,1623.0,16.2,146.1,957.0,31.6,34.1,0.0,3.1,2067.6,0.0,16.83,19.9,46.3,44.6,46.1,46.0,45.7,44.9,42.9,40.3,51.2,51.1,30.0,41.0,29.5,34.4,53.0,58.0,25.0,0.0,0.0,0.0,6.0,6.0,4.0,0.0,32.0,32.0,32.0,40.0,41.0,38.0,41.0,41.0,40.0,44.98,42.3,45.06,49.0,490.0,5.1,0.0,0.0,0.0
14.56,136.0,0.26,0.26,0.27,10.9,11.7,11.9,14.78,-21.8,0.21,0.17,27.1,7.8,184.0,1.0,1.0,922.0,697.0,996.0,0.0,1005.0,14.6,97.2,655.0,30.1,32.0,0.0,3.1,1500.0,0.0,15.98,20.3,45.4,43.9,45.3,45.1,44.8,44.0,41.7,39.6,51.0,50.4,29.0,41.0,29.7,34.4,44.0,47.0,25.0,0.0,0.0,0.0,6.0,6.0,4.0,2.0,32.0,32.0,32.0,40.0,40.0,38.0,41.0,41.0,40.0,44.98,42.3,45.06,49.0,500.0,5.0,0.0,0.0,0.0
15.84,96.0,0.26,0.26,0.26,13.4,10.9,11.6,16.08,-8.0,0.17,0.19,211.2,8.3,168.0,1.0,1.0,1275.0,699.0,1457.0,3.0,1454.0,15.8,132.7,879.0,32.1,34.0,0.0,3.2,2067.6,0.0,16.83,20.5,44.2,42.6,44.1,43.9,43.6,42.9,40.8,38.6,50.8,51.0,30.0,41.0,29.7,34.3,49.0,53.0,25.0,0.0,0.0,0.0,6.0,6.0,4.0,0.0,32.0,32.0,32.0,40.0,41.0,38.0,41.0,41.0,40.0,44.98,42.3,45.05,48.0,500.0,5.0,0.0,0.0,0.0
15.81,8.0,0.26,0.26,0.26,10.8,12.1,13.2,16.03,3.8,0.15,0.18,211.9,8.0,163.0,1.0,1.0,1192.0,698.0,1349.0,1.0,1357.0,15.6,121.4,824.0,32.4,34.1,0.0,3.1,2067.6,0.0,16.83,19.9,45.8,44.2,45.8,45.6,45.2,44.7,42.7,40.1,51.1,50.8,29.0,41.0,29.5,34.4,49.0,53.0,25.0,0.0,0.0,0.0,6.0,6.0,4.0,0.0,32.0,32.0,32.0,40.0,41.0,38.0,41.0,41.0,40.0,44.98,42.3,45.06,50.0,500.0,5.0,0.0,0.0,0.0
15.81,112.0,0.26,0.26,0.26,11.8,11.1,13.4,16.13,-10.3,0.17,0.17,210.8,8.2,162.0,1.0,1.0,1208.0,699.0,1373.0,-1.0,1384.0,15.8,124.2,840.0,33.2,34.1,0.1,3.2,2067.6,0.0,16.83,20.5,43.5,42.0,43.4,43.3,42.9,42.2,40.8,38.4,50.8,50.9,29.0,41.0,29.7,34.2,46.0,48.0,25.0,0.0,0.0,0.0,6.0,6.0,4.0,0.0,32.0,32.0,32.0,40.0,41.0,37.0,41.0,41.0,40.0,44.98,42.3,45.06,48.0,490.0,5.0,0.0,0.0,0.0
15.94,152.0,0.26,0.26,0.27,10.8,12.2,13.1,16.22,11.9,0.14,0.18,211.2,7.3,162.0,1.0,1.0,1255.0,699.0,1433.0,0.0,1442.0,15.9,127.6,865.0,32.2,34.5,0.0,3.1,2067.6,0.0,16.83,19.9,45.7,44.1,45.6,45.4,45.1,44.3,42.7,40.1,51.1,50.7,29.0,41.0,29.5,34.4,48.0,51.0,25.0,0.0,0.0,0.0,6.0,6.0,4.0,0.0,32.0,32.0,32.0,40.0,41.0,38.0,41.0,41.0,40.0,44.98,42.3,45.05,48.0,490.0,5.0,0.0,0.0,0.0
14.81,112.0,0.26,0.26,0.27,11.5,11.7,11.4,15.01,3.8,0.14,0.13,211.7,6.6,164.0,1.0,1.0,965.0,698.0,1055.0,0.0,1058.0,14.7,98.2,681.0,33.2,34.7,0.1,3.2,2067.6,0.0,16.83,19.9,45.5,44.0,45.4,45.2,45.0,44.2,42.7,40.2,51.1,50.7,30.0,41.0,29.5,34.4,45.0,47.0,25.0,0.0,0.0,0.0,6.0,6.0,4.0,0.0,32.0,32.0,32.0,40.0,41.0,38.0,41.0,41.0,40.0,44.98,42.3,45.06,48.0,500.0,5.0,0.0,0.0,0.0
15.69,240.0,0.26,0.26,0.26,12.6,11.0,12.4,16.03,-9.3,0.1,0.18,210.7,8.2,164.0,1.0,1.0,1198.0,699.0,1360.0,-1.0,1359.0,15.7,120.7,830.0,31.8,34.9,0.0,3.1,2067.6,0.0,16.83,20.5,43.9,42.3,43.6,43.6,43.4,42.4,40.9,38.5,50.8,51.0,29.0,41.0,29.7,34.2,49.0,52.0,25.0,0.0,0.0,0.0,6.0,6.0,4.0,0.0,32.0,32.0,32.0,40.0,41.0,38.0,41.0,41.0,40.0,44.98,42.3,45.06,49.0,490.0,5.0,0.0,0.0,0.0
14.28,344.0,0.26,0.26,0.26,11.8,11.1,11.3,14.52,-5.3,0.17,0.12,211.5,8.0,153.0,1.0,1.0,883.0,698.0,946.0,0.0,949.0,14.2,93.8,634.0,33.0,33.4,0.0,3.1,2067.6,0.0,16.83,20.5,43.5,41.8,43.2,43.1,42.9,42.2,40.8,38.3,50.8,50.7,30.0,41.0,29.7,34.2,44.0,46.0,25.0,0.0,0.0,0.0,6.0,6.0,4.0,0.0,32.0,32.0,32.0,40.0,41.0,37.0,41.0,41.0,40.0,44.98,42.3,45.05,48.0,490.0,5.0,0.0,0.0,0.0
16.16,64.0,0.26,0.26,0.26,12.0,11.3,13.7,16.44,10.3,0.15,0.18,211.7,8.3,159.0,1.0,1.0,1371.0,699.0,1579.0,-2.0,1584.0,16.1,139.3,946.0,31.4,34.1,0.0,3.1,2067.6,0.0,16.83,19.8,46.6,45.1,46.6,46.4,46.1,45.2,43.1,40.5,51.2,51.3,30.0,41.0,29.5,34.4,51.0,56.0,25.0,0.0,0.0,0.0,6.0,6.0,4.0,0.0,32.0,32.0,32.0,40.0,41.0,38.0,41.0,41.0,40.0,44.98,42.3,45.06,50.0,500.0,5.0,0.0,0.0,0.0
14.86,280.0,0.26,0.26,0.26,10.8,11.6,12.6,15.07,-6.7,0.12,0.18,210.5,9.9,175.0,1.0,1.0,951.0,698.0,1038.0,0.0,1039.0,14.7,97.9,677.0,29.9,32.7,0.0,3.1,2067.6,0.0,16.83,20.3,45.2,43.7,45.1,45.0,44.7,43.9,41.8,39.4,51.0,50.4,30.0,41.0,29.7,34.4,44.0,47.0,25.0,0.0,0.0,0.0,6.0,6.0,4.0,0.0,32.0,32.0,32.0,40.0,41.0,38.0,41.0,41.0,40.0,44.98,42.3,45.06,49.0,490.0,5.0,0.0,0.0,0.0
13.86,120.0,0.26,0.26,0.26,10.8,11.6,12.0,14.2,6.1,0.16,0.13,212.2,6.8,174.0,1.0,1.0,816.0,697.0,858.0,1.0,860.0,13.9,88.5,598.0,29.8,31.6,0.0,3.1,2067.6,0.0,16.83,20.3,45.5,43.9,45.4,45.2,44.9,44.1,42.0,39.6,51.0,50.7,30.0,41.0,29.7,34.4,43.0,45.0,25.0,0.0,0.0,0.0,6.0,6.0,4.0,0.0,32.0,32.0,32.0,40.0,41.0,38.0,41.0,41.0,40.0,44.98,42.3,45.06,48.0,500.0,5.0,0.0,0.0,0.0
14.24,344.0,0.26,0.26,0.26,12.7,11.1,11.2,14.52,-1.9,0.14,0.23,211.7,6.7,151.0,1.0,1.0,883.0,698.0,943.0,1.0,947.0,14.3,93.7,633.0,32.5,33.7,0.0,3.2,1500.0,0.0,15.98,20.5,43.5,41.8,43.2,43.1,42.9,42.2,40.7,38.4,50.8,50.7,30.0,41.0,29.7,34.2,44.0,46.0,25.0,0.0,0.0,0.0,6.0,6.0,4.0,0.0,32.0,32.0,32.0,40.0,41.0,37.0,41.0,41.0,40.0,44.98,42.3,45.06,48.0,490.0,5.0,0.0,0.0,0.0
15.71,96.0,0.26,0.26,0.26,13.4,11.1,11.7,15.98,-26.0,0.16,0.2,211.1,9.7,168.0,1.0,1.0,1202.0,699.0,1370.0,2.0,1391.0,15.8,122.2,833.0,31.9,34.5,0.0,3.2,2067.6,0.0,16.83,20.5,43.9,42.4,43.7,43.7,43.4,42.4,40.9,38.6,50.8,51.0,30.0,41.0,29.7,34.2,48.0,52.0,25.0,0.0,0.0,0.0,6.0,6.0,4.0,0.0,32.0,32.0,32.0,40.0,40.0,37.0,41.0,41.0,40.0,44.98,42.3,45.05,49.0,500.0,5.0,0.0,0.0,0.0
14.4,208.0,0.26,0.26,0.26,13.1,11.0,11.0,14.63,-11.1,0.21,0.18,27.3,6.6,183.0,1.0,1.0,903.0,697.0,972.0,2.0,966.0,14.4,93.3,646.0,30.1,32.0,0.0,3.1,1500.0,0.0,15.98,20.3,45.4,43.9,45.3,45.1,44.8,44.0,41.8,39.5,51.0,50.6,30.0,41.0,29.7,34.4,44.0,47.0,25.0,0.0,0.0,0.0,6.0,6.0,4.0,2.0,32.0,32.0,32.0,40.0,41.0,38.0,41.0,41.0,40.0,44.97,42.3,45.06,48.0,490.0,5.0,0.0,0.0,0.0
13.52,320.0,0.26,0.26,0.26,11.8,11.0,11.1,13.8,4.1,0.17,0.13,212.0,6.9,170.0,1.0,1.0,776.0,697.0,799.0,0.0,803.0,13.4,84.2,566.0,29.3,31.2,0.0,3.0,2067.6,0.0,16.83,20.2,45.6,44.0,45.5,45.3,44.9,44.4,42.2,39.7,51.0,50.9,30.0,41.0,29.7,34.4,41.0,44.0,25.0,0.0,0.0,0.0,6.0,6.0,4.0,0.0,32.0,32.0,32.0,40.0,41.0,38.0,41.0,41.0,40.0,44.98,42.3,45.06,48.0,500.0,5.0,0.0,0.0,0.0
16.16,224.0,0.26,0.26,0.27,12.9,12.1,11.1,16.34,4.7,0.16,0.17,211.4,9.3,162.0,1.0,1.0,1397.0,699.0,1621.0,1.0,1637.0,16.2,148.8,958.0,31.8,34.4,0.0,3.1,2067.6,0.0,16.83,19.9,45.9,44.4,45.8,45.7,45.4,44.5,42.8,40.3,51.2,50.9,30.0,41.0,29.5,34.4,49.0,53.0,25.0,0.0,0.0,0.0,6.0,6.0,4.0,0.0,32.0,32.0,32.0,40.0,41.0,38.0,41.0,41.0,40.0,44.98,42.3,45.05,49.0,500.0,5.1,0.0,0.0,0.0
15.84,128.0,0.26,0.26,0.26,13.8,11.2,11.1,16.13,-1.1,0.16,0.18,211.0,7.5,162.0,1.0,1.0,1262.0,699.0,1443.0,-1.0,1445.0,15.7,131.4,871.0,32.8,34.5,0.1,3.2,2067.6,0.0,16.83,20.5,43.6,42.1,43.5,43.4,43.0,42.2,40.8,38.4,50.8,50.9,30.0,41.0,29.7,34.2,47.0,50.0,25.0,0.0,0.0,0.0,6.0,6.0,4.0,0.0,32.0,32.0,32.0,40.0,41.0,38.0,41.0,41.0,40.0,44.98,42.3,45.05,48.0,490.0,5.0,0.0,0.0,0.0
14.72,224.0,0.26,0.26,0.26,13.0,11.1,11.0,14.95,-24.7,0.16,0.11,27.0,7.8,177.0,1.0,1.0,954.0,698.0,1042.0,0.0,1031.0,14.6,99.1,677.0,31.1,33.2,0.0,3.1,1500.0,0.0,15.98,20.4,44.9,43.3,44.7,44.6,44.3,43.9,41.2,38.9,50.9,50.7,30.0,41.0,29.7,34.4,46.0,49.0,25.0,0.0,0.0,0.0,6.0,6.0,4.0,2.0,32.0,32.0,32.0,40.0,41.0,38.0,41.0,41.0,40.0,44.98,42.3,45.06,49.0,490.0,5.0,0.0,0.0,0.0
15.37,224.0,0.26,0.26,0.27,11.1,12.1,12.5,15.62,-1.6,0.08,0.16,211.3,6.7,175.0,1.0,1.0,1045.0,698.0,1163.0,1.0,1167.0,15.4,106.2,726.0,30.5,32.7,0.0,3.1,1500.0,0.0,15.98,20.3,45.1,43.5,45.0,44.8,44.5,43.8,41.4,39.2,50.9,50.6,30.0,41.0,29.7,34.4,45.0,48.0,25.0,0.0,0.0,0.0,6.0,6.0,4.0,0.0,32.0,32.0,32.0,40.0,41.0,38.0,41.0,41.0,40.0,44.98,42.31,45.06,48.0,500.0,5.0,0.0,0.0,0.0
15.78,184.0,0.26,0.26,0.26,12.6,11.0,12.9,16.03,3.9,0.14,0.18,210.9,7.4,161.0,1.0,1.0,1237.0,699.0,1413.0,0.0,1418.0,15.8,125.9,859.0,33.0,34.3,0.1,3.2,2067.6,0.0,16.83,20.5,43.6,42.1,43.5,43.4,43.0,42.2,40.8,38.4,50.8,50.9,30.0,41.0,29.7,34.2,47.0,50.0,25.0,0.0,0.0,0.0,6.0,6.0,4.0,0.0,32.0,32.0,32.0,40.0,40.0,38.0,41.0,41.0,40.0,44.98,42.31,45.06,48.0,500.0,5.0,0.0,0.0,0.0
14.97,336.0,0.26,0.26,0.26,10.8,11.7,12.5,15.23,-25.2,0.11,0.13,210.4,8.2,178.0,1.0,1.0,972.0,697.0,1074.0,1.0,1071.0,14.9,102.1,692.0,30.3,32.2,0.0,3.1,2067.6,0.0,16.83,20.3,45.3,43.8,45.2,45.1,44.8,43.9,41.8,39.5,51.0,50.4,30.0,41.0,29.7,34.4,44.0,47.0,25.0,0.0,0.0,0.0,6.0,6.0,4.0,0.0,32.0,32.0,32.0,40.0,41.0,38.0,41.0,41.0,40.0,44.99,42.31,45.06,48.0,500.0,5.0,0.0,0.0,0.0
15.87,208.0,0.26,0.26,0.26,13.9,11.0,11.4,16.13,17.0,0.1,0.18,211.5,8.3,159.0,1.0,1.0,1301.0,698.0,1498.0,-1.0,1529.0,16.0,137.3,903.0,31.2,34.3,0.0,3.1,2067.6,0.0,16.83,19.8,46.4,44.7,46.3,46.1,45.8,45.2,42.9,40.5,51.2,51.2,30.0,41.0,29.5,34.4,52.0,57.0,25.0,0.0,0.0,0.0,6.0,6.0,4.0,0.0,32.0,32.0,32.0,40.0,41.0,38.0,41.0,41.0,40.0,44.98,42.3,45.05,48.0,500.0,5.0,0.0,0.0,0.0
14.62,136.0,0.26,0.26,0.26,12.4,11.1,11.5,14.87,-16.8,0.14,0.3,210.9,6.6,176.0,1.0,1.0,937.0,698.0,1023.0,0.0,1031.0,14.7,99.0,669.0,30.2,32.8,0.0,3.1,2067.6,0.0,16.83,20.3,45.2,43.6,45.0,45.0,44.7,44.0,41.7,39.4,50.9,50.5,30.0,41.0,29.7,34.4,45.0,48.0,25.0,0.0,0.0,0.0,6.0,6.0,4.0,0.0,32.0,32.0,32.0,40.0,41.0,38.0,41.0,41.0,40.0,44.98,42.31,45.06,49.0,500.0,5.0,0.0,0.0,0.0
12.72,232.0,0.26,0.26,0.26,11.8,10.8,10.9,12.9,-0.1,0.16,0.13,211.5,6.4,168.0,1.0,1.0,687.0,697.0,672.0,1.0,675.0,12.7,75.2,505.0,29.7,30.8,0.0,3.1,2067.6,0.0,16.83,20.1,45.6,44.0,45.5,45.3,45.0,44.1,42.4,40.0,51.0,50.6,30.0,41.0,29.7,34.4,40.0,43.0,25.0,0.0,0.0,0.0,6.0,6.0,4.0,0.0,32.0,32.0,32.0,40.0,40.0,38.0,41.0,41.0,40.0,44.98,42.3,45.05,49.0,500.0,5.0,0.0,0.0,0.0
15.16,240.0,0.26,0.26,0.26,11.7,11.1,12.9,15.42,7.0,0.11,0.15,212.0,7.6,164.0,1.0,1.0,1005.0,698.0,1107.0,1.0,1115.0,15.1,100.4,704.0,33.2,34.6,0.1,3.2,2067.6,0.0,16.83,19.9,45.6,43.9,45.4,45.2,45.0,44.2,42.6,40.1,51.2,50.8,31.0,41.0,29.5,34.4,46.0,48.0,25.0,0.0,0.0,0.0,6.0,6.0,4.0,0.0,32.0,32.0,32.0,40.0,41.0,38.0,41.0,41.0,40.0,44.98,42.31,45.05,48.0,500.0,5.0,0.0,0.0,0.0
13.09,40.0,0.26,0.26,0.26,10.7,11.4,12.0,13.29,9.2,0.16,0.16,211.3,4.8,163.0,1.0,1.0,709.0,697.0,712.0,0.0,711.0,13.1,77.3,526.0,32.9,33.8,0.1,3.2,2067.6,0.0,16.83,20.0,45.5,44.0,45.4,45.2,45.0,44.0,42.7,40.1,51.1,51.1,30.0,41.0,29.5,34.4,43.0,46.0,25.0,0.0,0.0,0.0,6.0,6.0,4.0,0.0,32.0,32.0,32.0,40.0,41.0,38.0,41.0,41.0,40.0,44.98,42.3,45.06,48.0,490.0,5.0,0.0,0.0,0.0
13.49,32.0,0.26,0.26,0.27,11.4,11.2,11.4,13.7,-13.1,0.16,0.22,212.0,5.8,176.0,1.0,1.0,768.0,697.0,787.0,0.0,792.0,13.5,82.7,560.0,29.3,31.3,0.0,3.0,2054.2,0.0,16.81,20.2,45.6,44.0,45.4,45.3,45.0,44.2,42.2,39.9,51.0,50.9,30.0,41.0,29.7,34.4,41.0,43.0,25.0,0.0,0.0,0.0,6.0,6.0,4.0,0.0,32.0,32.0,32.0,40.0,40.0,37.0,41.0,41.0,40.0,44.98,42.3,45.05,48.0,500.0,5.0,0.0,0.0,0.0
14.4,280.0,0.26,0.26,0.26,11.8,11.2,12.7,14.68,-6.5,0.16,0.18,27.4,5.7,183.0,1.0,1.0,892.0,697.0,960.0,0.0,972.0,14.4,93.0,641.0,29.8,32.1,0.0,3.1,1500.0,0.0,15.98,20.3,45.4,43.9,45.4,45.1,44.8,44.1,41.8,39.5,51.0,50.6,29.0,41.0,29.7,34.4,44.0,46.0,25.0,0.0,0.0,0.0,6.0,6.0,4.0,2.0,32.0,32.0,32.0,40.0,41.0,38.0,41.0,41.0,40.0,44.98,42.3,45.06,49.0,500.0,5.0,0.0,0.0,0.0
15.71,40.0,0.26,0.26,0.26,12.9,11.0,12.2,16.02,-0.5,0.14,0.23,210.9,8.0,162.0,1.0,1.0,1193.0,699.0,1353.0,0.0,1339.0,15.6,120.3,828.0,33.0,34.3,0.1,3.2,2067.6,0.0,16.83,20.5,43.6,42.1,43.5,43.4,43.1,42.2,40.8,38.5,50.8,50.9,30.0,41.0,29.7,34.2,48.0,51.0,25.0,0.0,0.0,0.0,6.0,6.0,4.0,0.0,32.0,32.0,32.0,40.0,41.0,38.0,41.0,41.0,40.0,44.98,42.3,45.06,48.0,500.0,5.0,0.0,0.0,0.0
15.78,96.0,0.26,0.26,0.27,12.7,11.8,11.3,15.98,-9.1,0.19,0.17,210.7,9.5,169.0,1.0,1.0,1225.0,700.0,1394.0,1.0,1390.0,15.9,126.2,840.0,31.8,33.9,0.0,3.2,2067.6,0.0,16.83,20.5,44.3,42.7,44.2,44.0,43.6,42.9,40.9,38.7,50.8,50.9,30.0,41.0,29.7,34.2,49.0,53.0,25.0,0.0,0.0,0.0,6.0,6.0,4.0,0.0,32.0,32.0,32.0,40.0,41.0,38.0,41.0,41.0,40.0,44.98,42.3,45.06,49.0,500.0,5.0,0.0,0.0,0.0
14.42,336.0,0.26,0.26,0.26,10.8,11.8,12.4,14.63,0.1,0.14,0.17,194.2,6.4,182.0,1.0,1.0,887.0,698.0,950.0,1.0,956.0,14.3,91.2,634.0,29.8,32.2,0.0,3.1,1500.0,0.0,15.98,20.3,45.5,43.9,45.4,45.1,44.8,44.1,41.8,39.5,51.0,50.5,30.0,41.0,29.7,34.4,44.0,46.0,25.0,0.0,0.0,0.0,6.0,6.0,4.0,0.0,32.0,32.0,32.0,40.0,41.0,38.0,41.0,41.0,40.0,44.98,42.3,45.06,49.0,490.0,5.0,0.0,0.0,0.0
13.79,304.0,0.26,0.26,0.26,12.0,10.9,12.0,14.02,-1.3,0.12,0.16,211.6,6.7,174.0,1.0,1.0,811.0,697.0,847.0,0.0,847.0,13.8,84.2,590.0,28.9,31.2,0.0,3.0,2054.2,0.0,16.81,20.2,45.6,44.0,45.4,45.3,45.1,44.2,42.3,39.8,51.0,50.8,30.0,41.0,29.7,34.4,40.0,43.0,25.0,0.0,0.0,0.0,6.0,6.0,4.0,0.0,32.0,32.0,32.0,40.0,41.0,38.0,41.0,41.0,40.0,44.98,42.31,45.05,48.0,500.0,5.0,0.0,0.0,0.0
13.58,320.0,0.26,0.26,0.27,11.1,11.6,11.7,13.8,5.3,0.19,0.1,211.8,6.7,171.0,1.0,1.0,779.0,696.0,809.0,0.0,816.0,13.6,82.6,572.0,28.7,30.9,0.0,3.1,2067.6,0.0,16.83,20.2,45.6,44.0,45.4,45.3,45.1,44.3,42.3,39.8,51.0,50.8,29.0,41.0,29.7,34.4,41.0,43.0,25.0,0.0,0.0,0.0,6.0,6.0,4.0,0.0,32.0,32.0,32.0,40.0,41.0,38.0,41.0,41.0,40.0,44.98,42.3,45.05,48.0,490.0,5.0,0.0,0.0,0.0
13.51,104.0,0.26,0.26,0.26,11.5,11.1,12.0,13.77,-10.8,0.08,0.2,211.7,6.6,175.0,1.0,1.0,768.0,697.0,789.0,1.0,786.0,13.4,82.4,563.0,28.9,31.2,0.0,3.0,2054.2,0.0,16.81,20.2,45.6,44.0,45.5,45.3,45.0,44.2,42.2,39.9,51.0,50.8,30.0,41.0,29.7,34.4,41.0,43.0,25.0,0.0,0.0,0.0,6.0,6.0,4.0,0.0,32.0,32.0,32.0,40.0,41.0,38.0,41.0,41.0,40.0,44.98,42.3,45.05,48.0,490.0,5.0,0.0,0.0,0.0
14.74,64.0,0.26,0.26,0.26,10.8,11.7,12.6,14.95,-24.6,0.19,0.18,27.0,8.3,182.0,1.0,1.0,946.0,698.0,1026.0,0.0,1029.0,14.6,99.4,671.0,29.8,32.1,0.0,3.1,1500.0,0.0,15.98,20.3,45.4,43.8,45.3,45.1,44.8,43.9,41.7,39.6,51.0,50.4,30.0,41.0,29.7,34.4,44.0,47.0,25.0,0.0,0.0,0.0,6.0,6.0,4.0,2.0,32.0,32.0,32.0,40.0,41.0,38.0,41.0,41.0,40.0,44.98,42.3,45.05,48.0,490.0,5.0,0.0,0.0,0.0
15.79,256.0,0.26,0.26,0.26,13.2,11.1,11.8,16.03,-0.9,0.12,0.18,210.8,8.8,162.0,1.0,1.0,1245.0,699.0,1418.0,1.0,1424.0,15.8,127.5,858.0,32.9,34.6,0.0,3.2,2067.6,0.0,16.83,20.5,43.7,42.2,43.5,43.4,43.1,42.3,40.8,38.4,50.8,51.0,31.0,41.0,29.7,34.2,48.0,51.0,25.0,0.0,0.0,0.0,6.0,6.0,4.0,0.0,32.0,32.0,32.0,40.0,41.0,38.0,41.0,41.0,40.0,44.98,42.3,45.06,48.0,480.0,5.0,0.0,0.0,0.0
13.84,88.0,0.26,0.26,0.26,11.6,11.2,11.0,14.11,2.6,0.14,0.12,211.8,6.6,173.0,1.0,1.0,813.0,697.0,857.0,-1.0,858.0,13.7,88.3,594.0,29.0,30.8,0.0,3.0,2054.2,0.0,16.81,20.2,45.6,44.0,45.4,45.3,45.1,44.2,42.3,39.9,51.0,50.8,30.0,41.0,29.7,34.4,41.0,43.0,25.0,0.0,0.0,0.0,6.0,6.0,4.0,0.0,32.0,32.0,32.0,40.0,40.0,37.0,41.0,41.0,40.0,44.98,42.31,45.06,49.0,500.0,5.0,0.0,0.0,0.0
14.63,208.0,0.26,0.26,0.26,12.0,10.9,12.1,14.92,-14.5,0.08,0.23,210.8,9.0,176.0,1.0,1.0,935.0,698.0,1017.0,0.0,1020.0,14.5,98.7,667.0,30.2,32.4,0.0,3.1,2067.6,0.0,16.83,20.3,45.2,43.7,45.1,45.0,44.7,44.0,41.8,39.4,50.9,50.5,31.0,41.0,29.7,34.4,45.0,47.0,25.0,0.0,0.0,0.0,6.0,6.0,4.0,0.0,32.0,32.0,32.0,40.0,41.0,38.0,41.0,41.0,40.0,44.98,42.3,45.06,48.0,500.0,5.0,0.0,0.0,0.0
13.92,160.0,0.26,0.26,0.26,11.2,11.1,12.3,14.22,5.0,0.16,0.16,211.7,6.3,173.0,1.0,1.0,824.0,697.0,865.0,1.0,865.0,13.9,87.5,599.0,29.3,30.9,0.0,3.1,2054.2,0.0,16.81,20.2,45.6,44.0,45.4,45.3,45.1,44.2,42.3,39.9,51.0,50.8,30.0,41.0,29.7,34.4,41.0,43.0,25.0,0.0,0.0,0.0,6.0,6.0,4.0,0.0,32.0,32.0,32.0,40.0,41.0,38.0,41.0,41.0,40.0,44.98,42.31,45.06,48.0,490.0,5.0,0.0,0.0,0.0
16.21,152.0,0.26,0.26,0.26,10.9,12.1,13.5,16.54,7.1,0.21,0.14,211.1,6.9,160.0,1.0,1.0,1378.0,699.0,1588.0,0.0,1592.0,16.1,143.9,946.0,31.6,33.6,0.0,3.1,2067.6,0.0,16.83,19.8,46.7,45.1,46.6,46.4,46.1,45.2,43.1,40.5,51.2,51.3,30.0,41.0,29.5,34.4,51.0,56.0,25.0,0.0,0.0,0.0,6.0,6.0,4.0,0.0,32.0,32.0,32.0,40.0,41.0,38.0,41.0,41.0,40.0,44.98,42.3,45.05,50.0,490.0,5.1,0.0,0.0,0.0
16.24,80.0,0.26,0.26,0.26,14.3,11.4,11.2,16.54,13.6,0.21,0.18,211.6,8.8,161.0,1.0,1.0,1508.0,700.0,1757.0,1.0,1784.0,16.3,162.3,1030.0,31.4,34.3,0.0,3.1,2067.6,0.0,16.83,19.9,46.2,44.5,46.0,45.9,45.7,44.8,42.9,40.3,51.2,51.1,30.0,41.0,29.5,34.4,51.0,56.0,25.0,0.0,0.0,0.0,6.0,6.0,4.0,0.0,32.0,32.0,32.0,40.0,41.0,38.0,41.0,41.0,40.0,44.98,42.3,45.06,49.0,500.0,5.0,0.0,0.0,0.0
13.64,184.0,0.26,0.26,0.26,12.1,10.9,11.3,13.91,8.5,0.22,0.15,211.6,8.0,162.0,1.0,1.0,787.0,697.0,814.0,0.0,822.0,13.6,82.3,574.0,33.0,34.1,0.1,3.2,2067.6,0.0,16.83,20.0,45.5,44.0,45.4,45.2,44.9,44.0,42.6,40.2,51.1,51.1,30.0,41.0,29.5,34.4,43.0,45.0,25.0,0.0,0.0,0.0,6.0,6.0,4.0,0.0,32.0,32.0,32.0,40.0,41.0,38.0,41.0,41.0,40.0,44.98,42.3,45.05,48.0,480.0,5.0,0.0,0.0,0.0
14.75,64.0,0.26,0.26,0.26,12.0,11.3,11.2,14.99,-17.5,0.14,0.25,210.8,7.1,176.0,1.0,1.0,963.0,698.0,1051.0,0.0,1070.0,14.8,101.5,679.0,30.3,32.5,0.0,3.1,2067.6,0.0,16.83,20.3,45.2,43.6,45.0,44.9,44.6,43.9,41.6,39.4,50.9,50.5,30.0,41.0,29.7,34.4,45.0,48.0,25.0,0.0,0.0,0.0,6.0,6.0,4.0,0.0,32.0,32.0,32.0,40.0,41.0,38.0,41.0,41.0,40.0,44.98,42.3,45.05,48.0,500.0,5.0,0.0,0.0,0.0
15.81,24.0,0.26,0.26,0.26,13.2,11.4,11.2,16.13,-2.2,0.11,0.17,210.8,7.5,168.0,1.0,1.0,1269.0,699.0,1457.0,-1.0,1445.0,15.8,133.7,876.0,31.7,34.3,0.0,3.1,2067.6,0.0,16.83,20.5,44.2,42.5,44.0,43.9,43.5,42.8,40.8,38.7,50.8,50.9,30.0,41.0,29.7,34.2,49.0,53.0,25.0,0.0,0.0,0.0,6.0,6.0,4.0,0.0,32.0,32.0,32.0,40.0,41.0,38.0,41.0,41.0,40.0,44.98,42.3,45.05,49.0,500.0,5.0,0.0,0.0,0.0
15.36,96.0,0.26,0.26,0.26,11.7,11.0,12.8,15.64,6.9,0.09,0.23,211.4,7.1,163.0,1.0,1.0,1044.0,698.0,1156.0,0.0,1149.0,15.2,106.7,727.0,33.1,34.7,0.0,3.2,2067.6,0.0,16.83,19.9,45.6,43.9,45.5,45.3,45.0,44.2,42.7,40.2,51.2,50.7,30.0,41.0,29.5,34.4,46.0,48.0,25.0,0.0,0.0,0.0,6.0,6.0,4.0,0.0,32.0,32.0,32.0,40.0,41.0,38.0,41.0,41.0,40.0,44.98,42.3,45.06,49.0,500.0,5.0,0.0,0.0,0.0
13.87,192.0,0.26,0.26,0.26,10.9,11.4,11.8,14.01,2.7,0.19,0.11,212.2,6.6,174.0,1.0,1.0,813.0,697.0,850.0,1.0,852.0,13.8,86.4,590.0,29.7,31.7,0.0,3.1,2067.6,0.0,16.83,20.2,45.5,43.9,45.4,45.2,45.0,44.1,42.0,39.7,51.0,50.8,29.0,41.0,29.7,34.4,43.0,45.0,25.0,0.0,0.0,0.0,6.0,6.0,4.0,0.0,32.0,32.0,32.0,40.0,41.0,38.0,41.0,41.0,40.0,44.98,42.3,45.05,48.0,500.0,4.9,0.0,0.0,0.0
13.82,264.0,0.26,0.26,0.26,11.8,11.1,11.7,14.11,6.3,0.12,0.25,212.2,5.7,174.0,1.0,1.0,816.0,698.0,859.0,1.0,867.0,13.7,88.7,598.0,29.6,31.7,0.0,3.1,2067.6,0.0,16.83,20.3,45.5,43.9,45.4,45.2,44.9,44.1,42.0,39.6,51.0,50.8,30.0,41.0,29.7,34.4,43.0,45.0,25.0,0.0,0.0,0.0,6.0,6.0,4.0,0.0,32.0,32.0,32.0,40.0,41.0,38.0,41.0,41.0,40.0,44.98,42.3,45.05,48.0,500.0,5.0,0.0,0.0,0.0
15.87,8.0,0.26,0.26,0.26,12.4,10.9,13.3,16.03,9.3,0.13,0.18,211.2,6.1,162.0,1.0,1.0,1244.0,698.0,1420.0,-1.0,1425.0,15.8,126.1,861.0,32.1,34.2,0.0,3.1,2067.6,0.0,16.83,19.9,45.9,44.3,45.8,45.6,45.3,44.5,42.8,40.1,51.2,50.8,30.0,41.0,29.5,34.4,49.0,53.0,25.0,0.0,0.0,0.0,6.0,6.0,4.0,0.0,32.0,32.0,32.0,40.0,41.0,38.0,41.0,41.0,40.0,44.98,42.3,45.06,50.0,500.0,5.0,0.0,0.0,0.0
12.86,160.0,0.26,0.26,0.26,10.7,11.3,11.7,13.1,9.0,0.17,0.11,211.5,7.0,168.0,1.0,1.0,696.0,697.0,683.0,0.0,686.0,12.7,73.8,511.0,29.2,31.1,0.0,3.1,2067.6,0.0,16.83,20.2,45.6,44.0,45.5,45.3,45.0,44.2,42.4,39.9,51.0,50.7,30.0,41.0,29.7,34.4,40.0,43.0,25.0,0.0,0.0,0.0,6.0,6.0,4.0,0.0,32.0,32.0,32.0,40.0,41.0,38.0,41.0,41.0,40.0,44.98,42.3,45.05,48.0,480.0,5.0,0.0,0.0,0.0
15.81,40.0,0.26,0.26,0.26,10.9,11.8,13.1,16.13,-3.4,0.21,0.15,210.9,7.9,162.0,1.0,1.0,1213.0,699.0,1381.0,-1.0,1383.0,15.8,123.6,842.0,32.5,34.8,0.0,3.2,2067.6,0.0,16.83,20.5,43.7,42.2,43.5,43.5,43.2,42.5,40.9,38.4,50.8,51.0,30.0,41.0,29.7,34.2,49.0,52.0,25.0,0.0,0.0,0.0,6.0,6.0,4.0,0.0,32.0,32.0,32.0,40.0,41.0,38.0,41.0,41.0,40.0,44.98,42.3,45.05,49.0,490.0,5.0,0.0,0.0,0.0
15.24,80.0,0.26,0.26,0.27,11.3,11.8,12.2,15.6,-12.6,0.16,0.14,210.2,7.3,175.0,1.0,1.0,1034.0,698.0,1153.0,0.0,1163.0,15.3,105.8,724.0,31.3,33.5,0.0,3.1,2067.6,0.0,16.83,20.4,44.7,43.2,44.6,44.4,44.2,43.4,41.2,39.0,50.9,50.7,30.0,41.0,29.7,34.3,48.0,51.0,25.0,0.0,0.0,0.0,6.0,6.0,4.0,0.0,32.0,32.0,32.0,40.0,41.0,38.0,41.0,41.0,40.0,44.98,42.3,45.05,49.0,490.0,5.1,0.0,0.0,0.0
15.88,344.0,0.26,0.26,0.26,12.4,11.0,13.5,16.12,-2.1,0.09,0.2,210.8,8.6,162.0,1.0,1.0,1261.0,698.0,1444.0,2.0,1451.0,15.8,131.1,874.0,33.1,34.5,0.1,3.2,2067.6,0.0,16.83,20.5,43.6,42.0,43.5,43.4,43.0,42.2,40.8,38.3,50.8,50.9,30.0,41.0,29.7,34.2,47.0,50.0,25.0,0.0,0.0,0.0,6.0,6.0,4.0,0.0,32.0,32.0,32.0,40.0,41.0,37.0,41.0,41.0,40.0,44.98,42.3,45.05,48.0,490.0,5.0,0.0,0.0,0.0
14.92,184.0,0.26,0.26,0.26,13.2,10.9,11.0,15.02,4.8,0.17,0.12,211.4,8.6,164.0,1.0,1.0,977.0,698.0,1069.0,2.0,1080.0,14.8,99.4,687.0,33.5,34.5,0.0,3.2,2067.6,0.0,16.83,19.9,45.6,43.9,45.4,45.2,45.0,44.2,42.7,40.2,51.1,50.7,30.0,41.0,29.5,34.4,46.0,48.0,25.0,0.0,0.0,0.0,6.0,6.0,4.0,0.0,32.0,32.0,32.0,40.0,41.0,38.0,41.0,41.0,40.0,44.98,42.31,45.06,48.0,500.0,5.0,0.0,0.0,0.0
15.94,280.0,0.26,0.26,0.26,12.2,10.9,13.4,16.34,10.5,0.15,0.18,211.4,7.1,160.0,1.0,1.0,1287.0,698.0,1472.0,1.0,1483.0,15.9,133.2,888.0,31.3,33.9,0.0,3.1,2067.6,0.0,16.83,19.8,46.5,44.8,46.4,46.2,45.9,45.2,42.9,40.5,51.2,51.2,30.0,41.0,29.5,34.4,52.0,57.0,25.0,0.0,0.0,0.0,6.0,6.0,4.0,0.0,32.0,32.0,32.0,40.0,41.0,38.0,41.0,41.0,40.0,44.98,42.3,45.06,49.0,500.0,5.0,0.0,0.0,0.0
14.76,24.0,0.26,0.26,0.27,11.5,11.5,11.6,15.0,0.4,0.12,0.14,211.8,7.2,163.0,1.0,1.0,943.0,698.0,1030.0,0.0,1032.0,14.7,98.9,668.0,33.5,34.3,0.1,3.2,2067.6,0.0,16.83,20.0,45.5,44.0,45.4,45.2,45.0,44.0,42.6,40.2,51.1,50.8,30.0,41.0,29.5,34.4,44.0,46.0,25.0,0.0,0.0,0.0,6.0,6.0,4.0,0.0,32.0,32.0,32.0,40.0,41.0,38.0,41.0,41.0,40.0,44.98,42.3,45.06,48.0,490.0,5.0,0.0,0.0,0.0
14.06,248.0,0.26,0.26,0.26,11.1,11.3,12.1,14.31,-0.6,0.11,0.25,212.2,6.7,176.0,1.0,1.0,843.0,697.0,894.0,-1.0,889.0,13.9,90.5,614.0,29.7,32.1,0.0,3.1,2067.6,0.0,16.83,20.3,45.5,43.9,45.4,45.2,44.9,44.2,42.0,39.6,51.0,50.8,30.0,41.0,29.7,34.4,43.0,46.0,25.0,0.0,0.0,0.0,6.0,6.0,4.0,0.0,32.0,32.0,32.0,40.0,41.0,38.0,41.0,41.0,40.0,44.98,42.3,45.06,49.0,500.0,5.0,0.0,0.0,0.0
13.48,248.0,0.26,0.26,0.26,10.8,11.3,11.9,13.64,0.2,0.19,0.2,211.8,6.5,172.0,1.0,1.0,766.0,697.0,781.0,0.0,784.0,13.3,82.9,557.0,29.3,31.6,0.0,3.0,2067.6,0.0,16.83,20.2,45.6,44.0,45.5,45.3,44.9,44.5,42.1,39.6,51.0,50.9,29.0,41.0,29.7,34.4,41.0,44.0,25.0,0.0,0.0,0.0,6.0,6.0,4.0,0.0,32.0,32.0,32.0,40.0,40.0,38.0,41.0,41.0,40.0,44.98,42.31,45.06,48.0,500.0,5.0,0.0,0.0,0.0
16.1,352.0,0.26,0.26,0.27,12.4,12.2,11.6,16.34,3.4,0.19,0.18,211.2,7.9,160.0,1.0,1.0,1366.0,699.0,1574.0,1.0,1601.0,16.2,144.6,934.0,31.1,34.2,0.0,3.1,2067.6,0.0,16.83,19.8,46.6,45.1,46.6,46.4,46.1,45.2,43.1,40.5,51.2,51.3,30.0,41.0,29.5,34.4,51.0,56.0,25.0,0.0,0.0,0.0,6.0,6.0,4.0,0.0,32.0,32.0,32.0,40.0,41.0,38.0,41.0,41.0,40.0,44.98,42.3,45.06,49.0,500.0,5.1,0.0,0.0,0.0
15.9,24.0,0.26,0.26,0.26,12.9,11.0,12.3,16.13,9.3,0.17,0.12,211.3,7.1,161.0,1.0,1.0,1284.0,699.0,1472.0,2.0,1479.0,15.9,130.0,892.0,32.5,33.9,0.0,3.1,2067.6,0.0,16.83,19.9,45.8,44.1,45.7,45.5,45.1,44.5,42.7,40.2,51.2,50.8,30.0,41.0,29.5,34.4,49.0,52.0,25.0,0.0,0.0,0.0,6.0,6.0,4.0,0.0,32.0,32.0,32.0,40.0,41.0,38.0,41.0,41.0,40.0,44.98,42.3,45.06,48.0,500.0,5.0,0.0,0.0,0.0
16.09,208.0,0.26,0.26,0.26,11.2,11.4,13.8,16.45,11.6,0.14,0.18,211.4,8.2,159.0,1.0,1.0,1345.0,699.0,1551.0,0.0,1553.0,16.1,140.4,934.0,31.1,33.9,0.0,3.1,2067.6,0.0,16.83,19.8,46.6,45.0,46.5,46.3,46.0,45.3,43.0,40.4,51.2,51.3,30.0,41.0,29.5,34.4,51.0,55.0,25.0,0.0,0.0,0.0,6.0,6.0,4.0,0.0,32.0,32.0,32.0,40.0,41.0,38.0,41.0,41.0,40.0,44.98,42.31,45.05,50.0,500.0,5.0,0.0,0.0,0.0
16.13,280.0,0.26,0.26,0.26,11.0,12.4,13.2,16.43,12.4,0.12,0.17,211.3,8.3,159.0,1.0,1.0,1348.0,698.0,1553.0,-1.0,1556.0,16.0,139.0,925.0,31.5,33.8,0.0,3.1,2067.6,0.0,16.83,19.8,46.6,45.0,46.6,46.4,46.0,45.3,43.0,40.4,51.2,51.3,29.0,41.0,29.5,34.4,51.0,55.0,25.0,0.0,0.0,0.0,6.0,6.0,4.0,0.0,32.0,32.0,32.0,40.0,41.0,38.0,41.0,41.0,40.0,44.98,42.3,45.06,50.0,490.0,5.1,0.0,0.0,0.0
15.84,24.0,0.26,0.26,0.26,12.7,11.8,11.3,16.14,1.2,0.11,0.2,211.4,6.0,163.0,1.0,1.0,1245.0,699.0,1428.0,0.0,1451.0,15.8,129.8,859.0,32.1,34.1,0.0,3.1,2067.6,0.0,16.83,19.9,45.8,44.2,45.7,45.5,45.2,44.7,42.7,40.1,51.2,50.8,29.0,41.0,29.5,34.4,49.0,53.0,25.0,0.0,0.0,0.0,6.0,6.0,4.0,0.0,32.0,32.0,32.0,40.0,41.0,38.0,41.0,41.0,40.0,44.98,42.3,45.05,49.0,500.0,5.0,0.0,0.0,0.0
15.3,256.0,0.26,0.26,0.27,10.8,11.8,12.2,15.52,-9.1,0.14,0.14,211.0,7.5,158.0,1.0,1.0,1022.0,698.0,1132.0,0.0,1147.0,15.3,105.0,713.0,33.0,34.1,0.1,3.2,2067.6,0.0,16.83,20.5,43.5,41.9,43.4,43.2,42.9,42.2,40.7,38.4,50.8,50.8,30.0,41.0,29.7,34.2,45.0,47.0,25.0,0.0,0.0,0.0,6.0,6.0,4.0,0.0,32.0,32.0,32.0,40.0,41.0,38.0,41.0,41.0,40.0,44.98,42.3,45.06,49.0,500.0,5.0,0.0,0.0,0.0
12.79,88.0,0.26,0.26,0.26,11.1,11.3,11.9,13.05,12.9,0.16,0.23,211.5,5.9,167.0,1.0,1.0,693.0,696.0,678.0,1.0,678.0,12.8,74.0,510.0,29.5,30.8,0.0,3.1,2067.6,0.0,16.83,20.1,45.6,44.0,45.5,45.3,45.0,44.1,42.4,40.0,51.0,50.6,30.0,41.0,29.7,34.4,40.0,43.0,25.0,0.0,0.0,0.0,6.0,6.0,4.0,0.0,32.0,32.0,32.0,40.0,41.0,38.0,41.0,41.0,40.0,44.98,42.3,45.05,49.0,500.0,5.0,0.0,0.0,0.0
13.01,88.0,0.26,0.26,0.26,11.1,11.3,12.0,13.29,4.0,0.14,0.15,211.5,5.9,169.0,1.0,1.0,716.0,697.0,715.0,0.0,720.0,13.1,78.0,529.0,29.2,30.7,0.0,3.1,2067.6,0.0,16.83,20.2,45.6,44.0,45.5,45.3,45.0,44.3,42.4,39.8,51.0,50.7,30.0,41.0,29.7,34.4,40.0,43.0,25.0,0.0,0.0,0.0,6.0,6.0,4.0,0.0,32.0,32.0,32.0,40.0,41.0,38.0,41.0,41.0,40.0,44.97,42.3,45.05,48.0,500.0,5.0,0.0,0.0,0.0
13.61,104.0,0.26,0.26,0.26,10.8,11.4,12.0,13.82,3.8,0.12,0.25,211.9,6.1,170.0,1.0,1.0,778.0,697.0,799.0,0.0,801.0,13.5,81.0,566.0,29.5,31.1,0.0,3.0,2067.6,0.0,16.83,20.2,45.6,44.0,45.5,45.3,45.0,44.3,42.2,39.7,51.0,50.9,29.0,41.0,29.7,34.4,41.0,44.0,25.0,0.0,0.0,0.0,6.0,6.0,4.0,0.0,32.0,32.0,32.0,40.0,41.0,38.0,41.0,41.0,40.0,44.98,42.3,45.05,48.0,490.0,5.0,0.0,0.0,0.0
15.31,136.0,0.26,0.26,0.26,12.3,11.0,12.2,15.51,-9.2,0.14,0.27,211.3,7.1,175.0,1.0,1.0,1044.0,698.0,1165.0,0.0,1178.0,15.4,106.3,731.0,30.5,32.9,0.0,3.1,2067.6,0.0,16.83,20.3,45.1,43.5,45.0,44.8,44.5,43.8,41.4,39.2,50.9,50.6,30.0,41.0,29.7,34.4,45.0,48.0,25.0,0.0,0.0,0.0,6.0,6.0,4.0,0.0,32.0,32.0,32.0,40.0,41.0,38.0,41.0,41.0,40.0,44.98,42.31,45.05,48.0,500.0,5.0,0.0,0.0,0.0
16.26,8.0,0.26,0.26,0.26,11.1,12.2,13.9,16.51,11.0,0.14,0.17,211.6,8.4,161.0,1.0,1.0,1415.0,699.0,1633.0,2.0,1663.0,16.3,150.4,971.0,31.2,34.1,0.0,3.1,2067.6,0.0,16.83,19.9,46.2,44.6,46.1,45.9,45.7,44.9,42.9,40.3,51.2,51.1,29.0,41.0,29.5,34.4,51.0,56.0,25.0,0.0,0.0,0.0,6.0,6.0,4.0,0.0,32.0,32.0,32.0,40.0,41.0,38.0,41.0,41.0,40.0,44.98,42.3,45.06,48.0,500.0,5.1,0.0,0.0,0.0
14.22,184.0,0.26,0.26,0.26,12.4,11.1,10.9,14.41,10.5,0.12,0.18,211.5,7.2,162.0,1.0,1.0,866.0,698.0,919.0,2.0,923.0,14.3,90.8,620.0,33.1,34.2,0.1,3.2,2067.6,0.0,16.83,20.0,45.5,44.0,45.5,45.2,44.9,44.1,42.5,40.2,51.1,50.9,30.0,41.0,29.5,34.4,43.0,46.0,25.0,0.0,0.0,0.0,6.0,6.0,4.0,0.0,32.0,32.0,32.0,40.0,41.0,38.0,41.0,41.0,40.0,44.98,42.3,45.06,48.0,500.0,5.0,0.0,0.0,0.0
16.23,280.0,0.26,0.26,0.26,13.4,12.0,11.2,16.54,14.1,0.04,0.19,211.5,9.5,159.0,1.0,1.0,1459.0,700.0,1691.0,0.0,1692.0,16.3,152.0,991.0,31.6,33.4,0.0,3.1,2067.6,0.0,16.83,19.8,46.8,45.2,46.7,46.5,46.2,45.2,43.1,40.7,51.2,51.4,30.0,41.0,29.5,34.4,52.0,56.0,25.0,0.0,0.0,0.0,6.0,6.0,4.0,0.0,32.0,32.0,32.0,40.0,41.0,38.0,41.0,41.0,40.0,44.98,42.3,45.06,49.0,490.0,5.1,0.0,0.0,0.0
15.81,168.0,0.26,0.26,0.26,11.3,12.1,12.5,16.02,-12.9,0.14,0.18,210.7,8.0,165.0,1.0,1.0,1156.0,699.0,1307.0,1.0,1315.0,15.8,119.4,796.0,32.0,34.5,0.0,3.2,2067.6,0.0,16.83,20.5,43.9,42.4,43.7,43.6,43.4,42.4,40.9,38.6,50.8,51.0,30.0,41.0,29.7,34.2,48.0,52.0,25.0,0.0,0.0,0.0,6.0,6.0,4.0,0.0,32.0,32.0,32.0,40.0,41.0,37.0,41.0,41.0,40.0,44.98,42.3,45.05,48.0,490.0,5.0,0.0,0.0,0.0
15.84,256.0,0.26,0.26,0.27,11.6,11.9,11.6,16.03,-2.0,0.16,0.18,210.8,7.8,162.0,1.0,1.0,1230.0,699.0,1400.0,-1.0,1399.0,15.7,127.8,843.0,32.4,34.9,0.0,3.2,2067.6,0.0,16.83,20.5,43.7,42.2,43.5,43.5,43.2,42.5,40.9,38.4,50.8,51.0,31.0,41.0,29.7,34.2,49.0,52.0,25.0,0.0,0.0,0.0,6.0,6.0,4.0,0.0,32.0,32.0,32.0,40.0,41.0,37.0,41.0,41.0,40.0,44.98,42.3,45.05,49.0,490.0,5.0,0.0,0.0,0.0
15.89,96.0,0.26,0.26,0.27,11.3,12.3,12.0,16.14,8.6,0.14,0.14,211.5,8.9,161.0,1.0,1.0,1248.0,699.0,1419.0,1.0,1427.0,15.8,129.2,855.0,32.1,34.6,0.0,3.1,2067.6,0.0,16.83,19.9,45.8,44.1,45.7,45.4,45.1,44.5,42.7,40.2,51.2,50.7,30.0,41.0,29.5,34.4,49.0,52.0,25.0,0.0,0.0,0.0,6.0,6.0,4.0,0.0,32.0,32.0,32.0,40.0,41.0,38.0,41.0,41.0,40.0,44.98,42.3,45.05,49.0,500.0,5.0,0.0,0.0,0.0
13.22,344.0,0.26,0.26,0.26,11.9,10.9,11.7,13.45,2.3,0.11,0.18,211.1,6.2,164.0,1.0,1.0,738.0,697.0,748.0,0.0,752.0,13.1,78.3,544.0,32.6,33.8,0.1,3.2,2067.6,0.0,16.83,20.0,45.5,43.9,45.4,45.2,45.0,44.3,42.6,39.9,51.1,51.0,30.0,41.0,29.5,34.4,43.0,46.0,25.0,0.0,0.0,0.0,6.0,6.0,4.0,0.0,32.0,32.0,32.0,40.0,41.0,38.0,41.0,41.0,40.0,44.98,42.3,45.05,48.0,490.0,5.0,0.0,0.0,0.0
15.73,184.0,0.26,0.26,0.26,12.9,11.5,11.3,15.93,0.9,0.14,0.19,210.9,8.2,162.0,1.0,1.0,1186.0,699.0,1343.0,2.0,1341.0,15.8,122.5,815.0,33.1,34.5,0.1,3.2,2067.6,0.0,16.83,20.5,43.7,42.1,43.5,43.4,43.1,42.2,40.8,38.4,50.8,50.9,30.0,41.0,29.7,34.2,48.0,51.0,25.0,0.0,0.0,0.0,6.0,6.0,4.0,0.0,32.0,32.0,32.0,40.0,41.0,37.0,41.0,41.0,40.0,44.98,42.3,45.06,49.0,500.0,5.0,0.0,0.0,0.0
14.9,184.0,0.26,0.26,0.26,12.0,11.2,12.7,15.27,0.0,0.14,0.19,211.1,6.9,164.0,1.0,1.0,974.0,698.0,1071.0,0.0,1069.0,14.9,100.6,692.0,33.4,34.5,0.1,3.2,2067.6,0.0,16.83,19.9,45.6,43.9,45.4,45.2,45.0,44.2,42.7,40.2,51.1,50.8,30.0,41.0,29.5,34.4,45.0,47.0,25.0,0.0,0.0,0.0,6.0,6.0,4.0,0.0,32.0,32.0,32.0,40.0,41.0,38.0,41.0,41.0,40.0,44.98,42.3,45.06,48.0,500.0,5.0,0.0,0.0,0.0
13.99,48.0,0.26,0.26,0.26,12.2,11.0,11.4,14.21,4.1,0.09,0.14,212.3,4.9,175.0,1.0,1.0,839.0,697.0,888.0,-1.0,891.0,13.8,90.8,611.0,29.8,31.7,0.0,3.1,2067.6,0.0,16.83,20.3,45.5,43.9,45.4,45.2,44.9,44.2,42.0,39.6,51.0,50.7,30.0,41.0,29.7,34.4,43.0,46.0,25.0,0.0,0.0,0.0,6.0,6.0,4.0,0.0,32.0,32.0,32.0,40.0,41.0,38.0,41.0,41.0,40.0,44.98,42.3,45.06,49.0,500.0,5.0,0.0,0.0,0.0
13.44,248.0,0.26,0.26,0.26,11.4,11.1,12.0,13.78,-15.9,0.1,0.23,211.6,7.1,174.0,1.0,1.0,768.0,697.0,788.0,0.0,794.0,13.4,83.5,563.0,29.3,31.1,0.0,3.0,2067.6,0.0,16.83,20.2,45.6,44.0,45.5,45.3,45.0,44.3,42.2,39.8,51.0,50.8,30.0,41.0,29.7,34.4,41.0,43.0,25.0,0.0,0.0,0.0,6.0,6.0,4.0,0.0,32.0,32.0,32.0,40.0,41.0,38.0,41.0,41.0,40.0,44.98,42.31,45.05,48.0,490.0,5.0,0.0,0.0,0.0
16.29,208.0,0.26,0.26,0.27,11.2,12.4,12.7,16.52,11.4,0.14,0.15,212.0,9.5,159.0,1.0,1.0,1422.0,700.0,1642.0,2.0,1656.0,16.3,147.5,968.0,30.8,33.9,0.0,3.1,2067.6,0.0,16.83,19.8,46.7,45.2,46.6,46.5,46.1,45.2,43.1,40.6,51.2,51.3,31.0,41.0,29.5,34.4,51.0,56.0,25.0,0.0,0.0,0.0,6.0,6.0,4.0,0.0,32.0,32.0,32.0,40.0,41.0,38.0,41.0,41.0,40.0,44.98,42.3,45.06,49.0,500.0,5.1,0.0,0.0,0.0
16.19,152.0,0.26,0.26,0.26,13.2,10.9,12.9,16.39,9.5,0.1,0.2,211.8,7.0,161.0,1.0,1.0,1427.0,699.0,1653.0,1.0,1654.0,16.2,148.2,982.0,31.2,34.2,0.0,3.1,2067.6,0.0,16.83,19.9,46.2,44.6,46.1,45.9,45.7,44.9,42.9,40.3,51.2,51.1,29.0,41.0,29.5,34.4,53.0,58.0,25.0,0.0,0.0,0.0,6.0,6.0,4.0,0.0,32.0,32.0,32.0,40.0,41.0,38.0,41.0,41.0,40.0,44.98,42.3,45.06,48.0,490.0,5.0,0.0,0.0,0.0
13.81,120.0,0.26,0.26,0.26,11.4,11.1,12.2,14.11,2.4,0.13,0.2,211.8,6.1,174.0,1.0,1.0,812.0,697.0,850.0,1.0,853.0,13.9,85.1,593.0,30.1,31.3,0.0,3.1,2067.6,0.0,16.83,20.2,45.5,43.9,45.4,45.2,45.0,44.1,42.1,39.7,51.0,50.8,30.0,41.0,29.7,34.4,43.0,45.0,25.0,0.0,0.0,0.0,6.0,6.0,4.0,0.0,32.0,32.0,32.0,40.0,41.0,38.0,41.0,41.0,40.0,44.98,42.3,45.05,48.0,490.0,5.0,0.0,0.0,0.0
12.71,16.0,0.26,0.26,0.26,11.1,10.9,11.1,12.91,-0.1,0.1,0.18,211.5,5.0,168.0,1.0,1.0,686.0,697.0,665.0,1.0,667.0,12.8,74.3,501.0,29.9,30.6,0.0,3.1,2067.6,0.0,16.83,20.1,45.6,44.0,45.5,45.3,45.0,44.1,42.4,40.0,51.0,50.6,30.0,41.0,29.7,34.4,40.0,43.0,25.0,0.0,0.0,0.0,6.0,6.0,4.0,0.0,32.0,32.0,32.0,40.0,41.0,38.0,41.0,41.0,40.0,44.98,42.3,45.05,49.0,500.0,5.0,0.0,0.0,0.0
15.88,80.0,0.26,0.26,0.26,13.8,11.0,11.3,16.07,12.5,0.11,0.25,211.4,9.3,161.0,1.0,1.0,1279.0,699.0,1471.0,0.0,1470.0,16.0,131.9,884.0,32.0,34.7,0.0,3.1,2067.6,0.0,16.83,19.9,45.7,44.1,45.6,45.4,45.1,44.3,42.7,40.1,51.1,50.8,30.0,41.0,29.5,34.4,48.0,51.0,25.0,0.0,0.0,0.0,6.0,6.0,4.0,0.0,32.0,32.0,32.0,40.0,41.0,38.0,41.0,41.0,40.0,44.98,42.3,45.06,49.0,500.0,5.1,0.0,0.0,0.0
15.85,152.0,0.26,0.26,0.26,13.6,11.3,11.0,16.13,14.7,0.16,0.23,211.8,7.0,162.0,1.0,1.0,1252.0,699.0,1429.0,-1.0,1434.0,15.8,129.4,861.0,32.3,34.0,0.0,3.1,2067.6,0.0,16.83,19.9,45.9,44.3,45.8,45.6,45.3,44.5,42.8,40.2,51.2,50.9,30.0,41.0,29.5,34.4,49.0,53.0,25.0,0.0,0.0,0.0,6.0,6.0,4.0,0.0,32.0,32.0,32.0,40.0,41.0,38.0,41.0,41.0,40.0,44.98,42.3,45.06,49.0,500.0,5.1,0.0,0.0,0.0
0.0,0.0,0.0,0.0,0.0,0.0,0.0,0.0,0.0,0.0,0.0,0.0,0.0,0.0,0.0,0.0,0.0,0.0,0.0,749.0,1.0,0.0,0.0,0.0,0.0,0.0,0.0,0.0,0.0,0.0,0.0,0.0,0.0,0.0,0.0,0.0,0.0,0.0,0.0,0.0,0.0,0.0,0.0,0.0,0.0,0.0,0.0,0.0,0.0,0.0,0.0,0.0,0.0,0.0,0.0,0.0,0.0,0.0,0.0,0.0,0.0,0.0,0.0,0.0,0.0,0.0,0.0,0.0,0.0,0.0,0.0,0.0,0.0,0.0,0.0
15.54,240.0,0.26,0.26,0.26,13.2,11.3,11.1,15.82,-20.3,0.14,0.19,210.9,8.2,175.0,1.0,1.0,1119.0,699.0,1252.0,0.0,1261.0,15.5,115.8,768.0,31.2,33.9,0.0,3.1,2067.6,0.0,16.83,20.4,44.6,43.1,44.4,44.4,44.1,43.2,41.1,38.8,50.8,50.8,30.0,41.0,29.7,34.3,48.0,51.0,25.0,0.0,0.0,0.0,6.0,6.0,4.0,0.0,32.0,32.0,32.0,40.0,41.0,38.0,41.0,41.0,40.0,44.98,42.31,45.06,49.0,500.0,5.0,0.0,0.0,0.0
14.85,128.0,0.26,0.26,0.26,12.5,11.1,12.0,15.21,-0.4,0.16,0.22,211.2,8.4,155.0,1.0,1.0,963.0,698.0,1058.0,0.0,1059.0,14.8,98.9,684.0,32.7,33.8,0.1,3.2,2067.6,0.0,16.83,20.5,43.5,41.8,43.3,43.2,42.9,42.2,40.7,38.4,50.8,50.7,30.0,41.0,29.7,34.2,44.0,47.0,25.0,0.0,0.0,0.0,6.0,6.0,4.0,0.0,32.0,32.0,32.0,40.0,41.0,38.0,41.0,41.0,40.0,44.98,42.3,45.06,48.0,500.0,5.0,0.0,0.0,0.0
15.08,24.0,0.26,0.26,0.26,13.4,11.1,11.1,15.32,11.3,0.24,0.21,211.5,8.3,163.0,1.0,1.0,1014.0,698.0,1117.0,1.0,1112.0,15.1,101.4,708.0,33.5,34.4,0.0,3.2,2067.6,0.0,16.83,19.9,45.6,43.9,45.4,45.2,45.0,44.2,42.6,40.2,51.2,50.7,30.0,41.0,29.5,34.4,46.0,48.0,25.0,0.0,0.0,0.0,6.0,6.0,4.0,0.0,32.0,32.0,32.0,40.0,41.0,38.0,41.0,41.0,40.0,44.98,42.3,45.05,48.0,490.0,5.0,0.0,0.0,0.0
14.85,48.0,0.26,0.26,0.27,11.0,11.6,11.8,15.12,-24.1,0.15,0.16,27.2,7.8,179.0,1.0,1.0,959.0,697.0,1055.0,1.0,1058.0,15.0,99.5,681.0,30.1,32.5,0.0,3.1,1500.0,0.0,15.98,20.3,45.3,43.8,45.2,45.1,44.8,43.9,41.8,39.6,51.0,50.4,29.0,41.0,29.7,34.4,44.0,47.0,25.0,0.0,0.0,0.0,6.0,6.0,4.0,2.0,32.0,32.0,32.0,40.0,41.0,38.0,41.0,41.0,40.0,44.98,42.3,45.06,48.0,490.0,5.0,0.0,0.0,0.0
14.85,64.0,0.26,0.26,0.26,12.2,11.1,12.4,15.13,-8.2,0.1,0.2,210.7,8.6,175.0,1.0,1.0,969.0,698.0,1060.0,1.0,1066.0,14.9,100.3,686.0,29.8,32.8,0.0,3.1,2067.6,0.0,16.83,20.3,45.3,43.7,45.1,45.0,44.7,43.9,41.8,39.4,51.0,50.4,29.0,41.0,29.7,34.4,44.0,47.0,25.0,0.0,0.0,0.0,6.0,6.0,4.0,0.0,32.0,32.0,32.0,40.0,41.0,38.0,41.0,41.0,40.0,44.98,42.3,45.06,49.0,500.0,5.0,0.0,0.0,0.0
15.06,80.0,0.26,0.26,0.26,10.9,11.6,13.1,15.27,-4.2,0.16,0.15,26.9,6.5,176.0,1.0,1.0,992.0,698.0,1092.0,-1.0,1104.0,15.0,103.1,700.0,30.9,33.0,0.0,3.1,1500.0,0.0,15.98,20.3,45.0,43.4,44.9,44.7,44.4,43.7,41.4,39.1,50.9,50.6,30.0,41.0,29.7,34.3,45.0,48.0,25.0,0.0,0.0,0.0,6.0,6.0,4.0,2.0,32.0,32.0,32.0,40.0,41.0,38.0,41.0,41.0,40.0,44.98,42.3,45.06,49.0,500.0,5.0,0.0,0.0,0.0
15.54,24.0,0.26,0.26,0.26,13.2,11.1,11.3,15.77,-15.7,0.19,0.2,210.7,8.6,173.0,1.0,1.0,1141.0,699.0,1291.0,1.0,1310.0,15.7,117.4,792.0,31.2,33.8,0.0,3.1,2067.6,0.0,16.83,20.5,44.6,43.0,44.4,44.3,44.0,43.1,41.1,38.8,50.8,50.9,29.0,41.0,29.7,34.3,48.0,51.0,25.0,0.0,0.0,0.0,6.0,6.0,4.0,0.0,32.0,32.0,32.0,40.0,40.0,38.0,41.0,41.0,40.0,44.98,42.3,45.06,49.0,500.0,5.0,0.0,0.0,0.0
15.68,24.0,0.26,0.26,0.27,11.1,12.1,12.7,15.92,-12.6,0.16,0.15,210.7,8.1,170.0,1.0,1.0,1135.0,699.0,1272.0,2.0,1255.0,15.6,115.0,779.0,31.4,34.0,0.0,3.1,2067.6,0.0,16.83,20.4,44.4,42.9,44.3,44.2,43.8,43.0,40.9,38.8,50.8,50.9,30.0,41.0,29.7,34.3,49.0,52.0,25.0,0.0,0.0,0.0,6.0,6.0,4.0,0.0,32.0,32.0,32.0,40.0,41.0,37.0,41.0,41.0,40.0,44.98,42.3,45.06,49.0,500.0,5.0,0.0,0.0,0.0
14.85,296.0,0.26,0.26,0.26,12.7,10.9,11.5,15.11,-18.6,0.14,0.12,210.7,7.9,176.0,1.0,1.0,978.0,698.0,1074.0,0.0,1071.0,14.8,101.4,693.0,30.3,32.9,0.0,3.1,2067.6,0.0,16.83,20.3,45.2,43.6,45.0,44.9,44.6,43.8,41.6,39.4,50.9,50.4,30.0,41.0,29.7,34.4,45.0,48.0,25.0,0.0,0.0,0.0,6.0,6.0,4.0,0.0,32.0,32.0,32.0,40.0,41.0,38.0,41.0,41.0,40.0,44.98,42.3,45.06,49.0,500.0,5.0,0.0,0.0,0.0
15.0,136.0,0.26,0.26,0.26,10.8,11.6,12.7,15.22,-12.1,0.19,0.18,210.8,9.4,176.0,1.0,1.0,970.0,697.0,1065.0,0.0,1077.0,14.9,101.4,687.0,30.0,32.5,0.0,3.1,2067.6,0.0,16.83,20.3,45.3,43.7,45.1,45.0,44.8,43.9,41.9,39.4,51.0,50.5,30.0,41.0,29.7,34.4,44.0,47.0,25.0,0.0,0.0,0.0,6.0,6.0,4.0,0.0,32.0,32.0,32.0,40.0,41.0,38.0,41.0,41.0,40.0,44.98,42.3,45.06,49.0,490.0,5.0,0.0,0.0,0.0
15.55,168.0,0.26,0.26,0.26,10.8,11.8,12.9,15.84,-19.2,0.14,0.17,211.0,7.7,175.0,1.0,1.0,1075.0,699.0,1206.0,-1.0,1209.0,15.5,110.3,752.0,30.9,33.9,0.0,3.1,2067.6,0.0,16.83,20.4,44.6,43.1,44.5,44.4,44.1,43.2,41.1,38.9,50.9,50.8,29.0,41.0,29.7,34.3,48.0,51.0,25.0,0.0,0.0,0.0,6.0,6.0,4.0,0.0,32.0,32.0,32.0,40.0,41.0,38.0,41.0,41.0,40.0,44.98,42.3,45.06,48.0,500.0,5.0,0.0,0.0,0.0
15.79,24.0,0.26,0.26,0.26,10.8,11.9,13.4,16.03,4.8,0.18,0.14,211.2,7.8,164.0,1.0,1.0,1154.0,699.0,1299.0,1.0,1302.0,15.8,117.0,800.0,33.0,34.5,0.0,3.2,2067.6,0.0,16.83,20.0,45.7,44.0,45.5,45.3,45.0,44.3,42.7,40.0,51.2,50.7,30.0,41.0,29.5,34.4,47.0,48.0,25.0,0.0,0.0,0.0,6.0,6.0,4.0,0.0,32.0,32.0,32.0,40.0,41.0,38.0,41.0,41.0,40.0,44.98,42.3,45.05,49.0,490.0,5.0,0.0,0.0,0.0
15.29,224.0,0.26,0.26,0.26,10.9,11.7,12.6,15.48,-14.7,0.16,0.21,210.6,8.6,175.0,1.0,1.0,1033.0,699.0,1142.0,-1.0,1153.0,15.2,103.7,721.0,31.0,33.7,0.0,3.1,2067.6,0.0,16.83,20.4,44.8,43.2,44.6,44.5,44.2,43.4,41.2,39.0,50.9,50.7,29.0,41.0,29.7,34.3,48.0,51.0,25.0,0.0,0.0,0.0,6.0,6.0,4.0,0.0,32.0,32.0,32.0,40.0,41.0,38.0,41.0,41.0,40.0,44.98,42.3,45.06,49.0,490.0,5.0,0.0,0.0,0.0
16.01,280.0,0.26,0.26,0.26,13.6,11.4,11.0,16.29,13.6,0.14,0.2,211.5,6.9,159.0,1.0,1.0,1350.0,699.0,1555.0,-1.0,1558.0,16.1,138.7,924.0,31.3,34.0,0.0,3.1,2067.6,0.0,16.83,19.8,46.6,44.9,46.5,46.3,46.0,45.3,42.9,40.4,51.2,51.3,30.0,41.0,29.5,34.4,51.0,55.0,25.0,0.0,0.0,0.0,6.0,6.0,4.0,0.0,32.0,32.0,32.0,40.0,41.0,38.0,41.0,41.0,40.0,44.98,42.31,45.06,49.0,490.0,5.0,0.0,0.0,0.0
15.73,96.0,0.26,0.26,0.26,11.1,11.5,13.1,16.07,-9.0,0.17,0.17,210.9,8.5,164.0,1.0,1.0,1183.0,699.0,1336.0,3.0,1340.0,15.7,119.4,820.0,32.0,34.9,0.0,3.1,2067.6,0.0,16.83,20.5,43.9,42.3,43.6,43.6,43.4,42.5,40.9,38.5,50.8,50.9,29.0,41.0,29.7,34.2,49.0,52.0,25.0,0.0,0.0,0.0,6.0,6.0,4.0,0.0,32.0,32.0,32.0,40.0,41.0,38.0,41.0,41.0,40.0,44.98,42.3,45.06,49.0,500.0,5.0,0.0,0.0,0.0
14.72,120.0,0.26,0.26,0.26,13.1,11.1,11.0,15.01,-26.6,0.13,0.18,27.2,7.6,181.0,1.0,1.0,960.0,698.0,1049.0,0.0,1048.0,14.8,101.1,680.0,29.8,32.5,0.0,3.1,1500.0,0.0,15.98,20.3,45.4,43.8,45.2,45.1,44.8,43.9,41.7,39.6,51.0,50.5,29.0,41.0,29.7,34.4,44.0,47.0,25.0,0.0,0.0,0.0,6.0,6.0,4.0,2.0,32.0,32.0,32.0,40.0,40.0,38.0,41.0,41.0,40.0,44.98,42.3,45.06,49.0,500.0,5.0,0.0,0.0,0.0
15.77,256.0,0.26,0.26,0.26,11.1,11.6,13.2,15.98,-2.2,0.12,0.18,210.8,7.8,162.0,1.0,1.0,1177.0,699.0,1332.0,1.0,1328.0,15.7,119.4,817.0,32.9,34.7,0.1,3.2,2067.6,0.0,16.83,20.5,43.6,42.1,43.5,43.4,43.1,42.2,40.8,38.5,50.8,50.9,30.0,41.0,29.7,34.2,48.0,51.0,25.0,0.0,0.0,0.0,6.0,6.0,4.0,0.0,32.0,32.0,32.0,40.0,41.0,38.0,41.0,41.0,40.0,44.98,42.3,45.06,48.0,490.0,5.0,0.0,0.0,0.0
15.11,80.0,0.26,0.26,0.26,10.9,11.7,12.7,15.38,-21.3,0.07,0.15,210.6,9.5,176.0,1.0,1.0,1000.0,698.0,1102.0,1.0,1104.0,15.0,102.0,705.0,31.0,33.3,0.0,3.1,2067.6,0.0,16.83,20.4,44.8,43.2,44.7,44.5,44.2,43.6,41.2,39.0,50.9,50.8,30.0,41.0,29.7,34.3,47.0,50.0,25.0,0.0,0.0,0.0,6.0,6.0,4.0,0.0,32.0,32.0,32.0,40.0,41.0,38.0,41.0,41.0,40.0,44.97,42.3,45.06,49.0,500.0,5.0,0.0,0.0,0.0
14.88,96.0,0.26,0.26,0.26,12.7,11.1,11.1,15.01,-5.3,0.17,0.2,211.6,7.6,164.0,1.0,1.0,974.0,698.0,1066.0,0.0,1067.0,14.8,99.0,686.0,33.5,34.4,0.1,3.2,2067.6,0.0,16.83,20.0,45.6,43.9,45.4,45.2,44.9,44.1,42.7,40.2,51.1,50.8,30.0,41.0,29.5,34.4,45.0,47.0,25.0,0.0,0.0,0.0,6.0,6.0,4.0,0.0,32.0,32.0,32.0,40.0,41.0,38.0,41.0,41.0,40.0,44.98,42.3,45.06,49.0,500.0,5.0,0.0,0.0,0.0
15.91,40.0,0.26,0.26,0.26,11.0,11.7,13.4,16.06,3.9,0.13,0.15,211.0,8.5,161.0,1.0,1.0,1231.0,699.0,1399.0,0.0,1410.0,15.9,125.3,851.0,33.2,34.6,0.1,3.2,2067.6,0.0,16.83,20.5,43.6,42.1,43.5,43.4,43.0,42.2,40.8,38.4,50.8,50.9,30.0,41.0,29.7,34.2,47.0,50.0,25.0,0.0,0.0,0.0,6.0,6.0,4.0,0.0,32.0,32.0,32.0,40.0,41.0,38.0,41.0,41.0,40.0,44.98,42.31,45.06,48.0,500.0,5.0,0.0,0.0,0.0
15.79,96.0,0.26,0.26,0.26,13.7,11.1,11.3,15.97,3.1,0.14,0.23,211.4,7.8,163.0,1.0,1.0,1235.0,698.0,1407.0,1.0,1419.0,15.8,125.4,850.0,32.1,34.0,0.0,3.1,2067.6,0.0,16.83,19.9,45.8,44.2,45.8,45.5,45.2,44.7,42.7,40.0,51.1,50.8,30.0,41.0,29.5,34.4,49.0,53.0,25.0,0.0,0.0,0.0,6.0,6.0,4.0,0.0,32.0,32.0,32.0,40.0,41.0,38.0,41.0,41.0,40.0,44.98,42.3,45.06,49.0,500.0,5.0,0.0,0.0,0.0
13.6,120.0,0.26,0.26,0.26,12.0,11.0,11.4,13.81,3.1,0.13,0.23,211.8,6.3,173.0,1.0,1.0,783.0,697.0,815.0,-1.0,815.0,13.5,85.8,577.0,29.8,31.5,0.0,3.0,2067.6,0.0,16.83,20.2,45.5,43.9,45.4,45.3,45.0,44.3,42.0,39.7,51.0,50.8,30.0,41.0,29.7,34.4,42.0,45.0,25.0,0.0,0.0,0.0,6.0,6.0,4.0,0.0,32.0,32.0,32.0,40.0,41.0,38.0,41.0,41.0,40.0,44.98,42.3,45.06,48.0,490.0,5.0,0.0,0.0,0.0
15.04,8.0,0.26,0.26,0.26,13.2,11.3,11.1,15.21,-14.0,0.13,0.23,27.0,6.7,177.0,1.0,1.0,996.0,699.0,1097.0,0.0,1119.0,15.1,102.5,700.0,30.7,32.9,0.0,3.1,1500.0,0.0,15.98,20.3,45.0,43.4,44.9,44.7,44.4,43.7,41.4,39.2,50.9,50.6,30.0,41.0,29.7,34.4,45.0,48.0,25.0,0.0,0.0,0.0,6.0,6.0,4.0,2.0,32.0,32.0,32.0,40.0,41.0,38.0,41.0,41.0,40.0,44.98,42.3,45.05,48.0,500.0,5.0,0.0,0.0,0.0
14.31,352.0,0.26,0.26,0.26,11.0,11.7,11.7,14.57,-8.7,0.17,0.14,26.8,7.0,183.0,1.0,1.0,888.0,697.0,953.0,1.0,945.0,14.2,94.7,638.0,30.2,32.2,0.0,3.1,1500.0,0.0,15.98,20.3,45.4,43.9,45.3,45.1,44.8,44.0,41.8,39.5,51.0,50.6,30.0,41.0,29.7,34.4,44.0,46.0,25.0,0.0,0.0,0.0,6.0,6.0,4.0,2.0,32.0,32.0,32.0,40.0,41.0,38.0,41.0,41.0,40.0,44.98,42.3,45.06,49.0,490.0,5.0,0.0,0.0,0.0
15.92,40.0,0.26,0.26,0.26,12.0,11.1,12.8,16.23,-13.7,0.13,0.23,211.1,8.6,169.0,1.0,1.0,1277.0,699.0,1469.0,2.0,1475.0,15.8,132.2,888.0,31.9,34.3,0.0,3.1,2067.6,0.0,16.83,20.5,44.1,42.5,43.9,43.8,43.5,42.7,40.8,38.6,50.8,51.0,29.0,41.0,29.7,34.2,48.0,52.0,25.0,0.0,0.0,0.0,6.0,6.0,4.0,0.0,32.0,32.0,32.0,40.0,41.0,38.0,41.0,41.0,40.0,44.98,42.3,45.06,48.0,490.0,5.0,0.0,0.0,0.0
15.46,240.0,0.26,0.26,0.27,11.3,11.8,12.2,15.74,-16.0,0.16,0.18,210.8,7.8,175.0,1.0,1.0,1071.0,699.0,1195.0,0.0,1200.0,15.5,107.3,740.0,31.1,33.7,0.0,3.1,2067.6,0.0,16.83,20.4,44.7,43.2,44.5,44.4,44.1,43.3,41.2,38.9,50.9,50.8,30.0,41.0,29.7,34.3,48.0,51.0,25.0,0.0,0.0,0.0,6.0,6.0,4.0,0.0,32.0,32.0,32.0,40.0,41.0,38.0,41.0,41.0,40.0,44.98,42.3,45.06,49.0,490.0,5.1,0.0,0.0,0.0
15.77,240.0,0.26,0.26,0.26,10.8,12.2,13.1,16.02,-9.0,0.14,0.13,210.6,7.7,169.0,1.0,1.0,1197.0,699.0,1357.0,-1.0,1359.0,15.7,121.2,826.0,31.4,34.2,0.0,3.1,2067.6,0.0,16.83,20.5,44.3,42.7,44.2,44.0,43.7,42.9,40.9,38.7,50.8,50.9,30.0,41.0,29.7,34.2,49.0,53.0,25.0,0.0,0.0,0.0,6.0,6.0,4.0,0.0,32.0,32.0,32.0,40.0,40.0,37.0,41.0,41.0,40.0,44.98,42.3,45.06,49.0,500.0,5.0,0.0,0.0,0.0
15.95,240.0,0.26,0.26,0.26,10.9,11.6,13.6,16.19,10.9,0.17,0.19,211.4,9.5,162.0,1.0,1.0,1249.0,699.0,1419.0,0.0,1398.0,15.8,124.4,863.0,32.7,34.5,0.0,3.1,2067.6,0.0,16.83,19.9,45.7,44.0,45.6,45.3,45.1,44.3,42.6,40.0,51.1,50.7,30.0,41.0,29.5,34.4,47.0,49.0,25.0,0.0,0.0,0.0,6.0,6.0,4.0,0.0,32.0,32.0,32.0,40.0,41.0,38.0,41.0,41.0,40.0,44.98,42.3,45.06,48.0,500.0,5.0,0.0,0.0,0.0
14.55,136.0,0.26,0.26,0.26,12.4,11.2,11.1,14.83,-14.5,0.15,0.2,210.4,8.0,176.0,1.0,1.0,917.0,698.0,992.0,1.0,996.0,14.5,97.5,655.0,30.2,32.7,0.0,3.1,2067.6,0.0,16.83,20.3,45.2,43.7,45.1,45.0,44.7,44.0,41.7,39.4,50.9,50.5,30.0,41.0,29.7,34.4,45.0,47.0,25.0,0.0,0.0,0.0,6.0,6.0,4.0,0.0,32.0,32.0,32.0,40.0,41.0,38.0,41.0,41.0,40.0,44.98,42.3,45.06,49.0,490.0,5.0,0.0,0.0,0.0
14.35,264.0,0.26,0.26,0.27,10.9,11.5,11.8,14.61,-3.4,0.14,0.09,212.5,6.9,179.0,1.0,1.0,885.0,698.0,948.0,1.0,952.0,14.3,94.0,633.0,29.6,32.1,0.0,3.1,2067.6,0.0,16.83,20.3,45.5,43.9,45.4,45.2,44.9,44.0,41.9,39.6,51.0,50.7,30.0,41.0,29.7,34.4,43.0,46.0,25.0,0.0,0.0,0.0,6.0,6.0,4.0,0.0,32.0,32.0,32.0,40.0,41.0,38.0,41.0,41.0,40.0,44.98,42.3,45.05,49.0,490.0,5.1,0.0,0.0,0.0
15.9,312.0,0.26,0.26,0.26,11.1,11.5,13.4,16.14,-9.7,0.14,0.18,210.5,8.5,168.0,1.0,1.0,1249.0,699.0,1423.0,0.0,1440.0,15.9,125.4,865.0,32.0,34.0,0.0,3.1,2067.6,0.0,16.83,20.5,44.2,42.6,44.1,43.9,43.6,42.8,40.8,38.6,50.8,51.0,30.0,41.0,29.7,34.3,49.0,53.0,25.0,0.0,0.0,0.0,6.0,6.0,4.0,0.0,32.0,32.0,32.0,40.0,41.0,38.0,41.0,41.0,40.0,44.98,42.3,45.05,48.0,500.0,5.0,0.0,0.0,0.0
13.63,248.0,0.26,0.26,0.26,12.3,11.0,11.1,13.91,-0.7,0.09,0.18,211.7,6.2,174.0,1.0,1.0,788.0,697.0,816.0,0.0,810.0,13.7,82.1,572.0,29.0,31.3,0.0,3.0,2054.2,0.0,16.81,20.2,45.6,44.0,45.4,45.3,45.0,44.2,42.3,39.9,51.0,50.7,29.0,41.0,29.7,34.4,40.0,43.0,25.0,0.0,0.0,0.0,6.0,6.0,4.0,0.0,32.0,32.0,32.0,40.0,41.0,38.0,41.0,41.0,40.0,44.98,42.3,45.05,49.0,480.0,5.0,0.0,0.0,0.0
15.74,328.0,0.26,0.26,0.26,13.4,11.2,11.2,16.11,-14.7,0.16,0.18,210.8,8.2,168.0,1.0,1.0,1242.0,700.0,1420.0,0.0,1423.0,15.8,129.6,858.0,32.3,34.0,0.0,3.2,2067.6,0.0,16.83,20.5,44.0,42.4,43.8,43.8,43.4,42.6,40.9,38.6,50.8,51.0,30.0,41.0,29.7,34.2,48.0,52.0,25.0,0.0,0.0,0.0,6.0,6.0,4.0,0.0,32.0,32.0,32.0,40.0,41.0,37.0,41.0,41.0,40.0,44.98,42.3,45.06,49.0,500.0,5.0,0.0,0.0,0.0
15.84,272.0,0.26,0.26,0.27,11.3,12.2,12.2,16.14,-0.8,0.19,0.13,211.4,8.5,162.0,1.0,1.0,1228.0,698.0,1400.0,0.0,1384.0,15.7,129.2,847.0,33.0,34.5,0.1,3.2,2067.6,0.0,16.83,20.5,43.6,42.1,43.5,43.4,43.0,42.2,40.8,38.4,50.8,50.9,29.0,41.0,29.7,34.2,47.0,50.0,25.0,0.0,0.0,0.0,6.0,6.0,4.0,0.0,32.0,32.0,32.0,40.0,41.0,38.0,41.0,41.0,40.0,44.98,42.31,45.05,48.0,490.0,4.9,0.0,0.0,0.0
13.36,176.0,0.26,0.26,0.26,11.4,11.2,11.1,13.6,-17.7,0.17,0.18,212.0,7.8,175.0,1.0,1.0,760.0,697.0,776.0,0.0,777.0,13.4,82.4,556.0,29.2,31.3,0.0,3.0,2067.6,0.0,16.83,20.2,45.6,44.0,45.5,45.3,45.0,44.2,42.2,39.8,51.0,50.9,29.0,41.0,29.7,34.4,41.0,43.0,25.0,0.0,0.0,0.0,6.0,6.0,4.0,0.0,32.0,32.0,32.0,40.0,41.0,38.0,41.0,41.0,40.0,44.98,42.31,45.05,48.0,480.0,4.9,0.0,0.0,0.0
14.35,56.0,0.26,0.26,0.26,11.6,11.3,12.4,14.73,-4.7,0.11,0.2,211.4,6.9,152.0,1.0,1.0,884.0,698.0,950.0,1.0,942.0,14.2,92.7,637.0,32.6,33.5,0.0,3.2,2067.6,0.0,16.83,20.5,43.5,41.8,43.2,43.1,42.9,42.2,40.7,38.3,50.8,50.8,30.0,41.0,29.7,34.2,44.0,46.0,25.0,0.0,0.0,0.0,6.0,6.0,4.0,0.0,32.0,32.0,32.0,40.0,40.0,37.0,41.0,41.0,40.0,44.98,42.3,45.05,49.0,500.0,5.0,0.0,0.0,0.0
13.81,336.0,0.26,0.26,0.26,10.8,11.6,12.2,14.11,3.7,0.09,0.27,212.0,6.1,174.0,1.0,1.0,812.0,697.0,847.0,-1.0,845.0,13.7,84.7,591.0,29.7,31.6,0.0,3.1,2067.6,0.0,16.83,20.2,45.5,43.9,45.4,45.2,45.0,44.1,42.1,39.7,51.0,50.8,30.0,41.0,29.7,34.4,43.0,45.0,25.0,0.0,0.0,0.0,6.0,6.0,4.0,0.0,32.0,32.0,32.0,40.0,41.0,38.0,41.0,41.0,40.0,44.98,42.3,45.05,48.0,490.0,5.0,0.0,0.0,0.0
14.73,264.0,0.26,0.26,0.27,11.2,11.6,11.6,14.92,-28.8,0.28,0.18,26.7,8.2,182.0,1.0,1.0,946.0,698.0,1033.0,0.0,1029.0,14.8,99.1,672.0,29.7,32.4,0.0,3.1,1500.0,0.0,15.98,20.3,45.4,43.8,45.2,45.1,44.8,43.9,41.7,39.6,51.0,50.5,30.0,41.0,29.7,34.4,44.0,47.0,25.0,0.0,0.0,0.0,6.0,6.0,4.0,2.0,32.0,32.0,32.0,40.0,41.0,38.0,41.0,41.0,40.0,44.98,42.3,45.05,49.0,500.0,5.0,0.0,0.0,0.0
15.31,136.0,0.26,0.26,0.26,13.1,11.4,11.0,15.52,-7.9,0.24,0.17,210.8,7.4,175.0,1.0,1.0,1042.0,698.0,1157.0,1.0,1159.0,15.4,107.6,724.0,30.3,33.1,0.0,3.1,2067.6,0.0,16.83,20.3,45.1,43.5,45.0,44.8,44.5,43.7,41.6,39.3,50.9,50.5,30.0,41.0,29.7,34.4,46.0,48.0,25.0,0.0,0.0,0.0,6.0,6.0,4.0,0.0,32.0,32.0,32.0,40.0,40.0,37.0,41.0,41.0,40.0,44.98,42.31,45.06,49.0,500.0,5.0,0.0,0.0,0.0
15.96,200.0,0.26,0.26,0.26,10.9,11.9,13.1,16.17,-4.8,0.1,0.18,210.9,8.6,162.0,1.0,1.0,1230.0,698.0,1401.0,2.0,1405.0,15.9,127.0,852.0,33.1,34.2,0.1,3.2,2067.6,0.0,16.83,20.5,43.6,42.0,43.5,43.3,43.0,42.2,40.8,38.3,50.7,50.8,29.0,41.0,29.7,34.2,47.0,50.0,25.0,0.0,0.0,0.0,6.0,6.0,4.0,0.0,32.0,32.0,32.0,40.0,40.0,38.0,41.0,41.0,40.0,44.98,42.3,45.06,48.0,500.0,5.0,0.0,0.0,0.0
15.96,112.0,0.26,0.26,0.26,10.9,11.6,13.4,16.19,-2.1,0.14,0.15,210.6,9.7,168.0,1.0,1.0,1288.0,700.0,1467.0,1.0,1472.0,15.9,132.7,888.0,31.9,34.4,0.0,3.1,2067.6,0.0,16.83,20.5,44.1,42.5,44.0,43.9,43.5,42.8,40.8,38.7,50.8,51.0,30.0,41.0,29.7,34.2,48.0,52.0,25.0,0.0,0.0,0.0,6.0,6.0,4.0,0.0,32.0,32.0,32.0,40.0,41.0,38.0,41.0,41.0,40.0,44.98,42.3,45.06,48.0,500.0,5.0,0.0,0.0,0.0
14.91,120.0,0.26,0.26,0.26,11.8,11.2,12.4,15.11,-23.5,0.11,0.27,28.0,8.5,178.0,1.0,1.0,974.0,698.0,1076.0,0.0,1054.0,14.8,100.0,693.0,30.2,32.1,0.0,3.1,1500.0,0.0,15.98,20.3,45.3,43.8,45.2,45.1,44.8,43.9,41.8,39.5,51.0,50.4,30.0,41.0,29.7,34.4,44.0,47.0,25.0,0.0,0.0,0.0,6.0,6.0,4.0,0.0,32.0,32.0,32.0,40.0,41.0,38.0,41.0,41.0,40.0,44.98,42.31,45.06,49.0,500.0,5.0,0.0,0.0,0.0
14.34,192.0,0.26,0.26,0.26,11.6,11.6,11.5,14.58,-3.2,0.08,0.2,27.2,6.0,183.0,1.0,1.0,883.0,697.0,947.0,0.0,949.0,14.3,93.0,632.0,29.7,32.2,0.0,3.1,1500.0,0.0,15.98,20.3,45.4,43.9,45.4,45.1,44.8,44.1,41.8,39.5,51.0,50.5,30.0,41.0,29.7,34.4,44.0,46.0,25.0,0.0,0.0,0.0,6.0,6.0,4.0,2.0,32.0,32.0,32.0,40.0,41.0,37.0,41.0,41.0,40.0,44.98,42.3,45.06,48.0,500.0,5.0,0.0,0.0,0.0
15.84,312.0,0.26,0.26,0.26,13.4,11.1,11.3,16.03,-6.5,0.19,0.18,210.7,9.0,168.0,1.0,1.0,1259.0,699.0,1441.0,1.0,1444.0,15.7,131.1,870.0,31.9,34.1,0.0,3.2,2067.6,0.0,16.83,20.5,44.3,42.6,44.1,44.0,43.6,42.9,40.9,38.6,50.8,50.9,30.0,41.0,29.7,34.3,49.0,53.0,25.0,0.0,0.0,0.0,6.0,6.0,4.0,0.0,32.0,32.0,32.0,40.0,41.0,38.0,41.0,41.0,40.0,44.98,42.3,45.06,48.0,490.0,5.0,0.0,0.0,0.0
15.68,168.0,0.26,0.26,0.26,13.5,11.2,11.1,15.93,-7.7,0.14,0.22,210.8,7.7,169.0,1.0,1.0,1187.0,699.0,1345.0,-2.0,1353.0,15.6,124.8,817.0,31.3,34.0,0.0,3.1,2067.6,0.0,16.83,20.5,44.3,42.7,44.2,44.0,43.7,42.9,40.9,38.7,50.8,51.0,29.0,41.0,29.7,34.2,49.0,53.0,25.0,0.0,0.0,0.0,6.0,6.0,4.0,0.0,32.0,32.0,32.0,40.0,41.0,38.0,41.0,41.0,40.0,44.98,42.3,45.06,48.0,490.0,5.0,0.0,0.0,0.0
14.38,112.0,0.26,0.26,0.26,10.7,11.6,12.5,14.67,15.3,0.19,0.18,211.6,7.0,161.0,1.0,1.0,881.0,698.0,944.0,0.0,945.0,14.3,93.0,634.0,33.2,34.1,0.1,3.2,2067.6,0.0,16.83,20.0,45.5,44.0,45.5,45.2,44.9,44.1,42.5,40.2,51.1,50.9,30.0,41.0,29.5,34.4,43.0,46.0,25.0,0.0,0.0,0.0,6.0,6.0,4.0,0.0,32.0,32.0,32.0,40.0,41.0,38.0,41.0,41.0,40.0,44.98,42.3,45.06,49.0,490.0,5.0,0.0,0.0,0.0
15.51,24.0,0.26,0.26,0.27,11.8,11.8,11.8,15.74,-20.7,0.17,0.18,210.5,9.4,175.0,1.0,1.0,1076.0,699.0,1201.0,-1.0,1198.0,15.5,108.4,743.0,31.0,34.2,0.0,3.1,2067.6,0.0,16.83,20.4,44.6,43.1,44.4,44.4,44.1,43.2,41.1,38.8,50.9,50.8,30.0,41.0,29.7,34.3,48.0,51.0,25.0,0.0,0.0,0.0,6.0,6.0,4.0,0.0,32.0,32.0,32.0,40.0,40.0,38.0,41.0,41.0,40.0,44.98,42.3,45.06,48.0,500.0,5.0,0.0,0.0,0.0
15.91,168.0,0.26,0.26,0.26,13.3,11.6,11.0,16.13,11.3,0.11,0.13,211.6,6.9,162.0,1.0,1.0,1281.0,699.0,1466.0,1.0,1482.0,16.0,131.3,882.0,32.7,34.7,0.0,3.1,2067.6,0.0,16.83,19.9,45.7,44.0,45.6,45.4,45.1,44.3,42.7,40.0,51.1,50.7,30.0,41.0,29.5,34.4,47.0,49.0,25.0,0.0,0.0,0.0,6.0,6.0,4.0,0.0,32.0,32.0,32.0,40.0,41.0,38.0,41.0,41.0,40.0,44.98,42.3,45.06,49.0,490.0,5.0,0.0,0.0,0.0
15.86,168.0,0.26,0.26,0.26,13.2,11.6,11.1,16.13,3.9,0.08,0.2,211.3,7.6,162.0,1.0,1.0,1270.0,699.0,1454.0,1.0,1469.0,16.0,130.9,872.0,32.0,34.6,0.0,3.1,2067.6,0.0,16.83,19.9,45.8,44.1,45.7,45.5,45.1,44.6,42.7,40.2,51.2,50.8,30.0,41.0,29.5,34.4,49.0,52.0,25.0,0.0,0.0,0.0,6.0,6.0,4.0,0.0,32.0,32.0,32.0,40.0,41.0,38.0,41.0,41.0,40.0,44.98,42.3,45.06,49.0,490.0,5.1,0.0,0.0,0.0
15.85,312.0,0.26,0.26,0.26,12.0,11.2,13.4,16.14,-1.9,0.13,0.22,211.5,7.1,164.0,1.0,1.0,1231.0,699.0,1398.0,1.0,1396.0,15.8,127.3,851.0,31.8,34.6,0.0,3.1,2067.6,0.0,16.83,19.9,45.8,44.2,45.8,45.5,45.2,44.7,42.7,40.0,51.1,50.8,29.0,41.0,29.5,34.4,49.0,53.0,25.0,0.0,0.0,0.0,6.0,6.0,4.0,0.0,32.0,32.0,32.0,40.0,41.0,38.0,41.0,41.0,40.0,44.98,42.3,45.06,49.0,490.0,5.0,0.0,0.0,0.0
15.04,224.0,0.26,0.26,0.26,10.9,11.6,13.0,15.23,-23.7,0.08,0.23,26.9,8.2,179.0,1.0,1.0,984.0,698.0,1077.0,0.0,1072.0,14.9,101.7,691.0,30.7,33.0,0.0,3.1,1500.0,0.0,15.98,20.4,45.0,43.4,44.9,44.7,44.4,43.7,41.4,39.0,50.9,50.7,30.0,41.0,29.7,34.4,46.0,48.0,25.0,0.0,0.0,0.0,6.0,6.0,4.0,2.0,32.0,32.0,32.0,40.0,40.0,38.0,41.0,41.0,40.0,44.98,42.3,45.06,48.0,500.0,5.0,0.0,0.0,0.0
13.43,32.0,0.26,0.26,0.26,12.1,10.9,11.1,13.61,-19.4,0.14,0.15,211.8,6.9,175.0,1.0,1.0,769.0,697.0,787.0,1.0,793.0,13.5,80.6,561.0,29.2,31.6,0.0,3.1,2067.6,0.0,16.83,20.2,45.6,44.0,45.5,45.3,45.0,44.3,42.2,39.8,51.0,50.9,30.0,41.0,29.7,34.4,41.0,43.0,25.0,0.0,0.0,0.0,6.0,6.0,4.0,0.0,32.0,32.0,32.0,40.0,41.0,38.0,41.0,41.0,40.0,44.98,42.31,45.05,48.0,490.0,5.0,0.0,0.0,0.0
14.38,336.0,0.26,0.26,0.26,11.8,11.0,12.2,14.51,-3.7,0.14,0.25,212.8,7.3,180.0,1.0,1.0,891.0,697.0,954.0,1.0,946.0,14.2,91.6,639.0,29.8,32.1,0.0,3.1,2067.6,0.0,16.83,20.3,45.5,43.9,45.4,45.2,44.9,43.9,41.9,39.6,51.0,50.7,30.0,41.0,29.7,34.4,43.0,46.0,25.0,0.0,0.0,0.0,6.0,6.0,4.0,0.0,32.0,32.0,32.0,40.0,41.0,38.0,41.0,41.0,40.0,44.98,42.3,45.05,48.0,500.0,5.0,0.0,0.0,0.0
15.12,224.0,0.26,0.26,0.26,13.1,11.3,11.0,15.32,-10.0,0.14,0.14,26.7,7.2,177.0,1.0,1.0,1010.0,698.0,1111.0,1.0,1119.0,15.1,102.1,706.0,30.5,32.9,0.0,3.1,1500.0,0.0,15.98,20.3,45.1,43.5,44.9,44.8,44.5,43.7,41.4,39.2,50.9,50.7,30.0,41.0,29.7,34.4,45.0,48.0,25.0,0.0,0.0,0.0,6.0,6.0,4.0,2.0,32.0,32.0,32.0,40.0,41.0,38.0,41.0,41.0,40.0,44.98,42.3,45.05,48.0,500.0,5.0,0.0,0.0,0.0
15.09,296.0,0.26,0.26,0.27,11.3,11.6,12.0,15.37,-19.2,0.2,0.2,210.6,9.1,176.0,1.0,1.0,997.0,698.0,1105.0,2.0,1123.0,15.2,104.0,702.0,30.9,33.4,0.0,3.1,2067.6,0.0,16.83,20.4,44.8,43.2,44.6,44.5,44.2,43.5,41.2,39.0,50.9,50.8,29.0,41.0,29.7,34.3,47.0,50.0,25.0,0.0,0.0,0.0,6.0,6.0,4.0,0.0,32.0,32.0,32.0,40.0,40.0,38.0,41.0,41.0,40.0,44.98,42.3,45.06,49.0,500.0,5.0,0.0,0.0,0.0
16.21,152.0,0.26,0.26,0.26,12.3,11.1,13.8,16.6,7.9,0.12,0.16,211.2,7.5,162.0,1.0,1.0,1414.0,700.0,1634.0,1.0,1625.0,16.1,147.5,975.0,32.0,34.1,0.0,3.1,2067.6,0.0,16.83,19.9,46.0,44.4,45.9,45.7,45.5,44.6,42.8,40.3,51.2,51.0,30.0,41.0,29.5,34.4,50.0,54.0,25.0,0.0,0.0,0.0,6.0,6.0,4.0,0.0,32.0,32.0,32.0,40.0,41.0,38.0,41.0,41.0,40.0,44.98,42.3,45.05,48.0,500.0,5.0,0.0,0.0,0.0
13.1,160.0,0.26,0.26,0.26,11.0,11.4,11.6,13.29,15.6,0.13,0.14,211.3,6.0,168.0,1.0,1.0,727.0,697.0,728.0,0.0,735.0,13.1,78.5,533.0,29.2,30.9,0.0,3.0,2067.6,0.0,16.83,20.2,45.6,44.0,45.4,45.3,45.0,44.3,42.3,39.8,51.0,50.7,30.0,41.0,29.7,34.4,40.0,43.0,25.0,0.0,0.0,0.0,6.0,6.0,4.0,0.0,32.0,32.0,32.0,40.0,41.0,38.0,41.0,41.0,40.0,44.97,42.3,45.06,49.0,500.0,5.0,0.0,0.0,0.0
14.42,272.0,0.26,0.26,0.26,11.1,11.3,12.4,14.71,-0.8,0.08,0.2,211.2,8.1,153.0,1.0,1.0,895.0,698.0,964.0,1.0,974.0,14.5,93.2,643.0,32.8,33.8,0.0,3.2,2067.6,0.0,16.83,20.5,43.5,41.8,43.2,43.1,42.9,42.3,40.8,38.3,50.8,50.7,29.0,41.0,29.7,34.2,44.0,46.0,25.0,0.0,0.0,0.0,6.0,6.0,4.0,0.0,32.0,32.0,32.0,40.0,41.0,37.0,41.0,41.0,40.0,44.98,42.3,45.05,48.0,480.0,4.9,0.0,0.0,0.0
14.45,64.0,0.26,0.26,0.26,12.1,11.0,12.7,14.73,-12.5,0.09,0.23,27.4,5.8,183.0,1.0,1.0,907.0,697.0,981.0,0.0,993.0,14.6,96.2,653.0,29.8,32.2,0.0,3.1,1500.0,0.0,15.98,20.3,45.4,43.9,45.3,45.1,44.8,44.0,41.7,39.5,50.9,50.5,30.0,41.0,29.7,34.4,44.0,47.0,25.0,0.0,0.0,0.0,6.0,6.0,4.0,2.0,32.0,32.0,32.0,40.0,41.0,38.0,41.0,41.0,40.0,44.97,42.3,45.06,48.0,500.0,5.0,0.0,0.0,0.0
15.73,96.0,0.26,0.26,0.26,10.9,12.0,12.8,15.94,-19.8,0.11,0.14,210.8,9.0,173.0,1.0,1.0,1120.0,699.0,1258.0,1.0,1263.0,15.6,114.5,776.0,31.5,33.7,0.0,3.1,2067.6,0.0,16.83,20.5,44.5,43.0,44.4,44.3,44.0,43.1,41.0,38.8,50.8,50.8,30.0,41.0,29.7,34.3,48.0,51.0,25.0,0.0,0.0,0.0,6.0,6.0,4.0,0.0,32.0,32.0,32.0,40.0,41.0,37.0,41.0,41.0,40.0,44.98,42.3,45.06,48.0,490.0,5.0,0.0,0.0,0.0
15.95,296.0,0.26,0.26,0.27,10.9,12.4,13.1,16.23,8.8,0.21,0.13,211.8,7.1,161.0,1.0,1.0,1272.0,699.0,1457.0,0.0,1461.0,15.9,134.4,876.0,31.8,34.0,0.0,3.1,2067.6,0.0,16.83,19.9,46.4,44.7,46.3,46.1,45.8,45.1,42.9,40.4,51.2,51.2,30.0,41.0,29.5,34.4,53.0,58.0,25.0,0.0,0.0,0.0,6.0,6.0,4.0,0.0,32.0,32.0,32.0,40.0,41.0,38.0,41.0,41.0,40.0,44.98,42.3,45.05,49.0,500.0,5.1,0.0,0.0,0.0
14.21,48.0,0.26,0.26,0.26,12.9,10.9,11.1,14.51,-6.1,0.21,0.15,27.1,6.6,183.0,1.0,1.0,886.0,698.0,949.0,0.0,944.0,14.3,94.6,637.0,30.1,32.1,0.0,3.1,1500.0,0.0,15.98,20.3,45.4,43.9,45.4,45.1,44.8,44.1,41.8,39.5,51.0,50.5,29.0,41.0,29.7,34.4,44.0,46.0,25.0,0.0,0.0,0.0,6.0,6.0,4.0,2.0,32.0,32.0,32.0,40.0,41.0,38.0,41.0,41.0,40.0,44.98,42.3,45.06,48.0,500.0,5.0,0.0,0.0,0.0
13.55,32.0,0.26,0.26,0.26,10.8,11.4,12.0,13.8,3.7,0.14,0.11,211.8,6.1,172.0,1.0,1.0,777.0,697.0,797.0,0.0,806.0,13.4,84.1,567.0,29.5,31.8,0.0,3.0,2067.6,0.0,16.83,20.2,45.6,44.0,45.5,45.3,44.9,44.5,42.0,39.6,51.0,50.8,30.0,41.0,29.7,34.4,42.0,44.0,25.0,0.0,0.0,0.0,6.0,6.0,4.0,0.0,32.0,32.0,32.0,40.0,41.0,38.0,41.0,41.0,40.0,44.98,42.3,45.06,48.0,490.0,5.0,0.0,0.0,0.0
13.68,32.0,0.26,0.26,0.26,12.2,10.9,12.0,13.91,1.4,0.14,0.2,211.4,5.7,172.0,1.0,1.0,805.0,697.0,834.0,0.0,833.0,13.7,86.5,586.0,28.9,30.9,0.0,3.1,2067.6,0.0,16.83,20.2,45.6,44.0,45.4,45.3,45.1,44.3,42.3,39.9,51.0,50.8,30.0,41.0,29.7,34.4,41.0,43.0,25.0,0.0,0.0,0.0,6.0,6.0,4.0,0.0,32.0,32.0,32.0,40.0,41.0,38.0,41.0,41.0,40.0,44.98,42.3,45.05,49.0,500.0,5.0,0.0,0.0,0.0
15.95,24.0,0.26,0.26,0.26,13.4,10.9,12.3,16.22,10.7,0.16,0.23,211.6,6.8,162.0,1.0,1.0,1284.0,699.0,1472.0,2.0,1462.0,15.9,129.9,889.0,32.6,34.8,0.0,3.1,2067.6,0.0,16.83,19.9,45.7,44.0,45.6,45.4,45.1,44.3,42.6,40.0,51.1,50.7,30.0,41.0,29.5,34.4,47.0,49.0,25.0,0.0,0.0,0.0,6.0,6.0,4.0,0.0,32.0,32.0,32.0,40.0,41.0,38.0,41.0,41.0,40.0,44.98,42.3,45.05,49.0,500.0,5.0,0.0,0.0,0.0
15.72,312.0,0.26,0.26,0.26,10.9,11.6,12.9,15.92,-15.1,0.16,0.17,210.6,8.0,170.0,1.0,1.0,1141.0,699.0,1282.0,1.0,1267.0,15.5,115.9,787.0,31.7,34.1,0.0,3.1,2067.6,0.0,16.83,20.5,44.4,42.8,44.3,44.1,43.8,43.0,40.9,38.7,50.8,50.9,29.0,41.0,29.7,34.3,49.0,52.0,25.0,0.0,0.0,0.0,6.0,6.0,4.0,0.0,32.0,32.0,32.0,40.0,41.0,37.0,41.0,41.0,40.0,44.98,42.3,45.05,49.0,490.0,5.0,0.0,0.0,0.0
15.57,96.0,0.26,0.26,0.26,11.7,11.1,12.9,15.9,-18.3,0.14,0.23,210.7,8.7,174.0,1.0,1.0,1118.0,698.0,1259.0,0.0,1251.0,15.5,111.4,781.0,31.6,33.8,0.0,3.1,2067.6,0.0,16.83,20.5,44.6,43.1,44.4,44.3,44.0,43.2,41.1,38.8,50.8,50.8,30.0,41.0,29.7,34.3,48.0,51.0,25.0,0.0,0.0,0.0,6.0,6.0,4.0,0.0,32.0,32.0,32.0,40.0,41.0,38.0,41.0,41.0,40.0,44.98,42.31,45.06,48.0,490.0,5.0,0.0,0.0,0.0
13.58,176.0,0.26,0.26,0.26,10.7,11.6,12.0,13.8,-8.8,0.12,0.18,211.7,5.6,176.0,1.0,1.0,770.0,697.0,793.0,0.0,801.0,13.5,81.3,564.0,29.2,31.3,0.0,3.1,2054.2,0.0,16.81,20.2,45.6,44.0,45.4,45.3,45.0,44.2,42.2,39.9,51.0,50.8,30.0,41.0,29.7,34.4,41.0,43.0,25.0,0.0,0.0,0.0,6.0,6.0,4.0,0.0,32.0,32.0,32.0,40.0,41.0,38.0,41.0,41.0,40.0,44.98,42.3,45.05,48.0,500.0,4.9,0.0,0.0,0.0
14.54,352.0,0.26,0.26,0.26,12.9,11.1,11.0,14.83,-22.1,0.13,0.23,27.1,7.3,183.0,1.0,1.0,934.0,697.0,1013.0,1.0,1019.0,14.6,96.6,664.0,30.1,32.0,0.0,3.1,1500.0,0.0,15.98,20.3,45.4,43.8,45.3,45.1,44.8,44.0,41.7,39.6,51.0,50.4,30.0,41.0,29.7,34.4,44.0,47.0,25.0,0.0,0.0,0.0,6.0,6.0,4.0,2.0,32.0,32.0,32.0,40.0,41.0,38.0,41.0,41.0,40.0,44.98,42.3,45.05,48.0,500.0,5.0,0.0,0.0,0.0
15.92,64.0,0.26,0.26,0.26,13.8,11.3,11.0,16.24,17.7,0.16,0.18,211.7,7.8,159.0,1.0,1.0,1300.0,699.0,1491.0,0.0,1493.0,15.9,135.3,896.0,31.2,34.1,0.0,3.1,2067.6,0.0,16.83,19.8,46.5,44.8,46.4,46.2,45.9,45.2,42.9,40.4,51.2,51.2,30.0,41.0,29.5,34.4,52.0,57.0,25.0,0.0,0.0,0.0,6.0,6.0,4.0,0.0,32.0,32.0,32.0,40.0,41.0,38.0,41.0,41.0,40.0,44.98,42.31,45.06,48.0,500.0,5.0,0.0,0.0,0.0
13.46,176.0,0.26,0.26,0.26,11.0,11.6,11.8,13.71,-9.7,0.19,0.12,211.9,7.0,175.0,1.0,1.0,765.0,697.0,780.0,0.0,777.0,13.5,82.1,556.0,29.0,31.2,0.0,3.1,2054.2,0.0,16.81,20.2,45.6,44.0,45.5,45.3,45.0,44.2,42.2,39.9,51.0,50.8,30.0,41.0,29.7,34.4,41.0,43.0,25.0,0.0,0.0,0.0,6.0,6.0,4.0,0.0,32.0,32.0,32.0,40.0,41.0,38.0,41.0,41.0,40.0,44.98,42.3,45.05,49.0,490.0,4.9,0.0,0.0,0.0
12.65,232.0,0.26,0.26,0.26,11.7,10.9,10.9,12.88,5.9,0.17,0.2,211.4,6.3,167.0,1.0,1.0,676.0,697.0,656.0,0.0,659.0,12.6,72.4,498.0,30.2,30.5,0.0,3.1,2067.6,0.0,16.83,20.1,45.6,44.1,45.5,45.3,45.0,44.0,42.4,40.0,51.0,50.6,29.0,41.0,29.7,34.4,40.0,43.0,25.0,0.0,0.0,0.0,6.0,6.0,4.0,0.0,32.0,32.0,32.0,40.0,41.0,38.0,41.0,41.0,40.0,44.98,42.3,45.06,48.0,500.0,5.0,0.0,0.0,0.0
15.26,352.0,0.26,0.26,0.26,12.6,11.3,11.1,15.52,-9.5,0.12,0.23,210.7,6.7,175.0,1.0,1.0,1042.0,698.0,1155.0,0.0,1159.0,15.3,105.8,724.0,30.5,32.8,0.0,3.1,2067.6,0.0,16.83,20.3,45.1,43.6,45.0,44.8,44.6,43.7,41.6,39.3,50.9,50.6,30.0,41.0,29.7,34.4,46.0,48.0,25.0,0.0,0.0,0.0,6.0,6.0,4.0,0.0,32.0,32.0,32.0,40.0,41.0,38.0,41.0,41.0,40.0,44.97,42.3,45.05,49.0,500.0,5.0,0.0,0.0,0.0
14.55,352.0,0.26,0.26,0.26,12.0,11.0,11.7,14.87,-16.1,0.11,0.14,210.5,7.7,177.0,1.0,1.0,925.0,698.0,1004.0,1.0,1008.0,14.5,95.7,661.0,30.2,32.4,0.0,3.1,2067.6,0.0,16.83,20.3,45.2,43.6,45.1,45.0,44.7,44.0,41.7,39.4,50.9,50.4,29.0,41.0,29.7,34.4,45.0,47.0,25.0,0.0,0.0,0.0,6.0,6.0,4.0,0.0,32.0,32.0,32.0,40.0,41.0,38.0,41.0,41.0,40.0,44.98,42.3,45.06,48.0,490.0,5.0,0.0,0.0,0.0
15.72,296.0,0.26,0.26,0.26,13.5,11.2,11.2,16.03,4.1,0.14,0.14,211.5,6.7,163.0,1.0,1.0,1224.0,699.0,1390.0,-1.0,1392.0,15.7,126.6,845.0,31.9,34.5,0.0,3.1,2067.6,0.0,16.83,19.9,45.9,44.3,45.8,45.6,45.2,44.6,42.7,40.1,51.1,50.9,30.0,41.0,29.5,34.4,49.0,53.0,25.0,0.0,0.0,0.0,6.0,6.0,4.0,0.0,32.0,32.0,32.0,40.0,41.0,38.0,41.0,41.0,40.0,44.98,42.3,45.06,49.0,490.0,5.1,0.0,0.0,0.0
14.58,128.0,0.26,0.26,0.26,10.9,11.4,12.7,14.83,4.5,0.13,0.17,211.2,8.8,153.0,1.0,1.0,913.0,698.0,990.0,1.0,989.0,14.6,93.4,655.0,32.5,33.8,0.0,3.2,2067.6,0.0,16.83,20.5,43.5,41.8,43.3,43.2,42.9,42.3,40.7,38.4,50.8,50.7,30.0,41.0,29.7,34.2,44.0,47.0,25.0,0.0,0.0,0.0,6.0,6.0,4.0,0.0,32.0,32.0,32.0,40.0,40.0,37.0,41.0,41.0,40.0,44.98,42.31,45.05,48.0,500.0,5.0,0.0,0.0,0.0
15.26,352.0,0.26,0.26,0.26,12.0,11.1,11.8,15.61,-9.4,0.31,0.18,211.0,6.7,175.0,1.0,1.0,1047.0,698.0,1165.0,0.0,1171.0,15.3,105.2,730.0,30.6,32.8,0.0,3.1,2067.6,0.0,16.83,20.3,45.1,43.5,45.0,44.8,44.5,43.7,41.5,39.3,50.9,50.5,30.0,41.0,29.7,34.4,46.0,48.0,25.0,0.0,0.0,0.0,6.0,6.0,4.0,0.0,32.0,32.0,32.0,40.0,41.0,38.0,41.0,41.0,40.0,44.98,42.3,45.06,48.0,500.0,5.0,0.0,0.0,0.0
14.39,48.0,0.26,0.26,0.26,10.7,11.7,12.3,14.63,-2.3,0.14,0.25,212.6,6.0,179.0,1.0,1.0,888.0,698.0,946.0,0.0,952.0,14.3,90.8,635.0,29.7,32.0,0.0,3.1,2067.6,0.0,16.83,20.3,45.5,43.9,45.4,45.2,44.9,44.0,41.9,39.6,51.0,50.7,30.0,41.0,29.7,34.4,43.0,46.0,25.0,0.0,0.0,0.0,6.0,6.0,4.0,0.0,32.0,32.0,32.0,40.0,41.0,38.0,41.0,41.0,40.0,44.98,42.3,45.05,48.0,490.0,5.0,0.0,0.0,0.0
13.54,104.0,0.26,0.26,0.26,10.8,11.8,12.1,13.81,4.0,0.11,0.2,211.4,6.1,171.0,1.0,1.0,777.0,696.0,801.0,-1.0,807.0,13.5,84.7,570.0,28.8,31.2,0.0,3.1,2067.6,0.0,16.83,20.2,45.6,44.0,45.4,45.3,45.1,44.3,42.3,39.8,51.0,50.8,31.0,41.0,29.7,34.4,41.0,43.0,25.0,0.0,0.0,0.0,6.0,6.0,4.0,0.0,32.0,32.0,32.0,40.0,41.0,38.0,41.0,41.0,40.0,44.98,42.3,45.05,48.0,490.0,5.0,0.0,0.0,0.0
15.03,296.0,0.26,0.26,0.27,11.1,12.1,12.0,15.26,-4.5,0.13,0.2,27.1,7.6,176.0,1.0,1.0,991.0,698.0,1087.0,0.0,1100.0,15.0,102.7,695.0,30.4,33.0,0.0,3.1,1500.0,0.0,15.98,20.4,45.0,43.4,44.9,44.7,44.4,43.7,41.4,39.1,50.9,50.6,30.0,41.0,29.7,34.4,45.0,48.0,25.0,0.0,0.0,0.0,6.0,6.0,4.0,2.0,32.0,32.0,32.0,40.0,41.0,37.0,41.0,41.0,40.0,44.98,42.3,45.06,49.0,490.0,5.0,0.0,0.0,0.0
15.98,208.0,0.26,0.26,0.27,11.8,12.2,12.3,16.23,19.6,0.11,0.2,212.0,9.1,158.0,1.0,1.0,1285.0,699.0,1466.0,0.0,1456.0,15.9,134.0,880.0,30.9,34.3,0.0,3.1,2067.6,0.0,16.83,19.8,46.5,44.9,46.4,46.3,45.9,45.2,42.9,40.4,51.2,51.2,30.0,41.0,29.5,34.4,52.0,57.0,25.0,0.0,0.0,0.0,6.0,6.0,4.0,0.0,32.0,32.0,32.0,40.0,41.0,38.0,41.0,41.0,40.0,44.98,42.31,45.06,50.0,500.0,5.1,0.0,0.0,0.0
14.59,64.0,0.26,0.26,0.26,10.9,11.7,12.1,14.84,-17.8,0.14,0.13,210.6,6.3,177.0,1.0,1.0,924.0,698.0,996.0,1.0,996.0,14.6,94.4,656.0,30.3,32.6,0.0,3.1,2067.6,0.0,16.83,20.3,45.2,43.6,45.1,45.0,44.7,44.0,41.7,39.4,50.9,50.4,30.0,41.0,29.7,34.4,45.0,48.0,25.0,0.0,0.0,0.0,6.0,6.0,4.0,0.0,32.0,32.0,32.0,40.0,41.0,38.0,41.0,41.0,40.0,44.98,42.31,45.06,48.0,500.0,5.1,0.0,0.0,0.0
14.26,200.0,0.26,0.26,0.26,11.9,11.3,12.4,14.62,-0.9,0.07,0.16,201.5,5.2,150.0,1.0,1.0,882.0,698.0,944.0,1.0,953.0,14.2,91.8,636.0,32.4,33.5,0.0,3.1,1500.0,0.0,15.98,20.5,43.5,41.8,43.2,43.1,42.9,42.2,40.7,38.4,50.8,50.7,30.0,41.0,29.7,34.2,44.0,46.0,25.0,0.0,0.0,0.0,6.0,6.0,4.0,0.0,32.0,32.0,32.0,40.0,41.0,38.0,41.0,41.0,40.0,44.98,42.3,45.06,48.0,500.0,5.0,0.0,0.0,0.0
13.48,320.0,0.26,0.26,0.26,10.7,11.6,12.0,13.7,-14.9,0.11,0.22,211.7,6.4,175.0,1.0,1.0,760.0,697.0,778.0,-1.0,779.0,13.4,80.1,555.0,29.4,31.1,0.0,3.0,2067.6,0.0,16.83,20.2,45.6,44.0,45.5,45.3,45.0,44.2,42.2,39.8,51.0,50.9,29.0,41.0,29.7,34.4,41.0,43.0,25.0,0.0,0.0,0.0,6.0,6.0,4.0,0.0,32.0,32.0,32.0,40.0,41.0,38.0,41.0,41.0,40.0,44.98,42.3,45.05,48.0,490.0,5.0,0.0,0.0,0.0
16.14,296.0,0.26,0.26,0.26,11.6,11.2,13.9,16.45,11.7,0.16,0.23,211.6,8.9,161.0,1.0,1.0,1384.0,699.0,1589.0,1.0,1597.0,16.1,139.9,948.0,32.0,33.9,0.0,3.1,2067.6,0.0,16.83,19.9,45.9,44.3,45.8,45.7,45.4,44.5,42.8,40.3,51.1,51.0,29.0,41.0,29.5,34.4,49.0,53.0,25.0,0.0,0.0,0.0,6.0,6.0,4.0,0.0,32.0,32.0,32.0,40.0,41.0,38.0,41.0,41.0,40.0,44.98,42.3,45.05,49.0,490.0,5.0,0.0,0.0,0.0
15.88,224.0,0.26,0.26,0.26,10.9,11.8,13.2,16.13,11.5,0.14,0.17,211.1,6.3,162.0,1.0,1.0,1195.0,699.0,1361.0,0.0,1361.0,15.7,119.7,831.0,31.8,34.2,0.0,3.1,2067.6,0.0,16.83,19.9,45.9,44.3,45.8,45.6,45.3,44.5,42.8,40.1,51.1,50.9,30.0,41.0,29.5,34.4,49.0,53.0,25.0,0.0,0.0,0.0,6.0,6.0,4.0,0.0,32.0,32.0,32.0,40.0,41.0,38.0,41.0,41.0,40.0,44.98,42.3,45.06,50.0,500.0,5.0,0.0,0.0,0.0
15.55,168.0,0.26,0.26,0.26,10.8,11.8,13.2,15.78,8.7,0.1,0.2,211.8,7.0,163.0,1.0,1.0,1059.0,698.0,1183.0,2.0,1187.0,15.3,105.3,737.0,33.2,34.7,0.0,3.2,2067.6,0.0,16.83,19.9,45.6,44.0,45.5,45.3,45.0,44.2,42.7,40.2,51.2,50.7,30.0,41.0,29.5,34.4,46.0,48.0,25.0,0.0,0.0,0.0,6.0,6.0,4.0,0.0,32.0,32.0,32.0,40.0,41.0,38.0,41.0,41.0,40.0,44.98,42.3,45.06,49.0,490.0,5.0,0.0,0.0,0.0
15.76,240.0,0.26,0.26,0.26,10.9,12.2,12.8,16.03,-18.0,0.16,0.18,210.7,6.8,172.0,1.0,1.0,1151.0,699.0,1301.0,1.0,1300.0,15.7,115.9,797.0,31.4,34.1,0.0,3.1,2067.6,0.0,16.83,20.4,44.5,42.9,44.4,44.2,43.9,43.0,41.0,38.8,50.8,50.9,30.0,41.0,29.7,34.3,48.0,51.0,25.0,0.0,0.0,0.0,6.0,6.0,4.0,0.0,32.0,32.0,32.0,40.0,41.0,37.0,41.0,41.0,40.0,44.98,42.3,45.06,48.0,500.0,5.0,0.0,0.0,0.0
16.37,296.0,0.26,0.26,0.27,10.9,12.5,13.2,16.65,12.2,0.19,0.13,211.1,9.9,161.0,1.0,1.0,1441.0,700.0,1670.0,0.0,1671.0,16.4,150.9,983.0,31.8,33.9,0.0,3.1,2067.6,0.0,16.83,19.9,46.1,44.5,45.9,45.8,45.6,44.8,42.8,40.3,51.2,51.0,30.0,41.0,29.5,34.4,50.0,54.0,25.0,0.0,0.0,0.0,6.0,6.0,4.0,0.0,32.0,32.0,32.0,40.0,41.0,38.0,41.0,41.0,40.0,44.98,42.3,45.05,49.0,490.0,5.1,0.0,0.0,0.0
15.09,56.0,0.26,0.26,0.26,10.9,11.6,12.3,15.22,-5.6,0.12,0.18,211.2,7.9,156.0,1.0,1.0,978.0,698.0,1074.0,0.0,1073.0,14.9,100.1,689.0,33.0,33.9,0.1,3.2,2067.6,0.0,16.83,20.5,43.5,41.9,43.3,43.2,42.9,42.2,40.7,38.4,50.8,50.7,30.0,41.0,29.7,34.2,45.0,47.0,25.0,0.0,0.0,0.0,6.0,6.0,4.0,0.0,32.0,32.0,32.0,40.0,41.0,38.0,41.0,41.0,40.0,44.98,42.3,45.06,49.0,500.0,5.0,0.0,0.0,0.0
15.81,328.0,0.26,0.26,0.26,10.8,12.2,12.9,16.03,-12.9,0.09,0.23,211.0,8.1,163.0,1.0,1.0,1171.0,698.0,1323.0,0.0,1327.0,15.7,119.8,811.0,33.3,34.1,0.1,3.2,2067.6,0.0,16.83,20.5,43.5,42.0,43.4,43.3,42.9,42.2,40.7,38.3,50.8,50.9,30.0,41.0,29.7,34.2,46.0,48.0,25.0,0.0,0.0,0.0,6.0,6.0,4.0,0.0,32.0,32.0,32.0,40.0,41.0,38.0,41.0,41.0,40.0,44.98,42.3,45.05,48.0,490.0,5.0,0.0,0.0,0.0
14.29,336.0,0.26,0.26,0.26,12.7,11.0,11.1,14.52,7.8,0.14,0.09,212.1,7.2,177.0,1.0,1.0,887.0,697.0,951.0,-1.0,953.0,14.2,92.9,635.0,29.7,31.9,0.0,3.1,2067.6,0.0,16.83,20.2,45.5,43.9,45.4,45.2,44.9,44.1,41.9,39.6,51.0,50.7,30.0,41.0,29.7,34.4,43.0,46.0,25.0,0.0,0.0,0.0,6.0,6.0,4.0,0.0,32.0,32.0,32.0,40.0,41.0,38.0,41.0,41.0,40.0,44.98,42.31,45.05,48.0,500.0,5.0,0.0,0.0,0.0
14.72,8.0,0.26,0.26,0.27,10.9,11.7,12.1,14.96,-22.5,0.13,0.2,27.2,8.1,177.0,1.0,1.0,944.0,698.0,1027.0,0.0,1028.0,14.6,96.7,670.0,30.9,33.4,0.0,3.1,1500.0,0.0,15.98,20.4,44.9,43.3,44.8,44.6,44.3,43.9,41.2,38.9,50.9,50.7,29.0,41.0,29.7,34.4,46.0,49.0,25.0,0.0,0.0,0.0,6.0,6.0,4.0,2.0,32.0,32.0,32.0,40.0,41.0,38.0,41.0,41.0,40.0,44.98,42.3,45.06,48.0,490.0,5.0,0.0,0.0,0.0
14.97,152.0,0.26,0.26,0.26,13.1,11.4,10.9,15.2,-5.0,0.19,0.18,27.2,7.3,177.0,1.0,1.0,992.0,698.0,1091.0,0.0,1089.0,14.9,103.3,697.0,30.5,33.2,0.0,3.1,1500.0,0.0,15.98,20.4,45.0,43.4,44.9,44.7,44.4,43.7,41.4,39.1,50.9,50.7,30.0,41.0,29.7,34.4,46.0,48.0,25.0,0.0,0.0,0.0,6.0,6.0,4.0,2.0,32.0,32.0,32.0,40.0,41.0,38.0,41.0,41.0,40.0,44.98,42.3,45.06,48.0,490.0,5.0,0.0,0.0,0.0
13.59,176.0,0.26,0.26,0.26,10.8,11.4,12.0,13.81,3.1,0.16,0.25,212.2,7.6,172.0,1.0,1.0,779.0,697.0,804.0,1.0,813.0,13.6,82.8,571.0,29.3,31.5,0.0,3.1,2067.6,0.0,16.83,20.2,45.6,43.9,45.5,45.3,44.9,44.4,42.0,39.7,51.0,50.9,30.0,41.0,29.7,34.4,42.0,45.0,25.0,0.0,0.0,0.0,6.0,6.0,4.0,0.0,32.0,32.0,32.0,40.0,41.0,38.0,41.0,41.0,40.0,44.98,42.3,45.06,49.0,500.0,5.0,0.0,0.0,0.0
15.99,296.0,0.26,0.26,0.27,10.9,12.2,12.3,16.23,16.1,0.16,0.11,211.5,7.8,161.0,1.0,1.0,1259.0,699.0,1434.0,0.0,1436.0,15.9,129.8,862.0,31.8,34.4,0.0,3.1,2067.6,0.0,16.83,19.9,45.9,44.3,45.8,45.6,45.3,44.5,42.8,40.2,51.1,50.9,30.0,41.0,29.5,34.4,49.0,53.0,25.0,0.0,0.0,0.0,6.0,6.0,4.0,0.0,32.0,32.0,32.0,40.0,41.0,38.0,41.0,41.0,40.0,44.98,42.3,45.06,49.0,490.0,5.1,0.0,0.0,0.0
14.92,80.0,0.26,0.26,0.27,11.0,11.9,12.0,15.16,-26.3,0.17,0.14,27.2,8.1,179.0,1.0,1.0,971.0,698.0,1064.0,1.0,1063.0,14.8,101.4,686.0,30.8,33.2,0.0,3.1,1500.0,0.0,15.98,20.4,45.0,43.4,44.8,44.7,44.4,43.7,41.4,39.0,50.9,50.7,30.0,41.0,29.7,34.4,46.0,48.0,25.0,0.0,0.0,0.0,6.0,6.0,4.0,2.0,32.0,32.0,32.0,40.0,41.0,38.0,41.0,41.0,40.0,44.98,42.3,45.06,49.0,500.0,5.0,0.0,0.0,0.0
14.3,48.0,0.26,0.26,0.26,12.4,11.3,11.1,14.54,1.7,0.19,0.1,212.8,6.6,181.0,1.0,1.0,893.0,698.0,955.0,0.0,960.0,14.4,93.5,638.0,29.8,32.0,0.0,3.1,1500.0,0.0,15.98,20.3,45.5,43.9,45.4,45.1,44.8,44.1,41.8,39.5,51.0,50.6,30.0,41.0,29.7,34.4,43.0,46.0,25.0,0.0,0.0,0.0,6.0,6.0,4.0,0.0,32.0,32.0,32.0,40.0,41.0,38.0,41.0,41.0,40.0,44.98,42.3,45.06,48.0,500.0,5.0,0.0,0.0,0.0
13.55,32.0,0.26,0.26,0.26,11.3,11.3,12.0,13.8,7.8,0.18,0.23,212.0,6.1,170.0,1.0,1.0,775.0,697.0,800.0,1.0,807.0,13.4,83.7,569.0,29.4,31.6,0.0,3.0,2067.6,0.0,16.83,20.2,45.6,44.0,45.5,45.3,44.9,44.4,42.1,39.6,51.0,50.9,29.0,41.0,29.7,34.4,41.0,44.0,25.0,0.0,0.0,0.0,6.0,6.0,4.0,0.0,32.0,32.0,32.0,40.0,41.0,38.0,41.0,41.0,40.0,44.97,42.31,45.06,48.0,500.0,5.0,0.0,0.0,0.0
14.92,152.0,0.26,0.26,0.26,11.1,11.6,12.0,15.23,-25.8,0.11,0.12,27.4,8.5,178.0,1.0,1.0,979.0,699.0,1074.0,1.0,1097.0,15.0,99.6,691.0,30.7,33.5,0.0,3.1,1500.0,0.0,15.98,20.4,44.9,43.3,44.7,44.6,44.3,43.7,41.2,38.9,50.9,50.7,30.0,41.0,29.7,34.4,47.0,50.0,25.0,0.0,0.0,0.0,6.0,6.0,4.0,2.0,32.0,32.0,32.0,40.0,41.0,38.0,41.0,41.0,40.0,44.98,42.3,45.06,48.0,500.0,5.0,0.0,0.0,0.0
