轮毂转速,轮毂角度,叶片1角度,叶片2角度,叶片3角度,变桨电机1电流,变桨电机2电流,变桨电机3电流,超速传感器转速检测值,5秒偏航对风平均值,x方向振动值,y方向振动值,液压制动压力,机舱气象站风速,风向绝对值,大气压力,无功功率控制状态,变频器电网侧电流,变频器电网侧电压,变频器电网侧有功功率,变频器电网侧无功功率,变频器发电机侧功率,发电机运行频率,发电机电流,发电机转矩,变频器入口温度,变频器出口温度,变频器入口压力,变频器出口压力,发电机功率限幅值,无功功率设定值,额定的轮毂转速,测风塔环境温度,发电机定子温度1,发电机定子温度2,发电机定子温度3,发电机定子温度4,发电机定子温度5,发电机定子温度6,发电机空气温度1,发电机空气温度2,主轴承温度1,主轴承温度2,轮毂温度,轮毂控制柜温度,机舱温度,机舱控制柜温度,变频器INU温度,变频器ISU温度,变频器INU RMIO温度,变桨电机1功率估算,变桨电机2功率估算,变桨电机3功率估算,风机当前状态值,轮毂当前状态值,偏航状态值,偏航要求值,叶片1电池箱温度,叶片2电池箱温度,叶片3电池箱温度,叶片1变桨电机温度,叶片2变桨电机温度,叶片3变桨电机温度,叶片1变频器箱温度,叶片2变频器箱温度,叶片3变频器箱温度,叶片1超级电容电压,叶片2超级电容电压,叶片3超级电容电压,驱动1晶闸管温度,驱动2晶闸管温度,驱动3晶闸管温度,驱动1输出扭矩,驱动2输出扭矩,驱动3输出扭矩
16.09,248,0.25,0.29,0.26,13.1,11.9,11.2,16.35,-8.6,0.26,0.2,209.8,9.7,248,1,3,1523,702,1789,0,1794,16.0,166.7,1064,29.7,33.6,0.0,3.1,2067.6,0,16.83,14.4,74.1,71.0,73.8,72.3,72.7,71.7,64.9,58.3,54.7,54.4,25,36,22.7,29.1,54,61,25,0,0,0,6,6,4,0,28,28,28,39,39,37,36,36,37,44.99,42.32,45.08,46,460,4.6,0,0,0
16.03,256,0.25,0.29,0.26,11.7,11.2,13.2,16.35,-6.0,0.19,0.19,210.0,9.5,247,1,3,1494,702,1746,-1,1756,16.0,162.9,1051,29.8,32.6,0.0,3.1,2067.6,0,16.83,14.4,73.4,70.4,73.1,71.6,72.1,71.3,64.8,58.4,54.6,54.6,25,36,22.8,29.1,52,59,25,0,0,0,6,6,4,0,28,28,28,39,39,37,36,36,37,45.0,42.32,45.07,44,460,4.7,0,0,0
16.23,224,0.24,0.28,0.25,13.4,11.9,11.4,16.45,2.3,0.28,0.2,210.0,10.6,246,1,3,1559,702,1834,-2,1847,16.2,170.9,1083,32.1,36.5,0.1,3.2,2067.6,0,16.83,14.4,73.6,70.5,73.3,71.8,72.3,71.3,64.7,58.1,54.7,54.5,25,36,22.7,29.1,57,64,25,0,0,0,6,6,4,0,28,28,28,39,39,37,36,36,37,44.99,42.32,45.07,46,460,4.6,0,0,0
16.16,264,0.25,0.29,0.26,11.4,12.6,12.7,16.46,-10.1,0.26,0.17,210.1,10.3,249,1,3,1517,702,1777,0,1778,16.1,162.8,1058,30.2,34.1,0.0,3.1,2067.6,0,16.83,14.4,74.1,71.0,73.7,72.2,72.7,71.5,64.9,58.3,54.7,54.3,25,36,22.7,29.1,55,62,25,0,0,0,6,6,4,0,28,28,28,39,39,37,36,36,37,45.0,42.33,45.07,46,460,4.7,0,0,0
16.12,8,0.25,0.29,0.26,11.1,12.0,13.4,16.34,-8.0,0.05,0.18,209.6,11.9,252,1,3,1505,703,1762,0,1782,16.1,159.7,1055,30.5,34.5,0.0,3.1,2067.6,0,16.83,14.4,74.3,71.2,73.9,72.4,73.0,71.8,65.2,58.3,54.8,54.3,25,36,22.7,29.1,54,61,25,0,0,0,6,6,4,0,28,28,28,39,39,36,36,36,37,44.99,42.33,45.07,45,460,4.6,0,0,0
16.27,112,0.25,0.29,0.26,12.5,11.1,11.8,16.45,-8.8,0.01,0.21,209.7,11.3,248,1,3,1572,702,1847,-1,1850,16.2,168.7,1093,32.3,35.0,0.1,3.2,2067.6,0,16.83,14.4,73.4,70.4,73.1,71.6,72.1,71.0,64.7,58.3,54.6,54.5,25,36,22.8,29.1,56,63,25,0,0,0,6,6,4,0,28,28,28,39,39,37,36,36,37,44.99,42.32,45.07,45,460,4.6,0,0,0
16.31,88,0.25,0.29,0.26,11.3,11.7,13.8,16.57,-10.3,0.0,0.23,209.7,11.0,248,1,3,1547,703,1816,1,1827,16.2,168.5,1080,28.6,33.5,0.0,3.1,2067.6,0,16.83,14.4,74.1,71.1,73.8,72.3,72.8,71.3,64.9,58.5,54.7,54.3,25,36,22.7,29.1,54,61,25,0,0,0,6,6,4,0,28,28,28,39,39,37,36,36,37,45.0,42.32,45.07,45,460,4.7,0,0,0
16.21,24,0.25,0.29,0.26,11.3,12.4,13.0,16.5,-5.4,0.16,0.18,209.8,10.0,247,1,3,1533,702,1797,1,1804,16.2,164.3,1067,33.2,35.9,0.1,3.2,2067.6,0,16.83,14.4,73.4,70.5,73.1,71.6,72.2,70.7,64.7,58.4,54.7,54.2,25,36,22.8,29.1,57,64,25,0,0,0,6,6,4,0,28,28,28,39,39,37,36,36,37,45.0,42.33,45.07,46,460,4.7,0,0,0
16.1,32,0.25,0.29,0.26,12.0,11.1,13.0,16.46,-9.7,0.21,0.17,209.7,8.5,247,1,3,1547,702,1816,0,1821,16.1,167.7,1081,29.4,33.6,0.0,3.1,2067.6,0,16.83,14.4,74.1,71.1,73.8,72.3,72.8,71.7,65.0,58.4,54.7,54.5,25,36,22.7,29.1,54,61,25,0,0,0,6,6,4,0,28,28,28,39,39,37,36,36,37,44.99,42.33,45.07,46,460,4.7,0,0,0
15.92,40,0.25,0.29,0.26,13.1,11.4,11.3,16.25,3.1,0.12,0.22,209.5,8.9,247,1,3,1481,702,1735,0,1745,15.9,162.6,1041,32.0,34.2,0.1,3.2,2067.6,0,16.83,14.4,73.4,70.4,73.1,71.6,72.0,70.8,64.6,58.5,54.7,54.2,25,36,22.8,29.1,55,62,25,0,0,0,6,6,4,0,28,28,28,39,39,37,36,36,37,45.0,42.33,45.07,46,450,4.7,0,0,0
15.94,344,0.25,0.29,0.26,11.7,11.3,13.4,16.25,2.7,0.17,0.14,209.7,8.9,248,1,3,1480,703,1731,1,1740,15.9,162.1,1045,31.8,34.9,0.1,3.2,2067.6,0,16.83,14.4,74.2,71.2,73.9,72.4,72.9,71.8,65.0,58.3,54.7,54.3,25,36,22.7,29.1,56,63,25,0,0,0,6,6,4,0,28,28,28,39,39,36,36,36,37,45.0,42.33,45.07,46,460,4.7,0,0,0
15.96,248,0.25,0.29,0.26,13.2,11.7,11.3,16.21,-4.2,0.18,0.21,209.8,8.4,249,1,3,1500,702,1754,0,1751,16.0,166.2,1049,29.8,34.2,0.0,3.1,2067.6,0,16.83,14.4,74.1,71.0,73.7,72.2,72.8,71.5,65.0,58.2,54.7,54.6,25,36,22.7,29.1,55,62,25,0,0,0,6,6,4,0,28,28,28,39,39,37,36,36,37,44.99,42.32,45.07,45,460,4.7,0,0,0
16.17,40,0.25,0.29,0.26,11.9,12.5,12.6,16.48,-5.3,0.16,0.1,210.0,10.1,248,1,3,1531,702,1792,0,1816,16.2,163.8,1063,31.7,34.7,0.1,3.2,2067.6,0,16.83,14.4,73.4,70.4,73.1,71.6,72.1,70.8,64.6,58.5,54.6,54.5,25,36,22.8,29.1,55,62,25,0,0,0,6,6,4,0,28,28,28,39,39,36,36,36,37,44.99,42.32,45.07,45,450,4.7,0,0,0
16.18,192,0.25,0.29,0.26,11.4,11.8,13.8,16.5,-12.7,0.03,0.12,209.3,8.6,249,1,3,1533,702,1792,0,1791,16.1,163.5,1070,30.0,34.4,0.0,3.1,2067.6,0,16.83,14.4,74.1,71.0,73.7,72.2,72.7,71.6,64.9,58.2,54.7,54.2,25,36,22.7,29.1,55,62,25,0,0,0,6,6,4,0,28,28,28,39,39,36,36,36,37,44.99,42.33,45.07,45,460,4.7,0,0,0
16.31,0,0.25,0.29,0.26,11.4,11.8,13.8,16.64,-15.5,0.1,0.25,209.3,10.2,249,1,3,1559,703,1832,1,1839,16.2,170.3,1085,30.6,33.1,0.0,3.1,2067.6,0,16.83,14.4,74.1,71.1,73.8,72.3,72.9,71.6,65.0,58.4,54.7,54.3,25,36,22.7,29.1,54,61,25,0,0,0,6,6,4,0,28,28,28,39,39,36,36,36,37,45.0,42.33,45.07,45,460,4.6,0,0,0
15.91,168,0.25,0.29,0.26,12.4,11.1,12.1,16.16,-4.1,0.05,0.18,209.3,9.1,249,1,3,1473,703,1728,0,1709,15.8,158.3,1043,31.7,35.0,0.0,3.2,2067.6,0,16.83,14.4,74.3,71.2,73.9,72.4,73.0,71.8,65.1,58.4,54.8,54.4,25,36,22.7,29.1,56,63,25,0,0,0,6,6,4,0,28,28,28,39,39,36,36,36,37,44.99,42.33,45.07,45,460,4.6,0,0,0
16.2,240,0.25,0.29,0.26,13.1,12.1,11.3,16.35,-7.0,0.08,0.18,209.3,10.0,247,1,3,1534,703,1793,1,1801,16.1,168.2,1063,33.0,35.6,0.1,3.2,2067.6,0,16.83,14.4,73.4,70.5,73.1,71.6,72.2,70.7,64.7,58.5,54.7,54.2,26,36,22.8,29.1,57,64,25,0,0,0,6,6,4,0,28,28,28,39,39,37,36,36,37,44.99,42.33,45.07,45,450,4.6,0,0,0
16.01,272,0.25,0.29,0.26,11.8,11.1,13.3,16.32,-11.8,0.22,0.18,210.3,7.1,250,1,3,1503,702,1762,-2,1766,15.9,162.8,1057,30.5,33.7,0.0,3.2,2067.6,0,16.83,14.4,73.4,70.4,73.2,71.6,72.1,70.9,64.7,58.6,54.7,54.3,25,36,22.8,29.1,53,60,25,0,0,0,6,6,4,0,28,28,28,39,39,36,36,36,37,44.99,42.33,45.07,46,460,4.6,0,0,0
15.88,312,0.25,0.29,0.26,13.2,11.8,11.2,16.18,-5.0,0.14,0.18,209.5,10.8,249,1,3,1460,703,1709,1,1697,15.8,157.0,1028,31.7,35.2,0.0,3.2,2067.6,0,16.83,14.4,74.3,71.2,73.9,72.4,73.0,71.7,65.1,58.4,54.8,54.3,25,36,22.7,29.1,56,63,25,0,0,0,6,6,4,0,28,28,28,39,39,37,36,36,37,45.0,42.33,45.07,45,460,4.6,0,0,0
16.0,280,0.25,0.29,0.26,11.4,11.7,13.7,16.25,-4.3,0.05,0.13,209.3,10.6,250,1,3,1499,703,1752,-1,1758,16.0,161.1,1055,28.6,33.3,0.0,3.1,2067.6,0,16.83,14.4,74.3,71.2,73.9,72.4,73.0,71.6,65.0,58.3,54.8,54.4,25,36,22.7,29.1,54,61,25,0,0,0,6,6,4,0,28,28,28,39,39,36,36,36,37,44.99,42.33,45.07,45,460,4.6,0,0,0
16.02,272,0.25,0.29,0.26,11.1,12.0,13.8,16.24,-15.3,0.11,0.23,209.6,10.9,250,1,3,1482,702,1737,0,1740,15.9,162.5,1046,33.3,35.4,0.1,3.2,2067.6,0,16.83,14.4,74.3,71.2,74.0,72.5,72.9,71.8,65.0,58.4,54.7,54.6,25,36,22.7,29.1,55,62,25,0,0,0,6,6,4,0,28,28,28,39,39,36,36,36,37,44.99,42.32,45.07,45,460,4.7,0,0,0
16.43,208,0.46,0.51,0.47,16.0,13.5,13.9,16.68,-9.2,0.06,0.18,209.7,10.1,248,1,3,1642,703,1940,1,1939,16.3,182.7,1130,31.9,35.8,0.0,3.2,2067.6,0,16.83,14.4,73.7,70.7,73.4,71.9,72.4,71.1,64.7,58.2,54.7,54.2,25,36,22.7,29.1,58,65,25,0,0,0,6,6,4,0,28,28,28,39,39,37,36,36,37,44.99,42.32,45.07,46,460,4.6,0,0,0
16.14,120,0.25,0.29,0.26,13.1,11.6,11.4,16.46,-3.6,0.13,0.18,209.9,8.8,246,1,3,1568,702,1843,0,1866,16.2,172.9,1091,30.9,34.9,0.0,3.1,2067.6,0,16.83,14.4,73.9,70.9,73.7,72.1,72.6,71.3,64.7,58.2,54.7,54.2,26,36,22.7,29.1,57,64,25,0,0,0,6,6,4,0,28,28,28,39,39,37,36,36,37,44.99,42.33,45.07,45,460,4.7,0,0,0
15.99,168,0.25,0.29,0.26,12.4,11.1,11.8,16.36,-9.7,-0.04,0.25,209.4,10.0,251,1,3,1498,703,1754,2,1778,16.1,161.3,1053,30.9,35.0,0.0,3.1,2067.6,0,16.83,14.4,74.3,71.2,73.9,72.4,73.1,71.5,65.2,58.5,54.8,54.5,25,36,22.7,29.1,54,61,25,0,0,0,6,6,4,0,28,28,28,39,39,36,36,36,37,45.0,42.33,45.07,45,460,4.7,0,0,0
16.17,120,0.25,0.29,0.26,12.0,11.1,13.2,16.54,-5.2,0.19,0.23,210.5,10.6,248,1,3,1547,702,1814,2,1833,16.2,165.9,1075,30.2,34.7,0.0,3.1,2067.6,0,16.83,14.4,74.0,71.0,73.7,72.1,72.8,71.4,64.9,58.2,54.7,54.6,25,36,22.7,29.1,55,62,25,0,0,0,6,6,4,0,28,28,28,39,39,37,36,36,37,44.99,42.33,45.08,46,460,4.6,0,0,0
16.3,8,0.24,0.28,0.25,11.7,11.6,13.9,16.65,-14.4,0.05,0.14,209.5,9.4,251,1,3,1553,702,1825,2,1838,16.3,165.5,1082,33.5,36.9,0.1,3.2,2067.6,0,16.83,14.4,73.5,70.5,73.2,71.7,72.2,70.9,64.7,58.3,54.7,54.2,25,36,22.7,29.1,59,65,25,0,0,0,6,6,4,0,28,28,28,39,39,37,36,36,37,44.99,42.32,45.07,45,460,4.7,0,0,0
16.39,72,0.25,0.29,0.26,12.1,11.1,13.2,16.75,-8.5,0.16,0.18,209.7,8.1,250,1,3,1618,703,1903,0,1908,16.3,173.2,1115,31.1,33.7,0.0,3.1,2067.6,0,16.83,14.4,74.2,71.1,73.8,72.3,72.9,71.5,65.0,58.5,54.8,54.5,25,36,22.7,29.1,54,62,25,0,0,0,6,6,4,0,28,28,28,39,39,36,36,36,37,44.99,42.32,45.07,45,450,4.7,0,0,0
16.15,176,0.25,0.29,0.26,11.8,12.5,12.7,16.37,2.0,0.15,0.09,210.2,9.2,246,1,3,1512,701,1768,0,1767,16.0,165.5,1053,29.4,33.7,0.0,3.1,2067.6,0,16.83,14.4,74.1,71.1,73.8,72.3,72.8,71.6,65.0,58.4,54.7,54.3,25,36,22.7,29.1,54,61,25,0,0,0,6,6,4,0,28,28,28,39,39,37,36,36,37,45.0,42.33,45.07,45,460,4.6,0,0,0
16.39,272,0.25,0.29,0.26,11.1,11.7,13.6,16.65,-18.6,0.14,0.18,209.2,11.8,252,1,3,1589,703,1868,0,1864,16.3,169.4,1099,33.5,36.3,0.1,3.2,2067.6,0,16.83,14.4,74.2,71.2,73.9,72.4,72.9,71.6,65.1,58.4,54.8,54.3,25,36,22.7,29.1,56,63,25,0,0,0,6,6,4,0,28,28,28,39,39,36,36,36,37,44.99,42.32,45.07,46,460,4.7,0,0,0
16.24,160,0.25,0.29,0.26,12.5,11.1,12.7,16.5,-6.8,0.1,0.25,209.5,10.6,249,1,3,1557,703,1830,2,1829,16.2,166.4,1085,29.3,32.9,0.0,3.1,2067.6,0,16.83,14.4,74.1,71.1,73.8,72.3,72.9,71.6,64.9,58.4,54.7,54.5,26,36,22.7,29.1,53,61,25,0,0,0,6,6,4,0,28,28,28,39,39,36,36,36,37,44.99,42.33,45.07,46,460,4.7,0,0,0
15.99,184,0.25,0.29,0.26,12.2,12.4,12.2,16.25,1.2,0.1,0.18,209.7,10.0,247,1,3,1478,702,1722,-1,1736,15.9,161.1,1032,31.5,34.5,0.1,3.2,2067.6,0,16.83,14.4,73.4,70.4,73.1,71.6,72.0,70.8,64.6,58.4,54.7,54.3,25,36,22.8,29.1,55,62,25,0,0,0,6,6,4,0,28,28,28,39,39,36,36,36,37,45.0,42.33,45.07,45,450,4.7,0,0,0
16.13,288,0.25,0.29,0.26,11.2,12.7,13.0,16.45,-6.4,0.21,0.23,209.6,8.3,249,1,3,1514,703,1772,0,1784,16.0,165.4,1057,29.8,32.8,0.0,3.1,2067.6,0,16.83,14.4,74.1,71.1,73.8,72.3,72.9,71.5,65.0,58.5,54.8,54.3,25,36,22.7,29.1,54,61,25,0,0,0,6,6,4,0,28,28,28,39,39,36,36,36,37,45.0,42.32,45.07,44,460,4.6,0,0,0
15.93,328,0.25,0.29,0.26,12.7,11.9,11.3,16.15,-2.0,0.14,0.2,210.0,11.2,246,1,3,1476,702,1723,1,1728,15.9,162.0,1035,29.3,32.6,0.0,3.1,2067.6,0,16.83,14.4,73.4,70.4,73.1,71.6,72.1,71.2,64.9,58.4,54.6,54.5,25,36,22.8,29.1,52,59,25,0,0,0,6,6,4,0,28,28,28,39,39,36,36,36,37,44.99,42.32,45.07,46,450,4.7,0,0,0
16.22,80,0.24,0.28,0.25,12.3,11.2,12.9,16.5,-3.1,0.29,0.23,209.3,9.9,250,1,3,1576,702,1848,1,1852,16.2,171.3,1093,33.0,36.8,0.1,3.2,2067.6,0,16.83,14.4,73.5,70.5,73.2,71.7,72.2,71.0,64.7,58.4,54.7,54.1,25,36,22.7,29.1,58,65,25,0,0,0,6,6,4,0,28,28,28,39,39,37,36,36,37,44.99,42.33,45.07,45,450,4.7,0,0,0
16.48,80,0.53,0.58,0.54,12.2,10.9,11.3,16.72,-7.3,0.06,0.21,209.7,11.3,245,1,3,1654,703,1950,1,1936,16.4,182.5,1133,32.0,36.1,0.0,3.2,2067.6,0,16.83,14.4,73.7,70.6,73.4,71.9,72.4,71.3,64.7,58.3,54.7,54.3,25,36,22.7,29.1,57,65,25,0,0,0,6,6,4,0,28,28,28,39,39,36,36,36,37,44.99,42.32,45.07,46,460,4.6,0,0,0
16.08,168,0.25,0.29,0.26,11.1,12.0,13.3,16.35,-16.3,0.08,0.16,209.8,11.9,252,1,3,1475,704,1721,1,1730,16.0,158.9,1038,30.9,34.9,0.0,3.1,2067.6,0,16.83,14.4,74.3,71.2,73.9,72.4,73.1,71.7,65.1,58.4,54.8,54.6,25,36,22.7,29.1,55,62,25,0,0,0,6,6,4,0,28,28,28,39,39,36,36,36,37,44.99,42.32,45.07,45,460,4.6,0,0,0
15.97,328,0.25,0.29,0.26,12.4,11.0,12.7,16.24,-10.7,0.14,0.2,209.1,9.8,250,1,3,1496,703,1760,1,1767,15.8,161.4,1057,31.5,35.3,0.0,3.2,2067.6,0,16.83,14.4,74.3,71.2,73.9,72.4,73.0,71.7,65.0,58.4,54.8,54.4,25,36,22.7,29.1,56,63,25,0,0,0,6,6,4,0,28,28,28,39,39,36,36,36,37,44.99,42.33,45.07,46,460,4.7,0,0,0
16.23,336,0.25,0.29,0.26,11.3,12.0,13.7,16.55,-3.7,0.13,0.2,209.5,11.0,248,1,3,1535,702,1801,-1,1798,16.2,164.0,1070,30.2,34.4,0.0,3.1,2067.6,0,16.83,14.4,74.0,71.0,73.7,72.2,72.7,71.5,64.9,58.2,54.7,54.2,25,36,22.7,29.1,55,62,25,0,0,0,6,6,4,0,28,28,28,39,39,36,36,36,37,45.0,42.33,45.07,45,460,4.7,0,0,0
15.84,112,0.25,0.29,0.26,13.2,11.6,11.1,16.15,-11.2,0.26,0.22,209.3,7.9,250,1,3,1463,703,1716,1,1728,15.9,159.3,1035,31.3,35.4,0.0,3.1,2067.6,0,16.83,14.4,74.3,71.2,73.9,72.4,73.1,71.7,65.1,58.4,54.8,54.5,25,36,22.7,29.1,55,62,25,0,0,0,6,6,4,0,28,28,28,39,39,36,36,36,37,44.99,42.33,45.07,46,460,4.6,0,0,0
16.02,104,0.25,0.29,0.26,12.4,11.1,12.5,16.33,-7.7,0.14,0.21,209.7,8.9,249,1,3,1524,702,1781,2,1783,16.0,166.8,1065,29.9,34.0,0.0,3.1,2067.6,0,16.83,14.4,74.1,71.0,73.7,72.2,72.8,71.5,65.0,58.2,54.7,54.6,25,36,22.7,29.1,55,62,25,0,0,0,6,6,4,0,28,28,28,39,39,36,36,36,37,44.99,42.32,45.07,46,460,4.6,0,0,0
16.0,152,0.25,0.29,0.26,12.5,11.1,12.4,16.35,-8.3,0.06,0.18,209.4,10.6,252,1,3,1490,704,1740,-2,1745,15.9,158.1,1046,30.3,34.1,0.0,3.1,2067.6,0,16.83,14.4,74.3,71.2,74.0,72.5,72.9,71.7,65.1,58.4,54.8,54.6,25,36,22.7,29.1,54,61,25,0,0,0,6,6,4,0,28,28,28,39,39,36,36,36,37,44.99,42.32,45.07,44,460,4.6,0,0,0
16.25,152,0.24,0.28,0.25,13.0,11.3,11.7,16.5,2.4,0.11,0.18,209.3,10.9,248,1,3,1578,703,1856,1,1864,16.2,170.2,1096,32.5,36.6,0.0,3.2,2067.6,0,16.83,14.4,73.5,70.5,73.2,71.8,72.2,71.2,64.7,58.3,54.7,54.3,25,36,22.7,29.1,58,65,25,0,0,0,6,6,4,0,28,28,28,39,39,36,36,36,37,45.0,42.33,45.07,45,460,4.6,0,0,0
16.56,24,0.44,0.48,0.45,10.9,10.5,10.8,16.84,-16.6,0.02,0.23,209.6,10.4,250,1,3,1645,703,1942,1,1945,16.7,176.8,1128,34.4,36.3,0.1,3.2,2067.6,0,16.83,14.4,73.5,70.5,73.1,71.6,72.2,70.9,64.7,58.4,54.7,54.6,25,36,22.7,29.1,58,64,25,0,0,0,6,6,4,0,28,28,28,39,39,37,36,36,37,44.99,42.33,45.07,44,460,4.7,0,0,0
15.94,240,0.25,0.29,0.26,11.4,11.4,13.2,16.25,-5.6,0.13,0.18,209.7,10.0,250,1,3,1473,703,1722,-1,1728,15.9,159.2,1042,30.6,35.0,0.0,3.1,2067.6,0,16.83,14.4,74.3,71.2,73.9,72.4,73.1,71.5,65.2,58.5,54.8,54.4,25,36,22.7,29.1,54,61,25,0,0,0,6,6,4,0,28,28,28,39,39,36,36,36,37,45.0,42.33,45.07,46,450,4.6,0,0,0
16.33,256,0.25,0.29,0.26,11.4,11.4,13.7,16.56,-2.5,0.09,0.11,210.0,9.3,248,1,3,1568,704,1841,0,1845,16.2,170.2,1092,31.6,35.8,0.0,3.2,2067.6,0,16.83,14.4,74.2,71.2,73.9,72.4,73.0,71.4,65.1,58.5,54.8,54.6,25,36,22.7,29.1,56,63,25,0,0,0,6,6,4,0,28,28,28,39,39,37,36,36,37,45.0,42.33,45.07,45,460,4.7,0,0,0
15.99,312,0.25,0.29,0.26,11.1,12.2,13.1,16.24,-11.3,0.22,0.23,209.3,10.3,251,1,3,1453,703,1697,0,1693,15.9,156.1,1025,31.1,35.2,0.0,3.1,2067.6,0,16.83,14.4,74.3,71.2,73.9,72.5,73.1,71.8,65.1,58.4,54.8,54.7,25,36,22.7,29.1,55,62,25,0,0,0,6,6,4,0,28,28,28,39,39,36,36,36,37,44.99,42.33,45.07,45,460,4.6,0,0,0
16.31,240,0.25,0.29,0.26,12.2,11.1,12.6,16.57,-6.2,0.19,0.25,209.4,9.7,248,1,3,1599,703,1875,0,1887,16.3,173.5,1104,32.1,34.9,0.1,3.2,2067.6,0,16.83,14.4,73.4,70.4,73.1,71.6,72.1,71.0,64.6,58.3,54.7,54.5,25,36,22.8,29.1,55,62,25,0,0,0,6,6,4,0,28,28,28,39,39,37,36,36,37,44.99,42.33,45.07,45,460,4.7,0,0,0
15.97,24,0.25,0.29,0.26,12.0,12.0,11.8,16.18,-12.2,0.1,0.16,209.2,10.5,251,1,3,1467,703,1715,1,1722,16.0,158.9,1030,30.7,35.1,0.0,3.1,2067.6,0,16.83,14.4,74.3,71.2,73.9,72.4,73.1,71.8,65.1,58.4,54.8,54.6,25,36,22.7,29.1,55,62,25,0,0,0,6,6,4,0,28,28,28,39,39,36,36,36,37,44.99,42.32,45.07,45,450,4.6,0,0,0
16.14,328,0.25,0.29,0.26,13.4,11.3,11.3,16.35,-5.7,0.13,0.14,209.8,8.9,248,1,3,1560,702,1829,1,1833,16.1,171.7,1082,32.5,35.3,0.1,3.2,2067.6,0,16.83,14.4,73.4,70.4,73.1,71.6,72.1,70.9,64.6,58.4,54.7,54.3,25,36,22.8,29.1,56,63,25,0,0,0,6,6,4,0,28,28,28,39,39,37,36,36,37,44.99,42.33,45.07,45,460,4.6,0,0,0
16.45,8,0.24,0.28,0.25,12.4,11.1,13.6,16.78,-1.7,0.15,0.2,210.0,8.8,246,1,3,1620,703,1902,0,1901,16.4,176.3,1116,32.3,36.0,0.0,3.2,2067.6,0,16.83,14.4,73.7,70.5,73.4,71.9,72.3,71.4,64.6,58.2,54.7,54.5,25,36,22.7,29.1,57,64,25,0,0,0,6,6,4,0,28,28,28,39,39,37,36,36,37,44.99,42.33,45.07,45,460,4.7,0,0,0
16.41,168,0.24,0.28,0.25,12.3,11.9,14.2,16.66,-18.1,0.26,0.23,209.9,7.4,252,1,3,1594,702,1874,1,1882,16.4,176.3,1101,33.7,37.1,0.1,3.2,2067.6,0,16.83,14.4,73.5,70.5,73.2,71.6,72.2,70.8,64.7,58.3,54.7,54.4,25,36,22.7,29.1,59,65,25,0,0,0,6,6,4,0,28,28,28,39,39,37,36,36,37,44.99,42.33,45.07,45,460,4.7,0,0,0
16.4,152,0.24,0.28,0.25,13.6,11.4,11.5,16.76,6.7,0.14,0.15,210.2,9.8,244,1,3,1638,703,1931,-1,1928,16.5,179.5,1122,32.2,36.1,0.0,3.2,2067.6,0,16.83,14.4,73.7,70.5,73.4,71.8,72.3,71.3,64.6,58.2,54.7,54.6,25,36,22.7,29.1,57,64,25,0,0,0,6,6,4,0,28,28,28,39,39,37,36,36,37,44.99,42.33,45.07,45,450,4.6,0,0,0
15.97,24,0.25,0.29,0.26,12.1,12.2,12.0,16.25,-6.2,0.11,0.18,209.3,10.1,249,1,3,1474,704,1721,1,1728,15.9,162.1,1032,31.4,35.3,0.0,3.1,2067.6,0,16.83,14.4,74.3,71.2,73.9,72.4,73.1,71.7,65.1,58.4,54.8,54.3,26,36,22.7,29.1,55,62,25,0,0,0,6,6,4,0,28,28,28,39,39,37,36,36,37,44.99,42.33,45.07,45,450,4.6,0,0,0
16.44,240,0.6,0.65,0.62,16.1,13.5,14.0,16.72,-24.4,0.04,0.17,209.6,9.6,252,1,3,1652,703,1954,1,1942,16.4,179.3,1134,33.7,37.0,0.1,3.2,2067.6,0,16.83,14.4,73.5,70.5,73.1,71.6,72.2,70.8,64.7,58.3,54.7,54.4,25,36,22.7,29.1,58,64,25,0,0,0,6,6,4,0,28,28,28,39,39,36,36,36,37,45.0,42.33,45.07,45,460,4.7,0,0,0
16.07,40,0.25,0.29,0.26,11.6,11.5,13.4,16.44,-1.9,0.16,0.15,210.2,8.7,248,1,3,1525,702,1781,-1,1797,16.1,167.3,1068,31.3,34.0,0.0,3.2,2067.6,0,16.83,14.4,73.4,70.4,73.1,71.6,72.0,70.9,64.7,58.5,54.7,54.1,25,36,22.8,29.1,54,61,25,0,0,0,6,6,4,0,28,28,28,39,39,37,36,36,37,44.99,42.32,45.07,46,460,4.6,0,0,0
16.23,280,0.25,0.29,0.26,12.5,11.2,12.1,16.56,-6.5,0.1,0.25,209.8,9.8,246,1,3,1562,702,1837,0,1840,16.1,167.6,1087,31.4,35.3,0.0,3.1,2067.6,0,16.83,14.4,73.8,70.8,73.6,72.0,72.5,71.2,64.7,58.2,54.7,54.6,25,36,22.7,29.1,57,64,25,0,0,0,6,6,4,0,28,28,28,39,39,37,36,36,37,45.0,42.33,45.07,45,450,4.7,0,0,0
16.14,320,0.25,0.29,0.26,11.4,11.8,13.7,16.35,-9.0,0.06,0.14,209.8,10.1,249,1,3,1508,702,1773,1,1774,16.1,163.8,1062,30.2,33.8,0.0,3.1,2067.6,0,16.83,14.4,74.1,71.0,73.7,72.2,72.8,71.5,64.9,58.2,54.7,54.5,25,36,22.7,29.1,55,62,25,0,0,0,6,6,4,0,28,28,28,39,39,37,36,36,37,44.99,42.32,45.07,46,460,4.7,0,0,0
16.28,168,0.25,0.29,0.26,12.0,11.1,13.1,16.45,-7.0,0.16,0.23,209.2,10.9,248,1,3,1569,703,1844,1,1841,16.2,171.5,1088,34.0,36.6,0.1,3.2,2067.6,0,16.83,14.4,73.4,70.5,73.1,71.6,72.2,70.9,64.6,58.5,54.7,54.5,25,36,22.7,29.1,57,64,25,0,0,0,6,6,4,0,28,28,28,39,39,37,36,36,37,45.0,42.33,45.07,44,460,4.7,0,0,0
16.08,296,0.25,0.29,0.26,12.3,11.1,12.7,16.31,-14.0,0.16,0.23,209.3,9.4,253,1,3,1526,704,1788,2,1793,16.0,167.7,1068,29.7,34.3,0.0,3.1,2067.6,0,16.83,14.4,74.2,71.2,73.9,72.4,72.9,71.7,65.1,58.3,54.8,54.5,25,36,22.7,29.1,54,61,25,0,0,0,6,6,4,0,28,28,28,39,39,36,36,36,37,45.0,42.33,45.07,45,450,4.6,0,0,0
16.31,208,0.25,0.29,0.26,11.6,11.3,13.6,16.65,4.2,0.16,0.13,209.7,8.4,245,1,3,1586,703,1860,1,1864,16.3,174.3,1098,31.8,35.6,0.0,3.1,2067.6,0,16.83,14.4,73.8,70.8,73.5,72.0,72.5,71.2,64.7,58.2,54.7,54.4,25,36,22.7,29.1,58,65,25,0,0,0,6,6,4,0,28,28,28,39,39,37,36,36,37,44.99,42.32,45.07,45,460,4.7,0,0,0
16.39,56,0.25,0.29,0.26,13.2,11.9,11.3,16.65,-10.0,0.21,0.19,209.7,10.2,250,1,3,1624,703,1910,1,1937,16.5,176.5,1112,30.8,34.1,0.0,3.2,2067.6,0,16.83,14.4,74.2,71.1,73.8,72.3,72.9,71.5,65.0,58.4,54.8,54.6,25,36,22.7,29.1,56,63,25,0,0,0,6,6,4,0,28,28,28,39,39,36,36,36,37,44.99,42.33,45.07,45,450,4.7,0,0,0
15.79,128,0.25,0.29,0.26,12.2,11.1,12.5,16.04,-1.7,0.01,0.19,209.7,9.3,247,1,3,1456,702,1701,1,1698,15.8,160.5,1032,28.7,32.8,0.0,3.1,2067.6,0,16.83,14.4,73.4,70.4,73.1,71.6,72.2,71.0,64.8,58.4,54.7,54.2,25,36,22.8,29.1,53,60,25,0,0,0,6,6,4,0,28,28,28,39,39,36,36,36,37,44.99,42.33,45.07,46,460,4.7,0,0,0
16.13,16,0.25,0.29,0.26,12.2,11.1,13.2,16.35,-4.2,0.14,0.33,209.2,11.0,247,1,3,1519,702,1779,0,1784,16.1,165.3,1061,29.3,32.7,0.0,3.1,2067.6,0,16.83,14.4,74.1,71.1,73.8,72.3,72.8,71.4,64.9,58.4,54.7,54.2,26,36,22.7,29.1,54,61,25,0,0,0,6,6,4,0,28,28,28,39,39,36,36,36,37,44.99,42.33,45.07,44,460,4.7,0,0,0
16.03,152,0.25,0.29,0.26,13.1,11.2,11.3,16.25,-7.0,0.1,0.25,209.3,10.6,253,1,3,1518,704,1785,0,1789,16.0,167.4,1066,29.3,33.8,0.0,3.1,2067.6,0,16.83,14.4,74.2,71.2,73.9,72.4,72.9,71.7,65.1,58.2,54.8,54.4,25,36,22.7,29.1,54,61,25,0,0,0,6,6,4,0,28,28,28,39,39,37,36,36,37,45.0,42.33,45.07,46,460,4.6,0,0,0
15.94,56,0.25,0.29,0.26,13.2,11.6,11.1,16.13,-7.8,0.26,0.23,209.5,8.1,249,1,3,1467,702,1718,1,1738,16.0,157.2,1032,32.9,36.4,0.1,3.2,2067.6,0,16.83,14.4,74.2,71.2,73.9,72.5,72.9,71.7,65.0,58.4,54.8,54.6,25,36,22.7,29.1,56,62,25,0,0,0,6,6,4,0,28,28,28,39,39,37,36,36,37,45.0,42.32,45.07,45,460,4.7,0,0,0
15.82,56,0.25,0.29,0.26,13.4,11.7,11.1,16.09,-2.0,0.14,0.23,209.4,10.3,247,1,3,1444,703,1685,-1,1687,15.9,158.1,1016,32.7,35.0,0.1,3.2,2067.6,0,16.83,14.4,74.3,71.2,74.0,72.5,72.9,71.8,65.0,58.4,54.7,54.4,25,36,22.7,29.1,55,62,25,0,0,0,6,6,4,0,28,28,28,39,39,37,36,36,37,45.0,42.33,45.07,45,460,4.7,0,0,0
16.27,312,0.25,0.29,0.26,13.4,11.4,11.2,16.57,-9.2,0.23,0.23,209.8,10.2,248,1,3,1578,703,1856,1,1845,16.2,168.7,1092,33.7,36.9,0.1,3.2,2067.6,0,16.83,14.4,73.5,70.5,73.1,71.6,72.2,70.9,64.7,58.4,54.7,54.5,25,36,22.7,29.1,57,64,25,0,0,0,6,6,4,0,28,28,28,39,39,36,36,36,37,45.0,42.33,45.07,46,450,4.6,0,0,0
16.02,8,0.25,0.29,0.26,11.1,11.8,13.6,16.35,-11.0,0.05,0.18,209.0,10.9,252,1,3,1464,703,1714,-1,1714,15.9,155.9,1034,30.0,34.3,0.0,3.1,2067.6,0,16.83,14.4,74.3,71.2,74.0,72.5,72.9,71.7,65.1,58.4,54.8,54.6,25,36,22.7,29.1,54,61,25,0,0,0,6,6,4,0,28,28,28,39,39,36,36,36,37,44.99,42.33,45.07,45,460,4.7,0,0,0
16.26,296,0.24,0.28,0.25,13.2,11.3,11.6,16.56,1.8,0.0,0.15,209.8,10.6,246,1,3,1588,702,1870,-1,1898,16.3,172.6,1101,32.6,35.9,0.0,3.2,2067.6,0,16.83,14.4,73.6,70.5,73.3,71.8,72.3,71.4,64.7,58.1,54.7,54.6,25,36,22.7,29.1,57,64,25,0,0,0,6,6,4,0,28,28,28,39,39,36,36,36,37,44.99,42.32,45.07,45,450,4.6,0,0,0
16.17,248,0.25,0.29,0.26,11.6,11.3,13.6,16.5,-13.5,0.15,0.19,209.5,8.5,249,1,3,1536,702,1802,0,1808,16.1,167.3,1077,30.5,34.1,0.0,3.1,2067.6,0,16.83,14.4,74.0,71.0,73.7,72.2,72.8,71.4,64.9,58.2,54.7,54.2,25,36,22.7,29.1,55,62,25,0,0,0,6,6,4,0,28,28,28,39,39,37,36,36,37,45.0,42.33,45.07,44,460,4.7,0,0,0
16.13,328,0.25,0.29,0.26,11.1,11.9,13.5,16.46,-1.2,0.11,0.18,209.8,11.8,247,1,3,1490,702,1743,-1,1759,16.0,161.6,1049,31.6,34.7,0.1,3.2,2067.6,0,16.83,14.4,73.4,70.4,73.1,71.6,72.0,70.8,64.6,58.4,54.7,54.3,24,36,22.8,29.1,55,62,25,0,0,0,6,6,4,0,28,28,28,39,39,36,36,36,37,44.99,42.33,45.07,45,460,4.7,0,0,0
16.13,328,0.25,0.29,0.26,12.2,11.1,12.8,16.35,1.6,0.19,0.23,209.6,8.8,248,1,3,1528,703,1796,0,1792,16.0,167.3,1073,31.8,36.2,0.1,3.2,2067.6,0,16.83,14.4,74.2,71.2,73.9,72.4,72.9,71.4,65.0,58.6,54.8,54.6,25,36,22.7,29.1,57,64,25,0,0,0,6,6,4,0,28,28,28,39,39,36,36,36,37,44.99,42.33,45.07,44,460,4.7,0,0,0
16.02,240,0.25,0.29,0.26,11.7,12.4,12.3,16.29,-11.0,0.23,0.11,209.8,9.8,251,1,3,1485,703,1738,1,1768,16.1,159.1,1041,30.7,34.6,0.0,3.1,2067.6,0,16.83,14.4,74.3,71.2,73.9,72.4,73.1,71.6,65.2,58.4,54.8,54.6,26,36,22.7,29.1,54,61,25,0,0,0,6,6,4,0,28,28,28,39,39,36,36,36,37,45.0,42.33,45.07,46,450,4.6,0,0,0
16.25,32,0.25,0.29,0.26,11.8,11.1,13.2,16.64,-12.7,0.17,0.18,210.0,9.0,249,1,3,1572,702,1845,-1,1856,16.2,171.9,1095,29.5,33.8,0.0,3.1,2067.6,0,16.83,14.4,74.1,71.0,73.8,72.3,72.8,71.6,64.9,58.4,54.7,54.3,25,36,22.7,29.1,54,61,25,0,0,0,6,6,4,0,28,28,28,39,39,36,36,36,37,44.99,42.33,45.07,44,460,4.7,0,0,0
16.41,272,0.25,0.29,0.26,12.5,11.2,12.1,16.85,-8.3,0.07,0.3,209.8,9.7,250,1,3,1635,703,1928,-1,1926,16.3,177.3,1123,31.1,33.9,0.0,3.2,2067.6,0,16.83,14.4,74.2,71.1,73.8,72.3,72.9,71.5,65.0,58.4,54.8,54.5,25,36,22.7,29.1,56,63,25,0,0,0,6,6,4,0,28,28,28,39,39,36,36,36,37,44.99,42.32,45.07,45,460,4.7,0,0,0
15.97,80,0.25,0.29,0.26,13.2,11.4,11.1,16.25,-9.9,0.16,0.2,209.8,8.9,252,1,3,1501,704,1752,-1,1755,16.0,164.4,1048,30.6,34.3,0.0,3.1,2067.6,0,16.83,14.4,74.3,71.2,73.9,72.4,73.0,71.8,65.2,58.3,54.8,54.3,25,36,22.7,29.1,54,61,25,0,0,0,6,6,4,0,28,28,28,39,39,36,36,36,37,45.0,42.33,45.07,46,460,4.7,0,0,0
16.1,88,0.25,0.29,0.26,12.9,11.4,11.8,16.42,-10.9,0.03,0.18,209.4,9.8,249,1,3,1556,703,1832,2,1817,16.0,170.9,1086,28.9,33.0,0.0,3.1,2067.6,0,16.83,14.4,74.1,71.1,73.8,72.3,72.8,71.4,64.9,58.5,54.7,54.4,25,36,22.7,29.1,53,60,25,0,0,0,6,6,4,0,28,28,28,39,39,36,36,36,37,44.99,42.33,45.07,45,460,4.7,0,0,0
16.22,40,0.25,0.29,0.26,11.4,12.5,13.2,16.56,-6.1,0.16,0.22,209.5,8.5,248,1,3,1542,702,1806,1,1810,16.2,165.8,1071,32.3,35.3,0.1,3.2,2067.6,0,16.83,14.4,73.4,70.4,73.1,71.6,72.1,70.9,64.7,58.4,54.7,54.4,25,36,22.8,29.1,56,63,25,0,0,0,6,6,4,0,28,28,28,39,39,36,36,36,37,44.99,42.32,45.07,46,460,4.7,0,0,0
16.3,136,0.25,0.29,0.26,12.1,12.7,12.3,16.62,-6.0,0.08,0.17,209.8,9.3,247,1,3,1562,703,1831,0,1841,16.3,167.3,1076,31.3,35.0,0.0,3.1,2067.6,0,16.83,14.4,73.9,70.9,73.7,72.1,72.5,71.3,64.6,58.2,54.7,54.4,25,36,22.7,29.1,57,64,25,0,0,0,6,6,4,0,28,28,28,39,39,36,36,36,37,44.99,42.33,45.07,46,460,4.7,0,0,0
16.16,72,0.25,0.29,0.26,13.5,11.6,11.3,16.45,-1.3,0.09,0.17,209.6,10.6,247,1,3,1550,703,1817,0,1833,16.2,167.9,1075,30.3,33.1,0.0,3.1,2067.6,0,16.83,14.4,74.1,71.1,73.8,72.3,72.9,71.6,65.0,58.4,54.8,54.2,25,36,22.7,29.1,54,61,25,0,0,0,6,6,4,0,28,28,28,39,39,36,36,36,37,45.0,42.33,45.07,46,460,4.7,0,0,0
16.19,192,0.25,0.29,0.26,13.0,11.3,11.6,16.39,-11.3,0.05,0.17,209.4,11.2,249,1,3,1562,702,1829,0,1838,16.2,168.2,1083,30.2,34.1,0.0,3.1,2067.6,0,16.83,14.4,74.1,71.0,73.7,72.2,72.8,71.5,64.9,58.3,54.7,54.4,25,36,22.7,29.1,55,62,25,0,0,0,6,6,4,0,28,28,28,39,39,37,36,36,37,44.99,42.33,45.07,45,460,4.6,0,0,0
15.98,256,0.25,0.29,0.26,11.7,12.5,12.7,16.2,-4.7,0.17,0.15,209.6,8.6,249,1,3,1457,703,1707,2,1714,16.0,156.7,1028,31.5,35.5,0.0,3.2,2067.6,0,16.83,14.4,74.3,71.2,73.9,72.4,73.0,71.8,65.1,58.4,54.8,54.4,25,36,22.7,29.1,56,63,25,0,0,0,6,6,4,0,28,28,28,39,39,37,36,36,37,44.99,42.33,45.07,46,460,4.6,0,0,0
15.89,136,0.25,0.29,0.26,11.6,11.5,13.2,16.25,-11.9,0.15,0.18,209.5,8.7,251,1,3,1483,703,1727,0,1743,15.9,162.4,1046,28.8,33.1,0.0,3.1,2067.6,0,16.83,14.4,74.3,71.2,73.9,72.4,73.0,71.8,65.0,58.3,54.8,54.5,25,36,22.7,29.1,54,61,25,0,0,0,6,6,4,0,28,28,28,39,39,36,36,36,37,44.99,42.33,45.07,44,460,4.6,0,0,0
16.03,152,0.25,0.29,0.26,11.0,12.0,13.1,16.23,-14.7,0.17,0.15,209.4,10.6,253,1,3,1465,703,1710,2,1719,15.9,158.4,1031,30.5,34.6,0.0,3.1,2067.6,0,16.83,14.4,74.3,71.2,73.9,72.4,73.0,71.7,65.2,58.3,54.8,54.3,25,36,22.7,29.1,54,61,25,0,0,0,6,6,4,0,28,28,28,39,39,36,36,36,37,45.0,42.33,45.07,46,460,4.6,0,0,0
15.91,96,0.25,0.29,0.26,11.4,11.4,13.2,16.19,-20.4,0.22,0.17,209.5,8.1,253,1,3,1453,703,1698,1,1698,15.9,159.3,1031,30.7,34.4,0.0,3.1,2067.6,0,16.83,14.4,74.3,71.2,73.9,72.4,73.0,71.7,65.2,58.4,54.8,54.3,25,36,22.7,29.1,54,61,25,0,0,0,6,6,4,0,28,28,28,39,39,36,36,36,37,45.0,42.33,45.07,46,450,4.6,0,0,0
16.23,352,0.25,0.29,0.26,11.6,11.4,13.7,16.5,-14.8,0.12,0.18,209.6,9.6,254,1,3,1554,704,1820,0,1818,16.2,168.7,1079,29.4,33.2,0.0,3.1,2067.6,0,16.83,14.4,74.3,71.2,73.9,72.4,72.9,71.5,65.0,58.4,54.8,54.6,25,36,22.7,29.1,53,60,25,0,0,0,6,6,4,0,28,28,28,39,39,37,36,36,37,45.0,42.33,45.07,45,460,4.7,0,0,0
16.19,112,0.25,0.29,0.26,11.8,11.1,13.4,16.46,-11.5,0.21,0.25,209.5,8.0,249,1,3,1554,703,1827,1,1815,16.1,168.9,1085,31.8,35.5,0.0,3.1,2067.6,0,16.83,14.4,74.3,71.2,73.9,72.4,73.0,71.5,65.1,58.5,54.8,54.6,25,36,22.7,29.1,56,63,25,0,0,0,6,6,4,0,28,28,28,39,39,36,36,36,37,44.99,42.32,45.07,45,460,4.7,0,0,0
16.15,288,0.25,0.29,0.26,11.2,12.6,12.5,16.48,-11.6,0.2,0.18,209.9,8.8,250,1,3,1533,702,1796,2,1814,16.2,164.8,1066,28.8,32.9,0.0,3.1,2067.6,0,16.83,14.4,74.1,71.1,73.8,72.3,72.9,71.5,65.0,58.4,54.7,54.6,25,36,22.7,29.1,54,61,25,0,0,0,6,6,4,0,28,28,28,39,39,37,36,36,37,44.99,42.32,45.07,46,460,4.6,0,0,0
16.18,96,0.24,0.28,0.25,13.6,11.8,11.5,16.45,-11.2,0.18,0.17,209.7,7.6,251,1,3,1579,703,1853,0,1860,16.1,172.6,1093,33.6,36.9,0.1,3.2,2067.6,0,16.83,14.4,73.5,70.5,73.2,71.7,72.2,70.9,64.7,58.3,54.7,54.4,25,36,22.7,29.1,59,65,25,0,0,0,6,6,4,0,28,28,28,39,39,36,36,36,37,44.99,42.33,45.07,46,460,4.6,0,0,0
16.32,192,0.25,0.29,0.26,11.1,12.0,13.6,16.66,-3.4,0.03,0.14,209.8,11.1,247,1,3,1557,702,1825,1,1836,16.3,169.2,1081,30.4,34.5,0.0,3.1,2067.6,0,16.83,14.4,74.0,71.0,73.7,72.1,72.8,71.4,64.9,58.2,54.7,54.5,25,36,22.7,29.1,55,62,25,0,0,0,6,6,4,0,28,28,28,39,39,36,36,36,37,44.99,42.32,45.07,45,460,4.7,0,0,0
16.62,208,0.36,0.41,0.37,10.4,10.4,11.5,16.95,-15.5,0.03,0.23,209.4,11.1,248,1,3,1652,703,1937,1,1947,16.6,177.3,1127,32.1,35.7,0.0,3.2,2067.6,0,16.83,14.4,73.7,70.6,73.4,71.9,72.4,71.3,64.7,58.2,54.7,54.2,25,36,22.7,29.1,58,65,25,0,0,0,6,6,4,0,28,28,28,39,39,37,36,36,37,44.99,42.32,45.07,46,460,4.7,0,0,0
15.93,96,0.25,0.29,0.26,11.9,11.3,13.2,16.3,-11.6,0.15,0.18,209.9,8.1,251,1,3,1472,703,1727,2,1730,15.9,158.4,1043,30.7,35.3,0.0,3.1,2067.6,0,16.83,14.4,74.3,71.2,73.9,72.4,73.1,71.8,65.1,58.4,54.8,54.6,25,36,22.7,29.1,55,62,25,0,0,0,6,6,4,0,28,28,28,39,39,37,36,36,37,44.99,42.33,45.07,44,460,4.7,0,0,0
16.29,152,0.24,0.28,0.25,11.7,11.4,14.0,16.61,1.2,0.16,0.17,209.5,9.3,246,1,3,1574,703,1852,1,1860,16.2,170.2,1096,32.2,36.1,0.1,3.2,2067.6,0,16.83,14.4,73.6,70.5,73.3,71.8,72.3,71.3,64.7,58.1,54.7,54.6,25,36,22.7,29.1,57,64,25,0,0,0,6,6,4,0,28,28,28,39,39,37,36,36,37,44.99,42.32,45.07,45,460,4.7,0,0,0
16.14,8,0.24,0.28,0.25,12.0,12.7,12.0,16.46,-3.2,0.11,0.1,209.8,9.7,250,1,3,1542,702,1805,0,1823,16.2,169.5,1068,32.9,36.9,0.1,3.2,2067.6,0,16.83,14.4,73.5,70.5,73.2,71.7,72.2,71.0,64.7,58.4,54.7,54.2,26,36,22.7,29.1,58,65,25,0,0,0,6,6,4,0,28,28,28,39,39,37,36,36,37,44.99,42.33,45.07,46,460,4.6,0,0,0
16.12,280,0.25,0.29,0.26,12.2,12.4,12.0,16.45,-4.0,0.08,0.1,209.2,9.1,251,1,3,1520,704,1787,-1,1796,16.1,164.3,1063,29.0,33.3,0.0,3.1,2067.6,0,16.83,14.4,74.3,71.2,73.9,72.4,73.0,71.5,65.1,58.2,54.8,54.3,25,36,22.7,29.1,54,61,25,0,0,0,6,6,4,0,28,28,28,39,39,36,36,36,37,45.0,42.33,45.07,45,460,4.6,0,0,0
16.32,208,0.25,0.29,0.26,12.1,11.1,13.2,16.65,-3.0,0.13,0.25,209.4,10.1,252,1,3,1591,704,1870,2,1879,16.3,173.2,1101,29.0,33.6,0.0,3.1,2067.6,0,16.83,14.4,74.3,71.2,73.9,72.4,73.0,71.4,65.0,58.3,54.8,54.5,24,36,22.7,29.1,53,60,25,0,0,0,6,6,4,0,28,28,28,39,39,37,36,36,37,44.99,42.33,45.07,46,460,4.7,0,0,0
16.13,176,0.25,0.29,0.26,12.0,12.4,12.3,16.36,-11.7,0.05,0.13,209.6,9.9,249,1,3,1516,702,1770,1,1778,16.1,164.6,1053,29.9,33.9,0.0,3.1,2067.6,0,16.83,14.4,74.1,71.0,73.8,72.3,72.7,71.9,64.9,58.2,54.7,54.5,25,36,22.7,29.1,54,61,25,0,0,0,6,6,4,0,28,28,28,39,39,37,36,36,37,44.99,42.33,45.07,45,450,4.7,0,0,0
16.12,96,0.25,0.29,0.26,11.6,12.4,12.6,16.44,-13.5,0.29,0.18,209.9,8.7,253,1,3,1509,704,1770,1,1782,16.1,165.7,1055,30.8,34.0,0.0,3.1,2067.6,0,16.83,14.4,74.3,71.2,74.0,72.5,72.9,71.9,65.1,58.3,54.8,54.3,25,36,22.7,29.1,54,61,25,0,0,0,6,6,4,0,28,28,28,39,39,36,36,36,37,45.0,42.33,45.07,45,460,4.7,0,0,0
16.07,200,0.25,0.29,0.26,11.4,12.4,12.7,16.34,-5.6,0.21,0.11,209.5,9.1,249,1,3,1480,703,1729,1,1737,16.0,160.1,1037,33.0,36.0,0.1,3.2,2067.6,0,16.83,14.4,74.2,71.2,73.9,72.5,72.9,71.7,65.0,58.4,54.8,54.6,25,36,22.7,29.1,56,62,25,0,0,0,6,6,4,0,28,28,28,39,39,37,36,36,37,44.99,42.32,45.07,46,460,4.7,0,0,0
16.15,160,0.25,0.29,0.26,11.6,12.5,12.7,16.46,-5.6,0.21,0.25,209.7,9.5,246,1,3,1526,702,1781,0,1786,16.0,166.5,1061,29.3,32.9,0.0,3.1,2067.6,0,16.83,14.4,74.1,71.1,73.8,72.3,72.8,71.6,64.9,58.3,54.7,54.4,25,36,22.7,29.1,54,61,25,0,0,0,6,6,4,0,28,28,28,39,39,37,36,36,37,44.99,42.33,45.07,45,460,4.6,0,0,0
15.85,200,0.25,0.29,0.26,11.2,11.6,13.3,16.24,-1.0,0.13,0.16,209.6,9.6,247,1,3,1441,701,1674,1,1681,15.9,153.7,1020,28.9,33.0,0.0,3.1,2067.6,0,16.83,14.4,73.4,70.4,73.1,71.6,72.1,71.0,64.9,58.4,54.7,54.4,25,36,22.8,29.1,53,60,25,0,0,0,6,6,4,0,28,28,28,39,39,37,36,36,37,44.99,42.33,45.07,46,460,4.6,0,0,0
16.17,248,0.25,0.29,0.26,12.7,11.3,12.1,16.46,2.4,0.01,0.18,209.8,11.8,245,1,3,1530,702,1794,-1,1808,16.1,163.4,1071,29.0,33.4,0.0,3.1,2067.6,0,16.83,14.4,74.1,71.1,73.8,72.3,72.8,71.6,64.9,58.3,54.7,54.4,25,36,22.7,29.1,54,61,25,0,0,0,6,6,4,0,28,28,28,39,39,37,36,36,37,44.99,42.33,45.07,46,460,4.7,0,0,0
16.09,232,0.25,0.29,0.26,11.1,12.0,13.4,16.37,-3.4,0.14,0.16,209.2,9.0,247,1,3,1492,703,1744,0,1738,16.0,159.2,1046,28.8,33.2,0.0,3.1,2067.6,0,16.83,14.4,74.1,71.1,73.8,72.3,72.8,71.5,64.8,58.4,54.7,54.2,25,36,22.7,29.1,54,61,25,0,0,0,6,6,4,0,28,28,28,39,39,37,36,36,37,44.99,42.33,45.07,45,460,4.7,0,0,0
16.31,296,0.25,0.29,0.26,12.9,12.3,11.4,16.59,-0.3,0.17,0.2,209.6,8.8,246,1,3,1570,702,1850,-1,1848,16.3,174.4,1086,31.5,35.6,0.0,3.1,2067.6,0,16.83,14.4,73.8,70.8,73.5,72.0,72.5,71.2,64.7,58.2,54.7,54.3,25,36,22.7,29.1,58,65,25,0,0,0,6,6,4,0,28,28,28,39,39,37,36,36,37,44.99,42.33,45.07,46,460,4.7,0,0,0
16.16,208,0.25,0.29,0.26,13.2,11.8,11.4,16.45,-10.0,0.17,0.23,209.9,8.5,247,1,3,1553,702,1825,0,1833,16.2,167.9,1080,31.2,35.7,0.0,3.1,2067.6,0,16.83,14.4,73.8,70.8,73.6,72.0,72.5,71.2,64.7,58.2,54.7,54.5,25,36,22.7,29.1,57,64,25,0,0,0,6,6,4,0,28,28,28,39,39,37,36,36,37,45.0,42.33,45.07,46,460,4.7,0,0,0
16.1,240,0.25,0.29,0.26,11.6,11.4,13.6,16.44,-14.5,0.17,0.13,209.6,9.7,253,1,3,1521,704,1788,1,1797,16.0,166.4,1069,30.3,34.4,0.0,3.1,2067.6,0,16.83,14.4,74.3,71.2,74.0,72.5,72.9,71.9,65.1,58.3,54.8,54.4,25,36,22.7,29.1,54,61,25,0,0,0,6,6,4,0,28,28,28,39,39,36,36,36,37,44.99,42.33,45.07,45,450,4.6,0,0,0
16.22,96,0.25,0.29,0.26,11.4,11.9,13.7,16.47,-9.9,-0.04,0.16,210.0,9.7,248,1,3,1543,702,1809,1,1804,16.1,164.8,1079,33.7,36.2,0.1,3.2,2067.6,0,16.83,14.4,73.4,70.5,73.1,71.6,72.2,70.8,64.7,58.4,54.7,54.4,25,36,22.8,29.1,57,64,25,0,0,0,6,6,4,0,28,28,28,39,39,37,36,36,37,44.99,42.33,45.07,45,460,4.7,0,0,0
15.76,128,0.25,0.29,0.26,11.7,12.4,12.4,16.03,-2.9,0.08,0.13,209.5,9.4,248,1,3,1413,702,1645,-1,1651,15.8,156.4,999,32.2,34.8,0.1,3.2,2067.6,0,16.83,14.4,74.3,71.2,74.0,72.5,72.9,71.9,64.9,58.4,54.8,54.3,25,36,22.7,29.1,56,62,25,0,0,0,6,6,4,0,28,28,28,39,39,36,36,36,37,45.0,42.32,45.07,45,460,4.7,0,0,0
16.47,8,0.5,0.55,0.51,15.7,17.0,14.3,16.75,5.0,0.14,0.25,209.5,10.1,244,1,3,1661,703,1959,0,1956,16.4,181.4,1132,32.0,36.1,0.1,3.2,2067.6,0,16.83,14.4,73.7,70.6,73.4,71.9,72.4,71.3,64.7,58.2,54.7,54.5,25,36,22.7,29.1,57,65,25,0,0,0,6,6,4,0,28,28,28,39,39,36,36,36,37,44.99,42.32,45.07,46,460,4.7,0,0,0
16.17,344,0.25,0.29,0.26,11.4,11.4,13.6,16.46,-7.0,0.08,0.16,210.0,9.2,249,1,3,1513,703,1778,2,1782,16.1,165.2,1064,33.5,35.8,0.1,3.2,2067.6,0,16.83,14.4,74.2,71.2,73.9,72.5,72.9,71.7,65.0,58.5,54.8,54.5,26,36,22.7,29.1,56,62,25,0,0,0,6,6,4,0,28,28,28,39,39,36,36,36,37,44.99,42.33,45.07,46,450,4.7,0,0,0
16.12,16,0.25,0.29,0.26,11.1,12.4,13.1,16.35,-13.2,0.21,0.17,209.1,8.9,248,1,3,1499,702,1752,-2,1773,16.1,164.5,1048,28.8,33.4,0.0,3.1,2067.6,0,16.83,14.4,74.1,71.1,73.8,72.3,72.8,71.6,64.8,58.4,54.7,54.2,25,36,22.7,29.1,54,61,25,0,0,0,6,6,4,0,28,28,28,39,39,37,36,36,37,44.99,42.33,45.07,45,460,4.6,0,0,0
15.97,88,0.25,0.29,0.26,11.9,12.4,12.2,16.24,-6.8,0.14,0.16,209.3,9.6,248,1,3,1489,702,1738,0,1757,16.0,160.8,1041,28.8,33.3,0.0,3.1,2067.6,0,16.83,14.4,74.1,71.1,73.8,72.3,72.8,71.5,64.8,58.4,54.7,54.3,25,36,22.7,29.1,54,61,25,0,0,0,6,6,4,0,28,28,28,39,39,36,36,36,37,44.99,42.33,45.07,45,460,4.6,0,0,0
16.06,168,0.25,0.29,0.26,11.2,12.0,13.4,16.29,-10.4,0.05,0.18,209.2,10.6,249,1,3,1467,703,1715,1,1724,15.9,161.0,1038,31.4,35.2,0.0,3.2,2067.6,0,16.83,14.4,74.3,71.2,73.9,72.4,73.1,71.7,65.1,58.4,54.8,54.4,25,36,22.7,29.1,55,62,25,0,0,0,6,6,4,0,28,28,28,39,39,37,36,36,37,44.99,42.33,45.07,45,460,4.6,0,0,0
16.11,8,0.25,0.29,0.26,12.4,12.3,11.7,16.36,-11.3,0.07,0.1,209.7,10.8,252,1,3,1516,703,1781,1,1778,16.1,164.0,1059,30.1,33.9,0.0,3.1,2067.6,0,16.83,14.4,74.2,71.2,73.9,72.4,72.9,71.8,65.1,58.3,54.8,54.5,25,36,22.7,29.1,54,61,25,0,0,0,6,6,4,0,28,28,28,39,39,37,36,36,37,45.0,42.33,45.07,46,460,4.7,0,0,0
16.27,312,0.25,0.29,0.26,12.2,12.7,12.5,16.49,-12.9,0.2,0.13,209.9,9.2,248,1,3,1539,702,1805,1,1812,16.1,166.6,1069,33.9,36.0,0.1,3.2,2067.6,0,16.83,14.4,73.4,70.5,73.1,71.6,72.2,70.8,64.7,58.4,54.7,54.3,25,36,22.8,29.1,57,64,25,0,0,0,6,6,4,0,28,28,28,39,39,37,36,36,37,44.99,42.32,45.07,45,460,4.6,0,0,0
15.82,240,0.25,0.29,0.26,13.1,11.3,11.2,16.08,-16.0,0.07,0.18,209.5,8.8,253,1,3,1460,703,1706,-1,1708,15.8,160.1,1030,30.7,34.6,0.0,3.1,2067.6,0,16.83,14.4,74.3,71.2,73.9,72.4,73.0,71.7,65.2,58.4,54.8,54.3,25,36,22.7,29.1,54,61,25,0,0,0,6,6,4,0,28,28,28,39,39,36,36,36,37,45.0,42.33,45.07,45,450,4.7,0,0,0
16.02,344,0.25,0.29,0.26,11.5,11.4,13.4,16.25,-7.4,0.11,0.12,209.5,9.7,248,1,3,1479,704,1721,1,1738,16.0,160.4,1039,32.7,35.4,0.1,3.2,2067.6,0,16.83,14.4,74.3,71.2,74.0,72.5,72.9,71.7,65.0,58.4,54.7,54.5,26,36,22.7,29.1,55,62,25,0,0,0,6,6,4,0,28,28,28,39,39,36,36,36,37,44.99,42.33,45.07,44,460,4.6,0,0,0
16.2,40,0.25,0.29,0.26,12.7,11.3,11.5,16.46,-5.1,0.05,0.22,209.4,11.0,248,1,3,1580,703,1859,1,1879,16.3,170.9,1097,31.9,35.7,0.1,3.2,2067.6,0,16.83,14.4,74.2,71.2,73.9,72.4,73.0,71.4,65.1,58.5,54.8,54.5,25,36,22.7,29.1,56,63,25,0,0,0,6,6,4,0,28,28,28,39,39,36,36,36,37,45.0,42.33,45.07,44,450,4.6,0,0,0
15.9,344,0.25,0.29,0.26,11.5,12.4,12.4,16.2,-8.0,0.13,0.18,209.9,9.1,249,1,3,1445,702,1688,0,1710,15.9,156.7,1020,33.5,35.4,0.1,3.2,2067.6,0,16.83,14.4,74.3,71.2,73.9,72.5,72.9,71.7,65.0,58.4,54.7,54.6,25,36,22.7,29.1,56,62,25,0,0,0,6,6,4,0,28,28,28,39,39,37,36,36,37,45.0,42.32,45.07,46,450,4.7,0,0,0
16.13,320,0.25,0.29,0.26,11.3,12.0,13.5,16.36,-8.5,0.06,0.14,209.4,11.2,248,1,3,1513,702,1770,-1,1766,16.1,161.8,1059,29.7,34.0,0.0,3.1,2067.6,0,16.83,14.4,74.1,71.0,73.8,72.3,72.7,71.8,64.9,58.2,54.7,54.5,25,36,22.7,29.1,54,61,25,0,0,0,6,6,4,0,28,28,28,39,39,37,36,36,37,44.99,42.33,45.07,45,460,4.7,0,0,0
16.27,336,0.25,0.29,0.26,12.2,11.0,12.5,16.5,-4.5,0.1,0.2,209.7,10.7,247,1,3,1580,702,1858,-1,1862,16.2,171.9,1098,30.4,34.7,0.0,3.1,2067.6,0,16.83,14.4,74.0,71.0,73.7,72.1,72.8,71.4,64.9,58.2,54.7,54.4,25,36,22.7,29.1,55,62,25,0,0,0,6,6,4,0,28,28,28,39,39,37,36,36,37,44.99,42.32,45.07,46,460,4.6,0,0,0
16.36,312,0.25,0.29,0.26,12.5,12.4,11.8,16.57,-4.1,0.05,0.18,210.0,11.4,247,1,3,1575,702,1852,-2,1853,16.3,173.3,1088,31.7,35.1,0.1,3.2,2067.6,0,16.83,14.4,73.4,70.4,73.1,71.6,72.1,71.0,64.6,58.3,54.6,54.6,25,36,22.8,29.1,55,62,25,0,0,0,6,6,4,0,28,28,28,39,39,37,36,36,37,44.99,42.33,45.07,46,460,4.7,0,0,0
16.1,264,0.25,0.29,0.26,11.6,11.2,13.4,16.35,0.0,0.14,0.15,210.2,10.2,247,1,3,1500,702,1754,0,1757,15.9,159.4,1053,30.6,34.7,0.0,3.1,2067.6,0,16.83,14.4,74.0,71.0,73.7,72.2,72.8,71.4,64.8,58.2,54.7,54.6,25,36,22.7,29.1,55,62,25,0,0,0,6,6,4,0,28,28,28,39,39,37,36,36,37,44.99,42.33,45.07,46,460,4.6,0,0,0
16.27,136,0.25,0.29,0.26,12.3,12.5,11.6,16.53,-0.3,0.11,0.25,209.5,10.4,245,1,3,1558,702,1835,0,1842,16.3,171.2,1080,31.4,35.6,0.0,3.1,2067.6,0,16.83,14.4,73.8,70.8,73.5,72.0,72.5,71.2,64.7,58.2,54.7,54.5,25,36,22.7,29.1,58,65,25,0,0,0,6,6,4,0,28,28,28,39,39,37,36,36,37,44.99,42.32,45.07,46,460,4.7,0,0,0
15.73,56,0.25,0.29,0.26,12.7,11.1,12.6,15.93,-3.1,0.24,0.25,209.2,8.9,248,1,3,1423,703,1659,2,1666,15.8,154.3,1014,32.4,35.4,0.1,3.2,2067.6,0,16.83,14.4,74.3,71.2,74.0,72.5,72.9,71.9,64.9,58.4,54.8,54.3,25,36,22.7,29.1,56,62,25,0,0,0,6,6,4,0,28,28,28,39,39,37,36,36,37,44.99,42.32,45.07,46,460,4.7,0,0,0
16.2,264,0.25,0.29,0.26,12.0,11.2,12.9,16.57,-8.4,0.17,0.22,210.0,8.9,249,1,3,1566,703,1845,-1,1834,16.1,167.5,1093,29.8,34.5,0.0,3.1,2067.6,0,16.83,14.4,74.1,71.0,73.7,72.2,72.8,71.5,64.9,58.3,54.7,54.4,25,36,22.7,29.1,55,62,25,0,0,0,6,6,4,0,28,28,28,39,39,36,36,36,37,45.0,42.33,45.07,46,460,4.7,0,0,0
15.94,272,0.25,0.29,0.26,11.4,12.5,12.8,16.24,-7.0,0.24,0.2,210.7,8.1,248,1,3,1457,702,1697,1,1703,15.9,159.3,1024,29.1,32.9,0.0,3.1,2067.6,0,16.83,14.4,73.4,70.4,73.1,71.6,72.1,71.1,64.9,58.4,54.7,54.4,25,36,22.8,29.1,52,59,25,0,0,0,6,6,4,0,28,28,28,39,39,36,36,36,37,44.99,42.32,45.07,45,460,4.6,0,0,0
16.14,0,0.25,0.29,0.26,13.3,11.5,11.2,16.36,-10.7,0.29,0.23,209.7,8.5,251,1,3,1550,703,1821,1,1829,16.2,167.9,1079,31.7,34.3,0.1,3.2,2067.6,0,16.83,14.4,74.2,71.1,73.9,72.4,72.9,71.6,65.1,58.3,54.7,54.5,25,36,22.7,29.1,56,64,25,0,0,0,6,6,4,0,28,28,28,39,39,36,36,36,37,44.99,42.33,45.07,45,460,4.7,0,0,0
16.02,272,0.25,0.29,0.26,12.0,11.2,13.1,16.29,0.2,0.14,0.21,209.7,9.0,247,1,3,1505,702,1763,1,1772,16.0,164.0,1058,28.8,33.1,0.0,3.1,2067.6,0,16.83,14.4,73.4,70.4,73.1,71.7,72.2,71.0,64.8,58.5,54.6,54.2,25,36,22.8,29.1,52,59,25,0,0,0,6,6,4,0,28,28,28,39,39,37,36,36,37,44.99,42.33,45.07,46,460,4.7,0,0,0
16.16,32,0.25,0.29,0.26,11.8,12.5,12.7,16.39,-11.5,0.19,0.17,209.6,9.2,249,1,3,1519,702,1777,-1,1786,16.1,166.4,1056,29.7,33.7,0.0,3.1,2067.6,0,16.83,14.4,74.1,71.0,73.8,72.3,72.8,71.7,64.9,58.3,54.7,54.4,25,36,22.7,29.1,54,61,25,0,0,0,6,6,4,0,28,28,28,39,39,37,36,36,37,44.99,42.32,45.08,45,450,4.7,0,0,0
16.43,280,0.51,0.55,0.52,15.2,13.8,13.5,16.75,-11.1,0.22,0.14,210.0,9.5,247,1,3,1659,703,1956,2,1964,16.5,183.0,1134,31.9,36.0,0.0,3.1,2067.6,0,16.83,14.4,73.7,70.6,73.4,71.9,72.4,71.3,64.7,58.2,54.7,54.3,25,36,22.7,29.1,58,65,25,0,0,0,6,6,4,0,28,28,28,39,39,36,36,36,37,45.0,42.33,45.07,45,460,4.7,0,0,0
16.09,312,0.25,0.29,0.26,11.5,11.3,13.6,16.45,-3.1,0.14,0.16,210.1,9.3,247,1,3,1523,702,1780,2,1767,16.0,165.3,1065,33.3,35.5,0.1,3.2,2067.6,0,16.83,14.4,73.4,70.5,73.1,71.6,72.1,70.7,64.7,58.5,54.7,54.2,24,36,22.8,29.1,57,64,25,0,0,0,6,6,4,0,28,28,28,39,39,37,36,36,37,44.99,42.32,45.07,46,460,4.7,0,0,0
16.26,136,0.25,0.29,0.26,11.8,12.5,11.9,16.56,-5.9,0.13,0.14,209.5,9.9,252,1,3,1566,704,1844,0,1848,16.2,173.3,1085,29.2,33.2,0.0,3.1,2067.6,0,16.83,14.4,74.3,71.2,73.9,72.4,73.0,71.3,65.1,58.3,54.8,54.4,25,36,22.7,29.1,54,61,25,0,0,0,6,6,4,0,28,28,28,39,39,36,36,36,37,44.99,42.33,45.07,46,450,4.6,0,0,0
15.98,312,0.25,0.29,0.26,12.0,11.1,12.9,16.24,-12.2,0.08,0.2,209.2,10.5,251,1,3,1505,703,1759,0,1765,16.0,160.4,1055,30.7,35.2,0.0,3.1,2067.6,0,16.83,14.4,74.3,71.2,73.9,72.5,73.1,71.7,65.1,58.4,54.8,54.6,25,36,22.7,29.1,55,62,25,0,0,0,6,6,4,0,28,28,28,39,39,36,36,36,37,45.0,42.32,45.07,45,460,4.7,0,0,0
16.0,120,0.25,0.29,0.26,11.4,12.5,12.8,16.34,-6.4,0.19,0.16,210.2,7.9,248,1,3,1485,701,1735,2,1745,16.1,158.6,1040,30.5,34.9,0.0,3.1,2067.6,0,16.83,14.4,74.0,70.9,73.7,72.2,72.8,71.4,64.8,58.2,54.7,54.6,25,36,22.7,29.1,55,62,25,0,0,0,6,6,4,0,28,28,28,39,39,36,36,36,37,44.99,42.33,45.07,45,460,4.7,0,0,0
15.78,272,0.25,0.29,0.26,12.9,11.1,11.8,16.14,-1.1,0.05,0.16,209.5,10.6,247,1,3,1444,703,1686,0,1688,15.8,158.4,1025,32.6,35.0,0.1,3.2,2067.6,0,16.83,14.4,74.3,71.2,74.0,72.5,72.9,71.8,65.0,58.3,54.7,54.3,25,36,22.7,29.1,55,62,25,0,0,0,6,6,4,0,28,28,28,39,39,36,36,36,37,45.0,42.33,45.07,45,460,4.7,0,0,0
16.52,296,0.4,0.44,0.4,10.5,10.5,11.1,16.85,-3.5,0.17,0.15,209.7,9.7,245,1,3,1647,702,1940,0,1934,16.4,180.6,1129,32.5,35.5,0.1,3.2,2067.6,0,16.83,14.4,73.7,70.6,73.4,71.9,72.4,71.3,64.7,58.3,54.7,54.4,25,36,22.7,29.1,57,65,25,0,0,0,6,6,4,0,28,28,28,39,39,37,36,36,37,44.99,42.32,45.07,46,460,4.6,0,0,0
16.45,280,0.25,0.29,0.26,11.4,12.4,13.1,16.65,-15.4,0.2,0.18,209.2,10.8,253,1,3,1568,704,1837,0,1843,16.3,168.2,1084,29.4,34.1,0.0,3.1,2067.6,0,16.83,14.4,74.2,71.2,73.9,72.4,72.9,71.6,65.1,58.3,54.8,54.2,25,36,22.7,29.1,54,61,25,0,0,0,6,6,4,0,28,28,28,39,39,36,36,36,37,44.99,42.33,45.07,46,450,4.7,0,0,0
16.17,128,0.25,0.29,0.26,13.1,11.2,11.3,16.45,-8.0,0.08,0.21,209.7,11.8,249,1,3,1551,703,1819,2,1826,16.2,165.5,1076,33.6,35.8,0.1,3.2,2067.6,0,16.83,14.4,74.2,71.2,73.9,72.4,72.9,71.7,65.1,58.5,54.8,54.4,26,36,22.7,29.1,56,62,25,0,0,0,6,6,4,0,28,28,28,39,39,37,36,36,37,44.99,42.33,45.07,45,450,4.7,0,0,0
16.14,176,0.25,0.29,0.26,12.4,12.7,12.2,16.36,-8.3,0.04,0.15,209.8,10.2,249,1,3,1534,702,1797,1,1781,16.0,165.4,1065,29.9,34.0,0.0,3.1,2067.6,0,16.83,14.4,74.1,71.0,73.7,72.2,72.8,71.5,64.9,58.3,54.7,54.5,25,36,22.7,29.1,55,62,25,0,0,0,6,6,4,0,28,28,28,39,39,37,36,36,37,45.0,42.32,45.07,46,460,4.7,0,0,0
15.85,272,0.25,0.29,0.26,12.6,12.2,11.7,16.13,0.7,0.06,0.2,209.2,9.3,248,1,3,1460,703,1702,1,1706,15.9,161.1,1025,32.1,34.8,0.1,3.2,2067.6,0,16.83,14.4,74.3,71.2,73.9,72.4,72.9,71.8,64.9,58.3,54.8,54.2,25,36,22.7,29.1,56,62,25,0,0,0,6,6,4,0,28,28,28,39,39,36,36,36,37,45.0,42.32,45.07,45,450,4.7,0,0,0
16.13,128,0.25,0.29,0.26,11.3,12.3,13.2,16.32,-14.3,0.23,0.23,210.0,7.6,250,1,3,1485,702,1737,2,1758,16.1,159.3,1043,30.9,33.3,0.0,3.1,2067.6,0,16.83,14.4,73.4,70.4,73.2,71.6,72.1,70.9,64.7,58.6,54.7,54.3,25,36,22.8,29.1,53,60,25,0,0,0,6,6,4,0,28,28,28,39,39,36,36,36,37,44.99,42.33,45.07,46,460,4.7,0,0,0
15.98,296,0.25,0.29,0.26,13.3,11.7,11.2,16.25,-8.7,0.17,0.28,209.1,10.2,252,1,3,1486,703,1737,-1,1739,15.9,158.9,1039,30.4,34.0,0.0,3.1,2067.6,0,16.83,14.4,74.3,71.2,74.0,72.4,72.9,71.7,65.1,58.4,54.8,54.6,25,36,22.7,29.1,54,61,25,0,0,0,6,6,4,0,28,28,28,39,39,37,36,36,37,44.99,42.32,45.07,45,460,4.7,0,0,0
16.14,96,0.25,0.29,0.26,11.3,11.9,13.8,16.5,-2.6,0.0,0.18,209.4,10.5,247,1,3,1528,703,1790,1,1794,16.2,164.3,1070,33.0,35.3,0.1,3.2,2067.6,0,16.83,14.4,73.4,70.5,73.1,71.6,72.1,70.8,64.6,58.5,54.7,54.2,26,36,22.8,29.1,56,63,25,0,0,0,6,6,4,0,28,28,28,39,39,37,36,36,37,44.99,42.33,45.07,46,460,4.7,0,0,0
16.25,352,0.25,0.29,0.26,13.6,11.4,11.2,16.56,-4.2,0.12,0.12,209.8,9.3,252,1,3,1579,704,1863,0,1869,16.2,172.1,1097,29.0,33.3,0.0,3.1,2067.6,0,16.83,14.4,74.3,71.2,73.9,72.4,73.0,71.4,65.1,58.3,54.8,54.5,26,36,22.7,29.1,53,60,25,0,0,0,6,6,4,0,28,28,28,39,39,36,36,36,37,44.99,42.33,45.07,45,460,4.6,0,0,0
16.11,152,0.25,0.29,0.26,13.0,12.1,11.4,16.35,-10.4,0.01,0.23,209.6,10.5,252,1,3,1510,703,1771,0,1781,16.1,164.7,1055,30.3,33.8,0.0,3.1,2067.6,0,16.83,14.4,74.3,71.2,74.0,72.4,72.9,71.8,65.1,58.3,54.8,54.6,25,36,22.7,29.1,54,61,25,0,0,0,6,6,4,0,28,28,28,39,39,37,36,36,37,44.99,42.33,45.07,45,460,4.7,0,0,0
16.16,208,0.25,0.29,0.26,11.6,11.1,13.0,16.55,-5.5,0.26,0.15,209.6,8.1,247,1,3,1575,702,1850,0,1860,16.2,167.9,1095,30.8,35.7,0.0,3.1,2067.6,0,16.83,14.4,73.9,70.9,73.6,72.1,72.5,71.4,64.7,58.1,54.7,54.5,25,36,22.7,29.1,57,64,25,0,0,0,6,6,4,0,28,28,28,39,39,37,36,36,37,44.99,42.33,45.07,45,460,4.6,0,0,0
16.15,256,0.25,0.29,0.26,11.8,12.4,12.3,16.46,-3.5,0.19,0.18,210.2,10.6,249,1,3,1516,704,1777,0,1775,16.0,167.2,1057,31.8,36.1,0.0,3.2,2067.6,0,16.83,14.4,74.2,71.2,73.9,72.4,72.9,71.4,65.1,58.6,54.7,54.7,25,36,22.7,29.1,56,63,25,0,0,0,6,6,4,0,28,28,28,39,39,37,36,36,37,44.99,42.33,45.07,45,460,4.6,0,0,0
16.23,264,0.25,0.29,0.26,11.6,12.7,12.4,16.52,-8.5,0.27,0.1,209.9,9.5,248,1,3,1551,702,1820,1,1832,16.2,171.2,1076,30.4,34.4,0.0,3.1,2067.6,0,16.83,14.4,74.0,71.0,73.7,72.1,72.8,71.3,64.9,58.2,54.7,54.4,25,36,22.7,29.1,55,62,25,0,0,0,6,6,4,0,28,28,28,39,39,36,36,36,37,44.99,42.33,45.07,45,460,4.7,0,0,0
16.08,64,0.25,0.29,0.26,13.4,11.7,11.2,16.36,-15.8,0.19,0.28,209.2,11.1,254,1,3,1515,704,1773,-1,1792,16.2,162.6,1055,29.4,33.5,0.0,3.1,2067.6,0,16.83,14.4,74.3,71.2,73.9,72.4,72.9,71.5,65.0,58.3,54.8,54.6,25,36,22.7,29.1,53,61,25,0,0,0,6,6,4,0,28,28,28,39,39,37,36,36,37,45.0,42.32,45.07,45,460,4.6,0,0,0
15.89,24,0.25,0.29,0.26,12.9,11.4,11.7,16.15,-7.8,0.07,0.17,209.3,10.1,249,1,3,1479,703,1735,0,1737,15.9,159.4,1045,31.2,35.6,0.0,3.2,2067.6,0,16.83,14.4,74.3,71.2,73.9,72.4,73.1,71.7,65.1,58.4,54.8,54.3,26,36,22.7,29.1,56,63,25,0,0,0,6,6,4,0,28,28,28,39,39,36,36,36,37,45.0,42.32,45.07,46,450,4.6,0,0,0
16.43,96,0.25,0.29,0.26,11.8,12.6,12.2,16.75,-10.7,0.23,0.17,210.2,9.4,248,1,3,1591,703,1868,2,1904,16.5,170.8,1093,33.9,36.5,0.1,3.2,2067.6,0,16.83,14.4,73.5,70.5,73.1,71.6,72.2,70.9,64.7,58.4,54.7,54.6,25,36,22.7,29.1,58,64,25,0,0,0,6,6,4,0,28,28,28,39,39,37,36,36,37,44.99,42.33,45.07,45,460,4.6,0,0,0
16.21,328,0.25,0.29,0.26,12.2,11.3,13.2,16.55,-10.8,0.17,0.25,209.7,8.3,252,1,3,1563,703,1837,0,1847,16.1,170.9,1089,33.0,36.7,0.1,3.2,2067.6,0,16.83,14.4,74.2,71.2,73.9,72.4,72.9,71.5,65.0,58.5,54.8,54.2,25,36,22.7,29.1,57,64,25,0,0,0,6,6,4,0,28,28,28,39,39,36,36,36,37,44.99,42.32,45.07,46,450,4.7,0,0,0
16.29,184,0.25,0.29,0.26,11.1,12.3,13.4,16.56,-11.9,0.21,0.18,209.5,8.6,252,1,3,1562,703,1837,0,1845,16.2,168.4,1084,33.2,36.4,0.1,3.2,2067.6,0,16.83,14.4,74.2,71.2,73.9,72.4,72.9,71.5,65.1,58.5,54.8,54.3,25,36,22.7,29.1,57,64,25,0,0,0,6,6,4,0,28,28,28,39,39,37,36,36,37,44.99,42.33,45.07,45,460,4.7,0,0,0
15.94,56,0.25,0.29,0.26,12.3,11.0,12.7,16.18,-13.4,0.14,0.23,209.2,9.8,250,1,3,1489,703,1739,1,1749,15.9,162.0,1048,33.3,35.4,0.1,3.2,2067.6,0,16.83,14.4,74.3,71.2,73.9,72.5,72.9,71.8,65.0,58.4,54.7,54.6,25,36,22.7,29.1,55,62,25,0,0,0,6,6,4,0,28,28,28,39,39,36,36,36,37,44.99,42.32,45.07,45,460,4.6,0,0,0
16.11,296,0.25,0.29,0.26,11.8,11.5,13.6,16.44,-3.6,0.14,0.16,210.1,8.8,248,1,3,1523,702,1783,1,1794,16.1,162.9,1068,34.0,36.3,0.1,3.2,2067.6,0,16.83,14.4,73.4,70.5,73.1,71.6,72.2,70.8,64.7,58.4,54.7,54.5,25,36,22.7,29.1,57,64,25,0,0,0,6,6,4,0,28,28,28,39,39,37,36,36,37,44.99,42.33,45.07,45,450,4.7,0,0,0
16.02,48,0.25,0.29,0.26,11.4,11.7,13.6,16.35,-11.5,0.06,0.16,209.6,10.0,249,1,3,1485,702,1731,0,1747,16.0,159.7,1044,30.7,34.8,0.0,3.1,2067.6,0,16.83,14.4,73.9,71.0,73.7,72.1,72.7,71.4,64.8,58.2,54.7,54.5,25,36,22.7,29.1,55,62,25,0,0,0,6,6,4,0,28,28,28,39,39,36,36,36,37,44.99,42.33,45.07,46,460,4.7,0,0,0
16.12,304,0.25,0.29,0.26,11.5,11.4,13.5,16.45,-15.3,0.16,0.2,209.3,8.9,248,1,3,1534,702,1800,0,1806,16.0,164.3,1074,29.3,32.9,0.0,3.1,2067.6,0,16.83,14.4,74.1,71.1,73.8,72.3,72.8,71.6,64.9,58.3,54.7,54.3,25,36,22.7,29.1,54,61,25,0,0,0,6,6,4,0,28,28,28,39,39,37,36,36,37,44.99,42.33,45.07,45,450,4.7,0,0,0
16.07,16,0.25,0.29,0.26,13.3,12.0,11.4,16.35,-0.5,0.16,0.18,209.6,11.1,246,1,3,1529,702,1789,1,1782,16.1,167.5,1062,29.2,33.2,0.0,3.1,2067.6,0,16.83,14.4,74.1,71.1,73.8,72.3,72.8,71.6,64.9,58.3,54.7,54.4,25,36,22.7,29.1,54,61,25,0,0,0,6,6,4,0,28,28,28,39,39,36,36,36,37,44.99,42.33,45.07,46,460,4.6,0,0,0
16.09,320,0.25,0.29,0.26,11.6,12.5,12.4,16.45,3.5,0.2,0.02,209.9,9.4,246,1,3,1512,702,1767,0,1763,16.0,164.0,1055,29.1,33.3,0.0,3.0,2067.6,0,16.83,14.4,74.1,71.1,73.8,72.3,72.8,71.6,64.9,58.3,54.7,54.4,25,36,22.7,29.1,54,61,25,0,0,0,6,6,4,0,28,28,28,39,39,37,36,36,37,44.99,42.32,45.07,45,460,4.6,0,0,0
16.32,8,0.24,0.28,0.25,11.8,11.4,13.8,16.56,3.6,0.03,0.15,210.0,9.8,248,1,3,1576,702,1849,1,1857,16.2,167.3,1092,32.3,37.0,0.0,3.2,2067.6,0,16.83,14.4,73.5,70.5,73.2,71.8,72.2,71.2,64.7,58.3,54.7,54.3,25,36,22.7,29.1,58,65,25,0,0,0,6,6,4,0,28,28,28,39,39,37,36,36,37,45.0,42.33,45.07,45,460,4.7,0,0,0
16.11,312,0.25,0.29,0.26,12.0,12.7,12.4,16.44,-1.0,0.17,0.12,210.1,9.5,247,1,3,1534,702,1795,2,1802,16.0,169.0,1065,33.0,35.4,0.1,3.2,2067.6,0,16.83,14.4,73.4,70.4,73.1,71.6,72.1,70.8,64.6,58.5,54.7,54.3,25,36,22.8,29.1,56,63,25,0,0,0,6,6,4,0,28,28,28,39,39,37,36,36,37,44.99,42.33,45.07,46,460,4.6,0,0,0
16.46,288,0.25,0.29,0.26,11.3,12.4,13.2,16.76,-9.1,0.2,0.12,209.5,11.4,250,1,3,1592,703,1873,-1,1878,16.3,173.7,1100,31.4,33.4,0.0,3.1,2067.6,0,16.83,14.4,74.2,71.1,73.8,72.3,72.9,71.5,65.0,58.5,54.7,54.5,25,36,22.7,29.1,54,62,25,0,0,0,6,6,4,0,28,28,28,39,39,36,36,36,37,44.99,42.32,45.07,46,460,4.6,0,0,0
15.89,24,0.25,0.29,0.26,12.7,11.2,11.5,16.15,-18.6,-0.01,0.2,209.3,9.6,251,1,3,1494,703,1745,-1,1748,15.9,163.5,1048,31.1,35.2,0.0,3.2,2067.6,0,16.83,14.4,74.3,71.2,73.9,72.4,73.1,71.7,65.2,58.4,54.8,54.6,25,36,22.7,29.1,55,62,25,0,0,0,6,6,4,0,28,28,28,39,39,36,36,36,37,44.99,42.32,45.07,45,450,4.7,0,0,0
16.36,216,0.25,0.29,0.26,13.4,11.6,11.2,16.65,-7.7,0.16,0.23,210.1,9.4,250,1,3,1633,703,1918,1,1928,16.5,179.0,1115,31.0,33.7,0.0,3.1,2067.6,0,16.83,14.4,74.2,71.1,73.8,72.3,72.9,71.5,65.0,58.5,54.8,54.6,25,36,22.7,29.1,56,62,25,0,0,0,6,6,4,0,28,28,28,39,39,36,36,36,37,44.99,42.32,45.07,45,450,4.7,0,0,0
16.09,280,0.25,0.29,0.26,12.3,11.1,12.4,16.42,-17.4,0.13,0.18,209.9,11.3,254,1,3,1520,704,1782,0,1784,16.1,162.2,1063,29.4,33.4,0.0,3.1,2067.6,0,16.83,14.4,74.2,71.2,73.9,72.4,72.9,71.5,65.0,58.3,54.8,54.7,25,36,22.7,29.1,54,61,25,0,0,0,6,6,4,0,28,28,28,39,39,36,36,36,37,44.99,42.32,45.07,44,450,4.6,0,0,0
16.15,144,0.25,0.29,0.26,11.0,12.1,13.5,16.45,4.0,0.14,0.05,209.1,8.6,247,1,3,1510,703,1769,-1,1774,16.1,161.6,1056,30.2,32.7,0.0,3.1,2067.6,0,16.83,14.4,74.1,71.1,73.8,72.3,72.9,71.6,65.0,58.4,54.8,54.2,26,36,22.7,29.1,54,61,25,0,0,0,6,6,4,0,28,28,28,39,39,36,36,36,37,44.99,42.33,45.07,44,460,4.6,0,0,0
16.08,256,0.25,0.29,0.26,11.6,12.5,12.5,16.45,-12.1,0.31,0.12,210.0,9.3,249,1,3,1502,702,1764,1,1773,16.1,162.5,1053,31.0,32.6,0.0,3.1,2067.6,0,16.83,14.4,73.4,70.4,73.2,71.6,72.1,70.9,64.8,58.6,54.6,54.3,25,36,22.8,29.1,53,60,25,0,0,0,6,6,4,0,28,28,28,39,39,36,36,36,37,44.99,42.33,45.07,46,460,4.7,0,0,0
16.43,352,0.26,0.31,0.27,15.0,17.0,13.8,16.65,-8.9,0.06,0.18,209.4,10.2,248,1,3,1618,702,1908,0,1913,16.5,176.4,1109,31.9,35.9,0.0,3.2,2067.6,0,16.83,14.4,73.7,70.7,73.4,71.9,72.4,71.1,64.7,58.2,54.7,54.2,26,36,22.7,29.1,58,65,25,0,0,0,6,6,4,0,28,28,28,39,39,37,36,36,37,45.0,42.32,45.07,46,460,4.7,0,0,0
16.06,224,0.25,0.29,0.26,11.4,11.6,13.6,16.35,-13.3,0.17,0.11,209.4,10.3,252,1,3,1509,704,1767,0,1778,16.1,164.6,1058,29.8,34.3,0.0,3.1,2067.6,0,16.83,14.4,74.3,71.2,74.0,72.4,72.9,71.8,65.1,58.3,54.8,54.7,25,36,22.7,29.1,54,61,25,0,0,0,6,6,4,0,28,28,28,39,39,36,36,36,37,44.99,42.32,45.07,45,460,4.7,0,0,0
16.05,16,0.25,0.29,0.26,13.2,11.7,11.2,16.3,-7.8,0.24,0.18,209.7,7.6,247,1,3,1517,702,1781,1,1788,16.1,168.4,1061,29.2,33.5,0.0,3.1,2067.6,0,16.83,14.4,74.1,71.1,73.8,72.3,72.8,71.5,65.0,58.4,54.7,54.6,25,36,22.7,29.1,54,61,25,0,0,0,6,6,4,0,28,28,28,39,39,36,36,36,37,44.99,42.32,45.07,45,460,4.6,0,0,0
16.31,80,0.25,0.29,0.26,11.3,12.4,12.8,16.55,-11.5,0.19,0.15,209.8,10.6,253,1,3,1545,704,1805,1,1813,16.3,168.1,1069,29.6,34.0,0.0,3.1,2067.6,0,16.83,14.4,74.2,71.2,73.9,72.4,72.9,71.7,65.1,58.3,54.8,54.3,25,36,22.7,29.1,54,61,25,0,0,0,6,6,4,0,28,28,28,39,39,36,36,36,37,44.99,42.33,45.07,46,450,4.7,0,0,0
16.1,144,0.25,0.29,0.26,12.9,12.4,11.3,16.39,-6.6,0.18,0.28,209.7,10.1,249,1,3,1533,703,1798,1,1802,16.2,165.3,1066,29.5,33.0,0.0,3.1,2067.6,0,16.83,14.4,74.1,71.1,73.8,72.3,72.9,71.5,65.0,58.4,54.8,54.3,25,36,22.7,29.1,54,61,25,0,0,0,6,6,4,0,28,28,28,39,39,36,36,36,37,45.0,42.33,45.07,46,460,4.6,0,0,0
16.25,8,0.25,0.29,0.26,11.6,12.5,12.4,16.55,-17.7,0.14,0.16,209.7,10.2,254,1,3,1561,704,1831,1,1867,16.4,172.7,1079,29.8,33.5,0.0,3.1,2067.6,0,16.83,14.4,74.2,71.2,73.9,72.4,72.9,71.6,65.1,58.3,54.8,54.3,25,36,22.7,29.1,54,61,25,0,0,0,6,6,4,0,28,28,28,39,39,37,36,36,37,44.99,42.32,45.07,45,460,4.6,0,0,0
16.12,328,0.25,0.29,0.26,12.5,11.1,11.8,16.39,-6.9,-0.12,0.27,209.7,9.9,249,1,3,1541,703,1805,1,1824,16.2,166.1,1074,31.4,34.0,0.1,3.1,2067.6,0,16.83,14.4,73.4,70.4,73.2,71.6,72.0,70.9,64.7,58.5,54.7,54.1,26,36,22.8,29.1,54,61,25,0,0,0,6,6,4,0,28,28,28,39,39,37,36,36,37,45.0,42.33,45.07,46,460,4.7,0,0,0
16.24,40,0.25,0.29,0.26,11.1,12.0,13.7,16.48,-6.5,0.06,0.2,209.3,9.6,251,1,3,1527,703,1793,0,1796,16.1,165.5,1069,32.5,36.6,0.1,3.2,2067.6,0,16.83,14.4,74.2,71.2,73.9,72.4,72.9,71.6,65.0,58.5,54.8,54.3,25,36,22.7,29.1,58,65,25,0,0,0,6,6,4,0,28,28,28,39,39,37,36,36,37,44.99,42.33,45.07,45,460,4.7,0,0,0
16.17,8,0.25,0.29,0.26,13.1,11.3,11.4,16.5,-11.3,0.09,0.2,209.5,10.4,253,1,3,1580,704,1861,0,1868,16.2,171.4,1097,29.8,33.9,0.0,3.1,2067.6,0,16.83,14.4,74.2,71.2,73.9,72.4,72.9,71.7,65.1,58.3,54.8,54.3,25,36,22.7,29.1,54,61,25,0,0,0,6,6,4,0,28,28,28,39,39,36,36,36,37,44.99,42.33,45.07,46,460,4.6,0,0,0
16.14,248,0.25,0.29,0.26,12.2,11.0,12.9,16.4,3.8,0.17,0.2,209.3,7.3,247,1,3,1552,702,1818,1,1832,16.1,168.8,1083,29.5,33.5,0.0,3.1,2067.6,0,16.83,14.4,74.1,71.1,73.8,72.3,72.8,71.6,65.0,58.4,54.7,54.2,25,36,22.7,29.1,54,61,25,0,0,0,6,6,4,0,28,28,28,39,39,36,36,36,37,44.99,42.33,45.07,44,450,4.7,0,0,0
16.16,208,0.25,0.29,0.26,11.2,12.4,12.7,16.51,-14.3,0.19,0.14,209.7,10.9,254,1,3,1521,704,1785,1,1782,16.1,166.3,1061,29.4,33.4,0.0,3.1,2067.6,0,16.83,14.4,74.3,71.2,73.9,72.4,72.9,71.5,65.0,58.3,54.8,54.6,25,36,22.7,29.1,53,60,25,0,0,0,6,6,4,0,28,28,28,39,39,37,36,36,37,45.0,42.32,45.07,45,460,4.6,0,0,0
16.57,240,0.25,0.29,0.26,11.4,12.0,13.9,16.86,-16.0,0.04,0.11,209.6,11.2,249,1,3,1621,703,1904,2,1914,16.5,176.3,1116,34.0,36.7,0.1,3.2,2067.6,0,16.83,14.4,73.5,70.5,73.1,71.6,72.2,70.9,64.7,58.4,54.7,54.6,25,36,22.7,29.1,58,64,25,0,0,0,6,6,4,0,28,28,28,39,39,37,36,36,37,44.99,42.33,45.07,45,460,4.7,0,0,0
16.28,152,0.24,0.28,0.25,11.3,11.6,13.8,16.54,-1.6,0.06,0.19,209.8,9.8,249,1,3,1540,702,1808,1,1816,16.2,165.5,1075,32.6,36.8,0.1,3.2,2067.6,0,16.83,14.4,73.5,70.5,73.2,71.7,72.2,71.0,64.7,58.4,54.7,54.2,25,36,22.7,29.1,58,65,25,0,0,0,6,6,4,0,28,28,28,39,39,37,36,36,37,44.99,42.33,45.07,45,460,4.7,0,0,0
16.09,136,0.25,0.29,0.26,13.4,11.5,11.2,16.4,-3.9,0.3,0.17,209.5,8.8,251,1,3,1558,703,1827,1,1827,16.1,170.9,1084,29.2,33.0,0.0,3.1,2067.6,0,16.83,14.4,74.3,71.2,73.9,72.4,73.0,71.5,65.1,58.2,54.8,54.3,25,36,22.7,29.1,54,61,25,0,0,0,6,6,4,0,28,28,28,39,39,36,36,36,37,45.0,42.33,45.07,46,450,4.7,0,0,0
16.67,80,0.37,0.42,0.38,10.9,11.0,10.8,16.86,8.5,0.1,0.14,209.7,11.5,244,1,3,1651,703,1944,-1,1947,16.6,179.2,1131,31.8,36.4,0.1,3.2,2067.6,0,16.83,14.4,73.7,70.6,73.4,71.9,72.4,71.3,64.6,58.2,54.7,54.6,25,36,22.7,29.1,57,65,25,0,0,0,6,6,4,0,28,28,28,39,39,37,36,36,37,44.99,42.32,45.07,46,460,4.7,0,0,0
16.0,112,0.25,0.29,0.26,11.4,12.4,12.9,16.25,-9.6,0.26,0.17,209.8,9.1,250,1,3,1472,703,1715,0,1727,16.0,158.1,1032,31.1,35.3,0.0,3.1,2067.6,0,16.83,14.4,74.3,71.2,73.9,72.4,73.1,71.8,65.2,58.4,54.8,54.6,25,36,22.7,29.1,55,62,25,0,0,0,6,6,4,0,28,28,28,39,39,36,36,36,37,44.99,42.32,45.07,45,460,4.6,0,0,0
16.29,344,0.25,0.29,0.26,13.3,11.4,11.2,16.55,-22.0,0.12,0.17,210.0,10.1,252,1,3,1591,703,1873,0,1879,16.3,175.4,1098,33.5,36.1,0.1,3.2,2067.6,0,16.83,14.4,74.2,71.2,73.9,72.4,72.9,71.7,65.1,58.5,54.8,54.4,25,36,22.7,29.1,56,63,25,0,0,0,6,6,4,0,28,28,28,39,39,36,36,36,37,44.99,42.32,45.07,45,450,4.7,0,0,0
15.87,72,0.25,0.29,0.26,12.5,12.0,11.5,16.17,-5.3,0.16,0.2,209.6,9.3,250,1,3,1469,702,1716,0,1716,15.9,162.2,1030,31.9,34.5,0.1,3.2,2067.6,0,16.83,14.4,74.2,71.2,73.9,72.4,72.9,71.8,65.0,58.2,54.7,54.4,26,36,22.7,29.1,56,63,25,0,0,0,6,6,4,0,28,28,28,39,39,36,36,36,37,45.0,42.33,45.07,45,460,4.7,0,0,0
16.21,240,0.25,0.29,0.26,11.3,12.0,13.5,16.6,-8.0,0.06,0.18,210.0,11.4,247,1,3,1546,702,1812,1,1817,16.3,166.4,1077,33.6,35.9,0.1,3.2,2067.6,0,16.83,14.4,73.4,70.5,73.1,71.6,72.2,70.8,64.7,58.4,54.7,54.2,25,36,22.8,29.1,57,64,25,0,0,0,6,6,4,0,28,28,28,39,39,37,36,36,37,44.99,42.32,45.07,45,460,4.7,0,0,0
16.03,248,0.25,0.29,0.26,13.1,12.0,11.3,16.32,4.9,0.21,0.18,209.3,9.3,245,1,3,1510,702,1765,-1,1774,16.0,163.9,1050,29.6,33.4,0.0,3.1,2067.6,0,16.83,14.4,74.1,71.1,73.8,72.3,72.8,71.6,65.0,58.4,54.7,54.3,25,36,22.7,29.1,54,61,25,0,0,0,6,6,4,0,28,28,28,39,40,37,36,36,37,45.0,42.33,45.07,46,450,4.6,0,0,0
15.98,120,0.25,0.29,0.26,13.1,11.9,11.3,16.19,-12.8,0.28,0.18,209.8,8.2,249,1,3,1507,702,1759,0,1761,15.9,165.0,1052,30.7,34.9,0.0,3.1,2067.6,0,16.83,14.4,73.9,71.0,73.7,72.1,72.7,71.4,64.8,58.2,54.7,54.4,25,36,22.7,29.1,55,62,25,0,0,0,6,6,4,0,28,28,28,39,39,37,36,36,37,44.99,42.33,45.07,45,460,4.7,0,0,0
16.03,160,0.25,0.29,0.26,11.8,11.1,13.4,16.37,-12.1,0.14,0.08,209.4,7.9,248,1,3,1513,702,1765,0,1763,16.0,165.0,1058,28.8,33.2,0.0,3.1,2067.6,0,16.83,14.4,74.1,71.1,73.8,72.3,72.8,71.6,64.8,58.4,54.7,54.3,25,36,22.7,29.1,54,61,25,0,0,0,6,6,4,0,28,28,28,39,39,37,36,36,37,44.99,42.33,45.07,44,460,4.7,0,0,0
16.18,104,0.25,0.29,0.26,12.7,12.1,11.5,16.46,-10.9,0.16,0.18,209.6,11.2,249,1,3,1549,702,1816,-1,1815,16.2,170.5,1072,29.7,33.7,0.0,3.1,2067.6,0,16.83,14.4,74.1,71.0,73.8,72.3,72.8,71.7,64.9,58.3,54.7,54.3,25,36,22.7,29.1,54,61,25,0,0,0,6,6,4,0,28,28,28,39,39,37,36,36,37,44.99,42.32,45.07,46,460,4.6,0,0,0
16.11,168,0.25,0.29,0.26,11.3,12.4,12.7,16.41,-7.6,0.32,0.13,209.9,7.9,248,1,3,1507,702,1758,2,1768,16.1,163.6,1050,34.2,36.1,0.1,3.2,2067.6,0,16.83,14.4,73.4,70.5,73.1,71.6,72.2,70.8,64.7,58.4,54.7,54.5,25,36,22.8,29.1,57,64,25,0,0,0,6,6,4,0,28,28,28,39,39,37,36,36,37,44.99,42.33,45.07,45,460,4.6,0,0,0
16.31,328,0.25,0.29,0.26,11.3,12.5,13.3,16.55,-12.1,0.14,0.18,209.7,10.4,250,1,3,1548,703,1819,-1,1834,16.2,170.6,1077,31.5,35.7,0.0,3.2,2067.6,0,16.83,14.4,74.3,71.2,73.9,72.4,73.0,71.4,65.1,58.5,54.8,54.6,25,36,22.7,29.1,56,63,25,0,0,0,6,6,4,0,28,28,28,39,39,37,36,36,37,44.99,42.32,45.07,46,460,4.7,0,0,0
16.1,64,0.25,0.29,0.26,12.3,12.3,12.0,16.35,-13.2,0.03,0.18,209.2,10.3,248,1,3,1504,702,1764,2,1782,16.1,163.1,1051,30.7,34.9,0.0,3.1,2067.6,0,16.83,14.4,73.9,71.0,73.6,72.1,72.7,71.4,64.8,58.2,54.7,54.5,25,36,22.7,29.1,56,63,25,0,0,0,6,6,4,0,28,28,28,39,40,36,36,36,37,44.99,42.33,45.07,45,460,4.7,0,0,0
16.1,152,0.25,0.29,0.26,12.2,11.1,12.6,16.35,-9.1,0.08,0.23,209.2,9.7,252,1,3,1531,703,1789,0,1784,16.0,165.7,1068,30.3,34.5,0.0,3.1,2067.6,0,16.83,14.4,74.3,71.2,74.0,72.4,72.9,71.8,65.1,58.3,54.8,54.3,25,36,22.7,29.1,54,61,25,0,0,0,6,6,4,0,28,28,28,39,39,36,36,36,37,45.0,42.33,45.07,46,460,4.7,0,0,0
16.3,288,0.25,0.29,0.26,13.1,12.0,11.2,16.55,-14.4,0.19,0.2,209.2,8.4,250,1,3,1584,703,1857,0,1870,16.3,174.6,1091,30.3,33.4,0.0,3.1,2067.6,0,16.83,14.4,74.2,71.1,73.8,72.3,72.9,71.5,65.0,58.4,54.8,54.3,25,36,22.7,29.1,54,62,25,0,0,0,6,6,4,0,28,28,28,39,39,36,36,36,37,44.99,42.33,45.07,46,460,4.7,0,0,0
16.29,208,0.25,0.29,0.26,11.4,12.5,12.9,16.55,-10.6,0.19,0.2,210.1,8.9,247,1,3,1547,702,1810,1,1801,16.2,169.0,1070,31.3,35.5,0.0,3.1,2067.6,0,16.83,14.4,73.8,70.8,73.6,72.0,72.5,71.3,64.7,58.2,54.7,54.6,26,36,22.7,29.1,57,64,25,0,0,0,6,6,4,0,28,28,28,39,39,36,36,36,37,45.0,42.32,45.07,46,460,4.7,0,0,0
16.18,328,0.25,0.29,0.26,13.4,11.8,11.2,16.45,-0.9,0.17,0.3,209.6,10.6,248,1,3,1547,703,1817,-1,1821,16.1,170.4,1072,31.5,36.2,0.0,3.2,2067.6,0,16.83,14.4,74.2,71.2,73.9,72.4,73.0,71.4,65.1,58.5,54.8,54.7,25,36,22.7,29.1,56,63,25,0,0,0,6,6,4,0,28,28,28,39,39,37,36,36,37,45.0,42.33,45.07,46,460,4.6,0,0,0
16.27,152,0.24,0.28,0.25,12.5,12.6,12.0,16.56,-11.3,0.03,0.18,209.8,10.1,251,1,3,1561,702,1839,-1,1835,16.2,170.9,1083,32.6,37.3,0.1,3.2,2067.6,0,16.83,14.4,73.5,70.5,73.2,71.7,72.2,71.0,64.7,58.4,54.7,54.2,25,36,22.7,29.1,58,65,25,0,0,0,6,6,4,0,28,28,28,39,39,37,36,36,37,44.99,42.33,45.07,46,460,4.6,0,0,0
15.88,128,0.25,0.29,0.26,13.4,11.8,11.3,16.08,-5.8,0.14,0.24,209.7,9.5,247,1,3,1460,702,1702,2,1703,15.9,155.2,1025,29.3,32.8,0.0,3.1,2067.6,0,16.83,14.4,73.4,70.4,73.1,71.6,72.1,71.0,64.9,58.4,54.7,54.4,25,36,22.8,29.1,52,59,25,0,0,0,6,6,4,0,28,28,28,39,40,37,36,36,37,44.99,42.32,45.07,46,450,4.7,0,0,0
15.93,312,0.25,0.29,0.26,11.3,12.2,12.9,16.14,-26.7,0.26,0.2,209.2,7.7,254,1,3,1441,704,1678,2,1683,15.8,157.5,1015,30.4,34.8,0.0,3.1,2067.6,0,16.83,14.4,74.3,71.2,73.9,72.4,73.0,71.6,65.2,58.4,54.8,54.4,25,36,22.7,29.1,54,61,25,0,0,0,6,6,4,0,28,28,28,39,39,36,36,36,37,45.0,42.33,45.07,46,460,4.6,0,0,0
16.25,352,0.25,0.29,0.26,12.0,11.1,13.1,16.51,-4.2,0.19,0.28,209.7,7.7,251,1,3,1573,703,1850,1,1857,16.2,172.6,1094,28.6,33.4,0.0,3.1,2067.6,0,16.83,14.4,74.3,71.3,73.9,72.4,73.0,71.5,65.1,58.2,54.8,54.3,26,36,22.7,29.1,54,61,25,0,0,0,6,6,4,0,28,28,28,39,39,36,36,36,37,45.0,42.33,45.07,46,450,4.7,0,0,0
16.15,120,0.25,0.29,0.26,13.4,11.6,11.3,16.46,-5.4,0.29,0.23,210.2,9.7,248,1,3,1569,702,1844,1,1854,16.3,169.6,1087,30.3,34.7,0.0,3.1,2067.6,0,16.83,14.4,74.0,71.0,73.7,72.1,72.8,71.4,64.9,58.2,54.7,54.4,25,36,22.7,29.1,55,62,25,0,0,0,6,6,4,0,28,28,28,39,39,37,36,36,37,44.99,42.33,45.07,46,450,4.7,0,0,0
16.24,328,0.25,0.29,0.26,11.2,12.5,13.0,16.46,-3.1,0.15,0.1,209.7,8.0,250,1,3,1535,704,1801,0,1801,16.2,166.0,1069,31.7,37.0,0.0,3.2,2067.6,0,16.83,14.4,74.2,71.2,73.9,72.4,72.9,71.6,65.0,58.6,54.8,54.5,25,36,22.7,29.1,57,64,25,0,0,0,6,6,4,0,28,28,28,39,39,36,36,36,37,45.0,42.33,45.07,45,450,4.7,0,0,0
16.15,184,0.25,0.29,0.26,11.3,11.6,13.8,16.43,-4.6,0.14,0.15,209.4,9.8,249,1,3,1527,702,1787,2,1793,16.1,166.5,1067,31.6,33.6,0.0,3.2,2067.6,0,16.83,14.4,73.4,70.4,73.2,71.6,72.0,70.9,64.7,58.5,54.7,54.2,26,36,22.8,29.1,54,61,25,0,0,0,6,6,4,0,28,28,28,39,39,36,36,36,37,44.99,42.32,45.07,46,460,4.6,0,0,0
15.94,8,0.25,0.29,0.26,12.9,11.4,11.2,16.26,-9.1,0.12,0.19,209.6,7.9,253,1,3,1495,704,1750,2,1768,16.0,162.1,1048,29.5,33.5,0.0,3.1,2067.6,0,16.83,14.4,74.2,71.2,73.9,72.4,72.9,71.6,65.1,58.2,54.8,54.6,25,36,22.7,29.1,54,61,25,0,0,0,6,6,4,0,28,28,28,39,39,37,36,36,37,44.99,42.32,45.07,46,460,4.6,0,0,0
16.24,80,0.25,0.29,0.26,12.6,12.0,11.4,16.55,-11.7,0.07,0.2,209.1,11.4,252,1,3,1565,704,1842,1,1845,16.2,173.7,1084,28.8,33.6,0.0,3.1,2067.6,0,16.83,14.4,74.3,71.2,73.9,72.4,73.0,71.4,65.1,58.2,54.8,54.2,25,36,22.7,29.1,54,61,25,0,0,0,6,6,4,0,28,28,28,39,39,36,36,36,37,45.0,42.33,45.07,45,460,4.6,0,0,0
16.3,312,0.24,0.28,0.25,12.0,11.3,13.2,16.56,-12.5,0.14,0.23,209.6,6.2,251,1,3,1592,703,1876,0,1896,16.3,172.6,1106,33.5,37.0,0.1,3.2,2067.6,0,16.83,14.4,73.5,70.5,73.2,71.7,72.2,70.8,64.7,58.3,54.7,54.4,25,36,22.7,29.1,59,65,25,0,0,0,6,6,4,0,28,28,28,39,39,36,36,36,37,44.99,42.33,45.07,46,460,4.7,0,0,0
16.22,72,0.25,0.29,0.26,11.4,11.4,13.8,16.54,-10.8,0.08,0.12,210.1,9.5,250,1,3,1554,703,1820,2,1818,16.1,164.9,1080,29.1,32.7,0.0,3.1,2067.6,0,16.83,14.4,74.1,71.1,73.8,72.3,72.9,71.6,65.0,58.4,54.7,54.6,25,36,22.7,29.1,54,61,25,0,0,0,6,6,4,0,28,28,28,39,39,37,36,36,37,44.99,42.32,45.07,46,460,4.7,0,0,0
16.15,256,0.25,0.29,0.26,12.1,12.4,12.0,16.39,-9.0,0.12,0.12,209.7,9.8,252,1,3,1535,704,1802,0,1814,16.1,166.0,1068,32.9,36.6,0.1,3.2,2067.6,0,16.83,14.4,74.2,71.2,73.9,72.4,72.9,71.6,65.0,58.5,54.8,54.3,25,36,22.7,29.1,58,65,25,0,0,0,6,6,4,0,28,28,28,39,39,36,36,36,37,44.99,42.32,45.07,45,460,4.7,0,0,0
16.3,8,0.24,0.28,0.25,11.7,12.7,12.5,16.63,-0.2,0.28,0.12,210.4,8.8,246,1,3,1562,702,1834,-1,1833,16.3,168.2,1079,32.0,36.4,0.0,3.2,2067.6,0,16.83,14.4,73.6,70.5,73.3,71.8,72.3,71.3,64.7,58.1,54.7,54.6,25,36,22.7,29.1,57,64,25,0,0,0,6,6,4,0,28,28,28,39,39,37,36,36,37,44.99,42.33,45.07,46,460,4.7,0,0,0
16.18,232,0.25,0.29,0.26,11.3,12.4,13.1,16.45,-6.3,0.14,0.16,210.2,9.1,247,1,3,1520,702,1778,0,1784,16.0,161.9,1061,29.0,33.8,0.0,3.1,2067.6,0,16.83,14.4,74.1,71.1,73.8,72.3,72.8,71.5,64.9,58.4,54.7,54.5,25,36,22.7,29.1,54,61,25,0,0,0,6,6,4,0,28,28,28,39,39,37,36,36,37,44.99,42.32,45.07,46,460,4.7,0,0,0
15.81,56,0.25,0.29,0.26,11.7,12.4,12.3,16.09,0.0,0.26,0.18,210.1,8.2,247,1,3,1415,702,1643,1,1633,15.7,154.2,999,28.9,32.6,0.0,3.1,2067.6,0,16.83,14.4,73.4,70.4,73.1,71.6,72.2,71.0,64.9,58.4,54.7,54.3,25,36,22.8,29.1,53,60,25,0,0,0,6,6,4,0,28,28,28,39,39,36,36,36,37,44.99,42.33,45.07,45,460,4.6,0,0,0
16.5,336,0.25,0.29,0.26,11.8,12.7,12.7,16.85,-7.7,0.21,0.12,210.1,9.4,247,1,3,1624,702,1916,-2,1908,16.4,178.8,1113,30.8,35.1,0.0,3.1,2067.6,0,16.83,14.4,73.9,70.9,73.7,72.1,72.5,71.4,64.6,58.2,54.7,54.2,25,36,22.7,29.1,56,64,25,0,0,0,6,6,4,0,28,28,28,39,39,37,36,36,37,44.99,42.33,45.07,46,460,4.7,0,0,0
16.36,216,0.25,0.29,0.26,11.5,11.6,13.8,16.66,-11.4,0.05,0.11,209.8,8.8,250,1,3,1581,703,1861,0,1875,16.3,174.1,1099,30.7,33.4,0.0,3.1,2067.6,0,16.83,14.4,74.1,71.1,73.8,72.3,72.9,71.5,65.0,58.4,54.8,54.3,25,36,22.7,29.1,54,62,25,0,0,0,6,6,4,0,28,28,28,39,39,37,36,36,37,44.99,42.33,45.07,44,460,4.7,0,0,0
16.48,64,0.25,0.29,0.26,12.3,11.2,12.3,16.71,-5.6,0.07,0.28,210.0,11.1,247,1,3,1630,702,1918,-1,1914,16.4,173.4,1119,31.2,35.1,0.0,3.1,2067.6,0,16.83,14.4,73.9,70.9,73.7,72.1,72.5,71.4,64.6,58.2,54.7,54.4,25,36,22.7,29.1,56,64,25,0,0,0,6,6,4,0,28,28,28,39,39,37,36,36,37,44.99,42.33,45.07,45,460,4.7,0,0,0
16.22,128,0.25,0.29,0.26,11.9,11.2,13.6,16.54,-3.7,0.14,0.25,209.3,9.0,250,1,3,1551,704,1818,3,1828,16.2,169.4,1083,31.8,36.7,0.1,3.2,2067.6,0,16.83,14.4,74.2,71.2,73.9,72.4,72.9,71.5,65.0,58.6,54.8,54.6,25,36,22.7,29.1,57,64,25,0,0,0,6,6,4,0,28,28,28,39,39,36,36,36,37,45.0,42.33,45.07,44,460,4.7,0,0,0
16.02,224,0.25,0.29,0.26,11.7,12.4,12.3,16.36,-11.8,0.21,0.2,209.3,9.2,253,1,3,1495,703,1751,1,1749,16.0,159.9,1045,29.7,34.0,0.0,3.1,2067.6,0,16.83,14.4,74.2,71.2,73.9,72.4,72.9,71.7,65.1,58.3,54.8,54.4,26,36,22.7,29.1,54,61,25,0,0,0,6,6,4,0,28,28,28,39,39,37,36,36,37,44.99,42.33,45.07,46,460,4.7,0,0,0
16.44,0,0.25,0.29,0.26,12.0,12.7,12.2,16.65,-7.8,0.14,0.06,209.6,9.2,250,1,3,1609,703,1891,-2,1896,16.5,172.6,1102,31.2,33.5,0.0,3.2,2067.6,0,16.83,14.4,74.2,71.1,73.8,72.3,72.9,71.5,65.0,58.5,54.8,54.5,25,36,22.7,29.1,56,63,25,0,0,0,6,6,4,0,28,28,28,39,39,36,36,36,37,44.99,42.32,45.07,46,460,4.7,0,0,0
16.13,352,0.25,0.29,0.26,11.4,12.5,12.9,16.4,-11.6,0.28,0.17,210.0,12.5,247,1,3,1506,702,1755,1,1744,16.0,162.1,1049,30.8,34.8,0.0,3.1,2067.6,0,16.83,14.4,73.9,70.9,73.6,72.1,72.7,71.3,64.8,58.2,54.7,54.3,25,36,22.7,29.1,56,63,25,0,0,0,6,6,4,0,28,28,28,39,39,36,36,36,37,44.99,42.32,45.07,46,460,4.7,0,0,0
16.02,80,0.25,0.29,0.26,11.1,12.2,13.1,16.36,-8.4,0.21,0.09,209.4,8.6,253,1,3,1494,704,1742,1,1735,15.9,163.8,1045,29.6,33.4,0.0,3.1,2067.6,0,16.83,14.4,74.2,71.2,73.9,72.4,72.9,71.7,65.1,58.2,54.8,54.6,25,36,22.7,29.1,54,61,25,0,0,0,6,6,4,0,28,28,28,39,39,37,36,36,37,44.99,42.33,45.07,45,460,4.7,0,0,0
16.01,24,0.25,0.29,0.26,11.3,11.8,13.6,16.34,-11.7,0.1,0.11,209.1,10.2,251,1,3,1493,703,1745,0,1753,16.0,159.8,1049,31.2,34.6,0.0,3.1,2067.6,0,16.83,14.4,74.3,71.2,73.9,72.4,73.1,71.6,65.2,58.5,54.8,54.6,25,36,22.7,29.1,54,61,25,0,0,0,6,6,4,0,28,28,28,39,39,36,36,36,37,45.0,42.33,45.07,45,460,4.6,0,0,0
16.15,80,0.24,0.28,0.25,13.2,11.8,11.3,16.44,0.6,0.26,0.2,209.7,8.7,249,1,3,1545,702,1816,2,1841,16.2,171.1,1075,32.8,36.8,0.1,3.2,2067.6,0,16.83,14.4,73.5,70.5,73.2,71.7,72.2,71.1,64.7,58.4,54.7,54.3,25,36,22.7,29.1,58,65,25,0,0,0,6,6,4,0,28,28,28,39,39,37,36,36,37,44.99,42.33,45.07,46,450,4.6,0,0,0
16.05,232,0.25,0.29,0.26,12.5,12.2,11.6,16.25,-15.1,0.16,0.21,209.2,10.2,248,1,3,1510,702,1770,1,1777,16.0,166.5,1053,28.7,33.5,0.0,3.1,2067.6,0,16.83,14.4,74.1,71.1,73.8,72.3,72.8,71.6,64.8,58.4,54.7,54.2,25,36,22.7,29.1,54,61,25,0,0,0,6,6,4,0,28,28,28,39,39,36,36,36,37,44.99,42.33,45.07,46,460,4.6,0,0,0
15.99,184,0.25,0.29,0.26,12.9,11.3,11.4,16.26,-2.7,-0.04,0.13,209.8,8.8,248,1,3,1519,702,1779,0,1778,15.9,163.5,1061,31.8,34.1,0.1,3.2,2067.6,0,16.83,14.4,73.4,70.4,73.1,71.6,72.0,70.9,64.7,58.5,54.7,54.2,25,36,22.8,29.1,54,61,25,0,0,0,6,6,4,0,28,28,28,39,39,37,36,36,37,44.99,42.32,45.07,46,450,4.7,0,0,0
15.94,96,0.25,0.29,0.26,13.3,11.4,11.2,16.24,-10.3,0.26,0.23,210.1,10.0,251,1,3,1497,703,1752,-1,1759,16.0,160.4,1047,30.7,35.0,0.0,3.1,2067.6,0,16.83,14.4,74.3,71.2,73.9,72.4,73.1,71.7,65.1,58.4,54.8,54.6,25,36,22.7,29.1,55,62,25,0,0,0,6,6,4,0,28,28,28,39,39,36,36,36,37,45.0,42.32,45.07,45,460,4.7,0,0,0
16.03,160,0.25,0.29,0.26,13.3,11.4,11.2,16.39,-7.9,0.16,0.22,210.0,8.5,247,1,3,1549,702,1814,1,1823,16.1,170.5,1074,29.2,33.6,0.0,3.1,2067.6,0,16.83,14.4,74.1,71.1,73.8,72.3,72.8,71.7,65.0,58.4,54.7,54.5,25,36,22.7,29.1,54,61,25,0,0,0,6,6,4,0,28,28,28,39,39,36,36,36,37,44.99,42.33,45.07,45,460,4.6,0,0,0
16.11,336,0.25,0.29,0.26,12.4,11.1,12.2,16.46,-13.4,0.13,0.25,209.7,8.3,249,1,3,1538,702,1799,0,1797,16.0,167.9,1072,29.9,34.2,0.0,3.1,2067.6,0,16.83,14.4,74.1,71.0,73.7,72.2,72.7,71.6,64.9,58.2,54.7,54.2,26,36,22.7,29.1,55,62,25,0,0,0,6,6,4,0,28,28,28,39,39,37,36,36,37,45.0,42.33,45.07,45,450,4.6,0,0,0
16.2,184,0.25,0.29,0.26,12.3,11.2,11.8,16.56,-4.3,0.03,0.2,209.8,11.7,249,1,3,1552,703,1823,-1,1832,16.1,167.9,1081,31.6,36.3,0.0,3.2,2067.6,0,16.83,14.4,74.2,71.2,73.9,72.4,72.9,71.4,65.1,58.5,54.8,54.7,26,36,22.7,29.1,56,63,25,0,0,0,6,6,4,0,28,28,28,39,39,36,36,36,37,44.99,42.33,45.07,44,450,4.7,0,0,0
16.01,280,0.25,0.29,0.26,13.5,11.4,11.4,16.36,-13.4,0.16,0.14,210.0,9.6,248,1,3,1524,702,1782,0,1772,16.0,166.5,1065,30.8,34.9,0.0,3.1,2067.6,0,16.83,14.4,73.9,70.9,73.6,72.1,72.7,71.3,64.8,58.2,54.7,54.4,25,36,22.7,29.1,56,63,25,0,0,0,6,6,4,0,28,28,28,39,39,37,36,36,37,44.99,42.32,45.07,45,460,4.7,0,0,0
16.34,200,0.25,0.29,0.26,11.8,11.3,13.1,16.66,-22.6,0.14,0.23,209.3,8.6,252,1,3,1590,703,1869,0,1878,16.3,170.6,1103,33.8,35.9,0.1,3.2,2067.6,0,16.83,14.4,74.2,71.2,73.9,72.4,72.9,71.7,65.0,58.5,54.8,54.4,25,36,22.7,29.1,56,63,25,0,0,0,6,6,4,0,28,28,28,39,39,36,36,36,37,44.99,42.32,45.07,46,460,4.6,0,0,0
16.28,104,0.25,0.29,0.26,11.3,12.4,13.1,16.44,-1.6,0.14,0.22,209.6,11.1,247,1,3,1513,702,1768,1,1760,16.1,160.9,1056,29.7,34.0,0.0,3.1,2067.6,0,16.83,14.4,74.1,71.0,73.8,72.3,72.7,71.9,64.8,58.2,54.7,54.5,26,36,22.7,29.1,55,62,25,0,0,0,6,6,4,0,28,28,28,39,39,37,36,36,37,44.99,42.33,45.07,45,460,4.7,0,0,0
16.12,304,0.25,0.29,0.26,11.3,11.5,13.8,16.33,-5.2,0.04,0.2,209.5,8.4,247,1,3,1516,702,1769,0,1769,16.1,160.8,1059,28.9,33.6,0.0,3.1,2067.6,0,16.83,14.4,74.1,71.1,73.8,72.3,72.8,71.4,65.0,58.4,54.7,54.6,25,36,22.7,29.1,54,61,25,0,0,0,6,6,4,0,28,28,28,39,39,37,36,36,37,45.0,42.32,45.07,46,460,4.7,0,0,0
16.31,280,0.25,0.29,0.26,11.3,12.4,13.5,16.55,-4.1,0.22,0.12,209.7,9.6,246,1,3,1559,702,1830,0,1853,16.3,167.5,1083,31.1,35.9,0.0,3.1,2067.6,0,16.83,14.4,73.8,70.8,73.5,72.0,72.5,71.2,64.7,58.2,54.7,54.5,25,36,22.7,29.1,58,65,25,0,0,0,6,6,4,0,28,28,28,39,39,37,36,36,37,44.99,42.33,45.07,45,460,4.7,0,0,0
16.24,176,0.25,0.29,0.26,11.5,11.6,13.7,16.44,-7.6,0.11,0.18,209.7,10.6,248,1,3,1536,702,1799,0,1800,16.1,164.2,1073,29.7,33.5,0.0,3.1,2067.6,0,16.83,14.4,74.1,71.0,73.8,72.3,72.8,71.7,64.9,58.3,54.7,54.3,25,36,22.7,29.1,54,61,25,0,0,0,6,6,4,0,28,28,28,39,39,37,36,36,37,44.99,42.32,45.08,45,460,4.7,0,0,0
16.21,88,0.25,0.29,0.26,11.7,12.5,12.6,16.47,-8.0,0.28,0.2,209.6,11.2,250,1,3,1541,703,1808,0,1817,16.2,165.6,1071,29.6,32.8,0.0,3.1,2067.6,0,16.83,14.4,74.1,71.1,73.8,72.3,72.9,71.6,65.0,58.4,54.7,54.4,25,36,22.7,29.1,54,61,25,0,0,0,6,6,4,0,28,28,28,39,39,36,36,36,37,45.0,42.33,45.07,45,460,4.6,0,0,0
16.01,48,0.25,0.29,0.26,12.6,11.3,11.7,16.31,-0.4,0.11,0.15,209.7,10.0,247,1,3,1512,702,1774,2,1795,16.1,162.1,1060,30.4,34.8,0.0,3.1,2067.6,0,16.83,14.4,74.0,71.0,73.7,72.1,72.8,71.5,64.8,58.2,54.7,54.6,25,36,22.7,29.1,55,62,25,0,0,0,6,6,4,0,28,28,28,39,39,37,36,36,37,44.99,42.33,45.07,46,460,4.7,0,0,0
16.12,40,0.25,0.29,0.26,12.3,12.3,11.7,16.39,0.2,0.11,0.08,208.9,9.3,249,1,3,1518,703,1785,0,1782,16.0,165.0,1060,31.9,36.4,0.0,3.2,2067.6,0,16.83,14.4,74.2,71.2,73.9,72.4,72.9,71.5,65.0,58.6,54.8,54.6,25,36,22.7,29.1,57,64,25,0,0,0,6,6,4,0,28,28,28,39,39,37,36,36,37,44.99,42.33,45.07,45,460,4.6,0,0,0
16.32,184,0.25,0.29,0.26,13.5,11.7,11.2,16.56,-17.5,0.21,0.25,209.4,11.1,252,1,3,1598,703,1880,1,1888,16.4,172.5,1101,33.4,36.3,0.1,3.2,2067.6,0,16.83,14.4,74.2,71.2,73.9,72.4,72.9,71.6,65.1,58.4,54.8,54.3,25,36,22.7,29.1,57,63,25,0,0,0,6,6,4,0,28,28,28,39,39,36,36,36,37,44.99,42.32,45.07,45,460,4.7,0,0,0
15.99,80,0.25,0.29,0.26,11.9,11.1,13.0,16.18,-6.2,0.13,0.18,209.3,7.5,252,1,3,1491,704,1747,0,1753,16.0,164.0,1049,29.4,33.5,0.0,3.1,2067.6,0,16.83,14.4,74.2,71.2,73.9,72.4,72.9,71.6,65.1,58.3,54.8,54.6,25,36,22.7,29.1,54,61,25,0,0,0,6,6,4,0,28,28,28,39,39,36,36,36,37,44.99,42.33,45.07,44,460,4.7,0,0,0
16.32,296,0.24,0.28,0.25,11.4,11.8,13.8,16.54,2.8,0.08,0.18,210.1,9.8,246,1,3,1555,702,1821,2,1823,16.2,170.2,1080,32.4,36.4,0.0,3.2,2067.6,0,16.83,14.4,73.6,70.5,73.3,71.8,72.3,71.3,64.8,58.1,54.7,54.5,26,36,22.7,29.1,57,64,25,0,0,0,6,6,4,0,28,28,28,39,39,37,36,36,37,45.0,42.32,45.07,45,460,4.7,0,0,0
16.45,64,0.25,0.29,0.26,10.9,12.2,13.2,16.63,-2.5,0.19,0.19,209.4,10.1,252,1,3,1559,704,1833,-1,1837,16.2,168.3,1081,29.3,33.5,0.0,3.1,2067.6,0,16.83,14.4,74.3,71.2,73.9,72.4,73.0,71.4,65.0,58.3,54.8,54.6,25,36,22.7,29.1,53,60,25,0,0,0,6,6,4,0,28,28,28,39,39,37,36,36,37,44.99,42.33,45.07,46,460,4.6,0,0,0
16.41,96,0.25,0.29,0.26,11.2,12.0,13.6,16.66,-6.0,0.11,0.17,209.7,12.2,248,1,3,1584,702,1855,-1,1846,16.3,169.2,1091,32.2,34.8,0.1,3.2,2067.6,0,16.83,14.4,73.4,70.4,73.1,71.6,72.1,71.0,64.6,58.3,54.7,54.5,25,36,22.8,29.1,55,62,25,0,0,0,6,6,4,0,28,28,28,39,39,37,36,36,37,44.99,42.33,45.07,45,460,4.7,0,0,0
16.28,184,0.25,0.29,0.26,11.6,12.7,12.6,16.55,-8.1,0.2,0.11,210.3,9.4,248,1,3,1561,702,1833,-1,1839,16.2,170.4,1080,32.3,34.9,0.1,3.2,2067.6,0,16.83,14.4,73.4,70.4,73.1,71.6,72.1,71.0,64.7,58.3,54.7,54.5,25,36,22.8,29.1,56,63,25,0,0,0,6,6,4,0,28,28,28,39,39,37,36,36,37,44.99,42.33,45.07,46,460,4.7,0,0,0
15.84,24,0.25,0.29,0.26,12.9,11.2,11.4,16.08,-6.4,0.0,0.17,209.2,10.4,250,1,3,1475,703,1721,-1,1737,15.9,160.1,1038,30.6,35.0,0.0,3.1,2067.6,0,16.83,14.4,74.3,71.2,73.9,72.4,73.0,71.5,65.2,58.5,54.8,54.4,25,36,22.7,29.1,54,61,25,0,0,0,6,6,4,0,28,28,28,39,39,36,36,36,37,45.0,42.33,45.07,45,460,4.7,0,0,0
15.91,56,0.25,0.29,0.26,13.4,11.3,11.3,16.19,-11.3,0.17,0.13,209.8,7.8,250,1,3,1492,702,1742,1,1738,15.8,162.4,1045,31.1,33.2,0.0,3.1,2067.6,0,16.83,14.4,73.4,70.4,73.2,71.6,72.1,71.0,64.7,58.5,54.7,54.2,24,36,22.8,29.1,54,61,25,0,0,0,6,6,4,0,28,28,28,39,39,37,36,36,37,44.99,42.33,45.07,45,460,4.7,0,0,0
16.31,296,0.24,0.28,0.25,11.4,12.2,13.6,16.64,-7.5,0.15,0.2,209.4,9.4,251,1,3,1566,702,1833,-1,1849,16.3,170.7,1083,32.9,37.1,0.1,3.2,2067.6,0,16.83,14.4,73.5,70.5,73.2,71.7,72.2,71.0,64.7,58.4,54.7,54.1,25,36,22.7,29.1,58,65,25,0,0,0,6,6,4,0,28,28,28,39,39,37,36,36,37,44.99,42.33,45.07,45,460,4.7,0,0,0
16.16,112,0.25,0.29,0.26,11.6,12.4,12.5,16.46,-6.5,0.24,0.18,209.6,8.0,251,1,3,1525,704,1785,1,1798,16.2,162.8,1060,32.6,36.7,0.1,3.2,2067.6,0,16.83,14.4,74.2,71.2,73.9,72.4,72.9,71.7,65.0,58.5,54.8,54.4,25,36,22.7,29.1,58,65,25,0,0,0,6,6,4,0,28,28,28,39,39,36,36,36,37,44.99,42.32,45.07,45,460,4.7,0,0,0
15.95,256,0.25,0.29,0.26,11.8,11.2,13.3,16.25,2.1,0.19,0.18,209.7,7.3,247,1,3,1489,702,1740,0,1750,15.8,161.4,1048,31.6,34.2,0.0,3.2,2067.6,0,16.83,14.4,73.4,70.4,73.1,71.6,72.0,70.9,64.6,58.5,54.7,54.2,25,36,22.8,29.1,54,61,25,0,0,0,6,6,4,0,28,28,28,39,39,37,36,36,37,45.0,42.32,45.07,46,460,4.6,0,0,0
16.12,64,0.25,0.29,0.26,13.2,12.1,11.3,16.45,-8.5,0.14,0.15,210.1,9.8,247,1,3,1546,702,1819,0,1805,16.1,169.3,1077,31.5,35.4,0.0,3.1,2067.6,0,16.83,14.4,73.8,70.8,73.6,72.0,72.5,71.2,64.7,58.2,54.7,54.6,25,36,22.7,29.1,57,64,25,0,0,0,6,6,4,0,28,28,28,39,39,37,36,36,37,45.0,42.33,45.07,46,460,4.7,0,0,0
16.36,280,0.25,0.29,0.26,11.0,11.8,13.8,16.56,-8.3,0.05,0.14,209.2,10.8,252,1,3,1566,704,1842,2,1851,16.3,167.5,1088,29.2,33.1,0.0,3.1,2067.6,0,16.83,14.4,74.3,71.2,73.9,72.4,73.0,71.3,65.1,58.3,54.8,54.4,25,36,22.7,29.1,54,61,25,0,0,0,6,6,4,0,28,28,28,39,39,36,36,36,37,44.99,42.33,45.07,46,460,4.6,0,0,0
16.27,280,0.25,0.29,0.26,12.8,11.2,11.7,16.47,-9.4,0.04,0.2,209.2,11.9,252,1,3,1580,704,1861,-1,1855,16.2,174.5,1098,29.2,33.4,0.0,3.1,2067.6,0,16.83,14.4,74.3,71.2,73.9,72.4,73.0,71.4,65.1,58.2,54.8,54.3,26,36,22.7,29.1,54,61,25,0,0,0,6,6,4,0,28,28,28,39,39,36,36,36,37,44.99,42.33,45.07,45,460,4.7,0,0,0
16.43,144,0.25,0.29,0.26,12.4,12.4,11.3,16.58,-11.7,0.19,0.26,209.3,10.6,250,1,3,1583,703,1863,1,1879,16.4,173.6,1092,31.5,32.9,0.0,3.1,2067.6,0,16.83,14.4,74.2,71.1,73.8,72.3,72.9,71.5,65.0,58.5,54.8,54.5,25,36,22.7,29.1,54,62,25,0,0,0,6,6,4,0,28,28,28,39,39,36,36,36,37,44.99,42.32,45.07,46,460,4.7,0,0,0
16.09,264,0.25,0.29,0.26,13.4,11.7,11.3,16.37,-2.6,0.33,0.21,209.7,7.7,248,1,3,1544,702,1812,-1,1815,16.1,170.8,1074,30.2,34.2,0.0,3.1,2067.6,0,16.83,14.4,74.1,71.0,73.7,72.2,72.7,71.5,64.9,58.2,54.7,54.2,25,36,22.7,29.1,55,62,25,0,0,0,6,6,4,0,28,28,28,39,39,37,36,36,37,44.99,42.33,45.07,45,460,4.7,0,0,0
16.33,248,0.25,0.29,0.26,11.4,12.4,13.2,16.55,-11.1,0.16,0.23,209.5,10.7,249,1,3,1550,701,1817,-1,1817,16.2,164.8,1075,29.6,33.7,0.0,3.1,2067.6,0,16.83,14.4,74.1,71.0,73.8,72.3,72.8,71.7,64.9,58.3,54.7,54.3,25,36,22.7,29.1,54,61,25,0,0,0,6,6,4,0,28,28,28,39,39,37,36,36,37,44.99,42.32,45.07,45,460,4.7,0,0,0
16.15,224,0.25,0.29,0.26,13.1,11.5,11.3,16.5,-19.8,0.22,0.13,210.0,8.9,254,1,3,1577,704,1853,0,1850,16.2,174.4,1095,29.7,33.7,0.0,3.1,2067.6,0,16.83,14.4,74.2,71.2,73.9,72.4,72.9,71.6,65.1,58.3,54.8,54.3,25,36,22.7,29.1,54,61,25,0,0,0,6,6,4,0,28,28,28,39,39,37,36,36,37,44.99,42.32,45.07,46,460,4.6,0,0,0
16.6,280,0.38,0.43,0.4,13.4,13.6,14.5,16.86,-10.6,0.25,0.21,210.0,8.0,248,1,3,1643,703,1940,2,1940,16.5,178.6,1123,32.0,35.9,0.0,3.1,2067.6,0,16.83,14.4,73.7,70.7,73.4,71.9,72.4,71.2,64.7,58.2,54.7,54.2,25,36,22.7,29.1,58,65,25,0,0,0,6,6,4,0,28,28,28,39,39,37,36,36,37,44.99,42.32,45.07,46,460,4.6,0,0,0
16.2,296,0.25,0.29,0.26,11.3,12.5,13.2,16.46,-8.7,0.15,0.18,209.2,10.8,252,1,3,1521,703,1777,0,1757,16.0,165.5,1061,30.4,33.8,0.0,3.1,2067.6,0,16.83,14.4,74.3,71.2,74.0,72.4,72.9,71.8,65.1,58.2,54.8,54.6,25,36,22.7,29.1,54,61,25,0,0,0,6,6,4,0,28,28,28,39,39,36,36,36,37,45.0,42.33,45.07,46,460,4.7,0,0,0
16.18,48,0.25,0.29,0.26,11.3,11.8,13.6,16.35,-0.5,0.06,0.17,209.8,9.6,246,1,3,1532,702,1792,0,1808,16.1,165.8,1069,30.9,35.1,0.0,3.1,2067.6,0,16.83,14.4,73.9,70.9,73.6,72.1,72.6,71.3,64.8,58.2,54.7,54.2,25,36,22.7,29.1,57,64,25,0,0,0,6,6,4,0,28,28,28,39,39,36,36,36,37,44.99,42.33,45.07,46,460,4.7,0,0,0
16.16,16,0.25,0.29,0.26,11.9,11.1,13.1,16.41,-4.8,0.22,0.19,209.6,8.0,247,1,3,1535,702,1799,1,1807,16.1,166.1,1072,29.1,33.5,0.0,3.1,2067.6,0,16.83,14.4,74.1,71.1,73.8,72.3,72.8,71.6,64.9,58.4,54.7,54.5,25,36,22.7,29.1,54,61,25,0,0,0,6,6,4,0,28,28,28,39,39,37,36,36,37,44.99,42.32,45.07,46,460,4.7,0,0,0
16.1,72,0.25,0.29,0.26,12.4,11.1,12.2,16.45,-8.4,0.03,0.25,209.7,8.4,250,1,3,1529,702,1795,1,1807,16.1,168.7,1072,31.6,34.4,0.0,3.2,2067.6,0,16.83,14.4,74.2,71.1,73.9,72.4,72.9,71.7,65.0,58.3,54.7,54.5,25,36,22.7,29.1,56,64,25,0,0,0,6,6,4,0,28,28,28,39,39,36,36,36,37,45.0,42.32,45.07,46,460,4.7,0,0,0
16.44,192,0.25,0.29,0.26,11.5,12.4,13.2,16.69,-3.6,0.24,0.18,209.9,9.0,247,1,3,1586,702,1870,-1,1869,16.3,171.2,1097,30.8,35.1,0.0,3.1,2067.6,0,16.83,14.4,73.9,70.9,73.7,72.1,72.6,71.4,64.6,58.2,54.7,54.2,25,36,22.7,29.1,56,64,25,0,0,0,6,6,4,0,28,28,28,39,39,36,36,36,37,45.0,42.33,45.07,46,460,4.7,0,0,0
16.07,24,0.25,0.29,0.26,13.0,11.3,11.6,16.3,-10.9,0.07,0.15,209.5,10.7,252,1,3,1534,704,1797,0,1799,16.1,166.0,1071,30.3,34.5,0.0,3.1,2067.6,0,16.83,14.4,74.3,71.2,74.0,72.5,72.9,71.9,65.1,58.3,54.8,54.5,25,36,22.7,29.1,54,61,25,0,0,0,6,6,4,0,28,28,28,39,39,37,36,36,37,44.99,42.33,45.07,46,460,4.7,0,0,0
16.08,32,0.25,0.29,0.26,11.5,11.4,13.4,16.43,4.2,0.14,0.18,209.9,9.2,247,1,3,1510,702,1768,0,1766,16.0,160.6,1059,29.7,34.0,0.0,3.1,2067.6,0,16.83,14.4,74.1,71.0,73.8,72.2,72.7,71.8,64.9,58.2,54.7,54.7,25,36,22.7,29.1,55,62,25,0,0,0,6,6,4,0,28,28,28,39,39,36,36,36,37,44.99,42.33,45.07,46,460,4.7,0,0,0
15.91,256,0.25,0.29,0.26,11.7,12.4,12.4,16.19,-12.2,0.2,0.14,209.9,9.6,250,1,3,1456,704,1698,0,1711,15.9,157.5,1023,31.0,35.5,0.0,3.1,2067.6,0,16.83,14.4,74.3,71.2,73.9,72.4,73.1,71.7,65.1,58.4,54.8,54.5,26,36,22.7,29.1,55,62,25,0,0,0,6,6,4,0,28,28,28,39,39,36,36,36,37,44.99,42.33,45.07,45,450,4.6,0,0,0
16.6,352,0.29,0.34,0.3,10.4,10.6,12.0,16.86,-11.3,0.18,0.17,209.9,11.1,246,1,3,1632,703,1923,0,1932,16.5,175.7,1118,32.1,35.9,0.0,3.1,2067.6,0,16.83,14.4,73.7,70.6,73.4,71.9,72.4,71.3,64.7,58.3,54.7,54.3,25,36,22.7,29.1,57,65,25,0,0,0,6,6,4,0,28,28,28,39,39,37,36,36,37,44.99,42.33,45.07,46,460,4.7,0,0,0
16.2,96,0.25,0.29,0.26,12.9,11.8,11.3,16.51,-4.9,0.17,0.23,209.9,11.1,247,1,3,1558,702,1833,-2,1818,16.1,171.5,1080,31.9,34.7,0.1,3.2,2067.6,0,16.83,14.4,73.4,70.4,73.1,71.6,72.1,70.8,64.6,58.5,54.6,54.4,26,36,22.8,29.1,55,62,25,0,0,0,6,6,4,0,28,28,28,39,39,37,36,36,37,44.99,42.32,45.07,46,460,4.7,0,0,0
16.08,328,0.25,0.29,0.26,13.7,11.6,11.1,16.36,-4.7,0.21,0.18,209.9,7.9,251,1,3,1524,704,1787,-1,1810,16.2,165.3,1064,32.5,36.5,0.1,3.2,2067.6,0,16.83,14.4,74.2,71.2,73.9,72.4,72.9,71.7,65.0,58.5,54.8,54.4,25,36,22.7,29.1,58,65,25,0,0,0,6,6,4,0,28,28,28,39,39,37,36,36,37,44.99,42.32,45.07,46,450,4.6,0,0,0
15.87,240,0.25,0.29,0.26,12.9,11.3,11.3,16.21,-11.8,0.14,0.14,209.9,9.2,251,1,3,1471,703,1723,1,1732,16.0,159.9,1036,30.9,35.3,0.0,3.1,2067.6,0,16.83,14.4,74.3,71.2,73.9,72.5,73.1,71.8,65.1,58.4,54.8,54.6,25,36,22.7,29.1,55,62,25,0,0,0,6,6,4,0,28,28,28,39,39,36,36,36,37,44.99,42.33,45.07,45,450,4.6,0,0,0
16.16,88,0.25,0.29,0.26,12.2,12.2,11.8,16.36,-7.1,0.03,0.18,209.5,10.5,247,1,3,1513,703,1771,-1,1772,16.0,165.5,1054,29.3,33.4,0.0,3.1,2067.6,0,16.83,14.4,74.1,71.1,73.8,72.3,72.8,71.5,64.9,58.4,54.7,54.6,25,36,22.7,29.1,54,61,25,0,0,0,6,6,4,0,28,28,28,39,39,37,36,36,37,44.99,42.32,45.07,45,450,4.6,0,0,0
16.04,224,0.25,0.29,0.26,11.8,11.3,13.3,16.41,-9.8,0.18,0.25,209.2,7.6,253,1,3,1500,704,1759,-1,1768,16.0,160.3,1056,29.7,33.3,0.0,3.1,2067.6,0,16.83,14.4,74.2,71.2,73.9,72.4,72.9,71.7,65.1,58.2,54.8,54.6,25,36,22.7,29.1,54,61,25,0,0,0,6,6,4,0,28,28,28,39,39,36,36,36,37,44.99,42.32,45.07,44,460,4.7,0,0,0
16.27,256,0.25,0.29,0.26,11.2,12.2,13.6,16.55,-0.6,0.05,0.17,209.8,10.0,247,1,3,1543,702,1809,0,1799,16.1,168.7,1074,32.8,35.3,0.1,3.2,2067.6,0,16.83,14.4,73.4,70.4,73.1,71.6,72.1,70.8,64.6,58.5,54.7,54.3,26,36,22.8,29.1,56,63,25,0,0,0,6,6,4,0,28,28,28,39,39,36,36,36,37,44.99,42.33,45.07,46,450,4.7,0,0,0
16.23,256,0.25,0.29,0.26,11.4,11.6,13.8,16.46,-7.1,0.06,0.14,209.8,10.7,251,1,3,1531,703,1799,3,1814,16.2,165.7,1074,32.2,36.8,0.1,3.2,2067.6,0,16.83,14.4,74.2,71.2,73.9,72.4,72.9,71.7,65.0,58.5,54.8,54.4,25,36,22.7,29.1,58,65,25,0,0,0,6,6,4,0,28,28,28,39,39,36,36,36,37,44.99,42.33,45.07,44,460,4.7,0,0,0
16.0,256,0.25,0.29,0.26,11.5,11.4,13.4,16.28,-12.6,0.14,0.19,209.9,9.2,250,1,3,1487,703,1742,2,1751,15.9,160.1,1049,31.1,35.2,0.0,3.2,2067.6,0,16.83,14.4,74.3,71.2,73.9,72.4,73.1,71.8,65.2,58.4,54.8,54.6,25,36,22.7,29.1,55,62,25,0,0,0,6,6,4,0,28,28,28,39,39,37,36,36,37,44.99,42.32,45.07,44,450,4.7,0,0,0
16.1,112,0.25,0.29,0.26,11.8,11.0,12.5,16.31,-10.4,0.16,0.23,209.7,11.6,248,1,3,1527,703,1782,1,1799,16.1,162.1,1065,30.3,32.7,0.0,3.1,2067.6,0,16.83,14.4,73.4,70.4,73.2,71.6,72.1,71.2,64.8,58.5,54.6,54.5,26,36,22.8,29.1,52,59,25,0,0,0,6,6,4,0,28,28,28,39,39,37,36,36,37,44.99,42.33,45.07,44,460,4.7,0,0,0
15.96,64,0.25,0.29,0.26,12.4,11.2,11.6,16.25,-5.9,-0.05,0.25,209.6,10.3,250,1,3,1507,703,1767,0,1770,16.0,163.6,1059,28.7,33.2,0.0,3.1,2067.6,0,16.83,14.4,74.3,71.2,73.9,72.4,73.0,71.6,65.0,58.3,54.8,54.4,25,36,22.7,29.1,54,61,25,0,0,0,6,6,4,0,28,28,28,39,39,37,36,36,37,44.99,42.33,45.07,46,460,4.7,0,0,0
16.0,296,0.25,0.29,0.26,11.1,12.1,13.2,16.35,-5.5,0.06,0.24,209.3,10.0,252,1,3,1471,703,1721,0,1730,16.0,161.3,1038,29.5,33.6,0.0,3.1,2067.6,0,16.83,14.4,74.2,71.2,73.9,72.4,72.9,71.6,65.1,58.2,54.8,54.6,25,36,22.7,29.1,54,61,25,0,0,0,6,6,4,0,28,28,28,39,39,37,36,36,37,44.99,42.33,45.07,45,450,4.6,0,0,0
16.09,112,0.25,0.29,0.26,13.1,11.8,11.2,16.35,-5.9,0.26,0.19,209.9,10.8,249,1,3,1525,702,1787,1,1807,16.1,163.8,1062,31.2,34.1,0.0,3.2,2067.6,0,16.83,14.4,73.4,70.4,73.2,71.6,72.0,70.9,64.7,58.5,54.7,54.1,25,36,22.8,29.1,54,61,25,0,0,0,6,6,4,0,28,28,28,39,39,36,36,36,37,45.0,42.32,45.07,45,460,4.7,0,0,0
16.22,168,0.25,0.29,0.26,13.2,11.3,11.4,16.46,-5.0,0.11,0.17,210.4,10.3,248,1,3,1584,702,1861,0,1866,16.2,171.1,1097,32.1,34.9,0.1,3.2,2067.6,0,16.83,14.4,73.4,70.4,73.1,71.6,72.1,70.9,64.6,58.4,54.6,54.6,25,36,22.8,29.1,55,62,25,0,0,0,6,6,4,0,28,28,28,39,39,37,36,36,37,44.99,42.33,45.07,45,460,4.6,0,0,0
16.18,152,0.24,0.28,0.25,12.1,12.5,12.1,16.55,4.6,0.14,0.12,210.1,8.4,246,1,3,1549,702,1815,0,1849,16.3,168.7,1073,32.1,36.4,0.0,3.2,2067.6,0,16.83,14.4,73.6,70.5,73.3,71.8,72.3,71.2,64.8,58.1,54.7,54.5,25,36,22.7,29.1,57,64,25,0,0,0,6,6,4,0,28,28,28,39,39,37,36,36,37,45.0,42.32,45.07,46,460,4.6,0,0,0
16.22,280,0.25,0.29,0.26,12.4,12.2,11.2,16.5,-5.6,0.14,0.12,209.2,11.1,253,1,3,1558,704,1828,0,1839,16.3,168.8,1078,29.5,33.3,0.0,3.1,2067.6,0,16.83,14.4,74.3,71.2,73.9,72.4,72.9,71.5,65.0,58.3,54.8,54.6,25,36,22.7,29.1,53,60,25,0,0,0,6,6,4,0,28,28,28,39,39,36,36,36,37,44.99,42.33,45.07,46,450,4.6,0,0,0
15.9,240,0.25,0.29,0.26,11.8,12.5,12.3,16.24,-10.5,0.17,0.12,209.7,9.5,252,1,3,1453,703,1696,1,1705,15.8,155.3,1025,30.3,34.2,0.0,3.1,2067.6,0,16.83,14.4,74.3,71.2,74.0,72.5,72.9,71.7,65.1,58.4,54.8,54.6,25,36,22.7,29.1,54,61,25,0,0,0,6,6,4,0,28,28,28,39,39,36,36,36,37,44.99,42.33,45.07,45,450,4.7,0,0,0
16.17,216,0.25,0.29,0.26,12.0,11.1,13.0,16.48,-12.5,0.24,0.18,209.4,10.4,251,1,3,1562,703,1833,1,1830,16.2,171.7,1087,31.7,34.1,0.0,3.2,2067.6,0,16.83,14.4,74.2,71.1,73.8,72.4,72.9,71.5,65.1,58.4,54.7,54.5,25,36,22.7,29.1,56,64,25,0,0,0,6,6,4,0,28,28,28,39,39,36,36,36,37,44.99,42.32,45.07,46,460,4.7,0,0,0
15.87,96,0.25,0.29,0.26,13.1,11.4,11.1,16.14,-8.5,0.3,0.14,209.8,8.5,252,1,3,1468,703,1717,1,1722,15.9,159.5,1032,30.2,34.2,0.0,3.1,2067.6,0,16.83,14.4,74.3,71.2,74.0,72.5,72.9,71.7,65.1,58.4,54.8,54.7,25,36,22.7,29.1,54,61,25,0,0,0,6,6,4,0,28,28,28,39,39,37,36,36,37,44.99,42.33,45.07,45,450,4.7,0,0,0
16.23,216,0.25,0.29,0.26,11.2,11.8,13.9,16.46,-10.5,0.06,0.24,210.0,8.8,250,1,3,1519,703,1785,0,1778,16.0,165.0,1066,28.8,33.0,0.0,3.1,2067.6,0,16.83,14.4,74.1,71.1,73.8,72.3,72.8,71.5,65.0,58.3,54.7,54.6,25,36,22.7,29.1,54,61,25,0,0,0,6,6,4,0,28,28,28,39,39,37,36,36,37,44.99,42.33,45.07,46,460,4.7,0,0,0
16.36,200,0.25,0.29,0.26,11.7,12.7,13.0,16.69,-11.5,0.28,0.2,210.4,9.4,250,1,3,1599,702,1881,2,1875,16.3,176.1,1101,31.3,33.8,0.0,3.2,2067.6,0,16.83,14.4,74.2,71.1,73.8,72.3,72.9,71.5,65.0,58.4,54.8,54.7,25,36,22.7,29.1,56,63,25,0,0,0,6,6,4,0,28,28,28,39,39,36,36,36,37,44.99,42.33,45.07,46,460,4.6,0,0,0
16.29,224,0.24,0.28,0.25,11.6,12.5,12.5,16.59,4.3,0.23,0.17,210.0,9.3,248,1,3,1554,702,1820,2,1836,16.3,166.7,1073,32.4,37.0,0.1,3.2,2067.6,0,16.83,14.4,73.5,70.5,73.2,71.7,72.2,71.2,64.7,58.3,54.7,54.2,25,36,22.7,29.1,58,65,25,0,0,0,6,6,4,0,28,28,28,39,39,37,36,36,37,45.0,42.33,45.07,46,460,4.7,0,0,0
16.26,280,0.25,0.29,0.26,12.8,12.2,11.7,16.5,-4.8,0.02,0.23,209.5,11.3,246,1,3,1560,702,1831,0,1834,16.2,169.5,1078,31.0,35.4,0.0,3.1,2067.6,0,16.83,14.4,73.9,70.9,73.6,72.1,72.5,71.4,64.7,58.1,54.7,54.5,25,36,22.7,29.1,57,64,25,0,0,0,6,6,4,0,28,28,28,39,39,37,36,36,37,44.99,42.33,45.07,46,450,4.7,0,0,0
16.08,256,0.25,0.29,0.26,13.2,11.5,11.2,16.36,-11.4,0.22,0.18,209.7,9.3,250,1,3,1542,703,1813,0,1814,16.0,171.3,1077,31.5,35.6,0.0,3.1,2067.6,0,16.83,14.4,74.3,71.2,73.9,72.4,73.0,71.6,65.1,58.5,54.8,54.5,25,36,22.7,29.1,56,63,25,0,0,0,6,6,4,0,28,28,28,39,39,36,36,36,37,44.99,42.32,45.07,45,460,4.6,0,0,0
16.51,168,0.35,0.4,0.37,15.4,16.8,13.8,16.83,-15.8,0.19,0.23,209.9,11.5,250,1,3,1655,703,1947,2,1959,16.7,179.0,1125,34.4,36.6,0.1,3.2,2067.6,0,16.83,14.4,73.5,70.5,73.1,71.6,72.2,70.8,64.7,58.4,54.7,54.6,25,36,22.7,29.1,58,64,25,0,0,0,6,6,4,0,28,28,28,39,39,37,36,36,37,45.0,42.33,45.07,45,460,4.7,0,0,0
16.2,120,0.25,0.29,0.26,12.0,11.1,13.2,16.39,-3.1,0.19,0.18,210.0,8.9,248,1,3,1554,702,1823,1,1834,16.1,167.5,1083,30.3,34.2,0.0,3.1,2067.6,0,16.83,14.4,74.0,71.0,73.7,72.2,72.7,71.5,64.9,58.2,54.7,54.2,25,36,22.7,29.1,55,62,25,0,0,0,6,6,4,0,28,28,28,39,39,37,36,36,37,44.99,42.33,45.07,44,460,4.6,0,0,0
16.02,320,0.25,0.29,0.26,12.5,11.1,11.7,16.28,-4.4,0.06,0.23,209.6,10.5,248,1,3,1515,703,1769,2,1779,15.9,165.7,1059,29.9,34.2,0.0,3.1,2067.6,0,16.83,14.4,74.1,71.0,73.8,72.2,72.8,71.6,65.0,58.2,54.7,54.5,25,36,22.7,29.1,55,62,25,0,0,0,6,6,4,0,28,28,28,39,39,36,36,36,37,44.99,42.33,45.07,46,460,4.6,0,0,0
16.26,352,0.25,0.29,0.26,11.7,11.3,13.6,16.56,-2.3,0.15,0.18,209.8,9.4,246,1,3,1572,702,1847,2,1851,16.3,166.6,1091,31.1,35.4,0.0,3.1,2067.6,0,16.83,14.4,73.8,70.9,73.6,72.1,72.5,71.3,64.7,58.2,54.7,54.6,25,36,22.7,29.1,57,64,25,0,0,0,6,6,4,0,28,28,28,39,39,37,36,36,37,45.0,42.32,45.07,45,460,4.7,0,0,0
16.49,128,0.25,0.29,0.26,11.2,11.8,13.9,16.76,-7.7,0.09,0.18,209.5,9.8,250,1,3,1609,702,1892,-2,1904,16.3,175.8,1111,31.3,33.7,0.0,3.2,2067.6,0,16.83,14.4,74.2,71.1,73.8,72.3,72.9,71.5,65.0,58.5,54.8,54.5,25,36,22.7,29.1,56,63,25,0,0,0,6,6,4,0,28,28,28,39,39,36,36,36,37,44.99,42.32,45.07,45,460,4.6,0,0,0
16.14,288,0.25,0.29,0.26,11.2,11.8,13.6,16.44,-8.1,0.03,0.13,209.4,9.8,250,1,3,1520,702,1778,1,1771,16.0,166.3,1063,31.2,34.6,0.1,3.2,2067.6,0,16.83,14.4,74.2,71.1,73.9,72.4,72.9,71.6,65.1,58.3,54.8,54.5,26,36,22.7,29.1,56,64,25,0,0,0,6,6,4,0,28,28,28,39,39,36,36,36,37,44.99,42.32,45.07,46,450,4.6,0,0,0
16.18,104,0.25,0.29,0.26,12.4,12.0,11.6,16.44,-3.3,0.05,0.21,209.3,11.0,246,1,3,1532,701,1799,-2,1798,16.1,166.4,1065,29.5,33.5,0.0,3.1,2067.6,0,16.83,14.4,74.1,71.1,73.8,72.3,72.8,71.7,65.0,58.5,54.7,54.5,25,36,22.7,29.1,54,61,25,0,0,0,6,6,4,0,28,28,28,39,39,37,36,36,37,45.0,42.33,45.07,46,460,4.6,0,0,0
16.29,336,0.25,0.29,0.26,12.2,11.3,13.4,16.56,-3.3,0.11,0.18,210.0,9.0,246,1,3,1598,701,1876,0,1895,16.3,175.1,1108,30.8,34.8,0.0,3.1,2067.6,0,16.83,14.4,73.9,70.9,73.7,72.1,72.6,71.4,64.7,58.2,54.7,54.2,26,36,22.7,29.1,57,64,25,0,0,0,6,6,4,0,28,28,28,39,39,37,36,36,37,45.0,42.33,45.07,46,460,4.6,0,0,0
16.0,112,0.25,0.29,0.26,12.1,12.3,11.8,16.28,-10.3,0.03,0.13,209.5,9.8,249,1,3,1498,703,1752,1,1753,16.0,165.5,1046,33.2,35.3,0.1,3.2,2067.6,0,16.83,14.4,74.3,71.2,74.0,72.5,72.9,71.7,65.0,58.4,54.7,54.6,25,36,22.7,29.1,55,62,25,0,0,0,6,6,4,0,28,28,28,39,39,36,36,36,37,44.99,42.32,45.07,46,450,4.7,0,0,0
16.0,152,0.25,0.29,0.26,12.2,12.3,11.6,16.21,-6.2,0.1,0.13,209.4,9.0,252,1,3,1475,704,1721,0,1723,15.9,161.1,1034,29.3,33.6,0.0,3.1,2067.6,0,16.83,14.4,74.2,71.2,73.9,72.4,72.9,71.6,65.1,58.2,54.8,54.6,25,36,22.7,29.1,54,61,25,0,0,0,6,6,4,0,28,28,28,39,39,37,36,36,37,44.99,42.32,45.07,45,460,4.6,0,0,0
16.22,296,0.24,0.28,0.25,12.4,11.1,12.2,16.52,-1.4,0.14,0.18,209.8,9.4,249,1,3,1560,702,1829,1,1845,16.2,166.6,1084,32.6,36.8,0.1,3.2,2067.6,0,16.83,14.4,73.5,70.5,73.2,71.7,72.2,71.1,64.7,58.4,54.7,54.3,25,36,22.7,29.1,58,65,25,0,0,0,6,6,4,0,28,28,28,39,39,36,36,36,37,44.99,42.33,45.07,45,460,4.7,0,0,0
15.94,168,0.25,0.29,0.26,11.0,12.0,13.3,16.24,-5.9,0.06,0.18,209.3,9.0,252,1,3,1466,703,1710,1,1699,15.8,161.0,1033,30.1,34.2,0.0,3.1,2067.6,0,16.83,14.4,74.3,71.2,74.0,72.5,72.9,71.8,65.1,58.4,54.8,54.6,25,36,22.7,29.1,54,61,25,0,0,0,6,6,4,0,28,28,28,39,39,36,36,36,37,44.99,42.33,45.07,45,460,4.7,0,0,0
16.36,80,0.25,0.29,0.26,11.4,12.4,13.0,16.57,3.0,0.26,0.2,209.4,7.8,245,1,3,1572,702,1844,1,1854,16.3,168.2,1086,31.6,35.6,0.0,3.1,2067.6,0,16.83,14.4,73.8,70.8,73.5,72.0,72.5,71.2,64.7,58.2,54.7,54.3,26,36,22.7,29.1,58,65,25,0,0,0,6,6,4,0,28,28,28,39,39,36,36,36,37,44.99,42.32,45.07,46,460,4.7,0,0,0
16.3,152,0.25,0.29,0.26,11.4,11.6,13.8,16.6,-16.4,0.07,0.18,209.5,10.4,254,1,3,1547,704,1823,1,1829,16.2,166.8,1082,29.5,33.8,0.0,3.1,2067.6,0,16.83,14.4,74.2,71.2,73.9,72.4,72.9,71.6,65.1,58.3,54.8,54.4,25,36,22.7,29.1,54,61,25,0,0,0,6,6,4,0,28,28,28,39,39,36,36,36,37,44.99,42.32,45.07,45,460,4.7,0,0,0
16.31,328,0.25,0.29,0.26,11.4,11.6,13.8,16.56,-13.0,0.03,0.14,210.2,10.0,249,1,3,1573,703,1840,1,1857,16.3,170.7,1089,32.5,34.8,0.1,3.2,2067.6,0,16.83,14.4,73.4,70.4,73.1,71.6,72.1,71.0,64.7,58.3,54.7,54.5,25,36,22.8,29.1,56,63,25,0,0,0,6,6,4,0,28,28,28,39,39,36,36,36,37,44.99,42.33,45.07,46,460,4.7,0,0,0
16.13,136,0.25,0.29,0.26,11.3,11.6,13.6,16.46,-16.5,0.09,0.09,209.3,10.8,253,1,3,1498,704,1754,0,1761,16.0,161.3,1053,29.1,33.6,0.0,3.1,2067.6,0,16.83,14.4,74.2,71.2,73.9,72.4,72.9,71.5,65.0,58.3,54.8,54.7,25,36,22.7,29.1,54,61,25,0,0,0,6,6,4,0,28,28,28,39,39,36,36,36,37,44.99,42.32,45.07,45,450,4.7,0,0,0
16.01,304,0.25,0.29,0.26,12.9,11.3,11.4,16.25,-5.9,0.08,0.15,209.6,9.4,247,1,3,1531,703,1787,0,1786,16.1,168.2,1068,29.5,33.2,0.0,3.0,2067.6,0,16.83,14.4,74.1,71.1,73.8,72.3,72.8,71.5,64.9,58.4,54.7,54.6,25,36,22.7,29.1,54,61,25,0,0,0,6,6,4,0,28,28,28,39,39,36,36,36,37,44.99,42.32,45.07,46,460,4.6,0,0,0
16.17,336,0.25,0.29,0.26,11.4,12.5,13.2,16.44,-3.5,0.15,0.22,209.6,8.4,247,1,3,1527,702,1780,0,1780,16.2,165.7,1059,30.3,34.8,0.0,3.1,2067.6,0,16.83,14.4,74.0,71.0,73.7,72.1,72.8,71.4,64.9,58.2,54.7,54.5,25,36,22.7,29.1,55,62,25,0,0,0,6,6,4,0,28,28,28,39,39,36,36,36,37,44.99,42.33,45.08,45,460,4.7,0,0,0
15.93,96,0.25,0.29,0.26,11.3,12.4,12.6,16.25,-5.8,0.14,0.08,209.7,8.1,250,1,3,1464,704,1709,0,1710,15.8,160.8,1029,30.5,34.9,0.0,3.1,2067.6,0,16.83,14.4,74.3,71.2,73.9,72.4,73.1,71.5,65.2,58.5,54.8,54.4,25,36,22.7,29.1,54,61,25,0,0,0,6,6,4,0,28,28,28,39,39,36,36,36,37,45.0,42.33,45.07,46,460,4.6,0,0,0
15.93,200,0.25,0.29,0.26,11.3,12.3,13.2,16.25,-3.7,0.24,0.2,209.0,8.8,250,1,3,1459,702,1705,0,1708,15.9,160.0,1026,31.9,34.7,0.1,3.2,2067.6,0,16.83,14.4,74.2,71.2,73.9,72.4,72.9,71.8,65.0,58.2,54.7,54.3,25,36,22.7,29.1,56,63,25,0,0,0,6,6,4,0,28,28,28,39,39,36,36,36,37,45.0,42.33,45.07,46,460,4.7,0,0,0
16.06,240,0.25,0.29,0.26,12.6,11.2,12.3,16.46,-0.9,0.11,0.26,209.6,10.2,247,1,3,1530,702,1795,0,1804,16.0,164.3,1071,32.9,35.6,0.1,3.2,2067.6,0,16.83,14.4,73.4,70.5,73.1,71.6,72.1,70.8,64.7,58.5,54.7,54.2,25,36,22.8,29.1,56,63,25,0,0,0,6,6,4,0,28,28,28,39,39,36,36,36,37,44.99,42.33,45.07,46,450,4.7,0,0,0
16.08,120,0.25,0.29,0.26,13.1,12.0,11.3,16.36,-11.0,0.18,0.2,209.4,10.0,249,1,3,1520,702,1783,0,1790,16.0,164.0,1061,30.2,34.0,0.0,3.1,2067.6,0,16.83,14.4,74.1,71.0,73.7,72.2,72.7,71.6,64.9,58.3,54.7,54.2,26,36,22.7,29.1,55,62,25,0,0,0,6,6,4,0,28,28,28,39,39,37,36,36,37,45.0,42.33,45.07,46,460,4.7,0,0,0
16.1,192,0.25,0.29,0.26,12.9,12.0,11.6,16.35,-1.2,0.12,0.22,209.8,10.4,247,1,3,1509,702,1763,1,1760,16.1,164.8,1050,30.4,34.9,0.0,3.1,2067.6,0,16.83,14.4,74.0,71.0,73.7,72.1,72.8,71.5,64.8,58.2,54.7,54.5,26,36,22.7,29.1,55,62,25,0,0,0,6,6,4,0,28,28,28,39,39,36,36,36,37,44.99,42.33,45.07,46,460,4.7,0,0,0
16.22,88,0.25,0.29,0.26,11.2,11.8,13.6,16.45,-7.0,0.12,0.16,209.6,9.8,247,1,3,1519,702,1780,-1,1782,16.1,162.8,1064,29.3,33.4,0.0,3.1,2067.6,0,16.83,14.4,74.1,71.1,73.8,72.3,72.8,71.6,65.0,58.4,54.7,54.5,25,36,22.7,29.1,54,61,25,0,0,0,6,6,4,0,28,28,28,39,39,37,36,36,37,44.99,42.33,45.07,46,460,4.7,0,0,0
16.38,56,0.25,0.29,0.26,12.4,11.1,12.5,16.66,-18.1,0.13,0.17,209.2,11.1,252,1,3,1610,703,1895,1,1901,16.4,177.3,1111,33.5,36.4,0.1,3.2,2067.6,0,16.83,14.4,74.2,71.2,73.9,72.4,72.9,71.6,65.1,58.4,54.8,54.3,25,36,22.7,29.1,56,63,25,0,0,0,6,6,4,0,28,28,28,39,39,36,36,36,37,44.99,42.32,45.07,46,460,4.6,0,0,0
16.48,152,0.32,0.37,0.33,14.0,14.7,15.3,16.86,1.5,0.24,0.17,210.1,8.9,244,1,3,1636,703,1926,1,1916,16.4,177.1,1117,32.2,35.8,0.0,3.2,2067.6,0,16.83,14.4,73.7,70.6,73.4,71.9,72.3,71.3,64.7,58.2,54.7,54.4,25,36,22.7,29.1,57,65,25,0,0,0,6,6,4,0,28,28,28,39,39,36,36,36,37,44.99,42.32,45.07,46,460,4.7,0,0,0
16.05,8,0.25,0.29,0.26,12.9,11.2,12.0,16.25,-11.8,-0.01,0.23,209.4,10.8,252,1,3,1517,703,1782,-1,1793,16.1,167.0,1064,30.2,34.0,0.0,3.1,2067.6,0,16.83,14.4,74.3,71.2,74.0,72.4,72.9,71.8,65.1,58.3,54.8,54.7,25,36,22.7,29.1,54,61,25,0,0,0,6,6,4,0,28,28,28,39,39,36,36,36,37,44.99,42.33,45.07,44,460,4.6,0,0,0
15.94,200,0.25,0.29,0.26,11.3,12.4,12.8,16.23,-4.0,0.23,0.2,209.6,8.6,248,1,3,1449,702,1684,0,1695,16.0,154.9,1015,32.7,35.2,0.1,3.2,2067.6,0,16.83,14.4,74.3,71.2,74.0,72.5,72.9,71.7,65.0,58.4,54.7,54.4,25,36,22.7,29.1,55,62,25,0,0,0,6,6,4,0,28,28,28,39,39,36,36,36,37,44.99,42.33,45.07,45,460,4.7,0,0,0
15.97,264,0.25,0.29,0.26,12.0,12.6,12.6,16.3,-13.7,0.16,0.16,209.7,8.7,249,1,3,1483,702,1733,0,1743,16.0,160.9,1041,30.4,34.8,0.0,3.1,2067.6,0,16.83,14.4,74.0,71.0,73.7,72.1,72.7,71.4,64.8,58.2,54.7,54.5,25,36,22.7,29.1,55,62,25,0,0,0,6,6,4,0,28,28,28,39,39,36,36,36,37,44.99,42.33,45.07,45,460,4.7,0,0,0
16.46,64,0.3,0.35,0.31,15.0,16.8,13.9,16.85,-12.8,0.24,0.08,210.0,9.6,247,1,3,1628,702,1926,-1,1932,16.5,176.6,1118,32.1,35.8,0.0,3.2,2067.6,0,16.83,14.4,73.7,70.6,73.4,71.9,72.4,71.3,64.7,58.2,54.7,54.2,25,36,22.7,29.1,58,65,25,0,0,0,6,6,4,0,28,28,28,39,39,36,36,36,37,44.99,42.33,45.07,46,460,4.7,0,0,0
16.04,224,0.25,0.29,0.26,11.8,12.3,12.3,16.3,-8.0,0.13,0.07,209.4,11.2,252,1,3,1490,703,1741,-1,1739,15.9,163.6,1041,30.7,34.4,0.0,3.1,2067.6,0,16.83,14.4,74.3,71.2,73.9,72.4,73.0,71.8,65.2,58.3,54.8,54.3,25,36,22.7,29.1,54,61,25,0,0,0,6,6,4,0,28,28,28,39,39,36,36,36,37,45.0,42.33,45.07,45,450,4.7,0,0,0
15.89,240,0.25,0.29,0.26,13.1,11.4,11.3,16.24,-3.8,0.28,0.16,209.7,9.3,248,1,3,1489,703,1745,2,1749,15.9,163.8,1047,31.2,35.4,0.0,3.2,2067.6,0,16.83,14.4,74.3,71.2,73.9,72.4,73.1,71.7,65.1,58.4,54.8,54.3,25,36,22.7,29.1,55,62,25,0,0,0,6,6,4,0,28,28,28,39,39,36,36,36,37,44.99,42.33,45.07,46,460,4.6,0,0,0
16.43,264,0.37,0.42,0.39,16.8,14.5,15.0,16.66,-3.3,0.03,0.14,209.5,9.8,247,1,3,1641,702,1928,-1,1930,16.4,178.8,1124,31.1,34.9,0.0,3.1,2067.6,0,16.83,14.4,73.9,70.9,73.7,72.1,72.5,71.4,64.6,58.2,54.7,54.3,25,36,22.7,29.1,56,64,25,0,0,0,6,6,4,0,28,28,28,39,39,36,36,36,37,45.0,42.33,45.07,46,460,4.6,0,0,0
16.25,16,0.25,0.29,0.26,11.3,12.0,13.9,16.45,-4.1,0.13,0.18,209.3,11.2,249,1,3,1543,703,1801,1,1790,16.1,167.5,1072,29.0,32.9,0.0,3.1,2067.6,0,16.83,14.4,74.1,71.1,73.8,72.3,72.9,71.6,64.9,58.4,54.7,54.5,25,36,22.7,29.1,53,61,25,0,0,0,6,6,4,0,28,28,28,39,39,36,36,36,37,44.99,42.33,45.07,46,450,4.6,0,0,0
16.14,0,0.25,0.29,0.26,12.7,12.0,11.4,16.42,-10.1,0.15,0.3,209.6,9.7,250,1,3,1545,703,1810,2,1821,16.1,170.5,1070,29.2,32.9,0.0,3.1,2067.6,0,16.83,14.4,74.1,71.1,73.8,72.3,72.9,71.6,65.0,58.4,54.7,54.6,25,36,22.7,29.1,53,61,25,0,0,0,6,6,4,0,28,28,28,39,39,36,36,36,37,44.99,42.32,45.07,45,460,4.6,0,0,0
16.14,72,0.25,0.29,0.26,11.8,12.5,12.3,16.4,-9.8,0.07,0.09,209.8,9.0,249,1,3,1523,702,1777,0,1791,16.1,162.6,1058,28.8,33.0,0.0,3.1,2067.6,0,16.83,14.4,74.1,71.1,73.8,72.3,72.8,71.5,65.0,58.3,54.7,54.6,26,36,22.7,29.1,54,61,25,0,0,0,6,6,4,0,28,28,28,39,39,36,36,36,37,44.99,42.33,45.07,46,460,4.6,0,0,0
16.12,320,0.25,0.29,0.26,11.3,11.6,13.6,16.41,5.4,0.08,0.15,209.6,9.2,246,1,3,1508,702,1766,1,1776,15.9,161.4,1059,29.5,33.6,0.0,3.1,2067.6,0,16.83,14.4,74.1,71.1,73.8,72.3,72.8,71.6,65.0,58.4,54.7,54.3,25,36,22.7,29.1,54,61,25,0,0,0,6,6,4,0,28,28,28,39,39,37,36,36,37,45.0,42.32,45.07,45,460,4.7,0,0,0
16.07,112,0.25,0.29,0.26,13.6,11.7,11.3,16.36,-11.8,0.3,0.25,210.1,10.7,249,1,3,1521,702,1782,1,1784,16.0,166.4,1060,30.8,32.7,0.0,3.1,2067.6,0,16.83,14.4,73.4,70.4,73.2,71.6,72.1,71.0,64.8,58.6,54.6,54.4,25,36,22.8,29.1,53,60,25,0,0,0,6,6,4,0,28,28,28,39,39,36,36,36,37,44.99,42.33,45.07,46,460,4.7,0,0,0
16.2,104,0.25,0.29,0.26,11.4,11.7,13.8,16.46,4.1,0.13,0.18,209.7,10.8,245,1,3,1521,702,1780,-1,1795,16.1,166.2,1064,29.2,33.2,0.0,3.1,2067.6,0,16.83,14.4,74.1,71.1,73.8,72.3,72.8,71.5,64.9,58.3,54.7,54.4,25,36,22.7,29.1,54,61,25,0,0,0,6,6,4,0,28,28,28,39,39,37,36,36,37,44.99,42.33,45.07,45,460,4.7,0,0,0
16.18,64,0.25,0.29,0.26,11.2,12.0,13.6,16.35,-3.2,-0.04,0.19,208.9,10.3,250,1,3,1516,703,1773,0,1770,16.0,166.5,1062,29.1,32.9,0.0,3.1,2067.6,0,16.83,14.4,74.3,71.2,73.9,72.4,73.0,71.5,65.1,58.2,54.8,54.3,25,36,22.7,29.1,54,61,25,0,0,0,6,6,4,0,28,28,28,39,39,36,36,36,37,45.0,42.33,45.07,45,460,4.6,0,0,0
16.28,144,0.25,0.29,0.26,12.5,11.1,11.8,16.65,-15.4,0.12,0.2,209.5,9.9,250,1,3,1584,703,1864,-2,1870,16.3,169.0,1098,30.6,33.1,0.0,3.1,2067.6,0,16.83,14.4,74.2,71.1,73.8,72.3,72.9,71.5,65.0,58.4,54.7,54.3,25,36,22.7,29.1,54,61,25,0,0,0,6,6,4,0,28,28,28,39,39,36,36,36,37,44.99,42.33,45.07,45,460,4.7,0,0,0
16.26,80,0.25,0.29,0.26,12.1,11.3,13.3,16.5,-19.3,0.23,0.28,209.5,10.7,254,1,3,1587,704,1866,-1,1861,16.1,171.6,1102,29.6,33.8,0.0,3.1,2067.6,0,16.83,14.4,74.2,71.2,73.9,72.4,72.9,71.6,65.1,58.3,54.8,54.2,25,36,22.7,29.1,54,61,25,0,0,0,6,6,4,0,28,28,28,39,39,36,36,36,37,44.99,42.32,45.07,46,460,4.6,0,0,0
16.27,352,0.25,0.29,0.26,11.4,12.5,12.5,16.51,-5.7,0.26,0.15,209.7,9.6,251,1,3,1554,704,1827,-1,1831,16.2,170.7,1077,29.2,33.2,0.0,3.1,2067.6,0,16.83,14.4,74.3,71.3,73.9,72.4,73.0,71.4,65.1,58.2,54.8,54.4,25,36,22.7,29.1,54,61,25,0,0,0,6,6,4,0,28,28,28,39,39,36,36,36,37,44.99,42.33,45.07,46,460,4.6,0,0,0
16.18,8,0.24,0.28,0.25,13.2,11.4,11.4,16.46,4.6,0.14,0.18,210.2,8.7,246,1,3,1566,703,1839,0,1843,16.1,173.1,1088,32.3,36.4,0.1,3.2,2067.6,0,16.83,14.4,73.6,70.5,73.3,71.8,72.3,71.2,64.8,58.1,54.7,54.5,25,36,22.7,29.1,57,64,25,0,0,0,6,6,4,0,28,28,28,39,39,37,36,36,37,44.99,42.32,45.07,45,460,4.6,0,0,0
16.33,80,0.24,0.28,0.25,11.6,12.4,13.5,16.56,2.4,0.13,0.18,209.6,9.2,247,1,3,1569,703,1839,1,1849,16.2,168.1,1085,32.4,36.5,0.0,3.2,2067.6,0,16.83,14.4,73.6,70.5,73.3,71.8,72.3,71.2,64.8,58.2,54.7,54.4,25,36,22.7,29.1,57,64,25,0,0,0,6,6,4,0,28,28,28,39,39,37,36,36,37,44.99,42.32,45.07,45,460,4.7,0,0,0
16.09,320,0.25,0.29,0.26,13.1,12.0,11.4,16.4,-8.1,0.14,0.23,209.6,8.6,248,1,3,1531,702,1793,-1,1801,16.1,168.5,1065,30.2,34.5,0.0,3.1,2067.6,0,16.83,14.4,74.0,71.0,73.7,72.2,72.8,71.4,64.9,58.2,54.7,54.3,25,36,22.7,29.1,55,62,25,0,0,0,6,6,4,0,28,28,28,39,39,37,36,36,37,44.99,42.33,45.07,46,460,4.7,0,0,0
16.28,128,0.25,0.29,0.26,11.9,12.5,12.4,16.66,-19.5,0.08,0.15,209.4,10.2,252,1,3,1575,703,1852,0,1880,16.4,169.7,1090,33.6,36.2,0.1,3.2,2067.6,0,16.83,14.4,74.2,71.2,73.9,72.4,72.9,71.7,65.1,58.4,54.8,54.4,25,36,22.7,29.1,56,63,25,0,0,0,6,6,4,0,28,28,28,39,39,37,36,36,37,44.99,42.32,45.07,45,450,4.7,0,0,0
15.9,168,0.25,0.29,0.26,12.4,12.0,11.6,16.14,-13.5,0.11,0.17,209.2,9.4,251,1,3,1466,702,1718,0,1733,15.9,159.7,1032,31.6,34.6,0.0,3.1,2067.6,0,16.83,14.4,74.3,71.2,73.9,72.5,73.1,71.7,65.1,58.4,54.8,54.7,25,36,22.7,29.1,55,62,25,0,0,0,6,6,4,0,28,28,28,39,39,36,36,36,37,44.99,42.33,45.07,45,460,4.6,0,0,0
16.25,296,0.24,0.28,0.25,12.7,12.4,11.7,16.5,2.2,0.17,0.18,209.9,10.3,248,1,3,1573,702,1852,-1,1853,16.3,174.5,1087,32.6,36.3,0.0,3.2,2067.6,0,16.83,14.4,73.6,70.5,73.2,71.8,72.3,71.2,64.7,58.2,54.7,54.3,25,36,22.7,29.1,58,65,25,0,0,0,6,6,4,0,28,28,28,39,39,37,36,36,37,44.99,42.33,45.07,46,460,4.6,0,0,0
16.0,352,0.25,0.29,0.26,11.3,12.4,12.7,16.24,-11.3,0.27,0.17,209.4,10.4,251,1,3,1472,704,1718,0,1733,16.0,161.0,1033,28.9,33.0,0.0,3.1,2067.6,0,16.83,14.4,74.3,71.2,73.9,72.4,73.0,71.7,65.0,58.3,54.8,54.5,25,36,22.7,29.1,54,61,25,0,0,0,6,6,4,0,28,28,28,39,39,36,36,36,37,44.99,42.33,45.07,45,450,4.6,0,0,0
16.38,80,0.24,0.28,0.25,13.0,12.2,11.6,16.54,0.3,0.16,0.21,209.6,11.3,246,1,3,1581,702,1859,0,1851,16.3,172.2,1092,32.2,36.4,0.0,3.2,2067.6,0,16.83,14.4,73.6,70.5,73.3,71.8,72.3,71.4,64.7,58.1,54.7,54.6,25,36,22.7,29.1,57,64,25,0,0,0,6,6,4,0,28,28,28,39,39,37,36,36,37,44.99,42.32,45.07,46,460,4.6,0,0,0
16.57,96,0.58,0.62,0.59,10.5,10.4,11.0,16.95,-15.5,0.17,0.18,210.0,8.3,250,1,3,1656,703,1959,1,1963,16.5,179.2,1140,33.7,36.9,0.1,3.2,2067.6,0,16.83,14.4,73.5,70.5,73.1,71.6,72.2,70.8,64.7,58.3,54.7,54.5,26,36,22.7,29.1,58,64,25,0,0,0,6,6,4,0,28,28,28,39,39,37,36,36,37,45.0,42.33,45.07,45,460,4.7,0,0,0
16.24,336,0.25,0.29,0.26,12.9,12.2,11.8,16.45,-13.3,0.12,0.18,209.3,11.9,250,1,3,1547,702,1820,-1,1820,16.3,166.7,1074,29.9,34.1,0.0,3.1,2067.6,0,16.83,14.4,74.1,71.0,73.7,72.2,72.8,71.5,64.9,58.3,54.7,54.4,25,36,22.7,29.1,55,62,25,0,0,0,6,6,4,0,28,28,28,39,39,37,36,36,37,44.99,42.33,45.07,46,450,4.7,0,0,0
15.92,24,0.25,0.29,0.26,12.0,12.1,11.8,16.15,-13.9,0.07,0.21,209.0,9.7,252,1,3,1442,703,1686,0,1683,15.8,157.1,1016,30.7,34.5,0.0,3.1,2067.6,0,16.83,14.4,74.3,71.2,73.9,72.4,73.0,71.7,65.2,58.3,54.8,54.2,26,36,22.7,29.1,54,61,25,0,0,0,6,6,4,0,28,28,28,39,39,36,36,36,37,45.0,42.33,45.07,45,460,4.6,0,0,0
16.04,112,0.25,0.29,0.26,11.1,12.4,12.9,16.23,-4.7,0.19,0.17,210.3,10.6,247,1,3,1475,702,1721,0,1729,15.9,160.0,1037,29.5,32.6,0.0,3.1,2067.6,0,16.83,14.4,73.4,70.4,73.1,71.6,72.1,71.2,64.8,58.4,54.6,54.5,25,36,22.8,29.1,52,59,25,0,0,0,6,6,4,0,28,28,28,39,39,36,36,36,37,44.99,42.32,45.07,45,460,4.6,0,0,0
16.2,0,0.25,0.29,0.26,12.4,11.1,12.9,16.45,-12.4,0.1,0.27,209.7,10.9,250,1,3,1552,703,1818,1,1808,16.1,169.5,1079,28.7,33.1,0.0,3.1,2067.6,0,16.83,14.4,74.1,71.1,73.8,72.3,72.8,71.5,65.0,58.3,54.7,54.6,25,36,22.7,29.1,54,61,25,0,0,0,6,6,4,0,28,28,28,39,39,36,36,36,37,44.99,42.33,45.07,45,460,4.7,0,0,0
16.29,152,0.24,0.28,0.25,12.5,11.2,12.4,16.55,-13.0,0.09,0.17,209.7,10.8,251,1,3,1573,703,1850,2,1858,16.2,172.8,1092,33.4,37.1,0.1,3.2,2067.6,0,16.83,14.4,73.5,70.5,73.2,71.7,72.2,71.0,64.7,58.3,54.7,54.2,25,36,22.7,29.1,59,65,25,0,0,0,6,6,4,0,28,28,28,39,39,36,36,36,37,44.99,42.32,45.07,46,460,4.7,0,0,0
16.1,288,0.25,0.29,0.26,12.9,11.5,11.3,16.41,-9.3,0.16,0.2,210.2,9.8,249,1,3,1539,703,1801,1,1805,16.2,167.2,1069,28.7,33.1,0.0,3.1,2067.6,0,16.83,14.4,74.1,71.1,73.8,72.3,72.8,71.5,65.0,58.3,54.7,54.6,25,36,22.7,29.1,54,61,25,0,0,0,6,6,4,0,28,28,28,39,39,36,36,36,37,44.99,42.33,45.07,45,460,4.6,0,0,0
16.06,328,0.25,0.29,0.26,11.0,11.9,13.6,16.34,-4.1,0.09,0.15,209.9,9.0,249,1,3,1482,702,1730,3,1739,15.9,157.3,1040,31.2,33.2,0.0,3.1,2067.6,0,16.83,14.4,73.4,70.4,73.2,71.6,72.0,71.0,64.7,58.5,54.7,54.1,25,36,22.8,29.1,54,61,25,0,0,0,6,6,4,0,28,28,28,39,39,36,36,36,37,44.99,42.33,45.07,46,460,4.6,0,0,0
16.29,72,0.25,0.29,0.26,11.3,12.2,13.5,16.54,-14.0,0.08,0.2,209.5,9.6,251,1,3,1548,702,1816,0,1827,16.3,167.8,1077,31.3,34.2,0.0,3.1,2067.6,0,16.83,14.4,74.2,71.1,73.8,72.4,72.9,71.5,65.1,58.4,54.7,54.6,26,36,22.7,29.1,56,64,25,0,0,0,6,6,4,0,28,28,28,39,39,36,36,36,37,45.0,42.32,45.07,46,460,4.6,0,0,0
16.24,304,0.25,0.29,0.26,11.7,11.3,13.2,16.56,-12.9,0.11,0.09,209.3,9.0,250,1,3,1567,703,1835,1,1818,16.0,167.2,1088,28.9,33.1,0.0,3.1,2067.6,0,16.83,14.4,74.1,71.1,73.8,72.3,72.8,71.3,64.9,58.5,54.7,54.4,26,36,22.7,29.1,53,60,25,0,0,0,6,6,4,0,28,28,28,39,39,37,36,36,37,44.99,42.33,45.07,45,460,4.7,0,0,0
16.18,80,0.25,0.29,0.26,11.9,11.4,13.4,16.5,-8.4,0.24,0.25,209.4,8.8,252,1,3,1540,704,1808,0,1793,16.0,168.2,1076,29.9,34.2,0.0,3.1,2067.6,0,16.83,14.4,74.3,71.2,74.0,72.4,72.9,71.8,65.1,58.2,54.8,54.5,24,36,22.7,29.1,54,61,25,0,0,0,6,6,4,0,28,28,28,39,39,36,36,36,37,45.0,42.33,45.07,45,450,4.6,0,0,0
16.4,208,0.25,0.29,0.26,11.1,12.4,13.3,16.64,-8.4,0.14,0.18,209.6,9.8,252,1,3,1561,704,1837,0,1823,16.2,167.3,1083,28.8,33.3,0.0,3.1,2067.6,0,16.83,14.4,74.3,71.3,73.9,72.4,73.0,71.5,65.1,58.2,54.8,54.2,25,36,22.7,29.1,54,61,25,0,0,0,6,6,4,0,28,28,28,39,39,36,36,36,37,45.0,42.33,45.07,45,460,4.6,0,0,0
16.53,224,0.29,0.34,0.3,15.4,17.9,14.1,16.75,-11.3,0.09,0.18,209.3,10.8,246,1,3,1633,702,1931,-1,1930,16.5,179.5,1121,32.2,35.9,0.0,3.2,2067.6,0,16.83,14.4,73.7,70.6,73.4,71.9,72.4,71.3,64.7,58.3,54.7,54.3,26,36,22.7,29.1,57,65,25,0,0,0,6,6,4,0,28,28,28,39,39,36,36,36,37,44.99,42.32,45.07,46,460,4.7,0,0,0
16.37,328,0.25,0.29,0.26,11.3,12.5,12.8,16.66,-15.4,0.25,0.16,210.1,10.3,252,1,3,1588,703,1867,1,1878,16.3,175.0,1093,33.5,36.2,0.1,3.2,2067.6,0,16.83,14.4,74.2,71.2,73.9,72.4,72.9,71.5,65.1,58.4,54.8,54.3,25,36,22.7,29.1,57,64,25,0,0,0,6,6,4,0,28,28,28,39,39,37,36,36,37,45.0,42.32,45.07,45,450,4.7,0,0,0
16.28,128,0.25,0.29,0.26,13.0,11.3,11.7,16.5,-12.7,0.05,0.11,209.6,8.9,250,1,3,1599,703,1886,1,1894,16.3,174.9,1108,31.8,33.7,0.0,3.2,2067.6,0,16.83,14.4,74.2,71.1,73.8,72.3,72.9,71.5,65.0,58.4,54.8,54.7,26,36,22.7,29.1,56,63,25,0,0,0,6,6,4,0,28,28,28,39,39,36,36,36,37,45.0,42.33,45.07,45,460,4.7,0,0,0
16.0,352,0.25,0.29,0.26,11.7,12.4,12.3,16.35,-11.1,0.14,0.18,210.0,9.4,253,1,3,1475,703,1732,-1,1727,15.9,162.6,1039,28.8,34.1,0.0,3.1,2067.6,0,16.83,14.4,74.2,71.2,73.9,72.4,72.9,71.5,65.0,58.3,54.8,54.7,25,36,22.7,29.1,54,61,25,0,0,0,6,6,4,0,28,28,28,39,39,37,36,36,37,44.99,42.33,45.07,46,460,4.6,0,0,0
16.06,112,0.25,0.29,0.26,12.1,11.1,12.7,16.25,-1.9,0.07,0.25,209.6,9.8,249,1,3,1509,702,1762,0,1777,16.1,160.4,1057,31.3,33.6,0.0,3.2,2067.6,0,16.83,14.4,73.4,70.4,73.2,71.6,72.0,70.9,64.7,58.5,54.7,54.1,25,36,22.8,29.1,54,61,25,0,0,0,6,6,4,0,28,28,28,39,39,36,36,36,37,44.99,42.33,45.07,46,460,4.7,0,0,0
16.34,56,0.25,0.29,0.26,11.2,12.2,13.3,16.61,-15.0,0.19,0.2,209.6,10.2,250,1,3,1558,702,1833,0,1839,16.3,169.0,1083,33.4,36.1,0.1,3.2,2067.6,0,16.83,14.4,74.2,71.2,73.9,72.4,72.9,71.7,65.0,58.5,54.8,54.4,25,36,22.7,29.1,56,63,25,0,0,0,6,6,4,0,28,28,28,39,39,37,36,36,37,44.99,42.33,45.07,46,460,4.7,0,0,0
15.96,96,0.25,0.29,0.26,11.3,12.4,12.7,16.25,-9.7,0.19,0.18,209.7,11.8,249,1,3,1456,703,1707,2,1705,15.9,155.6,1027,31.5,35.3,0.0,3.1,2067.6,0,16.83,14.4,74.3,71.2,73.9,72.4,73.0,71.7,65.1,58.4,54.8,54.3,25,36,22.7,29.1,56,63,25,0,0,0,6,6,4,0,28,28,28,39,39,37,36,36,37,45.0,42.32,45.07,46,460,4.6,0,0,0
15.77,344,0.25,0.29,0.26,11.6,12.5,12.6,16.03,-6.1,0.16,0.17,209.3,8.3,248,1,3,1394,701,1627,1,1637,15.8,151.1,990,32.1,35.4,0.1,3.2,2067.6,0,16.83,14.4,74.3,71.2,74.0,72.5,72.9,71.9,65.0,58.4,54.8,54.2,25,36,22.7,29.1,55,62,25,0,0,0,6,6,4,0,28,28,28,39,39,36,36,36,37,44.99,42.33,45.07,45,460,4.7,0,0,0
15.99,32,0.25,0.29,0.26,13.1,11.5,11.3,16.35,-7.6,0.17,0.2,210.0,9.4,248,1,3,1528,702,1790,0,1796,16.0,168.7,1067,29.7,33.8,0.0,3.1,2067.6,0,16.83,14.4,74.1,71.0,73.8,72.3,72.7,71.9,64.9,58.2,54.7,54.5,25,36,22.7,29.1,54,61,25,0,0,0,6,6,4,0,28,28,28,39,39,37,36,36,37,44.99,42.33,45.07,46,460,4.6,0,0,0
16.16,232,0.25,0.29,0.26,12.5,12.2,11.6,16.39,-10.9,0.06,0.18,209.4,10.2,249,1,3,1534,702,1801,0,1788,16.0,165.4,1067,29.0,32.9,0.0,3.1,2067.6,0,16.83,14.4,74.1,71.1,73.8,72.3,72.8,71.4,64.9,58.4,54.7,54.4,26,36,22.7,29.1,53,60,25,0,0,0,6,6,4,0,28,28,28,39,39,36,36,36,37,45.0,42.32,45.07,46,460,4.6,0,0,0
16.16,328,0.25,0.29,0.26,11.2,12.0,13.3,16.42,-11.1,0.09,0.18,209.8,12.1,248,1,3,1493,702,1744,1,1736,16.0,158.1,1045,30.0,32.6,0.0,3.1,2067.6,0,16.83,14.4,73.4,70.4,73.2,71.6,72.1,71.2,64.8,58.4,54.6,54.5,25,36,22.8,29.1,52,59,25,0,0,0,6,6,4,0,28,28,28,39,39,37,36,36,37,44.99,42.33,45.07,45,450,4.6,0,0,0
16.03,136,0.25,0.29,0.26,11.8,12.6,12.5,16.33,-1.9,0.21,0.17,210.0,7.7,246,1,3,1486,701,1738,-1,1739,15.9,158.9,1042,30.8,34.8,0.0,3.1,2067.6,0,16.83,14.4,73.9,70.9,73.6,72.1,72.7,71.2,64.8,58.2,54.7,54.3,25,36,22.7,29.1,57,64,25,0,0,0,6,6,4,0,28,28,28,39,39,36,36,36,37,44.99,42.33,45.07,46,460,4.7,0,0,0
16.07,192,0.25,0.29,0.26,12.4,11.1,12.5,16.35,-1.1,0.13,0.23,209.5,8.7,246,1,3,1536,702,1799,1,1806,16.0,164.2,1074,30.8,35.1,0.0,3.1,2067.6,0,16.83,14.4,73.9,70.9,73.6,72.1,72.6,71.2,64.8,58.3,54.7,54.2,25,36,22.7,29.1,57,64,25,0,0,0,6,6,4,0,28,28,28,39,39,37,36,36,37,44.99,42.33,45.07,46,460,4.7,0,0,0
16.05,40,0.25,0.29,0.26,11.9,12.6,12.2,16.39,-12.1,0.21,0.17,210.1,9.7,249,1,3,1500,702,1755,-1,1764,16.1,165.6,1050,30.1,32.9,0.0,3.1,2067.6,0,16.83,14.4,73.4,70.4,73.2,71.6,72.1,71.1,64.8,58.5,54.6,54.5,25,36,22.8,29.1,52,59,25,0,0,0,6,6,4,0,28,28,28,39,39,36,36,36,37,44.99,42.33,45.07,46,460,4.7,0,0,0
16.12,96,0.25,0.29,0.26,12.7,11.2,12.0,16.34,-5.7,0.06,0.17,209.7,10.4,247,1,3,1537,702,1798,1,1795,16.1,165.2,1070,33.4,35.5,0.1,3.2,2067.6,0,16.83,14.4,73.4,70.5,73.1,71.6,72.1,70.7,64.7,58.5,54.7,54.2,25,36,22.8,29.1,57,64,25,0,0,0,6,6,4,0,28,28,28,39,39,36,36,36,37,44.99,42.33,45.07,46,450,4.6,0,0,0
16.22,8,0.24,0.28,0.25,13.4,11.3,11.7,16.46,-10.3,0.12,0.18,209.5,9.8,251,1,3,1589,702,1866,1,1872,16.2,175.3,1100,32.7,37.3,0.1,3.2,2067.6,0,16.83,14.4,73.5,70.5,73.2,71.7,72.2,71.0,64.7,58.3,54.7,54.2,26,36,22.7,29.1,58,65,25,0,0,0,6,6,4,0,28,28,28,39,39,36,36,36,37,44.99,42.33,45.07,46,460,4.6,0,0,0
16.09,264,0.25,0.29,0.26,13.1,11.4,11.4,16.46,-7.2,0.14,0.14,210.3,10.0,248,1,3,1551,702,1820,0,1827,16.2,170.4,1080,30.4,34.3,0.0,3.1,2067.6,0,16.83,14.4,74.0,71.0,73.7,72.1,72.8,71.4,64.9,58.2,54.7,54.6,26,36,22.7,29.1,55,62,25,0,0,0,6,6,4,0,28,28,28,39,39,37,36,36,37,44.99,42.33,45.08,46,450,4.7,0,0,0
16.38,24,0.25,0.29,0.26,14.8,17.7,13.6,16.69,-25.1,0.07,0.15,209.7,10.4,252,1,3,1617,703,1908,-1,1923,16.4,180.0,1113,33.7,36.8,0.1,3.2,2067.6,0,16.83,14.4,73.5,70.5,73.1,71.6,72.2,70.8,64.7,58.3,54.7,54.4,25,36,22.7,29.1,59,64,25,0,0,0,6,6,4,0,28,28,28,39,39,36,36,36,37,44.99,42.33,45.07,46,460,4.7,0,0,0
16.03,112,0.25,0.29,0.26,11.3,12.2,13.1,16.28,-5.5,0.24,0.19,210.0,7.3,249,1,3,1482,703,1727,-1,1730,16.0,158.9,1040,31.7,34.2,0.1,3.2,2067.6,0,16.83,14.4,73.4,70.4,73.1,71.6,72.0,70.9,64.6,58.5,54.7,54.2,25,36,22.8,29.1,54,61,25,0,0,0,6,6,4,0,28,28,28,39,39,36,36,36,37,44.99,42.32,45.07,45,460,4.7,0,0,0
16.15,184,0.25,0.29,0.26,11.2,11.7,13.7,16.47,-13.4,-0.05,0.16,209.8,10.5,249,1,3,1513,703,1771,0,1803,16.2,161.3,1060,30.1,32.8,0.0,3.1,2067.6,0,16.83,14.4,73.4,70.4,73.2,71.6,72.1,71.1,64.8,58.5,54.6,54.5,25,36,22.8,29.1,52,59,25,0,0,0,6,6,4,0,28,28,28,39,39,37,36,36,37,44.99,42.33,45.07,45,460,4.6,0,0,0
15.9,272,0.25,0.29,0.26,12.4,11.1,11.8,16.25,-11.7,0.09,0.18,209.5,9.3,250,1,3,1474,702,1721,0,1722,15.9,160.7,1037,33.3,36.1,0.1,3.2,2067.6,0,16.83,14.4,74.2,71.2,73.9,72.5,72.9,71.7,65.0,58.4,54.7,54.6,25,36,22.7,29.1,56,62,25,0,0,0,6,6,4,0,28,28,28,39,39,36,36,36,37,45.0,42.32,45.07,45,460,4.7,0,0,0
16.22,352,0.25,0.29,0.26,13.2,11.8,11.4,16.5,-9.0,0.09,0.2,210.0,8.1,247,1,3,1564,702,1835,0,1844,16.3,173.1,1083,31.0,35.4,0.0,3.2,2067.6,0,16.83,14.4,73.9,70.9,73.6,72.1,72.5,71.4,64.7,58.2,54.7,54.5,25,36,22.7,29.1,57,64,25,0,0,0,6,6,4,0,28,28,28,39,39,37,36,36,37,44.99,42.33,45.07,45,460,4.7,0,0,0
15.97,208,0.25,0.29,0.26,12.9,11.7,11.3,16.25,-7.8,0.24,0.25,209.1,10.2,250,1,3,1490,704,1744,-1,1745,15.9,162.2,1042,28.9,33.0,0.0,3.1,2067.6,0,16.83,14.4,74.3,71.2,73.9,72.4,73.0,71.7,65.0,58.3,54.8,54.5,25,36,22.7,29.1,54,61,25,0,0,0,6,6,4,0,28,28,28,39,39,36,36,36,37,44.99,42.33,45.07,45,460,4.6,0,0,0
16.21,16,0.25,0.29,0.26,12.9,11.9,11.3,16.56,-15.1,0.21,0.2,209.4,9.1,250,1,3,1564,703,1835,2,1840,16.3,168.4,1081,29.2,32.8,0.0,3.1,2067.6,0,16.83,14.4,74.1,71.1,73.8,72.3,72.8,71.3,64.9,58.5,54.7,54.4,25,36,22.7,29.1,53,60,25,0,0,0,6,6,4,0,28,28,28,39,39,36,36,36,37,44.99,42.32,45.07,46,460,4.6,0,0,0
16.11,248,0.25,0.29,0.26,11.8,11.1,13.0,16.35,-2.6,0.21,0.2,209.4,7.9,247,1,3,1532,702,1793,-1,1791,16.0,167.6,1071,30.0,33.8,0.0,3.1,2067.6,0,16.83,14.4,74.1,71.0,73.8,72.3,72.7,71.9,64.8,58.1,54.7,54.5,25,36,22.7,29.1,55,62,25,0,0,0,6,6,4,0,28,28,28,39,39,36,36,36,37,44.99,42.33,45.07,46,460,4.7,0,0,0
16.02,216,0.25,0.29,0.26,13.2,11.4,11.4,16.25,4.4,0.12,0.25,209.4,8.6,248,1,3,1515,703,1774,0,1784,16.0,165.8,1061,29.8,32.9,0.0,3.1,2067.6,0,16.83,14.4,74.1,71.1,73.8,72.3,72.9,71.5,65.0,58.4,54.8,54.3,25,36,22.7,29.1,54,61,25,0,0,0,6,6,4,0,28,28,28,39,39,36,36,36,37,44.99,42.32,45.07,46,450,4.7,0,0,0
16.15,64,0.25,0.29,0.26,12.2,11.1,13.1,16.45,-8.3,0.18,0.2,209.7,9.6,246,1,3,1565,703,1842,0,1837,16.2,172.9,1092,31.3,35.5,0.0,3.1,2067.6,0,16.83,14.4,73.8,70.8,73.6,72.0,72.5,71.2,64.7,58.2,54.7,54.6,25,36,22.7,29.1,57,64,25,0,0,0,6,6,4,0,28,28,28,39,39,37,36,36,37,44.99,42.33,45.07,45,460,4.7,0,0,0
16.11,320,0.25,0.29,0.26,13.1,11.3,11.5,16.36,-0.2,0.11,0.14,209.6,10.8,245,1,3,1535,702,1806,0,1792,16.0,164.2,1074,29.4,33.6,0.0,3.1,2067.6,0,16.83,14.4,74.1,71.1,73.8,72.3,72.8,71.6,65.0,58.5,54.7,54.4,25,36,22.7,29.1,54,61,25,0,0,0,6,6,4,0,28,28,28,39,39,36,36,36,37,44.99,42.33,45.07,45,460,4.6,0,0,0
16.32,240,0.25,0.29,0.26,11.4,12.5,12.9,16.6,-6.9,0.26,0.21,209.8,9.3,248,1,3,1558,702,1824,-1,1845,16.3,166.2,1076,32.3,34.6,0.1,3.2,2067.6,0,16.83,14.4,73.4,70.4,73.1,71.6,72.1,70.9,64.6,58.4,54.6,54.5,25,36,22.8,29.1,55,62,25,0,0,0,6,6,4,0,28,28,28,39,39,36,36,36,37,45.0,42.32,45.07,45,460,4.7,0,0,0
16.18,144,0.25,0.29,0.26,11.4,12.5,12.9,16.45,-9.9,0.26,0.14,209.2,9.8,250,1,3,1525,703,1792,-1,1789,16.1,164.1,1067,28.8,33.0,0.0,3.1,2067.6,0,16.83,14.4,74.1,71.1,73.8,72.3,72.9,71.6,64.9,58.4,54.7,54.6,25,36,22.7,29.1,53,61,25,0,0,0,6,6,4,0,28,28,28,39,39,36,36,36,37,44.99,42.33,45.07,46,460,4.6,0,0,0
15.97,56,0.25,0.29,0.26,11.5,11.3,13.4,16.25,-2.2,0.16,0.12,210.0,8.4,247,1,3,1475,702,1721,1,1729,15.9,160.8,1040,29.1,33.0,0.0,3.1,2067.6,0,16.83,14.4,73.4,70.4,73.1,71.6,72.1,71.1,64.9,58.4,54.7,54.4,25,36,22.8,29.1,52,59,25,0,0,0,6,6,4,0,28,28,28,39,39,37,36,36,37,44.99,42.32,45.07,45,460,4.7,0,0,0
16.35,48,0.25,0.29,0.26,14.3,16.0,13.4,16.6,-4.7,0.16,0.17,209.4,11.0,247,1,3,1603,702,1887,-1,1894,16.3,178.0,1104,30.8,35.1,0.0,3.1,2067.6,0,16.83,14.4,73.9,70.9,73.7,72.1,72.6,71.4,64.6,58.2,54.7,54.3,25,36,22.7,29.1,56,64,25,0,0,0,6,6,4,0,28,28,28,39,39,36,36,36,37,45.0,42.33,45.07,46,460,4.7,0,0,0
16.34,80,0.24,0.28,0.25,11.6,12.8,12.7,16.61,-10.0,0.24,0.15,210.3,10.8,251,1,3,1562,702,1833,2,1828,16.2,168.9,1079,33.1,37.0,0.1,3.2,2067.6,0,16.83,14.4,73.5,70.5,73.2,71.7,72.2,71.0,64.7,58.3,54.7,54.2,25,36,22.7,29.1,58,65,25,0,0,0,6,6,4,0,28,28,28,39,39,37,36,36,37,44.99,42.32,45.07,45,460,4.7,0,0,0
16.29,256,0.25,0.29,0.26,12.9,11.3,11.6,16.56,-11.0,0.03,0.21,209.6,10.5,252,1,3,1593,703,1876,1,1878,16.2,176.3,1105,33.3,36.4,0.1,3.2,2067.6,0,16.83,14.4,74.2,71.2,73.9,72.4,72.9,71.5,65.1,58.5,54.8,54.3,26,36,22.7,29.1,57,64,25,0,0,0,6,6,4,0,28,28,28,39,39,36,36,36,37,45.0,42.33,45.07,46,460,4.6,0,0,0
16.05,280,0.25,0.29,0.26,11.6,11.4,13.7,16.34,-2.7,0.08,0.15,209.7,8.2,246,1,3,1500,702,1749,-1,1748,16.0,159.2,1053,30.8,34.9,0.0,3.1,2067.6,0,16.83,14.4,73.9,70.9,73.6,72.1,72.7,71.2,64.8,58.3,54.7,54.2,25,36,22.7,29.1,57,64,25,0,0,0,6,6,4,0,28,28,28,39,39,37,36,36,37,44.99,42.33,45.07,46,460,4.6,0,0,0
16.0,0,0.25,0.29,0.26,11.4,12.5,12.8,16.29,-6.0,0.24,0.12,209.7,8.1,250,1,3,1483,702,1737,1,1737,15.9,164.2,1042,32.1,34.5,0.1,3.2,2067.6,0,16.83,14.4,74.2,71.1,73.9,72.4,72.9,71.8,65.0,58.3,54.8,54.4,25,36,22.7,29.1,56,63,25,0,0,0,6,6,4,0,28,28,28,39,39,36,36,36,37,45.0,42.33,45.07,46,460,4.7,0,0,0
16.13,40,0.25,0.29,0.26,12.7,11.1,11.8,16.47,-2.7,0.08,0.18,209.2,9.6,250,1,3,1553,704,1828,-1,1847,16.2,166.4,1083,32.3,36.5,0.1,3.2,2067.6,0,16.83,14.4,74.2,71.2,73.9,72.4,72.9,71.7,65.0,58.5,54.8,54.4,25,36,22.7,29.1,58,65,25,0,0,0,6,6,4,0,28,28,28,39,39,36,36,36,37,44.99,42.33,45.07,45,460,4.6,0,0,0
16.06,272,0.25,0.29,0.26,13.3,11.4,11.3,16.39,-1.1,0.13,0.19,209.9,9.1,249,1,3,1542,703,1814,1,1826,16.0,166.4,1077,31.6,36.7,0.1,3.2,2067.6,0,16.83,14.4,74.2,71.2,73.9,72.4,72.9,71.5,65.0,58.6,54.8,54.6,26,36,22.7,29.1,57,64,25,0,0,0,6,6,4,0,28,28,28,39,39,36,36,36,37,45.0,42.33,45.07,45,460,4.6,0,0,0
15.98,40,0.25,0.29,0.26,11.4,11.5,13.4,16.24,-8.2,0.06,0.14,209.3,10.6,249,1,3,1466,703,1712,2,1743,16.0,156.7,1035,31.2,35.3,0.0,3.2,2067.6,0,16.83,14.4,74.3,71.2,73.9,72.4,73.1,71.7,65.2,58.4,54.8,54.5,25,36,22.7,29.1,55,62,25,0,0,0,6,6,4,0,28,28,28,39,39,37,36,36,37,44.99,42.33,45.07,45,460,4.7,0,0,0
16.48,64,0.25,0.29,0.26,11.4,12.4,13.4,16.55,-5.7,0.2,0.18,209.7,8.8,247,1,3,1555,702,1826,2,1835,16.2,170.3,1080,31.2,35.2,0.0,3.1,2067.6,0,16.83,14.4,73.9,70.9,73.6,72.1,72.5,71.4,64.7,58.1,54.7,54.5,25,36,22.7,29.1,57,64,25,0,0,0,6,6,4,0,28,28,28,39,39,36,36,36,37,44.99,42.33,45.07,46,460,4.7,0,0,0
16.06,232,0.25,0.29,0.26,12.7,11.8,11.4,16.35,-6.4,0.09,0.2,209.8,9.8,247,1,3,1509,702,1763,0,1765,16.0,163.6,1052,29.2,33.4,0.0,3.0,2067.6,0,16.83,14.4,74.1,71.1,73.8,72.3,72.8,71.4,65.0,58.5,54.7,54.6,26,36,22.7,29.1,54,61,25,0,0,0,6,6,4,0,28,28,28,39,39,37,36,36,37,44.99,42.32,45.07,45,450,4.6,0,0,0
16.16,296,0.25,0.29,0.26,13.2,11.7,11.1,16.46,-13.2,0.16,0.28,209.1,11.6,253,1,3,1531,703,1798,0,1809,16.2,163.8,1065,29.6,34.1,0.0,3.1,2067.6,0,16.83,14.4,74.2,71.2,73.9,72.4,72.9,71.7,65.1,58.3,54.8,54.3,25,36,22.7,29.1,54,61,25,0,0,0,6,6,4,0,28,28,28,39,39,36,36,36,37,44.99,42.33,45.07,45,450,4.6,0,0,0
16.14,256,0.25,0.29,0.26,11.4,12.4,12.8,16.43,-2.5,0.31,0.13,209.9,8.2,248,1,3,1513,702,1772,1,1768,16.0,165.0,1057,31.5,34.0,0.0,3.2,2067.6,0,16.83,14.4,73.4,70.4,73.2,71.6,72.0,70.9,64.7,58.5,54.7,54.1,25,36,22.8,29.1,54,61,25,0,0,0,6,6,4,0,28,28,28,39,39,36,36,36,37,45.0,42.32,45.07,46,460,4.7,0,0,0
16.05,312,0.25,0.29,0.26,11.2,12.4,13.1,16.25,-4.6,0.07,0.25,209.5,10.4,249,1,3,1474,703,1720,0,1735,16.0,161.5,1035,31.6,35.2,0.0,3.2,2067.6,0,16.83,14.4,74.3,71.2,73.9,72.4,73.1,71.7,65.1,58.4,54.8,54.3,25,36,22.7,29.1,55,62,25,0,0,0,6,6,4,0,28,28,28,39,39,37,36,36,37,44.99,42.33,45.07,46,460,4.6,0,0,0
16.22,48,0.25,0.29,0.26,11.4,11.4,13.6,16.48,-6.0,0.16,0.14,209.9,9.4,248,1,3,1551,702,1820,1,1830,16.2,166.2,1081,30.3,34.5,0.0,3.1,2067.6,0,16.83,14.4,74.0,71.0,73.7,72.2,72.8,71.3,64.9,58.2,54.7,54.4,25,36,22.7,29.1,55,62,25,0,0,0,6,6,4,0,28,28,28,39,39,37,36,36,37,44.99,42.33,45.07,44,460,4.7,0,0,0
16.1,0,0.25,0.29,0.26,12.3,12.4,11.6,16.26,5.9,0.17,0.18,209.2,10.6,247,1,3,1504,703,1764,0,1797,16.2,162.5,1049,29.8,32.9,0.0,3.1,2067.6,0,16.83,14.4,74.1,71.1,73.8,72.3,72.9,71.6,65.0,58.4,54.8,54.3,25,36,22.7,29.1,54,61,25,0,0,0,6,6,4,0,28,28,28,39,39,36,36,36,37,44.99,42.33,45.07,46,450,4.6,0,0,0
16.27,272,0.25,0.29,0.26,12.5,12.0,11.4,16.45,-9.2,0.13,0.18,209.1,11.1,249,1,3,1554,702,1824,-1,1837,16.2,167.5,1077,33.7,35.9,0.1,3.2,2067.6,0,16.83,14.4,74.2,71.2,73.9,72.4,72.9,71.7,65.1,58.5,54.8,54.4,25,36,22.7,29.1,56,63,25,0,0,0,6,6,4,0,28,28,28,39,39,37,36,36,37,44.99,42.33,45.07,45,460,4.7,0,0,0
15.97,304,0.25,0.29,0.26,13.2,11.5,11.3,16.25,-9.5,0.13,0.25,209.7,8.7,248,1,3,1508,702,1760,1,1770,16.0,163.5,1053,29.1,33.1,0.0,3.1,2067.6,0,16.83,14.4,74.1,71.1,73.8,72.3,72.8,71.5,64.8,58.4,54.7,54.3,25,36,22.7,29.1,54,61,25,0,0,0,6,6,4,0,28,28,28,39,39,36,36,36,37,44.99,42.33,45.07,45,450,4.6,0,0,0
16.15,264,0.25,0.29,0.26,12.0,12.9,12.4,16.46,1.5,0.15,0.2,209.4,9.8,246,1,3,1540,701,1808,0,1828,16.2,167.2,1073,30.8,35.2,0.0,3.1,2067.6,0,16.83,14.4,73.9,70.9,73.6,72.1,72.6,71.3,64.7,58.2,54.7,54.2,25,36,22.7,29.1,57,64,25,0,0,0,6,6,4,0,28,28,28,39,39,36,36,36,37,44.99,42.33,45.07,46,460,4.7,0,0,0
16.19,208,0.25,0.29,0.26,13.4,11.6,11.2,16.46,-3.9,0.26,0.26,209.2,11.2,251,1,3,1560,704,1838,1,1831,16.2,170.9,1083,29.2,33.2,0.0,3.1,2067.6,0,16.83,14.4,74.3,71.2,73.9,72.4,73.0,71.4,65.1,58.3,54.8,54.4,25,36,22.7,29.1,54,61,25,0,0,0,6,6,4,0,28,28,28,39,39,36,36,36,37,44.99,42.33,45.07,45,460,4.7,0,0,0
16.18,96,0.25,0.29,0.26,12.1,12.4,11.8,16.45,-6.1,0.06,0.17,209.5,10.9,247,1,3,1538,702,1802,1,1808,16.2,166.5,1068,33.6,35.8,0.1,3.2,2067.6,0,16.83,14.4,73.4,70.5,73.1,71.6,72.2,70.8,64.7,58.4,54.7,54.2,25,36,22.8,29.1,57,64,25,0,0,0,6,6,4,0,28,28,28,39,39,37,36,36,37,45.0,42.32,45.07,45,450,4.6,0,0,0
16.25,136,0.25,0.29,0.26,11.3,11.5,13.8,16.56,-6.1,0.12,0.2,209.7,9.3,246,1,3,1548,702,1813,1,1823,16.1,169.1,1080,31.3,35.4,0.0,3.1,2067.6,0,16.83,14.4,73.8,70.8,73.6,72.0,72.5,71.2,64.7,58.2,54.7,54.5,25,36,22.7,29.1,57,64,25,0,0,0,6,6,4,0,28,28,28,39,39,36,36,36,37,45.0,42.33,45.07,45,460,4.7,0,0,0
16.08,40,0.25,0.29,0.26,11.7,12.6,12.2,16.43,-2.4,0.29,0.11,209.8,9.3,248,1,3,1500,702,1759,-1,1757,16.0,164.3,1049,31.6,33.5,0.0,3.2,2067.6,0,16.83,14.4,73.4,70.4,73.2,71.6,72.0,70.9,64.7,58.5,54.7,54.2,25,36,22.8,29.1,54,61,25,0,0,0,6,6,4,0,28,28,28,39,39,36,36,36,37,44.99,42.32,45.07,46,460,4.7,0,0,0
16.06,336,0.25,0.29,0.26,12.2,11.0,12.7,16.25,-12.6,0.21,0.23,210.1,8.8,248,1,3,1517,702,1773,0,1783,16.0,166.5,1063,30.8,34.6,0.0,3.1,2067.6,0,16.83,14.4,73.9,70.9,73.7,72.1,72.7,71.4,64.8,58.2,54.7,54.5,25,36,22.7,29.1,55,63,25,0,0,0,6,6,4,0,28,28,28,39,39,37,36,36,37,45.0,42.33,45.07,46,460,4.7,0,0,0
15.95,288,0.25,0.29,0.26,12.7,11.3,11.7,16.14,-4.9,0.02,0.18,209.5,9.5,250,1,3,1498,703,1747,0,1747,16.0,164.5,1046,32.0,34.6,0.1,3.2,2067.6,0,16.83,14.4,74.2,71.2,73.9,72.4,72.9,71.8,65.0,58.2,54.7,54.3,25,36,22.7,29.1,56,63,25,0,0,0,6,6,4,0,28,28,28,39,39,36,36,36,37,45.0,42.32,45.07,46,450,4.7,0,0,0
15.99,256,0.25,0.29,0.26,13.0,11.4,11.2,16.26,-11.5,0.33,0.19,210.3,10.6,249,1,3,1519,702,1777,1,1785,16.0,165.8,1060,30.2,32.9,0.0,3.1,2067.6,0,16.83,14.4,73.4,70.4,73.2,71.6,72.1,71.2,64.8,58.5,54.6,54.5,25,36,22.8,29.1,52,59,25,0,0,0,6,6,4,0,28,28,28,39,39,36,36,36,37,44.99,42.33,45.07,46,460,4.7,0,0,0
16.07,40,0.25,0.29,0.26,12.0,12.3,12.4,16.36,-9.5,0.14,0.16,209.1,9.3,250,1,3,1510,703,1771,1,1783,16.1,164.0,1055,31.6,35.6,0.0,3.2,2067.6,0,16.83,14.4,74.3,71.2,73.9,72.4,73.0,71.6,65.1,58.4,54.8,54.5,25,36,22.7,29.1,56,63,25,0,0,0,6,6,4,0,28,28,28,39,39,37,36,36,37,44.99,42.32,45.07,46,450,4.6,0,0,0
16.31,40,0.25,0.29,0.26,12.5,12.2,11.7,16.5,-11.6,0.11,0.21,209.6,9.8,252,1,3,1574,704,1851,1,1885,16.3,170.5,1089,33.3,36.2,0.1,3.2,2067.6,0,16.83,14.4,74.2,71.2,73.9,72.4,72.9,71.5,65.1,58.5,54.8,54.3,25,36,22.7,29.1,57,64,25,0,0,0,6,6,4,0,28,28,28,39,39,36,36,36,37,44.99,42.33,45.07,45,460,4.7,0,0,0
16.17,320,0.25,0.29,0.26,12.7,11.3,11.4,16.41,-8.9,0.06,0.12,209.7,11.2,249,1,3,1554,702,1822,0,1856,16.3,166.8,1080,29.4,34.0,0.0,3.1,2067.6,0,16.83,14.4,74.1,71.0,73.8,72.3,72.8,71.7,64.9,58.3,54.7,54.3,25,36,22.7,29.1,54,61,25,0,0,0,6,6,4,0,28,28,28,39,39,36,36,36,37,44.99,42.32,45.08,45,460,4.6,0,0,0
16.04,32,0.25,0.29,0.26,13.3,11.9,11.2,16.35,2.6,0.24,0.23,209.8,7.4,247,1,3,1531,702,1797,1,1802,16.0,165.1,1070,29.9,33.4,0.0,3.1,2067.6,0,16.83,14.4,74.1,71.1,73.8,72.3,72.8,71.6,65.0,58.4,54.7,54.2,25,36,22.7,29.1,54,61,25,0,0,0,6,6,4,0,28,28,28,39,39,37,36,36,37,44.99,42.33,45.07,46,450,4.6,0,0,0
16.22,216,0.25,0.29,0.26,11.7,12.5,12.4,16.54,-5.5,0.14,0.09,209.7,10.6,248,1,3,1544,703,1812,0,1812,16.3,165.6,1071,30.2,33.2,0.0,3.1,2067.6,0,16.83,14.4,74.1,71.1,73.8,72.3,72.9,71.6,65.0,58.4,54.8,54.3,25,36,22.7,29.1,54,61,25,0,0,0,6,6,4,0,28,28,28,39,39,36,36,36,37,45.0,42.33,45.07,46,450,4.6,0,0,0
16.03,24,0.25,0.29,0.26,13.4,11.7,11.1,16.35,-0.7,0.24,0.22,209.7,8.4,246,1,3,1522,702,1779,1,1775,16.0,166.1,1059,32.9,35.8,0.1,3.2,2067.6,0,16.83,14.4,73.4,70.5,73.1,71.6,72.1,70.7,64.7,58.5,54.7,54.2,25,36,22.8,29.1,57,64,25,0,0,0,6,6,4,0,28,28,28,39,39,37,36,36,37,44.99,42.33,45.07,45,460,4.6,0,0,0
16.22,40,0.25,0.29,0.26,11.3,11.8,13.8,16.56,-7.5,0.07,0.13,209.6,11.2,249,1,3,1532,704,1795,0,1801,16.1,162.7,1070,31.8,36.1,0.1,3.2,2067.6,0,16.83,14.4,74.2,71.2,73.9,72.4,72.9,71.4,65.1,58.5,54.7,54.7,25,36,22.7,29.1,56,63,25,0,0,0,6,6,4,0,28,28,28,39,39,37,36,36,37,44.99,42.33,45.07,45,460,4.7,0,0,0
16.1,72,0.25,0.29,0.26,12.0,11.3,13.3,16.45,-3.6,0.16,0.11,209.4,8.3,249,1,3,1517,703,1780,2,1794,16.0,167.0,1066,29.8,32.8,0.0,3.1,2067.6,0,16.83,14.4,74.1,71.1,73.8,72.3,72.9,71.5,65.0,58.4,54.8,54.3,25,36,22.7,29.1,54,61,25,0,0,0,6,6,4,0,28,28,28,39,39,36,36,36,37,45.0,42.32,45.07,45,460,4.7,0,0,0
16.11,88,0.25,0.29,0.26,13.2,11.6,11.2,16.46,-3.6,0.16,0.23,209.8,9.5,249,1,3,1545,702,1812,0,1820,16.1,165.8,1074,28.9,33.0,0.0,3.1,2067.6,0,16.83,14.4,74.1,71.1,73.8,72.3,72.9,71.6,64.9,58.5,54.7,54.5,25,36,22.7,29.1,53,61,25,0,0,0,6,6,4,0,28,28,28,39,39,36,36,36,37,44.99,42.33,45.07,46,460,4.7,0,0,0
16.24,296,0.24,0.28,0.25,13.4,11.9,11.4,16.47,-10.7,0.26,0.23,209.3,10.7,251,1,3,1560,702,1841,2,1867,16.3,169.5,1083,33.2,37.1,0.1,3.2,2067.6,0,16.83,14.4,73.5,70.5,73.2,71.7,72.2,71.0,64.7,58.3,54.7,54.2,25,36,22.7,29.1,59,65,25,0,0,0,6,6,4,0,28,28,28,39,39,37,36,36,37,45.0,42.32,45.07,46,460,4.6,0,0,0
15.96,200,0.25,0.29,0.26,12.6,11.3,11.7,16.14,-0.7,-0.02,0.18,209.9,9.7,246,1,3,1485,702,1735,0,1737,15.9,162.3,1042,29.0,32.8,0.0,3.1,2067.6,0,16.83,14.4,73.4,70.4,73.1,71.6,72.1,71.1,64.9,58.4,54.6,54.4,25,36,22.8,29.1,52,59,25,0,0,0,6,6,4,0,28,28,28,39,39,36,36,36,37,44.99,42.32,45.07,46,460,4.7,0,0,0
16.17,352,0.25,0.29,0.26,11.8,12.6,12.3,16.56,-6.8,0.13,0.11,209.5,9.0,246,1,3,1537,702,1808,0,1801,16.1,167.1,1067,31.4,35.4,0.0,3.1,2067.6,0,16.83,14.4,73.8,70.8,73.6,72.0,72.5,71.2,64.7,58.2,54.7,54.5,25,36,22.7,29.1,57,64,25,0,0,0,6,6,4,0,28,28,28,39,39,36,36,36,37,45.0,42.33,45.07,46,460,4.7,0,0,0
15.89,344,0.25,0.29,0.26,11.2,12.1,13.4,16.15,-1.2,0.1,0.15,209.4,9.4,247,1,3,1457,702,1699,1,1704,15.8,159.4,1032,28.7,33.1,0.0,3.1,2067.6,0,16.83,14.4,73.4,70.4,73.1,71.7,72.2,71.0,64.8,58.4,54.6,54.2,25,36,22.8,29.1,53,60,25,0,0,0,6,6,4,0,28,28,28,39,39,37,36,36,37,44.99,42.33,45.07,46,460,4.6,0,0,0
16.04,200,0.25,0.29,0.26,12.7,11.4,11.5,16.26,-12.7,-0.07,0.19,209.7,10.3,250,1,3,1517,702,1785,1,1786,16.0,163.6,1065,30.8,32.9,0.0,3.1,2067.6,0,16.83,14.4,73.4,70.4,73.2,71.6,72.1,70.9,64.7,58.6,54.7,54.3,25,36,22.8,29.1,53,60,25,0,0,0,6,6,4,0,28,28,28,39,39,37,36,36,37,44.99,42.33,45.07,45,450,4.7,0,0,0
16.14,32,0.25,0.29,0.26,11.4,12.5,12.8,16.34,4.9,0.2,0.2,209.6,8.9,245,1,3,1498,702,1751,1,1759,16.0,164.2,1047,29.5,33.5,0.0,3.1,2067.6,0,16.83,14.4,74.1,71.1,73.8,72.3,72.8,71.6,65.0,58.4,54.7,54.3,26,36,22.7,29.1,54,61,25,0,0,0,6,6,4,0,28,28,28,39,39,37,36,36,37,44.99,42.33,45.07,45,460,4.6,0,0,0
16.21,64,0.25,0.29,0.26,13.1,11.6,11.3,16.55,3.7,0.22,0.19,209.8,8.0,246,1,3,1590,702,1871,-1,1879,16.2,174.6,1101,31.6,35.7,0.0,3.1,2067.6,0,16.83,14.4,73.7,70.7,73.5,72.0,72.4,71.2,64.7,58.3,54.7,54.3,25,36,22.7,29.1,58,65,25,0,0,0,6,6,4,0,28,28,28,39,39,37,36,36,37,44.99,42.32,45.07,46,460,4.7,0,0,0
16.54,352,0.61,0.66,0.62,12.0,10.8,11.1,16.92,-16.1,0.07,0.21,209.9,10.0,248,1,3,1666,703,1964,1,1976,16.6,183.6,1139,32.1,35.8,0.0,3.1,2067.6,0,16.83,14.4,73.7,70.7,73.4,71.9,72.4,71.2,64.7,58.2,54.7,54.2,25,36,22.7,29.1,58,65,25,0,0,0,6,6,4,0,28,28,28,39,39,36,36,36,37,44.99,42.32,45.07,46,460,4.7,0,0,0
16.22,184,0.25,0.29,0.26,11.8,11.3,13.5,16.57,-5.1,0.16,0.2,209.8,8.5,248,1,3,1556,702,1827,1,1839,16.2,167.4,1085,32.5,35.0,0.1,3.2,2067.6,0,16.83,14.4,73.4,70.4,73.1,71.6,72.1,70.9,64.7,58.4,54.7,54.4,25,36,22.8,29.1,56,63,25,0,0,0,6,6,4,0,28,28,28,39,39,36,36,36,37,44.99,42.32,45.07,46,460,4.7,0,0,0
15.96,40,0.25,0.29,0.26,11.4,11.8,13.5,16.2,-3.9,0.12,0.15,209.3,9.3,249,1,3,1465,703,1720,-1,1714,15.8,157.1,1039,31.6,35.5,0.0,3.1,2067.6,0,16.83,14.4,74.3,71.2,73.9,72.4,73.0,71.8,65.1,58.4,54.8,54.4,25,36,22.7,29.1,56,63,25,0,0,0,6,6,4,0,28,28,28,39,39,37,36,36,37,44.99,42.33,45.07,46,450,4.7,0,0,0
16.18,248,0.25,0.29,0.26,11.2,12.3,13.2,16.5,-8.6,0.17,0.2,209.7,11.2,247,1,3,1536,702,1804,1,1795,16.1,168.5,1073,29.5,33.2,0.0,3.1,2067.6,0,16.83,14.4,74.1,71.1,73.8,72.3,72.8,71.7,65.0,58.5,54.7,54.5,25,36,22.7,29.1,54,61,25,0,0,0,6,6,4,0,28,28,28,39,39,37,36,36,37,44.99,42.33,45.07,46,450,4.7,0,0,0
16.11,200,0.25,0.29,0.26,11.8,11.3,13.1,16.45,-7.9,0.24,0.2,210.3,10.0,248,1,3,1522,703,1788,2,1791,16.0,163.0,1070,32.6,35.5,0.1,3.2,2067.6,0,16.83,14.4,74.3,71.2,74.0,72.5,72.9,71.7,65.1,58.4,54.7,54.6,25,36,22.7,29.1,55,62,25,0,0,0,6,6,4,0,28,28,28,39,39,36,36,36,37,44.99,42.33,45.07,44,460,4.6,0,0,0
16.13,232,0.25,0.29,0.26,12.4,11.0,12.6,16.35,-8.6,0.11,0.25,209.8,7.1,247,1,3,1546,702,1805,0,1815,16.1,167.5,1075,29.4,33.5,0.0,3.1,2067.6,0,16.83,14.4,74.1,71.1,73.8,72.3,72.8,71.5,65.0,58.4,54.7,54.6,25,36,22.7,29.1,54,61,25,0,0,0,6,6,4,0,28,28,28,39,39,37,36,36,37,44.99,42.32,45.07,46,450,4.7,0,0,0
16.56,64,0.48,0.52,0.49,10.7,10.5,11.2,16.85,-9.7,0.15,0.13,210.0,8.5,248,1,3,1641,702,1937,1,1941,16.4,176.8,1131,31.8,35.9,0.0,3.1,2067.6,0,16.83,14.4,73.7,70.7,73.4,71.9,72.4,71.2,64.7,58.2,54.7,54.2,25,36,22.7,29.1,58,65,25,0,0,0,6,6,4,0,28,28,28,39,39,37,36,36,37,44.99,42.32,45.07,46,460,4.6,0,0,0
16.06,184,0.25,0.29,0.26,11.2,12.0,13.5,16.3,-9.8,0.09,0.18,209.2,9.6,249,1,3,1495,703,1756,0,1766,15.9,160.7,1055,31.3,35.8,0.0,3.2,2067.6,0,16.83,14.4,74.3,71.2,73.9,72.4,73.0,71.7,65.1,58.4,54.8,54.4,25,36,22.7,29.1,56,63,25,0,0,0,6,6,4,0,28,28,28,39,39,37,36,36,37,44.99,42.33,45.07,46,460,4.7,0,0,0
16.38,344,0.25,0.29,0.26,11.6,11.5,13.9,16.65,-11.9,0.16,0.15,209.8,8.8,250,1,3,1599,702,1885,1,1886,16.3,173.1,1108,31.5,33.5,0.1,3.1,2067.6,0,16.83,14.4,74.2,71.1,73.8,72.3,72.9,71.5,65.0,58.4,54.8,54.7,25,36,22.7,29.1,56,63,25,0,0,0,6,6,4,0,28,28,28,39,39,37,36,36,37,44.99,42.33,45.07,45,460,4.7,0,0,0
16.43,120,0.25,0.29,0.26,11.3,12.2,13.3,16.56,-10.7,0.12,0.23,209.6,11.2,250,1,3,1554,702,1818,-1,1809,16.1,170.1,1076,30.0,34.3,0.0,3.1,2067.6,0,16.83,14.4,74.1,71.0,73.7,72.2,72.8,71.5,64.9,58.3,54.7,54.4,25,36,22.7,29.1,55,62,25,0,0,0,6,6,4,0,28,28,28,39,39,37,36,36,37,44.99,42.33,45.07,46,460,4.7,0,0,0
15.86,344,0.25,0.29,0.26,12.2,11.1,12.2,16.19,-2.6,-0.04,0.21,210.1,10.3,247,1,3,1460,702,1697,1,1691,15.8,155.2,1028,28.8,32.9,0.0,3.1,2067.6,0,16.83,14.4,73.4,70.4,73.1,71.6,72.1,71.0,64.9,58.4,54.7,54.4,26,36,22.8,29.1,52,60,25,0,0,0,6,6,4,0,28,28,28,39,39,36,36,36,37,44.99,42.33,45.07,46,450,4.7,0,0,0
16.07,256,0.25,0.29,0.26,13.4,11.5,11.1,16.36,-8.4,0.22,0.17,210.3,10.9,248,1,3,1538,702,1796,0,1824,16.2,164.8,1066,31.5,34.7,0.1,3.2,2067.6,0,16.83,14.4,73.4,70.4,73.1,71.6,72.0,70.8,64.6,58.5,54.6,54.4,24,36,22.8,29.1,55,62,25,0,0,0,6,6,4,0,28,28,28,39,39,37,36,36,37,44.99,42.32,45.07,46,460,4.7,0,0,0
16.22,232,0.25,0.29,0.26,12.5,11.3,12.2,16.5,-16.1,0.0,0.18,209.5,10.7,249,1,3,1571,704,1844,0,1851,16.3,169.9,1092,28.7,33.3,0.0,3.1,2067.6,0,16.83,14.4,74.1,71.1,73.8,72.3,72.8,71.3,64.9,58.5,54.7,54.3,25,36,22.7,29.1,54,61,25,0,0,0,6,6,4,0,28,28,28,39,39,37,36,36,37,45.0,42.32,45.07,44,460,4.7,0,0,0
16.09,8,0.25,0.29,0.26,11.6,11.3,13.7,16.45,-9.2,0.15,0.09,209.5,8.6,253,1,3,1521,704,1786,2,1802,16.1,163.3,1070,29.5,33.8,0.0,3.1,2067.6,0,16.83,14.4,74.2,71.2,73.9,72.4,72.9,71.7,65.1,58.3,54.8,54.4,26,36,22.7,29.1,54,61,25,0,0,0,6,6,4,0,28,28,28,39,39,36,36,36,37,45.0,42.33,45.07,45,460,4.7,0,0,0
15.89,184,0.25,0.29,0.26,12.2,11.1,12.2,16.19,-7.6,0.06,0.21,209.3,11.0,249,1,3,1482,702,1737,0,1744,15.9,159.2,1047,31.4,35.1,0.0,3.1,2067.6,0,16.83,14.4,74.3,71.2,73.9,72.4,73.1,71.7,65.2,58.4,54.8,54.5,26,36,22.7,29.1,55,62,25,0,0,0,6,6,4,0,28,28,28,39,39,36,36,36,37,44.99,42.33,45.07,45,460,4.7,0,0,0
15.95,200,0.25,0.29,0.26,12.0,12.5,12.4,16.14,-0.3,0.13,0.12,210.1,9.4,247,1,3,1456,702,1699,0,1708,15.9,159.7,1025,28.8,32.9,0.0,3.1,2067.6,0,16.83,14.4,73.4,70.4,73.1,71.7,72.2,71.0,64.8,58.5,54.6,54.2,25,36,22.8,29.1,53,60,25,0,0,0,6,6,4,0,28,28,28,39,39,36,36,36,37,44.99,42.33,45.07,45,460,4.6,0,0,0
16.55,136,0.47,0.51,0.48,16.0,17.7,14.3,16.81,-13.3,0.2,0.28,209.9,8.7,248,1,3,1650,702,1950,1,1942,16.5,183.8,1131,32.0,35.9,0.0,3.1,2067.6,0,16.83,14.4,73.7,70.7,73.4,71.9,72.4,71.2,64.8,58.1,54.7,54.2,25,36,22.7,29.1,58,65,25,0,0,0,6,6,4,0,28,28,28,39,39,37,36,36,37,44.99,42.32,45.07,46,460,4.7,0,0,0
16.03,208,0.25,0.29,0.26,12.2,11.1,12.5,16.36,-2.6,0.16,0.18,209.2,10.2,250,1,3,1517,703,1783,-1,1781,16.1,164.8,1066,29.3,32.9,0.0,3.1,2067.6,0,16.83,14.4,74.3,71.2,73.9,72.4,73.0,71.5,65.1,58.2,54.8,54.3,25,36,22.7,29.1,54,61,25,0,0,0,6,6,4,0,28,28,28,39,39,36,36,36,37,45.0,42.33,45.07,46,460,4.7,0,0,0
16.27,224,0.25,0.29,0.26,11.4,11.4,13.8,16.56,-11.0,0.15,0.11,209.5,10.0,253,1,3,1560,704,1839,0,1836,16.3,167.8,1090,30.0,33.8,0.0,3.1,2067.6,0,16.83,14.4,74.2,71.2,73.9,72.4,72.9,71.7,65.1,58.3,54.8,54.3,25,36,22.7,29.1,54,61,25,0,0,0,6,6,4,0,28,28,28,39,39,36,36,36,37,44.99,42.33,45.07,46,460,4.7,0,0,0
16.17,232,0.25,0.29,0.26,11.8,12.5,12.4,16.46,-2.8,0.06,0.08,210.0,9.5,249,1,3,1528,702,1796,1,1822,16.2,168.9,1064,29.2,32.7,0.0,3.1,2067.6,0,16.83,14.4,74.1,71.1,73.8,72.3,72.9,71.6,64.9,58.5,54.7,54.5,25,36,22.7,29.1,53,61,25,0,0,0,6,6,4,0,28,28,28,39,39,36,36,36,37,44.99,42.33,45.07,45,460,4.6,0,0,0
16.52,136,0.52,0.56,0.53,11.0,10.5,11.2,16.86,-10.6,0.16,0.25,209.6,9.6,246,1,3,1654,703,1951,1,1954,16.5,180.3,1134,32.3,36.0,0.0,3.2,2067.6,0,16.83,14.4,73.7,70.6,73.4,71.9,72.4,71.3,64.7,58.3,54.7,54.3,25,36,22.7,29.1,58,65,25,0,0,0,6,6,4,0,28,28,28,39,39,37,36,36,37,44.99,42.33,45.07,46,460,4.7,0,0,0
16.13,168,0.25,0.29,0.26,13.6,11.6,11.3,16.46,-12.9,0.32,0.22,210.3,10.9,248,1,3,1555,702,1829,-1,1820,16.1,168.2,1081,33.8,35.8,0.1,3.2,2067.6,0,16.83,14.4,73.4,70.5,73.1,71.6,72.2,70.8,64.7,58.3,54.7,54.3,25,36,22.8,29.1,57,64,25,0,0,0,6,6,4,0,28,28,28,39,39,36,36,36,37,44.99,42.32,45.07,46,460,4.6,0,0,0
16.18,288,0.25,0.29,0.26,12.1,11.1,13.1,16.43,3.3,0.14,0.24,208.8,9.0,247,1,3,1535,703,1802,1,1807,16.1,163.6,1074,30.4,32.9,0.0,3.1,2067.6,0,16.83,14.4,74.1,71.1,73.8,72.3,72.9,71.6,65.0,58.4,54.8,54.2,25,36,22.7,29.1,54,61,25,0,0,0,6,6,4,0,28,28,28,39,39,36,36,36,37,44.99,42.33,45.07,45,460,4.7,0,0,0
15.95,40,0.25,0.29,0.26,12.8,11.3,11.4,16.25,-12.6,0.01,0.13,210.2,9.3,248,1,3,1503,702,1753,0,1763,16.0,162.6,1051,29.7,32.7,0.0,3.1,2067.6,0,16.83,14.4,73.4,70.4,73.2,71.6,72.1,71.3,64.8,58.4,54.6,54.5,25,36,22.8,29.1,52,59,25,0,0,0,6,6,4,0,28,28,28,39,39,36,36,36,37,44.99,42.32,45.07,46,460,4.7,0,0,0
15.94,240,0.25,0.29,0.26,13.2,11.4,11.3,16.25,-8.7,0.08,0.2,209.6,9.0,252,1,3,1491,703,1749,-2,1755,15.9,165.2,1048,30.0,34.5,0.0,3.1,2067.6,0,16.83,14.4,74.3,71.2,74.0,72.5,72.9,71.8,65.1,58.3,54.8,54.5,25,36,22.7,29.1,54,61,25,0,0,0,6,6,4,0,28,28,28,39,39,37,36,36,37,45.0,42.33,45.07,46,450,4.7,0,0,0
15.94,24,0.25,0.29,0.26,12.3,12.4,12.0,16.19,-6.2,0.1,0.14,209.4,9.6,252,1,3,1478,704,1728,1,1734,15.9,162.9,1036,29.9,34.4,0.0,3.1,2067.6,0,16.83,14.4,74.3,71.2,74.0,72.5,72.9,71.8,65.1,58.4,54.8,54.5,25,36,22.7,29.1,54,61,25,0,0,0,6,6,4,0,28,28,28,39,39,36,36,36,37,45.0,42.33,45.07,45,460,4.7,0,0,0
