轮毂转速,轮毂角度,叶片1角度,叶片2角度,叶片3角度,变桨电机1电流,变桨电机2电流,变桨电机3电流,超速传感器转速检测值,5秒偏航对风平均值,x方向振动值,y方向振动值,液压制动压力,机舱气象站风速,风向绝对值,大气压力,无功功率控制状态,变频器电网侧电流,变频器电网侧电压,变频器电网侧有功功率,变频器电网侧无功功率,变频器发电机侧功率,发电机运行频率,发电机电流,发电机转矩,变频器入口温度,变频器出口温度,变频器入口压力,变频器出口压力,发电机功率限幅值,无功功率设定值,额定的轮毂转速,测风塔环境温度,发电机定子温度1,发电机定子温度2,发电机定子温度3,发电机定子温度4,发电机定子温度5,发电机定子温度6,发电机空气温度1,发电机空气温度2,主轴承温度1,主轴承温度2,轮毂温度,轮毂控制柜温度,机舱温度,机舱控制柜温度,变频器INU温度,变频器ISU温度,变频器INU RMIO温度,变桨电机1功率估算,变桨电机2功率估算,变桨电机3功率估算,风机当前状态值,轮毂当前状态值,偏航状态值,偏航要求值,叶片1电池箱温度,叶片2电池箱温度,叶片3电池箱温度,叶片1变桨电机温度,叶片2变桨电机温度,叶片3变桨电机温度,叶片1变频器箱温度,叶片2变频器箱温度,叶片3变频器箱温度,叶片1超级电容电压,叶片2超级电容电压,叶片3超级电容电压,驱动1晶闸管温度,驱动2晶闸管温度,驱动3晶闸管温度,驱动1输出扭矩,驱动2输出扭矩,驱动3输出扭矩
11.11,248,0.24,0.24,0.24,10.9,11.4,11.6,11.32,-1.6,0.14,0.18,210.4,4.5,169,1,1,536,705,440,-2,441,11.0,56.5,383,30.5,31.6,0.0,3.1,2067.6,0,16.83,12.5,34.7,32.5,34.1,34.0,33.8,33.0,32.6,31.4,46.8,46.7,23,34,22.8,27.5,38,40,25,0,0,0,6,6,4,0,26,26,26,36,37,34,34,34,35,45.0,42.34,45.08,42,430,4.3,0,0,0
10.84,248,0.24,0.24,0.24,11.0,11.3,11.6,11.17,-3.3,0.14,0.2,210.7,4.3,167,1,1,524,705,414,1,419,10.8,53.9,367,33.0,34.4,0.1,3.1,1623.5,0,16.16,12.5,34.4,32.3,33.9,33.9,33.7,32.6,32.6,31.4,46.9,46.7,24,34,22.8,27.5,41,42,25,0,0,0,6,6,4,0,26,26,26,36,37,34,34,34,35,45.0,42.34,45.08,42,430,4.3,0,0,0
10.89,248,0.24,0.24,0.24,11.0,11.4,11.4,11.16,5.8,0.14,0.18,210.7,4.9,163,1,1,528,704,417,-1,416,10.9,54.9,371,29.7,30.6,0.0,3.1,1690.4,0,16.26,12.5,34.2,32.2,33.8,33.7,33.5,32.4,32.4,31.3,46.9,46.7,23,34,22.8,27.5,37,39,25,0,0,0,6,6,4,0,26,26,26,36,37,34,34,34,35,45.01,42.34,45.08,42,420,4.3,0,0,0
12.1,288,0.24,0.24,0.24,11.2,11.0,11.1,12.4,-0.3,0.13,0.17,210.2,5.5,166,1,1,623,705,579,0,582,12.2,65.6,457,31.1,32.4,0.0,3.1,2067.6,0,16.83,12.5,34.3,32.3,33.9,33.8,33.5,32.5,32.3,31.2,46.9,46.7,23,34,22.8,27.5,40,42,25,0,0,0,6,6,4,0,26,26,26,36,37,34,34,34,35,45.0,42.33,45.07,42,430,4.3,0,0,0
10.91,248,0.24,0.24,0.24,10.9,11.3,11.4,11.17,0.3,0.12,0.18,210.6,4.8,165,1,1,532,705,418,0,423,10.8,52.9,370,28.7,30.6,0.0,3.1,1766.8,0,16.38,12.5,34.3,32.2,33.8,33.7,33.5,32.3,32.4,31.4,46.9,46.7,23,34,22.8,27.5,37,38,25,0,0,0,6,6,4,0,26,26,26,36,37,34,34,34,35,45.0,42.34,45.07,41,430,4.3,0,0,0
10.98,248,0.24,0.24,0.24,11.0,11.3,11.3,11.28,-0.2,0.13,0.18,210.4,5.0,165,1,1,526,705,424,0,428,11.0,55.1,373,28.1,31.1,0.0,3.1,1766.8,0,16.38,12.5,34.3,32.2,33.8,33.7,33.5,32.3,32.5,31.3,46.9,46.7,23,34,22.8,27.5,37,38,25,0,0,0,6,6,4,0,26,26,26,36,37,34,34,34,35,45.01,42.34,45.07,41,430,4.3,0,0,0
11.6,88,0.24,0.24,0.24,11.1,11.3,11.4,11.88,-1.8,0.2,0.17,209.7,5.0,162,1,1,575,704,501,0,508,11.7,60.2,415,30.5,32.6,0.0,3.1,1657.5,0,16.21,12.5,34.4,32.3,33.9,33.9,33.6,32.8,32.4,31.2,47.0,46.6,24,34,22.8,27.5,39,41,25,0,0,0,6,6,4,0,26,26,26,36,37,34,34,34,35,45.01,42.34,45.08,41,430,4.3,0,0,0
10.78,248,0.24,0.24,0.24,10.9,11.1,11.2,11.01,-0.9,0.12,0.18,210.4,5.6,165,1,1,521,705,402,0,397,10.7,51.8,358,33.0,34.1,0.1,3.2,1617.3,0,16.15,12.5,34.4,32.4,33.9,33.9,33.6,32.6,32.6,31.4,46.9,46.7,23,34,22.8,27.5,40,42,25,0,0,0,6,6,4,0,26,26,26,36,37,34,34,34,35,45.01,42.34,45.08,42,430,4.3,0,0,0
11.34,248,0.24,0.24,0.24,11.0,10.9,11.2,11.57,-0.7,0.14,0.18,210.8,5.7,163,1,1,561,705,475,0,482,11.4,58.5,400,30.0,31.3,0.0,3.1,1835.1,0,16.48,12.5,34.2,32.2,33.8,33.8,33.5,32.6,32.4,31.2,46.9,46.7,24,34,22.8,27.5,38,39,25,0,0,0,6,6,4,0,26,26,26,36,37,34,34,34,35,45.0,42.33,45.08,42,430,4.3,0,0,0
11.57,248,0.24,0.24,0.24,11.0,11.3,11.6,11.84,-0.2,0.13,0.18,210.8,5.9,163,1,1,576,704,493,0,498,11.5,60.6,411,29.7,31.6,0.0,3.1,1835.1,0,16.48,12.5,34.2,32.1,33.7,33.8,33.5,32.6,32.5,31.2,46.9,46.8,23,34,22.8,27.5,38,40,25,0,0,0,6,6,4,0,26,26,26,36,37,34,34,34,35,45.0,42.34,45.07,42,430,4.3,0,0,0
10.85,248,0.24,0.24,0.24,10.9,11.0,11.3,11.07,5.3,0.14,0.2,210.5,5.9,165,1,1,522,705,412,1,418,10.8,53.1,364,32.8,34.0,0.1,3.2,1617.3,0,16.15,12.5,34.5,32.4,33.9,33.9,33.6,32.5,32.6,31.4,46.9,46.7,23,34,22.8,27.5,40,42,25,0,0,0,6,6,4,0,26,26,26,36,37,34,34,34,35,45.0,42.34,45.08,42,430,4.3,0,0,0
11.37,248,0.24,0.24,0.24,11.0,11.4,11.7,11.58,-3.7,0.14,0.18,210.3,5.3,163,1,1,557,705,473,1,474,11.3,59.0,400,29.9,31.2,0.0,3.1,1835.1,0,16.48,12.5,34.2,32.2,33.8,33.8,33.5,32.6,32.4,31.2,46.9,46.7,23,34,22.8,27.5,38,39,25,0,0,0,6,6,4,0,26,26,26,36,37,34,34,34,35,45.0,42.33,45.08,42,430,4.3,0,0,0
10.74,248,0.24,0.24,0.24,10.9,11.1,11.1,10.92,-5.7,0.12,0.18,210.5,5.6,165,1,1,521,704,402,0,400,10.7,51.9,358,32.8,34.4,0.1,3.2,1623.5,0,16.16,12.5,34.4,32.3,33.9,33.9,33.6,32.7,32.5,31.4,46.9,46.7,23,34,22.8,27.5,40,42,25,0,0,0,6,6,4,0,26,26,26,36,37,34,34,34,35,45.01,42.34,45.07,42,420,4.3,0,0,0
10.91,248,0.24,0.24,0.24,11.0,11.4,11.4,11.12,-12.6,0.13,0.18,210.6,5.9,171,1,1,528,704,419,1,423,10.9,52.6,371,31.7,32.5,0.0,3.1,1772.0,0,16.39,12.5,34.5,32.4,33.9,33.9,33.8,32.7,32.7,31.4,46.8,46.7,23,34,22.8,27.5,39,41,25,0,0,0,6,6,4,0,26,26,26,36,37,34,34,34,35,45.01,42.34,45.08,42,430,4.3,0,0,0
11.96,64,0.24,0.24,0.24,11.1,11.1,11.3,12.2,4.3,0.16,0.18,210.3,6.2,161,1,1,615,705,560,-1,569,12.0,63.4,446,30.9,31.8,0.0,3.1,2067.6,0,16.83,12.5,34.2,32.2,33.9,33.8,33.4,32.7,32.3,31.1,46.9,46.5,23,34,22.8,27.5,39,41,25,0,0,0,6,6,4,0,26,26,26,36,37,34,34,34,35,45.0,42.34,45.08,41,430,4.3,0,0,0
11.64,248,0.24,0.24,0.24,11.1,11.4,11.6,11.85,-4.2,0.13,0.17,210.2,6.1,170,1,1,577,706,499,1,496,11.6,58.6,415,29.9,31.6,0.0,3.1,2067.6,0,16.83,12.5,34.6,32.5,34.1,34.0,33.8,32.9,32.7,31.4,46.8,46.5,23,34,22.8,27.5,38,40,25,0,0,0,6,6,4,0,26,26,26,36,37,34,34,34,35,45.0,42.34,45.08,41,430,4.3,0,0,0
11.32,248,0.24,0.24,0.24,11.0,11.0,11.3,11.53,0.5,0.1,0.17,210.2,5.7,163,1,1,552,705,461,0,467,11.3,56.3,392,29.9,31.1,0.0,3.1,1690.4,0,16.26,12.5,34.2,32.2,33.8,33.8,33.5,32.5,32.4,31.3,46.9,46.6,23,34,22.8,27.5,38,39,25,0,0,0,6,6,4,0,26,26,26,36,37,34,34,34,35,45.0,42.34,45.08,41,420,4.3,0,0,0
11.74,200,0.24,0.24,0.24,11.1,11.4,11.6,12.0,-8.2,0.12,0.18,210.1,4.7,165,1,1,588,704,520,-1,522,11.7,62.9,426,32.0,33.0,0.0,3.1,2067.6,0,16.83,12.5,34.3,32.2,33.8,33.8,33.6,32.3,32.4,31.2,46.9,46.9,23,34,22.8,27.5,40,42,25,0,0,0,6,6,4,0,26,26,26,36,37,34,34,34,35,45.0,42.34,45.08,41,430,4.3,0,0,0
11.12,200,0.24,0.24,0.24,11.0,11.1,11.4,11.35,9.4,0.08,0.18,210.3,4.6,164,1,1,545,705,449,1,456,11.2,56.8,385,31.8,33.2,0.0,3.2,1895.0,0,16.57,12.5,34.3,32.2,33.8,33.8,33.6,32.4,32.5,31.1,46.9,46.8,24,34,22.8,27.5,40,42,25,0,0,0,6,6,4,0,26,26,26,36,37,34,34,34,35,45.0,42.34,45.07,42,420,4.3,0,0,0
10.7,248,0.24,0.24,0.24,10.9,10.9,11.4,10.96,-9.0,0.17,0.18,210.4,5.5,167,1,1,519,705,399,2,403,10.8,51.6,357,32.5,33.1,0.0,3.2,1821.6,0,16.46,12.5,34.5,32.4,34.0,33.9,33.7,32.9,32.6,31.3,46.9,46.8,23,34,22.8,27.5,40,41,25,0,0,0,6,6,4,0,26,26,26,36,37,34,34,34,35,45.01,42.34,45.07,41,420,4.3,0,0,0
10.97,248,0.24,0.24,0.24,10.9,11.3,11.4,11.17,1.0,0.16,0.18,210.6,4.8,165,1,1,537,705,424,-2,423,10.9,53.8,373,29.4,30.3,0.0,3.1,1766.8,0,16.38,12.5,34.3,32.2,33.8,33.7,33.5,32.4,32.5,31.3,46.9,46.7,23,34,22.8,27.5,37,38,25,0,0,0,6,6,4,0,26,26,26,36,37,34,34,34,35,45.0,42.34,45.07,42,430,4.3,0,0,0
11.8,248,0.24,0.24,0.24,11.0,11.5,11.9,12.06,-1.0,0.15,0.17,210.3,5.8,163,1,1,589,704,528,1,529,11.8,63.1,431,30.3,31.7,0.0,3.1,1957.0,0,16.66,12.5,34.2,32.2,33.8,33.8,33.5,32.5,32.5,31.2,46.9,46.8,24,34,22.8,27.5,38,40,25,0,0,0,6,6,4,0,26,26,26,36,37,34,34,34,35,45.01,42.33,45.08,42,420,4.3,0,0,0
12.27,168,0.24,0.24,0.24,11.2,11.3,11.4,12.49,11.9,0.21,0.16,210.7,6.1,159,1,1,631,704,591,1,585,12.2,66.4,464,32.1,33.6,0.0,3.2,1908.4,0,16.59,12.5,34.3,32.2,33.9,33.9,33.6,32.7,32.4,31.1,46.9,46.9,24,34,22.8,27.5,40,42,25,0,0,0,6,6,4,0,26,26,26,36,37,34,34,34,35,45.0,42.34,45.07,42,430,4.3,0,0,0
12.12,296,0.24,0.24,0.24,11.1,11.6,11.9,12.38,-2.9,0.08,0.16,210.4,4.7,161,1,1,619,705,573,1,576,12.0,66.9,456,32.6,33.8,0.1,3.2,2067.6,0,16.83,12.5,34.4,32.2,33.9,33.9,33.6,32.7,32.5,31.1,46.9,46.9,24,34,22.8,27.5,41,43,25,0,0,0,6,6,4,0,26,26,26,36,37,34,34,34,35,45.01,42.34,45.07,42,430,4.3,0,0,0
11.93,200,0.24,0.24,0.24,11.1,11.6,12.0,12.11,-2.6,0.13,0.18,210.4,5.9,164,1,1,604,704,547,0,551,11.9,64.5,442,31.9,32.8,0.0,3.2,2067.6,0,16.83,12.5,34.3,32.2,33.9,33.8,33.6,32.4,32.4,31.3,46.9,46.7,23,34,22.8,27.5,40,42,25,0,0,0,6,6,4,0,26,26,26,36,37,34,34,34,35,45.0,42.34,45.08,42,430,4.3,0,0,0
11.63,240,0.24,0.24,0.24,11.1,11.1,11.2,11.78,-0.4,0.13,0.17,210.5,5.8,162,1,1,572,704,502,0,508,11.6,59.1,415,33.4,34.0,0.1,3.2,2002.5,0,16.73,12.5,34.4,32.3,33.9,33.9,33.5,32.7,32.3,31.2,46.9,46.8,23,34,22.8,27.5,41,43,25,0,0,0,6,6,4,0,26,26,26,36,37,34,34,34,35,45.01,42.34,45.08,42,420,4.3,0,0,0
11.91,248,0.24,0.24,0.24,11.2,11.0,11.4,12.14,-15.2,0.13,0.18,210.3,5.0,164,1,1,604,705,547,0,549,11.9,62.5,439,31.0,31.9,0.0,3.1,2067.6,0,16.83,12.5,34.2,32.2,33.9,33.8,33.5,32.6,32.3,31.1,46.9,46.6,23,34,22.8,27.5,39,41,25,0,0,0,6,6,4,0,26,26,26,36,37,34,34,34,35,45.0,42.34,45.08,42,430,4.3,0,0,0
11.36,248,0.24,0.24,0.24,11.0,11.3,11.5,11.58,-1.7,0.13,0.18,210.3,5.4,163,1,1,558,704,474,0,469,11.3,56.7,401,29.8,31.2,0.0,3.1,1835.1,0,16.48,12.5,34.2,32.2,33.8,33.7,33.5,32.6,32.4,31.2,46.9,46.7,24,34,22.8,27.5,38,39,25,0,0,0,6,6,4,0,26,26,26,36,37,34,34,34,35,45.0,42.33,45.07,42,430,4.3,0,0,0
11.37,248,0.24,0.24,0.24,11.0,11.4,11.8,11.68,-1.5,0.13,0.2,210.2,5.2,168,1,1,565,705,477,-1,475,11.3,59.4,403,31.8,33.3,0.0,3.2,1968.4,0,16.68,12.5,34.5,32.4,33.9,33.9,33.7,32.9,32.6,31.4,46.8,46.7,24,34,22.8,27.5,40,41,25,0,0,0,6,6,4,0,26,26,26,36,37,34,34,34,35,45.0,42.34,45.08,41,430,4.4,0,0,0
10.71,248,0.24,0.24,0.24,10.9,11.4,11.4,10.96,6.3,0.13,0.21,210.5,4.9,165,1,1,514,705,395,0,399,10.6,50.6,356,31.0,34.0,0.0,3.1,1623.5,0,16.16,12.5,34.4,32.2,33.9,33.9,33.6,32.6,32.6,31.3,46.9,46.8,23,34,22.8,27.5,39,41,25,0,0,0,6,6,4,0,26,26,26,36,37,34,34,34,35,45.0,42.34,45.08,42,430,4.3,0,0,0
11.98,88,0.24,0.24,0.24,11.2,10.9,11.3,12.2,-9.3,0.15,0.18,210.2,6.9,165,1,1,606,704,548,1,555,12.0,63.7,440,31.1,32.1,0.0,3.1,2067.6,0,16.83,12.5,34.2,32.2,33.9,33.8,33.5,32.4,32.3,31.2,46.9,46.8,24,34,22.8,27.5,39,41,25,0,0,0,6,6,4,0,26,26,26,36,37,34,34,34,35,45.0,42.34,45.07,42,430,4.3,0,0,0
10.86,248,0.24,0.24,0.24,10.9,11.1,11.3,11.11,-7.0,0.1,0.17,210.4,5.6,168,1,1,525,705,411,1,408,10.8,52.3,362,32.4,33.6,0.0,3.2,1623.5,0,16.16,12.5,34.5,32.4,33.9,33.9,33.6,32.7,32.5,31.4,46.9,46.7,24,34,22.8,27.5,40,41,25,0,0,0,6,6,4,0,26,26,26,36,37,34,34,34,35,45.0,42.34,45.08,42,430,4.3,0,0,0
11.62,240,0.24,0.24,0.24,10.9,11.4,11.9,11.88,0.9,0.14,0.17,210.3,5.1,163,1,1,585,705,506,-1,513,11.6,59.8,420,33.0,34.1,0.1,3.2,2002.5,0,16.73,12.5,34.4,32.3,33.9,33.9,33.5,32.6,32.4,31.1,46.9,46.7,23,34,22.8,27.5,41,43,25,0,0,0,6,6,4,0,26,26,26,36,37,34,34,34,35,45.01,42.34,45.07,42,430,4.3,0,0,0
11.13,248,0.24,0.24,0.24,11.0,11.0,11.3,11.37,-3.0,0.19,0.17,210.1,6.8,166,1,1,544,704,444,-1,443,11.1,54.6,382,28.7,31.4,0.0,3.0,1609.1,0,16.14,12.5,34.3,32.2,33.9,33.8,33.5,32.5,32.4,31.3,46.9,46.7,23,34,22.8,27.5,37,39,25,0,0,0,6,6,4,0,26,26,26,36,37,34,34,34,35,45.0,42.34,45.07,42,430,4.3,0,0,0
10.98,200,0.24,0.24,0.24,11.0,11.1,11.2,11.17,-3.3,0.13,0.18,210.2,4.9,165,1,1,532,704,432,0,428,11.0,55.6,375,32.1,33.3,0.0,3.1,1895.0,0,16.57,12.5,34.3,32.2,33.9,33.9,33.6,32.6,32.4,31.1,46.9,46.8,23,34,22.8,27.5,40,42,25,0,0,0,6,6,4,0,26,26,26,36,37,34,34,34,35,45.01,42.34,45.08,42,430,4.3,0,0,0
11.45,248,0.24,0.24,0.24,11.0,11.3,11.3,11.68,-4.6,0.13,0.17,210.5,6.0,169,1,1,562,705,479,0,481,11.4,58.5,403,32.1,32.8,0.0,3.1,1722.4,0,16.31,12.5,34.5,32.4,34.0,33.9,33.8,32.9,32.6,31.3,46.9,46.7,23,34,22.8,27.5,40,41,25,0,0,0,6,6,4,0,26,26,26,36,37,34,34,34,35,45.0,42.34,45.07,42,430,4.3,0,0,0
11.5,88,0.24,0.24,0.24,11.1,10.9,11.3,11.73,1.0,0.15,0.18,210.0,6.2,163,1,1,570,704,493,1,491,11.5,58.4,410,31.6,34.5,0.0,3.1,2067.6,0,16.83,12.5,34.4,32.3,33.9,33.9,33.6,32.4,32.4,31.3,46.9,46.7,23,34,22.8,27.5,41,42,25,0,0,0,6,6,4,0,26,26,26,36,37,34,34,34,35,45.0,42.34,45.07,42,430,4.3,0,0,0
11.67,88,0.24,0.24,0.24,11.1,11.0,11.3,11.95,2.3,0.19,0.18,210.2,6.7,162,1,1,580,705,512,0,509,11.7,60.9,421,30.1,32.8,0.0,3.1,1657.5,0,16.21,12.5,34.4,32.2,33.9,33.9,33.6,32.7,32.4,31.2,47.0,46.7,23,34,22.8,27.5,39,41,25,0,0,0,6,6,4,0,26,26,26,36,37,34,34,34,35,45.0,42.34,45.07,42,430,4.3,0,0,0
11.84,240,0.24,0.24,0.24,11.1,11.1,11.3,12.09,-5.2,0.06,0.18,210.4,6.3,164,1,1,592,704,530,1,526,11.8,63.0,430,33.0,34.4,0.1,3.2,1836.1,0,16.48,12.5,34.4,32.3,33.9,33.9,33.5,32.6,32.4,31.1,46.9,46.9,24,34,22.8,27.5,41,43,25,0,0,0,6,6,4,0,26,26,26,36,37,34,34,34,35,45.01,42.34,45.08,42,430,4.3,0,0,0
11.31,248,0.24,0.24,0.24,11.0,10.9,11.3,11.52,0.7,0.14,0.18,210.3,6.2,169,1,1,555,705,465,0,468,11.3,56.8,394,32.1,32.6,0.0,3.2,1722.4,0,16.31,12.5,34.5,32.4,33.9,33.9,33.8,32.7,32.7,31.4,46.9,46.7,24,34,22.8,27.5,39,41,25,0,0,0,6,6,4,0,26,26,26,36,37,34,34,34,35,45.0,42.34,45.08,42,430,4.3,0,0,0
11.09,248,0.24,0.24,0.24,11.0,11.4,11.4,11.37,-10.3,0.16,0.18,210.4,6.5,171,1,1,541,706,440,1,442,11.0,54.0,381,31.1,32.8,0.0,3.1,1772.0,0,16.39,12.5,34.5,32.4,34.0,33.9,33.8,32.7,32.7,31.5,46.8,46.6,23,34,22.8,27.5,39,40,25,0,0,0,6,6,4,0,26,26,26,36,37,34,34,34,35,45.01,42.34,45.07,42,430,4.3,0,0,0
11.45,88,0.24,0.24,0.24,11.1,10.9,11.3,11.69,-0.6,0.11,0.18,210.5,5.4,163,1,1,563,704,486,0,489,11.5,59.7,406,31.1,33.8,0.0,3.1,1793.7,0,16.42,12.5,34.4,32.3,33.9,33.9,33.6,32.6,32.5,31.2,46.9,46.9,24,34,22.7,27.5,40,42,25,0,0,0,6,6,4,0,26,26,26,36,37,34,34,34,35,45.0,42.34,45.07,41,430,4.3,0,0,0
12.05,208,0.24,0.24,0.24,11.1,11.4,11.6,12.29,1.8,0.14,0.18,209.9,5.5,163,1,1,604,704,554,1,557,12.0,65.2,445,33.2,34.3,0.1,3.2,1836.1,0,16.48,12.5,34.4,32.3,33.9,33.9,33.6,32.5,32.4,31.2,46.9,46.8,23,34,22.8,27.5,41,43,25,0,0,0,6,6,4,0,26,26,26,36,37,34,34,34,35,45.01,42.34,45.08,42,430,4.3,0,0,0
10.74,248,0.24,0.24,0.24,10.9,10.9,11.4,10.95,-1.9,0.13,0.16,210.3,5.4,165,1,1,521,705,397,1,398,10.8,51.2,356,32.8,34.2,0.1,3.2,1623.5,0,16.16,12.5,34.4,32.4,33.9,33.9,33.6,32.6,32.5,31.4,46.9,46.8,24,34,22.8,27.5,40,42,25,0,0,0,6,6,4,0,26,26,26,36,37,34,34,34,35,45.0,42.34,45.07,42,430,4.3,0,0,0
11.38,248,0.24,0.24,0.24,11.0,11.3,11.4,11.68,1.9,0.13,0.18,210.5,5.3,169,1,1,557,706,469,0,476,11.3,56.6,398,31.7,33.0,0.0,3.2,1722.4,0,16.31,12.5,34.5,32.4,33.9,33.9,33.8,32.7,32.7,31.4,46.9,46.6,24,34,22.8,27.5,39,41,25,0,0,0,6,6,4,0,26,26,26,36,37,34,34,34,35,45.0,42.34,45.08,42,430,4.3,0,0,0
12.04,216,0.24,0.24,0.24,11.1,11.4,11.8,12.28,0.3,0.1,0.17,210.5,5.4,165,1,1,606,704,555,-2,556,12.0,62.9,444,31.4,32.4,0.0,3.1,2067.6,0,16.83,12.5,34.3,32.2,33.8,33.8,33.5,32.4,32.4,31.2,46.9,46.5,24,34,22.8,27.5,40,42,25,0,0,0,6,6,4,0,26,26,26,36,37,34,34,34,35,45.0,42.34,45.08,41,430,4.3,0,0,0
12.01,64,0.24,0.24,0.24,11.2,11.0,11.2,12.21,1.9,0.12,0.18,210.4,6.2,163,1,1,603,704,552,1,552,11.9,65.2,443,33.2,34.3,0.1,3.2,1836.1,0,16.48,12.5,34.4,32.3,33.9,33.9,33.6,32.5,32.4,31.2,46.9,46.8,23,34,22.8,27.5,41,43,25,0,0,0,6,6,4,0,26,26,26,36,37,34,34,34,35,45.01,42.34,45.08,42,430,4.3,0,0,0
11.96,280,0.24,0.24,0.24,11.3,10.9,11.2,12.24,2.1,0.19,0.17,210.8,5.8,163,1,1,603,704,553,0,559,11.9,65.3,444,33.2,34.3,0.1,3.2,1836.1,0,16.48,12.5,34.4,32.3,33.9,33.9,33.6,32.5,32.4,31.2,46.9,46.8,23,34,22.8,27.5,41,43,25,0,0,0,6,6,4,0,26,26,26,36,37,34,34,34,35,45.0,42.34,45.08,42,430,4.3,0,0,0
11.07,248,0.24,0.24,0.24,11.0,10.9,11.3,11.28,-9.0,0.15,0.18,210.3,5.0,171,1,1,533,705,435,0,436,11.1,54.5,378,31.4,33.0,0.0,3.1,1722.4,0,16.31,12.5,34.5,32.4,33.9,33.9,33.8,32.9,32.7,31.4,46.8,46.7,24,34,22.8,27.5,39,41,25,0,0,0,6,6,4,0,26,26,26,36,37,34,34,34,35,45.0,42.34,45.07,42,430,4.3,0,0,0
10.77,248,0.24,0.24,0.24,10.9,11.2,11.2,11.02,-6.4,0.15,0.18,210.4,4.4,168,1,1,520,705,399,0,406,10.7,52.1,357,32.3,33.9,0.0,3.2,1623.5,0,16.16,12.5,34.5,32.4,34.0,33.9,33.6,32.8,32.5,31.4,46.9,46.8,24,34,22.8,27.5,40,41,25,0,0,0,6,6,4,0,26,26,26,36,37,34,34,34,35,45.01,42.34,45.07,42,420,4.3,0,0,0
12.13,72,0.24,0.24,0.24,11.2,11.1,11.3,12.34,3.1,0.14,0.17,210.4,6.0,165,1,1,623,705,574,-2,573,12.2,64.4,454,31.1,32.6,0.0,3.1,2067.6,0,16.83,12.5,34.3,32.2,33.9,33.8,33.5,32.5,32.3,31.2,46.9,46.7,23,34,22.8,27.5,40,42,25,0,0,0,6,6,4,0,26,26,26,36,37,34,34,34,35,45.0,42.33,45.07,42,430,4.3,0,0,0
12.03,144,0.24,0.24,0.24,11.1,11.3,11.6,12.29,3.4,0.08,0.18,210.3,5.6,163,1,1,614,705,563,0,567,12.0,64.4,449,31.4,32.9,0.0,3.1,2067.6,0,16.83,12.5,34.3,32.2,33.8,33.8,33.5,32.4,32.4,31.2,46.9,46.6,23,34,22.8,27.5,40,42,25,0,0,0,6,6,4,0,26,26,26,36,37,34,34,34,35,45.0,42.34,45.07,41,430,4.3,0,0,0
11.38,200,0.24,0.24,0.24,11.0,11.6,11.8,11.59,-9.1,0.19,0.17,210.5,4.3,167,1,1,560,704,475,0,480,11.3,58.5,404,31.6,33.2,0.0,3.2,2067.6,0,16.83,12.5,34.3,32.2,33.8,33.8,33.6,32.4,32.4,31.2,46.9,46.9,24,34,22.8,27.5,40,42,25,0,0,0,6,6,4,0,26,26,26,36,37,34,34,34,35,45.01,42.34,45.07,42,430,4.3,0,0,0
10.84,248,0.24,0.24,0.24,10.9,11.3,11.4,11.06,-11.4,0.13,0.18,210.3,5.1,173,1,1,526,706,409,1,411,10.7,53.6,364,30.9,32.6,0.0,3.1,1786.5,0,16.41,12.5,34.6,32.5,34.1,33.9,33.8,32.6,32.6,31.5,46.8,46.7,24,34,22.8,27.5,39,40,25,0,0,0,6,6,4,0,26,26,26,36,37,34,34,34,35,45.0,42.34,45.07,42,430,4.3,0,0,0
10.94,248,0.24,0.24,0.24,10.9,11.2,11.3,11.13,-9.5,0.14,0.18,210.3,5.2,171,1,1,533,705,419,1,421,10.9,52.6,370,31.6,32.7,0.0,3.1,1772.0,0,16.39,12.5,34.5,32.4,33.9,33.9,33.8,32.7,32.7,31.4,46.8,46.7,24,34,22.8,27.5,39,41,25,0,0,0,6,6,4,0,26,26,26,36,37,34,34,34,35,45.01,42.34,45.08,42,430,4.3,0,0,0
12.3,312,0.24,0.24,0.24,11.2,11.6,12.0,12.5,4.2,0.04,0.18,210.5,5.5,159,1,1,629,704,594,0,591,12.1,67.0,466,32.6,33.6,0.1,3.2,1908.4,0,16.59,12.5,34.4,32.2,33.9,33.9,33.6,32.8,32.4,31.1,46.9,46.9,23,34,22.8,27.5,41,43,25,0,0,0,6,6,4,0,26,26,26,36,37,34,34,34,35,45.0,42.34,45.08,42,430,4.3,0,0,0
10.85,248,0.24,0.24,0.24,10.9,11.4,11.3,11.07,-14.1,0.16,0.17,210.2,4.7,167,1,1,513,704,404,1,405,10.8,51.8,362,32.9,34.5,0.1,3.2,1623.5,0,16.16,12.5,34.4,32.3,33.9,33.9,33.6,32.7,32.6,31.3,46.9,46.7,23,34,22.8,27.5,40,42,25,0,0,0,6,6,4,0,26,26,26,36,37,34,34,34,35,45.0,42.34,45.08,42,430,4.3,0,0,0
10.8,248,0.24,0.24,0.24,10.9,11.4,11.5,11.05,-0.5,0.14,0.18,210.2,5.1,164,1,1,520,704,405,0,403,10.8,52.9,361,29.3,32.3,0.0,3.1,1490.6,0,15.96,12.5,34.4,32.2,33.9,33.9,33.5,32.8,32.4,31.2,46.9,46.7,23,34,22.8,27.5,38,39,25,0,0,0,6,6,4,0,26,26,26,36,37,34,34,34,35,45.0,42.34,45.08,42,430,4.3,0,0,0
11.79,240,0.24,0.24,0.24,11.1,11.0,11.2,12.04,-1.7,0.13,0.17,210.2,5.2,163,1,1,591,704,533,0,531,11.8,64.0,433,32.7,34.1,0.1,3.2,2067.6,0,16.83,12.5,34.4,32.3,33.9,33.9,33.5,32.7,32.3,31.2,46.9,46.6,23,34,22.8,27.5,41,43,25,0,0,0,6,6,4,0,26,26,26,36,37,34,34,34,35,45.0,42.34,45.08,42,430,4.3,0,0,0
11.57,248,0.24,0.24,0.24,11.0,11.5,11.9,11.79,-3.0,0.15,0.18,210.2,5.9,169,1,1,575,705,501,-1,501,11.4,61.4,416,30.0,31.3,0.0,3.1,2067.6,0,16.83,12.5,34.6,32.5,34.1,34.0,33.8,33.0,32.7,31.4,46.8,46.5,23,34,22.8,27.5,38,40,25,0,0,0,6,6,4,0,26,26,26,36,37,34,34,34,35,45.0,42.34,45.08,42,430,4.3,0,0,0
10.89,248,0.24,0.24,0.24,10.9,11.4,11.4,11.17,-1.2,0.16,0.19,210.2,5.1,164,1,1,522,705,412,-1,412,10.8,53.9,366,29.4,31.7,0.0,3.0,1490.6,0,15.96,12.5,34.4,32.2,33.9,33.9,33.5,32.7,32.4,31.2,46.9,46.6,23,34,22.8,27.5,38,39,25,0,0,0,6,6,4,0,26,26,26,36,37,34,34,34,35,45.0,42.34,45.07,42,430,4.3,0,0,0
11.88,80,0.24,0.24,0.24,11.1,11.4,11.6,12.2,-8.8,0.11,0.15,210.5,5.6,164,1,1,600,705,541,0,542,11.8,64.3,437,32.6,33.9,0.1,3.2,2067.6,0,16.83,12.5,34.4,32.2,33.9,33.9,33.5,32.7,32.3,31.1,46.9,46.7,24,34,22.8,27.5,41,43,25,0,0,0,6,6,4,0,26,26,26,36,37,34,34,34,35,45.0,42.34,45.07,42,420,4.3,0,0,0
12.12,168,0.24,0.24,0.24,11.2,11.2,11.5,12.39,9.8,0.21,0.17,210.7,6.5,161,1,1,622,705,570,0,575,12.0,66.6,454,32.7,33.3,0.1,3.2,1908.4,0,16.59,12.5,34.3,32.2,33.9,33.9,33.6,32.8,32.4,31.0,46.9,46.8,23,34,22.8,27.5,40,42,25,0,0,0,6,6,4,0,26,26,26,36,37,34,34,34,35,45.0,42.34,45.07,42,420,4.3,0,0,0
11.1,248,0.24,0.24,0.24,11.0,11.1,11.3,11.33,-4.7,0.13,0.18,210.2,5.4,166,1,1,538,705,440,0,442,11.1,54.5,381,28.5,31.1,0.0,3.1,1766.8,0,16.38,12.5,34.3,32.2,33.9,33.8,33.5,32.5,32.4,31.4,46.9,46.7,24,34,22.8,27.5,37,38,25,0,0,0,6,6,4,0,26,26,26,36,37,34,34,34,35,45.0,42.34,45.07,42,430,4.3,0,0,0
12.15,216,0.24,0.24,0.24,11.1,11.4,11.9,12.45,2.5,0.14,0.18,210.2,6.2,165,1,1,622,705,576,-2,574,12.1,65.2,456,31.1,32.6,0.0,3.1,2067.6,0,16.83,12.5,34.3,32.2,33.9,33.8,33.5,32.5,32.3,31.2,46.9,46.7,23,34,22.8,27.5,40,42,25,0,0,0,6,6,4,0,26,26,26,36,37,34,34,34,35,45.0,42.34,45.07,42,430,4.3,0,0,0
10.61,248,0.24,0.24,0.24,10.9,11.3,11.3,10.86,-5.3,0.14,0.18,210.4,5.9,164,1,1,512,704,385,0,390,10.6,49.9,349,29.9,32.8,0.0,3.1,1490.6,0,15.96,12.5,34.4,32.2,33.9,33.9,33.6,32.6,32.5,31.3,46.9,46.6,24,34,22.8,27.5,38,39,25,0,0,0,6,6,4,0,26,26,26,36,37,34,34,34,35,45.0,42.34,45.07,41,420,4.3,0,0,0
10.94,248,0.24,0.24,0.24,10.9,11.1,11.1,11.12,0.6,0.13,0.18,210.5,6.3,165,1,1,530,705,423,1,422,10.9,53.5,371,29.5,30.6,0.0,3.1,1766.8,0,16.38,12.5,34.3,32.2,33.8,33.7,33.5,32.4,32.5,31.3,46.9,46.7,24,34,22.8,27.5,37,39,25,0,0,0,6,6,4,0,26,26,26,36,37,34,34,34,35,45.0,42.34,45.08,42,430,4.3,0,0,0
12.07,0,0.24,0.24,0.24,11.1,11.5,12.0,12.28,0.8,0.16,0.2,210.6,6.0,164,1,1,612,705,566,0,573,11.9,64.9,451,31.4,32.3,0.0,3.1,2067.6,0,16.83,12.5,34.3,32.2,33.8,33.8,33.5,32.4,32.4,31.2,46.9,46.6,24,34,22.8,27.5,40,42,25,0,0,0,6,6,4,0,26,26,26,36,37,34,34,34,35,45.0,42.34,45.07,42,430,4.3,0,0,0
11.43,248,0.24,0.24,0.24,11.0,11.4,11.8,11.72,-10.2,0.12,0.19,210.1,5.0,170,1,1,568,705,483,1,492,11.3,58.0,407,31.9,33.0,0.0,3.2,1722.4,0,16.31,12.5,34.5,32.4,34.0,33.9,33.7,32.9,32.6,31.3,46.9,46.7,23,34,22.8,27.5,40,41,25,0,0,0,6,6,4,0,26,26,26,36,37,34,34,34,35,45.0,42.34,45.08,42,430,4.3,0,0,0
11.04,248,0.24,0.24,0.24,10.9,11.1,11.3,11.27,-1.8,0.11,0.17,210.5,4.9,171,1,1,532,706,431,0,430,11.0,54.8,375,31.1,32.4,0.0,3.1,1786.5,0,16.41,12.5,34.5,32.5,34.0,33.9,33.8,32.8,32.6,31.4,46.8,46.7,24,34,22.8,27.5,39,40,25,0,0,0,6,6,4,0,26,26,26,36,37,34,34,34,35,45.0,42.34,45.08,42,430,4.3,0,0,0
10.77,248,0.24,0.24,0.24,10.9,11.4,11.4,10.97,0.6,0.16,0.17,210.2,5.8,164,1,1,517,704,398,0,402,10.7,51.4,359,33.2,33.9,0.1,3.2,1623.5,0,16.16,12.5,34.4,32.3,33.9,33.9,33.6,32.6,32.5,31.4,46.9,46.7,23,34,22.8,27.5,40,42,25,0,0,0,6,6,4,0,26,26,26,36,37,34,34,34,35,45.0,42.34,45.07,41,430,4.3,0,0,0
10.85,248,0.24,0.24,0.24,11.0,11.0,11.3,11.06,5.0,0.13,0.17,210.1,5.0,165,1,1,529,705,415,0,424,10.9,52.3,366,33.1,33.9,0.1,3.2,1617.3,0,16.15,12.5,34.4,32.4,33.9,33.9,33.6,32.5,32.6,31.4,46.9,46.7,24,34,22.8,27.5,40,42,25,0,0,0,6,6,4,0,26,26,26,36,37,34,34,34,35,45.0,42.34,45.08,42,430,4.3,0,0,0
10.75,248,0.24,0.24,0.24,10.9,11.1,11.2,10.97,-16.4,0.15,0.17,210.4,5.4,173,1,1,519,705,403,1,404,10.7,53.1,359,30.6,32.6,0.0,3.1,1786.5,0,16.41,12.5,34.6,32.5,34.1,33.9,33.8,32.7,32.6,31.4,46.8,46.7,23,34,22.8,27.5,39,40,25,0,0,0,6,6,4,0,26,26,26,36,37,34,34,34,35,45.0,42.34,45.08,42,430,4.3,0,0,0
10.68,248,0.24,0.24,0.24,10.9,10.9,11.3,10.96,-13.6,0.15,0.17,211.0,5.1,169,1,1,519,706,393,0,396,10.7,52.2,353,32.9,33.2,0.0,3.2,1821.6,0,16.46,12.5,34.5,32.4,34.0,33.9,33.6,32.9,32.5,31.3,46.8,46.8,23,34,22.8,27.5,40,41,25,0,0,0,6,6,4,0,26,26,26,36,37,34,34,34,35,45.01,42.34,45.08,42,420,4.3,0,0,0
11.32,88,0.24,0.24,0.24,11.0,11.2,11.4,11.53,3.4,0.12,0.19,210.5,4.9,162,1,1,558,705,463,1,468,11.3,56.6,394,30.7,33.5,0.0,3.1,1793.7,0,16.42,12.5,34.4,32.3,33.9,33.9,33.6,32.6,32.5,31.2,46.9,46.9,23,34,22.7,27.5,40,41,25,0,0,0,6,6,4,0,26,26,26,36,37,34,34,34,35,45.01,42.34,45.08,41,430,4.3,0,0,0
10.87,248,0.24,0.24,0.24,11.0,11.1,11.2,11.06,-1.6,0.15,0.18,210.3,5.6,165,1,1,525,705,418,1,416,10.9,54.4,369,28.3,30.7,0.0,3.1,1766.8,0,16.38,12.5,34.3,32.2,33.8,33.7,33.5,32.3,32.5,31.4,46.9,46.6,23,34,22.8,27.5,37,38,25,0,0,0,6,6,4,0,26,26,26,36,37,34,34,34,35,45.01,42.34,45.08,42,430,4.3,0,0,0
10.72,248,0.24,0.24,0.24,10.9,11.3,11.2,10.97,-1.4,0.18,0.2,210.4,5.9,165,1,1,518,704,401,1,397,10.7,51.1,359,33.1,34.2,0.1,3.2,1623.5,0,16.16,12.5,34.4,32.4,33.9,33.9,33.6,32.6,32.6,31.4,46.9,46.7,24,34,22.8,27.5,40,42,25,0,0,0,6,6,4,0,26,26,26,36,37,34,34,34,35,45.0,42.34,45.07,42,430,4.3,0,0,0
11.18,248,0.24,0.24,0.24,11.0,11.4,11.4,11.38,-2.3,0.16,0.18,209.9,6.5,166,1,1,544,704,449,-1,446,11.2,57.1,387,28.8,31.1,0.0,3.0,1609.1,0,16.14,12.5,34.3,32.2,33.9,33.8,33.5,32.5,32.4,31.3,46.9,46.7,23,34,22.8,27.5,37,39,25,0,0,0,6,6,4,0,26,26,26,36,37,34,34,34,35,45.01,42.34,45.07,42,430,4.3,0,0,0
10.89,248,0.24,0.24,0.24,10.9,11.3,11.3,11.18,5.1,0.14,0.18,210.2,3.9,163,1,1,532,705,417,0,415,10.8,54.5,369,29.7,30.5,0.0,3.1,1690.4,0,16.26,12.5,34.2,32.2,33.8,33.7,33.5,32.4,32.4,31.3,46.9,46.7,24,34,22.8,27.5,37,39,25,0,0,0,6,6,4,0,26,26,26,36,37,34,34,34,35,45.0,42.34,45.08,42,430,4.3,0,0,0
11.61,248,0.24,0.24,0.24,11.1,11.4,11.6,11.89,2.8,0.18,0.18,210.3,5.6,162,1,1,579,705,503,0,508,11.6,61.2,416,29.9,31.5,0.0,3.1,1957.0,0,16.66,12.5,34.2,32.1,33.8,33.8,33.5,32.7,32.5,31.2,46.9,46.8,23,34,22.8,27.5,38,40,25,0,0,0,6,6,4,0,26,26,26,36,37,34,34,34,35,45.01,42.34,45.07,41,430,4.3,0,0,0
11.03,248,0.24,0.24,0.24,11.0,10.9,11.3,11.27,-2.3,0.18,0.17,210.6,4.5,169,1,1,539,706,436,0,437,11.0,54.7,377,30.2,32.1,0.0,3.1,2067.6,0,16.83,12.5,34.6,32.5,34.1,34.0,33.8,32.9,32.6,31.3,46.8,46.7,23,34,22.8,27.5,38,40,25,0,0,0,6,6,4,0,26,26,26,36,37,34,34,34,35,45.0,42.34,45.08,42,430,4.3,0,0,0
10.81,248,0.24,0.24,0.24,10.9,10.9,11.3,11.01,-5.2,0.15,0.18,210.2,5.3,165,1,1,532,706,407,-1,410,10.8,52.4,361,29.4,32.0,0.0,3.1,1490.6,0,15.96,12.5,34.4,32.2,33.9,33.9,33.5,32.8,32.4,31.2,46.9,46.7,24,34,22.8,27.5,38,39,25,0,0,0,6,6,4,0,26,26,26,36,37,34,34,34,35,45.0,42.34,45.08,42,430,4.3,0,0,0
12.05,88,0.24,0.24,0.24,11.2,11.1,11.3,12.29,-8.7,0.19,0.18,210.0,6.7,167,1,1,616,705,564,0,569,12.1,65.8,449,31.0,32.3,0.0,3.1,2067.6,0,16.83,12.5,34.3,32.2,33.9,33.8,33.5,32.7,32.4,31.0,46.9,46.8,24,34,22.8,27.5,39,41,25,0,0,0,6,6,4,0,26,26,26,36,37,34,34,34,35,45.0,42.34,45.08,41,430,4.3,0,0,0
11.77,200,0.24,0.24,0.24,11.1,11.3,11.4,12.02,7.6,0.14,0.17,210.3,5.3,163,1,1,588,705,521,0,523,11.7,61.1,425,32.4,33.4,0.0,3.2,1895.0,0,16.57,12.5,34.3,32.2,33.9,33.9,33.6,32.7,32.5,31.0,46.9,46.7,23,34,22.8,27.5,40,42,25,0,0,0,6,6,4,0,26,26,26,36,37,34,34,34,35,45.01,42.34,45.07,42,430,4.3,0,0,0
11.19,248,0.24,0.24,0.24,10.9,11.3,11.4,11.4,6.2,0.17,0.18,210.5,4.3,166,1,1,548,705,457,-1,461,11.2,56.7,392,32.2,33.1,0.0,3.2,1968.4,0,16.68,12.5,34.5,32.4,34.0,33.9,33.7,32.9,32.6,31.3,46.8,46.7,23,34,22.8,27.5,40,41,25,0,0,0,6,6,4,0,26,26,26,36,37,34,34,34,35,45.0,42.34,45.08,41,430,4.3,0,0,0
10.49,248,0.24,0.24,0.24,10.9,10.9,11.4,10.75,1.7,0.16,0.18,210.4,4.7,164,1,1,506,704,374,0,372,10.5,48.5,341,30.1,33.1,0.0,3.1,1623.5,0,16.16,12.5,34.4,32.2,33.9,33.9,33.6,32.7,32.5,31.3,46.9,46.8,23,34,22.8,27.5,38,40,25,0,0,0,6,6,4,0,26,26,26,36,37,34,34,34,35,45.01,42.33,45.07,42,430,4.3,0,0,0
10.87,248,0.24,0.24,0.24,10.9,10.9,11.4,11.12,-9.2,0.16,0.18,210.5,4.8,169,1,1,527,704,414,2,421,10.8,54.3,366,32.7,33.7,0.1,3.2,1623.5,0,16.16,12.5,34.5,32.4,33.9,33.9,33.6,32.6,32.5,31.4,46.9,46.7,23,34,22.8,27.5,40,41,25,0,0,0,6,6,4,0,26,26,26,36,37,34,34,34,35,45.0,42.34,45.08,42,430,4.3,0,0,0
11.68,88,0.24,0.24,0.24,11.1,11.6,11.9,11.89,0.4,0.16,0.18,210.4,5.1,164,1,1,583,704,513,0,517,11.6,60.9,425,32.5,34.5,0.0,3.1,2067.6,0,16.83,12.5,34.4,32.3,33.9,33.9,33.6,32.4,32.5,31.2,47.0,46.6,23,34,22.8,27.5,41,43,25,0,0,0,6,6,4,0,26,26,26,36,37,34,34,34,35,45.0,42.34,45.07,42,420,4.3,0,0,0
11.03,248,0.24,0.24,0.24,10.9,11.2,11.4,11.27,-2.2,0.13,0.18,210.4,5.5,166,1,1,537,704,435,0,433,11.0,56.3,379,28.3,31.0,0.0,3.1,1766.8,0,16.38,12.5,34.3,32.2,33.9,33.7,33.5,32.5,32.4,31.3,46.9,46.7,23,34,22.8,27.5,37,38,25,0,0,0,6,6,4,0,26,26,26,36,37,34,34,34,35,45.0,42.34,45.08,42,420,4.3,0,0,0
10.86,248,0.24,0.24,0.24,10.9,11.3,11.1,11.06,-12.7,0.11,0.18,210.7,4.8,168,1,1,526,705,411,1,416,10.8,53.5,364,33.0,34.7,0.0,3.2,1623.5,0,16.16,12.5,34.4,32.3,33.9,33.9,33.7,32.5,32.6,31.4,46.9,46.7,23,34,22.8,27.5,41,42,25,0,0,0,6,6,4,0,26,26,26,36,37,34,34,34,35,45.01,42.34,45.07,42,430,4.3,0,0,0
11.84,248,0.24,0.24,0.24,11.1,11.1,11.1,12.04,-0.6,0.13,0.17,210.4,6.1,163,1,1,592,704,532,1,535,11.9,61.6,430,30.4,31.6,0.0,3.1,1957.0,0,16.66,12.5,34.2,32.2,33.8,33.8,33.5,32.5,32.4,31.2,46.9,46.7,23,34,22.8,27.5,38,40,25,0,0,0,6,6,4,0,26,26,26,36,37,34,34,34,35,45.0,42.34,45.08,41,430,4.3,0,0,0
11.89,208,0.24,0.24,0.24,11.1,11.4,11.8,12.21,-6.1,0.1,0.18,210.4,6.1,164,1,1,601,705,547,0,554,11.9,64.5,441,32.6,34.0,0.1,3.2,2067.6,0,16.83,12.5,34.4,32.2,33.9,33.9,33.5,32.7,32.3,31.1,46.9,46.7,23,34,22.8,27.5,41,43,25,0,0,0,6,6,4,0,26,26,26,36,37,34,34,34,35,45.0,42.34,45.08,42,430,4.3,0,0,0
10.66,248,0.24,0.24,0.24,10.9,11.1,11.3,10.86,-4.2,0.14,0.18,210.4,5.1,164,1,1,509,704,389,1,385,10.5,49.7,350,30.1,32.3,0.0,3.1,1490.6,0,15.96,12.5,34.4,32.2,33.9,33.9,33.5,32.6,32.5,31.3,46.9,46.6,23,34,22.8,27.5,38,39,25,0,0,0,6,6,4,0,26,26,26,36,37,34,34,34,35,45.0,42.34,45.08,42,430,4.2,0,0,0
12.07,16,0.24,0.24,0.24,11.1,11.4,12.0,12.38,-7.9,0.15,0.18,210.4,6.4,166,1,1,616,705,567,0,576,12.1,65.7,452,30.7,32.6,0.0,3.1,2067.6,0,16.83,12.5,34.3,32.2,33.9,33.8,33.5,32.6,32.3,31.1,46.9,46.9,23,34,22.8,27.5,39,41,25,0,0,0,6,6,4,0,26,26,26,36,37,34,34,34,35,45.0,42.34,45.07,42,430,4.3,0,0,0
10.98,248,0.24,0.24,0.24,10.9,11.3,11.3,11.27,-4.3,0.18,0.18,210.2,5.6,170,1,1,530,705,430,1,430,11.0,54.6,377,30.6,32.0,0.0,3.1,1854.7,0,16.51,12.5,34.6,32.5,34.1,34.0,33.8,32.7,32.5,31.5,46.8,46.6,23,34,22.8,27.5,39,40,25,0,0,0,6,6,4,0,26,26,26,36,37,34,34,34,35,45.0,42.34,45.07,42,430,4.3,0,0,0
11.11,248,0.24,0.24,0.24,11.0,10.9,11.3,11.32,-2.8,0.14,0.18,210.2,5.2,166,1,1,545,705,444,-1,444,11.1,54.5,382,28.5,31.3,0.0,3.0,1609.1,0,16.14,12.5,34.3,32.2,33.9,33.8,33.5,32.5,32.4,31.4,46.9,46.7,23,34,22.8,27.5,37,38,25,0,0,0,6,6,4,0,26,26,26,36,37,34,34,34,35,45.0,42.34,45.07,42,430,4.3,0,0,0
10.95,248,0.24,0.24,0.24,10.9,11.3,11.4,11.19,0.8,0.13,0.18,210.1,5.6,165,1,1,533,706,423,0,428,11.0,53.1,372,29.2,30.5,0.0,3.1,1766.8,0,16.38,12.5,34.3,32.2,33.8,33.7,33.5,32.4,32.5,31.3,46.9,46.7,23,34,22.8,27.5,37,38,25,0,0,0,6,6,4,0,26,26,26,36,37,34,34,34,35,45.0,42.34,45.07,42,420,4.3,0,0,0
11.31,248,0.24,0.24,0.24,11.0,10.9,11.2,11.59,-9.2,0.14,0.18,210.2,5.0,170,1,1,555,705,468,0,463,11.2,57.6,398,30.2,31.7,0.0,3.1,2067.6,0,16.83,12.5,34.6,32.5,34.1,34.1,33.8,33.0,32.6,31.4,46.8,46.6,24,34,22.8,27.5,38,40,25,0,0,0,6,6,4,0,26,26,26,36,37,34,34,34,35,45.0,42.34,45.07,42,420,4.4,0,0,0
10.71,248,0.24,0.24,0.24,10.9,10.9,11.4,10.91,-9.6,0.14,0.18,210.4,4.6,169,1,1,515,705,395,-1,397,10.7,50.8,354,32.8,33.3,0.0,3.1,1821.6,0,16.46,12.5,34.5,32.4,34.0,33.9,33.6,32.8,32.5,31.4,46.8,46.8,24,34,22.8,27.5,40,41,25,0,0,0,6,6,4,0,26,26,26,36,37,34,34,34,35,45.01,42.34,45.07,42,430,4.3,0,0,0
10.79,248,0.24,0.24,0.24,10.9,11.1,11.2,10.97,-3.8,0.14,0.18,210.5,5.8,164,1,1,522,705,405,-1,406,10.7,51.6,361,29.5,32.1,0.0,3.1,1490.6,0,15.96,12.5,34.4,32.2,33.9,33.9,33.5,32.8,32.4,31.2,46.9,46.7,24,34,22.8,27.5,38,39,25,0,0,0,6,6,4,0,26,26,26,36,37,34,34,34,35,45.0,42.34,45.08,42,420,4.3,0,0,0
11.04,248,0.24,0.24,0.24,11.0,11.0,11.2,11.27,-4.4,0.17,0.18,210.6,5.0,171,1,1,536,705,436,1,440,11.0,56.0,378,31.4,32.4,0.0,3.1,1772.0,0,16.39,12.5,34.5,32.5,34.0,33.9,33.8,32.7,32.6,31.4,46.8,46.7,23,34,22.8,27.5,39,40,25,0,0,0,6,6,4,0,26,26,26,36,37,34,34,34,35,45.0,42.34,45.08,41,430,4.3,0,0,0
10.8,248,0.24,0.24,0.24,11.0,11.3,11.4,11.02,-12.6,0.19,0.2,210.1,4.5,169,1,1,524,705,408,0,404,10.8,53.3,363,32.6,34.2,0.0,3.2,1673.9,0,16.24,12.5,34.4,32.3,33.9,33.9,33.6,32.6,32.6,31.3,46.9,46.6,23,34,22.8,27.5,41,42,25,0,0,0,6,6,4,0,26,26,26,36,37,34,34,34,35,45.0,42.34,45.08,42,430,4.3,0,0,0
11.21,200,0.24,0.24,0.24,11.0,11.1,11.2,11.37,2.8,0.18,0.18,210.4,4.4,165,1,1,555,705,462,0,471,11.3,58.1,394,31.6,33.5,0.0,3.1,2067.6,0,16.83,12.5,34.3,32.2,33.8,33.8,33.6,32.5,32.4,31.1,46.9,46.8,23,34,22.8,27.5,40,42,25,0,0,0,6,6,4,0,26,26,26,36,37,34,34,34,35,45.01,42.34,45.07,41,430,4.3,0,0,0
11.22,248,0.24,0.24,0.24,11.0,11.4,11.4,11.44,3.4,0.18,0.18,210.2,6.4,162,1,1,547,705,447,1,451,11.1,55.6,385,30.1,31.1,0.0,3.1,1690.4,0,16.26,12.5,34.2,32.2,33.8,33.8,33.5,32.4,32.5,31.3,46.9,46.7,23,34,22.8,27.5,37,39,25,0,0,0,6,6,4,0,26,26,26,36,37,34,34,34,35,45.0,42.34,45.08,42,430,4.3,0,0,0
10.91,248,0.24,0.24,0.24,11.0,11.3,11.2,11.16,-4.6,0.13,0.16,210.3,4.5,168,1,1,526,705,416,0,416,10.9,53.6,367,32.8,33.6,0.0,3.2,1623.5,0,16.16,12.5,34.5,32.4,33.9,33.9,33.6,32.5,32.6,31.4,46.9,46.7,24,34,22.8,27.5,40,41,25,0,0,0,6,6,4,0,26,26,26,36,37,34,34,34,35,45.0,42.34,45.08,41,430,4.3,0,0,0
11.78,248,0.24,0.24,0.24,11.1,11.4,11.6,12.06,-3.8,0.13,0.18,210.4,5.3,164,1,1,582,704,520,1,531,11.8,62.9,427,30.3,31.3,0.0,3.1,1957.0,0,16.66,12.5,34.2,32.2,33.8,33.8,33.5,32.6,32.5,31.1,46.9,46.8,23,34,22.8,27.5,38,40,25,0,0,0,6,6,4,0,26,26,26,36,37,34,34,34,35,45.01,42.33,45.07,42,420,4.3,0,0,0
11.28,248,0.24,0.24,0.24,11.0,11.0,11.3,11.47,0.3,0.13,0.18,210.4,6.3,168,1,1,550,704,461,0,457,11.2,58.0,394,32.0,33.2,0.0,3.2,1968.4,0,16.68,12.5,34.5,32.4,34.0,33.9,33.7,32.9,32.6,31.4,46.8,46.7,23,34,22.8,27.5,40,41,25,0,0,0,6,6,4,0,26,26,26,36,37,34,34,34,35,45.0,42.34,45.08,42,420,4.3,0,0,0
10.96,248,0.24,0.24,0.24,10.9,11.3,11.4,11.22,5.8,0.16,0.18,210.3,4.9,163,1,1,533,705,425,0,424,11.0,53.9,373,29.6,30.9,0.0,3.1,1690.4,0,16.26,12.5,34.2,32.2,33.8,33.7,33.5,32.4,32.5,31.3,46.9,46.7,24,34,22.8,27.5,37,39,25,0,0,0,6,6,4,0,26,26,26,36,37,34,34,34,35,45.0,42.34,45.08,41,430,4.3,0,0,0
10.67,248,0.24,0.24,0.24,10.9,11.1,11.2,10.93,1.8,0.11,0.18,210.2,5.3,166,1,1,512,705,390,0,388,10.6,50.9,351,30.9,33.5,0.0,3.1,1623.5,0,16.16,12.5,34.4,32.2,33.9,33.9,33.6,32.6,32.5,31.4,46.9,46.7,23,34,22.8,27.5,39,41,25,0,0,0,6,6,4,0,26,26,26,36,37,34,34,34,35,45.0,42.34,45.08,42,430,4.3,0,0,0
11.54,248,0.24,0.24,0.24,11.0,11.1,11.3,11.85,-1.0,0.13,0.19,210.4,6.1,163,1,1,571,704,498,1,498,11.5,60.9,414,30.1,31.5,0.0,3.1,1835.1,0,16.48,12.5,34.2,32.1,33.7,33.8,33.5,32.6,32.5,31.2,46.9,46.8,23,34,22.8,27.5,38,40,25,0,0,0,6,6,4,0,26,26,26,36,37,34,34,34,35,45.01,42.34,45.07,42,420,4.3,0,0,0
11.99,120,0.24,0.24,0.24,11.1,11.4,11.8,12.2,-6.7,0.14,0.18,210.1,4.8,163,1,1,611,705,557,-1,564,12.0,63.2,446,30.9,32.0,0.0,3.1,2067.6,0,16.83,12.5,34.2,32.2,33.9,33.8,33.4,32.7,32.3,31.1,46.9,46.6,24,34,22.8,27.5,39,41,25,0,0,0,6,6,4,0,26,26,26,36,37,34,34,34,35,45.0,42.34,45.08,42,430,4.3,0,0,0
10.9,248,0.24,0.24,0.24,10.9,11.2,11.3,11.17,2.2,0.15,0.17,210.5,4.5,166,1,1,524,704,419,1,418,10.9,52.6,370,33.0,33.9,0.1,3.2,1617.3,0,16.15,12.5,34.4,32.4,33.9,33.9,33.6,32.5,32.6,31.4,46.9,46.7,24,34,22.8,27.5,40,42,25,0,0,0,6,6,4,0,26,26,26,36,37,34,34,34,35,45.0,42.34,45.08,42,430,4.3,0,0,0
11.55,248,0.24,0.24,0.24,11.1,11.1,11.3,11.78,-7.3,0.14,0.2,210.2,5.7,170,1,1,573,705,496,-2,493,11.5,61.0,413,29.8,31.7,0.0,3.1,2067.6,0,16.83,12.5,34.6,32.5,34.1,34.0,33.8,32.9,32.7,31.4,46.8,46.5,24,34,22.8,27.5,38,40,25,0,0,0,6,6,4,0,26,26,26,36,37,34,34,34,35,45.0,42.34,45.08,41,430,4.3,0,0,0
11.17,248,0.24,0.24,0.24,11.0,11.2,11.4,11.37,-4.6,0.1,0.18,210.4,6.1,166,1,1,542,704,445,0,443,11.2,55.9,384,28.7,31.3,0.0,3.0,1609.1,0,16.14,12.5,34.3,32.2,33.9,33.8,33.5,32.5,32.4,31.3,46.9,46.6,23,34,22.8,27.5,37,39,25,0,0,0,6,6,4,0,26,26,26,36,37,34,34,34,35,45.0,42.34,45.07,42,430,4.3,0,0,0
10.75,248,0.24,0.24,0.24,10.9,11.4,11.5,11.05,0.8,0.09,0.18,209.9,5.3,164,1,1,522,705,402,0,405,10.7,52.8,360,33.3,34.0,0.1,3.2,1623.5,0,16.16,12.5,34.4,32.4,33.9,33.9,33.6,32.6,32.6,31.4,46.9,46.7,24,34,22.8,27.5,40,42,25,0,0,0,6,6,4,0,26,26,26,36,37,34,34,34,35,45.0,42.34,45.08,42,420,4.3,0,0,0
11.79,248,0.24,0.24,0.24,11.1,11.3,11.6,11.99,-1.9,0.11,0.18,210.4,5.9,163,1,1,594,705,533,0,539,11.8,62.1,432,30.3,31.8,0.0,3.1,1957.0,0,16.66,12.5,34.2,32.2,33.8,33.8,33.5,32.5,32.5,31.2,46.9,46.8,23,34,22.8,27.5,38,40,25,0,0,0,6,6,4,0,26,26,26,36,37,34,34,34,35,45.0,42.33,45.08,42,430,4.3,0,0,0
11.93,24,0.24,0.24,0.24,11.2,11.1,11.3,12.2,-4.2,0.14,0.2,210.6,6.1,164,1,1,597,705,548,1,553,11.8,65.1,442,31.5,33.0,0.0,3.2,2067.6,0,16.83,12.5,34.3,32.2,33.9,33.8,33.6,32.3,32.4,31.3,46.9,46.7,23,34,22.8,27.5,40,42,25,0,0,0,6,6,4,0,26,26,26,36,37,34,34,34,35,45.0,42.34,45.08,41,430,4.4,0,0,0
11.43,248,0.24,0.24,0.24,11.1,10.9,11.2,11.67,4.0,0.14,0.17,210.1,4.9,162,1,1,566,705,479,0,479,11.4,58.2,403,29.8,31.6,0.0,3.1,1835.1,0,16.48,12.5,34.2,32.1,33.7,33.7,33.5,32.5,32.5,31.3,46.9,46.7,23,34,22.8,27.5,38,39,25,0,0,0,6,6,4,0,26,26,26,36,37,34,34,34,35,45.0,42.34,45.08,42,430,4.3,0,0,0
11.33,200,0.24,0.24,0.24,11.0,11.1,11.1,11.47,6.5,0.16,0.18,210.7,5.5,163,1,1,555,704,465,0,472,11.4,58.0,395,32.1,33.5,0.0,3.1,1895.0,0,16.57,12.5,34.3,32.2,33.9,33.9,33.6,32.7,32.5,31.0,46.9,46.7,23,34,22.8,27.5,40,42,25,0,0,0,6,6,4,0,26,26,26,36,37,34,34,34,35,45.0,42.34,45.07,41,430,4.3,0,0,0
11.57,88,0.24,0.24,0.24,11.1,11.0,11.2,11.78,-0.2,0.13,0.18,210.1,5.3,162,1,1,574,704,494,0,493,11.6,58.7,411,30.4,32.9,0.0,3.1,1657.5,0,16.21,12.5,34.4,32.2,33.9,33.9,33.6,32.8,32.4,31.1,47.0,46.7,24,34,22.8,27.5,39,41,25,0,0,0,6,6,4,0,26,26,26,36,37,34,34,34,35,45.01,42.34,45.08,41,420,4.4,0,0,0
10.98,248,0.24,0.24,0.24,10.9,11.4,11.4,11.25,1.0,0.13,0.19,210.3,5.4,169,1,1,528,705,425,1,428,11.0,53.8,374,31.5,32.6,0.0,3.1,1772.0,0,16.39,12.5,34.5,32.4,33.9,33.9,33.8,32.7,32.7,31.4,46.8,46.6,23,34,22.8,27.5,39,40,25,0,0,0,6,6,4,0,26,26,26,36,37,34,34,34,35,45.0,42.34,45.07,41,430,4.3,0,0,0
11.03,248,0.24,0.24,0.24,11.0,11.1,11.3,11.28,-1.9,0.13,0.19,210.3,5.1,169,1,1,530,705,432,0,438,11.0,54.4,376,30.4,31.7,0.0,3.1,1854.7,0,16.51,12.5,34.6,32.5,34.1,34.0,33.8,32.9,32.6,31.4,46.8,46.7,23,34,22.8,27.5,38,40,25,0,0,0,6,6,4,0,26,26,26,36,37,34,34,34,35,45.0,42.34,45.08,42,430,4.4,0,0,0
11.68,88,0.24,0.24,0.24,11.1,11.1,11.2,12.01,-2.7,0.18,0.18,210.4,5.1,164,1,1,584,704,518,1,522,11.7,61.0,424,32.6,34.5,0.0,3.1,2067.6,0,16.83,12.5,34.4,32.3,33.9,33.9,33.6,32.5,32.5,31.1,47.0,46.6,24,34,22.8,27.5,42,44,25,0,0,0,6,6,4,0,26,26,26,36,37,34,34,34,35,45.0,42.34,45.07,42,430,4.3,0,0,0
10.77,248,0.24,0.24,0.24,10.9,11.3,11.5,10.97,-7.4,0.09,0.17,210.4,5.2,168,1,1,521,705,406,-1,403,10.7,53.7,362,32.6,34.4,0.0,3.2,1673.9,0,16.24,12.5,34.4,32.3,33.9,33.9,33.6,32.7,32.6,31.3,46.9,46.7,23,34,22.8,27.5,41,42,25,0,0,0,6,6,4,0,26,26,26,36,37,34,34,34,35,45.0,42.34,45.08,42,430,4.3,0,0,0
11.49,200,0.24,0.24,0.24,11.1,11.0,11.2,11.79,-11.2,0.16,0.18,210.4,5.2,166,1,1,573,704,497,1,498,11.5,61.5,415,31.5,33.2,0.0,3.1,2067.6,0,16.83,12.5,34.3,32.2,33.9,33.8,33.6,32.4,32.5,31.2,46.9,46.9,23,34,22.8,27.5,40,42,25,0,0,0,6,6,4,0,26,26,26,36,37,34,34,34,35,45.0,42.33,45.08,42,430,4.3,0,0,0
12.24,24,0.24,0.24,0.24,11.3,11.0,11.1,12.51,8.3,0.07,0.18,210.6,4.8,159,1,1,631,705,590,1,584,12.2,66.1,464,32.5,33.6,0.0,3.2,1908.4,0,16.59,12.5,34.3,32.2,33.9,33.9,33.6,32.8,32.4,31.2,46.9,46.9,23,34,22.8,27.5,41,43,25,0,0,0,6,6,4,0,26,26,26,36,37,34,34,34,35,45.0,42.34,45.07,41,430,4.3,0,0,0
11.13,248,0.24,0.24,0.24,11.0,11.3,11.5,11.33,6.4,0.15,0.18,210.2,5.8,165,1,1,540,705,441,2,445,11.1,54.4,384,32.5,32.9,0.0,3.2,1968.4,0,16.68,12.5,34.5,32.4,33.9,33.9,33.7,32.8,32.6,31.3,46.8,46.7,24,34,22.8,27.5,40,41,25,0,0,0,6,6,4,0,26,26,26,36,37,34,34,34,35,45.01,42.34,45.08,42,420,4.3,0,0,0
11.01,248,0.24,0.24,0.24,11.0,11.3,11.3,11.26,1.8,0.14,0.17,210.4,5.1,166,1,1,533,705,428,0,429,11.0,53.0,374,32.8,34.1,0.1,3.2,1617.3,0,16.15,12.5,34.5,32.4,33.9,33.9,33.6,32.5,32.6,31.4,46.9,46.7,24,34,22.8,27.5,40,42,25,0,0,0,6,6,4,0,26,26,26,36,37,34,34,34,35,45.0,42.34,45.08,42,430,4.3,0,0,0
11.92,240,0.24,0.24,0.24,11.1,11.5,11.6,12.16,-3.9,0.21,0.17,210.7,5.3,164,1,1,598,704,537,1,530,11.8,63.6,435,32.9,34.6,0.1,3.2,1836.1,0,16.48,12.5,34.4,32.3,33.9,33.9,33.6,32.6,32.4,31.2,46.9,46.9,23,34,22.8,27.5,41,43,25,0,0,0,6,6,4,0,26,26,26,36,37,34,34,34,35,45.0,42.34,45.08,42,430,4.3,0,0,0
11.72,248,0.24,0.24,0.24,11.1,11.1,11.3,11.99,-6.9,0.13,0.17,210.6,4.8,164,1,1,583,704,518,1,517,11.8,62.1,424,30.3,31.4,0.0,3.1,1957.0,0,16.66,12.5,34.2,32.1,33.8,33.8,33.5,32.6,32.5,31.1,46.9,46.8,23,34,22.8,27.5,38,40,25,0,0,0,6,6,4,0,26,26,26,36,37,34,34,34,35,45.01,42.33,45.07,42,430,4.4,0,0,0
10.92,248,0.24,0.24,0.24,10.9,11.0,11.3,11.11,-0.3,0.15,0.17,210.5,5.8,165,1,1,530,705,416,-1,422,10.8,52.3,367,29.0,30.3,0.0,3.1,1766.8,0,16.38,12.5,34.3,32.2,33.9,33.7,33.5,32.4,32.5,31.3,46.9,46.6,24,34,22.8,27.5,37,38,25,0,0,0,6,6,4,0,26,26,26,36,37,34,34,34,35,45.0,42.34,45.07,42,430,4.3,0,0,0
10.98,248,0.24,0.24,0.24,11.0,11.0,11.2,11.16,-1.4,0.14,0.18,210.2,5.4,166,1,1,533,705,425,0,431,11.0,55.2,372,28.3,31.0,0.0,3.1,1766.8,0,16.38,12.5,34.3,32.2,33.8,33.7,33.5,32.4,32.5,31.3,46.9,46.7,23,34,22.8,27.5,37,38,25,0,0,0,6,6,4,0,26,26,26,36,37,34,34,34,35,45.0,42.34,45.07,41,430,4.3,0,0,0
11.97,112,0.24,0.24,0.24,11.1,11.5,11.8,12.24,-13.4,0.14,0.18,210.3,6.1,165,1,1,607,705,550,0,556,11.9,62.9,443,30.6,32.3,0.0,3.1,2067.6,0,16.83,12.5,34.2,32.2,33.9,33.8,33.5,32.5,32.3,31.1,46.9,46.6,23,34,22.8,27.5,39,41,25,0,0,0,6,6,4,0,26,26,26,36,37,34,34,34,35,45.0,42.34,45.07,41,420,4.3,0,0,0
10.79,248,0.24,0.24,0.24,10.9,11.4,11.3,11.06,-20.3,0.12,0.19,210.3,5.5,173,1,1,521,705,402,-1,407,10.7,52.0,360,31.1,32.0,0.0,3.1,1786.5,0,16.41,12.5,34.6,32.5,34.1,33.9,33.8,32.7,32.6,31.4,46.8,46.7,23,34,22.8,27.5,39,40,25,0,0,0,6,6,4,0,26,26,26,36,37,34,34,34,35,45.0,42.34,45.07,42,430,4.4,0,0,0
11.0,200,0.24,0.24,0.24,10.9,11.3,11.3,11.28,4.7,0.21,0.19,210.4,3.8,164,1,1,537,704,437,0,442,11.0,54.9,380,31.8,33.4,0.0,3.2,1895.0,0,16.57,12.5,34.3,32.2,33.9,33.8,33.6,32.5,32.4,31.1,46.9,46.8,23,34,22.8,27.5,40,42,25,0,0,0,6,6,4,0,26,26,26,36,37,34,34,34,35,45.0,42.34,45.08,42,430,4.3,0,0,0
11.58,88,0.24,0.24,0.24,11.1,11.0,11.3,11.79,4.0,0.15,0.18,210.3,5.4,163,1,1,571,704,502,1,507,11.5,60.0,416,32.1,34.5,0.0,3.2,2067.6,0,16.83,12.5,34.4,32.3,33.9,33.9,33.6,32.4,32.5,31.3,47.0,46.7,23,34,22.8,27.5,41,43,25,0,0,0,6,6,4,0,26,26,26,36,37,34,34,34,35,45.0,42.34,45.08,41,430,4.3,0,0,0
10.89,248,0.24,0.24,0.24,10.9,11.1,11.2,11.12,-1.1,0.15,0.18,210.9,5.3,165,1,1,526,705,416,0,420,10.9,53.7,367,28.5,30.9,0.0,3.1,1766.8,0,16.38,12.5,34.3,32.2,33.9,33.8,33.5,32.3,32.4,31.4,46.9,46.7,23,34,22.8,27.5,37,38,25,0,0,0,6,6,4,0,26,26,26,36,37,34,34,34,35,45.0,42.34,45.08,42,420,4.3,0,0,0
11.53,88,0.24,0.24,0.24,11.0,11.3,11.6,11.68,-3.3,0.14,0.18,210.3,5.2,162,1,1,573,704,493,0,497,11.5,59.3,411,30.8,32.8,0.0,3.1,1657.5,0,16.21,12.5,34.4,32.3,33.9,33.9,33.6,32.9,32.4,31.1,46.9,46.7,23,34,22.8,27.5,39,41,25,0,0,0,6,6,4,0,26,26,26,36,37,34,34,34,35,45.0,42.34,45.08,42,430,4.3,0,0,0
11.08,248,0.24,0.24,0.24,11.0,11.4,11.4,11.37,-3.8,0.19,0.17,210.1,6.0,171,1,1,536,705,436,1,440,11.1,55.5,378,31.4,32.6,0.0,3.1,1786.5,0,16.41,12.5,34.5,32.5,34.0,33.9,33.8,32.8,32.6,31.4,46.8,46.7,23,34,22.8,27.5,39,40,25,0,0,0,6,6,4,0,26,26,26,36,37,34,34,34,35,45.0,42.34,45.08,42,430,4.3,0,0,0
11.52,240,0.24,0.24,0.24,11.1,11.1,11.3,11.77,0.3,0.15,0.17,210.4,6.0,163,1,1,573,705,495,1,500,11.5,58.8,412,33.0,34.1,0.1,3.2,2002.5,0,16.73,12.5,34.4,32.3,33.9,33.9,33.5,32.6,32.3,31.2,46.9,46.7,23,34,22.8,27.5,41,43,25,0,0,0,6,6,4,0,26,26,26,36,37,34,34,34,35,45.01,42.33,45.07,42,420,4.3,0,0,0
11.69,248,0.24,0.24,0.24,11.0,11.3,11.5,11.92,-3.1,0.14,0.18,210.5,4.9,163,1,1,585,704,518,0,516,11.6,60.7,425,30.3,31.5,0.0,3.1,1957.0,0,16.66,12.5,34.2,32.1,33.8,33.8,33.5,32.7,32.5,31.1,46.9,46.8,24,34,22.8,27.5,38,40,25,0,0,0,6,6,4,0,26,26,26,36,37,34,34,34,35,45.0,42.34,45.07,41,430,4.3,0,0,0
11.73,240,0.24,0.24,0.24,11.0,11.6,11.9,12.0,-5.0,0.15,0.18,210.5,6.8,163,1,1,580,704,515,1,519,11.7,60.9,424,33.0,34.2,0.1,3.2,2002.5,0,16.73,12.5,34.4,32.3,33.9,33.9,33.5,32.7,32.3,31.2,46.9,46.8,23,34,22.8,27.5,41,43,25,0,0,0,6,6,4,0,26,26,26,36,37,34,34,34,35,45.0,42.34,45.07,42,430,4.3,0,0,0
11.47,248,0.24,0.24,0.24,11.0,11.1,11.2,11.69,-3.5,0.13,0.17,210.4,5.2,163,1,1,568,704,487,0,490,11.4,58.1,408,30.0,31.6,0.0,3.1,1835.1,0,16.48,12.5,34.2,32.1,33.7,33.8,33.5,32.5,32.5,31.3,46.9,46.7,24,34,22.8,27.5,38,40,25,0,0,0,6,6,4,0,26,26,26,36,37,34,34,34,35,45.0,42.34,45.07,42,430,4.3,0,0,0
12.11,24,0.24,0.24,0.24,11.2,11.0,11.1,12.28,9.5,0.07,0.14,210.2,6.1,161,1,1,614,704,569,2,574,12.1,65.4,451,32.1,33.6,0.0,3.2,1908.4,0,16.59,12.5,34.3,32.2,33.9,33.9,33.6,32.8,32.4,31.0,46.9,46.8,23,34,22.8,27.5,40,42,25,0,0,0,6,6,4,0,26,26,26,36,37,34,34,34,35,45.0,42.34,45.08,42,430,4.3,0,0,0
10.84,248,0.24,0.24,0.24,10.9,10.9,11.4,11.07,-13.9,0.13,0.18,210.2,4.7,168,1,1,523,705,410,1,409,10.8,52.3,363,33.2,34.1,0.1,3.2,1623.5,0,16.16,12.5,34.4,32.3,33.9,33.9,33.7,32.6,32.6,31.4,46.9,46.6,23,34,22.8,27.5,41,42,25,0,0,0,6,6,4,0,26,26,26,36,37,34,34,34,35,45.01,42.34,45.07,42,420,4.3,0,0,0
11.46,248,0.24,0.24,0.24,11.0,11.4,11.8,11.79,5.1,0.13,0.2,210.3,5.3,162,1,1,571,704,489,1,494,11.5,60.3,410,29.9,31.3,0.0,3.1,1835.1,0,16.48,12.5,34.2,32.1,33.7,33.8,33.5,32.5,32.5,31.3,46.9,46.7,23,34,22.8,27.5,38,40,25,0,0,0,6,6,4,0,26,26,26,36,37,34,34,34,35,45.0,42.34,45.07,42,420,4.3,0,0,0
10.98,248,0.24,0.24,0.24,10.9,11.2,11.3,11.28,2.1,0.14,0.16,210.2,5.1,166,1,1,534,705,427,0,429,11.0,53.2,374,32.5,34.0,0.0,3.2,1623.5,0,16.16,12.5,34.5,32.4,33.9,33.9,33.6,32.5,32.6,31.5,46.9,46.7,24,34,22.8,27.5,40,42,25,0,0,0,6,6,4,0,26,26,26,36,37,34,34,34,35,45.01,42.34,45.08,41,430,4.3,0,0,0
11.99,208,0.24,0.24,0.24,11.1,11.2,11.5,12.29,6.3,0.17,0.18,210.4,6.2,162,1,1,603,705,554,1,557,12.0,64.7,443,30.9,31.5,0.0,3.1,1957.0,0,16.66,12.5,34.2,32.2,33.8,33.8,33.5,32.7,32.3,31.1,46.9,46.6,24,34,22.8,27.5,39,41,25,0,0,0,6,6,4,0,26,26,26,36,37,34,34,34,35,45.0,42.33,45.08,42,430,4.3,0,0,0
11.05,248,0.24,0.24,0.24,11.0,10.9,11.3,11.27,6.5,0.13,0.18,210.3,6.3,162,1,1,540,705,434,1,439,11.1,55.0,376,30.1,30.6,0.0,3.1,1690.4,0,16.26,12.5,34.2,32.2,33.8,33.7,33.5,32.4,32.5,31.3,46.9,46.7,23,34,22.8,27.5,37,39,25,0,0,0,6,6,4,0,26,26,26,36,37,34,34,34,35,45.0,42.34,45.07,42,430,4.3,0,0,0
10.86,248,0.24,0.24,0.24,10.9,10.9,11.2,11.07,-10.5,0.16,0.17,210.5,5.7,173,1,1,525,705,412,1,417,10.9,53.4,364,31.1,32.4,0.0,3.1,1786.5,0,16.41,12.5,34.6,32.5,34.1,33.9,33.8,32.6,32.6,31.5,46.8,46.7,23,34,22.8,27.5,39,40,25,0,0,0,6,6,4,0,26,26,26,36,37,34,34,34,35,45.0,42.34,45.08,42,430,4.3,0,0,0
10.92,248,0.24,0.24,0.24,10.9,11.1,11.3,11.18,3.5,0.19,0.18,210.3,4.4,163,1,1,529,705,416,-2,421,10.9,52.4,368,30.1,30.5,0.0,3.1,1690.4,0,16.26,12.5,34.2,32.2,33.8,33.7,33.5,32.4,32.4,31.3,46.9,46.7,24,34,22.8,27.5,37,39,25,0,0,0,6,6,4,0,26,26,26,36,37,34,34,34,35,45.0,42.34,45.08,42,430,4.3,0,0,0
12.03,240,0.24,0.24,0.24,11.1,11.1,11.5,12.39,9.2,0.19,0.21,209.9,6.4,161,1,1,614,705,565,1,571,12.1,64.3,450,32.4,33.4,0.0,3.2,1908.4,0,16.59,12.5,34.3,32.2,33.9,33.9,33.6,32.8,32.4,31.0,46.9,46.7,24,34,22.8,27.5,40,42,25,0,0,0,6,6,4,0,26,26,26,36,37,34,34,34,35,45.0,42.34,45.08,42,430,4.3,0,0,0
11.71,88,0.24,0.24,0.24,11.1,10.9,11.1,11.94,-2.1,0.13,0.18,210.2,5.6,164,1,1,589,705,526,0,524,11.7,61.2,429,32.4,34.8,0.0,3.1,2067.6,0,16.83,12.5,34.4,32.3,33.9,33.9,33.6,32.5,32.4,31.1,47.0,46.6,23,34,22.8,27.5,42,44,25,0,0,0,6,6,4,0,26,26,26,36,37,34,34,34,35,45.0,42.34,45.08,41,430,4.3,0,0,0
11.39,248,0.24,0.24,0.24,11.1,10.9,11.2,11.63,-5.5,0.13,0.18,210.3,4.9,169,1,1,559,704,478,0,470,11.3,57.3,402,32.1,33.0,0.0,3.1,1968.4,0,16.68,12.5,34.5,32.4,34.0,33.9,33.7,32.9,32.6,31.4,46.9,46.6,24,34,22.8,27.5,40,41,25,0,0,0,6,6,4,0,26,26,26,36,37,34,34,34,35,45.0,42.34,45.08,42,420,4.3,0,0,0
10.89,248,0.24,0.24,0.24,10.9,10.9,11.3,11.16,-4.2,0.14,0.18,210.3,5.1,170,1,1,532,705,418,1,422,10.8,54.1,368,31.2,33.0,0.0,3.1,1772.0,0,16.39,12.5,34.5,32.4,33.9,33.9,33.8,32.7,32.7,31.4,46.8,46.7,23,34,22.8,27.5,39,40,25,0,0,0,6,6,4,0,26,26,26,36,37,34,34,34,35,45.0,42.33,45.08,42,420,4.3,0,0,0
10.74,248,0.24,0.24,0.24,10.9,11.4,11.3,10.98,2.5,0.19,0.2,210.2,5.2,167,1,1,519,705,400,1,401,10.7,52.8,359,31.8,34.2,0.0,3.1,1673.9,0,16.24,12.5,34.4,32.3,33.9,33.9,33.6,32.8,32.6,31.3,46.9,46.7,23,34,22.8,27.5,40,41,25,0,0,0,6,6,4,0,26,26,26,36,37,34,34,34,35,45.0,42.34,45.08,42,430,4.3,0,0,0
11.11,248,0.24,0.24,0.24,11.0,11.0,11.3,11.33,5.9,0.19,0.18,210.7,5.5,166,1,1,539,705,446,1,450,11.1,56.5,385,31.6,33.8,0.0,3.1,1968.4,0,16.68,12.5,34.5,32.4,34.0,33.9,33.7,32.8,32.6,31.3,46.8,46.8,24,34,22.8,27.5,40,41,25,0,0,0,6,6,4,0,26,26,26,36,37,34,34,34,35,45.01,42.34,45.08,42,430,4.3,0,0,0
12.06,0,0.24,0.24,0.24,11.1,11.5,12.0,12.32,-8.0,0.16,0.18,210.7,6.7,165,1,1,613,705,561,1,568,12.0,63.9,448,31.0,32.1,0.0,3.1,2067.6,0,16.83,12.5,34.2,32.2,33.9,33.8,33.5,32.4,32.3,31.2,46.9,46.8,23,34,22.8,27.5,39,41,25,0,0,0,6,6,4,0,26,26,26,36,37,34,34,34,35,45.0,42.34,45.08,42,430,4.3,0,0,0
11.07,248,0.24,0.24,0.24,11.0,11.3,11.4,11.38,-2.7,0.16,0.18,210.3,4.3,169,1,1,538,705,442,1,444,11.1,56.1,382,30.6,31.5,0.0,3.1,2067.6,0,16.83,12.5,34.6,32.5,34.1,34.0,33.8,33.0,32.6,31.4,46.8,46.6,23,34,22.8,27.5,38,40,25,0,0,0,6,6,4,0,26,26,26,36,37,34,34,34,35,45.01,42.34,45.08,42,430,4.3,0,0,0
11.98,8,0.24,0.24,0.24,11.2,11.0,11.1,12.2,-4.6,0.13,0.16,210.4,5.3,161,1,1,607,704,557,1,559,11.9,65.9,446,32.6,33.7,0.0,3.2,2067.6,0,16.83,12.5,34.4,32.2,33.9,33.9,33.6,32.6,32.4,31.1,46.9,46.9,24,34,22.8,27.5,41,43,25,0,0,0,6,6,4,0,26,26,26,36,37,34,34,34,35,45.01,42.34,45.08,42,420,4.3,0,0,0
10.9,248,0.24,0.24,0.24,10.9,11.4,11.4,11.15,-5.9,0.17,0.17,210.4,5.0,168,1,1,525,705,410,1,415,10.8,53.9,366,32.6,33.6,0.1,3.2,1623.5,0,16.16,12.5,34.5,32.4,33.9,33.9,33.6,32.7,32.5,31.4,46.9,46.7,23,34,22.8,27.5,40,41,25,0,0,0,6,6,4,0,26,26,26,36,37,34,34,34,35,45.0,42.34,45.08,42,430,4.3,0,0,0
11.59,248,0.24,0.24,0.24,11.1,11.3,11.4,11.89,-5.5,0.12,0.18,210.4,5.9,170,1,1,577,705,506,-1,505,11.6,59.8,418,30.1,31.4,0.0,3.1,2067.6,0,16.83,12.5,34.6,32.5,34.1,34.0,33.8,33.0,32.7,31.4,46.8,46.6,23,34,22.8,27.5,38,40,25,0,0,0,6,6,4,0,26,26,26,36,37,34,34,34,35,45.0,42.34,45.07,42,430,4.4,0,0,0
10.74,248,0.24,0.24,0.24,10.9,10.9,11.4,10.97,-6.3,0.16,0.18,210.6,4.8,169,1,1,520,705,397,1,394,10.7,50.8,356,31.5,34.6,0.0,3.1,1673.9,0,16.24,12.5,34.4,32.3,33.9,33.9,33.6,32.8,32.6,31.3,46.9,46.7,24,34,22.8,27.5,40,41,25,0,0,0,6,6,4,0,26,26,26,36,37,34,34,34,35,45.0,42.34,45.08,42,430,4.3,0,0,0
11.4,200,0.24,0.24,0.24,11.1,11.0,11.1,11.63,7.7,0.14,0.19,210.1,5.3,163,1,1,559,705,472,0,472,11.4,56.5,398,32.1,33.5,0.0,3.2,1895.0,0,16.57,12.5,34.3,32.2,33.9,33.9,33.6,32.7,32.5,31.0,46.9,46.7,23,34,22.8,27.5,40,42,25,0,0,0,6,6,4,0,26,26,26,36,37,34,34,34,35,45.0,42.34,45.08,41,430,4.3,0,0,0
10.79,248,0.24,0.24,0.24,11.0,11.3,11.3,11.02,-10.2,0.13,0.18,210.5,6.1,169,1,1,518,704,400,0,403,10.7,52.9,359,31.9,34.5,0.0,3.2,1673.9,0,16.24,12.5,34.4,32.3,33.9,33.9,33.6,32.7,32.6,31.3,46.9,46.6,24,34,22.8,27.5,41,42,25,0,0,0,6,6,4,0,26,26,26,36,37,34,34,34,35,45.01,42.34,45.08,42,420,4.3,0,0,0
10.79,248,0.24,0.24,0.24,10.9,11.3,11.3,10.97,4.7,0.14,0.2,210.5,5.1,164,1,1,517,705,408,0,405,10.7,53.8,363,32.9,34.1,0.1,3.2,1617.3,0,16.15,12.5,34.4,32.4,33.9,33.9,33.6,32.6,32.6,31.4,46.9,46.8,23,34,22.8,27.5,40,42,25,0,0,0,6,6,4,0,26,26,26,36,37,34,34,34,35,45.0,42.34,45.08,41,430,4.3,0,0,0
11.82,240,0.24,0.24,0.24,11.1,11.1,11.3,12.05,-0.7,0.14,0.17,210.0,5.9,163,1,1,599,705,541,0,544,11.8,64.4,437,32.8,34.0,0.1,3.2,2067.6,0,16.83,12.5,34.4,32.3,33.9,33.9,33.5,32.6,32.3,31.2,46.9,46.6,23,34,22.8,27.5,41,43,25,0,0,0,6,6,4,0,26,26,26,36,37,34,34,34,35,45.0,42.34,45.08,42,430,4.3,0,0,0
11.29,88,0.24,0.24,0.24,10.9,11.4,11.6,11.48,4.4,0.18,0.18,210.3,5.3,162,1,1,553,705,461,2,467,11.2,58.3,395,30.4,33.8,0.0,3.1,1793.7,0,16.42,12.5,34.4,32.3,33.9,33.9,33.6,32.6,32.5,31.2,46.9,46.8,23,34,22.8,27.5,40,41,25,0,0,0,6,6,4,0,26,26,26,36,37,34,34,34,35,45.01,42.34,45.08,41,420,4.3,0,0,0
11.56,200,0.24,0.24,0.24,11.1,11.4,11.6,11.8,-9.1,0.12,0.18,210.4,5.4,166,1,1,580,704,507,1,506,11.6,60.3,420,31.7,33.1,0.0,3.1,2067.6,0,16.83,12.5,34.3,32.2,33.8,33.8,33.6,32.4,32.4,31.2,46.9,46.9,24,34,22.8,27.5,40,42,25,0,0,0,6,6,4,0,26,26,26,36,37,34,34,34,35,45.0,42.34,45.08,42,430,4.3,0,0,0
12.07,352,0.24,0.24,0.24,11.1,11.6,12.0,12.35,-4.1,0.14,0.17,210.5,6.3,164,1,1,613,705,561,0,565,12.1,65.5,450,33.5,34.2,0.0,3.2,1836.1,0,16.48,12.5,34.4,32.3,33.9,33.9,33.6,32.5,32.4,31.2,46.9,46.9,23,34,22.8,27.5,41,43,25,0,0,0,6,6,4,0,26,26,26,36,37,34,34,34,35,45.01,42.34,45.07,42,430,4.3,0,0,0
10.97,248,0.24,0.24,0.24,11.0,11.4,11.5,11.25,2.1,0.16,0.2,210.3,5.9,166,1,1,533,705,426,0,421,10.9,52.9,374,32.3,34.3,0.0,3.2,1623.5,0,16.16,12.5,34.5,32.4,33.9,33.9,33.6,32.4,32.6,31.5,46.9,46.7,23,34,22.8,27.5,40,42,25,0,0,0,6,6,4,0,26,26,26,36,37,34,34,34,35,45.01,42.34,45.08,42,430,4.3,0,0,0
11.64,248,0.24,0.24,0.24,11.0,11.2,11.4,11.9,4.1,0.14,0.18,210.4,6.0,162,1,1,582,705,510,0,517,11.6,60.9,420,30.0,31.7,0.0,3.1,1957.0,0,16.66,12.5,34.2,32.1,33.8,33.8,33.5,32.7,32.5,31.2,46.9,46.9,24,34,22.8,27.5,38,40,25,0,0,0,6,6,4,0,26,26,26,36,37,34,34,34,35,45.0,42.34,45.07,42,430,4.3,0,0,0
11.01,248,0.24,0.24,0.24,11.0,11.2,11.3,11.22,-4.7,0.12,0.18,210.7,5.5,171,1,1,535,705,426,1,426,11.0,53.8,374,31.4,32.6,0.0,3.1,1772.0,0,16.39,12.5,34.5,32.4,33.9,33.9,33.8,32.7,32.7,31.4,46.8,46.7,24,34,22.8,27.5,39,40,25,0,0,0,6,6,4,0,26,26,26,36,37,34,34,34,35,45.0,42.34,45.07,42,430,4.3,0,0,0
10.89,248,0.24,0.24,0.24,10.9,11.0,11.2,11.06,4.9,0.11,0.17,210.5,4.8,163,1,1,524,704,414,-1,417,10.9,53.4,365,29.6,30.9,0.0,3.1,1690.4,0,16.26,12.5,34.2,32.2,33.8,33.7,33.5,32.4,32.4,31.3,46.9,46.7,23,34,22.8,27.5,37,39,25,0,0,0,6,6,4,0,26,26,26,36,37,34,34,34,35,45.0,42.34,45.08,42,430,4.3,0,0,0
10.84,248,0.24,0.24,0.24,10.9,11.2,11.2,11.12,-10.5,0.13,0.18,210.7,6.6,173,1,1,523,705,411,1,409,10.8,53.9,364,31.2,32.2,0.0,3.1,1786.5,0,16.41,12.5,34.6,32.5,34.1,33.9,33.8,32.6,32.6,31.5,46.8,46.7,23,34,22.8,27.5,39,40,25,0,0,0,6,6,4,0,26,26,26,36,37,34,34,34,35,45.0,42.34,45.07,42,430,4.3,0,0,0
10.9,248,0.24,0.24,0.24,10.9,11.3,11.4,11.17,-0.8,0.13,0.18,210.5,5.2,165,1,1,529,705,423,-1,421,10.9,54.8,372,28.6,30.5,0.0,3.1,1766.8,0,16.38,12.5,34.3,32.2,33.8,33.7,33.5,32.3,32.5,31.4,46.9,46.7,23,34,22.8,27.5,37,38,25,0,0,0,6,6,4,0,26,26,26,36,37,34,34,34,35,45.01,42.34,45.07,42,430,4.3,0,0,0
10.81,248,0.24,0.24,0.24,11.0,11.1,11.3,11.01,-11.1,0.13,0.19,210.3,5.2,168,1,1,518,705,405,0,408,10.8,51.7,361,32.9,34.3,0.0,3.1,1623.5,0,16.16,12.5,34.4,32.3,33.9,33.9,33.7,32.6,32.6,31.4,46.9,46.6,24,34,22.8,27.5,41,42,25,0,0,0,6,6,4,0,26,26,26,36,37,34,34,34,35,45.0,42.34,45.08,41,420,4.3,0,0,0
10.87,248,0.24,0.24,0.24,10.9,11.1,11.2,11.06,6.0,0.16,0.18,210.7,4.8,163,1,1,526,704,416,1,422,10.9,53.8,367,29.8,30.5,0.0,3.1,1690.4,0,16.26,12.5,34.3,32.2,33.8,33.7,33.5,32.4,32.4,31.3,46.9,46.7,23,34,22.8,27.5,37,39,25,0,0,0,6,6,4,0,26,26,26,36,37,34,34,34,35,45.0,42.34,45.08,42,430,4.3,0,0,0
10.9,248,0.24,0.24,0.24,10.9,11.3,11.2,11.11,-4.1,0.14,0.18,210.2,6.1,170,1,1,529,704,424,-1,424,10.9,53.1,372,31.3,32.7,0.0,3.1,1772.0,0,16.39,12.5,34.5,32.4,33.9,33.9,33.8,32.7,32.7,31.4,46.9,46.6,23,34,22.8,27.5,39,40,25,0,0,0,6,6,4,0,26,26,26,36,37,34,34,34,35,45.0,42.33,45.07,42,430,4.3,0,0,0
11.51,88,0.24,0.24,0.24,11.0,11.4,11.7,11.73,-1.3,0.11,0.18,210.4,5.5,162,1,1,568,704,488,0,487,11.4,58.8,409,30.3,33.2,0.0,3.1,1657.5,0,16.21,12.5,34.4,32.3,33.9,33.9,33.6,32.9,32.4,31.0,47.0,46.7,23,34,22.8,27.5,39,41,25,0,0,0,6,6,4,0,26,26,26,36,37,34,34,34,35,45.0,42.34,45.08,42,430,4.3,0,0,0
11.12,248,0.24,0.24,0.24,11.0,11.1,11.3,11.34,-2.9,0.13,0.2,210.2,6.1,166,1,1,540,704,446,0,447,11.1,55.9,386,28.3,31.2,0.0,3.1,1609.1,0,16.14,12.5,34.3,32.2,33.9,33.8,33.5,32.5,32.4,31.4,46.9,46.7,23,34,22.8,27.5,37,38,25,0,0,0,6,6,4,0,26,26,26,36,37,34,34,34,35,45.01,42.34,45.07,41,430,4.3,0,0,0
11.0,200,0.24,0.24,0.24,11.0,11.1,11.2,11.16,-3.3,0.17,0.18,210.4,4.9,165,1,1,535,704,428,1,430,11.0,54.1,375,32.1,33.1,0.0,3.2,1895.0,0,16.57,12.5,34.3,32.2,33.8,33.8,33.6,32.5,32.5,31.2,46.9,46.8,23,34,22.8,27.5,40,42,25,0,0,0,6,6,4,0,26,26,26,36,37,34,34,34,35,45.0,42.34,45.08,41,430,4.3,0,0,0
11.97,136,0.24,0.24,0.24,11.1,11.3,11.6,12.21,0.2,0.13,0.2,210.3,5.9,163,1,1,608,705,552,-2,551,11.9,65.1,444,33.1,34.4,0.1,3.2,1836.1,0,16.48,12.5,34.4,32.3,33.9,33.9,33.6,32.5,32.4,31.2,46.9,46.9,23,34,22.8,27.5,41,43,25,0,0,0,6,6,4,0,26,26,26,36,37,34,34,34,35,45.0,42.34,45.08,41,430,4.3,0,0,0
10.88,248,0.24,0.24,0.24,10.9,11.1,11.2,11.08,-1.5,0.14,0.18,210.4,5.0,169,1,1,531,705,420,0,425,10.8,54.0,370,31.1,31.8,0.0,3.1,1854.7,0,16.51,12.5,34.6,32.5,34.1,34.0,33.8,32.6,32.6,31.4,46.8,46.6,23,34,22.8,27.5,39,40,25,0,0,0,6,6,4,0,26,26,26,36,37,34,34,34,35,45.0,42.34,45.08,42,430,4.3,0,0,0
11.31,88,0.24,0.24,0.24,11.0,11.3,11.4,11.57,6.0,0.12,0.18,209.8,5.5,161,1,1,550,704,459,1,461,11.3,56.9,393,30.6,33.3,0.0,3.1,1793.7,0,16.42,12.5,34.4,32.3,33.9,33.9,33.6,32.7,32.4,31.1,46.9,46.8,24,34,22.8,27.5,39,41,25,0,0,0,6,6,4,0,26,26,26,36,37,34,34,34,35,45.0,42.34,45.08,42,430,4.3,0,0,0
10.7,248,0.24,0.24,0.24,10.9,11.2,11.3,10.95,-8.1,0.15,0.17,210.3,5.1,168,1,1,516,705,396,1,404,10.7,51.3,356,32.3,33.8,0.0,3.2,1821.6,0,16.46,12.5,34.5,32.4,34.0,33.9,33.6,32.8,32.5,31.4,46.9,46.7,24,34,22.8,27.5,40,41,25,0,0,0,6,6,4,0,26,26,26,36,37,34,34,34,35,45.01,42.34,45.08,42,430,4.3,0,0,0
10.62,248,0.24,0.24,0.24,10.9,11.3,11.4,10.75,-5.0,0.15,0.18,210.7,4.8,164,1,1,509,704,381,0,383,10.5,51.3,347,30.2,32.3,0.0,3.1,1490.6,0,15.96,12.5,34.4,32.2,33.9,33.9,33.6,32.6,32.5,31.3,46.9,46.7,23,34,22.8,27.5,38,39,25,0,0,0,6,6,4,0,26,26,26,36,37,34,34,34,35,45.0,42.34,45.07,42,420,4.3,0,0,0
11.63,240,0.24,0.24,0.24,11.0,11.1,11.4,11.89,0.5,0.14,0.18,210.0,5.5,163,1,1,578,704,504,-1,507,11.6,59.4,417,32.8,34.2,0.1,3.2,2002.5,0,16.73,12.5,34.4,32.3,33.9,33.9,33.5,32.6,32.3,31.1,46.9,46.6,24,34,22.8,27.5,41,43,25,0,0,0,6,6,4,0,26,26,26,36,37,34,34,34,35,45.0,42.34,45.07,42,430,4.4,0,0,0
11.21,88,0.24,0.24,0.24,11.0,11.2,11.2,11.38,9.3,0.19,0.18,210.1,4.6,161,1,1,544,704,457,1,457,11.2,55.8,392,31.0,33.1,0.0,3.1,1793.7,0,16.42,12.5,34.4,32.3,33.9,33.9,33.6,32.6,32.5,31.2,46.9,46.8,24,34,22.8,27.5,40,41,25,0,0,0,6,6,4,0,26,26,26,36,37,34,34,34,35,45.0,42.34,45.08,42,430,4.3,0,0,0
10.81,248,0.24,0.24,0.24,10.9,11.4,11.4,11.07,-10.3,0.13,0.2,210.3,4.7,170,1,1,522,705,409,0,413,10.9,52.5,365,30.7,32.2,0.0,3.1,1786.5,0,16.41,12.5,34.6,32.5,34.1,33.9,33.8,32.6,32.6,31.4,46.8,46.7,24,34,22.8,27.5,39,40,25,0,0,0,6,6,4,0,26,26,26,36,37,34,34,34,35,45.01,42.34,45.08,41,430,4.3,0,0,0
10.96,248,0.24,0.24,0.24,11.0,11.0,11.3,11.17,-2.9,0.14,0.18,210.5,5.9,166,1,1,531,705,426,0,431,11.0,53.6,373,31.9,33.4,0.0,3.2,1968.4,0,16.68,12.5,34.5,32.4,34.0,33.9,33.7,32.8,32.5,31.4,46.9,46.7,23,34,22.8,27.5,40,41,25,0,0,0,6,6,4,0,26,26,26,36,37,34,34,34,35,45.0,42.34,45.07,42,430,4.3,0,0,0
12.0,280,0.24,0.24,0.24,11.1,11.0,11.1,12.29,-2.7,0.14,0.18,210.8,6.2,164,1,1,614,705,566,1,570,12.1,63.8,450,33.4,34.5,0.0,3.2,1836.1,0,16.48,12.5,34.4,32.3,33.9,33.9,33.6,32.5,32.4,31.2,46.9,46.7,23,34,22.8,27.5,42,43,25,0,0,0,6,6,4,0,26,26,26,36,37,34,34,34,35,45.0,42.34,45.07,42,430,4.3,0,0,0
10.72,248,0.24,0.24,0.24,10.9,11.4,11.4,10.96,-3.2,0.14,0.18,210.5,5.4,167,1,1,517,705,398,0,400,10.7,51.5,358,32.1,33.5,0.0,3.1,1821.6,0,16.46,12.5,34.5,32.4,34.0,33.9,33.6,33.0,32.5,31.3,46.9,46.8,23,34,22.8,27.5,40,41,25,0,0,0,6,6,4,0,26,26,26,36,37,34,34,34,35,45.0,42.34,45.07,42,430,4.3,0,0,0
12.04,216,0.24,0.24,0.24,11.1,11.3,11.6,12.28,-8.6,0.13,0.17,210.1,5.8,165,1,1,614,705,554,1,561,12.0,63.5,444,30.9,32.1,0.0,3.1,2067.6,0,16.83,12.5,34.2,32.2,33.9,33.8,33.5,32.4,32.3,31.2,46.9,46.8,24,34,22.8,27.5,39,41,25,0,0,0,6,6,4,0,26,26,26,36,37,34,34,34,35,45.0,42.34,45.08,42,430,4.3,0,0,0
11.57,240,0.24,0.24,0.24,11.0,11.2,11.4,11.89,0.1,0.14,0.2,210.6,6.1,163,1,1,574,704,503,0,510,11.5,60.7,417,32.9,34.2,0.1,3.2,2002.5,0,16.73,12.5,34.4,32.3,33.9,33.9,33.5,32.6,32.4,31.1,46.9,46.7,23,34,22.8,27.5,41,43,25,0,0,0,6,6,4,0,26,26,26,36,37,34,34,34,35,45.01,42.33,45.07,41,430,4.3,0,0,0
12.05,136,0.24,0.24,0.24,11.1,11.3,11.8,12.28,5.3,0.15,0.18,210.2,4.7,161,1,1,614,704,568,0,565,12.0,64.0,452,30.6,32.0,0.0,3.1,2067.6,0,16.83,12.5,34.2,32.2,33.9,33.8,33.4,32.7,32.3,31.1,46.9,46.5,23,34,22.8,27.5,39,41,25,0,0,0,6,6,4,0,26,26,26,36,37,34,34,34,35,45.0,42.34,45.07,42,430,4.3,0,0,0
10.98,248,0.24,0.24,0.24,11.0,10.9,11.3,11.17,-0.6,0.13,0.18,210.3,5.0,166,1,1,533,704,426,0,426,11.0,52.9,372,32.9,33.8,0.1,3.2,1623.5,0,16.16,12.5,34.5,32.4,33.9,33.9,33.6,32.5,32.6,31.5,46.9,46.7,24,34,22.8,27.5,40,42,25,0,0,0,6,6,4,0,26,26,26,36,37,34,34,34,35,45.01,42.34,45.08,41,420,4.3,0,0,0
11.03,200,0.24,0.24,0.24,11.0,11.3,11.4,11.27,-3.3,0.1,0.18,210.3,4.3,165,1,1,536,704,429,0,431,11.0,54.4,375,31.9,33.4,0.0,3.2,1895.0,0,16.57,12.5,34.3,32.2,33.8,33.9,33.6,32.5,32.4,31.2,46.9,46.8,23,34,22.8,27.5,40,42,25,0,0,0,6,6,4,0,26,26,26,36,37,34,34,34,35,45.0,42.34,45.08,41,430,4.3,0,0,0
11.74,88,0.24,0.24,0.24,11.1,11.3,11.8,11.99,-3.0,0.13,0.2,210.1,5.8,163,1,1,584,703,521,0,525,11.7,60.8,428,30.4,32.4,0.0,3.1,1657.5,0,16.21,12.5,34.4,32.2,33.9,33.9,33.6,32.7,32.4,31.2,47.0,46.7,23,34,22.8,27.5,39,41,25,0,0,0,6,6,4,0,26,26,26,36,37,34,34,34,35,45.0,42.34,45.08,42,420,4.3,0,0,0
12.1,152,0.24,0.24,0.24,11.2,11.4,11.6,12.38,-3.3,0.23,0.21,210.0,4.9,161,1,1,622,705,574,1,574,12.1,66.0,455,32.4,33.7,0.1,3.2,2067.6,0,16.83,12.5,34.4,32.2,33.9,33.9,33.6,32.7,32.5,31.1,46.9,46.9,23,34,22.8,27.5,41,43,25,0,0,0,6,6,4,0,26,26,26,36,37,34,34,34,35,45.0,42.34,45.07,41,430,4.3,0,0,0
11.95,64,0.24,0.24,0.24,11.1,11.0,11.2,12.2,5.7,0.12,0.19,210.2,6.5,162,1,1,600,704,548,1,551,12.0,64.7,440,30.6,31.5,0.0,3.1,1957.0,0,16.66,12.5,34.2,32.2,33.8,33.8,33.5,32.6,32.4,31.1,46.9,46.6,23,34,22.8,27.5,38,40,25,0,0,0,6,6,4,0,26,26,26,36,37,34,34,34,35,45.0,42.34,45.08,42,430,4.3,0,0,0
10.72,248,0.24,0.24,0.24,10.9,10.9,11.4,10.97,0.1,0.14,0.18,210.5,5.6,165,1,1,515,705,401,1,406,10.7,50.9,358,32.8,34.2,0.1,3.2,1617.3,0,16.15,12.5,34.4,32.4,33.9,33.9,33.6,32.6,32.6,31.4,46.9,46.8,24,34,22.8,27.5,40,42,25,0,0,0,6,6,4,0,26,26,26,36,37,34,34,34,35,45.01,42.34,45.08,42,430,4.3,0,0,0
11.06,200,0.24,0.24,0.24,11.0,11.4,11.6,11.27,-5.1,0.19,0.19,210.5,5.0,165,1,1,532,704,431,0,432,11.0,54.9,377,31.8,33.5,0.0,3.1,1895.0,0,16.57,12.5,34.3,32.2,33.9,33.9,33.6,32.5,32.4,31.2,46.9,46.7,23,34,22.8,27.5,40,42,25,0,0,0,6,6,4,0,26,26,26,36,37,34,34,34,35,45.0,42.34,45.08,42,420,4.3,0,0,0
10.95,248,0.24,0.24,0.24,10.9,11.3,11.4,11.16,-7.4,0.13,0.18,210.4,4.0,170,1,1,527,705,423,-1,430,10.9,54.2,373,30.7,32.2,0.0,3.1,1854.7,0,16.51,12.5,34.6,32.5,34.1,34.0,33.8,32.6,32.6,31.4,46.8,46.7,23,34,22.8,27.5,39,40,25,0,0,0,6,6,4,0,26,26,26,36,37,34,34,34,35,45.0,42.34,45.08,42,420,4.3,0,0,0
11.57,248,0.24,0.24,0.24,11.1,10.9,11.3,11.79,-2.7,0.15,0.18,210.5,5.8,163,1,1,583,706,499,-1,504,11.5,59.5,413,29.9,31.6,0.0,3.1,1835.1,0,16.48,12.5,34.2,32.1,33.7,33.8,33.5,32.6,32.5,31.2,46.9,46.8,23,34,22.8,27.5,38,40,25,0,0,0,6,6,4,0,26,26,26,36,37,34,34,34,35,45.01,42.34,45.07,42,420,4.3,0,0,0
10.97,248,0.24,0.24,0.24,11.0,11.4,11.3,11.22,-1.8,0.14,0.17,210.2,4.5,166,1,1,528,704,423,0,422,10.9,53.0,372,32.8,33.9,0.1,3.2,1617.3,0,16.15,12.5,34.4,32.4,33.9,33.9,33.6,32.5,32.6,31.4,46.9,46.7,24,34,22.8,27.5,40,42,25,0,0,0,6,6,4,0,26,26,26,36,37,34,34,34,35,45.01,42.34,45.08,41,430,4.3,0,0,0
10.6,248,0.24,0.24,0.24,10.9,10.9,11.1,10.81,1.8,0.13,0.18,210.4,4.9,165,1,1,509,705,382,1,391,10.6,49.2,347,30.2,33.5,0.0,3.1,1623.5,0,16.16,12.5,34.4,32.2,33.9,33.9,33.6,32.7,32.5,31.3,46.9,46.8,24,34,22.8,27.5,39,40,25,0,0,0,6,6,4,0,26,26,26,36,37,34,34,34,35,45.0,42.34,45.07,42,420,4.3,0,0,0
11.58,88,0.24,0.24,0.24,11.1,11.2,11.4,11.9,5.9,0.12,0.17,210.0,5.4,163,1,1,578,704,499,1,505,11.6,59.5,415,32.1,34.6,0.0,3.1,2067.6,0,16.83,12.5,34.4,32.3,33.9,33.9,33.6,32.4,32.5,31.3,46.9,46.7,23,34,22.8,27.5,41,43,25,0,0,0,6,6,4,0,26,26,26,36,37,34,34,34,35,45.0,42.34,45.08,41,430,4.3,0,0,0
10.94,248,0.24,0.24,0.24,11.0,11.4,11.5,11.18,-1.4,0.15,0.2,210.5,5.6,168,1,1,526,705,419,0,423,10.9,53.6,370,32.6,33.8,0.0,3.2,1623.5,0,16.16,12.5,34.5,32.4,33.9,33.9,33.6,32.5,32.6,31.4,46.9,46.7,24,34,22.8,27.5,40,41,25,0,0,0,6,6,4,0,26,26,26,36,37,34,34,34,35,45.0,42.34,45.07,41,430,4.3,0,0,0
11.24,248,0.24,0.24,0.24,10.9,11.4,11.5,11.48,-1.6,0.13,0.18,210.0,6.1,170,1,1,551,705,456,-1,462,11.2,55.9,391,31.9,32.8,0.0,3.1,1722.4,0,16.31,12.5,34.5,32.4,33.9,33.9,33.8,32.8,32.8,31.4,46.9,46.6,23,34,22.8,27.5,39,41,25,0,0,0,6,6,4,0,26,26,26,36,37,34,34,34,35,45.01,42.34,45.08,41,420,4.3,0,0,0
11.37,248,0.24,0.24,0.24,11.0,11.2,11.3,11.63,-2.9,0.14,0.18,210.4,5.5,169,1,1,565,705,476,-1,480,11.4,59.2,402,31.6,33.6,0.0,3.2,1968.4,0,16.68,12.5,34.5,32.4,33.9,33.9,33.7,32.9,32.6,31.4,46.8,46.7,24,34,22.8,27.5,40,41,25,0,0,0,6,6,4,0,26,26,26,36,37,34,34,34,35,45.0,42.34,45.08,42,430,4.3,0,0,0
10.94,248,0.24,0.24,0.24,10.9,11.3,11.3,11.18,-14.7,0.14,0.18,210.4,6.1,171,1,1,528,705,419,1,422,10.8,52.3,368,32.0,32.3,0.0,3.1,1772.0,0,16.39,12.5,34.5,32.4,33.9,33.9,33.8,32.7,32.7,31.4,46.8,46.7,23,34,22.8,27.5,39,41,25,0,0,0,6,6,4,0,26,26,26,36,37,34,34,34,35,45.01,42.34,45.08,42,430,4.3,0,0,0
11.64,248,0.24,0.24,0.24,11.0,11.4,11.8,11.88,4.1,0.11,0.18,210.7,5.9,162,1,1,582,705,506,-1,507,11.6,60.0,420,30.3,31.4,0.0,3.1,1957.0,0,16.66,12.5,34.2,32.1,33.8,33.8,33.5,32.7,32.5,31.2,46.9,46.9,23,34,22.8,27.5,38,40,25,0,0,0,6,6,4,0,26,26,26,36,37,34,34,34,35,45.0,42.34,45.07,41,430,4.3,0,0,0
11.56,248,0.24,0.24,0.24,11.1,10.9,11.2,11.78,-6.5,0.15,0.17,210.3,4.7,170,1,1,574,705,500,-1,498,11.6,60.7,414,29.7,31.6,0.0,3.1,2067.6,0,16.83,12.5,34.6,32.5,34.1,34.0,33.8,32.9,32.7,31.4,46.8,46.6,23,34,22.8,27.5,38,40,25,0,0,0,6,6,4,0,26,26,26,36,37,34,34,34,35,45.0,42.34,45.08,42,430,4.3,0,0,0
11.15,200,0.24,0.24,0.24,11.0,11.2,11.3,11.38,-3.6,0.06,0.17,210.2,4.9,165,1,1,541,705,438,0,445,11.2,55.1,379,32.1,33.6,0.0,3.2,1895.0,0,16.57,12.5,34.3,32.2,33.9,33.9,33.6,32.7,32.4,31.1,46.9,46.8,23,34,22.8,27.5,40,42,25,0,0,0,6,6,4,0,26,26,26,36,37,34,34,34,35,45.0,42.34,45.08,42,430,4.3,0,0,0
11.23,248,0.24,0.24,0.24,11.0,11.3,11.5,11.54,2.6,0.13,0.18,210.3,6.6,162,1,1,549,704,456,1,459,11.2,55.1,390,30.0,31.1,0.0,3.1,1690.4,0,16.26,12.5,34.2,32.2,33.8,33.7,33.5,32.4,32.5,31.3,46.9,46.7,23,34,22.8,27.5,38,39,25,0,0,0,6,6,4,0,26,26,26,36,37,34,34,34,35,45.0,42.34,45.08,42,430,4.3,0,0,0
11.45,248,0.24,0.24,0.24,11.0,11.4,11.7,11.68,-2.5,0.19,0.2,210.8,5.8,163,1,1,568,705,481,0,475,11.4,59.3,405,29.7,31.5,0.0,3.1,1835.1,0,16.48,12.5,34.2,32.1,33.7,33.7,33.5,32.6,32.5,31.2,46.9,46.6,23,34,22.8,27.5,38,39,25,0,0,0,6,6,4,0,26,26,26,36,37,34,34,34,35,45.0,42.34,45.08,41,420,4.3,0,0,0
10.76,248,0.24,0.24,0.24,11.0,11.1,11.1,11.01,-8.7,0.14,0.18,210.3,5.5,169,1,1,519,705,399,1,405,10.8,51.3,358,32.5,34.2,0.0,3.1,1673.9,0,16.24,12.5,34.4,32.3,33.9,33.9,33.6,32.7,32.6,31.3,46.9,46.7,23,34,22.8,27.5,41,42,25,0,0,0,6,6,4,0,26,26,26,36,37,34,34,34,35,45.01,42.34,45.07,42,430,4.3,0,0,0
10.74,248,0.24,0.24,0.24,10.9,10.9,11.3,10.97,-8.2,0.14,0.18,210.2,5.9,168,1,1,515,705,401,1,406,10.7,50.9,357,32.4,34.5,0.0,3.1,1673.9,0,16.24,12.5,34.4,32.3,33.9,33.9,33.6,32.6,32.6,31.3,46.9,46.7,23,34,22.8,27.5,41,42,25,0,0,0,6,6,4,0,26,26,26,36,37,34,34,34,35,45.01,42.34,45.07,42,430,4.3,0,0,0
12.04,64,0.24,0.24,0.24,11.2,11.1,11.3,12.28,-0.5,0.14,0.18,210.5,6.2,163,1,1,610,705,561,1,567,12.0,64.5,447,33.1,34.8,0.0,3.1,1836.1,0,16.48,12.5,34.4,32.3,33.9,33.9,33.6,32.5,32.4,31.2,46.9,46.8,23,34,22.8,27.5,41,43,25,0,0,0,6,6,4,0,26,26,26,36,37,34,34,34,35,45.01,42.34,45.07,41,430,4.3,0,0,0
11.73,240,0.24,0.24,0.24,11.1,11.4,12.0,12.05,4.0,0.14,0.18,210.2,5.6,162,1,1,591,705,523,1,525,11.7,61.1,429,32.7,34.1,0.1,3.2,2002.5,0,16.73,12.5,34.4,32.3,33.9,33.9,33.5,32.6,32.3,31.2,46.9,46.6,23,34,22.8,27.5,41,43,25,0,0,0,6,6,4,0,26,26,26,36,37,34,34,34,35,45.0,42.34,45.07,41,430,4.3,0,0,0
11.07,248,0.24,0.24,0.24,10.9,11.1,11.2,11.27,-10.2,0.15,0.2,210.4,6.1,171,1,1,543,705,436,0,434,11.0,53.8,379,31.6,32.9,0.0,3.1,1722.4,0,16.31,12.5,34.5,32.4,33.9,33.9,33.8,32.9,32.7,31.4,46.8,46.7,23,34,22.8,27.5,39,41,25,0,0,0,6,6,4,0,26,26,26,36,37,34,34,34,35,45.0,42.34,45.08,42,430,4.3,0,0,0
10.71,248,0.24,0.24,0.24,10.9,11.1,11.2,10.96,-2.9,0.14,0.19,210.2,5.5,168,1,1,521,705,395,1,398,10.8,51.1,356,31.5,34.3,0.0,3.1,1673.9,0,16.24,12.5,34.4,32.3,33.9,33.9,33.6,32.8,32.6,31.3,46.9,46.7,23,34,22.8,27.5,40,41,25,0,0,0,6,6,4,0,26,26,26,36,37,34,34,34,35,45.0,42.34,45.08,42,430,4.3,0,0,0
10.9,248,0.24,0.24,0.24,10.9,11.4,11.6,11.16,-6.0,0.11,0.18,210.7,5.6,168,1,1,525,704,416,0,413,10.9,54.3,368,32.8,33.5,0.0,3.2,1623.5,0,16.16,12.5,34.5,32.4,33.9,33.9,33.6,32.7,32.5,31.4,46.9,46.7,24,34,22.8,27.5,40,41,25,0,0,0,6,6,4,0,26,26,26,36,37,34,34,34,35,45.0,42.34,45.08,42,420,4.3,0,0,0
11.8,200,0.24,0.24,0.24,11.1,11.1,11.0,12.04,8.8,0.14,0.17,210.4,5.3,162,1,1,592,705,527,1,534,11.8,62.8,428,31.9,33.6,0.0,3.2,1895.0,0,16.57,12.5,34.3,32.2,33.9,33.9,33.6,32.7,32.5,31.0,46.9,46.7,23,34,22.8,27.5,40,42,25,0,0,0,6,6,4,0,26,26,26,36,37,34,34,34,35,45.0,42.34,45.07,42,420,4.3,0,0,0
11.9,160,0.24,0.24,0.24,11.1,11.6,12.0,12.19,-7.5,0.19,0.18,210.2,6.3,164,1,1,601,705,545,0,549,11.8,64.6,441,32.9,33.9,0.1,3.2,2067.6,0,16.83,12.5,34.4,32.2,33.9,33.9,33.5,32.7,32.3,31.1,46.9,46.7,23,34,22.8,27.5,41,43,25,0,0,0,6,6,4,0,26,26,26,36,37,34,34,34,35,45.0,42.34,45.08,42,420,4.3,0,0,0
11.69,248,0.24,0.24,0.24,11.1,11.4,11.5,11.95,0.7,0.15,0.18,210.4,5.4,162,1,1,581,704,511,0,509,11.6,61.0,420,30.2,31.5,0.0,3.1,1957.0,0,16.66,12.5,34.2,32.1,33.8,33.8,33.5,32.7,32.5,31.2,46.9,46.8,23,34,22.8,27.5,38,40,25,0,0,0,6,6,4,0,26,26,26,36,37,34,34,34,35,45.0,42.34,45.08,42,420,4.3,0,0,0
10.73,248,0.24,0.24,0.24,10.9,11.3,11.4,10.91,-3.2,0.14,0.2,210.3,5.7,164,1,1,518,704,397,2,393,10.6,52.8,357,30.0,32.2,0.0,3.1,1490.6,0,15.96,12.5,34.4,32.2,33.9,33.9,33.5,32.6,32.5,31.3,46.9,46.6,23,34,22.8,27.5,38,39,25,0,0,0,6,6,4,0,26,26,26,36,37,34,34,34,35,45.0,42.34,45.07,42,430,4.3,0,0,0
11.77,240,0.24,0.24,0.24,11.1,11.6,11.9,12.1,1.7,0.14,0.15,210.1,6.5,163,1,1,588,705,524,1,529,11.7,61.9,430,32.8,34.2,0.1,3.2,2002.5,0,16.73,12.5,34.4,32.3,33.9,33.9,33.5,32.6,32.3,31.2,46.9,46.6,23,34,22.8,27.5,41,43,25,0,0,0,6,6,4,0,26,26,26,36,37,34,34,34,35,45.0,42.34,45.08,41,430,4.3,0,0,0
12.04,304,0.24,0.24,0.24,11.1,11.0,11.1,12.28,-9.8,0.11,0.18,210.2,6.3,167,1,1,616,706,565,-1,566,12.0,66.4,450,31.3,32.0,0.0,3.1,2067.6,0,16.83,12.5,34.3,32.2,33.9,33.8,33.5,32.6,32.4,31.0,46.9,46.9,24,34,22.8,27.5,39,41,25,0,0,0,6,6,4,0,26,26,26,36,37,34,34,34,35,45.0,42.34,45.08,42,430,4.3,0,0,0
12.11,88,0.24,0.24,0.24,11.2,11.2,11.4,12.3,-5.0,0.2,0.18,210.4,7.2,166,1,1,619,705,570,1,568,12.1,64.9,452,30.8,32.8,0.0,3.1,2067.6,0,16.83,12.5,34.3,32.3,33.9,33.8,33.5,32.6,32.4,31.1,46.9,46.8,23,34,22.8,27.5,40,41,25,0,0,0,6,6,4,0,26,26,26,36,37,34,34,34,35,45.01,42.34,45.07,42,430,4.3,0,0,0
11.76,200,0.24,0.24,0.24,11.1,10.9,11.2,12.06,-8.0,0.11,0.17,210.5,5.8,165,1,1,592,705,533,0,529,11.8,61.8,433,31.6,33.0,0.0,3.1,2067.6,0,16.83,12.5,34.3,32.3,33.9,33.8,33.6,32.4,32.4,31.2,46.9,46.8,23,34,22.8,27.5,40,42,25,0,0,0,6,6,4,0,26,26,26,36,37,34,34,34,35,45.0,42.34,45.07,42,420,4.3,0,0,0
11.58,240,0.24,0.24,0.24,11.1,10.9,11.2,11.79,-0.4,0.12,0.19,210.2,5.5,163,1,1,571,705,499,1,499,11.6,60.7,413,33.0,34.2,0.1,3.2,2002.5,0,16.73,12.5,34.4,32.3,33.9,33.9,33.5,32.5,32.3,31.2,46.9,46.7,23,34,22.8,27.5,41,43,25,0,0,0,6,6,4,0,26,26,26,36,37,34,34,34,35,45.01,42.33,45.07,41,420,4.3,0,0,0
12.08,216,0.24,0.24,0.24,11.1,11.4,11.8,12.35,0.4,0.14,0.18,210.5,5.1,165,1,1,618,705,567,0,570,12.0,65.4,451,31.0,32.7,0.0,3.1,2067.6,0,16.83,12.5,34.3,32.2,33.8,33.8,33.5,32.4,32.4,31.2,46.9,46.6,23,34,22.8,27.5,40,42,25,0,0,0,6,6,4,0,26,26,26,36,37,34,34,34,35,45.0,42.34,45.07,42,430,4.3,0,0,0
11.39,248,0.24,0.24,0.24,11.0,11.3,11.6,11.69,1.2,0.11,0.18,210.3,5.2,169,1,1,566,706,480,0,480,11.4,57.2,404,31.8,33.0,0.0,3.2,1722.4,0,16.31,12.5,34.5,32.4,33.9,33.9,33.8,32.8,32.7,31.4,46.9,46.6,23,34,22.8,27.5,39,41,25,0,0,0,6,6,4,0,26,26,26,36,37,34,34,34,35,45.01,42.33,45.08,42,420,4.3,0,0,0
10.74,248,0.24,0.24,0.24,10.9,11.0,11.3,10.97,-5.1,0.14,0.19,210.2,5.6,168,1,1,520,705,402,0,401,10.8,52.3,359,32.4,34.5,0.0,3.2,1673.9,0,16.24,12.5,34.4,32.3,33.9,33.9,33.6,32.6,32.6,31.3,46.9,46.7,23,34,22.8,27.5,41,42,25,0,0,0,6,6,4,0,26,26,26,36,37,34,34,34,35,45.0,42.34,45.07,42,430,4.3,0,0,0
11.03,248,0.24,0.24,0.24,10.9,11.1,11.2,11.16,9.9,0.14,0.18,210.4,5.8,162,1,1,530,705,429,0,430,11.0,54.4,374,29.8,30.7,0.0,3.1,1690.4,0,16.26,12.5,34.2,32.2,33.8,33.7,33.5,32.4,32.5,31.3,46.9,46.7,23,34,22.8,27.5,37,39,25,0,0,0,6,6,4,0,26,26,26,36,37,34,34,34,35,45.0,42.34,45.07,41,420,4.3,0,0,0
11.38,248,0.24,0.24,0.24,11.0,11.1,11.3,11.58,1.5,0.17,0.2,210.1,6.2,163,1,1,557,704,472,1,481,11.4,58.2,399,30.2,31.1,0.0,3.1,1835.1,0,16.48,12.5,34.2,32.2,33.8,33.7,33.5,32.6,32.5,31.2,46.9,46.7,23,34,22.8,27.5,38,39,25,0,0,0,6,6,4,0,26,26,26,36,37,34,34,34,35,45.0,42.33,45.08,42,430,4.3,0,0,0
10.78,248,0.24,0.24,0.24,10.9,11.1,11.2,11.01,-19.2,0.16,0.18,210.4,5.3,174,1,1,520,705,403,1,409,10.8,50.8,359,31.0,32.3,0.0,3.1,1786.5,0,16.41,12.5,34.6,32.5,34.1,33.9,33.8,32.6,32.6,31.4,46.8,46.8,23,34,22.8,27.5,39,40,25,0,0,0,6,6,4,0,26,26,26,36,37,34,34,34,35,45.0,42.34,45.08,41,420,4.3,0,0,0
11.42,248,0.24,0.24,0.24,11.0,11.4,11.6,11.67,0.9,0.17,0.2,210.3,6.5,169,1,1,562,705,475,0,479,11.3,59.2,403,31.8,33.0,0.0,3.1,1722.4,0,16.31,12.5,34.5,32.4,33.9,33.9,33.8,32.7,32.7,31.4,46.9,46.6,23,34,22.8,27.5,39,41,25,0,0,0,6,6,4,0,26,26,26,36,37,34,34,34,35,45.01,42.34,45.08,42,430,4.3,0,0,0
10.55,248,0.24,0.24,0.24,10.9,10.9,11.3,10.76,6.2,0.15,0.18,210.5,5.0,163,1,1,506,704,372,0,375,10.5,49.4,342,30.3,32.5,0.0,3.1,1490.6,0,15.96,12.5,34.4,32.2,33.9,33.9,33.6,32.6,32.5,31.3,46.9,46.7,23,34,22.8,27.5,38,39,25,0,0,0,6,6,4,0,26,26,26,36,37,34,34,34,35,45.0,42.34,45.07,42,430,4.3,0,0,0
10.97,248,0.24,0.24,0.24,11.0,11.2,11.3,11.22,-8.5,0.06,0.17,210.5,6.3,166,1,1,525,705,419,1,421,11.0,52.9,369,29.0,31.8,0.0,3.1,1609.1,0,16.14,12.5,34.4,32.2,33.9,33.9,33.5,32.6,32.4,31.3,46.9,46.7,24,34,22.8,27.5,38,39,25,0,0,0,6,6,4,0,26,26,26,36,37,34,34,34,35,45.01,42.34,45.07,42,420,4.3,0,0,0
11.98,336,0.24,0.24,0.24,11.1,11.5,12.0,12.29,-4.0,0.19,0.2,210.2,5.9,164,1,1,608,705,556,0,563,12.0,64.1,447,33.5,34.3,0.0,3.1,1836.1,0,16.48,12.5,34.4,32.3,33.9,33.9,33.6,32.5,32.4,31.2,46.9,46.7,23,34,22.8,27.5,42,43,25,0,0,0,6,6,4,0,26,26,26,36,37,34,34,34,35,45.0,42.34,45.07,41,430,4.3,0,0,0
12.02,0,0.24,0.24,0.24,11.1,11.4,12.0,12.19,-3.4,0.16,0.18,210.3,6.3,165,1,1,609,704,558,-1,559,12.0,63.2,447,31.6,32.5,0.0,3.1,2067.6,0,16.83,12.5,34.3,32.2,33.8,33.8,33.5,32.5,32.4,31.2,46.9,46.5,23,34,22.8,27.5,40,42,25,0,0,0,6,6,4,0,26,26,26,36,37,34,34,34,35,45.0,42.34,45.08,42,430,4.3,0,0,0
11.4,248,0.24,0.24,0.24,11.1,11.0,11.2,11.57,2.8,0.14,0.17,210.5,5.8,168,1,1,564,705,480,0,484,11.4,59.2,404,31.7,33.0,0.0,3.1,1722.4,0,16.31,12.5,34.5,32.4,33.9,33.9,33.8,32.8,32.7,31.4,46.9,46.6,23,34,22.8,27.5,39,41,25,0,0,0,6,6,4,0,26,26,26,36,37,34,34,34,35,45.01,42.34,45.07,41,430,4.3,0,0,0
11.99,272,0.24,0.24,0.24,11.1,10.9,11.2,12.28,2.8,0.17,0.17,210.7,6.6,163,1,1,611,705,559,1,562,12.0,63.8,447,31.5,32.9,0.0,3.1,2067.6,0,16.83,12.5,34.3,32.2,33.8,33.8,33.5,32.3,32.4,31.2,46.9,46.6,23,34,22.8,27.5,40,42,25,0,0,0,6,6,4,0,26,26,26,36,37,34,34,34,35,45.0,42.34,45.07,42,430,4.4,0,0,0
11.11,248,0.24,0.24,0.24,11.0,11.3,11.4,11.38,-6.7,0.12,0.18,210.3,5.9,166,1,1,541,705,438,0,438,11.1,55.8,381,28.5,30.9,0.0,3.0,1766.8,0,16.38,12.5,34.3,32.2,33.9,33.7,33.5,32.5,32.4,31.3,46.9,46.7,24,34,22.8,27.5,37,38,25,0,0,0,6,6,4,0,26,26,26,36,37,34,34,34,35,45.0,42.34,45.08,42,430,4.3,0,0,0
12.15,8,0.24,0.24,0.24,11.3,11.1,11.1,12.39,1.8,0.05,0.17,210.5,5.2,160,1,1,623,704,579,-2,578,12.1,65.4,457,32.3,33.8,0.1,3.2,2067.6,0,16.83,12.5,34.4,32.2,33.9,33.9,33.6,32.7,32.5,31.1,46.9,47.0,23,34,22.8,27.5,41,43,25,0,0,0,6,6,4,0,26,26,26,36,37,34,34,34,35,45.0,42.34,45.08,42,430,4.3,0,0,0
11.95,288,0.24,0.24,0.24,11.3,10.9,11.2,12.2,-4.5,0.13,0.17,210.4,5.5,164,1,1,605,705,554,0,557,11.9,65.7,445,31.5,33.0,0.0,3.1,2067.6,0,16.83,12.5,34.3,32.2,33.9,33.8,33.6,32.3,32.4,31.3,46.9,46.7,23,34,22.8,27.5,40,42,25,0,0,0,6,6,4,0,26,26,26,36,37,34,34,34,35,45.01,42.34,45.08,42,430,4.3,0,0,0
11.78,240,0.24,0.24,0.24,11.1,11.3,11.3,12.01,-3.3,0.12,0.22,210.3,6.3,163,1,1,595,705,529,0,534,11.7,63.5,430,32.8,34.0,0.1,3.2,2002.5,0,16.73,12.5,34.4,32.3,33.9,33.9,33.5,32.7,32.3,31.2,46.9,46.6,23,34,22.8,27.5,41,43,25,0,0,0,6,6,4,0,26,26,26,36,37,34,34,34,35,45.0,42.34,45.08,42,430,4.4,0,0,0
10.74,248,0.24,0.24,0.24,10.9,10.9,11.4,10.96,-8.4,0.19,0.16,210.6,4.7,166,1,1,514,704,397,-2,396,10.8,52.8,356,33.1,34.2,0.1,3.2,1623.5,0,16.16,12.5,34.4,32.3,33.9,33.9,33.6,32.7,32.5,31.3,46.9,46.7,23,34,22.8,27.5,40,42,25,0,0,0,6,6,4,0,26,26,26,36,37,34,34,34,35,45.01,42.34,45.07,42,430,4.3,0,0,0
10.84,248,0.24,0.24,0.24,11.0,10.9,11.3,11.01,-5.4,0.15,0.17,210.4,5.0,166,1,1,520,705,410,-1,413,10.9,52.2,363,32.2,33.2,0.0,3.2,1821.6,0,16.46,12.5,34.5,32.4,34.0,33.9,33.7,33.0,32.5,31.3,46.9,46.7,23,34,22.8,27.5,40,41,25,0,0,0,6,6,4,0,26,26,26,36,37,34,34,34,35,45.0,42.33,45.08,42,430,4.3,0,0,0
10.8,248,0.24,0.24,0.24,10.9,10.9,11.4,11.01,-5.4,0.14,0.18,210.3,4.7,165,1,1,512,705,404,0,403,10.8,51.3,360,29.8,31.9,0.0,3.1,1490.6,0,15.96,12.5,34.4,32.2,33.9,33.9,33.5,32.8,32.4,31.2,46.9,46.7,24,34,22.8,27.5,38,39,25,0,0,0,6,6,4,0,26,26,26,36,37,34,34,34,35,45.0,42.34,45.08,42,420,4.3,0,0,0
11.96,288,0.24,0.24,0.24,11.1,11.0,11.1,12.24,-2.6,0.13,0.18,210.4,5.4,165,1,1,607,704,558,0,561,12.0,63.4,446,31.2,32.9,0.0,3.1,2067.6,0,16.83,12.5,34.3,32.2,33.8,33.8,33.5,32.4,32.4,31.2,46.9,46.6,23,34,22.8,27.5,40,42,25,0,0,0,6,6,4,0,26,26,26,36,37,34,34,34,35,45.0,42.34,45.07,42,430,4.4,0,0,0
11.94,336,0.24,0.24,0.24,11.1,10.9,11.2,12.2,-11.2,0.14,0.16,210.5,6.2,165,1,1,605,704,551,1,558,11.9,63.4,442,30.8,32.0,0.0,3.1,2067.6,0,16.83,12.5,34.2,32.2,33.9,33.8,33.5,32.5,32.3,31.1,46.9,46.8,23,34,22.8,27.5,39,41,25,0,0,0,6,6,4,0,26,26,26,36,37,34,34,34,35,45.0,42.34,45.07,42,430,4.3,0,0,0
11.27,248,0.24,0.24,0.24,11.0,11.3,11.4,11.54,1.1,0.13,0.18,210.2,5.2,167,1,1,552,705,462,-1,470,11.3,57.2,394,32.1,33.1,0.0,3.2,1968.4,0,16.68,12.5,34.5,32.4,34.0,33.9,33.7,32.9,32.6,31.4,46.8,46.7,23,34,22.8,27.5,40,41,25,0,0,0,6,6,4,0,26,26,26,36,37,34,34,34,35,45.0,42.34,45.08,42,420,4.3,0,0,0
12.02,144,0.24,0.24,0.24,11.1,11.3,11.6,12.29,-3.8,0.13,0.18,210.3,5.3,165,1,1,612,705,563,0,572,12.0,64.0,450,31.4,32.6,0.0,3.1,2067.6,0,16.83,12.5,34.2,32.2,33.8,33.8,33.5,32.4,32.4,31.2,46.9,46.6,23,34,22.8,27.5,40,42,25,0,0,0,6,6,4,0,26,26,26,36,37,34,34,34,35,45.0,42.34,45.07,42,430,4.3,0,0,0
10.91,248,0.24,0.24,0.24,10.9,10.9,11.2,11.15,-0.3,0.14,0.18,210.2,5.0,165,1,1,526,704,419,1,413,10.9,53.4,369,29.5,30.5,0.0,3.1,1690.4,0,16.26,12.5,34.3,32.2,33.8,33.7,33.5,32.3,32.5,31.3,46.9,46.7,23,34,22.8,27.5,37,39,25,0,0,0,6,6,4,0,26,26,26,36,37,34,34,34,35,45.0,42.34,45.08,41,430,4.3,0,0,0
10.89,248,0.24,0.24,0.24,10.9,11.3,11.2,11.17,-1.0,0.19,0.18,210.4,5.5,165,1,1,526,705,416,0,421,10.9,52.4,369,29.0,30.3,0.0,3.1,1766.8,0,16.38,12.5,34.3,32.2,33.8,33.7,33.5,32.3,32.4,31.4,46.9,46.7,23,34,22.8,27.5,37,38,25,0,0,0,6,6,4,0,26,26,26,36,37,34,34,34,35,45.0,42.34,45.07,41,430,4.3,0,0,0
11.97,152,0.24,0.24,0.24,11.1,11.3,11.6,12.24,-10.5,0.15,0.2,210.3,5.3,162,1,1,603,704,551,0,559,11.9,65.3,443,32.7,33.5,0.1,3.2,2067.6,0,16.83,12.5,34.4,32.2,33.9,33.9,33.6,32.7,32.4,31.1,46.9,46.9,23,34,22.8,27.5,41,43,25,0,0,0,6,6,4,0,26,26,26,36,37,34,34,34,35,45.0,42.34,45.08,42,420,4.3,0,0,0
11.94,280,0.24,0.24,0.24,11.1,11.4,12.0,12.2,5.8,0.14,0.18,210.4,5.3,162,1,1,596,705,541,1,541,11.8,63.9,439,30.6,31.5,0.0,3.1,1957.0,0,16.66,12.5,34.2,32.2,33.8,33.8,33.5,32.5,32.4,31.2,46.9,46.7,23,34,22.8,27.5,38,40,25,0,0,0,6,6,4,0,26,26,26,36,37,34,34,34,35,45.01,42.34,45.08,42,430,4.3,0,0,0
11.91,240,0.24,0.24,0.24,11.0,11.3,11.8,12.19,2.9,0.12,0.2,210.1,5.5,163,1,1,602,705,543,1,542,11.9,63.9,440,32.7,34.1,0.0,3.2,2067.6,0,16.83,12.5,34.4,32.3,33.9,33.9,33.5,32.7,32.3,31.2,46.9,46.6,23,34,22.8,27.5,41,43,25,0,0,0,6,6,4,0,26,26,26,36,37,34,34,34,35,45.0,42.34,45.07,42,420,4.3,0,0,0
11.67,240,0.24,0.24,0.24,11.1,11.3,11.6,11.94,-4.3,0.13,0.18,210.3,6.9,163,1,1,575,704,505,1,510,11.7,61.5,418,33.1,34.4,0.1,3.2,2002.5,0,16.73,12.5,34.4,32.3,33.9,33.9,33.5,32.7,32.3,31.2,46.9,46.8,24,34,22.8,27.5,41,43,25,0,0,0,6,6,4,0,26,26,26,36,37,34,34,34,35,45.01,42.34,45.07,41,420,4.4,0,0,0
10.57,248,0.24,0.24,0.24,10.9,11.1,11.3,10.8,3.6,0.12,0.18,210.5,4.5,163,1,1,505,704,375,0,380,10.6,49.4,344,30.3,32.6,0.0,3.1,1490.6,0,15.96,12.5,34.4,32.2,33.9,33.9,33.6,32.6,32.5,31.3,46.9,46.7,23,34,22.8,27.5,38,39,25,0,0,0,6,6,4,0,26,26,26,36,37,34,34,34,35,45.0,42.34,45.07,42,430,4.3,0,0,0
12.02,192,0.24,0.24,0.24,11.1,11.4,11.6,12.29,-3.3,0.13,0.15,210.2,5.5,164,1,1,607,704,557,-1,564,12.0,64.0,445,33.1,34.4,0.0,3.2,1836.1,0,16.48,12.5,34.4,32.3,33.9,33.9,33.6,32.5,32.4,31.2,46.9,46.8,23,34,22.8,27.5,42,43,25,0,0,0,6,6,4,0,26,26,26,36,37,34,34,34,35,45.0,42.34,45.07,41,430,4.3,0,0,0
10.8,248,0.24,0.24,0.24,10.9,11.3,11.3,11.01,0.0,0.16,0.18,210.4,5.9,164,1,1,524,705,403,-1,404,10.8,53.1,360,29.8,31.9,0.0,3.1,1490.6,0,15.96,12.5,34.4,32.2,33.9,33.9,33.5,32.8,32.4,31.2,46.9,46.6,24,34,22.8,27.5,38,39,25,0,0,0,6,6,4,0,26,26,26,36,37,34,34,34,35,45.0,42.34,45.08,41,430,4.3,0,0,0
10.84,248,0.24,0.24,0.24,11.0,11.1,11.2,11.07,-6.0,0.14,0.18,210.3,5.0,166,1,1,521,705,408,-1,414,10.8,53.4,363,32.1,33.6,0.0,3.2,1821.6,0,16.46,12.5,34.5,32.4,34.0,33.9,33.7,33.0,32.5,31.2,46.9,46.7,23,34,22.8,27.5,40,41,25,0,0,0,6,6,4,0,26,26,26,36,37,34,34,34,35,45.0,42.34,45.07,42,430,4.3,0,0,0
11.62,248,0.24,0.24,0.24,11.1,10.9,11.2,11.89,2.9,0.14,0.17,210.4,5.6,162,1,1,578,705,508,0,511,11.6,61.8,418,30.0,31.7,0.0,3.1,1957.0,0,16.66,12.5,34.2,32.1,33.8,33.8,33.5,32.7,32.5,31.2,46.9,46.9,23,34,22.8,27.5,38,40,25,0,0,0,6,6,4,0,26,26,26,36,37,34,34,34,35,45.0,42.34,45.08,42,430,4.3,0,0,0
10.71,248,0.24,0.24,0.24,10.9,11.0,11.2,10.96,-0.5,0.13,0.18,210.3,5.3,164,1,1,520,704,399,-2,397,10.7,50.8,356,30.2,32.0,0.0,3.1,1490.6,0,15.96,12.5,34.4,32.2,33.9,33.9,33.5,32.7,32.4,31.3,46.9,46.6,24,34,22.8,27.5,38,39,25,0,0,0,6,6,4,0,26,26,26,36,37,34,34,34,35,45.01,42.34,45.07,42,430,4.3,0,0,0
10.8,248,0.24,0.24,0.24,10.9,11.4,11.4,11.01,-3.2,0.14,0.18,210.5,5.8,168,1,1,521,704,405,-1,412,10.9,52.3,362,32.6,33.5,0.0,3.2,1623.5,0,16.16,12.5,34.5,32.4,33.9,33.9,33.6,32.8,32.5,31.4,46.9,46.7,23,34,22.8,27.5,40,41,25,0,0,0,6,6,4,0,26,26,26,36,37,34,34,34,35,45.01,42.34,45.08,41,430,4.3,0,0,0
11.06,248,0.24,0.24,0.24,10.9,11.2,11.3,11.37,-4.0,0.14,0.17,210.6,4.7,171,1,1,534,705,437,1,443,11.1,56.5,381,31.4,32.3,0.0,3.1,1772.0,0,16.39,12.5,34.5,32.5,34.0,33.9,33.8,32.8,32.6,31.4,46.8,46.7,24,34,22.8,27.5,39,40,25,0,0,0,6,6,4,0,26,26,26,36,37,34,34,34,35,45.0,42.34,45.08,42,430,4.4,0,0,0
11.55,240,0.24,0.24,0.24,11.1,11.4,11.6,11.84,3.7,0.14,0.2,210.3,4.9,162,1,1,574,705,495,-1,501,11.6,61.0,413,32.9,34.5,0.1,3.2,2002.5,0,16.73,12.5,34.4,32.3,33.9,33.9,33.5,32.6,32.3,31.2,46.9,46.7,23,34,22.8,27.5,41,43,25,0,0,0,6,6,4,0,26,26,26,36,37,34,34,34,35,45.01,42.34,45.07,42,430,4.3,0,0,0
11.15,200,0.24,0.24,0.24,11.0,11.0,11.3,11.37,6.7,0.14,0.18,210.3,4.0,164,1,1,545,704,452,-1,455,11.2,57.7,388,32.0,33.0,0.0,3.2,2067.6,0,16.83,12.5,34.3,32.2,33.8,33.8,33.6,32.4,32.5,31.1,46.9,46.8,23,34,22.8,27.5,40,42,25,0,0,0,6,6,4,0,26,26,26,36,37,34,34,34,35,45.0,42.34,45.07,42,430,4.3,0,0,0
11.17,248,0.24,0.24,0.24,11.0,11.3,11.6,11.48,-4.7,0.15,0.17,210.4,4.5,170,1,1,548,705,452,-1,447,11.1,56.3,391,30.5,31.6,0.0,3.1,2067.6,0,16.83,12.5,34.6,32.5,34.1,34.0,33.8,32.9,32.6,31.4,46.8,46.7,24,34,22.8,27.5,38,40,25,0,0,0,6,6,4,0,26,26,26,36,37,34,34,34,35,45.01,42.34,45.08,42,430,4.3,0,0,0
10.86,248,0.24,0.24,0.24,11.0,11.1,11.1,11.12,4.8,0.13,0.18,210.3,4.5,168,1,1,523,705,414,0,415,10.8,52.3,365,30.7,32.1,0.0,3.1,1854.7,0,16.51,12.5,34.6,32.5,34.1,33.9,33.8,32.6,32.6,31.5,46.8,46.6,23,34,22.8,27.5,39,40,25,0,0,0,6,6,4,0,26,26,26,36,37,34,34,34,35,45.0,42.34,45.08,42,430,4.3,0,0,0
11.25,248,0.24,0.24,0.24,10.9,11.4,11.7,11.48,4.5,0.13,0.18,210.3,4.9,167,1,1,544,704,458,1,463,11.2,56.1,393,31.8,33.2,0.0,3.1,1968.4,0,16.68,12.5,34.5,32.4,34.0,33.9,33.7,32.9,32.6,31.4,46.9,46.7,24,34,22.8,27.5,40,41,25,0,0,0,6,6,4,0,26,26,26,36,37,34,34,34,35,45.0,42.34,45.08,42,430,4.3,0,0,0
11.02,248,0.24,0.24,0.24,11.0,11.4,11.4,11.28,-1.6,0.14,0.19,210.5,6.0,166,1,1,536,705,431,1,431,10.9,53.3,376,32.6,34.1,0.1,3.2,1617.3,0,16.15,12.5,34.5,32.4,33.9,33.9,33.6,32.5,32.6,31.4,46.9,46.7,23,34,22.8,27.5,40,42,25,0,0,0,6,6,4,0,26,26,26,36,37,34,34,34,35,45.0,42.34,45.08,42,430,4.3,0,0,0
11.25,248,0.24,0.24,0.24,11.0,11.0,11.3,11.48,-8.3,0.14,0.17,210.3,5.8,170,1,1,550,705,461,1,455,11.2,56.4,394,30.3,31.5,0.0,3.1,2067.6,0,16.83,12.5,34.6,32.5,34.1,34.1,33.8,32.9,32.6,31.4,46.8,46.6,23,34,22.8,27.5,38,40,25,0,0,0,6,6,4,0,26,26,26,36,37,34,34,34,35,45.0,42.34,45.07,42,420,4.3,0,0,0
10.71,248,0.24,0.24,0.24,10.9,11.3,11.3,10.93,-0.7,0.13,0.16,210.2,4.9,164,1,1,517,704,397,0,403,10.7,51.6,356,30.2,32.0,0.0,3.1,1490.6,0,15.96,12.5,34.4,32.2,33.9,33.9,33.5,32.6,32.4,31.3,46.9,46.7,23,34,22.8,27.5,38,39,25,0,0,0,6,6,4,0,26,26,26,36,37,34,34,34,35,45.01,42.34,45.07,42,420,4.3,0,0,0
12.06,216,0.24,0.24,0.24,11.2,11.6,11.7,12.29,0.9,0.13,0.17,210.7,7.1,163,1,1,611,705,561,0,564,12.1,65.5,448,31.7,32.8,0.0,3.1,2067.6,0,16.83,12.5,34.3,32.3,33.8,33.8,33.6,32.3,32.4,31.2,46.9,46.7,24,34,22.8,27.5,40,42,25,0,0,0,6,6,4,0,26,26,26,36,37,34,34,34,35,45.01,42.34,45.08,42,430,4.3,0,0,0
11.45,88,0.24,0.24,0.24,11.0,11.3,11.4,11.67,-2.3,0.17,0.18,210.6,5.8,164,1,1,573,705,490,-1,498,11.5,59.0,410,31.2,33.8,0.0,3.1,1793.7,0,16.42,12.5,34.4,32.3,33.9,33.9,33.6,32.6,32.5,31.2,46.9,46.9,23,34,22.7,27.5,40,42,25,0,0,0,6,6,4,0,26,26,26,36,37,34,34,34,35,45.0,42.34,45.07,42,430,4.3,0,0,0
10.74,248,0.24,0.24,0.24,10.9,11.4,11.4,10.96,-6.8,0.1,0.18,210.5,5.0,168,1,1,513,705,397,1,406,10.7,52.8,357,32.3,33.5,0.1,3.2,1821.6,0,16.46,12.5,34.5,32.4,34.0,33.9,33.6,32.9,32.5,31.4,46.9,46.7,23,34,22.8,27.5,40,41,25,0,0,0,6,6,4,0,26,26,26,36,37,34,34,34,35,45.01,42.34,45.08,42,430,4.3,0,0,0
10.7,248,0.24,0.24,0.24,10.9,10.9,11.4,10.97,2.1,0.19,0.18,210.5,4.3,167,1,1,509,704,392,0,392,10.6,52.1,353,31.1,34.1,0.0,3.1,1673.9,0,16.24,12.5,34.4,32.2,33.9,33.9,33.6,32.7,32.6,31.2,46.9,46.7,23,34,22.8,27.5,39,41,25,0,0,0,6,6,4,0,26,26,26,36,37,34,34,34,35,45.0,42.34,45.07,42,430,4.3,0,0,0
12.02,72,0.24,0.24,0.24,11.1,11.2,11.4,12.24,1.3,0.13,0.18,210.1,7.0,163,1,1,608,704,557,-1,559,12.0,64.4,445,31.3,33.0,0.0,3.1,2067.6,0,16.83,12.5,34.3,32.2,33.8,33.8,33.5,32.3,32.4,31.2,46.9,46.6,23,34,22.8,27.5,40,42,25,0,0,0,6,6,4,0,26,26,26,36,37,34,34,34,35,45.0,42.34,45.08,42,430,4.3,0,0,0
10.73,248,0.24,0.24,0.24,10.9,11.4,11.4,10.97,-1.9,0.13,0.2,210.3,5.2,164,1,1,520,705,399,1,400,10.7,50.9,359,33.1,34.2,0.1,3.2,1623.5,0,16.16,12.5,34.4,32.3,33.9,33.9,33.6,32.7,32.5,31.4,46.9,46.7,23,34,22.8,27.5,40,42,25,0,0,0,6,6,4,0,26,26,26,36,37,34,34,34,35,45.0,42.34,45.07,42,420,4.3,0,0,0
12.13,232,0.24,0.24,0.24,11.1,11.4,11.8,12.39,-7.5,0.08,0.17,210.3,6.0,167,1,1,616,705,567,1,573,12.1,65.2,451,30.9,32.5,0.0,3.1,2067.6,0,16.83,12.5,34.3,32.2,33.9,33.8,33.5,32.6,32.4,31.1,46.9,46.8,23,34,22.8,27.5,40,41,25,0,0,0,6,6,4,0,26,26,26,36,37,34,34,34,35,45.0,42.34,45.08,41,420,4.3,0,0,0
11.17,248,0.24,0.24,0.24,10.9,11.3,11.5,11.47,-3.1,0.13,0.18,210.4,6.1,166,1,1,545,705,450,-1,446,11.1,56.6,387,28.4,31.4,0.0,3.0,1609.1,0,16.14,12.5,34.3,32.2,33.9,33.8,33.5,32.5,32.4,31.3,46.9,46.7,23,34,22.8,27.5,37,39,25,0,0,0,6,6,4,0,26,26,26,36,37,34,34,34,35,45.01,42.34,45.07,41,420,4.3,0,0,0
11.06,248,0.24,0.24,0.24,11.0,11.1,11.2,11.26,-4.2,0.13,0.18,210.4,5.4,171,1,1,535,705,434,1,436,11.1,55.2,377,31.2,32.4,0.0,3.1,1772.0,0,16.39,12.5,34.5,32.4,34.0,33.9,33.8,32.7,32.7,31.4,46.8,46.7,23,34,22.8,27.5,39,40,25,0,0,0,6,6,4,0,26,26,26,36,37,34,34,34,35,45.01,42.34,45.08,41,430,4.3,0,0,0
12.03,144,0.24,0.24,0.24,11.2,11.3,11.6,12.25,-3.8,0.17,0.18,210.0,6.7,164,1,1,610,705,560,0,566,11.9,66.4,449,31.8,32.8,0.0,3.1,2067.6,0,16.83,12.5,34.3,32.2,33.8,33.8,33.6,32.3,32.4,31.3,46.9,46.7,23,34,22.8,27.5,40,42,25,0,0,0,6,6,4,0,26,26,26,36,37,34,34,34,35,45.01,42.34,45.08,42,430,4.3,0,0,0
10.62,248,0.24,0.24,0.24,10.9,11.4,11.4,10.87,5.2,0.13,0.18,210.5,4.2,165,1,1,514,705,388,0,387,10.6,50.7,352,30.6,33.3,0.0,3.1,1623.5,0,16.16,12.5,34.4,32.2,33.9,33.9,33.6,32.6,32.5,31.4,46.9,46.8,23,34,22.8,27.5,39,40,25,0,0,0,6,6,4,0,26,26,26,36,37,34,34,34,35,45.0,42.34,45.07,41,430,4.3,0,0,0
10.96,248,0.24,0.24,0.24,11.0,11.4,11.4,11.21,0.4,0.13,0.18,210.2,5.7,165,1,1,529,705,424,0,428,10.9,55.1,373,28.3,30.9,0.0,3.1,1766.8,0,16.38,12.5,34.3,32.2,33.8,33.7,33.5,32.3,32.5,31.3,46.9,46.7,23,34,22.8,27.5,37,38,25,0,0,0,6,6,4,0,26,26,26,36,37,34,34,34,35,45.01,42.34,45.07,42,430,4.3,0,0,0
10.93,248,0.24,0.24,0.24,11.0,10.9,11.3,11.16,0.1,0.14,0.18,210.4,5.4,167,1,1,530,705,420,-1,420,10.9,52.5,368,32.6,33.9,0.1,3.2,1623.5,0,16.16,12.5,34.4,32.4,33.9,33.9,33.6,32.4,32.6,31.5,46.9,46.7,24,34,22.8,27.5,40,41,25,0,0,0,6,6,4,0,26,26,26,36,37,34,34,34,35,45.01,42.34,45.07,42,430,4.3,0,0,0
12.06,216,0.24,0.24,0.24,11.1,11.3,11.7,12.29,9.1,0.13,0.17,210.3,5.9,163,1,1,611,705,556,0,555,12.0,63.0,446,31.6,32.6,0.0,3.1,2067.6,0,16.83,12.5,34.3,32.2,33.8,33.8,33.5,32.4,32.4,31.1,46.9,46.6,24,34,22.8,27.5,40,42,25,0,0,0,6,6,4,0,26,26,26,36,37,34,34,34,35,45.0,42.34,45.07,42,420,4.3,0,0,0
10.98,248,0.24,0.24,0.24,11.0,11.0,11.3,11.27,-4.9,0.13,0.17,210.4,5.7,171,1,1,532,705,428,1,433,11.0,53.9,374,31.5,32.6,0.0,3.1,1772.0,0,16.39,12.5,34.5,32.4,34.0,33.9,33.8,32.7,32.7,31.4,46.8,46.7,23,34,22.8,27.5,39,40,25,0,0,0,6,6,4,0,26,26,26,36,37,34,34,34,35,45.0,42.34,45.07,42,430,4.3,0,0,0
11.15,248,0.24,0.24,0.24,11.0,11.0,11.2,11.38,5.7,0.1,0.18,210.2,5.3,166,1,1,550,705,452,-1,455,11.2,57.6,388,32.1,33.1,0.0,3.1,1968.4,0,16.68,12.5,34.5,32.4,34.0,33.9,33.7,32.8,32.6,31.3,46.8,46.8,23,34,22.8,27.5,40,41,25,0,0,0,6,6,4,0,26,26,26,36,37,34,34,34,35,45.01,42.34,45.08,41,430,4.3,0,0,0
10.74,248,0.24,0.24,0.24,10.9,11.3,11.3,10.96,-9.1,0.18,0.18,210.4,4.8,168,1,1,515,705,397,1,403,10.7,51.4,356,32.2,33.7,0.0,3.2,1821.6,0,16.46,12.5,34.5,32.4,34.0,33.9,33.6,32.9,32.5,31.4,46.9,46.7,23,34,22.8,27.5,40,41,25,0,0,0,6,6,4,0,26,26,26,36,37,34,34,34,35,45.01,42.34,45.08,41,430,4.3,0,0,0
12.11,304,0.24,0.24,0.24,11.2,10.9,11.2,12.39,-6.9,0.08,0.18,210.5,5.9,167,1,1,619,705,573,1,578,12.1,64.4,454,31.2,32.3,0.0,3.1,2067.6,0,16.83,12.5,34.3,32.2,33.9,33.8,33.5,32.6,32.4,31.1,46.9,46.9,24,34,22.8,27.5,40,41,25,0,0,0,6,6,4,0,26,26,26,36,37,34,34,34,35,45.01,42.34,45.08,42,430,4.3,0,0,0
11.51,248,0.24,0.24,0.24,11.1,11.3,11.4,11.78,-5.4,0.13,0.2,210.4,6.7,170,1,1,574,706,496,-1,494,11.4,59.2,414,30.4,31.3,0.0,3.1,2067.6,0,16.83,12.5,34.6,32.5,34.1,34.0,33.8,33.0,32.7,31.4,46.8,46.6,23,34,22.8,27.5,38,40,25,0,0,0,6,6,4,0,26,26,26,36,37,34,34,34,35,45.0,42.34,45.07,42,420,4.3,0,0,0
10.98,248,0.24,0.24,0.24,10.9,11.4,11.4,11.17,-4.9,0.16,0.18,210.4,5.0,172,1,1,530,705,422,1,426,10.9,54.5,372,31.3,32.1,0.0,3.1,1786.5,0,16.41,12.5,34.5,32.5,34.1,33.9,33.8,32.8,32.6,31.5,46.8,46.7,23,34,22.8,27.5,39,40,25,0,0,0,6,6,4,0,26,26,26,36,37,34,34,34,35,45.0,42.34,45.08,41,420,4.3,0,0,0
10.99,248,0.24,0.24,0.24,10.9,11.3,11.5,11.28,-1.1,0.15,0.2,210.4,4.8,166,1,1,535,705,431,0,426,10.9,53.4,376,32.6,34.1,0.1,3.2,1617.3,0,16.15,12.5,34.5,32.4,33.9,33.9,33.6,32.5,32.6,31.3,46.9,46.7,23,34,22.8,27.5,40,42,25,0,0,0,6,6,4,0,26,26,26,36,37,34,34,34,35,45.0,42.34,45.07,42,430,4.3,0,0,0
10.93,248,0.24,0.24,0.24,11.0,11.3,11.3,11.17,0.8,0.15,0.18,210.1,4.4,165,1,1,529,705,415,0,418,10.9,53.3,368,28.8,30.5,0.0,3.1,1766.8,0,16.38,12.5,34.3,32.2,33.9,33.7,33.5,32.3,32.4,31.4,46.9,46.7,24,34,22.8,27.5,37,38,25,0,0,0,6,6,4,0,26,26,26,36,37,34,34,34,35,45.0,42.34,45.07,42,430,4.3,0,0,0
11.9,80,0.24,0.24,0.24,11.2,11.1,11.1,12.1,-6.8,0.14,0.18,210.3,5.0,163,1,1,601,705,543,0,548,11.9,64.3,437,32.6,33.9,0.0,3.2,2067.6,0,16.83,12.5,34.4,32.2,33.9,33.9,33.5,32.7,32.3,31.1,46.9,46.7,23,34,22.8,27.5,41,43,25,0,0,0,6,6,4,0,26,26,26,36,37,34,34,34,35,45.0,42.34,45.07,42,430,4.4,0,0,0
11.55,88,0.24,0.24,0.24,11.0,11.6,11.6,11.78,0.3,0.13,0.19,210.3,5.6,163,1,1,573,705,491,1,498,11.5,58.1,410,31.8,34.2,0.0,3.1,2067.6,0,16.83,12.5,34.4,32.3,33.9,33.9,33.6,32.5,32.5,31.2,46.9,46.8,24,34,22.8,27.5,41,42,25,0,0,0,6,6,4,0,26,26,26,36,37,34,34,34,35,45.0,42.34,45.07,41,430,4.3,0,0,0
11.78,248,0.24,0.24,0.24,11.1,11.0,11.1,12.08,-2.5,0.17,0.2,210.2,6.0,163,1,1,593,704,533,1,535,11.8,61.2,431,30.5,31.7,0.0,3.1,1957.0,0,16.66,12.5,34.2,32.2,33.8,33.8,33.5,32.5,32.5,31.2,46.9,46.7,24,34,22.8,27.5,38,40,25,0,0,0,6,6,4,0,26,26,26,36,37,34,34,34,35,45.0,42.34,45.08,42,430,4.3,0,0,0
11.14,248,0.24,0.24,0.24,11.0,11.1,11.1,11.37,-4.3,0.09,0.19,210.5,4.5,170,1,1,547,705,449,-1,443,11.1,55.1,387,30.2,32.0,0.0,3.1,2067.6,0,16.83,12.5,34.6,32.5,34.1,34.0,33.8,32.9,32.6,31.5,46.8,46.7,23,34,22.8,27.5,38,40,25,0,0,0,6,6,4,0,26,26,26,36,37,34,34,34,35,45.0,42.34,45.08,42,430,4.3,0,0,0
10.88,248,0.24,0.24,0.24,11.0,10.9,11.2,11.12,-2.1,0.12,0.18,210.0,5.3,165,1,1,527,705,416,-1,413,10.9,53.8,366,28.7,30.7,0.0,3.0,1766.8,0,16.38,12.5,34.3,32.2,33.8,33.7,33.5,32.3,32.5,31.4,46.9,46.7,23,34,22.8,27.5,37,38,25,0,0,0,6,6,4,0,26,26,26,36,37,34,34,34,35,45.0,42.34,45.08,42,420,4.3,0,0,0
10.72,248,0.24,0.24,0.24,10.9,11.3,11.3,10.97,4.5,0.16,0.18,210.4,4.9,166,1,1,509,704,393,0,396,10.6,51.4,355,31.1,33.9,0.0,3.1,1673.9,0,16.24,12.5,34.4,32.2,33.9,33.9,33.6,32.6,32.6,31.3,46.9,46.8,23,34,22.8,27.5,39,41,25,0,0,0,6,6,4,0,26,26,26,36,37,34,34,34,35,45.0,42.34,45.08,41,430,4.3,0,0,0
11.58,240,0.24,0.24,0.24,11.1,10.9,11.2,11.78,2.3,0.15,0.19,210.3,6.4,162,1,1,578,705,500,0,504,11.6,60.3,414,33.4,33.9,0.1,3.2,2002.5,0,16.73,12.5,34.4,32.3,33.9,33.9,33.5,32.7,32.3,31.2,46.9,46.8,23,34,22.8,27.5,41,43,25,0,0,0,6,6,4,0,26,26,26,36,37,34,34,34,35,45.01,42.34,45.08,42,430,4.3,0,0,0
11.53,248,0.24,0.24,0.24,11.1,11.1,11.4,11.73,-2.2,0.14,0.18,210.5,6.0,163,1,1,567,705,489,0,491,11.5,57.7,408,29.8,31.5,0.0,3.1,1835.1,0,16.48,12.5,34.2,32.1,33.7,33.8,33.5,32.6,32.5,31.2,46.9,46.8,23,34,22.8,27.5,38,40,25,0,0,0,6,6,4,0,26,26,26,36,37,34,34,34,35,45.0,42.34,45.07,42,430,4.3,0,0,0
10.53,248,0.24,0.24,0.24,10.9,11.4,11.4,10.78,4.6,0.13,0.18,210.1,4.5,163,1,1,507,705,376,1,378,10.5,51.0,344,30.5,32.6,0.0,3.1,1623.5,0,16.16,12.5,34.4,32.2,33.9,33.9,33.6,32.7,32.5,31.3,46.9,46.7,24,34,22.8,27.5,38,40,25,0,0,0,6,6,4,0,26,26,26,36,37,34,34,34,35,45.0,42.34,45.07,42,430,4.3,0,0,0
11.91,200,0.24,0.24,0.24,11.1,11.1,11.4,12.16,6.4,0.16,0.2,210.4,6.9,162,1,1,597,705,535,-1,535,11.9,61.2,433,31.9,33.6,0.0,3.2,1908.4,0,16.59,12.5,34.3,32.2,33.9,33.9,33.6,32.7,32.5,31.0,46.9,46.7,24,34,22.8,27.5,40,42,25,0,0,0,6,6,4,0,26,26,26,36,37,34,34,34,35,45.01,42.34,45.07,41,430,4.3,0,0,0
11.01,248,0.24,0.24,0.24,10.9,11.0,11.3,11.17,-14.7,0.14,0.18,210.6,5.2,171,1,1,533,705,431,0,430,11.0,53.6,376,30.9,31.6,0.0,3.1,1854.7,0,16.51,12.5,34.6,32.5,34.1,34.0,33.8,32.7,32.6,31.4,46.8,46.7,23,34,22.8,27.5,39,40,25,0,0,0,6,6,4,0,26,26,26,36,37,34,34,34,35,45.0,42.34,45.07,42,430,4.3,0,0,0
10.98,248,0.24,0.24,0.24,10.9,11.2,11.4,11.16,3.4,0.1,0.18,210.3,4.6,163,1,1,528,705,419,0,427,11.0,53.3,370,30.1,30.6,0.0,3.1,1690.4,0,16.26,12.5,34.2,32.2,33.8,33.7,33.5,32.4,32.4,31.3,46.9,46.7,23,34,22.8,27.5,37,39,25,0,0,0,6,6,4,0,26,26,26,36,37,34,34,34,35,45.0,42.34,45.08,42,430,4.3,0,0,0
10.89,248,0.24,0.24,0.24,10.9,11.3,11.5,11.07,-4.3,0.16,0.18,210.4,4.8,165,1,1,530,705,415,1,414,10.8,54.2,367,29.5,31.8,0.0,3.0,1609.1,0,16.14,12.5,34.4,32.2,33.9,33.9,33.5,32.7,32.5,31.2,46.9,46.7,23,34,22.8,27.5,38,39,25,0,0,0,6,6,4,0,26,26,26,36,37,34,34,34,35,45.0,42.34,45.07,41,430,4.3,0,0,0
10.79,248,0.24,0.24,0.24,10.9,11.0,11.2,10.97,-4.7,0.13,0.18,210.3,6.6,168,1,1,520,704,407,0,410,10.8,51.4,361,32.1,34.2,0.0,3.2,1623.5,0,16.16,12.5,34.5,32.4,33.9,33.9,33.6,32.8,32.5,31.4,46.9,46.7,23,34,22.8,27.5,40,41,25,0,0,0,6,6,4,0,26,26,26,36,37,34,34,34,35,45.0,42.34,45.08,41,430,4.3,0,0,0
11.76,240,0.24,0.24,0.24,11.1,10.8,11.2,12.04,-6.4,0.2,0.17,210.8,6.4,164,1,1,585,704,526,2,534,11.8,61.9,428,33.2,34.2,0.1,3.2,1836.1,0,16.48,12.5,34.4,32.3,33.9,33.9,33.5,32.7,32.3,31.1,46.9,46.8,23,34,22.8,27.5,41,43,25,0,0,0,6,6,4,0,26,26,26,36,37,34,34,34,35,45.01,42.34,45.07,42,430,4.3,0,0,0
12.07,312,0.24,0.24,0.24,11.1,11.4,11.8,12.24,6.9,0.09,0.16,210.4,5.3,162,1,1,604,705,549,0,551,11.9,62.0,440,32.2,33.3,0.0,3.2,1908.4,0,16.59,12.5,34.3,32.2,33.9,33.9,33.6,32.8,32.4,31.0,46.9,46.7,24,34,22.8,27.5,40,42,25,0,0,0,6,6,4,0,26,26,26,36,37,34,34,34,35,45.01,42.34,45.07,42,430,4.3,0,0,0
11.54,200,0.24,0.24,0.24,11.0,11.1,11.4,11.74,0.3,0.14,0.18,210.0,5.6,164,1,1,566,705,485,0,490,11.5,59.0,405,32.1,33.5,0.0,3.2,1895.0,0,16.57,12.5,34.3,32.2,33.9,33.9,33.6,32.7,32.5,31.0,46.9,46.7,23,34,22.8,27.5,40,42,25,0,0,0,6,6,4,0,26,26,26,36,37,34,34,34,35,45.0,42.34,45.07,42,430,4.3,0,0,0
11.89,248,0.24,0.24,0.24,11.1,11.3,11.6,12.15,1.7,0.14,0.18,210.3,5.8,163,1,1,600,705,538,1,539,11.9,62.8,434,30.4,31.7,0.0,3.1,1957.0,0,16.66,12.5,34.2,32.2,33.8,33.8,33.5,32.5,32.4,31.2,46.9,46.7,23,34,22.8,27.5,38,40,25,0,0,0,6,6,4,0,26,26,26,36,37,34,34,34,35,45.01,42.34,45.08,41,430,4.4,0,0,0
11.64,200,0.24,0.24,0.24,11.0,11.3,11.7,11.9,2.2,0.13,0.17,210.4,5.6,163,1,1,574,704,499,0,501,11.6,57.9,412,32.3,33.3,0.0,3.2,1895.0,0,16.57,12.5,34.3,32.2,33.9,33.9,33.6,32.7,32.5,31.0,46.9,46.7,23,34,22.8,27.5,40,42,25,0,0,0,6,6,4,0,26,26,26,36,37,34,34,34,35,45.01,42.34,45.07,42,430,4.3,0,0,0
11.25,248,0.24,0.24,0.24,11.0,11.3,11.3,11.46,-7.8,0.13,0.18,210.4,4.8,170,1,1,551,705,457,1,461,11.3,57.4,392,30.2,31.6,0.0,3.1,2067.6,0,16.83,12.5,34.6,32.5,34.1,34.0,33.8,32.9,32.6,31.4,46.8,46.7,23,34,22.8,27.5,38,40,25,0,0,0,6,6,4,0,26,26,26,36,37,34,34,34,35,45.01,42.34,45.07,42,430,4.3,0,0,0
10.83,248,0.24,0.24,0.24,10.9,10.9,11.3,11.01,-5.5,0.18,0.17,210.2,6.5,168,1,1,522,704,407,1,405,10.9,51.5,361,32.5,33.6,0.0,3.2,1623.5,0,16.16,12.5,34.5,32.4,33.9,33.9,33.6,32.8,32.5,31.5,46.9,46.7,24,34,22.8,27.5,40,41,25,0,0,0,6,6,4,0,26,26,26,36,37,34,34,34,35,45.0,42.34,45.08,41,430,4.3,0,0,0
11.44,248,0.24,0.24,0.24,11.0,11.3,11.7,11.67,-1.1,0.1,0.18,210.3,4.9,163,1,1,564,705,482,1,484,11.4,57.8,406,29.9,31.2,0.0,3.1,1835.1,0,16.48,12.5,34.2,32.1,33.7,33.7,33.5,32.6,32.5,31.2,46.9,46.7,23,34,22.8,27.5,38,39,25,0,0,0,6,6,4,0,26,26,26,36,37,34,34,34,35,45.0,42.34,45.08,41,430,4.3,0,0,0
10.86,248,0.24,0.24,0.24,11.0,11.3,11.3,11.06,5.6,0.13,0.17,210.4,4.9,164,1,1,525,705,411,1,414,10.9,53.2,364,32.7,34.3,0.1,3.2,1617.3,0,16.15,12.5,34.5,32.4,33.9,33.9,33.6,32.5,32.6,31.4,46.9,46.7,24,34,22.8,27.5,40,42,25,0,0,0,6,6,4,0,26,26,26,36,37,34,34,34,35,45.0,42.34,45.08,42,420,4.3,0,0,0
11.01,248,0.24,0.24,0.24,11.0,11.3,11.3,11.16,-1.6,0.15,0.18,210.7,5.5,166,1,1,532,705,424,1,429,11.0,53.8,373,32.1,33.3,0.0,3.2,1968.4,0,16.68,12.5,34.5,32.4,34.0,33.9,33.7,32.8,32.5,31.4,46.8,46.7,23,34,22.8,27.5,40,41,25,0,0,0,6,6,4,0,26,26,26,36,37,34,34,34,35,45.0,42.34,45.07,41,430,4.3,0,0,0
11.07,248,0.24,0.24,0.24,11.0,11.4,11.5,11.31,-18.1,0.13,0.2,210.4,4.6,171,1,1,529,705,432,1,433,11.0,53.8,379,30.7,31.9,0.0,3.1,1854.7,0,16.51,12.5,34.6,32.5,34.1,34.0,33.8,32.8,32.6,31.4,46.8,46.6,23,34,22.8,27.5,39,40,25,0,0,0,6,6,4,0,26,26,26,36,37,34,34,34,35,45.0,42.34,45.08,41,430,4.3,0,0,0
11.46,248,0.24,0.24,0.24,11.1,10.9,11.3,11.68,-4.8,0.14,0.18,210.2,5.3,163,1,1,568,704,485,-1,490,11.4,59.9,406,29.5,31.9,0.0,3.1,1835.1,0,16.48,12.5,34.2,32.1,33.7,33.8,33.5,32.6,32.5,31.2,46.9,46.7,23,34,22.8,27.5,38,40,25,0,0,0,6,6,4,0,26,26,26,36,37,34,34,34,35,45.0,42.34,45.07,41,430,4.4,0,0,0
12.06,280,0.24,0.24,0.24,11.2,10.9,11.2,12.28,2.4,0.13,0.18,210.6,6.2,162,1,1,610,705,564,0,561,12.1,66.1,450,30.5,31.8,0.0,3.1,2067.6,0,16.83,12.5,34.2,32.2,33.8,33.8,33.4,32.7,32.4,31.1,46.9,46.6,24,34,22.8,27.5,39,41,25,0,0,0,6,6,4,0,26,26,26,36,37,34,34,34,35,45.0,42.33,45.08,42,420,4.3,0,0,0
12.09,144,0.24,0.24,0.24,11.1,11.3,11.8,12.28,-6.0,0.08,0.18,210.5,5.0,165,1,1,614,704,563,2,571,12.0,64.4,450,31.0,32.1,0.0,3.1,2067.6,0,16.83,12.5,34.3,32.2,33.9,33.8,33.5,32.5,32.3,31.2,46.9,46.8,23,34,22.8,27.5,39,41,25,0,0,0,6,6,4,0,26,26,26,36,37,34,34,34,35,45.0,42.34,45.08,41,430,4.3,0,0,0
12.04,336,0.24,0.24,0.24,11.1,11.4,12.0,12.28,-6.2,0.13,0.2,210.4,5.9,162,1,1,607,705,557,0,558,11.9,63.3,447,30.9,32.0,0.0,3.1,2067.6,0,16.83,12.5,34.2,32.2,33.9,33.8,33.4,32.7,32.3,31.1,46.9,46.6,23,34,22.8,27.5,39,41,25,0,0,0,6,6,4,0,26,26,26,36,37,34,34,34,35,45.0,42.34,45.08,42,420,4.3,0,0,0
11.6,240,0.24,0.24,0.24,11.0,11.5,11.8,11.78,6.4,0.15,0.19,210.2,5.7,162,1,1,580,705,501,1,502,11.5,58.8,415,32.6,34.4,0.1,3.2,2002.5,0,16.73,12.5,34.4,32.3,33.9,33.9,33.5,32.6,32.3,31.2,46.9,46.7,23,34,22.8,27.5,41,43,25,0,0,0,6,6,4,0,26,26,26,36,37,34,34,34,35,45.01,42.34,45.07,42,430,4.3,0,0,0
10.87,248,0.24,0.24,0.24,11.0,11.0,11.4,11.12,-0.4,0.16,0.18,210.3,4.4,169,1,1,522,705,414,-1,408,10.8,53.3,366,30.7,32.3,0.0,3.1,1854.7,0,16.51,12.5,34.6,32.5,34.1,33.9,33.8,32.6,32.6,31.4,46.8,46.6,23,34,22.8,27.5,39,40,25,0,0,0,6,6,4,0,26,26,26,36,37,34,34,34,35,45.0,42.34,45.08,42,430,4.3,0,0,0
11.5,88,0.24,0.24,0.24,11.1,10.9,11.1,11.78,-3.1,0.14,0.18,210.3,5.5,163,1,1,573,704,496,0,504,11.6,60.1,411,30.2,33.0,0.0,3.1,1657.5,0,16.21,12.5,34.4,32.2,33.9,33.9,33.6,32.8,32.4,31.1,46.9,46.7,23,34,22.8,27.5,39,41,25,0,0,0,6,6,4,0,26,26,26,36,37,34,34,34,35,45.01,42.34,45.08,42,420,4.3,0,0,0
11.12,248,0.24,0.24,0.24,11.0,11.1,11.3,11.38,-4.9,0.11,0.17,210.3,4.8,170,1,1,541,705,442,0,447,11.1,54.8,382,30.2,31.7,0.0,3.1,2067.6,0,16.83,12.5,34.6,32.5,34.1,34.0,33.8,33.0,32.6,31.5,46.8,46.6,23,34,22.8,27.5,38,40,25,0,0,0,6,6,4,0,26,26,26,36,37,34,34,34,35,45.01,42.34,45.08,41,420,4.3,0,0,0
12.23,240,0.24,0.24,0.24,11.2,11.0,11.4,12.46,9.8,0.21,0.18,210.1,6.6,160,1,1,627,704,589,-1,588,12.2,66.2,463,32.3,33.7,0.0,3.2,1908.4,0,16.59,12.5,34.3,32.2,33.9,33.9,33.6,32.8,32.4,31.1,46.9,46.8,24,34,22.8,27.5,40,42,25,0,0,0,6,6,4,0,26,26,26,36,37,34,34,34,35,45.0,42.34,45.07,42,430,4.3,0,0,0
10.79,248,0.24,0.24,0.24,10.9,11.1,11.3,10.97,-2.4,0.12,0.18,210.5,5.3,164,1,1,517,705,400,0,404,10.7,51.9,357,29.7,32.1,0.0,3.1,1490.6,0,15.96,12.5,34.4,32.2,33.9,33.9,33.5,32.8,32.4,31.2,46.9,46.6,24,34,22.8,27.5,38,39,25,0,0,0,6,6,4,0,26,26,26,36,37,34,34,34,35,45.01,42.34,45.08,41,430,4.3,0,0,0
12.06,160,0.24,0.24,0.24,11.1,11.3,11.7,12.28,-9.4,0.15,0.17,210.2,6.9,166,1,1,616,705,567,-1,563,12.0,66.7,453,30.9,32.2,0.0,3.1,2067.6,0,16.83,12.5,34.3,32.2,33.9,33.8,33.5,32.7,32.4,31.1,46.9,46.9,23,34,22.8,27.5,39,41,25,0,0,0,6,6,4,0,26,26,26,36,37,34,34,34,35,45.0,42.34,45.08,42,430,4.3,0,0,0
10.9,248,0.24,0.24,0.24,10.9,11.3,11.5,11.17,-2.0,0.14,0.18,210.4,4.9,168,1,1,526,705,421,0,424,10.9,52.9,371,32.7,33.7,0.1,3.2,1623.5,0,16.16,12.5,34.5,32.4,33.9,33.9,33.6,32.4,32.6,31.4,46.9,46.7,23,34,22.8,27.5,40,41,25,0,0,0,6,6,4,0,26,26,26,36,37,34,34,34,35,45.0,42.34,45.07,42,420,4.3,0,0,0
10.6,248,0.24,0.24,0.24,10.9,11.1,11.1,10.77,-5.6,0.13,0.18,210.0,6.0,164,1,1,514,704,387,0,387,10.6,50.5,349,29.7,32.6,0.0,3.1,1490.6,0,15.96,12.5,34.4,32.2,33.9,33.9,33.6,32.5,32.5,31.3,46.9,46.6,24,34,22.8,27.5,38,39,25,0,0,0,6,6,4,0,26,26,26,36,37,34,34,34,35,45.0,42.34,45.08,41,430,4.3,0,0,0
11.5,88,0.24,0.24,0.24,11.0,11.5,11.8,11.78,0.8,0.17,0.18,210.3,5.9,163,1,1,575,705,493,1,499,11.5,60.2,412,31.4,34.5,0.0,3.1,2067.6,0,16.83,12.5,34.4,32.3,33.9,33.9,33.6,32.5,32.5,31.2,46.9,46.8,24,34,22.8,27.5,41,42,25,0,0,0,6,6,4,0,26,26,26,36,37,34,34,34,35,45.01,42.34,45.07,41,430,4.3,0,0,0
11.47,200,0.24,0.24,0.24,11.0,11.4,11.4,11.68,-12.3,0.1,0.2,210.3,4.2,167,1,1,566,704,482,1,482,11.4,59.6,406,32.0,33.0,0.0,3.1,2067.6,0,16.83,12.5,34.3,32.2,33.9,33.8,33.6,32.4,32.5,31.2,46.9,46.9,24,34,22.8,27.5,40,42,25,0,0,0,6,6,4,0,26,26,26,36,37,34,34,34,35,45.01,42.33,45.07,42,430,4.4,0,0,0
11.72,200,0.24,0.24,0.24,11.0,11.3,11.8,12.0,1.3,0.16,0.21,210.4,5.5,164,1,1,574,704,509,0,519,11.7,61.6,422,32.4,33.3,0.0,3.2,1895.0,0,16.57,12.5,34.3,32.2,33.8,33.9,33.6,32.7,32.5,31.0,46.9,46.7,23,34,22.8,27.5,40,42,25,0,0,0,6,6,4,0,26,26,26,36,37,34,34,34,35,45.01,42.34,45.07,42,430,4.3,0,0,0
12.07,72,0.24,0.24,0.24,11.2,11.2,11.3,12.29,1.3,0.14,0.18,210.0,5.9,165,1,1,613,705,567,0,567,12.1,65.7,450,31.4,32.5,0.0,3.1,2067.6,0,16.83,12.5,34.3,32.2,33.8,33.8,33.5,32.4,32.4,31.2,46.9,46.6,24,34,22.8,27.5,40,42,25,0,0,0,6,6,4,0,26,26,26,36,37,34,34,34,35,45.0,42.34,45.08,42,430,4.3,0,0,0
11.89,80,0.24,0.24,0.24,11.1,11.1,11.2,12.09,-10.8,0.15,0.18,210.3,5.3,163,1,1,603,705,548,0,560,12.0,64.5,441,32.5,33.9,0.1,3.2,2067.6,0,16.83,12.5,34.4,32.2,33.9,33.9,33.5,32.7,32.3,31.1,46.9,46.7,23,34,22.8,27.5,41,43,25,0,0,0,6,6,4,0,26,26,26,36,37,34,34,34,35,45.0,42.34,45.07,42,430,4.3,0,0,0
10.8,248,0.24,0.24,0.24,11.0,10.9,11.4,11.01,-9.6,0.17,0.19,210.4,4.5,168,1,1,522,705,408,0,411,10.8,51.6,362,33.1,34.5,0.0,3.2,1623.5,0,16.16,12.5,34.4,32.3,33.9,33.9,33.7,32.6,32.6,31.4,46.9,46.7,23,34,22.8,27.5,41,42,25,0,0,0,6,6,4,0,26,26,26,36,37,34,34,34,35,45.0,42.34,45.08,42,430,4.3,0,0,0
10.57,248,0.24,0.24,0.24,10.9,11.3,11.5,10.77,4.3,0.13,0.18,210.3,4.9,164,1,1,511,704,380,-1,385,10.6,50.3,348,30.5,33.2,0.0,3.1,1623.5,0,16.16,12.5,34.4,32.2,33.9,33.9,33.6,32.7,32.5,31.3,46.9,46.7,23,34,22.8,27.5,39,40,25,0,0,0,6,6,4,0,26,26,26,36,37,34,34,34,35,45.01,42.34,45.08,42,430,4.3,0,0,0
10.76,248,0.24,0.24,0.24,10.9,11.1,11.2,11.0,-0.6,0.14,0.18,210.3,5.3,165,1,1,516,704,398,0,398,10.7,52.3,356,33.4,34.0,0.1,3.2,1623.5,0,16.16,12.5,34.4,32.3,33.9,33.9,33.6,32.6,32.5,31.4,46.9,46.8,24,34,22.8,27.5,40,42,25,0,0,0,6,6,4,0,26,26,26,36,37,34,34,34,35,45.0,42.34,45.07,41,430,4.3,0,0,0
12.07,136,0.24,0.24,0.24,11.1,11.3,11.8,12.24,-2.1,0.11,0.19,210.3,5.3,164,1,1,613,705,564,0,566,12.1,65.5,450,33.5,34.2,0.1,3.2,1836.1,0,16.48,12.5,34.4,32.3,33.9,33.9,33.6,32.5,32.4,31.2,46.9,46.9,23,34,22.8,27.5,41,43,25,0,0,0,6,6,4,0,26,26,26,36,37,34,34,34,35,45.01,42.34,45.07,42,420,4.3,0,0,0
10.83,248,0.24,0.24,0.24,10.9,11.3,11.3,11.06,-15.4,0.11,0.18,210.3,4.8,168,1,1,528,705,412,0,414,10.8,51.6,364,33.1,34.1,0.1,3.2,1623.5,0,16.16,12.5,34.4,32.3,33.9,33.9,33.6,32.6,32.6,31.4,46.9,46.7,23,34,22.8,27.5,40,42,25,0,0,0,6,6,4,0,26,26,26,36,37,34,34,34,35,45.0,42.34,45.07,41,430,4.3,0,0,0
11.02,248,0.24,0.24,0.24,11.0,11.3,11.4,11.28,-11.9,0.18,0.18,210.6,5.6,171,1,1,532,705,428,0,434,11.0,52.9,375,31.9,32.5,0.0,3.1,1722.4,0,16.31,12.5,34.5,32.4,33.9,33.9,33.8,32.8,32.7,31.4,46.9,46.7,23,34,22.8,27.5,39,41,25,0,0,0,6,6,4,0,26,26,26,36,37,34,34,34,35,45.0,42.34,45.08,42,430,4.3,0,0,0
12.04,0,0.24,0.24,0.24,11.0,11.4,12.0,12.23,6.6,0.19,0.18,210.2,6.4,163,1,1,615,705,562,-1,565,12.0,63.5,449,31.7,32.6,0.0,3.1,2067.6,0,16.83,12.5,34.3,32.2,33.8,33.8,33.5,32.4,32.4,31.1,46.9,46.6,23,34,22.8,27.5,40,42,25,0,0,0,6,6,4,0,26,26,26,36,37,34,34,34,35,45.0,42.34,45.07,42,430,4.3,0,0,0
11.41,248,0.24,0.24,0.24,11.1,10.9,11.2,11.66,-0.7,0.15,0.18,210.3,5.7,168,1,1,559,705,477,1,485,11.4,57.8,402,32.1,32.8,0.0,3.1,1722.4,0,16.31,12.5,34.5,32.4,33.9,33.9,33.8,32.8,32.6,31.3,46.9,46.6,23,34,22.8,27.5,39,41,25,0,0,0,6,6,4,0,26,26,26,36,37,34,34,34,35,45.01,42.34,45.07,41,430,4.3,0,0,0
11.14,248,0.24,0.24,0.24,11.0,11.1,11.3,11.37,3.7,0.13,0.18,210.1,5.9,162,1,1,540,705,439,1,445,11.1,55.9,379,29.8,30.9,0.0,3.1,1690.4,0,16.26,12.5,34.2,32.2,33.8,33.7,33.5,32.4,32.5,31.3,46.9,46.7,23,34,22.8,27.5,37,39,25,0,0,0,6,6,4,0,26,26,26,36,37,34,34,34,35,45.0,42.34,45.07,42,430,4.3,0,0,0
11.43,248,0.24,0.24,0.24,11.1,11.4,11.5,11.69,-1.8,0.14,0.17,210.6,4.6,168,1,1,555,705,473,-1,469,11.3,57.2,401,31.7,33.5,0.0,3.2,1968.4,0,16.68,12.5,34.5,32.4,33.9,33.9,33.7,32.9,32.6,31.4,46.9,46.7,23,34,22.8,27.5,40,41,25,0,0,0,6,6,4,0,26,26,26,36,37,34,34,34,35,45.0,42.34,45.08,41,430,4.3,0,0,0
10.76,248,0.24,0.24,0.24,10.9,10.9,11.4,10.97,-19.4,0.11,0.18,210.5,5.4,174,1,1,516,706,401,2,408,10.8,51.7,358,31.0,32.4,0.0,3.1,1786.5,0,16.41,12.5,34.6,32.5,34.1,33.9,33.8,32.6,32.6,31.4,46.8,46.7,23,34,22.8,27.5,39,40,25,0,0,0,6,6,4,0,26,26,26,36,37,34,34,34,35,45.0,42.34,45.08,41,420,4.3,0,0,0
11.07,248,0.24,0.24,0.24,10.9,11.2,11.2,11.32,-0.8,0.11,0.18,210.5,5.0,169,1,1,539,706,439,-1,437,11.1,56.2,381,30.4,32.1,0.0,3.1,2067.6,0,16.83,12.5,34.6,32.5,34.1,34.0,33.8,33.0,32.6,31.4,46.8,46.7,23,34,22.8,27.5,38,40,25,0,0,0,6,6,4,0,26,26,26,36,37,34,34,34,35,45.0,42.34,45.08,42,430,4.3,0,0,0
10.76,248,0.24,0.24,0.24,10.9,11.3,11.2,10.97,-0.9,0.08,0.17,210.6,4.9,168,1,1,520,705,395,1,393,10.6,52.6,356,31.7,34.2,0.0,3.1,1673.9,0,16.24,12.5,34.4,32.3,33.9,33.9,33.6,32.8,32.6,31.3,46.9,46.7,23,34,22.8,27.5,40,41,25,0,0,0,6,6,4,0,26,26,26,36,37,34,34,34,35,45.0,42.34,45.08,42,430,4.3,0,0,0
11.74,88,0.24,0.24,0.24,11.0,11.4,11.6,12.01,-5.3,0.16,0.18,210.1,5.8,163,1,1,593,704,526,0,529,11.7,62.9,429,30.3,32.5,0.0,3.1,1657.5,0,16.21,12.5,34.4,32.2,33.9,33.9,33.6,32.7,32.4,31.2,47.0,46.6,23,34,22.8,27.5,39,41,25,0,0,0,6,6,4,0,26,26,26,36,37,34,34,34,35,45.0,42.34,45.08,41,430,4.3,0,0,0
10.71,248,0.24,0.24,0.24,10.9,11.0,11.3,10.86,3.7,0.11,0.17,210.1,4.9,166,1,1,517,705,397,-1,399,10.7,51.4,356,31.2,34.2,0.0,3.1,1673.9,0,16.24,12.5,34.4,32.2,33.9,33.9,33.6,32.8,32.6,31.2,46.9,46.7,23,34,22.8,27.5,40,41,25,0,0,0,6,6,4,0,26,26,26,36,37,34,34,34,35,45.0,42.34,45.07,42,430,4.3,0,0,0
10.83,248,0.24,0.24,0.24,10.9,11.3,11.5,11.06,-17.3,0.14,0.18,210.3,5.4,168,1,1,522,704,410,0,412,10.7,51.9,364,33.0,34.3,0.0,3.2,1623.5,0,16.16,12.5,34.4,32.3,33.9,33.9,33.6,32.6,32.6,31.3,46.9,46.7,23,34,22.8,27.5,40,42,25,0,0,0,6,6,4,0,26,26,26,36,37,34,34,34,35,45.0,42.34,45.08,42,430,4.3,0,0,0
11.0,248,0.24,0.24,0.24,11.0,11.4,11.4,11.28,-8.4,0.17,0.2,210.5,6.7,166,1,1,534,705,425,1,423,11.0,53.4,373,29.2,31.8,0.0,3.0,1609.1,0,16.14,12.5,34.4,32.2,33.9,33.8,33.5,32.6,32.4,31.3,46.9,46.7,23,34,22.8,27.5,38,39,25,0,0,0,6,6,4,0,26,26,26,36,37,34,34,34,35,45.01,42.34,45.07,42,430,4.3,0,0,0
10.85,248,0.24,0.24,0.24,10.9,11.2,11.2,11.11,-2.9,0.12,0.17,210.1,4.4,165,1,1,524,705,408,0,412,10.8,53.3,362,29.4,32.1,0.0,3.1,1490.6,0,15.96,12.5,34.4,32.2,33.9,33.9,33.5,32.8,32.4,31.2,46.9,46.7,23,34,22.8,27.5,38,39,25,0,0,0,6,6,4,0,26,26,26,36,37,34,34,34,35,45.0,42.34,45.08,42,430,4.3,0,0,0
11.0,248,0.24,0.24,0.24,11.0,11.3,11.3,11.28,-2.9,0.08,0.17,210.2,4.9,169,1,1,529,705,424,0,423,11.0,54.0,373,30.7,32.3,0.0,3.1,1854.7,0,16.51,12.5,34.6,32.5,34.1,34.0,33.8,32.6,32.6,31.5,46.8,46.7,23,34,22.8,27.5,39,40,25,0,0,0,6,6,4,0,26,26,26,36,37,34,34,34,35,45.0,42.34,45.08,42,430,4.3,0,0,0
10.83,248,0.24,0.24,0.24,11.0,11.2,11.2,11.08,-8.5,0.11,0.18,210.3,4.5,168,1,1,519,705,406,1,412,10.8,51.9,362,32.3,34.7,0.0,3.2,1623.5,0,16.16,12.5,34.4,32.3,33.9,33.9,33.6,32.6,32.6,31.3,46.9,46.6,23,34,22.8,27.5,41,42,25,0,0,0,6,6,4,0,26,26,26,36,37,34,34,34,35,45.0,42.34,45.08,41,420,4.3,0,0,0
12.11,352,0.24,0.24,0.24,11.1,11.4,12.0,12.4,6.5,0.12,0.18,210.2,5.9,161,1,1,619,705,571,-1,567,12.0,64.3,454,30.5,32.1,0.0,3.1,2067.6,0,16.83,12.5,34.2,32.2,33.8,33.8,33.4,32.8,32.4,31.1,46.9,46.6,23,34,22.8,27.5,39,41,25,0,0,0,6,6,4,0,26,26,26,36,37,34,34,34,35,45.0,42.34,45.07,42,430,4.3,0,0,0
11.89,208,0.24,0.24,0.24,11.1,11.1,11.1,12.09,-8.1,0.17,0.16,210.2,6.6,164,1,1,595,704,544,1,547,11.9,63.9,439,32.5,34.0,0.1,3.2,2067.6,0,16.83,12.5,34.4,32.3,33.9,33.9,33.5,32.7,32.3,31.1,46.9,46.7,24,34,22.8,27.5,41,43,25,0,0,0,6,6,4,0,26,26,26,36,37,34,34,34,35,45.0,42.34,45.08,42,430,4.3,0,0,0
10.71,248,0.24,0.24,0.24,10.9,11.4,11.3,10.87,-9.7,0.14,0.18,210.4,4.9,167,1,1,513,705,397,1,397,10.7,50.9,357,32.2,33.3,0.0,3.2,1821.6,0,16.46,12.5,34.5,32.4,34.0,33.9,33.6,33.0,32.5,31.3,46.9,46.8,23,34,22.8,27.5,40,41,25,0,0,0,6,6,4,0,26,26,26,36,37,34,34,34,35,45.0,42.34,45.08,42,430,4.3,0,0,0
10.71,248,0.24,0.24,0.24,10.9,11.0,11.3,10.92,-1.3,0.14,0.2,210.5,6.3,165,1,1,514,704,395,0,393,10.6,52.4,355,33.2,33.9,0.1,3.2,1623.5,0,16.16,12.5,34.4,32.3,33.9,33.9,33.6,32.6,32.5,31.4,46.9,46.8,23,34,22.8,27.5,40,42,25,0,0,0,6,6,4,0,26,26,26,36,37,34,34,34,35,45.0,42.34,45.07,42,430,4.3,0,0,0
10.84,248,0.24,0.24,0.24,11.0,11.3,11.3,11.06,-5.0,0.14,0.18,210.2,4.5,169,1,1,524,705,412,0,413,10.8,51.8,366,31.0,31.9,0.0,3.1,1854.7,0,16.51,12.5,34.6,32.5,34.1,33.9,33.8,32.6,32.6,31.4,46.8,46.7,23,34,22.8,27.5,39,40,25,0,0,0,6,6,4,0,26,26,26,36,37,34,34,34,35,45.0,42.34,45.08,41,430,4.4,0,0,0
11.0,248,0.24,0.24,0.24,11.0,11.0,11.3,11.16,-2.4,0.16,0.2,210.6,5.5,167,1,1,536,705,427,0,432,11.0,52.8,372,32.9,34.0,0.1,3.2,1623.5,0,16.16,12.5,34.5,32.4,33.9,33.9,33.6,32.5,32.6,31.4,46.9,46.7,23,34,22.8,27.5,40,42,25,0,0,0,6,6,4,0,26,26,26,36,37,34,34,34,35,45.0,42.34,45.08,42,420,4.3,0,0,0
10.83,248,0.24,0.24,0.24,10.9,11.3,11.2,10.97,-3.9,0.14,0.17,210.2,4.6,164,1,1,512,704,394,1,393,10.7,50.7,353,30.2,32.3,0.0,3.1,1490.6,0,15.96,12.5,34.4,32.2,33.9,33.9,33.5,32.6,32.5,31.3,46.9,46.6,23,34,22.8,27.5,38,39,25,0,0,0,6,6,4,0,26,26,26,36,37,34,34,34,35,45.0,42.34,45.08,42,430,4.3,0,0,0
10.69,248,0.24,0.24,0.24,10.9,11.1,11.3,10.88,-15.1,0.13,0.17,210.5,5.4,169,1,1,514,705,395,2,398,10.6,52.3,354,32.6,33.1,0.0,3.2,1821.6,0,16.46,12.5,34.5,32.4,34.0,33.9,33.6,32.9,32.5,31.3,46.8,46.8,23,34,22.8,27.5,40,41,25,0,0,0,6,6,4,0,26,26,26,36,37,34,34,34,35,45.01,42.34,45.08,42,430,4.3,0,0,0
12.0,144,0.24,0.24,0.24,11.1,11.3,11.6,12.24,-3.1,0.14,0.18,210.5,5.5,165,1,1,604,704,557,0,558,12.0,63.4,447,31.6,32.6,0.0,3.1,2067.6,0,16.83,12.5,34.3,32.2,33.8,33.8,33.5,32.5,32.4,31.1,46.9,46.5,24,34,22.8,27.5,40,42,25,0,0,0,6,6,4,0,26,26,26,36,37,34,34,34,35,45.0,42.34,45.07,42,430,4.3,0,0,0
10.72,248,0.24,0.24,0.24,10.9,11.0,11.2,10.97,1.5,0.1,0.18,210.4,4.8,166,1,1,516,705,395,-1,393,10.7,52.4,354,31.3,34.0,0.0,3.1,1673.9,0,16.24,12.5,34.4,32.2,33.9,33.9,33.6,32.7,32.6,31.3,46.9,46.7,23,34,22.8,27.5,39,41,25,0,0,0,6,6,4,0,26,26,26,36,37,34,34,34,35,45.0,42.34,45.07,41,430,4.3,0,0,0
12.05,136,0.24,0.24,0.24,11.1,11.3,11.8,12.29,5.9,0.15,0.18,210.4,6.1,161,1,1,611,704,564,0,568,12.0,66.1,450,30.6,31.9,0.0,3.1,2067.6,0,16.83,12.5,34.2,32.2,33.8,33.8,33.4,32.7,32.4,31.1,46.9,46.5,23,34,22.8,27.5,39,41,25,0,0,0,6,6,4,0,26,26,26,36,37,34,34,34,35,45.01,42.33,45.08,41,430,4.3,0,0,0
12.04,64,0.24,0.24,0.24,11.2,11.0,11.3,12.29,3.9,0.15,0.18,210.2,6.7,161,1,1,616,705,566,0,570,12.0,64.8,449,30.7,31.8,0.0,3.1,2067.6,0,16.83,12.5,34.2,32.2,33.8,33.8,33.4,32.7,32.4,31.1,46.9,46.6,23,34,22.8,27.5,39,41,25,0,0,0,6,6,4,0,26,26,26,36,37,34,34,34,35,45.0,42.34,45.08,42,420,4.3,0,0,0
11.73,248,0.24,0.24,0.24,11.1,10.9,11.1,12.01,-8.0,0.16,0.18,210.6,5.8,164,1,1,582,705,517,1,520,11.7,60.4,424,30.3,31.6,0.0,3.1,1957.0,0,16.66,12.5,34.2,32.1,33.8,33.8,33.5,32.7,32.5,31.1,46.9,46.8,24,34,22.8,27.5,38,40,25,0,0,0,6,6,4,0,26,26,26,36,37,34,34,34,35,45.01,42.34,45.07,41,430,4.3,0,0,0
11.12,248,0.24,0.24,0.24,11.0,11.4,11.3,11.37,-3.5,0.12,0.17,210.3,5.3,166,1,1,537,704,438,0,441,11.1,55.9,380,28.7,31.6,0.0,3.0,1609.1,0,16.14,12.5,34.3,32.2,33.9,33.8,33.5,32.5,32.4,31.3,46.9,46.7,23,34,22.8,27.5,37,39,25,0,0,0,6,6,4,0,26,26,26,36,37,34,34,34,35,45.0,42.34,45.08,41,420,4.3,0,0,0
11.02,248,0.24,0.24,0.24,10.9,11.3,11.4,11.27,-15.4,0.13,0.17,210.6,4.8,171,1,1,536,705,435,2,440,11.0,53.8,379,30.8,31.7,0.0,3.1,1854.7,0,16.51,12.5,34.6,32.5,34.1,34.0,33.8,32.7,32.6,31.4,46.8,46.6,23,34,22.8,27.5,39,40,25,0,0,0,6,6,4,0,26,26,26,36,37,34,34,34,35,45.0,42.34,45.07,41,430,4.3,0,0,0
11.07,248,0.24,0.24,0.24,11.0,11.2,11.2,11.38,-6.1,0.14,0.18,210.5,6.6,171,1,1,536,705,435,0,440,11.1,54.5,379,31.2,32.7,0.0,3.1,1772.0,0,16.39,12.5,34.5,32.4,34.0,33.9,33.8,32.7,32.7,31.4,46.8,46.6,23,34,22.8,27.5,39,40,25,0,0,0,6,6,4,0,26,26,26,36,37,34,34,34,35,45.01,42.34,45.08,42,430,4.3,0,0,0
11.05,200,0.24,0.24,0.24,11.0,11.0,11.4,11.28,-4.5,0.19,0.18,210.3,4.0,165,1,1,530,703,430,-1,427,11.0,55.3,376,32.1,33.2,0.0,3.2,1895.0,0,16.57,12.5,34.3,32.2,33.9,33.9,33.6,32.6,32.4,31.1,46.9,46.8,23,34,22.8,27.5,40,42,25,0,0,0,6,6,4,0,26,26,26,36,37,34,34,34,35,45.0,42.34,45.08,42,430,4.3,0,0,0
11.98,296,0.24,0.24,0.24,11.1,11.5,11.8,12.24,-7.8,0.14,0.2,210.3,5.7,162,1,1,604,705,551,1,559,11.9,65.3,444,32.9,33.7,0.0,3.2,2067.6,0,16.83,12.5,34.4,32.2,33.9,33.9,33.6,32.7,32.4,31.1,46.9,46.8,24,34,22.8,27.5,41,43,25,0,0,0,6,6,4,0,26,26,26,36,37,34,34,34,35,45.0,42.34,45.08,42,430,4.3,0,0,0
11.43,88,0.24,0.24,0.24,11.0,11.1,11.3,11.67,-0.1,0.15,0.18,210.3,5.7,163,1,1,566,704,483,1,481,11.4,58.1,404,31.2,33.8,0.0,3.1,1793.7,0,16.42,12.5,34.4,32.3,33.9,33.9,33.6,32.6,32.5,31.2,46.9,46.9,23,34,22.7,27.5,40,42,25,0,0,0,6,6,4,0,26,26,26,36,37,34,34,34,35,45.0,42.34,45.07,41,420,4.3,0,0,0
10.74,248,0.24,0.24,0.24,10.9,11.2,11.2,10.97,-4.7,0.16,0.18,210.6,4.6,167,1,1,515,705,396,-1,397,10.7,52.7,356,32.1,33.6,0.0,3.2,1821.6,0,16.46,12.5,34.5,32.4,34.0,33.9,33.7,33.0,32.5,31.3,46.9,46.7,23,34,22.8,27.5,40,41,25,0,0,0,6,6,4,0,26,26,26,36,37,34,34,34,35,45.0,42.34,45.07,42,430,4.3,0,0,0
10.73,248,0.24,0.24,0.24,10.9,10.9,11.3,10.96,-2.2,0.17,0.18,210.5,5.6,164,1,1,512,704,396,1,398,10.7,50.6,355,30.0,32.1,0.0,3.1,1490.6,0,15.96,12.5,34.4,32.2,33.9,33.9,33.5,32.7,32.4,31.3,46.9,46.6,23,34,22.8,27.5,38,39,25,0,0,0,6,6,4,0,26,26,26,36,37,34,34,34,35,45.01,42.34,45.08,41,430,4.3,0,0,0
11.4,248,0.24,0.24,0.24,11.1,11.1,11.2,11.59,3.7,0.19,0.18,210.5,5.7,162,1,1,565,705,481,1,478,11.4,60.0,405,29.9,31.2,0.0,3.1,1835.1,0,16.48,12.5,34.2,32.1,33.7,33.7,33.5,32.5,32.5,31.3,46.9,46.7,23,34,22.8,27.5,38,39,25,0,0,0,6,6,4,0,26,26,26,36,37,34,34,34,35,45.0,42.34,45.08,42,430,4.3,0,0,0
11.72,88,0.24,0.24,0.24,11.1,11.4,11.6,11.93,-2.1,0.08,0.18,210.0,5.0,164,1,1,584,704,517,1,515,11.7,62.2,424,32.7,34.5,0.0,3.1,2067.6,0,16.83,12.5,34.4,32.3,33.9,33.9,33.6,32.5,32.5,31.2,47.0,46.6,23,34,22.8,27.5,41,43,25,0,0,0,6,6,4,0,26,26,26,36,37,34,34,34,35,45.0,42.34,45.07,42,430,4.3,0,0,0
12.05,232,0.24,0.24,0.24,11.1,11.4,11.8,12.39,-8.6,0.14,0.18,210.7,5.8,166,1,1,615,705,563,0,567,12.0,64.7,450,30.5,32.8,0.0,3.1,2067.6,0,16.83,12.5,34.3,32.2,33.9,33.8,33.5,32.6,32.3,31.1,46.9,46.9,23,34,22.8,27.5,39,41,25,0,0,0,6,6,4,0,26,26,26,36,37,34,34,34,35,45.0,42.34,45.07,42,430,4.3,0,0,0
11.33,88,0.24,0.24,0.24,11.0,11.4,11.6,11.59,3.0,0.15,0.18,210.3,5.7,162,1,1,553,704,468,0,473,11.3,56.5,398,30.8,32.8,0.0,3.1,1657.5,0,16.21,12.5,34.4,32.3,33.9,33.9,33.6,32.8,32.4,31.1,46.9,46.8,23,34,22.8,27.5,39,41,25,0,0,0,6,6,4,0,26,26,26,36,37,34,34,34,35,45.0,42.34,45.08,42,430,4.3,0,0,0
11.37,248,0.24,0.24,0.24,11.0,11.3,11.4,11.59,-0.4,0.17,0.18,210.3,5.3,163,1,1,555,705,467,0,470,11.3,56.7,397,29.8,31.2,0.0,3.1,1690.4,0,16.26,12.5,34.2,32.2,33.8,33.7,33.5,32.6,32.4,31.2,46.9,46.7,23,34,22.8,27.5,38,39,25,0,0,0,6,6,4,0,26,26,26,36,37,34,34,34,35,45.0,42.34,45.08,42,430,4.3,0,0,0
11.28,200,0.24,0.24,0.24,11.0,11.3,11.6,11.57,-1.3,0.08,0.18,210.1,4.5,166,1,1,560,705,470,0,469,11.2,57.0,400,31.6,33.2,0.0,3.2,2067.6,0,16.83,12.5,34.3,32.2,33.8,33.8,33.6,32.4,32.4,31.2,46.9,46.9,24,34,22.8,27.5,40,42,25,0,0,0,6,6,4,0,26,26,26,36,37,34,34,34,35,45.01,42.34,45.07,41,430,4.3,0,0,0
11.46,248,0.24,0.24,0.24,11.1,11.1,11.2,11.68,-7.5,0.13,0.18,210.4,6.5,170,1,1,565,705,486,-1,484,11.4,58.1,406,30.1,31.7,0.0,3.1,2067.6,0,16.83,12.5,34.6,32.5,34.1,34.0,33.8,33.0,32.6,31.4,46.8,46.6,23,34,22.8,27.5,38,40,25,0,0,0,6,6,4,0,26,26,26,36,37,34,34,34,35,45.01,42.34,45.07,42,430,4.3,0,0,0
10.78,248,0.24,0.24,0.24,10.9,11.2,11.1,11.02,-25.6,0.13,0.16,210.3,3.9,172,1,1,514,705,405,2,406,10.7,53.3,362,31.1,32.1,0.0,3.1,1786.5,0,16.41,12.5,34.6,32.5,34.1,33.9,33.8,32.6,32.6,31.4,46.8,46.7,23,34,22.8,27.5,39,40,25,0,0,0,6,6,4,0,26,26,26,36,37,34,34,34,35,45.01,42.34,45.08,42,430,4.3,0,0,0
10.61,248,0.24,0.24,0.24,10.9,11.1,11.3,10.8,1.9,0.13,0.17,210.5,4.6,165,1,1,505,705,380,0,384,10.5,51.1,347,30.5,33.2,0.0,3.1,1623.5,0,16.16,12.5,34.4,32.2,33.9,33.9,33.6,32.7,32.5,31.3,46.9,46.7,23,34,22.8,27.5,39,40,25,0,0,0,6,6,4,0,26,26,26,36,37,34,34,34,35,45.0,42.34,45.08,42,430,4.3,0,0,0
12.25,240,0.24,0.24,0.24,11.3,11.0,11.4,12.49,11.2,0.13,0.18,210.1,6.1,159,1,1,636,705,597,0,596,12.3,68.5,468,32.6,33.6,0.0,3.2,1908.4,0,16.59,12.5,34.3,32.2,33.9,33.9,33.6,32.8,32.4,31.2,46.9,46.9,23,34,22.8,27.5,41,43,25,0,0,0,6,6,4,0,26,26,26,36,37,34,34,34,35,45.0,42.34,45.07,41,430,4.3,0,0,0
12.0,72,0.24,0.24,0.24,11.2,11.1,11.3,12.2,9.0,0.14,0.18,210.2,5.8,163,1,1,608,705,554,0,556,12.0,62.9,444,31.6,32.6,0.0,3.1,2067.6,0,16.83,12.5,34.3,32.2,33.8,33.8,33.5,32.5,32.4,31.1,46.9,46.6,24,34,22.8,27.5,40,42,25,0,0,0,6,6,4,0,26,26,26,36,37,34,34,34,35,45.0,42.34,45.07,42,430,4.3,0,0,0
11.86,88,0.24,0.24,0.24,11.1,11.3,11.6,12.1,-4.3,0.11,0.18,210.3,4.5,165,1,1,595,705,535,0,539,11.8,63.0,434,33.1,34.5,0.0,3.2,2067.6,0,16.83,12.5,34.4,32.3,33.9,33.9,33.6,32.6,32.4,31.2,47.0,46.6,24,34,22.8,27.5,42,44,25,0,0,0,6,6,4,0,26,26,26,36,37,34,34,34,35,45.0,42.34,45.08,42,420,4.3,0,0,0
11.36,88,0.24,0.24,0.24,11.0,11.2,11.4,11.63,3.5,0.13,0.17,210.4,6.6,162,1,1,558,704,471,0,474,11.4,58.8,399,31.1,32.8,0.0,3.1,1657.5,0,16.21,12.5,34.4,32.3,33.9,33.9,33.6,32.8,32.4,31.1,46.9,46.8,23,34,22.8,27.5,39,41,25,0,0,0,6,6,4,0,26,26,26,36,37,34,34,34,35,45.0,42.34,45.08,41,420,4.3,0,0,0
11.25,248,0.24,0.24,0.24,11.0,11.3,11.3,11.47,0.1,0.13,0.18,210.4,7.1,170,1,1,549,705,459,1,461,11.2,55.6,393,31.4,33.0,0.0,3.1,1722.4,0,16.31,12.5,34.5,32.4,33.9,33.9,33.8,32.8,32.8,31.4,46.9,46.6,23,34,22.8,27.5,39,41,25,0,0,0,6,6,4,0,26,26,26,36,37,34,34,34,35,45.01,42.34,45.08,42,430,4.3,0,0,0
10.68,248,0.24,0.24,0.24,10.9,11.3,11.1,10.97,2.7,0.13,0.18,210.4,5.3,166,1,1,515,705,395,0,399,10.7,52.3,355,30.6,33.9,0.0,3.1,1623.5,0,16.16,12.5,34.4,32.2,33.9,33.9,33.6,32.6,32.6,31.3,46.9,46.8,23,34,22.8,27.5,39,41,25,0,0,0,6,6,4,0,26,26,26,36,37,34,34,34,35,45.0,42.34,45.08,42,420,4.3,0,0,0
10.97,248,0.24,0.24,0.24,11.0,11.3,11.3,11.15,4.0,0.13,0.18,210.3,4.8,164,1,1,526,704,418,0,422,10.9,54.5,370,29.4,30.6,0.0,3.1,1690.4,0,16.26,12.5,34.2,32.2,33.8,33.7,33.5,32.4,32.4,31.3,46.9,46.7,23,34,22.8,27.5,37,39,25,0,0,0,6,6,4,0,26,26,26,36,37,34,34,34,35,45.0,42.34,45.08,42,430,4.3,0,0,0
10.96,248,0.24,0.24,0.24,11.0,11.1,11.3,11.17,-4.0,0.19,0.18,210.3,5.3,170,1,1,529,705,425,1,423,11.0,53.9,373,30.9,31.9,0.0,3.1,1854.7,0,16.51,12.5,34.6,32.5,34.1,34.0,33.8,32.7,32.6,31.5,46.8,46.6,23,34,22.8,27.5,39,40,25,0,0,0,6,6,4,0,26,26,26,36,37,34,34,34,35,45.0,42.34,45.08,41,430,4.3,0,0,0
11.03,248,0.24,0.24,0.24,10.9,11.3,11.5,11.27,-8.8,0.14,0.17,210.5,6.0,166,1,1,532,705,430,1,432,11.1,54.2,376,28.9,31.8,0.0,3.0,1609.1,0,16.14,12.5,34.4,32.2,33.9,33.8,33.5,32.6,32.4,31.3,46.9,46.7,23,34,22.8,27.5,38,39,25,0,0,0,6,6,4,0,26,26,26,36,37,34,34,34,35,45.01,42.34,45.07,42,430,4.3,0,0,0
11.63,240,0.24,0.24,0.24,11.1,11.0,11.3,11.9,-2.2,0.19,0.17,210.5,4.8,163,1,1,581,705,509,0,509,11.6,61.4,420,33.0,34.0,0.1,3.2,2002.5,0,16.73,12.5,34.4,32.3,33.9,33.9,33.5,32.6,32.3,31.1,46.9,46.6,23,34,22.8,27.5,41,43,25,0,0,0,6,6,4,0,26,26,26,36,37,34,34,34,35,45.0,42.34,45.07,42,430,4.3,0,0,0
10.94,248,0.24,0.24,0.24,11.0,10.9,11.3,11.16,-2.9,0.15,0.2,210.4,4.6,166,1,1,532,704,424,1,430,10.9,54.7,371,33.0,33.9,0.1,3.2,1617.3,0,16.15,12.5,34.4,32.4,33.9,33.9,33.6,32.5,32.6,31.3,46.9,46.7,23,34,22.8,27.5,40,42,25,0,0,0,6,6,4,0,26,26,26,36,37,34,34,34,35,45.0,42.34,45.07,42,430,4.3,0,0,0
11.41,88,0.24,0.24,0.24,10.9,11.4,11.6,11.69,4.0,0.11,0.18,210.3,6.2,163,1,1,561,704,479,1,485,11.4,59.7,405,30.8,34.0,0.0,3.1,1793.7,0,16.42,12.5,34.4,32.3,33.9,33.9,33.6,32.6,32.4,31.2,46.9,46.8,23,34,22.7,27.5,40,42,25,0,0,0,6,6,4,0,26,26,26,36,37,34,34,34,35,45.0,42.34,45.08,42,430,4.3,0,0,0
11.11,248,0.24,0.24,0.24,11.0,10.9,11.3,11.33,-5.3,0.2,0.19,210.5,4.1,170,1,1,540,705,444,0,439,11.0,54.7,383,30.7,31.4,0.0,3.1,2067.6,0,16.83,12.5,34.6,32.5,34.1,34.0,33.8,32.9,32.6,31.5,46.8,46.7,23,34,22.8,27.5,38,40,25,0,0,0,6,6,4,0,26,26,26,36,37,34,34,34,35,45.01,42.34,45.08,41,430,4.4,0,0,0
10.99,248,0.24,0.24,0.24,11.0,11.0,11.3,11.22,-3.9,0.13,0.18,210.3,5.2,170,1,1,535,705,428,1,427,11.0,54.5,374,30.8,32.1,0.0,3.1,1854.7,0,16.51,12.5,34.6,32.5,34.1,34.0,33.8,32.7,32.6,31.5,46.8,46.6,24,34,22.8,27.5,39,40,25,0,0,0,6,6,4,0,26,26,26,36,37,34,34,34,35,45.0,42.34,45.08,41,430,4.3,0,0,0
10.92,248,0.24,0.24,0.24,10.9,11.1,11.2,11.12,-14.3,0.14,0.18,210.5,6.2,171,1,1,530,705,418,-1,418,10.8,52.5,368,31.5,32.8,0.0,3.1,1772.0,0,16.39,12.5,34.5,32.4,33.9,33.9,33.8,32.7,32.7,31.4,46.8,46.7,23,34,22.8,27.5,39,41,25,0,0,0,6,6,4,0,26,26,26,36,37,34,34,34,35,45.01,42.33,45.08,42,420,4.3,0,0,0
10.59,248,0.24,0.24,0.24,10.9,11.1,11.1,10.76,0.6,0.13,0.18,210.4,4.8,165,1,1,512,705,387,0,386,10.6,50.9,350,30.7,33.1,0.0,3.1,1623.5,0,16.16,12.5,34.4,32.2,33.9,33.9,33.6,32.6,32.5,31.3,46.9,46.8,23,34,22.8,27.5,39,40,25,0,0,0,6,6,4,0,26,26,26,36,37,34,34,34,35,45.0,42.34,45.07,41,430,4.3,0,0,0
11.95,328,0.24,0.24,0.24,11.1,11.3,11.5,12.2,-13.1,0.15,0.17,210.0,4.6,165,1,1,603,705,548,0,547,11.9,62.4,441,30.8,32.2,0.0,3.1,2067.6,0,16.83,12.5,34.2,32.2,33.9,33.8,33.5,32.6,32.3,31.1,46.9,46.6,23,34,22.8,27.5,39,41,25,0,0,0,6,6,4,0,26,26,26,36,37,34,34,34,35,45.0,42.34,45.08,41,430,4.3,0,0,0
11.12,248,0.24,0.24,0.24,11.0,11.1,11.3,11.37,-8.5,0.12,0.17,210.3,6.0,171,1,1,542,705,441,0,451,11.2,55.4,381,31.9,32.7,0.0,3.2,1722.4,0,16.31,12.5,34.5,32.4,33.9,33.9,33.8,32.8,32.8,31.4,46.9,46.6,23,34,22.8,27.5,39,41,25,0,0,0,6,6,4,0,26,26,26,36,37,34,34,34,35,45.01,42.34,45.07,42,430,4.3,0,0,0
12.07,352,0.24,0.24,0.24,11.1,11.4,12.0,12.35,7.1,0.13,0.2,210.2,6.9,161,1,1,608,704,559,1,563,12.0,65.4,447,30.7,31.6,0.0,3.1,2067.6,0,16.83,12.5,34.2,32.2,33.8,33.8,33.4,32.7,32.3,31.1,46.9,46.5,23,34,22.8,27.5,39,41,25,0,0,0,6,6,4,0,26,26,26,36,37,34,34,34,35,45.0,42.33,45.08,41,430,4.3,0,0,0
12.29,96,0.24,0.24,0.24,11.2,11.3,12.0,12.59,13.6,0.16,0.18,210.3,5.6,159,1,1,637,705,599,1,605,12.3,68.4,469,32.6,33.4,0.0,3.2,1908.4,0,16.59,12.5,34.3,32.2,33.9,33.9,33.6,32.7,32.4,31.1,46.9,46.9,24,34,22.8,27.5,41,43,25,0,0,0,6,6,4,0,26,26,26,36,37,34,34,34,35,45.0,42.34,45.07,42,420,4.3,0,0,0
11.64,248,0.24,0.24,0.24,11.1,11.1,11.3,11.9,0.4,0.13,0.18,210.1,6.2,162,1,1,578,704,507,1,510,11.6,59.4,417,30.0,31.6,0.0,3.1,1957.0,0,16.66,12.5,34.2,32.1,33.8,33.8,33.5,32.7,32.5,31.2,46.9,46.8,23,34,22.8,27.5,38,40,25,0,0,0,6,6,4,0,26,26,26,36,37,34,34,34,35,45.0,42.34,45.08,42,420,4.3,0,0,0
12.03,224,0.24,0.24,0.24,11.1,11.1,11.3,12.2,-2.9,0.14,0.2,210.4,4.9,161,1,1,612,704,563,0,566,12.0,66.6,450,32.4,33.9,0.0,3.2,2067.6,0,16.83,12.5,34.4,32.2,33.9,33.9,33.6,32.6,32.4,31.1,46.9,46.8,23,34,22.8,27.5,41,43,25,0,0,0,6,6,4,0,26,26,26,36,37,34,34,34,35,45.01,42.34,45.08,42,430,4.4,0,0,0
11.48,248,0.24,0.24,0.24,11.0,11.4,11.6,11.69,-6.0,0.16,0.18,210.5,5.4,169,1,1,566,705,483,1,486,11.5,59.0,406,31.7,33.2,0.0,3.1,1722.4,0,16.31,12.5,34.5,32.4,34.0,33.9,33.7,32.9,32.6,31.3,46.9,46.7,24,34,22.8,27.5,40,41,25,0,0,0,6,6,4,0,26,26,26,36,37,34,34,34,35,45.0,42.34,45.07,42,430,4.3,0,0,0
10.87,248,0.24,0.24,0.24,10.9,11.2,11.3,11.07,-15.0,0.13,0.17,210.3,4.9,174,1,1,524,705,406,1,400,10.7,52.0,361,31.3,32.1,0.0,3.1,1786.5,0,16.41,12.5,34.5,32.5,34.1,33.9,33.8,32.6,32.6,31.5,46.8,46.7,23,34,22.8,27.5,39,40,25,0,0,0,6,6,4,0,26,26,26,36,37,34,34,34,35,45.0,42.34,45.07,42,430,4.3,0,0,0
10.72,248,0.24,0.24,0.24,10.9,11.1,11.2,10.97,-11.8,0.11,0.18,210.4,5.5,169,1,1,515,705,395,1,400,10.7,50.3,354,32.6,33.4,0.0,3.2,1821.6,0,16.46,12.5,34.5,32.4,34.0,33.9,33.6,32.9,32.5,31.4,46.9,46.8,23,34,22.8,27.5,40,41,25,0,0,0,6,6,4,0,26,26,26,36,37,34,34,34,35,45.01,42.34,45.07,41,420,4.3,0,0,0
11.93,64,0.24,0.24,0.24,11.1,11.4,11.8,12.29,-7.4,0.13,0.18,210.3,5.2,162,1,1,602,705,551,1,559,11.9,65.4,444,32.5,34.0,0.0,3.2,2067.6,0,16.83,12.5,34.4,32.2,33.9,33.9,33.6,32.7,32.4,31.1,46.9,46.8,23,34,22.8,27.5,41,43,25,0,0,0,6,6,4,0,26,26,26,36,37,34,34,34,35,45.0,42.34,45.07,41,430,4.3,0,0,0
11.16,248,0.24,0.24,0.24,11.0,11.4,11.5,11.33,-2.3,0.17,0.2,210.5,6.4,166,1,1,542,704,443,0,448,11.2,56.0,384,28.8,31.6,0.0,3.0,1609.1,0,16.14,12.5,34.3,32.2,33.9,33.8,33.5,32.6,32.4,31.3,46.9,46.7,23,34,22.8,27.5,37,39,25,0,0,0,6,6,4,0,26,26,26,36,37,34,34,34,35,45.0,42.34,45.08,42,420,4.3,0,0,0
11.45,88,0.24,0.24,0.24,11.0,11.2,11.4,11.68,0.2,0.17,0.18,210.3,5.3,163,1,1,564,704,481,0,482,11.4,58.8,405,31.0,33.9,0.0,3.1,1793.7,0,16.42,12.5,34.4,32.3,33.9,33.9,33.6,32.6,32.5,31.2,46.9,46.8,23,34,22.7,27.5,40,42,25,0,0,0,6,6,4,0,26,26,26,36,37,34,34,34,35,45.0,42.34,45.08,42,420,4.3,0,0,0
10.77,248,0.24,0.24,0.24,10.9,11.0,11.3,10.96,-24.2,0.13,0.18,210.4,5.7,173,1,1,516,705,399,1,406,10.8,51.4,358,30.8,32.5,0.0,3.1,1786.5,0,16.41,12.5,34.6,32.5,34.1,33.9,33.8,32.6,32.6,31.4,46.8,46.7,24,34,22.8,27.5,39,40,25,0,0,0,6,6,4,0,26,26,26,36,37,34,34,34,35,45.0,42.34,45.07,42,420,4.3,0,0,0
11.04,248,0.24,0.24,0.24,11.0,11.4,11.6,11.26,-7.5,0.11,0.2,210.4,5.5,170,1,1,539,706,434,-1,434,11.0,54.4,378,30.5,32.2,0.0,3.1,1854.7,0,16.51,12.5,34.6,32.5,34.1,34.0,33.8,32.6,32.6,31.5,46.8,46.6,23,34,22.8,27.5,39,40,25,0,0,0,6,6,4,0,26,26,26,36,37,34,34,34,35,45.0,42.34,45.07,42,420,4.3,0,0,0
11.58,88,0.24,0.24,0.24,11.1,11.4,11.5,11.78,-1.5,0.14,0.18,210.5,5.2,163,1,1,569,704,490,0,490,11.5,58.4,409,31.1,34.4,0.0,3.1,1793.7,0,16.42,12.5,34.4,32.3,33.9,33.9,33.6,32.6,32.5,31.1,46.9,46.8,23,34,22.7,27.5,40,42,25,0,0,0,6,6,4,0,26,26,26,36,37,34,34,34,35,45.0,42.34,45.08,42,430,4.3,0,0,0
11.5,248,0.24,0.24,0.24,11.1,11.2,11.3,11.7,4.7,0.14,0.18,210.6,5.4,162,1,1,566,705,484,-1,480,11.5,59.2,405,29.8,31.6,0.0,3.1,1835.1,0,16.48,12.5,34.2,32.1,33.7,33.7,33.5,32.5,32.5,31.3,46.9,46.7,23,34,22.8,27.5,38,39,25,0,0,0,6,6,4,0,26,26,26,36,37,34,34,34,35,45.0,42.34,45.07,42,430,4.3,0,0,0
10.73,248,0.24,0.24,0.24,10.9,11.1,11.2,10.97,-7.9,0.12,0.18,210.6,5.8,169,1,1,521,705,400,0,409,10.8,52.9,358,31.7,34.5,0.0,3.1,1673.9,0,16.24,12.5,34.4,32.3,33.9,33.9,33.6,32.7,32.6,31.3,46.9,46.6,23,34,22.8,27.5,40,41,25,0,0,0,6,6,4,0,26,26,26,36,37,34,34,34,35,45.0,42.34,45.08,41,430,4.3,0,0,0
12.01,280,0.24,0.24,0.24,11.2,10.9,11.2,12.28,0.9,0.17,0.18,210.6,6.0,163,1,1,613,705,563,0,569,12.0,64.9,449,33.5,34.5,0.1,3.2,1836.1,0,16.48,12.5,34.4,32.3,33.9,33.9,33.6,32.5,32.4,31.2,46.9,46.9,23,34,22.8,27.5,41,43,25,0,0,0,6,6,4,0,26,26,26,36,37,34,34,34,35,45.01,42.34,45.07,41,420,4.3,0,0,0
11.01,248,0.24,0.24,0.24,11.0,11.2,11.3,11.27,-12.5,0.13,0.17,210.4,5.7,171,1,1,537,705,430,-1,432,11.0,53.4,374,31.0,31.8,0.0,3.1,1854.7,0,16.51,12.5,34.6,32.5,34.1,34.0,33.8,32.7,32.6,31.5,46.8,46.7,23,34,22.8,27.5,39,40,25,0,0,0,6,6,4,0,26,26,26,36,37,34,34,34,35,45.0,42.34,45.07,42,430,4.3,0,0,0
11.23,200,0.24,0.24,0.24,11.0,11.4,11.4,11.42,3.0,0.26,0.2,210.2,5.6,164,1,1,547,705,447,1,448,11.2,54.3,385,32.1,33.3,0.0,3.2,1895.0,0,16.57,12.5,34.3,32.2,33.9,33.9,33.6,32.7,32.4,31.0,46.9,46.8,23,34,22.8,27.5,40,42,25,0,0,0,6,6,4,0,26,26,26,36,37,34,34,34,35,45.0,42.34,45.07,42,430,4.3,0,0,0
11.25,248,0.24,0.24,0.24,11.0,11.1,11.3,11.48,-0.7,0.14,0.17,210.5,6.6,163,1,1,549,704,456,0,461,11.3,56.1,391,29.7,31.0,0.0,3.1,1690.4,0,16.26,12.5,34.2,32.2,33.8,33.7,33.5,32.4,32.4,31.3,46.9,46.7,23,34,22.8,27.5,38,39,25,0,0,0,6,6,4,0,26,26,26,36,37,34,34,34,35,45.0,42.34,45.08,42,430,4.3,0,0,0
11.92,208,0.24,0.24,0.24,11.1,11.3,11.6,12.2,-1.3,0.13,0.18,210.3,6.2,163,1,1,600,705,543,0,552,11.9,61.9,437,33.0,33.8,0.1,3.2,2067.6,0,16.83,12.5,34.4,32.3,33.9,33.9,33.5,32.7,32.3,31.2,46.9,46.6,23,34,22.8,27.5,41,43,25,0,0,0,6,6,4,0,26,26,26,36,37,34,34,34,35,45.0,42.34,45.07,42,430,4.3,0,0,0
10.75,248,0.24,0.24,0.24,10.9,11.1,11.2,10.96,-10.3,0.13,0.18,210.1,5.9,167,1,1,522,705,403,0,401,10.7,51.3,360,32.3,33.3,0.0,3.2,1821.6,0,16.46,12.5,34.5,32.4,34.0,33.9,33.7,33.0,32.6,31.3,46.8,46.8,23,34,22.8,27.5,40,41,25,0,0,0,6,6,4,0,26,26,26,36,37,34,34,34,35,45.01,42.34,45.08,41,420,4.3,0,0,0
11.49,88,0.24,0.24,0.24,11.0,11.3,11.4,11.72,0.7,0.17,0.18,210.3,4.9,162,1,1,564,704,483,0,479,11.4,57.8,405,30.8,32.7,0.0,3.1,1657.5,0,16.21,12.5,34.4,32.3,33.9,33.9,33.6,32.9,32.4,31.0,47.0,46.7,23,34,22.8,27.5,39,41,25,0,0,0,6,6,4,0,26,26,26,36,37,34,34,34,35,45.0,42.34,45.08,42,430,4.3,0,0,0
11.96,336,0.24,0.24,0.24,11.1,11.6,12.0,12.23,-1.0,0.09,0.17,210.4,6.6,163,1,1,603,704,544,0,545,11.9,63.2,440,33.0,34.3,0.1,3.2,1836.1,0,16.48,12.5,34.4,32.3,33.9,33.9,33.6,32.6,32.4,31.2,46.9,46.9,23,34,22.8,27.5,41,43,25,0,0,0,6,6,4,0,26,26,26,36,37,34,34,34,35,45.0,42.34,45.08,42,420,4.3,0,0,0
10.78,248,0.24,0.24,0.24,10.9,11.2,11.2,11.06,-22.7,0.14,0.17,210.0,4.5,173,1,1,521,706,400,0,405,10.7,50.8,359,31.0,32.3,0.0,3.1,1786.5,0,16.41,12.5,34.6,32.5,34.1,33.9,33.8,32.6,32.6,31.4,46.8,46.7,23,34,22.8,27.5,39,40,25,0,0,0,6,6,4,0,26,26,26,36,37,34,34,34,35,45.0,42.34,45.07,42,430,4.3,0,0,0
11.0,248,0.24,0.24,0.24,11.0,11.1,11.3,11.23,-6.5,0.11,0.18,210.5,5.2,171,1,1,534,705,424,-2,423,10.9,52.4,370,31.8,32.6,0.0,3.1,1722.4,0,16.31,12.5,34.5,32.4,33.9,33.9,33.8,32.8,32.7,31.4,46.9,46.7,23,34,22.8,27.5,39,41,25,0,0,0,6,6,4,0,26,26,26,36,37,34,34,34,35,45.0,42.34,45.08,42,420,4.3,0,0,0
10.77,248,0.24,0.24,0.24,10.9,11.3,11.4,11.01,-17.8,0.13,0.18,210.3,5.1,173,1,1,519,706,403,0,410,10.7,53.1,361,30.8,32.4,0.0,3.1,1786.5,0,16.41,12.5,34.6,32.5,34.1,33.9,33.8,32.7,32.6,31.4,46.8,46.7,23,34,22.8,27.5,39,40,25,0,0,0,6,6,4,0,26,26,26,36,37,34,34,34,35,45.0,42.34,45.08,42,430,4.3,0,0,0
12.02,192,0.24,0.24,0.24,11.1,11.3,11.6,12.29,3.0,0.13,0.17,210.3,5.2,161,1,1,610,705,557,-1,565,12.0,63.0,445,30.7,32.0,0.0,3.1,2067.6,0,16.83,12.5,34.2,32.2,33.9,33.8,33.4,32.7,32.3,31.1,46.9,46.6,23,34,22.8,27.5,39,41,25,0,0,0,6,6,4,0,26,26,26,36,37,34,34,34,35,45.0,42.34,45.08,42,420,4.3,0,0,0
11.35,248,0.24,0.24,0.24,11.0,11.3,11.6,11.58,-8.2,0.16,0.19,210.6,4.7,170,1,1,559,705,477,0,474,11.3,59.8,404,30.1,31.6,0.0,3.1,2067.6,0,16.83,12.5,34.6,32.5,34.1,34.1,33.8,33.0,32.6,31.4,46.8,46.6,24,34,22.8,27.5,38,40,25,0,0,0,6,6,4,0,26,26,26,36,37,34,34,34,35,45.0,42.34,45.07,41,430,4.3,0,0,0
10.76,248,0.24,0.24,0.24,10.9,11.4,11.4,11.07,-8.2,0.16,0.18,210.3,4.9,169,1,1,522,705,403,0,407,10.7,53.4,360,32.3,34.3,0.0,3.1,1673.9,0,16.24,12.5,34.4,32.3,33.9,33.9,33.6,32.7,32.6,31.3,46.9,46.6,23,34,22.8,27.5,40,42,25,0,0,0,6,6,4,0,26,26,26,36,37,34,34,34,35,45.0,42.34,45.08,41,430,4.3,0,0,0
11.69,88,0.24,0.24,0.24,11.1,11.4,11.8,11.89,-2.1,0.1,0.2,210.1,5.6,163,1,1,577,704,506,0,506,11.6,59.6,419,30.8,32.3,0.0,3.1,1657.5,0,16.21,12.5,34.4,32.3,33.9,33.9,33.6,32.8,32.4,31.2,47.0,46.6,23,34,22.8,27.5,39,41,25,0,0,0,6,6,4,0,26,26,26,36,37,34,34,34,35,45.01,42.34,45.07,42,430,4.3,0,0,0
11.45,248,0.24,0.24,0.24,11.0,11.3,11.4,11.68,-9.3,0.16,0.18,210.4,5.3,170,1,1,566,706,483,3,487,11.5,59.5,406,30.2,31.5,0.0,3.1,2067.6,0,16.83,12.5,34.6,32.5,34.1,34.0,33.8,33.0,32.6,31.4,46.8,46.7,23,34,22.8,27.5,38,40,25,0,0,0,6,6,4,0,26,26,26,36,37,34,34,34,35,45.01,42.34,45.07,42,430,4.3,0,0,0
11.13,248,0.24,0.24,0.24,10.9,11.2,11.3,11.38,4.4,0.11,0.18,210.5,5.1,166,1,1,547,705,444,0,448,11.1,54.6,383,31.9,33.1,0.0,3.1,1968.4,0,16.68,12.5,34.5,32.4,33.9,33.9,33.7,32.8,32.6,31.4,46.8,46.8,24,34,22.8,27.5,40,41,25,0,0,0,6,6,4,0,26,26,26,36,37,34,34,34,35,45.01,42.34,45.08,42,430,4.2,0,0,0
10.89,248,0.24,0.24,0.24,10.9,11.1,11.3,11.06,-5.6,0.13,0.18,210.5,5.1,168,1,1,524,704,416,0,419,10.9,54.0,366,32.5,33.8,0.0,3.2,1623.5,0,16.16,12.5,34.5,32.4,33.9,33.9,33.6,32.6,32.5,31.4,46.9,46.7,23,34,22.8,27.5,40,41,25,0,0,0,6,6,4,0,26,26,26,36,37,34,34,34,35,45.0,42.34,45.08,42,430,4.3,0,0,0
11.23,248,0.24,0.24,0.24,11.0,11.4,11.4,11.48,-4.9,0.14,0.18,210.4,5.0,171,1,1,540,705,448,0,452,11.2,56.6,385,31.6,33.0,0.0,3.2,1722.4,0,16.31,12.5,34.5,32.4,33.9,33.9,33.8,32.8,32.8,31.4,46.9,46.6,23,34,22.8,27.5,39,41,25,0,0,0,6,6,4,0,26,26,26,36,37,34,34,34,35,45.01,42.34,45.07,41,420,4.3,0,0,0
11.77,240,0.24,0.24,0.24,11.0,11.2,11.6,12.0,-5.4,0.1,0.18,210.4,6.4,164,1,1,586,704,522,1,518,11.7,60.3,427,33.2,34.1,0.1,3.2,2002.5,0,16.73,12.5,34.4,32.3,33.9,33.9,33.5,32.7,32.3,31.1,46.9,46.8,23,34,22.8,27.5,41,43,25,0,0,0,6,6,4,0,26,26,26,36,37,34,34,34,35,45.01,42.34,45.07,42,430,4.3,0,0,0
12.33,312,0.24,0.24,0.24,11.1,11.6,12.0,12.61,13.0,0.11,0.18,210.7,4.8,159,1,1,636,705,598,1,596,12.2,66.1,467,32.4,33.5,0.0,3.2,1908.4,0,16.59,12.5,34.3,32.2,33.9,33.9,33.6,32.7,32.4,31.1,46.9,46.9,23,34,22.8,27.5,41,43,25,0,0,0,6,6,4,0,26,26,26,36,37,34,34,34,35,45.0,42.34,45.07,42,430,4.3,0,0,0
10.72,248,0.24,0.24,0.24,10.9,10.9,11.3,10.97,-7.3,0.12,0.18,210.3,5.6,167,1,1,520,706,398,-2,395,10.7,51.9,355,32.4,33.4,0.0,3.2,1821.6,0,16.46,12.5,34.5,32.4,34.0,33.9,33.7,33.0,32.5,31.3,46.9,46.7,23,34,22.8,27.5,40,41,25,0,0,0,6,6,4,0,26,26,26,36,37,34,34,34,35,45.0,42.34,45.07,42,430,4.3,0,0,0
11.13,200,0.24,0.24,0.24,11.0,11.4,11.4,11.37,8.6,0.2,0.2,210.4,3.9,163,1,1,543,704,445,0,448,11.1,54.8,384,31.8,33.2,0.0,3.2,1895.0,0,16.57,12.5,34.3,32.2,33.9,33.8,33.6,32.4,32.5,31.1,46.9,46.8,24,34,22.8,27.5,40,42,25,0,0,0,6,6,4,0,26,26,26,36,37,34,34,34,35,45.0,42.34,45.08,42,420,4.3,0,0,0
