轮毂转速,轮毂角度,叶片1角度,叶片2角度,叶片3角度,变桨电机1电流,变桨电机2电流,变桨电机3电流,超速传感器转速检测值,5秒偏航对风平均值,x方向振动值,y方向振动值,液压制动压力,机舱气象站风速,风向绝对值,大气压力,无功功率控制状态,变频器电网侧电流,变频器电网侧电压,变频器电网侧有功功率,变频器电网侧无功功率,变频器发电机侧功率,发电机运行频率,发电机电流,发电机转矩,变频器入口温度,变频器出口温度,变频器入口压力,变频器出口压力,发电机功率限幅值,无功功率设定值,额定的轮毂转速,测风塔环境温度,发电机定子温度1,发电机定子温度2,发电机定子温度3,发电机定子温度4,发电机定子温度5,发电机定子温度6,发电机空气温度1,发电机空气温度2,主轴承温度1,主轴承温度2,轮毂温度,轮毂控制柜温度,机舱温度,机舱控制柜温度,变频器INU温度,变频器ISU温度,变频器INU RMIO温度,变桨电机1功率估算,变桨电机2功率估算,变桨电机3功率估算,风机当前状态值,轮毂当前状态值,偏航状态值,偏航要求值,叶片1电池箱温度,叶片2电池箱温度,叶片3电池箱温度,叶片1变桨电机温度,叶片2变桨电机温度,叶片3变桨电机温度,叶片1变频器箱温度,叶片2变频器箱温度,叶片3变频器箱温度,叶片1超级电容电压,叶片2超级电容电压,叶片3超级电容电压,驱动1晶闸管温度,驱动2晶闸管温度,驱动3晶闸管温度,驱动1输出扭矩,驱动2输出扭矩,驱动3输出扭矩
13.02,24,0.24,0.28,0.27,11.4,11.3,11.5,13.29,-0.1,0.14,0.2,211.5,5.7,196,1,1,709,705,711,0,712,13.0,77.1,526,31.1,32.5,0.0,3.1,2067.6,0,16.83,15.5,55.5,52.7,54.8,54.6,54.9,53.2,51.2,45.1,56.9,56.6,28,40,26.9,31.6,41,44,25,0,0,0,6,6,4,0,30,30,30,40,39,37,40,40,39,44.99,42.31,45.06,47,480,4.8,0,0,0
12.45,256,0.24,0.28,0.27,11.3,11.1,11.6,12.62,-9.5,0.13,0.2,211.1,6.1,202,1,1,653,706,625,-1,630,12.4,72.4,483,31.6,32.4,0.0,3.1,2067.6,0,16.83,15.3,55.2,52.4,54.5,54.2,54.5,52.8,51.0,45.0,56.8,56.3,28,40,26.9,31.6,40,43,25,0,0,0,6,6,4,0,30,30,30,40,40,37,40,40,39,44.99,42.31,45.07,47,480,4.8,0,0,0
13.48,168,0.24,0.28,0.27,11.6,11.3,11.3,13.71,-7.5,0.13,0.18,211.3,6.9,199,1,1,770,705,791,0,790,13.6,81.7,562,30.3,32.1,0.0,3.1,2067.6,0,16.83,15.5,55.5,52.7,54.8,54.6,54.8,53.2,51.2,45.1,56.9,56.6,28,40,26.9,31.6,41,44,25,0,0,0,6,6,4,0,30,30,30,40,40,37,40,40,39,44.99,42.31,45.06,46,480,4.8,0,0,0
13.06,288,0.24,0.28,0.27,11.5,11.0,11.0,13.29,-13.0,0.13,0.17,211.3,6.4,203,1,1,714,706,718,1,721,13.0,79.2,527,29.4,31.7,0.0,3.0,2067.6,0,16.83,15.3,55.4,52.7,54.7,54.5,54.7,53.0,51.0,45.1,56.9,56.7,28,40,26.9,31.6,40,43,25,0,0,0,6,6,4,0,30,30,30,40,40,37,40,40,39,44.99,42.32,45.06,46,480,4.8,0,0,0
12.73,0,0.24,0.28,0.27,11.3,11.2,11.8,12.9,2.6,0.11,0.2,211.2,5.8,197,1,1,674,706,659,1,661,12.6,73.3,500,29.7,30.8,0.0,3.1,2067.6,0,16.83,15.3,55.4,52.6,54.7,54.4,54.6,53.0,51.0,45.1,56.9,56.3,28,40,26.9,31.6,39,42,25,0,0,0,6,6,4,0,30,30,30,40,39,37,40,40,39,44.99,42.31,45.06,47,480,4.8,0,0,0
12.11,72,0.24,0.28,0.27,11.1,11.1,11.3,12.44,-4.7,0.17,0.23,211.1,4.4,195,1,1,625,705,579,0,584,12.1,68.9,459,31.4,34.1,0.0,3.1,2067.6,0,16.83,15.5,55.8,52.9,55.0,54.7,55.0,53.3,51.5,45.3,57.0,56.5,28,40,26.8,31.6,41,43,25,0,0,0,6,6,4,0,30,30,30,40,40,37,40,40,39,44.98,42.31,45.06,47,470,4.8,0,0,0
12.93,32,0.24,0.28,0.27,11.4,11.0,11.3,13.2,-7.1,0.14,0.14,211.1,5.9,200,1,1,709,706,708,-1,712,13.0,78.3,524,30.8,33.0,0.0,3.1,2067.6,0,16.83,15.3,55.5,52.7,54.7,54.6,54.8,53.2,51.1,45.0,56.8,56.8,28,40,26.9,31.6,42,45,25,0,0,0,6,6,4,0,30,30,30,40,40,37,40,40,39,44.99,42.31,45.06,47,480,4.8,0,0,0
12.39,216,0.24,0.28,0.27,11.3,10.9,11.2,12.57,-13.5,0.12,0.14,211.1,5.5,199,1,1,642,705,613,1,612,12.4,71.0,474,30.7,33.1,0.0,3.1,2067.6,0,16.83,15.5,55.7,52.8,54.9,54.6,54.9,53.0,51.4,45.3,57.0,56.8,28,40,26.8,31.6,40,43,25,0,0,0,6,6,4,0,30,30,30,40,40,37,40,40,39,44.99,42.31,45.07,46,470,4.8,0,0,0
13.53,80,0.24,0.28,0.27,11.3,11.3,12.0,13.71,-5.3,0.15,0.17,211.2,6.6,197,1,1,762,705,790,3,797,13.4,84.6,564,31.7,33.2,0.0,3.2,2067.6,0,16.83,15.4,55.6,52.8,54.8,54.6,54.8,53.0,51.1,45.1,56.9,56.7,28,40,26.9,31.6,42,45,25,0,0,0,6,6,4,0,30,30,30,40,40,37,40,40,39,44.99,42.31,45.06,47,480,4.8,0,0,0
12.59,56,0.24,0.28,0.27,11.3,10.9,11.0,12.8,1.6,0.19,0.18,211.7,5.5,198,1,1,667,705,646,-1,646,12.7,73.1,492,30.1,32.9,0.0,3.1,2067.6,0,16.83,15.5,55.7,52.8,54.8,54.6,54.9,53.0,51.5,45.2,56.9,57.0,28,40,26.8,31.6,40,43,25,0,0,0,6,6,4,0,30,30,30,40,40,37,40,40,39,44.99,42.31,45.06,47,470,4.8,0,0,0
12.32,288,0.24,0.28,0.27,11.1,11.2,11.6,12.59,-5.3,0.14,0.2,211.2,5.9,195,1,1,644,705,606,1,608,12.2,68.9,474,32.0,34.4,0.0,3.1,2067.6,0,16.83,15.5,55.8,52.8,55.0,54.7,55.0,53.3,51.6,45.4,57.0,56.5,28,40,26.8,31.6,42,44,25,0,0,0,6,6,4,0,30,30,30,40,40,37,40,40,39,44.99,42.32,45.06,47,470,4.8,0,0,0
12.51,272,0.24,0.28,0.27,11.3,11.1,11.1,12.68,-2.1,0.14,0.18,211.4,7.2,197,1,1,661,705,635,0,639,12.5,73.5,487,30.1,32.6,0.0,3.1,2067.6,0,16.83,15.5,55.7,52.8,54.8,54.6,54.9,53.1,51.5,45.2,56.9,56.9,28,40,26.8,31.6,40,43,25,0,0,0,6,6,4,0,30,30,30,40,40,37,40,40,39,44.99,42.31,45.06,47,480,4.8,0,0,0
13.24,336,0.24,0.28,0.27,11.3,11.1,12.2,13.58,-13.5,0.14,0.16,211.4,5.7,200,1,1,734,705,751,1,752,13.3,80.7,544,33.2,34.5,0.1,3.2,2067.6,0,16.83,15.4,55.5,52.7,54.8,54.6,54.8,53.1,51.1,45.1,56.9,56.8,28,40,26.9,31.6,43,46,25,0,0,0,6,6,4,0,30,30,30,40,40,37,40,40,39,44.99,42.32,45.06,47,470,4.8,0,0,0
13.05,128,0.24,0.28,0.27,11.3,11.3,11.8,13.3,-15.6,0.11,0.2,211.4,5.1,196,1,1,705,705,707,-2,703,13.0,77.8,523,28.7,31.6,0.0,3.0,2067.6,0,16.83,15.5,55.6,52.7,54.8,54.6,54.9,53.3,51.3,45.2,57.0,56.5,28,40,26.9,31.6,40,42,25,0,0,0,6,6,4,0,30,30,30,40,40,37,40,40,39,44.99,42.32,45.06,47,470,4.8,0,0,0
12.61,304,0.24,0.28,0.27,11.2,11.3,11.6,12.85,0.0,0.18,0.18,211.3,7.1,194,1,1,664,705,643,0,648,12.5,70.9,492,33.0,34.6,0.1,3.1,2067.6,0,16.83,15.5,55.8,52.9,55.0,54.7,55.1,53.5,51.6,45.3,57.0,56.8,28,40,26.8,31.6,42,45,25,0,0,0,6,6,4,0,30,30,30,40,40,37,40,40,39,44.99,42.31,45.06,47,470,4.8,0,0,0
12.69,328,0.24,0.28,0.27,11.3,11.0,11.0,13.0,-13.8,0.11,0.21,211.4,5.1,201,1,1,681,706,666,1,667,12.8,75.6,502,30.7,32.1,0.0,3.1,2067.6,0,16.83,15.3,55.3,52.5,54.6,54.2,54.6,52.7,51.0,45.0,56.8,56.7,28,40,26.9,31.6,40,43,25,0,0,0,6,6,4,0,30,30,30,40,40,37,40,40,39,44.98,42.31,45.06,47,470,4.8,0,0,0
12.55,144,0.24,0.28,0.27,11.3,10.9,11.1,12.79,-10.3,0.13,0.21,211.4,5.9,194,1,1,665,705,642,1,643,12.7,73.1,490,33.2,34.5,0.1,3.2,2067.6,0,16.83,15.6,55.8,52.9,55.0,54.7,55.1,53.6,51.6,45.4,57.0,57.0,28,40,26.7,31.6,42,45,25,0,0,0,6,6,4,0,30,30,30,40,39,36,40,40,39,44.99,42.32,45.06,47,480,4.8,0,0,0
12.56,232,0.24,0.28,0.27,11.2,11.0,11.2,12.74,-2.0,0.19,0.18,211.3,7.0,194,1,1,664,705,644,0,640,12.5,71.3,491,33.1,34.9,0.0,3.1,2067.6,0,16.83,15.5,55.8,52.9,55.0,54.7,55.1,53.5,51.6,45.4,57.0,56.8,28,40,26.8,31.6,42,45,25,0,0,0,6,6,4,0,30,30,30,40,40,37,40,40,39,44.98,42.31,45.06,47,480,4.8,0,0,0
12.58,56,0.24,0.28,0.27,11.3,10.9,11.0,12.8,-12.1,0.12,0.17,211.4,6.4,200,1,1,664,704,643,0,650,12.6,71.9,490,30.3,33.0,0.0,3.1,2067.6,0,16.83,15.5,55.7,52.8,54.9,54.6,54.9,53.0,51.5,45.4,56.9,56.9,28,40,26.8,31.6,40,43,25,0,0,0,6,6,4,0,30,30,30,40,40,37,40,40,39,44.99,42.31,45.06,47,470,4.8,0,0,0
12.67,16,0.24,0.28,0.27,11.2,10.9,11.1,12.85,9.1,0.12,0.17,211.2,5.8,191,1,1,674,706,657,1,662,12.7,74.8,498,32.9,34.6,0.1,3.2,2067.6,0,16.83,15.6,55.8,52.9,55.0,54.7,55.1,53.3,51.7,45.5,57.0,56.9,28,40,26.7,31.6,42,44,25,0,0,0,6,6,4,0,30,30,30,40,40,37,40,40,39,44.99,42.32,45.06,47,480,4.8,0,0,0
12.56,128,0.24,0.28,0.27,11.3,10.9,10.9,12.8,-6.2,0.06,0.18,211.8,6.3,197,1,1,670,706,647,0,652,12.7,71.4,491,30.1,32.0,0.0,3.1,2067.6,0,16.83,15.3,55.4,52.6,54.7,54.3,54.5,52.8,50.9,45.1,56.8,56.7,28,40,26.9,31.6,40,42,25,0,0,0,6,6,4,0,30,30,30,40,39,37,40,40,39,44.99,42.31,45.06,47,480,4.8,0,0,0
13.44,192,0.24,0.28,0.27,11.3,11.0,12.0,13.71,1.4,0.08,0.22,211.0,6.2,197,1,1,760,706,783,3,787,13.4,83.5,559,32.8,35.1,0.0,3.2,2067.6,0,16.83,15.3,55.6,52.7,54.8,54.6,54.8,53.1,51.0,45.2,56.9,56.5,28,40,26.9,31.6,43,46,25,0,0,0,6,6,4,0,30,30,30,40,40,37,40,40,39,44.99,42.32,45.06,47,480,4.8,0,0,0
13.3,208,0.24,0.28,0.27,11.3,11.4,12.0,13.51,-15.9,0.19,0.21,211.4,6.9,200,1,1,734,705,741,0,745,13.2,77.7,539,33.2,34.6,0.1,3.2,2067.6,0,16.83,15.4,55.5,52.7,54.8,54.6,54.8,53.1,51.1,45.1,56.9,56.8,28,40,26.9,31.6,43,46,25,0,0,0,6,6,4,0,30,30,30,40,40,37,40,40,39,44.99,42.32,45.06,47,470,4.8,0,0,0
13.5,24,0.24,0.28,0.27,11.6,10.9,11.1,13.76,-9.0,0.24,0.18,211.3,6.5,199,1,1,772,705,798,0,802,13.5,84.8,567,30.4,32.2,0.0,3.1,2067.6,0,16.83,15.5,55.5,52.7,54.8,54.6,54.8,53.2,51.1,45.1,56.9,56.6,28,40,26.9,31.6,41,44,25,0,0,0,6,6,4,0,30,30,30,40,40,37,40,40,39,44.99,42.31,45.06,47,480,4.8,0,0,0
13.74,176,0.24,0.28,0.27,11.4,11.4,12.1,14.02,-21.1,0.16,0.23,211.7,8.4,202,1,1,790,706,830,1,841,13.7,86.6,583,31.6,34.0,0.0,3.1,2067.6,0,16.83,15.3,55.5,52.7,54.8,54.5,54.8,53.2,51.0,45.0,56.9,56.7,28,40,26.9,31.6,42,45,25,0,0,0,6,6,4,0,30,30,30,40,39,37,40,40,39,44.99,42.31,45.06,47,480,4.8,0,0,0
12.42,184,0.24,0.28,0.27,11.3,11.2,11.1,12.61,-4.9,0.17,0.18,211.2,7.0,201,1,1,649,706,618,1,615,12.3,69.6,477,31.5,32.9,0.0,3.1,2067.6,0,16.83,15.3,55.2,52.4,54.5,54.2,54.5,52.7,51.0,45.0,56.8,56.4,28,40,26.9,31.6,40,43,25,0,0,0,6,6,4,0,30,30,30,40,40,37,40,40,39,44.99,42.31,45.06,47,480,4.8,0,0,0
12.53,272,0.24,0.28,0.27,11.3,11.1,11.4,12.85,-8.7,0.19,0.17,211.3,7.0,197,1,1,666,706,640,0,641,12.6,72.5,489,30.2,31.7,0.0,3.1,2067.6,0,16.83,15.3,55.4,52.6,54.7,54.3,54.5,52.8,50.9,45.1,56.8,56.7,28,40,26.9,31.6,40,42,25,0,0,0,6,6,4,0,30,30,30,40,40,37,40,40,39,44.99,42.31,45.06,47,480,4.8,0,0,0
12.83,128,0.24,0.28,0.27,11.3,11.0,11.3,13.06,-6.9,0.15,0.19,211.4,7.8,200,1,1,680,706,671,0,671,12.8,75.2,503,30.3,32.0,0.0,3.1,2067.6,0,16.83,15.3,55.3,52.5,54.6,54.3,54.5,52.9,50.9,45.1,56.8,56.8,28,40,26.9,31.6,40,42,25,0,0,0,6,6,4,0,30,30,30,40,39,37,40,40,39,44.99,42.31,45.06,47,480,4.8,0,0,0
13.11,144,0.24,0.28,0.27,11.4,10.9,11.0,13.39,-12.9,0.19,0.18,211.3,6.0,203,1,1,727,706,733,0,735,13.2,79.4,534,29.2,31.6,0.0,3.0,2067.6,0,16.83,15.3,55.4,52.7,54.7,54.5,54.7,53.1,51.0,45.2,56.8,56.8,29,40,26.9,31.6,40,43,25,0,0,0,6,6,4,0,30,30,30,40,40,37,40,40,39,44.99,42.31,45.06,47,480,4.8,0,0,0
12.92,320,0.24,0.28,0.27,11.3,11.2,11.6,13.14,-6.7,0.16,0.17,211.5,7.0,199,1,1,698,706,692,3,695,13.0,76.5,515,30.6,33.4,0.0,3.1,2067.6,0,16.83,15.3,55.5,52.7,54.7,54.6,54.8,53.2,51.1,45.0,56.9,56.7,28,40,26.9,31.6,42,45,25,0,0,0,6,6,4,0,30,30,30,40,39,37,40,40,39,44.99,42.31,45.06,47,480,4.8,0,0,0
12.91,328,0.24,0.28,0.27,11.3,11.4,11.6,13.14,-9.1,0.14,0.18,211.3,7.7,197,1,1,693,705,685,-1,682,12.8,74.1,512,29.5,31.0,0.0,3.1,2067.6,0,16.83,15.5,55.6,52.8,54.8,54.6,54.8,53.0,51.2,45.2,56.9,56.9,28,40,26.9,31.6,39,42,25,0,0,0,6,6,4,0,30,30,30,40,39,37,40,40,39,44.99,42.31,45.06,47,480,4.8,0,0,0
12.54,88,0.24,0.28,0.27,11.1,11.1,11.5,12.85,-11.0,0.08,0.18,211.2,5.8,195,1,1,659,705,638,0,640,12.5,71.7,488,33.5,34.5,0.1,3.2,2067.6,0,16.83,15.6,55.8,52.9,55.0,54.7,55.1,53.5,51.7,45.3,57.0,56.9,28,40,26.8,31.6,42,45,25,0,0,0,6,6,4,0,30,30,30,40,39,37,40,40,39,44.99,42.31,45.06,46,480,4.8,0,0,0
13.49,8,0.24,0.28,0.27,11.4,11.6,12.0,13.76,6.7,0.05,0.16,211.3,6.4,194,1,1,756,706,779,0,781,13.5,80.2,556,32.1,33.5,0.0,3.1,2067.6,0,16.83,15.5,55.6,52.8,54.8,54.6,54.8,53.1,51.1,45.1,56.9,56.5,28,40,26.9,31.6,42,45,25,0,0,0,6,6,4,0,30,30,30,40,40,37,40,40,39,44.99,42.31,45.06,47,470,4.8,0,0,0
12.73,232,0.24,0.28,0.27,11.4,10.9,11.0,13.01,-2.6,0.11,0.2,211.4,5.1,196,1,1,682,705,669,0,670,12.7,72.9,502,30.0,32.5,0.0,3.0,2067.6,0,16.83,15.3,55.5,52.7,54.8,54.6,54.8,53.0,51.0,45.1,56.9,56.4,28,40,26.9,31.6,41,44,25,0,0,0,6,6,4,0,30,30,30,40,40,37,40,40,39,44.99,42.31,45.06,47,470,4.8,0,0,0
13.18,224,0.24,0.28,0.27,11.3,11.2,11.7,13.51,-7.4,0.13,0.18,211.8,6.3,196,1,1,727,705,734,3,738,13.1,79.9,536,31.2,33.0,0.0,3.1,2067.6,0,16.83,15.5,55.5,52.7,54.8,54.6,54.8,53.3,51.2,45.1,56.9,56.8,28,40,26.9,31.6,41,44,25,0,0,0,6,6,4,0,30,30,30,40,39,37,40,40,39,44.99,42.31,45.06,47,480,4.8,0,0,0
13.68,32,0.24,0.28,0.27,11.4,11.6,12.1,13.96,-13.2,0.14,0.15,211.2,5.3,202,1,1,791,706,825,0,828,13.5,86.9,581,30.8,34.1,0.0,3.1,2067.6,0,16.83,15.3,55.5,52.7,54.8,54.5,54.8,53.2,51.1,45.0,56.8,56.6,28,40,26.9,31.6,42,45,25,0,0,0,6,6,4,0,30,30,30,40,40,37,40,40,39,44.99,42.31,45.06,47,470,4.8,0,0,0
12.57,0,0.24,0.28,0.27,11.1,11.2,11.8,12.9,-3.3,0.11,0.17,211.5,5.4,199,1,1,664,705,645,0,642,12.6,71.1,492,29.4,30.8,0.0,3.1,2067.6,0,16.83,15.3,55.4,52.6,54.7,54.4,54.7,53.0,51.1,45.0,56.9,56.4,28,40,26.9,31.6,39,42,25,0,0,0,6,6,4,0,30,30,30,40,40,37,40,40,39,44.99,42.31,45.06,46,480,4.8,0,0,0
13.65,136,0.24,0.28,0.27,11.4,10.9,11.4,13.91,0.8,0.13,0.14,211.2,8.0,194,1,1,795,706,833,0,834,13.6,85.8,583,32.4,33.7,0.0,3.1,2067.6,0,16.83,15.4,55.5,52.7,54.8,54.6,54.9,53.0,51.1,45.1,56.9,56.6,28,40,26.9,31.6,42,45,25,0,0,0,6,6,4,0,30,30,30,40,40,37,40,40,39,44.99,42.32,45.06,47,480,4.8,0,0,0
12.18,272,0.24,0.28,0.27,11.1,11.1,11.7,12.48,-6.0,0.06,0.15,211.5,4.9,195,1,1,625,704,584,1,585,12.1,67.7,462,31.4,33.8,0.0,3.1,2067.6,0,16.83,15.5,55.7,52.8,55.0,54.7,54.9,53.2,51.5,45.3,57.0,56.6,28,40,26.8,31.6,40,43,25,0,0,0,6,6,4,0,30,30,30,40,39,37,40,40,39,44.99,42.31,45.07,47,480,4.8,0,0,0
12.33,320,0.24,0.28,0.27,11.3,10.9,11.1,12.57,-8.3,0.14,0.18,211.3,6.8,191,1,1,643,706,606,2,610,12.4,69.8,470,32.5,34.1,0.1,3.2,2067.6,0,16.83,15.6,55.8,52.9,55.1,54.7,55.1,53.1,51.7,45.6,57.0,56.5,28,40,26.7,31.6,41,44,25,0,0,0,6,6,4,0,30,30,30,40,40,37,40,40,39,44.98,42.31,45.06,47,470,4.8,0,0,0
12.72,288,0.24,0.28,0.27,11.3,10.9,10.9,13.0,1.8,0.11,0.19,211.5,5.5,197,1,1,683,706,667,1,670,12.8,74.5,502,29.7,31.0,0.0,3.1,2067.6,0,16.83,15.3,55.4,52.6,54.7,54.4,54.6,53.0,51.0,45.1,56.9,56.4,28,40,26.9,31.6,39,42,25,0,0,0,6,6,4,0,30,30,30,40,40,37,40,40,39,44.99,42.31,45.06,46,480,4.8,0,0,0
13.55,240,0.24,0.28,0.27,11.3,11.2,12.0,13.79,4.2,0.16,0.2,211.3,6.7,198,1,1,771,706,800,-1,803,13.6,81.9,568,30.4,32.1,0.0,3.1,2067.6,0,16.83,15.5,55.5,52.7,54.8,54.6,54.9,53.0,51.2,45.1,56.9,56.7,28,40,26.9,31.6,41,44,25,0,0,0,6,6,4,0,30,30,30,40,40,37,40,40,39,44.99,42.32,45.06,47,480,4.8,0,0,0
12.6,344,0.24,0.28,0.27,11.2,11.0,11.5,12.89,-5.9,0.19,0.18,211.5,6.5,197,1,1,674,706,652,-1,651,12.7,73.4,495,30.2,31.6,0.0,3.1,2067.6,0,16.83,15.3,55.4,52.6,54.7,54.3,54.5,52.9,50.9,45.1,56.8,56.7,28,40,26.9,31.6,40,42,25,0,0,0,6,6,4,0,30,30,30,40,40,37,40,40,39,44.99,42.31,45.06,47,480,4.8,0,0,0
12.22,216,0.24,0.28,0.27,11.3,10.9,11.0,12.48,-2.9,0.13,0.18,211.6,4.9,195,1,1,630,705,593,0,596,12.3,69.6,465,31.5,34.5,0.0,3.1,2067.6,0,16.83,15.5,55.8,52.8,55.0,54.7,55.0,53.3,51.6,45.4,57.0,56.5,28,40,26.8,31.6,42,44,25,0,0,0,6,6,4,0,30,30,30,40,40,37,40,40,39,44.99,42.31,45.06,47,480,4.8,0,0,0
12.66,344,0.24,0.28,0.27,11.2,11.0,11.6,12.89,-12.8,0.07,0.16,211.1,7.2,197,1,1,675,706,660,1,665,12.7,72.5,501,30.1,31.4,0.0,3.1,2067.6,0,16.83,15.3,55.4,52.6,54.7,54.3,54.6,52.8,50.9,45.0,56.8,56.5,28,40,26.9,31.6,40,43,25,0,0,0,6,6,4,0,30,30,30,40,40,37,40,40,39,44.99,42.31,45.06,47,480,4.8,0,0,0
13.6,80,0.24,0.28,0.27,11.3,11.7,12.1,13.92,-3.2,0.06,0.18,211.3,5.2,197,1,1,781,705,807,-2,812,13.5,85.1,571,31.6,32.8,0.0,3.1,2067.6,0,16.83,15.5,55.5,52.8,54.8,54.6,54.8,53.0,51.2,45.2,56.9,56.7,28,40,26.9,31.6,42,45,25,0,0,0,6,6,4,0,30,30,30,40,39,37,40,40,39,44.99,42.31,45.06,47,480,4.8,0,0,0
13.66,176,0.24,0.28,0.27,11.3,11.2,12.2,14.01,-9.9,0.14,0.21,211.5,6.0,202,1,1,795,707,825,0,825,13.6,84.7,581,31.3,33.6,0.0,3.1,2067.6,0,16.83,15.3,55.5,52.7,54.8,54.5,54.8,53.2,51.1,45.0,56.8,56.6,28,40,26.9,31.6,42,45,25,0,0,0,6,6,4,0,30,30,30,40,40,37,40,40,39,44.99,42.31,45.06,47,480,4.8,0,0,0
12.5,232,0.24,0.28,0.27,11.2,11.1,11.5,12.69,1.1,0.17,0.18,210.8,6.0,189,1,1,644,705,623,-1,628,12.5,69.6,481,32.3,33.8,0.0,3.2,2067.6,0,16.83,15.6,55.8,53.0,55.1,54.8,55.1,53.1,51.7,45.6,57.0,56.4,28,40,26.7,31.6,41,44,25,0,0,0,6,6,4,0,30,30,30,40,39,37,40,40,39,44.99,42.32,45.06,47,480,4.8,0,0,0
13.39,120,0.24,0.28,0.27,11.5,11.1,11.4,13.62,-5.5,0.13,0.14,211.5,7.0,197,1,1,752,706,770,1,775,13.5,82.5,553,33.2,34.6,0.0,3.1,2067.6,0,16.83,15.4,55.6,52.7,54.8,54.6,54.8,53.1,51.0,45.1,56.9,56.5,28,40,26.9,31.6,43,46,25,0,0,0,6,6,4,0,30,30,30,40,40,37,40,40,39,44.99,42.32,45.06,47,480,4.8,0,0,0
13.11,296,0.24,0.28,0.27,11.3,11.0,11.2,13.3,-0.1,0.14,0.17,211.4,7.5,195,1,1,717,705,727,3,730,13.1,77.0,532,31.4,32.7,0.0,3.1,2067.6,0,16.83,15.5,55.5,52.7,54.8,54.6,54.9,53.2,51.2,45.0,56.9,56.8,28,40,26.9,31.6,41,44,25,0,0,0,6,6,4,0,30,30,30,40,40,37,40,40,39,44.99,42.31,45.06,47,480,4.8,0,0,0
13.07,216,0.24,0.28,0.27,11.4,10.9,11.1,13.3,-12.6,0.12,0.15,211.0,7.9,202,1,1,718,706,726,0,728,13.1,79.0,532,28.7,31.2,0.0,3.0,2067.6,0,16.83,15.3,55.4,52.6,54.7,54.5,54.8,53.0,51.0,45.1,56.8,56.7,29,40,26.9,31.6,39,42,25,0,0,0,6,6,4,0,30,30,30,40,40,37,40,40,39,44.99,42.31,45.06,47,470,4.8,0,0,0
13.22,104,0.24,0.28,0.27,11.5,11.3,11.7,13.52,-7.3,0.17,0.19,212.0,4.8,199,1,1,732,706,744,1,751,13.1,78.9,540,30.9,33.5,0.0,3.1,2067.6,0,16.83,15.3,55.5,52.7,54.7,54.5,54.8,53.1,51.1,45.0,56.8,56.8,28,40,26.9,31.6,42,45,25,0,0,0,6,6,4,0,30,30,30,40,40,37,40,40,39,44.98,42.31,45.07,47,470,4.8,0,0,0
13.26,288,0.24,0.28,0.27,11.1,11.1,12.0,13.62,-1.6,0.11,0.19,211.1,6.2,200,1,1,738,706,750,1,756,13.2,79.9,546,28.8,30.8,0.0,3.0,2067.6,0,16.83,15.3,55.4,52.6,54.6,54.5,54.8,53.0,51.1,45.0,56.8,56.6,28,40,26.9,31.6,39,42,25,0,0,0,6,6,4,0,30,30,30,40,40,37,40,40,39,44.99,42.31,45.06,46,470,4.8,0,0,0
13.36,24,0.24,0.28,0.27,11.6,11.1,11.0,13.66,-6.9,0.13,0.17,211.2,5.4,199,1,1,761,705,781,-1,787,13.4,82.1,558,30.4,32.3,0.0,3.1,2067.6,0,16.83,15.5,55.5,52.7,54.8,54.6,54.9,53.2,51.3,45.0,56.9,56.5,28,40,26.9,31.6,41,44,25,0,0,0,6,6,4,0,30,30,30,40,40,37,40,40,39,44.99,42.31,45.06,47,470,4.8,0,0,0
12.52,112,0.24,0.28,0.27,11.2,11.4,11.7,12.8,-11.8,0.13,0.18,211.0,7.4,202,1,1,654,706,624,0,621,12.5,69.6,482,31.5,32.2,0.0,3.1,2067.6,0,16.83,15.3,55.2,52.4,54.5,54.2,54.5,52.8,51.0,45.0,56.8,56.3,28,40,26.9,31.6,40,43,25,0,0,0,6,6,4,0,30,30,30,40,40,37,40,40,39,44.98,42.31,45.07,47,470,4.8,0,0,0
13.35,8,0.24,0.28,0.27,11.4,11.3,11.7,13.61,0.7,0.13,0.2,211.6,7.2,196,1,1,750,705,764,1,773,13.2,80.0,551,32.0,33.3,0.0,3.1,2067.6,0,16.83,15.5,55.5,52.8,54.8,54.6,54.8,53.0,51.1,45.1,56.9,56.6,28,40,26.9,31.6,42,45,25,0,0,0,6,6,4,0,30,30,30,40,40,37,40,40,39,44.99,42.31,45.06,47,470,4.8,0,0,0
12.4,184,0.24,0.28,0.27,11.2,11.1,10.9,12.68,-8.1,0.09,0.17,211.4,6.2,201,1,1,651,705,624,2,629,12.4,70.8,481,30.7,32.1,0.0,3.1,2067.6,0,16.83,15.3,55.3,52.4,54.5,54.2,54.6,52.8,51.0,45.1,56.8,56.7,28,40,26.9,31.6,40,43,25,0,0,0,6,6,4,0,30,30,30,40,40,37,40,40,39,44.99,42.31,45.06,47,480,4.8,0,0,0
12.41,272,0.24,0.28,0.27,11.2,11.1,11.5,12.68,-14.1,0.13,0.17,211.1,5.4,200,1,1,644,705,616,-1,614,12.4,69.8,478,30.7,33.2,0.0,3.1,2067.6,0,16.83,15.5,55.7,52.8,54.9,54.6,54.9,53.0,51.4,45.3,57.0,56.8,28,40,26.8,31.6,40,43,25,0,0,0,6,6,4,0,30,30,30,40,40,37,40,40,39,44.99,42.31,45.06,47,480,4.8,0,0,0
13.35,24,0.24,0.28,0.27,11.4,11.3,11.3,13.55,4.2,0.15,0.18,211.0,6.3,197,1,1,746,705,765,3,772,13.2,79.8,549,30.5,32.4,0.0,3.1,2067.6,0,16.83,15.5,55.5,52.7,54.8,54.6,54.9,53.2,51.3,45.0,56.9,56.5,28,40,26.9,31.6,41,44,25,0,0,0,6,6,4,0,30,30,30,40,40,37,40,40,39,44.99,42.32,45.06,47,470,4.8,0,0,0
12.73,56,0.24,0.28,0.27,11.3,11.4,11.5,13.01,-6.5,0.07,0.14,211.3,4.7,196,1,1,673,706,660,1,665,12.6,74.8,499,30.1,31.2,0.0,3.1,2067.6,0,16.83,15.3,55.4,52.6,54.7,54.4,54.6,52.8,51.0,45.0,56.8,56.5,28,40,26.9,31.6,40,43,25,0,0,0,6,6,4,0,30,30,30,40,40,37,40,40,39,44.99,42.31,45.06,47,480,4.8,0,0,0
13.62,24,0.24,0.28,0.27,11.6,11.2,11.3,13.81,-9.1,0.16,0.15,211.2,8.0,198,1,1,772,705,796,0,792,13.5,83.9,563,30.1,31.2,0.0,3.1,2067.6,0,16.83,15.5,55.6,52.8,54.8,54.6,54.8,52.9,51.3,45.2,56.9,57.0,28,40,26.9,31.6,40,42,25,0,0,0,6,6,4,0,30,30,30,40,40,37,40,40,39,44.99,42.31,45.06,47,470,4.8,0,0,0
12.98,160,0.24,0.28,0.27,11.3,11.1,11.7,13.3,-24.0,0.13,0.2,211.6,7.0,202,1,1,716,706,714,1,713,13.0,78.3,528,29.3,32.1,0.0,3.0,2067.6,0,16.83,15.3,55.5,52.7,54.8,54.5,54.7,53.0,51.0,45.1,56.9,56.5,28,40,26.9,31.6,40,43,25,0,0,0,6,6,4,0,30,30,30,40,40,37,40,40,39,44.99,42.31,45.06,47,470,4.8,0,0,0
12.71,200,0.24,0.28,0.27,11.3,11.3,11.4,12.98,-11.0,0.26,0.23,211.2,5.6,197,1,1,678,706,662,0,664,12.7,74.4,503,30.1,31.3,0.0,3.1,2067.6,0,16.83,15.3,55.4,52.6,54.7,54.4,54.6,52.8,51.0,45.0,56.8,56.5,28,40,26.9,31.6,40,43,25,0,0,0,6,6,4,0,30,30,30,40,39,37,40,40,39,44.99,42.31,45.06,46,480,4.8,0,0,0
12.61,200,0.24,0.28,0.27,11.2,11.3,11.6,12.9,-15.5,0.11,0.18,211.4,7.7,199,1,1,666,705,644,0,645,12.5,71.3,492,30.6,31.4,0.0,3.1,2067.6,0,16.83,15.3,55.4,52.6,54.7,54.3,54.5,52.7,50.9,45.1,56.8,56.7,28,40,26.9,31.6,40,42,25,0,0,0,6,6,4,0,30,30,30,40,40,37,40,40,39,44.98,42.31,45.06,47,470,4.8,0,0,0
13.18,288,0.24,0.28,0.27,11.3,11.1,12.0,13.4,-5.2,0.11,0.2,211.3,8.1,200,1,1,738,706,746,0,747,13.2,78.3,542,28.8,30.8,0.0,3.1,2067.6,0,16.83,15.3,55.4,52.6,54.7,54.5,54.7,53.1,51.1,45.0,56.8,56.6,28,40,26.9,31.6,39,42,25,0,0,0,6,6,4,0,30,30,30,40,40,37,40,40,39,44.99,42.31,45.06,47,470,4.8,0,0,0
13.7,136,0.24,0.28,0.27,11.4,11.0,12.0,13.91,-5.6,0.12,0.15,211.4,7.1,195,1,1,792,706,829,0,835,13.6,86.9,582,32.2,33.6,0.0,3.2,2067.6,0,16.83,15.5,55.5,52.8,54.8,54.6,54.8,53.0,51.1,45.1,56.9,56.6,28,40,26.9,31.6,42,45,25,0,0,0,6,6,4,0,30,30,30,40,40,37,40,40,39,44.99,42.31,45.06,47,470,4.8,0,0,0
13.48,152,0.24,0.28,0.27,11.7,11.2,11.1,13.7,-5.7,0.11,0.18,212.0,6.6,198,1,1,772,706,797,-1,796,13.4,85.0,565,32.0,33.2,0.0,3.1,2067.6,0,16.83,15.4,55.5,52.8,54.8,54.6,54.8,53.0,51.1,45.1,56.9,56.8,28,40,26.9,31.6,42,45,25,0,0,0,6,6,4,0,30,30,30,40,40,37,40,40,39,44.99,42.31,45.06,47,470,4.8,0,0,0
12.55,328,0.24,0.28,0.27,11.2,11.3,11.6,12.78,-16.0,0.11,0.18,211.4,7.7,201,1,1,659,706,637,1,640,12.6,71.4,485,31.1,32.9,0.0,3.1,2067.6,0,16.83,15.3,55.3,52.4,54.5,54.2,54.5,52.9,50.9,45.0,56.8,56.3,28,40,26.9,31.6,40,43,25,0,0,0,6,6,4,0,30,30,30,40,40,37,40,40,39,44.98,42.31,45.06,47,480,4.7,0,0,0
12.39,312,0.24,0.28,0.27,11.3,11.1,11.4,12.65,-8.7,0.16,0.16,211.6,7.2,199,1,1,646,706,612,0,620,12.4,71.3,476,31.6,33.0,0.0,3.1,2067.6,0,16.83,15.3,55.2,52.4,54.5,54.1,54.4,52.7,50.8,45.0,56.8,56.7,28,40,26.9,31.6,41,43,25,0,0,0,6,6,4,0,30,30,30,40,40,37,40,40,39,44.99,42.31,45.06,47,470,4.8,0,0,0
12.49,40,0.24,0.28,0.27,11.2,10.9,11.2,12.69,-11.5,0.17,0.18,211.2,7.6,201,1,1,657,706,635,0,636,12.5,73.0,487,31.2,32.6,0.0,3.1,2067.6,0,16.83,15.3,55.3,52.4,54.5,54.2,54.5,52.9,51.0,45.0,56.8,56.3,28,40,26.9,31.6,40,43,25,0,0,0,6,6,4,0,30,30,30,40,40,37,40,40,39,44.99,42.31,45.06,47,470,4.8,0,0,0
12.73,144,0.24,0.28,0.27,11.3,10.9,11.4,13.0,1.4,0.16,0.18,211.1,6.5,197,1,1,679,706,663,1,664,12.7,72.6,503,29.9,30.7,0.0,3.1,2067.6,0,16.83,15.3,55.4,52.6,54.7,54.4,54.6,53.0,51.0,45.1,56.9,56.3,28,40,26.9,31.6,39,42,25,0,0,0,6,6,4,0,30,30,30,40,40,37,40,40,39,44.99,42.31,45.06,47,480,4.8,0,0,0
12.51,288,0.24,0.28,0.27,11.2,11.3,11.6,12.79,-9.3,0.16,0.17,211.3,6.7,195,1,1,663,705,633,0,640,12.5,70.6,485,32.6,34.7,0.0,3.2,2067.6,0,16.83,15.5,55.8,52.9,55.0,54.7,55.0,53.5,51.5,45.4,57.0,56.7,28,40,26.8,31.6,42,45,25,0,0,0,6,6,4,0,30,30,30,40,40,37,40,40,39,44.99,42.31,45.06,47,470,4.8,0,0,0
13.35,40,0.24,0.28,0.27,11.2,11.3,11.8,13.52,-13.9,0.11,0.18,211.8,6.9,201,1,1,741,705,756,-1,759,13.3,79.0,547,30.2,32.1,0.0,3.1,2067.6,0,16.83,15.5,55.5,52.7,54.8,54.6,54.8,52.9,51.3,45.1,56.9,56.8,28,40,26.9,31.6,41,44,25,0,0,0,6,6,4,0,30,30,30,40,40,37,40,40,39,44.99,42.31,45.06,47,470,4.8,0,0,0
13.13,64,0.24,0.28,0.27,11.1,11.0,11.8,13.3,5.1,0.14,0.21,211.5,5.3,195,1,1,724,706,729,0,735,13.0,78.9,534,32.9,34.2,0.1,3.2,2067.6,0,16.83,15.4,55.5,52.7,54.8,54.6,54.9,53.1,51.2,45.1,56.8,56.6,28,40,26.9,31.6,43,45,25,0,0,0,6,6,4,0,30,30,30,40,40,37,40,40,39,44.98,42.31,45.06,47,470,4.8,0,0,0
13.08,200,0.24,0.28,0.27,11.3,11.3,11.7,13.35,1.1,0.14,0.18,211.8,6.2,194,1,1,710,705,712,0,718,13.0,78.2,525,29.4,31.8,0.0,3.1,2067.6,0,16.83,15.5,55.7,52.7,54.8,54.6,54.9,53.4,51.4,45.1,56.9,56.7,28,40,26.8,31.6,39,42,25,0,0,0,6,6,4,0,30,30,30,40,39,37,40,40,39,44.99,42.31,45.06,47,480,4.8,0,0,0
13.39,104,0.24,0.28,0.27,11.4,11.3,11.5,13.61,-4.3,0.03,0.16,211.1,6.6,199,1,1,746,706,767,0,763,13.4,82.1,551,31.0,33.6,0.0,3.1,2067.6,0,16.83,15.3,55.5,52.7,54.7,54.5,54.8,53.1,51.1,45.1,56.9,56.6,28,40,26.9,31.6,42,45,25,0,0,0,6,6,4,0,30,30,30,40,40,37,40,40,39,44.99,42.31,45.06,47,480,4.8,0,0,0
13.58,104,0.24,0.28,0.27,11.4,10.9,11.6,13.81,-13.8,0.11,0.25,211.1,7.9,201,1,1,780,706,812,1,813,13.5,85.8,573,31.4,34.0,0.0,3.1,2067.6,0,16.83,15.3,55.5,52.7,54.8,54.5,54.8,53.1,51.0,45.1,56.9,56.6,28,40,26.9,31.6,42,45,25,0,0,0,6,6,4,0,30,30,30,40,40,37,40,40,39,44.99,42.31,45.06,47,470,4.8,0,0,0
13.55,8,0.24,0.28,0.27,11.4,10.9,11.9,13.82,-5.4,0.06,0.17,211.6,7.5,198,1,1,779,705,808,3,810,13.4,85.2,572,31.6,32.9,0.0,3.1,2067.6,0,16.83,15.5,55.5,52.7,54.8,54.6,54.8,53.0,51.2,45.1,56.9,56.8,28,40,26.9,31.6,41,44,25,0,0,0,6,6,4,0,30,30,30,40,40,37,40,40,39,44.99,42.31,45.06,47,480,4.8,0,0,0
12.92,240,0.24,0.28,0.27,11.4,11.1,11.1,13.11,-10.1,0.14,0.17,211.3,6.7,197,1,1,698,705,690,1,692,12.9,74.5,512,30.9,32.6,0.0,3.1,2067.6,0,16.83,15.5,55.5,52.7,54.8,54.6,54.9,53.2,51.2,45.1,56.9,56.6,28,40,26.9,31.6,41,44,25,0,0,0,6,6,4,0,30,30,30,40,40,37,40,40,39,44.99,42.31,45.06,47,470,4.7,0,0,0
12.39,88,0.24,0.28,0.27,11.3,11.0,11.3,12.63,-1.9,0.12,0.18,211.3,5.4,190,1,1,642,705,611,0,604,12.4,68.9,475,32.5,34.0,0.1,3.1,2067.6,0,16.83,15.6,55.8,52.9,55.1,54.8,55.1,53.2,51.7,45.6,57.0,56.6,28,40,26.7,31.6,41,44,25,0,0,0,6,6,4,0,30,30,30,40,40,37,40,40,39,44.99,42.31,45.06,47,470,4.8,0,0,0
13.29,152,0.24,0.28,0.27,11.2,11.2,11.9,13.5,-8.9,0.18,0.17,211.5,7.6,196,1,1,741,705,753,0,757,13.2,78.9,546,31.5,33.0,0.0,3.1,2067.6,0,16.83,15.5,55.6,52.7,54.8,54.6,54.8,53.3,51.2,45.1,56.9,56.9,28,40,26.9,31.6,41,44,25,0,0,0,6,6,4,0,30,30,30,40,40,37,40,40,39,44.99,42.31,45.06,47,470,4.8,0,0,0
12.99,88,0.24,0.28,0.27,11.3,11.3,11.8,13.25,-9.6,0.17,0.18,211.5,7.9,202,1,1,712,707,710,1,712,13.0,75.5,525,29.0,31.3,0.0,3.0,2067.6,0,16.83,15.3,55.4,52.6,54.7,54.5,54.8,53.1,51.0,45.0,56.8,56.9,28,40,26.9,31.6,40,42,25,0,0,0,6,6,4,0,30,30,30,40,40,37,40,40,39,44.98,42.31,45.06,47,470,4.8,0,0,0
12.45,16,0.24,0.28,0.27,11.1,11.0,11.1,12.69,-8.4,0.12,0.18,211.4,6.5,193,1,1,655,705,628,2,633,12.5,71.4,482,33.0,34.1,0.0,3.2,2067.6,0,16.83,15.6,55.8,52.9,55.0,54.7,55.1,53.2,51.7,45.5,57.0,56.9,28,40,26.7,31.6,42,44,25,0,0,0,6,6,4,0,30,30,30,40,40,37,40,40,39,44.99,42.31,45.06,47,470,4.8,0,0,0
13.35,48,0.24,0.28,0.27,11.6,11.0,11.1,13.62,-13.5,0.14,0.18,211.5,5.1,200,1,1,752,706,770,0,767,13.4,82.6,552,31.7,34.8,0.0,3.1,2067.6,0,16.83,15.3,55.5,52.7,54.8,54.5,54.8,52.9,51.0,45.1,56.9,56.5,28,40,26.9,31.6,43,46,25,0,0,0,6,6,4,0,30,30,30,40,40,37,40,40,39,44.99,42.31,45.06,47,470,4.8,0,0,0
12.97,16,0.24,0.28,0.27,11.4,10.9,11.0,13.24,-9.7,0.08,0.23,211.7,9.1,202,1,1,705,706,708,1,712,13.0,75.8,523,28.6,31.4,0.0,3.0,2067.6,0,16.83,15.3,55.4,52.6,54.7,54.5,54.8,53.0,51.0,45.0,56.8,56.9,28,40,26.9,31.6,40,42,25,0,0,0,6,6,4,0,30,30,30,40,40,37,40,40,39,44.99,42.31,45.06,46,480,4.8,0,0,0
13.47,80,0.24,0.28,0.27,11.5,11.6,11.8,13.71,-14.8,0.06,0.22,211.7,7.7,199,1,1,762,705,782,1,782,13.4,83.3,557,31.2,33.3,0.0,3.1,2067.6,0,16.83,15.5,55.5,52.7,54.8,54.6,54.8,53.1,51.2,45.1,56.9,56.8,28,40,26.9,31.6,41,44,25,0,0,0,6,6,4,0,30,30,30,40,40,37,40,40,39,44.99,42.32,45.06,47,470,4.8,0,0,0
13.12,0,0.24,0.28,0.27,11.4,11.0,10.9,13.39,-16.2,0.12,0.17,211.5,7.3,203,1,1,726,707,728,0,735,13.1,79.8,531,28.7,31.2,0.0,3.0,2067.6,0,16.83,15.3,55.4,52.6,54.7,54.5,54.8,53.0,51.0,45.1,56.8,56.7,28,40,26.9,31.6,39,42,25,0,0,0,6,6,4,0,30,30,30,40,40,37,40,40,39,44.99,42.31,45.06,47,470,4.8,0,0,0
13.41,120,0.24,0.28,0.27,11.5,11.1,11.1,13.67,-1.1,0.21,0.12,211.0,6.4,197,1,1,764,706,785,1,785,13.4,81.1,559,33.4,34.8,0.1,3.1,2067.6,0,16.83,15.4,55.6,52.7,54.8,54.6,54.8,53.1,51.0,45.2,56.9,56.5,28,40,26.9,31.6,43,46,25,0,0,0,6,6,4,0,30,30,30,40,39,37,40,40,39,44.99,42.32,45.06,47,480,4.8,0,0,0
13.02,88,0.24,0.28,0.27,11.3,11.4,11.6,13.18,-6.8,0.14,0.16,211.6,7.0,202,1,1,708,706,703,0,699,13.0,75.1,521,29.3,31.2,0.0,3.0,2067.6,0,16.83,15.3,55.4,52.6,54.7,54.5,54.8,53.1,51.1,45.0,56.8,56.9,28,40,26.9,31.6,40,43,25,0,0,0,6,6,4,0,30,30,30,40,40,37,40,40,39,44.98,42.32,45.06,47,480,4.8,0,0,0
12.45,72,0.24,0.28,0.27,11.1,11.2,11.6,12.68,-13.2,0.12,0.21,211.2,6.5,196,1,1,661,705,627,-1,630,12.4,72.8,484,32.6,34.9,0.0,3.1,2067.6,0,16.83,15.5,55.8,52.8,55.0,54.7,55.0,53.5,51.5,45.4,57.0,56.6,28,40,26.8,31.6,42,45,25,0,0,0,6,6,4,0,30,30,30,40,40,37,40,40,39,44.99,42.31,45.06,47,470,4.8,0,0,0
12.89,88,0.24,0.28,0.27,11.1,11.0,11.8,13.2,-1.8,0.12,0.23,211.6,5.6,197,1,1,700,705,691,-1,694,12.9,74.3,516,30.3,32.9,0.0,3.1,2067.6,0,16.83,15.3,55.5,52.7,54.8,54.6,54.8,53.2,51.1,45.0,56.9,56.6,28,40,26.9,31.6,41,44,25,0,0,0,6,6,4,0,30,30,30,40,40,37,40,40,39,44.99,42.31,45.06,47,470,4.8,0,0,0
13.34,264,0.24,0.28,0.27,11.5,11.3,11.4,13.62,4.3,0.26,0.23,211.5,6.5,197,1,1,745,706,763,1,765,13.4,81.4,548,33.4,34.7,0.0,3.1,2067.6,0,16.83,15.3,55.6,52.7,54.8,54.6,54.8,53.0,51.1,45.2,56.9,56.7,28,40,26.9,31.6,43,46,25,0,0,0,6,6,4,0,30,30,30,40,40,37,40,40,39,44.99,42.31,45.06,47,470,4.8,0,0,0
12.93,184,0.24,0.28,0.27,11.4,10.9,11.0,13.14,-9.2,0.14,0.18,211.4,5.8,197,1,1,699,705,695,2,696,13.0,76.5,515,29.0,30.8,0.0,3.1,2067.6,0,16.83,15.5,55.6,52.7,54.8,54.6,54.9,53.1,51.3,45.2,56.9,56.6,28,40,26.9,31.6,39,42,25,0,0,0,6,6,4,0,30,30,30,40,40,37,40,40,39,44.99,42.31,45.06,47,470,4.8,0,0,0
13.07,176,0.24,0.28,0.27,11.4,11.0,10.9,13.34,-11.5,0.13,0.2,211.2,5.1,200,1,1,722,706,730,0,728,13.1,78.7,534,31.0,33.2,0.0,3.1,2067.6,0,16.83,15.3,55.5,52.7,54.7,54.5,54.8,53.1,51.1,45.0,56.9,56.7,28,40,26.9,31.6,42,45,25,0,0,0,6,6,4,0,30,30,30,40,40,37,40,40,39,44.98,42.31,45.06,47,480,4.8,0,0,0
13.12,0,0.24,0.28,0.27,11.3,11.1,11.9,13.34,-10.0,0.12,0.19,211.4,5.5,203,1,1,731,707,734,0,739,13.0,78.1,537,29.2,31.7,0.0,3.0,2067.6,0,16.83,15.3,55.4,52.7,54.7,54.5,54.7,53.1,51.0,45.2,56.8,56.8,28,40,26.9,31.6,40,43,25,0,0,0,6,6,4,0,30,30,30,40,40,37,40,40,39,44.99,42.31,45.06,47,470,4.8,0,0,0
13.22,80,0.24,0.28,0.27,11.6,11.1,11.3,13.52,-11.2,0.14,0.18,211.4,7.8,197,1,1,736,705,750,0,752,13.3,81.0,543,31.7,32.7,0.0,3.1,2067.6,0,16.83,15.5,55.6,52.7,54.8,54.6,54.8,53.3,51.1,45.1,56.9,56.8,28,40,26.9,31.6,41,44,25,0,0,0,6,6,4,0,30,30,30,40,40,37,40,40,39,44.99,42.31,45.06,47,470,4.8,0,0,0
13.04,248,0.24,0.28,0.27,11.3,11.3,11.8,13.31,-8.2,0.14,0.18,211.2,5.7,200,1,1,711,706,716,1,719,13.1,78.5,529,30.8,33.1,0.0,3.1,2067.6,0,16.83,15.3,55.5,52.7,54.7,54.6,54.8,53.2,51.1,45.0,56.8,56.8,28,40,26.9,31.6,42,45,25,0,0,0,6,6,4,0,30,30,30,40,40,37,40,40,39,44.98,42.31,45.06,47,470,4.8,0,0,0
13.35,352,0.24,0.28,0.27,11.4,11.3,11.6,13.71,2.4,0.19,0.13,211.4,6.9,194,1,1,750,706,767,0,763,13.4,81.8,550,32.9,34.2,0.0,3.2,2067.6,0,16.83,15.4,55.5,52.7,54.8,54.6,54.9,53.2,51.2,45.0,56.8,56.6,28,40,26.9,31.6,43,45,25,0,0,0,6,6,4,0,30,30,30,40,40,37,40,40,39,44.99,42.31,45.06,47,470,4.7,0,0,0
13.33,120,0.24,0.28,0.27,11.4,10.9,10.9,13.56,-5.2,-0.04,0.15,211.3,5.9,199,1,1,746,705,763,-1,771,13.5,81.6,547,33.8,34.5,0.0,3.2,2067.6,0,16.83,15.3,55.6,52.7,54.8,54.6,54.8,53.0,51.1,45.2,56.9,56.7,28,40,26.9,31.6,43,46,25,0,0,0,6,6,4,0,30,30,30,40,40,37,40,40,39,44.99,42.31,45.06,47,470,4.8,0,0,0
13.41,80,0.24,0.28,0.27,11.4,11.4,11.8,13.68,-10.2,0.14,0.2,211.4,7.8,195,1,1,759,706,780,0,785,13.3,81.6,559,32.5,33.8,0.0,3.2,2067.6,0,16.83,15.4,55.5,52.7,54.8,54.6,54.8,53.2,51.1,45.1,56.9,56.5,28,40,26.9,31.6,43,46,25,0,0,0,6,6,4,0,30,30,30,40,40,37,40,40,39,44.98,42.31,45.06,47,470,4.8,0,0,0
13.69,168,0.24,0.28,0.27,11.4,11.5,12.0,13.92,-6.2,0.09,0.19,211.5,7.6,198,1,1,779,705,810,0,812,13.6,82.6,572,30.3,31.1,0.0,3.1,2067.6,0,16.83,15.5,55.6,52.8,54.8,54.6,54.8,52.9,51.3,45.2,56.9,57.0,28,40,26.9,31.6,40,42,25,0,0,0,6,6,4,0,30,30,30,40,40,37,40,40,39,44.99,42.31,45.06,47,470,4.8,0,0,0
13.32,336,0.24,0.28,0.27,11.3,11.1,11.7,13.58,-2.3,0.26,0.17,211.4,6.1,198,1,1,748,706,762,0,762,13.4,79.5,550,33.7,34.3,0.0,3.2,2067.6,0,16.83,15.3,55.5,52.7,54.8,54.6,54.8,53.0,51.1,45.2,56.9,56.7,28,40,26.9,31.6,43,46,25,0,0,0,6,6,4,0,30,30,30,40,40,37,40,40,39,44.99,42.31,45.06,47,480,4.8,0,0,0
12.36,304,0.24,0.28,0.27,11.3,10.9,11.3,12.59,-0.6,0.14,0.18,211.5,6.2,192,1,1,642,705,608,-1,609,12.3,69.3,472,32.8,34.0,0.0,3.2,2067.6,0,16.83,15.6,55.8,52.9,55.0,54.7,55.1,53.3,51.7,45.5,57.0,56.8,28,40,26.7,31.6,41,44,25,0,0,0,6,6,4,0,30,30,30,40,40,37,40,40,39,44.99,42.31,45.06,46,470,4.8,0,0,0
13.16,96,0.24,0.28,0.27,11.4,10.9,11.2,13.38,4.9,0.16,0.18,211.3,6.2,196,1,1,733,705,744,1,745,13.2,78.9,542,31.0,32.2,0.0,3.1,2067.6,0,16.83,15.5,55.5,52.7,54.8,54.6,54.9,53.2,51.3,45.1,56.9,56.5,28,40,26.9,31.6,41,44,25,0,0,0,6,6,4,0,30,30,30,40,40,37,40,40,39,44.99,42.31,45.06,47,480,4.8,0,0,0
13.12,0,0.24,0.28,0.27,11.4,11.5,11.8,13.4,-11.7,0.1,0.2,211.4,6.9,201,1,1,720,706,726,-1,728,13.0,80.0,533,28.7,30.9,0.0,3.1,2067.6,0,16.83,15.3,55.4,52.6,54.7,54.5,54.7,53.1,51.0,45.0,56.8,56.5,28,40,26.9,31.6,39,42,25,0,0,0,6,6,4,0,30,30,30,40,40,37,40,40,39,44.99,42.31,45.06,47,470,4.8,0,0,0
12.8,304,0.24,0.28,0.27,11.3,11.3,11.7,13.01,2.7,0.21,0.16,211.3,7.2,196,1,1,683,706,670,1,671,12.7,75.5,506,30.0,33.0,0.0,3.1,2067.6,0,16.83,15.3,55.5,52.7,54.8,54.6,54.8,53.1,51.0,45.1,56.9,56.5,28,40,26.9,31.6,41,44,25,0,0,0,6,6,4,0,30,30,30,40,40,37,40,40,39,44.99,42.31,45.06,47,480,4.8,0,0,0
13.11,256,0.24,0.28,0.27,11.3,11.4,11.8,13.29,-9.7,0.12,0.18,211.2,6.9,194,1,1,713,705,714,2,714,13.1,78.7,528,29.2,31.2,0.0,3.1,2067.6,0,16.83,15.5,55.6,52.7,54.8,54.6,54.9,53.3,51.3,45.1,56.9,56.6,28,40,26.9,31.6,40,42,25,0,0,0,6,6,4,0,30,30,30,40,40,37,40,40,39,44.98,42.31,45.06,47,470,4.8,0,0,0
13.38,224,0.24,0.28,0.27,11.6,11.2,11.3,13.62,6.1,0.14,0.17,211.1,6.6,194,1,1,747,705,772,1,778,13.4,82.6,553,32.0,33.3,0.0,3.2,2067.6,0,16.83,15.5,55.6,52.8,54.8,54.6,54.8,53.0,51.1,45.1,56.9,56.6,28,40,26.9,31.6,42,45,25,0,0,0,6,6,4,0,30,30,30,40,40,37,40,40,39,44.99,42.31,45.06,46,470,4.8,0,0,0
12.43,112,0.24,0.28,0.27,11.1,11.3,11.8,12.69,4.3,0.14,0.18,211.1,6.5,199,1,1,650,706,623,0,624,12.3,70.3,481,31.3,33.2,0.0,3.1,2067.6,0,16.83,15.3,55.2,52.4,54.5,54.2,54.5,52.7,51.0,45.0,56.8,56.5,28,40,26.9,31.6,40,43,25,0,0,0,6,6,4,0,30,30,30,40,40,37,40,40,39,44.99,42.31,45.06,47,470,4.8,0,0,0
13.1,128,0.24,0.28,0.27,11.4,10.9,11.0,13.39,-4.6,0.11,0.17,211.4,5.0,194,1,1,719,705,729,0,726,13.3,79.3,531,29.2,32.1,0.0,3.0,2067.6,0,16.83,15.5,55.7,52.7,54.8,54.6,54.9,53.4,51.4,45.1,56.9,56.7,28,40,26.8,31.6,39,42,25,0,0,0,6,6,4,0,30,30,30,40,40,37,40,40,39,44.98,42.31,45.06,47,470,4.8,0,0,0
13.08,72,0.24,0.28,0.27,11.3,11.1,11.8,13.41,-14.1,0.19,0.23,211.5,6.7,202,1,1,716,706,722,0,724,13.1,77.7,531,28.8,31.2,0.0,3.0,2067.6,0,16.83,15.3,55.4,52.6,54.7,54.5,54.8,53.1,51.0,45.0,56.8,56.8,28,40,26.9,31.6,39,42,25,0,0,0,6,6,4,0,30,30,30,40,40,37,40,40,39,44.99,42.31,45.06,47,470,4.8,0,0,0
13.4,8,0.24,0.28,0.27,11.4,11.0,11.1,13.61,-6.1,0.22,0.18,211.5,7.6,197,1,1,754,705,779,1,785,13.5,83.4,558,31.8,33.4,0.0,3.1,2067.6,0,16.83,15.5,55.6,52.8,54.9,54.6,54.8,53.1,51.1,45.1,56.9,56.7,28,40,26.9,31.6,42,45,25,0,0,0,6,6,4,0,30,30,30,40,40,37,40,40,39,44.99,42.31,45.06,47,480,4.8,0,0,0
13.1,304,0.24,0.28,0.27,11.3,10.9,11.4,13.29,-17.2,0.16,0.14,211.4,8.6,200,1,1,726,706,726,1,723,13.1,77.2,533,29.3,32.2,0.0,3.0,2067.6,0,16.83,15.3,55.5,52.7,54.8,54.5,54.7,53.0,51.0,45.1,56.9,56.4,28,40,26.9,31.6,40,43,25,0,0,0,6,6,4,0,30,30,30,40,39,37,40,40,39,44.99,42.31,45.06,47,480,4.8,0,0,0
12.76,200,0.24,0.28,0.27,11.3,11.3,11.7,12.99,-3.6,0.09,0.2,211.7,5.1,196,1,1,682,706,668,0,671,12.7,75.6,505,29.8,31.5,0.0,3.0,2067.6,0,16.83,15.3,55.4,52.6,54.7,54.4,54.6,52.9,51.0,45.1,56.8,56.4,28,40,26.9,31.6,40,42,25,0,0,0,6,6,4,0,30,30,30,40,40,37,40,40,39,44.99,42.31,45.06,47,480,4.8,0,0,0
12.61,56,0.24,0.28,0.27,11.3,11.3,11.6,12.89,-13.0,0.14,0.2,211.1,8.2,198,1,1,667,706,643,0,651,12.6,72.8,491,30.1,31.7,0.0,3.1,2067.6,0,16.83,15.3,55.4,52.6,54.7,54.3,54.5,52.8,50.9,45.1,56.8,56.7,28,40,26.9,31.6,40,42,25,0,0,0,6,6,4,0,30,30,30,40,40,37,40,40,39,44.98,42.31,45.06,47,480,4.8,0,0,0
12.72,88,0.24,0.28,0.27,11.3,11.1,11.8,12.96,0.4,0.09,0.18,211.0,5.1,196,1,1,684,706,673,0,677,12.6,74.1,507,29.8,33.0,0.0,3.1,2067.6,0,16.83,15.3,55.5,52.7,54.8,54.6,54.8,53.0,51.0,45.1,56.9,56.5,28,40,26.9,31.6,41,44,25,0,0,0,6,6,4,0,30,30,30,40,40,37,40,40,39,44.99,42.31,45.06,47,470,4.8,0,0,0
13.19,272,0.24,0.28,0.27,11.4,11.1,11.3,13.39,-1.5,0.19,0.19,211.5,5.6,194,1,1,724,705,731,0,736,13.1,77.3,534,29.2,32.1,0.0,3.0,2067.6,0,16.83,15.5,55.7,52.7,54.8,54.6,54.9,53.4,51.4,45.1,56.9,56.7,28,40,26.8,31.6,39,42,25,0,0,0,6,6,4,0,30,30,30,40,40,37,40,40,39,44.98,42.31,45.06,46,470,4.8,0,0,0
13.59,320,0.24,0.28,0.27,11.3,11.4,12.0,13.87,-14.6,0.16,0.16,211.4,7.0,201,1,1,773,706,805,0,806,13.6,82.1,571,31.6,34.3,0.0,3.1,2067.6,0,16.83,15.3,55.5,52.7,54.8,54.5,54.8,53.0,51.0,45.1,56.9,56.6,28,40,26.9,31.6,42,45,25,0,0,0,6,6,4,0,30,30,30,40,40,37,40,40,39,44.99,42.31,45.06,47,470,4.8,0,0,0
13.07,160,0.24,0.28,0.27,11.4,10.9,11.2,13.25,-15.6,0.21,0.18,211.2,7.1,204,1,1,718,706,722,1,730,13.0,79.5,530,29.0,31.8,0.0,3.0,2067.6,0,16.83,15.3,55.4,52.7,54.7,54.5,54.7,53.0,51.0,45.1,56.9,56.6,28,40,26.9,31.6,40,43,25,0,0,0,6,6,4,0,30,30,30,40,40,37,40,40,39,44.99,42.31,45.06,47,480,4.8,0,0,0
13.31,168,0.24,0.28,0.27,11.4,11.6,11.8,13.61,8.5,0.14,0.17,211.3,5.1,196,1,1,739,705,756,1,759,13.1,81.9,549,30.8,32.4,0.0,3.1,2067.6,0,16.83,15.5,55.5,52.7,54.8,54.6,54.9,53.2,51.3,45.1,56.9,56.5,28,40,26.9,31.6,41,44,25,0,0,0,6,6,4,0,30,30,30,40,40,37,40,40,39,44.99,42.32,45.06,47,470,4.8,0,0,0
12.59,56,0.24,0.28,0.27,11.3,10.9,11.3,12.83,8.4,0.13,0.18,211.3,7.7,194,1,1,659,705,638,0,639,12.6,72.0,488,29.7,32.6,0.0,3.1,2067.6,0,16.83,15.5,55.7,52.8,54.8,54.6,54.9,53.1,51.4,45.3,56.9,56.9,28,40,26.8,31.6,40,42,25,0,0,0,6,6,4,0,30,30,30,40,40,37,40,40,39,44.99,42.32,45.06,47,470,4.8,0,0,0
13.11,288,0.24,0.28,0.27,11.4,11.2,11.2,13.36,-12.2,0.1,0.15,211.4,6.3,203,1,1,721,706,726,0,728,13.1,79.7,531,29.1,31.6,0.0,3.0,2067.6,0,16.83,15.3,55.4,52.7,54.7,54.5,54.7,53.1,51.0,45.1,56.9,56.7,28,40,26.9,31.6,40,43,25,0,0,0,6,6,4,0,30,30,30,40,40,37,40,40,39,44.99,42.31,45.07,47,480,4.8,0,0,0
13.15,192,0.24,0.28,0.27,11.4,11.3,11.4,13.41,-22.6,0.09,0.17,211.4,6.3,198,1,1,727,706,729,1,731,13.2,79.4,532,32.8,34.5,0.1,3.2,2067.6,0,16.83,15.4,55.5,52.7,54.8,54.6,54.8,53.2,51.1,45.0,56.9,56.7,28,40,26.9,31.6,43,46,25,0,0,0,6,6,4,0,30,30,30,40,40,37,40,40,39,44.98,42.31,45.06,47,480,4.8,0,0,0
13.66,96,0.24,0.28,0.27,11.4,11.0,11.2,13.92,-7.8,0.19,0.17,211.6,7.8,198,1,1,797,705,833,1,842,13.7,87.3,584,30.3,31.1,0.0,3.1,2067.6,0,16.83,15.5,55.6,52.8,54.8,54.6,54.8,52.9,51.3,45.2,56.9,56.9,28,40,26.9,31.6,40,42,25,0,0,0,6,6,4,0,30,30,30,40,40,37,40,40,39,44.99,42.31,45.06,47,470,4.8,0,0,0
13.48,312,0.24,0.28,0.27,11.5,11.6,12.0,13.8,-7.9,0.05,0.16,211.1,5.6,199,1,1,765,705,790,-1,789,13.5,82.4,563,30.3,32.1,0.0,3.1,2067.6,0,16.83,15.5,55.5,52.7,54.8,54.6,54.9,53.2,51.2,45.0,56.9,56.6,28,40,26.9,31.6,41,44,25,0,0,0,6,6,4,0,30,30,30,40,40,37,40,40,39,44.99,42.31,45.06,47,480,4.8,0,0,0
12.72,200,0.24,0.28,0.27,11.2,11.1,11.5,12.94,-11.2,0.16,0.19,211.2,7.7,201,1,1,677,706,659,0,659,12.8,71.8,499,30.4,31.7,0.0,3.1,2067.6,0,16.83,15.3,55.3,52.5,54.6,54.3,54.5,52.8,50.9,45.1,56.8,56.9,28,40,26.9,31.6,40,42,25,0,0,0,6,6,4,0,30,30,30,40,40,37,40,40,39,44.99,42.31,45.06,47,470,4.8,0,0,0
12.43,328,0.24,0.28,0.27,11.3,11.4,11.6,12.74,-15.0,0.16,0.18,211.6,7.0,202,1,1,654,706,623,0,623,12.4,72.0,481,31.3,32.6,0.0,3.1,2067.6,0,16.83,15.3,55.2,52.4,54.5,54.2,54.5,52.9,51.0,45.0,56.8,56.3,28,40,26.9,31.6,40,43,25,0,0,0,6,6,4,0,30,30,30,40,40,37,40,40,39,44.98,42.31,45.06,47,470,4.8,0,0,0
12.51,232,0.24,0.28,0.27,11.1,11.1,11.6,12.8,-8.7,0.1,0.18,211.4,5.7,193,1,1,653,705,622,0,628,12.4,70.5,480,33.2,34.0,0.1,3.2,2067.6,0,16.83,15.6,55.8,52.9,55.0,54.7,55.1,53.3,51.7,45.5,57.0,56.9,28,40,26.7,31.6,42,44,25,0,0,0,6,6,4,0,30,30,30,40,40,37,40,40,39,44.99,42.31,45.06,46,470,4.8,0,0,0
12.84,176,0.24,0.28,0.27,11.3,11.1,11.1,13.06,-3.8,0.1,0.12,211.2,7.4,199,1,1,690,706,680,1,688,12.9,74.1,508,30.6,33.4,0.0,3.1,2067.6,0,16.83,15.3,55.5,52.7,54.8,54.6,54.8,53.2,51.1,45.1,56.9,56.7,28,40,26.9,31.6,41,44,25,0,0,0,6,6,4,0,30,30,30,40,40,37,40,40,39,44.99,42.31,45.06,47,470,4.8,0,0,0
12.87,256,0.24,0.28,0.27,11.2,11.1,11.4,13.2,-2.5,0.11,0.18,211.2,7.6,196,1,1,703,705,701,2,707,12.9,77.1,522,29.6,30.9,0.0,3.1,2067.6,0,16.83,15.5,55.6,52.8,54.8,54.6,54.9,53.0,51.3,45.2,56.9,56.8,29,40,26.9,31.6,39,42,25,0,0,0,6,6,4,0,30,30,30,40,40,37,40,40,39,44.99,42.31,45.06,47,470,4.8,0,0,0
13.45,32,0.24,0.28,0.27,11.4,11.0,11.6,13.76,-14.0,0.14,0.2,211.6,8.6,198,1,1,762,706,785,1,786,13.4,82.4,563,32.5,35.1,0.0,3.1,2067.6,0,16.83,15.3,55.5,52.7,54.8,54.6,54.8,53.0,51.0,45.2,56.9,56.6,28,40,26.9,31.6,43,46,25,0,0,0,6,6,4,0,30,30,30,40,40,37,40,40,39,44.99,42.32,45.06,47,480,4.8,0,0,0
13.07,144,0.24,0.28,0.27,11.3,11.3,11.8,13.36,-8.6,0.17,0.17,211.4,6.6,201,1,1,722,706,726,0,733,13.1,79.5,534,28.9,30.8,0.0,3.1,2067.6,0,16.83,15.3,55.4,52.6,54.7,54.5,54.7,53.1,51.0,45.0,56.9,56.5,28,40,26.9,31.6,39,42,25,0,0,0,6,6,4,0,30,30,30,40,40,37,40,40,39,44.99,42.31,45.06,47,480,4.8,0,0,0
13.65,184,0.24,0.28,0.27,11.3,11.4,12.0,13.91,-12.1,0.17,0.18,211.7,7.2,199,1,1,787,705,824,2,830,13.5,84.4,580,30.1,31.2,0.0,3.1,2067.6,0,16.83,15.5,55.5,52.7,54.8,54.6,54.8,52.9,51.3,45.2,56.9,56.9,28,40,26.9,31.6,40,43,25,0,0,0,6,6,4,0,30,30,30,40,40,37,40,40,39,44.99,42.31,45.06,47,480,4.8,0,0,0
12.99,168,0.24,0.28,0.27,11.3,11.3,11.8,13.21,-6.0,0.07,0.19,211.7,5.7,196,1,1,701,705,696,0,701,12.9,77.5,518,31.1,32.2,0.0,3.1,2067.6,0,16.83,15.5,55.5,52.7,54.8,54.6,54.9,53.2,51.2,45.1,56.9,56.7,28,40,26.9,31.6,41,44,25,0,0,0,6,6,4,0,30,30,30,40,39,37,40,40,39,44.99,42.31,45.06,47,480,4.8,0,0,0
13.24,120,0.24,0.28,0.27,11.3,11.3,12.1,13.52,-7.1,0.11,0.14,211.3,6.5,195,1,1,741,706,750,2,755,13.2,80.9,545,33.1,34.3,0.1,3.2,2067.6,0,16.83,15.4,55.5,52.7,54.8,54.6,54.9,53.2,51.1,45.0,56.9,56.6,28,40,26.9,31.6,43,46,25,0,0,0,6,6,4,0,30,30,30,40,40,37,40,40,39,44.99,42.31,45.06,47,470,4.8,0,0,0
12.55,72,0.24,0.28,0.27,11.2,11.2,11.6,12.8,-5.7,0.14,0.18,211.5,5.0,193,1,1,660,705,637,3,642,12.4,71.4,489,33.1,34.5,0.1,3.2,2067.6,0,16.83,15.6,55.8,52.9,55.0,54.7,55.1,53.6,51.6,45.3,57.0,56.9,28,40,26.8,31.6,42,45,25,0,0,0,6,6,4,0,30,30,30,40,40,37,40,40,39,44.99,42.32,45.06,47,470,4.8,0,0,0
13.13,40,0.24,0.28,0.27,11.3,11.3,11.9,13.4,-0.1,0.19,0.18,211.1,6.1,193,1,1,724,705,733,-2,741,13.0,80.4,536,29.0,31.3,0.0,3.0,2067.6,0,16.83,15.5,55.6,52.7,54.8,54.6,54.9,53.3,51.4,45.1,57.0,56.5,28,40,26.9,31.6,40,42,25,0,0,0,6,6,4,0,30,30,30,40,40,37,40,40,39,44.99,42.31,45.06,47,480,4.8,0,0,0
13.49,120,0.24,0.28,0.27,11.4,11.5,12.0,13.72,-13.9,0.16,0.23,211.3,7.6,199,1,1,760,706,786,1,794,13.5,83.7,562,32.2,35.1,0.0,3.1,2067.6,0,16.83,15.3,55.5,52.7,54.8,54.5,54.8,53.0,51.0,45.1,56.9,56.5,28,40,26.9,31.6,43,46,25,0,0,0,6,6,4,0,30,30,30,40,40,37,40,40,39,44.99,42.31,45.06,46,470,4.8,0,0,0
12.65,216,0.24,0.28,0.27,11.3,11.3,11.6,12.94,1.2,0.13,0.18,211.1,5.1,198,1,1,664,706,646,1,650,12.6,73.6,494,29.7,31.1,0.0,3.1,2067.6,0,16.83,15.3,55.4,52.6,54.7,54.4,54.7,53.0,51.0,45.1,56.9,56.3,28,40,26.9,31.6,39,42,25,0,0,0,6,6,4,0,30,30,30,40,40,37,40,40,39,44.99,42.31,45.06,47,480,4.8,0,0,0
13.05,232,0.24,0.28,0.27,11.4,11.3,11.6,13.34,-21.3,0.16,0.2,211.2,6.5,201,1,1,713,706,717,2,720,13.0,77.0,526,29.7,31.9,0.0,3.0,2067.6,0,16.83,15.3,55.5,52.7,54.8,54.5,54.7,53.0,51.0,45.1,56.9,56.5,28,40,26.9,31.6,40,43,25,0,0,0,6,6,4,0,30,30,30,40,40,37,40,40,39,44.99,42.31,45.06,47,470,4.8,0,0,0
12.35,176,0.24,0.28,0.27,11.3,10.9,11.0,12.58,-4.7,0.13,0.18,211.3,5.7,191,1,1,641,705,609,0,613,12.4,70.7,472,32.6,34.1,0.0,3.2,2067.6,0,16.83,15.6,55.8,52.9,55.1,54.7,55.1,53.1,51.7,45.6,57.0,56.5,28,40,26.7,31.6,41,44,25,0,0,0,6,6,4,0,30,30,30,40,39,37,40,40,39,44.98,42.31,45.06,47,480,4.8,0,0,0
12.87,88,0.24,0.28,0.27,11.2,11.1,11.5,13.18,-10.2,0.15,0.16,211.1,7.9,197,1,1,700,706,690,0,701,12.9,76.7,514,30.1,32.1,0.0,3.1,2067.6,0,16.83,15.3,55.5,52.7,54.8,54.6,54.8,52.9,51.0,45.1,56.9,56.4,28,40,26.9,31.6,40,43,25,0,0,0,6,6,4,0,30,30,30,40,40,37,40,40,39,44.99,42.31,45.06,47,480,4.8,0,0,0
13.28,224,0.24,0.28,0.27,11.3,11.3,11.8,13.72,-14.6,0.19,0.18,211.7,7.6,196,1,1,753,706,774,1,785,13.3,82.0,558,32.6,33.7,0.0,3.2,2067.6,0,16.83,15.4,55.5,52.7,54.8,54.6,54.8,53.3,51.0,45.1,56.9,56.6,28,40,26.9,31.6,43,46,25,0,0,0,6,6,4,0,30,30,30,40,40,37,40,40,39,44.98,42.31,45.06,47,470,4.8,0,0,0
12.54,288,0.24,0.28,0.27,11.2,11.3,11.6,12.83,-8.8,0.14,0.22,211.4,6.9,197,1,1,667,705,647,0,652,12.5,71.8,493,30.7,33.3,0.0,3.1,2067.6,0,16.83,15.5,55.7,52.8,54.9,54.6,54.9,52.9,51.5,45.4,57.0,56.6,28,40,26.8,31.6,40,43,25,0,0,0,6,6,4,0,30,30,30,40,40,37,40,40,39,44.99,42.32,45.07,47,470,4.8,0,0,0
12.29,256,0.24,0.28,0.27,11.1,11.2,11.4,12.47,-6.2,0.08,0.17,211.1,5.2,200,1,1,631,705,595,1,601,12.2,68.7,469,30.7,32.3,0.0,3.1,2067.6,0,16.83,15.3,55.3,52.4,54.5,54.2,54.6,52.9,51.0,45.1,56.8,56.6,28,40,26.9,31.6,40,43,25,0,0,0,6,6,4,0,30,30,30,40,40,37,40,40,39,44.98,42.31,45.06,46,470,4.7,0,0,0
12.53,216,0.24,0.28,0.27,11.3,10.9,11.0,12.79,-9.9,0.19,0.2,211.2,7.8,197,1,1,658,705,637,0,638,12.6,72.3,485,30.7,33.7,0.0,3.1,2067.6,0,16.83,15.5,55.7,52.8,54.9,54.7,55.0,52.9,51.5,45.4,57.0,56.6,28,40,26.8,31.6,40,43,25,0,0,0,6,6,4,0,30,30,30,40,40,37,40,40,39,44.99,42.31,45.06,47,480,4.8,0,0,0
12.98,304,0.24,0.28,0.27,11.3,11.3,11.6,13.25,-9.1,0.13,0.22,211.2,6.8,202,1,1,706,706,702,0,701,13.0,75.1,520,29.2,31.2,0.0,3.0,2067.6,0,16.83,15.3,55.4,52.6,54.7,54.5,54.8,53.1,51.1,45.0,56.9,56.8,28,40,26.9,31.6,40,42,25,0,0,0,6,6,4,0,30,30,30,40,40,37,40,40,39,44.98,42.31,45.06,47,470,4.8,0,0,0
13.24,352,0.24,0.28,0.27,11.4,11.0,11.1,13.46,-19.5,0.06,0.12,211.3,7.8,197,1,1,745,706,760,1,766,13.2,82.9,550,32.5,33.7,0.0,3.2,2067.6,0,16.83,15.4,55.5,52.7,54.8,54.6,54.8,53.3,51.1,45.1,56.9,56.6,28,40,26.9,31.6,43,46,25,0,0,0,6,6,4,0,30,30,30,40,40,37,40,40,39,44.99,42.31,45.06,47,470,4.8,0,0,0
12.97,200,0.24,0.28,0.27,11.3,10.9,11.1,13.21,-13.3,0.13,0.18,211.4,6.8,196,1,1,709,705,711,1,712,13.0,77.2,525,28.8,31.2,0.0,3.0,2067.6,0,16.83,15.5,55.6,52.7,54.8,54.6,54.9,53.3,51.3,45.1,56.9,56.5,28,40,26.9,31.6,40,42,25,0,0,0,6,6,4,0,30,30,30,40,39,37,40,40,39,44.99,42.32,45.06,47,480,4.8,0,0,0
13.45,264,0.24,0.28,0.27,11.4,11.1,12.0,13.75,-11.7,0.11,0.23,211.4,6.3,199,1,1,767,706,788,1,791,13.4,81.7,564,32.1,34.9,0.0,3.1,2067.6,0,16.83,15.3,55.5,52.7,54.8,54.5,54.8,53.0,51.0,45.1,56.9,56.5,28,40,26.9,31.6,43,46,25,0,0,0,6,6,4,0,30,30,30,40,40,37,40,40,39,44.99,42.31,45.06,47,470,4.8,0,0,0
13.37,248,0.24,0.28,0.27,11.3,11.4,11.9,13.61,-2.0,0.24,0.16,211.4,5.8,199,1,1,749,707,765,1,769,13.2,79.9,552,31.2,33.5,0.0,3.1,2067.6,0,16.83,15.3,55.5,52.7,54.7,54.5,54.8,53.1,51.1,45.1,56.9,56.6,28,40,26.9,31.6,42,45,25,0,0,0,6,6,4,0,30,30,30,40,40,37,40,40,39,44.99,42.31,45.06,47,480,4.8,0,0,0
13.32,184,0.24,0.28,0.27,11.3,11.3,11.9,13.67,-23.5,0.31,0.17,211.2,7.8,202,1,1,756,705,783,-2,783,13.4,81.8,563,30.1,31.9,0.0,3.1,2067.6,0,16.83,15.5,55.5,52.7,54.8,54.6,54.8,52.9,51.3,45.2,56.9,56.7,28,40,26.9,31.6,41,43,25,0,0,0,6,6,4,0,30,30,30,40,40,37,40,40,39,44.99,42.32,45.06,47,480,4.8,0,0,0
13.16,216,0.24,0.28,0.27,11.4,11.1,11.3,13.35,-12.0,0.19,0.18,211.2,7.3,201,1,1,730,706,733,0,731,13.2,80.1,534,28.6,31.0,0.0,3.1,2067.6,0,16.83,15.3,55.4,52.6,54.7,54.5,54.7,53.1,51.0,45.0,56.8,56.5,28,40,26.9,31.6,39,42,25,0,0,0,6,6,4,0,30,30,30,40,40,37,40,40,39,44.99,42.31,45.06,47,470,4.8,0,0,0
12.61,72,0.24,0.28,0.27,11.3,11.0,11.1,12.79,-0.9,0.17,0.18,211.4,5.4,198,1,1,667,706,643,1,648,12.6,71.3,489,29.3,31.3,0.0,3.1,2067.6,0,16.83,15.3,55.4,52.6,54.7,54.4,54.7,53.0,51.0,45.1,56.9,56.3,28,40,26.9,31.6,39,42,25,0,0,0,6,6,4,0,30,30,30,40,40,37,40,40,39,44.99,42.31,45.06,47,470,4.8,0,0,0
12.88,56,0.24,0.28,0.27,11.4,11.0,10.9,13.1,-10.6,0.12,0.18,211.6,5.5,201,1,1,706,706,700,0,702,12.9,77.2,520,28.8,31.1,0.0,3.1,2067.6,0,16.83,15.3,55.4,52.6,54.7,54.5,54.7,53.1,51.0,45.0,56.9,56.5,28,40,26.9,31.6,39,42,25,0,0,0,6,6,4,0,30,30,30,40,40,37,40,40,39,44.99,42.31,45.06,47,480,4.8,0,0,0
13.14,208,0.24,0.28,0.27,11.3,10.9,11.0,13.39,-0.3,0.07,0.15,211.8,6.5,195,1,1,725,706,730,0,735,13.1,77.4,532,33.0,34.2,0.1,3.2,2067.6,0,16.83,15.4,55.5,52.7,54.8,54.6,54.9,53.2,51.2,45.1,56.9,56.7,28,40,26.9,31.6,43,45,25,0,0,0,6,6,4,0,30,30,30,40,40,37,40,40,39,44.99,42.31,45.06,46,470,4.8,0,0,0
13.16,280,0.24,0.28,0.27,11.3,11.4,11.8,13.45,-16.5,0.15,0.17,211.3,5.5,198,1,1,732,706,738,1,743,13.2,78.2,538,32.8,33.6,0.0,3.2,2067.6,0,16.83,15.4,55.5,52.7,54.8,54.6,54.9,53.2,51.1,45.0,56.9,56.6,28,40,26.9,31.6,43,46,25,0,0,0,6,6,4,0,30,30,30,40,40,37,40,40,39,44.99,42.32,45.06,47,480,4.8,0,0,0
12.47,40,0.24,0.28,0.27,11.1,11.3,11.6,12.68,-10.6,0.14,0.23,211.7,6.2,201,1,1,667,706,640,1,640,12.5,73.3,490,30.7,31.8,0.0,3.1,2067.6,0,16.83,15.3,55.3,52.4,54.5,54.2,54.6,52.8,51.0,45.1,56.8,56.7,28,40,26.9,31.6,40,43,25,0,0,0,6,6,4,0,30,30,30,40,40,37,40,40,39,44.99,42.31,45.06,47,470,4.8,0,0,0
13.16,280,0.24,0.28,0.27,11.2,11.3,11.7,13.3,5.0,0.17,0.17,211.4,6.0,195,1,1,717,706,724,1,725,13.1,78.4,531,32.9,33.9,0.1,3.2,2067.6,0,16.83,15.4,55.5,52.7,54.8,54.6,54.9,53.1,51.2,45.1,56.8,56.6,28,40,26.9,31.6,43,45,25,0,0,0,6,6,4,0,30,30,30,40,40,37,40,40,39,44.98,42.31,45.06,47,470,4.8,0,0,0
13.19,64,0.24,0.28,0.27,11.4,11.2,11.4,13.4,-16.9,0.06,0.18,211.6,6.5,200,1,1,729,705,733,-1,741,13.1,77.7,534,33.3,34.9,0.1,3.2,2067.6,0,16.83,15.4,55.5,52.7,54.8,54.6,54.8,53.2,51.1,45.1,56.9,56.7,28,40,26.9,31.6,43,46,25,0,0,0,6,6,4,0,30,30,30,40,40,37,40,40,39,44.99,42.32,45.06,47,480,4.8,0,0,0
13.53,264,0.24,0.28,0.27,11.4,11.3,11.8,13.7,-1.3,0.17,0.23,211.5,5.5,197,1,1,761,705,783,-1,781,13.4,82.4,558,33.5,35.0,0.0,3.2,2067.6,0,16.83,15.4,55.6,52.7,54.8,54.6,54.8,53.1,51.0,45.2,56.9,56.5,28,40,26.9,31.6,43,46,25,0,0,0,6,6,4,0,30,30,30,40,40,37,40,40,39,44.99,42.31,45.06,47,480,4.8,0,0,0
12.68,56,0.24,0.28,0.27,11.2,11.2,11.7,13.0,-11.0,0.14,0.18,211.8,8.0,201,1,1,674,706,652,0,653,12.7,72.9,495,30.2,31.8,0.0,3.1,2067.6,0,16.83,15.3,55.3,52.5,54.6,54.3,54.5,52.7,50.9,45.1,56.8,56.9,28,40,26.9,31.6,40,42,25,0,0,0,6,6,4,0,30,30,30,40,40,37,40,40,39,44.99,42.31,45.06,46,470,4.8,0,0,0
13.21,200,0.24,0.28,0.27,11.3,11.3,11.8,13.46,-2.2,0.21,0.18,211.4,7.2,194,1,1,735,705,746,-1,750,13.2,80.6,543,29.4,31.8,0.0,3.0,2067.6,0,16.83,15.5,55.7,52.7,54.8,54.6,54.9,53.3,51.4,45.1,57.0,56.6,28,40,26.8,31.6,39,42,25,0,0,0,6,6,4,0,30,30,30,40,40,37,40,40,39,44.99,42.31,45.06,47,480,4.8,0,0,0
12.67,160,0.24,0.28,0.27,11.3,10.9,11.0,12.9,6.0,0.15,0.18,211.6,6.0,191,1,1,674,706,655,1,658,12.7,74.0,496,32.8,34.5,0.1,3.2,2067.6,0,16.83,15.6,55.8,52.9,55.0,54.7,55.1,53.3,51.7,45.4,57.0,56.9,28,40,26.7,31.6,42,44,25,0,0,0,6,6,4,0,30,30,30,40,40,37,40,40,39,44.99,42.31,45.06,46,470,4.8,0,0,0
13.41,296,0.24,0.28,0.27,11.3,11.3,12.0,13.67,-4.8,0.09,0.2,211.3,7.3,197,1,1,753,706,776,-1,781,13.3,83.6,559,32.0,33.3,0.0,3.1,2067.6,0,16.83,15.5,55.6,52.8,54.8,54.6,54.8,53.1,51.1,45.1,56.9,56.6,28,40,26.9,31.6,42,45,25,0,0,0,6,6,4,0,30,30,30,40,40,37,40,40,39,44.99,42.31,45.06,47,470,4.8,0,0,0
12.34,32,0.24,0.28,0.27,11.1,11.2,11.6,12.53,-5.8,0.19,0.18,211.3,5.0,191,1,1,645,705,610,0,610,12.4,69.0,475,32.6,33.9,0.0,3.2,2067.6,0,16.83,15.6,55.8,52.9,55.1,54.7,55.1,53.1,51.7,45.6,57.0,56.6,28,40,26.7,31.6,41,44,25,0,0,0,6,6,4,0,30,30,30,40,40,37,40,40,39,44.98,42.31,45.06,46,480,4.8,0,0,0
12.24,72,0.24,0.28,0.27,11.1,11.2,11.3,12.58,-4.6,0.16,0.18,211.2,5.3,195,1,1,637,705,601,1,606,12.3,70.5,470,31.6,34.5,0.0,3.1,2067.6,0,16.83,15.5,55.8,52.8,55.0,54.7,55.0,53.3,51.6,45.4,57.0,56.5,28,40,26.8,31.6,42,44,25,0,0,0,6,6,4,0,30,30,30,40,40,37,40,40,39,44.99,42.32,45.06,46,480,4.8,0,0,0
13.53,320,0.24,0.28,0.27,11.5,10.9,11.1,13.81,-4.0,0.13,0.2,211.3,6.5,201,1,1,780,706,816,1,823,13.5,85.1,575,31.5,33.7,0.0,3.1,2067.6,0,16.83,15.3,55.5,52.7,54.7,54.5,54.8,53.1,51.1,45.0,56.8,56.6,28,40,26.9,31.6,42,45,25,0,0,0,6,6,4,0,30,30,30,40,39,37,40,40,39,44.99,42.31,45.06,47,480,4.8,0,0,0
12.1,216,0.24,0.28,0.27,11.2,10.9,11.0,12.38,-5.8,0.11,0.14,211.6,4.9,195,1,1,619,705,576,0,573,12.2,68.3,455,31.1,34.5,0.0,3.1,2067.6,0,16.83,15.5,55.8,52.9,55.0,54.7,54.9,53.3,51.5,45.3,57.0,56.5,28,40,26.8,31.6,41,43,25,0,0,0,6,6,4,0,30,30,30,40,40,37,40,40,39,44.98,42.31,45.07,46,470,4.7,0,0,0
12.33,16,0.24,0.28,0.27,11.1,11.1,11.2,12.53,0.0,0.13,0.2,211.4,5.5,191,1,1,644,705,609,0,616,12.3,69.1,474,32.8,34.1,0.1,3.2,2067.6,0,16.83,15.6,55.8,52.9,55.0,54.7,55.1,53.3,51.7,45.5,57.0,56.8,28,40,26.7,31.6,42,44,25,0,0,0,6,6,4,0,30,30,30,40,40,37,40,40,39,44.99,42.31,45.06,47,480,4.8,0,0,0
13.47,48,0.24,0.28,0.27,11.5,11.3,11.3,13.71,-13.2,0.11,0.22,211.3,7.9,200,1,1,757,706,778,1,779,13.5,81.9,556,31.4,34.3,0.0,3.1,2067.6,0,16.83,15.3,55.5,52.7,54.8,54.5,54.8,53.0,51.0,45.2,56.8,56.6,28,40,26.9,31.6,42,45,25,0,0,0,6,6,4,0,30,30,30,40,40,37,40,40,39,44.99,42.31,45.06,47,480,4.8,0,0,0
13.51,40,0.24,0.28,0.27,11.4,11.3,12.0,13.71,-21.2,0.07,0.18,211.3,8.0,201,1,1,760,705,784,-1,791,13.4,84.3,562,30.2,31.5,0.0,3.1,2067.6,0,16.83,15.5,55.5,52.7,54.8,54.6,54.8,52.9,51.3,45.2,56.9,56.8,28,40,26.9,31.6,40,43,25,0,0,0,6,6,4,0,30,30,30,40,40,37,40,40,39,44.99,42.31,45.06,47,470,4.8,0,0,0
12.39,128,0.24,0.28,0.27,11.1,11.3,11.7,12.64,-10.0,0.13,0.2,211.0,6.5,199,1,1,648,705,615,-1,616,12.3,71.4,477,30.8,32.8,0.0,3.1,2067.6,0,16.83,15.5,55.7,52.8,54.9,54.6,54.9,53.0,51.4,45.3,57.0,56.8,28,40,26.8,31.6,40,43,25,0,0,0,6,6,4,0,30,30,30,40,40,37,40,40,39,44.99,42.31,45.06,47,470,4.8,0,0,0
13.43,80,0.24,0.28,0.27,11.3,11.2,12.0,13.72,-7.6,0.17,0.18,211.4,7.2,198,1,1,760,706,784,1,787,13.4,81.4,562,31.5,33.5,0.0,3.1,2067.6,0,16.83,15.5,55.6,52.8,54.9,54.6,54.8,53.1,51.1,45.1,56.9,56.7,28,40,26.9,31.6,42,45,25,0,0,0,6,6,4,0,30,30,30,40,40,37,40,40,39,44.99,42.31,45.06,47,480,4.8,0,0,0
12.82,16,0.24,0.28,0.27,11.4,11.0,11.0,13.03,2.1,0.24,0.18,211.4,6.4,196,1,1,686,705,677,0,682,12.8,74.9,508,30.3,32.7,0.0,3.1,2067.6,0,16.83,15.3,55.5,52.7,54.8,54.6,54.8,53.1,51.1,45.0,56.9,56.6,28,40,26.9,31.6,41,44,25,0,0,0,6,6,4,0,30,30,30,40,40,37,40,40,39,44.99,42.31,45.06,47,480,4.8,0,0,0
13.44,240,0.24,0.28,0.27,11.5,10.9,10.9,13.72,-10.9,0.19,0.2,211.6,6.5,198,1,1,760,705,778,-1,781,13.4,80.5,556,30.1,30.8,0.0,3.1,2067.6,0,16.83,15.5,55.6,52.8,54.8,54.6,54.8,52.9,51.2,45.2,56.9,57.0,28,40,26.9,31.6,40,42,25,0,0,0,6,6,4,0,30,30,30,40,39,37,40,40,39,44.99,42.32,45.06,47,480,4.8,0,0,0
12.91,176,0.24,0.28,0.27,11.4,11.0,11.0,13.19,-6.0,0.14,0.25,211.4,6.6,199,1,1,703,706,699,1,696,13.0,77.1,518,31.2,32.8,0.0,3.1,2067.6,0,16.83,15.3,55.5,52.7,54.7,54.6,54.8,53.2,51.1,45.0,56.8,56.8,28,40,26.9,31.6,42,45,25,0,0,0,6,6,4,0,30,30,30,40,40,37,40,40,39,44.99,42.31,45.06,47,480,4.8,0,0,0
12.98,160,0.24,0.28,0.27,11.3,11.3,11.8,13.25,-4.5,0.12,0.16,210.9,6.5,197,1,1,704,706,697,0,695,13.0,74.3,517,29.7,32.8,0.0,3.1,2067.6,0,16.83,15.3,55.5,52.7,54.8,54.5,54.8,52.9,51.0,45.1,56.9,56.4,28,40,26.9,31.6,40,43,25,0,0,0,6,6,4,0,30,30,30,40,40,37,40,40,39,44.99,42.31,45.06,47,470,4.7,0,0,0
13.65,208,0.24,0.28,0.27,11.5,11.4,11.8,13.91,1.1,0.15,0.2,211.2,7.1,194,1,1,774,706,806,0,813,13.7,84.0,569,32.2,33.5,0.0,3.2,2067.6,0,16.83,15.5,55.5,52.8,54.8,54.6,54.8,53.0,51.1,45.1,56.9,56.6,28,40,26.9,31.6,42,45,25,0,0,0,6,6,4,0,30,30,30,40,39,37,40,40,39,44.99,42.31,45.06,47,480,4.8,0,0,0
13.45,224,0.24,0.28,0.27,11.3,11.0,11.6,13.76,-4.6,0.08,0.23,211.4,5.7,197,1,1,767,705,790,1,794,13.4,82.4,563,31.6,33.2,0.0,3.1,2067.6,0,16.83,15.4,55.6,52.8,54.8,54.6,54.8,53.1,51.1,45.1,56.9,56.7,28,40,26.9,31.6,42,45,25,0,0,0,6,6,4,0,30,30,30,40,39,37,40,40,39,44.99,42.31,45.06,47,480,4.8,0,0,0
12.56,288,0.24,0.28,0.27,11.2,11.2,11.6,12.83,-10.1,0.15,0.17,211.5,5.4,194,1,1,660,705,638,2,640,12.6,72.4,489,33.2,34.6,0.1,3.2,2067.6,0,16.83,15.6,55.8,52.9,55.0,54.7,55.1,53.6,51.6,45.3,57.0,56.9,29,40,26.8,31.6,42,45,25,0,0,0,6,6,4,0,30,30,30,40,40,37,40,40,39,44.98,42.32,45.06,46,480,4.8,0,0,0
12.45,168,0.24,0.28,0.27,11.3,11.0,11.1,12.7,-3.3,0.19,0.15,211.5,6.4,198,1,1,648,706,619,0,621,12.5,69.1,476,31.6,33.1,0.0,3.1,2067.6,0,16.83,15.3,55.2,52.4,54.5,54.1,54.4,52.9,50.8,45.0,56.8,56.6,28,40,26.9,31.6,41,43,25,0,0,0,6,6,4,0,30,30,30,40,40,37,40,40,39,44.99,42.31,45.06,47,470,4.8,0,0,0
13.12,216,0.24,0.28,0.27,11.2,11.2,11.9,13.3,-10.2,0.14,0.18,211.2,6.3,203,1,1,722,706,724,0,726,13.0,78.7,532,28.9,31.9,0.0,3.0,2067.6,0,16.83,15.3,55.4,52.7,54.7,54.5,54.7,53.1,51.0,45.1,56.9,56.8,28,40,26.9,31.6,40,43,25,0,0,0,6,6,4,0,30,30,30,40,40,37,40,40,39,44.98,42.31,45.07,47,470,4.8,0,0,0
12.48,312,0.24,0.28,0.27,11.3,11.2,11.6,12.73,-4.9,0.13,0.18,211.4,7.1,198,1,1,649,705,620,0,624,12.4,71.5,480,31.4,32.9,0.0,3.1,2067.6,0,16.83,15.3,55.2,52.4,54.5,54.1,54.4,52.9,50.8,45.0,56.8,56.6,28,40,26.9,31.6,41,43,25,0,0,0,6,6,4,0,30,30,30,40,40,37,40,40,39,44.99,42.31,45.06,47,470,4.8,0,0,0
13.28,328,0.24,0.28,0.27,11.1,11.3,12.0,13.47,-14.0,0.11,0.17,211.1,7.7,198,1,1,724,704,733,0,737,13.2,76.2,533,29.7,31.3,0.0,3.1,2067.6,0,16.83,15.5,55.6,52.8,54.8,54.6,54.8,52.9,51.2,45.2,56.9,56.9,28,40,26.9,31.6,40,42,25,0,0,0,6,6,4,0,30,30,30,40,40,37,40,40,39,44.99,42.32,45.06,47,480,4.8,0,0,0
13.18,112,0.24,0.28,0.27,11.4,11.1,11.2,13.39,1.1,0.16,0.18,211.0,7.3,193,1,1,728,705,738,-1,746,13.2,79.0,537,28.8,32.0,0.0,3.1,2067.6,0,16.83,15.5,55.6,52.7,54.8,54.6,54.9,53.3,51.4,45.2,57.0,56.6,28,40,26.9,31.6,40,42,25,0,0,0,6,6,4,0,30,30,30,40,40,37,40,40,39,44.99,42.31,45.06,47,480,4.8,0,0,0
12.64,144,0.24,0.28,0.27,11.3,11.3,11.6,12.78,-9.3,0.13,0.18,211.1,7.2,197,1,1,663,705,644,-1,651,12.5,73.8,492,30.7,33.6,0.0,3.1,2067.6,0,16.83,15.5,55.7,52.8,54.9,54.6,54.9,52.9,51.5,45.4,57.0,56.7,28,40,26.8,31.6,40,43,25,0,0,0,6,6,4,0,30,30,30,40,40,37,40,40,39,44.99,42.31,45.07,47,480,4.7,0,0,0
13.27,264,0.24,0.28,0.27,11.5,11.1,11.0,13.5,-5.3,0.2,0.18,211.2,5.7,199,1,1,731,705,747,2,751,13.2,79.2,543,33.7,34.4,0.0,3.2,2067.6,0,16.83,15.4,55.5,52.7,54.8,54.6,54.8,53.0,51.1,45.2,56.9,56.6,28,40,26.9,31.6,43,46,25,0,0,0,6,6,4,0,30,30,30,40,40,37,40,40,39,44.99,42.31,45.06,47,480,4.7,0,0,0
13.13,32,0.24,0.28,0.27,11.3,11.1,11.7,13.4,-14.1,0.14,0.2,211.5,6.4,200,1,1,733,706,738,1,738,13.1,79.7,539,30.8,33.5,0.0,3.1,2067.6,0,16.83,15.3,55.5,52.7,54.7,54.5,54.8,53.1,51.1,45.0,56.9,56.7,28,40,26.9,31.6,42,45,25,0,0,0,6,6,4,0,30,30,30,40,39,37,40,40,39,44.98,42.31,45.06,47,480,4.8,0,0,0
12.96,200,0.24,0.28,0.27,11.2,10.9,11.5,13.19,-9.4,0.16,0.18,211.5,7.8,200,1,1,705,707,700,0,703,12.9,77.8,521,30.3,31.9,0.0,3.1,2067.6,0,16.83,15.3,55.3,52.5,54.6,54.3,54.6,52.9,50.9,45.1,56.8,56.8,28,40,26.9,31.6,40,42,25,0,0,0,6,6,4,0,30,30,30,40,40,37,40,40,39,44.99,42.31,45.06,46,470,4.8,0,0,0
13.73,64,0.24,0.28,0.27,11.6,11.3,11.3,13.91,-2.6,0.09,0.14,211.2,6.9,195,1,1,790,706,825,1,827,13.8,83.7,577,32.0,33.7,0.0,3.1,2067.6,0,16.83,15.5,55.5,52.7,54.8,54.6,54.8,52.9,51.1,45.1,56.9,56.5,28,40,26.9,31.6,42,45,25,0,0,0,6,6,4,0,30,30,30,40,40,37,40,40,39,44.99,42.31,45.06,47,470,4.8,0,0,0
13.39,336,0.24,0.28,0.27,11.6,10.9,11.0,13.61,-4.4,0.14,0.27,211.3,5.1,197,1,1,760,706,779,0,785,13.4,81.8,556,33.1,34.6,0.0,3.1,2067.6,0,16.83,15.4,55.6,52.7,54.8,54.6,54.8,53.1,51.0,45.1,56.9,56.5,28,40,26.9,31.6,43,46,25,0,0,0,6,6,4,0,30,30,30,40,40,37,40,40,39,44.99,42.31,45.06,47,470,4.8,0,0,0
13.27,112,0.24,0.28,0.27,11.4,11.2,11.2,13.51,-20.4,0.2,0.2,211.5,6.8,202,1,1,746,705,761,0,762,13.3,81.9,549,30.5,31.6,0.0,3.1,2067.6,0,16.83,15.5,55.6,52.7,54.8,54.6,54.8,52.9,51.3,45.2,56.9,56.8,28,40,26.9,31.6,41,44,25,0,0,0,6,6,4,0,30,30,30,40,40,37,40,40,39,44.99,42.32,45.06,47,480,4.8,0,0,0
12.98,304,0.24,0.28,0.27,11.3,11.0,11.6,13.22,-13.1,0.08,0.18,211.3,7.4,199,1,1,711,707,708,0,718,12.9,78.4,524,29.4,32.2,0.0,3.0,2067.6,0,16.83,15.3,55.5,52.7,54.8,54.5,54.7,53.0,51.0,45.1,56.9,56.4,28,40,26.9,31.6,40,43,25,0,0,0,6,6,4,0,30,30,30,40,40,37,40,40,39,44.99,42.31,45.06,47,470,4.8,0,0,0
13.2,0,0.24,0.28,0.27,11.4,11.2,11.3,13.43,-6.7,0.11,0.16,211.3,7.5,202,1,1,732,706,739,1,734,13.1,77.9,537,28.4,31.0,0.0,3.1,2067.6,0,16.83,15.3,55.4,52.6,54.6,54.5,54.8,53.0,51.1,45.0,56.8,56.7,28,40,26.9,31.6,39,42,25,0,0,0,6,6,4,0,30,30,30,40,40,37,40,40,39,44.99,42.32,45.06,47,470,4.8,0,0,0
13.54,192,0.24,0.28,0.27,11.4,11.6,11.8,13.81,-13.8,0.16,0.14,211.3,8.6,201,1,1,765,706,789,0,792,13.6,82.9,561,31.6,34.4,0.0,3.1,2067.6,0,16.83,15.3,55.5,52.7,54.8,54.5,54.8,53.0,51.0,45.2,56.9,56.6,28,40,26.9,31.6,42,45,25,0,0,0,6,6,4,0,30,30,30,40,40,37,40,40,39,44.99,42.31,45.06,47,470,4.8,0,0,0
12.59,288,0.24,0.28,0.27,11.3,10.9,11.0,12.85,1.8,0.06,0.17,211.1,5.4,198,1,1,662,706,641,1,645,12.5,71.9,489,29.5,31.1,0.0,3.1,2067.6,0,16.83,15.3,55.4,52.6,54.7,54.4,54.7,52.9,51.0,45.1,56.9,56.4,28,40,26.9,31.6,39,42,25,0,0,0,6,6,4,0,30,30,30,40,40,37,40,40,39,44.99,42.31,45.06,47,470,4.8,0,0,0
13.36,80,0.24,0.28,0.27,11.3,11.0,12.0,13.62,-3.1,0.07,0.17,211.6,5.7,198,1,1,755,705,777,0,779,13.3,80.5,558,30.7,32.2,0.0,3.1,2067.6,0,16.83,15.5,55.5,52.7,54.7,54.6,54.9,53.2,51.3,45.0,56.9,56.6,28,40,26.9,31.6,41,44,25,0,0,0,6,6,4,0,30,30,30,40,39,37,40,40,39,44.99,42.31,45.06,47,480,4.8,0,0,0
13.59,328,0.24,0.28,0.27,11.4,11.1,11.8,13.92,-15.9,0.07,0.18,211.5,8.2,199,1,1,783,705,817,-1,821,13.5,84.8,578,30.3,31.5,0.0,3.1,2067.6,0,16.83,15.5,55.5,52.7,54.8,54.6,54.8,52.9,51.3,45.2,56.9,56.9,28,40,26.9,31.6,40,43,25,0,0,0,6,6,4,0,30,30,30,40,40,37,40,40,39,44.99,42.31,45.06,47,480,4.8,0,0,0
13.09,104,0.24,0.28,0.27,11.3,11.4,11.8,13.29,-10.9,0.1,0.2,211.4,5.7,200,1,1,722,706,717,-2,721,13.1,78.0,528,30.6,33.5,0.0,3.1,2067.6,0,16.83,15.3,55.5,52.7,54.7,54.6,54.8,53.2,51.1,45.0,56.8,56.7,28,40,26.9,31.6,42,45,25,0,0,0,6,6,4,0,30,30,30,40,40,37,40,40,39,44.98,42.31,45.06,47,470,4.8,0,0,0
13.35,192,0.24,0.28,0.27,11.5,11.4,11.7,13.62,-11.4,0.16,0.11,211.6,5.6,200,1,1,752,706,765,0,771,13.3,79.5,550,31.8,34.4,0.0,3.1,2067.6,0,16.83,15.3,55.5,52.7,54.8,54.5,54.8,52.9,51.0,45.1,56.9,56.5,28,40,26.9,31.6,43,46,25,0,0,0,6,6,4,0,30,30,30,40,40,37,40,40,39,44.99,42.31,45.06,47,470,4.8,0,0,0
13.14,64,0.24,0.28,0.27,11.3,11.3,11.9,13.29,-11.9,0.12,0.15,211.2,7.1,197,1,1,732,706,732,0,739,13.0,77.8,537,32.6,33.8,0.0,3.2,2067.6,0,16.83,15.4,55.5,52.7,54.8,54.6,54.9,53.2,51.1,45.0,56.9,56.6,28,40,26.9,31.6,43,46,25,0,0,0,6,6,4,0,30,30,30,40,39,37,40,40,39,44.99,42.32,45.06,47,480,4.8,0,0,0
13.39,120,0.24,0.28,0.27,11.4,11.1,11.9,13.62,-11.1,0.1,0.17,211.4,6.1,200,1,1,756,706,775,2,785,13.3,81.0,557,31.6,34.5,0.0,3.1,2067.6,0,16.83,15.3,55.5,52.7,54.8,54.5,54.8,52.9,51.0,45.2,56.9,56.6,28,40,26.9,31.6,42,45,25,0,0,0,6,6,4,0,30,30,30,40,40,37,40,40,39,44.99,42.31,45.07,47,480,4.8,0,0,0
12.35,160,0.24,0.28,0.27,11.3,10.9,10.9,12.58,-2.2,0.15,0.18,211.3,5.5,192,1,1,646,705,612,0,611,12.3,71.5,474,32.9,33.9,0.0,3.2,2067.6,0,16.83,15.6,55.8,52.9,55.0,54.7,55.1,53.2,51.7,45.5,57.0,56.7,28,40,26.7,31.6,41,44,25,0,0,0,6,6,4,0,30,30,30,40,40,37,40,40,39,44.99,42.31,45.06,47,470,4.8,0,0,0
13.37,296,0.24,0.28,0.27,11.3,11.0,11.9,13.61,4.5,0.12,0.14,211.1,5.7,195,1,1,754,705,774,0,779,13.4,83.2,556,31.7,33.7,0.0,3.1,2067.6,0,16.83,15.5,55.6,52.8,54.8,54.6,54.8,53.0,51.1,45.1,56.9,56.6,28,40,26.9,31.6,42,45,25,0,0,0,6,6,4,0,30,30,30,40,39,37,40,40,39,44.99,42.31,45.06,47,480,4.8,0,0,0
13.25,176,0.24,0.28,0.27,11.3,10.9,11.1,13.46,-6.1,0.05,0.16,211.4,5.6,199,1,1,738,706,755,1,757,13.3,81.7,546,31.6,33.1,0.0,3.1,2067.6,0,16.83,15.3,55.5,52.7,54.7,54.5,54.9,53.1,51.1,45.0,56.8,56.7,28,40,26.9,31.6,42,45,25,0,0,0,6,6,4,0,30,30,30,40,40,37,40,40,39,44.99,42.31,45.06,47,470,4.8,0,0,0
13.41,152,0.24,0.28,0.27,11.4,11.3,11.8,13.71,-7.3,0.13,0.16,211.3,6.9,198,1,1,753,705,774,0,775,13.5,80.0,556,32.3,33.2,0.0,3.1,2067.6,0,16.83,15.5,55.6,52.8,54.8,54.6,54.8,53.1,51.1,45.1,56.9,56.6,28,40,26.9,31.6,42,45,25,0,0,0,6,6,4,0,30,30,30,40,40,37,40,40,39,44.99,42.31,45.06,47,480,4.8,0,0,0
12.55,256,0.24,0.28,0.27,11.1,11.1,11.6,12.85,-8.5,0.09,0.19,211.6,7.7,200,1,1,661,705,638,0,638,12.5,70.4,488,31.3,32.2,0.0,3.1,2067.6,0,16.83,15.3,55.3,52.4,54.5,54.2,54.5,52.9,51.0,45.0,56.8,56.4,28,40,26.9,31.6,40,43,25,0,0,0,6,6,4,0,30,30,30,40,40,37,40,40,39,44.99,42.31,45.06,47,470,4.8,0,0,0
12.45,88,0.24,0.28,0.27,11.3,10.9,11.4,12.74,-1.4,0.08,0.17,211.2,6.0,189,1,1,651,705,620,0,632,12.5,71.0,478,32.2,33.8,0.0,3.2,2067.6,0,16.83,15.6,55.8,53.0,55.1,54.8,55.2,53.1,51.8,45.6,57.0,56.4,28,40,26.7,31.6,41,44,25,0,0,0,6,6,4,0,30,30,30,40,39,37,40,40,39,44.99,42.31,45.06,46,480,4.8,0,0,0
13.47,104,0.24,0.28,0.27,11.5,11.3,11.8,13.72,-10.9,0.17,0.26,211.6,8.5,198,1,1,761,706,780,2,781,13.4,81.6,557,32.8,34.8,0.0,3.1,2067.6,0,16.83,15.3,55.5,52.7,54.8,54.6,54.8,53.1,51.0,45.2,56.9,56.5,28,40,26.9,31.6,43,46,25,0,0,0,6,6,4,0,30,30,30,40,40,37,40,40,39,44.99,42.32,45.06,47,470,4.8,0,0,0
12.96,56,0.24,0.28,0.27,11.2,11.2,11.8,13.2,-10.8,0.12,0.17,211.5,6.4,201,1,1,703,706,695,0,691,12.8,77.2,518,30.5,32.1,0.0,3.1,2067.6,0,16.83,15.3,55.3,52.5,54.6,54.3,54.5,52.9,50.9,45.1,56.8,56.8,28,40,26.9,31.6,40,42,25,0,0,0,6,6,4,0,30,30,30,40,40,37,40,40,39,44.99,42.31,45.06,47,470,4.8,0,0,0
13.4,168,0.24,0.28,0.27,11.4,11.4,11.8,13.71,-7.5,0.16,0.17,211.5,6.2,199,1,1,754,705,775,0,779,13.4,81.7,554,30.4,32.2,0.0,3.1,2067.6,0,16.83,15.5,55.5,52.7,54.8,54.6,54.9,53.2,51.3,45.0,56.9,56.5,28,40,26.9,31.6,41,44,25,0,0,0,6,6,4,0,30,30,30,40,40,37,40,40,39,44.99,42.31,45.06,46,470,4.8,0,0,0
13.53,152,0.24,0.28,0.27,11.6,10.9,11.0,13.8,-6.2,0.11,0.21,211.6,6.5,198,1,1,772,705,802,-1,810,13.5,83.2,569,32.1,32.9,0.0,3.1,2067.6,0,16.83,15.5,55.5,52.7,54.8,54.6,54.8,53.0,51.2,45.1,56.9,56.7,28,40,26.9,31.6,42,44,25,0,0,0,6,6,4,0,30,30,30,40,40,37,40,40,39,44.99,42.31,45.06,46,480,4.8,0,0,0
12.88,216,0.24,0.28,0.27,11.3,11.4,11.8,13.11,5.6,0.1,0.18,211.4,4.5,196,1,1,687,706,679,0,684,12.8,75.9,509,29.8,30.9,0.0,3.1,2067.6,0,16.83,15.3,55.4,52.6,54.7,54.4,54.6,53.0,51.0,45.1,56.9,56.4,28,40,26.9,31.6,39,42,25,0,0,0,6,6,4,0,30,30,30,40,40,37,40,40,39,44.99,42.31,45.06,47,470,4.8,0,0,0
13.73,352,0.24,0.28,0.27,11.4,11.4,12.0,13.91,-3.7,0.19,0.16,211.2,7.6,195,1,1,786,706,818,0,814,13.7,82.9,576,32.1,33.5,0.0,3.2,2067.6,0,16.83,15.5,55.5,52.8,54.8,54.6,54.8,53.0,51.1,45.1,56.9,56.6,28,40,26.9,31.6,42,45,25,0,0,0,6,6,4,0,30,30,30,40,40,37,40,40,39,44.99,42.31,45.06,47,480,4.8,0,0,0
12.77,344,0.24,0.28,0.27,11.1,11.2,11.6,13.01,0.9,0.17,0.17,211.2,6.5,195,1,1,669,704,657,1,660,12.7,74.5,500,29.7,32.4,0.0,3.1,2067.6,0,16.83,15.5,55.7,52.8,54.8,54.6,54.9,53.1,51.4,45.3,56.9,56.8,28,40,26.8,31.6,40,42,25,0,0,0,6,6,4,0,30,30,30,40,39,37,40,40,39,44.99,42.31,45.06,46,480,4.8,0,0,0
13.5,336,0.24,0.28,0.27,11.4,11.3,11.8,13.78,-14.3,0.17,0.12,211.5,7.7,199,1,1,767,706,783,2,786,13.4,81.1,558,32.4,34.7,0.0,3.1,2067.6,0,16.83,15.3,55.5,52.7,54.8,54.6,54.8,53.0,51.0,45.1,56.9,56.5,28,40,26.9,31.6,43,46,25,0,0,0,6,6,4,0,30,30,30,40,39,37,40,40,39,44.99,42.32,45.06,47,480,4.8,0,0,0
12.87,176,0.24,0.28,0.27,11.3,11.2,11.4,13.1,1.5,0.13,0.16,211.4,6.6,197,1,1,691,706,683,0,685,12.9,76.1,511,30.7,32.9,0.0,3.1,2067.6,0,16.83,15.3,55.5,52.7,54.8,54.6,54.8,53.2,51.1,45.0,56.9,56.6,28,40,26.9,31.6,41,44,25,0,0,0,6,6,4,0,30,30,30,40,40,37,40,40,39,44.99,42.31,45.06,47,470,4.8,0,0,0
13.09,16,0.24,0.28,0.27,11.3,11.1,11.9,13.4,-18.2,0.12,0.23,211.2,6.1,204,1,1,716,706,721,1,723,13.1,78.9,530,29.0,32.1,0.0,3.0,2067.6,0,16.83,15.3,55.4,52.7,54.7,54.5,54.7,53.0,51.0,45.1,56.9,56.6,28,40,26.9,31.6,40,43,25,0,0,0,6,6,4,0,30,30,30,40,40,37,40,40,39,44.99,42.31,45.06,47,480,4.8,0,0,0
12.9,104,0.24,0.28,0.27,11.1,11.3,11.8,13.14,-0.7,0.14,0.18,211.5,6.7,198,1,1,694,705,689,0,689,12.9,76.4,514,30.4,32.9,0.0,3.1,2067.6,0,16.83,15.3,55.5,52.7,54.8,54.6,54.8,53.2,51.1,45.0,56.8,56.7,28,40,26.9,31.6,41,44,25,0,0,0,6,6,4,0,30,30,30,40,40,37,40,40,39,44.98,42.31,45.06,47,480,4.8,0,0,0
12.47,16,0.24,0.28,0.27,11.3,10.9,10.9,12.69,-8.0,0.21,0.15,211.3,4.9,194,1,1,657,705,626,-1,633,12.4,70.3,482,33.2,34.4,0.1,3.2,2067.6,0,16.83,15.6,55.8,52.9,55.0,54.7,55.1,53.6,51.6,45.3,57.0,57.0,28,40,26.8,31.6,42,45,25,0,0,0,6,6,4,0,30,30,30,40,40,37,40,40,39,44.99,42.31,45.06,47,470,4.8,0,0,0
12.42,104,0.24,0.28,0.27,11.2,11.1,11.4,12.63,-8.9,0.17,0.18,211.2,6.3,192,1,1,640,705,607,0,613,12.3,68.6,473,32.4,34.1,0.0,3.1,2067.6,0,16.83,15.6,55.8,52.9,55.1,54.7,55.1,53.1,51.7,45.6,57.0,56.6,28,40,26.7,31.6,41,44,25,0,0,0,6,6,4,0,30,30,30,40,40,37,40,40,39,44.99,42.31,45.06,47,470,4.8,0,0,0
13.01,280,0.24,0.28,0.27,11.4,10.9,11.1,13.36,-16.9,0.14,0.18,211.6,5.9,198,1,1,719,705,724,-1,720,13.1,77.2,531,33.4,34.0,0.1,3.2,2067.6,0,16.83,15.4,55.5,52.7,54.8,54.6,54.8,53.3,51.1,45.0,56.9,56.8,28,40,26.9,31.6,43,46,25,0,0,0,6,6,4,0,30,30,30,40,40,37,40,40,39,44.99,42.31,45.06,47,470,4.8,0,0,0
12.37,216,0.24,0.28,0.27,11.3,11.0,11.0,12.69,-14.1,0.16,0.16,211.3,6.1,196,1,1,651,705,620,-1,619,12.4,70.1,479,32.6,34.7,0.0,3.1,2067.6,0,16.83,15.5,55.8,52.8,55.0,54.7,55.0,53.5,51.5,45.4,57.0,56.6,28,40,26.8,31.6,42,45,25,0,0,0,6,6,4,0,30,30,30,40,40,37,40,40,39,44.99,42.31,45.06,47,470,4.8,0,0,0
13.01,56,0.24,0.28,0.27,11.2,11.3,11.8,13.29,-12.4,0.17,0.2,211.3,7.1,195,1,1,719,705,718,1,720,13.0,76.6,529,29.0,31.1,0.0,3.0,2067.6,0,16.83,15.5,55.6,52.7,54.8,54.6,54.9,53.3,51.3,45.1,56.9,56.6,28,40,26.9,31.6,40,42,25,0,0,0,6,6,4,0,30,30,30,40,40,37,40,40,39,44.99,42.31,45.06,47,480,4.8,0,0,0
12.87,112,0.24,0.28,0.27,11.3,11.2,11.7,13.21,-11.7,0.15,0.2,211.7,6.5,197,1,1,696,705,690,-1,693,12.8,75.0,516,29.4,31.1,0.0,3.1,2067.6,0,16.83,15.5,55.6,52.8,54.8,54.6,54.8,53.0,51.2,45.3,56.9,56.9,28,40,26.9,31.6,39,42,25,0,0,0,6,6,4,0,30,30,30,40,40,37,40,40,39,44.99,42.31,45.06,47,480,4.8,0,0,0
12.4,40,0.24,0.28,0.27,11.3,10.9,10.9,12.64,0.6,0.14,0.18,211.3,5.6,199,1,1,651,706,618,0,626,12.4,69.3,477,31.3,33.0,0.0,3.1,2067.6,0,16.83,15.3,55.2,52.4,54.5,54.1,54.4,52.7,51.0,45.0,56.8,56.5,28,40,26.9,31.6,40,43,25,0,0,0,6,6,4,0,30,30,30,40,40,37,40,40,39,44.99,42.31,45.06,47,480,4.8,0,0,0
12.44,144,0.24,0.28,0.27,11.2,11.1,11.4,12.69,-8.5,0.07,0.18,211.6,5.1,196,1,1,640,705,613,-1,608,12.4,70.5,475,32.2,34.8,0.0,3.1,2067.6,0,16.83,15.5,55.8,52.8,55.0,54.7,55.0,53.5,51.5,45.4,57.0,56.6,28,40,26.8,31.6,42,45,25,0,0,0,6,6,4,0,30,30,30,40,40,37,40,40,39,44.99,42.31,45.06,46,480,4.8,0,0,0
13.35,152,0.24,0.28,0.27,11.5,10.9,11.3,13.61,-17.3,0.21,0.18,211.4,8.2,199,1,1,745,705,767,0,778,13.4,82.5,552,31.8,32.7,0.0,3.1,2067.6,0,16.83,15.5,55.5,52.7,54.8,54.6,54.8,53.2,51.2,45.1,56.9,56.8,28,40,26.9,31.6,41,44,25,0,0,0,6,6,4,0,30,30,30,40,39,37,40,40,39,44.99,42.32,45.06,47,480,4.8,0,0,0
13.41,192,0.24,0.28,0.27,11.5,11.3,11.3,13.68,-13.6,0.1,0.25,211.3,6.2,199,1,1,761,706,780,1,778,13.4,82.9,556,31.8,34.9,0.0,3.1,2067.6,0,16.83,15.3,55.5,52.7,54.8,54.5,54.8,53.0,51.0,45.1,56.9,56.5,28,40,26.9,31.6,43,46,25,0,0,0,6,6,4,0,30,30,30,40,40,37,40,40,39,44.99,42.31,45.06,47,480,4.8,0,0,0
12.2,0,0.24,0.28,0.27,11.2,10.9,11.2,12.43,-1.9,0.13,0.23,211.1,5.6,195,1,1,631,705,587,-1,590,12.2,67.2,461,31.1,34.7,0.0,3.1,2067.6,0,16.83,15.5,55.8,52.8,55.0,54.7,55.0,53.3,51.6,45.3,57.0,56.5,28,40,26.8,31.6,41,43,25,0,0,0,6,6,4,0,30,30,30,40,39,37,40,40,39,44.99,42.31,45.06,47,480,4.8,0,0,0
12.27,216,0.24,0.28,0.27,11.3,10.9,10.9,12.47,-8.9,0.13,0.18,211.3,4.9,196,1,1,636,705,592,0,596,12.3,67.1,462,30.8,34.2,0.0,3.1,2067.6,0,16.83,15.5,55.7,52.9,55.0,54.7,55.0,53.1,51.5,45.3,57.0,56.5,28,40,26.8,31.6,40,43,25,0,0,0,6,6,4,0,30,30,30,40,40,37,40,40,39,44.99,42.31,45.06,47,470,4.8,0,0,0
13.33,80,0.24,0.28,0.27,11.5,10.9,11.0,13.6,5.3,0.21,0.23,211.3,6.1,195,1,1,757,705,771,0,780,13.4,80.4,553,31.9,33.6,0.0,3.1,2067.6,0,16.83,15.5,55.6,52.8,54.8,54.6,54.8,53.0,51.1,45.1,56.9,56.6,28,40,26.9,31.6,42,45,25,0,0,0,6,6,4,0,30,30,30,40,40,37,40,40,39,44.99,42.31,45.06,47,480,4.8,0,0,0
12.39,304,0.24,0.28,0.27,11.2,11.0,11.2,12.58,-6.8,0.07,0.18,211.1,5.5,192,1,1,641,705,605,-1,611,12.4,68.3,470,32.9,34.2,0.1,3.2,2067.6,0,16.83,15.6,55.8,52.9,55.0,54.7,55.1,53.3,51.7,45.5,57.0,56.8,28,40,26.7,31.6,42,44,25,0,0,0,6,6,4,0,30,30,30,40,39,37,40,40,39,44.99,42.31,45.06,47,480,4.8,0,0,0
12.41,0,0.24,0.28,0.27,11.2,11.1,11.6,12.69,-10.8,0.19,0.2,211.6,5.6,199,1,1,647,705,611,-1,613,12.3,68.6,475,30.9,32.8,0.0,3.1,2067.6,0,16.83,15.5,55.7,52.8,54.9,54.6,54.9,53.0,51.4,45.3,57.0,56.8,28,40,26.8,31.6,40,43,25,0,0,0,6,6,4,0,30,30,30,40,40,37,40,40,39,44.99,42.31,45.07,47,470,4.8,0,0,0
12.55,272,0.24,0.28,0.27,11.3,11.0,11.3,12.75,-23.9,0.14,0.18,211.4,6.7,201,1,1,657,706,628,1,627,12.5,72.5,483,30.0,32.0,0.0,3.1,2067.6,0,16.83,15.3,55.4,52.6,54.7,54.3,54.6,52.6,50.9,45.1,56.8,56.8,28,40,26.9,31.6,40,42,25,0,0,0,6,6,4,0,30,30,30,40,40,37,40,40,39,44.98,42.32,45.06,46,480,4.8,0,0,0
12.46,328,0.24,0.28,0.27,11.2,11.4,11.7,12.68,-0.7,0.1,0.18,211.1,6.0,200,1,1,648,706,618,0,619,12.4,70.9,477,31.4,32.8,0.0,3.1,2067.6,0,16.83,15.3,55.2,52.4,54.5,54.2,54.5,52.7,51.0,45.0,56.8,56.4,28,40,26.9,31.6,40,43,25,0,0,0,6,6,4,0,30,30,30,40,40,37,40,40,39,44.99,42.31,45.06,47,470,4.8,0,0,0
13.16,216,0.24,0.28,0.27,11.3,11.3,11.9,13.41,-9.5,0.15,0.17,211.1,6.7,203,1,1,721,706,730,0,732,13.1,77.2,534,29.2,31.6,0.0,3.0,2067.6,0,16.83,15.3,55.4,52.7,54.7,54.5,54.7,53.0,51.0,45.2,56.8,56.8,28,40,26.9,31.6,40,43,25,0,0,0,6,6,4,0,30,30,30,40,40,37,40,40,39,44.99,42.31,45.06,47,470,4.8,0,0,0
13.11,136,0.24,0.28,0.27,11.3,11.0,11.4,13.4,-18.3,0.12,0.23,211.5,5.3,200,1,1,723,705,730,-2,731,13.1,80.0,534,33.4,34.3,0.1,3.2,2067.6,0,16.83,15.4,55.5,52.7,54.8,54.6,54.8,53.2,51.1,45.0,56.9,56.7,28,40,26.9,31.6,43,46,25,0,0,0,6,6,4,0,30,30,30,40,40,37,40,40,39,44.99,42.31,45.06,47,480,4.8,0,0,0
13.7,64,0.24,0.28,0.27,11.4,11.4,12.0,13.92,-2.0,0.16,0.2,211.1,6.2,194,1,1,787,706,819,0,821,13.7,85.2,575,32.4,33.6,0.0,3.2,2067.6,0,16.83,15.4,55.5,52.7,54.8,54.6,54.9,53.0,51.1,45.1,56.9,56.6,28,40,26.9,31.6,42,45,25,0,0,0,6,6,4,0,30,30,30,40,40,37,40,40,39,44.99,42.32,45.06,47,470,4.8,0,0,0
12.59,272,0.24,0.28,0.27,11.1,11.0,11.3,12.89,-13.6,0.17,0.18,211.2,5.4,200,1,1,664,705,643,0,640,12.6,73.7,492,30.8,32.6,0.0,3.1,2067.6,0,16.83,15.5,55.7,52.8,54.9,54.6,54.9,53.0,51.5,45.4,56.9,57.0,28,40,26.8,31.6,40,43,25,0,0,0,6,6,4,0,30,30,30,40,40,37,40,40,39,44.99,42.31,45.06,47,470,4.8,0,0,0
13.04,328,0.24,0.28,0.27,11.4,10.9,10.9,13.29,-2.9,0.16,0.2,211.2,7.0,193,1,1,712,705,718,1,726,13.0,78.6,528,29.0,31.2,0.0,3.0,2067.6,0,16.83,15.5,55.6,52.7,54.8,54.6,54.9,53.3,51.3,45.1,57.0,56.5,28,40,26.9,31.6,40,42,25,0,0,0,6,6,4,0,30,30,30,40,40,37,40,40,39,44.98,42.31,45.06,47,470,4.8,0,0,0
13.02,32,0.24,0.28,0.27,11.3,11.3,11.6,13.2,-14.2,0.13,0.23,211.3,6.8,198,1,1,701,706,696,1,704,12.9,77.1,517,29.7,32.3,0.0,3.1,2067.6,0,16.83,15.3,55.5,52.7,54.8,54.5,54.7,53.0,51.0,45.1,56.9,56.4,28,40,26.9,31.6,40,43,25,0,0,0,6,6,4,0,30,30,30,40,40,37,40,40,39,44.99,42.32,45.06,47,480,4.8,0,0,0
12.42,88,0.24,0.28,0.27,11.2,11.1,11.4,12.63,4.5,0.15,0.18,211.3,4.6,191,1,1,641,705,609,2,607,12.4,70.9,474,32.8,34.0,0.1,3.2,2067.6,0,16.83,15.6,55.8,52.9,55.0,54.7,55.1,53.3,51.7,45.5,57.0,56.8,28,40,26.7,31.6,41,44,25,0,0,0,6,6,4,0,30,30,30,40,40,37,40,40,39,44.99,42.31,45.06,46,470,4.8,0,0,0
12.54,256,0.24,0.28,0.27,11.2,11.0,11.4,12.79,-18.2,0.11,0.18,211.4,7.0,202,1,1,659,706,639,0,643,12.6,70.9,489,31.2,32.7,0.0,3.1,2067.6,0,16.83,15.3,55.3,52.4,54.5,54.2,54.5,53.0,50.9,45.0,56.8,56.3,28,40,26.9,31.6,40,43,25,0,0,0,6,6,4,0,30,30,30,40,40,37,40,40,39,44.98,42.31,45.06,46,480,4.8,0,0,0
12.95,344,0.24,0.28,0.27,11.4,10.9,10.9,13.14,-9.1,0.13,0.2,211.4,6.9,200,1,1,704,706,699,0,700,12.9,77.7,517,30.2,32.2,0.0,3.1,2067.6,0,16.83,15.3,55.3,52.5,54.6,54.3,54.6,52.9,50.9,45.1,56.8,56.8,28,40,26.9,31.6,40,42,25,0,0,0,6,6,4,0,30,30,30,40,40,37,40,40,39,44.99,42.31,45.06,47,470,4.7,0,0,0
13.16,256,0.24,0.28,0.27,11.3,11.4,11.6,13.46,1.2,0.11,0.18,211.2,5.5,193,1,1,727,705,732,-2,736,13.1,80.2,535,28.7,31.6,0.0,3.0,2067.6,0,16.83,15.5,55.6,52.7,54.8,54.6,54.9,53.3,51.4,45.1,57.0,56.5,28,40,26.9,31.6,40,42,25,0,0,0,6,6,4,0,30,30,30,40,40,37,40,40,39,44.99,42.31,45.06,47,480,4.8,0,0,0
12.98,304,0.24,0.28,0.27,11.4,11.3,11.6,13.24,-7.5,0.16,0.18,211.8,6.9,202,1,1,703,706,704,0,707,13.0,75.3,520,29.0,31.3,0.0,3.0,2067.6,0,16.83,15.3,55.4,52.6,54.7,54.4,54.7,53.1,51.1,45.0,56.9,56.9,28,40,26.9,31.6,40,43,25,0,0,0,6,6,4,0,30,30,30,40,40,37,40,40,39,44.98,42.31,45.06,47,470,4.8,0,0,0
13.46,176,0.24,0.28,0.27,11.5,10.9,11.0,13.71,-14.4,0.13,0.27,211.2,7.5,199,1,1,760,706,786,2,790,13.6,83.1,560,32.3,34.9,0.0,3.1,2067.6,0,16.83,15.3,55.5,52.7,54.8,54.6,54.8,53.0,51.0,45.2,56.9,56.5,28,40,26.9,31.6,43,46,25,0,0,0,6,6,4,0,30,30,30,40,40,37,40,40,39,44.99,42.32,45.06,47,480,4.8,0,0,0
12.59,160,0.24,0.28,0.27,11.2,11.1,11.5,12.85,-6.8,0.14,0.18,211.6,6.1,195,1,1,660,705,636,1,642,12.6,73.0,486,33.3,34.7,0.0,3.2,2067.6,0,16.83,15.5,55.8,52.9,55.0,54.7,55.1,53.5,51.6,45.3,57.0,56.8,28,40,26.8,31.6,42,45,25,0,0,0,6,6,4,0,30,30,30,40,40,37,40,40,39,44.99,42.31,45.06,47,470,4.8,0,0,0
12.96,184,0.24,0.28,0.27,11.4,11.1,11.0,13.2,-3.6,0.17,0.16,211.3,6.0,196,1,1,701,705,703,0,706,13.0,76.5,520,29.3,31.1,0.0,3.1,2067.6,0,16.83,15.5,55.6,52.8,54.8,54.6,54.8,53.0,51.3,45.1,56.9,56.7,28,40,26.9,31.6,39,42,25,0,0,0,6,6,4,0,30,30,30,40,40,37,40,40,39,44.99,42.31,45.06,47,480,4.8,0,0,0
12.91,40,0.24,0.28,0.27,11.3,10.9,11.1,13.11,-10.1,0.12,0.18,211.4,5.4,197,1,1,698,705,693,0,700,12.8,77.4,516,28.8,31.1,0.0,3.1,2067.6,0,16.83,15.5,55.6,52.7,54.8,54.6,54.8,53.2,51.3,45.2,56.9,56.6,28,40,26.9,31.6,39,42,25,0,0,0,6,6,4,0,30,30,30,40,40,37,40,40,39,44.99,42.31,45.06,47,470,4.8,0,0,0
12.99,344,0.24,0.28,0.27,11.4,11.1,11.1,13.18,-14.3,0.17,0.17,211.4,6.4,196,1,1,708,705,708,0,712,13.1,77.7,521,28.7,31.2,0.0,3.1,2067.6,0,16.83,15.5,55.6,52.7,54.8,54.6,54.9,53.3,51.3,45.2,57.0,56.5,28,40,26.9,31.6,40,42,25,0,0,0,6,6,4,0,30,30,30,40,40,37,40,40,39,44.99,42.32,45.06,46,480,4.7,0,0,0
12.4,0,0.24,0.28,0.27,11.3,11.0,11.1,12.58,-12.1,0.19,0.17,211.4,6.8,196,1,1,647,705,616,-2,614,12.5,70.6,475,32.3,34.7,0.0,3.1,2067.6,0,16.83,15.5,55.8,52.8,55.0,54.7,55.0,53.5,51.5,45.4,57.0,56.6,28,40,26.8,31.6,42,45,25,0,0,0,6,6,4,0,30,30,30,40,40,37,40,40,39,44.99,42.31,45.06,47,470,4.8,0,0,0
12.42,24,0.24,0.28,0.27,11.3,10.9,10.9,12.64,1.9,0.13,0.2,211.5,6.1,197,1,1,652,705,621,0,629,12.4,71.9,479,31.7,32.8,0.0,3.2,2067.6,0,16.83,15.3,55.2,52.4,54.5,54.1,54.4,52.8,50.8,45.0,56.8,56.6,28,40,26.9,31.6,41,43,25,0,0,0,6,6,4,0,30,30,30,40,40,37,40,40,39,44.99,42.31,45.06,47,470,4.8,0,0,0
12.74,128,0.24,0.28,0.27,11.1,11.2,11.8,13.06,-8.9,0.16,0.18,211.4,5.4,201,1,1,685,706,671,0,674,12.6,74.1,507,29.3,30.7,0.0,3.1,2067.6,0,16.83,15.3,55.4,52.6,54.7,54.4,54.7,53.1,51.1,45.0,56.9,56.4,28,40,26.9,31.6,39,42,25,0,0,0,6,6,4,0,30,30,30,40,40,37,40,40,39,44.99,42.31,45.06,47,470,4.8,0,0,0
13.36,96,0.24,0.28,0.27,11.3,11.1,11.8,13.56,-11.4,0.12,0.19,211.6,6.3,198,1,1,743,705,756,0,759,13.4,80.5,546,29.9,30.8,0.0,3.1,2067.6,0,16.83,15.5,55.6,52.8,54.8,54.6,54.8,52.9,51.2,45.2,56.9,57.0,27,40,26.9,31.6,40,42,25,0,0,0,6,6,4,0,30,30,30,40,40,37,40,40,39,44.99,42.32,45.06,47,480,4.8,0,0,0
12.29,40,0.24,0.28,0.27,11.2,10.9,11.4,12.53,-13.2,0.19,0.17,211.5,7.6,201,1,1,637,706,597,0,605,12.3,68.3,468,31.3,32.3,0.0,3.1,2067.6,0,16.83,15.3,55.3,52.4,54.5,54.2,54.6,52.9,50.9,45.1,56.8,56.5,28,40,26.9,31.6,40,43,25,0,0,0,6,6,4,0,30,30,30,40,40,37,40,40,39,44.99,42.31,45.06,47,480,4.8,0,0,0
12.44,128,0.24,0.28,0.27,11.2,11.2,11.4,12.69,-10.4,0.05,0.16,211.3,5.9,201,1,1,640,706,609,0,610,12.4,68.2,473,31.0,32.4,0.0,3.1,2067.6,0,16.83,15.3,55.3,52.4,54.5,54.2,54.5,52.9,51.0,45.0,56.8,56.4,28,40,26.9,31.6,40,43,25,0,0,0,6,6,4,0,30,30,30,40,40,37,40,40,39,44.98,42.31,45.06,47,470,4.8,0,0,0
12.55,144,0.24,0.28,0.27,11.3,11.1,11.4,12.8,-6.2,0.13,0.18,211.4,6.9,194,1,1,653,705,629,0,634,12.5,72.5,484,32.6,35.0,0.0,3.2,2067.6,0,16.83,15.5,55.8,52.9,55.0,54.7,55.0,53.5,51.5,45.4,57.0,56.7,28,40,26.8,31.6,42,45,25,0,0,0,6,6,4,0,30,30,30,40,39,37,40,40,39,44.98,42.31,45.06,47,480,4.7,0,0,0
12.46,288,0.24,0.28,0.27,11.2,11.1,11.6,12.69,-24.7,0.13,0.2,211.3,4.5,200,1,1,658,705,627,-1,626,12.5,72.5,483,30.9,33.2,0.0,3.1,2067.6,0,16.83,15.5,55.7,52.8,54.9,54.6,54.9,53.0,51.4,45.3,57.0,56.8,28,40,26.8,31.6,40,43,25,0,0,0,6,6,4,0,30,30,30,40,40,37,40,40,39,44.99,42.31,45.07,47,480,4.7,0,0,0
12.42,16,0.24,0.28,0.27,11.1,11.2,11.6,12.67,-0.4,0.13,0.18,211.2,6.1,189,1,1,646,705,623,0,631,12.5,72.0,481,32.5,33.9,0.0,3.2,2067.6,0,16.83,15.6,55.8,53.0,55.1,54.8,55.1,53.1,51.7,45.6,57.0,56.4,28,40,26.7,31.6,41,44,25,0,0,0,6,6,4,0,30,30,30,40,40,37,40,40,39,44.99,42.32,45.06,47,480,4.8,0,0,0
12.61,272,0.24,0.28,0.27,11.2,11.0,11.1,12.79,0.3,0.1,0.22,211.5,4.9,198,1,1,672,705,651,-1,658,12.7,74.1,495,30.3,32.9,0.0,3.1,2067.6,0,16.83,15.5,55.7,52.8,54.8,54.6,54.9,53.0,51.5,45.3,56.9,57.0,28,40,26.8,31.6,40,43,25,0,0,0,6,6,4,0,30,30,30,40,40,37,40,40,39,44.99,42.31,45.06,46,470,4.8,0,0,0
12.59,112,0.24,0.28,0.27,11.1,11.3,11.6,12.78,-16.4,0.19,0.18,211.7,7.3,202,1,1,666,706,638,0,639,12.5,73.0,488,31.1,32.7,0.0,3.1,2067.6,0,16.83,15.3,55.3,52.4,54.5,54.2,54.5,53.0,50.9,45.0,56.8,56.3,28,40,26.9,31.6,40,43,25,0,0,0,6,6,4,0,30,30,30,40,40,37,40,40,39,44.98,42.31,45.06,47,480,4.8,0,0,0
13.63,248,0.24,0.28,0.27,11.6,11.1,11.1,13.87,-15.1,0.11,0.14,211.7,8.4,201,1,1,783,706,815,1,822,13.6,83.4,573,31.4,34.1,0.0,3.1,2067.6,0,16.83,15.3,55.5,52.7,54.8,54.5,54.8,53.1,51.0,45.1,56.9,56.6,28,40,26.9,31.6,42,45,25,0,0,0,6,6,4,0,30,30,30,40,40,37,40,40,39,44.99,42.31,45.06,47,480,4.8,0,0,0
12.88,104,0.24,0.28,0.27,11.3,11.4,11.8,13.18,-8.9,0.14,0.14,211.4,7.5,200,1,1,694,706,688,-2,690,12.9,76.5,517,30.6,33.5,0.0,3.1,2067.6,0,16.83,15.3,55.5,52.7,54.8,54.6,54.8,53.2,51.1,45.1,56.9,56.7,28,40,26.9,31.6,42,45,25,0,0,0,6,6,4,0,30,30,30,40,40,37,40,40,39,44.99,42.31,45.06,47,480,4.8,0,0,0
12.9,304,0.24,0.28,0.27,11.4,10.9,11.0,13.18,-24.0,0.16,0.18,211.1,6.3,203,1,1,708,706,707,1,701,12.9,77.3,523,29.6,31.6,0.0,3.0,2067.6,0,16.83,15.3,55.5,52.7,54.8,54.5,54.7,53.0,51.0,45.1,56.9,56.5,28,40,26.9,31.6,40,43,25,0,0,0,6,6,4,0,30,30,30,40,40,37,40,40,39,44.99,42.31,45.06,47,480,4.8,0,0,0
12.85,200,0.24,0.28,0.27,11.3,11.3,11.4,13.11,-11.3,0.12,0.16,211.6,6.4,201,1,1,691,706,685,0,681,12.8,77.1,512,28.7,31.0,0.0,3.1,2067.6,0,16.83,15.3,55.4,52.6,54.7,54.5,54.7,53.1,51.1,45.0,56.9,56.5,28,40,26.9,31.6,39,42,25,0,0,0,6,6,4,0,30,30,30,40,40,37,40,40,39,44.99,42.31,45.06,46,470,4.8,0,0,0
12.85,32,0.24,0.28,0.27,11.4,10.9,10.9,13.1,-0.8,0.15,0.23,211.1,5.9,198,1,1,693,706,686,1,688,12.8,74.9,511,30.7,32.8,0.0,3.1,2067.6,0,16.83,15.3,55.5,52.7,54.8,54.6,54.8,53.2,51.1,45.0,56.8,56.6,28,40,26.9,31.6,41,44,25,0,0,0,6,6,4,0,30,30,30,40,40,37,40,40,39,44.98,42.31,45.06,46,480,4.8,0,0,0
12.95,112,0.24,0.28,0.27,11.3,11.4,11.5,13.18,-13.8,0.19,0.18,211.3,5.1,198,1,1,698,705,695,2,696,12.8,77.8,519,28.7,31.2,0.0,3.0,2067.6,0,16.83,15.5,55.6,52.7,54.8,54.6,54.8,53.2,51.3,45.2,56.9,56.6,28,40,26.9,31.6,39,42,25,0,0,0,6,6,4,0,30,30,30,40,39,37,40,40,39,44.99,42.31,45.06,46,480,4.8,0,0,0
12.65,88,0.24,0.28,0.27,11.2,11.3,11.6,12.89,-2.4,0.14,0.18,211.5,6.4,193,1,1,667,705,647,2,649,12.6,71.9,494,32.9,34.1,0.1,3.2,2067.6,0,16.83,15.6,55.8,52.9,55.0,54.7,55.1,53.2,51.7,45.5,57.0,56.9,28,40,26.7,31.6,42,44,25,0,0,0,6,6,4,0,30,30,30,40,40,37,40,40,39,44.98,42.32,45.06,47,480,4.8,0,0,0
12.52,0,0.24,0.28,0.27,11.3,11.3,11.5,12.79,-9.0,0.14,0.18,211.6,5.5,197,1,1,653,705,630,1,630,12.5,72.8,484,30.8,33.1,0.0,3.1,2067.6,0,16.83,15.5,55.7,52.8,54.9,54.6,54.9,53.0,51.5,45.4,57.0,56.7,28,40,26.8,31.6,40,43,25,0,0,0,6,6,4,0,30,30,30,40,40,37,40,40,39,44.99,42.32,45.06,47,470,4.8,0,0,0
12.6,88,0.24,0.28,0.27,11.1,11.1,11.6,12.9,0.5,0.08,0.19,211.6,6.1,194,1,1,666,705,645,0,646,12.5,74.1,492,33.5,34.6,0.0,3.1,2067.6,0,16.83,15.5,55.8,52.9,55.0,54.7,55.1,53.5,51.6,45.3,57.0,56.8,28,40,26.8,31.6,42,45,25,0,0,0,6,6,4,0,30,30,30,40,40,37,40,40,39,44.99,42.31,45.06,47,470,4.8,0,0,0
12.36,0,0.24,0.28,0.27,11.2,11.0,11.4,12.57,-16.5,0.14,0.17,211.4,6.9,197,1,1,633,704,598,1,599,12.3,68.8,466,30.9,33.8,0.0,3.1,2067.6,0,16.83,15.5,55.7,52.9,55.0,54.7,55.0,53.1,51.5,45.3,57.0,56.5,28,40,26.8,31.6,40,43,25,0,0,0,6,6,4,0,30,30,30,40,40,37,40,40,39,44.99,42.31,45.06,47,470,4.7,0,0,0
12.89,304,0.24,0.28,0.27,11.2,11.4,11.6,13.21,-0.4,0.13,0.15,211.4,6.2,197,1,1,695,706,686,2,692,12.7,74.4,513,30.4,32.8,0.0,3.1,2067.6,0,16.83,15.3,55.5,52.7,54.8,54.6,54.8,53.2,51.1,45.0,56.9,56.6,28,40,26.9,31.6,41,44,25,0,0,0,6,6,4,0,30,30,30,40,40,37,40,40,39,44.99,42.31,45.06,47,470,4.8,0,0,0
12.97,88,0.24,0.28,0.27,11.4,11.3,11.4,13.25,-18.0,0.26,0.18,211.3,6.8,203,1,1,704,706,704,0,699,13.0,76.7,520,29.3,31.7,0.0,3.0,2067.6,0,16.83,15.3,55.4,52.7,54.7,54.5,54.7,53.0,51.0,45.1,56.9,56.7,28,40,26.9,31.6,40,43,25,0,0,0,6,6,4,0,30,30,30,40,40,37,40,40,39,44.99,42.31,45.06,47,470,4.8,0,0,0
12.56,304,0.24,0.28,0.27,11.3,11.3,11.4,12.79,-10.0,0.22,0.2,211.4,5.6,195,1,1,653,705,629,-1,628,12.5,71.0,484,33.3,34.5,0.1,3.2,2067.6,0,16.83,15.6,55.8,52.9,55.0,54.7,55.1,53.6,51.6,45.3,57.0,56.9,28,40,26.8,31.6,42,45,25,0,0,0,6,6,4,0,30,30,30,40,40,37,40,40,39,44.99,42.31,45.06,47,480,4.8,0,0,0
13.24,296,0.24,0.28,0.27,11.4,10.9,11.0,13.51,-10.4,0.14,0.18,211.6,8.0,197,1,1,739,705,752,-1,752,13.3,80.7,544,31.5,32.6,0.0,3.1,2067.6,0,16.83,15.5,55.6,52.7,54.8,54.6,54.8,53.3,51.1,45.1,56.9,56.9,28,40,26.9,31.6,41,44,25,0,0,0,6,6,4,0,30,30,30,40,40,37,40,40,39,44.99,42.31,45.06,47,470,4.8,0,0,0
13.48,96,0.24,0.28,0.27,11.3,11.3,12.1,13.72,-13.5,0.21,0.18,211.1,6.5,200,1,1,767,705,791,0,797,13.4,82.1,566,30.6,32.2,0.0,3.1,2067.6,0,16.83,15.5,55.5,52.7,54.8,54.6,54.9,53.2,51.2,45.0,56.9,56.6,28,40,26.9,31.6,41,44,25,0,0,0,6,6,4,0,30,30,30,40,40,37,40,40,39,44.99,42.31,45.06,47,480,4.8,0,0,0
12.35,160,0.24,0.28,0.27,11.3,10.9,10.9,12.59,-6.4,0.18,0.17,211.2,5.8,192,1,1,644,705,613,0,618,12.4,71.6,475,32.6,33.9,0.1,3.2,2067.6,0,16.83,15.6,55.8,52.9,55.0,54.7,55.1,53.2,51.7,45.5,57.0,56.7,28,40,26.7,31.6,41,44,25,0,0,0,6,6,4,0,30,30,30,40,40,37,40,40,39,44.99,42.32,45.06,46,470,4.8,0,0,0
13.43,120,0.24,0.28,0.27,11.3,11.4,12.0,13.61,1.5,0.13,0.18,211.4,6.6,194,1,1,756,706,773,0,773,13.4,79.9,556,32.8,34.5,0.0,3.2,2067.6,0,16.83,15.4,55.5,52.7,54.8,54.6,54.9,53.2,51.2,45.0,56.9,56.6,28,40,26.9,31.6,43,45,25,0,0,0,6,6,4,0,30,30,30,40,40,37,40,40,39,44.99,42.31,45.06,47,470,4.8,0,0,0
13.49,296,0.24,0.28,0.27,11.4,11.4,12.0,13.71,-6.1,0.17,0.22,211.5,7.2,198,1,1,758,705,782,2,787,13.4,83.6,560,31.6,33.4,0.0,3.1,2067.6,0,16.83,15.5,55.6,52.8,54.9,54.6,54.8,53.1,51.1,45.1,56.9,56.7,28,40,26.9,31.6,42,45,25,0,0,0,6,6,4,0,30,30,30,40,40,37,40,40,39,44.99,42.31,45.06,47,470,4.8,0,0,0
13.07,48,0.24,0.28,0.27,11.4,10.9,11.0,13.36,-22.2,0.24,0.15,211.6,6.9,198,1,1,725,705,735,0,747,13.1,78.7,536,33.5,34.3,0.1,3.2,2067.6,0,16.83,15.4,55.5,52.7,54.8,54.6,54.8,53.2,51.1,45.0,56.9,56.6,28,40,26.9,31.6,43,46,25,0,0,0,6,6,4,0,30,30,30,40,40,37,40,40,39,44.99,42.31,45.06,47,470,4.8,0,0,0
13.44,168,0.24,0.28,0.27,11.4,10.9,11.1,13.62,-3.7,0.11,0.2,211.7,7.2,200,1,1,758,705,779,1,786,13.5,82.9,557,30.2,32.0,0.0,3.1,2067.6,0,16.83,15.5,55.5,52.7,54.8,54.6,54.9,53.0,51.2,45.1,56.9,56.7,28,40,26.9,31.6,41,44,25,0,0,0,6,6,4,0,30,30,30,40,40,37,40,40,39,44.99,42.31,45.06,47,470,4.8,0,0,0
13.19,328,0.24,0.28,0.27,11.4,10.9,10.9,13.44,1.9,0.19,0.18,211.3,8.0,193,1,1,733,705,747,-1,751,13.2,79.2,542,28.8,31.8,0.0,3.0,2067.6,0,16.83,15.5,55.6,52.7,54.8,54.6,54.9,53.3,51.4,45.2,57.0,56.6,28,40,26.8,31.6,40,42,25,0,0,0,6,6,4,0,30,30,30,40,40,37,40,40,39,44.99,42.31,45.06,47,470,4.8,0,0,0
13.5,248,0.24,0.28,0.27,11.4,11.6,11.9,13.81,-2.5,0.14,0.2,211.4,6.3,200,1,1,764,706,791,0,795,13.5,81.7,564,31.0,33.8,0.0,3.1,2067.6,0,16.83,15.3,55.5,52.7,54.7,54.5,54.8,53.1,51.1,45.0,56.8,56.7,28,40,26.9,31.6,42,45,25,0,0,0,6,6,4,0,30,30,30,40,40,37,40,40,39,44.98,42.31,45.06,47,470,4.8,0,0,0
12.21,184,0.24,0.28,0.27,11.1,10.9,10.9,12.36,-1.0,0.13,0.18,211.1,5.4,200,1,1,629,706,584,2,586,12.2,67.9,461,30.9,32.0,0.0,3.1,2067.6,0,16.83,15.3,55.3,52.4,54.5,54.2,54.6,52.9,50.9,45.1,56.8,56.6,28,40,26.9,31.6,40,43,25,0,0,0,6,6,4,0,30,30,30,40,40,37,40,40,39,44.98,42.31,45.06,47,470,4.8,0,0,0
12.53,200,0.24,0.28,0.27,11.2,11.1,11.7,12.79,-22.9,0.12,0.19,211.5,6.6,202,1,1,658,706,636,1,642,12.5,71.1,488,30.2,31.9,0.0,3.1,2067.6,0,16.83,15.3,55.4,52.6,54.6,54.3,54.6,52.6,50.9,45.1,56.8,56.8,28,40,26.9,31.6,40,42,25,0,0,0,6,6,4,0,30,30,30,40,40,37,40,40,39,44.98,42.32,45.06,47,480,4.8,0,0,0
12.62,304,0.24,0.28,0.27,11.2,11.1,11.4,12.89,-2.6,0.14,0.17,211.5,6.3,193,1,1,663,705,639,2,641,12.6,72.8,487,32.7,34.5,0.1,3.2,2067.6,0,16.83,15.6,55.8,52.9,55.0,54.7,55.1,53.2,51.7,45.5,57.0,56.9,28,40,26.7,31.6,42,44,25,0,0,0,6,6,4,0,30,30,30,40,40,37,40,40,39,44.98,42.31,45.06,47,480,4.7,0,0,0
13.7,104,0.24,0.28,0.27,11.6,11.0,11.0,13.95,-21.3,0.16,0.22,211.2,7.3,203,1,1,799,707,835,0,840,13.7,85.4,583,31.2,34.0,0.0,3.1,2067.6,0,16.83,15.3,55.5,52.7,54.8,54.5,54.8,53.2,51.0,45.0,56.8,56.6,28,40,26.9,31.6,42,45,25,0,0,0,6,6,4,0,30,30,30,40,40,37,40,40,39,44.99,42.32,45.06,47,470,4.8,0,0,0
13.22,136,0.24,0.28,0.27,11.3,11.4,11.7,13.51,1.3,0.19,0.18,211.2,5.6,195,1,1,728,706,737,1,733,13.2,77.3,538,32.8,34.3,0.0,3.2,2067.6,0,16.83,15.4,55.5,52.7,54.8,54.6,54.9,53.2,51.1,45.0,56.8,56.8,28,40,26.9,31.6,43,45,25,0,0,0,6,6,4,0,30,30,30,40,40,37,40,40,39,44.99,42.31,45.06,47,480,4.8,0,0,0
13.45,296,0.24,0.28,0.27,11.5,11.2,11.4,13.7,-8.3,0.11,0.12,211.5,7.1,195,1,1,762,706,787,0,791,13.4,84.2,561,32.2,34.0,0.0,3.2,2067.6,0,16.83,15.4,55.5,52.7,54.8,54.6,54.8,53.2,51.1,45.1,56.9,56.5,28,40,26.9,31.6,43,46,25,0,0,0,6,6,4,0,30,30,30,40,40,37,40,40,39,44.98,42.31,45.06,47,480,4.8,0,0,0
12.43,288,0.24,0.28,0.27,11.1,11.3,11.6,12.59,-5.8,0.21,0.18,211.2,6.1,195,1,1,651,706,617,1,620,12.3,69.6,479,32.1,34.6,0.0,3.1,2067.6,0,16.83,15.5,55.8,52.8,55.0,54.7,55.0,53.4,51.5,45.3,57.0,56.6,28,40,26.8,31.6,42,45,25,0,0,0,6,6,4,0,30,30,30,40,40,37,40,40,39,44.99,42.31,45.06,47,480,4.7,0,0,0
13.3,256,0.24,0.28,0.27,11.3,11.5,11.7,13.61,-17.5,0.16,0.14,211.7,6.4,202,1,1,739,705,752,0,752,13.3,80.9,544,30.5,31.8,0.0,3.1,2067.6,0,16.83,15.5,55.5,52.7,54.8,54.6,54.8,52.9,51.3,45.1,56.9,56.8,28,40,26.9,31.6,41,44,25,0,0,0,6,6,4,0,30,30,30,40,40,37,40,40,39,44.99,42.31,45.06,47,470,4.8,0,0,0
12.81,232,0.24,0.28,0.27,11.2,11.0,11.0,13.0,3.2,0.16,0.18,211.5,5.6,196,1,1,694,705,686,-3,693,12.8,74.6,512,30.3,32.7,0.0,3.1,2067.6,0,16.83,15.3,55.5,52.7,54.7,54.6,54.8,53.2,51.1,45.0,56.9,56.6,28,40,26.9,31.6,41,44,25,0,0,0,6,6,4,0,30,30,30,40,40,37,40,40,39,44.99,42.31,45.06,47,480,4.8,0,0,0
13.41,24,0.24,0.28,0.27,11.3,11.1,12.0,13.7,-6.5,0.13,0.19,211.2,6.6,200,1,1,756,705,776,-1,779,13.4,80.5,558,30.2,32.1,0.0,3.1,2067.6,0,16.83,15.5,55.5,52.7,54.8,54.6,54.9,52.9,51.2,45.1,56.9,56.7,28,40,26.9,31.6,41,44,25,0,0,0,6,6,4,0,30,30,30,40,40,37,40,40,39,44.99,42.31,45.06,46,480,4.8,0,0,0
13.57,64,0.24,0.28,0.27,11.6,11.1,10.9,13.75,2.9,0.08,0.14,211.6,6.4,194,1,1,776,706,801,1,803,13.7,84.0,566,32.1,33.6,0.0,3.1,2067.6,0,16.83,15.5,55.6,52.8,54.8,54.6,54.8,53.0,51.1,45.1,56.9,56.6,28,40,26.9,31.6,42,45,25,0,0,0,6,6,4,0,30,30,30,40,40,37,40,40,39,44.99,42.31,45.06,47,480,4.8,0,0,0
13.18,216,0.24,0.28,0.27,11.4,10.9,11.0,13.39,0.1,0.13,0.18,211.6,5.0,200,1,1,729,706,743,1,744,13.3,80.6,540,28.6,31.1,0.0,3.1,2067.6,0,16.83,15.3,55.4,52.6,54.6,54.5,54.7,53.0,51.1,45.0,56.8,56.6,28,40,26.9,31.6,39,42,25,0,0,0,6,6,4,0,30,30,30,40,40,37,40,40,39,44.99,42.31,45.07,47,480,4.8,0,0,0
13.77,312,0.24,0.28,0.27,11.3,11.1,12.2,14.03,-6.5,0.14,0.2,211.2,7.4,198,1,1,788,705,828,-1,833,13.7,83.6,581,30.2,31.4,0.0,3.1,2067.6,0,16.83,15.5,55.6,52.8,54.8,54.6,54.8,52.9,51.3,45.2,56.9,56.9,28,40,26.9,31.6,40,42,25,0,0,0,6,6,4,0,30,30,30,40,40,37,40,40,39,44.99,42.31,45.06,46,470,4.8,0,0,0
12.72,200,0.24,0.28,0.27,11.3,10.9,11.1,13.01,-10.9,0.15,0.16,211.6,6.3,201,1,1,689,706,678,-1,682,12.7,74.2,510,30.9,31.6,0.0,3.1,2067.6,0,16.83,15.3,55.3,52.5,54.6,54.2,54.6,52.7,51.0,45.0,56.8,56.8,28,40,26.9,31.6,40,43,25,0,0,0,6,6,4,0,30,30,30,40,40,37,40,40,39,44.98,42.31,45.06,47,480,4.8,0,0,0
12.93,16,0.24,0.28,0.27,11.4,10.9,11.1,13.19,-8.5,0.14,0.18,211.2,6.9,202,1,1,701,706,703,0,699,13.0,75.2,519,29.0,31.4,0.0,3.0,2067.6,0,16.83,15.3,55.4,52.6,54.7,54.5,54.8,53.1,51.1,45.0,56.9,56.8,28,40,26.9,31.6,40,43,25,0,0,0,6,6,4,0,30,30,30,40,40,37,40,40,39,44.98,42.31,45.06,47,480,4.8,0,0,0
13.34,224,0.24,0.28,0.27,11.4,10.9,11.0,13.61,-0.3,0.17,0.19,211.3,6.2,197,1,1,754,705,774,-1,781,13.3,83.1,555,30.6,32.3,0.0,3.1,2067.6,0,16.83,15.5,55.5,52.7,54.8,54.6,54.9,53.2,51.3,45.0,56.9,56.6,28,40,26.9,31.6,41,44,25,0,0,0,6,6,4,0,30,30,30,40,40,37,40,40,39,44.99,42.31,45.06,47,480,4.8,0,0,0
13.27,32,0.24,0.28,0.27,11.2,11.1,12.1,13.67,-0.4,0.15,0.19,211.5,5.4,198,1,1,747,707,763,0,766,13.3,82.2,552,31.0,33.5,0.0,3.1,2067.6,0,16.83,15.3,55.5,52.7,54.7,54.5,54.9,53.1,51.1,45.1,56.8,56.7,29,40,26.9,31.6,42,45,25,0,0,0,6,6,4,0,30,30,30,40,40,37,40,40,39,44.99,42.31,45.06,47,480,4.8,0,0,0
12.86,96,0.24,0.28,0.27,11.3,10.9,11.0,13.19,-8.5,0.14,0.2,211.4,5.2,196,1,1,697,705,692,0,695,13.0,74.9,515,31.0,32.7,0.0,3.1,2067.6,0,16.83,15.5,55.5,52.7,54.8,54.6,54.9,53.2,51.2,45.1,56.9,56.6,28,40,26.9,31.6,41,44,25,0,0,0,6,6,4,0,30,30,30,40,40,37,40,40,39,44.99,42.31,45.06,46,470,4.8,0,0,0
13.52,48,0.24,0.28,0.27,11.3,11.3,12.0,13.71,-7.7,0.11,0.17,211.1,6.7,198,1,1,760,706,782,1,781,13.5,82.9,562,33.2,34.8,0.0,3.1,2067.6,0,16.83,15.4,55.6,52.7,54.8,54.6,54.8,53.1,51.0,45.1,56.9,56.5,28,40,26.9,31.6,43,46,25,0,0,0,6,6,4,0,30,30,30,40,40,37,40,40,39,44.99,42.31,45.06,47,470,4.8,0,0,0
13.06,344,0.24,0.28,0.27,11.3,11.0,11.8,13.3,-0.7,0.15,0.18,211.3,5.0,194,1,1,720,705,723,0,726,13.0,79.2,532,29.4,31.9,0.0,3.1,2067.6,0,16.83,15.5,55.7,52.7,54.8,54.6,54.9,53.4,51.4,45.1,56.9,56.7,28,40,26.8,31.6,39,42,25,0,0,0,6,6,4,0,30,30,30,40,40,37,40,40,39,44.98,42.31,45.06,47,470,4.8,0,0,0
13.59,224,0.24,0.28,0.27,11.4,11.4,12.0,13.86,-6.4,0.23,0.15,211.6,8.2,198,1,1,771,705,795,0,802,13.5,82.5,566,31.5,33.0,0.0,3.1,2067.6,0,16.83,15.5,55.5,52.7,54.8,54.6,54.8,53.0,51.2,45.1,56.9,56.8,28,40,26.9,31.6,41,44,25,0,0,0,6,6,4,0,30,30,30,40,40,37,40,40,39,44.99,42.31,45.06,47,470,4.8,0,0,0
13.14,288,0.24,0.28,0.27,11.3,11.4,11.8,13.29,-14.0,0.06,0.16,211.4,8.8,202,1,1,714,706,714,0,723,13.0,76.7,525,28.9,30.9,0.0,3.0,2067.6,0,16.83,15.3,55.4,52.6,54.7,54.5,54.8,53.0,51.0,45.0,56.8,56.8,28,40,26.9,31.6,40,42,25,0,0,0,6,6,4,0,30,30,30,40,40,37,40,40,39,44.99,42.31,45.06,47,480,4.8,0,0,0
12.39,16,0.24,0.28,0.27,11.1,11.1,11.3,12.69,-3.7,0.12,0.18,211.2,5.8,192,1,1,649,705,619,2,624,12.3,70.3,479,33.0,34.1,0.1,3.2,2067.6,0,16.83,15.6,55.8,52.9,55.0,54.7,55.1,53.2,51.7,45.5,57.0,56.7,28,40,26.7,31.6,41,44,25,0,0,0,6,6,4,0,30,30,30,40,40,37,40,40,39,44.99,42.31,45.06,47,480,4.8,0,0,0
13.59,24,0.24,0.28,0.27,11.4,10.9,11.4,13.85,4.6,0.14,0.2,211.3,7.1,197,1,1,775,705,806,1,811,13.6,85.2,570,30.1,32.2,0.0,3.1,2067.6,0,16.83,15.5,55.5,52.7,54.8,54.6,54.9,53.0,51.2,45.1,56.9,56.6,27,40,26.9,31.6,41,44,25,0,0,0,6,6,4,0,30,30,30,40,39,37,40,40,39,44.99,42.31,45.06,46,480,4.8,0,0,0
13.29,48,0.24,0.28,0.27,11.4,10.9,11.0,13.61,-0.5,0.13,0.14,211.2,6.5,194,1,1,748,705,768,0,776,13.3,81.5,552,33.0,34.3,0.1,3.2,2067.6,0,16.83,15.4,55.5,52.7,54.8,54.6,54.9,53.2,51.2,45.0,56.9,56.6,28,40,26.9,31.6,43,45,25,0,0,0,6,6,4,0,30,30,30,40,39,37,40,40,39,44.99,42.31,45.06,47,480,4.8,0,0,0
13.02,144,0.24,0.28,0.27,11.3,11.1,11.2,13.26,-13.8,0.21,0.18,211.6,8.6,202,1,1,707,706,707,0,707,13.1,75.5,522,28.6,31.2,0.0,3.0,2067.6,0,16.83,15.3,55.4,52.6,54.7,54.5,54.8,53.0,51.0,45.0,56.8,56.8,28,40,26.9,31.6,40,42,25,0,0,0,6,6,4,0,30,30,30,40,39,37,40,40,39,44.99,42.31,45.06,47,480,4.7,0,0,0
13.02,240,0.24,0.28,0.27,11.4,11.1,11.4,13.29,-1.8,0.08,0.18,211.4,7.4,196,1,1,702,704,707,1,709,13.0,76.6,521,31.1,32.4,0.0,3.1,2067.6,0,16.83,15.5,55.5,52.7,54.8,54.6,54.9,53.2,51.2,45.0,56.9,56.8,28,40,26.9,31.6,41,44,25,0,0,0,6,6,4,0,30,30,30,40,40,37,40,40,39,44.99,42.31,45.06,46,470,4.8,0,0,0
12.78,272,0.24,0.28,0.27,11.3,10.9,10.9,12.99,0.0,0.13,0.18,211.2,5.4,195,1,1,685,705,672,0,674,12.8,74.3,504,29.5,32.3,0.0,3.1,2067.6,0,16.83,15.5,55.7,52.8,54.8,54.6,54.9,53.2,51.4,45.2,56.9,56.9,28,40,26.8,31.6,39,42,25,0,0,0,6,6,4,0,30,30,30,40,40,37,40,40,39,44.99,42.31,45.06,47,480,4.7,0,0,0
12.94,144,0.24,0.28,0.27,11.4,10.9,10.9,13.19,-7.8,0.14,0.18,211.7,6.6,202,1,1,706,706,709,1,707,13.1,78.4,523,28.6,31.6,0.0,3.0,2067.6,0,16.83,15.3,55.4,52.6,54.7,54.5,54.7,53.1,51.1,45.0,56.9,56.9,29,40,26.9,31.6,40,43,25,0,0,0,6,6,4,0,30,30,30,40,40,37,40,40,39,44.98,42.31,45.06,47,470,4.8,0,0,0
13.33,224,0.24,0.28,0.27,11.5,11.1,11.0,13.61,0.3,0.14,0.14,211.7,5.5,196,1,1,752,705,770,1,775,13.3,83.2,553,31.9,33.1,0.0,3.1,2067.6,0,16.83,15.5,55.5,52.8,54.8,54.6,54.8,53.1,51.1,45.1,56.9,56.5,28,40,26.9,31.6,42,45,25,0,0,0,6,6,4,0,30,30,30,40,40,37,40,40,39,44.98,42.31,45.06,47,470,4.8,0,0,0
13.02,88,0.24,0.28,0.27,11.4,11.0,11.0,13.3,-20.3,0.12,0.18,211.4,7.6,201,1,1,718,706,721,1,724,13.0,77.0,530,29.3,32.0,0.0,3.0,2067.6,0,16.83,15.3,55.5,52.7,54.8,54.5,54.7,53.0,51.0,45.1,56.9,56.5,28,40,26.9,31.6,40,43,25,0,0,0,6,6,4,0,30,30,30,40,40,37,40,40,39,44.99,42.31,45.06,47,480,4.8,0,0,0
13.2,80,0.24,0.28,0.27,11.4,11.0,11.0,13.39,-4.2,0.14,0.17,211.5,6.1,196,1,1,722,705,730,-1,737,13.2,77.9,532,31.1,33.0,0.0,3.1,2067.6,0,16.83,15.5,55.5,52.7,54.8,54.6,54.8,53.2,51.2,45.0,56.9,56.8,28,40,26.9,31.6,41,44,25,0,0,0,6,6,4,0,30,30,30,40,40,37,40,40,39,44.99,42.31,45.06,47,480,4.8,0,0,0
12.55,160,0.24,0.28,0.27,11.3,10.9,10.9,12.73,-5.9,0.19,0.18,211.7,5.8,193,1,1,657,705,631,1,633,12.5,70.4,482,32.8,34.4,0.1,3.2,2067.6,0,16.83,15.6,55.8,52.9,55.0,54.7,55.1,53.2,51.7,45.5,57.0,56.9,28,40,26.7,31.6,42,44,25,0,0,0,6,6,4,0,30,30,30,40,40,37,40,40,39,44.99,42.31,45.06,47,470,4.8,0,0,0
12.47,200,0.24,0.28,0.27,11.3,10.9,11.1,12.69,-9.1,0.14,0.18,211.6,6.2,199,1,1,652,705,621,0,621,12.4,69.9,477,30.4,33.0,0.0,3.1,2067.6,0,16.83,15.5,55.7,52.8,54.9,54.6,54.9,53.0,51.5,45.3,56.9,56.9,28,40,26.8,31.6,40,43,25,0,0,0,6,6,4,0,30,30,30,40,39,37,40,40,39,44.99,42.31,45.06,47,480,4.8,0,0,0
12.97,328,0.24,0.28,0.27,11.3,11.2,11.4,13.18,-15.4,0.14,0.16,211.6,6.2,198,1,1,704,705,698,0,707,12.9,77.9,518,28.5,31.2,0.0,3.1,2067.6,0,16.83,15.5,55.6,52.7,54.8,54.6,54.8,53.2,51.3,45.2,56.9,56.6,28,40,26.9,31.6,39,42,25,0,0,0,6,6,4,0,30,30,30,40,40,37,40,40,39,44.99,42.32,45.06,47,480,4.8,0,0,0
12.99,232,0.24,0.28,0.27,11.3,11.4,11.6,13.25,-24.4,0.14,0.19,211.4,5.7,203,1,1,704,707,698,1,701,13.0,74.8,517,29.7,31.7,0.0,3.0,2067.6,0,16.83,15.3,55.5,52.7,54.7,54.5,54.7,53.0,51.0,45.1,56.9,56.5,28,40,26.9,31.6,40,43,25,0,0,0,6,6,4,0,30,30,30,40,39,37,40,40,39,44.99,42.31,45.06,47,480,4.8,0,0,0
13.4,336,0.24,0.28,0.27,11.5,11.0,11.2,13.62,-7.7,0.09,0.18,211.2,8.0,197,1,1,753,705,774,0,776,13.4,82.1,555,32.8,35.1,0.0,3.1,2067.6,0,16.83,15.3,55.5,52.7,54.8,54.6,54.8,53.1,51.0,45.2,56.9,56.5,28,40,26.9,31.6,43,46,25,0,0,0,6,6,4,0,30,30,30,40,40,37,40,40,39,44.99,42.32,45.06,47,470,4.8,0,0,0
13.2,264,0.24,0.28,0.27,11.3,11.0,11.3,13.42,-14.7,0.17,0.25,211.5,6.1,196,1,1,736,706,745,-2,749,13.2,78.5,541,33.0,34.3,0.1,3.2,2067.6,0,16.83,15.4,55.5,52.7,54.8,54.6,54.9,53.2,51.1,45.0,56.9,56.6,28,40,26.9,31.6,43,46,25,0,0,0,6,6,4,0,30,30,30,40,40,37,40,40,39,44.99,42.31,45.06,47,470,4.8,0,0,0
12.63,216,0.24,0.28,0.27,11.2,11.1,11.5,12.81,-4.4,0.16,0.2,211.6,5.4,192,1,1,674,705,653,-1,652,12.6,74.3,496,33.5,34.0,0.1,3.2,2067.6,0,16.83,15.6,55.8,52.9,55.0,54.7,55.1,53.5,51.6,45.4,57.0,57.0,28,40,26.7,31.6,42,44,25,0,0,0,6,6,4,0,30,30,30,40,40,37,40,40,39,44.99,42.31,45.06,47,480,4.8,0,0,0
13.29,328,0.24,0.28,0.27,11.4,10.9,11.1,13.6,-22.8,-0.02,0.18,211.3,6.4,202,1,1,744,705,769,0,769,13.4,82.3,552,30.2,31.6,0.0,3.1,2067.6,0,16.83,15.5,55.5,52.7,54.8,54.6,54.8,52.9,51.3,45.2,56.9,56.7,28,40,26.9,31.6,41,44,25,0,0,0,6,6,4,0,30,30,30,40,39,37,40,40,39,44.99,42.32,45.06,47,480,4.8,0,0,0
13.33,208,0.24,0.28,0.27,11.6,10.9,11.0,13.61,5.1,0.13,0.18,211.2,6.8,194,1,1,749,706,761,1,767,13.3,80.0,548,33.0,34.0,0.1,3.2,2067.6,0,16.83,15.4,55.5,52.7,54.8,54.6,54.9,53.2,51.2,45.0,56.8,56.6,29,40,26.9,31.6,43,45,25,0,0,0,6,6,4,0,30,30,30,40,40,37,40,40,39,44.99,42.31,45.06,47,470,4.8,0,0,0
13.48,8,0.24,0.28,0.27,11.5,10.9,11.1,13.71,-7.7,0.19,0.17,211.4,6.8,198,1,1,778,705,807,2,805,13.6,82.8,571,31.8,33.0,0.0,3.1,2067.6,0,16.83,15.4,55.5,52.8,54.8,54.6,54.8,53.0,51.1,45.2,56.9,56.8,28,40,26.9,31.6,42,45,25,0,0,0,6,6,4,0,30,30,30,40,40,37,40,40,39,44.99,42.31,45.06,47,470,4.8,0,0,0
12.77,128,0.24,0.28,0.27,11.2,11.0,11.4,13.06,0.4,0.12,0.18,211.4,6.7,195,1,1,684,705,666,-1,665,12.6,75.3,503,29.7,32.3,0.0,3.0,2067.6,0,16.83,15.5,55.7,52.8,54.8,54.6,54.9,53.1,51.4,45.3,56.9,56.8,28,40,26.8,31.6,40,42,25,0,0,0,6,6,4,0,30,30,30,40,40,37,40,40,39,44.99,42.31,45.06,47,480,4.8,0,0,0
13.44,296,0.24,0.28,0.27,11.6,11.1,11.1,13.66,-18.4,0.14,0.18,211.5,8.9,199,1,1,756,705,775,1,775,13.5,79.9,554,31.3,33.0,0.0,3.1,2067.6,0,16.83,15.5,55.5,52.7,54.8,54.6,54.8,53.2,51.2,45.1,56.9,56.7,28,40,26.9,31.6,41,44,25,0,0,0,6,6,4,0,30,30,30,40,40,37,40,40,39,44.99,42.32,45.06,47,480,4.8,0,0,0
12.97,112,0.24,0.28,0.27,11.2,11.3,12.0,13.2,-0.2,0.12,0.18,211.4,6.9,196,1,1,706,705,704,0,706,13.0,76.7,523,29.3,31.1,0.0,3.1,2067.6,0,16.83,15.5,55.6,52.8,54.8,54.6,54.9,53.0,51.3,45.2,56.9,56.7,28,40,26.9,31.6,39,42,25,0,0,0,6,6,4,0,30,30,30,40,40,37,40,40,39,44.99,42.31,45.06,47,470,4.8,0,0,0
12.33,216,0.24,0.28,0.27,11.2,10.9,10.9,12.59,2.5,0.14,0.2,211.3,5.6,194,1,1,643,705,611,0,611,12.4,68.8,474,32.1,34.7,0.0,3.1,2067.6,0,16.83,15.5,55.8,52.8,55.0,54.7,55.0,53.4,51.5,45.4,57.0,56.6,28,40,26.8,31.6,42,44,25,0,0,0,6,6,4,0,30,30,30,40,40,37,40,40,39,44.99,42.31,45.06,47,470,4.8,0,0,0
13.35,224,0.24,0.28,0.27,11.5,11.4,11.8,13.58,-14.6,0.14,0.18,211.2,7.3,198,1,1,738,705,755,1,763,13.3,78.7,545,31.3,32.9,0.0,3.1,2067.6,0,16.83,15.5,55.5,52.7,54.8,54.6,54.8,53.2,51.1,45.1,56.9,56.9,28,40,26.9,31.6,41,44,25,0,0,0,6,6,4,0,30,30,30,40,40,37,40,40,39,44.99,42.31,45.06,47,480,4.8,0,0,0
12.46,40,0.24,0.28,0.27,11.3,10.9,11.1,12.69,-19.4,0.21,0.18,211.4,6.6,203,1,1,655,706,631,0,635,12.5,73.1,486,31.1,32.8,0.0,3.1,2067.6,0,16.83,15.3,55.2,52.4,54.5,54.2,54.5,53.0,50.9,45.0,56.8,56.4,28,40,26.9,31.6,40,43,25,0,0,0,6,6,4,0,30,30,30,40,40,37,40,40,39,44.98,42.31,45.06,47,470,4.8,0,0,0
13.45,312,0.24,0.28,0.27,11.6,11.1,11.2,13.66,-2.2,0.19,0.19,211.5,7.7,199,1,1,757,705,776,1,785,13.4,81.1,557,30.2,32.1,0.0,3.1,2067.6,0,16.83,15.5,55.5,52.7,54.8,54.6,54.9,53.0,51.2,45.1,56.9,56.7,28,40,26.9,31.6,41,44,25,0,0,0,6,6,4,0,30,30,30,40,40,37,40,40,39,44.99,42.32,45.06,47,470,4.7,0,0,0
12.68,56,0.24,0.28,0.27,11.3,11.4,11.6,12.9,-10.3,0.03,0.17,211.5,5.4,198,1,1,671,706,651,0,652,12.6,71.3,494,30.0,31.5,0.0,3.1,2067.6,0,16.83,15.3,55.4,52.6,54.7,54.3,54.5,52.9,50.9,45.0,56.8,56.6,28,40,26.9,31.6,40,43,25,0,0,0,6,6,4,0,30,30,30,40,40,37,40,40,39,44.99,42.31,45.06,47,470,4.8,0,0,0
12.81,344,0.24,0.28,0.27,11.2,11.4,11.8,13.05,-10.7,0.14,0.18,211.3,6.0,201,1,1,690,706,678,0,681,12.7,76.3,510,29.3,30.5,0.0,3.1,2067.6,0,16.83,15.3,55.4,52.6,54.7,54.4,54.7,53.1,51.1,45.0,56.9,56.4,28,40,26.9,31.6,39,42,25,0,0,0,6,6,4,0,30,30,30,40,40,37,40,40,39,44.99,42.31,45.06,47,470,4.8,0,0,0
12.73,200,0.24,0.28,0.27,11.3,11.2,11.6,12.9,4.8,0.13,0.18,211.2,5.6,194,1,1,660,704,645,1,648,12.6,70.9,492,29.7,32.4,0.0,3.1,2067.6,0,16.83,15.5,55.7,52.8,54.8,54.6,54.9,53.1,51.4,45.3,56.9,56.9,28,40,26.8,31.6,40,42,25,0,0,0,6,6,4,0,30,30,30,40,40,37,40,40,39,44.99,42.32,45.06,47,480,4.8,0,0,0
12.81,344,0.24,0.28,0.27,11.1,11.2,11.6,13.21,-1.3,0.19,0.18,211.3,6.0,195,1,1,694,705,684,-1,696,12.8,75.5,513,29.8,32.1,0.0,3.1,2067.6,0,16.83,15.5,55.7,52.7,54.8,54.6,54.9,53.3,51.4,45.2,56.9,56.8,28,40,26.8,31.6,39,42,25,0,0,0,6,6,4,0,30,30,30,40,40,37,40,40,39,44.99,42.31,45.06,47,470,4.8,0,0,0
13.53,168,0.24,0.28,0.27,11.6,10.9,10.9,13.82,1.6,0.1,0.18,211.5,8.6,198,1,1,773,705,804,-1,810,13.5,83.2,569,30.4,32.1,0.0,3.1,2067.6,0,16.83,15.5,55.5,52.7,54.8,54.6,54.8,53.1,51.2,45.1,56.9,56.6,28,40,26.9,31.6,41,44,25,0,0,0,6,6,4,0,30,30,30,40,40,37,40,40,39,44.99,42.31,45.06,47,480,4.8,0,0,0
13.39,192,0.24,0.28,0.27,11.4,10.9,11.2,13.61,-1.6,0.14,0.13,211.6,7.3,196,1,1,754,705,776,0,784,13.4,81.2,556,32.6,34.9,0.0,3.1,2067.6,0,16.83,15.3,55.5,52.7,54.8,54.6,54.8,53.1,51.0,45.2,56.9,56.5,28,40,26.9,31.6,43,46,25,0,0,0,6,6,4,0,30,30,30,40,40,37,40,40,39,44.99,42.32,45.06,47,480,4.8,0,0,0
13.0,168,0.24,0.28,0.27,11.3,11.4,11.8,13.2,5.6,0.13,0.18,211.3,5.8,195,1,1,707,705,707,1,718,12.9,76.7,524,30.8,32.3,0.0,3.1,2067.6,0,16.83,15.5,55.5,52.7,54.8,54.6,54.9,53.2,51.2,45.1,56.9,56.6,28,40,26.9,31.6,41,44,25,0,0,0,6,6,4,0,30,30,30,40,40,37,40,40,39,44.99,42.31,45.06,47,480,4.8,0,0,0
13.48,152,0.24,0.28,0.27,11.6,11.0,11.0,13.74,-5.1,0.19,0.18,211.4,7.0,194,1,1,771,706,799,-1,802,13.5,83.0,567,32.2,33.8,0.1,3.2,2067.6,0,16.83,15.4,55.5,52.7,54.8,54.6,54.8,53.1,51.1,45.1,56.9,56.5,28,40,26.9,31.6,43,46,25,0,0,0,6,6,4,0,30,30,30,40,40,37,40,40,39,44.98,42.31,45.06,46,480,4.8,0,0,0
12.44,232,0.24,0.28,0.27,11.1,11.2,11.6,12.69,-2.3,0.14,0.18,211.2,5.9,192,1,1,651,705,620,-1,623,12.3,70.5,479,32.8,34.0,0.1,3.2,2067.6,0,16.83,15.6,55.8,52.9,55.0,54.7,55.1,53.2,51.7,45.5,57.0,56.7,27,40,26.7,31.6,41,44,25,0,0,0,6,6,4,0,30,30,30,40,40,37,40,40,39,44.99,42.31,45.06,47,480,4.8,0,0,0
13.32,64,0.24,0.28,0.27,11.4,11.0,11.5,13.51,6.6,0.1,0.2,211.4,6.6,194,1,1,741,706,760,1,757,13.3,80.8,548,33.1,34.1,0.0,3.2,2067.6,0,16.83,15.4,55.5,52.7,54.8,54.6,54.9,53.2,51.2,45.0,56.8,56.7,28,40,26.9,31.6,43,45,25,0,0,0,6,6,4,0,30,30,30,40,40,37,40,40,39,44.99,42.31,45.06,47,480,4.8,0,0,0
13.21,144,0.24,0.28,0.27,11.3,11.4,11.9,13.4,-3.6,0.19,0.17,211.6,6.5,200,1,1,732,706,743,0,747,13.2,78.9,542,28.8,30.8,0.0,3.0,2067.6,0,16.83,15.3,55.4,52.6,54.7,54.5,54.7,53.1,51.1,45.0,56.8,56.6,28,40,26.9,31.6,39,42,25,0,0,0,6,6,4,0,30,30,30,40,40,37,40,40,39,44.99,42.31,45.06,47,480,4.8,0,0,0
13.22,344,0.24,0.28,0.27,11.3,10.9,11.4,13.46,-0.4,0.14,0.18,211.1,8.3,194,1,1,734,705,749,3,751,13.2,81.2,544,29.3,31.7,0.0,3.1,2067.6,0,16.83,15.5,55.6,52.7,54.8,54.6,54.9,53.3,51.4,45.2,56.9,56.5,28,40,26.8,31.6,39,42,25,0,0,0,6,6,4,0,30,30,30,40,40,37,40,40,39,44.99,42.31,45.06,47,480,4.8,0,0,0
12.35,32,0.24,0.28,0.27,11.2,11.1,11.4,12.64,-8.7,0.13,0.18,211.3,5.2,192,1,1,651,706,615,2,621,12.3,69.4,477,32.5,34.0,0.0,3.2,2067.6,0,16.83,15.6,55.8,52.9,55.0,54.7,55.1,53.2,51.7,45.5,57.0,56.7,28,40,26.7,31.6,41,44,25,0,0,0,6,6,4,0,30,30,30,40,40,37,40,40,39,44.99,42.32,45.06,47,470,4.8,0,0,0
12.2,40,0.24,0.28,0.27,11.1,11.1,11.4,12.44,-5.9,0.19,0.2,211.2,4.9,200,1,1,631,706,590,0,596,12.1,70.2,465,30.8,32.1,0.0,3.1,2067.6,0,16.83,15.3,55.3,52.4,54.5,54.2,54.6,52.9,51.0,45.1,56.8,56.6,28,40,26.9,31.6,40,43,25,0,0,0,6,6,4,0,30,30,30,40,40,37,40,40,39,44.98,42.31,45.06,47,470,4.8,0,0,0
13.5,112,0.24,0.28,0.27,11.5,11.0,10.9,13.75,-17.1,0.19,0.19,211.4,7.7,200,1,1,771,705,803,1,811,13.5,85.8,568,30.5,31.3,0.0,3.1,2067.6,0,16.83,15.5,55.5,52.7,54.8,54.6,54.8,52.9,51.3,45.2,56.9,56.9,28,40,26.9,31.6,40,43,25,0,0,0,6,6,4,0,30,30,30,40,40,37,40,40,39,44.99,42.31,45.06,46,470,4.8,0,0,0
13.46,280,0.24,0.28,0.27,11.4,10.9,11.4,13.81,3.4,0.14,0.17,211.4,7.8,194,1,1,775,706,798,0,795,13.4,82.2,567,31.7,33.6,0.0,3.2,2067.6,0,16.83,15.5,55.6,52.8,54.8,54.6,54.8,53.1,51.1,45.1,56.9,56.5,29,40,26.9,31.6,42,45,25,0,0,0,6,6,4,0,30,30,30,40,40,37,40,40,39,44.99,42.31,45.06,47,480,4.8,0,0,0
12.44,56,0.24,0.28,0.27,11.3,10.9,10.9,12.68,-9.0,0.16,0.18,211.4,5.8,199,1,1,646,704,619,-1,617,12.5,70.9,477,30.2,33.3,0.0,3.1,2067.6,0,16.83,15.5,55.7,52.8,54.9,54.6,54.9,53.0,51.4,45.3,56.9,56.8,28,40,26.8,31.6,40,43,25,0,0,0,6,6,4,0,30,30,30,40,40,37,40,40,39,44.99,42.31,45.06,47,480,4.7,0,0,0
12.49,216,0.24,0.28,0.27,11.2,11.1,11.5,12.79,6.3,0.17,0.16,211.5,5.2,196,1,1,656,704,630,0,629,12.5,70.0,483,30.0,32.6,0.0,3.1,2067.6,0,16.83,15.5,55.7,52.8,54.8,54.6,54.9,53.1,51.4,45.2,56.9,56.9,28,40,26.8,31.6,40,43,25,0,0,0,6,6,4,0,30,30,30,40,40,37,40,40,39,44.99,42.31,45.06,47,480,4.8,0,0,0
13.24,72,0.24,0.28,0.27,11.3,10.9,11.3,13.39,2.1,0.17,0.17,211.6,4.8,200,1,1,742,706,749,0,755,13.1,79.0,544,28.6,31.0,0.0,3.0,2067.6,0,16.83,15.3,55.4,52.6,54.6,54.5,54.7,53.0,51.1,45.0,56.8,56.6,28,40,26.9,31.6,39,42,25,0,0,0,6,6,4,0,30,30,30,40,40,37,40,40,39,44.99,42.31,45.07,47,480,4.8,0,0,0
13.01,112,0.24,0.28,0.27,11.3,11.3,11.6,13.19,-3.4,0.14,0.17,211.3,6.9,196,1,1,701,705,703,3,703,13.0,75.2,522,28.7,31.2,0.0,3.1,2067.6,0,16.83,15.5,55.6,52.8,54.8,54.6,54.8,53.1,51.3,45.1,56.9,56.7,28,40,26.9,31.6,39,42,25,0,0,0,6,6,4,0,30,30,30,40,40,37,40,40,39,44.99,42.31,45.06,47,480,4.8,0,0,0
13.66,280,0.24,0.28,0.27,11.6,10.9,11.0,13.91,-3.8,0.23,0.25,211.1,7.1,195,1,1,793,706,825,0,827,13.7,85.2,579,32.0,33.8,0.0,3.2,2067.6,0,16.83,15.5,55.5,52.7,54.8,54.6,54.8,53.0,51.1,45.1,56.9,56.6,28,40,26.9,31.6,42,45,25,0,0,0,6,6,4,0,30,30,30,40,40,37,40,40,39,44.99,42.31,45.06,47,470,4.8,0,0,0
13.18,288,0.24,0.28,0.27,11.2,11.4,11.8,13.51,-15.5,0.11,0.14,211.5,8.3,203,1,1,728,706,737,0,744,13.1,78.7,538,28.8,31.1,0.0,3.0,2067.6,0,16.83,15.3,55.4,52.6,54.6,54.5,54.8,53.0,51.0,45.0,56.8,56.8,28,40,26.9,31.6,39,42,25,0,0,0,6,6,4,0,30,30,30,40,40,37,40,40,39,44.99,42.31,45.06,47,480,4.8,0,0,0
12.96,16,0.24,0.28,0.27,11.1,11.2,11.8,13.2,-22.1,0.19,0.22,211.6,6.3,203,1,1,708,706,706,0,707,13.0,75.2,523,29.2,32.0,0.0,3.0,2067.6,0,16.83,15.3,55.5,52.7,54.7,54.5,54.7,53.0,51.0,45.1,56.9,56.6,28,40,26.9,31.6,40,43,25,0,0,0,6,6,4,0,30,30,30,40,40,37,40,40,39,44.99,42.31,45.06,47,480,4.8,0,0,0
12.46,312,0.24,0.28,0.27,11.1,11.3,11.6,12.68,0.6,0.13,0.18,211.3,5.3,198,1,1,642,705,618,0,618,12.5,68.9,477,31.6,32.9,0.0,3.1,2067.6,0,16.83,15.3,55.2,52.4,54.5,54.1,54.4,52.7,50.9,45.0,56.8,56.4,28,40,26.9,31.6,40,43,25,0,0,0,6,6,4,0,30,30,30,40,39,37,40,40,39,44.99,42.31,45.06,46,480,4.8,0,0,0
13.72,208,0.24,0.28,0.27,11.4,11.6,12.0,14.02,-0.1,0.15,0.18,210.9,5.9,194,1,1,793,706,828,1,836,13.6,85.0,581,32.4,33.4,0.0,3.2,2067.6,0,16.83,15.5,55.5,52.7,54.8,54.6,54.8,52.9,51.1,45.1,56.9,56.5,28,40,26.9,31.6,42,45,25,0,0,0,6,6,4,0,30,30,30,40,40,37,40,40,39,44.99,42.31,45.06,47,480,4.8,0,0,0
13.0,160,0.24,0.28,0.27,11.2,10.9,11.4,13.18,-20.9,0.11,0.17,211.6,6.1,203,1,1,709,706,708,0,715,12.9,76.2,523,29.4,31.9,0.0,3.0,2067.6,0,16.83,15.3,55.5,52.7,54.7,54.5,54.7,53.0,51.0,45.1,56.9,56.6,28,40,26.9,31.6,40,43,25,0,0,0,6,6,4,0,30,30,30,40,40,37,40,40,39,44.99,42.31,45.06,46,470,4.8,0,0,0
13.44,336,0.24,0.28,0.27,11.4,10.9,11.1,13.61,-4.7,0.12,0.2,211.4,7.9,197,1,1,761,706,782,3,786,13.5,80.9,559,33.4,34.7,0.1,3.1,2067.6,0,16.83,15.4,55.6,52.7,54.8,54.6,54.8,53.1,51.0,45.2,56.9,56.5,28,40,26.9,31.6,43,46,25,0,0,0,6,6,4,0,30,30,30,40,40,37,40,40,39,44.99,42.32,45.06,47,480,4.8,0,0,0
12.46,96,0.24,0.28,0.27,11.1,11.3,11.7,12.69,-0.3,0.17,0.2,211.4,5.9,198,1,1,650,705,622,0,625,12.4,71.6,480,31.5,32.7,0.0,3.1,2067.6,0,16.83,15.3,55.2,52.4,54.5,54.1,54.4,52.8,50.9,45.0,56.8,56.5,28,40,26.9,31.6,40,43,25,0,0,0,6,6,4,0,30,30,30,40,40,37,40,40,39,44.99,42.31,45.06,47,480,4.8,0,0,0
12.58,72,0.24,0.28,0.27,11.3,10.9,11.1,12.9,-4.3,0.21,0.18,211.6,6.0,200,1,1,668,706,651,0,653,12.6,74.5,494,29.4,30.7,0.0,3.1,2067.6,0,16.83,15.3,55.4,52.6,54.7,54.4,54.7,53.0,51.1,45.0,56.9,56.4,28,40,26.9,31.6,39,42,25,0,0,0,6,6,4,0,30,30,30,40,39,37,40,40,39,44.99,42.31,45.06,47,480,4.8,0,0,0
13.13,352,0.24,0.28,0.27,11.3,11.2,12.0,13.37,-20.7,0.11,0.2,211.3,6.0,200,1,1,720,705,724,0,730,13.0,77.4,533,33.4,34.1,0.1,3.2,2067.6,0,16.83,15.4,55.5,52.7,54.8,54.6,54.8,53.3,51.1,45.0,56.9,56.7,28,40,26.9,31.6,43,46,25,0,0,0,6,6,4,0,30,30,30,40,40,37,40,40,39,44.99,42.31,45.06,47,470,4.8,0,0,0
12.76,344,0.24,0.28,0.27,11.3,11.0,10.9,13.0,-9.9,0.1,0.16,211.3,6.7,200,1,1,679,706,666,0,668,12.7,73.3,501,30.2,31.9,0.0,3.1,2067.6,0,16.83,15.3,55.3,52.5,54.6,54.3,54.5,52.8,50.9,45.1,56.8,56.9,29,40,26.9,31.6,40,42,25,0,0,0,6,6,4,0,30,30,30,40,40,37,40,40,39,44.99,42.31,45.06,47,480,4.8,0,0,0
12.41,72,0.24,0.28,0.27,11.3,10.9,10.9,12.7,-19.7,0.16,0.18,211.8,5.4,200,1,1,654,705,621,-1,627,12.4,70.3,479,30.9,32.9,0.0,3.1,2067.6,0,16.83,15.5,55.7,52.8,54.9,54.6,54.9,53.0,51.4,45.3,57.0,56.8,28,40,26.8,31.6,40,43,25,0,0,0,6,6,4,0,30,30,30,40,40,37,40,40,39,44.99,42.31,45.07,47,470,4.8,0,0,0
12.94,352,0.24,0.28,0.27,11.4,10.9,10.9,13.2,-12.3,0.14,0.17,211.2,7.6,197,1,1,711,706,714,1,713,13.0,78.2,526,32.6,34.0,0.0,3.2,2067.6,0,16.83,15.4,55.5,52.7,54.8,54.6,54.9,53.2,51.1,45.1,56.9,56.6,28,40,26.9,31.6,43,46,25,0,0,0,6,6,4,0,30,30,30,40,40,37,40,40,39,44.99,42.31,45.06,47,470,4.8,0,0,0
13.11,160,0.24,0.28,0.27,11.3,11.2,11.8,13.38,-14.9,0.16,0.22,211.6,7.4,199,1,1,726,706,729,-1,732,13.1,77.7,534,29.7,32.4,0.0,3.0,2067.6,0,16.83,15.3,55.5,52.7,54.8,54.5,54.7,53.0,51.0,45.1,56.9,56.4,28,40,26.9,31.6,40,43,25,0,0,0,6,6,4,0,30,30,30,40,40,37,40,40,39,44.99,42.31,45.06,47,480,4.8,0,0,0
13.4,176,0.24,0.28,0.27,11.2,11.0,11.4,13.67,2.6,0.19,0.16,211.5,6.0,199,1,1,764,706,787,1,793,13.3,83.0,563,31.1,33.4,0.0,3.1,2067.6,0,16.83,15.3,55.5,52.7,54.7,54.5,54.8,53.1,51.1,45.1,56.8,56.7,28,40,26.9,31.6,42,45,25,0,0,0,6,6,4,0,30,30,30,40,40,37,40,40,39,44.99,42.31,45.06,46,470,4.8,0,0,0
13.17,352,0.24,0.28,0.27,11.3,11.3,11.9,13.36,-20.9,0.08,0.23,211.4,6.2,198,1,1,721,705,728,0,732,13.0,78.4,533,32.8,34.5,0.1,3.2,2067.6,0,16.83,15.4,55.5,52.7,54.8,54.6,54.8,53.3,51.1,45.0,56.9,56.7,28,40,26.9,31.6,43,46,25,0,0,0,6,6,4,0,30,30,30,40,39,37,40,40,39,44.98,42.31,45.06,47,480,4.8,0,0,0
12.52,128,0.24,0.28,0.27,11.2,11.1,11.5,12.78,9.5,0.16,0.19,211.4,5.3,195,1,1,663,705,640,1,644,12.5,71.0,488,30.1,32.6,0.0,3.1,2067.6,0,16.83,15.5,55.7,52.8,54.8,54.6,54.9,53.1,51.4,45.2,56.9,57.0,28,40,26.8,31.6,40,42,25,0,0,0,6,6,4,0,30,30,30,40,40,37,40,40,39,44.99,42.31,45.06,47,470,4.8,0,0,0
12.66,288,0.24,0.28,0.27,11.3,11.1,11.4,13.0,1.4,0.15,0.16,211.5,6.1,191,1,1,672,706,652,0,660,12.6,72.3,496,33.0,34.3,0.1,3.2,2067.6,0,16.83,15.6,55.8,52.9,55.0,54.7,55.1,53.3,51.6,45.4,57.0,57.0,28,40,26.7,31.6,42,44,25,0,0,0,6,6,4,0,30,30,30,40,40,37,40,40,39,44.99,42.31,45.06,47,470,4.8,0,0,0
13.02,240,0.24,0.28,0.27,11.5,11.0,11.0,13.29,2.6,0.15,0.18,211.2,6.4,196,1,1,724,705,727,0,729,13.0,78.0,532,31.0,32.6,0.0,3.1,2067.6,0,16.83,15.5,55.5,52.7,54.8,54.6,54.9,53.2,51.2,45.1,56.9,56.6,29,40,26.9,31.6,41,44,25,0,0,0,6,6,4,0,30,30,30,40,40,37,40,40,39,44.99,42.31,45.06,47,480,4.8,0,0,0
13.17,352,0.24,0.28,0.27,11.3,11.1,11.2,13.4,-0.7,0.16,0.2,211.6,7.4,195,1,1,727,706,733,1,733,13.2,77.2,533,32.8,34.3,0.0,3.2,2067.6,0,16.83,15.4,55.5,52.7,54.8,54.6,54.9,53.2,51.2,45.0,56.9,56.8,28,40,26.9,31.6,43,45,25,0,0,0,6,6,4,0,30,30,30,40,40,37,40,40,39,44.99,42.31,45.06,47,480,4.8,0,0,0
12.94,96,0.24,0.28,0.27,11.4,11.0,10.9,13.19,-4.0,0.14,0.17,211.4,7.2,196,1,1,709,705,703,0,710,13.0,77.0,520,31.2,32.6,0.0,3.1,2067.6,0,16.83,15.5,55.5,52.7,54.8,54.6,54.9,53.2,51.2,45.0,56.9,56.8,28,40,26.9,31.6,41,44,25,0,0,0,6,6,4,0,30,30,30,40,40,37,40,40,39,44.99,42.31,45.06,47,480,4.8,0,0,0
13.07,16,0.24,0.28,0.27,11.3,11.5,11.6,13.3,-23.5,0.13,0.14,211.3,7.1,202,1,1,712,706,717,-1,713,13.0,77.8,528,29.6,32.1,0.0,3.0,2067.6,0,16.83,15.3,55.5,52.7,54.8,54.5,54.7,53.0,51.0,45.1,56.9,56.5,28,40,26.9,31.6,40,43,25,0,0,0,6,6,4,0,30,30,30,40,40,37,40,40,39,44.99,42.31,45.06,47,470,4.8,0,0,0
13.24,0,0.24,0.28,0.27,11.4,11.2,11.6,13.5,-3.6,0.14,0.18,211.5,5.9,200,1,1,728,706,740,0,739,13.2,80.4,538,28.6,31.0,0.0,3.0,2067.6,0,16.83,15.3,55.4,52.6,54.6,54.5,54.7,53.1,51.1,45.0,56.8,56.6,28,40,26.9,31.6,39,42,25,0,0,0,6,6,4,0,30,30,30,40,39,37,40,40,39,44.99,42.31,45.07,47,480,4.8,0,0,0
13.13,72,0.24,0.28,0.27,11.4,10.9,11.1,13.39,-8.3,0.11,0.17,211.5,6.7,200,1,1,732,706,741,0,744,13.1,79.2,539,28.4,31.0,0.0,3.0,2067.6,0,16.83,15.3,55.4,52.6,54.7,54.5,54.7,53.1,51.0,45.0,56.8,56.5,28,40,26.9,31.6,39,42,25,0,0,0,6,6,4,0,30,30,30,40,40,37,40,40,39,44.99,42.31,45.06,47,470,4.8,0,0,0
12.93,272,0.24,0.28,0.27,11.3,11.2,11.7,13.19,-8.1,0.14,0.17,211.1,7.0,200,1,1,690,706,684,1,686,12.8,76.0,511,30.3,31.9,0.0,3.1,2067.6,0,16.83,15.3,55.3,52.5,54.6,54.3,54.5,52.9,50.9,45.1,56.8,56.8,28,40,26.9,31.6,40,42,25,0,0,0,6,6,4,0,30,30,30,40,39,37,40,40,39,44.99,42.31,45.06,47,480,4.8,0,0,0
13.03,272,0.24,0.28,0.27,11.2,11.3,11.8,13.29,-16.5,0.14,0.17,211.4,6.6,197,1,1,714,705,713,1,715,12.9,78.7,527,28.8,31.3,0.0,3.1,2067.6,0,16.83,15.5,55.6,52.7,54.8,54.6,54.8,53.2,51.3,45.2,56.9,56.5,28,40,26.9,31.6,39,42,25,0,0,0,6,6,4,0,30,30,30,40,40,37,40,40,39,44.98,42.31,45.06,47,470,4.8,0,0,0
12.2,144,0.24,0.28,0.27,11.1,11.1,11.4,12.44,-3.2,0.2,0.16,211.3,4.4,195,1,1,623,704,583,-1,584,12.1,67.2,461,31.6,34.3,0.0,3.1,2067.6,0,16.83,15.5,55.8,52.8,55.0,54.7,55.0,53.3,51.5,45.3,57.0,56.5,28,40,26.8,31.6,41,43,25,0,0,0,6,6,4,0,30,30,30,40,40,37,40,40,39,44.99,42.31,45.06,47,480,4.8,0,0,0
12.43,88,0.24,0.28,0.27,11.2,11.1,11.5,12.68,-1.8,0.16,0.17,211.1,5.9,192,1,1,648,705,615,0,622,12.5,70.8,476,32.8,34.0,0.0,3.2,2067.6,0,16.83,15.6,55.8,52.9,55.0,54.7,55.1,53.2,51.7,45.5,57.0,56.7,28,40,26.7,31.6,41,44,25,0,0,0,6,6,4,0,30,30,30,40,39,37,40,40,39,44.99,42.31,45.06,47,480,4.8,0,0,0
12.49,144,0.24,0.28,0.27,11.2,11.3,11.6,12.8,-29.6,0.15,0.14,211.5,5.7,200,1,1,657,705,629,-1,628,12.4,70.3,485,30.6,33.2,0.0,3.1,2067.6,0,16.83,15.5,55.7,52.8,54.9,54.6,54.9,53.0,51.4,45.4,57.0,56.7,28,40,26.8,31.6,40,43,25,0,0,0,6,6,4,0,30,30,30,40,40,37,40,40,39,44.99,42.31,45.06,47,480,4.8,0,0,0
13.0,160,0.24,0.28,0.27,11.3,11.3,11.6,13.3,-15.6,0.15,0.16,211.4,7.9,199,1,1,705,706,703,0,706,12.9,77.9,523,29.9,32.2,0.0,3.0,2067.6,0,16.83,15.3,55.5,52.7,54.8,54.5,54.7,53.0,51.0,45.1,56.9,56.5,28,40,26.9,31.6,40,43,25,0,0,0,6,6,4,0,30,30,30,40,40,37,40,40,39,44.99,42.31,45.06,47,480,4.8,0,0,0
12.54,232,0.24,0.28,0.27,11.2,10.9,11.1,12.71,-9.5,0.14,0.19,211.3,7.0,195,1,1,661,705,638,1,639,12.6,72.8,487,33.5,34.3,0.0,3.2,2067.6,0,16.83,15.6,55.8,52.9,55.0,54.7,55.1,53.5,51.6,45.3,57.0,56.9,28,40,26.8,31.6,42,45,25,0,0,0,6,6,4,0,30,30,30,40,40,37,40,40,39,44.99,42.31,45.06,47,480,4.8,0,0,0
12.99,328,0.24,0.28,0.27,11.3,11.3,11.7,13.21,-6.0,0.12,0.19,211.4,6.2,197,1,1,704,706,697,-1,700,13.0,76.3,516,28.7,31.1,0.0,3.1,2067.6,0,16.83,15.5,55.6,52.7,54.8,54.6,54.9,53.1,51.3,45.2,56.9,56.7,28,40,26.9,31.6,39,42,25,0,0,0,6,6,4,0,30,30,30,40,40,37,40,40,39,44.99,42.31,45.06,47,470,4.8,0,0,0
12.85,320,0.24,0.28,0.27,11.3,11.4,11.8,13.1,-2.3,0.16,0.25,211.6,5.7,198,1,1,686,705,681,0,691,12.9,75.0,510,30.3,33.3,0.0,3.1,2067.6,0,16.83,15.3,55.5,52.7,54.8,54.6,54.8,53.2,51.1,45.0,56.8,56.7,28,40,26.9,31.6,41,44,25,0,0,0,6,6,4,0,30,30,30,40,40,37,40,40,39,44.99,42.31,45.06,47,470,4.8,0,0,0
12.47,328,0.24,0.28,0.27,11.2,11.1,11.4,12.69,-5.8,0.15,0.2,211.3,6.4,200,1,1,649,706,622,0,618,12.5,69.1,479,31.4,32.4,0.0,3.1,2067.6,0,16.83,15.3,55.3,52.4,54.5,54.2,54.5,52.8,51.0,45.0,56.8,56.4,28,40,26.9,31.6,40,43,25,0,0,0,6,6,4,0,30,30,30,40,39,37,40,40,39,44.99,42.32,45.06,46,480,4.8,0,0,0
13.64,208,0.24,0.28,0.27,11.3,11.5,12.1,13.92,-1.8,0.13,0.14,211.3,6.2,194,1,1,786,706,817,1,812,13.5,86.1,577,32.6,33.5,0.0,3.2,2067.6,0,16.83,15.4,55.5,52.7,54.8,54.6,54.9,53.0,51.1,45.1,56.9,56.6,28,40,26.9,31.6,43,46,25,0,0,0,6,6,4,0,30,30,30,40,40,37,40,40,39,44.99,42.31,45.06,47,470,4.8,0,0,0
12.79,272,0.24,0.28,0.27,11.4,10.9,10.9,12.99,6.1,0.13,0.13,211.2,5.2,195,1,1,689,706,680,1,682,12.9,73.5,506,29.9,31.4,0.0,3.1,2067.6,0,16.83,15.3,55.4,52.6,54.7,54.4,54.6,53.0,51.0,45.1,56.9,56.4,28,40,26.9,31.6,40,42,25,0,0,0,6,6,4,0,30,30,30,40,40,37,40,40,39,44.99,42.32,45.06,47,480,4.8,0,0,0
13.23,312,0.24,0.28,0.27,11.3,11.1,12.0,13.61,-0.7,0.09,0.2,211.3,5.5,196,1,1,736,705,754,2,763,13.1,80.2,548,31.0,31.9,0.0,3.1,2067.6,0,16.83,15.5,55.5,52.7,54.8,54.6,54.9,53.2,51.3,45.1,56.9,56.5,28,40,26.9,31.6,41,44,25,0,0,0,6,6,4,0,30,30,30,40,40,37,40,40,39,44.99,42.32,45.06,46,470,4.8,0,0,0
12.55,344,0.24,0.28,0.27,11.1,11.1,11.6,12.8,7.9,0.09,0.2,211.3,6.5,195,1,1,660,704,633,0,639,12.5,72.9,486,30.2,32.2,0.0,3.1,2067.6,0,16.83,15.5,55.7,52.8,54.8,54.6,54.9,53.1,51.4,45.2,56.9,57.0,28,40,26.8,31.6,40,42,25,0,0,0,6,6,4,0,30,30,30,40,40,37,40,40,39,44.99,42.31,45.06,47,480,4.8,0,0,0
13.55,136,0.24,0.28,0.27,11.3,11.3,12.1,13.77,5.5,0.21,0.23,211.3,7.3,194,1,1,771,706,791,1,790,13.4,84.0,564,32.2,33.6,0.0,3.2,2067.6,0,16.83,15.5,55.6,52.8,54.8,54.6,54.8,53.1,51.1,45.1,56.9,56.5,28,40,26.9,31.6,42,45,25,0,0,0,6,6,4,0,30,30,30,40,40,37,40,40,39,44.98,42.31,45.06,47,470,4.8,0,0,0
12.96,272,0.24,0.28,0.27,11.3,11.4,11.8,13.19,-15.0,0.13,0.2,211.3,7.3,201,1,1,701,706,694,0,701,13.0,76.8,518,30.2,31.9,0.0,3.1,2067.6,0,16.83,15.3,55.3,52.5,54.6,54.2,54.6,52.8,51.0,45.0,56.8,56.8,28,40,26.9,31.6,40,42,25,0,0,0,6,6,4,0,30,30,30,40,40,37,40,40,39,44.98,42.31,45.06,47,480,4.8,0,0,0
12.78,128,0.24,0.28,0.27,11.3,10.9,11.3,13.02,7.3,0.15,0.2,211.3,6.3,195,1,1,695,706,685,0,688,12.8,75.0,512,29.9,31.1,0.0,3.1,2067.6,0,16.83,15.3,55.4,52.6,54.7,54.4,54.6,53.0,51.0,45.1,56.9,56.4,28,40,26.9,31.6,40,42,25,0,0,0,6,6,4,0,30,30,30,40,40,37,40,40,39,44.99,42.32,45.06,47,480,4.8,0,0,0
12.43,248,0.24,0.28,0.27,11.1,11.2,11.4,12.6,-10.3,0.14,0.17,211.3,6.3,192,1,1,651,705,615,-1,621,12.4,71.2,476,32.2,34.1,0.0,3.2,2067.6,0,16.83,15.6,55.8,52.9,55.1,54.7,55.1,53.1,51.7,45.5,57.0,56.6,28,40,26.7,31.6,41,44,25,0,0,0,6,6,4,0,30,30,30,40,40,37,40,40,39,44.99,42.31,45.06,47,470,4.8,0,0,0
12.87,184,0.24,0.28,0.27,11.3,11.1,11.4,13.1,-8.2,0.13,0.15,211.6,7.5,197,1,1,697,705,689,0,688,12.8,74.3,512,29.7,31.0,0.0,3.0,2067.6,0,16.83,15.5,55.6,52.8,54.8,54.6,54.8,53.0,51.2,45.2,56.9,56.9,28,40,26.9,31.6,39,42,25,0,0,0,6,6,4,0,30,30,30,40,40,37,40,40,39,44.99,42.31,45.06,47,480,4.8,0,0,0
13.69,248,0.24,0.28,0.27,11.6,11.4,11.4,13.96,-16.2,0.14,0.2,211.2,7.7,202,1,1,795,706,829,1,831,13.8,86.2,581,31.1,34.0,0.0,3.1,2067.6,0,16.83,15.3,55.5,52.7,54.8,54.5,54.8,53.2,51.0,45.0,56.8,56.6,28,40,26.9,31.6,42,45,25,0,0,0,6,6,4,0,30,30,30,40,40,37,40,40,39,44.99,42.32,45.06,47,470,4.8,0,0,0
12.46,96,0.24,0.28,0.27,11.1,11.3,11.7,12.74,-7.6,0.13,0.2,211.3,6.1,198,1,1,651,705,624,1,635,12.5,70.0,482,31.8,32.9,0.0,3.1,2067.6,0,16.83,15.3,55.2,52.4,54.5,54.1,54.4,52.8,50.8,45.0,56.8,56.6,28,40,26.9,31.6,41,43,25,0,0,0,6,6,4,0,30,30,30,40,40,37,40,40,39,44.99,42.31,45.06,46,480,4.8,0,0,0
12.93,232,0.24,0.28,0.27,11.3,11.1,11.7,13.25,-7.5,0.12,0.2,211.6,7.3,202,1,1,706,706,704,0,704,13.0,75.4,522,29.0,31.3,0.0,3.1,2067.6,0,16.83,15.3,55.4,52.6,54.7,54.5,54.8,53.1,51.1,45.0,56.9,56.9,28,40,26.9,31.6,40,43,25,0,0,0,6,6,4,0,30,30,30,40,39,37,40,40,39,44.98,42.31,45.06,46,480,4.8,0,0,0
12.93,88,0.24,0.28,0.27,11.4,11.1,11.1,13.14,-25.1,0.14,0.15,211.4,6.6,203,1,1,708,706,700,1,700,13.0,75.5,518,29.5,32.0,0.0,3.0,2067.6,0,16.83,15.3,55.5,52.7,54.7,54.5,54.7,53.0,51.0,45.1,56.9,56.5,28,40,26.9,31.6,40,43,25,0,0,0,6,6,4,0,30,30,30,40,40,37,40,40,39,44.99,42.31,45.06,47,480,4.8,0,0,0
13.11,64,0.24,0.28,0.27,11.4,11.1,11.3,13.24,-19.6,0.1,0.23,211.5,6.0,199,1,1,719,705,720,-1,728,13.1,76.7,527,33.4,34.4,0.0,3.2,2067.6,0,16.83,15.4,55.5,52.7,54.8,54.6,54.8,53.3,51.1,45.0,56.9,56.7,28,40,26.9,31.6,43,46,25,0,0,0,6,6,4,0,30,30,30,40,40,37,40,40,39,44.99,42.31,45.06,47,470,4.8,0,0,0
12.94,40,0.24,0.28,0.27,11.3,10.9,11.0,13.2,-3.1,0.07,0.19,211.5,6.5,196,1,1,711,705,708,1,713,12.9,76.0,523,28.9,31.1,0.0,3.1,2067.6,0,16.83,15.5,55.6,52.8,54.8,54.6,54.8,53.1,51.3,45.1,56.9,56.8,28,40,26.9,31.6,39,42,25,0,0,0,6,6,4,0,30,30,30,40,39,37,40,40,39,44.99,42.31,45.06,47,480,4.8,0,0,0
12.38,0,0.24,0.28,0.27,11.2,10.9,11.1,12.58,-1.3,0.17,0.18,211.2,5.6,194,1,1,642,705,606,1,609,12.3,70.8,471,31.6,34.9,0.0,3.1,2067.6,0,16.83,15.5,55.8,52.8,55.0,54.7,55.0,53.4,51.5,45.4,57.0,56.5,28,40,26.8,31.6,42,44,25,0,0,0,6,6,4,0,30,30,30,40,40,36,40,40,39,44.99,42.31,45.06,47,470,4.8,0,0,0
13.38,240,0.24,0.28,0.27,11.3,11.5,11.9,13.61,-6.8,0.19,0.17,210.9,7.8,200,1,1,745,705,762,-1,766,13.3,82.0,551,30.3,32.0,0.0,3.1,2067.6,0,16.83,15.5,55.5,52.7,54.8,54.6,54.9,52.9,51.3,45.1,56.9,56.7,28,40,26.9,31.6,41,44,25,0,0,0,6,6,4,0,30,30,30,40,40,37,40,40,39,44.99,42.31,45.06,47,480,4.8,0,0,0
13.4,8,0.24,0.28,0.27,11.5,11.1,11.1,13.61,-6.9,0.16,0.23,211.4,7.3,198,1,1,756,706,774,1,781,13.4,81.0,554,32.1,33.2,0.0,3.2,2067.6,0,16.83,15.5,55.6,52.8,54.9,54.6,54.8,53.1,51.1,45.1,56.9,56.7,28,40,26.9,31.6,42,45,25,0,0,0,6,6,4,0,30,30,30,40,40,37,40,40,39,44.99,42.31,45.06,47,480,4.8,0,0,0
12.86,248,0.24,0.28,0.27,11.3,10.9,11.4,13.14,-1.6,0.14,0.14,211.3,6.7,198,1,1,694,706,688,-2,693,12.9,75.3,515,30.6,33.1,0.0,3.1,2067.6,0,16.83,15.3,55.5,52.7,54.8,54.6,54.8,53.2,51.1,45.0,56.8,56.7,28,40,26.9,31.6,41,44,25,0,0,0,6,6,4,0,30,30,30,40,40,37,40,40,39,44.98,42.31,45.06,47,480,4.8,0,0,0
13.01,64,0.24,0.28,0.27,11.2,11.2,11.8,13.3,-9.6,0.2,0.14,211.5,5.4,198,1,1,711,706,706,1,708,13.0,77.7,524,32.6,34.0,0.0,3.2,2067.6,0,16.83,15.4,55.5,52.7,54.8,54.6,54.9,53.1,51.2,45.1,56.9,56.7,28,40,26.9,31.6,43,46,25,0,0,0,6,6,4,0,30,30,30,40,40,37,40,40,39,44.99,42.32,45.06,47,480,4.8,0,0,0
12.39,56,0.24,0.28,0.27,11.2,11.0,11.1,12.69,-7.7,0.18,0.18,211.8,6.8,200,1,1,652,705,621,0,622,12.5,69.2,478,31.3,32.2,0.0,3.1,2067.6,0,16.83,15.3,55.3,52.4,54.5,54.2,54.5,52.8,51.0,45.0,56.8,56.4,28,40,26.9,31.6,40,43,25,0,0,0,6,6,4,0,30,30,30,40,40,37,40,40,39,44.99,42.32,45.06,47,480,4.8,0,0,0
13.58,296,0.24,0.28,0.27,11.5,11.4,11.4,13.81,-3.6,0.2,0.14,211.4,7.4,197,1,1,776,705,805,0,807,13.6,83.2,568,31.6,33.1,0.0,3.1,2067.6,0,16.83,15.5,55.5,52.8,54.8,54.6,54.8,53.0,51.2,45.1,56.9,56.7,28,40,26.9,31.6,42,45,25,0,0,0,6,6,4,0,30,30,30,40,40,37,40,40,39,44.99,42.31,45.06,47,480,4.8,0,0,0
13.29,280,0.24,0.28,0.27,11.3,11.2,11.8,13.56,4.1,0.14,0.18,211.5,6.4,195,1,1,735,706,753,2,758,13.4,79.9,546,33.0,34.3,0.1,3.2,2067.6,0,16.83,15.4,55.5,52.7,54.8,54.6,54.9,53.2,51.1,45.0,56.9,56.8,28,40,26.9,31.6,43,45,25,0,0,0,6,6,4,0,30,30,30,40,40,37,40,40,39,44.99,42.31,45.06,47,480,4.8,0,0,0
12.72,272,0.24,0.28,0.27,11.3,11.0,11.1,12.9,-6.5,0.17,0.18,211.3,5.5,196,1,1,676,706,663,1,671,12.8,74.3,499,30.0,31.5,0.0,3.1,2067.6,0,16.83,15.3,55.4,52.6,54.7,54.4,54.6,52.8,51.0,45.0,56.8,56.5,28,40,26.9,31.6,40,42,25,0,0,0,6,6,4,0,30,30,30,40,40,37,40,40,39,44.99,42.31,45.06,47,470,4.8,0,0,0
13.54,240,0.24,0.28,0.27,11.5,11.1,12.0,13.82,-7.6,0.1,0.2,211.4,8.2,199,1,1,772,705,803,2,811,13.5,83.4,571,30.7,32.1,0.0,3.1,2067.6,0,16.83,15.5,55.6,52.7,54.8,54.6,54.8,53.2,51.1,45.1,56.9,56.6,28,40,26.9,31.6,41,44,25,0,0,0,6,6,4,0,30,30,30,40,40,37,40,40,39,44.99,42.31,45.06,47,470,4.8,0,0,0
12.5,72,0.24,0.28,0.27,11.2,10.9,11.1,12.69,-8.4,0.11,0.16,211.5,7.9,197,1,1,660,705,630,0,640,12.5,71.0,483,31.1,33.6,0.0,3.1,2067.6,0,16.83,15.5,55.7,52.8,54.9,54.7,55.0,53.0,51.5,45.3,57.0,56.6,28,40,26.8,31.6,40,43,25,0,0,0,6,6,4,0,30,30,30,40,40,37,40,40,39,44.99,42.31,45.06,47,480,4.8,0,0,0
12.3,112,0.24,0.28,0.27,11.1,11.1,11.4,12.58,-11.5,0.14,0.18,211.4,4.8,201,1,1,637,706,602,0,601,12.2,68.4,469,30.5,32.3,0.0,3.1,2067.6,0,16.83,15.3,55.3,52.4,54.5,54.2,54.6,52.9,51.0,45.1,56.8,56.7,28,40,26.9,31.6,40,43,25,0,0,0,6,6,4,0,30,30,30,40,40,37,40,40,39,44.99,42.31,45.06,47,480,4.8,0,0,0
13.19,144,0.24,0.28,0.27,11.3,11.3,11.8,13.4,-15.1,0.24,0.22,211.8,6.9,203,1,1,720,707,728,0,729,13.2,79.3,532,28.8,31.0,0.0,3.1,2067.6,0,16.83,15.3,55.4,52.6,54.6,54.5,54.8,53.0,51.0,45.0,56.8,56.8,28,40,26.9,31.6,39,42,25,0,0,0,6,6,4,0,30,30,30,40,40,37,40,40,39,44.99,42.31,45.06,46,470,4.8,0,0,0
12.97,256,0.24,0.28,0.27,11.2,11.1,11.6,13.25,-2.7,0.19,0.21,211.2,6.3,196,1,1,713,705,708,2,704,13.0,75.7,524,29.0,31.1,0.0,3.1,2067.6,0,16.83,15.5,55.6,52.8,54.8,54.6,54.8,53.1,51.3,45.1,56.9,56.7,28,40,26.9,31.6,39,42,25,0,0,0,6,6,4,0,30,30,30,40,40,37,40,40,39,44.99,42.31,45.06,46,480,4.8,0,0,0
13.1,184,0.24,0.28,0.27,11.3,11.1,11.7,13.35,-12.2,0.14,0.2,211.2,7.2,198,1,1,705,704,707,0,712,13.1,75.4,520,29.9,31.0,0.0,3.1,2067.6,0,16.83,15.5,55.6,52.8,54.8,54.6,54.8,53.0,51.2,45.2,56.9,56.9,28,40,26.9,31.6,39,42,25,0,0,0,6,6,4,0,30,30,30,40,40,37,40,40,39,44.99,42.32,45.06,46,470,4.8,0,0,0
12.96,24,0.24,0.28,0.27,11.3,11.3,11.6,13.19,-8.9,0.17,0.18,211.5,5.4,197,1,1,696,705,689,0,688,12.9,74.9,514,30.7,32.6,0.0,3.1,2067.6,0,16.83,15.5,55.5,52.7,54.8,54.6,54.9,53.2,51.2,45.1,56.9,56.6,28,40,26.9,31.6,41,44,25,0,0,0,6,6,4,0,30,30,30,40,40,37,40,40,39,44.99,42.31,45.06,47,480,4.8,0,0,0
12.27,112,0.24,0.28,0.27,11.2,11.2,11.4,12.53,-7.5,0.03,0.18,211.1,4.5,200,1,1,628,706,586,0,583,12.3,68.3,462,30.9,32.3,0.0,3.1,2067.6,0,16.83,15.3,55.3,52.4,54.5,54.2,54.6,52.9,50.9,45.1,56.8,56.6,28,40,26.9,31.6,40,43,25,0,0,0,6,6,4,0,30,30,30,40,40,37,40,40,39,44.99,42.31,45.06,47,480,4.8,0,0,0
12.47,184,0.24,0.28,0.27,11.3,11.1,11.1,12.72,-17.4,0.11,0.18,211.6,7.1,202,1,1,653,706,628,0,631,12.6,69.9,481,31.1,32.7,0.0,3.1,2067.6,0,16.83,15.3,55.2,52.4,54.5,54.2,54.5,52.9,51.0,45.0,56.8,56.4,28,40,26.9,31.6,40,43,25,0,0,0,6,6,4,0,30,30,30,40,40,37,40,40,39,44.98,42.31,45.06,47,470,4.8,0,0,0
12.67,128,0.24,0.28,0.27,11.1,11.2,11.6,12.96,-1.0,0.16,0.18,211.2,5.6,198,1,1,676,705,656,-1,659,12.6,72.0,499,30.5,32.8,0.0,3.1,2067.6,0,16.83,15.5,55.7,52.8,54.9,54.6,54.9,53.0,51.5,45.3,56.9,57.0,28,40,26.8,31.6,40,43,25,0,0,0,6,6,4,0,30,30,30,40,39,37,40,40,39,44.99,42.31,45.06,47,480,4.8,0,0,0
12.8,160,0.24,0.28,0.27,11.4,11.3,11.5,13.07,1.0,0.05,0.18,211.8,6.2,196,1,1,684,706,674,1,676,12.8,75.9,506,30.0,33.0,0.0,3.1,2067.6,0,16.83,15.3,55.5,52.7,54.8,54.6,54.8,53.1,51.0,45.0,56.9,56.6,28,40,26.9,31.6,41,44,25,0,0,0,6,6,4,0,30,30,30,40,39,37,40,40,39,44.99,42.31,45.06,46,480,4.8,0,0,0
12.95,136,0.24,0.28,0.27,11.3,11.2,11.4,13.19,-13.3,0.14,0.15,211.5,6.9,198,1,1,705,706,705,1,703,13.1,77.6,520,32.5,34.0,0.0,3.2,2067.6,0,16.83,15.4,55.5,52.7,54.8,54.6,54.9,53.1,51.2,45.1,56.9,56.6,28,40,26.9,31.6,43,46,25,0,0,0,6,6,4,0,30,30,30,40,40,37,40,40,39,44.99,42.31,45.06,47,470,4.8,0,0,0
12.6,200,0.24,0.28,0.27,11.2,11.2,11.8,12.9,-7.7,0.14,0.18,211.2,6.4,197,1,1,671,706,654,0,651,12.7,74.1,497,30.2,31.8,0.0,3.1,2067.6,0,16.83,15.3,55.4,52.6,54.7,54.3,54.5,52.9,50.9,45.1,56.8,56.7,28,40,26.9,31.6,40,43,25,0,0,0,6,6,4,0,30,30,30,40,40,37,40,40,39,44.99,42.31,45.06,47,470,4.8,0,0,0
13.24,184,0.24,0.28,0.27,11.3,10.9,11.5,13.62,-12.4,0.14,0.18,211.6,6.9,201,1,1,739,704,756,0,758,13.2,81.9,548,30.3,31.9,0.0,3.1,2067.6,0,16.83,15.5,55.5,52.7,54.8,54.6,54.8,52.9,51.3,45.1,56.9,56.8,28,40,26.9,31.6,41,44,25,0,0,0,6,6,4,0,30,30,30,40,40,37,40,40,39,44.99,42.31,45.06,47,470,4.8,0,0,0
13.07,112,0.24,0.28,0.27,11.3,11.1,11.4,13.3,-5.4,0.14,0.17,211.3,6.3,194,1,1,713,705,714,2,718,13.0,77.0,525,29.0,31.5,0.0,3.0,2067.6,0,16.83,15.5,55.6,52.7,54.8,54.6,54.9,53.3,51.3,45.1,57.0,56.6,28,40,26.9,31.6,40,42,25,0,0,0,6,6,4,0,30,30,30,40,40,37,40,40,39,44.98,42.31,45.06,47,470,4.8,0,0,0
12.34,160,0.24,0.28,0.27,11.3,10.8,11.1,12.58,-4.8,0.19,0.18,211.3,4.8,192,1,1,641,705,603,2,606,12.4,70.9,471,32.8,34.1,0.1,3.2,2067.6,0,16.83,15.6,55.8,52.9,55.0,54.7,55.1,53.3,51.6,45.5,57.0,56.8,28,40,26.7,31.6,42,44,25,0,0,0,6,6,4,0,30,30,30,40,39,37,40,40,39,44.99,42.31,45.06,47,480,4.7,0,0,0
13.21,56,0.24,0.28,0.27,11.3,11.4,11.6,13.5,-3.9,0.07,0.17,211.3,5.8,194,1,1,727,705,735,0,741,13.1,77.8,537,29.0,32.0,0.0,3.1,2067.6,0,16.83,15.5,55.7,52.7,54.8,54.6,54.9,53.3,51.4,45.1,56.9,56.6,28,40,26.8,31.6,39,42,25,0,0,0,6,6,4,0,30,30,30,40,40,37,40,40,39,44.99,42.31,45.06,47,470,4.8,0,0,0
12.61,272,0.24,0.28,0.27,11.2,11.1,11.4,12.9,-13.2,0.12,0.16,211.3,6.4,201,1,1,666,706,640,0,642,12.7,72.5,488,29.9,31.8,0.0,3.1,2067.6,0,16.83,15.3,55.3,52.5,54.6,54.3,54.5,52.7,50.9,45.1,56.8,56.8,28,40,26.9,31.6,40,42,25,0,0,0,6,6,4,0,30,30,30,40,40,37,40,40,39,44.99,42.31,45.06,47,470,4.8,0,0,0
12.52,128,0.24,0.28,0.27,11.2,11.1,11.6,12.79,-3.9,0.13,0.17,211.5,6.6,198,1,1,659,704,643,0,645,12.5,71.8,491,30.2,32.6,0.0,3.1,2067.6,0,16.83,15.5,55.7,52.8,54.8,54.6,54.9,53.1,51.5,45.2,56.9,56.9,28,40,26.8,31.6,40,43,25,0,0,0,6,6,4,0,30,30,30,40,40,37,40,40,39,44.99,42.31,45.06,47,470,4.8,0,0,0
13.41,336,0.24,0.28,0.27,11.4,11.5,12.0,13.61,-10.2,0.15,0.25,211.3,6.0,200,1,1,745,705,766,2,774,13.2,82.3,553,31.8,34.5,0.0,3.1,2067.6,0,16.83,15.3,55.5,52.7,54.8,54.5,54.8,52.9,51.0,45.2,56.9,56.5,28,40,26.9,31.6,43,46,25,0,0,0,6,6,4,0,30,30,30,40,40,37,40,40,39,44.99,42.31,45.07,47,470,4.8,0,0,0
12.41,240,0.24,0.28,0.27,11.2,11.1,11.4,12.65,-6.5,0.18,0.16,211.1,7.3,198,1,1,651,706,621,0,618,12.4,70.8,480,31.6,33.1,0.0,3.1,2067.6,0,16.83,15.3,55.2,52.4,54.5,54.1,54.4,52.8,50.8,45.0,56.8,56.5,28,40,26.9,31.6,41,43,25,0,0,0,6,6,4,0,30,30,30,40,39,37,40,40,39,44.99,42.31,45.06,46,480,4.8,0,0,0
12.98,56,0.24,0.28,0.27,11.3,11.2,11.6,13.2,-3.0,0.07,0.17,211.2,5.7,194,1,1,704,705,697,0,695,12.9,77.1,515,29.3,32.3,0.0,3.0,2067.6,0,16.83,15.5,55.7,52.7,54.8,54.6,54.9,53.4,51.4,45.1,56.9,56.7,28,40,26.8,31.6,39,42,25,0,0,0,6,6,4,0,30,30,30,40,40,37,40,40,39,44.99,42.31,45.06,47,480,4.7,0,0,0
12.9,248,0.24,0.28,0.27,11.4,11.0,10.9,13.19,-12.9,0.1,0.16,211.5,7.1,198,1,1,701,706,697,1,701,12.9,77.7,517,30.0,32.1,0.0,3.1,2067.6,0,16.83,15.3,55.5,52.7,54.8,54.5,54.7,53.0,51.0,45.1,56.9,56.4,28,40,26.9,31.6,40,43,25,0,0,0,6,6,4,0,30,30,30,40,39,37,40,40,39,44.99,42.32,45.06,47,480,4.8,0,0,0
12.85,56,0.24,0.28,0.27,11.2,11.2,11.7,13.16,-14.1,0.14,0.19,211.6,5.4,201,1,1,695,706,690,0,695,12.8,76.0,517,30.5,32.1,0.0,3.1,2067.6,0,16.83,15.3,55.3,52.5,54.6,54.2,54.6,52.7,51.0,45.0,56.8,56.8,28,40,26.9,31.6,40,43,25,0,0,0,6,6,4,0,30,30,30,40,40,37,40,40,39,44.98,42.31,45.06,47,480,4.8,0,0,0
12.19,288,0.24,0.28,0.27,11.1,11.2,11.5,12.38,-4.8,0.07,0.18,211.3,4.7,195,1,1,630,705,585,0,589,12.1,67.4,461,31.5,34.3,0.0,3.1,2067.6,0,16.83,15.5,55.8,52.8,55.0,54.7,54.9,53.3,51.5,45.3,57.0,56.5,28,40,26.8,31.6,41,43,25,0,0,0,6,6,4,0,30,30,30,40,40,37,40,40,39,44.98,42.31,45.06,47,470,4.8,0,0,0
13.01,320,0.24,0.28,0.27,11.2,11.2,11.9,13.3,-6.5,0.13,0.21,211.0,6.0,197,1,1,702,706,704,0,707,12.9,77.9,522,29.6,32.6,0.0,3.1,2067.6,0,16.83,15.3,55.5,52.7,54.8,54.5,54.8,53.0,51.0,45.1,56.9,56.4,28,40,26.9,31.6,40,43,25,0,0,0,6,6,4,0,30,30,30,40,40,37,40,40,39,44.99,42.32,45.06,47,470,4.8,0,0,0
13.62,280,0.24,0.28,0.27,11.6,11.2,11.1,13.9,-1.1,0.13,0.18,211.2,8.0,194,1,1,786,706,822,0,819,13.7,84.0,577,32.6,33.5,0.0,3.1,2067.6,0,16.83,15.4,55.5,52.7,54.8,54.6,54.9,53.0,51.1,45.1,56.9,56.6,29,40,26.9,31.6,42,45,25,0,0,0,6,6,4,0,30,30,30,40,40,37,40,40,39,44.99,42.32,45.06,47,470,4.8,0,0,0
12.14,0,0.24,0.28,0.27,11.2,11.0,11.2,12.33,-5.6,0.13,0.22,211.2,5.6,195,1,1,624,705,575,-1,578,12.2,66.6,454,30.8,34.3,0.0,3.1,2067.6,0,16.83,15.5,55.7,52.9,55.0,54.7,54.9,53.3,51.5,45.3,57.0,56.5,28,40,26.8,31.6,41,43,25,0,0,0,6,6,4,0,30,30,30,40,40,37,40,40,39,44.99,42.31,45.07,46,470,4.8,0,0,0
12.42,184,0.24,0.28,0.27,11.2,11.0,11.1,12.64,1.3,0.15,0.18,211.2,5.4,198,1,1,650,706,614,0,620,12.4,71.4,475,31.3,33.0,0.0,3.1,2067.6,0,16.83,15.3,55.2,52.4,54.5,54.1,54.4,52.7,50.9,45.0,56.8,56.4,28,40,26.9,31.6,40,43,25,0,0,0,6,6,4,0,30,30,30,40,40,37,40,40,39,44.99,42.31,45.06,47,480,4.8,0,0,0
12.84,200,0.24,0.28,0.27,11.2,11.3,11.6,13.1,-0.7,0.1,0.2,211.5,5.9,194,1,1,683,704,677,0,679,12.8,73.3,507,29.4,32.1,0.0,3.1,2067.6,0,16.83,15.5,55.7,52.8,54.8,54.6,54.9,53.3,51.4,45.2,56.9,56.8,28,40,26.8,31.6,39,42,25,0,0,0,6,6,4,0,30,30,30,40,40,37,40,40,39,44.99,42.31,45.06,47,470,4.8,0,0,0
12.58,56,0.24,0.28,0.27,11.3,11.2,11.6,12.74,-25.5,0.15,0.2,211.3,7.1,201,1,1,652,705,631,1,633,12.5,70.9,486,30.2,31.6,0.0,3.1,2067.6,0,16.83,15.3,55.4,52.6,54.7,54.3,54.6,52.6,50.9,45.1,56.8,56.8,28,40,26.9,31.6,40,42,25,0,0,0,6,6,4,0,30,30,30,40,39,37,40,40,39,44.98,42.32,45.07,47,480,4.8,0,0,0
13.13,216,0.24,0.28,0.27,11.4,10.9,11.0,13.39,-6.8,0.21,0.18,211.3,6.0,202,1,1,730,706,740,1,746,13.2,78.9,538,28.2,31.4,0.0,3.1,2067.6,0,16.83,15.3,55.4,52.6,54.6,54.5,54.8,53.0,51.0,45.0,56.8,56.7,28,40,26.9,31.6,39,42,25,0,0,0,6,6,4,0,30,30,30,40,40,37,40,40,39,44.99,42.32,45.06,47,480,4.8,0,0,0
13.36,8,0.24,0.28,0.27,11.4,11.2,12.0,13.67,-17.9,0.09,0.23,211.6,6.5,198,1,1,745,704,763,0,764,13.2,80.1,550,31.4,32.7,0.0,3.1,2067.6,0,16.83,15.5,55.5,52.7,54.8,54.6,54.8,53.2,51.1,45.1,56.9,56.8,28,40,26.9,31.6,41,44,25,0,0,0,6,6,4,0,30,30,30,40,40,37,40,40,39,44.99,42.32,45.06,47,480,4.8,0,0,0
12.39,256,0.24,0.28,0.27,11.2,11.0,11.4,12.7,4.4,0.13,0.18,211.2,4.7,198,1,1,649,706,620,0,621,12.5,71.6,479,31.5,33.1,0.0,3.1,2067.6,0,16.83,15.3,55.2,52.4,54.5,54.2,54.5,52.7,51.0,45.0,56.8,56.5,28,40,26.9,31.6,40,43,25,0,0,0,6,6,4,0,30,30,30,40,40,37,40,40,39,44.99,42.31,45.06,47,470,4.8,0,0,0
12.39,248,0.24,0.28,0.27,11.2,11.1,11.5,12.68,-5.0,0.06,0.18,211.3,5.9,190,1,1,644,704,614,1,616,12.4,71.5,477,32.8,33.8,0.0,3.2,2067.6,0,16.83,15.6,55.8,52.9,55.1,54.8,55.1,53.2,51.7,45.6,57.0,56.6,28,40,26.7,31.6,41,44,25,0,0,0,6,6,4,0,30,30,30,40,40,37,40,40,39,44.99,42.31,45.06,46,470,4.8,0,0,0
13.23,120,0.24,0.28,0.27,11.4,10.9,11.1,13.46,-6.3,0.08,0.23,211.1,6.3,199,1,1,733,705,749,1,752,13.2,81.5,543,33.4,34.7,0.0,3.2,2067.6,0,16.83,15.4,55.5,52.7,54.8,54.6,54.8,53.0,51.1,45.1,56.9,56.7,28,40,26.9,31.6,43,46,25,0,0,0,6,6,4,0,30,30,30,40,40,37,40,40,39,44.99,42.31,45.06,47,470,4.8,0,0,0
12.2,56,0.24,0.28,0.27,11.1,10.9,11.3,12.48,-5.8,0.19,0.23,211.3,5.2,195,1,1,629,704,589,1,591,12.2,69.5,463,30.8,34.1,0.0,3.1,2067.6,0,16.83,15.5,55.7,52.9,55.0,54.7,55.0,53.2,51.5,45.3,57.0,56.6,28,40,26.8,31.6,40,43,25,0,0,0,6,6,4,0,30,30,30,40,40,37,40,40,39,44.99,42.31,45.06,47,480,4.8,0,0,0
