轮毂转速,轮毂角度,叶片1角度,叶片2角度,叶片3角度,变桨电机1电流,变桨电机2电流,变桨电机3电流,超速传感器转速检测值,5秒偏航对风平均值,x方向振动值,y方向振动值,液压制动压力,机舱气象站风速,风向绝对值,大气压力,无功功率控制状态,变频器电网侧电流,变频器电网侧电压,变频器电网侧有功功率,变频器电网侧无功功率,变频器发电机侧功率,发电机运行频率,发电机电流,发电机转矩,变频器入口温度,变频器出口温度,变频器入口压力,变频器出口压力,发电机功率限幅值,无功功率设定值,额定的轮毂转速,测风塔环境温度,发电机定子温度1,发电机定子温度2,发电机定子温度3,发电机定子温度4,发电机定子温度5,发电机定子温度6,发电机空气温度1,发电机空气温度2,主轴承温度1,主轴承温度2,轮毂温度,轮毂控制柜温度,机舱温度,机舱控制柜温度,变频器INU温度,变频器ISU温度,变频器INU RMIO温度,变桨电机1功率估算,变桨电机2功率估算,变桨电机3功率估算,风机当前状态值,轮毂当前状态值,偏航状态值,偏航要求值,叶片1电池箱温度,叶片2电池箱温度,叶片3电池箱温度,叶片1变桨电机温度,叶片2变桨电机温度,叶片3变桨电机温度,叶片1变频器箱温度,叶片2变频器箱温度,叶片3变频器箱温度,叶片1超级电容电压,叶片2超级电容电压,叶片3超级电容电压,驱动1晶闸管温度,驱动2晶闸管温度,驱动3晶闸管温度,驱动1输出扭矩,驱动2输出扭矩,驱动3输出扭矩
16.33,56.0,0.25,0.25,0.29,15.1,13.1,12.8,16.45,-3.7,-0.06,0.08,208.9,10.5,255.0,1.0,3.0,1621.0,695.0,1892.0,-1.0,1893.0,16.2,164.6,1110.0,33.2,34.8,0.0,3.0,2067.6,0.0,16.83,14.7,59.8,60.4,56.8,58.7,57.8,55.5,56.1,58.5,54.4,53.0,27.0,36.0,24.2,27.3,54.0,51.0,25.0,0.0,0.0,0.0,6.0,6.0,4.0,0.0,28.0,28.0,29.0,37.0,39.0,38.0,36.0,36.0,34.0,44.92,44.81,44.76,49.0,480.0,5.1,0.0,0.0,0.0
16.25,136.0,0.24,0.24,0.29,12.1,16.0,12.2,16.22,7.0,0.09,0.0,208.4,10.4,251.0,1.0,3.0,1547.0,696.0,1797.0,2.0,1791.0,16.0,159.4,1069.0,34.0,36.8,0.0,3.0,2067.6,0.0,16.83,14.7,58.4,59.0,55.5,57.2,56.4,54.2,54.6,56.8,54.2,52.9,27.0,36.0,24.1,27.3,58.0,54.0,25.0,0.0,0.0,0.0,6.0,6.0,4.0,0.0,28.0,28.0,29.0,37.0,39.0,38.0,36.0,36.0,34.0,44.92,44.81,44.75,49.0,480.0,5.1,0.0,0.0,0.0
16.21,280.0,0.24,0.24,0.29,13.1,15.4,12.5,15.79,1.7,-0.03,0.0,208.8,9.0,251.0,1.0,3.0,1557.0,696.0,1806.0,2.0,1816.0,16.1,162.5,1073.0,33.7,36.2,0.0,3.0,2067.6,0.0,16.83,14.7,58.5,59.0,55.6,57.4,56.6,54.3,54.7,56.9,54.2,52.9,27.0,36.0,24.1,27.3,57.0,53.0,25.0,0.0,0.0,0.0,6.0,6.0,4.0,0.0,28.0,28.0,29.0,37.0,39.0,37.0,36.0,36.0,34.0,44.92,44.81,44.76,50.0,480.0,5.0,0.0,0.0,0.0
16.25,296.0,0.25,0.25,0.29,15.1,13.5,12.3,16.03,-1.0,0.08,-0.07,208.5,10.1,253.0,1.0,3.0,1616.0,696.0,1880.0,1.0,1904.0,16.3,167.8,1110.0,35.0,36.4,0.0,3.1,2067.6,0.0,16.83,14.9,58.1,58.6,55.1,56.9,56.1,53.9,54.3,56.5,54.2,52.8,27.0,36.0,24.1,27.3,57.0,54.0,25.0,0.0,0.0,0.0,6.0,6.0,4.0,0.0,28.0,28.0,29.0,37.0,39.0,38.0,36.0,36.0,34.0,44.92,44.8,44.76,49.0,480.0,5.0,0.0,0.0,0.0
16.41,320.0,0.33,0.34,0.38,17.9,15.9,14.8,16.95,-2.5,0.03,0.08,208.6,10.3,254.0,1.0,3.0,1650.0,696.0,1920.0,2.0,1935.0,16.4,166.2,1124.0,31.8,34.5,0.0,3.0,2067.6,0.0,16.83,14.7,59.3,59.9,56.5,58.2,57.4,55.3,55.5,57.8,54.3,52.9,26.0,36.0,24.1,27.3,54.0,51.0,25.0,0.0,0.0,0.0,6.0,6.0,4.0,0.0,28.0,28.0,29.0,37.0,39.0,38.0,36.0,36.0,34.0,44.92,44.8,44.76,49.0,480.0,5.1,0.0,0.0,0.0
16.08,144.0,0.25,0.25,0.29,14.8,14.2,11.8,15.92,-3.5,0.21,-0.1,209.0,10.6,255.0,1.0,3.0,1534.0,696.0,1780.0,2.0,1816.0,16.2,156.1,1062.0,33.0,34.5,0.0,3.0,2067.6,0.0,16.83,14.7,59.8,60.4,56.8,58.7,57.8,55.6,56.1,58.4,54.4,53.0,27.0,36.0,24.1,27.3,54.0,51.0,25.0,0.0,0.0,0.0,6.0,6.0,4.0,0.0,28.0,28.0,29.0,37.0,39.0,38.0,36.0,36.0,34.0,44.92,44.81,44.76,50.0,480.0,5.1,0.0,0.0,0.0
16.57,352.0,0.25,0.25,0.29,12.6,12.7,15.5,16.32,-1.3,-0.02,0.09,208.7,8.8,256.0,1.0,3.0,1624.0,697.0,1889.0,2.0,1907.0,16.3,168.8,1116.0,32.7,35.4,0.0,3.0,2067.6,0.0,16.83,14.7,61.0,61.6,58.1,59.9,59.0,56.8,57.0,59.5,54.5,53.2,28.0,36.0,24.3,27.5,57.0,54.0,25.0,0.0,0.0,0.0,6.0,6.0,4.0,0.0,28.0,28.0,29.0,37.0,39.0,38.0,36.0,36.0,34.0,44.92,44.8,44.76,50.0,480.0,5.1,0.0,0.0,0.0
16.65,320.0,0.25,0.25,0.29,13.0,13.4,15.5,16.31,0.4,0.04,0.02,208.3,9.8,255.0,1.0,3.0,1648.0,697.0,1919.0,1.0,1923.0,16.6,165.6,1122.0,31.1,33.6,0.0,3.0,2067.6,0.0,16.83,14.8,61.7,62.3,58.7,60.6,59.6,57.3,57.7,60.2,54.7,53.2,28.0,36.0,24.3,27.5,53.0,50.0,25.0,0.0,0.0,0.0,6.0,6.0,4.0,0.0,28.0,28.0,29.0,37.0,39.0,38.0,36.0,36.0,34.0,44.92,44.81,44.76,49.0,480.0,5.1,0.0,0.0,0.0
16.36,248.0,0.25,0.25,0.29,14.3,14.8,11.9,16.18,0.2,0.21,0.16,208.7,11.0,254.0,1.0,3.0,1627.0,696.0,1896.0,-2.0,1927.0,16.5,166.7,1111.0,31.5,34.4,0.0,3.0,2067.6,0.0,16.83,14.7,59.3,59.9,56.4,58.2,57.4,55.2,55.5,57.8,54.3,52.9,27.0,36.0,24.1,27.3,54.0,51.0,25.0,0.0,0.0,0.0,6.0,6.0,4.0,0.0,28.0,28.0,29.0,37.0,39.0,38.0,36.0,36.0,34.0,44.92,44.8,44.76,49.0,480.0,5.0,0.0,0.0,0.0
16.38,320.0,0.25,0.25,0.3,11.8,15.5,12.7,16.52,1.6,0.07,0.02,208.7,8.8,253.0,1.0,3.0,1557.0,695.0,1805.0,1.0,1806.0,16.2,155.4,1068.0,31.6,34.2,0.0,3.0,2067.6,0.0,16.83,14.7,59.4,60.0,56.6,58.3,57.5,55.5,55.7,58.0,54.3,53.0,28.0,36.0,24.1,27.3,54.0,51.0,25.0,0.0,0.0,0.0,6.0,6.0,4.0,0.0,28.0,28.0,29.0,37.0,39.0,38.0,36.0,36.0,34.0,44.92,44.81,44.76,50.0,480.0,5.1,0.0,0.0,0.0
15.98,80.0,0.25,0.25,0.29,14.3,12.0,14.6,15.85,3.5,0.03,-0.04,208.6,9.7,251.0,1.0,3.0,1546.0,696.0,1793.0,0.0,1814.0,16.0,158.9,1075.0,33.7,35.2,0.0,3.0,2067.6,0.0,16.83,14.8,57.9,58.3,55.0,56.7,55.8,53.7,54.1,56.3,54.2,52.7,28.0,36.0,24.1,27.3,56.0,52.0,25.0,0.0,0.0,0.0,6.0,6.0,4.0,0.0,28.0,28.0,29.0,37.0,39.0,38.0,36.0,36.0,34.0,44.92,44.81,44.76,49.0,480.0,5.1,0.0,0.0,0.0
16.54,280.0,0.79,0.79,0.84,18.7,15.6,13.1,16.89,-7.5,0.16,-0.04,208.8,10.7,257.0,1.0,3.0,1697.0,696.0,1981.0,0.0,1996.0,16.6,171.4,1147.0,32.3,35.1,0.0,3.0,2067.6,0.0,16.83,14.7,61.2,61.8,58.2,60.1,59.3,57.0,57.3,59.7,54.6,53.2,27.0,36.0,24.3,27.5,55.0,52.0,25.0,0.0,0.0,0.0,6.0,6.0,4.0,0.0,28.0,28.0,29.0,37.0,39.0,38.0,36.0,36.0,34.0,44.91,44.81,44.76,49.0,480.0,5.1,0.0,0.0,0.0
15.58,120.0,0.24,0.24,0.29,11.9,13.7,13.1,15.39,-2.4,0.06,-0.03,208.7,7.9,256.0,1.0,3.0,1314.0,695.0,1502.0,1.0,1510.0,15.4,131.2,944.0,31.2,34.2,0.0,3.0,2067.6,0.0,16.83,14.7,61.7,62.3,58.7,60.5,59.6,57.3,57.6,60.1,54.6,53.2,28.0,36.0,24.3,27.5,53.0,50.0,25.0,0.0,0.0,0.0,6.0,6.0,4.0,0.0,28.0,28.0,29.0,37.0,39.0,38.0,36.0,36.0,34.0,44.92,44.8,44.76,50.0,480.0,5.1,0.0,0.0,0.0
15.97,120.0,0.24,0.24,0.29,12.1,15.1,12.9,15.84,1.0,0.04,0.12,208.7,7.6,251.0,1.0,3.0,1466.0,696.0,1693.0,1.0,1706.0,15.7,149.3,1025.0,33.6,36.4,0.0,3.0,2067.6,0.0,16.83,14.8,58.5,59.0,55.7,57.4,56.6,54.3,54.8,56.9,54.2,52.9,28.0,36.0,24.1,27.3,57.0,53.0,25.0,0.0,0.0,0.0,6.0,6.0,4.0,0.0,28.0,28.0,29.0,37.0,39.0,38.0,36.0,36.0,34.0,44.92,44.81,44.75,49.0,480.0,5.0,0.0,0.0,0.0
16.36,224.0,0.25,0.25,0.29,13.2,15.5,12.1,16.44,-0.7,0.09,0.02,208.5,11.7,253.0,1.0,3.0,1631.0,696.0,1894.0,1.0,1894.0,16.3,164.8,1110.0,34.7,36.3,0.0,3.1,2067.6,0.0,16.83,14.8,58.1,58.5,55.1,56.9,56.1,53.9,54.3,56.4,54.2,52.8,28.0,36.0,24.1,27.3,57.0,54.0,25.0,0.0,0.0,0.0,6.0,6.0,4.0,0.0,28.0,28.0,29.0,37.0,39.0,38.0,36.0,36.0,34.0,44.91,44.81,44.76,50.0,480.0,5.0,0.0,0.0,0.0
16.34,152.0,0.25,0.25,0.29,13.9,12.1,14.8,16.5,-2.1,0.07,0.15,208.5,9.2,252.0,1.0,3.0,1593.0,696.0,1844.0,2.0,1850.0,16.2,158.7,1094.0,34.3,35.6,0.0,3.1,2067.6,0.0,16.83,14.8,58.0,58.4,55.0,56.8,56.0,53.8,54.2,56.4,54.2,52.8,28.0,36.0,24.1,27.3,57.0,53.0,25.0,0.0,0.0,0.0,6.0,6.0,4.0,0.0,28.0,28.0,29.0,37.0,39.0,38.0,36.0,36.0,34.0,44.92,44.81,44.76,49.0,480.0,5.1,0.0,0.0,0.0
16.05,296.0,0.24,0.24,0.29,12.0,14.0,13.7,16.02,-5.2,0.39,-0.04,208.7,11.6,253.0,1.0,3.0,1525.0,696.0,1764.0,2.0,1783.0,16.1,156.7,1061.0,35.5,37.2,0.0,3.1,2067.6,0.0,16.83,14.8,58.2,58.8,55.3,57.0,56.2,54.0,54.4,56.5,54.2,52.8,28.0,36.0,24.1,27.3,59.0,55.0,25.0,0.0,0.0,0.0,6.0,6.0,4.0,0.0,28.0,28.0,29.0,37.0,39.0,38.0,36.0,36.0,34.0,44.92,44.8,44.76,48.0,480.0,5.1,0.0,0.0,0.0
0.0,0.0,0.0,0.0,0.0,0.0,0.0,0.0,0.0,0.0,0.0,0.0,0.0,0.0,0.0,0.0,0.0,0.0,0.0,1986.0,3.0,0.0,0.0,0.0,0.0,0.0,0.0,0.0,0.0,0.0,0.0,0.0,0.0,0.0,0.0,0.0,0.0,0.0,0.0,0.0,0.0,0.0,0.0,0.0,0.0,0.0,0.0,0.0,0.0,0.0,0.0,0.0,0.0,0.0,0.0,0.0,0.0,0.0,0.0,0.0,0.0,0.0,0.0,0.0,0.0,0.0,0.0,0.0,0.0,0.0,0.0,0.0,0.0,0.0,0.0
16.51,352.0,0.24,0.25,0.29,12.5,15.7,12.2,16.21,2.8,0.12,0.02,208.5,10.7,252.0,1.0,3.0,1624.0,696.0,1894.0,0.0,1893.0,16.5,166.7,1106.0,34.1,37.2,0.0,3.0,2067.6,0.0,16.83,14.8,58.3,58.9,55.4,57.2,56.4,54.1,54.6,56.7,54.2,52.9,28.0,36.0,24.1,27.3,56.0,53.0,25.0,0.0,0.0,0.0,6.0,6.0,4.0,0.0,28.0,28.0,29.0,37.0,39.0,38.0,36.0,36.0,34.0,44.92,44.8,44.76,49.0,480.0,5.1,0.0,0.0,0.0
15.8,128.0,0.25,0.25,0.29,13.4,12.0,14.3,15.72,-2.1,0.09,0.09,208.9,8.8,255.0,1.0,3.0,1461.0,695.0,1682.0,0.0,1698.0,15.7,147.0,1026.0,32.7,34.0,0.0,3.0,2067.6,0.0,16.83,14.7,59.8,60.3,56.8,58.6,57.8,55.5,56.0,58.4,54.4,53.0,28.0,36.0,24.1,27.3,54.0,51.0,25.0,0.0,0.0,0.0,6.0,6.0,4.0,0.0,28.0,28.0,29.0,37.0,39.0,38.0,36.0,36.0,34.0,44.92,44.81,44.76,49.0,480.0,5.1,0.0,0.0,0.0
16.58,296.0,0.97,0.97,1.02,17.2,16.2,15.7,16.59,-4.9,0.03,-0.09,208.7,9.7,257.0,1.0,3.0,1718.0,696.0,2008.0,1.0,2019.0,16.6,178.9,1158.0,33.1,35.7,0.0,3.0,2067.6,0.0,16.83,14.7,60.8,61.5,58.0,59.7,58.9,56.7,56.9,59.4,54.5,53.1,27.0,36.0,24.3,27.5,56.0,53.0,25.0,0.0,0.0,0.0,6.0,6.0,4.0,0.0,28.0,28.0,29.0,37.0,39.0,38.0,36.0,36.0,34.0,44.91,44.8,44.76,50.0,480.0,5.1,0.0,0.0,0.0
16.25,184.0,0.23,0.23,0.28,14.8,12.9,13.2,16.24,-6.7,0.08,0.05,208.6,10.8,257.0,1.0,3.0,1590.0,696.0,1849.0,1.0,1851.0,16.3,162.3,1094.0,35.8,37.1,0.0,3.1,2067.6,0.0,16.83,14.7,60.3,60.8,57.3,59.1,58.3,56.0,56.4,58.8,54.5,53.1,27.0,36.0,24.3,27.3,57.0,54.0,25.0,0.0,0.0,0.0,6.0,6.0,4.0,0.0,28.0,28.0,29.0,37.0,39.0,38.0,36.0,36.0,34.0,44.91,44.8,44.76,50.0,480.0,5.0,0.0,0.0,0.0
16.36,272.0,0.25,0.25,0.29,11.8,14.6,13.2,16.16,-3.0,0.21,-0.03,208.7,12.0,255.0,1.0,3.0,1584.0,696.0,1839.0,3.0,1847.0,16.2,161.5,1088.0,33.9,35.0,0.0,3.0,2067.6,0.0,16.83,14.7,59.9,60.5,56.9,58.8,57.9,55.6,56.2,58.5,54.4,53.1,29.0,36.0,24.3,27.3,56.0,53.0,25.0,0.0,0.0,0.0,6.0,6.0,4.0,0.0,28.0,28.0,29.0,37.0,39.0,38.0,36.0,36.0,34.0,44.92,44.8,44.76,49.0,480.0,5.1,0.0,0.0,0.0
16.68,296.0,0.28,0.28,0.33,13.1,12.9,11.4,16.41,-6.2,0.03,0.12,208.9,11.1,258.0,1.0,3.0,1657.0,697.0,1931.0,2.0,1942.0,16.6,167.9,1131.0,33.1,36.1,0.0,3.0,2067.6,0.0,16.83,14.7,60.8,61.5,57.9,59.7,58.8,56.7,56.9,59.4,54.5,53.1,27.0,36.0,24.3,27.5,56.0,53.0,25.0,0.0,0.0,0.0,6.0,6.0,4.0,0.0,28.0,28.0,29.0,37.0,39.0,38.0,36.0,36.0,34.0,44.91,44.8,44.76,50.0,480.0,5.1,0.0,0.0,0.0
16.41,88.0,0.25,0.25,0.3,12.6,12.5,14.5,16.37,2.6,0.05,0.13,208.9,9.5,253.0,1.0,3.0,1599.0,696.0,1856.0,2.0,1876.0,16.2,161.2,1102.0,31.4,34.0,0.0,3.0,2067.6,0.0,16.83,14.7,59.3,59.9,56.5,58.3,57.5,55.3,55.6,57.9,54.3,53.0,28.0,36.0,24.1,27.3,55.0,51.0,25.0,0.0,0.0,0.0,6.0,6.0,4.0,0.0,28.0,28.0,29.0,37.0,39.0,38.0,36.0,36.0,34.0,44.91,44.81,44.76,49.0,480.0,5.0,0.0,0.0,0.0
16.58,336.0,0.53,0.53,0.57,14.3,18.6,13.6,16.61,-1.9,0.03,0.11,208.7,12.0,251.0,1.0,3.0,1687.0,696.0,1964.0,3.0,1977.0,16.6,171.2,1133.0,32.8,35.2,0.0,3.0,2067.6,0.0,16.83,14.7,58.7,59.2,55.8,57.6,56.8,54.6,55.0,57.2,54.3,52.9,27.0,35.0,24.1,27.3,57.0,54.0,25.0,0.0,0.0,0.0,6.0,6.0,4.0,0.0,28.0,28.0,29.0,37.0,39.0,38.0,35.0,35.0,34.0,44.92,44.8,44.76,50.0,480.0,5.1,0.0,0.0,0.0
16.33,104.0,0.24,0.24,0.29,15.2,18.1,13.9,16.52,-2.2,0.09,0.0,208.5,10.9,255.0,1.0,3.0,1628.0,696.0,1891.0,0.0,1880.0,16.3,169.9,1110.0,31.1,33.6,0.0,3.0,2067.6,0.0,16.83,14.8,61.7,62.3,58.7,60.6,59.6,57.3,57.7,60.3,54.7,53.2,28.0,36.0,24.3,27.5,53.0,50.0,25.0,0.0,0.0,0.0,6.0,6.0,4.0,0.0,28.0,28.0,29.0,37.0,39.0,38.0,36.0,36.0,34.0,44.92,44.81,44.76,50.0,480.0,5.1,0.0,0.0,0.0
16.39,56.0,0.25,0.25,0.29,12.0,15.3,12.4,16.28,-1.0,0.08,0.03,208.9,9.3,255.0,1.0,3.0,1581.0,695.0,1838.0,-1.0,1826.0,16.2,164.7,1088.0,33.6,35.0,0.0,3.0,2067.6,0.0,16.83,14.7,59.9,60.4,56.9,58.7,57.9,55.6,56.1,58.5,54.4,53.0,27.0,36.0,24.3,27.3,56.0,52.0,25.0,0.0,0.0,0.0,6.0,6.0,4.0,0.0,28.0,28.0,29.0,37.0,39.0,38.0,36.0,36.0,34.0,44.92,44.81,44.76,50.0,480.0,5.0,0.0,0.0,0.0
16.71,224.0,0.49,0.49,0.53,13.1,15.2,13.7,16.41,-2.9,0.19,0.01,208.8,11.7,253.0,1.0,3.0,1669.0,696.0,1946.0,0.0,1969.0,16.6,172.2,1131.0,35.2,36.5,0.0,3.1,2067.6,0.0,16.83,14.9,58.1,58.7,55.2,57.0,56.2,54.0,54.4,56.5,54.2,52.8,27.0,36.0,24.1,27.3,58.0,54.0,25.0,0.0,0.0,0.0,6.0,6.0,4.0,0.0,28.0,28.0,29.0,37.0,39.0,38.0,36.0,36.0,34.0,44.92,44.8,44.76,49.0,480.0,5.1,0.0,0.0,0.0
16.07,248.0,0.24,0.24,0.29,14.2,12.2,14.3,15.85,-6.8,0.11,0.24,208.7,9.5,258.0,1.0,3.0,1554.0,697.0,1804.0,0.0,1837.0,16.1,161.4,1081.0,32.4,33.8,0.0,3.0,2067.6,0.0,16.83,14.8,61.8,62.4,58.8,60.7,59.7,57.5,57.8,60.4,54.7,53.3,28.0,36.0,24.4,27.5,52.0,49.0,25.0,0.0,0.0,0.0,6.0,6.0,4.0,0.0,28.0,28.0,29.0,37.0,39.0,38.0,36.0,36.0,34.0,44.92,44.8,44.76,49.0,480.0,5.1,0.0,0.0,0.0
16.68,152.0,0.44,0.44,0.48,13.8,17.3,13.8,16.36,-8.2,-0.01,0.05,208.5,11.2,256.0,1.0,3.0,1659.0,697.0,1937.0,0.0,1988.0,16.7,171.7,1125.0,33.3,36.0,0.0,3.0,2067.6,0.0,16.83,14.7,60.6,61.3,57.7,59.5,58.7,56.5,56.8,59.1,54.6,53.1,28.0,36.0,24.3,27.5,57.0,54.0,25.0,0.0,0.0,0.0,6.0,6.0,4.0,0.0,28.0,28.0,29.0,37.0,39.0,38.0,36.0,36.0,34.0,44.92,44.81,44.76,49.0,480.0,5.1,0.0,0.0,0.0
16.08,176.0,0.25,0.25,0.29,14.6,13.1,12.6,15.92,-3.7,-0.01,0.05,208.7,11.0,254.0,1.0,3.0,1534.0,696.0,1772.0,1.0,1748.0,16.0,153.5,1061.0,32.1,34.8,0.0,3.0,2067.6,0.0,16.83,14.7,59.2,59.8,56.4,58.1,57.3,55.1,55.4,57.7,54.3,52.9,27.0,36.0,24.1,27.3,54.0,51.0,25.0,0.0,0.0,0.0,6.0,6.0,4.0,0.0,28.0,28.0,29.0,37.0,39.0,38.0,36.0,36.0,34.0,44.91,44.8,44.76,49.0,480.0,5.1,0.0,0.0,0.0
16.45,328.0,0.23,0.23,0.28,12.9,13.6,14.0,16.37,0.6,0.14,0.05,208.7,10.5,256.0,1.0,3.0,1595.0,696.0,1859.0,2.0,1855.0,16.1,165.0,1101.0,35.2,37.2,0.0,3.1,2067.6,0.0,16.83,14.7,60.3,60.9,57.3,59.2,58.3,56.0,56.5,58.8,54.5,53.1,28.0,36.0,24.3,27.3,57.0,54.0,25.0,0.0,0.0,0.0,6.0,6.0,4.0,0.0,28.0,28.0,29.0,37.0,39.0,38.0,36.0,36.0,34.0,44.92,44.8,44.75,50.0,480.0,5.0,0.0,0.0,0.0
15.97,120.0,0.24,0.24,0.29,12.5,12.5,14.5,15.92,2.2,0.0,0.0,208.5,10.3,250.0,1.0,3.0,1462.0,696.0,1686.0,2.0,1712.0,15.9,147.2,1028.0,33.4,36.2,0.0,3.0,2067.6,0.0,16.83,14.8,58.5,59.0,55.7,57.4,56.6,54.3,54.8,57.0,54.3,52.8,28.0,36.0,24.1,27.3,57.0,53.0,25.0,0.0,0.0,0.0,6.0,6.0,4.0,0.0,28.0,28.0,29.0,37.0,39.0,38.0,36.0,36.0,34.0,44.92,44.81,44.76,50.0,480.0,5.0,0.0,0.0,0.0
16.53,136.0,0.87,0.87,0.92,18.4,14.9,15.7,16.54,-0.3,0.0,0.0,208.5,11.0,252.0,1.0,3.0,1697.0,696.0,1987.0,0.0,1986.0,16.6,176.4,1152.0,34.3,37.1,0.0,3.0,2067.6,0.0,16.83,14.8,58.4,59.0,55.5,57.2,56.4,54.1,54.6,56.7,54.2,52.9,27.0,35.0,24.1,27.3,57.0,53.0,25.0,0.0,0.0,0.0,6.0,6.0,4.0,0.0,28.0,28.0,29.0,37.0,39.0,38.0,35.0,35.0,34.0,44.92,44.81,44.76,49.0,480.0,5.0,0.0,0.0,0.0
16.66,280.0,0.36,0.36,0.4,13.9,18.6,14.2,16.57,-5.5,-0.03,-0.04,208.6,10.8,257.0,1.0,3.0,1654.0,697.0,1931.0,-1.0,1930.0,16.6,172.4,1122.0,32.1,34.7,0.0,3.0,2067.6,0.0,16.83,14.7,61.3,61.9,58.2,60.1,59.3,57.1,57.3,59.7,54.6,53.2,28.0,35.0,24.3,27.5,56.0,52.0,25.0,0.0,0.0,0.0,6.0,6.0,4.0,0.0,28.0,28.0,29.0,37.0,39.0,38.0,35.0,35.0,34.0,44.92,44.8,44.75,50.0,480.0,5.1,0.0,0.0,0.0
16.22,288.0,0.25,0.25,0.29,14.7,14.6,12.1,16.01,-8.5,0.09,0.0,208.7,8.8,255.0,1.0,3.0,1567.0,696.0,1819.0,-2.0,1822.0,16.1,160.3,1081.0,31.0,33.8,0.0,3.0,2067.6,0.0,16.83,14.7,59.7,60.2,56.7,58.4,57.7,55.5,55.8,58.1,54.4,53.0,28.0,36.0,24.1,27.3,53.0,50.0,25.0,0.0,0.0,0.0,6.0,6.0,4.0,0.0,28.0,28.0,29.0,37.0,39.0,38.0,36.0,36.0,34.0,44.92,44.81,44.76,49.0,480.0,5.1,0.0,0.0,0.0
15.83,248.0,0.25,0.25,0.29,14.3,14.9,11.8,15.9,1.9,0.02,-0.01,208.6,9.9,254.0,1.0,3.0,1449.0,695.0,1670.0,1.0,1668.0,15.7,148.0,1016.0,32.1,34.9,0.0,3.0,2067.6,0.0,16.83,14.7,59.2,59.8,56.3,58.1,57.3,55.1,55.3,57.6,54.3,52.9,28.0,36.0,24.1,27.3,56.0,53.0,25.0,0.0,0.0,0.0,6.0,6.0,4.0,0.0,28.0,28.0,29.0,37.0,39.0,38.0,36.0,36.0,34.0,44.92,44.81,44.76,49.0,480.0,5.0,0.0,0.0,0.0
16.58,344.0,0.25,0.25,0.29,12.2,13.2,14.6,16.29,-9.2,0.0,0.12,208.9,12.2,256.0,1.0,3.0,1618.0,696.0,1879.0,0.0,1871.0,16.2,164.5,1108.0,33.7,34.9,0.0,3.0,2067.6,0.0,16.83,14.7,59.9,60.4,56.9,58.7,57.8,55.6,56.1,58.5,54.4,53.0,28.0,36.0,24.3,27.3,55.0,52.0,25.0,0.0,0.0,0.0,6.0,6.0,4.0,0.0,28.0,28.0,29.0,37.0,39.0,38.0,36.0,36.0,34.0,44.92,44.81,44.76,50.0,480.0,5.0,0.0,0.0,0.0
17.0,320.0,1.87,1.87,1.92,18.7,12.8,16.3,16.95,-6.4,-0.01,-0.02,208.6,10.6,255.0,1.0,3.0,1748.0,696.0,2046.0,1.0,2053.0,16.9,181.5,1161.0,32.1,35.1,0.0,3.0,2067.6,0.0,16.83,14.7,59.0,59.7,56.2,57.9,57.1,54.9,55.2,57.5,54.3,52.9,28.0,35.0,24.1,27.3,56.0,53.0,25.0,0.0,0.0,0.0,6.0,6.0,4.0,0.0,28.0,28.0,29.0,37.0,39.0,38.0,35.0,35.0,34.0,44.91,44.81,44.76,49.0,480.0,5.0,0.0,0.0,0.0
16.68,336.0,0.65,0.65,0.69,11.1,11.0,11.8,16.4,-5.2,0.06,0.12,208.5,11.4,252.0,1.0,3.0,1680.0,696.0,1953.0,2.0,1935.0,16.4,172.2,1142.0,32.9,35.6,0.0,3.0,2067.6,0.0,16.83,14.7,58.7,59.3,55.8,57.6,56.8,54.6,55.0,57.3,54.3,52.9,28.0,35.0,24.1,27.3,57.0,54.0,25.0,0.0,0.0,0.0,6.0,6.0,4.0,0.0,28.0,28.0,29.0,37.0,39.0,38.0,35.0,35.0,34.0,44.92,44.81,44.76,50.0,480.0,5.1,0.0,0.0,0.0
15.99,120.0,0.24,0.24,0.28,12.3,13.9,13.1,16.05,-4.8,0.02,0.01,209.4,11.0,254.0,1.0,3.0,1486.0,696.0,1719.0,1.0,1728.0,15.8,154.9,1046.0,32.5,35.4,0.0,3.0,2067.6,0.0,16.83,14.7,58.9,59.5,56.1,57.8,57.0,54.8,55.1,57.4,54.3,52.9,28.0,36.0,24.1,27.3,58.0,54.0,25.0,0.0,0.0,0.0,6.0,6.0,4.0,0.0,28.0,28.0,29.0,37.0,39.0,38.0,36.0,36.0,34.0,44.92,44.81,44.76,50.0,480.0,5.1,0.0,0.0,0.0
16.47,280.0,0.24,0.24,0.29,12.0,14.1,13.6,16.44,0.3,0.01,0.04,208.7,10.4,253.0,1.0,3.0,1594.0,696.0,1849.0,2.0,1836.0,16.2,160.6,1095.0,34.5,37.6,0.0,3.0,2067.6,0.0,16.83,14.8,58.3,58.9,55.4,57.2,56.4,54.1,54.6,56.6,54.2,52.8,27.0,36.0,24.1,27.3,56.0,53.0,25.0,0.0,0.0,0.0,6.0,6.0,4.0,0.0,28.0,28.0,29.0,37.0,39.0,38.0,36.0,36.0,34.0,44.92,44.8,44.76,49.0,480.0,5.1,0.0,0.0,0.0
16.39,40.0,0.23,0.23,0.28,12.4,15.6,12.4,16.29,-2.3,0.22,0.0,208.7,8.7,256.0,1.0,3.0,1575.0,696.0,1829.0,0.0,1838.0,16.2,162.5,1086.0,35.6,37.6,0.0,3.1,2067.6,0.0,16.83,14.7,60.3,60.9,57.4,59.2,58.3,56.1,56.5,58.8,54.5,53.1,28.0,36.0,24.3,27.3,58.0,55.0,25.0,0.0,0.0,0.0,6.0,6.0,4.0,0.0,28.0,28.0,29.0,37.0,39.0,38.0,36.0,36.0,34.0,44.92,44.81,44.76,50.0,480.0,5.0,0.0,0.0,0.0
16.5,8.0,0.25,0.25,0.29,11.8,14.4,13.9,16.18,1.7,0.07,0.03,208.4,7.8,252.0,1.0,3.0,1609.0,696.0,1876.0,2.0,1888.0,16.3,166.0,1108.0,35.1,36.3,0.0,3.1,2067.6,0.0,16.83,14.8,58.1,58.5,55.1,56.9,56.1,53.9,54.3,56.5,54.2,52.8,28.0,36.0,24.1,27.3,57.0,54.0,25.0,0.0,0.0,0.0,6.0,6.0,4.0,0.0,28.0,28.0,29.0,37.0,39.0,38.0,36.0,36.0,34.0,44.92,44.8,44.76,50.0,480.0,5.0,0.0,0.0,0.0
16.41,80.0,0.25,0.25,0.29,13.1,12.2,15.3,16.49,0.2,0.14,-0.05,208.5,9.9,253.0,1.0,3.0,1578.0,696.0,1834.0,2.0,1862.0,16.3,161.0,1091.0,35.2,36.7,0.0,3.1,2067.6,0.0,16.83,14.9,58.1,58.6,55.2,56.9,56.2,54.0,54.3,56.5,54.2,52.8,28.0,36.0,24.1,27.3,58.0,54.0,25.0,0.0,0.0,0.0,6.0,6.0,4.0,0.0,28.0,28.0,29.0,37.0,39.0,38.0,36.0,36.0,34.0,44.92,44.8,44.76,48.0,480.0,5.0,0.0,0.0,0.0
16.43,152.0,0.36,0.36,0.41,16.0,17.7,14.6,16.6,-5.4,0.18,0.15,208.6,11.1,257.0,1.0,3.0,1665.0,697.0,1942.0,2.0,1939.0,16.3,172.1,1124.0,33.0,35.9,0.0,3.0,2067.6,0.0,16.83,14.7,60.9,61.6,58.0,59.8,59.0,56.7,57.0,59.5,54.5,53.2,28.0,35.0,24.3,27.5,57.0,53.0,25.0,0.0,0.0,0.0,6.0,6.0,4.0,0.0,28.0,28.0,29.0,37.0,39.0,38.0,35.0,35.0,34.0,44.92,44.8,44.76,50.0,480.0,5.1,0.0,0.0,0.0
16.53,224.0,0.55,0.55,0.6,18.3,15.7,15.6,16.57,-4.2,-0.05,0.14,208.7,12.5,257.0,1.0,3.0,1667.0,696.0,1946.0,3.0,1956.0,16.6,173.0,1133.0,33.0,35.5,0.0,3.0,2067.6,0.0,16.83,14.7,60.9,61.6,58.0,59.8,59.0,56.8,57.0,59.5,54.5,53.2,28.0,35.0,24.3,27.5,57.0,53.0,25.0,0.0,0.0,0.0,6.0,6.0,4.0,0.0,28.0,28.0,29.0,37.0,39.0,38.0,35.0,35.0,34.0,44.91,44.8,44.76,50.0,480.0,5.1,0.0,0.0,0.0
16.12,232.0,0.25,0.25,0.3,11.8,13.3,14.3,16.16,0.1,0.04,0.05,208.6,7.8,253.0,1.0,3.0,1509.0,695.0,1739.0,3.0,1751.0,15.9,150.9,1052.0,31.2,33.9,0.0,3.0,2067.6,0.0,16.83,14.7,59.4,60.0,56.6,58.3,57.5,55.4,55.7,57.9,54.3,53.0,28.0,36.0,24.1,27.3,54.0,51.0,25.0,0.0,0.0,0.0,6.0,6.0,4.0,0.0,28.0,28.0,29.0,37.0,39.0,38.0,36.0,36.0,34.0,44.92,44.81,44.76,50.0,480.0,5.1,0.0,0.0,0.0
16.67,152.0,1.08,1.07,1.11,12.0,11.1,11.7,16.7,-4.4,0.09,-0.04,209.1,9.6,257.0,1.0,3.0,1731.0,696.0,2019.0,3.0,2031.0,16.6,174.2,1168.0,33.0,35.9,0.0,3.0,2067.6,0.0,16.83,14.7,60.8,61.5,58.0,59.7,58.9,56.7,56.9,59.4,54.5,53.1,28.0,36.0,24.3,27.5,56.0,53.0,25.0,0.0,0.0,0.0,6.0,6.0,4.0,0.0,28.0,28.0,29.0,37.0,39.0,38.0,36.0,36.0,34.0,44.91,44.8,44.76,50.0,480.0,5.1,0.0,0.0,0.0
16.5,32.0,0.48,0.49,0.53,17.3,16.8,15.6,16.36,-2.0,0.18,-0.15,208.9,10.6,256.0,1.0,3.0,1665.0,697.0,1941.0,1.0,1929.0,16.3,171.0,1131.0,30.8,33.4,0.0,3.0,2067.6,0.0,16.83,14.7,61.7,62.3,58.7,60.6,59.6,57.3,57.7,60.2,54.7,53.2,24.0,36.0,24.3,27.5,51.0,49.0,25.0,0.0,0.0,0.0,6.0,6.0,4.0,0.0,28.0,28.0,29.0,37.0,39.0,38.0,36.0,36.0,34.0,44.92,44.81,44.76,49.0,480.0,5.1,0.0,0.0,0.0
16.18,152.0,0.25,0.25,0.29,13.0,15.5,12.0,16.44,-3.6,0.08,0.01,208.5,11.4,256.0,1.0,3.0,1552.0,696.0,1800.0,2.0,1834.0,16.2,157.9,1070.0,32.7,35.4,0.0,3.0,2067.6,0.0,16.83,14.7,61.0,61.6,58.1,59.9,59.1,56.8,57.1,59.5,54.6,53.2,28.0,36.0,24.3,27.5,57.0,53.0,25.0,0.0,0.0,0.0,6.0,6.0,4.0,0.0,28.0,28.0,29.0,37.0,39.0,38.0,36.0,36.0,34.0,44.92,44.8,44.76,50.0,480.0,5.1,0.0,0.0,0.0
16.12,152.0,0.25,0.25,0.29,14.6,12.8,13.6,16.27,-7.1,0.14,0.06,208.9,10.3,257.0,1.0,3.0,1566.0,696.0,1826.0,0.0,1827.0,16.0,160.1,1087.0,32.7,35.3,0.0,3.0,2067.6,0.0,16.83,14.7,61.1,61.7,58.2,60.0,59.2,57.0,57.2,59.6,54.6,53.2,28.0,36.0,24.3,27.5,56.0,53.0,25.0,0.0,0.0,0.0,6.0,6.0,4.0,0.0,28.0,28.0,29.0,37.0,39.0,38.0,36.0,36.0,34.0,44.92,44.81,44.76,49.0,480.0,5.0,0.0,0.0,0.0
16.28,96.0,0.25,0.25,0.29,14.4,14.4,12.0,16.28,1.2,0.26,-0.1,208.7,10.5,255.0,1.0,3.0,1602.0,696.0,1865.0,0.0,1847.0,16.1,162.3,1098.0,33.9,36.6,0.0,3.0,2067.6,0.0,16.83,14.7,60.6,61.2,57.7,59.4,58.6,56.4,56.7,59.1,54.5,53.1,28.0,36.0,24.3,27.5,58.0,55.0,25.0,0.0,0.0,0.0,6.0,6.0,4.0,0.0,28.0,28.0,29.0,37.0,39.0,38.0,36.0,36.0,34.0,44.92,44.8,44.75,50.0,480.0,5.1,0.0,0.0,0.0
16.3,296.0,0.25,0.25,0.29,15.0,12.9,12.7,16.56,-3.0,0.09,0.0,208.3,9.8,253.0,1.0,3.0,1593.0,696.0,1852.0,2.0,1864.0,16.3,161.4,1096.0,34.4,36.0,0.0,3.1,2067.6,0.0,16.83,14.8,58.0,58.4,55.0,56.8,56.0,53.8,54.2,56.4,54.2,52.8,28.0,36.0,24.1,27.3,57.0,53.0,25.0,0.0,0.0,0.0,6.0,6.0,4.0,0.0,28.0,28.0,29.0,37.0,39.0,38.0,36.0,36.0,34.0,44.92,44.81,44.76,49.0,480.0,5.0,0.0,0.0,0.0
16.3,256.0,0.23,0.23,0.28,12.0,15.0,12.9,16.21,-2.4,0.09,0.01,208.7,8.6,256.0,1.0,3.0,1538.0,696.0,1783.0,0.0,1800.0,16.1,159.8,1066.0,34.9,37.5,0.0,3.1,2067.6,0.0,16.83,14.7,60.3,60.9,57.4,59.2,58.4,56.1,56.5,58.8,54.5,53.1,28.0,36.0,24.3,27.3,58.0,55.0,25.0,0.0,0.0,0.0,6.0,6.0,4.0,0.0,28.0,28.0,29.0,37.0,39.0,38.0,36.0,36.0,34.0,44.92,44.8,44.76,49.0,480.0,5.1,0.0,0.0,0.0
16.49,8.0,0.64,0.64,0.69,17.1,16.3,15.1,16.62,-6.8,0.03,0.09,208.8,10.1,255.0,1.0,3.0,1686.0,696.0,1966.0,0.0,1980.0,16.6,173.9,1142.0,33.8,36.6,0.0,3.0,2067.6,0.0,16.83,14.7,60.6,61.3,57.7,59.5,58.7,56.5,56.8,59.1,54.5,53.1,29.0,36.0,24.3,27.5,57.0,54.0,25.0,0.0,0.0,0.0,6.0,6.0,4.0,0.0,28.0,28.0,29.0,37.0,39.0,38.0,36.0,36.0,34.0,44.91,44.81,44.76,49.0,480.0,5.1,0.0,0.0,0.0
16.54,24.0,0.23,0.23,0.28,12.2,15.7,12.9,16.5,-4.4,0.04,-0.09,208.5,11.6,255.0,1.0,3.0,1623.0,697.0,1882.0,1.0,1888.0,16.3,163.8,1105.0,34.2,37.2,0.0,3.0,2067.6,0.0,16.83,14.7,60.4,61.0,57.4,59.2,58.5,56.2,56.6,58.9,54.5,53.1,28.0,36.0,24.3,27.4,57.0,54.0,25.0,0.0,0.0,0.0,6.0,6.0,4.0,0.0,28.0,28.0,29.0,37.0,39.0,38.0,36.0,36.0,34.0,44.92,44.81,44.76,50.0,480.0,5.0,0.0,0.0,0.0
16.68,168.0,1.09,1.09,1.14,13.4,11.9,12.0,16.83,-0.8,0.12,0.04,208.6,11.2,255.0,1.0,3.0,1735.0,696.0,2024.0,1.0,2053.0,16.7,176.7,1166.0,34.2,36.8,0.0,3.0,2067.6,0.0,16.83,14.7,60.5,61.1,57.5,59.3,58.5,56.2,56.7,59.0,54.5,53.1,28.0,35.0,24.3,27.5,58.0,55.0,25.0,0.0,0.0,0.0,6.0,6.0,4.0,0.0,28.0,28.0,29.0,37.0,39.0,38.0,35.0,35.0,34.0,44.92,44.8,44.75,50.0,480.0,5.1,0.0,0.0,0.0
15.91,232.0,0.25,0.25,0.29,13.8,12.9,12.7,15.79,-3.7,-0.17,0.07,208.9,10.0,253.0,1.0,3.0,1485.0,696.0,1719.0,0.0,1715.0,16.0,151.3,1038.0,30.8,33.8,0.0,3.0,2067.6,0.0,16.83,14.7,59.6,60.2,56.7,58.4,57.7,55.5,55.8,58.0,54.4,53.0,28.0,36.0,24.1,27.3,54.0,51.0,25.0,0.0,0.0,0.0,6.0,6.0,4.0,0.0,28.0,28.0,29.0,37.0,39.0,38.0,36.0,36.0,34.0,44.92,44.8,44.76,49.0,480.0,5.0,0.0,0.0,0.0
16.07,112.0,2.09,2.09,2.13,14.8,16.3,16.7,16.11,-5.2,0.01,-0.05,208.8,9.2,256.0,1.0,3.0,1592.0,696.0,1850.0,0.0,1859.0,15.9,168.3,1115.0,35.2,36.7,0.0,3.1,2067.6,0.0,16.83,14.7,60.2,60.7,57.1,59.0,58.1,55.8,56.3,58.7,54.5,53.1,27.0,36.0,24.3,27.3,60.0,56.0,25.0,0.0,0.0,0.0,6.0,6.0,4.0,0.0,28.0,28.0,29.0,37.0,39.0,38.0,36.0,36.0,34.0,44.91,44.8,44.76,50.0,480.0,5.1,0.0,0.0,0.0
15.94,160.0,0.25,0.25,0.3,13.8,12.0,14.4,15.74,-1.5,0.06,0.06,208.7,8.3,253.0,1.0,3.0,1534.0,696.0,1778.0,1.0,1789.0,16.0,158.4,1072.0,31.2,34.0,0.0,3.0,2067.6,0.0,16.83,14.7,59.4,60.0,56.6,58.3,57.5,55.4,55.6,57.9,54.3,53.0,27.0,36.0,24.1,27.3,55.0,51.0,25.0,0.0,0.0,0.0,6.0,6.0,4.0,0.0,28.0,28.0,29.0,37.0,39.0,38.0,36.0,36.0,34.0,44.92,44.8,44.76,50.0,480.0,5.1,0.0,0.0,0.0
16.4,96.0,0.23,0.23,0.28,13.9,12.5,13.6,16.16,0.4,0.08,0.12,208.5,11.0,255.0,1.0,3.0,1634.0,696.0,1903.0,1.0,1904.0,16.3,164.8,1119.0,34.3,37.3,0.0,3.0,2067.6,0.0,16.83,14.7,60.4,61.0,57.4,59.2,58.4,56.2,56.6,58.9,54.5,53.1,28.0,36.0,24.3,27.4,57.0,54.0,25.0,0.0,0.0,0.0,6.0,6.0,4.0,0.0,28.0,28.0,29.0,37.0,39.0,38.0,36.0,36.0,34.0,44.92,44.81,44.76,49.0,480.0,5.1,0.0,0.0,0.0
16.4,136.0,0.24,0.24,0.29,12.9,12.6,14.8,16.23,4.4,0.07,0.0,208.9,10.5,250.0,1.0,3.0,1594.0,696.0,1851.0,3.0,1865.0,16.2,159.3,1100.0,33.9,36.4,0.0,3.0,2067.6,0.0,16.83,14.7,58.4,59.0,55.5,57.3,56.5,54.2,54.7,56.8,54.2,52.9,28.0,36.0,24.1,27.3,58.0,54.0,25.0,0.0,0.0,0.0,6.0,6.0,4.0,0.0,28.0,28.0,29.0,37.0,39.0,38.0,36.0,36.0,34.0,44.92,44.8,44.76,50.0,480.0,5.0,0.0,0.0,0.0
16.81,176.0,0.91,0.91,0.95,16.6,16.1,14.8,17.24,-4.0,0.08,0.08,208.5,10.8,253.0,1.0,3.0,1745.0,697.0,2035.0,1.0,2063.0,16.9,174.4,1159.0,33.0,35.4,0.0,3.0,2067.6,0.0,16.83,14.7,58.8,59.4,55.9,57.7,56.9,54.7,55.0,57.3,54.3,52.9,28.0,36.0,24.1,27.3,57.0,54.0,25.0,0.0,0.0,0.0,6.0,6.0,4.0,0.0,28.0,28.0,29.0,37.0,39.0,38.0,36.0,36.0,34.0,44.92,44.8,44.75,49.0,480.0,5.0,0.0,0.0,0.0
16.44,248.0,0.34,0.34,0.38,16.6,17.1,14.8,16.59,-0.5,0.12,0.17,208.5,9.9,255.0,1.0,3.0,1656.0,696.0,1927.0,2.0,1938.0,16.3,167.7,1123.0,31.1,33.7,0.0,3.0,2067.6,0.0,16.83,14.8,61.7,62.3,58.7,60.6,59.6,57.3,57.7,60.2,54.7,53.2,28.0,36.0,24.3,27.5,53.0,50.0,25.0,0.0,0.0,0.0,6.0,6.0,4.0,0.0,28.0,28.0,29.0,37.0,39.0,38.0,36.0,36.0,34.0,44.92,44.8,44.76,49.0,480.0,5.1,0.0,0.0,0.0
16.7,48.0,0.83,0.83,0.88,14.5,18.2,15.4,16.39,2.0,0.14,0.02,208.6,11.6,251.0,1.0,3.0,1707.0,696.0,1995.0,0.0,1998.0,16.7,175.4,1147.0,33.2,35.8,0.0,3.0,2067.6,0.0,16.83,14.8,58.6,59.2,55.8,57.5,56.7,54.6,54.9,57.2,54.3,52.9,28.0,36.0,24.1,27.3,57.0,53.0,25.0,0.0,0.0,0.0,6.0,6.0,4.0,0.0,28.0,28.0,29.0,37.0,39.0,38.0,36.0,36.0,34.0,44.92,44.81,44.76,49.0,480.0,5.1,0.0,0.0,0.0
15.58,0.0,0.25,0.25,0.29,13.1,14.5,12.0,15.29,-3.9,0.11,-0.02,208.9,9.1,255.0,1.0,3.0,1384.0,695.0,1594.0,0.0,1590.0,15.5,144.5,983.0,30.7,33.7,0.0,3.0,2067.6,0.0,16.83,14.7,59.7,60.3,56.7,58.5,57.7,55.5,55.8,58.1,54.4,53.0,28.0,36.0,24.1,27.3,53.0,50.0,25.0,0.0,0.0,0.0,6.0,6.0,4.0,0.0,28.0,28.0,29.0,37.0,39.0,38.0,36.0,36.0,34.0,44.92,44.81,44.76,50.0,480.0,5.0,0.0,0.0,0.0
16.18,64.0,0.24,0.24,0.29,13.9,12.4,13.6,16.36,7.1,0.11,0.08,208.7,9.4,251.0,1.0,3.0,1588.0,696.0,1847.0,1.0,1836.0,16.0,162.1,1094.0,33.9,36.7,0.0,3.0,2067.6,0.0,16.83,14.7,58.4,59.0,55.5,57.3,56.5,54.2,54.7,56.8,54.2,52.9,28.0,36.0,24.1,27.3,58.0,54.0,25.0,0.0,0.0,0.0,6.0,6.0,4.0,0.0,28.0,28.0,29.0,37.0,39.0,38.0,36.0,36.0,34.0,44.92,44.81,44.76,50.0,480.0,5.0,0.0,0.0,0.0
16.77,40.0,1.05,1.05,1.1,12.4,11.3,11.7,16.76,-6.2,0.24,-0.12,208.9,8.9,256.0,1.0,3.0,1727.0,697.0,2020.0,2.0,2027.0,16.7,178.0,1167.0,34.3,37.2,0.0,3.0,2067.6,0.0,16.83,14.7,60.4,61.0,57.5,59.2,58.5,56.2,56.6,58.9,54.5,53.1,28.0,35.0,24.3,27.4,57.0,54.0,25.0,0.0,0.0,0.0,6.0,6.0,4.0,0.0,28.0,28.0,29.0,37.0,39.0,38.0,35.0,35.0,34.0,44.92,44.8,44.76,49.0,480.0,5.0,0.0,0.0,0.0
16.99,112.0,4.4,4.4,4.44,15.7,16.2,15.1,17.04,0.2,-0.13,0.02,208.4,9.3,256.0,1.0,3.0,1741.0,696.0,2038.0,1.0,2040.0,16.9,176.9,1153.0,34.9,36.4,0.0,3.1,2067.6,0.0,16.83,14.7,60.1,60.6,57.1,58.9,58.1,55.7,56.3,58.7,54.5,53.1,27.0,36.0,24.3,27.3,58.0,55.0,25.0,0.0,0.0,0.0,6.0,6.0,4.0,0.0,28.0,28.0,29.0,37.0,39.0,38.0,36.0,36.0,34.0,44.92,44.8,44.76,49.0,480.0,5.1,0.0,0.0,0.0
16.44,136.0,0.25,0.25,0.3,13.5,12.3,14.8,16.33,-9.8,0.14,-0.08,208.7,10.1,258.0,1.0,3.0,1624.0,697.0,1894.0,2.0,1904.0,16.3,165.0,1120.0,31.8,34.5,0.0,3.0,2067.6,0.0,16.83,14.7,61.3,61.9,58.3,60.1,59.4,57.1,57.3,59.8,54.6,53.2,28.0,36.0,24.3,27.5,56.0,52.0,25.0,0.0,0.0,0.0,6.0,6.0,4.0,0.0,28.0,28.0,29.0,37.0,39.0,38.0,36.0,36.0,34.0,44.92,44.8,44.76,50.0,480.0,5.1,0.0,0.0,0.0
16.29,352.0,0.24,0.24,0.29,13.6,12.2,14.8,16.18,1.8,0.25,-0.02,208.8,7.5,251.0,1.0,3.0,1596.0,696.0,1855.0,2.0,1823.0,16.0,164.8,1105.0,33.7,36.2,0.0,3.0,2067.6,0.0,16.83,14.7,58.4,59.0,55.6,57.3,56.5,54.2,54.7,56.9,54.2,52.9,27.0,36.0,24.1,27.3,57.0,53.0,25.0,0.0,0.0,0.0,6.0,6.0,4.0,0.0,28.0,28.0,29.0,37.0,39.0,38.0,36.0,36.0,34.0,44.92,44.8,44.76,49.0,480.0,5.1,0.0,0.0,0.0
16.17,128.0,0.25,0.25,0.29,11.7,14.5,13.5,16.23,-4.2,-0.02,0.05,208.8,7.3,255.0,1.0,3.0,1514.0,695.0,1749.0,1.0,1754.0,15.9,153.8,1050.0,32.6,33.6,0.0,3.0,2067.6,0.0,16.83,14.7,59.8,60.3,56.8,58.6,57.8,55.5,56.0,58.4,54.4,53.0,27.0,36.0,24.1,27.3,54.0,51.0,25.0,0.0,0.0,0.0,6.0,6.0,4.0,0.0,28.0,28.0,29.0,37.0,39.0,38.0,36.0,36.0,34.0,44.92,44.8,44.76,50.0,480.0,5.0,0.0,0.0,0.0
16.38,96.0,0.5,0.5,0.55,18.2,16.9,15.6,16.35,-10.6,0.05,0.23,208.7,11.0,256.0,1.0,3.0,1659.0,696.0,1935.0,-1.0,1933.0,16.3,170.2,1129.0,33.6,36.4,0.0,3.0,2067.6,0.0,16.83,14.7,60.7,61.3,57.7,59.5,58.7,56.5,56.8,59.2,54.5,53.1,28.0,36.0,24.3,27.5,57.0,54.0,25.0,0.0,0.0,0.0,6.0,6.0,4.0,0.0,28.0,28.0,29.0,37.0,39.0,38.0,36.0,36.0,34.0,44.92,44.8,44.76,49.0,480.0,5.1,0.0,0.0,0.0
16.5,296.0,0.57,0.57,0.61,11.9,11.4,12.4,16.68,-0.5,0.09,0.09,208.9,9.8,256.0,1.0,3.0,1669.0,696.0,1951.0,0.0,1951.0,16.4,173.4,1139.0,32.8,35.4,0.0,3.0,2067.6,0.0,16.83,14.7,61.0,61.6,58.1,59.9,59.0,56.8,57.0,59.5,54.5,53.2,27.0,35.0,24.3,27.5,57.0,54.0,25.0,0.0,0.0,0.0,6.0,6.0,4.0,0.0,28.0,28.0,29.0,37.0,39.0,38.0,35.0,35.0,34.0,44.92,44.8,44.76,50.0,480.0,5.1,0.0,0.0,0.0
16.07,144.0,0.25,0.25,0.29,13.3,12.2,14.5,16.43,3.6,0.19,-0.02,209.0,9.6,254.0,1.0,3.0,1557.0,695.0,1803.0,0.0,1774.0,15.9,154.5,1078.0,31.6,33.5,0.0,3.0,2067.6,0.0,16.83,14.7,59.8,60.3,56.8,58.6,57.8,55.5,56.0,58.3,54.4,53.0,28.0,36.0,24.1,27.3,52.0,49.0,25.0,0.0,0.0,0.0,6.0,6.0,4.0,0.0,28.0,28.0,29.0,37.0,39.0,38.0,36.0,36.0,34.0,44.91,44.81,44.76,48.0,480.0,5.0,0.0,0.0,0.0
15.76,256.0,0.23,0.23,0.28,14.6,13.8,12.1,15.3,-7.2,0.06,0.0,208.7,8.6,257.0,1.0,3.0,1445.0,695.0,1667.0,2.0,1673.0,15.6,148.1,1017.0,35.5,36.9,0.0,3.1,2067.6,0.0,16.83,14.7,60.2,60.8,57.2,59.1,58.2,55.9,56.4,58.7,54.5,53.1,28.0,36.0,24.3,27.3,59.0,55.0,25.0,0.0,0.0,0.0,6.0,6.0,4.0,0.0,28.0,28.0,29.0,37.0,39.0,38.0,36.0,36.0,34.0,44.92,44.8,44.76,49.0,480.0,5.1,0.0,0.0,0.0
16.49,344.0,0.25,0.25,0.29,12.4,15.8,12.2,16.73,-6.6,-0.09,-0.05,208.6,12.5,256.0,1.0,3.0,1603.0,695.0,1869.0,0.0,1858.0,16.2,163.1,1097.0,34.0,35.4,0.0,3.1,2067.6,0.0,16.83,14.7,59.9,60.5,57.0,58.8,57.9,55.6,56.2,58.5,54.4,53.1,28.0,36.0,24.3,27.3,56.0,53.0,25.0,0.0,0.0,0.0,6.0,6.0,4.0,0.0,28.0,28.0,29.0,37.0,39.0,38.0,36.0,36.0,34.0,44.92,44.81,44.76,49.0,480.0,5.1,0.0,0.0,0.0
16.79,336.0,3.42,3.43,3.47,19.6,13.1,15.0,17.01,-13.7,-0.07,0.04,208.5,9.3,255.0,1.0,3.0,1736.0,697.0,2022.0,2.0,2042.0,16.7,177.9,1163.0,32.5,35.4,0.0,3.0,2067.6,0.0,16.83,14.7,58.9,59.4,56.0,57.7,57.0,54.8,55.1,57.3,54.3,52.9,26.0,35.0,24.1,27.3,57.0,53.0,25.0,0.0,0.0,0.0,6.0,6.0,4.0,0.0,28.0,28.0,29.0,37.0,39.0,38.0,35.0,35.0,34.0,44.91,44.8,44.75,49.0,480.0,5.1,0.0,0.0,0.0
16.32,296.0,0.33,0.34,0.38,16.1,17.9,14.3,16.49,-1.7,0.21,-0.01,208.8,10.3,253.0,1.0,3.0,1640.0,697.0,1911.0,0.0,1905.0,16.2,169.2,1118.0,35.5,37.1,0.0,3.1,2067.6,0.0,16.83,14.9,58.1,58.7,55.2,57.0,56.2,54.0,54.4,56.5,54.2,52.8,28.0,35.0,24.1,27.3,58.0,54.0,25.0,0.0,0.0,0.0,6.0,6.0,4.0,0.0,28.0,28.0,29.0,37.0,39.0,38.0,35.0,35.0,34.0,44.92,44.81,44.76,50.0,480.0,5.1,0.0,0.0,0.0
16.06,88.0,0.25,0.25,0.3,12.4,15.6,11.9,16.16,-3.8,0.14,-0.07,208.4,10.4,254.0,1.0,3.0,1491.0,695.0,1721.0,1.0,1735.0,15.9,151.3,1033.0,31.3,33.9,0.0,3.0,2067.6,0.0,16.83,14.7,59.4,60.0,56.6,58.3,57.5,55.4,55.6,57.9,54.3,53.0,27.0,36.0,24.1,27.3,55.0,51.0,25.0,0.0,0.0,0.0,6.0,6.0,4.0,0.0,28.0,28.0,29.0,37.0,39.0,38.0,36.0,36.0,34.0,44.92,44.81,44.76,50.0,480.0,5.0,0.0,0.0,0.0
15.78,120.0,0.24,0.25,0.29,14.1,12.0,14.1,15.6,-2.6,0.11,0.11,208.6,10.2,256.0,1.0,3.0,1476.0,696.0,1701.0,1.0,1694.0,15.7,147.7,1031.0,31.3,34.1,0.0,3.0,2067.6,0.0,16.83,14.7,61.6,62.2,58.6,60.4,59.5,57.3,57.5,60.0,54.6,53.3,28.0,36.0,24.3,27.5,54.0,51.0,25.0,0.0,0.0,0.0,6.0,6.0,4.0,0.0,28.0,28.0,29.0,37.0,39.0,38.0,36.0,36.0,34.0,44.92,44.81,44.76,50.0,480.0,5.1,0.0,0.0,0.0
16.4,136.0,0.24,0.25,0.29,15.5,13.7,12.5,16.29,0.5,0.06,-0.08,208.9,8.5,251.0,1.0,3.0,1605.0,696.0,1867.0,2.0,1888.0,16.3,162.9,1103.0,33.6,36.4,0.0,3.0,2067.6,0.0,16.83,14.8,58.6,59.1,55.7,57.5,56.7,54.4,54.9,57.0,54.3,52.8,27.0,36.0,24.1,27.3,55.0,52.0,25.0,0.0,0.0,0.0,6.0,6.0,4.0,0.0,28.0,28.0,29.0,37.0,39.0,38.0,36.0,36.0,34.0,44.92,44.81,44.76,49.0,480.0,5.1,0.0,0.0,0.0
16.67,208.0,0.63,0.63,0.68,14.1,18.3,15.3,16.55,-4.7,0.14,0.16,208.5,10.3,257.0,1.0,3.0,1687.0,697.0,1967.0,1.0,1990.0,16.6,177.3,1137.0,31.5,34.4,0.0,3.0,2067.6,0.0,16.83,14.7,61.4,62.0,58.4,60.2,59.4,57.2,57.4,59.9,54.6,53.2,27.0,36.0,24.3,27.5,55.0,52.0,25.0,0.0,0.0,0.0,6.0,6.0,4.0,0.0,28.0,28.0,29.0,37.0,39.0,38.0,36.0,36.0,34.0,44.92,44.8,44.76,50.0,480.0,5.1,0.0,0.0,0.0
16.29,296.0,0.25,0.25,0.29,11.6,15.4,13.1,16.1,-0.7,0.14,0.02,208.7,8.4,253.0,1.0,3.0,1550.0,695.0,1791.0,0.0,1818.0,16.3,155.6,1065.0,35.0,36.3,0.0,3.1,2067.6,0.0,16.83,14.9,58.1,58.6,55.1,56.9,56.2,54.0,54.3,56.5,54.2,52.8,28.0,36.0,24.1,27.3,58.0,54.0,25.0,0.0,0.0,0.0,6.0,6.0,4.0,0.0,28.0,28.0,29.0,37.0,39.0,38.0,36.0,36.0,34.0,44.92,44.81,44.76,49.0,480.0,5.1,0.0,0.0,0.0
16.59,280.0,0.25,0.25,0.3,11.7,15.3,12.5,16.48,-1.8,0.04,-0.1,208.7,8.8,256.0,1.0,3.0,1636.0,696.0,1903.0,2.0,1921.0,16.4,165.8,1112.0,31.9,34.7,0.0,3.0,2067.6,0.0,16.83,14.7,61.4,62.0,58.3,60.2,59.4,57.1,57.3,59.8,54.6,53.2,28.0,36.0,24.3,27.5,55.0,52.0,25.0,0.0,0.0,0.0,6.0,6.0,4.0,0.0,28.0,28.0,29.0,37.0,39.0,38.0,36.0,36.0,34.0,44.92,44.8,44.76,50.0,480.0,5.1,0.0,0.0,0.0
16.5,80.0,0.24,0.24,0.29,13.6,14.9,13.2,16.31,-1.3,0.24,0.04,208.5,8.9,253.0,1.0,3.0,1610.0,696.0,1868.0,1.0,1888.0,16.3,163.1,1098.0,35.2,37.1,0.0,3.1,2067.6,0.0,16.83,14.8,58.1,58.7,55.2,57.0,56.2,54.0,54.4,56.5,54.2,52.8,28.0,35.0,24.1,27.3,58.0,54.0,25.0,0.0,0.0,0.0,6.0,6.0,4.0,0.0,28.0,28.0,29.0,37.0,39.0,38.0,35.0,35.0,34.0,44.92,44.81,44.76,50.0,480.0,5.1,0.0,0.0,0.0
16.52,288.0,0.25,0.25,0.29,13.2,12.4,14.8,16.49,-3.7,-0.03,0.02,208.7,9.7,255.0,1.0,3.0,1611.0,696.0,1869.0,1.0,1888.0,16.2,162.4,1111.0,32.9,34.4,0.0,3.0,2067.6,0.0,16.83,14.7,59.8,60.4,56.8,58.7,57.8,55.5,56.1,58.5,54.4,53.0,28.0,36.0,24.2,27.3,54.0,51.0,25.0,0.0,0.0,0.0,6.0,6.0,4.0,0.0,28.0,28.0,29.0,37.0,39.0,38.0,36.0,36.0,34.0,44.92,44.81,44.76,50.0,480.0,5.1,0.0,0.0,0.0
15.86,16.0,0.25,0.25,0.29,13.1,14.8,12.0,16.12,-4.7,0.18,0.19,208.8,11.6,253.0,1.0,3.0,1475.0,696.0,1698.0,0.0,1725.0,16.0,149.5,1025.0,31.4,34.0,0.0,3.0,2067.6,0.0,16.83,14.7,59.6,60.2,56.7,58.4,57.7,55.5,55.8,58.0,54.4,53.0,28.0,36.0,24.1,27.3,54.0,51.0,25.0,0.0,0.0,0.0,6.0,6.0,4.0,0.0,28.0,28.0,29.0,37.0,39.0,38.0,36.0,36.0,34.0,44.92,44.8,44.76,50.0,480.0,5.1,0.0,0.0,0.0
16.69,32.0,0.89,0.88,0.92,12.2,11.1,11.2,16.87,-3.5,0.09,0.01,208.5,12.9,252.0,1.0,3.0,1716.0,696.0,2008.0,2.0,1988.0,16.5,171.2,1159.0,32.4,35.3,0.0,3.0,2067.6,0.0,16.83,14.7,58.8,59.3,55.9,57.7,56.9,54.7,55.0,57.3,54.3,52.9,28.0,36.0,24.1,27.3,57.0,54.0,25.0,0.0,0.0,0.0,6.0,6.0,4.0,0.0,28.0,28.0,29.0,37.0,39.0,38.0,36.0,36.0,34.0,44.92,44.8,44.75,49.0,480.0,5.0,0.0,0.0,0.0
16.68,24.0,0.87,0.87,0.91,15.9,18.2,14.8,16.77,-4.9,0.05,0.13,208.7,8.7,256.0,1.0,3.0,1723.0,696.0,2007.0,2.0,2039.0,16.7,175.7,1154.0,34.0,36.4,0.0,3.1,2067.6,0.0,16.83,14.7,60.4,61.0,57.5,59.2,58.5,56.3,56.6,59.0,54.5,53.1,28.0,35.0,24.3,27.5,57.0,54.0,25.0,0.0,0.0,0.0,6.0,6.0,4.0,0.0,28.0,28.0,29.0,37.0,39.0,38.0,35.0,35.0,34.0,44.92,44.81,44.76,49.0,480.0,5.1,0.0,0.0,0.0
16.19,168.0,0.23,0.23,0.28,14.7,13.4,12.7,16.22,-2.9,0.02,0.0,208.5,9.9,256.0,1.0,3.0,1564.0,696.0,1812.0,1.0,1832.0,16.0,158.4,1082.0,34.7,37.3,0.0,3.1,2067.6,0.0,16.83,14.7,60.3,60.9,57.4,59.2,58.4,56.1,56.5,58.8,54.5,53.1,27.0,36.0,24.3,27.3,58.0,55.0,25.0,0.0,0.0,0.0,6.0,6.0,4.0,0.0,28.0,28.0,29.0,37.0,39.0,38.0,36.0,36.0,34.0,44.92,44.8,44.76,50.0,480.0,5.1,0.0,0.0,0.0
16.15,216.0,0.25,0.25,0.29,14.7,12.3,13.7,15.95,-5.8,0.11,-0.12,208.9,9.0,255.0,1.0,3.0,1568.0,695.0,1822.0,0.0,1836.0,16.0,163.3,1088.0,32.0,33.4,0.0,3.0,2067.6,0.0,16.83,14.7,59.8,60.3,56.8,58.6,57.8,55.5,56.0,58.4,54.4,53.0,28.0,36.0,24.1,27.3,53.0,50.0,25.0,0.0,0.0,0.0,6.0,6.0,4.0,0.0,28.0,28.0,29.0,37.0,39.0,38.0,36.0,36.0,34.0,44.92,44.8,44.76,50.0,480.0,5.1,0.0,0.0,0.0
16.44,128.0,0.25,0.25,0.29,11.6,14.4,13.1,16.22,-4.1,-0.01,0.02,208.7,13.5,255.0,1.0,3.0,1586.0,696.0,1836.0,1.0,1851.0,16.2,159.1,1089.0,33.6,35.2,0.0,3.0,2067.6,0.0,16.83,14.7,59.9,60.4,56.8,58.7,57.8,55.6,56.1,58.5,54.4,53.0,27.0,36.0,24.3,27.3,55.0,52.0,25.0,0.0,0.0,0.0,6.0,6.0,4.0,0.0,28.0,28.0,29.0,37.0,39.0,38.0,36.0,36.0,34.0,44.92,44.81,44.76,50.0,480.0,5.0,0.0,0.0,0.0
15.98,88.0,0.25,0.25,0.29,12.9,15.0,12.1,15.81,-2.7,0.08,0.08,208.5,10.2,254.0,1.0,3.0,1440.0,696.0,1661.0,-1.0,1661.0,15.8,146.1,1006.0,31.0,33.7,0.0,3.0,2067.6,0.0,16.83,14.7,59.8,60.3,56.8,58.5,57.8,55.5,55.8,58.2,54.4,53.0,28.0,36.0,24.1,27.3,52.0,49.0,25.0,0.0,0.0,0.0,6.0,6.0,4.0,0.0,28.0,28.0,29.0,37.0,39.0,38.0,36.0,36.0,34.0,44.92,44.8,44.76,49.0,480.0,5.1,0.0,0.0,0.0
16.4,168.0,0.25,0.25,0.29,11.8,15.4,12.8,16.35,-3.5,0.09,0.04,208.5,9.3,252.0,1.0,3.0,1571.0,696.0,1822.0,0.0,1833.0,16.0,161.8,1083.0,34.4,35.3,0.0,3.1,2067.6,0.0,16.83,14.8,57.9,58.4,55.0,56.8,56.0,53.7,54.2,56.3,54.2,52.8,28.0,36.0,24.1,27.3,56.0,52.0,25.0,0.0,0.0,0.0,6.0,6.0,4.0,0.0,28.0,28.0,29.0,37.0,39.0,38.0,36.0,36.0,34.0,44.92,44.81,44.76,50.0,480.0,5.1,0.0,0.0,0.0
16.2,136.0,0.24,0.24,0.29,14.8,13.5,12.5,16.26,2.2,0.02,0.02,208.6,8.3,251.0,1.0,3.0,1582.0,696.0,1844.0,1.0,1832.0,16.0,160.9,1093.0,34.1,36.5,0.0,3.0,2067.6,0.0,16.83,14.7,58.5,59.0,55.6,57.3,56.5,54.2,54.7,56.9,54.2,52.9,28.0,36.0,24.1,27.3,57.0,53.0,25.0,0.0,0.0,0.0,6.0,6.0,4.0,0.0,28.0,28.0,29.0,37.0,39.0,38.0,36.0,36.0,34.0,44.92,44.8,44.76,49.0,480.0,5.1,0.0,0.0,0.0
16.36,64.0,0.24,0.24,0.29,12.3,14.9,13.2,16.34,-2.9,0.23,-0.1,208.7,10.1,256.0,1.0,3.0,1584.0,696.0,1842.0,1.0,1854.0,16.1,164.0,1092.0,31.9,34.4,0.0,3.0,2067.6,0.0,16.83,14.7,61.4,62.1,58.4,60.3,59.4,57.2,57.4,59.9,54.6,53.3,28.0,36.0,24.3,27.5,56.0,53.0,25.0,0.0,0.0,0.0,6.0,6.0,4.0,0.0,28.0,28.0,29.0,37.0,39.0,38.0,36.0,36.0,34.0,44.92,44.81,44.76,50.0,490.0,5.0,0.0,0.0,0.0
16.63,40.0,3.76,3.76,3.81,12.7,15.7,15.0,16.31,-1.5,-0.04,0.0,208.6,10.4,256.0,1.0,3.0,1729.0,696.0,2017.0,0.0,2058.0,16.6,177.4,1171.0,34.9,36.1,0.0,3.1,2067.6,0.0,16.83,14.7,60.1,60.7,57.1,59.0,58.1,55.8,56.3,58.7,54.5,53.1,28.0,36.0,24.3,27.3,60.0,55.0,25.0,0.0,0.0,0.0,6.0,6.0,4.0,0.0,28.0,28.0,29.0,37.0,39.0,38.0,36.0,36.0,34.0,44.91,44.8,44.76,50.0,480.0,5.1,0.0,0.0,0.0
16.11,320.0,0.25,0.25,0.29,12.8,15.2,12.4,16.14,-5.7,0.01,-0.05,208.5,12.0,255.0,1.0,3.0,1526.0,695.0,1766.0,1.0,1765.0,16.0,151.6,1055.0,31.6,34.7,0.0,3.0,2067.6,0.0,16.83,14.7,59.2,59.8,56.4,58.1,57.4,55.1,55.4,57.7,54.3,52.9,28.0,36.0,24.1,27.3,54.0,51.0,25.0,0.0,0.0,0.0,6.0,6.0,4.0,0.0,28.0,28.0,29.0,37.0,39.0,38.0,36.0,36.0,34.0,44.91,44.8,44.76,50.0,480.0,5.1,0.0,0.0,0.0
16.42,320.0,0.51,0.52,0.56,17.7,16.3,15.0,16.38,0.0,0.01,0.18,208.8,10.9,255.0,1.0,3.0,1665.0,696.0,1936.0,0.0,1970.0,16.4,168.7,1131.0,31.1,33.8,0.0,3.0,2067.6,0.0,16.83,14.8,61.7,62.3,58.7,60.6,59.6,57.3,57.7,60.3,54.7,53.2,28.0,36.0,24.3,27.5,53.0,50.0,25.0,0.0,0.0,0.0,6.0,6.0,4.0,0.0,28.0,28.0,29.0,37.0,39.0,38.0,36.0,36.0,34.0,44.92,44.81,44.76,50.0,480.0,5.0,0.0,0.0,0.0
16.19,32.0,0.25,0.25,0.29,14.7,13.4,12.1,16.38,-5.0,0.28,-0.08,209.2,9.1,255.0,1.0,3.0,1587.0,695.0,1841.0,2.0,1854.0,16.3,158.3,1089.0,31.9,34.5,0.0,3.0,2067.6,0.0,16.83,14.7,59.2,59.9,56.4,58.2,57.4,55.2,55.4,57.7,54.3,52.9,28.0,36.0,24.1,27.3,54.0,51.0,25.0,0.0,0.0,0.0,6.0,6.0,4.0,0.0,28.0,28.0,29.0,37.0,39.0,38.0,36.0,36.0,34.0,44.92,44.8,44.76,49.0,480.0,5.1,0.0,0.0,0.0
16.29,0.0,0.25,0.25,0.29,12.3,13.2,13.1,16.19,-8.0,0.14,0.09,208.7,11.2,254.0,1.0,3.0,1547.0,696.0,1793.0,0.0,1824.0,16.1,157.3,1076.0,30.7,33.5,0.0,3.0,2067.6,0.0,16.83,14.7,59.7,60.2,56.7,58.4,57.7,55.5,55.8,58.1,54.4,53.0,28.0,36.0,24.1,27.3,53.0,50.0,25.0,0.0,0.0,0.0,6.0,6.0,4.0,0.0,28.0,28.0,29.0,37.0,39.0,38.0,36.0,36.0,34.0,44.92,44.8,44.76,48.0,480.0,5.0,0.0,0.0,0.0
16.49,272.0,0.25,0.25,0.29,14.6,12.2,14.7,16.65,-7.5,0.05,0.0,208.5,10.8,256.0,1.0,3.0,1638.0,696.0,1910.0,2.0,1911.0,16.3,169.0,1123.0,34.5,35.4,0.0,3.1,2067.6,0.0,16.83,14.7,59.9,60.5,57.0,58.8,57.9,55.6,56.2,58.6,54.4,53.1,27.0,36.0,24.3,27.3,57.0,53.0,25.0,0.0,0.0,0.0,6.0,6.0,4.0,0.0,28.0,28.0,29.0,37.0,39.0,38.0,36.0,36.0,34.0,44.91,44.8,44.76,50.0,480.0,5.1,0.0,0.0,0.0
16.69,80.0,0.67,0.67,0.72,13.4,11.5,11.7,16.67,-4.9,-0.06,0.01,208.7,10.7,257.0,1.0,3.0,1693.0,697.0,1983.0,0.0,1988.0,16.6,174.7,1144.0,33.0,36.0,0.0,3.0,2067.6,0.0,16.83,14.7,60.8,61.5,57.9,59.7,58.9,56.7,56.9,59.4,54.5,53.1,28.0,36.0,24.3,27.5,56.0,53.0,25.0,0.0,0.0,0.0,6.0,6.0,4.0,0.0,28.0,28.0,29.0,37.0,39.0,38.0,36.0,36.0,34.0,44.91,44.8,44.76,50.0,480.0,5.1,0.0,0.0,0.0
16.31,40.0,0.23,0.23,0.28,12.9,13.1,14.6,16.16,-4.7,0.01,0.14,208.5,10.6,257.0,1.0,3.0,1565.0,696.0,1814.0,2.0,1826.0,16.2,154.2,1085.0,35.8,37.0,0.0,3.1,2067.6,0.0,16.83,14.7,60.2,60.8,57.3,59.1,58.2,56.0,56.4,58.7,54.5,53.1,27.0,36.0,24.3,27.3,57.0,55.0,25.0,0.0,0.0,0.0,6.0,6.0,4.0,0.0,28.0,28.0,29.0,37.0,39.0,38.0,36.0,36.0,34.0,44.91,44.81,44.76,49.0,480.0,5.1,0.0,0.0,0.0
16.34,208.0,0.24,0.24,0.29,14.6,12.4,14.5,16.21,2.6,0.14,0.04,208.5,8.6,252.0,1.0,3.0,1622.0,696.0,1890.0,0.0,1903.0,16.1,165.0,1116.0,33.7,36.7,0.0,3.0,2067.6,0.0,16.83,14.7,58.4,59.0,55.5,57.2,56.4,54.2,54.6,56.8,54.2,52.9,28.0,36.0,24.1,27.3,57.0,53.0,25.0,0.0,0.0,0.0,6.0,6.0,4.0,0.0,28.0,28.0,29.0,37.0,39.0,38.0,36.0,36.0,34.0,44.92,44.8,44.75,49.0,480.0,5.1,0.0,0.0,0.0
16.46,232.0,0.26,0.26,0.3,14.6,18.3,14.1,16.6,-2.5,-0.02,0.01,208.7,9.6,254.0,1.0,3.0,1627.0,696.0,1899.0,1.0,1898.0,16.3,170.8,1111.0,31.5,34.2,0.0,3.0,2067.6,0.0,16.83,14.7,59.5,60.1,56.7,58.3,57.6,55.5,55.7,58.0,54.4,53.0,27.0,36.0,24.1,27.3,54.0,50.0,25.0,0.0,0.0,0.0,6.0,6.0,4.0,0.0,28.0,28.0,29.0,37.0,39.0,38.0,36.0,36.0,34.0,44.92,44.8,44.76,50.0,480.0,5.1,0.0,0.0,0.0
15.79,328.0,0.23,0.23,0.28,12.3,13.2,13.4,15.6,-10.0,0.05,0.12,208.7,9.6,257.0,1.0,3.0,1470.0,695.0,1693.0,1.0,1696.0,15.6,149.7,1042.0,35.4,36.7,0.0,3.1,2067.6,0.0,16.83,14.7,60.2,60.7,57.2,59.1,58.1,55.9,56.4,58.7,54.5,53.1,28.0,36.0,24.3,27.3,60.0,56.0,25.0,0.0,0.0,0.0,6.0,6.0,4.0,0.0,28.0,28.0,29.0,37.0,39.0,38.0,36.0,36.0,34.0,44.92,44.8,44.76,50.0,490.0,5.1,0.0,0.0,0.0
16.59,296.0,0.67,0.68,0.72,11.7,11.6,11.7,16.69,2.2,0.06,0.07,208.6,10.3,252.0,1.0,3.0,1680.0,695.0,1968.0,-1.0,1981.0,16.6,171.8,1145.0,34.3,37.3,0.0,3.0,2067.6,0.0,16.83,14.8,58.3,58.9,55.4,57.2,56.4,54.1,54.6,56.7,54.2,52.9,27.0,36.0,24.1,27.3,57.0,53.0,25.0,0.0,0.0,0.0,6.0,6.0,4.0,0.0,28.0,28.0,29.0,37.0,39.0,38.0,36.0,36.0,34.0,44.92,44.8,44.75,49.0,480.0,5.1,0.0,0.0,0.0
16.4,80.0,0.25,0.25,0.29,11.8,14.2,13.1,16.39,-4.3,0.18,-0.03,208.7,8.1,256.0,1.0,3.0,1584.0,697.0,1842.0,1.0,1857.0,16.2,165.2,1090.0,32.8,35.6,0.0,3.0,2067.6,0.0,16.83,14.7,61.0,61.6,58.1,59.9,59.1,56.8,57.1,59.5,54.6,53.2,28.0,36.0,24.3,27.5,57.0,53.0,25.0,0.0,0.0,0.0,6.0,6.0,4.0,0.0,28.0,28.0,29.0,37.0,39.0,38.0,36.0,36.0,34.0,44.92,44.8,44.76,50.0,480.0,5.1,0.0,0.0,0.0
15.7,232.0,0.25,0.25,0.29,12.2,15.2,12.0,15.53,2.7,0.11,0.05,208.8,11.0,254.0,1.0,3.0,1386.0,695.0,1594.0,0.0,1599.0,15.7,141.6,977.0,30.6,33.5,0.0,3.0,2067.6,0.0,16.83,14.7,59.8,60.3,56.7,58.5,57.8,55.5,55.8,58.2,54.4,53.0,28.0,36.0,24.1,27.3,52.0,49.0,25.0,0.0,0.0,0.0,6.0,6.0,4.0,0.0,28.0,28.0,29.0,37.0,39.0,38.0,36.0,36.0,34.0,44.92,44.8,44.76,49.0,480.0,5.1,0.0,0.0,0.0
15.94,352.0,0.24,0.25,0.29,12.5,15.3,12.0,15.9,-4.2,0.08,-0.01,208.6,10.7,254.0,1.0,3.0,1452.0,696.0,1676.0,0.0,1692.0,15.8,149.2,1017.0,35.0,37.0,0.0,3.1,2067.6,0.0,16.83,14.8,58.2,58.8,55.3,57.1,56.3,54.0,54.5,56.5,54.2,52.8,28.0,36.0,24.1,27.3,59.0,55.0,25.0,0.0,0.0,0.0,6.0,6.0,4.0,0.0,28.0,28.0,29.0,37.0,39.0,38.0,36.0,36.0,34.0,44.92,44.8,44.76,49.0,480.0,5.1,0.0,0.0,0.0
16.52,208.0,0.25,0.25,0.29,15.3,14.1,12.2,16.49,-2.6,0.04,-0.09,208.8,9.7,256.0,1.0,3.0,1656.0,697.0,1930.0,0.0,1934.0,16.5,167.3,1125.0,32.1,35.2,0.0,3.0,2067.6,0.0,16.83,14.7,61.2,61.8,58.2,60.1,59.2,57.0,57.3,59.7,54.6,53.2,28.0,36.0,24.3,27.5,55.0,52.0,25.0,0.0,0.0,0.0,6.0,6.0,4.0,0.0,28.0,28.0,29.0,37.0,39.0,38.0,36.0,36.0,34.0,44.92,44.8,44.76,50.0,480.0,5.1,0.0,0.0,0.0
15.76,40.0,0.7,0.69,0.76,19.0,17.2,15.5,15.85,-7.9,0.24,-0.02,208.5,9.8,257.0,1.0,3.0,1582.0,696.0,1840.0,1.0,1851.0,15.7,167.9,1119.0,34.8,36.8,0.0,3.1,2067.6,0.0,16.83,14.7,60.2,60.7,57.2,59.0,58.1,55.8,56.3,58.7,54.5,53.1,28.0,36.0,24.3,27.3,60.0,56.0,25.0,0.0,0.0,0.0,6.0,6.0,4.0,0.0,28.0,28.0,29.0,37.0,39.0,38.0,36.0,36.0,34.0,44.92,44.8,44.76,50.0,480.0,5.1,0.0,0.0,0.0
16.38,56.0,0.25,0.25,0.29,13.4,12.1,15.0,16.28,-3.5,0.26,0.07,208.8,11.2,255.0,1.0,3.0,1623.0,696.0,1884.0,1.0,1888.0,16.2,163.1,1112.0,34.4,35.5,0.0,3.0,2067.6,0.0,16.83,14.7,59.9,60.5,56.9,58.8,57.9,55.6,56.2,58.5,54.4,53.1,27.0,36.0,24.3,27.3,56.0,53.0,25.0,0.0,0.0,0.0,6.0,6.0,4.0,0.0,28.0,28.0,29.0,37.0,39.0,38.0,36.0,36.0,34.0,44.92,44.8,44.76,49.0,480.0,5.0,0.0,0.0,0.0
15.81,104.0,0.24,0.24,0.29,13.9,12.0,13.7,15.76,-5.9,-0.04,0.14,208.5,8.8,257.0,1.0,3.0,1432.0,696.0,1655.0,0.0,1665.0,15.8,143.8,1011.0,31.8,33.4,0.0,3.0,2067.6,0.0,16.83,14.8,61.8,62.4,58.8,60.7,59.7,57.5,57.8,60.4,54.7,53.3,27.0,36.0,24.4,27.5,51.0,49.0,25.0,0.0,0.0,0.0,6.0,6.0,4.0,0.0,28.0,28.0,29.0,37.0,39.0,38.0,36.0,36.0,34.0,44.92,44.8,44.76,49.0,480.0,5.1,0.0,0.0,0.0
16.29,80.0,0.25,0.25,0.29,13.1,15.0,12.2,16.34,-6.4,0.14,-0.04,208.4,11.3,253.0,1.0,3.0,1587.0,696.0,1845.0,2.0,1846.0,16.4,163.6,1090.0,34.3,35.7,0.0,3.1,2067.6,0.0,16.83,14.8,58.0,58.4,55.0,56.8,56.0,53.8,54.2,56.4,54.2,52.8,27.0,36.0,24.1,27.3,57.0,53.0,25.0,0.0,0.0,0.0,6.0,6.0,4.0,0.0,28.0,28.0,29.0,37.0,39.0,38.0,36.0,36.0,34.0,44.91,44.81,44.76,50.0,480.0,5.0,0.0,0.0,0.0
16.24,336.0,0.24,0.24,0.29,13.1,12.3,14.6,15.95,-6.4,0.05,-0.09,208.7,10.8,256.0,1.0,3.0,1557.0,697.0,1811.0,1.0,1809.0,16.2,161.8,1087.0,30.9,33.5,0.0,3.0,2067.6,0.0,16.83,14.8,61.8,62.4,58.7,60.6,59.6,57.4,57.7,60.3,54.6,53.2,27.0,36.0,24.3,27.5,54.0,51.0,25.0,0.0,0.0,0.0,6.0,6.0,4.0,0.0,28.0,28.0,29.0,37.0,39.0,38.0,36.0,36.0,34.0,44.92,44.81,44.76,49.0,480.0,5.1,0.0,0.0,0.0
16.34,272.0,0.25,0.25,0.29,15.4,17.1,13.4,16.61,-5.9,0.06,0.12,208.7,10.2,256.0,1.0,3.0,1614.0,695.0,1874.0,-1.0,1890.0,16.3,164.5,1102.0,34.5,35.6,0.0,3.1,2067.6,0.0,16.83,14.7,60.0,60.5,57.0,58.9,57.9,55.6,56.2,58.6,54.4,53.1,28.0,36.0,24.3,27.3,57.0,53.0,25.0,0.0,0.0,0.0,6.0,6.0,4.0,0.0,28.0,28.0,29.0,37.0,39.0,38.0,36.0,36.0,34.0,44.93,44.81,44.76,50.0,480.0,5.1,0.0,0.0,0.0
16.4,240.0,0.25,0.25,0.29,13.5,12.2,14.8,16.51,0.8,0.02,0.0,208.9,8.9,251.0,1.0,3.0,1639.0,695.0,1912.0,0.0,1919.0,16.3,164.7,1124.0,33.3,35.2,0.0,3.0,2067.6,0.0,16.83,14.8,57.8,58.3,54.9,56.6,55.8,53.7,54.1,56.3,54.2,52.7,27.0,36.0,24.1,27.3,55.0,51.0,25.0,0.0,0.0,0.0,6.0,6.0,4.0,0.0,28.0,28.0,29.0,37.0,39.0,38.0,36.0,36.0,34.0,44.92,44.8,44.76,50.0,480.0,5.0,0.0,0.0,0.0
16.04,280.0,0.24,0.25,0.29,14.3,14.3,11.8,16.15,1.9,0.1,0.12,208.5,9.3,252.0,1.0,3.0,1512.0,696.0,1750.0,2.0,1761.0,16.0,154.9,1049.0,34.5,37.2,0.0,3.1,2067.6,0.0,16.83,14.8,58.3,58.9,55.4,57.1,56.3,54.1,54.5,56.6,54.2,52.8,28.0,36.0,24.1,27.3,58.0,54.0,25.0,0.0,0.0,0.0,6.0,6.0,4.0,0.0,28.0,28.0,29.0,37.0,39.0,38.0,36.0,36.0,34.0,44.92,44.81,44.76,50.0,480.0,5.0,0.0,0.0,0.0
16.17,64.0,0.24,0.24,0.29,12.3,13.2,13.7,16.04,1.4,0.11,0.12,208.4,7.8,251.0,1.0,3.0,1541.0,696.0,1786.0,3.0,1786.0,16.1,158.5,1071.0,33.8,36.0,0.0,3.0,2067.6,0.0,16.83,14.7,58.5,59.0,55.6,57.4,56.6,54.3,54.7,56.9,54.2,52.9,28.0,36.0,24.1,27.3,57.0,53.0,25.0,0.0,0.0,0.0,6.0,6.0,4.0,0.0,28.0,28.0,29.0,37.0,39.0,38.0,36.0,36.0,34.0,44.92,44.81,44.76,49.0,480.0,5.0,0.0,0.0,0.0
16.43,136.0,0.25,0.25,0.3,13.4,16.3,14.0,16.36,-6.8,0.1,-0.04,208.6,10.1,257.0,1.0,3.0,1601.0,697.0,1864.0,1.0,1891.0,16.3,164.1,1097.0,32.1,34.5,0.0,3.0,2067.6,0.0,16.83,14.7,61.3,61.9,58.3,60.1,59.3,57.1,57.3,59.8,54.6,53.2,27.0,36.0,24.3,27.5,56.0,53.0,25.0,0.0,0.0,0.0,6.0,6.0,4.0,0.0,28.0,28.0,29.0,37.0,39.0,38.0,36.0,36.0,34.0,44.92,44.8,44.76,50.0,480.0,5.1,0.0,0.0,0.0
16.2,296.0,0.25,0.25,0.29,14.2,12.3,14.1,15.98,-12.2,0.09,-0.09,209.2,10.7,258.0,1.0,3.0,1582.0,697.0,1839.0,1.0,1868.0,16.2,162.1,1092.0,32.6,35.4,0.0,3.0,2067.6,0.0,16.83,14.7,61.1,61.7,58.1,60.0,59.2,56.9,57.1,59.6,54.6,53.2,28.0,36.0,24.3,27.5,56.0,53.0,25.0,0.0,0.0,0.0,6.0,6.0,4.0,0.0,28.0,28.0,29.0,37.0,39.0,38.0,36.0,36.0,34.0,44.92,44.8,44.75,50.0,480.0,5.1,0.0,0.0,0.0
16.55,320.0,0.25,0.25,0.29,12.7,12.5,15.0,16.26,-1.1,-0.09,0.0,208.9,10.7,254.0,1.0,3.0,1618.0,696.0,1873.0,4.0,1897.0,16.4,159.7,1107.0,31.9,34.7,0.0,3.0,2067.6,0.0,16.83,14.7,59.3,59.9,56.4,58.2,57.4,55.2,55.5,57.8,54.3,52.9,28.0,36.0,24.1,27.3,54.0,51.0,25.0,0.0,0.0,0.0,6.0,6.0,4.0,0.0,28.0,28.0,29.0,37.0,39.0,38.0,36.0,36.0,34.0,44.92,44.8,44.76,49.0,480.0,5.1,0.0,0.0,0.0
16.4,312.0,0.23,0.23,0.28,12.6,13.3,14.1,16.47,1.8,0.03,-0.02,208.7,11.4,254.0,1.0,3.0,1592.0,696.0,1848.0,1.0,1874.0,16.4,160.1,1101.0,34.6,37.8,0.0,3.1,2067.6,0.0,16.83,14.7,60.4,60.9,57.4,59.2,58.4,56.2,56.6,58.9,54.5,53.1,28.0,36.0,24.3,27.4,58.0,55.0,25.0,0.0,0.0,0.0,6.0,6.0,4.0,0.0,28.0,28.0,29.0,37.0,39.0,38.0,36.0,36.0,34.0,44.92,44.81,44.76,50.0,480.0,5.0,0.0,0.0,0.0
16.31,32.0,0.24,0.24,0.28,14.9,13.1,12.6,16.33,-4.6,0.16,0.04,208.9,11.0,255.0,1.0,3.0,1595.0,696.0,1849.0,1.0,1851.0,16.2,158.2,1086.0,32.5,34.9,0.0,3.0,2067.6,0.0,16.83,14.7,59.0,59.6,56.1,57.8,57.1,54.8,55.2,57.4,54.3,52.9,27.0,36.0,24.1,27.3,58.0,54.0,25.0,0.0,0.0,0.0,6.0,6.0,4.0,0.0,28.0,28.0,29.0,37.0,39.0,38.0,36.0,36.0,34.0,44.92,44.81,44.76,50.0,480.0,5.1,0.0,0.0,0.0
16.33,280.0,0.28,0.28,0.32,15.4,17.2,13.8,16.19,-0.5,0.18,0.14,208.5,9.2,256.0,1.0,3.0,1632.0,697.0,1904.0,0.0,1911.0,16.3,171.8,1115.0,31.9,34.7,0.0,3.0,2067.6,0.0,16.83,14.7,61.4,62.1,58.4,60.2,59.4,57.2,57.4,59.9,54.6,53.3,29.0,36.0,24.3,27.5,56.0,53.0,25.0,0.0,0.0,0.0,6.0,6.0,4.0,0.0,28.0,28.0,29.0,37.0,39.0,38.0,36.0,36.0,34.0,44.92,44.8,44.76,50.0,480.0,5.1,0.0,0.0,0.0
16.07,112.0,0.23,0.23,0.28,14.7,14.1,11.9,15.83,-2.7,0.11,0.07,208.5,10.1,256.0,1.0,3.0,1509.0,696.0,1745.0,1.0,1764.0,16.0,154.6,1045.0,35.1,36.9,0.0,3.1,2067.6,0.0,16.83,14.7,60.2,60.8,57.3,59.1,58.2,56.0,56.4,58.7,54.5,53.1,28.0,36.0,24.3,27.3,59.0,55.0,25.0,0.0,0.0,0.0,6.0,6.0,4.0,0.0,28.0,28.0,29.0,37.0,39.0,38.0,36.0,36.0,34.0,44.91,44.81,44.76,50.0,480.0,5.0,0.0,0.0,0.0
15.96,40.0,0.23,0.23,0.28,12.4,15.2,12.6,15.75,-4.1,0.09,0.07,208.5,9.8,257.0,1.0,3.0,1426.0,695.0,1635.0,3.0,1658.0,15.9,142.3,994.0,35.1,37.0,0.0,3.1,2067.6,0.0,16.83,14.7,60.2,60.8,57.2,59.1,58.2,55.9,56.4,58.7,54.5,53.1,28.0,36.0,24.3,27.3,59.0,55.0,25.0,0.0,0.0,0.0,6.0,6.0,4.0,0.0,28.0,28.0,29.0,37.0,39.0,38.0,36.0,36.0,34.0,44.92,44.8,44.76,50.0,480.0,5.0,0.0,0.0,0.0
16.29,224.0,0.25,0.25,0.29,14.8,12.1,13.8,16.35,-1.8,0.08,0.0,208.5,11.0,253.0,1.0,3.0,1606.0,697.0,1869.0,2.0,1882.0,16.2,165.3,1106.0,34.9,36.4,0.0,3.1,2067.6,0.0,16.83,14.8,58.0,58.4,55.0,56.9,56.1,53.9,54.3,56.4,54.2,52.8,28.0,36.0,24.1,27.3,57.0,54.0,25.0,0.0,0.0,0.0,6.0,6.0,4.0,0.0,28.0,28.0,29.0,37.0,39.0,38.0,36.0,36.0,34.0,44.92,44.81,44.76,50.0,480.0,5.1,0.0,0.0,0.0
16.63,352.0,0.68,0.68,0.73,14.8,18.8,14.6,16.75,-3.8,0.03,0.02,208.7,10.8,257.0,1.0,3.0,1697.0,697.0,1983.0,0.0,1985.0,16.6,171.4,1141.0,31.5,34.4,0.0,3.0,2067.6,0.0,16.83,14.7,61.4,62.0,58.4,60.2,59.4,57.2,57.4,59.8,54.6,53.2,27.0,36.0,24.3,27.5,55.0,52.0,25.0,0.0,0.0,0.0,6.0,6.0,4.0,0.0,28.0,28.0,29.0,37.0,39.0,38.0,36.0,36.0,34.0,44.92,44.8,44.76,50.0,480.0,5.1,0.0,0.0,0.0
16.25,240.0,0.24,0.25,0.29,15.4,17.7,13.9,16.49,-13.3,0.19,0.01,208.7,9.5,257.0,1.0,3.0,1618.0,696.0,1880.0,1.0,1898.0,16.4,169.5,1105.0,33.2,35.9,0.0,3.0,2067.6,0.0,16.83,14.7,60.7,61.3,57.8,59.5,58.7,56.6,56.8,59.2,54.5,53.1,28.0,36.0,24.3,27.5,57.0,54.0,25.0,0.0,0.0,0.0,6.0,6.0,4.0,0.0,28.0,28.0,29.0,37.0,39.0,38.0,36.0,36.0,34.0,44.92,44.8,44.76,50.0,480.0,5.1,0.0,0.0,0.0
16.21,296.0,0.25,0.25,0.29,12.0,13.1,14.6,15.98,0.6,0.02,0.0,208.7,9.3,251.0,1.0,3.0,1543.0,696.0,1792.0,2.0,1799.0,16.0,157.4,1075.0,33.6,35.0,0.0,3.0,2067.6,0.0,16.83,14.8,57.9,58.3,54.9,56.7,55.8,53.7,54.1,56.3,54.2,52.7,27.0,36.0,24.1,27.3,56.0,51.0,25.0,0.0,0.0,0.0,6.0,6.0,4.0,0.0,28.0,28.0,29.0,37.0,39.0,38.0,36.0,36.0,34.0,44.92,44.8,44.76,50.0,480.0,5.0,0.0,0.0,0.0
16.39,352.0,0.24,0.24,0.29,12.0,15.0,12.4,16.32,6.9,0.09,0.08,208.7,9.3,250.0,1.0,3.0,1569.0,696.0,1823.0,1.0,1816.0,16.2,161.3,1079.0,34.1,36.6,0.0,3.0,2067.6,0.0,16.83,14.7,58.4,59.0,55.5,57.3,56.5,54.2,54.7,56.8,54.2,52.9,28.0,36.0,24.1,27.3,58.0,54.0,25.0,0.0,0.0,0.0,6.0,6.0,4.0,0.0,28.0,28.0,29.0,37.0,39.0,38.0,36.0,36.0,34.0,44.92,44.8,44.76,49.0,480.0,5.1,0.0,0.0,0.0
15.85,264.0,0.24,0.24,0.29,12.4,12.6,14.4,15.8,4.1,0.03,0.02,208.3,6.7,250.0,1.0,3.0,1459.0,696.0,1680.0,3.0,1677.0,15.6,147.6,1030.0,33.5,36.2,0.0,3.0,2067.6,0.0,16.83,14.8,58.5,59.0,55.7,57.4,56.6,54.3,54.8,56.9,54.2,52.9,27.0,36.0,24.1,27.3,57.0,53.0,25.0,0.0,0.0,0.0,6.0,6.0,4.0,0.0,28.0,28.0,29.0,37.0,39.0,38.0,36.0,36.0,34.0,44.92,44.81,44.76,48.0,480.0,5.1,0.0,0.0,0.0
16.66,352.0,0.26,0.26,0.3,12.0,15.6,12.8,16.59,-5.5,-0.04,0.16,208.8,10.6,257.0,1.0,3.0,1650.0,696.0,1922.0,1.0,1932.0,16.5,170.7,1124.0,31.9,34.9,0.0,3.0,2067.6,0.0,16.83,14.7,61.2,61.8,58.2,60.1,59.2,57.0,57.2,59.7,54.6,53.2,28.0,36.0,24.3,27.5,55.0,52.0,25.0,0.0,0.0,0.0,6.0,6.0,4.0,0.0,28.0,28.0,29.0,37.0,39.0,38.0,36.0,36.0,34.0,44.91,44.81,44.76,49.0,480.0,5.1,0.0,0.0,0.0
16.44,176.0,0.25,0.25,0.29,12.1,15.5,12.6,16.23,-2.8,0.21,0.03,208.9,10.1,255.0,1.0,3.0,1575.0,696.0,1831.0,-1.0,1818.0,16.2,161.5,1082.0,31.8,34.5,0.0,3.0,2067.6,0.0,16.83,14.7,59.3,59.9,56.4,58.2,57.4,55.2,55.4,57.7,54.3,52.9,28.0,36.0,24.1,27.3,54.0,51.0,25.0,0.0,0.0,0.0,6.0,6.0,4.0,0.0,28.0,28.0,29.0,37.0,39.0,38.0,36.0,36.0,34.0,44.92,44.8,44.76,48.0,480.0,5.0,0.0,0.0,0.0
16.8,120.0,0.99,0.99,1.03,12.2,10.8,11.6,16.57,0.2,0.04,0.18,208.5,9.5,251.0,1.0,3.0,1719.0,696.0,2012.0,0.0,2034.0,16.7,176.3,1164.0,33.0,35.7,0.0,3.0,2067.6,0.0,16.83,14.8,58.6,59.2,55.8,57.5,56.7,54.6,54.9,57.1,54.3,52.8,28.0,35.0,24.1,27.3,55.0,52.0,25.0,0.0,0.0,0.0,6.0,6.0,4.0,0.0,28.0,28.0,29.0,37.0,39.0,38.0,35.0,35.0,34.0,44.92,44.81,44.76,49.0,480.0,5.1,0.0,0.0,0.0
15.93,176.0,0.24,0.24,0.29,13.2,12.2,14.5,15.78,-5.0,-0.01,0.08,208.7,9.0,256.0,1.0,3.0,1493.0,697.0,1726.0,2.0,1734.0,15.8,152.5,1049.0,30.8,33.3,0.0,3.0,2067.6,0.0,16.83,14.8,61.8,62.4,58.7,60.6,59.6,57.4,57.7,60.3,54.7,53.3,27.0,36.0,24.4,27.5,54.0,51.0,25.0,0.0,0.0,0.0,6.0,6.0,4.0,0.0,28.0,28.0,29.0,37.0,39.0,38.0,36.0,36.0,34.0,44.91,44.81,44.76,50.0,480.0,5.0,0.0,0.0,0.0
16.37,272.0,0.25,0.25,0.29,11.8,14.9,12.5,16.26,-2.1,0.12,-0.02,208.8,10.0,255.0,1.0,3.0,1564.0,696.0,1810.0,1.0,1825.0,16.2,157.6,1074.0,33.3,34.9,0.0,3.0,2067.6,0.0,16.83,14.7,59.9,60.4,56.8,58.7,57.8,55.6,56.1,58.5,54.4,53.0,28.0,36.0,24.3,27.3,55.0,52.0,25.0,0.0,0.0,0.0,6.0,6.0,4.0,0.0,28.0,28.0,29.0,37.0,39.0,38.0,36.0,36.0,34.0,44.92,44.81,44.76,49.0,480.0,5.1,0.0,0.0,0.0
16.57,32.0,0.25,0.25,0.29,12.9,16.4,13.6,16.46,-1.6,0.18,0.0,208.5,9.0,255.0,1.0,3.0,1633.0,696.0,1903.0,-1.0,1902.0,16.5,168.8,1112.0,30.9,33.5,0.0,3.0,2067.6,0.0,16.83,14.8,61.7,62.3,58.7,60.6,59.6,57.3,57.7,60.2,54.7,53.2,28.0,36.0,24.3,27.5,53.0,50.0,25.0,0.0,0.0,0.0,6.0,6.0,4.0,0.0,28.0,28.0,29.0,37.0,39.0,38.0,36.0,36.0,34.0,44.92,44.8,44.76,49.0,480.0,5.1,0.0,0.0,0.0
15.87,320.0,0.25,0.25,0.29,12.5,12.5,14.8,15.82,-1.8,0.08,0.12,208.6,9.1,255.0,1.0,3.0,1469.0,695.0,1693.0,0.0,1698.0,15.7,150.9,1035.0,32.2,34.9,0.0,3.0,2067.6,0.0,16.83,14.7,59.2,59.8,56.3,58.0,57.3,55.0,55.3,57.6,54.3,52.9,27.0,36.0,24.1,27.3,56.0,53.0,25.0,0.0,0.0,0.0,6.0,6.0,4.0,0.0,28.0,28.0,29.0,37.0,39.0,38.0,36.0,36.0,34.0,44.91,44.81,44.76,50.0,480.0,5.1,0.0,0.0,0.0
16.39,8.0,0.25,0.25,0.29,13.6,12.1,14.5,16.69,-4.9,-0.01,-0.02,208.6,10.0,253.0,1.0,3.0,1625.0,696.0,1889.0,1.0,1893.0,16.2,166.3,1113.0,34.5,35.7,0.0,3.1,2067.6,0.0,16.83,14.8,58.0,58.4,55.0,56.9,56.0,53.8,54.2,56.4,54.2,52.8,27.0,36.0,24.1,27.3,57.0,54.0,25.0,0.0,0.0,0.0,6.0,6.0,4.0,0.0,28.0,28.0,29.0,37.0,39.0,38.0,36.0,36.0,34.0,44.92,44.81,44.76,49.0,480.0,5.0,0.0,0.0,0.0
15.91,0.0,0.25,0.25,0.29,14.5,12.2,13.2,15.96,-8.0,-0.08,-0.1,208.5,8.4,255.0,1.0,3.0,1520.0,696.0,1758.0,1.0,1775.0,15.9,157.6,1060.0,30.7,33.5,0.0,3.0,2067.6,0.0,16.83,14.7,59.7,60.2,56.7,58.5,57.7,55.5,55.8,58.1,54.4,53.0,28.0,36.0,24.1,27.3,53.0,50.0,25.0,0.0,0.0,0.0,6.0,6.0,4.0,0.0,28.0,28.0,29.0,37.0,39.0,38.0,36.0,36.0,34.0,44.92,44.81,44.76,50.0,480.0,5.1,0.0,0.0,0.0
16.19,160.0,0.25,0.25,0.3,15.0,14.4,12.0,15.97,1.4,0.05,-0.13,208.8,7.9,253.0,1.0,3.0,1547.0,696.0,1795.0,-1.0,1793.0,16.0,154.7,1068.0,31.1,33.9,0.0,3.0,2067.6,0.0,16.83,14.7,59.4,60.0,56.6,58.3,57.5,55.5,55.7,58.0,54.3,53.0,27.0,36.0,24.1,27.3,54.0,51.0,25.0,0.0,0.0,0.0,6.0,6.0,4.0,0.0,28.0,28.0,29.0,37.0,39.0,38.0,36.0,36.0,34.0,44.92,44.81,44.76,49.0,480.0,5.0,0.0,0.0,0.0
17.05,48.0,2.57,2.57,2.61,14.6,17.7,15.7,17.2,-8.0,0.03,-0.03,208.5,11.4,254.0,1.0,3.0,1762.0,697.0,2059.0,2.0,2072.0,17.0,178.6,1161.0,32.6,35.4,0.0,3.0,2067.6,0.0,16.83,14.7,58.9,59.4,56.0,57.7,57.0,54.8,55.1,57.3,54.3,52.9,28.0,36.0,24.1,27.3,57.0,53.0,25.0,0.0,0.0,0.0,6.0,6.0,4.0,0.0,28.0,28.0,29.0,37.0,39.0,38.0,36.0,36.0,34.0,44.91,44.8,44.76,49.0,480.0,5.1,0.0,0.0,0.0
15.99,208.0,0.24,0.25,0.29,12.4,15.3,12.4,15.87,3.0,0.07,0.09,208.7,9.9,252.0,1.0,3.0,1459.0,696.0,1688.0,2.0,1688.0,15.8,150.5,1020.0,35.0,37.4,0.0,3.1,2067.6,0.0,16.83,14.8,58.2,58.8,55.3,57.1,56.3,54.0,54.5,56.6,54.2,52.8,28.0,36.0,24.1,27.3,58.0,54.0,25.0,0.0,0.0,0.0,6.0,6.0,4.0,0.0,28.0,28.0,29.0,37.0,39.0,38.0,36.0,36.0,34.0,44.91,44.81,44.75,50.0,480.0,5.0,0.0,0.0,0.0
15.82,144.0,0.25,0.25,0.29,13.9,14.6,11.8,15.75,-8.7,-0.07,0.08,208.5,8.1,255.0,1.0,3.0,1468.0,696.0,1696.0,1.0,1704.0,15.7,153.4,1028.0,30.6,33.7,0.0,3.0,2067.6,0.0,16.83,14.7,59.7,60.2,56.7,58.5,57.7,55.5,55.8,58.1,54.4,53.0,28.0,36.0,24.1,27.3,53.0,50.0,25.0,0.0,0.0,0.0,6.0,6.0,4.0,0.0,28.0,28.0,29.0,37.0,39.0,38.0,36.0,36.0,34.0,44.92,44.81,44.76,49.0,480.0,5.0,0.0,0.0,0.0
16.69,240.0,1.3,1.3,1.34,17.7,15.3,14.4,16.78,-6.0,0.0,0.1,208.7,10.2,256.0,1.0,3.0,1741.0,696.0,2036.0,1.0,2060.0,16.7,176.0,1170.0,33.9,36.6,0.0,3.0,2067.6,0.0,16.83,14.7,60.4,61.0,57.5,59.2,58.5,56.3,56.6,59.0,54.5,53.1,27.0,35.0,24.3,27.5,57.0,54.0,25.0,0.0,0.0,0.0,6.0,6.0,4.0,0.0,28.0,28.0,29.0,37.0,39.0,38.0,35.0,35.0,34.0,44.92,44.81,44.76,49.0,480.0,5.1,0.0,0.0,0.0
16.21,248.0,0.25,0.25,0.29,13.6,12.3,14.5,16.42,-6.0,0.09,0.07,208.8,10.6,255.0,1.0,3.0,1586.0,695.0,1837.0,0.0,1839.0,16.3,160.3,1093.0,31.6,34.4,0.0,3.0,2067.6,0.0,16.83,14.7,59.2,59.9,56.4,58.2,57.4,55.2,55.4,57.7,54.3,52.9,28.0,36.0,24.1,27.3,54.0,51.0,25.0,0.0,0.0,0.0,6.0,6.0,4.0,0.0,28.0,28.0,29.0,37.0,39.0,38.0,36.0,36.0,34.0,44.92,44.8,44.76,49.0,480.0,5.1,0.0,0.0,0.0
16.49,64.0,0.49,0.49,0.53,15.7,17.6,14.9,16.63,-8.3,0.1,0.23,208.8,9.2,257.0,1.0,3.0,1665.0,697.0,1943.0,0.0,1982.0,16.6,174.0,1130.0,32.0,35.1,0.0,3.0,2067.6,0.0,16.83,14.7,61.2,61.8,58.2,60.1,59.3,57.0,57.3,59.7,54.6,53.2,28.0,36.0,24.3,27.5,55.0,52.0,25.0,0.0,0.0,0.0,6.0,6.0,4.0,0.0,28.0,28.0,29.0,37.0,39.0,38.0,36.0,36.0,34.0,44.92,44.81,44.76,50.0,480.0,5.1,0.0,0.0,0.0
16.49,136.0,0.59,0.59,0.64,17.4,16.3,14.4,16.53,-2.4,0.0,0.14,208.8,9.5,257.0,1.0,3.0,1673.0,697.0,1951.0,2.0,1966.0,16.6,170.4,1137.0,31.9,35.0,0.0,3.0,2067.6,0.0,16.83,14.7,61.3,61.9,58.2,60.1,59.3,57.0,57.3,59.7,54.6,53.2,27.0,35.0,24.3,27.5,55.0,52.0,25.0,0.0,0.0,0.0,6.0,6.0,4.0,0.0,28.0,28.0,29.0,37.0,39.0,38.0,35.0,35.0,34.0,44.92,44.8,44.75,49.0,480.0,5.1,0.0,0.0,0.0
15.6,48.0,0.24,0.24,0.29,13.2,12.1,14.1,15.69,-7.7,0.07,-0.09,208.8,8.7,257.0,1.0,3.0,1407.0,696.0,1615.0,2.0,1617.0,15.4,145.3,1001.0,31.4,34.1,0.0,3.0,2067.6,0.0,16.83,14.7,61.6,62.3,58.6,60.5,59.6,57.3,57.6,60.1,54.6,53.2,28.0,36.0,24.3,27.5,53.0,50.0,25.0,0.0,0.0,0.0,6.0,6.0,4.0,0.0,28.0,28.0,29.0,37.0,39.0,38.0,36.0,36.0,34.0,44.92,44.8,44.76,49.0,480.0,5.1,0.0,0.0,0.0
16.58,32.0,0.25,0.25,0.29,11.8,14.7,13.1,16.58,-3.5,0.16,0.03,208.5,13.8,254.0,1.0,3.0,1622.0,696.0,1887.0,3.0,1894.0,16.3,163.5,1108.0,31.6,34.6,0.0,3.0,2067.6,0.0,16.83,14.7,59.3,59.9,56.4,58.2,57.4,55.2,55.5,57.8,54.3,52.9,27.0,36.0,24.1,27.3,54.0,51.0,25.0,0.0,0.0,0.0,6.0,6.0,4.0,0.0,28.0,28.0,29.0,37.0,39.0,38.0,36.0,36.0,34.0,44.92,44.8,44.76,50.0,480.0,5.0,0.0,0.0,0.0
15.88,176.0,0.25,0.25,0.29,12.0,14.8,12.4,15.9,-3.7,0.12,-0.08,208.9,8.9,255.0,1.0,3.0,1472.0,696.0,1701.0,1.0,1701.0,16.0,153.3,1027.0,32.0,35.0,0.0,3.0,2067.6,0.0,16.83,14.7,59.1,59.8,56.3,58.0,57.2,55.0,55.3,57.6,54.3,52.9,27.0,36.0,24.1,27.3,56.0,53.0,25.0,0.0,0.0,0.0,6.0,6.0,4.0,0.0,28.0,28.0,29.0,37.0,39.0,38.0,36.0,36.0,34.0,44.91,44.81,44.76,49.0,480.0,5.0,0.0,0.0,0.0
16.33,16.0,0.24,0.24,0.29,12.7,12.5,15.1,16.09,-10.7,0.16,-0.1,208.8,9.9,258.0,1.0,3.0,1602.0,697.0,1858.0,1.0,1870.0,16.2,159.3,1104.0,32.1,33.7,0.0,3.0,2067.6,0.0,16.83,14.8,61.9,62.4,58.8,60.7,59.7,57.5,57.8,60.4,54.7,53.3,27.0,36.0,24.4,27.5,52.0,49.0,25.0,0.0,0.0,0.0,6.0,6.0,4.0,0.0,28.0,28.0,29.0,37.0,39.0,38.0,36.0,36.0,34.0,44.92,44.8,44.76,50.0,480.0,5.0,0.0,0.0,0.0
16.1,216.0,0.25,0.25,0.29,12.5,12.3,14.6,15.94,-9.6,0.19,0.03,208.7,10.2,255.0,1.0,3.0,1537.0,695.0,1780.0,-1.0,1783.0,15.9,159.3,1074.0,31.2,33.6,0.0,3.0,2067.6,0.0,16.83,14.7,59.7,60.2,56.7,58.5,57.7,55.5,55.8,58.1,54.4,53.0,28.0,36.0,24.1,27.3,53.0,50.0,25.0,0.0,0.0,0.0,6.0,6.0,4.0,0.0,28.0,28.0,29.0,37.0,39.0,38.0,36.0,36.0,34.0,44.92,44.81,44.76,50.0,480.0,5.0,0.0,0.0,0.0
16.45,256.0,0.23,0.23,0.28,14.0,12.7,14.8,16.29,-5.6,-0.02,0.0,208.7,9.0,257.0,1.0,3.0,1626.0,696.0,1887.0,3.0,1887.0,16.3,165.4,1115.0,35.6,37.3,0.0,3.1,2067.6,0.0,16.83,14.7,60.3,60.8,57.3,59.2,58.3,56.0,56.4,58.8,54.5,53.1,28.0,36.0,24.3,27.3,57.0,54.0,25.0,0.0,0.0,0.0,6.0,6.0,4.0,0.0,28.0,28.0,29.0,37.0,39.0,38.0,36.0,36.0,34.0,44.92,44.8,44.76,50.0,480.0,5.1,0.0,0.0,0.0
16.84,136.0,0.67,0.67,0.71,12.2,14.4,14.1,16.7,-4.0,0.24,0.14,208.9,11.1,257.0,1.0,3.0,1702.0,697.0,1980.0,1.0,1979.0,16.6,172.4,1147.0,31.8,34.3,0.0,3.0,2067.6,0.0,16.83,14.7,61.4,62.0,58.4,60.2,59.4,57.2,57.4,59.9,54.6,53.2,28.0,36.0,24.3,27.5,55.0,52.0,25.0,0.0,0.0,0.0,6.0,6.0,4.0,0.0,28.0,28.0,29.0,37.0,39.0,38.0,36.0,36.0,34.0,44.92,44.81,44.76,50.0,480.0,5.1,0.0,0.0,0.0
16.84,24.0,0.85,0.85,0.9,11.1,11.0,11.8,16.64,-1.1,0.09,0.14,208.6,11.6,255.0,1.0,3.0,1709.0,696.0,2000.0,0.0,1998.0,16.6,177.3,1155.0,33.8,36.6,0.0,3.0,2067.6,0.0,16.83,14.7,60.5,61.0,57.5,59.3,58.5,56.2,56.7,59.0,54.5,53.1,27.0,35.0,24.3,27.5,58.0,55.0,25.0,0.0,0.0,0.0,6.0,6.0,4.0,0.0,28.0,28.0,29.0,37.0,39.0,38.0,35.0,35.0,34.0,44.92,44.8,44.75,50.0,490.0,5.1,0.0,0.0,0.0
16.37,248.0,0.24,0.24,0.29,12.0,15.0,13.1,16.16,-8.6,0.12,0.09,208.5,11.0,257.0,1.0,3.0,1553.0,697.0,1804.0,1.0,1791.0,16.1,159.5,1073.0,31.8,33.5,0.0,3.0,2067.6,0.0,16.83,14.8,61.9,62.4,58.8,60.7,59.7,57.5,57.8,60.4,54.7,53.3,28.0,36.0,24.4,27.5,52.0,49.0,25.0,0.0,0.0,0.0,6.0,6.0,4.0,0.0,28.0,28.0,29.0,37.0,39.0,38.0,36.0,36.0,34.0,44.92,44.8,44.76,50.0,480.0,5.1,0.0,0.0,0.0
16.07,288.0,0.25,0.25,0.29,15.1,13.4,12.2,15.87,3.8,0.09,0.09,208.9,9.0,254.0,1.0,3.0,1538.0,696.0,1784.0,0.0,1803.0,16.1,156.9,1067.0,31.7,33.2,0.0,3.0,2067.6,0.0,16.83,14.7,59.8,60.3,56.8,58.6,57.8,55.5,56.0,58.3,54.4,53.0,28.0,36.0,24.1,27.3,52.0,49.0,25.0,0.0,0.0,0.0,6.0,6.0,4.0,0.0,28.0,28.0,29.0,37.0,39.0,38.0,36.0,36.0,34.0,44.91,44.81,44.76,50.0,480.0,5.1,0.0,0.0,0.0
16.67,336.0,1.11,1.11,1.15,13.5,11.3,11.7,16.64,1.6,0.09,-0.03,208.7,12.0,251.0,1.0,3.0,1733.0,696.0,2027.0,0.0,2025.0,16.7,175.7,1167.0,32.8,35.9,0.0,3.0,2067.6,0.0,16.83,14.8,58.6,59.2,55.8,57.5,56.7,54.6,54.9,57.2,54.3,52.9,28.0,35.0,24.1,27.3,57.0,53.0,25.0,0.0,0.0,0.0,6.0,6.0,4.0,0.0,28.0,28.0,29.0,37.0,39.0,38.0,35.0,35.0,34.0,44.92,44.81,44.76,49.0,480.0,5.0,0.0,0.0,0.0
16.13,336.0,0.24,0.25,0.29,13.9,12.2,13.8,16.21,-2.3,0.05,0.04,208.4,10.6,256.0,1.0,3.0,1549.0,696.0,1795.0,-1.0,1820.0,16.1,155.0,1076.0,31.5,34.0,0.0,3.0,2067.6,0.0,16.83,14.7,61.7,62.3,58.7,60.5,59.6,57.3,57.7,60.1,54.6,53.2,28.0,36.0,24.3,27.5,51.0,49.0,25.0,0.0,0.0,0.0,6.0,6.0,4.0,0.0,28.0,28.0,29.0,37.0,39.0,38.0,36.0,36.0,34.0,44.92,44.81,44.76,50.0,480.0,5.1,0.0,0.0,0.0
16.49,80.0,0.63,0.63,0.67,17.8,17.4,15.8,16.52,-1.3,0.26,0.02,208.8,10.6,252.0,1.0,3.0,1680.0,697.0,1962.0,-1.0,1956.0,16.6,174.6,1138.0,35.4,36.9,0.0,3.1,2067.6,0.0,16.83,14.9,58.1,58.7,55.2,57.0,56.2,54.0,54.4,56.5,54.2,52.8,29.0,36.0,24.1,27.3,58.0,54.0,25.0,0.0,0.0,0.0,6.0,6.0,4.0,0.0,28.0,28.0,29.0,37.0,39.0,38.0,36.0,36.0,34.0,44.92,44.8,44.76,49.0,480.0,5.0,0.0,0.0,0.0
16.49,56.0,0.25,0.25,0.29,11.8,14.3,13.6,16.13,-9.2,0.08,-0.02,208.7,8.6,257.0,1.0,3.0,1606.0,695.0,1864.0,2.0,1885.0,16.4,165.9,1101.0,34.4,35.5,0.0,3.0,2067.6,0.0,16.83,14.7,60.0,60.5,57.0,58.9,58.0,55.6,56.3,58.6,54.4,53.1,27.0,36.0,24.3,27.3,57.0,53.0,25.0,0.0,0.0,0.0,6.0,6.0,4.0,0.0,28.0,28.0,29.0,37.0,39.0,38.0,36.0,36.0,34.0,44.93,44.81,44.76,50.0,480.0,5.0,0.0,0.0,0.0
16.69,192.0,0.87,0.87,0.91,18.8,16.1,15.9,16.53,1.9,0.0,0.07,208.6,11.3,251.0,1.0,3.0,1708.0,696.0,1993.0,1.0,2030.0,16.7,172.9,1152.0,32.7,35.4,0.0,3.0,2067.6,0.0,16.83,14.7,58.7,59.2,55.8,57.6,56.8,54.6,55.0,57.2,54.3,52.9,28.0,35.0,24.1,27.3,57.0,53.0,25.0,0.0,0.0,0.0,6.0,6.0,4.0,0.0,28.0,28.0,29.0,37.0,39.0,38.0,35.0,35.0,34.0,44.92,44.81,44.76,50.0,480.0,5.1,0.0,0.0,0.0
16.54,112.0,0.44,0.44,0.48,13.3,16.9,13.9,16.56,-9.3,-0.07,0.03,208.9,11.5,256.0,1.0,3.0,1668.0,697.0,1948.0,1.0,1971.0,16.6,172.8,1128.0,34.2,36.9,0.0,3.0,2067.6,0.0,16.83,14.7,60.4,61.0,57.4,59.2,58.5,56.2,56.6,58.9,54.5,53.1,28.0,36.0,24.3,27.4,57.0,54.0,25.0,0.0,0.0,0.0,6.0,6.0,4.0,0.0,28.0,28.0,29.0,37.0,39.0,38.0,36.0,36.0,34.0,44.92,44.8,44.76,49.0,480.0,5.1,0.0,0.0,0.0
16.06,48.0,1.86,1.86,1.91,13.8,15.8,18.2,16.14,-8.5,0.05,-0.01,208.7,9.1,255.0,1.0,3.0,1594.0,696.0,1848.0,0.0,1838.0,15.8,163.5,1114.0,32.2,35.0,0.0,3.0,2067.6,0.0,16.83,14.7,58.9,59.5,56.0,57.7,57.0,54.8,55.1,57.4,54.3,52.9,28.0,35.0,24.1,27.3,58.0,54.0,25.0,0.0,0.0,0.0,6.0,6.0,4.0,0.0,28.0,28.0,29.0,37.0,39.0,38.0,35.0,35.0,34.0,44.92,44.81,44.76,50.0,480.0,5.1,0.0,0.0,0.0
16.57,120.0,0.77,0.77,0.82,17.1,14.8,12.5,16.33,-4.1,0.06,0.05,208.5,10.5,252.0,1.0,3.0,1681.0,696.0,1971.0,-1.0,1979.0,16.4,176.6,1147.0,32.6,35.4,0.0,3.0,2067.6,0.0,16.83,14.7,58.7,59.3,55.9,57.6,56.8,54.7,55.0,57.3,54.3,52.9,28.0,35.0,24.1,27.3,57.0,54.0,25.0,0.0,0.0,0.0,6.0,6.0,4.0,0.0,28.0,28.0,29.0,37.0,39.0,38.0,35.0,35.0,34.0,44.92,44.81,44.76,49.0,480.0,5.1,0.0,0.0,0.0
16.12,144.0,0.25,0.25,0.29,11.8,14.5,13.2,16.01,-4.5,0.16,0.07,208.9,9.5,255.0,1.0,3.0,1505.0,695.0,1741.0,0.0,1753.0,16.1,153.9,1048.0,31.0,33.4,0.0,3.0,2067.6,0.0,16.83,14.7,59.8,60.3,56.8,58.6,57.8,55.5,55.9,58.3,54.4,53.0,27.0,36.0,24.1,27.3,52.0,49.0,25.0,0.0,0.0,0.0,6.0,6.0,4.0,0.0,28.0,28.0,29.0,37.0,39.0,38.0,36.0,36.0,34.0,44.91,44.81,44.76,50.0,480.0,5.0,0.0,0.0,0.0
16.38,208.0,0.24,0.24,0.29,12.1,14.3,13.0,16.26,2.8,0.21,-0.08,208.8,8.8,251.0,1.0,3.0,1579.0,696.0,1831.0,2.0,1815.0,16.1,158.7,1085.0,33.7,36.6,0.0,3.0,2067.6,0.0,16.83,14.7,58.4,59.0,55.6,57.3,56.5,54.2,54.7,56.8,54.2,52.9,27.0,36.0,24.1,27.3,57.0,53.0,25.0,0.0,0.0,0.0,6.0,6.0,4.0,0.0,28.0,28.0,29.0,37.0,39.0,38.0,36.0,36.0,34.0,44.92,44.8,44.76,50.0,480.0,5.0,0.0,0.0,0.0
16.58,352.0,0.66,0.66,0.7,10.9,11.1,11.4,16.66,-1.2,0.03,-0.08,208.6,9.8,256.0,1.0,3.0,1668.0,696.0,1950.0,1.0,1962.0,16.6,172.1,1141.0,31.7,34.7,0.0,3.0,2067.6,0.0,16.83,14.7,61.4,62.0,58.4,60.2,59.4,57.2,57.4,59.9,54.6,53.2,28.0,36.0,24.3,27.5,56.0,53.0,25.0,0.0,0.0,0.0,6.0,6.0,4.0,0.0,28.0,28.0,29.0,37.0,39.0,38.0,36.0,36.0,34.0,44.92,44.8,44.76,50.0,480.0,5.1,0.0,0.0,0.0
16.57,352.0,0.76,0.77,0.81,11.7,10.9,11.4,16.25,-5.3,0.09,-0.1,208.9,10.0,257.0,1.0,3.0,1692.0,697.0,1977.0,0.0,2015.0,16.6,170.2,1149.0,32.0,35.1,0.0,3.0,2067.6,0.0,16.83,14.7,61.2,61.9,58.2,60.1,59.3,57.1,57.3,59.7,54.6,53.2,28.0,35.0,24.3,27.5,55.0,52.0,25.0,0.0,0.0,0.0,6.0,6.0,4.0,0.0,28.0,28.0,29.0,37.0,39.0,38.0,35.0,35.0,34.0,44.92,44.8,44.76,50.0,480.0,5.1,0.0,0.0,0.0
16.46,224.0,0.25,0.25,0.29,12.0,14.3,13.6,16.32,-3.4,0.01,0.09,208.6,9.8,253.0,1.0,3.0,1594.0,696.0,1846.0,2.0,1856.0,16.3,158.6,1094.0,34.5,36.1,0.0,3.1,2067.6,0.0,16.83,14.8,58.0,58.4,55.0,56.8,56.0,53.8,54.2,56.4,54.2,52.8,28.0,36.0,24.1,27.3,57.0,53.0,25.0,0.0,0.0,0.0,6.0,6.0,4.0,0.0,28.0,28.0,29.0,37.0,39.0,38.0,36.0,36.0,34.0,44.92,44.81,44.76,49.0,480.0,5.1,0.0,0.0,0.0
15.76,128.0,0.23,0.23,0.28,14.0,12.2,14.1,15.7,-10.3,0.03,-0.09,208.8,9.6,257.0,1.0,3.0,1484.0,695.0,1713.0,1.0,1716.0,15.6,154.1,1049.0,35.4,36.8,0.0,3.1,2067.6,0.0,16.83,14.7,60.2,60.7,57.2,59.1,58.1,55.9,56.4,58.7,54.5,53.1,28.0,36.0,24.3,27.3,59.0,55.0,25.0,0.0,0.0,0.0,6.0,6.0,4.0,0.0,28.0,28.0,29.0,37.0,39.0,38.0,36.0,36.0,34.0,44.92,44.8,44.76,50.0,480.0,5.1,0.0,0.0,0.0
16.29,264.0,0.24,0.24,0.29,13.8,12.4,14.1,16.19,-5.1,0.16,-0.12,208.8,10.9,256.0,1.0,3.0,1619.0,696.0,1889.0,0.0,1915.0,16.4,166.4,1117.0,30.8,33.8,0.0,3.0,2067.6,0.0,16.83,14.8,61.7,62.3,58.7,60.6,59.6,57.4,57.7,60.3,54.7,53.2,28.0,36.0,24.3,27.5,54.0,51.0,25.0,0.0,0.0,0.0,6.0,6.0,4.0,0.0,28.0,28.0,29.0,37.0,39.0,38.0,36.0,36.0,34.0,44.91,44.81,44.76,49.0,480.0,5.1,0.0,0.0,0.0
0.0,0.0,0.0,0.0,0.0,0.0,0.0,0.0,0.0,0.0,0.0,0.0,0.0,0.0,0.0,0.0,0.0,0.0,0.0,1659.0,4.0,0.0,0.0,0.0,0.0,0.0,0.0,0.0,0.0,0.0,0.0,0.0,0.0,0.0,0.0,0.0,0.0,0.0,0.0,0.0,0.0,0.0,0.0,0.0,0.0,0.0,0.0,0.0,0.0,0.0,0.0,0.0,0.0,0.0,0.0,0.0,0.0,0.0,0.0,0.0,0.0,0.0,0.0,0.0,0.0,0.0,0.0,0.0,0.0,0.0,0.0,0.0,0.0,0.0,0.0
15.58,320.0,0.24,0.24,0.29,12.2,14.6,12.0,15.64,-7.1,-0.06,0.14,208.5,9.6,257.0,1.0,3.0,1363.0,696.0,1563.0,2.0,1548.0,15.3,137.7,967.0,31.1,33.6,0.0,3.0,2067.6,0.0,16.83,14.7,61.8,62.4,58.7,60.6,59.7,57.5,57.8,60.4,54.7,53.3,28.0,36.0,24.4,27.5,53.0,50.0,25.0,0.0,0.0,0.0,6.0,6.0,4.0,0.0,28.0,28.0,29.0,37.0,39.0,38.0,36.0,36.0,34.0,44.92,44.8,44.76,50.0,480.0,5.0,0.0,0.0,0.0
16.07,328.0,2.81,2.81,2.85,14.9,17.5,14.8,16.04,-4.5,0.33,0.02,208.5,10.7,256.0,1.0,3.0,1636.0,696.0,1911.0,1.0,1912.0,16.2,172.8,1131.0,35.3,36.7,0.0,3.1,2067.6,0.0,16.83,14.7,60.1,60.7,57.1,59.0,58.1,55.8,56.3,58.7,54.5,53.1,28.0,36.0,24.3,27.3,60.0,56.0,25.0,0.0,0.0,0.0,6.0,6.0,4.0,0.0,28.0,28.0,29.0,37.0,39.0,38.0,36.0,36.0,34.0,44.91,44.8,44.76,50.0,480.0,5.1,0.0,0.0,0.0
16.19,72.0,0.25,0.25,0.29,12.9,12.5,14.6,16.23,-5.0,0.05,0.16,208.6,9.5,255.0,1.0,3.0,1566.0,696.0,1813.0,-1.0,1824.0,16.1,158.3,1085.0,31.9,33.3,0.0,3.0,2067.6,0.0,16.83,14.7,59.8,60.3,56.8,58.6,57.8,55.5,56.0,58.4,54.4,53.0,28.0,36.0,24.1,27.3,53.0,50.0,25.0,0.0,0.0,0.0,6.0,6.0,4.0,0.0,28.0,28.0,29.0,37.0,39.0,38.0,36.0,36.0,34.0,44.92,44.8,44.76,49.0,480.0,5.0,0.0,0.0,0.0
16.27,160.0,0.25,0.26,0.3,15.8,15.9,13.8,16.33,2.5,0.17,-0.05,208.5,8.4,254.0,1.0,3.0,1625.0,696.0,1889.0,2.0,1921.0,16.4,164.3,1109.0,31.4,34.1,0.0,3.0,2067.6,0.0,16.83,14.7,59.3,59.9,56.5,58.2,57.5,55.3,55.6,57.9,54.3,52.9,27.0,36.0,24.1,27.3,55.0,51.0,25.0,0.0,0.0,0.0,6.0,6.0,4.0,0.0,28.0,28.0,29.0,37.0,39.0,38.0,36.0,36.0,34.0,44.92,44.81,44.76,49.0,480.0,5.0,0.0,0.0,0.0
15.98,120.0,0.24,0.24,0.29,14.9,12.8,13.5,15.87,-7.6,0.05,0.14,208.5,11.5,256.0,1.0,3.0,1548.0,697.0,1795.0,2.0,1812.0,15.9,159.0,1076.0,31.0,33.6,0.0,3.0,2067.6,0.0,16.83,14.8,61.8,62.4,58.7,60.6,59.6,57.4,57.7,60.3,54.7,53.3,28.0,36.0,24.3,27.5,54.0,51.0,25.0,0.0,0.0,0.0,6.0,6.0,4.0,0.0,28.0,28.0,29.0,37.0,39.0,38.0,36.0,36.0,34.0,44.92,44.81,44.76,50.0,480.0,5.1,0.0,0.0,0.0
16.57,312.0,0.87,0.87,0.92,16.4,17.3,15.4,16.49,-4.0,0.1,-0.01,208.9,10.0,255.0,1.0,3.0,1716.0,696.0,1999.0,0.0,1996.0,16.5,174.6,1153.0,34.1,36.7,0.0,3.1,2067.6,0.0,16.83,14.7,60.5,61.1,57.5,59.3,58.6,56.2,56.7,59.0,54.5,53.1,29.0,36.0,24.3,27.5,58.0,55.0,25.0,0.0,0.0,0.0,6.0,6.0,4.0,0.0,28.0,28.0,29.0,37.0,39.0,38.0,36.0,36.0,34.0,44.92,44.8,44.76,50.0,480.0,5.1,0.0,0.0,0.0
17.1,176.0,1.61,1.61,1.65,11.0,11.2,11.9,16.96,-5.0,0.09,0.07,208.7,11.1,255.0,1.0,3.0,1757.0,696.0,2058.0,0.0,2063.0,16.9,180.6,1163.0,32.0,34.8,0.0,3.0,2067.6,0.0,16.83,14.7,59.0,59.7,56.2,57.9,57.1,54.9,55.2,57.5,54.3,52.9,27.0,35.0,24.1,27.3,56.0,53.0,25.0,0.0,0.0,0.0,6.0,6.0,4.0,0.0,28.0,28.0,29.0,37.0,39.0,38.0,35.0,35.0,34.0,44.92,44.81,44.76,49.0,480.0,5.0,0.0,0.0,0.0
16.44,96.0,0.64,0.64,0.69,12.5,12.2,13.4,16.49,-5.3,0.11,0.02,208.8,8.6,256.0,1.0,3.0,1670.0,696.0,1948.0,0.0,1952.0,16.4,174.3,1139.0,33.8,36.3,0.0,3.0,2067.6,0.0,16.83,14.7,60.5,61.1,57.6,59.3,58.6,56.3,56.7,59.1,54.5,53.1,27.0,36.0,24.3,27.5,59.0,55.0,25.0,0.0,0.0,0.0,6.0,6.0,4.0,0.0,28.0,28.0,29.0,37.0,39.0,38.0,36.0,36.0,34.0,44.92,44.81,44.76,50.0,480.0,5.1,0.0,0.0,0.0
16.28,352.0,0.25,0.25,0.29,15.1,13.4,12.7,16.31,-2.9,-0.02,0.02,208.7,10.1,257.0,1.0,3.0,1584.0,696.0,1847.0,0.0,1871.0,16.2,163.8,1091.0,32.3,35.0,0.0,3.0,2067.6,0.0,16.83,14.7,61.1,61.7,58.2,60.0,59.2,57.0,57.2,59.7,54.6,53.2,28.0,36.0,24.3,27.5,55.0,52.0,25.0,0.0,0.0,0.0,6.0,6.0,4.0,0.0,28.0,28.0,29.0,37.0,39.0,38.0,36.0,36.0,34.0,44.92,44.8,44.76,50.0,480.0,5.1,0.0,0.0,0.0
16.68,184.0,0.97,0.97,1.02,16.5,16.0,15.1,16.46,-3.4,0.22,0.02,208.9,9.3,256.0,1.0,3.0,1722.0,696.0,2017.0,1.0,2032.0,16.7,177.9,1159.0,34.2,37.3,0.0,3.1,2067.6,0.0,16.83,14.7,60.4,61.0,57.5,59.2,58.5,56.3,56.6,59.0,54.5,53.1,28.0,35.0,24.3,27.4,57.0,54.0,25.0,0.0,0.0,0.0,6.0,6.0,4.0,0.0,28.0,28.0,29.0,37.0,39.0,38.0,35.0,35.0,34.0,44.92,44.8,44.76,50.0,480.0,5.0,0.0,0.0,0.0
15.95,32.0,0.25,0.25,0.29,14.4,14.8,12.0,15.82,-4.6,0.13,0.02,208.7,11.4,255.0,1.0,3.0,1516.0,696.0,1758.0,1.0,1756.0,15.8,156.8,1056.0,31.8,34.8,0.0,3.0,2067.6,0.0,16.83,14.7,59.1,59.8,56.3,58.0,57.2,55.0,55.3,57.6,54.3,52.9,27.0,36.0,24.1,27.3,57.0,53.0,25.0,0.0,0.0,0.0,6.0,6.0,4.0,0.0,28.0,28.0,29.0,37.0,39.0,38.0,36.0,36.0,34.0,44.91,44.81,44.76,50.0,480.0,5.1,0.0,0.0,0.0
16.4,200.0,0.25,0.25,0.29,12.2,13.2,15.0,16.22,-4.1,-0.06,-0.03,208.6,10.6,255.0,1.0,3.0,1579.0,696.0,1836.0,-2.0,1834.0,16.1,159.4,1093.0,33.4,35.1,0.0,3.0,2067.6,0.0,16.83,14.7,59.9,60.4,56.8,58.7,57.8,55.6,56.1,58.5,54.4,53.0,27.0,36.0,24.3,27.3,55.0,52.0,25.0,0.0,0.0,0.0,6.0,6.0,4.0,0.0,28.0,28.0,29.0,37.0,39.0,38.0,36.0,36.0,34.0,44.92,44.8,44.76,49.0,480.0,5.1,0.0,0.0,0.0
16.47,128.0,0.25,0.25,0.29,11.9,13.7,14.7,16.61,-8.1,0.14,0.09,208.7,12.0,256.0,1.0,3.0,1617.0,695.0,1880.0,-1.0,1886.0,16.3,161.3,1110.0,33.8,35.3,0.0,3.1,2067.6,0.0,16.83,14.7,59.9,60.5,57.0,58.8,57.9,55.6,56.2,58.5,54.4,53.1,28.0,36.0,24.3,27.3,57.0,53.0,25.0,0.0,0.0,0.0,6.0,6.0,4.0,0.0,28.0,28.0,29.0,37.0,39.0,38.0,36.0,36.0,34.0,44.92,44.81,44.76,49.0,480.0,5.1,0.0,0.0,0.0
16.19,192.0,0.24,0.24,0.29,12.2,13.5,13.8,16.1,-2.9,0.08,-0.08,208.5,11.9,256.0,1.0,3.0,1513.0,697.0,1745.0,2.0,1765.0,16.1,151.1,1050.0,31.1,33.5,0.0,3.0,2067.6,0.0,16.83,14.7,61.7,62.3,58.7,60.5,59.6,57.3,57.7,60.1,54.6,53.2,28.0,36.0,24.3,27.5,51.0,49.0,25.0,0.0,0.0,0.0,6.0,6.0,4.0,0.0,28.0,28.0,29.0,37.0,39.0,38.0,36.0,36.0,34.0,44.91,44.81,44.76,50.0,480.0,5.0,0.0,0.0,0.0
16.26,8.0,0.25,0.25,0.29,12.7,12.4,14.0,16.08,-7.8,0.04,-0.14,209.1,10.2,257.0,1.0,3.0,1575.0,696.0,1825.0,3.0,1842.0,16.1,157.0,1092.0,32.2,35.1,0.0,3.0,2067.6,0.0,16.83,14.7,61.1,61.7,58.2,60.0,59.2,56.9,57.2,59.6,54.6,53.2,27.0,36.0,24.3,27.5,56.0,53.0,25.0,0.0,0.0,0.0,6.0,6.0,4.0,0.0,28.0,28.0,29.0,37.0,39.0,38.0,36.0,36.0,34.0,44.92,44.81,44.75,50.0,480.0,5.1,0.0,0.0,0.0
16.38,128.0,0.39,0.4,0.44,15.9,12.9,13.1,16.27,-6.6,0.04,-0.01,208.5,10.2,257.0,1.0,3.0,1643.0,695.0,1915.0,1.0,1921.0,16.3,168.9,1124.0,34.3,35.5,0.0,3.1,2067.6,0.0,16.83,14.7,60.0,60.5,57.0,58.9,57.9,55.6,56.2,58.6,54.4,53.1,29.0,36.0,24.3,27.3,57.0,53.0,25.0,0.0,0.0,0.0,6.0,6.0,4.0,0.0,28.0,28.0,29.0,37.0,39.0,38.0,36.0,36.0,34.0,44.93,44.81,44.76,49.0,480.0,5.0,0.0,0.0,0.0
16.88,256.0,3.9,3.9,3.94,14.9,17.3,17.5,16.62,0.0,0.41,0.07,208.7,8.9,256.0,1.0,3.0,1741.0,696.0,2032.0,2.0,2032.0,16.7,178.6,1167.0,34.9,36.4,0.0,3.1,2067.6,0.0,16.83,14.7,60.1,60.6,57.1,59.0,58.1,55.7,56.3,58.7,54.5,53.1,28.0,36.0,24.3,27.3,58.0,55.0,25.0,0.0,0.0,0.0,6.0,6.0,4.0,0.0,28.0,28.0,29.0,37.0,39.0,38.0,36.0,36.0,34.0,44.92,44.8,44.76,49.0,480.0,5.1,0.0,0.0,0.0
16.55,296.0,0.25,0.25,0.29,13.6,15.1,12.0,16.51,-2.4,0.09,0.14,208.7,12.4,255.0,1.0,3.0,1641.0,696.0,1915.0,0.0,1915.0,16.4,166.2,1114.0,33.5,36.2,0.0,3.1,2067.6,0.0,16.83,14.7,60.6,61.3,57.7,59.5,58.6,56.5,56.7,59.1,54.5,53.1,28.0,36.0,24.3,27.5,58.0,55.0,25.0,0.0,0.0,0.0,6.0,6.0,4.0,0.0,28.0,28.0,29.0,37.0,39.0,38.0,36.0,36.0,34.0,44.92,44.8,44.75,50.0,480.0,5.1,0.0,0.0,0.0
16.29,344.0,0.25,0.25,0.29,14.5,12.2,14.1,16.13,-3.4,0.03,-0.05,208.7,7.1,255.0,1.0,3.0,1603.0,696.0,1862.0,0.0,1882.0,16.2,163.6,1102.0,33.1,34.8,0.0,3.0,2067.6,0.0,16.83,14.7,59.9,60.4,56.8,58.7,57.8,55.6,56.1,58.5,54.4,53.0,28.0,36.0,24.3,27.3,55.0,52.0,25.0,0.0,0.0,0.0,6.0,6.0,4.0,0.0,28.0,28.0,29.0,37.0,39.0,38.0,36.0,36.0,34.0,44.92,44.8,44.76,49.0,480.0,5.0,0.0,0.0,0.0
15.99,0.0,0.25,0.25,0.29,13.6,15.2,11.8,15.77,-3.4,0.12,0.01,208.5,9.4,255.0,1.0,3.0,1529.0,696.0,1768.0,2.0,1775.0,15.9,154.1,1058.0,31.1,33.5,0.0,3.0,2067.6,0.0,16.83,14.7,59.8,60.3,56.8,58.6,57.8,55.5,55.9,58.3,54.4,53.0,27.0,36.0,24.1,27.3,51.0,48.0,25.0,0.0,0.0,0.0,6.0,6.0,4.0,0.0,28.0,28.0,29.0,37.0,39.0,38.0,36.0,36.0,34.0,44.91,44.81,44.76,49.0,480.0,5.0,0.0,0.0,0.0
16.39,240.0,0.23,0.23,0.28,15.0,14.6,12.0,16.18,-1.5,0.14,0.01,208.5,10.4,255.0,1.0,3.0,1627.0,696.0,1893.0,0.0,1911.0,16.5,166.8,1109.0,34.5,37.4,0.0,3.0,2067.6,0.0,16.83,14.7,60.4,61.0,57.4,59.2,58.4,56.2,56.6,58.9,54.5,53.1,27.0,36.0,24.3,27.4,57.0,54.0,25.0,0.0,0.0,0.0,6.0,6.0,4.0,0.0,28.0,28.0,29.0,37.0,39.0,38.0,36.0,36.0,34.0,44.92,44.81,44.76,50.0,480.0,5.1,0.0,0.0,0.0
16.53,296.0,0.56,0.56,0.6,11.0,11.1,12.5,16.42,-10.2,0.09,0.0,208.8,11.9,256.0,1.0,3.0,1666.0,697.0,1937.0,1.0,1960.0,16.5,169.2,1135.0,33.3,36.1,0.0,3.0,2067.6,0.0,16.83,14.7,60.7,61.3,57.7,59.5,58.7,56.5,56.8,59.2,54.6,53.1,28.0,36.0,24.3,27.5,57.0,54.0,25.0,0.0,0.0,0.0,6.0,6.0,4.0,0.0,28.0,28.0,29.0,37.0,39.0,38.0,36.0,36.0,34.0,44.92,44.81,44.76,49.0,480.0,5.1,0.0,0.0,0.0
16.19,24.0,0.23,0.23,0.28,14.8,13.7,12.1,16.31,2.4,0.09,0.08,208.6,8.6,255.0,1.0,3.0,1580.0,696.0,1834.0,1.0,1806.0,16.0,159.2,1086.0,34.7,37.2,0.0,3.0,2067.6,0.0,16.83,14.7,60.3,60.9,57.4,59.2,58.4,56.1,56.6,58.9,54.5,53.1,28.0,36.0,24.3,27.3,58.0,55.0,25.0,0.0,0.0,0.0,6.0,6.0,4.0,0.0,28.0,28.0,29.0,37.0,39.0,38.0,36.0,36.0,34.0,44.92,44.81,44.76,49.0,480.0,5.1,0.0,0.0,0.0
16.45,336.0,0.24,0.24,0.29,12.7,15.3,12.4,16.51,-4.4,0.0,0.04,208.5,10.5,255.0,1.0,3.0,1601.0,697.0,1859.0,2.0,1877.0,16.4,165.0,1094.0,31.0,33.4,0.0,3.0,2067.6,0.0,16.83,14.8,61.7,62.3,58.7,60.6,59.6,57.3,57.7,60.3,54.7,53.2,28.0,36.0,24.3,27.5,54.0,51.0,25.0,0.0,0.0,0.0,6.0,6.0,4.0,0.0,28.0,28.0,29.0,37.0,39.0,38.0,36.0,36.0,34.0,44.92,44.8,44.76,50.0,480.0,5.0,0.0,0.0,0.0
17.21,120.0,2.16,2.16,2.19,10.4,10.5,10.7,16.9,-5.9,0.16,0.04,208.6,10.8,253.0,1.0,3.0,1762.0,696.0,2063.0,0.0,2077.0,17.1,179.9,1161.0,32.6,35.2,0.0,3.0,2067.6,0.0,16.83,14.7,58.9,59.4,55.9,57.7,57.0,54.8,55.0,57.3,54.3,52.9,28.0,35.0,24.1,27.3,57.0,53.0,25.0,0.0,0.0,0.0,6.0,6.0,4.0,0.0,28.0,28.0,29.0,37.0,39.0,38.0,35.0,35.0,34.0,44.92,44.81,44.76,49.0,480.0,5.0,0.0,0.0,0.0
15.68,32.0,0.24,0.24,0.29,13.5,12.1,13.8,15.42,-6.9,0.08,-0.04,208.5,8.9,256.0,1.0,3.0,1441.0,696.0,1656.0,1.0,1681.0,15.7,143.8,1018.0,30.9,33.3,0.0,3.0,2067.6,0.0,16.83,14.7,61.8,62.4,58.7,60.6,59.7,57.4,57.8,60.4,54.7,53.3,28.0,36.0,24.4,27.5,53.0,50.0,25.0,0.0,0.0,0.0,6.0,6.0,4.0,0.0,28.0,28.0,29.0,37.0,39.0,38.0,36.0,36.0,34.0,44.92,44.81,44.76,50.0,480.0,5.1,0.0,0.0,0.0
16.37,168.0,0.43,0.44,0.48,15.6,15.5,15.0,16.3,-0.5,0.13,-0.05,208.6,9.8,251.0,1.0,3.0,1661.0,696.0,1933.0,3.0,1955.0,16.5,166.6,1126.0,33.9,35.7,0.0,3.1,2067.6,0.0,16.83,14.8,57.9,58.3,55.0,56.8,55.9,53.7,54.2,56.3,54.2,52.8,27.0,36.0,24.1,27.3,56.0,52.0,25.0,0.0,0.0,0.0,6.0,6.0,4.0,0.0,28.0,28.0,29.0,37.0,39.0,38.0,36.0,36.0,34.0,44.92,44.8,44.76,48.0,480.0,5.0,0.0,0.0,0.0
16.37,48.0,0.24,0.24,0.29,13.6,12.2,14.6,16.08,-2.4,0.02,0.17,208.7,8.0,255.0,1.0,3.0,1632.0,696.0,1900.0,0.0,1915.0,16.3,168.7,1120.0,30.7,33.4,0.0,3.0,2067.6,0.0,16.83,14.8,61.7,62.3,58.7,60.6,59.6,57.3,57.7,60.3,54.7,53.2,28.0,36.0,24.3,27.5,54.0,51.0,25.0,0.0,0.0,0.0,6.0,6.0,4.0,0.0,28.0,28.0,29.0,37.0,39.0,38.0,36.0,36.0,34.0,44.92,44.81,44.75,50.0,490.0,5.1,0.0,0.0,0.0
16.78,192.0,0.89,0.89,0.93,10.9,10.9,11.4,16.65,4.9,0.19,0.11,208.4,11.1,251.0,1.0,3.0,1706.0,696.0,1990.0,2.0,2012.0,16.5,173.2,1157.0,32.9,35.7,0.0,3.0,2067.6,0.0,16.83,14.8,58.6,59.2,55.8,57.5,56.7,54.6,54.9,57.2,54.3,52.9,28.0,35.0,24.1,27.3,57.0,53.0,25.0,0.0,0.0,0.0,6.0,6.0,4.0,0.0,28.0,28.0,29.0,37.0,39.0,38.0,35.0,35.0,34.0,44.92,44.81,44.76,50.0,480.0,5.0,0.0,0.0,0.0
16.29,224.0,0.25,0.25,0.29,13.1,12.3,14.9,16.09,-3.1,0.08,-0.05,208.7,8.0,256.0,1.0,3.0,1595.0,696.0,1853.0,2.0,1891.0,16.2,161.4,1103.0,32.7,35.5,0.0,3.0,2067.6,0.0,16.83,14.7,61.0,61.6,58.1,59.9,59.1,56.8,57.1,59.5,54.6,53.2,28.0,36.0,24.3,27.5,57.0,53.0,25.0,0.0,0.0,0.0,6.0,6.0,4.0,0.0,28.0,28.0,29.0,37.0,39.0,38.0,36.0,36.0,34.0,44.92,44.8,44.76,49.0,490.0,5.0,0.0,0.0,0.0
16.68,240.0,0.83,0.83,0.88,11.1,10.8,11.3,16.64,-5.6,0.11,-0.03,208.9,10.9,256.0,1.0,3.0,1702.0,697.0,1987.0,1.0,2019.0,16.7,177.1,1155.0,34.1,36.5,0.0,3.0,2067.6,0.0,16.83,14.7,60.5,61.1,57.6,59.3,58.6,56.2,56.7,59.1,54.5,53.1,28.0,36.0,24.3,27.5,58.0,55.0,25.0,0.0,0.0,0.0,6.0,6.0,4.0,0.0,28.0,28.0,29.0,37.0,39.0,38.0,36.0,36.0,34.0,44.92,44.81,44.76,49.0,480.0,5.1,0.0,0.0,0.0
16.39,112.0,0.23,0.23,0.28,12.2,14.6,13.5,16.27,-5.7,0.15,0.11,208.5,8.1,257.0,1.0,3.0,1587.0,696.0,1847.0,1.0,1856.0,16.2,159.7,1091.0,35.7,37.2,0.0,3.1,2067.6,0.0,16.83,14.7,60.3,60.8,57.3,59.1,58.3,56.0,56.4,58.8,54.5,53.1,28.0,36.0,24.3,27.3,57.0,54.0,25.0,0.0,0.0,0.0,6.0,6.0,4.0,0.0,28.0,28.0,29.0,37.0,39.0,38.0,36.0,36.0,34.0,44.92,44.8,44.76,49.0,480.0,5.1,0.0,0.0,0.0
16.07,336.0,0.24,0.25,0.29,12.7,15.0,12.2,15.92,-6.8,-0.02,0.23,208.8,10.1,257.0,1.0,3.0,1484.0,696.0,1714.0,1.0,1723.0,16.0,154.4,1030.0,31.5,34.1,0.0,3.0,2067.6,0.0,16.83,14.7,61.5,62.2,58.5,60.4,59.5,57.2,57.5,60.0,54.6,53.3,27.0,36.0,24.3,27.5,56.0,52.0,25.0,0.0,0.0,0.0,6.0,6.0,4.0,0.0,28.0,28.0,29.0,37.0,39.0,38.0,36.0,36.0,34.0,44.91,44.8,44.76,50.0,480.0,5.1,0.0,0.0,0.0
16.33,208.0,0.24,0.24,0.29,12.5,12.5,15.2,16.24,-0.6,0.11,-0.03,208.9,11.2,253.0,1.0,3.0,1572.0,695.0,1827.0,2.0,1823.0,16.1,156.2,1089.0,34.6,37.3,0.0,3.0,2067.6,0.0,16.83,14.8,58.3,58.9,55.4,57.1,56.3,54.1,54.5,56.6,54.2,52.8,28.0,36.0,24.1,27.3,58.0,54.0,25.0,0.0,0.0,0.0,6.0,6.0,4.0,0.0,28.0,28.0,29.0,37.0,39.0,38.0,36.0,36.0,34.0,44.92,44.81,44.76,49.0,480.0,5.1,0.0,0.0,0.0
16.23,232.0,0.25,0.25,0.3,14.5,12.3,13.6,16.09,1.3,0.08,-0.02,208.5,9.9,253.0,1.0,3.0,1610.0,696.0,1874.0,1.0,1876.0,16.3,166.4,1108.0,31.4,34.0,0.0,3.0,2067.6,0.0,16.83,14.7,59.3,59.9,56.5,58.3,57.5,55.3,55.6,57.9,54.3,53.0,28.0,36.0,24.1,27.3,55.0,51.0,25.0,0.0,0.0,0.0,6.0,6.0,4.0,0.0,28.0,28.0,29.0,37.0,39.0,38.0,36.0,36.0,34.0,44.91,44.81,44.76,49.0,480.0,5.1,0.0,0.0,0.0
16.49,104.0,0.24,0.24,0.29,13.5,16.2,12.1,16.78,-0.8,0.09,0.06,208.7,12.2,252.0,1.0,3.0,1631.0,696.0,1895.0,1.0,1908.0,16.5,169.4,1109.0,32.8,35.3,0.0,3.0,2067.6,0.0,16.83,14.7,58.8,59.3,55.9,57.6,56.9,54.7,55.0,57.3,54.3,52.9,28.0,36.0,24.1,27.3,57.0,54.0,25.0,0.0,0.0,0.0,6.0,6.0,4.0,0.0,28.0,28.0,29.0,37.0,39.0,38.0,36.0,36.0,34.0,44.92,44.8,44.76,49.0,480.0,5.1,0.0,0.0,0.0
16.0,48.0,0.24,0.24,0.29,13.9,14.6,11.8,15.77,2.0,0.21,-0.05,208.6,11.3,250.0,1.0,3.0,1501.0,696.0,1735.0,3.0,1740.0,16.1,153.2,1043.0,33.6,36.4,0.0,3.0,2067.6,0.0,16.83,14.8,58.6,59.0,55.7,57.5,56.7,54.4,54.8,57.0,54.3,52.8,28.0,36.0,24.1,27.3,55.0,52.0,25.0,0.0,0.0,0.0,6.0,6.0,4.0,0.0,28.0,28.0,29.0,37.0,39.0,38.0,36.0,36.0,34.0,44.92,44.81,44.76,49.0,480.0,5.1,0.0,0.0,0.0
16.02,32.0,0.24,0.24,0.29,12.0,14.0,13.4,16.04,-6.0,0.19,-0.12,208.7,8.9,256.0,1.0,3.0,1482.0,697.0,1711.0,1.0,1711.0,15.8,149.9,1035.0,30.8,33.5,0.0,3.0,2067.6,0.0,16.83,14.8,61.8,62.4,58.7,60.6,59.6,57.4,57.7,60.3,54.7,53.3,28.0,36.0,24.4,27.5,54.0,51.0,25.0,0.0,0.0,0.0,6.0,6.0,4.0,0.0,28.0,28.0,29.0,37.0,39.0,38.0,36.0,36.0,34.0,44.92,44.81,44.76,49.0,480.0,5.1,0.0,0.0,0.0
16.58,152.0,0.25,0.25,0.29,11.9,14.5,14.0,16.58,3.4,-0.06,0.02,208.7,11.5,252.0,1.0,3.0,1632.0,696.0,1899.0,0.0,1905.0,16.5,164.0,1111.0,35.1,37.0,0.0,3.1,2067.6,0.0,16.83,14.9,58.1,58.6,55.2,57.0,56.2,54.0,54.4,56.5,54.2,52.8,28.0,36.0,24.1,27.3,58.0,54.0,25.0,0.0,0.0,0.0,6.0,6.0,4.0,0.0,28.0,28.0,29.0,37.0,39.0,38.0,36.0,36.0,34.0,44.92,44.8,44.76,50.0,480.0,5.0,0.0,0.0,0.0
0.0,0.0,0.0,0.0,0.0,0.0,0.0,0.0,0.0,0.0,0.0,0.0,0.0,0.0,0.0,0.0,0.0,0.0,0.0,1757.0,0.0,0.0,0.0,0.0,0.0,0.0,0.0,0.0,0.0,0.0,0.0,0.0,0.0,0.0,0.0,0.0,0.0,0.0,0.0,0.0,0.0,0.0,0.0,0.0,0.0,0.0,0.0,0.0,0.0,0.0,0.0,0.0,0.0,0.0,0.0,0.0,0.0,0.0,0.0,0.0,0.0,0.0,0.0,0.0,0.0,0.0,0.0,0.0,0.0,0.0,0.0,0.0,0.0,0.0,0.0
16.14,312.0,0.24,0.25,0.29,14.9,12.9,12.7,16.0,-11.1,-0.03,-0.1,208.5,9.4,257.0,1.0,3.0,1579.0,696.0,1836.0,1.0,1876.0,16.2,164.0,1091.0,33.2,36.1,0.0,3.0,2067.6,0.0,16.83,14.7,60.7,61.4,57.8,59.6,58.7,56.6,56.8,59.2,54.6,53.1,28.0,36.0,24.3,27.5,57.0,54.0,25.0,0.0,0.0,0.0,6.0,6.0,4.0,0.0,28.0,28.0,29.0,37.0,39.0,38.0,36.0,36.0,34.0,44.92,44.8,44.76,49.0,480.0,5.1,0.0,0.0,0.0
16.39,192.0,0.24,0.25,0.29,14.4,12.6,13.6,16.59,-7.3,0.01,0.17,208.7,11.1,256.0,1.0,3.0,1651.0,696.0,1924.0,1.0,1923.0,16.5,164.4,1122.0,31.1,33.7,0.0,3.0,2067.6,0.0,16.83,14.7,61.7,62.3,58.7,60.6,59.6,57.3,57.7,60.2,54.6,53.2,28.0,36.0,24.3,27.5,51.0,49.0,25.0,0.0,0.0,0.0,6.0,6.0,4.0,0.0,28.0,28.0,29.0,37.0,39.0,38.0,36.0,36.0,34.0,44.92,44.81,44.76,49.0,480.0,5.1,0.0,0.0,0.0
16.07,248.0,0.25,0.25,0.29,14.1,13.1,13.5,16.0,-3.3,0.08,0.09,208.5,8.1,255.0,1.0,3.0,1572.0,696.0,1820.0,0.0,1831.0,16.0,164.2,1090.0,31.7,34.7,0.0,3.0,2067.6,0.0,16.83,14.7,59.1,59.8,56.3,58.0,57.2,55.0,55.3,57.5,54.3,52.9,28.0,36.0,24.1,27.3,57.0,53.0,25.0,0.0,0.0,0.0,6.0,6.0,4.0,0.0,28.0,28.0,29.0,37.0,39.0,38.0,36.0,36.0,34.0,44.91,44.81,44.76,50.0,480.0,5.1,0.0,0.0,0.0
16.25,8.0,0.25,0.25,0.29,12.1,15.1,12.5,16.03,-6.4,0.03,0.0,208.4,10.9,256.0,1.0,3.0,1540.0,696.0,1787.0,2.0,1790.0,16.1,155.6,1064.0,32.4,35.2,0.0,3.0,2067.6,0.0,16.83,14.7,61.1,61.7,58.1,60.0,59.1,56.9,57.1,59.6,54.6,53.2,28.0,36.0,24.3,27.5,56.0,53.0,25.0,0.0,0.0,0.0,6.0,6.0,4.0,0.0,28.0,28.0,29.0,37.0,39.0,38.0,36.0,36.0,34.0,44.92,44.8,44.76,49.0,480.0,5.0,0.0,0.0,0.0
16.0,0.0,0.25,0.25,0.29,13.5,12.1,14.5,15.83,-5.5,0.12,0.04,208.9,10.5,255.0,1.0,3.0,1512.0,696.0,1752.0,3.0,1771.0,16.0,153.7,1060.0,30.8,33.3,0.0,3.0,2067.6,0.0,16.83,14.7,59.8,60.3,56.8,58.6,57.8,55.6,55.9,58.2,54.4,53.0,28.0,36.0,24.1,27.3,51.0,48.0,25.0,0.0,0.0,0.0,6.0,6.0,4.0,0.0,28.0,28.0,29.0,37.0,39.0,38.0,36.0,36.0,34.0,44.92,44.8,44.76,50.0,480.0,5.1,0.0,0.0,0.0
16.11,96.0,0.24,0.25,0.29,13.2,15.0,12.2,15.99,-11.1,0.22,-0.03,208.7,9.6,257.0,1.0,3.0,1532.0,696.0,1774.0,3.0,1783.0,15.9,157.0,1064.0,33.5,36.4,0.0,3.0,2067.6,0.0,16.83,14.7,60.7,61.4,57.8,59.6,58.8,56.6,56.8,59.2,54.5,53.1,28.0,36.0,24.3,27.5,57.0,54.0,25.0,0.0,0.0,0.0,6.0,6.0,4.0,0.0,28.0,28.0,29.0,37.0,39.0,38.0,36.0,36.0,34.0,44.92,44.8,44.76,50.0,480.0,5.1,0.0,0.0,0.0
16.4,240.0,0.25,0.25,0.29,11.9,15.1,13.0,16.32,1.9,0.06,0.08,208.7,9.9,254.0,1.0,3.0,1584.0,696.0,1839.0,1.0,1849.0,16.2,164.7,1089.0,33.8,36.6,0.0,3.0,2067.6,0.0,16.83,14.7,60.6,61.2,57.7,59.4,58.6,56.4,56.7,59.1,54.5,53.1,28.0,36.0,24.3,27.5,58.0,55.0,25.0,0.0,0.0,0.0,6.0,6.0,4.0,0.0,28.0,28.0,29.0,37.0,39.0,38.0,36.0,36.0,34.0,44.92,44.8,44.75,50.0,480.0,5.1,0.0,0.0,0.0
17.41,184.0,3.31,3.31,3.37,10.4,10.6,10.8,17.24,-2.3,0.34,0.07,208.8,9.4,256.0,1.0,3.0,1770.0,695.0,2074.0,0.0,2076.0,17.2,182.7,1153.0,34.9,36.2,0.0,3.1,2067.6,0.0,16.83,14.7,60.1,60.6,57.1,58.9,58.1,55.7,56.3,58.6,54.5,53.1,28.0,36.0,24.3,27.3,58.0,55.0,25.0,0.0,0.0,0.0,6.0,6.0,4.0,0.0,28.0,28.0,29.0,37.0,39.0,38.0,36.0,36.0,34.0,44.92,44.81,44.76,49.0,480.0,5.0,0.0,0.0,0.0
16.17,80.0,0.25,0.25,0.29,13.3,12.1,14.6,16.38,-2.1,0.18,0.13,208.8,8.4,256.0,1.0,3.0,1579.0,696.0,1834.0,1.0,1835.0,16.1,162.8,1093.0,32.5,35.3,0.0,3.0,2067.6,0.0,16.83,14.7,61.1,61.7,58.1,60.0,59.1,56.9,57.1,59.5,54.6,53.2,27.0,36.0,24.3,27.5,57.0,53.0,25.0,0.0,0.0,0.0,6.0,6.0,4.0,0.0,28.0,28.0,29.0,37.0,39.0,38.0,36.0,36.0,34.0,44.92,44.8,44.76,49.0,480.0,5.1,0.0,0.0,0.0
16.53,16.0,0.25,0.25,0.3,13.6,15.7,12.2,16.37,-4.3,0.08,0.14,208.7,10.9,254.0,1.0,3.0,1639.0,696.0,1911.0,-1.0,1919.0,16.4,163.8,1112.0,31.1,34.2,0.0,3.0,2067.6,0.0,16.83,14.7,59.5,60.1,56.6,58.3,57.5,55.5,55.7,58.0,54.3,53.0,28.0,36.0,24.1,27.3,54.0,51.0,25.0,0.0,0.0,0.0,6.0,6.0,4.0,0.0,28.0,28.0,29.0,37.0,39.0,38.0,36.0,36.0,34.0,44.92,44.81,44.76,50.0,480.0,5.1,0.0,0.0,0.0
15.45,248.0,0.24,0.24,0.29,13.3,12.0,13.8,15.55,-4.8,0.05,-0.01,208.5,8.0,256.0,1.0,3.0,1367.0,696.0,1569.0,1.0,1575.0,15.5,139.5,975.0,31.4,33.5,0.0,3.0,2067.6,0.0,16.83,14.7,61.8,62.4,58.8,60.6,59.7,57.5,57.8,60.4,54.7,53.3,28.0,36.0,24.4,27.5,53.0,50.0,25.0,0.0,0.0,0.0,6.0,6.0,4.0,0.0,28.0,28.0,29.0,37.0,39.0,38.0,36.0,36.0,34.0,44.92,44.8,44.76,49.0,480.0,5.1,0.0,0.0,0.0
16.42,344.0,0.25,0.25,0.29,12.0,13.8,14.3,16.45,-8.0,0.09,0.06,208.5,9.2,256.0,1.0,3.0,1578.0,696.0,1831.0,-1.0,1825.0,16.1,159.1,1089.0,33.1,35.0,0.0,3.0,2067.6,0.0,16.83,14.7,59.9,60.4,56.8,58.7,57.8,55.6,56.1,58.5,54.4,53.0,27.0,36.0,24.2,27.3,54.0,51.0,25.0,0.0,0.0,0.0,6.0,6.0,4.0,0.0,28.0,28.0,29.0,37.0,39.0,38.0,36.0,36.0,34.0,44.92,44.8,44.76,50.0,480.0,5.0,0.0,0.0,0.0
16.34,64.0,0.25,0.25,0.3,14.2,12.9,13.4,16.36,-9.3,0.07,-0.14,208.7,11.3,258.0,1.0,3.0,1612.0,697.0,1883.0,-1.0,1886.0,16.2,168.9,1111.0,31.6,35.0,0.0,3.0,2067.6,0.0,16.83,14.7,61.3,61.9,58.3,60.1,59.3,57.1,57.3,59.8,54.6,53.2,28.0,36.0,24.3,27.5,56.0,53.0,25.0,0.0,0.0,0.0,6.0,6.0,4.0,0.0,28.0,28.0,29.0,37.0,39.0,38.0,36.0,36.0,34.0,44.92,44.8,44.76,50.0,480.0,5.1,0.0,0.0,0.0
16.6,224.0,0.78,0.78,0.82,12.0,11.1,11.3,16.61,-5.4,0.24,-0.14,209.3,10.6,255.0,1.0,3.0,1690.0,696.0,1977.0,-1.0,2012.0,16.6,174.4,1150.0,33.2,36.0,0.0,3.0,2067.6,0.0,16.83,14.7,60.6,61.3,57.7,59.5,58.7,56.5,56.8,59.1,54.5,53.1,28.0,36.0,24.3,27.5,58.0,55.0,25.0,0.0,0.0,0.0,6.0,6.0,4.0,0.0,28.0,28.0,29.0,37.0,39.0,38.0,36.0,36.0,34.0,44.91,44.81,44.75,49.0,480.0,5.0,0.0,0.0,0.0
16.39,352.0,0.25,0.25,0.3,14.5,12.1,14.3,16.32,-0.7,0.19,0.19,208.6,8.9,257.0,1.0,3.0,1635.0,697.0,1905.0,1.0,1908.0,16.3,166.5,1119.0,32.1,34.9,0.0,3.0,2067.6,0.0,16.83,14.7,61.4,62.0,58.3,60.2,59.4,57.1,57.3,59.8,54.6,53.2,27.0,36.0,24.3,27.5,56.0,52.0,25.0,0.0,0.0,0.0,6.0,6.0,4.0,0.0,28.0,28.0,29.0,37.0,39.0,38.0,36.0,36.0,34.0,44.92,44.8,44.76,50.0,480.0,5.1,0.0,0.0,0.0
16.31,24.0,0.25,0.25,0.29,15.2,14.4,12.3,16.18,0.6,0.12,-0.02,208.6,9.4,252.0,1.0,3.0,1613.0,695.0,1874.0,1.0,1887.0,16.3,167.2,1108.0,33.5,35.1,0.0,3.1,2067.6,0.0,16.83,14.8,57.9,58.3,54.9,56.7,55.8,53.7,54.1,56.3,54.2,52.7,28.0,36.0,24.1,27.3,55.0,51.0,25.0,0.0,0.0,0.0,6.0,6.0,4.0,0.0,28.0,28.0,29.0,37.0,39.0,38.0,36.0,36.0,34.0,44.92,44.8,44.76,49.0,480.0,5.1,0.0,0.0,0.0
16.17,24.0,0.23,0.23,0.28,13.4,12.5,14.8,16.28,-2.9,0.09,0.08,208.6,9.7,256.0,1.0,3.0,1556.0,696.0,1807.0,1.0,1804.0,16.1,160.2,1084.0,35.2,37.6,0.0,3.0,2067.6,0.0,16.83,14.7,60.3,60.9,57.4,59.2,58.4,56.1,56.5,58.8,54.5,53.1,27.0,36.0,24.3,27.3,58.0,55.0,25.0,0.0,0.0,0.0,6.0,6.0,4.0,0.0,28.0,28.0,29.0,37.0,39.0,38.0,36.0,36.0,34.0,44.92,44.8,44.76,50.0,480.0,5.1,0.0,0.0,0.0
16.43,16.0,0.25,0.25,0.29,12.8,14.1,15.6,16.4,-0.9,0.05,0.03,208.5,10.0,253.0,1.0,3.0,1618.0,696.0,1879.0,2.0,1915.0,16.4,163.3,1111.0,31.4,33.9,0.0,3.0,2067.6,0.0,16.83,14.7,59.5,60.1,56.7,58.4,57.6,55.5,55.7,58.0,54.4,53.0,28.0,36.0,24.1,27.3,54.0,50.0,25.0,0.0,0.0,0.0,6.0,6.0,4.0,0.0,28.0,28.0,29.0,37.0,39.0,38.0,36.0,36.0,34.0,44.92,44.8,44.76,50.0,480.0,5.1,0.0,0.0,0.0
16.09,72.0,0.25,0.25,0.29,15.2,12.5,13.0,15.79,-1.8,0.01,-0.12,208.9,10.6,255.0,1.0,3.0,1541.0,695.0,1787.0,2.0,1789.0,16.0,158.8,1069.0,31.3,33.1,0.0,3.0,2067.6,0.0,16.83,14.7,59.8,60.3,56.8,58.6,57.8,55.5,55.9,58.3,54.4,53.0,28.0,36.0,24.1,27.3,52.0,49.0,25.0,0.0,0.0,0.0,6.0,6.0,4.0,0.0,28.0,28.0,29.0,37.0,39.0,38.0,36.0,36.0,34.0,44.91,44.81,44.76,49.0,480.0,5.0,0.0,0.0,0.0
16.44,176.0,0.42,0.42,0.47,11.2,10.9,12.0,16.48,-3.4,0.14,-0.09,209.0,9.9,254.0,1.0,3.0,1647.0,696.0,1921.0,1.0,1935.0,16.3,169.1,1131.0,31.9,34.4,0.0,3.0,2067.6,0.0,16.83,14.7,59.3,59.9,56.5,58.2,57.4,55.3,55.5,57.8,54.3,52.9,28.0,36.0,24.1,27.3,54.0,51.0,25.0,0.0,0.0,0.0,6.0,6.0,4.0,0.0,28.0,28.0,29.0,37.0,39.0,38.0,36.0,36.0,34.0,44.92,44.8,44.76,50.0,480.0,5.1,0.0,0.0,0.0
17.15,264.0,3.06,3.06,3.1,17.7,16.5,17.3,16.94,-5.7,0.11,0.1,208.5,11.5,253.0,1.0,3.0,1755.0,696.0,2056.0,1.0,2057.0,17.1,181.8,1155.0,32.5,35.3,0.0,3.0,2067.6,0.0,16.83,14.7,58.9,59.4,56.0,57.7,57.0,54.8,55.0,57.3,54.3,52.9,27.0,35.0,24.1,27.3,57.0,53.0,25.0,0.0,0.0,0.0,6.0,6.0,4.0,0.0,28.0,28.0,29.0,37.0,39.0,38.0,35.0,35.0,34.0,44.91,44.81,44.76,49.0,480.0,5.0,0.0,0.0,0.0
16.5,8.0,0.77,0.77,0.82,15.9,12.7,15.3,16.34,-3.9,0.09,-0.05,208.7,10.4,257.0,1.0,3.0,1688.0,696.0,1970.0,2.0,1947.0,16.4,172.7,1145.0,33.1,35.9,0.0,3.0,2067.6,0.0,16.83,14.7,60.9,61.6,58.0,59.8,58.9,56.7,57.0,59.5,54.5,53.2,27.0,35.0,24.3,27.5,57.0,53.0,25.0,0.0,0.0,0.0,6.0,6.0,4.0,0.0,28.0,28.0,29.0,37.0,39.0,38.0,35.0,35.0,34.0,44.92,44.8,44.75,50.0,480.0,5.1,0.0,0.0,0.0
16.15,264.0,0.24,0.24,0.28,13.0,12.2,14.7,16.17,-4.8,0.03,-0.07,209.2,10.6,254.0,1.0,3.0,1534.0,696.0,1779.0,0.0,1795.0,16.1,156.7,1079.0,32.1,35.0,0.0,3.0,2067.6,0.0,16.83,14.7,58.9,59.5,56.1,57.8,57.1,54.8,55.1,57.4,54.3,52.9,28.0,36.0,24.1,27.3,58.0,54.0,25.0,0.0,0.0,0.0,6.0,6.0,4.0,0.0,28.0,28.0,29.0,37.0,39.0,38.0,36.0,36.0,34.0,44.91,44.81,44.76,50.0,490.0,5.1,0.0,0.0,0.0
16.85,184.0,0.98,0.98,1.02,12.2,12.4,11.1,16.68,-5.4,0.11,-0.02,209.0,11.9,257.0,1.0,3.0,1751.0,695.0,2040.0,0.0,2078.0,17.0,175.1,1165.0,34.8,36.4,0.0,3.1,2067.6,0.0,16.83,14.7,60.0,60.6,57.0,58.9,58.0,55.6,56.3,58.6,54.4,53.1,28.0,36.0,24.3,27.3,57.0,54.0,25.0,0.0,0.0,0.0,6.0,6.0,4.0,0.0,28.0,28.0,29.0,37.0,39.0,38.0,36.0,36.0,34.0,44.92,44.81,44.76,49.0,480.0,5.0,0.0,0.0,0.0
16.18,8.0,0.25,0.25,0.29,14.2,12.2,14.2,16.21,-3.6,0.06,-0.05,208.8,11.4,253.0,1.0,3.0,1591.0,696.0,1853.0,1.0,1859.0,16.0,163.0,1100.0,35.0,36.2,0.0,3.1,2067.6,0.0,16.83,14.9,58.1,58.6,55.1,56.9,56.2,53.9,54.3,56.5,54.2,52.8,27.0,36.0,24.1,27.3,58.0,54.0,25.0,0.0,0.0,0.0,6.0,6.0,4.0,0.0,28.0,28.0,29.0,37.0,39.0,38.0,36.0,36.0,34.0,44.92,44.81,44.76,49.0,480.0,5.0,0.0,0.0,0.0
16.1,352.0,0.24,0.25,0.29,15.5,13.8,12.0,16.49,5.6,0.19,0.0,208.7,10.4,251.0,1.0,3.0,1595.0,696.0,1852.0,3.0,1856.0,16.1,166.8,1094.0,34.0,37.1,0.0,3.0,2067.6,0.0,16.83,14.7,58.4,59.0,55.5,57.2,56.4,54.2,54.6,56.8,54.2,52.9,27.0,36.0,24.1,27.3,58.0,54.0,25.0,0.0,0.0,0.0,6.0,6.0,4.0,0.0,28.0,28.0,29.0,37.0,39.0,38.0,36.0,36.0,34.0,44.92,44.8,44.75,50.0,480.0,5.0,0.0,0.0,0.0
16.58,48.0,0.71,0.71,0.75,17.6,15.7,15.0,16.56,-2.8,0.07,0.02,208.7,9.7,252.0,1.0,3.0,1704.0,696.0,1986.0,1.0,2003.0,16.7,174.6,1146.0,33.0,35.6,0.0,3.0,2067.6,0.0,16.83,14.7,58.7,59.3,55.8,57.6,56.8,54.6,55.0,57.2,54.3,52.9,27.0,35.0,24.1,27.3,57.0,54.0,25.0,0.0,0.0,0.0,6.0,6.0,4.0,0.0,28.0,28.0,29.0,37.0,39.0,38.0,35.0,35.0,34.0,44.92,44.8,44.76,50.0,480.0,5.1,0.0,0.0,0.0
16.68,312.0,0.49,0.49,0.54,10.8,11.4,12.9,16.48,-8.2,0.23,-0.08,208.6,10.5,256.0,1.0,3.0,1661.0,696.0,1933.0,1.0,1948.0,16.5,168.6,1129.0,33.9,36.7,0.0,3.0,2067.6,0.0,16.83,14.7,60.5,61.1,57.6,59.3,58.6,56.3,56.7,59.1,54.5,53.1,28.0,36.0,24.3,27.5,59.0,55.0,25.0,0.0,0.0,0.0,6.0,6.0,4.0,0.0,28.0,28.0,29.0,37.0,39.0,38.0,36.0,36.0,34.0,44.92,44.81,44.76,50.0,480.0,5.1,0.0,0.0,0.0
16.67,192.0,0.54,0.54,0.58,13.9,18.1,14.9,16.62,-3.6,0.08,-0.07,208.5,10.6,252.0,1.0,3.0,1673.0,696.0,1949.0,2.0,1956.0,16.5,169.9,1130.0,32.6,35.3,0.0,3.0,2067.6,0.0,16.83,14.7,58.7,59.3,55.8,57.6,56.8,54.6,55.0,57.2,54.3,52.9,28.0,35.0,24.1,27.3,57.0,54.0,25.0,0.0,0.0,0.0,6.0,6.0,4.0,0.0,28.0,28.0,29.0,37.0,39.0,38.0,35.0,35.0,34.0,44.92,44.81,44.76,50.0,480.0,5.1,0.0,0.0,0.0
16.08,32.0,0.24,0.24,0.29,11.9,15.2,12.4,15.96,-6.3,0.12,0.09,208.5,11.3,257.0,1.0,3.0,1456.0,696.0,1678.0,-1.0,1684.0,15.8,144.1,1017.0,31.8,33.5,0.0,3.0,2067.6,0.0,16.83,14.8,61.8,62.4,58.8,60.7,59.7,57.5,57.8,60.4,54.7,53.3,27.0,36.0,24.4,27.5,51.0,49.0,25.0,0.0,0.0,0.0,6.0,6.0,4.0,0.0,28.0,28.0,29.0,37.0,39.0,38.0,36.0,36.0,34.0,44.92,44.8,44.76,49.0,480.0,5.1,0.0,0.0,0.0
16.27,144.0,0.25,0.25,0.29,13.2,12.5,14.3,16.09,-7.5,0.08,0.12,208.4,10.3,254.0,1.0,3.0,1586.0,696.0,1838.0,-1.0,1858.0,16.2,157.9,1093.0,31.2,34.1,0.0,3.0,2067.6,0.0,16.83,14.7,59.7,60.2,56.7,58.4,57.7,55.5,55.8,58.1,54.4,53.0,27.0,36.0,24.1,27.3,53.0,50.0,25.0,0.0,0.0,0.0,6.0,6.0,4.0,0.0,28.0,28.0,29.0,37.0,39.0,38.0,36.0,36.0,34.0,44.92,44.81,44.76,49.0,480.0,5.1,0.0,0.0,0.0
16.69,136.0,0.64,0.64,0.68,11.4,11.1,12.2,16.72,-6.7,0.02,0.02,208.5,10.2,257.0,1.0,3.0,1684.0,697.0,1964.0,1.0,1974.0,16.5,170.3,1144.0,32.4,35.0,0.0,3.0,2067.6,0.0,16.83,14.7,61.2,61.8,58.2,60.1,59.2,57.0,57.3,59.7,54.6,53.2,28.0,36.0,24.3,27.5,55.0,52.0,25.0,0.0,0.0,0.0,6.0,6.0,4.0,0.0,28.0,28.0,29.0,37.0,39.0,38.0,36.0,36.0,34.0,44.91,44.81,44.76,49.0,480.0,5.1,0.0,0.0,0.0
15.47,264.0,0.24,0.25,0.29,12.9,12.0,14.3,15.62,-2.5,0.09,0.18,208.6,7.3,256.0,1.0,3.0,1345.0,696.0,1542.0,0.0,1547.0,15.4,136.9,963.0,31.4,34.0,0.0,3.0,2067.6,0.0,16.83,14.7,61.7,62.3,58.7,60.5,59.6,57.3,57.6,60.1,54.6,53.2,28.0,36.0,24.3,27.5,53.0,50.0,25.0,0.0,0.0,0.0,6.0,6.0,4.0,0.0,28.0,28.0,29.0,37.0,39.0,38.0,36.0,36.0,34.0,44.92,44.8,44.76,49.0,480.0,5.1,0.0,0.0,0.0
16.39,168.0,0.25,0.25,0.29,12.5,12.7,14.5,16.34,1.9,-0.03,0.08,208.7,11.4,255.0,1.0,3.0,1606.0,697.0,1857.0,2.0,1880.0,16.3,161.2,1102.0,33.8,36.2,0.0,3.0,2067.6,0.0,16.83,14.7,60.6,61.2,57.6,59.4,58.6,56.4,56.7,59.1,54.5,53.1,27.0,36.0,24.3,27.5,59.0,55.0,25.0,0.0,0.0,0.0,6.0,6.0,4.0,0.0,28.0,28.0,29.0,37.0,39.0,38.0,36.0,36.0,34.0,44.92,44.81,44.76,50.0,490.0,5.1,0.0,0.0,0.0
16.62,152.0,0.29,0.29,0.33,10.5,13.1,14.2,16.38,2.0,0.16,0.08,208.6,11.3,252.0,1.0,3.0,1643.0,696.0,1913.0,1.0,1926.0,16.6,167.6,1125.0,34.2,37.2,0.0,3.1,2067.6,0.0,16.83,14.8,58.3,58.9,55.4,57.2,56.4,54.1,54.6,56.7,54.2,52.9,27.0,36.0,24.1,27.3,56.0,53.0,25.0,0.0,0.0,0.0,6.0,6.0,4.0,0.0,28.0,28.0,29.0,37.0,39.0,38.0,36.0,36.0,34.0,44.92,44.8,44.76,49.0,480.0,5.1,0.0,0.0,0.0
16.29,240.0,0.31,0.32,0.36,16.3,16.3,15.0,16.45,-4.3,0.09,0.11,208.8,9.7,256.0,1.0,3.0,1642.0,696.0,1912.0,1.0,1926.0,16.2,167.9,1120.0,34.1,36.5,0.0,3.0,2067.6,0.0,16.83,14.7,60.5,61.2,57.6,59.4,58.6,56.3,56.7,59.1,54.5,53.1,28.0,36.0,24.3,27.5,59.0,55.0,25.0,0.0,0.0,0.0,6.0,6.0,4.0,0.0,28.0,28.0,29.0,37.0,39.0,38.0,36.0,36.0,34.0,44.92,44.81,44.76,50.0,480.0,5.1,0.0,0.0,0.0
16.17,48.0,0.24,0.24,0.29,14.6,14.1,12.0,16.17,-5.7,0.14,0.02,208.9,10.9,256.0,1.0,3.0,1591.0,697.0,1856.0,0.0,1895.0,16.3,166.0,1095.0,31.0,33.5,0.0,3.0,2067.6,0.0,16.83,14.8,61.7,62.3,58.7,60.6,59.6,57.4,57.7,60.3,54.7,53.2,28.0,36.0,24.3,27.5,54.0,51.0,25.0,0.0,0.0,0.0,6.0,6.0,4.0,0.0,28.0,28.0,29.0,37.0,39.0,38.0,36.0,36.0,34.0,44.91,44.81,44.76,50.0,480.0,5.1,0.0,0.0,0.0
15.9,64.0,0.24,0.25,0.29,15.0,13.4,12.2,15.61,2.0,0.08,-0.05,208.7,8.4,253.0,1.0,3.0,1477.0,696.0,1708.0,-1.0,1716.0,15.8,152.6,1034.0,35.2,37.5,0.0,3.0,2067.6,0.0,16.83,14.8,58.2,58.8,55.3,57.1,56.3,54.0,54.5,56.6,54.2,52.8,28.0,36.0,24.1,27.3,58.0,54.0,25.0,0.0,0.0,0.0,6.0,6.0,4.0,0.0,28.0,28.0,29.0,37.0,39.0,38.0,36.0,36.0,34.0,44.92,44.81,44.75,49.0,480.0,5.1,0.0,0.0,0.0
16.39,176.0,0.24,0.24,0.29,13.4,12.2,15.6,16.63,-0.6,0.09,0.0,208.5,9.7,252.0,1.0,3.0,1640.0,696.0,1909.0,1.0,1925.0,16.3,169.7,1123.0,32.6,35.5,0.0,3.0,2067.6,0.0,16.83,14.7,58.8,59.3,55.9,57.6,56.9,54.7,55.0,57.3,54.3,52.9,28.0,36.0,24.1,27.3,57.0,54.0,25.0,0.0,0.0,0.0,6.0,6.0,4.0,0.0,28.0,28.0,29.0,37.0,39.0,38.0,36.0,36.0,34.0,44.92,44.8,44.76,49.0,490.0,5.1,0.0,0.0,0.0
16.69,208.0,0.48,0.48,0.53,12.2,17.5,14.3,16.6,1.5,0.21,0.02,208.9,8.7,252.0,1.0,3.0,1672.0,696.0,1952.0,0.0,1948.0,16.5,169.8,1129.0,34.0,36.8,0.0,3.0,2067.6,0.0,16.83,14.8,58.3,58.9,55.4,57.2,56.4,54.1,54.6,56.7,54.2,52.9,28.0,35.0,24.1,27.3,57.0,53.0,25.0,0.0,0.0,0.0,6.0,6.0,4.0,0.0,28.0,28.0,29.0,37.0,39.0,38.0,35.0,35.0,34.0,44.92,44.81,44.75,49.0,480.0,5.1,0.0,0.0,0.0
16.39,192.0,0.24,0.24,0.29,11.8,13.9,13.4,16.35,-0.6,0.04,0.04,208.6,11.8,251.0,1.0,3.0,1522.0,695.0,1760.0,2.0,1774.0,16.0,152.8,1056.0,33.3,36.4,0.0,3.0,2067.6,0.0,16.83,14.8,58.6,59.0,55.7,57.5,56.7,54.4,54.8,57.0,54.3,52.8,28.0,36.0,24.1,27.3,55.0,52.0,25.0,0.0,0.0,0.0,6.0,6.0,4.0,0.0,28.0,28.0,29.0,37.0,39.0,38.0,36.0,36.0,34.0,44.92,44.81,44.76,50.0,480.0,5.1,0.0,0.0,0.0
16.26,208.0,0.25,0.25,0.29,13.7,12.0,14.6,16.16,-3.0,0.14,0.12,208.8,7.9,257.0,1.0,3.0,1591.0,696.0,1845.0,2.0,1819.0,16.1,158.8,1096.0,32.4,35.2,0.0,3.0,2067.6,0.0,16.83,14.7,61.1,61.7,58.2,60.0,59.2,57.0,57.2,59.7,54.6,53.2,28.0,36.0,24.3,27.5,55.0,52.0,25.0,0.0,0.0,0.0,6.0,6.0,4.0,0.0,28.0,28.0,29.0,37.0,39.0,38.0,36.0,36.0,34.0,44.92,44.8,44.76,49.0,480.0,5.1,0.0,0.0,0.0
16.68,8.0,0.6,0.6,0.64,10.9,10.9,12.0,16.6,-4.4,0.11,0.05,208.5,11.2,253.0,1.0,3.0,1673.0,696.0,1949.0,0.0,1971.0,16.5,168.3,1138.0,35.6,36.8,0.0,3.1,2067.6,0.0,16.83,14.9,58.1,58.7,55.2,57.0,56.2,54.0,54.4,56.5,54.2,52.8,28.0,35.0,24.1,27.3,58.0,54.0,25.0,0.0,0.0,0.0,6.0,6.0,4.0,0.0,28.0,28.0,29.0,37.0,39.0,38.0,35.0,35.0,34.0,44.92,44.81,44.76,49.0,480.0,5.1,0.0,0.0,0.0
15.86,192.0,1.16,1.17,1.22,18.8,16.1,15.7,15.99,-2.0,-0.01,-0.03,208.7,6.8,254.0,1.0,3.0,1587.0,696.0,1845.0,2.0,1846.0,15.9,166.0,1111.0,32.7,35.2,0.0,3.0,2067.6,0.0,16.83,14.7,58.9,59.5,56.0,57.8,57.0,54.8,55.1,57.4,54.3,52.9,28.0,35.0,24.1,27.3,58.0,54.0,25.0,0.0,0.0,0.0,6.0,6.0,4.0,0.0,28.0,28.0,29.0,37.0,39.0,38.0,35.0,35.0,34.0,44.92,44.81,44.76,50.0,480.0,5.1,0.0,0.0,0.0
16.17,176.0,0.24,0.24,0.29,12.4,12.7,14.0,16.15,-4.8,0.11,0.16,208.7,10.2,257.0,1.0,3.0,1510.0,697.0,1747.0,1.0,1749.0,16.0,150.4,1056.0,31.5,33.4,0.0,3.0,2067.6,0.0,16.83,14.8,61.8,62.4,58.8,60.7,59.7,57.5,57.8,60.4,54.7,53.3,28.0,36.0,24.4,27.5,51.0,49.0,25.0,0.0,0.0,0.0,6.0,6.0,4.0,0.0,28.0,28.0,29.0,37.0,39.0,38.0,36.0,36.0,34.0,44.92,44.8,44.76,49.0,480.0,5.1,0.0,0.0,0.0
17.09,336.0,1.16,1.16,1.2,10.6,11.6,10.9,17.16,-5.5,-0.03,-0.04,208.5,11.3,253.0,1.0,3.0,1767.0,696.0,2070.0,1.0,2063.0,16.9,178.3,1169.0,32.7,35.3,0.0,3.0,2067.6,0.0,16.83,14.7,58.8,59.4,55.9,57.7,56.9,54.8,55.0,57.3,54.3,52.9,30.0,36.0,24.1,27.3,57.0,53.0,25.0,0.0,0.0,0.0,6.0,6.0,4.0,0.0,28.0,28.0,29.0,37.0,39.0,38.0,36.0,36.0,34.0,44.92,44.81,44.76,49.0,480.0,5.0,0.0,0.0,0.0
16.2,64.0,0.24,0.25,0.29,13.5,15.2,12.2,16.09,1.5,0.03,0.02,208.5,10.3,251.0,1.0,3.0,1585.0,696.0,1840.0,2.0,1834.0,16.2,163.5,1090.0,33.7,36.4,0.0,3.0,2067.6,0.0,16.83,14.7,58.4,59.0,55.6,57.3,56.5,54.2,54.7,56.8,54.2,52.9,27.0,36.0,24.1,27.3,57.0,53.0,25.0,0.0,0.0,0.0,6.0,6.0,4.0,0.0,28.0,28.0,29.0,37.0,39.0,38.0,36.0,36.0,34.0,44.92,44.8,44.76,50.0,480.0,5.1,0.0,0.0,0.0
15.57,176.0,0.24,0.24,0.29,14.4,13.3,12.8,15.48,-4.9,0.07,-0.04,208.7,8.7,256.0,1.0,3.0,1399.0,696.0,1612.0,4.0,1627.0,15.5,146.3,996.0,31.1,33.5,0.0,3.0,2067.6,0.0,16.83,14.7,61.8,62.4,58.7,60.6,59.7,57.5,57.8,60.4,54.7,53.3,28.0,36.0,24.4,27.5,53.0,50.0,25.0,0.0,0.0,0.0,6.0,6.0,4.0,0.0,28.0,28.0,29.0,37.0,39.0,38.0,36.0,36.0,34.0,44.92,44.8,44.76,49.0,480.0,5.1,0.0,0.0,0.0
15.98,72.0,0.25,0.25,0.29,12.1,14.8,12.0,15.7,-3.1,0.09,0.03,209.2,11.1,255.0,1.0,3.0,1446.0,695.0,1669.0,1.0,1673.0,15.9,143.5,1009.0,32.9,34.4,0.0,3.0,2067.6,0.0,16.83,14.7,59.8,60.4,56.8,58.6,57.8,55.5,56.0,58.4,54.4,53.0,28.0,36.0,24.1,27.3,54.0,51.0,25.0,0.0,0.0,0.0,6.0,6.0,4.0,0.0,28.0,28.0,29.0,37.0,39.0,38.0,36.0,36.0,34.0,44.92,44.81,44.76,50.0,480.0,5.1,0.0,0.0,0.0
16.3,0.0,0.25,0.25,0.29,14.2,14.3,12.2,16.27,-4.7,0.31,0.12,208.6,9.8,255.0,1.0,3.0,1597.0,696.0,1850.0,2.0,1872.0,16.3,160.4,1092.0,32.6,34.3,0.0,3.0,2067.6,0.0,16.83,14.7,59.8,60.4,56.8,58.7,57.8,55.5,56.1,58.4,54.4,53.0,27.0,36.0,24.2,27.3,54.0,51.0,25.0,0.0,0.0,0.0,6.0,6.0,4.0,0.0,28.0,28.0,29.0,37.0,39.0,38.0,36.0,36.0,34.0,44.92,44.81,44.76,49.0,480.0,5.1,0.0,0.0,0.0
16.31,280.0,0.24,0.24,0.29,14.5,12.7,12.9,16.34,2.7,0.02,0.02,208.5,10.8,251.0,1.0,3.0,1610.0,696.0,1874.0,0.0,1878.0,16.3,164.7,1106.0,34.0,36.7,0.0,3.0,2067.6,0.0,16.83,14.7,58.4,59.0,55.6,57.3,56.5,54.2,54.7,56.8,54.2,52.9,28.0,36.0,24.1,27.3,57.0,53.0,25.0,0.0,0.0,0.0,6.0,6.0,4.0,0.0,28.0,28.0,29.0,37.0,39.0,38.0,36.0,36.0,34.0,44.92,44.8,44.76,49.0,480.0,5.1,0.0,0.0,0.0
15.74,16.0,0.25,0.25,0.29,11.8,13.4,13.4,15.59,-0.8,0.05,0.17,208.8,10.3,254.0,1.0,3.0,1399.0,696.0,1603.0,0.0,1603.0,15.8,137.6,988.0,30.8,33.5,0.0,3.0,2067.6,0.0,16.83,14.7,59.8,60.3,56.8,58.5,57.8,55.5,55.8,58.2,54.4,53.0,28.0,36.0,24.1,27.3,52.0,49.0,25.0,0.0,0.0,0.0,6.0,6.0,4.0,0.0,28.0,28.0,29.0,37.0,39.0,38.0,36.0,36.0,34.0,44.92,44.8,44.76,49.0,480.0,5.1,0.0,0.0,0.0
15.99,264.0,0.24,0.25,0.29,14.6,12.5,13.6,16.11,3.2,0.18,0.09,208.5,10.0,250.0,1.0,3.0,1494.0,696.0,1727.0,2.0,1735.0,15.9,151.6,1043.0,33.5,36.4,0.0,3.0,2067.6,0.0,16.83,14.8,58.6,59.0,55.7,57.5,56.6,54.4,54.8,57.0,54.3,52.8,28.0,36.0,24.1,27.3,55.0,52.0,25.0,0.0,0.0,0.0,6.0,6.0,4.0,0.0,28.0,28.0,29.0,37.0,39.0,38.0,36.0,36.0,34.0,44.92,44.81,44.76,49.0,480.0,5.1,0.0,0.0,0.0
15.86,248.0,0.24,0.24,0.29,14.8,14.5,12.0,15.69,-7.9,0.06,-0.12,208.5,8.0,257.0,1.0,3.0,1446.0,696.0,1664.0,1.0,1676.0,15.8,143.1,1008.0,31.7,33.3,0.0,3.0,2067.6,0.0,16.83,14.8,61.8,62.4,58.8,60.7,59.7,57.5,57.8,60.4,54.7,53.3,28.0,36.0,24.4,27.5,51.0,49.0,25.0,0.0,0.0,0.0,6.0,6.0,4.0,0.0,28.0,28.0,29.0,37.0,39.0,38.0,36.0,36.0,34.0,44.92,44.8,44.76,50.0,480.0,5.0,0.0,0.0,0.0
16.55,24.0,0.25,0.25,0.29,13.5,12.2,15.0,16.39,0.8,0.17,0.08,208.9,9.1,251.0,1.0,3.0,1639.0,696.0,1909.0,2.0,1891.0,16.4,167.8,1128.0,34.2,35.4,0.0,3.1,2067.6,0.0,16.83,14.8,57.9,58.3,55.0,56.8,55.9,53.7,54.2,56.3,54.2,52.8,28.0,36.0,24.1,27.3,56.0,52.0,25.0,0.0,0.0,0.0,6.0,6.0,4.0,0.0,28.0,28.0,29.0,37.0,39.0,38.0,36.0,36.0,34.0,44.92,44.8,44.76,48.0,480.0,5.1,0.0,0.0,0.0
16.28,8.0,0.24,0.25,0.29,14.5,13.4,13.5,16.26,-1.6,-0.22,0.11,208.9,11.0,253.0,1.0,3.0,1605.0,696.0,1861.0,2.0,1878.0,16.1,164.2,1103.0,35.3,36.9,0.0,3.1,2067.6,0.0,16.83,14.8,58.2,58.8,55.3,57.0,56.2,54.0,54.4,56.5,54.2,52.8,28.0,36.0,24.1,27.3,59.0,55.0,25.0,0.0,0.0,0.0,6.0,6.0,4.0,0.0,28.0,28.0,29.0,37.0,39.0,38.0,36.0,36.0,34.0,44.92,44.8,44.76,50.0,480.0,5.0,0.0,0.0,0.0
16.18,328.0,0.23,0.23,0.28,14.3,12.9,13.2,16.02,-1.4,0.11,0.12,208.5,9.0,256.0,1.0,3.0,1601.0,697.0,1864.0,0.0,1841.0,16.1,166.9,1105.0,35.0,37.2,0.0,3.0,2067.6,0.0,16.83,14.7,60.3,60.9,57.4,59.2,58.4,56.1,56.5,58.8,54.5,53.1,28.0,36.0,24.3,27.3,58.0,55.0,25.0,0.0,0.0,0.0,6.0,6.0,4.0,0.0,28.0,28.0,29.0,37.0,39.0,38.0,36.0,36.0,34.0,44.92,44.8,44.76,50.0,480.0,5.1,0.0,0.0,0.0
16.78,312.0,1.12,1.12,1.16,12.2,11.1,12.1,16.23,0.1,0.03,0.09,208.8,9.8,255.0,1.0,3.0,1736.0,696.0,2024.0,2.0,2036.0,16.7,175.3,1168.0,33.7,36.7,0.0,3.0,2067.6,0.0,16.83,14.7,60.4,61.0,57.5,59.2,58.5,56.2,56.7,59.0,54.5,53.1,28.0,35.0,24.3,27.5,57.0,54.0,25.0,0.0,0.0,0.0,6.0,6.0,4.0,0.0,28.0,28.0,29.0,37.0,39.0,38.0,35.0,35.0,34.0,44.92,44.8,44.76,49.0,480.0,5.1,0.0,0.0,0.0
16.29,296.0,0.25,0.25,0.29,11.8,13.8,13.6,16.12,-3.9,0.24,-0.04,208.6,9.5,256.0,1.0,3.0,1549.0,696.0,1797.0,1.0,1813.0,16.0,156.9,1077.0,32.8,35.5,0.0,3.0,2067.6,0.0,16.83,14.7,61.0,61.7,58.1,60.0,59.1,56.8,57.1,59.5,54.6,53.2,28.0,36.0,24.3,27.5,57.0,53.0,25.0,0.0,0.0,0.0,6.0,6.0,4.0,0.0,28.0,28.0,29.0,37.0,39.0,38.0,36.0,36.0,34.0,44.92,44.8,44.76,49.0,480.0,5.0,0.0,0.0,0.0
16.17,264.0,0.24,0.24,0.29,12.2,14.0,13.2,16.1,-5.9,0.19,0.12,208.5,9.5,257.0,1.0,3.0,1523.0,697.0,1761.0,2.0,1768.0,15.9,153.7,1059.0,31.3,34.4,0.0,3.0,2067.6,0.0,16.83,14.7,61.5,62.1,58.5,60.3,59.4,57.2,57.4,60.0,54.6,53.3,28.0,36.0,24.3,27.5,56.0,53.0,25.0,0.0,0.0,0.0,6.0,6.0,4.0,0.0,28.0,28.0,29.0,37.0,39.0,38.0,36.0,36.0,34.0,44.92,44.8,44.76,50.0,480.0,5.1,0.0,0.0,0.0
16.03,48.0,0.24,0.25,0.29,12.5,15.3,12.2,15.9,-3.0,-0.03,0.12,208.7,11.2,256.0,1.0,3.0,1461.0,696.0,1686.0,3.0,1716.0,16.0,147.7,1016.0,31.0,33.7,0.0,3.0,2067.6,0.0,16.83,14.7,61.7,62.3,58.7,60.5,59.6,57.3,57.7,60.1,54.6,53.2,28.0,36.0,24.3,27.5,51.0,49.0,25.0,0.0,0.0,0.0,6.0,6.0,4.0,0.0,28.0,28.0,29.0,37.0,39.0,38.0,36.0,36.0,34.0,44.92,44.81,44.76,49.0,480.0,5.1,0.0,0.0,0.0
16.18,8.0,0.25,0.25,0.29,15.0,13.1,12.8,16.33,-1.6,0.01,0.15,208.4,8.3,256.0,1.0,3.0,1575.0,697.0,1836.0,-1.0,1845.0,16.1,163.5,1089.0,32.3,35.3,0.0,3.0,2067.6,0.0,16.83,14.7,61.0,61.6,58.1,59.9,59.1,56.8,57.1,59.5,54.6,53.2,28.0,36.0,24.3,27.5,57.0,53.0,25.0,0.0,0.0,0.0,6.0,6.0,4.0,0.0,28.0,28.0,29.0,37.0,39.0,38.0,36.0,36.0,34.0,44.92,44.8,44.76,50.0,480.0,5.1,0.0,0.0,0.0
16.39,8.0,0.25,0.25,0.29,11.6,14.5,13.1,16.12,-2.4,0.06,-0.1,208.5,9.4,252.0,1.0,3.0,1551.0,696.0,1796.0,3.0,1771.0,16.0,156.4,1071.0,34.6,35.9,0.0,3.1,2067.6,0.0,16.83,14.8,58.0,58.4,55.0,56.8,56.0,53.8,54.2,56.4,54.2,52.8,28.0,36.0,24.1,27.3,57.0,53.0,25.0,0.0,0.0,0.0,6.0,6.0,4.0,0.0,28.0,28.0,29.0,37.0,39.0,38.0,36.0,36.0,34.0,44.92,44.8,44.76,49.0,480.0,5.0,0.0,0.0,0.0
15.69,160.0,0.25,0.25,0.29,13.2,11.9,14.7,15.77,2.4,0.09,-0.02,208.4,9.5,254.0,1.0,3.0,1434.0,696.0,1649.0,1.0,1659.0,15.8,144.5,1015.0,30.5,33.5,0.0,3.0,2067.6,0.0,16.83,14.7,59.8,60.3,56.8,58.5,57.8,55.5,55.8,58.2,54.4,53.0,28.0,36.0,24.1,27.3,52.0,49.0,25.0,0.0,0.0,0.0,6.0,6.0,4.0,0.0,28.0,28.0,29.0,37.0,39.0,38.0,36.0,36.0,34.0,44.92,44.8,44.76,49.0,480.0,5.0,0.0,0.0,0.0
16.39,184.0,0.25,0.25,0.29,12.7,12.1,14.8,16.12,-1.3,-0.11,0.0,208.7,9.8,255.0,1.0,3.0,1604.0,696.0,1857.0,0.0,1872.0,16.2,161.2,1104.0,33.7,35.0,0.0,3.0,2067.6,0.0,16.83,14.7,59.9,60.4,56.9,58.7,57.9,55.6,56.1,58.5,54.4,53.0,27.0,36.0,24.3,27.3,56.0,53.0,25.0,0.0,0.0,0.0,6.0,6.0,4.0,0.0,28.0,28.0,29.0,37.0,39.0,38.0,36.0,36.0,34.0,44.92,44.81,44.76,49.0,480.0,5.1,0.0,0.0,0.0
16.28,352.0,0.34,0.34,0.39,16.1,17.2,14.3,16.44,-6.5,0.16,-0.14,209.2,13.6,257.0,1.0,3.0,1640.0,697.0,1915.0,1.0,1925.0,16.2,171.9,1122.0,31.7,34.7,0.0,3.0,2067.6,0.0,16.83,14.7,61.3,61.9,58.2,60.1,59.3,57.1,57.3,59.8,54.6,53.2,28.0,36.0,24.3,27.5,56.0,53.0,25.0,0.0,0.0,0.0,6.0,6.0,4.0,0.0,28.0,28.0,29.0,37.0,39.0,38.0,36.0,36.0,34.0,44.92,44.8,44.76,50.0,480.0,5.1,0.0,0.0,0.0
16.19,72.0,0.25,0.25,0.29,12.4,15.1,12.1,16.25,0.4,0.05,-0.04,208.5,10.8,254.0,1.0,3.0,1524.0,696.0,1771.0,-1.0,1768.0,16.0,157.4,1057.0,32.2,33.4,0.0,3.0,2067.6,0.0,16.83,14.7,59.8,60.3,56.8,58.6,57.8,55.5,56.0,58.3,54.4,53.0,27.0,36.0,24.1,27.3,52.0,49.0,25.0,0.0,0.0,0.0,6.0,6.0,4.0,0.0,28.0,28.0,29.0,37.0,39.0,38.0,36.0,36.0,34.0,44.91,44.81,44.76,49.0,480.0,5.1,0.0,0.0,0.0
16.19,8.0,0.24,0.25,0.29,11.9,15.2,12.7,15.95,2.3,0.07,-0.13,208.7,10.5,251.0,1.0,3.0,1503.0,696.0,1736.0,1.0,1740.0,16.0,150.4,1039.0,33.8,35.2,0.0,3.0,2067.6,0.0,16.83,14.8,57.9,58.3,55.0,56.7,55.9,53.7,54.2,56.3,54.2,52.7,28.0,36.0,24.1,27.3,56.0,52.0,25.0,0.0,0.0,0.0,6.0,6.0,4.0,0.0,28.0,28.0,29.0,37.0,39.0,38.0,36.0,36.0,34.0,44.92,44.81,44.76,50.0,480.0,5.0,0.0,0.0,0.0
16.48,248.0,0.24,0.24,0.29,12.0,14.8,13.2,16.39,-3.7,0.23,-0.05,208.4,8.6,255.0,1.0,3.0,1606.0,697.0,1870.0,1.0,1865.0,16.3,165.8,1103.0,31.2,33.6,0.0,3.0,2067.6,0.0,16.83,14.8,61.7,62.3,58.7,60.6,59.6,57.3,57.7,60.3,54.7,53.2,28.0,36.0,24.3,27.5,54.0,50.0,25.0,0.0,0.0,0.0,6.0,6.0,4.0,0.0,28.0,28.0,29.0,37.0,39.0,38.0,36.0,36.0,34.0,44.92,44.81,44.75,50.0,480.0,5.0,0.0,0.0,0.0
16.44,152.0,0.25,0.25,0.29,11.8,15.1,13.3,16.4,-1.1,0.06,-0.05,208.7,8.8,253.0,1.0,3.0,1587.0,696.0,1847.0,1.0,1856.0,16.4,162.1,1090.0,34.5,36.2,0.0,3.1,2067.6,0.0,16.83,14.8,58.0,58.5,55.1,56.9,56.1,53.9,54.3,56.4,54.2,52.8,27.0,36.0,24.1,27.3,57.0,54.0,25.0,0.0,0.0,0.0,6.0,6.0,4.0,0.0,28.0,28.0,29.0,37.0,39.0,38.0,36.0,36.0,34.0,44.92,44.81,44.76,50.0,480.0,5.0,0.0,0.0,0.0
16.39,64.0,0.25,0.25,0.3,12.3,15.6,12.5,16.37,-3.7,0.01,0.01,208.5,9.1,257.0,1.0,3.0,1603.0,697.0,1863.0,2.0,1877.0,16.2,163.6,1097.0,32.0,34.7,0.0,3.0,2067.6,0.0,16.83,14.7,61.4,62.0,58.3,60.2,59.4,57.1,57.3,59.8,54.6,53.2,28.0,36.0,24.3,27.5,56.0,52.0,25.0,0.0,0.0,0.0,6.0,6.0,4.0,0.0,28.0,28.0,29.0,37.0,39.0,38.0,36.0,36.0,34.0,44.92,44.81,44.76,50.0,480.0,5.0,0.0,0.0,0.0
16.14,224.0,0.25,0.25,0.29,14.6,13.3,12.0,16.32,-4.5,0.08,-0.09,208.9,11.6,256.0,1.0,3.0,1567.0,696.0,1815.0,2.0,1825.0,16.0,159.5,1080.0,32.7,35.3,0.0,3.0,2067.6,0.0,16.83,14.7,61.1,61.7,58.1,60.0,59.1,56.9,57.1,59.6,54.6,53.2,27.0,36.0,24.3,27.5,57.0,53.0,25.0,0.0,0.0,0.0,6.0,6.0,4.0,0.0,28.0,28.0,29.0,37.0,39.0,38.0,36.0,36.0,34.0,44.92,44.8,44.76,49.0,480.0,5.1,0.0,0.0,0.0
16.51,320.0,0.24,0.24,0.29,15.2,12.9,12.5,16.03,1.4,0.06,0.0,208.5,10.0,252.0,1.0,3.0,1642.0,696.0,1911.0,1.0,1918.0,16.4,165.5,1116.0,32.8,35.3,0.0,3.0,2067.6,0.0,16.83,14.7,58.8,59.3,55.9,57.6,56.9,54.7,55.0,57.3,54.3,52.9,27.0,36.0,24.1,27.3,57.0,54.0,25.0,0.0,0.0,0.0,6.0,6.0,4.0,0.0,28.0,28.0,29.0,37.0,39.0,38.0,36.0,36.0,34.0,44.92,44.8,44.76,50.0,480.0,5.1,0.0,0.0,0.0
16.57,80.0,0.49,0.49,0.53,10.8,10.8,11.6,16.62,-5.1,-0.02,0.01,208.7,10.7,257.0,1.0,3.0,1665.0,696.0,1940.0,1.0,1943.0,16.6,167.3,1136.0,32.8,35.6,0.0,3.0,2067.6,0.0,16.83,14.7,60.9,61.6,58.0,59.8,59.0,56.8,57.0,59.5,54.5,53.2,28.0,35.0,24.3,27.5,57.0,53.0,25.0,0.0,0.0,0.0,6.0,6.0,4.0,0.0,28.0,28.0,29.0,37.0,39.0,38.0,35.0,35.0,34.0,44.91,44.8,44.76,49.0,480.0,5.1,0.0,0.0,0.0
15.76,288.0,0.25,0.25,0.29,14.6,13.8,12.0,15.53,-2.4,0.01,0.06,208.6,8.4,254.0,1.0,3.0,1449.0,695.0,1675.0,0.0,1689.0,15.7,146.1,1018.0,32.7,34.2,0.0,3.0,2067.6,0.0,16.83,14.7,59.8,60.3,56.8,58.6,57.8,55.5,56.0,58.4,54.4,53.0,27.0,36.0,24.1,27.3,54.0,51.0,25.0,0.0,0.0,0.0,6.0,6.0,4.0,0.0,28.0,28.0,29.0,37.0,39.0,38.0,36.0,36.0,34.0,44.92,44.81,44.76,49.0,480.0,5.0,0.0,0.0,0.0
16.31,8.0,0.25,0.25,0.29,14.3,15.4,11.8,16.3,-4.0,0.05,0.09,208.5,11.5,253.0,1.0,3.0,1593.0,696.0,1854.0,-1.0,1863.0,16.2,162.8,1094.0,34.5,36.0,0.0,3.1,2067.6,0.0,16.83,14.8,58.0,58.5,55.1,56.9,56.1,53.9,54.3,56.4,54.2,52.8,28.0,36.0,24.1,27.3,57.0,54.0,25.0,0.0,0.0,0.0,6.0,6.0,4.0,0.0,28.0,28.0,29.0,37.0,39.0,38.0,36.0,36.0,34.0,44.92,44.81,44.76,49.0,480.0,5.1,0.0,0.0,0.0
16.06,216.0,0.25,0.25,0.29,11.9,13.8,13.2,16.12,-3.5,0.09,-0.07,208.9,9.7,254.0,1.0,3.0,1473.0,696.0,1702.0,-1.0,1696.0,15.9,148.6,1036.0,30.7,33.4,0.0,3.0,2067.6,0.0,16.83,14.7,59.8,60.3,56.8,58.6,57.8,55.6,55.9,58.2,54.4,53.0,28.0,36.0,24.1,27.3,51.0,48.0,25.0,0.0,0.0,0.0,6.0,6.0,4.0,0.0,28.0,28.0,29.0,37.0,39.0,38.0,36.0,36.0,34.0,44.92,44.8,44.76,49.0,480.0,5.0,0.0,0.0,0.0
16.28,192.0,0.24,0.24,0.29,14.8,13.4,12.4,16.27,-3.0,0.07,-0.07,208.5,8.6,255.0,1.0,3.0,1625.0,697.0,1891.0,0.0,1891.0,16.2,165.3,1112.0,31.1,33.7,0.0,3.0,2067.6,0.0,16.83,14.8,61.7,62.3,58.7,60.6,59.6,57.3,57.7,60.3,54.7,53.2,27.0,36.0,24.3,27.5,54.0,51.0,25.0,0.0,0.0,0.0,6.0,6.0,4.0,0.0,28.0,28.0,29.0,37.0,39.0,38.0,36.0,36.0,34.0,44.92,44.8,44.75,49.0,480.0,5.0,0.0,0.0,0.0
16.49,264.0,0.49,0.49,0.54,11.0,10.8,12.2,16.27,-2.9,0.09,0.09,208.8,8.9,256.0,1.0,3.0,1671.0,696.0,1944.0,3.0,1923.0,16.4,168.2,1136.0,31.0,33.8,0.0,3.0,2067.6,0.0,16.83,14.7,61.7,62.3,58.7,60.6,59.6,57.3,57.7,60.2,54.7,53.2,28.0,36.0,24.3,27.5,51.0,49.0,25.0,0.0,0.0,0.0,6.0,6.0,4.0,0.0,28.0,28.0,29.0,37.0,39.0,38.0,36.0,36.0,34.0,44.92,44.8,44.76,50.0,480.0,5.1,0.0,0.0,0.0
16.09,168.0,0.24,0.25,0.29,15.2,13.4,12.5,16.2,-8.9,0.11,0.04,208.9,9.9,257.0,1.0,3.0,1548.0,696.0,1794.0,3.0,1802.0,16.0,156.1,1069.0,33.5,36.0,0.0,3.0,2067.6,0.0,16.83,14.7,60.8,61.4,57.9,59.6,58.8,56.7,56.8,59.3,54.5,53.1,28.0,36.0,24.3,27.5,57.0,54.0,25.0,0.0,0.0,0.0,6.0,6.0,4.0,0.0,28.0,28.0,29.0,37.0,39.0,38.0,36.0,36.0,34.0,44.92,44.81,44.76,50.0,480.0,5.1,0.0,0.0,0.0
16.68,352.0,0.82,0.82,0.85,11.3,11.1,11.7,16.6,2.0,0.21,-0.08,209.0,10.1,252.0,1.0,3.0,1702.0,696.0,1983.0,3.0,1982.0,16.5,171.4,1155.0,34.0,36.6,0.0,3.0,2067.6,0.0,16.83,14.8,58.4,58.9,55.5,57.2,56.4,54.1,54.6,56.7,54.2,52.9,28.0,35.0,24.1,27.3,57.0,53.0,25.0,0.0,0.0,0.0,6.0,6.0,4.0,0.0,28.0,28.0,29.0,37.0,39.0,38.0,35.0,35.0,34.0,44.92,44.81,44.76,49.0,480.0,5.1,0.0,0.0,0.0
16.3,96.0,0.24,0.24,0.29,12.0,12.7,13.6,16.2,-7.7,0.21,-0.05,208.9,9.8,257.0,1.0,3.0,1560.0,696.0,1809.0,2.0,1822.0,16.2,158.8,1080.0,33.5,36.2,0.0,3.0,2067.6,0.0,16.83,14.7,60.8,61.4,57.9,59.6,58.8,56.7,56.9,59.3,54.5,53.1,27.0,36.0,24.3,27.5,57.0,54.0,25.0,0.0,0.0,0.0,6.0,6.0,4.0,0.0,28.0,28.0,29.0,37.0,39.0,38.0,36.0,36.0,34.0,44.92,44.8,44.76,49.0,480.0,5.1,0.0,0.0,0.0
16.19,256.0,0.23,0.23,0.28,12.2,15.4,12.8,16.15,-2.6,0.15,-0.03,208.5,9.7,256.0,1.0,3.0,1520.0,696.0,1756.0,0.0,1753.0,16.0,152.9,1052.0,35.6,37.1,0.0,3.1,2067.6,0.0,16.83,14.7,60.2,60.8,57.3,59.1,58.2,56.0,56.4,58.7,54.5,53.1,28.0,36.0,24.3,27.3,59.0,55.0,25.0,0.0,0.0,0.0,6.0,6.0,4.0,0.0,28.0,28.0,29.0,37.0,39.0,38.0,36.0,36.0,34.0,44.91,44.81,44.76,50.0,480.0,5.1,0.0,0.0,0.0
16.21,328.0,0.23,0.23,0.28,14.6,14.8,12.0,16.15,-4.9,0.26,-0.07,208.7,9.5,257.0,1.0,3.0,1580.0,696.0,1832.0,1.0,1817.0,16.1,160.1,1084.0,35.6,37.2,0.0,3.1,2067.6,0.0,16.83,14.7,60.3,60.8,57.3,59.1,58.3,56.0,56.4,58.8,54.5,53.1,28.0,36.0,24.3,27.3,57.0,54.0,25.0,0.0,0.0,0.0,6.0,6.0,4.0,0.0,28.0,28.0,29.0,37.0,39.0,38.0,36.0,36.0,34.0,44.91,44.8,44.76,49.0,480.0,5.1,0.0,0.0,0.0
16.54,168.0,0.51,0.52,0.56,15.2,18.4,14.3,16.62,-7.6,-0.02,0.14,208.7,11.3,256.0,1.0,3.0,1669.0,696.0,1954.0,-1.0,1955.0,16.5,175.1,1132.0,33.8,36.5,0.0,3.0,2067.6,0.0,16.83,14.7,60.5,61.1,57.6,59.3,58.6,56.3,56.7,59.1,54.5,53.1,29.0,36.0,24.3,27.5,59.0,55.0,25.0,0.0,0.0,0.0,6.0,6.0,4.0,0.0,28.0,28.0,29.0,37.0,39.0,38.0,36.0,36.0,34.0,44.92,44.81,44.76,50.0,480.0,5.1,0.0,0.0,0.0
16.42,16.0,0.33,0.34,0.38,11.3,11.0,11.9,16.76,0.7,0.14,0.13,208.5,7.9,254.0,1.0,3.0,1646.0,696.0,1919.0,1.0,1915.0,16.3,170.0,1126.0,31.7,34.3,0.0,3.0,2067.6,0.0,16.83,14.7,59.3,59.9,56.5,58.2,57.5,55.3,55.5,57.8,54.3,52.9,27.0,36.0,24.1,27.3,55.0,51.0,25.0,0.0,0.0,0.0,6.0,6.0,4.0,0.0,28.0,28.0,29.0,37.0,39.0,38.0,36.0,36.0,34.0,44.92,44.8,44.76,49.0,480.0,5.0,0.0,0.0,0.0
16.24,104.0,0.25,0.25,0.29,12.3,13.4,13.9,16.19,-6.2,0.02,0.17,208.5,10.1,255.0,1.0,3.0,1545.0,696.0,1786.0,1.0,1807.0,16.2,155.2,1071.0,32.0,34.7,0.0,3.0,2067.6,0.0,16.83,14.7,59.2,59.9,56.4,58.2,57.4,55.2,55.4,57.7,54.3,52.9,28.0,36.0,24.1,27.3,54.0,51.0,25.0,0.0,0.0,0.0,6.0,6.0,4.0,0.0,28.0,28.0,29.0,37.0,39.0,38.0,36.0,36.0,34.0,44.92,44.8,44.76,49.0,480.0,5.0,0.0,0.0,0.0
16.3,136.0,0.25,0.25,0.29,12.6,15.2,12.2,16.2,-1.4,0.04,-0.13,208.5,10.8,256.0,1.0,3.0,1582.0,696.0,1832.0,2.0,1846.0,16.2,158.3,1084.0,32.3,35.2,0.0,3.0,2067.6,0.0,16.83,14.7,61.2,61.8,58.2,60.0,59.2,57.0,57.2,59.7,54.6,53.2,28.0,36.0,24.3,27.5,55.0,52.0,25.0,0.0,0.0,0.0,6.0,6.0,4.0,0.0,28.0,28.0,29.0,37.0,39.0,38.0,36.0,36.0,34.0,44.92,44.8,44.76,50.0,480.0,5.1,0.0,0.0,0.0
16.57,176.0,0.38,0.38,0.42,10.6,10.6,11.4,16.61,-1.8,0.01,-0.08,208.9,11.2,255.0,1.0,3.0,1650.0,696.0,1924.0,2.0,1945.0,16.5,170.1,1131.0,30.8,33.5,0.0,3.0,2067.6,0.0,16.83,14.8,61.7,62.3,58.7,60.6,59.6,57.3,57.7,60.2,54.7,53.2,27.0,36.0,24.3,27.5,53.0,50.0,25.0,0.0,0.0,0.0,6.0,6.0,4.0,0.0,28.0,28.0,29.0,37.0,39.0,38.0,36.0,36.0,34.0,44.92,44.8,44.76,50.0,480.0,5.0,0.0,0.0,0.0
16.99,192.0,2.85,2.84,2.89,10.4,10.6,11.2,16.94,-8.8,0.21,0.09,208.5,10.9,254.0,1.0,3.0,1751.0,696.0,2044.0,0.0,2049.0,16.9,178.1,1163.0,32.5,35.1,0.0,3.0,2067.6,0.0,16.83,14.7,58.9,59.4,56.0,57.7,57.0,54.8,55.1,57.3,54.3,52.9,27.0,35.0,24.1,27.3,57.0,53.0,25.0,0.0,0.0,0.0,6.0,6.0,4.0,0.0,28.0,28.0,29.0,37.0,39.0,38.0,35.0,35.0,34.0,44.91,44.8,44.75,49.0,480.0,5.1,0.0,0.0,0.0
16.58,64.0,1.05,1.05,1.1,17.0,16.3,16.1,16.9,-5.4,-0.01,0.02,208.8,10.4,257.0,1.0,3.0,1717.0,697.0,2005.0,1.0,2022.0,16.6,180.1,1160.0,31.5,34.5,0.0,3.0,2067.6,0.0,16.83,14.7,61.4,62.0,58.4,60.2,59.4,57.2,57.4,59.9,54.6,53.2,28.0,36.0,24.3,27.5,55.0,52.0,25.0,0.0,0.0,0.0,6.0,6.0,4.0,0.0,28.0,28.0,29.0,37.0,39.0,38.0,36.0,36.0,34.0,44.92,44.81,44.76,49.0,480.0,5.0,0.0,0.0,0.0
16.29,160.0,0.25,0.25,0.3,11.8,14.9,13.1,16.09,-2.4,0.06,0.08,208.9,8.4,254.0,1.0,3.0,1549.0,696.0,1800.0,0.0,1803.0,16.0,157.9,1073.0,31.7,34.2,0.0,3.0,2067.6,0.0,16.83,14.7,59.4,59.9,56.5,58.3,57.5,55.4,55.6,57.9,54.3,53.0,28.0,36.0,24.1,27.3,55.0,51.0,25.0,0.0,0.0,0.0,6.0,6.0,4.0,0.0,28.0,28.0,29.0,37.0,39.0,38.0,36.0,36.0,34.0,44.91,44.8,44.76,49.0,480.0,5.0,0.0,0.0,0.0
16.07,232.0,0.25,0.25,0.3,12.9,15.3,12.0,15.68,0.2,0.08,0.14,208.7,9.1,253.0,1.0,3.0,1527.0,696.0,1765.0,1.0,1780.0,16.0,154.7,1058.0,31.6,34.5,0.0,3.0,2067.6,0.0,16.83,14.7,59.4,60.0,56.6,58.3,57.5,55.4,55.6,57.9,54.3,53.0,28.0,36.0,24.1,27.3,55.0,51.0,25.0,0.0,0.0,0.0,6.0,6.0,4.0,0.0,28.0,28.0,29.0,37.0,39.0,38.0,36.0,36.0,34.0,44.92,44.81,44.76,49.0,480.0,5.0,0.0,0.0,0.0
16.08,224.0,0.25,0.25,0.29,14.4,14.5,11.9,16.11,-3.9,0.17,0.02,208.5,10.2,253.0,1.0,3.0,1572.0,696.0,1822.0,0.0,1822.0,16.0,160.4,1080.0,34.0,35.4,0.0,3.1,2067.6,0.0,16.83,14.8,57.9,58.4,55.0,56.8,56.0,53.8,54.2,56.4,54.2,52.8,28.0,36.0,24.1,27.3,57.0,53.0,25.0,0.0,0.0,0.0,6.0,6.0,4.0,0.0,28.0,28.0,29.0,37.0,39.0,38.0,36.0,36.0,34.0,44.92,44.8,44.76,50.0,480.0,5.0,0.0,0.0,0.0
15.69,136.0,0.24,0.25,0.29,13.8,14.1,12.0,15.67,-3.8,0.17,0.09,208.5,9.4,256.0,1.0,3.0,1430.0,697.0,1647.0,0.0,1662.0,15.6,148.9,1006.0,31.2,34.0,0.0,3.0,2067.6,0.0,16.83,14.7,61.6,62.3,58.6,60.5,59.6,57.3,57.6,60.0,54.6,53.3,27.0,36.0,24.3,27.5,54.0,51.0,25.0,0.0,0.0,0.0,6.0,6.0,4.0,0.0,28.0,28.0,29.0,37.0,39.0,38.0,36.0,36.0,34.0,44.92,44.8,44.76,50.0,480.0,5.0,0.0,0.0,0.0
16.49,48.0,0.24,0.24,0.29,12.9,12.9,14.4,16.37,-6.0,0.0,0.09,208.6,11.1,256.0,1.0,3.0,1613.0,696.0,1874.0,0.0,1891.0,16.2,163.8,1111.0,30.9,33.6,0.0,3.0,2067.6,0.0,16.83,14.7,61.7,62.3,58.7,60.6,59.6,57.3,57.7,60.2,54.6,53.2,28.0,36.0,24.3,27.5,51.0,49.0,25.0,0.0,0.0,0.0,6.0,6.0,4.0,0.0,28.0,28.0,29.0,37.0,39.0,38.0,36.0,36.0,34.0,44.92,44.8,44.76,50.0,480.0,5.1,0.0,0.0,0.0
16.19,96.0,0.25,0.25,0.29,14.3,12.3,13.5,16.1,-1.2,0.09,0.12,208.3,8.8,252.0,1.0,3.0,1585.0,696.0,1845.0,2.0,1842.0,16.1,164.9,1094.0,34.1,35.5,0.0,3.0,2067.6,0.0,16.83,14.8,57.9,58.4,55.0,56.8,56.0,53.7,54.2,56.3,54.2,52.8,28.0,36.0,24.1,27.3,57.0,53.0,25.0,0.0,0.0,0.0,6.0,6.0,4.0,0.0,28.0,28.0,29.0,37.0,39.0,38.0,36.0,36.0,34.0,44.92,44.8,44.76,49.0,480.0,5.1,0.0,0.0,0.0
16.47,208.0,0.25,0.25,0.3,12.2,13.7,14.3,16.36,-1.1,0.16,-0.07,208.9,9.8,257.0,1.0,3.0,1617.0,697.0,1882.0,1.0,1907.0,16.3,166.3,1109.0,32.1,34.7,0.0,3.0,2067.6,0.0,16.83,14.7,61.4,62.0,58.3,60.2,59.4,57.1,57.3,59.8,54.6,53.2,28.0,36.0,24.3,27.5,56.0,52.0,25.0,0.0,0.0,0.0,6.0,6.0,4.0,0.0,28.0,28.0,29.0,37.0,39.0,38.0,36.0,36.0,34.0,44.92,44.8,44.76,50.0,480.0,5.1,0.0,0.0,0.0
15.87,136.0,0.24,0.24,0.29,11.9,13.3,13.9,16.0,-1.5,0.16,0.09,208.4,9.5,253.0,1.0,3.0,1472.0,696.0,1692.0,3.0,1670.0,15.7,145.8,1030.0,35.2,37.3,0.0,3.1,2067.6,0.0,16.83,14.8,58.2,58.8,55.3,57.1,56.3,54.0,54.5,56.5,54.2,52.8,28.0,36.0,24.1,27.3,59.0,55.0,25.0,0.0,0.0,0.0,6.0,6.0,4.0,0.0,28.0,28.0,29.0,37.0,39.0,38.0,36.0,36.0,34.0,44.92,44.81,44.76,50.0,480.0,5.0,0.0,0.0,0.0
15.88,64.0,0.24,0.24,0.29,11.8,14.8,12.4,15.74,-1.5,0.14,-0.02,208.5,8.8,256.0,1.0,3.0,1446.0,695.0,1669.0,0.0,1661.0,15.7,144.0,1016.0,31.7,34.6,0.0,3.0,2067.6,0.0,16.83,14.7,61.6,62.2,58.6,60.4,59.5,57.3,57.5,60.0,54.6,53.3,28.0,36.0,24.3,27.5,54.0,51.0,25.0,0.0,0.0,0.0,6.0,6.0,4.0,0.0,28.0,28.0,29.0,37.0,39.0,38.0,36.0,36.0,34.0,44.92,44.8,44.76,49.0,480.0,5.0,0.0,0.0,0.0
16.19,24.0,0.25,0.25,0.29,15.3,14.1,11.9,16.22,-4.6,0.11,0.0,208.6,8.1,252.0,1.0,3.0,1618.0,696.0,1884.0,2.0,1889.0,16.1,169.2,1107.0,33.9,35.3,0.0,3.1,2067.6,0.0,16.83,14.8,57.9,58.4,55.0,56.8,56.0,53.7,54.2,56.3,54.2,52.8,28.0,36.0,24.1,27.3,56.0,52.0,25.0,0.0,0.0,0.0,6.0,6.0,4.0,0.0,28.0,28.0,29.0,37.0,39.0,38.0,36.0,36.0,34.0,44.92,44.81,44.76,49.0,480.0,5.1,0.0,0.0,0.0
16.68,80.0,0.29,0.29,0.33,11.9,11.2,11.3,16.49,-3.4,0.23,0.04,208.7,10.7,255.0,1.0,3.0,1658.0,696.0,1927.0,1.0,1915.0,16.4,166.5,1127.0,33.6,36.0,0.0,3.0,2067.6,0.0,16.83,14.7,60.6,61.3,57.7,59.5,58.7,56.5,56.8,59.1,54.5,53.1,28.0,36.0,24.3,27.5,58.0,55.0,25.0,0.0,0.0,0.0,6.0,6.0,4.0,0.0,28.0,28.0,29.0,37.0,39.0,38.0,36.0,36.0,34.0,44.91,44.8,44.75,49.0,480.0,5.0,0.0,0.0,0.0
16.79,264.0,0.53,0.53,0.57,13.4,14.8,14.1,16.62,1.4,0.06,0.07,208.9,8.5,251.0,1.0,3.0,1679.0,697.0,1960.0,1.0,1951.0,16.6,175.1,1133.0,32.9,35.5,0.0,3.0,2067.6,0.0,16.83,14.8,58.7,59.2,55.8,57.6,56.8,54.6,55.0,57.2,54.3,52.9,27.0,35.0,24.1,27.3,57.0,53.0,25.0,0.0,0.0,0.0,6.0,6.0,4.0,0.0,28.0,28.0,29.0,37.0,39.0,38.0,35.0,35.0,34.0,44.92,44.81,44.76,50.0,480.0,5.1,0.0,0.0,0.0
16.2,240.0,0.24,0.24,0.29,11.8,14.2,13.3,16.07,-10.8,0.09,0.13,208.7,10.4,258.0,1.0,3.0,1526.0,696.0,1779.0,2.0,1793.0,16.0,157.7,1064.0,33.1,36.1,0.0,3.0,2067.6,0.0,16.83,14.7,60.7,61.4,57.8,59.6,58.8,56.6,56.8,59.2,54.5,53.1,28.0,36.0,24.3,27.5,57.0,54.0,25.0,0.0,0.0,0.0,6.0,6.0,4.0,0.0,28.0,28.0,29.0,37.0,39.0,38.0,36.0,36.0,34.0,44.92,44.8,44.76,49.0,480.0,5.0,0.0,0.0,0.0
16.16,16.0,0.25,0.25,0.3,14.1,14.6,12.0,15.88,0.1,0.11,0.02,208.5,9.4,253.0,1.0,3.0,1576.0,696.0,1826.0,1.0,1843.0,16.2,160.4,1084.0,31.4,34.5,0.0,3.0,2067.6,0.0,16.83,14.7,59.4,59.9,56.5,58.3,57.5,55.4,55.6,57.9,54.3,53.0,27.0,36.0,24.1,27.3,55.0,51.0,25.0,0.0,0.0,0.0,6.0,6.0,4.0,0.0,28.0,28.0,29.0,37.0,39.0,38.0,36.0,36.0,34.0,44.91,44.8,44.76,50.0,480.0,5.1,0.0,0.0,0.0
16.42,88.0,0.55,0.56,0.61,18.0,15.4,15.9,16.51,-4.7,0.19,0.14,208.6,9.7,254.0,1.0,3.0,1669.0,696.0,1945.0,2.0,1962.0,16.5,169.1,1132.0,31.3,33.7,0.0,3.0,2067.6,0.0,16.83,14.7,59.5,60.1,56.7,58.3,57.6,55.5,55.7,58.0,54.4,53.0,28.0,36.0,24.1,27.3,54.0,50.0,25.0,0.0,0.0,0.0,6.0,6.0,4.0,0.0,28.0,28.0,29.0,37.0,39.0,38.0,36.0,36.0,34.0,44.92,44.8,44.76,49.0,480.0,5.1,0.0,0.0,0.0
15.85,56.0,0.25,0.25,0.29,14.6,12.9,12.7,15.53,-2.7,0.19,0.11,208.5,9.0,255.0,1.0,3.0,1490.0,695.0,1726.0,0.0,1700.0,15.6,152.6,1042.0,32.7,33.6,0.0,3.0,2067.6,0.0,16.83,14.7,59.8,60.3,56.8,58.6,57.8,55.5,56.0,58.4,54.4,53.0,28.0,36.0,24.1,27.3,54.0,51.0,25.0,0.0,0.0,0.0,6.0,6.0,4.0,0.0,28.0,28.0,29.0,37.0,39.0,38.0,36.0,36.0,34.0,44.92,44.8,44.76,49.0,480.0,5.1,0.0,0.0,0.0
15.58,104.0,0.24,0.24,0.29,12.0,12.9,13.1,15.56,-9.1,0.24,-0.05,208.5,10.9,257.0,1.0,3.0,1352.0,696.0,1549.0,1.0,1571.0,15.5,137.9,969.0,31.1,33.5,0.0,3.0,2067.6,0.0,16.83,14.7,61.8,62.4,58.8,60.6,59.7,57.5,57.8,60.4,54.7,53.3,28.0,36.0,24.4,27.5,53.0,50.0,25.0,0.0,0.0,0.0,6.0,6.0,4.0,0.0,28.0,28.0,29.0,37.0,39.0,38.0,36.0,36.0,34.0,44.92,44.8,44.76,49.0,480.0,5.0,0.0,0.0,0.0
16.33,184.0,3.3,3.31,3.35,15.9,15.6,15.3,16.09,-2.4,-0.11,0.14,208.5,9.4,256.0,1.0,3.0,1706.0,696.0,1982.0,2.0,1998.0,16.3,176.1,1163.0,34.8,36.4,0.0,3.1,2067.6,0.0,16.83,14.7,60.1,60.7,57.1,59.0,58.1,55.8,56.3,58.7,54.5,53.1,27.0,36.0,24.3,27.3,60.0,56.0,25.0,0.0,0.0,0.0,6.0,6.0,4.0,0.0,28.0,28.0,29.0,37.0,39.0,38.0,36.0,36.0,34.0,44.91,44.8,44.76,50.0,480.0,5.1,0.0,0.0,0.0
16.31,344.0,0.25,0.25,0.29,15.5,13.3,12.4,16.44,-6.4,0.16,0.08,208.5,8.8,257.0,1.0,3.0,1629.0,694.0,1891.0,1.0,1909.0,16.4,164.5,1110.0,34.2,35.8,0.0,3.1,2067.6,0.0,16.83,14.7,60.0,60.6,57.0,58.9,58.0,55.6,56.3,58.6,54.4,53.1,28.0,36.0,24.3,27.3,57.0,54.0,25.0,0.0,0.0,0.0,6.0,6.0,4.0,0.0,28.0,28.0,29.0,37.0,39.0,38.0,36.0,36.0,34.0,44.92,44.8,44.76,50.0,480.0,5.0,0.0,0.0,0.0
16.81,168.0,0.87,0.87,0.92,10.9,11.9,11.3,16.72,-2.9,0.16,-0.1,208.6,8.8,256.0,1.0,3.0,1714.0,696.0,1998.0,1.0,2021.0,16.7,177.1,1151.0,33.9,36.4,0.0,3.0,2067.6,0.0,16.83,14.7,60.4,61.0,57.5,59.2,58.5,56.2,56.6,59.0,54.5,53.1,28.0,35.0,24.3,27.5,57.0,54.0,25.0,0.0,0.0,0.0,6.0,6.0,4.0,0.0,28.0,28.0,29.0,37.0,39.0,38.0,35.0,35.0,34.0,44.92,44.81,44.76,50.0,480.0,5.1,0.0,0.0,0.0
16.35,136.0,0.25,0.25,0.29,14.3,12.7,14.2,16.26,-2.6,0.14,-0.05,208.7,9.2,256.0,1.0,3.0,1643.0,697.0,1916.0,1.0,1913.0,16.3,166.0,1122.0,32.8,35.4,0.0,3.0,2067.6,0.0,16.83,14.7,61.0,61.6,58.1,59.9,59.1,56.8,57.0,59.5,54.5,53.2,27.0,36.0,24.3,27.5,57.0,54.0,25.0,0.0,0.0,0.0,6.0,6.0,4.0,0.0,28.0,28.0,29.0,37.0,39.0,38.0,36.0,36.0,34.0,44.92,44.8,44.76,49.0,480.0,5.1,0.0,0.0,0.0
16.58,64.0,0.47,0.47,0.51,10.8,11.3,12.4,16.57,-4.8,0.15,0.05,208.7,9.2,257.0,1.0,3.0,1651.0,697.0,1929.0,2.0,1941.0,16.5,169.5,1129.0,32.1,34.7,0.0,3.0,2067.6,0.0,16.83,14.7,61.3,61.9,58.2,60.1,59.3,57.1,57.3,59.8,54.6,53.2,28.0,35.0,24.3,27.5,56.0,53.0,25.0,0.0,0.0,0.0,6.0,6.0,4.0,0.0,28.0,28.0,29.0,37.0,39.0,38.0,35.0,35.0,34.0,44.92,44.8,44.75,50.0,490.0,5.1,0.0,0.0,0.0
17.0,32.0,1.21,1.22,1.26,11.0,12.2,11.0,16.96,-4.9,0.01,0.0,208.6,10.8,255.0,1.0,3.0,1759.0,697.0,2057.0,0.0,2080.0,16.9,179.1,1170.0,32.5,35.2,0.0,3.0,2067.6,0.0,16.83,14.7,59.0,59.6,56.2,57.9,57.1,54.9,55.2,57.5,54.3,52.9,27.0,35.0,24.1,27.3,56.0,53.0,25.0,0.0,0.0,0.0,6.0,6.0,4.0,0.0,28.0,28.0,29.0,37.0,39.0,38.0,35.0,35.0,34.0,44.92,44.81,44.76,49.0,480.0,5.0,0.0,0.0,0.0
16.29,312.0,0.25,0.25,0.29,14.3,12.5,14.0,16.44,3.2,0.11,0.14,208.6,8.7,254.0,1.0,3.0,1610.0,696.0,1876.0,2.0,1896.0,16.3,166.1,1107.0,33.9,36.3,0.0,3.0,2067.6,0.0,16.83,14.7,60.6,61.2,57.7,59.4,58.6,56.4,56.7,59.1,54.5,53.1,27.0,36.0,24.3,27.5,59.0,55.0,25.0,0.0,0.0,0.0,6.0,6.0,4.0,0.0,28.0,28.0,29.0,37.0,39.0,38.0,36.0,36.0,34.0,44.92,44.8,44.76,49.0,480.0,5.1,0.0,0.0,0.0
15.46,32.0,0.24,0.24,0.29,14.6,13.6,12.0,15.53,-4.8,0.04,0.19,208.5,8.4,256.0,1.0,3.0,1350.0,696.0,1547.0,1.0,1556.0,15.6,137.9,956.0,31.3,33.7,0.0,3.0,2067.6,0.0,16.83,14.7,61.8,62.4,58.8,60.6,59.7,57.5,57.8,60.4,54.7,53.3,28.0,36.0,24.4,27.5,53.0,50.0,25.0,0.0,0.0,0.0,6.0,6.0,4.0,0.0,28.0,28.0,29.0,37.0,39.0,38.0,36.0,36.0,34.0,44.92,44.8,44.76,50.0,480.0,5.0,0.0,0.0,0.0
16.35,224.0,0.25,0.25,0.29,11.8,13.7,14.6,16.19,-0.2,0.07,0.02,208.5,9.3,253.0,1.0,3.0,1575.0,696.0,1833.0,2.0,1840.0,16.1,163.6,1093.0,34.8,36.5,0.0,3.1,2067.6,0.0,16.83,14.9,58.1,58.6,55.1,56.9,56.2,53.9,54.3,56.5,54.2,52.8,28.0,36.0,24.1,27.3,57.0,54.0,25.0,0.0,0.0,0.0,6.0,6.0,4.0,0.0,28.0,28.0,29.0,37.0,39.0,38.0,36.0,36.0,34.0,44.92,44.81,44.76,49.0,480.0,5.1,0.0,0.0,0.0
16.4,80.0,0.25,0.25,0.29,15.6,12.8,12.8,16.41,2.0,0.14,0.13,208.5,10.6,252.0,1.0,3.0,1641.0,696.0,1914.0,1.0,1922.0,16.5,168.4,1122.0,34.9,35.9,0.0,3.1,2067.6,0.0,16.83,14.8,58.0,58.5,55.1,56.9,56.1,53.9,54.3,56.4,54.2,52.8,28.0,36.0,24.1,27.3,57.0,54.0,25.0,0.0,0.0,0.0,6.0,6.0,4.0,0.0,28.0,28.0,29.0,37.0,39.0,38.0,36.0,36.0,34.0,44.92,44.81,44.76,49.0,480.0,5.1,0.0,0.0,0.0
15.86,288.0,0.25,0.25,0.29,11.8,14.6,13.0,15.7,-7.9,0.11,-0.04,208.5,8.4,255.0,1.0,3.0,1436.0,695.0,1658.0,1.0,1663.0,15.8,147.5,1009.0,30.8,33.5,0.0,3.0,2067.6,0.0,16.83,14.7,59.7,60.2,56.7,58.5,57.7,55.5,55.8,58.1,54.4,53.0,28.0,36.0,24.1,27.3,53.0,50.0,25.0,0.0,0.0,0.0,6.0,6.0,4.0,0.0,28.0,28.0,29.0,37.0,39.0,38.0,36.0,36.0,34.0,44.91,44.81,44.76,50.0,480.0,5.0,0.0,0.0,0.0
16.3,288.0,0.25,0.25,0.29,12.4,15.0,12.9,16.35,-3.5,-0.02,0.07,208.8,10.6,255.0,1.0,3.0,1527.0,696.0,1772.0,0.0,1787.0,16.1,156.9,1058.0,33.1,34.4,0.0,3.0,2067.6,0.0,16.83,14.7,59.8,60.4,56.8,58.7,57.8,55.6,56.1,58.4,54.4,53.0,27.0,36.0,24.2,27.3,54.0,51.0,25.0,0.0,0.0,0.0,6.0,6.0,4.0,0.0,28.0,28.0,29.0,37.0,39.0,38.0,36.0,36.0,34.0,44.92,44.81,44.76,49.0,480.0,5.1,0.0,0.0,0.0
16.49,176.0,1.23,1.23,1.28,17.1,16.4,15.3,16.31,-1.8,-0.02,0.02,208.5,9.1,255.0,1.0,3.0,1706.0,696.0,1994.0,2.0,2018.0,16.4,176.9,1162.0,32.1,35.0,0.0,3.0,2067.6,0.0,16.83,14.7,59.1,59.7,56.2,58.0,57.2,55.0,55.3,57.5,54.3,52.9,28.0,36.0,24.1,27.3,57.0,53.0,25.0,0.0,0.0,0.0,6.0,6.0,4.0,0.0,28.0,28.0,29.0,37.0,39.0,38.0,36.0,36.0,34.0,44.92,44.8,44.76,50.0,480.0,5.1,0.0,0.0,0.0
16.21,344.0,0.25,0.25,0.29,14.1,15.4,12.0,16.02,-0.6,-0.01,0.02,208.5,11.3,255.0,1.0,3.0,1580.0,696.0,1841.0,-1.0,1826.0,16.1,164.1,1088.0,33.1,34.9,0.0,3.0,2067.6,0.0,16.83,14.7,59.9,60.4,56.8,58.7,57.8,55.6,56.1,58.5,54.4,53.0,28.0,36.0,24.3,27.3,55.0,52.0,25.0,0.0,0.0,0.0,6.0,6.0,4.0,0.0,28.0,28.0,29.0,37.0,39.0,38.0,36.0,36.0,34.0,44.92,44.81,44.76,49.0,480.0,5.1,0.0,0.0,0.0
16.78,40.0,0.82,0.82,0.86,12.4,11.0,11.4,16.63,-4.1,0.11,0.1,208.6,10.9,256.0,1.0,3.0,1729.0,695.0,2013.0,0.0,2015.0,16.8,171.0,1157.0,34.4,35.9,0.0,3.1,2067.6,0.0,16.83,14.7,60.0,60.6,57.0,58.9,58.0,55.6,56.3,58.6,54.5,53.1,27.0,36.0,24.3,27.3,57.0,54.0,25.0,0.0,0.0,0.0,6.0,6.0,4.0,0.0,28.0,28.0,29.0,37.0,39.0,38.0,36.0,36.0,34.0,44.92,44.81,44.76,49.0,480.0,5.1,0.0,0.0,0.0
16.38,104.0,0.24,0.25,0.29,13.2,17.0,13.2,16.66,-2.7,-0.03,0.01,208.9,10.5,254.0,1.0,3.0,1616.0,696.0,1885.0,-1.0,1880.0,16.3,168.0,1105.0,31.8,34.2,0.0,3.0,2067.6,0.0,16.83,14.7,59.3,59.9,56.5,58.2,57.4,55.3,55.5,57.8,54.3,52.9,28.0,36.0,24.1,27.3,54.0,51.0,25.0,0.0,0.0,0.0,6.0,6.0,4.0,0.0,28.0,28.0,29.0,37.0,39.0,38.0,36.0,36.0,34.0,44.92,44.8,44.76,50.0,480.0,5.1,0.0,0.0,0.0
16.4,56.0,0.25,0.25,0.29,15.0,14.9,11.9,16.52,-7.1,0.09,-0.02,208.7,9.3,256.0,1.0,3.0,1644.0,696.0,1910.0,0.0,1927.0,16.3,165.2,1115.0,34.3,35.7,0.0,3.1,2067.6,0.0,16.83,14.7,59.9,60.5,57.0,58.8,57.9,55.6,56.2,58.6,54.4,53.1,27.0,36.0,24.3,27.3,57.0,53.0,25.0,0.0,0.0,0.0,6.0,6.0,4.0,0.0,28.0,28.0,29.0,37.0,39.0,38.0,36.0,36.0,34.0,44.91,44.8,44.76,49.0,480.0,5.1,0.0,0.0,0.0
16.45,352.0,0.25,0.25,0.3,11.8,14.3,13.6,16.53,-10.5,0.11,0.04,208.7,10.4,258.0,1.0,3.0,1598.0,696.0,1859.0,1.0,1860.0,16.2,164.1,1098.0,31.9,34.6,0.0,3.0,2067.6,0.0,16.83,14.7,61.3,61.9,58.3,60.1,59.4,57.1,57.3,59.8,54.6,53.2,27.0,36.0,24.3,27.5,56.0,52.0,25.0,0.0,0.0,0.0,6.0,6.0,4.0,0.0,28.0,28.0,29.0,37.0,39.0,38.0,36.0,36.0,34.0,44.92,44.8,44.76,49.0,480.0,5.1,0.0,0.0,0.0
15.87,248.0,0.24,0.24,0.29,13.9,14.6,11.6,15.88,-8.0,0.09,0.13,208.7,11.1,256.0,1.0,3.0,1505.0,697.0,1744.0,1.0,1747.0,15.8,153.6,1045.0,30.8,33.4,0.0,3.0,2067.6,0.0,16.83,14.8,61.8,62.4,58.7,60.6,59.6,57.4,57.7,60.3,54.6,53.3,27.0,36.0,24.3,27.5,54.0,51.0,25.0,0.0,0.0,0.0,6.0,6.0,4.0,0.0,28.0,28.0,29.0,37.0,39.0,38.0,36.0,36.0,34.0,44.92,44.81,44.76,49.0,480.0,5.1,0.0,0.0,0.0
15.77,320.0,0.24,0.24,0.29,12.3,13.2,13.9,15.65,-9.4,0.16,0.04,208.6,10.7,257.0,1.0,3.0,1373.0,696.0,1577.0,1.0,1583.0,15.5,138.9,981.0,31.1,33.5,0.0,3.0,2067.6,0.0,16.83,14.8,61.8,62.4,58.8,60.6,59.7,57.5,57.8,60.4,54.7,53.3,28.0,36.0,24.4,27.5,51.0,49.0,25.0,0.0,0.0,0.0,6.0,6.0,4.0,0.0,28.0,28.0,29.0,37.0,39.0,38.0,36.0,36.0,34.0,44.92,44.8,44.76,49.0,480.0,5.1,0.0,0.0,0.0
16.16,120.0,0.24,0.25,0.29,14.6,14.2,12.1,16.22,-4.3,0.14,0.14,208.6,12.3,256.0,1.0,3.0,1560.0,696.0,1812.0,1.0,1827.0,16.2,160.0,1077.0,31.4,34.0,0.0,3.0,2067.6,0.0,16.83,14.7,61.7,62.3,58.7,60.5,59.6,57.3,57.7,60.1,54.6,53.2,28.0,36.0,24.3,27.5,51.0,49.0,25.0,0.0,0.0,0.0,6.0,6.0,4.0,0.0,28.0,28.0,29.0,37.0,39.0,38.0,36.0,36.0,34.0,44.92,44.8,44.76,49.0,480.0,5.1,0.0,0.0,0.0
15.82,120.0,0.24,0.24,0.29,13.5,12.0,14.3,15.66,-2.6,0.21,-0.03,208.8,9.2,256.0,1.0,3.0,1442.0,696.0,1661.0,1.0,1685.0,15.8,141.4,1018.0,31.3,34.1,0.0,3.0,2067.6,0.0,16.83,14.7,61.7,62.3,58.7,60.5,59.6,57.3,57.6,60.1,54.6,53.2,28.0,36.0,24.3,27.5,51.0,49.0,25.0,0.0,0.0,0.0,6.0,6.0,4.0,0.0,28.0,28.0,29.0,37.0,39.0,38.0,36.0,36.0,34.0,44.92,44.8,44.76,49.0,480.0,5.0,0.0,0.0,0.0
16.39,184.0,0.23,0.23,0.28,13.2,15.9,12.4,16.16,-2.0,0.02,0.02,208.5,11.0,256.0,1.0,3.0,1601.0,696.0,1855.0,3.0,1874.0,16.4,161.5,1093.0,35.6,37.3,0.0,3.1,2067.6,0.0,16.83,14.7,60.3,60.8,57.3,59.2,58.3,56.0,56.4,58.8,54.5,53.1,27.0,36.0,24.3,27.3,57.0,54.0,25.0,0.0,0.0,0.0,6.0,6.0,4.0,0.0,28.0,28.0,29.0,37.0,39.0,38.0,36.0,36.0,34.0,44.92,44.8,44.75,50.0,480.0,5.1,0.0,0.0,0.0
16.32,256.0,0.23,0.23,0.28,14.8,13.8,12.2,16.22,-1.7,0.24,0.14,208.9,8.4,256.0,1.0,3.0,1595.0,696.0,1864.0,1.0,1863.0,16.3,164.3,1099.0,35.6,37.4,0.0,3.1,2067.6,0.0,16.83,14.7,60.3,60.9,57.4,59.2,58.3,56.1,56.5,58.8,54.5,53.1,28.0,36.0,24.3,27.3,58.0,55.0,25.0,0.0,0.0,0.0,6.0,6.0,4.0,0.0,28.0,28.0,29.0,37.0,39.0,38.0,36.0,36.0,34.0,44.92,44.81,44.76,50.0,480.0,5.1,0.0,0.0,0.0
16.3,200.0,0.25,0.25,0.29,15.2,13.6,12.2,16.24,-5.5,0.07,-0.05,208.8,11.6,256.0,1.0,3.0,1618.0,696.0,1880.0,2.0,1890.0,16.3,165.5,1110.0,33.9,35.3,0.0,3.1,2067.6,0.0,16.83,14.7,59.9,60.5,57.0,58.8,57.9,55.6,56.2,58.5,54.4,53.1,28.0,36.0,24.3,27.3,56.0,53.0,25.0,0.0,0.0,0.0,6.0,6.0,4.0,0.0,28.0,28.0,29.0,37.0,39.0,38.0,36.0,36.0,34.0,44.92,44.81,44.76,50.0,480.0,5.1,0.0,0.0,0.0
16.47,64.0,0.25,0.25,0.29,14.3,12.1,14.2,16.46,-1.0,0.14,0.03,208.9,11.0,256.0,1.0,3.0,1648.0,696.0,1923.0,2.0,1936.0,16.6,166.6,1126.0,32.5,35.1,0.0,3.0,2067.6,0.0,16.83,14.7,61.2,61.8,58.2,60.1,59.2,57.0,57.2,59.7,54.6,53.2,28.0,36.0,24.3,27.5,55.0,52.0,25.0,0.0,0.0,0.0,6.0,6.0,4.0,0.0,28.0,28.0,29.0,37.0,39.0,38.0,36.0,36.0,34.0,44.92,44.8,44.76,49.0,480.0,5.1,0.0,0.0,0.0
15.97,328.0,0.23,0.23,0.28,14.0,12.7,13.8,15.78,-2.0,0.06,0.08,208.6,10.0,256.0,1.0,3.0,1505.0,696.0,1746.0,0.0,1775.0,16.0,151.9,1050.0,35.3,36.8,0.0,3.1,2067.6,0.0,16.83,14.7,60.2,60.8,57.3,59.1,58.2,55.9,56.4,58.7,54.5,53.1,27.0,36.0,24.3,27.3,59.0,55.0,25.0,0.0,0.0,0.0,6.0,6.0,4.0,0.0,28.0,28.0,29.0,37.0,39.0,38.0,36.0,36.0,34.0,44.91,44.81,44.76,49.0,480.0,5.1,0.0,0.0,0.0
16.38,320.0,0.73,0.74,0.78,15.2,17.7,15.7,16.29,-2.6,0.16,0.04,208.7,9.9,255.0,1.0,3.0,1659.0,696.0,1932.0,-2.0,1913.0,16.1,171.4,1135.0,32.1,35.0,0.0,3.0,2067.6,0.0,16.83,14.7,59.1,59.7,56.2,58.0,57.2,55.0,55.3,57.5,54.3,52.9,29.0,36.0,24.1,27.3,57.0,53.0,25.0,0.0,0.0,0.0,6.0,6.0,4.0,0.0,28.0,28.0,29.0,37.0,39.0,38.0,36.0,36.0,34.0,44.92,44.81,44.76,50.0,480.0,5.1,0.0,0.0,0.0
16.68,96.0,0.62,0.62,0.67,13.4,17.2,15.9,16.73,-4.7,0.11,0.16,208.9,10.3,255.0,1.0,3.0,1681.0,697.0,1960.0,1.0,1959.0,16.5,173.7,1136.0,34.1,36.4,0.0,3.0,2067.6,0.0,16.83,14.7,60.5,61.1,57.6,59.3,58.6,56.2,56.7,59.1,54.5,53.1,28.0,36.0,24.3,27.5,58.0,55.0,25.0,0.0,0.0,0.0,6.0,6.0,4.0,0.0,28.0,28.0,29.0,37.0,39.0,38.0,36.0,36.0,34.0,44.92,44.8,44.76,50.0,480.0,5.1,0.0,0.0,0.0
15.85,192.0,0.24,0.25,0.29,14.6,13.2,12.9,15.57,-5.3,0.04,-0.1,208.7,10.1,256.0,1.0,3.0,1516.0,696.0,1760.0,0.0,1770.0,15.9,159.0,1059.0,31.3,34.5,0.0,3.0,2067.6,0.0,16.83,14.7,61.5,62.2,58.5,60.3,59.5,57.2,57.5,60.0,54.6,53.3,28.0,36.0,24.3,27.5,56.0,52.0,25.0,0.0,0.0,0.0,6.0,6.0,4.0,0.0,28.0,28.0,29.0,37.0,39.0,38.0,36.0,36.0,34.0,44.91,44.8,44.76,50.0,480.0,5.0,0.0,0.0,0.0
16.21,0.0,0.25,0.25,0.29,11.6,13.8,13.6,16.16,-0.1,0.07,0.01,208.7,11.6,254.0,1.0,3.0,1523.0,696.0,1759.0,3.0,1770.0,16.0,151.7,1057.0,31.7,33.4,0.0,3.0,2067.6,0.0,16.83,14.7,59.8,60.3,56.8,58.6,57.8,55.5,56.0,58.3,54.4,53.0,28.0,36.0,24.1,27.3,52.0,49.0,25.0,0.0,0.0,0.0,6.0,6.0,4.0,0.0,28.0,28.0,29.0,37.0,39.0,38.0,36.0,36.0,34.0,44.91,44.81,44.76,49.0,480.0,5.1,0.0,0.0,0.0
15.95,88.0,0.25,0.25,0.29,12.7,12.2,14.8,16.23,-2.1,-0.01,-0.05,208.7,10.6,253.0,1.0,3.0,1481.0,696.0,1705.0,4.0,1711.0,15.9,148.6,1041.0,31.2,33.7,0.0,3.0,2067.6,0.0,16.83,14.7,59.6,60.2,56.7,58.4,57.7,55.5,55.8,58.0,54.4,53.0,28.0,36.0,24.1,27.3,54.0,51.0,25.0,0.0,0.0,0.0,6.0,6.0,4.0,0.0,28.0,28.0,29.0,37.0,39.0,38.0,36.0,36.0,34.0,44.92,44.8,44.76,49.0,480.0,5.1,0.0,0.0,0.0
16.24,200.0,0.25,0.25,0.29,15.4,12.4,12.8,15.99,0.4,0.08,0.11,208.7,10.0,255.0,1.0,3.0,1600.0,696.0,1857.0,2.0,1886.0,16.3,164.3,1100.0,33.3,35.0,0.0,3.0,2067.6,0.0,16.83,14.7,59.9,60.4,56.8,58.7,57.8,55.6,56.1,58.5,54.4,53.0,28.0,36.0,24.3,27.3,55.0,52.0,25.0,0.0,0.0,0.0,6.0,6.0,4.0,0.0,28.0,28.0,29.0,37.0,39.0,38.0,36.0,36.0,34.0,44.92,44.81,44.76,50.0,480.0,5.1,0.0,0.0,0.0
16.17,96.0,0.24,0.25,0.29,14.3,15.2,12.0,16.42,1.6,0.08,-0.05,208.5,12.3,251.0,1.0,3.0,1579.0,696.0,1831.0,1.0,1844.0,16.2,161.0,1082.0,33.8,35.4,0.0,3.0,2067.6,0.0,16.83,14.8,57.9,58.3,55.0,56.7,55.9,53.7,54.2,56.3,54.2,52.8,27.0,36.0,24.1,27.3,56.0,52.0,25.0,0.0,0.0,0.0,6.0,6.0,4.0,0.0,28.0,28.0,29.0,37.0,39.0,38.0,36.0,36.0,34.0,44.92,44.81,44.76,50.0,480.0,5.0,0.0,0.0,0.0
15.7,104.0,0.24,0.24,0.29,13.2,14.3,12.0,15.6,-3.5,0.14,-0.1,208.5,10.0,256.0,1.0,3.0,1431.0,696.0,1654.0,0.0,1664.0,15.6,149.7,1008.0,31.0,33.4,0.0,3.0,2067.6,0.0,16.83,14.7,61.8,62.4,58.7,60.6,59.7,57.4,57.8,60.3,54.7,53.3,28.0,36.0,24.4,27.5,54.0,51.0,25.0,0.0,0.0,0.0,6.0,6.0,4.0,0.0,28.0,28.0,29.0,37.0,39.0,38.0,36.0,36.0,34.0,44.91,44.81,44.76,49.0,480.0,5.1,0.0,0.0,0.0
16.43,104.0,0.25,0.25,0.29,14.3,12.9,13.8,16.35,-0.1,0.03,-0.05,208.5,11.8,254.0,1.0,3.0,1640.0,696.0,1916.0,1.0,1903.0,16.3,169.0,1120.0,31.6,34.4,0.0,3.0,2067.6,0.0,16.83,14.7,59.3,59.9,56.4,58.2,57.4,55.2,55.5,57.8,54.3,52.9,28.0,36.0,24.1,27.3,54.0,51.0,25.0,0.0,0.0,0.0,6.0,6.0,4.0,0.0,28.0,28.0,29.0,37.0,39.0,38.0,36.0,36.0,34.0,44.92,44.8,44.76,50.0,480.0,5.1,0.0,0.0,0.0
15.86,336.0,0.24,0.24,0.29,12.0,14.4,12.9,15.98,3.4,-0.06,-0.02,208.5,8.2,250.0,1.0,3.0,1418.0,696.0,1629.0,2.0,1619.0,15.7,140.8,994.0,33.7,36.3,0.0,3.0,2067.6,0.0,16.83,14.8,58.5,59.0,55.7,57.4,56.6,54.3,54.8,56.9,54.3,52.8,28.0,36.0,24.1,27.3,57.0,53.0,25.0,0.0,0.0,0.0,6.0,6.0,4.0,0.0,28.0,28.0,29.0,37.0,39.0,38.0,36.0,36.0,34.0,44.92,44.81,44.76,49.0,480.0,5.1,0.0,0.0,0.0
16.05,16.0,0.25,0.25,0.3,14.1,12.0,13.7,16.21,2.5,0.11,0.07,208.7,7.4,253.0,1.0,3.0,1545.0,695.0,1789.0,0.0,1808.0,16.0,153.6,1073.0,31.7,34.4,0.0,3.0,2067.6,0.0,16.83,14.7,59.4,60.0,56.6,58.3,57.5,55.5,55.7,57.9,54.3,53.0,28.0,36.0,24.1,27.3,54.0,51.0,25.0,0.0,0.0,0.0,6.0,6.0,4.0,0.0,28.0,28.0,29.0,37.0,39.0,38.0,36.0,36.0,34.0,44.92,44.81,44.76,49.0,480.0,5.0,0.0,0.0,0.0
15.63,176.0,0.24,0.24,0.29,12.0,15.4,12.2,15.61,-3.9,0.14,-0.1,208.7,10.2,256.0,1.0,3.0,1348.0,696.0,1541.0,1.0,1539.0,15.5,133.8,953.0,31.1,33.2,0.0,3.0,2067.6,0.0,16.83,14.8,61.8,62.4,58.8,60.6,59.7,57.5,57.8,60.4,54.7,53.3,28.0,36.0,24.4,27.5,53.0,50.0,25.0,0.0,0.0,0.0,6.0,6.0,4.0,0.0,28.0,28.0,29.0,37.0,39.0,38.0,36.0,36.0,34.0,44.92,44.8,44.76,50.0,480.0,5.0,0.0,0.0,0.0
16.77,240.0,0.81,0.81,0.86,14.6,18.5,15.6,16.62,-2.2,0.14,-0.14,208.5,11.4,255.0,1.0,3.0,1696.0,696.0,1981.0,1.0,1999.0,16.6,178.6,1144.0,34.1,36.9,0.0,3.0,2067.6,0.0,16.83,14.7,60.5,61.0,57.5,59.3,58.5,56.2,56.7,59.0,54.5,53.1,28.0,35.0,24.3,27.5,58.0,55.0,25.0,0.0,0.0,0.0,6.0,6.0,4.0,0.0,28.0,28.0,29.0,37.0,39.0,38.0,35.0,35.0,34.0,44.92,44.8,44.75,50.0,480.0,5.1,0.0,0.0,0.0
16.32,112.0,0.23,0.23,0.28,14.1,12.7,13.8,16.51,-3.7,0.1,0.04,208.6,7.5,256.0,1.0,3.0,1621.0,696.0,1882.0,1.0,1903.0,16.2,163.6,1113.0,35.7,37.5,0.0,3.1,2067.6,0.0,16.83,14.7,60.3,60.9,57.4,59.2,58.3,56.1,56.5,58.8,54.5,53.1,27.0,36.0,24.3,27.3,58.0,55.0,25.0,0.0,0.0,0.0,6.0,6.0,4.0,0.0,28.0,28.0,29.0,37.0,39.0,38.0,36.0,36.0,34.0,44.92,44.81,44.75,49.0,480.0,5.1,0.0,0.0,0.0
16.48,344.0,0.25,0.25,0.29,12.5,12.2,15.2,16.41,-7.8,0.16,-0.01,208.9,10.9,257.0,1.0,3.0,1637.0,695.0,1905.0,-1.0,1911.0,16.2,164.7,1123.0,34.5,35.5,0.0,3.0,2067.6,0.0,16.83,14.7,59.9,60.5,57.0,58.8,57.9,55.6,56.2,58.6,54.4,53.1,28.0,36.0,24.3,27.3,57.0,53.0,25.0,0.0,0.0,0.0,6.0,6.0,4.0,0.0,28.0,28.0,29.0,37.0,39.0,38.0,36.0,36.0,34.0,44.93,44.8,44.76,50.0,480.0,5.0,0.0,0.0,0.0
16.39,144.0,0.25,0.25,0.29,11.8,14.5,12.5,16.46,-4.9,0.31,-0.07,208.8,9.6,255.0,1.0,3.0,1581.0,696.0,1839.0,0.0,1833.0,16.2,163.0,1090.0,32.7,34.6,0.0,3.0,2067.6,0.0,16.83,14.7,59.8,60.4,56.8,58.7,57.8,55.5,56.1,58.5,54.4,53.0,27.0,36.0,24.2,27.3,54.0,51.0,25.0,0.0,0.0,0.0,6.0,6.0,4.0,0.0,28.0,28.0,29.0,37.0,39.0,38.0,36.0,36.0,34.0,44.92,44.81,44.76,49.0,480.0,5.0,0.0,0.0,0.0
16.19,320.0,0.24,0.24,0.29,13.9,12.3,13.6,16.29,-5.1,0.07,-0.15,208.5,11.3,257.0,1.0,3.0,1560.0,696.0,1813.0,2.0,1814.0,16.1,159.6,1078.0,31.7,33.3,0.0,3.0,2067.6,0.0,16.83,14.8,61.8,62.4,58.8,60.7,59.7,57.5,57.8,60.4,54.7,53.3,28.0,36.0,24.4,27.5,51.0,49.0,25.0,0.0,0.0,0.0,6.0,6.0,4.0,0.0,28.0,28.0,29.0,37.0,39.0,38.0,36.0,36.0,34.0,44.92,44.8,44.76,49.0,480.0,5.0,0.0,0.0,0.0
15.99,224.0,0.24,0.25,0.29,14.4,14.3,11.9,15.96,2.7,0.11,0.08,208.6,9.7,251.0,1.0,3.0,1508.0,696.0,1745.0,1.0,1731.0,15.8,155.6,1050.0,33.8,35.3,0.0,3.0,2067.6,0.0,16.83,14.8,57.9,58.3,55.0,56.7,55.9,53.7,54.1,56.3,54.2,52.7,28.0,36.0,24.1,27.3,56.0,52.0,25.0,0.0,0.0,0.0,6.0,6.0,4.0,0.0,28.0,28.0,29.0,37.0,39.0,38.0,36.0,36.0,34.0,44.92,44.81,44.76,49.0,480.0,5.0,0.0,0.0,0.0
16.5,152.0,0.24,0.24,0.29,11.8,15.4,12.5,16.58,-7.8,0.17,-0.15,208.7,10.2,258.0,1.0,3.0,1606.0,696.0,1872.0,2.0,1879.0,16.4,162.9,1096.0,33.0,35.8,0.0,3.0,2067.6,0.0,16.83,14.7,60.8,61.5,57.9,59.7,58.8,56.7,56.9,59.4,54.5,53.1,28.0,36.0,24.3,27.5,56.0,53.0,25.0,0.0,0.0,0.0,6.0,6.0,4.0,0.0,28.0,28.0,29.0,37.0,39.0,38.0,36.0,36.0,34.0,44.91,44.81,44.76,50.0,480.0,5.0,0.0,0.0,0.0
16.48,224.0,0.25,0.25,0.3,14.3,17.2,13.9,16.39,-1.4,0.08,0.09,208.6,9.3,256.0,1.0,3.0,1627.0,697.0,1893.0,1.0,1897.0,16.4,165.8,1104.0,32.6,35.2,0.0,3.0,2067.6,0.0,16.83,14.7,61.0,61.6,58.1,59.9,59.0,56.8,57.0,59.5,54.5,53.2,28.0,35.0,24.3,27.5,57.0,54.0,25.0,0.0,0.0,0.0,6.0,6.0,4.0,0.0,28.0,28.0,29.0,37.0,39.0,38.0,35.0,35.0,34.0,44.92,44.8,44.76,50.0,480.0,5.1,0.0,0.0,0.0
16.01,80.0,0.24,0.24,0.29,13.3,12.0,15.3,16.05,-5.4,0.16,0.04,208.7,9.3,254.0,1.0,3.0,1531.0,696.0,1775.0,1.0,1759.0,15.8,158.7,1071.0,35.4,36.8,0.0,3.1,2067.6,0.0,16.83,14.8,58.2,58.8,55.3,57.0,56.2,54.0,54.4,56.5,54.2,52.8,27.0,36.0,24.1,27.3,59.0,55.0,25.0,0.0,0.0,0.0,6.0,6.0,4.0,0.0,28.0,28.0,29.0,37.0,39.0,38.0,36.0,36.0,34.0,44.92,44.8,44.76,49.0,480.0,5.0,0.0,0.0,0.0
16.23,168.0,0.25,0.25,0.29,12.5,12.4,14.6,16.42,3.3,0.11,0.0,208.5,10.8,251.0,1.0,3.0,1543.0,696.0,1782.0,2.0,1795.0,16.0,154.1,1069.0,34.0,35.4,0.0,3.1,2067.6,0.0,16.83,14.8,57.9,58.3,55.0,56.7,55.9,53.7,54.2,56.3,54.2,52.7,27.0,36.0,24.1,27.3,56.0,52.0,25.0,0.0,0.0,0.0,6.0,6.0,4.0,0.0,28.0,28.0,29.0,37.0,39.0,38.0,36.0,36.0,34.0,44.92,44.8,44.76,49.0,480.0,5.1,0.0,0.0,0.0
16.89,104.0,1.37,1.37,1.42,16.3,18.9,15.7,16.91,-5.6,0.12,0.05,208.6,9.0,255.0,1.0,3.0,1741.0,696.0,2041.0,-1.0,2043.0,17.0,181.5,1165.0,32.0,35.1,0.0,3.0,2067.6,0.0,16.83,14.7,59.0,59.7,56.2,57.9,57.1,54.9,55.2,57.5,54.3,52.9,28.0,35.0,24.1,27.3,56.0,53.0,25.0,0.0,0.0,0.0,6.0,6.0,4.0,0.0,28.0,28.0,29.0,37.0,39.0,38.0,35.0,35.0,34.0,44.91,44.8,44.76,49.0,480.0,5.1,0.0,0.0,0.0
16.19,128.0,0.25,0.25,0.29,14.1,14.6,11.8,15.86,-2.6,0.13,0.07,208.9,7.0,255.0,1.0,3.0,1570.0,696.0,1829.0,-1.0,1821.0,16.1,163.9,1083.0,33.1,35.0,0.0,3.0,2067.6,0.0,16.83,14.7,59.9,60.4,56.8,58.7,57.8,55.6,56.1,58.5,54.4,53.0,27.0,36.0,24.3,27.3,55.0,52.0,25.0,0.0,0.0,0.0,6.0,6.0,4.0,0.0,28.0,28.0,29.0,37.0,39.0,38.0,36.0,36.0,34.0,44.92,44.81,44.76,50.0,480.0,5.1,0.0,0.0,0.0
15.8,304.0,0.25,0.25,0.29,14.8,13.6,12.3,15.69,1.0,0.16,0.03,208.6,10.7,254.0,1.0,3.0,1422.0,696.0,1641.0,1.0,1648.0,15.6,146.4,1006.0,30.9,33.7,0.0,3.0,2067.6,0.0,16.83,14.7,59.8,60.3,56.8,58.5,57.8,55.5,55.8,58.2,54.4,53.0,28.0,36.0,24.1,27.3,52.0,49.0,25.0,0.0,0.0,0.0,6.0,6.0,4.0,0.0,28.0,28.0,29.0,37.0,39.0,38.0,36.0,36.0,34.0,44.92,44.8,44.76,50.0,480.0,5.1,0.0,0.0,0.0
16.68,264.0,0.98,0.98,1.02,16.4,17.0,15.2,16.54,1.5,0.02,0.02,208.5,11.4,251.0,1.0,3.0,1734.0,696.0,2023.0,1.0,1999.0,16.6,179.5,1163.0,33.4,36.0,0.0,3.0,2067.6,0.0,16.83,14.8,58.6,59.2,55.8,57.5,56.7,54.6,54.9,57.2,54.3,52.9,28.0,36.0,24.1,27.3,57.0,53.0,25.0,0.0,0.0,0.0,6.0,6.0,4.0,0.0,28.0,28.0,29.0,37.0,39.0,38.0,36.0,36.0,34.0,44.92,44.8,44.76,49.0,480.0,5.0,0.0,0.0,0.0
15.81,352.0,0.24,0.25,0.29,14.1,13.0,13.3,15.84,-2.8,0.0,-0.15,208.5,9.0,256.0,1.0,3.0,1474.0,696.0,1704.0,1.0,1706.0,15.7,149.4,1036.0,31.5,34.3,0.0,3.0,2067.6,0.0,16.83,14.7,61.6,62.3,58.6,60.4,59.5,57.3,57.6,60.0,54.6,53.3,28.0,36.0,24.3,27.5,54.0,51.0,25.0,0.0,0.0,0.0,6.0,6.0,4.0,0.0,28.0,28.0,29.0,37.0,39.0,38.0,36.0,36.0,34.0,44.92,44.8,44.76,50.0,480.0,5.1,0.0,0.0,0.0
16.28,272.0,0.25,0.25,0.29,14.8,13.8,11.9,16.18,-5.7,0.21,-0.03,208.7,8.8,256.0,1.0,3.0,1587.0,696.0,1844.0,-3.0,1837.0,16.1,161.8,1091.0,33.0,34.7,0.0,3.0,2067.6,0.0,16.83,14.7,59.9,60.4,56.8,58.7,57.8,55.6,56.1,58.5,54.4,53.0,28.0,36.0,24.2,27.3,54.0,51.0,25.0,0.0,0.0,0.0,6.0,6.0,4.0,0.0,28.0,28.0,29.0,37.0,39.0,38.0,36.0,36.0,34.0,44.92,44.8,44.76,50.0,480.0,5.0,0.0,0.0,0.0
16.5,280.0,0.25,0.25,0.29,11.8,13.5,13.4,16.54,-0.5,0.21,0.16,208.7,10.0,256.0,1.0,3.0,1602.0,697.0,1858.0,2.0,1873.0,16.3,161.6,1101.0,32.2,35.4,0.0,3.0,2067.6,0.0,16.83,14.7,61.2,61.8,58.2,60.0,59.2,57.0,57.2,59.7,54.6,53.2,27.0,36.0,24.3,27.5,55.0,52.0,25.0,0.0,0.0,0.0,6.0,6.0,4.0,0.0,28.0,28.0,29.0,37.0,39.0,38.0,36.0,36.0,34.0,44.92,44.8,44.76,49.0,480.0,5.1,0.0,0.0,0.0
16.29,352.0,0.24,0.25,0.29,15.1,12.4,12.7,15.89,-1.1,0.14,0.02,208.7,11.4,253.0,1.0,3.0,1602.0,696.0,1863.0,2.0,1886.0,16.2,164.7,1101.0,34.6,37.3,0.0,3.1,2067.6,0.0,16.83,14.8,58.3,58.9,55.4,57.2,56.3,54.1,54.6,56.6,54.2,52.8,28.0,36.0,24.1,27.3,56.0,53.0,25.0,0.0,0.0,0.0,6.0,6.0,4.0,0.0,28.0,28.0,29.0,37.0,39.0,38.0,36.0,36.0,34.0,44.92,44.81,44.76,49.0,480.0,5.0,0.0,0.0,0.0
15.79,264.0,0.24,0.25,0.29,14.6,13.4,12.4,15.81,-2.5,0.16,-0.09,208.7,9.3,256.0,1.0,3.0,1457.0,696.0,1681.0,2.0,1668.0,15.7,146.5,1020.0,31.2,33.7,0.0,3.0,2067.6,0.0,16.83,14.7,61.7,62.3,58.7,60.5,59.6,57.3,57.7,60.1,54.6,53.2,28.0,36.0,24.3,27.5,51.0,49.0,25.0,0.0,0.0,0.0,6.0,6.0,4.0,0.0,28.0,28.0,29.0,37.0,39.0,38.0,36.0,36.0,34.0,44.92,44.81,44.76,49.0,480.0,5.1,0.0,0.0,0.0
16.22,200.0,0.25,0.25,0.29,13.4,15.4,11.8,16.43,-7.6,0.08,-0.04,208.5,10.8,256.0,1.0,3.0,1590.0,696.0,1846.0,1.0,1868.0,16.3,164.1,1091.0,32.8,34.4,0.0,3.0,2067.6,0.0,16.83,14.7,59.8,60.4,56.8,58.7,57.8,55.5,56.1,58.5,54.4,53.0,27.0,36.0,24.2,27.3,54.0,51.0,25.0,0.0,0.0,0.0,6.0,6.0,4.0,0.0,28.0,28.0,29.0,37.0,39.0,38.0,36.0,36.0,34.0,44.92,44.8,44.76,50.0,480.0,5.0,0.0,0.0,0.0
16.51,200.0,0.25,0.25,0.29,11.8,15.3,12.7,16.37,-7.2,0.21,0.09,208.7,9.7,256.0,1.0,3.0,1619.0,696.0,1882.0,0.0,1888.0,16.5,167.6,1105.0,34.2,35.5,0.0,3.1,2067.6,0.0,16.83,14.7,59.9,60.5,57.0,58.8,57.9,55.6,56.2,58.6,54.4,53.1,28.0,36.0,24.3,27.3,57.0,53.0,25.0,0.0,0.0,0.0,6.0,6.0,4.0,0.0,28.0,28.0,29.0,37.0,39.0,38.0,36.0,36.0,34.0,44.91,44.8,44.76,50.0,480.0,5.1,0.0,0.0,0.0
16.52,280.0,0.25,0.25,0.3,12.7,12.5,15.0,16.41,-7.7,0.02,0.14,208.7,11.6,257.0,1.0,3.0,1618.0,697.0,1884.0,2.0,1900.0,16.4,166.4,1112.0,32.1,34.7,0.0,3.0,2067.6,0.0,16.83,14.7,61.3,61.9,58.3,60.1,59.3,57.1,57.3,59.8,54.6,53.2,28.0,36.0,24.3,27.5,56.0,53.0,25.0,0.0,0.0,0.0,6.0,6.0,4.0,0.0,28.0,28.0,29.0,37.0,39.0,38.0,36.0,36.0,34.0,44.92,44.8,44.76,49.0,490.0,5.1,0.0,0.0,0.0
17.26,40.0,2.06,2.06,2.1,16.4,20.5,16.5,17.11,-5.9,0.0,0.11,208.9,10.8,257.0,1.0,3.0,1781.0,696.0,2076.0,2.0,2093.0,17.1,177.8,1160.0,34.6,36.2,0.0,3.1,2067.6,0.0,16.83,14.7,60.1,60.6,57.1,58.9,58.0,55.7,56.3,58.6,54.5,53.1,28.0,35.0,24.3,27.3,58.0,55.0,25.0,0.0,0.0,0.0,6.0,6.0,4.0,0.0,28.0,28.0,29.0,37.0,39.0,38.0,35.0,35.0,34.0,44.92,44.81,44.76,49.0,480.0,5.0,0.0,0.0,0.0
17.2,112.0,1.77,1.77,1.79,10.8,12.7,10.9,17.02,-5.0,0.03,0.06,208.6,11.2,257.0,1.0,3.0,1756.0,696.0,2053.0,0.0,2037.0,16.9,178.3,1162.0,34.9,36.3,0.0,3.1,2067.6,0.0,16.83,14.7,60.0,60.6,57.0,58.9,58.0,55.7,56.3,58.6,54.5,53.1,28.0,35.0,24.3,27.3,58.0,55.0,25.0,0.0,0.0,0.0,6.0,6.0,4.0,0.0,28.0,28.0,29.0,37.0,39.0,38.0,35.0,35.0,34.0,44.92,44.81,44.76,49.0,480.0,5.0,0.0,0.0,0.0
16.53,176.0,0.27,0.27,0.31,14.6,18.0,14.1,16.18,-1.1,0.08,0.08,208.8,10.4,256.0,1.0,3.0,1638.0,697.0,1909.0,3.0,1922.0,16.5,169.2,1116.0,30.8,33.5,0.0,3.0,2067.6,0.0,16.83,14.7,61.7,62.3,58.7,60.6,59.6,57.3,57.7,60.2,54.7,53.2,27.0,36.0,24.3,27.5,51.0,49.0,25.0,0.0,0.0,0.0,6.0,6.0,4.0,0.0,28.0,28.0,29.0,37.0,39.0,38.0,36.0,36.0,34.0,44.92,44.81,44.76,50.0,480.0,5.1,0.0,0.0,0.0
16.9,328.0,0.81,0.82,0.86,13.4,17.0,15.1,16.81,-2.8,0.08,0.09,208.7,9.2,255.0,1.0,3.0,1708.0,696.0,1998.0,2.0,2001.0,16.6,175.3,1148.0,34.0,36.8,0.0,3.0,2067.6,0.0,16.83,14.7,60.4,61.0,57.5,59.2,58.5,56.3,56.6,59.0,54.5,53.1,28.0,35.0,24.3,27.5,57.0,54.0,25.0,0.0,0.0,0.0,6.0,6.0,4.0,0.0,28.0,28.0,29.0,37.0,39.0,38.0,35.0,35.0,34.0,44.92,44.8,44.76,50.0,480.0,5.1,0.0,0.0,0.0
15.68,216.0,0.25,0.25,0.29,14.8,12.6,12.8,15.69,-7.1,0.08,0.12,208.7,10.3,256.0,1.0,3.0,1431.0,696.0,1649.0,-1.0,1653.0,15.5,146.4,1012.0,31.1,33.4,0.0,3.0,2067.6,0.0,16.83,14.7,59.7,60.2,56.7,58.5,57.7,55.5,55.8,58.1,54.4,53.0,28.0,36.0,24.1,27.3,53.0,50.0,25.0,0.0,0.0,0.0,6.0,6.0,4.0,0.0,28.0,28.0,29.0,37.0,39.0,38.0,36.0,36.0,34.0,44.91,44.81,44.76,49.0,480.0,5.0,0.0,0.0,0.0
15.78,264.0,0.24,0.25,0.29,14.3,14.1,12.1,15.88,-1.2,0.14,-0.13,208.7,8.3,256.0,1.0,3.0,1456.0,696.0,1680.0,1.0,1702.0,15.9,148.7,1019.0,31.3,34.3,0.0,3.0,2067.6,0.0,16.83,14.7,61.6,62.2,58.6,60.4,59.5,57.3,57.5,60.0,54.6,53.3,28.0,36.0,24.3,27.5,54.0,51.0,25.0,0.0,0.0,0.0,6.0,6.0,4.0,0.0,28.0,28.0,29.0,37.0,39.0,38.0,36.0,36.0,34.0,44.92,44.81,44.76,49.0,480.0,5.1,0.0,0.0,0.0
16.67,96.0,1.04,1.04,1.08,16.6,16.3,15.3,16.77,-0.5,-0.02,0.02,208.8,11.0,255.0,1.0,3.0,1737.0,696.0,2033.0,1.0,2034.0,16.6,179.1,1166.0,34.0,36.9,0.0,3.0,2067.6,0.0,16.83,14.7,60.5,61.0,57.5,59.2,58.5,56.2,56.7,59.0,54.5,53.1,28.0,35.0,24.3,27.5,58.0,55.0,25.0,0.0,0.0,0.0,6.0,6.0,4.0,0.0,28.0,28.0,29.0,37.0,39.0,38.0,35.0,35.0,34.0,44.92,44.8,44.75,50.0,480.0,5.1,0.0,0.0,0.0
16.08,152.0,0.24,0.25,0.29,13.2,14.8,12.2,15.87,-4.0,0.01,0.11,208.5,10.6,253.0,1.0,3.0,1561.0,696.0,1812.0,0.0,1816.0,16.0,159.6,1075.0,35.6,37.1,0.0,3.1,2067.6,0.0,16.83,14.8,58.2,58.8,55.3,57.0,56.2,54.0,54.4,56.5,54.2,52.8,27.0,36.0,24.1,27.3,59.0,55.0,25.0,0.0,0.0,0.0,6.0,6.0,4.0,0.0,28.0,28.0,29.0,37.0,39.0,38.0,36.0,36.0,34.0,44.92,44.8,44.76,49.0,480.0,5.1,0.0,0.0,0.0
16.58,168.0,0.37,0.37,0.41,10.6,10.5,12.0,16.34,-6.4,0.02,0.13,208.7,10.8,255.0,1.0,3.0,1656.0,696.0,1932.0,2.0,1941.0,16.4,169.9,1134.0,34.5,37.4,0.0,3.1,2067.6,0.0,16.83,14.7,60.4,61.0,57.4,59.2,58.5,56.2,56.6,58.9,54.5,53.1,28.0,36.0,24.3,27.4,57.0,54.0,25.0,0.0,0.0,0.0,6.0,6.0,4.0,0.0,28.0,28.0,29.0,37.0,39.0,38.0,36.0,36.0,34.0,44.92,44.8,44.76,49.0,480.0,5.1,0.0,0.0,0.0
16.19,16.0,0.25,0.25,0.3,11.8,14.3,13.5,15.98,-1.0,0.14,-0.05,208.7,9.0,253.0,1.0,3.0,1520.0,695.0,1764.0,1.0,1750.0,15.9,156.7,1058.0,31.2,34.1,0.0,3.0,2067.6,0.0,16.83,14.7,59.4,60.0,56.6,58.3,57.5,55.4,55.6,57.9,54.3,53.0,27.0,36.0,24.1,27.3,55.0,51.0,25.0,0.0,0.0,0.0,6.0,6.0,4.0,0.0,28.0,28.0,29.0,37.0,39.0,38.0,36.0,36.0,34.0,44.92,44.81,44.76,49.0,480.0,5.0,0.0,0.0,0.0
16.31,56.0,0.25,0.25,0.29,12.5,12.1,15.0,16.21,-1.3,0.14,0.02,208.7,10.3,255.0,1.0,3.0,1592.0,695.0,1853.0,1.0,1872.0,16.3,162.9,1102.0,33.5,35.1,0.0,3.0,2067.6,0.0,16.83,14.7,59.9,60.4,56.8,58.7,57.8,55.6,56.1,58.5,54.4,53.0,28.0,36.0,24.3,27.3,55.0,52.0,25.0,0.0,0.0,0.0,6.0,6.0,4.0,0.0,28.0,28.0,29.0,37.0,39.0,38.0,36.0,36.0,34.0,44.92,44.81,44.76,49.0,480.0,5.0,0.0,0.0,0.0
16.3,280.0,0.25,0.25,0.29,14.3,14.5,11.8,16.02,-2.5,0.19,0.17,208.6,8.3,256.0,1.0,3.0,1610.0,697.0,1873.0,2.0,1893.0,16.2,168.8,1103.0,33.0,35.7,0.0,3.0,2067.6,0.0,16.83,14.7,61.0,61.6,58.1,59.9,59.1,56.8,57.0,59.5,54.6,53.2,28.0,36.0,24.3,27.5,57.0,54.0,25.0,0.0,0.0,0.0,6.0,6.0,4.0,0.0,28.0,28.0,29.0,37.0,39.0,38.0,36.0,36.0,34.0,44.92,44.8,44.76,50.0,480.0,5.1,0.0,0.0,0.0
15.96,136.0,0.24,0.25,0.29,14.5,12.3,14.1,15.89,-0.2,0.09,0.02,208.5,8.8,253.0,1.0,3.0,1511.0,696.0,1754.0,0.0,1759.0,15.9,155.1,1058.0,35.0,37.5,0.0,3.1,2067.6,0.0,16.83,14.8,58.2,58.8,55.3,57.1,56.3,54.1,54.5,56.6,54.2,52.8,28.0,36.0,24.1,27.3,58.0,54.0,25.0,0.0,0.0,0.0,6.0,6.0,4.0,0.0,28.0,28.0,29.0,37.0,39.0,38.0,36.0,36.0,34.0,44.91,44.81,44.76,49.0,480.0,5.1,0.0,0.0,0.0
16.2,336.0,0.24,0.25,0.29,14.5,12.6,13.4,16.25,-3.6,0.0,0.02,208.7,9.1,256.0,1.0,3.0,1584.0,697.0,1843.0,2.0,1859.0,16.1,165.9,1093.0,31.4,34.7,0.0,3.0,2067.6,0.0,16.83,14.7,61.5,62.1,58.4,60.3,59.4,57.2,57.4,59.9,54.6,53.3,28.0,36.0,24.3,27.5,56.0,53.0,25.0,0.0,0.0,0.0,6.0,6.0,4.0,0.0,28.0,28.0,29.0,37.0,39.0,38.0,36.0,36.0,34.0,44.92,44.81,44.76,50.0,480.0,5.1,0.0,0.0,0.0
16.19,296.0,0.25,0.25,0.29,13.8,15.1,11.7,15.99,-9.1,0.08,0.14,208.6,10.6,258.0,1.0,3.0,1552.0,696.0,1802.0,2.0,1812.0,16.1,161.4,1071.0,32.1,35.0,0.0,3.0,2067.6,0.0,16.83,14.7,61.1,61.7,58.2,60.0,59.2,57.0,57.2,59.6,54.6,53.2,27.0,36.0,24.3,27.5,55.0,53.0,25.0,0.0,0.0,0.0,6.0,6.0,4.0,0.0,28.0,28.0,29.0,37.0,39.0,38.0,36.0,36.0,34.0,44.92,44.81,44.76,50.0,480.0,5.1,0.0,0.0,0.0
16.1,88.0,0.25,0.25,0.3,14.9,12.5,12.7,15.85,2.1,0.08,0.03,208.9,9.6,253.0,1.0,3.0,1569.0,696.0,1817.0,0.0,1806.0,15.9,160.6,1082.0,31.4,34.2,0.0,3.0,2067.6,0.0,16.83,14.7,59.4,60.0,56.6,58.3,57.5,55.4,55.6,57.9,54.3,53.0,27.0,36.0,24.1,27.3,55.0,51.0,25.0,0.0,0.0,0.0,6.0,6.0,4.0,0.0,28.0,28.0,29.0,37.0,39.0,38.0,36.0,36.0,34.0,44.92,44.81,44.76,49.0,480.0,5.1,0.0,0.0,0.0
16.32,296.0,0.25,0.25,0.29,12.1,15.6,12.8,16.68,-3.0,0.16,0.12,208.3,10.0,253.0,1.0,3.0,1564.0,696.0,1823.0,1.0,1846.0,16.3,162.3,1080.0,34.4,36.2,0.0,3.1,2067.6,0.0,16.83,14.8,58.0,58.4,55.0,56.9,56.1,53.9,54.3,56.4,54.2,52.8,27.0,36.0,24.1,27.3,57.0,54.0,25.0,0.0,0.0,0.0,6.0,6.0,4.0,0.0,28.0,28.0,29.0,37.0,39.0,38.0,36.0,36.0,34.0,44.92,44.81,44.76,49.0,480.0,5.1,0.0,0.0,0.0
16.2,144.0,0.25,0.25,0.29,15.0,13.9,12.0,16.32,-2.8,0.11,-0.04,208.7,8.4,254.0,1.0,3.0,1569.0,696.0,1821.0,1.0,1833.0,16.1,160.1,1082.0,32.4,33.6,0.0,3.0,2067.6,0.0,16.83,14.7,59.8,60.3,56.8,58.6,57.8,55.5,56.0,58.4,54.4,53.0,28.0,36.0,24.1,27.3,53.0,50.0,25.0,0.0,0.0,0.0,6.0,6.0,4.0,0.0,28.0,28.0,29.0,37.0,39.0,38.0,36.0,36.0,34.0,44.92,44.81,44.76,49.0,480.0,5.1,0.0,0.0,0.0
16.36,8.0,0.24,0.25,0.29,14.7,14.5,11.8,16.17,-10.2,0.02,0.04,208.9,12.4,258.0,1.0,3.0,1591.0,696.0,1847.0,1.0,1850.0,16.3,160.8,1091.0,33.3,36.3,0.0,3.0,2067.6,0.0,16.83,14.7,60.8,61.4,57.9,59.6,58.8,56.7,56.9,59.4,54.5,53.1,28.0,36.0,24.3,27.5,56.0,53.0,25.0,0.0,0.0,0.0,6.0,6.0,4.0,0.0,28.0,28.0,29.0,37.0,39.0,38.0,36.0,36.0,34.0,44.92,44.81,44.76,49.0,480.0,5.0,0.0,0.0,0.0
16.49,96.0,0.25,0.25,0.29,12.5,12.8,15.0,16.44,-3.2,0.09,0.14,208.8,9.9,252.0,1.0,3.0,1622.0,696.0,1895.0,1.0,1900.0,16.3,168.8,1115.0,34.1,35.6,0.0,3.0,2067.6,0.0,16.83,14.8,57.9,58.4,55.0,56.8,55.9,53.7,54.2,56.3,54.2,52.8,28.0,36.0,24.1,27.3,56.0,52.0,25.0,0.0,0.0,0.0,6.0,6.0,4.0,0.0,28.0,28.0,29.0,37.0,39.0,38.0,36.0,36.0,34.0,44.92,44.8,44.76,49.0,480.0,5.0,0.0,0.0,0.0
16.25,72.0,0.25,0.25,0.29,12.1,15.3,12.2,15.87,-9.2,0.16,0.17,208.5,9.7,255.0,1.0,3.0,1540.0,695.0,1784.0,1.0,1797.0,16.0,159.6,1066.0,30.8,33.7,0.0,3.0,2067.6,0.0,16.83,14.7,59.7,60.2,56.7,58.4,57.7,55.5,55.8,58.1,54.4,53.0,28.0,36.0,24.1,27.3,53.0,50.0,25.0,0.0,0.0,0.0,6.0,6.0,4.0,0.0,28.0,28.0,29.0,37.0,39.0,38.0,36.0,36.0,34.0,44.92,44.81,44.76,49.0,480.0,5.0,0.0,0.0,0.0
16.51,248.0,0.24,0.25,0.29,12.4,13.8,14.0,16.54,-2.3,0.09,-0.01,208.7,9.7,254.0,1.0,3.0,1619.0,696.0,1879.0,2.0,1905.0,16.4,162.4,1111.0,31.7,34.6,0.0,3.0,2067.6,0.0,16.83,14.7,59.3,59.9,56.5,58.2,57.5,55.3,55.5,57.8,54.3,52.9,28.0,36.0,24.1,27.3,55.0,51.0,25.0,0.0,0.0,0.0,6.0,6.0,4.0,0.0,28.0,28.0,29.0,37.0,39.0,38.0,36.0,36.0,34.0,44.92,44.8,44.76,50.0,480.0,5.1,0.0,0.0,0.0
16.33,192.0,0.24,0.24,0.29,12.8,12.2,14.8,16.11,-3.3,-0.04,0.07,208.8,9.6,256.0,1.0,3.0,1596.0,697.0,1857.0,-1.0,1859.0,16.1,161.7,1103.0,31.8,34.5,0.0,3.0,2067.6,0.0,16.83,14.7,61.4,62.1,58.4,60.3,59.4,57.2,57.4,59.9,54.6,53.3,28.0,36.0,24.3,27.5,56.0,53.0,25.0,0.0,0.0,0.0,6.0,6.0,4.0,0.0,28.0,28.0,29.0,37.0,39.0,38.0,36.0,36.0,34.0,44.92,44.81,44.76,50.0,480.0,5.1,0.0,0.0,0.0
16.32,168.0,0.23,0.23,0.28,12.4,15.5,12.5,16.17,1.9,0.12,0.07,208.6,10.5,255.0,1.0,3.0,1573.0,696.0,1823.0,2.0,1828.0,16.2,157.9,1077.0,34.3,37.5,0.0,3.1,2067.6,0.0,16.83,14.7,60.4,60.9,57.4,59.2,58.4,56.2,56.6,58.9,54.5,53.1,28.0,36.0,24.3,27.4,58.0,55.0,25.0,0.0,0.0,0.0,6.0,6.0,4.0,0.0,28.0,28.0,29.0,37.0,39.0,38.0,36.0,36.0,34.0,44.92,44.81,44.76,50.0,480.0,5.1,0.0,0.0,0.0
16.28,56.0,0.25,0.25,0.29,12.4,15.4,12.4,16.36,-3.7,0.18,0.12,208.8,10.4,255.0,1.0,3.0,1562.0,696.0,1813.0,1.0,1828.0,16.1,163.3,1078.0,33.4,35.1,0.0,3.0,2067.6,0.0,16.83,14.7,59.9,60.4,56.8,58.7,57.8,55.6,56.1,58.5,54.4,53.0,27.0,36.0,24.3,27.3,55.0,51.0,25.0,0.0,0.0,0.0,6.0,6.0,4.0,0.0,28.0,28.0,29.0,37.0,39.0,38.0,36.0,36.0,34.0,44.92,44.8,44.75,49.0,480.0,5.1,0.0,0.0,0.0
16.68,48.0,0.88,0.88,0.92,11.7,10.8,11.4,16.74,1.6,0.09,-0.05,208.5,10.3,251.0,1.0,3.0,1707.0,697.0,1991.0,2.0,1997.0,16.5,172.8,1155.0,32.7,35.6,0.0,3.0,2067.6,0.0,16.83,14.7,58.7,59.2,55.8,57.6,56.8,54.6,55.0,57.2,54.3,52.9,29.0,35.0,24.1,27.3,57.0,53.0,25.0,0.0,0.0,0.0,6.0,6.0,4.0,0.0,28.0,28.0,29.0,37.0,39.0,38.0,35.0,35.0,34.0,44.92,44.81,44.76,50.0,480.0,5.0,0.0,0.0,0.0
15.86,32.0,0.25,0.25,0.29,11.6,14.5,12.4,15.89,1.9,0.22,0.09,208.7,9.0,254.0,1.0,3.0,1442.0,695.0,1656.0,1.0,1643.0,15.7,143.8,1008.0,32.1,34.9,0.0,3.0,2067.6,0.0,16.83,14.7,59.2,59.8,56.3,58.1,57.3,55.1,55.3,57.6,54.3,52.9,28.0,36.0,24.1,27.3,56.0,53.0,25.0,0.0,0.0,0.0,6.0,6.0,4.0,0.0,28.0,28.0,29.0,37.0,39.0,38.0,36.0,36.0,34.0,44.92,44.81,44.76,50.0,480.0,5.1,0.0,0.0,0.0
16.03,144.0,0.25,0.25,0.29,14.8,14.1,12.2,16.13,-8.6,0.12,0.03,208.9,11.7,255.0,1.0,3.0,1509.0,696.0,1749.0,-1.0,1764.0,16.1,155.2,1052.0,31.2,33.5,0.0,3.0,2067.6,0.0,16.83,14.7,59.8,60.3,56.8,58.6,57.8,55.5,55.9,58.2,54.4,53.0,27.0,36.0,24.1,27.3,51.0,48.0,25.0,0.0,0.0,0.0,6.0,6.0,4.0,0.0,28.0,28.0,29.0,37.0,39.0,38.0,36.0,36.0,34.0,44.92,44.8,44.76,49.0,480.0,5.1,0.0,0.0,0.0
16.57,296.0,0.59,0.59,0.63,11.6,10.6,12.2,17.01,0.5,0.07,0.14,208.5,12.4,252.0,1.0,3.0,1687.0,696.0,1969.0,1.0,1987.0,16.6,167.9,1146.0,35.3,36.6,0.0,3.1,2067.6,0.0,16.83,14.9,58.1,58.7,55.2,57.0,56.2,54.0,54.4,56.5,54.2,52.8,27.0,36.0,24.1,27.3,58.0,54.0,25.0,0.0,0.0,0.0,6.0,6.0,4.0,0.0,28.0,28.0,29.0,37.0,39.0,38.0,36.0,36.0,34.0,44.92,44.8,44.76,50.0,480.0,5.0,0.0,0.0,0.0
16.69,320.0,0.24,0.24,0.28,12.2,13.5,13.4,16.62,-3.5,0.11,0.07,208.6,11.9,254.0,1.0,3.0,1645.0,696.0,1917.0,0.0,1926.0,16.5,162.5,1118.0,32.4,35.2,0.0,3.0,2067.6,0.0,16.83,14.7,59.0,59.6,56.1,57.8,57.1,54.9,55.2,57.5,54.3,52.9,28.0,36.0,24.1,27.3,56.0,53.0,25.0,0.0,0.0,0.0,6.0,6.0,4.0,0.0,28.0,28.0,29.0,37.0,39.0,38.0,36.0,36.0,34.0,44.92,44.8,44.76,50.0,490.0,5.1,0.0,0.0,0.0
15.77,48.0,0.24,0.24,0.29,14.6,12.2,13.6,15.55,1.3,0.12,-0.02,208.7,9.3,250.0,1.0,3.0,1453.0,696.0,1676.0,2.0,1693.0,15.7,150.9,1023.0,33.8,36.4,0.0,3.0,2067.6,0.0,16.83,14.8,58.5,59.0,55.7,57.4,56.6,54.3,54.8,56.9,54.2,52.9,28.0,36.0,24.1,27.3,57.0,53.0,25.0,0.0,0.0,0.0,6.0,6.0,4.0,0.0,28.0,28.0,29.0,37.0,39.0,38.0,36.0,36.0,34.0,44.92,44.81,44.76,49.0,480.0,5.0,0.0,0.0,0.0
15.95,256.0,1.68,1.69,1.73,18.3,13.7,20.4,16.03,-6.8,0.0,0.07,208.9,8.9,256.0,1.0,3.0,1600.0,696.0,1862.0,1.0,1862.0,15.9,168.0,1130.0,35.2,36.8,0.0,3.1,2067.6,0.0,16.83,14.7,60.2,60.7,57.2,59.0,58.1,55.8,56.3,58.7,54.5,53.1,28.0,36.0,24.3,27.3,60.0,56.0,25.0,0.0,0.0,0.0,6.0,6.0,4.0,0.0,28.0,28.0,29.0,37.0,39.0,38.0,36.0,36.0,34.0,44.92,44.8,44.76,50.0,480.0,5.1,0.0,0.0,0.0
16.27,56.0,0.25,0.25,0.29,15.2,13.1,12.4,16.29,-8.2,0.21,-0.05,208.9,11.1,256.0,1.0,3.0,1614.0,695.0,1877.0,1.0,1896.0,16.2,165.3,1107.0,33.6,35.3,0.0,3.0,2067.6,0.0,16.83,14.7,59.9,60.4,56.9,58.7,57.8,55.6,56.1,58.5,54.4,53.0,27.0,36.0,24.3,27.3,55.0,52.0,25.0,0.0,0.0,0.0,6.0,6.0,4.0,0.0,28.0,28.0,29.0,37.0,39.0,38.0,36.0,36.0,34.0,44.92,44.81,44.76,49.0,480.0,5.1,0.0,0.0,0.0
15.67,192.0,0.24,0.24,0.29,14.4,14.8,11.8,15.64,2.5,0.14,0.01,208.7,8.7,250.0,1.0,3.0,1419.0,696.0,1637.0,2.0,1655.0,15.7,145.7,1001.0,33.5,36.0,0.0,3.0,2067.6,0.0,16.83,14.8,58.5,59.0,55.7,57.4,56.6,54.3,54.8,56.9,54.3,52.8,28.0,36.0,24.1,27.3,57.0,53.0,25.0,0.0,0.0,0.0,6.0,6.0,4.0,0.0,28.0,28.0,29.0,37.0,39.0,38.0,36.0,36.0,34.0,44.92,44.81,44.76,49.0,480.0,5.1,0.0,0.0,0.0
16.34,208.0,0.25,0.25,0.3,13.8,15.4,12.0,16.58,-8.3,0.07,0.12,208.6,11.6,258.0,1.0,3.0,1603.0,697.0,1862.0,1.0,1887.0,16.3,165.4,1098.0,31.6,34.7,0.0,3.0,2067.6,0.0,16.83,14.7,61.3,61.9,58.3,60.1,59.3,57.1,57.3,59.8,54.6,53.2,28.0,36.0,24.3,27.5,56.0,53.0,25.0,0.0,0.0,0.0,6.0,6.0,4.0,0.0,28.0,28.0,29.0,37.0,39.0,38.0,36.0,36.0,34.0,44.92,44.8,44.76,50.0,480.0,5.1,0.0,0.0,0.0
16.61,24.0,0.93,0.94,0.98,17.7,14.8,15.8,16.68,-6.7,-0.09,-0.07,208.7,11.1,256.0,1.0,3.0,1710.0,696.0,1996.0,1.0,2011.0,16.6,177.8,1154.0,34.0,36.6,0.0,3.0,2067.6,0.0,16.83,14.7,60.5,61.1,57.6,59.3,58.6,56.3,56.7,59.1,54.5,53.1,28.0,36.0,24.3,27.5,59.0,55.0,25.0,0.0,0.0,0.0,6.0,6.0,4.0,0.0,28.0,28.0,29.0,37.0,39.0,38.0,36.0,36.0,34.0,44.92,44.81,44.76,50.0,480.0,5.1,0.0,0.0,0.0
16.23,264.0,2.42,2.43,2.47,14.8,16.1,16.2,16.3,-11.0,0.36,0.06,208.5,6.9,255.0,1.0,3.0,1629.0,696.0,1894.0,2.0,1907.0,16.2,168.4,1123.0,32.6,35.4,0.0,3.0,2067.6,0.0,16.83,14.7,58.9,59.5,56.0,57.7,57.0,54.8,55.1,57.4,54.3,52.9,27.0,35.0,24.1,27.3,58.0,54.0,25.0,0.0,0.0,0.0,6.0,6.0,4.0,0.0,28.0,28.0,29.0,37.0,39.0,38.0,35.0,35.0,34.0,44.92,44.81,44.75,50.0,480.0,5.1,0.0,0.0,0.0
16.29,224.0,0.24,0.24,0.29,13.2,12.3,14.7,16.33,-1.3,-0.1,0.04,208.9,10.1,253.0,1.0,3.0,1610.0,696.0,1877.0,0.0,1873.0,16.2,167.0,1115.0,35.6,37.3,0.0,3.1,2067.6,0.0,16.83,14.8,58.2,58.7,55.3,57.0,56.2,54.0,54.4,56.5,54.2,52.8,28.0,35.0,24.1,27.3,58.0,54.0,25.0,0.0,0.0,0.0,6.0,6.0,4.0,0.0,28.0,28.0,29.0,37.0,39.0,38.0,35.0,35.0,34.0,44.92,44.8,44.76,49.0,480.0,5.1,0.0,0.0,0.0
16.19,104.0,0.24,0.24,0.29,14.2,15.0,11.9,16.19,-6.0,0.08,0.14,208.5,11.7,257.0,1.0,3.0,1557.0,696.0,1804.0,0.0,1791.0,16.0,158.2,1073.0,31.7,33.3,0.0,3.0,2067.6,0.0,16.83,14.8,61.9,62.4,58.8,60.7,59.7,57.5,57.8,60.4,54.7,53.3,28.0,36.0,24.4,27.5,51.0,49.0,25.0,0.0,0.0,0.0,6.0,6.0,4.0,0.0,28.0,28.0,29.0,37.0,39.0,38.0,36.0,36.0,34.0,44.92,44.8,44.76,49.0,480.0,5.1,0.0,0.0,0.0
16.14,288.0,0.25,0.25,0.29,12.2,15.0,12.5,16.28,-9.0,-0.02,-0.11,208.7,9.2,256.0,1.0,3.0,1497.0,696.0,1732.0,0.0,1719.0,15.9,154.1,1042.0,31.1,33.3,0.0,3.0,2067.6,0.0,16.83,14.7,59.8,60.3,56.8,58.6,57.8,55.5,55.9,58.2,54.4,53.0,29.0,36.0,24.1,27.3,51.0,48.0,25.0,0.0,0.0,0.0,6.0,6.0,4.0,0.0,28.0,28.0,29.0,37.0,39.0,38.0,36.0,36.0,34.0,44.92,44.8,44.76,49.0,480.0,5.0,0.0,0.0,0.0
16.3,168.0,0.24,0.24,0.29,13.2,12.3,15.3,15.98,-12.3,-0.18,0.11,208.7,9.2,257.0,1.0,3.0,1588.0,696.0,1844.0,1.0,1828.0,16.1,164.8,1099.0,33.5,36.4,0.0,3.0,2067.6,0.0,16.83,14.7,60.7,61.4,57.8,59.6,58.7,56.6,56.8,59.2,54.6,53.1,28.0,36.0,24.3,27.5,57.0,54.0,25.0,0.0,0.0,0.0,6.0,6.0,4.0,0.0,28.0,28.0,29.0,37.0,39.0,38.0,36.0,36.0,34.0,44.92,44.8,44.76,50.0,480.0,5.0,0.0,0.0,0.0
16.44,136.0,0.74,0.75,0.79,16.6,16.1,14.7,16.58,2.1,-0.01,0.13,208.7,8.4,256.0,1.0,3.0,1682.0,697.0,1956.0,2.0,1962.0,16.4,171.7,1141.0,31.9,34.6,0.0,3.0,2067.6,0.0,16.83,14.7,61.4,62.0,58.4,60.2,59.4,57.2,57.4,59.9,54.6,53.2,27.0,35.0,24.3,27.5,56.0,53.0,25.0,0.0,0.0,0.0,6.0,6.0,4.0,0.0,28.0,28.0,29.0,37.0,39.0,38.0,35.0,35.0,34.0,44.92,44.8,44.76,49.0,480.0,5.1,0.0,0.0,0.0
16.2,0.0,0.25,0.25,0.29,13.8,12.2,14.8,16.38,-2.0,0.09,0.09,208.5,9.4,254.0,1.0,3.0,1582.0,695.0,1839.0,-1.0,1842.0,16.1,161.1,1094.0,31.5,33.5,0.0,3.0,2067.6,0.0,16.83,14.7,59.8,60.3,56.8,58.6,57.8,55.5,56.0,58.4,54.4,53.0,28.0,36.0,24.1,27.3,53.0,50.0,25.0,0.0,0.0,0.0,6.0,6.0,4.0,0.0,28.0,28.0,29.0,37.0,39.0,38.0,36.0,36.0,34.0,44.91,44.81,44.76,49.0,480.0,5.0,0.0,0.0,0.0
16.23,160.0,0.24,0.24,0.29,15.4,13.1,13.3,15.94,-11.2,0.12,0.14,208.5,10.8,258.0,1.0,3.0,1592.0,696.0,1852.0,1.0,1860.0,16.2,163.3,1099.0,32.2,33.7,0.0,3.0,2067.6,0.0,16.83,14.8,61.9,62.4,58.8,60.7,59.7,57.5,57.8,60.4,54.7,53.3,28.0,36.0,24.4,27.5,52.0,49.0,25.0,0.0,0.0,0.0,6.0,6.0,4.0,0.0,28.0,28.0,29.0,37.0,39.0,38.0,36.0,36.0,34.0,44.92,44.8,44.76,49.0,480.0,5.1,0.0,0.0,0.0
16.28,224.0,0.25,0.25,0.29,11.7,15.0,12.8,16.25,-7.8,0.03,0.12,208.5,8.6,257.0,1.0,3.0,1540.0,697.0,1784.0,2.0,1805.0,16.2,159.6,1065.0,32.2,35.3,0.0,3.0,2067.6,0.0,16.83,14.7,61.1,61.7,58.2,60.0,59.2,56.9,57.2,59.6,54.6,53.2,28.0,36.0,24.3,27.5,56.0,53.0,25.0,0.0,0.0,0.0,6.0,6.0,4.0,0.0,28.0,28.0,29.0,37.0,39.0,38.0,36.0,36.0,34.0,44.92,44.81,44.75,50.0,480.0,5.1,0.0,0.0,0.0
16.48,8.0,0.26,0.26,0.3,14.6,18.6,14.0,16.54,-2.5,0.08,-0.07,208.5,12.0,257.0,1.0,3.0,1648.0,696.0,1921.0,1.0,1937.0,16.5,169.3,1119.0,32.6,35.4,0.0,3.0,2067.6,0.0,16.83,14.7,61.0,61.6,58.0,59.8,59.0,56.8,57.0,59.5,54.5,53.2,28.0,36.0,24.3,27.5,57.0,54.0,25.0,0.0,0.0,0.0,6.0,6.0,4.0,0.0,28.0,28.0,29.0,37.0,39.0,38.0,36.0,36.0,34.0,44.92,44.8,44.76,50.0,480.0,5.1,0.0,0.0,0.0
16.6,224.0,0.63,0.64,0.68,14.6,18.4,14.5,16.69,-4.4,0.19,-0.03,208.7,10.1,257.0,1.0,3.0,1692.0,696.0,1975.0,2.0,1992.0,16.6,172.2,1139.0,33.1,36.2,0.0,3.0,2067.6,0.0,16.83,14.7,60.8,61.5,58.0,59.7,58.9,56.7,56.9,59.4,54.5,53.1,27.0,36.0,24.3,27.5,56.0,53.0,25.0,0.0,0.0,0.0,6.0,6.0,4.0,0.0,28.0,28.0,29.0,37.0,39.0,38.0,36.0,36.0,34.0,44.92,44.8,44.76,50.0,480.0,5.1,0.0,0.0,0.0
15.76,336.0,0.26,0.27,0.31,13.7,16.1,12.5,15.97,-2.4,0.24,0.09,208.7,7.5,254.0,1.0,3.0,1533.0,696.0,1780.0,1.0,1778.0,15.8,162.2,1071.0,32.6,35.2,0.0,3.0,2067.6,0.0,16.83,14.7,58.9,59.5,56.0,57.8,57.0,54.8,55.1,57.4,54.3,52.9,27.0,36.0,24.1,27.3,58.0,54.0,25.0,0.0,0.0,0.0,6.0,6.0,4.0,0.0,28.0,28.0,29.0,37.0,39.0,38.0,36.0,36.0,34.0,44.92,44.81,44.76,50.0,480.0,5.1,0.0,0.0,0.0
16.12,216.0,0.25,0.25,0.29,11.9,13.4,13.7,16.11,-2.7,0.09,0.16,208.7,11.4,255.0,1.0,3.0,1479.0,695.0,1708.0,0.0,1713.0,16.1,145.1,1035.0,32.9,34.3,0.0,3.0,2067.6,0.0,16.83,14.7,59.8,60.3,56.8,58.6,57.8,55.5,56.1,58.4,54.4,53.0,27.0,36.0,24.1,27.3,54.0,51.0,25.0,0.0,0.0,0.0,6.0,6.0,4.0,0.0,28.0,28.0,29.0,37.0,39.0,38.0,36.0,36.0,34.0,44.92,44.81,44.76,49.0,480.0,5.1,0.0,0.0,0.0
16.08,352.0,0.24,0.24,0.29,12.3,13.1,14.5,15.97,0.0,0.09,0.04,208.3,10.5,253.0,1.0,3.0,1482.0,696.0,1713.0,-1.0,1713.0,15.8,151.1,1041.0,34.8,37.2,0.0,3.0,2067.6,0.0,16.83,14.8,58.2,58.8,55.3,57.1,56.3,54.1,54.5,56.6,54.2,52.8,28.0,36.0,24.1,27.3,58.0,54.0,25.0,0.0,0.0,0.0,6.0,6.0,4.0,0.0,28.0,28.0,29.0,37.0,39.0,38.0,36.0,36.0,34.0,44.91,44.81,44.75,50.0,480.0,5.0,0.0,0.0,0.0
