轮毂转速,轮毂角度,叶片1角度,叶片2角度,叶片3角度,变桨电机1电流,变桨电机2电流,变桨电机3电流,超速传感器转速检测值,5秒偏航对风平均值,x方向振动值,y方向振动值,液压制动压力,机舱气象站风速,风向绝对值,大气压力,无功功率控制状态,变频器电网侧电流,变频器电网侧电压,变频器电网侧有功功率,变频器电网侧无功功率,变频器发电机侧功率,发电机运行频率,发电机电流,发电机转矩,变频器入口温度,变频器出口温度,变频器入口压力,变频器出口压力,发电机功率限幅值,无功功率设定值,额定的轮毂转速,测风塔环境温度,发电机定子温度1,发电机定子温度2,发电机定子温度3,发电机定子温度4,发电机定子温度5,发电机定子温度6,发电机空气温度1,发电机空气温度2,主轴承温度1,主轴承温度2,轮毂温度,轮毂控制柜温度,机舱温度,机舱控制柜温度,变频器INU温度,变频器ISU温度,变频器INU RMIO温度,变桨电机1功率估算,变桨电机2功率估算,变桨电机3功率估算,风机当前状态值,轮毂当前状态值,偏航状态值,偏航要求值,叶片1电池箱温度,叶片2电池箱温度,叶片3电池箱温度,叶片1变桨电机温度,叶片2变桨电机温度,叶片3变桨电机温度,叶片1变频器箱温度,叶片2变频器箱温度,叶片3变频器箱温度,叶片1超级电容电压,叶片2超级电容电压,叶片3超级电容电压,驱动1晶闸管温度,驱动2晶闸管温度,驱动3晶闸管温度,驱动1输出扭矩,驱动2输出扭矩,驱动3输出扭矩
16.75,330,0.87,0.87,0.88,12.2,14.6,15.3,17.08,7.2,0.1,0.05,206.5,8.7,258,1,3,1705,700,2010,1,2008,16.6,181.8,1156,29.7,32.9,0.0,3.2,2067.6,0,16.83,9.6,49.8,51.1,53.1,49.2,53.1,47.6,45.1,49.3,45.0,43.7,28,24,19.0,22.9,54,65,25,0,0,0,6,6,4,0,25,25,24,42,36,38,24,24,30,44.77,44.79,44.87,43,430,4.3,0,0,0
16.65,6,0.64,0.64,0.64,11.5,10.8,12.4,16.98,8.6,0.2,0.04,206.6,10.7,257,1,3,1669,700,1958,1,1952,16.6,175.6,1134,33.5,35.3,0.2,3.4,2067.6,0,16.83,9.6,48.5,49.8,51.6,47.9,51.8,46.2,44.2,48.1,44.7,43.6,28,24,18.9,22.9,56,66,25,0,0,0,6,6,4,0,25,25,24,42,36,38,24,24,30,44.78,44.78,44.87,43,420,4.3,0,0,0
16.62,158,0.78,0.78,0.78,15.7,13.8,12.5,16.85,7.5,0.1,-0.01,206.5,11.4,257,1,3,1701,700,2003,0,2023,16.7,177.0,1151,32.6,34.2,0.2,3.5,2067.6,0,16.83,9.6,51.1,52.4,54.4,50.4,54.5,49.0,46.3,50.7,45.2,43.9,29,24,19.0,22.9,56,66,25,0,0,0,6,6,4,0,25,25,24,42,36,38,24,24,30,44.78,44.78,44.87,43,420,4.3,0,0,0
16.91,168,2.8,2.81,2.8,16.3,14.6,13.6,17.18,4.4,0.04,0.08,206.4,13.0,261,1,3,1747,699,2059,-2,2068,16.9,182.3,1166,30.2,33.5,0.0,3.2,2067.6,0,16.83,9.6,52.6,54.0,56.0,51.9,56.0,50.4,47.4,52.1,45.4,44.1,29,24,19.0,22.9,55,66,25,0,0,0,6,6,4,0,25,25,24,42,36,39,24,24,30,44.77,44.79,44.87,43,430,4.3,0,0,0
16.83,326,0.95,0.96,0.95,12.0,11.3,13.7,17.24,-4.9,0.12,0.05,206.4,10.6,261,1,3,1745,700,2054,0,2075,16.9,187.1,1173,32.2,35.4,0.1,3.3,2067.6,0,16.83,9.6,52.0,53.2,55.2,51.2,55.2,49.6,46.9,51.4,45.3,44.0,29,24,19.0,22.9,57,68,25,0,0,0,6,6,4,0,25,25,24,42,36,38,24,24,30,44.77,44.79,44.87,44,430,4.3,0,0,0
16.65,266,0.98,0.98,0.98,11.8,10.8,12.1,16.98,4.8,0.12,0.05,206.7,10.2,256,1,3,1715,700,2017,1,2031,16.7,177.3,1161,31.6,33.4,0.2,3.4,2067.6,0,16.83,9.6,50.9,52.2,54.3,50.2,54.3,48.6,46.0,50.3,45.1,43.9,28,24,19.0,22.9,55,66,25,0,0,0,6,6,4,0,25,25,24,42,36,38,24,24,30,44.77,44.79,44.87,43,430,4.3,0,0,0
16.7,18,0.59,0.58,0.59,17.4,14.1,15.7,16.92,8.2,0.15,0.04,206.4,10.1,257,1,3,1689,700,1983,2,1987,16.6,176.3,1141,32.0,33.8,0.2,3.4,2067.6,0,16.83,9.6,51.1,52.3,54.1,50.3,54.3,48.8,46.1,50.6,45.1,43.9,28,24,19.0,22.9,55,66,25,0,0,0,6,6,4,0,25,25,24,42,36,38,24,24,30,44.78,44.79,44.87,43,430,4.3,0,0,0
16.3,250,0.37,0.37,0.37,11.9,15.3,12.9,16.37,11.5,0.09,0.05,206.8,10.2,258,1,3,1587,700,1854,0,1859,16.2,165.0,1098,29.1,31.3,0.0,3.3,2067.6,0,16.83,9.6,47.8,49.0,50.9,47.1,51.0,45.4,43.6,47.2,44.6,43.4,28,24,18.8,22.9,50,61,25,0,0,0,6,6,4,0,25,25,24,42,36,38,24,24,29,44.78,44.79,44.87,43,420,4.3,0,0,0
16.75,64,1.48,1.48,1.48,15.5,13.9,16.8,16.98,9.8,-0.11,0.11,206.5,12.1,257,1,3,1722,701,2029,-1,2037,16.5,184.7,1175,30.4,32.0,0.1,3.3,2067.6,0,16.83,9.6,50.7,52.0,53.9,49.9,53.9,48.4,45.8,50.2,45.1,43.8,29,24,19.0,22.9,54,66,25,0,0,0,6,6,4,0,25,25,24,42,36,38,24,24,30,44.77,44.79,44.87,43,430,4.3,0,0,0
16.75,184,1.12,1.13,1.13,14.8,15.5,14.3,16.78,9.0,0.22,0.0,206.4,9.5,257,1,3,1720,701,2032,2,2030,16.7,182.8,1166,29.2,32.9,0.0,3.2,2067.6,0,16.83,9.6,49.9,51.1,53.1,49.2,53.2,47.6,45.2,49.4,45.0,43.7,29,24,19.0,22.9,54,65,25,0,0,0,6,6,4,0,25,25,24,42,36,38,24,24,30,44.77,44.79,44.87,43,420,4.3,0,0,0
16.81,194,1.05,1.05,1.05,14.1,17.0,13.7,16.8,8.2,0.12,0.04,206.5,12.3,257,1,3,1727,700,2029,2,2036,16.7,183.8,1166,32.2,34.0,0.2,3.4,2067.6,0,16.83,9.6,51.1,52.4,54.4,50.3,54.4,48.9,46.2,50.7,45.2,43.9,28,24,19.0,22.9,56,66,25,0,0,0,6,6,4,0,25,25,24,42,36,38,24,24,30,44.77,44.79,44.87,43,420,4.3,0,0,0
16.82,238,1.8,1.81,1.81,18.4,13.4,17.4,17.08,-0.5,0.1,0.07,206.5,12.5,258,1,3,1736,699,2043,2,2054,16.9,181.1,1169,31.5,33.4,0.2,3.4,2067.6,0,16.83,9.6,53.8,55.3,57.4,53.2,57.4,51.7,48.5,53.5,45.6,44.3,29,24,19.0,22.9,56,66,25,0,0,0,6,6,4,0,25,25,24,42,37,39,24,24,30,44.78,44.79,44.87,44,430,4.3,0,0,0
16.5,258,1.01,1.01,1.01,18.7,15.7,15.3,16.92,6.0,0.1,0.08,206.6,11.9,257,1,3,1719,700,2022,2,2037,16.8,184.2,1159,31.9,35.4,0.1,3.4,2067.6,0,16.83,9.6,48.7,50.0,51.9,48.1,52.0,46.4,44.4,48.3,44.8,43.6,28,24,18.9,22.9,56,66,25,0,0,0,6,6,4,0,25,25,24,42,36,38,24,24,30,44.77,44.79,44.87,43,420,4.3,0,0,0
16.82,144,2.87,2.88,2.88,16.0,18.0,16.8,16.88,12.5,0.09,0.07,206.6,11.8,257,1,3,1737,700,2046,1,2051,16.8,182.6,1170,28.8,31.8,0.0,3.3,2067.6,0,16.83,9.6,53.5,54.8,56.9,52.8,56.9,51.3,48.2,53.2,45.6,44.3,29,24,19.0,22.9,53,65,25,0,0,0,6,6,4,0,25,25,24,42,36,39,24,24,30,44.77,44.79,44.87,43,430,4.3,0,0,0
17.14,76,1.67,1.66,1.66,12.8,10.6,10.6,17.19,1.1,0.09,0.07,206.3,9.0,258,1,3,1766,701,2073,0,2060,16.9,182.9,1167,29.3,32.3,0.0,3.2,2067.6,0,16.83,9.6,50.1,51.4,53.4,49.5,53.4,47.8,45.5,49.6,45.0,43.8,29,24,19.0,22.9,54,65,25,0,0,0,6,6,4,0,25,25,24,42,36,38,24,24,30,44.77,44.79,44.88,43,430,4.3,0,0,0
16.56,316,1.96,1.96,1.96,16.0,14.9,16.3,16.67,8.5,0.1,0.03,206.6,10.3,257,1,3,1717,700,2019,1,2030,16.6,181.8,1173,30.2,31.9,0.1,3.3,2067.6,0,16.83,9.6,50.6,52.0,53.8,49.9,53.9,48.3,45.7,50.1,45.1,43.8,29,24,19.0,22.9,54,66,25,0,0,0,6,6,4,0,25,25,24,42,36,38,24,24,30,44.77,44.79,44.87,43,430,4.3,0,0,0
16.61,354,1.03,1.03,1.03,16.3,12.1,13.6,16.97,2.0,0.0,0.08,206.5,9.6,261,1,3,1721,700,2018,0,2056,16.7,180.4,1163,31.5,34.5,0.1,3.3,2067.6,0,16.83,9.6,48.9,50.3,52.3,48.3,52.2,46.7,44.6,48.5,44.8,43.6,29,24,19.0,22.9,55,66,25,0,0,0,6,6,4,0,25,25,24,42,36,38,24,24,30,44.77,44.79,44.87,42,420,4.3,0,0,0
16.42,26,1.68,1.69,1.69,15.9,14.8,15.6,16.57,-0.1,0.17,0.04,206.3,12.5,258,1,3,1712,701,2011,1,1993,16.4,182.6,1179,33.6,35.4,0.2,3.4,2067.6,0,16.83,9.6,51.5,52.8,54.8,50.8,54.8,49.3,46.5,51.2,45.2,44.0,29,24,19.0,22.9,58,68,25,0,0,0,6,6,4,0,25,25,24,42,36,38,24,24,30,44.77,44.78,44.87,43,430,4.3,0,0,0
16.75,264,1.18,1.18,1.18,16.5,14.3,14.5,16.98,8.0,0.12,0.06,206.5,12.0,258,1,3,1736,700,2039,2,2048,16.6,180.5,1168,32.8,34.4,0.2,3.5,2067.6,0,16.83,9.6,48.2,49.6,51.4,47.7,51.5,45.9,44.0,47.8,44.7,43.5,28,24,18.8,22.9,55,65,25,0,0,0,6,6,4,0,25,25,24,42,36,38,24,24,30,44.77,44.79,44.87,42,420,4.3,0,0,0
16.54,0,0.63,0.63,0.63,12.0,10.7,10.8,16.8,11.0,0.1,0.0,206.6,10.9,257,1,3,1667,700,1958,1,1967,16.4,173.6,1139,31.3,32.8,0.1,3.4,2067.6,0,16.83,9.6,48.0,49.2,51.1,47.3,51.2,45.6,43.8,47.6,44.6,43.5,28,24,18.8,22.9,53,63,25,0,0,0,6,6,4,0,25,25,24,42,36,38,24,24,30,44.77,44.79,44.87,43,420,4.3,0,0,0
16.95,64,1.03,1.03,1.03,12.9,11.4,13.5,17.3,5.2,-0.02,0.04,206.3,10.0,259,1,3,1743,700,2045,-1,2064,16.9,181.6,1164,30.5,33.9,0.1,3.3,2067.6,0,16.83,9.6,49.4,50.6,52.4,48.6,52.6,47.0,44.8,48.9,44.9,43.6,29,24,19.0,22.9,55,66,25,0,0,0,6,6,4,0,25,25,24,42,36,38,24,24,29,44.77,44.79,44.87,43,420,4.3,0,0,0
16.37,96,0.25,0.25,0.25,12.7,15.4,12.0,16.52,9.9,0.15,0.03,206.7,11.0,262,1,3,1624,700,1910,0,1922,16.4,167.5,1114,29.2,32.1,0.0,3.2,2067.6,0,16.83,9.6,47.5,48.8,50.6,46.9,50.7,45.1,43.2,47.0,44.5,43.3,28,24,18.8,22.9,51,62,25,0,0,0,6,6,4,0,25,25,24,42,36,38,24,24,29,44.77,44.79,44.87,43,420,4.2,0,0,0
16.84,96,1.27,1.27,1.27,14.1,11.6,11.9,17.09,11.9,0.07,0.12,206.6,10.1,259,1,3,1737,699,2044,0,2044,16.7,182.3,1168,31.0,34.1,0.1,3.3,2067.6,0,16.83,9.6,49.1,50.4,52.3,48.5,52.3,46.8,44.7,48.7,44.9,43.6,29,24,19.0,22.9,55,66,25,0,0,0,6,6,4,0,25,25,24,42,36,38,24,24,30,44.78,44.78,44.87,43,420,4.3,0,0,0
17.02,164,1.84,1.86,1.85,11.1,13.1,14.8,17.18,4.8,0.05,0.04,206.1,9.5,258,1,3,1738,700,2045,1,2065,16.8,185.0,1168,31.6,33.5,0.2,3.4,2067.6,0,16.83,9.6,54.0,55.4,57.5,53.2,57.5,51.8,48.6,53.7,45.7,44.4,28,24,19.0,22.9,56,67,25,0,0,0,6,6,4,0,25,25,24,42,37,39,24,24,30,44.77,44.79,44.87,44,430,4.3,0,0,0
16.11,330,0.25,0.25,0.25,15.3,13.3,11.8,16.35,13.3,0.19,0.1,206.5,9.9,260,1,3,1562,700,1828,-1,1853,16.2,161.3,1081,28.8,31.9,0.0,3.2,2067.6,0,16.83,9.6,47.6,48.8,50.7,47.0,50.8,45.2,43.3,47.1,44.5,43.3,29,24,18.8,22.9,51,62,25,0,0,0,6,6,4,0,25,25,24,42,36,38,24,24,29,44.77,44.78,44.87,43,420,4.3,0,0,0
17.3,292,2.58,2.57,2.57,10.6,12.5,10.6,17.31,8.5,0.1,0.05,206.4,9.8,256,1,3,1755,700,2067,1,2084,17.2,181.7,1154,33.3,35.0,0.3,3.5,2067.6,0,16.83,9.6,51.3,52.7,54.7,50.6,54.7,49.1,46.4,51.0,45.2,43.9,29,24,19.0,22.9,57,68,25,0,0,0,6,6,4,0,25,25,24,42,36,38,24,24,30,44.77,44.79,44.87,43,420,4.3,0,0,0
16.81,326,1.74,1.75,1.75,15.4,16.7,15.4,16.92,8.0,0.1,0.06,206.5,12.3,260,1,3,1738,700,2050,1,2035,16.7,181.8,1169,28.7,32.5,0.0,3.2,2067.6,0,16.83,9.6,53.2,54.6,56.6,52.6,56.7,51.0,47.9,52.8,45.5,44.2,27,24,19.0,22.9,54,65,25,0,0,0,6,6,4,0,25,25,24,42,36,38,24,24,30,44.78,44.79,44.87,43,430,4.3,0,0,0
16.63,222,0.75,0.75,0.75,11.3,12.5,10.9,16.79,8.4,0.11,0.06,206.5,10.8,257,1,3,1691,700,1989,2,1977,16.5,177.1,1147,33.4,35.4,0.2,3.4,2067.6,0,16.83,9.6,48.5,49.8,51.7,47.9,51.8,46.2,44.2,48.1,44.8,43.6,30,24,18.9,22.9,56,66,25,0,0,0,6,6,4,0,25,25,24,42,36,38,24,24,29,44.77,44.78,44.87,43,420,4.3,0,0,0
16.92,30,3.96,3.98,3.97,11.6,11.3,10.6,17.29,6.2,0.09,0.08,206.5,11.0,258,1,3,1741,699,2051,1,2065,16.9,181.1,1162,29.6,31.8,0.1,3.3,2067.6,0,16.83,9.6,53.5,55.0,57.1,52.9,57.0,51.3,48.2,53.1,45.6,44.3,29,24,19.0,22.9,54,65,25,0,0,0,6,6,4,0,25,25,24,42,37,39,24,24,30,44.78,44.79,44.87,43,430,4.3,0,0,0
16.86,38,2.6,2.6,2.6,15.5,18.5,15.8,16.97,6.0,0.15,0.08,206.6,10.7,258,1,3,1730,701,2043,0,2045,16.7,185.2,1168,29.0,32.0,0.0,3.2,2067.6,0,16.83,9.6,50.1,51.5,53.4,49.5,53.5,47.9,45.5,49.6,45.0,43.8,29,24,19.0,22.9,54,65,25,0,0,0,6,6,4,0,25,25,24,42,36,38,24,24,30,44.77,44.78,44.88,43,420,4.3,0,0,0
17.08,114,1.28,1.28,1.28,11.6,11.1,13.4,17.43,7.0,0.04,0.11,206.5,10.1,257,1,3,1748,700,2065,-1,2069,16.9,184.7,1169,29.3,32.1,0.0,3.2,2067.6,0,16.83,9.6,50.1,51.3,53.3,49.4,53.4,47.8,45.4,49.6,45.0,43.7,29,24,19.0,22.9,54,65,25,0,0,0,6,6,4,0,25,25,24,42,36,38,24,24,30,44.78,44.78,44.87,43,420,4.3,0,0,0
16.83,134,1.26,1.26,1.27,14.5,12.5,11.7,16.99,9.9,0.12,0.13,206.5,10.4,260,1,3,1733,700,2045,0,2039,16.8,182.7,1169,31.1,34.1,0.1,3.3,2067.6,0,16.83,9.6,49.0,50.4,52.3,48.5,52.3,46.7,44.7,48.6,44.8,43.6,29,24,19.0,22.9,55,66,25,0,0,0,6,6,4,0,25,25,24,42,36,38,24,24,30,44.78,44.78,44.87,43,420,4.3,0,0,0
16.96,92,3.88,3.89,3.85,10.7,10.5,10.7,17.3,10.4,-0.07,0.06,206.3,12.3,260,1,3,1749,700,2058,0,2076,16.8,184.3,1167,30.0,33.5,0.0,3.2,2067.6,0,16.83,9.6,52.7,54.0,56.1,52.0,56.1,50.5,47.5,52.3,45.4,44.1,29,24,19.0,22.9,55,66,25,0,0,0,6,6,4,0,25,25,24,42,36,39,24,24,30,44.78,44.79,44.87,43,430,4.3,0,0,0
16.51,184,0.9,0.91,0.91,18.0,17.2,14.8,16.79,13.9,0.2,0.09,206.6,10.1,256,1,3,1697,700,1996,0,2018,16.7,179.8,1151,33.1,35.5,0.2,3.4,2067.6,0,16.83,9.6,48.6,49.7,51.8,47.9,51.9,46.2,44.3,48.2,44.8,43.6,28,24,18.9,22.9,56,66,25,0,0,0,6,6,4,0,25,25,24,42,36,38,24,24,29,44.77,44.79,44.87,43,420,4.3,0,0,0
16.75,200,0.76,0.76,0.77,15.1,16.8,15.9,16.87,7.5,0.16,0.03,206.5,9.7,257,1,3,1691,700,1988,1,1999,16.8,179.6,1147,31.7,33.7,0.2,3.4,2067.6,0,16.83,9.6,51.0,52.3,54.3,50.3,54.3,48.7,46.0,50.5,45.1,43.9,29,24,19.0,22.9,55,66,25,0,0,0,6,6,4,0,25,25,24,42,36,38,24,24,30,44.78,44.79,44.87,43,430,4.3,0,0,0
16.74,214,2.54,2.55,2.54,14.5,10.7,12.5,16.88,8.3,-0.06,0.08,206.7,10.1,259,1,3,1731,700,2038,2,2057,16.7,184.4,1174,28.8,32.1,0.0,3.2,2067.6,0,16.83,9.6,53.3,54.8,56.8,52.7,56.7,51.2,48.0,52.9,45.6,44.2,29,24,19.0,22.9,54,65,25,0,0,0,6,6,4,0,25,25,24,42,37,39,24,24,30,44.77,44.79,44.87,43,430,4.4,0,0,0
16.81,284,2.75,2.73,2.73,10.6,10.6,10.7,16.88,9.6,0.02,0.03,206.5,10.6,257,1,3,1736,700,2036,0,2043,16.7,181.5,1170,29.6,31.9,0.1,3.3,2067.6,0,16.83,9.6,50.5,51.9,53.8,49.9,53.8,48.2,45.7,50.0,45.1,43.8,28,24,19.0,22.9,54,65,25,0,0,0,6,6,4,0,25,25,24,42,36,38,24,24,30,44.78,44.79,44.87,43,430,4.3,0,0,0
0.0,0,0.0,0.0,0.0,0.0,0.0,0.0,0.0,0.0,0.0,0.0,0.0,0.0,0,0,0,0,0,2032,-1,0,0.0,0.0,0,0.0,0.0,0.0,0.0,0.0,0,0.0,0.0,0.0,0.0,0.0,0.0,0.0,0.0,0.0,0.0,0.0,0.0,0,0,0.0,0.0,0,0,0,0,0,0,0,0,0,0,0,0,0,0,0,0,0,0,0,0.0,0.0,0.0,0,0,0.0,0,0,0
17.13,204,3.43,3.42,3.42,10.7,10.4,10.9,17.3,6.2,0.09,-0.03,206.8,9.8,259,1,3,1747,700,2057,3,2042,16.8,181.0,1161,30.3,33.6,0.1,3.3,2067.6,0,16.83,9.6,49.4,50.7,52.6,48.7,52.7,47.0,44.8,48.9,44.9,43.7,29,24,19.0,22.9,55,66,25,0,0,0,6,6,4,0,25,25,24,42,36,38,24,24,30,44.77,44.79,44.87,43,420,4.3,0,0,0
16.15,254,0.37,0.37,0.37,11.6,13.8,14.6,16.52,7.0,0.04,0.06,206.6,9.1,258,1,3,1527,699,1787,1,1831,16.3,157.4,1064,30.0,31.3,0.1,3.3,2067.6,0,16.83,9.6,47.9,49.1,51.0,47.2,51.0,45.5,43.7,47.4,44.6,43.4,29,24,18.8,22.9,51,61,25,0,0,0,6,6,4,0,25,25,24,42,36,38,24,24,30,44.78,44.78,44.87,43,420,4.2,0,0,0
16.79,100,2.29,2.3,2.3,15.4,14.3,18.4,17.3,6.8,0.23,0.06,206.5,10.6,257,1,3,1737,700,2041,0,2051,16.8,184.0,1168,31.0,32.6,0.1,3.4,2067.6,0,16.83,9.6,53.8,55.2,57.3,53.1,57.3,51.7,48.5,53.5,45.6,44.3,29,24,19.0,22.9,55,66,25,0,0,0,6,6,4,0,25,25,24,43,36,39,24,24,30,44.77,44.79,44.87,44,430,4.3,0,0,0
16.37,248,0.37,0.37,0.37,15.0,12.8,11.4,16.48,5.6,0.25,0.06,206.6,10.4,259,1,3,1598,700,1868,0,1869,16.2,166.3,1105,28.7,31.5,0.0,3.2,2067.6,0,16.83,9.6,47.6,48.9,50.8,47.1,50.9,45.3,43.5,47.1,44.6,43.3,29,24,18.8,22.9,50,61,25,0,0,0,6,6,4,0,25,25,24,42,36,38,24,24,30,44.78,44.79,44.88,42,420,4.2,0,0,0
16.67,186,0.25,0.25,0.24,12.1,11.5,16.2,16.87,4.9,0.04,0.05,206.4,10.8,259,1,3,1650,700,1938,1,1941,16.4,175.2,1127,33.7,35.8,0.2,3.4,2067.6,0,16.83,9.6,51.5,52.9,54.9,50.9,55.0,49.3,46.6,51.1,45.2,44.0,28,24,19.0,22.9,58,68,25,0,0,0,6,6,4,0,25,25,24,42,36,38,24,24,30,44.77,44.79,44.87,43,420,4.3,0,0,0
16.7,336,0.79,0.79,0.79,11.6,10.9,12.2,16.93,12.8,0.1,0.04,206.9,10.3,257,1,3,1692,700,1987,2,2024,16.7,174.4,1150,33.5,35.0,0.2,3.5,2067.6,0,16.83,9.6,48.4,49.7,51.5,47.8,51.7,46.1,44.2,48.0,44.7,43.5,29,24,18.9,22.9,56,66,25,0,0,0,6,6,4,0,25,25,24,42,36,38,24,24,30,44.78,44.79,44.87,43,420,4.2,0,0,0
16.99,60,2.66,2.67,2.66,12.2,10.8,14.5,17.3,3.1,0.08,0.04,206.4,8.7,261,1,3,1747,699,2053,0,2062,16.8,184.9,1167,30.0,33.8,0.0,3.3,2067.6,0,16.83,9.6,52.6,53.9,56.0,51.9,56.0,50.4,47.4,52.1,45.4,44.1,29,24,19.0,22.9,55,66,25,0,0,0,6,6,4,0,25,25,24,42,36,38,24,24,30,44.77,44.79,44.87,43,430,4.4,0,0,0
16.75,70,1.06,1.06,1.07,14.3,15.0,11.4,16.78,8.8,0.15,0.06,206.4,10.4,258,1,3,1729,700,2038,1,2061,16.8,181.2,1173,29.1,31.9,0.0,3.2,2067.6,0,16.83,9.6,50.3,51.6,53.4,49.6,53.5,48.0,45.5,49.8,45.1,43.8,28,24,19.0,22.9,54,65,25,0,0,0,6,6,4,0,25,25,24,42,36,38,24,24,30,44.77,44.79,44.87,43,430,4.3,0,0,0
16.78,94,1.21,1.22,1.22,13.9,16.1,14.9,16.87,1.5,0.08,0.08,206.5,11.3,258,1,3,1739,699,2047,1,2061,16.8,180.8,1173,31.3,33.5,0.2,3.4,2067.6,0,16.83,9.6,53.9,55.4,57.4,53.2,57.4,51.8,48.5,53.6,45.6,44.3,29,24,19.0,22.9,56,67,25,0,0,0,6,6,4,0,25,25,24,42,37,39,24,24,30,44.77,44.79,44.87,44,430,4.3,0,0,0
16.85,348,1.3,1.3,1.3,12.0,12.4,14.8,17.26,11.4,0.09,0.13,206.7,11.2,259,1,3,1743,699,2045,1,2061,16.7,185.3,1169,31.1,34.2,0.1,3.3,2067.6,0,16.83,9.6,49.1,50.4,52.3,48.5,52.3,46.8,44.7,48.7,44.9,43.6,28,24,19.0,22.9,55,66,25,0,0,0,6,6,4,0,25,25,24,42,36,38,24,24,30,44.78,44.78,44.87,42,420,4.2,0,0,0
16.7,38,1.0,1.0,1.0,11.5,10.7,12.3,17.14,7.1,0.09,0.09,206.6,8.9,258,1,3,1708,700,2013,-1,2024,16.7,179.0,1158,29.3,32.6,0.0,3.2,2067.6,0,16.83,9.6,50.0,51.2,53.1,49.2,53.2,47.6,45.2,49.5,45.0,43.7,28,24,19.0,22.9,54,65,25,0,0,0,6,6,4,0,25,25,24,42,36,38,24,24,30,44.77,44.79,44.87,43,430,4.3,0,0,0
16.34,330,0.32,0.32,0.33,11.1,10.6,11.6,16.36,12.0,0.05,0.06,206.7,9.8,259,1,3,1575,699,1837,1,1834,16.3,163.8,1076,28.6,31.8,0.0,3.2,2067.6,0,16.83,9.6,47.6,48.9,50.8,47.0,50.9,45.3,43.4,47.1,44.5,43.3,29,24,18.8,22.9,51,61,25,0,0,0,6,6,4,0,25,25,24,42,36,38,24,24,30,44.77,44.78,44.87,43,420,4.2,0,0,0
16.79,36,1.68,1.69,1.68,16.1,13.1,14.3,17.18,2.8,0.07,0.05,206.6,9.4,259,1,3,1746,701,2053,-1,2057,16.9,183.2,1163,32.9,36.0,0.2,3.4,2067.6,0,16.83,9.6,51.8,53.0,55.0,51.0,55.1,49.4,46.7,51.4,45.3,44.0,29,24,19.0,22.9,57,68,25,0,0,0,6,6,4,0,25,25,24,42,36,38,24,24,30,44.77,44.79,44.87,43,420,4.3,0,0,0
16.77,98,2.46,2.47,2.46,10.8,10.8,11.0,16.97,9.1,0.08,0.06,206.6,11.6,260,1,3,1737,700,2044,0,2067,16.8,185.7,1172,30.4,33.5,0.0,3.2,2067.6,0,16.83,9.6,52.6,53.9,55.9,51.9,56.0,50.3,47.4,52.1,45.4,44.1,29,24,19.0,22.9,55,66,25,0,0,0,6,6,4,0,25,25,24,42,36,38,24,24,30,44.77,44.78,44.87,43,420,4.3,0,0,0
16.35,60,0.25,0.25,0.25,12.4,15.1,12.9,16.35,7.9,0.12,0.08,206.5,9.5,260,1,3,1572,701,1831,2,1850,16.2,165.0,1082,28.8,31.7,0.0,3.2,2067.6,0,16.83,9.6,47.6,48.9,50.7,47.0,50.8,45.3,43.4,47.1,44.5,43.3,30,24,18.8,22.9,51,61,25,0,0,0,6,6,4,0,25,25,24,42,36,38,24,24,29,44.77,44.78,44.87,42,420,4.2,0,0,0
16.88,112,1.92,1.92,1.91,10.9,11.4,11.1,17.15,9.2,0.12,0.04,206.8,9.7,260,1,3,1747,700,2054,0,2050,16.7,182.0,1170,29.0,32.4,0.0,3.2,2067.6,0,16.83,9.6,53.2,54.5,56.5,52.5,56.6,51.0,47.9,52.8,45.5,44.2,30,24,19.0,22.9,54,66,25,0,0,0,6,6,4,0,25,25,24,42,36,39,24,24,30,44.77,44.79,44.87,43,430,4.3,0,0,0
16.49,54,0.63,0.63,0.63,17.1,16.6,14.8,16.68,9.7,0.14,0.11,206.7,9.3,258,1,3,1679,700,1969,2,1977,16.6,178.6,1140,33.1,34.8,0.3,3.5,2067.6,0,16.83,9.6,48.4,49.6,51.4,47.8,51.6,46.0,44.1,47.9,44.7,43.5,30,24,18.9,22.9,56,66,25,0,0,0,6,6,4,0,25,25,24,42,36,38,24,24,30,44.77,44.79,44.87,43,420,4.2,0,0,0
16.71,308,3.48,3.5,3.49,15.6,15.4,18.0,17.08,-1.5,0.2,0.12,206.6,11.5,261,1,3,1731,700,2033,1,2029,16.6,185.6,1171,30.7,33.9,0.0,3.3,2067.6,0,16.83,9.6,52.6,53.8,55.9,51.7,55.9,50.3,47.4,52.2,45.4,44.1,28,24,19.0,22.9,55,67,25,0,0,0,6,6,4,0,25,25,24,42,36,38,24,24,30,44.77,44.79,44.87,43,430,4.3,0,0,0
16.64,162,2.88,2.89,2.88,17.0,16.7,15.2,16.75,3.1,0.25,0.06,206.5,10.6,261,1,3,1722,700,2031,1,2025,16.6,182.8,1172,30.5,33.8,0.0,3.3,2067.6,0,16.83,9.6,52.5,53.8,55.9,51.8,55.9,50.3,47.4,52.1,45.4,44.1,30,24,19.0,22.9,55,67,25,0,0,0,6,6,4,0,25,25,24,42,36,38,24,24,30,44.77,44.79,44.87,43,430,4.3,0,0,0
17.1,26,1.58,1.58,1.58,12.9,15.8,13.6,17.08,7.7,0.1,0.06,206.5,11.0,258,1,3,1749,700,2063,1,2067,16.9,186.0,1165,30.5,33.6,0.1,3.3,2067.6,0,16.83,9.6,49.4,50.6,52.5,48.7,52.6,47.0,44.8,48.8,44.9,43.6,29,24,19.0,22.9,55,66,25,0,0,0,6,6,4,0,25,25,24,42,36,38,24,24,30,44.77,44.79,44.87,42,430,4.2,0,0,0
16.8,76,0.95,0.95,0.95,11.6,10.6,10.9,16.97,8.4,0.12,0.06,206.9,10.0,258,1,3,1711,700,2016,2,2034,16.9,181.5,1162,29.6,32.9,0.0,3.2,2067.6,0,16.83,9.6,49.8,51.1,53.1,49.2,53.2,47.6,45.2,49.4,45.0,43.7,29,24,19.0,22.9,54,65,25,0,0,0,6,6,4,0,25,25,24,42,36,38,24,24,30,44.77,44.79,44.87,43,430,4.3,0,0,0
16.46,306,0.4,0.41,0.41,15.2,18.9,15.0,16.68,9.5,0.12,0.06,206.6,12.3,257,1,3,1658,700,1948,0,1940,16.5,171.8,1123,32.1,33.7,0.2,3.4,2067.6,0,16.83,9.6,48.2,49.4,51.3,47.5,51.3,45.8,44.0,47.9,44.7,43.5,29,24,18.8,22.9,55,65,25,0,0,0,6,6,4,0,25,25,24,42,36,38,24,24,30,44.77,44.79,44.87,43,420,4.3,0,0,0
16.41,276,1.03,1.03,1.03,16.0,15.9,15.1,16.68,11.9,0.01,0.09,206.5,11.7,257,1,3,1731,701,2036,1,2042,16.7,185.3,1177,30.8,32.0,0.1,3.3,2067.6,0,16.83,9.6,50.7,52.0,54.0,49.9,53.9,48.4,45.8,50.3,45.1,43.8,29,24,19.0,22.9,54,66,25,0,0,0,6,6,4,0,25,25,24,42,36,38,24,24,30,44.78,44.79,44.87,43,430,4.3,0,0,0
16.22,342,0.36,0.37,0.37,12.4,15.4,12.3,16.35,3.6,0.13,0.07,206.5,11.3,260,1,3,1594,700,1864,0,1878,16.2,166.2,1100,28.6,31.7,0.0,3.2,2067.6,0,16.83,9.6,47.6,48.9,50.8,47.1,50.9,45.3,43.5,47.1,44.6,43.3,28,24,18.8,22.9,50,61,25,0,0,0,6,6,4,0,25,25,24,42,36,38,24,24,30,44.78,44.79,44.87,43,420,4.2,0,0,0
16.93,70,1.2,1.2,1.2,11.2,11.2,13.1,17.24,10.9,-0.01,0.02,206.5,10.8,256,1,3,1741,700,2046,1,2058,16.8,181.3,1170,29.5,32.4,0.0,3.2,2067.6,0,16.83,9.6,50.0,51.2,53.2,49.3,53.3,47.7,45.3,49.5,45.0,43.7,29,24,19.0,22.9,54,65,25,0,0,0,6,6,4,0,25,25,24,42,36,38,24,24,30,44.78,44.78,44.87,43,430,4.3,0,0,0
16.75,102,0.86,0.86,0.86,13.9,15.6,11.7,16.83,10.4,0.13,0.11,206.7,10.0,257,1,3,1734,701,2043,-1,2074,16.8,183.1,1173,28.9,32.0,0.0,3.2,2067.6,0,16.83,9.6,50.4,51.7,53.5,49.6,53.6,48.1,45.6,50.0,45.1,43.8,29,24,19.0,22.9,54,65,25,0,0,0,6,6,4,0,25,25,24,42,36,38,24,24,30,44.77,44.78,44.88,43,430,4.3,0,0,0
17.02,136,2.1,2.11,2.11,10.8,10.7,10.7,17.19,16.5,0.2,0.02,206.9,9.3,256,1,3,1744,700,2052,-1,2044,16.9,182.3,1166,30.9,32.6,0.1,3.4,2067.6,0,16.83,9.6,53.8,55.2,57.3,53.1,57.3,51.6,48.4,53.5,45.6,44.3,29,24,19.0,22.9,55,66,25,0,0,0,6,6,4,0,25,25,24,42,37,38,24,24,30,44.77,44.79,44.87,43,430,4.3,0,0,0
16.6,118,2.18,2.19,2.19,18.2,15.2,14.6,16.85,-2.2,0.1,0.07,206.5,12.1,261,1,3,1730,701,2035,0,2049,16.6,185.3,1177,28.9,32.6,0.0,3.2,2067.6,0,16.83,9.6,53.1,54.4,56.4,52.3,56.5,50.9,47.8,52.8,45.5,44.2,28,24,19.0,22.9,54,66,25,0,0,0,6,6,4,0,25,25,24,42,37,39,24,24,30,44.77,44.79,44.87,43,430,4.3,0,0,0
16.81,186,1.84,1.86,1.85,13.8,12.9,17.4,17.1,9.9,0.08,0.03,206.3,11.0,259,1,3,1744,700,2049,2,2070,16.8,185.4,1175,28.8,32.1,0.0,3.2,2067.6,0,16.83,9.6,53.3,54.7,56.8,52.7,56.8,51.2,48.0,53.0,45.6,44.2,29,24,19.0,22.9,54,65,25,0,0,0,6,6,4,0,25,25,24,42,36,39,24,24,30,44.77,44.79,44.87,43,430,4.3,0,0,0
16.54,48,2.97,2.97,2.97,17.7,15.4,17.0,16.92,6.0,0.02,0.08,206.4,10.8,259,1,3,1728,700,2034,2,2050,16.6,185.3,1176,29.1,32.7,0.0,3.2,2067.6,0,16.83,9.6,53.1,54.4,56.5,52.3,56.5,50.9,47.8,52.7,45.5,44.2,28,24,19.0,22.9,54,66,25,0,0,0,6,6,4,0,25,25,24,42,36,38,24,24,30,44.77,44.79,44.87,43,430,4.3,0,0,0
16.49,106,0.52,0.52,0.53,16.0,17.3,15.0,16.59,11.5,0.1,0.16,206.6,9.6,257,1,3,1662,700,1947,0,1960,16.4,176.1,1128,31.2,32.9,0.1,3.4,2067.6,0,16.83,9.6,48.0,49.2,51.1,47.3,51.2,45.6,43.9,47.6,44.6,43.5,28,24,18.8,22.9,53,63,25,0,0,0,6,6,4,0,25,25,24,42,36,38,24,24,30,44.77,44.79,44.87,43,420,4.3,0,0,0
16.8,302,2.58,2.59,2.58,14.8,12.4,12.2,16.98,9.5,0.07,0.08,206.6,11.5,259,1,3,1733,700,2044,2,2052,16.7,183.4,1172,29.7,33.0,0.0,3.2,2067.6,0,16.83,9.6,52.9,54.1,56.2,52.1,56.2,50.7,47.6,52.5,45.5,44.2,28,24,19.0,22.9,55,66,25,0,0,0,6,6,4,0,25,25,24,42,37,39,24,24,30,44.78,44.78,44.87,43,430,4.3,0,0,0
16.5,244,2.67,2.68,2.67,15.3,13.7,13.3,16.73,8.9,0.1,0.09,206.3,11.4,261,1,3,1729,701,2036,1,2049,16.6,181.2,1180,31.9,34.9,0.1,3.3,2067.6,0,16.83,9.6,52.1,53.4,55.5,51.2,55.4,49.8,47.0,51.7,45.3,44.1,29,24,19.0,22.9,57,68,25,0,0,0,6,6,4,0,25,25,24,42,36,38,24,24,30,44.77,44.79,44.87,43,430,4.4,0,0,0
16.42,48,0.38,0.38,0.38,17.4,17.7,12.5,16.47,7.9,0.06,0.04,206.7,9.5,262,1,3,1629,700,1914,-1,1921,16.4,170.4,1116,28.8,32.3,0.0,3.2,2067.6,0,16.83,9.6,47.5,48.8,50.7,46.9,50.7,45.1,43.2,47.0,44.5,43.3,29,24,18.8,22.9,51,62,25,0,0,0,6,6,4,0,25,25,24,42,36,38,24,24,29,44.78,44.79,44.87,42,420,4.3,0,0,0
16.76,176,2.72,2.73,2.73,15.6,16.9,14.8,16.87,8.7,0.14,0.09,206.3,9.9,257,1,3,1727,700,2038,0,2030,16.7,182.6,1168,29.6,31.8,0.1,3.3,2067.6,0,16.83,9.6,50.6,51.9,53.8,49.9,53.8,48.2,45.7,49.9,45.1,43.8,29,24,19.0,22.9,54,65,25,0,0,0,6,6,4,0,25,25,24,42,36,38,24,24,30,44.78,44.79,44.87,43,420,4.3,0,0,0
16.79,140,0.88,0.88,0.88,14.7,17.7,15.1,16.77,1.4,0.14,0.05,206.7,11.7,261,1,3,1711,700,2015,0,2017,16.7,178.6,1157,31.2,34.5,0.1,3.3,2067.6,0,16.83,9.6,49.0,50.3,52.2,48.3,52.2,46.6,44.6,48.5,44.8,43.6,28,24,19.0,22.9,55,66,25,0,0,0,6,6,4,0,25,25,24,42,36,38,24,24,30,44.78,44.78,44.87,43,420,4.3,0,0,0
16.74,42,1.76,1.77,1.76,13.1,16.3,13.4,16.93,9.0,0.08,0.06,206.4,10.4,259,1,3,1744,701,2054,1,2064,16.7,186.3,1173,28.7,32.1,0.0,3.2,2067.6,0,16.83,9.6,53.4,54.8,56.8,52.7,56.8,51.2,48.0,53.1,45.6,44.2,30,24,19.0,22.9,54,65,25,0,0,0,6,6,4,0,25,25,24,42,36,39,24,24,30,44.77,44.78,44.87,44,430,4.3,0,0,0
16.66,118,0.87,0.88,0.88,14.1,16.8,15.0,16.81,9.6,0.12,0.06,206.3,10.3,258,1,3,1701,700,2002,3,2011,16.7,179.9,1152,33.0,34.4,0.3,3.5,2067.6,0,16.83,9.6,48.2,49.6,51.4,47.7,51.5,45.9,44.1,47.8,44.7,43.5,28,24,18.8,22.9,56,66,25,0,0,0,6,6,4,0,25,25,24,42,36,38,24,24,30,44.77,44.79,44.87,43,430,4.3,0,0,0
16.16,166,0.36,0.37,0.37,12.8,15.2,11.5,16.16,9.8,0.15,0.12,206.8,10.9,258,1,3,1534,700,1788,2,1811,16.2,161.9,1069,29.7,31.6,0.1,3.3,2067.6,0,16.83,9.6,47.8,49.1,51.0,47.2,51.0,45.5,43.7,47.3,44.6,43.4,28,24,18.8,22.9,51,61,25,0,0,0,6,6,4,0,25,25,24,42,36,38,24,24,29,44.77,44.78,44.87,42,420,4.3,0,0,0
16.71,56,1.14,1.14,1.14,17.9,16.0,15.4,16.84,7.1,0.17,-0.02,206.6,11.2,257,1,3,1718,700,2020,2,2026,16.6,181.1,1162,31.7,33.7,0.2,3.4,2067.6,0,16.83,9.6,51.1,52.4,54.3,50.3,54.3,48.8,46.1,50.6,45.1,43.9,29,24,19.0,22.9,55,66,25,0,0,0,6,6,4,0,25,25,24,42,36,38,24,24,30,44.78,44.79,44.87,43,420,4.3,0,0,0
16.56,70,0.51,0.51,0.51,16.1,14.5,13.6,16.78,10.4,0.1,0.15,206.5,11.2,257,1,3,1667,700,1954,2,1965,16.5,171.2,1134,31.5,32.9,0.1,3.4,2067.6,0,16.83,9.6,48.1,49.3,51.1,47.3,51.2,45.6,43.9,47.7,44.6,43.5,29,24,18.8,22.9,53,63,25,0,0,0,6,6,4,0,25,25,24,42,36,38,24,24,30,44.77,44.79,44.87,43,420,4.2,0,0,0
16.6,12,0.94,0.94,0.94,17.4,16.3,14.3,16.87,3.4,0.12,0.12,206.4,11.1,257,1,3,1706,700,2009,2,1996,16.6,178.7,1155,31.6,33.5,0.2,3.4,2067.6,0,16.83,9.6,51.0,52.2,54.3,50.2,54.3,48.6,46.0,50.3,45.1,43.9,30,24,19.0,22.9,55,66,25,0,0,0,6,6,4,0,25,25,24,42,36,38,24,24,30,44.77,44.79,44.87,43,430,4.3,0,0,0
16.53,80,0.24,0.24,0.24,12.4,15.6,13.2,16.54,2.8,0.08,0.03,206.3,10.1,259,1,3,1639,700,1923,1,1912,16.4,171.4,1125,33.9,35.9,0.2,3.4,2067.6,0,16.83,9.6,51.5,52.9,54.9,50.9,55.0,49.3,46.6,51.1,45.2,44.0,29,24,19.0,22.9,58,68,25,0,0,0,6,6,4,0,25,25,24,42,36,38,24,24,30,44.77,44.79,44.87,44,430,4.3,0,0,0
16.53,156,2.67,2.68,2.67,14.6,14.9,15.1,16.67,3.4,0.08,0.08,206.4,12.0,260,1,3,1728,701,2038,1,2041,16.5,182.4,1178,29.3,32.5,0.0,3.2,2067.6,0,16.83,9.6,53.1,54.4,56.5,52.3,56.5,50.9,47.8,52.7,45.5,44.2,29,24,19.0,22.9,54,66,25,0,0,0,6,6,4,0,25,25,24,42,36,38,24,24,30,44.77,44.79,44.87,44,430,4.3,0,0,0
16.96,256,2.29,2.31,2.3,13.7,10.6,14.6,17.14,12.7,0.16,0.08,206.7,10.0,258,1,3,1742,700,2050,0,2068,16.8,181.1,1166,28.7,31.8,0.0,3.2,2067.6,0,16.83,9.6,53.4,54.8,56.8,52.7,56.8,51.3,48.0,53.1,45.6,44.3,28,24,19.0,22.9,54,65,25,0,0,0,6,6,4,0,25,25,24,42,36,39,24,24,30,44.77,44.78,44.87,43,430,4.3,0,0,0
16.69,292,0.51,0.51,0.51,15.3,18.3,15.8,16.73,16.9,0.1,0.08,206.3,10.9,256,1,3,1669,700,1963,2,1969,16.5,178.3,1134,33.3,35.4,0.2,3.4,2067.6,0,16.83,9.6,48.6,49.7,51.8,47.9,51.9,46.2,44.3,48.2,44.8,43.6,29,24,18.9,22.9,56,66,25,0,0,0,6,6,4,0,25,25,24,42,36,38,24,24,29,44.77,44.79,44.87,43,420,4.3,0,0,0
16.36,336,0.37,0.37,0.37,11.7,14.0,14.8,16.72,9.8,0.04,0.01,206.6,9.3,258,1,3,1576,700,1841,1,1831,16.3,161.7,1086,29.2,31.5,0.0,3.3,2067.6,0,16.83,9.6,47.8,49.0,50.8,47.1,50.9,45.4,43.6,47.2,44.6,43.4,29,24,18.8,22.9,50,61,25,0,0,0,6,6,4,0,25,25,24,42,36,38,24,24,30,44.78,44.79,44.87,43,420,4.3,0,0,0
16.44,136,2.83,2.83,2.83,13.8,12.2,14.3,16.86,6.4,0.06,0.0,206.4,9.7,262,1,3,1729,701,2035,0,2045,16.5,183.8,1179,31.7,34.9,0.1,3.3,2067.6,0,16.83,9.6,52.1,53.4,55.5,51.2,55.4,49.8,47.0,51.8,45.3,44.1,28,24,19.0,22.9,57,68,25,0,0,0,6,6,4,0,25,25,24,42,36,38,24,24,30,44.77,44.79,44.87,44,430,4.4,0,0,0
17.06,74,1.67,1.68,1.68,14.3,12.7,12.0,17.34,10.9,0.09,0.07,206.5,12.0,259,1,3,1748,700,2055,1,2074,16.9,184.6,1170,28.8,32.5,0.0,3.2,2067.6,0,16.83,9.6,53.2,54.6,56.6,52.6,56.7,51.0,47.9,52.8,45.5,44.2,28,24,19.0,22.9,54,65,25,0,0,0,6,6,4,0,25,25,24,42,37,39,24,24,30,44.78,44.79,44.87,43,430,4.3,0,0,0
16.67,282,3.16,3.17,3.17,16.7,14.9,16.1,16.87,2.8,0.22,0.11,206.5,10.2,260,1,3,1725,700,2027,1,2046,16.6,182.2,1169,31.3,34.3,0.0,3.3,2067.6,0,16.83,9.6,52.2,53.6,55.7,51.6,55.7,50.0,47.2,51.8,45.4,44.1,28,24,19.0,22.9,56,67,25,0,0,0,6,6,4,0,25,25,24,42,36,38,24,24,30,44.78,44.78,44.87,43,430,4.3,0,0,0
16.72,232,0.81,0.81,0.81,14.3,11.5,12.2,16.92,-1.3,0.07,0.06,206.5,12.0,259,1,3,1718,700,2014,0,2035,16.6,180.2,1159,32.6,34.0,0.2,3.4,2067.6,0,16.83,9.6,48.3,49.5,51.3,47.5,51.4,45.8,44.0,47.8,44.7,43.5,28,24,18.8,22.9,55,65,25,0,0,0,6,6,4,0,25,25,24,42,36,38,24,24,30,44.78,44.79,44.87,42,420,4.2,0,0,0
16.89,296,2.51,2.52,2.5,11.1,10.9,11.3,17.19,2.8,0.04,0.06,206.4,10.0,260,1,3,1752,700,2055,1,2086,17.0,184.3,1168,29.4,32.8,0.0,3.2,2067.6,0,16.83,9.6,52.9,54.3,56.4,52.3,56.4,50.7,47.7,52.5,45.5,44.2,28,24,19.0,22.9,54,66,25,0,0,0,6,6,4,0,25,25,24,42,36,38,24,24,30,44.77,44.79,44.87,43,430,4.3,0,0,0
16.92,78,2.74,2.75,2.74,17.3,15.4,15.8,17.09,-2.3,0.07,0.04,206.5,10.1,260,1,3,1737,700,2043,0,2054,16.9,184.0,1164,32.5,35.9,0.1,3.3,2067.6,0,16.83,9.6,52.0,53.1,55.1,51.1,55.1,49.6,46.8,51.5,45.3,44.0,29,24,19.0,22.9,57,68,25,0,0,0,6,6,4,0,25,25,24,42,36,38,24,24,30,44.78,44.79,44.87,43,430,4.3,0,0,0
17.06,330,2.55,2.54,2.54,10.9,10.5,11.4,17.3,0.1,0.15,0.08,206.7,10.8,260,1,3,1748,700,2054,2,2051,16.9,185.8,1164,32.6,36.1,0.1,3.3,2067.6,0,16.83,9.6,51.9,53.0,55.1,51.0,55.1,49.6,46.8,51.5,45.3,44.0,29,24,19.0,22.9,57,68,25,0,0,0,6,6,4,0,25,25,24,42,36,38,24,24,30,44.78,44.79,44.87,43,430,4.3,0,0,0
16.63,358,2.9,2.91,2.91,16.3,19.5,14.5,16.79,4.3,0.08,0.1,206.6,11.6,260,1,3,1730,700,2029,2,2033,16.7,184.8,1172,28.5,32.1,0.0,3.2,2067.6,0,16.83,9.6,53.2,54.7,56.8,52.6,56.7,51.1,47.9,52.9,45.5,44.2,29,24,19.0,22.9,54,65,25,0,0,0,6,6,4,0,25,25,24,42,36,39,24,24,30,44.77,44.79,44.87,43,430,4.3,0,0,0
16.66,94,0.86,0.86,0.86,12.2,12.5,10.8,16.84,6.7,0.18,0.02,206.5,11.5,257,1,3,1710,700,2008,2,2023,16.7,182.2,1151,31.7,33.9,0.2,3.4,2067.6,0,16.83,9.6,51.0,52.3,54.3,50.2,54.3,48.7,46.0,50.4,45.1,43.9,28,24,19.0,22.9,55,66,25,0,0,0,6,6,4,0,25,25,24,42,36,38,24,24,30,44.78,44.79,44.87,43,430,4.3,0,0,0
16.12,344,0.37,0.37,0.37,14.5,11.4,13.8,16.46,2.6,0.09,-0.02,206.5,9.2,259,1,3,1539,700,1795,1,1798,16.2,161.4,1069,30.0,31.5,0.1,3.3,2067.6,0,16.83,9.6,47.9,49.1,50.9,47.2,51.0,45.5,43.7,47.4,44.6,43.4,27,24,18.8,22.9,51,61,25,0,0,0,6,6,4,0,25,25,24,42,36,38,24,24,30,44.78,44.78,44.87,43,420,4.3,0,0,0
16.59,354,1.69,1.7,1.7,14.0,13.3,16.6,16.93,4.0,0.06,0.06,206.3,9.8,258,1,3,1727,700,2028,-1,2032,16.5,182.3,1181,30.1,31.8,0.1,3.3,2067.6,0,16.83,9.6,50.6,51.9,53.8,49.9,53.9,48.2,45.7,50.0,45.1,43.8,29,24,19.0,22.9,54,65,25,0,0,0,6,6,4,0,25,25,24,42,36,38,24,24,30,44.77,44.79,44.87,43,430,4.3,0,0,0
17.14,76,1.76,1.74,1.74,10.6,10.7,12.4,17.51,9.1,0.1,0.14,206.3,10.6,256,1,3,1756,701,2071,0,2078,17.2,185.1,1162,33.1,34.8,0.3,3.5,2067.6,0,16.83,9.6,51.2,52.7,54.6,50.6,54.7,49.0,46.4,50.9,45.2,43.9,29,24,19.0,22.9,56,67,25,0,0,0,6,6,4,0,25,25,24,42,36,38,24,24,30,44.77,44.79,44.87,43,420,4.3,0,0,0
16.59,140,2.29,2.29,2.29,17.5,14.8,12.6,16.78,13.8,-0.02,0.11,206.5,11.2,256,1,3,1719,700,2021,1,2023,16.6,180.5,1173,29.8,31.6,0.1,3.3,2067.6,0,16.83,9.6,50.6,51.9,53.8,49.9,53.9,48.2,45.7,50.0,45.1,43.8,28,24,19.0,22.9,54,65,25,0,0,0,6,6,4,0,25,25,24,42,36,38,24,24,30,44.77,44.79,44.87,43,430,4.3,0,0,0
16.78,332,1.98,1.98,1.98,12.4,13.5,14.9,17.08,1.2,0.12,0.08,206.4,10.3,261,1,3,1734,701,2043,2,2046,16.7,184.3,1176,29.1,32.3,0.0,3.2,2067.6,0,16.83,9.6,53.2,54.5,56.4,52.4,56.5,51.0,47.9,52.8,45.5,44.2,28,24,19.0,22.9,54,66,25,0,0,0,6,6,4,0,25,25,24,42,36,38,24,24,30,44.77,44.78,44.87,43,430,4.3,0,0,0
16.97,112,1.53,1.53,1.53,15.2,18.3,15.7,16.98,9.2,0.1,0.04,206.5,10.3,258,1,3,1741,701,2053,0,2052,17.0,185.5,1168,33.2,35.8,0.2,3.4,2067.6,0,16.83,9.6,51.5,53.0,55.1,50.9,55.0,49.3,46.6,51.2,45.2,44.0,29,24,19.0,22.9,57,68,25,0,0,0,6,6,4,0,25,25,24,42,36,38,24,24,30,44.77,44.79,44.87,43,420,4.3,0,0,0
16.38,296,0.37,0.37,0.37,14.0,11.5,14.5,16.72,9.5,0.1,0.07,206.5,9.3,258,1,3,1633,700,1918,1,1910,16.4,171.0,1122,31.0,32.6,0.1,3.4,2067.6,0,16.83,9.6,48.0,49.2,51.1,47.3,51.1,45.6,43.8,47.6,44.6,43.4,28,24,18.8,22.9,52,62,25,0,0,0,6,6,4,0,25,25,24,42,36,38,24,24,30,44.77,44.79,44.87,43,420,4.3,0,0,0
16.85,140,1.2,1.2,1.2,15.6,14.1,16.8,17.12,7.0,0.13,0.08,206.5,10.0,257,1,3,1732,700,2042,1,2063,16.8,184.7,1170,29.2,32.6,0.0,3.2,2067.6,0,16.83,9.6,50.1,51.3,53.2,49.4,53.3,47.8,45.4,49.6,45.0,43.7,28,24,19.0,22.9,54,65,25,0,0,0,6,6,4,0,25,25,24,42,36,38,24,24,30,44.78,44.79,44.87,43,430,4.3,0,0,0
16.7,32,2.74,2.74,2.74,17.0,15.6,18.4,16.97,11.8,0.17,0.06,206.5,9.3,257,1,3,1723,700,2030,2,2052,16.7,183.3,1172,29.7,32.0,0.1,3.3,2067.6,0,16.83,9.6,50.6,51.9,53.8,49.9,53.8,48.2,45.7,50.0,45.1,43.8,29,24,19.0,22.9,54,65,25,0,0,0,6,6,4,0,25,25,24,42,36,38,24,24,30,44.78,44.79,44.87,43,430,4.3,0,0,0
16.28,8,0.36,0.37,0.37,17.3,16.6,15.2,16.57,1.6,0.2,0.08,206.7,9.3,260,1,3,1708,700,2016,1,2030,16.4,179.4,1169,30.0,33.2,0.0,3.3,2067.6,0,16.83,9.6,49.6,50.8,52.7,48.8,52.8,47.3,45.0,49.2,44.9,43.7,28,24,19.0,22.9,55,66,25,0,0,0,6,6,4,0,25,25,24,42,36,38,24,24,30,44.77,44.79,44.87,43,430,4.3,0,0,0
16.69,322,1.12,1.12,1.12,17.1,13.8,13.7,17.04,-1.1,0.07,0.08,206.4,12.0,261,1,3,1736,699,2038,1,2033,16.7,184.3,1170,31.4,34.7,0.1,3.3,2067.6,0,16.83,9.6,49.0,50.2,52.0,48.2,52.1,46.6,44.6,48.5,44.8,43.6,28,24,19.0,22.9,55,66,25,0,0,0,6,6,4,0,25,25,24,42,36,38,24,24,30,44.77,44.78,44.87,42,430,4.3,0,0,0
16.71,184,0.75,0.75,0.75,11.2,10.8,12.5,17.09,-0.9,0.12,0.06,206.5,12.0,259,1,3,1710,701,2000,1,1984,16.7,178.5,1151,31.6,35.1,0.1,3.3,2067.6,0,16.83,9.6,48.9,50.1,52.0,48.1,52.0,46.5,44.4,48.4,44.8,43.6,29,24,19.0,22.9,56,66,25,0,0,0,6,6,4,0,25,25,24,42,36,38,24,24,30,44.78,44.79,44.87,43,420,4.3,0,0,0
17.05,242,1.75,1.76,1.75,10.9,12.1,10.7,17.21,10.3,0.06,0.06,206.5,9.4,257,1,3,1757,701,2073,-1,2083,17.1,187.2,1164,28.9,32.0,0.0,3.3,2067.6,0,16.83,9.6,50.5,51.8,53.7,49.8,53.7,48.1,45.7,50.0,45.1,43.8,28,24,19.0,22.9,53,65,25,0,0,0,6,6,4,0,25,25,24,42,36,38,24,24,30,44.77,44.79,44.87,43,420,4.2,0,0,0
16.89,200,4.59,4.6,4.6,17.4,15.7,15.0,17.08,11.5,0.19,0.07,206.4,11.1,259,1,3,1736,700,2041,0,2063,16.9,180.9,1166,29.9,33.1,0.0,3.2,2067.6,0,16.83,9.6,52.7,54.1,56.1,52.0,56.1,50.5,47.5,52.3,45.4,44.1,28,24,19.0,22.9,55,66,25,0,0,0,6,6,4,0,25,25,24,42,36,39,24,24,30,44.78,44.79,44.87,43,430,4.3,0,0,0
16.15,74,0.37,0.37,0.37,15.0,12.9,11.3,16.27,4.3,0.17,0.13,206.5,8.6,259,1,3,1545,699,1803,0,1821,16.3,160.4,1072,30.1,31.7,0.1,3.3,2067.6,0,16.83,9.6,47.8,49.1,51.0,47.2,51.1,45.5,43.7,47.4,44.6,43.4,28,24,18.8,22.9,51,61,25,0,0,0,6,6,4,0,25,25,24,42,36,38,24,24,30,44.78,44.78,44.87,42,420,4.3,0,0,0
16.99,180,1.29,1.29,1.29,10.9,12.0,12.6,17.19,4.6,0.2,0.05,206.5,9.5,259,1,3,1748,700,2064,-1,2070,16.9,184.5,1170,33.1,36.0,0.1,3.4,2067.6,0,16.83,9.6,51.7,53.0,55.0,51.0,55.0,49.4,46.7,51.4,45.3,44.0,28,24,19.0,22.9,57,68,25,0,0,0,6,6,4,0,25,25,24,42,36,38,24,24,30,44.77,44.79,44.87,43,430,4.3,0,0,0
16.78,120,1.13,1.13,1.13,13.9,11.7,11.8,17.05,7.1,0.17,0.03,206.2,11.9,257,1,3,1713,701,2022,2,2028,16.7,179.7,1156,32.5,34.1,0.2,3.5,2067.6,0,16.83,9.6,51.1,52.5,54.4,50.5,54.5,48.9,46.3,50.7,45.2,43.9,27,24,19.0,22.9,56,67,25,0,0,0,6,6,4,0,25,25,24,42,36,38,24,24,30,44.78,44.79,44.87,43,420,4.3,0,0,0
16.42,288,2.06,2.06,2.06,17.1,14.6,14.6,16.69,3.8,0.03,0.06,206.3,11.5,257,1,3,1710,700,2014,1,2018,16.5,184.1,1174,33.8,35.4,0.2,3.4,2067.6,0,16.83,9.6,51.5,52.8,54.8,50.8,54.8,49.3,46.5,51.2,45.2,44.0,28,24,19.0,22.9,58,68,25,0,0,0,6,6,4,0,25,25,24,42,36,38,24,24,30,44.77,44.78,44.87,43,430,4.3,0,0,0
16.73,332,2.19,2.21,2.2,16.3,16.9,14.6,16.79,9.4,0.12,0.13,206.2,9.4,259,1,3,1734,701,2038,2,2048,16.6,185.4,1175,28.8,32.1,0.0,3.2,2067.6,0,16.83,9.6,53.3,54.8,56.8,52.7,56.8,51.2,48.0,52.9,45.6,44.2,29,24,19.0,22.9,54,65,25,0,0,0,6,6,4,0,25,25,24,42,36,39,24,24,30,44.77,44.78,44.87,43,430,4.4,0,0,0
17.23,156,3.59,3.6,3.6,10.5,10.5,10.4,17.62,3.9,-0.03,-0.02,206.7,10.2,257,1,3,1744,701,2058,0,2075,17.0,186.3,1151,33.4,34.9,0.3,3.5,2067.6,0,16.83,9.6,51.3,52.7,54.7,50.6,54.7,49.1,46.4,51.1,45.2,43.9,29,24,19.0,22.9,57,68,25,0,0,0,6,6,4,0,25,25,24,42,36,38,24,24,30,44.77,44.78,44.87,43,420,4.3,0,0,0
16.53,118,1.79,1.79,1.8,14.0,13.9,14.1,16.66,5.4,0.18,0.07,206.4,9.4,259,1,3,1709,700,2012,2,2021,16.4,178.8,1181,30.1,33.5,0.0,3.3,2067.6,0,16.83,9.6,49.4,50.8,52.7,48.8,52.8,47.1,44.8,49.0,44.9,43.7,29,24,19.0,22.9,55,66,25,0,0,0,6,6,4,0,25,25,24,42,36,38,24,24,30,44.77,44.79,44.87,43,430,4.3,0,0,0
16.85,172,0.86,0.86,0.86,12.9,16.1,12.4,16.93,3.3,0.14,0.06,206.5,11.9,258,1,3,1751,701,2057,-1,2066,16.7,184.0,1172,28.8,31.9,0.0,3.3,2067.6,0,16.83,9.6,50.4,51.7,53.7,49.7,53.6,48.1,45.6,50.0,45.1,43.8,28,24,19.0,22.9,54,65,25,0,0,0,6,6,4,0,25,25,24,42,36,38,24,24,30,44.77,44.79,44.87,43,420,4.2,0,0,0
16.59,246,0.98,0.98,0.98,13.7,14.1,11.5,16.78,12.6,0.14,0.13,206.6,13.3,258,1,3,1717,699,2017,1,2036,16.6,178.8,1158,30.8,34.0,0.1,3.3,2067.6,0,16.83,9.6,49.3,50.5,52.4,48.6,52.5,46.9,44.7,48.8,44.9,43.6,28,24,19.0,22.9,55,66,25,0,0,0,6,6,4,0,25,25,24,42,36,38,24,24,30,44.77,44.79,44.87,43,430,4.3,0,0,0
16.84,358,1.91,1.92,1.91,13.1,13.1,14.8,17.18,10.2,0.06,0.09,206.5,9.8,258,1,3,1739,700,2044,0,2077,16.9,180.5,1172,30.4,32.2,0.1,3.3,2067.6,0,16.83,9.6,53.8,55.1,57.2,52.9,57.2,51.6,48.4,53.5,45.6,44.3,29,24,19.0,22.9,55,66,25,0,0,0,6,6,4,0,25,25,24,42,37,39,24,24,30,44.77,44.79,44.87,43,430,4.3,0,0,0
16.87,226,3.34,3.34,3.34,14.1,11.7,12.5,17.07,9.1,0.08,0.1,206.9,8.8,257,1,3,1742,700,2046,2,2045,16.8,185.8,1169,33.7,35.2,0.2,3.5,2067.6,0,16.83,9.6,51.4,52.7,54.7,50.7,54.7,49.2,46.5,51.1,45.2,44.0,28,24,19.0,22.9,57,68,25,0,0,0,6,6,4,0,25,25,24,42,36,38,24,24,30,44.77,44.78,44.88,43,430,4.3,0,0,0
16.68,228,0.52,0.52,0.52,10.8,11.6,13.0,16.84,11.8,0.1,0.06,206.5,9.8,257,1,3,1669,700,1957,1,1974,16.7,171.6,1133,33.4,34.9,0.2,3.5,2067.6,0,16.83,9.6,48.3,49.7,51.5,47.8,51.7,46.0,44.1,48.0,44.7,43.6,29,24,18.8,22.9,56,66,25,0,0,0,6,6,4,0,25,25,24,42,36,38,24,24,30,44.78,44.79,44.87,43,430,4.3,0,0,0
16.97,118,3.18,3.18,3.18,13.4,12.4,15.1,17.28,7.9,0.15,0.06,206.2,8.5,257,1,3,1741,700,2048,0,2032,16.7,181.8,1168,33.5,35.2,0.2,3.5,2067.6,0,16.83,9.6,51.4,52.8,54.7,50.7,54.7,49.2,46.4,51.1,45.2,44.0,27,24,19.0,22.9,57,68,25,0,0,0,6,6,4,0,25,25,24,42,36,38,24,24,30,44.77,44.78,44.87,43,430,4.3,0,0,0
16.49,196,0.37,0.37,0.37,12.0,13.9,14.5,16.74,9.3,0.05,0.12,206.6,10.0,258,1,3,1617,700,1895,2,1909,16.4,168.5,1111,31.0,32.8,0.1,3.4,2067.6,0,16.83,9.6,47.9,49.2,51.0,47.3,51.1,45.6,43.8,47.6,44.6,43.4,29,24,18.8,22.9,52,62,25,0,0,0,6,6,4,0,25,25,24,42,36,38,24,24,30,44.77,44.78,44.87,42,420,4.2,0,0,0
16.43,294,0.57,0.58,0.57,13.3,11.3,11.1,16.79,5.4,0.15,0.11,206.5,11.6,259,1,3,1669,701,1962,1,1948,16.5,174.3,1140,33.6,35.9,0.2,3.4,2067.6,0,16.83,9.6,51.5,52.9,55.0,50.9,55.0,49.3,46.6,51.2,45.2,44.0,29,24,19.0,22.9,58,68,25,0,0,0,6,6,4,0,25,25,24,42,36,38,24,24,30,44.77,44.79,44.86,43,420,4.3,0,0,0
16.64,136,2.52,2.52,2.52,15.3,17.5,15.9,16.68,3.0,0.2,0.02,206.6,10.2,260,1,3,1726,700,2033,2,2064,16.7,185.6,1178,31.0,34.5,0.1,3.3,2067.6,0,16.83,9.6,52.1,53.6,55.8,51.6,55.7,50.0,47.2,51.8,45.4,44.1,30,24,19.0,22.9,56,67,25,0,0,0,6,6,4,0,25,25,24,42,36,38,24,24,30,44.78,44.78,44.87,43,430,4.3,0,0,0
16.79,48,0.86,0.87,0.87,12.7,15.7,12.0,16.84,2.2,0.1,0.06,206.3,11.1,259,1,3,1705,700,2008,0,2030,16.8,177.0,1152,32.8,34.3,0.2,3.5,2067.6,0,16.83,9.6,48.3,49.6,51.3,47.6,51.5,45.9,44.1,47.8,44.7,43.5,29,24,18.8,22.9,55,65,25,0,0,0,6,6,4,0,25,25,24,42,36,38,24,24,30,44.77,44.79,44.87,42,420,4.3,0,0,0
16.76,334,2.34,2.35,2.34,15.6,12.8,12.3,17.09,8.8,-0.08,0.06,206.4,12.8,258,1,3,1745,701,2050,-1,2057,16.7,184.6,1171,29.3,33.0,0.0,3.2,2067.6,0,16.83,9.6,52.9,54.2,56.3,52.2,56.3,50.7,47.7,52.5,45.5,44.2,28,24,19.0,22.9,54,66,25,0,0,0,6,6,4,0,25,25,24,42,36,38,24,24,30,44.77,44.79,44.87,43,430,4.3,0,0,0
16.72,252,2.02,2.02,2.02,15.7,13.1,13.7,16.97,8.5,0.0,0.08,206.6,10.1,258,1,3,1732,700,2041,0,2047,16.9,185.5,1174,29.2,32.1,0.0,3.2,2067.6,0,16.83,9.6,50.2,51.5,53.4,49.5,53.5,47.9,45.5,49.7,45.0,43.8,28,24,19.0,22.9,54,65,25,0,0,0,6,6,4,0,25,25,24,42,36,38,24,24,30,44.77,44.78,44.87,43,420,4.3,0,0,0
16.69,108,1.47,1.46,1.47,13.2,16.1,16.1,16.79,4.1,0.1,0.03,206.6,10.9,258,1,3,1733,701,2042,0,2028,16.5,183.0,1176,28.8,32.3,0.0,3.2,2067.6,0,16.83,9.6,50.2,51.5,53.4,49.5,53.5,47.9,45.5,49.6,45.1,43.8,29,24,19.0,22.9,54,65,25,0,0,0,6,6,4,0,25,25,24,42,36,38,24,24,30,44.77,44.79,44.87,43,430,4.3,0,0,0
16.91,310,3.76,3.77,3.77,17.3,16.6,15.4,16.97,7.6,0.25,0.1,206.6,10.6,259,1,3,1727,700,2034,0,2026,16.8,182.5,1161,30.5,33.4,0.0,3.3,2067.6,0,16.83,9.6,49.4,50.7,52.6,48.7,52.7,47.1,44.8,48.9,44.9,43.7,28,24,19.0,22.9,55,66,25,0,0,0,6,6,4,0,25,25,24,42,36,38,24,24,30,44.77,44.78,44.87,43,420,4.3,0,0,0
16.41,58,0.36,0.37,0.37,14.1,14.5,11.4,16.51,9.0,0.1,0.11,206.5,9.2,258,1,3,1628,700,1900,1,1904,16.3,171.7,1110,30.8,32.1,0.1,3.3,2067.6,0,16.83,9.6,47.9,49.1,51.0,47.3,51.1,45.5,43.8,47.5,44.6,43.4,28,24,18.8,22.9,52,62,25,0,0,0,6,6,4,0,25,25,24,42,36,38,24,24,30,44.77,44.79,44.87,43,420,4.3,0,0,0
17.03,180,1.71,1.72,1.72,14.1,14.6,14.6,17.29,10.4,0.22,0.06,206.4,9.1,258,1,3,1753,700,2062,1,2043,16.8,186.5,1170,28.8,31.8,0.0,3.2,2067.6,0,16.83,9.6,53.5,54.8,56.9,52.8,56.9,51.3,48.2,53.2,45.6,44.3,29,24,19.0,22.9,53,65,25,0,0,0,6,6,4,0,25,25,24,42,37,39,24,24,30,44.78,44.79,44.87,43,430,4.3,0,0,0
16.73,140,0.86,0.86,0.86,13.1,16.7,14.1,16.78,5.2,0.03,0.09,206.7,10.3,258,1,3,1737,700,2042,2,2060,16.7,183.0,1172,28.8,32.1,0.0,3.3,2067.6,0,16.83,9.6,50.4,51.6,53.4,49.6,53.6,48.0,45.5,49.9,45.1,43.8,30,24,19.0,22.9,54,65,25,0,0,0,6,6,4,0,25,25,24,42,36,38,24,24,30,44.77,44.79,44.87,43,430,4.3,0,0,0
16.86,36,3.29,3.3,3.29,17.3,16.1,14.7,16.97,12.3,0.02,0.06,206.6,10.0,257,1,3,1739,700,2043,1,2066,17.0,180.8,1166,29.0,31.8,0.0,3.3,2067.6,0,16.83,9.6,53.5,54.8,56.9,52.8,56.9,51.3,48.2,53.2,45.6,44.3,29,24,19.0,22.9,53,65,25,0,0,0,6,6,4,0,25,25,24,42,37,39,24,24,30,44.77,44.79,44.87,43,430,4.3,0,0,0
16.67,216,1.52,1.52,1.53,15.2,12.5,15.0,17.08,9.1,-0.01,0.09,206.5,10.9,258,1,3,1728,700,2033,0,2075,16.8,180.5,1174,28.8,32.3,0.0,3.2,2067.6,0,16.83,9.6,50.3,51.6,53.4,49.5,53.5,47.9,45.5,49.7,45.1,43.8,30,24,19.0,22.9,54,65,25,0,0,0,6,6,4,0,25,25,24,42,36,38,24,24,30,44.77,44.79,44.87,43,430,4.3,0,0,0
16.69,70,0.99,0.99,0.99,16.3,18.8,15.4,16.79,-4.8,0.12,0.05,206.4,12.2,262,1,3,1722,700,2027,-1,2036,16.8,183.9,1155,31.3,34.4,0.1,3.3,2067.6,0,16.83,9.6,49.0,50.2,52.0,48.2,52.1,46.6,44.6,48.5,44.8,43.6,29,24,19.0,22.9,55,66,25,0,0,0,6,6,4,0,25,25,24,42,36,38,24,24,30,44.77,44.78,44.87,43,430,4.3,0,0,0
17.09,218,1.37,1.38,1.37,11.6,11.1,13.5,17.3,9.0,0.03,0.11,206.5,12.0,258,1,3,1747,701,2055,0,2046,16.8,186.1,1166,33.1,36.0,0.2,3.4,2067.6,0,16.83,9.6,51.6,53.0,55.1,50.9,55.0,49.4,46.6,51.3,45.2,44.0,28,24,19.0,22.9,57,68,25,0,0,0,6,6,4,0,25,25,24,42,36,38,24,24,30,44.77,44.79,44.87,43,430,4.3,0,0,0
16.6,0,0.64,0.64,0.64,14.9,17.1,16.2,16.78,8.5,0.12,0.01,206.4,9.5,256,1,3,1665,700,1956,3,1985,16.6,173.2,1133,32.7,35.6,0.2,3.4,2067.6,0,16.83,9.6,48.6,49.9,51.8,48.0,51.9,46.2,44.3,48.0,44.8,43.6,29,24,18.9,22.9,56,66,25,0,0,0,6,6,4,0,25,25,24,42,36,38,24,24,30,44.77,44.79,44.87,43,430,4.3,0,0,0
16.63,270,3.64,3.65,3.64,14.8,13.7,13.7,16.74,0.3,0.05,0.06,206.5,11.3,261,1,3,1722,700,2026,2,2035,16.5,185.5,1175,29.9,33.4,0.0,3.2,2067.6,0,16.83,9.6,52.8,54.1,56.1,52.0,56.1,50.6,47.5,52.4,45.5,44.1,28,24,19.0,22.9,55,66,25,0,0,0,6,6,4,0,25,25,24,42,36,38,24,24,30,44.77,44.79,44.87,43,430,4.3,0,0,0
16.82,32,1.16,1.16,1.17,17.6,17.3,15.2,16.84,6.7,0.15,0.05,206.5,9.6,258,1,3,1730,700,2038,0,2036,16.7,180.8,1170,28.8,32.2,0.0,3.2,2067.6,0,16.83,9.6,50.3,51.6,53.4,49.6,53.5,48.0,45.5,49.8,45.1,43.8,29,24,19.0,22.9,54,65,25,0,0,0,6,6,4,0,25,25,24,42,36,38,24,24,30,44.77,44.79,44.87,43,430,4.3,0,0,0
16.78,206,1.89,1.9,1.89,16.3,12.5,13.1,17.09,4.4,-0.07,0.13,206.5,11.2,257,1,3,1751,700,2053,3,2065,16.9,183.5,1172,31.3,33.0,0.1,3.4,2067.6,0,16.83,9.6,53.9,55.2,57.3,53.1,57.3,51.7,48.5,53.5,45.6,44.3,29,24,19.0,22.9,55,66,25,0,0,0,6,6,4,0,25,25,24,42,36,39,24,24,30,44.77,44.79,44.87,44,430,4.3,0,0,0
16.92,260,0.98,0.98,0.98,14.6,14.1,11.4,16.96,13.5,0.21,0.06,206.2,9.6,256,1,3,1728,701,2041,0,2045,16.8,181.5,1166,33.0,34.5,0.3,3.5,2067.6,0,16.83,9.6,51.0,52.6,54.6,50.6,54.6,49.0,46.3,50.8,45.2,43.9,30,24,19.0,22.9,56,67,25,0,0,0,6,6,4,0,25,25,24,42,36,39,24,24,30,44.77,44.79,44.87,43,420,4.3,0,0,0
16.32,246,0.36,0.37,0.37,12.6,15.4,11.8,16.46,9.8,0.16,0.11,206.6,9.8,258,1,3,1586,699,1858,0,1903,16.5,167.7,1091,29.0,31.2,0.0,3.3,2067.6,0,16.83,9.6,47.8,49.0,50.8,47.1,50.9,45.4,43.6,47.2,44.6,43.4,28,24,18.8,22.9,50,61,25,0,0,0,6,6,4,0,25,25,24,42,36,38,24,24,30,44.77,44.79,44.87,43,420,4.3,0,0,0
16.69,290,0.93,0.93,0.93,13.1,11.5,11.1,16.98,-3.8,0.1,0.06,206.5,12.2,259,1,3,1713,700,2016,0,2017,16.6,181.9,1158,31.6,35.2,0.1,3.3,2067.6,0,16.83,9.6,48.9,50.1,52.0,48.1,52.0,46.5,44.5,48.4,44.8,43.6,29,24,19.0,22.9,56,66,25,0,0,0,6,6,4,0,25,25,24,42,36,38,24,24,30,44.78,44.78,44.87,43,420,4.2,0,0,0
16.62,262,2.37,2.38,2.37,12.9,16.9,13.6,16.69,-0.4,0.21,0.04,206.6,11.5,261,1,3,1734,700,2039,1,2057,16.6,180.9,1180,29.4,32.7,0.0,3.2,2067.6,0,16.83,9.6,53.1,54.4,56.4,52.3,56.5,50.9,47.8,52.7,45.5,44.2,28,24,19.0,22.9,54,66,25,0,0,0,6,6,4,0,25,25,24,42,36,38,24,24,30,44.77,44.79,44.87,44,430,4.3,0,0,0
17.13,212,4.7,4.71,4.71,14.6,17.3,12.7,17.08,0.7,0.15,0.04,206.5,10.3,262,1,3,1738,700,2047,1,2051,16.9,184.0,1157,31.8,35.0,0.1,3.3,2067.6,0,16.83,9.6,52.1,53.4,55.3,51.2,55.3,49.7,46.9,51.5,45.3,44.0,28,24,19.0,22.9,57,68,25,0,0,0,6,6,4,0,25,25,24,42,36,38,24,24,30,44.77,44.79,44.87,43,430,4.3,0,0,0
16.67,98,2.02,2.03,2.03,13.8,15.3,13.2,16.78,-0.8,0.15,0.11,206.8,11.4,261,1,3,1734,700,2045,2,2048,16.7,183.5,1176,30.9,34.0,0.0,3.3,2067.6,0,16.83,9.6,52.3,53.7,55.8,51.5,55.7,50.1,47.2,51.9,45.4,44.1,29,24,19.0,22.9,56,67,25,0,0,0,6,6,4,0,25,25,24,42,36,38,24,24,30,44.78,44.79,44.87,43,430,4.3,0,0,0
16.92,176,2.49,2.5,2.5,12.8,17.9,15.8,16.97,7.5,0.2,0.07,206.5,10.0,257,1,3,1747,700,2051,2,2065,16.9,183.5,1167,29.4,31.7,0.1,3.3,2067.6,0,16.83,9.6,53.5,55.0,57.1,52.9,57.0,51.3,48.2,53.1,45.6,44.3,28,24,19.0,22.9,54,65,25,0,0,0,6,6,4,0,25,25,24,42,36,39,24,24,30,44.78,44.79,44.87,44,430,4.3,0,0,0
16.41,64,1.2,1.2,1.2,15.5,17.9,15.0,16.47,9.6,0.2,0.09,206.4,11.0,258,1,3,1710,700,2012,1,2017,16.4,181.2,1175,30.3,33.4,0.0,3.3,2067.6,0,16.83,9.6,49.5,50.8,52.7,48.8,52.8,47.2,44.9,49.1,44.9,43.7,29,24,19.0,22.9,55,66,25,0,0,0,6,6,4,0,25,25,24,42,36,38,24,24,30,44.78,44.79,44.87,43,430,4.3,0,0,0
16.75,260,0.97,0.97,0.97,13.8,17.0,14.8,16.81,10.2,0.15,0.01,206.5,10.5,257,1,3,1706,701,2007,1,2032,16.7,181.0,1153,29.5,32.8,0.0,3.2,2067.6,0,16.83,9.6,49.9,51.1,53.0,49.1,53.1,47.5,45.1,49.2,45.0,43.7,29,24,19.0,22.9,54,65,25,0,0,0,6,6,4,0,25,25,24,42,36,38,24,24,30,44.77,44.79,44.87,43,430,4.3,0,0,0
16.68,322,1.17,1.17,1.17,16.6,14.2,13.6,16.91,8.2,0.11,0.1,206.4,12.3,258,1,3,1730,700,2041,0,2038,16.5,181.1,1176,29.1,32.1,0.0,3.2,2067.6,0,16.83,9.6,50.3,51.6,53.4,49.6,53.5,47.9,45.5,49.7,45.1,43.8,30,24,19.0,22.9,54,65,25,0,0,0,6,6,4,0,25,25,24,42,36,38,24,24,30,44.77,44.79,44.87,43,430,4.3,0,0,0
16.82,140,1.18,1.18,1.18,12.1,11.1,13.6,17.09,9.5,0.02,0.06,206.5,11.1,257,1,3,1722,700,2033,2,2042,16.6,180.4,1170,31.9,35.4,0.1,3.4,2067.6,0,16.83,9.6,48.7,50.0,51.9,48.1,52.0,46.4,44.4,48.3,44.8,43.6,29,24,18.9,22.9,56,66,25,0,0,0,6,6,4,0,25,25,24,42,36,38,24,24,30,44.77,44.79,44.87,42,420,4.3,0,0,0
16.87,114,0.76,0.76,0.76,10.5,10.8,11.8,17.14,0.1,0.02,0.05,206.5,8.7,258,1,3,1710,700,2000,2,2018,16.7,178.9,1152,31.7,35.4,0.1,3.3,2067.6,0,16.83,9.6,48.7,50.1,51.9,48.1,52.0,46.4,44.4,48.3,44.8,43.6,28,24,18.9,22.9,56,66,25,0,0,0,6,6,4,0,25,25,24,42,36,38,24,24,30,44.77,44.79,44.87,43,420,4.3,0,0,0
16.64,54,3.14,3.15,3.14,18.9,16.4,13.9,16.93,-0.8,-0.13,0.07,206.3,8.6,261,1,3,1728,700,2037,-1,2070,16.7,185.6,1174,30.5,33.8,0.0,3.3,2067.6,0,16.83,9.6,52.6,53.8,55.9,51.7,55.9,50.3,47.3,52.2,45.4,44.1,29,24,19.0,22.9,55,67,25,0,0,0,6,6,4,0,25,25,24,42,36,38,24,24,30,44.77,44.79,44.87,43,430,4.3,0,0,0
16.86,24,1.85,1.87,1.86,12.6,15.8,12.9,16.86,8.7,0.17,0.05,206.6,11.4,257,1,3,1739,700,2047,0,2085,17.0,181.3,1171,31.2,33.2,0.2,3.4,2067.6,0,16.83,9.6,53.8,55.3,57.4,53.2,57.4,51.7,48.5,53.5,45.6,44.3,29,24,19.0,22.9,55,66,25,0,0,0,6,6,4,0,25,25,24,42,37,39,24,24,30,44.78,44.79,44.88,43,430,4.4,0,0,0
16.9,286,1.29,1.29,1.29,14.6,16.4,13.8,16.93,5.3,0.12,0.07,206.4,11.2,257,1,3,1733,700,2039,1,2052,16.8,180.3,1168,29.4,32.5,0.0,3.2,2067.6,0,16.83,9.6,50.1,51.2,53.2,49.3,53.3,47.8,45.4,49.6,45.0,43.7,29,24,19.0,22.9,54,65,25,0,0,0,6,6,4,0,25,25,24,42,36,38,24,24,30,44.77,44.79,44.87,43,420,4.3,0,0,0
16.77,316,0.86,0.86,0.86,13.7,12.0,15.5,17.08,10.6,0.06,0.06,206.7,11.0,257,1,3,1741,700,2047,-1,2054,16.8,185.0,1172,28.8,32.2,0.0,3.3,2067.6,0,16.83,9.6,50.4,51.7,53.6,49.7,53.6,48.1,45.6,50.0,45.1,43.8,28,24,19.0,22.9,54,65,25,0,0,0,6,6,4,0,25,25,24,42,36,38,24,24,30,44.77,44.78,44.87,43,430,4.3,0,0,0
16.73,346,0.85,0.85,0.85,14.6,18.4,14.5,16.83,15.5,0.06,0.1,206.3,11.6,256,1,3,1708,700,2016,1,2007,16.7,179.4,1153,30.8,32.4,0.1,3.4,2067.6,0,16.83,9.6,50.8,52.0,54.2,49.9,54.0,48.4,45.8,50.4,45.1,43.8,30,24,19.0,22.9,55,66,25,0,0,0,6,6,4,0,25,25,24,42,36,38,24,24,30,44.77,44.79,44.87,43,430,4.3,0,0,0
16.69,352,2.96,2.97,2.96,15.0,15.9,16.4,17.08,9.5,0.2,0.06,206.5,9.9,258,1,3,1735,700,2042,1,2052,16.8,184.7,1173,29.8,31.7,0.1,3.3,2067.6,0,16.83,9.6,53.6,55.0,57.1,52.9,57.1,51.4,48.3,53.2,45.6,44.3,28,24,19.0,22.9,54,66,25,0,0,0,6,6,4,0,25,25,24,42,36,39,24,24,30,44.77,44.78,44.87,43,430,4.3,0,0,0
16.56,278,0.33,0.33,0.33,14.8,18.2,15.4,16.67,12.6,0.14,0.06,206.5,11.2,256,1,3,1647,700,1932,0,1929,16.5,171.0,1122,31.8,33.4,0.2,3.4,2067.6,0,16.83,9.6,48.1,49.4,51.1,47.5,51.3,45.7,43.9,47.8,44.7,43.5,28,24,18.8,22.9,54,64,25,0,0,0,6,6,4,0,25,25,24,42,36,38,24,24,29,44.77,44.79,44.87,43,420,4.3,0,0,0
16.81,284,1.31,1.3,1.31,10.6,11.3,12.8,17.03,10.1,0.15,0.05,206.7,9.3,257,1,3,1741,701,2041,0,2066,16.6,185.4,1170,29.0,32.1,0.0,3.2,2067.6,0,16.83,9.6,50.4,51.6,53.4,49.6,53.5,48.0,45.5,49.8,45.1,43.8,29,24,19.0,22.9,54,65,25,0,0,0,6,6,4,0,25,25,24,42,36,38,24,24,30,44.77,44.79,44.87,43,430,4.3,0,0,0
17.02,220,1.58,1.58,1.58,12.1,10.6,11.2,17.3,4.2,0.03,0.06,206.3,10.6,258,1,3,1744,700,2054,1,2072,17.1,185.9,1163,29.3,32.2,0.0,3.2,2067.6,0,16.83,9.6,50.1,51.4,53.3,49.5,53.4,47.8,45.4,49.6,45.0,43.7,28,24,19.0,22.9,54,65,25,0,0,0,6,6,4,0,25,25,24,42,36,38,24,24,30,44.77,44.78,44.87,43,420,4.3,0,0,0
16.64,114,0.63,0.63,0.63,16.9,14.5,14.5,16.81,9.0,0.05,0.05,206.5,11.0,257,1,3,1686,700,1980,3,2003,16.7,174.1,1146,33.3,35.3,0.2,3.4,2067.6,0,16.83,9.6,48.5,49.8,51.6,47.9,51.8,46.2,44.2,48.1,44.8,43.6,28,24,18.9,22.9,56,66,25,0,0,0,6,6,4,0,25,25,24,42,36,38,24,24,30,44.78,44.78,44.87,43,420,4.3,0,0,0
16.55,274,0.8,0.8,0.8,14.5,12.4,13.6,16.64,2.6,0.07,0.01,206.6,9.1,259,1,3,1716,700,2019,2,2027,16.4,183.8,1182,29.8,33.4,0.0,3.3,2067.6,0,16.83,9.6,49.5,50.8,52.7,48.8,52.8,47.2,44.9,49.1,44.9,43.7,29,24,19.0,22.9,55,66,25,0,0,0,6,6,4,0,25,25,24,42,36,38,24,24,30,44.77,44.79,44.87,43,430,4.3,0,0,0
16.82,56,1.43,1.44,1.44,12.4,15.6,11.1,16.93,6.6,0.07,0.11,206.5,12.1,258,1,3,1740,699,2052,0,2064,16.9,180.9,1169,31.6,33.5,0.2,3.4,2067.6,0,16.83,9.6,54.0,55.4,57.5,53.2,57.5,51.8,48.6,53.7,45.6,44.4,28,24,19.0,22.9,56,67,25,0,0,0,6,6,4,0,25,25,24,42,37,39,24,24,30,44.77,44.79,44.87,44,430,4.4,0,0,0
16.77,158,0.83,0.83,0.83,14.8,15.4,16.4,16.87,8.7,0.15,0.06,206.6,10.2,256,1,3,1700,701,1998,2,2007,16.7,176.6,1152,31.6,33.2,0.2,3.4,2067.6,0,16.83,9.6,50.9,52.2,54.3,50.2,54.2,48.6,46.0,50.3,45.1,43.9,29,24,19.0,22.9,55,66,25,0,0,0,6,6,4,0,25,25,24,42,36,38,24,24,30,44.77,44.79,44.87,43,430,4.3,0,0,0
16.62,216,0.78,0.79,0.79,18.6,16.3,15.4,16.79,5.4,0.12,0.04,206.6,11.7,257,1,3,1693,700,1985,3,1999,16.6,179.6,1143,32.5,35.8,0.2,3.4,2067.6,0,16.83,9.6,48.6,49.9,51.8,48.0,51.9,46.3,44.3,48.1,44.8,43.6,29,24,18.9,22.9,56,66,25,0,0,0,6,6,4,0,25,25,24,42,36,38,24,24,29,44.77,44.78,44.87,43,420,4.3,0,0,0
16.75,252,3.04,3.05,3.05,19.5,13.6,16.3,16.86,6.9,0.02,0.03,206.5,11.5,259,1,3,1733,700,2039,1,2090,16.9,185.4,1172,28.8,32.1,0.0,3.2,2067.6,0,16.83,9.6,53.2,54.7,56.7,52.6,56.7,51.0,47.9,52.8,45.5,44.2,29,24,19.0,22.9,54,65,25,0,0,0,6,6,4,0,25,25,24,42,36,39,24,24,30,44.77,44.78,44.87,43,430,4.3,0,0,0
16.86,210,0.86,0.86,0.86,12.0,15.1,14.0,16.95,11.0,0.15,0.02,206.3,8.8,257,1,3,1741,700,2045,1,2064,16.7,183.4,1174,28.8,32.2,0.0,3.2,2067.6,0,16.83,9.6,50.4,51.7,53.6,49.7,53.6,48.1,45.6,50.0,45.1,43.8,28,24,19.0,22.9,54,65,25,0,0,0,6,6,4,0,25,25,24,42,36,38,24,24,30,44.77,44.78,44.87,43,420,4.3,0,0,0
16.56,282,3.48,3.48,3.48,17.1,19.6,15.3,16.78,2.6,0.03,0.15,206.6,10.5,262,1,3,1729,701,2036,0,2066,16.7,184.0,1175,31.9,34.9,0.1,3.3,2067.6,0,16.83,9.6,52.1,53.4,55.4,51.3,55.4,49.8,47.0,51.7,45.3,44.1,28,24,19.0,22.9,57,68,25,0,0,0,6,6,4,0,25,25,24,42,36,38,24,24,30,44.77,44.79,44.87,43,430,4.3,0,0,0
16.86,206,2.5,2.52,2.51,15.9,16.3,11.8,16.86,3.4,0.15,0.06,206.6,12.6,260,1,3,1740,700,2042,0,2079,16.9,185.6,1170,30.3,33.5,0.0,3.2,2067.6,0,16.83,9.6,52.6,53.9,56.0,51.9,56.0,50.4,47.4,52.1,45.4,44.1,28,24,19.0,22.9,55,66,25,0,0,0,6,6,4,0,25,25,24,42,36,38,24,24,30,44.77,44.79,44.87,43,420,4.3,0,0,0
16.65,172,1.44,1.44,1.44,15.7,16.3,15.4,16.86,10.4,0.19,0.06,206.6,10.7,257,1,3,1730,700,2035,2,2040,16.6,184.0,1175,30.5,31.9,0.1,3.4,2067.6,0,16.83,9.6,50.7,52.0,53.9,49.9,53.9,48.4,45.8,50.2,45.1,43.8,28,24,19.0,22.9,54,66,25,0,0,0,6,6,4,0,25,25,24,42,36,38,24,24,30,44.78,44.79,44.87,43,430,4.3,0,0,0
17.07,318,4.1,4.1,4.1,12.9,10.9,11.8,17.08,6.5,0.19,0.09,206.5,11.6,260,1,3,1738,700,2048,0,2048,16.9,181.3,1164,30.9,34.6,0.1,3.3,2067.6,0,16.83,9.6,52.2,53.6,55.6,51.6,55.6,50.0,47.2,51.8,45.4,44.1,28,24,19.0,22.9,56,67,25,0,0,0,6,6,4,0,25,25,24,42,36,38,24,24,30,44.77,44.79,44.87,43,430,4.3,0,0,0
17.11,328,1.39,1.39,1.39,14.1,18.0,14.3,17.13,8.6,0.15,0.06,206.5,12.4,256,1,3,1758,700,2071,0,2095,17.0,185.5,1168,33.2,34.7,0.3,3.5,2067.6,0,16.83,9.6,51.2,52.7,54.6,50.6,54.6,49.0,46.4,50.9,45.2,43.9,28,24,19.0,22.9,56,67,25,0,0,0,6,6,4,0,25,25,24,42,36,38,24,24,30,44.77,44.78,44.87,43,430,4.3,0,0,0
16.61,176,0.5,0.51,0.51,11.4,13.2,11.2,16.67,8.2,0.05,0.04,206.7,11.0,257,1,3,1673,701,1960,0,1989,16.6,176.5,1136,31.4,33.0,0.1,3.4,2067.6,0,16.83,9.6,48.0,49.3,51.1,47.4,51.2,45.6,43.9,47.6,44.6,43.5,28,24,18.8,22.9,53,63,25,0,0,0,6,6,4,0,25,25,24,42,36,38,24,24,30,44.78,44.79,44.87,43,420,4.2,0,0,0
16.75,208,1.05,1.05,1.05,12.0,10.8,10.7,16.97,3.1,0.12,0.16,206.5,11.8,259,1,3,1736,699,2040,1,2050,16.8,182.3,1168,30.8,34.0,0.1,3.3,2067.6,0,16.83,9.6,49.4,50.5,52.4,48.6,52.5,47.0,44.8,48.9,44.9,43.6,28,24,19.0,22.9,55,66,25,0,0,0,6,6,4,0,25,25,24,42,36,38,24,24,29,44.77,44.79,44.87,43,430,4.3,0,0,0
16.68,334,3.19,3.2,3.2,16.8,18.2,13.1,16.79,10.4,0.06,0.06,206.6,9.8,257,1,3,1724,700,2029,0,2043,16.8,184.5,1170,33.5,35.2,0.2,3.4,2067.6,0,16.83,9.6,51.5,52.8,54.7,50.7,54.7,49.2,46.5,51.1,45.2,44.0,28,24,19.0,22.9,58,68,25,0,0,0,6,6,4,0,25,25,24,42,36,38,24,24,30,44.78,44.78,44.88,43,430,4.3,0,0,0
16.69,328,0.69,0.69,0.7,14.3,15.6,16.4,16.98,5.8,0.07,0.05,206.5,8.9,258,1,3,1680,700,1971,1,1985,16.7,174.1,1141,33.1,35.4,0.2,3.4,2067.6,0,16.83,9.6,48.5,49.7,51.7,47.9,51.8,46.2,44.2,48.1,44.8,43.6,28,24,18.9,22.9,56,66,25,0,0,0,6,6,4,0,25,25,24,42,36,38,24,24,29,44.77,44.78,44.87,43,420,4.3,0,0,0
16.86,280,0.86,0.86,0.86,12.3,13.2,15.8,17.29,4.0,0.05,0.07,206.3,10.3,258,1,3,1749,701,2059,1,2063,16.9,184.8,1170,28.9,31.8,0.0,3.3,2067.6,0,16.83,9.6,50.5,51.7,53.7,49.7,53.6,48.1,45.7,50.0,45.1,43.8,28,24,19.0,22.9,54,65,25,0,0,0,6,6,4,0,25,25,24,42,36,38,24,24,30,44.77,44.79,44.87,43,430,4.3,0,0,0
16.65,298,0.44,0.44,0.45,12.2,10.8,13.9,16.99,11.4,0.03,0.06,206.5,10.6,257,1,3,1655,699,1944,-2,1949,16.6,170.6,1132,33.4,35.1,0.2,3.4,2067.6,0,16.83,9.6,48.5,49.7,51.5,47.8,51.7,46.2,44.2,48.1,44.7,43.6,28,24,18.9,22.9,56,66,25,0,0,0,6,6,4,0,25,25,24,42,36,38,24,24,29,44.77,44.79,44.87,43,420,4.3,0,0,0
16.87,118,2.95,2.95,2.94,15.9,17.9,16.8,16.88,7.8,0.07,0.07,206.4,11.8,259,1,3,1735,700,2041,0,2073,16.8,181.9,1166,29.7,33.0,0.0,3.2,2067.6,0,16.83,9.6,52.9,54.2,56.3,52.2,56.3,50.7,47.6,52.5,45.5,44.2,30,24,19.0,22.9,55,66,25,0,0,0,6,6,4,0,25,25,24,42,36,39,24,24,30,44.77,44.79,44.87,43,430,4.3,0,0,0
16.7,240,0.9,0.9,0.9,13.9,12.0,11.3,16.88,15.3,0.06,0.07,206.6,11.1,256,1,3,1732,700,2041,0,2060,16.8,183.7,1173,30.8,32.3,0.1,3.3,2067.6,0,16.83,9.6,50.8,52.0,54.2,49.9,54.0,48.4,45.8,50.4,45.1,43.8,28,24,19.0,22.9,54,66,25,0,0,0,6,6,4,0,25,25,24,42,36,38,24,24,30,44.77,44.79,44.87,43,430,4.3,0,0,0
16.35,340,0.37,0.37,0.37,11.9,15.4,12.7,16.36,7.5,0.11,0.03,206.7,10.6,259,1,3,1574,699,1838,1,1851,16.2,161.1,1086,28.9,31.4,0.0,3.2,2067.6,0,16.83,9.6,47.7,48.9,50.8,47.1,50.9,45.3,43.5,47.2,44.6,43.3,29,24,18.8,22.9,50,61,25,0,0,0,6,6,4,0,25,25,24,42,36,38,24,24,30,44.77,44.78,44.87,43,420,4.2,0,0,0
16.7,26,0.54,0.55,0.55,10.7,10.6,11.6,16.97,13.0,0.06,0.02,206.7,9.6,256,1,3,1674,700,1962,2,1959,16.6,174.9,1141,32.0,33.4,0.2,3.4,2067.6,0,16.83,9.6,48.0,49.4,51.2,47.5,51.3,45.7,43.9,47.8,44.7,43.5,28,24,18.8,22.9,54,64,25,0,0,0,6,6,4,0,25,25,24,42,36,38,24,24,29,44.77,44.78,44.87,43,420,4.2,0,0,0
16.58,202,0.25,0.25,0.25,12.4,13.5,15.4,16.84,9.3,0.1,0.08,206.5,9.8,262,1,3,1617,700,1889,1,1884,16.4,170.3,1107,29.2,32.1,0.0,3.2,2067.6,0,16.83,9.6,47.5,48.8,50.7,46.9,50.7,45.1,43.2,47.0,44.5,43.3,28,24,18.8,22.9,51,62,25,0,0,0,6,6,4,0,25,25,24,42,36,38,24,24,30,44.78,44.79,44.87,43,420,4.2,0,0,0
16.21,150,0.25,0.25,0.25,13.0,12.2,15.6,16.67,11.3,0.15,0.13,206.6,9.8,259,1,3,1586,700,1851,0,1867,16.3,161.8,1093,28.6,31.8,0.0,3.2,2067.6,0,16.83,9.6,47.7,48.9,50.8,47.0,50.8,45.3,43.4,47.1,44.5,43.3,28,24,18.8,22.9,51,61,25,0,0,0,6,6,4,0,25,25,24,42,36,38,24,24,29,44.77,44.78,44.87,43,430,4.3,0,0,0
17.09,240,2.15,2.15,2.15,15.6,16.2,15.3,17.33,1.9,0.06,0.04,206.5,11.2,259,1,3,1756,700,2068,-1,2077,17.2,181.5,1162,30.6,33.8,0.1,3.3,2067.6,0,16.83,9.6,49.4,50.7,52.5,48.7,52.7,47.0,44.8,48.8,44.9,43.7,29,24,19.0,22.9,55,66,25,0,0,0,6,6,4,0,25,25,24,42,36,38,24,24,30,44.78,44.79,44.87,42,420,4.3,0,0,0
16.85,286,2.42,2.43,2.43,15.7,13.2,12.1,16.97,11.0,0.12,0.05,206.6,12.4,260,1,3,1735,700,2044,1,2064,16.7,186.4,1170,31.3,34.8,0.1,3.3,2067.6,0,16.83,9.6,52.2,53.5,55.5,51.4,55.5,50.0,47.1,51.8,45.4,44.1,28,24,19.0,22.9,56,67,25,0,0,0,6,6,4,0,25,25,24,42,36,38,24,24,30,44.78,44.79,44.87,43,430,4.3,0,0,0
16.6,202,0.74,0.75,0.75,13.8,13.3,12.2,16.87,10.7,0.1,0.05,206.5,11.5,256,1,3,1688,700,1989,1,2014,16.7,176.4,1142,31.9,33.9,0.2,3.4,2067.6,0,16.83,9.6,48.2,49.4,51.2,47.5,51.3,45.8,44.0,47.9,44.7,43.5,29,24,18.8,22.9,55,65,25,0,0,0,6,6,4,0,25,25,24,42,36,38,24,24,30,44.77,44.79,44.87,42,420,4.2,0,0,0
16.8,346,1.46,1.47,1.46,17.7,18.4,15.7,16.86,-1.4,0.28,0.06,206.5,10.8,258,1,3,1732,699,2042,0,2049,16.8,180.8,1170,31.3,33.2,0.2,3.4,2067.6,0,16.83,9.6,53.9,55.3,57.4,53.2,57.4,51.8,48.5,53.6,45.6,44.3,27,24,19.0,22.9,56,67,25,0,0,0,6,6,4,0,25,25,24,42,37,39,24,24,30,44.78,44.79,44.87,44,430,4.3,0,0,0
17.04,250,1.47,1.47,1.47,11.3,10.9,13.2,17.4,3.9,0.04,0.06,206.4,10.5,259,1,3,1750,701,2062,0,2067,16.9,182.4,1166,32.8,35.9,0.1,3.4,2067.6,0,16.83,9.6,51.8,53.0,55.1,51.0,55.1,49.5,46.7,51.4,45.3,44.0,28,24,19.0,22.9,57,68,25,0,0,0,6,6,4,0,25,25,24,42,36,38,24,24,30,44.77,44.79,44.87,43,430,4.3,0,0,0
17.0,346,4.15,4.16,4.14,14.0,10.6,12.7,17.19,8.7,0.3,0.07,206.6,9.3,260,1,3,1740,700,2049,2,2049,16.8,185.3,1164,30.5,34.1,0.0,3.2,2067.6,0,16.83,9.6,52.5,53.7,55.9,51.7,55.8,50.2,47.3,52.1,45.4,44.1,29,24,19.0,22.9,56,67,25,0,0,0,6,6,4,0,25,25,24,42,36,38,24,24,30,44.77,44.79,44.87,43,430,4.3,0,0,0
16.96,70,3.02,3.02,3.02,13.9,10.6,10.8,17.13,7.2,0.15,0.06,206.5,9.5,258,1,3,1741,701,2045,0,2024,16.7,181.5,1165,29.5,31.8,0.1,3.3,2067.6,0,16.83,9.6,50.6,51.8,53.7,49.9,53.8,48.2,45.7,50.0,45.1,43.8,29,24,19.0,22.9,53,65,25,0,0,0,6,6,4,0,25,25,24,42,36,38,24,24,30,44.77,44.79,44.87,43,430,4.3,0,0,0
16.8,252,1.14,1.13,1.13,12.2,10.6,12.2,17.08,-3.4,0.1,0.02,206.7,10.9,260,1,3,1737,700,2045,2,2052,16.8,184.0,1170,31.3,35.0,0.1,3.3,2067.6,0,16.83,9.6,48.9,50.1,52.0,48.2,52.1,46.5,44.5,48.4,44.8,43.6,29,24,19.0,22.9,56,66,25,0,0,0,6,6,4,0,25,25,24,42,36,38,24,24,30,44.77,44.79,44.87,42,430,4.3,0,0,0
16.39,160,0.37,0.37,0.37,14.9,13.8,11.3,16.41,11.7,0.12,0.14,206.6,8.6,258,1,3,1602,700,1873,-1,1864,16.3,167.9,1103,29.1,31.5,0.0,3.3,2067.6,0,16.83,9.6,47.8,49.0,50.9,47.1,51.0,45.4,43.6,47.2,44.6,43.4,29,24,18.8,22.9,50,61,25,0,0,0,6,6,4,0,25,25,24,42,36,38,24,24,29,44.78,44.79,44.87,43,420,4.3,0,0,0
16.65,126,0.59,0.59,0.59,12.5,12.5,10.8,16.78,9.5,0.17,0.16,206.3,8.6,257,1,3,1681,700,1980,3,1977,16.6,174.9,1138,32.0,34.0,0.2,3.4,2067.6,0,16.83,9.6,51.0,52.3,54.1,50.3,54.3,48.8,46.2,50.6,45.1,43.9,30,24,19.0,22.9,55,66,25,0,0,0,6,6,4,0,25,25,24,42,36,38,24,24,30,44.77,44.79,44.87,43,430,4.3,0,0,0
16.82,290,3.39,3.4,3.39,15.9,17.4,15.1,16.97,11.3,0.15,0.03,206.5,10.9,259,1,3,1737,700,2040,2,2055,16.8,181.3,1163,28.9,32.1,0.0,3.2,2067.6,0,16.83,9.6,53.3,54.6,56.6,52.6,56.7,51.1,47.9,52.8,45.5,44.2,28,24,19.0,22.9,54,65,25,0,0,0,6,6,4,0,25,25,24,42,37,39,24,24,30,44.77,44.78,44.87,43,430,4.3,0,0,0
16.49,170,0.86,0.86,0.86,15.4,15.4,15.7,16.78,7.9,0.02,0.1,206.4,9.0,258,1,3,1730,700,2025,1,2044,16.4,181.5,1185,30.0,33.5,0.0,3.3,2067.6,0,16.83,9.6,49.5,50.8,52.7,48.8,52.8,47.2,44.9,49.1,44.9,43.7,29,24,19.0,22.9,55,66,25,0,0,0,6,6,4,0,25,25,24,42,36,38,24,24,30,44.77,44.79,44.87,43,430,4.3,0,0,0
16.76,142,2.18,2.2,2.19,16.4,13.1,12.8,16.99,8.6,0.1,0.08,206.5,11.7,258,1,3,1738,700,2043,1,2063,16.8,182.2,1171,30.3,32.1,0.1,3.3,2067.6,0,16.83,9.6,53.7,55.1,57.2,52.9,57.1,51.5,48.4,53.4,45.6,44.3,29,24,19.0,22.9,55,66,25,0,0,0,6,6,4,0,25,25,24,42,37,39,24,24,30,44.77,44.79,44.87,43,430,4.3,0,0,0
16.43,236,1.83,1.84,1.83,11.5,10.5,14.4,16.67,2.7,0.07,0.04,206.8,7.9,258,1,3,1710,700,2013,1,2055,16.5,184.9,1181,33.8,35.5,0.2,3.4,2067.6,0,16.83,9.6,51.5,52.8,54.8,50.8,54.8,49.3,46.5,51.1,45.2,44.0,29,24,19.0,22.9,58,68,25,0,0,0,6,6,4,0,25,25,24,42,36,38,24,24,30,44.77,44.79,44.87,43,430,4.3,0,0,0
16.55,320,0.46,0.46,0.47,11.3,12.1,12.7,16.68,6.0,0.1,0.08,206.6,9.4,257,1,3,1643,700,1929,1,1945,16.6,170.0,1118,31.8,33.5,0.2,3.4,2067.6,0,16.83,9.6,48.0,49.3,51.2,47.4,51.2,45.7,43.9,47.7,44.7,43.5,28,24,18.8,22.9,54,64,25,0,0,0,6,6,4,0,25,25,24,42,36,38,24,24,29,44.78,44.79,44.87,43,420,4.2,0,0,0
16.51,240,0.49,0.5,0.5,15.4,16.3,14.2,16.68,6.4,0.09,0.05,206.5,9.8,257,1,3,1677,700,1973,1,1991,16.6,178.1,1138,32.0,33.5,0.2,3.4,2067.6,0,16.83,9.6,48.1,49.4,51.3,47.5,51.3,45.7,43.9,47.8,44.7,43.5,29,24,18.8,22.9,54,64,25,0,0,0,6,6,4,0,25,25,24,42,36,38,24,24,29,44.77,44.78,44.87,43,420,4.3,0,0,0
16.82,34,2.01,2.02,2.01,12.9,15.3,12.8,16.87,11.5,0.02,0.13,206.5,12.1,260,1,3,1750,700,2057,1,2061,16.7,181.6,1172,31.5,34.6,0.1,3.3,2067.6,0,16.83,9.6,52.2,53.5,55.5,51.5,55.5,50.0,47.1,51.8,45.4,44.1,29,24,19.0,22.9,56,67,25,0,0,0,6,6,4,0,25,25,24,42,36,38,24,24,30,44.78,44.79,44.87,43,430,4.3,0,0,0
16.96,142,2.15,2.16,2.15,10.8,11.1,12.4,17.29,11.9,0.1,0.06,206.6,11.3,259,1,3,1745,700,2054,0,2077,16.9,182.0,1169,31.5,34.5,0.1,3.3,2067.6,0,16.83,9.6,52.2,53.5,55.5,51.5,55.5,50.0,47.1,51.8,45.4,44.1,29,24,19.0,22.9,56,67,25,0,0,0,6,6,4,0,25,25,24,42,36,38,24,24,30,44.77,44.79,44.87,43,430,4.3,0,0,0
16.4,258,0.25,0.25,0.25,13.4,12.0,15.2,16.72,9.1,0.1,0.05,206.8,9.1,263,1,3,1628,701,1904,1,1903,16.4,166.5,1114,29.0,32.2,0.0,3.2,2067.6,0,16.83,9.6,47.5,48.8,50.7,46.9,50.7,45.1,43.2,46.9,44.5,43.3,29,24,18.8,22.9,51,62,25,0,0,0,6,6,4,0,25,25,24,42,36,38,24,24,30,44.77,44.79,44.87,43,420,4.3,0,0,0
16.65,334,0.87,0.88,0.88,15.4,12.5,11.8,16.87,7.6,0.09,0.06,206.8,11.7,258,1,3,1689,700,1983,0,2014,16.7,179.3,1146,33.0,34.5,0.3,3.5,2067.6,0,16.83,9.6,48.3,49.6,51.4,47.7,51.5,46.0,44.1,47.8,44.7,43.5,27,24,18.8,22.9,56,66,25,0,0,0,6,6,4,0,25,25,24,42,36,38,24,24,30,44.77,44.79,44.87,42,420,4.3,0,0,0
16.75,354,0.97,0.98,0.98,12.5,14.6,13.8,16.83,10.0,0.1,0.02,206.2,11.4,258,1,3,1718,699,2016,-1,2015,16.7,179.8,1158,30.8,34.0,0.1,3.3,2067.6,0,16.83,9.6,49.3,50.5,52.4,48.6,52.5,46.9,44.7,48.8,44.9,43.6,28,24,19.0,22.9,55,66,25,0,0,0,6,6,4,0,25,25,24,42,36,38,24,24,30,44.77,44.79,44.87,42,420,4.3,0,0,0
16.25,250,0.37,0.37,0.37,14.5,13.8,11.3,16.37,7.6,0.2,0.06,206.6,8.7,259,1,3,1557,700,1824,1,1860,16.4,165.5,1079,28.8,31.6,0.0,3.2,2067.6,0,16.83,9.6,47.6,48.9,50.8,47.1,50.9,45.3,43.5,47.1,44.6,43.3,28,24,18.8,22.9,50,61,25,0,0,0,6,6,4,0,25,25,24,42,36,38,24,24,30,44.77,44.78,44.87,43,420,4.2,0,0,0
16.38,70,0.37,0.37,0.37,12.2,13.6,14.8,16.66,5.6,-0.06,0.01,206.7,8.7,260,1,3,1581,700,1850,0,1856,16.3,166.9,1092,28.4,31.8,0.0,3.2,2067.6,0,16.83,9.6,47.6,48.9,50.8,47.1,50.9,45.3,43.5,47.1,44.6,43.3,28,24,18.8,22.9,50,61,25,0,0,0,6,6,4,0,25,25,24,42,36,38,24,24,30,44.77,44.79,44.87,43,420,4.2,0,0,0
16.84,108,0.97,0.97,0.98,13.8,11.8,14.6,17.07,14.0,0.12,0.0,206.7,10.7,256,1,3,1713,700,2024,1,2023,16.7,179.6,1162,29.4,32.7,0.0,3.2,2067.6,0,16.83,9.6,50.1,51.2,53.2,49.2,53.2,47.7,45.3,49.6,45.0,43.7,28,24,19.0,22.9,54,65,25,0,0,0,6,6,4,0,25,25,24,42,36,38,24,24,30,44.77,44.79,44.87,43,430,4.3,0,0,0
16.75,354,0.86,0.86,0.86,15.7,12.1,12.6,16.97,10.0,0.06,0.06,206.5,8.5,257,1,3,1736,700,2044,2,2035,16.6,185.2,1175,29.0,31.8,0.0,3.3,2067.6,0,16.83,9.6,50.4,51.6,53.5,49.6,53.6,48.1,45.6,50.0,45.1,43.8,29,24,19.0,22.9,54,65,25,0,0,0,6,6,4,0,25,25,24,42,36,38,24,24,30,44.77,44.79,44.88,43,420,4.3,0,0,0
16.71,208,2.63,2.65,2.64,12.7,15.7,13.3,16.86,6.0,0.12,0.11,206.4,12.2,258,1,3,1733,699,2044,1,2056,16.8,182.2,1172,29.9,31.9,0.1,3.3,2067.6,0,16.83,9.6,53.7,55.1,57.1,52.9,57.1,51.4,48.3,53.3,45.6,44.3,30,24,19.0,22.9,54,66,25,0,0,0,6,6,4,0,25,25,24,42,37,39,24,24,30,44.77,44.78,44.87,44,430,4.4,0,0,0
16.19,60,0.25,0.25,0.25,13.7,15.2,11.7,16.46,4.6,0.12,0.1,206.7,10.2,264,1,3,1600,700,1873,1,1883,16.4,168.5,1096,29.3,32.2,0.0,3.2,2067.6,0,16.83,9.6,47.5,48.8,50.7,46.9,50.7,45.1,43.2,46.9,44.5,43.3,30,24,18.8,22.9,51,62,25,0,0,0,6,6,4,0,25,25,24,42,36,38,24,24,30,44.77,44.78,44.87,42,420,4.3,0,0,0
16.67,76,0.73,0.73,0.73,15.4,19.6,16.1,16.79,1.0,0.17,0.02,206.4,12.0,258,1,3,1679,700,1979,-1,2022,16.8,179.9,1138,31.6,35.4,0.1,3.3,2067.6,0,16.83,9.6,48.8,50.1,51.9,48.1,52.0,46.5,44.4,48.4,44.8,43.6,28,24,19.0,22.9,56,66,25,0,0,0,6,6,4,0,25,25,24,42,36,38,24,24,30,44.78,44.79,44.87,43,430,4.3,0,0,0
16.48,186,0.37,0.37,0.37,11.7,13.9,14.5,16.78,5.8,0.06,0.13,206.5,10.7,259,1,3,1602,700,1875,-1,1883,16.5,165.5,1101,30.4,32.0,0.1,3.3,2067.6,0,16.83,9.6,47.9,49.1,51.0,47.2,51.1,45.5,43.7,47.5,44.6,43.4,28,24,18.8,22.9,52,61,25,0,0,0,6,6,4,0,25,25,24,42,36,38,24,24,30,44.77,44.79,44.87,42,420,4.3,0,0,0
16.7,50,1.02,1.02,1.02,15.8,17.3,14.6,16.79,9.2,0.1,0.11,206.6,12.3,256,1,3,1711,700,2020,0,2014,16.7,182.0,1157,31.3,33.3,0.2,3.4,2067.6,0,16.83,9.6,51.0,52.1,54.2,50.2,54.2,48.6,46.0,50.3,45.1,43.9,28,24,19.0,22.9,55,66,25,0,0,0,6,6,4,0,25,25,24,42,36,38,24,24,30,44.77,44.79,44.87,43,420,4.3,0,0,0
16.65,162,3.68,3.69,3.68,14.5,12.7,14.5,16.94,2.2,0.07,0.02,206.7,10.3,260,1,3,1723,700,2026,0,2033,16.6,183.3,1176,30.0,33.2,0.0,3.2,2067.6,0,16.83,9.6,52.8,54.1,56.2,52.0,56.1,50.5,47.5,52.4,45.5,44.1,30,24,19.0,22.9,55,66,25,0,0,0,6,6,4,0,25,25,24,42,36,38,24,24,30,44.77,44.79,44.87,43,430,4.3,0,0,0
16.11,76,0.37,0.37,0.37,15.2,12.9,11.4,16.26,9.5,0.12,0.03,206.7,10.1,258,1,3,1543,699,1803,0,1806,16.1,162.2,1075,29.5,31.4,0.1,3.3,2067.6,0,16.83,9.6,47.8,49.1,51.0,47.2,51.0,45.5,43.6,47.3,44.6,43.4,28,24,18.8,22.9,51,61,25,0,0,0,6,6,4,0,25,25,24,42,36,38,24,24,30,44.77,44.78,44.87,43,420,4.3,0,0,0
16.25,342,0.37,0.37,0.37,15.2,11.5,12.8,16.57,7.6,0.12,0.16,206.6,11.0,258,1,3,1577,700,1840,3,1850,16.2,161.6,1087,30.2,31.8,0.1,3.3,2067.6,0,16.83,9.6,47.8,49.1,51.0,47.2,51.1,45.5,43.7,47.4,44.6,43.4,29,24,18.8,22.9,51,61,25,0,0,0,6,6,4,0,25,25,24,42,36,38,24,24,30,44.77,44.79,44.87,42,420,4.2,0,0,0
16.74,124,0.94,0.94,0.95,15.7,15.6,17.7,17.08,1.3,0.09,0.01,206.4,11.7,258,1,3,1695,700,1994,1,1993,16.7,181.0,1150,32.4,34.0,0.2,3.4,2067.6,0,16.83,9.6,48.3,49.5,51.2,47.5,51.4,45.8,44.0,47.9,44.7,43.5,30,24,18.8,22.9,55,65,25,0,0,0,6,6,4,0,25,25,24,42,36,38,24,24,30,44.78,44.79,44.87,42,420,4.2,0,0,0
16.8,68,4.06,4.06,4.06,13.9,13.4,15.2,17.16,2.6,0.18,0.06,206.4,11.6,262,1,3,1732,701,2038,0,2078,16.8,183.6,1169,31.9,34.9,0.1,3.3,2067.6,0,16.83,9.6,52.1,53.4,55.3,51.3,55.4,49.8,47.0,51.6,45.3,44.0,29,24,19.0,22.9,57,68,25,0,0,0,6,6,4,0,25,25,24,42,36,38,24,24,30,44.77,44.78,44.87,43,430,4.3,0,0,0
16.78,44,0.98,0.98,0.99,12.6,12.7,15.6,17.22,13.0,0.01,0.01,206.4,11.6,256,1,3,1721,700,2032,1,2037,16.7,180.9,1164,33.0,34.5,0.3,3.5,2067.6,0,16.83,9.6,51.0,52.6,54.5,50.6,54.6,48.9,46.3,50.8,45.2,43.9,29,24,19.0,22.9,56,67,25,0,0,0,6,6,4,0,25,25,24,42,36,38,24,24,30,44.77,44.79,44.87,43,430,4.3,0,0,0
16.67,64,0.84,0.84,0.84,18.4,13.9,13.6,16.98,10.2,0.07,0.08,206.7,11.9,260,1,3,1708,700,2006,2,2018,16.7,181.3,1152,31.1,34.2,0.1,3.3,2067.6,0,16.83,9.6,49.0,50.3,52.2,48.4,52.3,46.8,44.6,48.6,44.8,43.6,29,24,19.0,22.9,55,66,25,0,0,0,6,6,4,0,25,25,24,42,36,38,24,24,30,44.78,44.79,44.87,43,430,4.3,0,0,0
16.7,162,0.89,0.89,0.89,12.5,10.6,11.6,16.97,6.5,0.05,0.06,206.8,10.7,257,1,3,1699,700,1998,1,2008,16.6,179.0,1153,32.3,33.9,0.2,3.4,2067.6,0,16.83,9.6,48.2,49.4,51.2,47.5,51.3,45.8,44.0,47.9,44.7,43.5,28,24,18.8,22.9,55,65,25,0,0,0,6,6,4,0,25,25,24,42,36,38,24,24,30,44.77,44.79,44.87,43,420,4.2,0,0,0
16.74,304,1.04,1.05,1.05,12.9,11.0,10.9,16.97,9.1,0.07,0.02,206.4,12.0,256,1,3,1720,700,2024,2,2045,16.8,183.3,1168,31.4,33.3,0.2,3.4,2067.6,0,16.83,9.6,51.0,52.1,54.2,50.2,54.2,48.6,46.0,50.3,45.1,43.9,28,24,19.0,22.9,55,66,25,0,0,0,6,6,4,0,25,25,24,42,36,38,24,24,30,44.78,44.79,44.87,43,430,4.3,0,0,0
16.92,42,2.6,2.6,2.59,15.3,13.2,11.9,17.03,4.1,0.15,0.06,206.4,11.7,260,1,3,1742,700,2050,1,2048,16.8,181.4,1166,29.6,32.8,0.0,3.2,2067.6,0,16.83,9.6,52.9,54.3,56.4,52.3,56.4,50.7,47.7,52.5,45.5,44.2,29,24,19.0,22.9,54,66,25,0,0,0,6,6,4,0,25,25,24,42,36,38,24,24,30,44.77,44.79,44.87,43,430,4.4,0,0,0
16.73,86,0.86,0.87,0.87,11.4,12.2,13.2,16.91,1.5,0.03,0.04,206.6,10.2,259,1,3,1705,700,2005,0,2006,16.7,176.3,1156,32.6,34.0,0.2,3.4,2067.6,0,16.83,9.6,48.3,49.5,51.4,47.6,51.4,45.9,44.0,47.9,44.7,43.5,28,24,18.8,22.9,55,65,25,0,0,0,6,6,4,0,25,25,24,42,36,38,24,24,30,44.78,44.79,44.87,42,430,4.2,0,0,0
16.74,248,0.86,0.86,0.86,12.7,12.5,16.0,17.11,8.5,0.1,0.03,206.4,10.1,258,1,3,1734,700,2039,1,2065,16.7,183.4,1173,28.9,32.0,0.0,3.2,2067.6,0,16.83,9.6,50.4,51.6,53.5,49.6,53.6,48.0,45.6,49.9,45.1,43.8,28,24,19.0,22.9,54,65,25,0,0,0,6,6,4,0,25,25,24,42,36,38,24,24,30,44.77,44.79,44.88,43,430,4.3,0,0,0
16.54,272,2.41,2.41,2.41,15.3,12.6,12.5,16.78,6.6,-0.02,0.12,206.5,11.6,259,1,3,1705,700,1998,2,2009,16.4,179.3,1166,30.3,33.6,0.0,3.3,2067.6,0,16.83,9.6,49.4,50.7,52.6,48.8,52.7,47.1,44.8,49.0,44.9,43.7,28,24,19.0,22.9,55,66,25,0,0,0,6,6,4,0,25,25,24,42,36,38,24,24,30,44.77,44.79,44.87,43,430,4.3,0,0,0
16.84,138,3.67,3.69,3.68,15.8,17.0,14.9,16.92,4.8,0.09,0.06,206.7,8.2,258,1,3,1733,700,2038,0,2051,16.9,179.8,1165,29.5,31.8,0.1,3.3,2067.6,0,16.83,9.6,53.5,55.0,57.1,52.9,57.1,51.3,48.2,53.1,45.6,44.3,28,24,19.0,22.9,54,65,25,0,0,0,6,6,4,0,25,25,24,42,37,39,24,24,30,44.77,44.79,44.87,44,430,4.3,0,0,0
16.78,2,0.97,0.97,0.98,12.2,14.5,14.6,16.97,13.7,0.17,0.06,206.5,8.1,257,1,3,1722,700,2022,1,2000,16.7,182.0,1158,29.4,32.9,0.0,3.2,2067.6,0,16.83,9.6,50.0,51.2,53.1,49.2,53.2,47.7,45.2,49.6,45.0,43.7,29,24,19.0,22.9,54,65,25,0,0,0,6,6,4,0,25,25,24,42,36,38,24,24,30,44.77,44.79,44.87,43,420,4.3,0,0,0
16.59,30,3.03,3.03,3.03,15.4,16.4,17.1,16.79,2.3,0.25,0.06,206.6,9.3,262,1,3,1728,701,2031,3,2038,16.5,185.7,1178,31.6,35.0,0.1,3.3,2067.6,0,16.83,9.6,52.1,53.4,55.5,51.2,55.4,49.8,47.0,51.7,45.3,44.1,28,24,19.0,22.9,57,68,25,0,0,0,6,6,4,0,25,25,24,42,36,38,24,24,30,44.77,44.79,44.87,43,430,4.3,0,0,0
16.66,82,2.7,2.7,2.7,15.0,16.8,16.2,16.68,10.5,0.23,0.01,206.8,10.5,257,1,3,1706,700,2008,1,2016,16.5,181.6,1161,33.6,35.4,0.2,3.5,2067.6,0,16.83,9.6,51.5,52.8,54.8,50.7,54.7,49.2,46.5,51.2,45.2,44.0,28,24,19.0,22.9,58,68,25,0,0,0,6,6,4,0,25,25,24,42,36,38,24,24,30,44.77,44.78,44.88,43,430,4.3,0,0,0
16.79,18,3.03,3.04,3.03,14.1,12.4,13.0,17.08,6.5,-0.03,0.04,206.6,11.3,260,1,3,1733,700,2041,2,2053,16.6,183.4,1175,30.4,33.7,0.0,3.2,2067.6,0,16.83,9.6,52.5,53.8,55.9,51.8,55.9,50.3,47.4,52.1,45.4,44.1,29,24,19.0,22.9,55,67,25,0,0,0,6,6,4,0,25,25,24,42,36,38,24,24,30,44.78,44.79,44.87,43,430,4.3,0,0,0
16.15,158,0.37,0.37,0.37,15.2,11.9,12.0,16.57,9.2,0.1,0.07,206.5,11.0,259,1,3,1562,700,1826,-1,1854,16.3,159.7,1080,28.7,31.6,0.0,3.2,2067.6,0,16.83,9.6,47.7,48.9,50.8,47.1,50.9,45.4,43.5,47.2,44.6,43.3,29,24,18.8,22.9,50,61,25,0,0,0,6,6,4,0,25,25,24,42,36,38,24,24,30,44.77,44.79,44.87,43,420,4.2,0,0,0
16.93,104,3.28,3.29,3.28,16.9,18.4,14.9,17.09,7.8,0.15,0.02,206.6,11.1,260,1,3,1748,700,2058,1,2081,17.0,182.1,1164,31.1,34.7,0.1,3.3,2067.6,0,16.83,9.6,52.2,53.6,55.6,51.5,55.6,50.0,47.2,51.8,45.4,44.1,29,24,19.0,22.9,56,67,25,0,0,0,6,6,4,0,25,25,24,42,36,38,24,24,30,44.77,44.79,44.87,43,430,4.3,0,0,0
16.75,316,1.11,1.11,1.11,15.2,17.5,14.3,16.96,3.1,0.13,0.04,206.4,12.6,259,1,3,1744,699,2048,0,2078,16.9,183.0,1169,30.8,33.7,0.1,3.3,2067.6,0,16.83,9.6,49.4,50.6,52.4,48.6,52.5,47.0,44.8,48.9,44.9,43.6,29,24,19.0,22.9,55,66,25,0,0,0,6,6,4,0,25,25,24,42,36,38,24,24,29,44.77,44.79,44.87,43,420,4.3,0,0,0
16.83,70,1.04,1.04,1.04,11.7,10.8,12.1,17.08,6.6,0.1,0.04,206.7,10.3,259,1,3,1726,699,2024,0,2067,16.9,177.5,1165,31.0,34.0,0.1,3.3,2067.6,0,16.83,9.6,49.2,50.4,52.3,48.5,52.3,46.9,44.7,48.8,44.9,43.6,29,24,19.0,22.9,55,66,25,0,0,0,6,6,4,0,25,25,24,42,36,38,24,24,30,44.77,44.79,44.87,43,420,4.3,0,0,0
17.01,174,1.9,1.91,1.9,15.1,11.0,10.8,17.08,16.6,0.05,0.06,206.5,11.0,256,1,3,1746,700,2056,0,2059,16.8,181.5,1167,30.7,32.6,0.1,3.3,2067.6,0,16.83,9.6,53.9,55.2,57.2,53.0,57.2,51.7,48.4,53.5,45.6,44.3,28,24,19.0,22.9,55,66,25,0,0,0,6,6,4,0,25,25,24,42,37,39,24,24,30,44.77,44.79,44.88,44,430,4.4,0,0,0
16.48,330,0.25,0.25,0.25,15.4,12.2,12.5,16.57,5.6,0.12,0.06,206.6,11.0,264,1,3,1595,700,1872,1,1881,16.4,165.3,1103,29.3,32.1,0.0,3.2,2067.6,0,16.83,9.6,47.5,48.8,50.6,46.9,50.7,45.1,43.2,46.9,44.5,43.3,28,24,18.8,22.9,51,62,25,0,0,0,6,6,4,0,25,25,24,42,36,38,24,24,30,44.77,44.78,44.87,43,420,4.3,0,0,0
16.38,234,0.25,0.25,0.25,13.2,12.0,15.1,16.65,10.7,0.12,0.1,206.7,10.4,262,1,3,1595,700,1870,0,1869,16.3,165.3,1101,28.9,32.0,0.0,3.2,2067.6,0,16.83,9.6,47.6,48.8,50.6,46.9,50.7,45.2,43.3,47.0,44.5,43.3,29,24,18.8,22.9,51,62,25,0,0,0,6,6,4,0,25,25,24,42,36,38,24,24,29,44.77,44.79,44.87,43,430,4.3,0,0,0
16.36,140,0.25,0.25,0.25,14.1,16.4,15.0,16.42,9.5,0.17,0.07,206.7,9.8,262,1,3,1608,700,1878,1,1888,16.3,168.7,1101,28.9,32.1,0.0,3.2,2067.6,0,16.83,9.6,47.5,48.8,50.7,46.9,50.7,45.2,43.3,47.1,44.5,43.3,29,24,18.8,22.9,51,62,25,0,0,0,6,6,4,0,25,25,24,42,36,38,24,24,29,44.78,44.79,44.87,42,420,4.3,0,0,0
16.86,324,1.14,1.14,1.14,14.3,17.1,14.7,16.92,12.8,0.09,0.04,206.3,11.7,256,1,3,1731,700,2041,-1,2051,16.9,180.4,1170,29.2,32.6,0.0,3.2,2067.6,0,16.83,9.6,50.0,51.2,53.2,49.3,53.3,47.7,45.3,49.6,45.0,43.7,28,24,19.0,22.9,54,65,25,0,0,0,6,6,4,0,25,25,24,42,36,38,24,24,30,44.77,44.78,44.87,43,430,4.3,0,0,0
16.65,62,2.06,2.07,2.07,12.0,15.1,13.6,16.77,5.2,0.19,0.04,206.5,10.0,261,1,3,1732,700,2041,2,2072,16.8,185.2,1177,31.6,34.9,0.1,3.3,2067.6,0,16.83,9.6,52.2,53.4,55.4,51.4,55.5,50.0,47.1,51.9,45.4,44.1,28,24,19.0,22.9,56,67,25,0,0,0,6,6,4,0,25,25,24,42,36,38,24,24,30,44.78,44.79,44.87,43,430,4.3,0,0,0
16.9,124,2.89,2.9,2.89,15.5,17.7,15.2,16.97,2.3,0.06,0.06,206.3,13.3,260,1,3,1739,701,2050,1,2067,16.8,183.1,1167,29.4,32.6,0.0,3.2,2067.6,0,16.83,9.6,52.9,54.4,56.4,52.3,56.4,50.7,47.7,52.5,45.5,44.2,29,24,19.0,22.9,54,66,25,0,0,0,6,6,4,0,25,25,24,42,36,39,24,24,30,44.78,44.79,44.87,43,430,4.3,0,0,0
16.89,60,2.48,2.49,2.48,18.2,13.9,16.0,17.02,6.0,0.14,0.07,206.6,10.5,261,1,3,1741,700,2049,1,2055,16.7,182.9,1167,30.8,34.1,0.0,3.3,2067.6,0,16.83,9.6,52.4,53.7,55.8,51.6,55.8,50.1,47.2,51.9,45.4,44.1,29,24,19.0,22.9,56,67,25,0,0,0,6,6,4,0,25,25,24,42,36,39,24,24,30,44.77,44.79,44.87,44,420,4.3,0,0,0
16.66,222,0.36,0.37,0.37,11.1,10.6,11.8,16.86,9.7,0.1,-0.02,206.7,11.1,258,1,3,1661,700,1955,2,1943,16.5,174.9,1137,30.2,33.0,0.0,3.3,2067.6,0,16.83,9.6,49.6,50.9,52.7,48.9,52.8,47.3,45.0,49.2,44.9,43.7,29,24,19.0,22.9,55,66,25,0,0,0,6,6,4,0,25,25,24,42,36,38,24,24,30,44.78,44.79,44.87,43,420,4.3,0,0,0
16.58,68,0.45,0.46,0.46,13.6,11.8,11.8,16.8,9.7,0.12,0.01,206.4,10.7,257,1,3,1658,700,1947,2,1938,16.4,171.9,1140,31.8,33.4,0.2,3.4,2067.6,0,16.83,9.6,48.1,49.3,51.2,47.4,51.2,45.7,43.9,47.8,44.7,43.5,29,24,18.8,22.9,54,64,25,0,0,0,6,6,4,0,25,25,24,42,36,38,24,24,29,44.78,44.79,44.87,43,420,4.3,0,0,0
16.64,252,0.28,0.28,0.28,14.6,17.1,15.4,16.62,11.9,0.12,0.06,206.5,10.5,257,1,3,1643,700,1925,1,1943,16.7,173.9,1119,31.4,33.1,0.2,3.4,2067.6,0,16.83,9.6,48.1,49.3,51.2,47.4,51.2,45.7,43.9,47.7,44.7,43.5,29,24,18.8,22.9,54,64,25,0,0,0,6,6,4,0,25,25,24,42,36,38,24,24,30,44.77,44.78,44.87,43,430,4.3,0,0,0
17.25,50,2.73,2.73,2.73,13.2,14.7,14.3,17.31,6.7,0.25,0.06,206.5,10.2,257,1,3,1753,700,2070,0,2077,17.3,182.5,1156,33.4,34.9,0.3,3.5,2067.6,0,16.83,9.6,51.3,52.7,54.7,50.6,54.7,49.1,46.4,51.0,45.2,43.9,30,24,19.0,22.9,57,68,25,0,0,0,6,6,4,0,25,25,24,42,36,38,24,24,30,44.77,44.79,44.87,43,420,4.3,0,0,0
16.79,308,1.12,1.12,1.12,15.9,15.9,14.0,16.86,15.2,0.14,0.08,206.7,13.1,255,1,3,1730,700,2043,-1,2073,16.9,181.2,1170,31.1,32.9,0.1,3.4,2067.6,0,16.83,9.6,50.8,52.0,54.2,50.0,54.1,48.4,45.9,50.4,45.1,43.9,29,24,19.0,22.9,55,66,25,0,0,0,6,6,4,0,25,25,24,42,36,38,24,24,30,44.77,44.79,44.87,43,430,4.3,0,0,0
16.82,112,1.76,1.77,1.77,14.6,18.9,14.1,16.97,11.5,0.08,0.04,206.4,10.7,258,1,3,1744,699,2056,2,2069,16.9,182.1,1171,28.5,32.1,0.0,3.3,2067.6,0,16.83,9.6,53.5,54.8,56.8,52.7,56.8,51.3,48.1,53.1,45.6,44.3,28,24,19.0,22.9,54,65,25,0,0,0,6,6,4,0,25,25,24,42,36,39,24,24,30,44.78,44.79,44.87,43,430,4.3,0,0,0
16.75,102,0.75,0.75,0.76,16.4,17.5,14.8,16.79,5.1,0.09,0.08,206.8,9.3,261,1,3,1707,700,1999,-1,2001,16.6,177.9,1144,31.4,34.4,0.1,3.3,2067.6,0,16.83,9.6,49.0,50.3,52.3,48.3,52.2,46.7,44.6,48.5,44.8,43.6,29,24,19.0,22.9,55,66,25,0,0,0,6,6,4,0,25,25,24,42,36,38,24,24,30,44.77,44.79,44.87,43,420,4.3,0,0,0
16.71,38,0.61,0.6,0.61,10.9,10.6,11.8,17.08,16.8,0.05,0.08,206.6,9.1,256,1,3,1676,701,1963,2,1971,16.6,176.1,1139,32.8,35.5,0.2,3.4,2067.6,0,16.83,9.6,48.6,49.8,51.9,47.9,51.9,46.2,44.3,48.1,44.8,43.6,28,24,18.9,22.9,56,66,25,0,0,0,6,6,4,0,25,25,24,42,36,38,24,24,30,44.77,44.79,44.87,43,420,4.3,0,0,0
16.92,326,2.01,2.02,2.02,15.6,13.2,13.2,17.18,9.9,0.02,0.06,206.6,11.0,258,1,3,1745,700,2054,1,2066,17.0,185.6,1168,28.7,31.9,0.0,3.3,2067.6,0,16.83,9.6,53.5,54.8,56.9,52.7,56.8,51.3,48.1,53.2,45.6,44.3,30,24,19.0,22.9,54,65,25,0,0,0,6,6,4,0,25,25,24,42,36,38,24,24,30,44.78,44.79,44.87,43,430,4.3,0,0,0
16.27,60,0.25,0.25,0.25,12.5,15.4,12.6,16.38,13.8,0.2,0.02,206.5,10.9,260,1,3,1550,700,1814,2,1836,16.3,159.8,1070,28.9,31.9,0.0,3.2,2067.6,0,16.83,9.6,47.6,48.8,50.7,47.0,50.8,45.2,43.4,47.1,44.5,43.3,28,24,18.8,22.9,51,62,25,0,0,0,6,6,4,0,25,25,24,42,36,38,24,24,29,44.77,44.78,44.87,43,420,4.3,0,0,0
16.77,70,0.91,0.91,0.91,10.9,11.1,12.2,17.09,9.3,0.09,0.05,206.6,9.8,256,1,3,1701,700,2001,2,2007,16.7,179.8,1152,32.3,35.5,0.1,3.4,2067.6,0,16.83,9.6,48.6,49.9,51.9,48.0,51.9,46.3,44.4,48.3,44.8,43.6,28,24,18.9,22.9,56,66,25,0,0,0,6,6,4,0,25,25,24,42,36,38,24,24,30,44.78,44.79,44.87,43,420,4.3,0,0,0
17.04,204,2.87,2.86,2.87,16.9,18.8,16.5,17.08,8.4,0.19,0.12,206.4,12.6,257,1,3,1742,700,2050,0,2067,16.8,183.2,1161,29.2,31.6,0.1,3.3,2067.6,0,16.83,9.6,50.6,51.8,53.7,49.8,53.8,48.1,45.7,50.0,45.1,43.8,29,24,19.0,22.9,53,65,25,0,0,0,6,6,4,0,25,25,24,42,36,38,24,24,30,44.77,44.79,44.87,43,430,4.3,0,0,0
16.76,178,1.07,1.07,1.07,13.6,11.2,11.9,16.94,9.9,0.0,0.09,206.7,12.4,256,1,3,1728,700,2027,1,2022,16.6,180.1,1169,32.4,35.4,0.1,3.4,2067.6,0,16.83,9.6,48.6,50.0,51.9,48.0,51.9,46.3,44.4,48.3,44.8,43.6,29,24,19.0,22.9,56,66,25,0,0,0,6,6,4,0,25,25,24,42,36,38,24,24,29,44.78,44.79,44.87,43,420,4.3,0,0,0
17.06,184,2.98,2.98,2.98,15.8,11.3,16.3,17.34,3.6,0.17,0.02,206.5,10.4,258,1,3,1745,700,2061,1,2082,17.0,184.4,1163,29.0,32.3,0.0,3.2,2067.6,0,16.83,9.6,50.1,51.4,53.4,49.5,53.4,47.8,45.5,49.6,45.0,43.8,29,24,19.0,22.9,54,65,25,0,0,0,6,6,4,0,25,25,24,42,36,38,24,24,30,44.77,44.79,44.88,43,420,4.3,0,0,0
16.39,150,0.25,0.25,0.25,12.8,13.7,15.1,16.66,13.5,-0.01,0.06,206.7,9.5,260,1,3,1553,699,1812,-1,1819,16.3,161.7,1073,28.8,32.0,0.0,3.2,2067.6,0,16.83,9.6,47.6,48.9,50.7,47.0,50.8,45.2,43.4,47.0,44.5,43.3,28,24,18.8,22.9,51,61,25,0,0,0,6,6,4,0,25,25,24,42,36,38,24,24,29,44.77,44.78,44.87,42,420,4.2,0,0,0
16.45,158,0.25,0.25,0.25,12.0,15.0,14.3,16.6,5.9,0.07,0.0,206.6,8.8,264,1,3,1581,700,1851,0,1872,16.3,163.5,1091,29.1,32.4,0.0,3.2,2067.6,0,16.83,9.6,47.5,48.8,50.6,46.9,50.7,45.1,43.2,46.9,44.5,43.3,28,24,18.8,22.9,51,62,25,0,0,0,6,6,4,0,25,25,24,42,36,38,24,24,29,44.77,44.78,44.87,43,420,4.3,0,0,0
16.75,328,1.53,1.53,1.53,16.7,18.3,14.7,17.14,1.9,0.17,0.08,206.3,9.5,258,1,3,1753,700,2060,0,2075,17.0,184.7,1165,29.1,32.3,0.0,3.2,2067.6,0,16.83,9.6,50.1,51.4,53.4,49.5,53.4,47.8,45.5,49.6,45.0,43.7,29,24,19.0,22.9,54,65,25,0,0,0,6,6,4,0,25,25,24,42,36,38,24,24,30,44.77,44.79,44.87,43,420,4.3,0,0,0
16.92,314,2.05,2.06,2.06,15.4,16.8,13.3,16.98,5.8,0.1,0.11,206.7,10.1,257,1,3,1746,700,2049,0,2067,16.8,183.7,1169,31.3,33.0,0.1,3.4,2067.6,0,16.83,9.6,53.8,55.3,57.3,53.2,57.4,51.7,48.5,53.5,45.6,44.3,28,24,19.0,22.9,55,66,25,0,0,0,6,6,4,0,25,25,24,42,37,39,24,24,30,44.77,44.79,44.87,44,430,4.3,0,0,0
16.34,70,0.37,0.37,0.37,14.5,11.5,13.9,16.56,11.7,0.06,0.04,206.5,8.1,258,1,3,1602,700,1875,1,1894,16.3,168.2,1104,29.1,31.4,0.0,3.3,2067.6,0,16.83,9.6,47.8,49.0,50.8,47.1,51.0,45.4,43.6,47.2,44.6,43.4,28,24,18.8,22.9,50,61,25,0,0,0,6,6,4,0,25,25,24,42,36,38,24,24,30,44.78,44.79,44.87,43,420,4.2,0,0,0
17.06,358,2.7,2.7,2.7,14.7,15.7,14.2,17.41,-6.1,0.37,0.07,206.3,12.3,263,1,3,1752,700,2066,1,2078,17.2,181.8,1165,32.1,35.3,0.1,3.3,2067.6,0,16.83,9.6,51.9,53.3,55.3,51.3,55.3,49.7,46.9,51.4,45.3,44.0,28,24,19.0,22.9,57,68,25,0,0,0,6,6,4,0,25,25,24,42,36,38,24,24,30,44.77,44.79,44.87,43,430,4.3,0,0,0
16.42,226,0.37,0.37,0.37,12.2,12.2,15.4,16.88,6.8,0.09,-0.01,206.6,7.8,259,1,3,1619,700,1896,1,1950,16.6,170.2,1111,31.0,32.3,0.1,3.3,2067.6,0,16.83,9.6,47.8,49.1,51.0,47.3,51.1,45.5,43.8,47.4,44.6,43.4,29,24,18.8,22.9,52,62,25,0,0,0,6,6,4,0,25,25,24,42,36,38,24,24,29,44.78,44.79,44.87,43,430,4.3,0,0,0
16.76,100,2.75,2.76,2.76,16.1,13.2,13.1,16.97,5.8,-0.05,0.06,206.6,12.2,258,1,3,1742,700,2049,-1,2037,16.7,185.9,1173,29.8,32.0,0.1,3.3,2067.6,0,16.83,9.6,53.7,55.1,57.1,52.9,57.1,51.4,48.3,53.2,45.6,44.3,29,24,19.0,22.9,54,66,25,0,0,0,6,6,4,0,25,25,24,42,36,39,24,24,30,44.77,44.78,44.87,44,430,4.4,0,0,0
16.75,234,1.07,1.07,1.07,12.7,10.8,11.6,16.97,11.7,0.15,0.08,206.6,12.4,255,1,3,1734,701,2038,1,2049,16.7,181.8,1168,31.4,33.0,0.2,3.4,2067.6,0,16.83,9.6,50.9,52.1,54.2,50.2,54.2,48.5,46.0,50.4,45.1,43.9,28,24,19.0,22.9,55,66,25,0,0,0,6,6,4,0,25,25,24,42,36,38,24,24,30,44.77,44.79,44.87,43,430,4.3,0,0,0
16.73,32,1.18,1.18,1.18,15.9,15.3,14.3,16.92,1.7,0.17,0.06,206.4,11.2,261,1,3,1726,700,2032,-1,2051,16.8,180.1,1170,31.3,34.5,0.1,3.3,2067.6,0,16.83,9.6,49.0,50.2,52.1,48.3,52.2,46.6,44.6,48.4,44.8,43.6,27,24,19.0,22.9,55,66,25,0,0,0,6,6,4,0,25,25,24,42,36,38,24,24,29,44.78,44.78,44.87,42,420,4.3,0,0,0
16.76,132,0.72,0.72,0.72,14.3,12.0,15.4,17.03,14.0,0.15,0.04,206.4,9.7,256,1,3,1731,701,2041,2,2049,16.7,182.3,1173,30.9,32.2,0.1,3.4,2067.6,0,16.83,9.6,50.7,52.0,54.1,49.9,54.0,48.4,45.8,50.3,45.1,43.8,28,24,19.0,22.9,54,66,25,0,0,0,6,6,4,0,25,25,24,42,36,38,24,24,30,44.78,44.79,44.87,44,430,4.3,0,0,0
16.98,116,1.58,1.58,1.58,16.8,19.1,15.0,17.08,6.2,0.15,0.16,206.6,10.3,259,1,3,1745,700,2054,1,2061,17.0,181.0,1164,32.8,36.0,0.1,3.3,2067.6,0,16.83,9.6,51.8,53.0,55.1,51.0,55.1,49.5,46.8,51.4,45.3,44.0,29,24,19.0,22.9,57,68,25,0,0,0,6,6,4,0,25,25,24,42,36,38,24,24,30,44.78,44.79,44.87,43,430,4.3,0,0,0
16.91,12,3.38,3.38,3.38,15.4,17.8,15.2,17.08,5.8,-0.02,0.11,206.5,10.5,257,1,3,1742,700,2054,1,2090,17.1,180.9,1164,33.5,34.9,0.2,3.5,2067.6,0,16.83,9.6,51.4,52.7,54.7,50.6,54.7,49.1,46.4,51.1,45.2,44.0,29,24,19.0,22.9,57,68,25,0,0,0,6,6,4,0,25,25,24,42,36,38,24,24,30,44.77,44.78,44.87,43,430,4.3,0,0,0
16.78,168,2.31,2.32,2.32,17.6,15.5,18.1,17.19,9.0,0.1,0.04,206.8,9.7,257,1,3,1740,699,2045,0,2062,16.8,183.2,1168,31.4,33.1,0.1,3.4,2067.6,0,16.83,9.6,53.8,55.3,57.4,53.2,57.4,51.7,48.5,53.5,45.6,44.3,29,24,19.0,22.9,55,66,25,0,0,0,6,6,4,0,25,25,24,42,37,39,24,24,30,44.77,44.79,44.87,43,430,4.3,0,0,0
16.85,12,0.78,0.78,0.78,10.8,10.7,12.3,17.18,8.5,0.06,0.13,206.4,11.2,257,1,3,1717,700,2020,1,2028,16.7,178.3,1161,32.5,34.2,0.2,3.5,2067.6,0,16.83,9.6,51.1,52.5,54.4,50.5,54.5,48.9,46.3,50.7,45.2,43.9,28,24,19.0,22.9,56,66,25,0,0,0,6,6,4,0,25,25,24,42,36,38,24,24,30,44.78,44.79,44.87,43,420,4.3,0,0,0
16.57,0,0.5,0.49,0.49,11.0,10.6,11.6,16.87,11.4,0.03,0.08,206.6,10.5,257,1,3,1655,700,1944,1,1952,16.7,172.5,1135,31.4,33.2,0.2,3.4,2067.6,0,16.83,9.6,48.1,49.3,51.1,47.4,51.2,45.7,43.9,47.7,44.7,43.5,29,24,18.8,22.9,54,64,25,0,0,0,6,6,4,0,25,25,24,42,36,38,24,24,29,44.77,44.79,44.87,43,420,4.2,0,0,0
16.64,352,2.4,2.41,2.4,12.9,14.8,13.1,16.68,10.0,0.1,0.04,206.3,11.3,261,1,3,1735,701,2038,1,2054,16.5,182.7,1181,31.5,34.8,0.1,3.3,2067.6,0,16.83,9.6,52.1,53.4,55.5,51.3,55.4,49.9,47.0,51.7,45.3,44.1,29,24,19.0,22.9,57,68,25,0,0,0,6,6,4,0,25,25,24,42,36,38,24,24,30,44.78,44.79,44.87,44,430,4.3,0,0,0
16.6,96,0.58,0.58,0.58,11.2,10.6,12.0,17.08,10.6,0.1,0.1,206.6,9.9,257,1,3,1674,700,1969,1,1973,16.6,174.5,1145,32.0,33.5,0.2,3.4,2067.6,0,16.83,9.6,48.2,49.4,51.2,47.5,51.3,45.8,44.0,47.9,44.7,43.5,28,24,18.8,22.9,54,64,25,0,0,0,6,6,4,0,25,25,24,42,36,38,24,24,30,44.77,44.79,44.87,43,430,4.3,0,0,0
16.21,164,0.37,0.37,0.37,12.1,15.6,12.2,16.25,6.1,0.09,0.09,206.8,10.4,258,1,3,1534,699,1793,-1,1798,16.2,157.9,1066,30.2,31.6,0.1,3.3,2067.6,0,16.83,9.6,47.8,49.1,51.0,47.2,51.1,45.5,43.7,47.3,44.6,43.4,29,24,18.8,22.9,51,61,25,0,0,0,6,6,4,0,25,25,24,42,36,38,24,24,30,44.77,44.78,44.87,43,420,4.2,0,0,0
16.97,212,2.22,2.24,2.23,11.6,12.5,11.6,17.07,5.9,0.2,0.05,206.5,10.0,258,1,3,1751,700,2060,0,2078,16.9,182.5,1171,29.0,31.8,0.0,3.3,2067.6,0,16.83,9.6,53.5,54.9,57.0,52.9,56.9,51.3,48.2,53.1,45.6,44.3,29,24,19.0,22.9,54,65,25,0,0,0,6,6,4,0,25,25,24,42,36,39,24,24,30,44.77,44.79,44.87,43,430,4.3,0,0,0
16.77,50,0.87,0.87,0.87,17.0,15.2,16.4,16.97,8.1,0.1,0.13,206.5,9.7,257,1,3,1696,700,1998,2,1998,16.6,178.6,1151,32.1,34.0,0.2,3.5,2067.6,0,16.83,9.6,51.2,52.4,54.4,50.4,54.4,49.0,46.3,50.7,45.1,43.9,31,24,19.0,22.9,56,66,25,0,0,0,6,6,4,0,25,25,24,42,36,38,24,24,30,44.77,44.78,44.87,43,420,4.3,0,0,0
16.62,114,0.24,0.25,0.25,13.1,16.8,14.5,16.57,8.3,0.15,0.06,206.5,10.8,259,1,3,1673,700,1964,2,1975,16.4,178.9,1139,30.0,33.1,0.0,3.3,2067.6,0,16.83,9.6,49.6,50.9,52.7,48.8,52.8,47.3,45.0,49.2,44.9,43.7,28,24,19.0,22.9,55,66,25,0,0,0,6,6,4,0,25,25,24,42,36,38,24,24,30,44.77,44.79,44.87,43,430,4.3,0,0,0
16.37,242,0.25,0.25,0.25,14.9,12.3,13.9,16.57,11.8,0.03,0.17,206.7,10.2,260,1,3,1597,700,1863,1,1881,16.3,164.8,1101,28.8,31.9,0.0,3.2,2067.6,0,16.83,9.6,47.6,48.9,50.7,47.0,50.8,45.2,43.4,47.0,44.5,43.3,28,24,18.8,22.9,51,61,25,0,0,0,6,6,4,0,25,25,24,42,36,38,24,24,29,44.77,44.78,44.87,43,420,4.3,0,0,0
17.14,348,2.97,2.96,2.97,11.1,11.8,14.2,17.51,10.0,0.06,0.06,206.5,11.9,257,1,3,1752,700,2064,0,2081,17.2,184.0,1161,29.1,31.9,0.0,3.3,2067.6,0,16.83,9.6,50.5,51.8,53.7,49.8,53.7,48.1,45.7,49.9,45.1,43.8,28,24,19.0,22.9,53,65,25,0,0,0,6,6,4,0,25,25,24,42,36,38,24,24,30,44.77,44.79,44.87,43,420,4.3,0,0,0
16.19,72,0.36,0.37,0.37,13.7,14.3,11.3,16.38,6.5,0.12,0.05,206.6,9.2,258,1,3,1579,700,1848,1,1835,16.2,164.5,1091,30.2,31.6,0.1,3.3,2067.6,0,16.83,9.6,47.8,49.1,51.0,47.2,51.1,45.5,43.7,47.4,44.6,43.4,29,24,18.8,22.9,51,61,25,0,0,0,6,6,4,0,25,25,24,42,36,38,24,24,30,44.77,44.79,44.87,43,420,4.2,0,0,0
16.65,6,0.88,0.89,0.89,15.4,14.6,16.9,17.07,7.7,0.1,0.06,206.3,10.8,258,1,3,1700,701,2001,1,2001,16.6,181.5,1156,29.5,32.8,0.0,3.3,2067.6,0,16.83,9.6,49.9,51.1,53.0,49.1,53.1,47.5,45.1,49.3,45.0,43.7,29,24,19.0,22.9,54,65,25,0,0,0,6,6,4,0,25,25,24,42,36,38,24,24,30,44.77,44.79,44.87,43,430,4.3,0,0,0
16.99,148,1.66,1.67,1.66,14.1,13.8,15.4,17.28,11.7,0.05,0.05,206.3,10.6,258,1,3,1746,700,2056,1,2063,16.8,181.5,1171,28.5,32.0,0.0,3.2,2067.6,0,16.83,9.6,53.4,54.8,56.8,52.7,56.8,51.2,48.0,53.1,45.6,44.3,29,24,19.0,22.9,54,65,25,0,0,0,6,6,4,0,25,25,24,42,37,39,24,24,30,44.77,44.78,44.87,43,430,4.3,0,0,0
17.08,172,1.37,1.37,1.37,12.2,10.8,11.6,17.29,6.6,0.09,0.1,206.6,9.9,259,1,3,1749,700,2062,0,2059,16.9,181.9,1168,30.6,33.9,0.1,3.3,2067.6,0,16.83,9.6,49.4,50.6,52.4,48.7,52.6,47.0,44.8,48.8,44.9,43.6,28,24,19.0,22.9,55,66,25,0,0,0,6,6,4,0,25,25,24,42,36,38,24,24,29,44.77,44.79,44.87,43,420,4.3,0,0,0
17.02,348,2.56,2.57,2.56,12.0,11.5,10.5,17.19,2.1,0.04,0.13,206.6,11.4,259,1,3,1751,699,2063,1,2111,17.2,186.0,1161,30.3,33.9,0.1,3.3,2067.6,0,16.83,9.6,49.4,50.7,52.6,48.7,52.7,47.0,44.8,48.8,44.9,43.7,28,24,19.0,22.9,55,66,25,0,0,0,6,6,4,0,25,25,24,42,36,38,24,24,29,44.78,44.79,44.87,43,420,4.3,0,0,0
16.82,32,1.04,1.04,1.04,11.2,14.2,11.8,16.78,7.9,0.2,0.06,206.4,11.9,257,1,3,1708,701,2012,1,2012,16.7,181.1,1159,32.1,35.6,0.1,3.4,2067.6,0,16.83,9.6,48.7,50.0,51.9,48.0,52.0,46.4,44.4,48.3,44.8,43.6,28,24,18.9,22.9,56,66,25,0,0,0,6,6,4,0,25,25,24,42,36,38,24,24,30,44.77,44.79,44.87,42,420,4.3,0,0,0
16.53,104,0.61,0.62,0.62,18.2,15.8,13.9,16.78,10.4,0.12,0.02,206.5,10.8,257,1,3,1662,700,1949,0,1956,16.6,173.3,1131,31.7,33.3,0.2,3.4,2067.6,0,16.83,9.6,48.1,49.3,51.1,47.4,51.2,45.7,43.9,47.7,44.7,43.5,29,24,18.8,22.9,54,64,25,0,0,0,6,6,4,0,25,25,24,42,36,38,24,24,29,44.77,44.79,44.87,43,420,4.2,0,0,0
17.11,96,2.42,2.42,2.43,14.1,13.9,15.5,17.42,4.2,0.15,0.09,206.5,8.5,259,1,3,1756,700,2067,1,2091,17.1,185.4,1164,30.4,33.5,0.0,3.3,2067.6,0,16.83,9.6,49.4,50.7,52.6,48.7,52.7,47.0,44.8,48.8,44.9,43.7,28,24,19.0,22.9,55,66,25,0,0,0,6,6,4,0,25,25,24,42,36,38,24,24,30,44.77,44.79,44.87,43,420,4.3,0,0,0
16.74,272,0.87,0.87,0.87,17.3,14.5,13.7,16.92,14.0,-0.02,0.13,206.6,12.3,255,1,3,1714,700,2016,0,2029,16.6,179.0,1163,31.1,32.7,0.2,3.4,2067.6,0,16.83,9.6,50.9,52.1,54.2,50.1,54.1,48.5,45.9,50.5,45.1,43.9,28,24,19.0,22.9,55,66,25,0,0,0,6,6,4,0,25,25,24,42,36,38,24,24,30,44.77,44.79,44.87,43,430,4.3,0,0,0
16.83,206,1.97,1.98,1.97,12.7,14.1,14.1,16.97,2.0,0.13,0.07,206.3,9.8,261,1,3,1742,700,2054,2,2062,16.7,183.8,1176,30.9,34.3,0.0,3.3,2067.6,0,16.83,9.6,52.3,53.7,55.8,51.6,55.8,50.1,47.2,51.9,45.4,44.1,28,24,19.0,22.9,56,67,25,0,0,0,6,6,4,0,25,25,24,42,36,39,24,24,30,44.77,44.79,44.87,44,430,4.4,0,0,0
16.78,358,2.79,2.8,2.8,18.6,11.8,13.8,17.08,10.8,-0.04,0.09,206.4,12.3,257,1,3,1740,700,2046,-2,2060,16.9,183.2,1170,29.0,31.8,0.0,3.3,2067.6,0,16.83,9.6,53.5,54.9,56.9,52.8,56.9,51.3,48.2,53.1,45.6,44.3,29,24,19.0,22.9,53,65,25,0,0,0,6,6,4,0,25,25,24,42,36,39,24,24,30,44.78,44.79,44.87,43,430,4.3,0,0,0
16.86,216,1.12,1.12,1.13,11.3,11.1,12.7,17.18,-0.7,0.05,0.04,206.5,8.4,261,1,3,1725,699,2027,-1,2021,16.7,181.1,1165,31.5,34.8,0.1,3.3,2067.6,0,16.83,9.6,49.0,50.2,52.1,48.2,52.1,46.6,44.5,48.5,44.8,43.6,28,24,19.0,22.9,55,66,25,0,0,0,6,6,4,0,25,25,24,42,36,38,24,24,30,44.77,44.79,44.87,43,430,4.3,0,0,0
16.53,84,0.79,0.8,0.8,17.5,15.4,14.3,16.74,12.6,0.17,0.06,206.7,11.0,257,1,3,1696,700,1986,0,2003,16.4,175.9,1150,33.6,34.9,0.2,3.4,2067.6,0,16.83,9.6,48.4,49.7,51.5,47.8,51.7,46.1,44.2,48.0,44.7,43.6,30,24,18.9,22.9,56,66,25,0,0,0,6,6,4,0,25,25,24,42,36,38,24,24,29,44.78,44.79,44.87,43,420,4.3,0,0,0
17.18,96,2.97,2.97,2.97,15.9,13.4,12.4,17.19,9.7,0.0,0.0,206.4,11.3,257,1,3,1744,700,2055,-2,2069,17.1,181.3,1160,29.1,31.9,0.0,3.3,2067.6,0,16.83,9.6,50.5,51.8,53.7,49.8,53.8,48.1,45.7,50.0,45.1,43.8,28,24,19.0,22.9,53,65,25,0,0,0,6,6,4,0,25,25,24,42,36,38,24,24,30,44.77,44.79,44.87,43,430,4.3,0,0,0
16.75,210,0.54,0.54,0.54,14.3,16.7,14.8,16.73,7.6,0.18,0.09,206.5,10.6,261,1,3,1676,699,1962,2,1980,16.7,176.9,1132,31.4,34.3,0.1,3.3,2067.6,0,16.83,9.6,48.9,50.3,52.3,48.4,52.2,46.7,44.6,48.6,44.8,43.6,30,24,19.0,22.9,55,66,25,0,0,0,6,6,4,0,25,25,24,42,36,38,24,24,30,44.78,44.79,44.87,43,430,4.3,0,0,0
16.84,34,1.31,1.31,1.31,12.4,14.5,14.0,17.03,4.3,0.13,0.02,206.6,10.4,258,1,3,1740,700,2048,-2,2090,16.9,180.8,1170,29.1,32.6,0.0,3.2,2067.6,0,16.83,9.6,50.1,51.3,53.2,49.3,53.3,47.8,45.4,49.6,45.0,43.7,27,24,19.0,22.9,54,65,25,0,0,0,6,6,4,0,25,25,24,42,36,38,24,24,30,44.77,44.79,44.87,43,430,4.2,0,0,0
17.02,156,2.03,2.04,2.03,15.5,16.1,15.0,17.19,10.2,0.08,0.08,206.3,9.6,259,1,3,1751,700,2061,2,2057,16.8,184.6,1172,29.6,32.9,0.0,3.2,2067.6,0,16.83,9.6,52.8,54.2,56.3,52.1,56.2,50.6,47.6,52.5,45.5,44.2,29,24,19.0,22.9,55,66,25,0,0,0,6,6,4,0,25,25,24,42,36,38,24,24,30,44.78,44.79,44.87,43,430,4.3,0,0,0
17.2,184,2.4,2.4,2.4,18.4,15.7,16.3,17.43,9.5,0.12,0.03,206.8,12.0,256,1,3,1753,701,2070,1,2073,17.1,186.4,1156,33.2,34.7,0.3,3.5,2067.6,0,16.83,9.6,51.2,52.7,54.7,50.6,54.7,49.0,46.4,51.0,45.2,43.9,28,24,19.0,22.9,57,67,25,0,0,0,6,6,4,0,25,25,24,42,36,38,24,24,30,44.77,44.79,44.87,43,430,4.3,0,0,0
16.86,294,1.89,1.9,1.89,14.1,12.9,15.3,17.2,5.8,0.22,0.06,206.4,8.2,259,1,3,1730,700,2037,0,2047,16.8,183.7,1173,32.5,35.7,0.1,3.3,2067.6,0,16.83,9.6,52.0,53.1,55.1,51.1,55.1,49.6,46.8,51.5,45.3,44.0,28,24,19.0,22.9,57,68,25,0,0,0,6,6,4,0,25,25,24,42,36,38,24,24,30,44.77,44.79,44.87,43,430,4.3,0,0,0
16.62,0,1.76,1.76,1.76,17.4,17.8,13.6,16.79,4.0,0.2,0.1,206.5,9.6,258,1,3,1727,701,2038,1,2039,16.7,180.3,1175,28.9,32.3,0.0,3.2,2067.6,0,16.83,9.6,50.2,51.5,53.4,49.5,53.5,47.9,45.5,49.6,45.0,43.8,28,24,19.0,22.9,54,65,25,0,0,0,6,6,4,0,25,25,24,42,36,38,24,24,30,44.77,44.79,44.87,43,430,4.3,0,0,0
16.9,16,3.34,3.35,3.34,12.6,13.0,10.9,17.18,7.7,0.14,0.08,206.5,12.4,259,1,3,1742,701,2053,0,2058,17.0,181.3,1164,29.4,32.8,0.0,3.2,2067.6,0,16.83,9.6,52.9,54.4,56.4,52.3,56.4,50.7,47.7,52.5,45.5,44.2,28,24,19.0,22.9,54,66,25,0,0,0,6,6,4,0,25,25,24,42,36,39,24,24,30,44.78,44.79,44.87,43,430,4.3,0,0,0
16.91,308,1.16,1.17,1.17,15.8,13.0,12.0,17.05,5.8,0.1,0.08,206.4,11.5,258,1,3,1737,700,2042,0,2062,16.9,180.3,1169,31.4,33.5,0.2,3.4,2067.6,0,16.83,9.6,54.0,55.4,57.5,53.2,57.5,51.8,48.6,53.7,45.6,44.4,28,24,19.0,22.9,56,67,25,0,0,0,6,6,4,0,25,25,24,42,36,39,24,24,30,44.77,44.79,44.87,44,430,4.3,0,0,0
16.67,198,0.64,0.64,0.64,10.9,11.0,12.5,17.04,7.6,0.04,0.06,206.8,8.5,258,1,3,1676,701,1971,1,1963,16.5,173.7,1140,33.1,34.5,0.3,3.5,2067.6,0,16.83,9.6,48.3,49.6,51.4,47.8,51.6,46.0,44.1,47.9,44.7,43.5,28,24,18.8,22.9,56,66,25,0,0,0,6,6,4,0,25,25,24,42,36,38,24,24,30,44.77,44.79,44.87,43,420,4.3,0,0,0
16.6,42,0.31,0.31,0.31,14.7,18.2,15.1,16.8,7.1,0.15,0.06,206.5,10.4,259,1,3,1663,700,1953,1,1986,16.8,177.1,1122,33.6,35.9,0.2,3.4,2067.6,0,16.83,9.6,51.5,52.9,55.0,50.9,55.0,49.3,46.6,51.2,45.2,44.0,28,24,19.0,22.9,57,68,25,0,0,0,6,6,4,0,25,25,24,42,36,38,24,24,30,44.77,44.79,44.86,43,430,4.3,0,0,0
16.76,264,0.78,0.78,0.78,13.8,17.5,15.5,16.84,8.3,0.1,0.06,206.5,11.2,257,1,3,1682,701,1980,3,1993,16.7,178.6,1138,32.6,34.2,0.2,3.5,2067.6,0,16.83,9.6,51.1,52.5,54.4,50.4,54.5,49.0,46.3,50.7,45.2,43.9,29,24,19.0,22.9,56,66,25,0,0,0,6,6,4,0,25,25,24,42,36,38,24,24,30,44.78,44.79,44.87,43,420,4.3,0,0,0
16.83,2,1.39,1.4,1.38,10.9,11.5,10.9,17.08,4.0,0.02,0.05,206.3,8.6,260,1,3,1731,700,2045,-1,2048,16.7,185.5,1174,32.1,35.6,0.1,3.3,2067.6,0,16.83,9.6,52.1,53.2,55.1,51.2,55.2,49.6,46.8,51.4,45.3,44.0,29,24,19.0,22.9,57,68,25,0,0,0,6,6,4,0,25,25,24,42,36,38,24,24,30,44.77,44.78,44.87,43,430,4.3,0,0,0
16.84,106,2.34,2.35,2.35,15.3,17.3,14.8,16.87,8.5,0.16,0.1,206.6,11.6,257,1,3,1744,700,2051,1,2102,17.0,180.8,1171,28.9,31.7,0.0,3.3,2067.6,0,16.83,9.6,53.5,54.9,57.0,52.8,56.9,51.3,48.2,53.1,45.6,44.3,29,24,19.0,22.9,53,65,25,0,0,0,6,6,4,0,25,25,24,42,36,39,24,24,30,44.77,44.79,44.87,44,430,4.3,0,0,0
16.66,102,1.61,1.61,1.61,18.8,13.6,17.0,16.78,2.0,0.08,0.04,206.8,10.0,258,1,3,1730,700,2030,-1,2055,16.6,184.6,1180,30.1,31.8,0.1,3.3,2067.6,0,16.83,9.6,50.6,51.9,53.8,49.9,53.9,48.3,45.7,50.0,45.1,43.8,29,24,19.0,22.9,54,65,25,0,0,0,6,6,4,0,25,25,24,42,36,38,24,24,30,44.77,44.79,44.87,43,430,4.3,0,0,0
16.71,258,1.4,1.41,1.41,16.3,15.9,13.3,16.87,7.7,0.02,0.11,206.8,10.2,260,1,3,1740,700,2052,1,2064,16.7,181.6,1176,29.1,32.3,0.0,3.2,2067.6,0,16.83,9.6,53.2,54.5,56.5,52.5,56.6,51.0,47.9,52.8,45.5,44.2,29,24,19.0,22.9,54,66,25,0,0,0,6,6,4,0,25,25,24,42,36,39,24,24,30,44.77,44.79,44.87,44,430,4.4,0,0,0
16.62,260,0.37,0.37,0.37,14.2,17.7,15.8,16.68,7.5,0.13,0.05,206.6,9.2,257,1,3,1655,700,1944,2,1930,16.5,175.8,1130,33.5,35.1,0.2,3.4,2067.6,0,16.83,9.6,48.5,49.8,51.6,47.8,51.7,46.2,44.2,48.1,44.7,43.6,29,24,18.9,22.9,56,66,25,0,0,0,6,6,4,0,25,25,24,42,36,38,24,24,30,44.78,44.79,44.87,43,420,4.3,0,0,0
16.82,36,3.01,3.02,3.02,13.0,17.5,14.1,16.97,11.4,0.0,0.03,206.5,11.0,259,1,3,1737,700,2045,0,2043,16.7,185.2,1169,28.9,32.1,0.0,3.2,2067.6,0,16.83,9.6,53.2,54.7,56.6,52.6,56.7,51.1,47.9,52.8,45.5,44.2,30,24,19.0,22.9,54,65,25,0,0,0,6,6,4,0,25,25,24,42,36,39,24,24,30,44.77,44.78,44.87,43,430,4.3,0,0,0
16.94,344,3.3,3.31,3.3,15.7,18.2,15.9,16.97,9.6,0.25,0.06,206.5,10.7,260,1,3,1745,700,2047,0,2062,16.9,184.6,1167,30.1,33.4,0.0,3.2,2067.6,0,16.83,9.6,52.7,54.0,56.1,52.0,56.1,50.4,47.5,52.2,45.4,44.1,28,24,19.0,22.9,55,66,25,0,0,0,6,6,4,0,25,25,24,42,36,38,24,24,30,44.77,44.79,44.87,43,430,4.3,0,0,0
17.01,250,2.8,2.81,2.8,15.0,17.9,15.4,17.19,-7.5,0.01,0.05,206.5,12.4,263,1,3,1748,700,2060,1,2083,17.0,182.6,1162,32.0,35.2,0.1,3.3,2067.6,0,16.83,9.6,51.9,53.3,55.3,51.3,55.3,49.6,46.9,51.4,45.3,44.0,28,24,19.0,22.9,57,68,25,0,0,0,6,6,4,0,25,25,24,42,36,39,24,24,30,44.77,44.79,44.87,43,430,4.3,0,0,0
16.61,110,1.32,1.33,1.32,18.7,16.1,15.2,16.96,1.0,0.08,0.06,206.6,11.3,260,1,3,1732,700,2039,1,2015,16.6,186.0,1173,32.2,35.7,0.1,3.3,2067.6,0,16.83,9.6,52.0,53.2,55.1,51.2,55.2,49.6,46.8,51.4,45.3,44.0,30,24,19.0,22.9,57,68,25,0,0,0,6,6,4,0,25,25,24,42,36,38,24,24,30,44.77,44.78,44.87,43,430,4.3,0,0,0
16.61,192,0.53,0.54,0.54,15.2,18.5,15.9,16.63,12.4,0.14,0.08,206.5,10.3,257,1,3,1666,700,1952,1,1965,16.6,176.4,1129,33.5,35.1,0.2,3.4,2067.6,0,16.83,9.6,48.4,49.7,51.5,47.8,51.7,46.2,44.2,48.1,44.7,43.6,29,24,18.9,22.9,56,66,25,0,0,0,6,6,4,0,25,25,24,42,36,38,24,24,30,44.77,44.79,44.87,43,420,4.3,0,0,0
17.19,34,2.71,2.72,2.7,12.1,11.2,13.1,17.51,-1.7,0.12,0.06,206.2,10.6,261,1,3,1757,701,2069,1,2111,17.2,185.5,1163,31.9,35.3,0.1,3.3,2067.6,0,16.83,9.6,51.9,53.3,55.2,51.3,55.3,49.6,46.9,51.4,45.3,44.0,29,24,19.0,22.9,57,68,25,0,0,0,6,6,4,0,25,25,24,42,36,38,24,24,30,44.77,44.79,44.87,43,430,4.3,0,0,0
16.2,248,0.37,0.37,0.37,11.7,14.7,14.1,16.36,5.6,0.07,0.06,206.6,9.3,258,1,3,1545,700,1802,1,1806,16.1,160.3,1075,29.7,31.6,0.1,3.3,2067.6,0,16.83,9.6,47.8,49.0,50.9,47.2,51.0,45.5,43.6,47.3,44.6,43.4,29,24,18.8,22.9,51,61,25,0,0,0,6,6,4,0,25,25,24,42,36,38,24,24,30,44.77,44.78,44.87,42,420,4.2,0,0,0
16.62,166,2.77,2.77,2.77,15.0,15.0,17.7,16.98,7.7,0.32,0.03,206.2,10.3,259,1,3,1706,700,2008,0,2006,16.6,181.9,1162,30.3,33.4,0.0,3.3,2067.6,0,16.83,9.6,49.4,50.7,52.6,48.8,52.7,47.1,44.8,49.0,44.9,43.7,28,24,19.0,22.9,55,66,25,0,0,0,6,6,4,0,25,25,24,42,36,38,24,24,30,44.77,44.78,44.87,43,430,4.3,0,0,0
16.42,318,0.37,0.37,0.37,15.2,11.8,12.8,16.68,8.7,0.05,0.09,206.7,8.9,258,1,3,1625,699,1908,0,1927,16.5,167.5,1117,30.7,32.4,0.1,3.3,2067.6,0,16.83,9.6,47.8,49.1,51.0,47.3,51.1,45.5,43.8,47.5,44.6,43.4,28,24,18.8,22.9,52,62,25,0,0,0,6,6,4,0,25,25,24,42,36,38,24,24,29,44.78,44.79,44.87,42,420,4.2,0,0,0
16.8,4,1.4,1.41,1.41,12.4,15.2,14.7,16.97,7.1,0.23,0.04,206.4,9.2,260,1,3,1745,701,2054,3,2036,16.6,181.7,1175,28.9,32.3,0.0,3.2,2067.6,0,16.83,9.6,53.2,54.5,56.5,52.5,56.6,51.0,47.9,52.8,45.5,44.2,28,24,19.0,22.9,54,66,25,0,0,0,6,6,4,0,25,25,24,42,36,39,24,24,30,44.77,44.79,44.87,43,430,4.3,0,0,0
16.89,196,0.84,0.84,0.84,10.6,10.9,11.4,17.08,9.2,0.08,0.01,206.6,9.5,258,1,3,1712,700,2007,2,2013,16.8,179.6,1156,30.0,33.3,0.0,3.3,2067.6,0,16.83,9.6,49.6,50.9,52.8,49.0,52.9,47.3,45.0,49.2,44.9,43.7,29,24,19.0,22.9,55,66,25,0,0,0,6,6,4,0,25,25,24,42,36,38,24,24,30,44.78,44.78,44.87,43,430,4.2,0,0,0
17.02,224,1.38,1.39,1.38,14.0,11.6,13.4,17.2,5.8,0.1,0.02,206.4,10.6,259,1,3,1746,700,2061,0,2060,16.9,182.9,1167,32.6,36.0,0.1,3.4,2067.6,0,16.83,9.6,51.9,53.0,55.1,51.0,55.1,49.5,46.8,51.5,45.3,44.0,28,24,19.0,22.9,57,68,25,0,0,0,6,6,4,0,25,25,24,42,36,38,24,24,30,44.78,44.79,44.87,43,430,4.3,0,0,0
16.88,290,2.83,2.84,2.84,18.4,13.6,16.3,17.08,4.7,-0.03,0.06,206.4,11.0,258,1,3,1744,701,2047,1,2051,16.9,185.7,1164,28.9,32.2,0.0,3.2,2067.6,0,16.83,9.6,50.1,51.5,53.4,49.5,53.5,47.8,45.5,49.5,45.0,43.8,28,24,19.0,22.9,54,65,25,0,0,0,6,6,4,0,25,25,24,42,36,38,24,24,30,44.77,44.78,44.88,43,420,4.3,0,0,0
16.61,80,2.45,2.46,2.46,15.0,11.4,11.1,16.97,1.4,0.17,0.06,206.8,11.7,261,1,3,1728,700,2037,1,2055,16.7,181.5,1172,29.1,32.2,0.0,3.2,2067.6,0,16.83,9.6,53.2,54.5,56.4,52.4,56.5,51.0,47.9,52.9,45.5,44.2,30,24,19.0,22.9,54,66,25,0,0,0,6,6,4,0,25,25,24,42,37,39,24,24,30,44.78,44.78,44.87,43,430,4.3,0,0,0
16.69,190,0.89,0.89,0.89,14.3,11.9,11.7,16.87,11.3,0.04,0.06,206.3,10.8,257,1,3,1725,700,2029,0,2037,16.8,178.6,1162,32.8,34.2,0.2,3.5,2067.6,0,16.83,9.6,51.1,52.6,54.6,50.6,54.6,48.9,46.3,50.8,45.2,43.9,28,24,19.0,22.9,56,67,25,0,0,0,6,6,4,0,25,25,24,42,36,38,24,24,30,44.77,44.79,44.87,43,420,4.3,0,0,0
16.8,4,2.21,2.22,2.22,17.0,16.6,14.8,17.0,12.2,0.17,0.04,206.3,9.2,258,1,3,1741,700,2046,1,2055,17.0,180.3,1167,28.8,31.8,0.0,3.2,2067.6,0,16.83,9.6,53.4,54.8,56.8,52.7,56.8,51.3,48.1,53.1,45.6,44.3,29,24,19.0,22.9,54,65,25,0,0,0,6,6,4,0,25,25,24,42,36,39,24,24,30,44.78,44.78,44.87,43,430,4.3,0,0,0
16.69,162,0.87,0.87,0.87,14.3,17.2,14.4,16.77,5.1,0.02,0.1,206.8,11.2,257,1,3,1707,701,2012,2,2057,16.8,178.1,1160,31.7,33.7,0.2,3.4,2067.6,0,16.83,9.6,51.1,52.3,54.2,50.3,54.3,48.8,46.1,50.6,45.1,43.9,28,24,19.0,22.9,55,66,25,0,0,0,6,6,4,0,25,25,24,42,36,38,24,24,30,44.78,44.78,44.87,43,430,4.3,0,0,0
16.89,132,1.85,1.86,1.86,12.7,12.9,15.4,17.23,4.9,0.0,0.1,206.6,8.9,257,1,3,1734,700,2046,1,2058,16.8,182.0,1170,31.4,33.1,0.2,3.4,2067.6,0,16.83,9.6,53.8,55.3,57.4,53.2,57.4,51.7,48.5,53.5,45.6,44.3,28,24,19.0,22.9,55,66,25,0,0,0,6,6,4,0,25,25,24,42,37,39,24,24,30,44.78,44.79,44.88,43,430,4.4,0,0,0
17.0,130,4.03,4.05,4.04,17.7,14.7,14.9,17.13,8.1,0.04,0.08,206.4,10.5,260,1,3,1745,700,2058,-1,2093,17.1,185.0,1161,30.7,34.0,0.0,3.3,2067.6,0,16.83,9.6,52.5,53.7,55.8,51.6,55.8,50.2,47.3,52.1,45.4,44.1,29,24,19.0,22.9,56,67,25,0,0,0,6,6,4,0,25,25,24,42,36,39,24,24,30,44.78,44.79,44.87,43,430,4.3,0,0,0
16.9,222,1.54,1.54,1.55,16.6,14.9,13.8,17.19,9.1,0.1,0.09,206.5,12.1,256,1,3,1748,701,2057,2,2055,16.9,186.0,1165,33.1,34.5,0.3,3.5,2067.6,0,16.83,9.6,51.1,52.7,54.6,50.6,54.7,49.0,46.3,50.9,45.2,43.9,28,24,19.0,22.9,56,67,25,0,0,0,6,6,4,0,25,25,24,42,36,39,24,24,30,44.77,44.78,44.87,43,420,4.3,0,0,0
16.26,324,0.25,0.25,0.25,15.3,12.4,12.7,16.52,11.3,0.07,0.05,206.3,10.4,261,1,3,1605,700,1872,0,1894,16.3,167.5,1105,28.9,32.1,0.0,3.2,2067.6,0,16.83,9.6,47.6,48.8,50.6,46.9,50.7,45.2,43.3,47.0,44.5,43.3,29,24,18.8,22.9,51,62,25,0,0,0,6,6,4,0,25,25,24,42,36,38,24,24,29,44.77,44.78,44.87,43,420,4.2,0,0,0
16.25,338,0.37,0.37,0.37,13.1,11.5,14.9,16.46,8.0,0.07,0.11,206.6,9.4,258,1,3,1546,700,1803,-1,1839,16.3,162.6,1076,29.5,31.3,0.1,3.3,2067.6,0,16.83,9.6,47.8,49.0,50.9,47.2,51.0,45.5,43.6,47.3,44.6,43.4,29,24,18.8,22.9,51,61,25,0,0,0,6,6,4,0,25,25,24,42,36,38,24,24,30,44.77,44.78,44.87,42,430,4.2,0,0,0
16.65,316,0.76,0.76,0.76,11.5,11.0,12.4,17.08,9.5,0.07,0.04,206.4,11.6,260,1,3,1690,700,1989,0,1996,16.6,178.5,1149,31.2,34.4,0.1,3.3,2067.6,0,16.83,9.6,49.0,50.3,52.2,48.4,52.3,46.8,44.6,48.6,44.8,43.6,29,24,19.0,22.9,55,66,25,0,0,0,6,6,4,0,25,25,24,42,36,38,24,24,30,44.78,44.78,44.87,43,430,4.3,0,0,0
16.75,346,0.82,0.82,0.82,17.9,14.8,15.1,17.0,4.4,0.03,0.13,206.3,10.8,257,1,3,1704,700,2006,1,1996,16.6,181.8,1155,31.7,33.5,0.2,3.4,2067.6,0,16.83,9.6,51.0,52.3,54.3,50.2,54.3,48.7,46.0,50.4,45.1,43.9,28,24,19.0,22.9,55,66,25,0,0,0,6,6,4,0,25,25,24,42,36,38,24,24,30,44.77,44.79,44.87,43,430,4.3,0,0,0
16.35,240,0.25,0.25,0.25,15.3,12.4,12.4,16.47,12.0,0.17,0.04,206.7,11.1,259,1,3,1576,700,1842,0,1859,16.3,166.8,1085,28.8,31.7,0.0,3.2,2067.6,0,16.83,9.6,47.6,48.9,50.8,47.0,50.8,45.3,43.4,47.1,44.5,43.3,28,24,18.8,22.9,51,61,25,0,0,0,6,6,4,0,25,25,24,42,36,38,24,24,29,44.77,44.78,44.87,43,420,4.3,0,0,0
16.91,230,2.74,2.75,2.74,12.3,14.5,14.0,17.09,1.7,0.17,0.06,206.2,10.8,260,1,3,1742,700,2056,0,2051,16.8,181.3,1169,29.3,32.7,0.0,3.2,2067.6,0,16.83,9.6,53.0,54.4,56.4,52.3,56.4,50.8,47.7,52.6,45.5,44.2,29,24,19.0,22.9,54,66,25,0,0,0,6,6,4,0,25,25,24,42,37,39,24,24,30,44.78,44.79,44.87,44,430,4.3,0,0,0
16.8,208,1.69,1.69,1.69,12.3,10.6,11.4,16.79,6.5,0.23,0.01,206.7,11.4,258,1,3,1726,700,2032,-1,2071,16.6,180.5,1177,30.2,32.1,0.1,3.3,2067.6,0,16.83,9.6,50.6,51.9,53.8,49.9,53.9,48.3,45.7,50.1,45.1,43.8,29,24,19.0,22.9,54,65,25,0,0,0,6,6,4,0,25,25,24,42,36,38,24,24,30,44.77,44.79,44.87,44,430,4.3,0,0,0
16.82,340,0.87,0.87,0.87,11.4,10.9,12.0,17.08,11.4,-0.01,0.02,206.7,9.3,256,1,3,1713,701,2017,2,2031,16.8,179.7,1161,32.1,34.0,0.2,3.4,2067.6,0,16.83,9.6,51.1,52.3,54.3,50.3,54.4,48.9,46.2,50.6,45.1,43.9,28,24,19.0,22.9,56,66,25,0,0,0,6,6,4,0,25,25,24,42,36,38,24,24,30,44.77,44.79,44.87,43,430,4.3,0,0,0
16.72,174,3.61,3.61,3.61,13.8,13.1,15.1,17.14,7.5,0.06,0.08,206.5,10.9,260,1,3,1723,700,2032,-1,2036,16.7,180.4,1169,31.1,34.3,0.1,3.3,2067.6,0,16.83,9.6,52.2,53.6,55.6,51.6,55.7,50.0,47.2,51.9,45.4,44.1,29,24,19.0,22.9,56,67,25,0,0,0,6,6,4,0,25,25,24,42,36,38,24,24,30,44.78,44.79,44.87,43,430,4.3,0,0,0
16.75,48,2.32,2.34,2.33,14.8,17.9,15.6,16.97,10.7,0.09,0.06,206.5,12.6,259,1,3,1735,701,2048,0,2056,16.7,182.5,1171,29.7,33.1,0.0,3.2,2067.6,0,16.83,9.6,52.8,54.1,56.2,52.1,56.2,50.7,47.6,52.5,45.5,44.2,29,24,19.0,22.9,55,66,25,0,0,0,6,6,4,0,25,25,24,42,37,39,24,24,30,44.78,44.79,44.87,44,430,4.3,0,0,0
16.75,104,1.91,1.92,1.91,14.7,11.8,14.1,17.04,10.5,0.1,0.09,206.7,10.3,257,1,3,1742,700,2049,-2,2053,16.8,180.8,1171,30.6,32.2,0.1,3.4,2067.6,0,16.83,9.6,53.8,55.1,57.2,52.9,57.2,51.6,48.4,53.5,45.6,44.3,28,24,19.0,22.9,55,66,25,0,0,0,6,6,4,0,25,25,24,42,37,39,24,24,30,44.77,44.79,44.88,43,430,4.3,0,0,0
16.78,148,0.54,0.55,0.55,10.5,10.8,11.3,17.08,11.6,0.1,0.05,206.4,10.2,258,1,3,1684,700,1977,2,1990,16.8,175.3,1140,33.6,35.9,0.2,3.4,2067.6,0,16.83,9.6,51.5,52.9,55.0,51.0,55.0,49.3,46.6,51.1,45.2,44.0,29,24,19.0,22.9,57,68,25,0,0,0,6,6,4,0,25,25,24,42,36,38,24,24,30,44.77,44.79,44.86,43,420,4.3,0,0,0
16.62,138,0.91,0.91,0.91,12.8,11.1,11.4,16.98,13.8,0.04,0.05,206.6,11.0,258,1,3,1717,699,2014,0,2028,16.8,176.6,1161,30.7,34.2,0.1,3.3,2067.6,0,16.83,9.6,49.3,50.5,52.4,48.5,52.4,46.9,44.7,48.8,44.9,43.6,29,24,19.0,22.9,55,66,25,0,0,0,6,6,4,0,25,25,24,42,36,38,24,24,29,44.77,44.79,44.87,43,430,4.3,0,0,0
16.82,126,0.76,0.76,0.76,12.3,14.6,14.9,17.12,10.7,-0.03,0.18,206.6,9.3,255,1,3,1698,700,1995,2,2033,16.8,178.1,1148,31.3,32.8,0.2,3.4,2067.6,0,16.83,9.6,50.9,52.1,54.2,50.1,54.1,48.5,45.9,50.4,45.1,43.9,29,24,19.0,22.9,55,66,25,0,0,0,6,6,4,0,25,25,24,42,36,38,24,24,30,44.77,44.79,44.87,43,430,4.3,0,0,0
16.78,144,3.2,3.21,3.2,11.8,10.5,11.8,17.08,10.0,0.27,0.07,206.8,9.8,259,1,3,1737,701,2043,3,2040,16.6,185.8,1170,28.9,32.2,0.0,3.2,2067.6,0,16.83,9.6,53.2,54.7,56.7,52.6,56.7,51.0,47.9,52.8,45.5,44.2,29,24,19.0,22.9,54,65,25,0,0,0,6,6,4,0,25,25,24,42,36,38,24,24,30,44.77,44.78,44.87,43,430,4.3,0,0,0
16.88,270,0.87,0.87,0.87,17.2,16.3,14.3,16.85,3.8,0.12,0.05,206.4,11.7,257,1,3,1712,700,2013,0,2036,16.7,179.8,1163,32.4,33.7,0.2,3.5,2067.6,0,16.83,9.6,48.2,49.4,51.2,47.5,51.4,45.8,44.0,47.9,44.7,43.5,28,24,18.8,22.9,55,65,25,0,0,0,6,6,4,0,25,25,24,42,36,38,24,24,30,44.77,44.79,44.87,42,420,4.2,0,0,0
16.53,122,0.48,0.49,0.49,12.5,14.6,12.4,16.68,9.7,0.02,0.06,206.7,10.3,258,1,3,1670,700,1960,0,1946,16.5,175.3,1133,33.3,34.9,0.2,3.5,2067.6,0,16.83,9.6,48.3,49.7,51.5,47.8,51.7,46.0,44.1,48.0,44.7,43.5,29,24,18.8,22.9,56,66,25,0,0,0,6,6,4,0,25,25,24,42,36,38,24,24,30,44.77,44.79,44.87,43,420,4.3,0,0,0
16.46,256,0.37,0.37,0.37,13.1,11.8,15.2,16.67,4.8,0.06,0.17,206.5,9.8,259,1,3,1591,700,1865,1,1878,16.4,162.8,1098,30.4,31.7,0.1,3.3,2067.6,0,16.83,9.6,47.8,49.1,51.0,47.2,51.1,45.5,43.7,47.4,44.6,43.4,29,24,18.8,22.9,51,61,25,0,0,0,6,6,4,0,25,25,24,42,36,38,24,24,30,44.77,44.79,44.87,42,420,4.2,0,0,0
16.66,172,0.67,0.67,0.67,14.6,17.5,15.0,16.83,10.2,0.15,0.08,206.5,12.1,260,1,3,1699,699,1995,0,2003,16.8,179.1,1142,31.1,34.3,0.1,3.3,2067.6,0,16.83,9.6,49.1,50.3,52.2,48.4,52.3,46.8,44.6,48.6,44.8,43.6,29,24,19.0,22.9,55,66,25,0,0,0,6,6,4,0,25,25,24,42,36,38,24,24,30,44.78,44.79,44.87,43,430,4.3,0,0,0
16.83,146,0.93,0.93,0.93,12.2,14.6,14.3,16.98,-5.7,0.1,0.09,206.2,10.7,261,1,3,1712,699,2015,-1,2023,16.9,182.2,1156,31.5,34.9,0.1,3.3,2067.6,0,16.83,9.6,48.9,50.1,52.0,48.2,52.1,46.5,44.5,48.4,44.8,43.6,28,24,19.0,22.9,56,66,25,0,0,0,6,6,4,0,25,25,24,42,36,38,24,24,30,44.77,44.78,44.87,43,420,4.2,0,0,0
16.37,156,0.37,0.37,0.37,15.1,12.7,11.7,16.47,11.9,0.15,0.06,206.5,10.6,258,1,3,1586,700,1861,3,1874,16.3,163.1,1095,29.0,31.5,0.0,3.3,2067.6,0,16.83,9.6,47.7,48.9,50.8,47.1,50.9,45.4,43.5,47.2,44.6,43.4,29,24,18.8,22.9,50,61,25,0,0,0,6,6,4,0,25,25,24,42,36,38,24,24,30,44.78,44.79,44.87,43,410,4.2,0,0,0
16.7,306,4.18,4.2,4.18,17.0,14.6,15.4,16.84,12.0,0.06,0.05,206.1,11.5,259,1,3,1728,700,2038,0,2048,16.8,180.5,1171,30.1,33.0,0.0,3.2,2067.6,0,16.83,9.6,52.7,54.1,56.2,52.0,56.1,50.5,47.5,52.3,45.5,44.1,29,24,19.0,22.9,55,66,25,0,0,0,6,6,4,0,25,25,24,42,36,39,24,24,30,44.78,44.79,44.87,43,430,4.3,0,0,0
17.14,104,3.8,3.81,3.79,11.0,10.5,10.7,17.41,-2.2,0.03,0.05,206.5,10.7,263,1,3,1755,701,2065,0,2087,17.2,186.5,1161,31.9,35.1,0.1,3.3,2067.6,0,16.83,9.6,52.0,53.4,55.3,51.2,55.3,49.7,46.9,51.5,45.3,44.0,28,24,19.0,22.9,57,68,25,0,0,0,6,6,4,0,25,25,24,42,36,38,24,24,30,44.77,44.79,44.87,43,430,4.3,0,0,0
16.7,302,1.06,1.06,1.06,11.8,13.2,14.0,16.98,6.2,0.09,-0.01,206.4,10.0,257,1,3,1714,700,2017,0,2042,16.7,183.3,1161,32.4,34.2,0.2,3.4,2067.6,0,16.83,9.6,51.2,52.4,54.4,50.4,54.4,48.9,46.3,50.8,45.2,43.9,29,24,19.0,22.9,56,66,25,0,0,0,6,6,4,0,25,25,24,42,36,39,24,24,30,44.77,44.78,44.87,43,420,4.3,0,0,0
16.42,0,0.25,0.25,0.25,15.6,13.1,11.8,16.57,9.7,0.12,0.08,206.8,10.6,263,1,3,1624,700,1903,1,1918,16.5,171.4,1115,29.0,32.1,0.0,3.2,2067.6,0,16.83,9.6,47.5,48.8,50.6,46.9,50.7,45.1,43.2,46.9,44.5,43.3,29,24,18.8,22.9,51,62,25,0,0,0,6,6,4,0,25,25,24,42,36,38,24,24,30,44.77,44.79,44.87,42,420,4.3,0,0,0
16.63,86,2.27,2.28,2.27,12.1,15.2,13.4,16.77,8.7,0.12,0.02,206.5,8.4,259,1,3,1732,701,2043,1,2049,16.7,186.2,1179,29.7,33.1,0.0,3.2,2067.6,0,16.83,9.6,52.9,54.1,56.2,52.0,56.1,50.7,47.6,52.5,45.5,44.2,28,24,19.0,22.9,55,66,25,0,0,0,6,6,4,0,25,25,24,42,36,38,24,24,30,44.77,44.79,44.87,44,430,4.3,0,0,0
16.33,328,1.38,1.39,1.38,17.9,15.7,14.6,16.47,3.8,0.14,0.07,206.5,10.0,258,1,3,1698,700,2003,-1,2012,16.3,183.2,1179,33.8,35.6,0.2,3.5,2067.6,0,16.83,9.6,51.5,52.8,54.9,50.8,54.9,49.3,46.5,51.1,45.2,44.0,29,24,19.0,22.9,58,68,25,0,0,0,6,6,4,0,25,25,24,42,36,38,24,24,30,44.77,44.79,44.87,43,430,4.3,0,0,0
16.27,156,0.37,0.37,0.37,13.7,11.5,14.9,16.67,9.6,0.05,0.0,207.0,10.0,259,1,3,1602,700,1879,2,1898,16.4,168.5,1110,28.7,31.6,0.0,3.2,2067.6,0,16.83,9.6,47.6,48.9,50.8,47.1,50.9,45.3,43.5,47.1,44.6,43.3,29,24,18.8,22.9,50,61,25,0,0,0,6,6,4,0,25,25,24,42,36,38,24,24,29,44.78,44.79,44.87,43,420,4.3,0,0,0
16.73,24,0.87,0.87,0.87,13.2,14.6,14.8,16.87,10.0,0.1,0.11,206.6,8.9,257,1,3,1736,701,2041,1,2049,16.6,181.0,1178,30.8,32.2,0.1,3.4,2067.6,0,16.83,9.6,50.7,52.0,54.1,49.9,54.0,48.4,45.8,50.3,45.1,43.8,28,24,19.0,22.9,54,66,25,0,0,0,6,6,4,0,25,25,24,42,36,38,24,24,30,44.78,44.79,44.87,43,430,4.3,0,0,0
16.85,200,3.68,3.69,3.68,13.2,16.2,12.9,16.86,3.5,0.03,0.06,206.6,10.7,260,1,3,1737,700,2043,1,2048,16.7,185.3,1170,30.3,33.8,0.0,3.3,2067.6,0,16.83,9.6,52.6,53.8,55.8,51.7,55.8,50.3,47.3,52.2,45.4,44.1,29,24,19.0,22.9,55,67,25,0,0,0,6,6,4,0,25,25,24,42,36,39,24,24,30,44.77,44.79,44.87,43,430,4.3,0,0,0
16.8,66,3.77,3.77,3.77,15.2,18.1,14.7,16.89,6.5,0.0,0.05,206.4,12.1,260,1,3,1729,700,2034,0,2056,16.8,180.5,1166,30.9,34.4,0.1,3.3,2067.6,0,16.83,9.6,52.2,53.6,55.6,51.6,55.6,50.0,47.2,51.9,45.4,44.1,28,24,19.0,22.9,56,67,25,0,0,0,6,6,4,0,25,25,24,42,36,38,24,24,30,44.77,44.79,44.87,43,430,4.3,0,0,0
16.52,16,3.23,3.23,3.22,15.2,18.0,15.5,16.63,5.5,0.11,0.07,206.5,11.4,260,1,3,1717,700,2021,-1,2015,16.4,181.7,1176,29.7,33.0,0.0,3.2,2067.6,0,16.83,9.6,52.8,54.1,56.1,52.0,56.1,50.6,47.5,52.4,45.5,44.1,29,24,19.0,22.9,55,66,25,0,0,0,6,6,4,0,25,25,24,42,36,38,24,24,30,44.77,44.79,44.87,43,430,4.3,0,0,0
16.62,18,0.86,0.86,0.86,14.5,18.2,14.2,16.83,10.9,0.09,0.06,206.5,12.3,255,1,3,1711,700,2007,1,2013,16.7,178.9,1147,31.3,32.8,0.1,3.4,2067.6,0,16.83,9.6,50.9,52.1,54.2,50.1,54.1,48.5,45.9,50.4,45.1,43.9,29,24,19.0,22.9,55,66,25,0,0,0,6,6,4,0,25,25,24,42,36,38,24,24,30,44.77,44.79,44.87,43,430,4.3,0,0,0
16.14,330,0.25,0.25,0.25,14.5,14.9,11.8,16.39,10.4,0.14,0.06,206.7,8.2,260,1,3,1568,701,1842,0,1846,16.4,163.6,1087,28.8,31.8,0.0,3.2,2067.6,0,16.83,9.6,47.6,48.9,50.8,47.0,50.8,45.2,43.4,47.0,44.5,43.3,29,24,18.8,22.9,51,61,25,0,0,0,6,6,4,0,25,25,24,42,36,38,24,24,29,44.77,44.78,44.87,43,420,4.3,0,0,0
16.91,86,4.11,4.12,4.11,13.9,12.9,12.1,16.97,6.1,-0.04,0.04,206.6,11.1,259,1,3,1729,700,2042,0,2095,17.0,185.4,1164,29.3,32.6,0.0,3.2,2067.6,0,16.83,9.6,53.1,54.4,56.4,52.3,56.5,50.8,47.7,52.6,45.5,44.2,29,24,19.0,22.9,54,66,25,0,0,0,6,6,4,0,25,25,24,42,36,39,24,24,30,44.77,44.79,44.87,43,420,4.3,0,0,0
16.56,338,2.27,2.28,2.27,17.0,16.2,14.6,16.68,8.2,0.15,0.08,206.6,10.2,259,1,3,1729,700,2036,0,2034,16.5,185.0,1181,30.0,33.1,0.0,3.2,2067.6,0,16.83,9.6,52.8,54.1,56.2,52.0,56.1,50.6,47.6,52.5,45.5,44.1,28,24,19.0,22.9,55,66,25,0,0,0,6,6,4,0,25,25,24,42,36,39,24,24,30,44.77,44.79,44.87,44,430,4.4,0,0,0
17.04,264,3.87,3.88,3.87,18.2,15.7,15.5,17.31,3.1,0.14,0.13,206.5,11.2,257,1,3,1737,700,2044,0,2046,17.0,180.1,1153,33.5,35.1,0.2,3.5,2067.6,0,16.83,9.6,51.3,52.7,54.7,50.6,54.7,49.1,46.4,51.1,45.2,43.9,29,24,19.0,22.9,57,68,25,0,0,0,6,6,4,0,25,25,24,42,36,38,24,24,30,44.77,44.78,44.87,43,420,4.3,0,0,0
16.68,270,2.53,2.54,2.53,13.1,15.0,14.3,16.77,5.2,0.17,0.02,206.6,9.9,261,1,3,1722,700,2021,-1,2044,16.6,183.9,1171,30.6,33.7,0.0,3.3,2067.6,0,16.83,9.6,52.5,53.8,55.9,51.8,55.9,50.3,47.4,52.1,45.4,44.1,30,24,19.0,22.9,55,67,25,0,0,0,6,6,4,0,25,25,24,42,36,38,24,24,30,44.77,44.79,44.87,44,430,4.3,0,0,0
16.66,348,0.39,0.4,0.4,14.7,16.4,15.5,16.68,8.0,0.17,-0.02,206.7,10.5,257,1,3,1645,701,1929,1,1932,16.5,175.1,1117,32.0,33.6,0.2,3.4,2067.6,0,16.83,9.6,48.1,49.4,51.3,47.4,51.3,45.7,43.9,47.9,44.7,43.5,29,24,18.8,22.9,54,64,25,0,0,0,6,6,4,0,25,25,24,42,36,38,24,24,30,44.77,44.78,44.87,43,420,4.3,0,0,0
16.91,10,3.36,3.37,3.36,14.6,14.2,15.7,16.98,10.3,0.09,0.04,206.7,13.1,258,1,3,1732,700,2043,1,2059,16.9,185.1,1163,29.8,32.9,0.0,3.2,2067.6,0,16.83,9.6,52.9,54.2,56.3,52.2,56.3,50.7,47.6,52.5,45.5,44.2,28,24,19.0,22.9,55,66,25,0,0,0,6,6,4,0,25,25,24,42,37,39,24,24,30,44.77,44.79,44.87,43,430,4.3,0,0,0
16.63,270,0.79,0.79,0.79,15.4,15.3,18.0,17.08,5.4,0.09,0.06,206.6,9.5,257,1,3,1680,700,1976,1,1969,16.6,176.4,1136,32.0,33.7,0.2,3.4,2067.6,0,16.83,9.6,51.1,52.4,54.2,50.3,54.3,48.8,46.1,50.6,45.1,43.9,28,24,19.0,22.9,55,66,25,0,0,0,6,6,4,0,25,25,24,42,36,38,24,24,30,44.78,44.79,44.87,43,430,4.3,0,0,0
16.12,242,0.25,0.25,0.25,13.9,12.0,15.6,16.57,10.2,0.1,0.01,207.0,8.3,261,1,3,1588,700,1854,1,1857,16.2,166.2,1097,28.9,32.0,0.0,3.2,2067.6,0,16.83,9.6,47.6,48.8,50.7,47.0,50.8,45.2,43.3,47.0,44.5,43.3,28,24,18.8,22.9,51,62,25,0,0,0,6,6,4,0,25,25,24,42,36,38,24,24,29,44.77,44.78,44.87,43,420,4.3,0,0,0
16.52,150,0.4,0.4,0.4,16.3,16.7,14.3,16.61,11.6,0.17,0.01,206.7,8.7,257,1,3,1653,700,1938,-2,1971,16.6,174.1,1123,31.4,33.1,0.2,3.4,2067.6,0,16.83,9.6,48.0,49.3,51.2,47.4,51.2,45.6,43.9,47.7,44.7,43.5,29,24,18.8,22.9,54,64,25,0,0,0,6,6,4,0,25,25,24,42,36,38,24,24,30,44.78,44.78,44.87,43,420,4.3,0,0,0
16.37,84,0.36,0.37,0.37,12.7,15.5,11.3,16.46,6.2,0.15,0.06,206.7,10.8,259,1,3,1620,700,1891,1,1901,16.2,170.8,1109,30.3,32.1,0.1,3.3,2067.6,0,16.83,9.6,47.8,49.1,51.0,47.2,51.1,45.5,43.7,47.4,44.6,43.4,30,24,18.8,22.9,51,61,25,0,0,0,6,6,4,0,25,25,24,42,36,38,24,24,30,44.77,44.79,44.87,42,420,4.2,0,0,0
16.82,6,1.01,1.0,1.01,10.9,13.0,10.9,17.03,8.1,0.05,0.06,206.2,10.8,257,1,3,1736,700,2042,0,2052,16.8,180.8,1166,29.2,32.3,0.0,3.2,2067.6,0,16.83,9.6,50.1,51.3,53.3,49.4,53.4,47.8,45.4,49.6,45.0,43.7,28,24,19.0,22.9,54,65,25,0,0,0,6,6,4,0,25,25,24,42,36,38,24,24,30,44.78,44.78,44.87,43,420,4.3,0,0,0
16.31,68,0.37,0.37,0.37,14.8,11.8,12.7,16.42,9.8,0.17,0.12,206.8,11.0,258,1,3,1577,699,1840,2,1852,16.1,166.1,1092,29.5,31.2,0.0,3.3,2067.6,0,16.83,9.6,47.8,49.0,50.9,47.1,51.0,45.4,43.6,47.3,44.6,43.4,28,24,18.8,22.9,50,61,25,0,0,0,6,6,4,0,25,25,24,42,36,38,24,24,29,44.78,44.78,44.87,43,430,4.3,0,0,0
16.81,50,1.49,1.49,1.49,14.5,13.6,11.7,16.93,5.1,0.1,0.01,206.4,10.6,259,1,3,1736,700,2034,0,2053,16.8,184.3,1168,29.8,33.2,0.0,3.3,2067.6,0,16.83,9.6,49.7,51.0,52.8,49.0,52.9,47.4,45.1,49.2,44.9,43.7,29,24,19.0,22.9,55,66,25,0,0,0,6,6,4,0,25,25,24,42,36,38,24,24,30,44.77,44.79,44.87,42,420,4.2,0,0,0
17.01,250,2.74,2.74,2.73,11.1,10.4,10.6,17.24,10.7,0.12,0.08,206.7,10.5,259,1,3,1745,700,2061,1,2116,17.2,182.7,1166,31.5,34.7,0.1,3.3,2067.6,0,16.83,9.6,52.2,53.5,55.5,51.5,55.6,50.0,47.2,51.8,45.4,44.1,28,24,19.0,22.9,56,67,25,0,0,0,6,6,4,0,25,25,24,42,36,38,24,24,30,44.77,44.79,44.87,43,430,4.3,0,0,0
16.99,130,3.84,3.85,3.83,16.3,15.7,16.1,17.29,6.2,-0.02,0.06,206.5,9.5,260,1,3,1738,699,2051,0,2064,17.0,185.7,1161,30.4,33.3,0.0,3.2,2067.6,0,16.83,9.6,52.6,54.0,56.1,52.0,56.1,50.4,47.4,52.1,45.4,44.1,29,24,19.0,22.9,55,66,25,0,0,0,6,6,4,0,25,25,24,42,36,38,24,24,30,44.77,44.79,44.87,43,430,4.3,0,0,0
16.99,264,3.21,3.21,3.2,10.6,10.8,10.7,17.19,11.2,0.25,0.07,206.5,12.4,258,1,3,1745,700,2054,0,2084,17.1,181.5,1165,29.6,33.0,0.0,3.2,2067.6,0,16.83,9.6,52.8,54.2,56.3,52.2,56.2,50.7,47.6,52.5,45.5,44.2,28,24,19.0,22.9,55,66,25,0,0,0,6,6,4,0,25,25,24,42,36,38,24,24,30,44.77,44.79,44.87,43,430,4.3,0,0,0
16.91,62,1.99,2.0,2.0,12.2,12.4,12.4,17.06,8.1,0.15,0.08,206.5,10.1,257,1,3,1745,700,2049,1,2073,16.9,185.7,1169,31.3,33.0,0.2,3.4,2067.6,0,16.83,9.6,53.8,55.3,57.4,53.2,57.4,51.7,48.5,53.5,45.6,44.3,28,24,19.0,22.9,55,66,25,0,0,0,6,6,4,0,25,25,24,42,37,39,24,24,30,44.77,44.79,44.87,44,430,4.3,0,0,0
16.25,54,0.25,0.25,0.25,13.9,15.2,11.9,16.35,11.2,0.05,0.1,206.7,9.4,261,1,3,1583,700,1854,-1,1882,16.3,164.4,1089,28.9,32.0,0.0,3.2,2067.6,0,16.83,9.6,47.6,48.8,50.6,47.0,50.7,45.2,43.3,47.0,44.5,43.3,29,24,18.8,22.9,51,62,25,0,0,0,6,6,4,0,25,25,24,42,36,38,24,24,29,44.77,44.78,44.87,43,420,4.3,0,0,0
16.75,186,2.24,2.24,2.25,14.8,17.5,15.4,16.87,3.1,-0.01,-0.02,206.3,10.6,260,1,3,1741,700,2042,2,2055,16.8,183.9,1170,32.4,35.8,0.1,3.4,2067.6,0,16.83,9.6,52.0,53.1,55.1,51.1,55.1,49.6,46.8,51.5,45.3,44.0,27,24,19.0,22.9,57,68,25,0,0,0,6,6,4,0,25,25,24,42,36,38,24,24,30,44.77,44.79,44.87,43,430,4.3,0,0,0
16.83,170,2.53,2.55,2.54,14.3,17.4,13.6,16.86,6.5,0.22,0.07,206.5,10.1,258,1,3,1734,700,2046,-2,2049,16.8,183.7,1169,30.2,31.7,0.1,3.3,2067.6,0,16.83,9.6,53.7,55.1,57.2,52.9,57.1,51.5,48.3,53.4,45.6,44.3,28,24,19.0,22.9,54,66,25,0,0,0,6,6,4,0,25,25,24,42,37,39,24,24,30,44.77,44.79,44.87,43,430,4.4,0,0,0
16.69,82,1.01,1.01,1.01,15.6,15.0,16.6,17.08,8.1,0.08,-0.01,206.6,9.6,257,1,3,1712,701,2016,2,2018,16.7,178.6,1159,32.7,34.3,0.2,3.5,2067.6,0,16.83,9.6,51.1,52.6,54.5,50.5,54.6,48.9,46.3,50.7,45.2,43.9,29,24,19.0,22.9,56,67,25,0,0,0,6,6,4,0,25,25,24,42,36,38,24,24,30,44.77,44.79,44.87,43,420,4.3,0,0,0
16.82,314,2.15,2.16,2.16,15.6,14.6,17.1,17.19,6.9,0.04,0.07,206.6,10.5,258,1,3,1743,700,2054,-2,2063,16.8,181.7,1175,30.0,31.9,0.1,3.3,2067.6,0,16.83,9.6,53.7,55.1,57.1,52.9,57.1,51.4,48.3,53.3,45.6,44.3,29,24,19.0,22.9,54,66,25,0,0,0,6,6,4,0,25,25,24,42,36,39,24,24,30,44.77,44.79,44.87,44,430,4.4,0,0,0
16.99,212,3.05,3.05,3.05,10.8,12.9,15.7,17.35,13.1,0.15,0.01,206.4,9.4,259,1,3,1753,700,2057,1,2041,16.8,182.8,1167,31.2,34.6,0.0,3.3,2067.6,0,16.83,9.6,52.2,53.6,55.6,51.6,55.6,50.0,47.2,51.8,45.4,44.1,28,24,19.0,22.9,56,67,25,0,0,0,6,6,4,0,25,25,24,42,36,38,24,24,30,44.77,44.79,44.87,43,430,4.3,0,0,0
17.1,22,3.85,3.85,3.84,11.3,10.6,12.0,17.38,7.3,0.1,0.08,206.4,11.3,260,1,3,1759,700,2066,1,2089,17.1,183.5,1162,30.8,34.0,0.0,3.3,2067.6,0,16.83,9.6,52.5,53.7,55.8,51.6,55.8,50.2,47.3,52.1,45.4,44.1,29,24,19.0,22.9,56,67,25,0,0,0,6,6,4,0,25,25,24,42,36,39,24,24,30,44.78,44.79,44.87,43,430,4.3,0,0,0
16.58,14,0.53,0.53,0.53,15.3,12.6,13.4,16.8,9.6,0.06,0.08,206.6,10.7,258,1,3,1668,700,1954,0,1942,16.4,176.5,1133,33.2,35.0,0.3,3.5,2067.6,0,16.83,9.6,48.3,49.7,51.5,47.8,51.6,46.0,44.1,48.0,44.7,43.5,29,24,18.9,22.9,56,66,25,0,0,0,6,6,4,0,25,25,24,42,36,38,24,24,30,44.77,44.79,44.87,43,420,4.3,0,0,0
16.77,194,3.67,3.67,3.67,15.1,18.1,15.6,16.84,5.7,0.1,0.09,206.5,12.4,259,1,3,1726,700,2032,1,2067,16.8,180.5,1170,29.1,32.7,0.0,3.2,2067.6,0,16.83,9.6,53.1,54.4,56.5,52.3,56.5,50.8,47.7,52.6,45.5,44.2,29,24,19.0,22.9,54,66,25,0,0,0,6,6,4,0,25,25,24,42,36,39,24,24,30,44.77,44.79,44.87,43,430,4.3,0,0,0
16.64,16,1.08,1.08,1.08,11.1,12.4,11.3,16.78,-1.3,0.15,0.06,206.5,11.2,258,1,3,1714,700,2020,1,2028,16.6,183.5,1163,32.6,33.9,0.2,3.4,2067.6,0,16.83,9.6,48.3,49.5,51.2,47.5,51.4,45.8,44.0,47.8,44.7,43.5,28,24,18.8,22.9,55,65,25,0,0,0,6,6,4,0,25,25,24,42,36,38,24,24,30,44.78,44.79,44.87,43,420,4.2,0,0,0
17.03,276,2.52,2.53,2.53,11.4,10.8,14.6,17.51,5.2,0.1,0.06,206.4,9.8,261,1,3,1756,700,2071,1,2067,16.9,184.3,1167,30.8,34.2,0.0,3.3,2067.6,0,16.83,9.6,52.5,53.7,55.8,51.6,55.8,50.2,47.3,52.0,45.4,44.1,30,24,19.0,22.9,56,67,25,0,0,0,6,6,4,0,25,25,24,42,36,38,24,24,30,44.78,44.79,44.87,43,430,4.3,0,0,0
16.79,276,1.86,1.88,1.87,19.1,15.4,14.2,16.98,9.3,0.08,0.01,206.6,10.9,256,1,3,1749,700,2051,1,2078,16.9,182.4,1172,31.3,33.2,0.2,3.4,2067.6,0,16.83,9.6,53.8,55.3,57.4,53.2,57.4,51.7,48.5,53.5,45.6,44.3,29,24,19.0,22.9,55,66,25,0,0,0,6,6,4,0,25,25,24,42,37,39,24,24,30,44.77,44.79,44.88,44,430,4.4,0,0,0
16.74,322,0.71,0.72,0.72,15.7,15.7,16.7,16.98,10.4,0.04,0.08,206.5,10.9,259,1,3,1706,699,1999,-1,2005,16.8,176.8,1146,30.9,34.0,0.1,3.3,2067.6,0,16.83,9.6,49.2,50.4,52.3,48.5,52.3,46.9,44.7,48.8,44.9,43.6,28,24,19.0,22.9,55,66,25,0,0,0,6,6,4,0,25,25,24,42,36,38,24,24,30,44.77,44.78,44.87,43,420,4.3,0,0,0
16.99,338,3.38,3.39,3.37,12.0,10.8,11.1,17.22,4.9,0.15,0.06,206.6,9.7,260,1,3,1736,700,2050,1,2067,16.9,185.2,1167,29.3,32.7,0.0,3.2,2067.6,0,16.83,9.6,53.0,54.4,56.4,52.3,56.5,50.8,47.7,52.6,45.5,44.2,29,24,19.0,22.9,54,66,25,0,0,0,6,6,4,0,25,25,24,42,37,38,24,24,30,44.77,44.79,44.87,43,420,4.3,0,0,0
17.02,288,1.58,1.58,1.58,12.2,10.8,12.3,17.3,-1.3,0.15,-0.02,206.9,10.8,260,1,3,1746,701,2059,0,2077,17.1,186.5,1164,33.0,36.0,0.1,3.4,2067.6,0,16.83,9.6,51.7,53.0,55.0,51.0,55.1,49.4,46.7,51.4,45.3,44.0,28,24,19.0,22.9,57,68,25,0,0,0,6,6,4,0,25,25,24,42,36,38,24,24,30,44.77,44.79,44.87,43,430,4.3,0,0,0
16.79,64,0.86,0.86,0.86,15.9,13.2,11.5,16.99,7.6,0.12,0.12,206.2,10.5,257,1,3,1739,700,2047,0,2064,16.7,185.7,1173,28.7,31.9,0.0,3.3,2067.6,0,16.83,9.6,50.4,51.7,53.6,49.7,53.6,48.1,45.6,50.0,45.1,43.8,28,24,19.0,22.9,54,65,25,0,0,0,6,6,4,0,25,25,24,42,36,38,24,24,30,44.77,44.78,44.87,43,430,4.3,0,0,0
16.8,220,1.21,1.21,1.21,12.4,10.8,11.6,17.03,1.7,0.09,0.06,207.1,10.6,258,1,3,1734,700,2041,0,2037,16.6,183.8,1170,31.8,35.3,0.1,3.3,2067.6,0,16.83,9.6,48.7,50.1,51.9,48.1,52.0,46.5,44.4,48.3,44.8,43.6,28,24,19.0,22.9,56,66,25,0,0,0,6,6,4,0,25,25,24,42,36,38,24,24,30,44.77,44.79,44.87,43,420,4.3,0,0,0
16.7,294,1.96,1.98,1.97,13.8,11.9,11.2,16.97,7.6,0.06,0.08,206.5,11.5,259,1,3,1740,700,2050,1,2046,16.7,185.7,1172,28.8,32.0,0.0,3.2,2067.6,0,16.83,9.6,53.4,54.8,56.8,52.7,56.8,51.2,48.0,53.0,45.6,44.2,29,24,19.0,22.9,54,65,25,0,0,0,6,6,4,0,25,25,24,42,36,39,24,24,30,44.77,44.79,44.87,44,430,4.3,0,0,0
16.76,194,0.86,0.87,0.87,14.1,11.9,14.3,17.07,1.9,0.09,0.09,206.7,10.6,259,1,3,1711,701,2012,0,2008,16.6,176.9,1155,32.6,34.1,0.2,3.5,2067.6,0,16.83,9.6,48.3,49.6,51.4,47.6,51.4,45.9,44.0,47.9,44.7,43.5,29,24,18.8,22.9,55,65,25,0,0,0,6,6,4,0,25,25,24,42,36,38,24,24,30,44.78,44.79,44.87,42,430,4.2,0,0,0
17.0,288,3.4,3.41,3.4,11.0,12.3,12.2,17.3,12.5,0.13,0.05,206.6,11.9,257,1,3,1741,700,2055,-1,2084,16.9,181.4,1164,28.9,31.7,0.0,3.2,2067.6,0,16.83,9.6,53.5,54.8,56.9,52.8,56.9,51.3,48.2,53.2,45.6,44.3,29,24,19.0,22.9,53,65,25,0,0,0,6,6,4,0,25,25,24,42,37,39,24,24,30,44.78,44.79,44.87,43,430,4.3,0,0,0
16.84,146,1.04,1.04,1.04,17.9,14.1,13.6,16.98,8.6,0.08,0.08,206.6,11.0,258,1,3,1726,700,2028,0,2038,16.8,178.9,1164,29.4,32.4,0.0,3.2,2067.6,0,16.83,9.6,49.9,51.2,53.1,49.2,53.2,47.7,45.2,49.5,45.0,43.7,29,24,19.0,22.9,54,65,25,0,0,0,6,6,4,0,25,25,24,42,36,38,24,24,30,44.77,44.79,44.87,43,420,4.3,0,0,0
16.87,176,1.26,1.26,1.27,17.5,14.1,12.5,16.86,12.5,0.15,-0.03,206.7,10.9,258,1,3,1733,700,2037,-1,2048,16.7,183.0,1169,30.9,34.1,0.1,3.3,2067.6,0,16.83,9.6,49.2,50.4,52.3,48.5,52.4,46.9,44.7,48.8,44.9,43.6,28,24,19.0,22.9,55,66,25,0,0,0,6,6,4,0,25,25,24,42,36,38,24,24,30,44.77,44.79,44.87,43,420,4.3,0,0,0
16.69,244,2.29,2.3,2.29,15.6,12.5,17.6,16.98,0.5,0.06,0.11,206.4,12.6,261,1,3,1730,700,2041,1,2041,16.6,183.0,1178,31.0,34.4,0.1,3.3,2067.6,0,16.83,9.6,52.2,53.6,55.8,51.6,55.7,50.0,47.2,51.8,45.4,44.1,29,24,19.0,22.9,56,67,25,0,0,0,6,6,4,0,25,25,24,42,36,38,24,24,30,44.78,44.78,44.87,43,430,4.3,0,0,0
16.75,46,0.8,0.8,0.8,12.0,10.7,11.0,16.81,8.1,0.03,0.1,206.5,12.4,257,1,3,1684,700,1978,1,2001,16.7,174.1,1152,33.5,35.2,0.2,3.4,2067.6,0,16.83,9.6,48.5,49.7,51.6,47.8,51.7,46.2,44.2,48.1,44.7,43.6,29,24,18.9,22.9,56,66,25,0,0,0,6,6,4,0,25,25,24,42,36,38,24,24,30,44.77,44.79,44.87,43,420,4.2,0,0,0
17.03,288,1.21,1.22,1.21,13.2,16.4,14.6,17.08,0.6,0.12,0.0,206.4,12.0,261,1,3,1757,700,2072,1,2097,17.0,183.8,1171,32.0,35.4,0.1,3.3,2067.6,0,16.83,9.6,52.0,53.3,55.2,51.3,55.3,49.6,46.9,51.4,45.3,44.0,29,24,19.0,22.9,57,68,25,0,0,0,6,6,4,0,25,25,24,42,36,38,24,24,30,44.77,44.78,44.87,43,430,4.3,0,0,0
16.74,294,1.91,1.92,1.91,15.4,18.3,15.7,16.78,4.1,0.09,0.04,206.6,11.4,261,1,3,1725,700,2035,2,2049,16.6,182.1,1173,29.1,32.4,0.0,3.2,2067.6,0,16.83,9.6,53.2,54.5,56.4,52.5,56.6,51.0,47.9,52.8,45.5,44.2,29,24,19.0,22.9,54,66,25,0,0,0,6,6,4,0,25,25,24,42,37,39,24,24,30,44.78,44.79,44.87,43,430,4.3,0,0,0
16.7,108,0.75,0.76,0.75,11.8,10.7,12.0,16.95,5.9,0.12,0.06,206.8,10.2,257,1,3,1697,700,1991,2,1998,16.6,175.8,1153,32.6,35.6,0.2,3.4,2067.6,0,16.83,9.6,48.6,49.9,51.8,48.0,51.9,46.2,44.3,48.1,44.8,43.6,28,24,18.9,22.9,56,66,25,0,0,0,6,6,4,0,25,25,24,42,36,38,24,24,29,44.77,44.78,44.87,43,430,4.3,0,0,0
16.62,10,2.34,2.35,2.34,11.7,10.6,15.6,16.97,1.6,0.03,0.02,206.6,9.0,260,1,3,1733,701,2038,2,2050,16.7,186.0,1178,29.3,32.6,0.0,3.2,2067.6,0,16.83,9.6,53.1,54.4,56.4,52.3,56.5,50.9,47.8,52.7,45.5,44.2,29,24,19.0,22.9,54,66,25,0,0,0,6,6,4,0,25,25,24,42,37,38,24,24,30,44.77,44.79,44.87,43,430,4.3,0,0,0
16.82,26,1.03,1.04,1.03,11.7,10.6,11.5,17.14,5.1,0.09,0.03,207.1,9.6,260,1,3,1737,700,2040,0,2022,16.7,180.6,1170,31.1,34.1,0.1,3.3,2067.6,0,16.83,9.6,49.0,50.4,52.3,48.5,52.3,46.8,44.6,48.6,44.8,43.6,28,24,19.0,22.9,55,66,25,0,0,0,6,6,4,0,25,25,24,42,36,38,24,24,30,44.78,44.78,44.87,43,430,4.3,0,0,0
16.56,144,0.37,0.37,0.37,12.0,15.6,12.2,16.55,9.3,0.12,0.11,206.6,10.6,258,1,3,1625,701,1902,1,1925,16.6,171.3,1109,31.1,32.6,0.1,3.4,2067.6,0,16.83,9.6,48.0,49.2,51.1,47.3,51.1,45.6,43.8,47.6,44.6,43.4,28,24,18.8,22.9,52,62,25,0,0,0,6,6,4,0,25,25,24,42,36,38,24,24,30,44.77,44.79,44.87,43,420,4.3,0,0,0
16.32,340,0.24,0.25,0.24,15.0,14.3,11.8,16.48,-1.1,0.14,0.1,206.4,9.4,260,1,3,1667,700,1963,-1,1972,16.3,180.0,1145,33.9,35.7,0.2,3.4,2067.6,0,16.83,9.6,51.5,52.9,54.9,50.9,54.9,49.3,46.6,51.1,45.2,44.0,28,24,19.0,22.9,58,68,25,0,0,0,6,6,4,0,25,25,24,42,36,38,24,24,30,44.77,44.78,44.87,43,430,4.3,0,0,0
16.49,152,0.33,0.33,0.33,14.5,15.2,17.1,16.74,0.1,0.09,0.06,206.4,10.5,259,1,3,1690,700,1989,0,1994,16.4,180.2,1162,33.7,35.7,0.2,3.4,2067.6,0,16.83,9.6,51.5,52.9,54.9,50.9,54.9,49.3,46.6,51.1,45.2,44.0,29,24,19.0,22.9,58,68,25,0,0,0,6,6,4,0,25,25,24,42,36,38,24,24,30,44.77,44.78,44.87,43,430,4.3,0,0,0
17.06,134,1.82,1.83,1.83,11.2,12.1,10.7,17.5,5.4,0.14,0.05,206.4,10.2,259,1,3,1755,699,2069,2,2079,17.1,183.3,1162,30.6,33.8,0.1,3.3,2067.6,0,16.83,9.6,49.4,50.6,52.5,48.7,52.6,47.0,44.8,48.8,44.9,43.7,29,24,19.0,22.9,55,66,25,0,0,0,6,6,4,0,25,25,24,42,36,38,24,24,30,44.78,44.79,44.87,42,420,4.3,0,0,0
16.87,312,2.25,2.26,2.25,12.7,15.4,13.8,16.87,1.4,0.06,0.04,206.3,11.8,261,1,3,1745,700,2053,-1,2075,16.9,185.7,1171,30.3,33.6,0.0,3.2,2067.6,0,16.83,9.6,52.6,53.9,56.0,51.9,56.0,50.4,47.4,52.1,45.4,44.1,29,24,19.0,22.9,55,66,25,0,0,0,6,6,4,0,25,25,24,42,36,38,24,24,30,44.77,44.79,44.87,44,430,4.3,0,0,0
16.61,204,1.31,1.31,1.31,14.6,15.4,14.2,16.83,12.3,0.09,0.06,206.5,10.9,259,1,3,1741,699,2038,0,2055,16.7,185.0,1170,31.0,34.0,0.1,3.3,2067.6,0,16.83,9.6,49.1,50.4,52.3,48.5,52.3,46.8,44.7,48.7,44.9,43.6,29,24,19.0,22.9,55,66,25,0,0,0,6,6,4,0,25,25,24,42,36,38,24,24,30,44.78,44.78,44.87,43,420,4.2,0,0,0
16.97,134,0.86,0.86,0.86,14.8,15.0,11.4,17.07,9.2,0.18,0.05,206.1,10.3,258,1,3,1760,700,2066,0,2068,17.1,182.1,1168,29.1,32.0,0.0,3.3,2067.6,0,16.83,9.6,50.5,51.8,53.7,49.8,53.7,48.1,45.7,50.0,45.1,43.8,29,24,19.0,22.9,53,65,25,0,0,0,6,6,4,0,25,25,24,42,36,38,24,24,30,44.77,44.79,44.87,43,420,4.2,0,0,0
16.53,246,2.1,2.1,2.1,15.4,18.0,15.2,16.68,10.2,0.2,0.1,206.6,11.0,257,1,3,1728,700,2026,1,2046,16.4,180.5,1176,30.0,31.9,0.1,3.3,2067.6,0,16.83,9.6,50.6,51.9,53.8,49.9,53.9,48.2,45.7,50.0,45.1,43.8,29,24,19.0,22.9,54,65,25,0,0,0,6,6,4,0,25,25,24,42,36,38,24,24,30,44.77,44.79,44.87,43,430,4.3,0,0,0
16.68,106,2.44,2.45,2.45,12.7,15.0,14.9,17.03,6.4,0.12,0.1,206.5,9.4,259,1,3,1722,701,2027,0,2028,16.7,184.3,1169,28.8,32.1,0.0,3.2,2067.6,0,16.83,9.6,53.3,54.7,56.8,52.6,56.7,51.1,47.9,52.9,45.6,44.2,28,24,19.0,22.9,54,65,25,0,0,0,6,6,4,0,25,25,24,42,36,39,24,24,30,44.77,44.79,44.87,43,430,4.3,0,0,0
17.02,142,3.24,3.25,3.24,18.0,16.1,16.6,17.3,-5.2,0.04,0.11,206.6,11.9,262,1,3,1752,701,2059,1,2097,17.2,185.7,1159,32.0,35.2,0.1,3.3,2067.6,0,16.83,9.6,51.9,53.3,55.3,51.3,55.3,49.6,46.9,51.4,45.3,44.0,29,24,19.0,22.9,57,68,25,0,0,0,6,6,4,0,25,25,24,42,36,39,24,24,30,44.77,44.79,44.87,43,430,4.3,0,0,0
16.58,212,0.25,0.25,0.25,14.1,16.5,13.9,16.69,8.0,0.09,0.1,206.7,10.5,257,1,3,1651,700,1937,0,1958,16.7,175.1,1126,31.6,33.2,0.2,3.4,2067.6,0,16.83,9.6,48.0,49.3,51.2,47.4,51.2,45.7,43.9,47.7,44.7,43.5,28,24,18.8,22.9,54,64,25,0,0,0,6,6,4,0,25,25,24,42,36,38,24,24,29,44.77,44.79,44.87,43,420,4.3,0,0,0
17.03,356,3.26,3.26,3.25,14.0,11.1,10.7,17.08,7.9,0.04,0.09,206.6,9.5,260,1,3,1750,700,2059,0,2048,17.0,181.7,1163,31.2,34.7,0.1,3.3,2067.6,0,16.83,9.6,52.2,53.5,55.5,51.5,55.6,50.0,47.2,51.8,45.4,44.1,29,24,19.0,22.9,56,67,25,0,0,0,6,6,4,0,25,25,24,42,36,38,24,24,30,44.77,44.79,44.87,43,430,4.3,0,0,0
16.85,226,2.45,2.45,2.45,15.2,14.6,17.9,17.19,9.6,0.28,0.08,206.3,11.2,259,1,3,1739,700,2041,1,2065,16.8,183.5,1170,29.5,32.9,0.0,3.2,2067.6,0,16.83,9.6,52.9,54.2,56.3,52.2,56.3,50.7,47.6,52.5,45.5,44.2,28,24,19.0,22.9,54,66,25,0,0,0,6,6,4,0,25,25,24,42,36,39,24,24,30,44.77,44.79,44.87,43,430,4.3,0,0,0
16.79,276,2.52,2.53,2.52,11.2,10.8,11.1,16.87,3.2,0.07,0.04,206.6,12.0,258,1,3,1735,699,2043,1,2056,17.0,181.0,1169,30.2,32.1,0.1,3.3,2067.6,0,16.83,9.6,53.7,55.1,57.1,52.9,57.1,51.5,48.3,53.4,45.6,44.3,29,24,19.0,22.9,54,66,25,0,0,0,6,6,4,0,25,25,24,42,37,39,24,24,30,44.77,44.79,44.87,43,430,4.4,0,0,0
16.76,212,1.7,1.72,1.71,14.8,14.7,15.6,16.87,9.2,0.17,0.05,206.3,9.7,257,1,3,1744,700,2049,2,2066,16.8,184.9,1171,30.7,32.3,0.1,3.4,2067.6,0,16.83,9.6,53.8,55.1,57.2,53.0,57.2,51.6,48.4,53.5,45.6,44.3,29,24,19.0,22.9,55,66,25,0,0,0,6,6,4,0,25,25,24,42,37,39,24,24,30,44.77,44.79,44.88,43,430,4.3,0,0,0
16.74,254,0.97,0.97,0.98,14.2,16.7,13.3,16.87,12.1,0.06,0.11,206.5,10.1,257,1,3,1731,700,2033,0,2055,16.8,178.9,1164,29.7,32.5,0.0,3.3,2067.6,0,16.83,9.6,49.9,51.2,53.1,49.2,53.2,47.7,45.2,49.5,45.0,43.7,29,24,19.0,22.9,54,65,25,0,0,0,6,6,4,0,25,25,24,42,36,38,24,24,30,44.77,44.79,44.87,43,430,4.3,0,0,0
17.01,282,2.0,2.01,2.01,13.0,15.8,13.0,16.98,17.1,0.1,0.1,206.5,11.9,256,1,3,1740,700,2045,1,2069,17.0,180.4,1164,30.9,32.5,0.1,3.4,2067.6,0,16.83,9.6,53.8,55.2,57.2,53.0,57.2,51.6,48.4,53.5,45.6,44.3,28,24,19.0,22.9,55,66,25,0,0,0,6,6,4,0,25,25,24,42,37,39,24,24,30,44.77,44.79,44.88,43,430,4.3,0,0,0
16.45,128,1.42,1.43,1.42,13.9,14.1,14.8,16.72,0.2,0.08,0.06,206.5,9.5,258,1,3,1718,700,2027,0,2020,16.3,185.4,1187,34.0,35.4,0.2,3.5,2067.6,0,16.83,9.6,51.5,52.8,54.8,50.8,54.8,49.3,46.5,51.1,45.2,44.0,30,24,19.0,22.9,58,68,25,0,0,0,6,6,4,0,25,25,24,42,36,38,24,24,30,44.77,44.79,44.87,43,430,4.3,0,0,0
17.0,302,1.37,1.37,1.37,12.0,10.8,11.7,17.03,5.8,0.1,0.12,206.7,8.6,259,1,3,1734,700,2041,0,2045,16.8,183.2,1166,29.8,33.1,0.0,3.3,2067.6,0,16.83,9.6,49.6,50.9,52.8,49.0,52.9,47.4,45.0,49.2,44.9,43.7,28,24,19.0,22.9,55,66,25,0,0,0,6,6,4,0,25,25,24,42,36,38,24,24,30,44.77,44.78,44.87,42,420,4.2,0,0,0
16.86,24,2.33,2.34,2.34,15.2,13.2,15.0,17.19,5.0,0.12,0.04,206.6,11.4,258,1,3,1731,699,2043,-1,2072,16.8,180.7,1170,30.5,32.0,0.1,3.3,2067.6,0,16.83,9.6,53.7,55.1,57.2,52.9,57.1,51.5,48.4,53.4,45.6,44.3,30,24,19.0,22.9,55,66,25,0,0,0,6,6,4,0,25,25,24,42,37,39,24,24,30,44.77,44.79,44.87,43,430,4.4,0,0,0
16.42,174,0.64,0.64,0.64,12.5,12.2,11.1,16.73,11.7,0.15,0.13,206.7,10.3,257,1,3,1665,700,1962,1,1975,16.5,174.7,1137,31.7,33.3,0.2,3.4,2067.6,0,16.83,9.6,48.1,49.3,51.2,47.4,51.2,45.7,43.9,47.8,44.7,43.5,28,24,18.8,22.9,54,64,25,0,0,0,6,6,4,0,25,25,24,42,36,38,24,24,29,44.78,44.79,44.87,43,420,4.2,0,0,0
16.64,252,0.37,0.37,0.37,12.5,12.5,15.3,16.92,10.0,0.08,0.02,206.5,10.4,258,1,3,1655,701,1933,1,1938,16.5,173.1,1130,31.1,32.7,0.1,3.4,2067.6,0,16.83,9.6,48.0,49.2,51.1,47.3,51.2,45.6,43.8,47.6,44.6,43.5,29,24,18.8,22.9,53,62,25,0,0,0,6,6,4,0,25,25,24,42,36,38,24,24,30,44.77,44.79,44.87,43,420,4.2,0,0,0
16.88,94,0.86,0.86,0.86,11.3,10.9,13.2,17.19,15.2,0.1,0.01,206.5,7.6,256,1,3,1713,700,2009,0,2006,16.7,176.9,1153,30.8,32.4,0.1,3.4,2067.6,0,16.83,9.6,50.8,52.0,54.2,50.0,54.0,48.4,45.9,50.5,45.1,43.8,27,24,19.0,22.9,55,66,25,0,0,0,6,6,4,0,25,25,24,42,36,38,24,24,30,44.77,44.79,44.87,43,430,4.3,0,0,0
16.65,150,1.8,1.81,1.81,14.7,12.9,12.4,16.97,7.4,0.07,0.09,206.4,11.8,260,1,3,1735,700,2042,1,2065,16.8,180.8,1174,28.9,32.3,0.0,3.2,2067.6,0,16.83,9.6,53.2,54.5,56.4,52.5,56.6,51.0,47.9,52.7,45.5,44.2,29,24,19.0,22.9,54,66,25,0,0,0,6,6,4,0,25,25,24,42,36,39,24,24,30,44.77,44.79,44.87,44,430,4.4,0,0,0
16.56,92,0.58,0.58,0.58,14.5,18.2,14.7,16.74,6.1,0.15,0.08,206.7,10.8,258,1,3,1676,700,1969,1,1970,16.5,174.9,1138,33.0,34.6,0.3,3.5,2067.6,0,16.83,9.6,48.3,49.6,51.4,47.7,51.6,46.0,44.1,47.9,44.7,43.5,31,24,18.8,22.9,56,66,25,0,0,0,6,6,4,0,25,25,24,42,36,38,24,24,30,44.77,44.79,44.87,43,420,4.3,0,0,0
16.77,152,1.01,1.01,1.02,16.1,17.3,14.4,16.85,11.2,0.1,0.12,206.4,10.7,257,1,3,1734,700,2036,2,2051,16.7,180.7,1165,29.7,32.8,0.0,3.3,2067.6,0,16.83,9.6,49.8,51.1,53.0,49.1,53.1,47.5,45.1,49.2,45.0,43.7,28,24,19.0,22.9,54,65,25,0,0,0,6,6,4,0,25,25,24,42,36,38,24,24,30,44.77,44.79,44.87,43,420,4.3,0,0,0
16.99,68,2.73,2.74,2.73,16.2,13.5,13.2,17.08,7.2,0.06,0.06,206.5,11.4,258,1,3,1750,700,2052,0,2049,16.9,185.4,1165,29.2,31.9,0.0,3.3,2067.6,0,16.83,9.6,53.5,54.9,57.0,52.9,57.0,51.3,48.2,53.1,45.6,44.3,29,24,19.0,22.9,54,65,25,0,0,0,6,6,4,0,25,25,24,42,37,39,24,24,30,44.78,44.79,44.87,44,430,4.4,0,0,0
16.89,74,1.21,1.22,1.22,15.3,17.2,15.0,17.04,8.5,0.09,0.04,206.5,11.2,258,1,3,1752,700,2061,1,2061,16.9,184.0,1169,33.2,36.2,0.2,3.4,2067.6,0,16.83,9.6,51.6,53.0,55.1,51.0,55.0,49.4,46.7,51.4,45.2,44.0,28,24,19.0,22.9,57,68,25,0,0,0,6,6,4,0,25,25,24,42,36,38,24,24,30,44.77,44.79,44.87,43,430,4.3,0,0,0
16.38,238,0.25,0.25,0.25,12.7,12.3,15.9,16.75,6.0,0.1,0.01,206.6,10.6,264,1,3,1601,700,1871,-1,1869,16.3,167.7,1101,29.2,32.2,0.0,3.2,2067.6,0,16.83,9.6,47.4,48.8,50.7,46.9,50.7,45.1,43.2,46.9,44.5,43.3,28,24,18.8,22.9,51,62,25,0,0,0,6,6,4,0,25,25,24,42,36,38,24,24,29,44.77,44.78,44.87,42,420,4.2,0,0,0
16.79,88,1.08,1.08,1.08,13.0,11.4,11.1,16.97,11.3,0.1,0.13,206.6,10.5,256,1,3,1719,701,2023,1,2030,16.6,183.2,1162,32.1,34.0,0.2,3.5,2067.6,0,16.83,9.6,51.1,52.4,54.3,50.3,54.4,48.9,46.2,50.7,45.1,43.9,29,24,19.0,22.9,56,66,25,0,0,0,6,6,4,0,25,25,24,42,36,38,24,24,30,44.77,44.79,44.87,43,430,4.3,0,0,0
