轮毂转速,轮毂角度,叶片1角度,叶片2角度,叶片3角度,变桨电机1电流,变桨电机2电流,变桨电机3电流,超速传感器转速检测值,5秒偏航对风平均值,x方向振动值,y方向振动值,液压制动压力,机舱气象站风速,风向绝对值,大气压力,无功功率控制状态,变频器电网侧电流,变频器电网侧电压,变频器电网侧有功功率,变频器电网侧无功功率,变频器发电机侧功率,发电机运行频率,发电机电流,发电机转矩,变频器入口温度,变频器出口温度,变频器入口压力,变频器出口压力,发电机功率限幅值,无功功率设定值,额定的轮毂转速,测风塔环境温度,发电机定子温度1,发电机定子温度2,发电机定子温度3,发电机定子温度4,发电机定子温度5,发电机定子温度6,发电机空气温度1,发电机空气温度2,主轴承温度1,主轴承温度2,轮毂温度,轮毂控制柜温度,机舱温度,机舱控制柜温度,变频器INU温度,变频器ISU温度,变频器INU RMIO温度,变桨电机1功率估算,变桨电机2功率估算,变桨电机3功率估算,风机当前状态值,轮毂当前状态值,偏航状态值,偏航要求值,叶片1电池箱温度,叶片2电池箱温度,叶片3电池箱温度,叶片1变桨电机温度,叶片2变桨电机温度,叶片3变桨电机温度,叶片1变频器箱温度,叶片2变频器箱温度,叶片3变频器箱温度,叶片1超级电容电压,叶片2超级电容电压,叶片3超级电容电压,驱动1晶闸管温度,驱动2晶闸管温度,驱动3晶闸管温度,驱动1输出扭矩,驱动2输出扭矩,驱动3输出扭矩
10.97,297.0,0.25,0.23,0.24,9.34,8.16,9.62,10.97,-4.0,0.03,0.02,173.8,6.5,248.0,1.0,1.0,346.0,688.0,418.0,0.0,413.0,10.96,539.0,371.0,31.6,31.1,0.1,2.3,1510.2,0.0,15.99,17.0,41.7,40.2,42.1,39.4,41.6,41.8,42.5,42.6,57.8,59.2,26.7,27.7,32.8,34.7,34.0,31.0,25.0,0.0,0.0,-0.2,6.0,6.0,4.0,0.0,26.0,25.0,25.0,58.0,62.0,69.0,27.0,27.0,300.0,0.0,0.0,0.0,0.0,0.0,0.0,0.0,0.0,0.0
11.35,100.01,0.25,0.23,0.24,7.36,7.16,7.72,11.38,2.1,-0.01,-0.02,173.7,5.2,250.0,1.0,1.0,380.0,687.0,467.0,-2.0,462.0,11.34,580.6,398.0,31.7,31.7,0.1,2.3,1482.4,0.0,15.95,17.0,41.7,40.1,42.1,39.4,41.5,41.8,42.5,42.5,57.8,59.2,26.7,27.7,32.8,34.7,35.0,31.0,25.0,0.0,-0.2,0.0,6.0,6.0,4.0,0.0,26.0,25.0,25.0,58.0,62.0,68.0,27.0,27.0,300.0,0.0,0.0,0.0,0.0,0.0,0.0,0.0,0.0,0.0
11.09,40.0,0.25,0.23,0.24,7.18,7.44,7.58,11.09,-5.6,-0.07,-0.02,173.8,6.6,250.0,1.0,1.0,357.0,688.0,446.0,-4.0,431.0,11.06,556.2,379.0,31.4,31.1,0.1,2.3,1510.2,0.0,15.99,17.0,41.7,40.1,42.1,39.4,41.6,41.8,42.5,42.6,57.8,59.2,26.7,27.7,32.8,34.7,34.0,31.0,25.0,0.0,0.0,0.0,6.0,6.0,4.0,0.0,26.0,25.0,25.0,58.0,62.0,69.0,27.0,27.0,300.0,0.0,0.0,0.0,0.0,0.0,0.0,0.0,0.0,0.0
11.52,225.0,0.25,0.23,0.24,8.6,7.4,9.24,11.56,0.2,0.0,-0.02,173.8,5.4,252.0,1.0,1.0,414.0,687.0,497.0,0.0,485.0,11.52,604.3,413.0,31.9,31.6,0.2,2.2,1926.0,0.0,16.62,17.0,41.6,40.0,42.0,39.3,41.5,41.7,42.4,42.4,57.8,59.2,26.7,27.7,32.7,34.7,35.0,32.0,25.0,0.0,0.0,0.0,6.0,6.0,4.0,0.0,26.0,25.0,25.0,58.0,62.0,68.0,27.0,27.0,300.0,0.0,0.0,0.0,0.0,0.0,0.0,0.0,0.0,0.0
13.19,230.0,0.25,0.23,0.24,10.14,7.96,11.62,13.23,17.9,0.04,0.02,173.6,6.1,239.0,1.0,1.0,635.0,689.0,774.0,-2.0,742.0,13.22,798.1,545.0,32.4,32.6,0.1,2.3,2067.6,0.0,16.83,17.0,41.3,39.7,41.7,39.1,41.2,41.4,42.1,42.1,57.7,59.2,26.7,27.8,32.7,34.7,39.0,35.0,25.0,0.0,0.0,0.0,6.0,6.0,4.0,0.0,26.0,25.0,25.0,58.0,62.0,69.0,27.0,27.0,300.0,0.0,0.0,0.0,0.0,0.0,0.0,0.0,0.0,0.0
9.85,245.02,0.24,0.23,0.24,6.16,5.58,6.66,9.85,-4.5,-0.05,0.03,173.5,5.3,253.0,1.0,1.0,250.0,688.0,302.0,0.0,295.0,9.86,435.5,300.0,32.4,32.0,0.2,2.3,1259.9,0.0,15.59,17.0,41.4,39.8,41.8,39.1,41.2,41.5,42.3,42.3,57.8,59.2,26.8,27.7,32.7,34.8,33.0,31.0,25.0,0.0,0.0,0.0,6.0,6.0,4.0,0.0,26.0,25.0,25.0,58.0,62.0,68.0,27.0,27.0,300.0,0.0,0.0,0.0,0.0,0.0,0.0,0.0,0.0,0.0
12.3,328.0,0.25,0.24,0.24,9.84,10.14,10.52,12.32,20.1,0.03,0.05,0.0,6.0,236.0,1.0,1.0,519.0,689.0,633.0,-2.0,610.0,12.3,694.0,473.0,32.3,31.8,0.2,2.3,2067.6,0.0,16.83,16.9,41.4,39.8,41.8,39.2,41.2,41.5,42.1,42.1,57.7,59.1,26.7,27.7,32.7,34.7,38.0,35.0,25.0,-0.2,-0.2,-0.2,6.0,6.0,4.0,1.0,26.0,25.0,25.0,58.0,62.0,68.0,27.0,27.0,300.0,0.0,0.0,0.0,0.0,0.0,0.0,0.0,0.0,0.0
11.81,331.99,0.25,0.24,0.24,9.06,9.36,10.08,11.76,-19.7,0.08,-0.05,0.0,7.9,272.0,1.0,1.0,349.0,689.0,427.0,3.0,461.0,11.74,584.7,410.0,32.6,32.3,0.1,2.2,2067.6,0.0,16.83,16.5,41.4,39.7,41.8,39.2,41.2,41.5,42.2,42.2,57.7,59.2,26.7,27.7,32.7,34.8,35.0,32.0,25.0,0.0,0.0,-0.2,6.0,6.0,4.0,2.0,26.0,25.0,25.0,58.0,62.0,68.0,27.0,27.0,300.0,0.0,0.0,0.0,0.0,0.0,0.0,0.0,0.0,0.0
11.72,225.0,0.25,0.23,0.24,8.28,6.54,8.92,11.78,-3.5,0.02,0.0,173.8,5.7,251.0,1.0,1.0,425.0,688.0,522.0,0.0,519.0,11.74,625.2,427.0,31.9,31.5,0.1,2.2,1782.4,0.0,16.4,17.0,41.7,40.1,42.0,39.3,41.5,41.7,42.5,42.5,57.8,59.2,26.7,27.7,32.8,34.7,35.0,32.0,25.0,0.2,0.0,0.0,6.0,6.0,4.0,0.0,26.0,25.0,25.0,58.0,62.0,68.0,27.0,27.0,300.0,0.0,0.0,0.0,0.0,0.0,0.0,0.0,0.0,0.0
10.76,70.99,0.24,0.23,0.24,7.7,7.66,7.96,10.76,1.2,0.02,0.04,173.8,6.7,245.0,1.0,1.0,332.0,688.0,399.0,0.0,395.0,10.74,527.0,358.0,31.4,31.1,0.2,2.3,1969.4,0.0,16.68,17.0,41.8,40.2,42.1,39.4,41.6,41.8,42.6,42.6,57.8,59.2,26.7,27.7,32.8,34.7,35.0,31.0,25.0,0.0,0.0,0.0,6.0,6.0,4.0,0.0,26.0,25.0,25.0,58.0,62.0,69.0,27.0,27.0,300.0,0.0,0.0,0.0,0.0,0.0,0.0,0.0,0.0,0.0
11.73,294.98,0.25,0.24,0.24,8.62,8.76,9.78,11.74,-3.5,0.01,0.04,173.8,5.9,251.0,1.0,1.0,427.0,688.0,525.0,2.0,517.0,11.72,625.9,426.0,31.9,31.1,0.1,2.3,1782.4,0.0,16.4,17.0,41.7,40.1,42.0,39.3,41.5,41.7,42.5,42.5,57.8,59.2,26.7,27.7,32.8,34.7,35.0,32.0,25.0,0.0,0.4,0.0,6.0,6.0,4.0,0.0,26.0,25.0,25.0,58.0,62.0,68.0,27.0,27.0,300.0,0.0,0.0,0.0,0.0,0.0,0.0,0.0,0.0,0.0
11.85,187.99,0.25,0.23,0.24,8.16,6.94,8.94,11.88,8.4,0.0,0.1,0.0,5.3,236.0,1.0,1.0,476.0,688.0,572.0,-2.0,548.0,11.88,650.4,441.0,32.2,31.6,0.1,2.3,2067.6,0.0,16.83,16.9,41.4,39.7,41.8,39.2,41.2,41.5,42.1,42.1,57.7,59.1,26.7,27.7,32.8,34.8,38.0,34.0,25.0,0.2,0.0,0.2,6.0,6.0,4.0,1.0,26.0,25.0,25.0,58.0,62.0,68.0,27.0,27.0,300.0,0.0,0.0,0.0,0.0,0.0,0.0,0.0,0.0,0.0
12.31,295.99,0.25,0.24,0.24,10.02,9.64,11.16,12.32,-1.3,0.03,-0.05,177.1,6.4,235.0,1.0,1.0,521.0,689.0,630.0,-2.0,615.0,12.32,694.6,474.0,32.5,32.1,0.2,2.3,2067.6,0.0,16.83,16.9,41.4,39.7,41.8,39.2,41.2,41.5,42.1,42.2,57.7,59.2,26.7,27.7,32.8,34.9,37.0,34.0,25.0,-0.2,0.0,0.0,6.0,6.0,4.0,0.0,26.0,25.0,25.0,58.0,62.0,68.0,27.0,27.0,300.0,0.0,0.0,0.0,0.0,0.0,0.0,0.0,0.0,0.0
9.9,122.0,0.24,0.23,0.24,5.62,5.56,6.92,9.94,-3.5,0.05,0.02,173.8,5.6,253.0,1.0,1.0,261.0,688.0,318.0,0.0,305.0,9.9,441.4,303.0,32.2,31.3,0.2,2.3,1259.9,0.0,15.59,17.0,41.4,39.7,41.8,39.1,41.2,41.4,42.3,42.3,57.8,59.2,26.8,27.7,32.7,34.8,33.0,31.0,25.0,0.0,0.0,0.2,6.0,6.0,4.0,0.0,26.0,25.0,25.0,58.0,62.0,68.0,27.0,27.0,300.0,0.0,0.0,0.0,0.0,0.0,0.0,0.0,0.0,0.0
10.01,265.0,0.24,0.23,0.24,7.24,6.74,8.0,9.98,-38.2,-0.02,0.0,0.0,6.4,263.0,1.0,1.0,277.0,688.0,339.0,0.0,313.0,10.0,453.4,310.0,32.6,31.9,0.2,2.3,2067.6,0.0,16.83,16.6,41.4,39.7,41.8,39.2,41.2,41.5,42.2,42.2,57.7,59.2,26.7,27.7,32.7,34.8,35.0,32.0,25.0,0.0,0.3,0.0,6.0,6.0,4.0,2.0,26.0,26.0,25.0,58.0,62.0,68.0,27.0,27.0,300.0,0.0,0.0,0.0,0.0,0.0,0.0,0.0,0.0,0.0
11.55,262.01,0.25,0.23,0.24,9.18,7.5,10.04,11.52,-19.3,0.0,0.01,0.0,7.4,271.0,1.0,1.0,340.0,689.0,410.0,2.0,442.0,11.48,568.5,397.0,32.8,32.6,0.1,2.2,2067.6,0.0,16.83,16.5,41.4,39.7,41.8,39.2,41.2,41.5,42.2,42.2,57.7,59.1,26.7,27.7,32.7,34.8,35.0,32.0,25.0,-0.2,0.0,0.0,6.0,6.0,4.0,2.0,26.0,25.0,25.0,58.0,62.0,68.0,27.0,27.0,300.0,0.0,0.0,0.0,0.0,0.0,0.0,0.0,0.0,0.0
9.91,166.0,0.24,0.23,0.24,5.66,5.3,7.38,9.9,-4.2,0.02,0.03,173.6,5.3,258.0,1.0,1.0,263.0,688.0,320.0,-2.0,307.0,9.88,442.2,304.0,32.3,31.9,0.1,2.3,1413.3,0.0,15.84,17.0,41.3,39.7,41.7,39.0,41.1,41.3,42.2,42.2,57.8,59.2,26.8,27.7,32.6,34.7,34.0,31.0,25.0,0.0,0.1,0.2,6.0,6.0,4.0,0.0,26.0,25.0,25.0,58.0,62.0,68.0,27.0,27.0,300.0,0.0,0.0,0.0,0.0,0.0,0.0,0.0,0.0,0.0
9.9,4.0,0.24,0.23,0.24,7.62,7.28,7.84,9.91,-3.0,0.04,-0.01,173.7,5.4,253.0,1.0,1.0,254.0,688.0,311.0,0.0,300.0,9.88,447.1,302.0,32.3,31.6,0.2,2.2,1259.9,0.0,15.59,17.0,41.4,39.8,41.8,39.1,41.2,41.5,42.3,42.3,57.8,59.2,26.8,27.7,32.7,34.8,33.0,31.0,25.0,0.0,0.0,0.0,6.0,6.0,4.0,0.0,26.0,25.0,25.0,58.0,62.0,68.0,27.0,27.0,300.0,0.0,0.0,0.0,0.0,0.0,0.0,0.0,0.0,0.0
14.09,334.01,0.25,0.24,0.24,10.18,11.98,12.28,14.1,14.0,-0.02,0.04,173.4,7.3,242.0,1.0,1.0,750.0,689.0,916.0,-2.0,892.0,14.08,900.4,616.0,32.0,32.2,0.1,2.2,2067.6,0.0,16.83,17.0,41.1,39.5,41.6,39.0,41.0,41.3,42.1,42.1,57.7,59.2,26.7,27.7,32.6,34.7,40.0,35.0,25.0,0.0,1.3,-0.3,6.0,6.0,4.0,0.0,26.0,25.0,25.0,58.0,62.0,68.0,27.0,27.0,300.0,0.0,0.0,0.0,0.0,0.0,0.0,0.0,0.0,0.0
10.78,265.0,0.25,0.23,0.24,7.6,7.1,8.26,10.81,-0.3,0.0,0.04,173.8,6.2,246.0,1.0,1.0,328.0,688.0,406.0,0.0,401.0,10.78,530.7,360.0,31.7,31.7,0.1,2.2,1510.2,0.0,15.99,17.0,41.8,40.2,42.1,39.4,41.6,41.8,42.5,42.6,57.8,59.2,26.7,27.7,32.8,34.7,35.0,31.0,25.0,0.0,0.3,0.0,6.0,6.0,4.0,0.0,26.0,25.0,25.0,58.0,62.0,69.0,27.0,27.0,300.0,0.0,0.0,0.0,0.0,0.0,0.0,0.0,0.0,0.0
0.0,0.0,0.0,0.0,0.0,0.0,0.0,0.0,0.0,0.0,0.0,0.0,0.0,0.0,0.0,0.0,0.0,0.0,0.0,286.0,-2.0,0.0,0.0,0.0,0.0,0.0,0.0,0.0,0.0,0.0,0.0,0.0,0.0,0.0,0.0,0.0,0.0,0.0,0.0,0.0,0.0,0.0,0.0,0.0,0.0,0.0,0.0,0.0,0.0,0.0,0.0,0.0,0.0,0.0,0.0,0.0,0.0,0.0,0.0,0.0,0.0,0.0,0.0,0.0,0.0,0.0,0.0,0.0,0.0,0.0,0.0,0.0,0.0,0.0,0.0
14.53,149.0,0.25,0.24,0.24,10.58,9.74,10.38,14.55,16.7,0.08,-0.06,173.6,7.6,245.0,1.0,1.0,732.0,690.0,889.0,6.0,922.0,14.52,926.8,646.0,32.3,32.0,0.1,2.3,1930.2,0.0,16.62,17.0,41.0,39.5,41.5,38.9,41.0,41.2,42.1,42.1,57.7,59.2,26.7,27.7,32.6,34.7,38.0,32.0,25.0,0.0,-1.1,0.2,6.0,6.0,4.0,0.0,26.0,25.0,25.0,58.0,62.0,68.0,27.0,27.0,300.0,0.0,0.0,0.0,0.0,0.0,0.0,0.0,0.0,0.0
10.48,351.0,0.25,0.23,0.24,8.52,8.08,8.46,10.52,0.4,0.02,0.04,173.7,5.5,254.0,1.0,1.0,319.0,688.0,393.0,0.0,368.0,10.48,500.9,343.0,32.2,32.0,0.2,2.3,1881.6,0.0,16.55,17.0,41.5,40.0,42.0,39.3,41.4,41.6,42.4,42.4,57.8,59.2,26.7,27.7,32.8,34.8,35.0,31.0,25.0,-0.2,0.0,-0.2,6.0,6.0,4.0,0.0,26.0,25.0,25.0,58.0,62.0,68.0,27.0,27.0,300.0,0.0,0.0,0.0,0.0,0.0,0.0,0.0,0.0,0.0
11.72,5.0,0.25,0.24,0.24,7.8,8.84,7.98,11.74,-5.3,0.02,-0.01,173.7,5.7,252.0,1.0,1.0,430.0,688.0,525.0,0.0,516.0,11.7,625.0,426.0,31.7,31.1,0.2,2.2,1782.4,0.0,16.4,17.0,41.7,40.1,42.0,39.3,41.5,41.7,42.5,42.5,57.8,59.2,26.7,27.7,32.8,34.7,35.0,32.0,25.0,-0.2,0.0,-0.4,6.0,6.0,4.0,0.0,26.0,25.0,25.0,58.0,62.0,68.0,27.0,27.0,300.0,0.0,0.0,0.0,0.0,0.0,0.0,0.0,0.0,0.0
9.96,351.0,0.24,0.23,0.24,8.42,7.52,7.78,10.0,-10.4,-0.01,0.03,173.7,5.9,256.0,1.0,1.0,270.0,688.0,330.0,0.0,310.0,9.98,451.6,308.0,32.4,32.0,0.1,2.2,1304.2,0.0,15.66,17.0,41.3,39.7,41.7,39.0,41.1,41.4,42.2,42.2,57.8,59.2,26.8,27.7,32.6,34.7,34.0,31.0,25.0,0.0,0.0,0.0,6.0,6.0,4.0,0.0,26.0,25.0,25.0,58.0,62.0,68.0,27.0,27.0,300.0,0.0,0.0,0.0,0.0,0.0,0.0,0.0,0.0,0.0
13.8,96.01,0.25,0.24,0.24,9.78,10.98,9.76,13.85,6.1,0.02,0.09,173.5,7.7,242.0,1.0,1.0,734.0,689.0,892.0,-4.0,861.0,13.82,871.8,596.0,32.4,32.4,0.1,2.2,2067.6,0.0,16.83,17.0,41.3,39.6,41.7,39.0,41.1,41.4,42.1,42.1,57.7,59.2,26.7,27.8,32.7,34.8,40.0,36.0,25.0,0.0,-0.2,0.0,6.0,6.0,4.0,0.0,26.0,25.0,25.0,58.0,62.0,69.0,27.0,27.0,300.0,0.0,0.0,0.0,0.0,0.0,0.0,0.0,0.0,0.0
10.03,14.0,0.24,0.23,0.24,8.1,7.38,7.98,10.03,6.4,-0.01,0.0,173.8,4.5,251.0,1.0,1.0,285.0,688.0,342.0,-2.0,333.0,10.02,461.5,314.0,32.1,32.0,0.1,2.2,1881.6,0.0,16.55,17.0,41.5,39.9,41.9,39.2,41.4,41.6,42.4,42.4,57.8,59.2,26.7,27.7,32.7,34.9,34.0,31.0,25.0,-0.2,0.0,0.0,6.0,6.0,4.0,0.0,26.0,25.0,25.0,58.0,62.0,68.0,27.0,27.0,300.0,0.0,0.0,0.0,0.0,0.0,0.0,0.0,0.0,0.0
12.36,222.01,0.25,0.23,0.24,9.36,7.86,9.84,12.41,-1.0,0.07,0.01,177.3,6.2,235.0,1.0,1.0,521.0,689.0,639.0,-2.0,624.0,12.38,700.1,478.0,32.2,32.0,0.2,2.3,2067.6,0.0,16.83,16.9,41.4,39.8,41.8,39.2,41.2,41.5,42.1,42.2,57.7,59.2,26.7,27.7,32.8,34.9,37.0,34.0,25.0,0.0,0.0,0.0,6.0,6.0,4.0,0.0,26.0,25.0,25.0,58.0,62.0,68.0,27.0,27.0,300.0,0.0,0.0,0.0,0.0,0.0,0.0,0.0,0.0,0.0
9.82,51.98,0.24,0.23,0.24,6.18,5.66,6.66,9.83,-4.9,0.03,0.02,173.8,5.1,254.0,1.0,1.0,256.0,688.0,308.0,-4.0,300.0,9.8,431.4,297.0,32.6,32.1,0.1,2.2,1259.9,0.0,15.59,17.0,41.4,39.7,41.7,39.1,41.1,41.4,42.3,42.3,57.8,59.2,26.8,27.7,32.7,34.7,33.0,31.0,25.0,0.0,0.0,0.1,6.0,6.0,4.0,0.0,26.0,25.0,25.0,58.0,62.0,68.0,27.0,27.0,300.0,0.0,0.0,0.0,0.0,0.0,0.0,0.0,0.0,0.0
9.54,94.0,0.24,0.23,0.24,7.14,6.5,7.6,9.56,-4.1,0.05,0.01,173.7,4.7,250.0,1.0,1.0,231.0,688.0,278.0,0.0,270.0,9.54,410.2,282.0,32.7,32.1,0.1,2.2,1230.0,0.0,15.54,17.0,41.4,39.8,41.8,39.2,41.2,41.5,42.3,42.3,57.8,59.2,26.8,27.7,32.7,34.9,33.0,30.0,25.0,-0.2,-0.3,0.0,6.0,6.0,4.0,0.0,26.0,25.0,25.0,58.0,62.0,68.0,27.0,27.0,300.0,0.0,0.0,0.0,0.0,0.0,0.0,0.0,0.0,0.0
9.9,285.01,0.24,0.23,0.24,6.76,6.94,7.28,9.91,-5.9,0.06,0.01,173.8,5.6,258.0,1.0,1.0,264.0,688.0,326.0,0.0,305.0,9.88,447.1,303.0,32.0,31.5,0.2,2.2,1413.3,0.0,15.84,17.0,41.3,39.7,41.7,39.0,41.1,41.3,42.2,42.2,57.8,59.2,26.8,27.7,32.6,34.7,34.0,31.0,25.0,0.0,0.2,0.0,6.0,6.0,4.0,0.0,26.0,25.0,25.0,58.0,62.0,68.0,27.0,27.0,300.0,0.0,0.0,0.0,0.0,0.0,0.0,0.0,0.0,0.0
11.3,265.0,0.25,0.23,0.24,9.12,8.3,9.84,11.33,-11.0,-0.01,-0.03,173.8,5.7,255.0,1.0,1.0,397.0,687.0,479.0,-2.0,466.0,11.32,579.4,397.0,32.2,31.9,0.1,2.2,1857.8,0.0,16.52,17.0,41.6,40.0,42.0,39.3,41.4,41.7,42.4,42.5,57.8,59.2,26.7,27.7,32.7,34.8,35.0,32.0,25.0,-0.2,0.0,0.0,6.0,6.0,4.0,0.0,26.0,25.0,25.0,58.0,62.0,68.0,27.0,27.0,300.0,0.0,0.0,0.0,0.0,0.0,0.0,0.0,0.0,0.0
10.89,171.0,0.24,0.23,0.24,7.38,6.34,8.48,10.93,11.5,0.04,0.07,173.6,5.1,252.0,1.0,1.0,346.0,689.0,419.0,0.0,410.0,10.9,541.8,369.0,32.2,31.6,0.1,2.3,1406.1,0.0,15.82,17.0,41.1,39.5,41.6,38.9,41.0,41.3,42.2,42.2,57.7,59.2,26.8,27.7,32.6,34.7,34.0,31.0,25.0,0.0,0.0,0.0,6.0,6.0,4.0,0.0,26.0,25.0,25.0,58.0,62.0,68.0,27.0,27.0,300.0,0.0,0.0,0.0,0.0,0.0,0.0,0.0,0.0,0.0
10.92,40.0,0.25,0.23,0.24,7.54,7.38,7.7,10.94,13.1,0.02,-0.04,173.7,5.3,253.0,1.0,1.0,336.0,688.0,415.0,3.0,406.0,10.9,533.2,367.0,32.4,32.1,0.2,2.3,1406.1,0.0,15.82,17.0,41.2,39.6,41.6,39.0,41.0,41.3,42.2,42.2,57.8,59.2,26.8,27.7,32.6,34.7,34.0,31.0,25.0,0.0,0.0,0.0,6.0,6.0,4.0,0.0,26.0,25.0,25.0,58.0,62.0,68.0,27.0,27.0,300.0,0.0,0.0,0.0,0.0,0.0,0.0,0.0,0.0,0.0
10.71,238.0,0.25,0.23,0.24,9.0,7.52,9.5,10.7,9.6,0.06,0.05,173.8,5.8,244.0,1.0,1.0,323.0,687.0,399.0,0.0,390.0,10.7,518.0,355.0,31.7,31.3,0.1,2.2,1969.4,0.0,16.68,17.0,41.8,40.2,42.1,39.4,41.6,41.8,42.5,42.6,57.8,59.2,26.7,27.7,32.8,34.7,35.0,31.0,25.0,0.0,0.0,0.0,6.0,6.0,4.0,0.0,26.0,25.0,25.0,58.0,62.0,69.0,27.0,27.0,300.0,0.0,0.0,0.0,0.0,0.0,0.0,0.0,0.0,0.0
9.87,42.98,0.24,0.23,0.24,6.7,6.6,7.42,9.89,-10.1,0.01,-0.06,173.8,5.5,259.0,1.0,1.0,266.0,688.0,321.0,0.0,302.0,9.86,443.2,301.0,32.3,31.8,0.1,2.2,1413.3,0.0,15.84,17.0,41.3,39.7,41.7,39.0,41.1,41.3,42.2,42.3,57.8,59.2,26.8,27.7,32.6,34.7,34.0,31.0,25.0,0.0,0.0,0.0,6.0,6.0,4.0,0.0,26.0,25.0,25.0,58.0,62.0,68.0,27.0,27.0,300.0,0.0,0.0,0.0,0.0,0.0,0.0,0.0,0.0,0.0
14.13,79.99,0.25,0.24,0.24,9.4,11.58,9.64,14.17,19.0,-0.06,-0.07,173.5,6.5,242.0,1.0,1.0,771.0,689.0,933.0,-4.0,911.0,14.14,909.5,621.0,31.9,32.0,0.1,2.3,2067.6,0.0,16.83,17.0,41.1,39.5,41.6,38.9,41.0,41.3,42.1,42.1,57.7,59.1,26.7,27.8,32.6,34.7,40.0,35.0,25.0,0.2,0.0,-0.2,6.0,6.0,4.0,0.0,26.0,25.0,25.0,58.0,62.0,68.0,27.0,27.0,300.0,0.0,0.0,0.0,0.0,0.0,0.0,0.0,0.0,0.0
10.8,139.0,0.24,0.23,0.24,6.76,5.76,8.06,10.79,6.5,-0.01,0.07,173.6,5.2,255.0,1.0,1.0,319.0,688.0,382.0,0.0,395.0,10.78,528.2,358.0,32.3,31.6,0.1,2.3,1406.1,0.0,15.82,17.0,41.2,39.6,41.6,39.0,41.0,41.3,42.2,42.2,57.8,59.2,26.8,27.7,32.6,34.7,34.0,31.0,25.0,0.0,-0.3,0.2,6.0,6.0,4.0,0.0,26.0,25.0,25.0,58.0,62.0,68.0,27.0,27.0,300.0,0.0,0.0,0.0,0.0,0.0,0.0,0.0,0.0,0.0
11.06,258.98,0.25,0.23,0.24,8.08,6.74,8.52,11.09,-3.3,0.0,0.02,173.7,5.9,256.0,1.0,1.0,367.0,687.0,454.0,0.0,440.0,11.08,560.8,381.0,32.0,31.6,0.1,2.2,1857.8,0.0,16.52,17.0,41.5,40.0,42.0,39.3,41.4,41.6,42.4,42.4,57.8,59.2,26.7,27.7,32.7,34.8,35.0,32.0,25.0,0.0,0.3,0.0,6.0,6.0,4.0,0.0,26.0,25.0,25.0,58.0,62.0,68.0,27.0,27.0,300.0,0.0,0.0,0.0,0.0,0.0,0.0,0.0,0.0,0.0
11.34,128.99,0.25,0.23,0.24,8.06,7.28,8.66,11.39,-11.4,0.04,0.01,173.7,6.6,255.0,1.0,1.0,404.0,687.0,483.0,-2.0,471.0,11.34,584.7,400.0,31.8,31.6,0.1,2.3,1926.0,0.0,16.62,17.0,41.6,40.0,42.0,39.3,41.4,41.7,42.4,42.4,57.8,59.2,26.7,27.7,32.7,34.8,35.0,32.0,25.0,0.0,-0.2,0.0,6.0,6.0,4.0,0.0,26.0,25.0,25.0,58.0,62.0,68.0,27.0,27.0,300.0,0.0,0.0,0.0,0.0,0.0,0.0,0.0,0.0,0.0
14.28,99.0,0.25,0.24,0.24,9.94,11.2,9.88,14.3,14.0,0.02,-0.02,173.4,7.1,244.0,1.0,1.0,790.0,689.0,959.0,-2.0,949.0,14.28,929.3,634.0,31.9,31.6,0.2,2.2,2067.6,0.0,16.83,17.0,41.1,39.5,41.6,38.9,41.0,41.3,42.1,42.1,57.7,59.2,26.7,27.8,32.6,34.7,40.0,35.0,25.0,0.2,-0.7,0.0,6.0,6.0,4.0,0.0,26.0,25.0,25.0,58.0,62.0,68.0,27.0,27.0,300.0,0.0,0.0,0.0,0.0,0.0,0.0,0.0,0.0,0.0
10.68,301.0,0.25,0.23,0.24,7.84,7.6,8.36,10.68,7.8,0.01,-0.06,173.6,5.0,249.0,1.0,1.0,338.0,689.0,406.0,-4.0,391.0,10.66,514.1,353.0,32.2,32.1,0.1,2.3,1691.5,0.0,16.27,17.0,41.1,39.5,41.6,38.9,41.0,41.2,42.1,42.2,57.8,59.2,26.7,27.7,32.6,34.7,34.0,31.0,25.0,0.0,0.0,0.0,6.0,6.0,4.0,0.0,26.0,25.0,25.0,58.0,62.0,68.0,27.0,27.0,300.0,0.0,0.0,0.0,0.0,0.0,0.0,0.0,0.0,0.0
10.35,303.98,0.25,0.23,0.24,7.88,7.34,8.2,10.33,1.5,0.02,0.0,173.6,5.2,253.0,1.0,1.0,306.0,688.0,378.0,0.0,357.0,10.34,489.4,333.0,32.3,31.7,0.1,2.3,1881.6,0.0,16.55,17.0,41.5,40.0,42.0,39.3,41.4,41.6,42.4,42.4,57.8,59.2,26.7,27.7,32.8,34.9,34.0,31.0,25.0,0.2,0.2,0.0,6.0,6.0,4.0,0.0,26.0,25.0,25.0,58.0,62.0,68.0,27.0,27.0,300.0,0.0,0.0,0.0,0.0,0.0,0.0,0.0,0.0,0.0
10.77,135.0,0.24,0.23,0.24,8.24,7.02,8.86,10.77,1.0,0.01,-0.01,173.8,6.7,245.0,1.0,1.0,328.0,688.0,402.0,0.0,397.0,10.74,521.4,358.0,31.5,31.3,0.1,2.3,1969.4,0.0,16.68,17.0,41.8,40.2,42.1,39.4,41.6,41.8,42.5,42.6,57.8,59.2,26.7,27.7,32.8,34.7,35.0,31.0,25.0,0.0,-0.2,0.0,6.0,6.0,4.0,0.0,26.0,25.0,25.0,58.0,62.0,69.0,27.0,27.0,300.0,0.0,0.0,0.0,0.0,0.0,0.0,0.0,0.0,0.0
12.59,83.99,0.25,0.24,0.24,8.0,9.16,8.34,12.61,-0.8,0.03,-0.03,156.5,7.0,234.0,1.0,1.0,488.0,689.0,598.0,6.0,611.0,12.58,705.1,484.0,32.8,32.4,0.2,2.2,2067.6,0.0,16.83,17.0,41.4,39.8,41.8,39.2,41.2,41.5,42.1,42.1,57.7,59.2,26.7,27.7,32.8,34.8,37.0,33.0,25.0,0.0,0.0,0.2,6.0,6.0,4.0,0.0,26.0,25.0,25.0,58.0,62.0,68.0,27.0,27.0,300.0,0.0,0.0,0.0,0.0,0.0,0.0,0.0,0.0,0.0
13.47,29.02,0.25,0.24,0.24,9.34,11.56,9.84,13.47,14.1,-0.04,0.07,173.6,6.9,241.0,1.0,1.0,671.0,689.0,813.0,-2.0,782.0,13.46,828.0,563.0,32.4,32.2,0.1,2.3,2067.6,0.0,16.83,17.0,41.3,39.7,41.7,39.1,41.1,41.4,42.1,42.1,57.7,59.2,26.7,27.8,32.7,34.7,39.0,36.0,25.0,0.0,0.0,-0.4,6.0,6.0,4.0,0.0,26.0,25.0,25.0,58.0,62.0,68.0,27.0,27.0,300.0,0.0,0.0,0.0,0.0,0.0,0.0,0.0,0.0,0.0
11.76,330.01,0.25,0.23,0.24,9.3,8.98,9.64,11.78,6.2,-0.02,-0.01,0.0,5.4,236.0,1.0,1.0,463.0,688.0,559.0,-2.0,526.0,11.76,634.6,433.0,32.4,32.1,0.1,2.2,2067.6,0.0,16.83,16.9,41.4,39.7,41.8,39.2,41.2,41.5,42.1,42.1,57.7,59.2,26.7,27.7,32.8,34.8,37.0,34.0,25.0,0.0,0.0,-0.2,6.0,6.0,4.0,1.0,26.0,25.0,25.0,58.0,62.0,68.0,27.0,27.0,300.0,0.0,0.0,0.0,0.0,0.0,0.0,0.0,0.0,0.0
11.93,216.0,0.25,0.23,0.24,8.58,6.82,9.28,11.96,14.3,0.04,0.04,173.8,6.0,248.0,1.0,1.0,468.0,687.0,565.0,-2.0,549.0,11.94,650.2,444.0,31.3,31.3,0.2,2.3,2067.6,0.0,16.83,17.0,41.8,40.2,42.2,39.5,41.7,41.9,42.6,42.6,57.8,59.2,26.7,27.7,32.8,34.9,36.0,32.0,25.0,0.0,0.0,0.0,6.0,6.0,4.0,0.0,26.0,25.0,25.0,58.0,62.0,69.0,27.0,27.0,300.0,0.0,0.0,0.0,0.0,0.0,0.0,0.0,0.0,0.0
13.77,272.02,0.25,0.24,0.25,8.58,8.1,11.94,13.72,15.8,0.08,0.05,173.6,8.3,248.0,1.0,1.0,587.0,689.0,711.0,6.0,745.0,13.7,815.9,569.0,32.4,32.0,0.1,2.2,1691.5,0.0,16.27,17.0,41.0,39.5,41.5,38.9,40.9,41.2,42.1,42.1,57.7,59.2,26.7,27.7,32.6,34.7,36.0,32.0,25.0,0.0,0.7,0.5,6.0,6.0,4.0,0.0,26.0,25.0,25.0,58.0,62.0,68.0,27.0,27.0,300.0,0.0,0.0,0.0,0.0,0.0,0.0,0.0,0.0,0.0
10.73,101.99,0.24,0.23,0.24,7.84,7.38,8.52,10.76,8.1,0.01,-0.07,173.6,4.7,250.0,1.0,1.0,345.0,689.0,412.0,-2.0,403.0,10.72,528.7,360.0,32.2,31.7,0.1,2.3,1691.5,0.0,16.27,17.0,41.1,39.5,41.6,38.9,41.0,41.2,42.1,42.2,57.8,59.2,26.7,27.7,32.6,34.7,34.0,31.0,25.0,0.0,-0.3,0.0,6.0,6.0,4.0,0.0,26.0,25.0,25.0,58.0,62.0,68.0,27.0,27.0,300.0,0.0,0.0,0.0,0.0,0.0,0.0,0.0,0.0,0.0
9.57,36.0,0.24,0.23,0.24,6.8,5.98,6.68,9.56,-0.8,-0.01,0.0,173.7,5.2,249.0,1.0,1.0,236.0,688.0,284.0,2.0,279.0,9.54,414.8,281.0,32.5,32.0,0.1,2.2,1230.0,0.0,15.54,17.0,41.4,39.8,41.8,39.2,41.2,41.5,42.3,42.3,57.8,59.2,26.8,27.7,32.7,34.9,33.0,30.0,25.0,0.0,0.0,0.0,6.0,6.0,4.0,0.0,26.0,25.0,25.0,58.0,62.0,68.0,27.0,27.0,300.0,0.0,0.0,0.0,0.0,0.0,0.0,0.0,0.0,0.0
11.86,69.98,0.25,0.24,0.24,8.08,8.7,8.2,11.84,1.3,0.11,-0.07,0.0,7.1,232.0,1.0,1.0,411.0,688.0,503.0,0.0,500.0,11.8,623.2,427.0,32.7,32.2,0.2,2.3,2067.6,0.0,16.83,17.0,41.4,39.8,41.8,39.2,41.2,41.5,42.2,42.1,57.7,59.2,26.7,27.7,32.8,34.8,36.0,33.0,25.0,0.0,0.0,0.0,6.0,6.0,4.0,0.0,26.0,25.0,25.0,58.0,62.0,69.0,27.0,27.0,300.0,0.0,0.0,0.0,0.0,0.0,0.0,0.0,0.0,0.0
9.8,110.02,0.24,0.23,0.24,7.4,6.56,8.9,9.84,-6.5,-0.01,-0.02,173.5,4.5,255.0,1.0,1.0,255.0,688.0,312.0,0.0,304.0,9.8,435.4,298.0,32.4,31.9,0.1,2.3,1259.9,0.0,15.59,17.0,41.4,39.7,41.7,39.1,41.1,41.4,42.3,42.3,57.8,59.2,26.8,27.7,32.7,34.7,33.0,31.0,25.0,-0.3,-0.3,0.0,6.0,6.0,4.0,0.0,26.0,25.0,25.0,58.0,62.0,68.0,27.0,27.0,300.0,0.0,0.0,0.0,0.0,0.0,0.0,0.0,0.0,0.0
10.9,236.02,0.25,0.23,0.24,7.48,6.44,7.88,10.92,11.0,0.03,-0.03,173.7,4.8,252.0,1.0,1.0,346.0,688.0,425.0,3.0,411.0,10.92,542.7,369.0,31.9,31.5,0.1,2.3,1406.1,0.0,15.82,17.0,41.1,39.5,41.6,38.9,41.0,41.3,42.2,42.2,57.7,59.2,26.8,27.7,32.6,34.7,34.0,31.0,25.0,0.0,0.0,0.0,6.0,6.0,4.0,0.0,26.0,25.0,25.0,58.0,62.0,68.0,27.0,27.0,300.0,0.0,0.0,0.0,0.0,0.0,0.0,0.0,0.0,0.0
9.47,357.01,0.24,0.23,0.24,6.78,6.06,6.86,9.48,3.5,0.0,0.05,173.7,4.6,249.0,1.0,1.0,232.0,688.0,284.0,0.0,271.0,9.46,408.5,277.0,32.5,31.8,0.1,2.2,1230.0,0.0,15.54,17.0,41.4,39.8,41.8,39.2,41.2,41.5,42.3,42.4,57.8,59.2,26.8,27.7,32.7,34.9,33.0,31.0,25.0,0.0,0.0,0.0,6.0,6.0,4.0,0.0,26.0,25.0,25.0,58.0,62.0,68.0,27.0,27.0,300.0,0.0,0.0,0.0,0.0,0.0,0.0,0.0,0.0,0.0
11.7,295.99,0.25,0.23,0.24,8.78,8.78,9.9,11.69,0.3,0.01,-0.02,173.8,6.8,250.0,1.0,1.0,412.0,688.0,510.0,5.0,506.0,11.68,614.8,423.0,31.6,31.1,0.2,2.3,1782.4,0.0,16.4,17.0,41.7,40.1,42.0,39.3,41.5,41.7,42.5,42.5,57.8,59.2,26.7,27.7,32.8,34.7,35.0,31.0,25.0,0.0,0.0,-0.2,6.0,6.0,4.0,0.0,26.0,25.0,25.0,58.0,62.0,68.0,27.0,27.0,300.0,0.0,0.0,0.0,0.0,0.0,0.0,0.0,0.0,0.0
12.26,10.01,0.25,0.24,0.24,8.02,9.14,8.72,12.28,-3.7,-0.05,0.03,176.8,6.3,236.0,1.0,1.0,517.0,689.0,626.0,-2.0,604.0,12.26,686.8,470.0,32.7,32.3,0.1,2.3,2067.6,0.0,16.83,16.9,41.4,39.8,41.8,39.2,41.2,41.5,42.1,42.2,57.7,59.2,26.7,27.7,32.8,34.9,37.0,34.0,25.0,-0.2,0.6,-0.2,6.0,6.0,4.0,0.0,26.0,25.0,25.0,58.0,62.0,68.0,27.0,27.0,300.0,0.0,0.0,0.0,0.0,0.0,0.0,0.0,0.0,0.0
9.8,353.02,0.24,0.23,0.24,7.16,6.5,7.3,9.82,-7.5,-0.02,-0.01,173.7,5.0,255.0,1.0,1.0,257.0,688.0,312.0,0.0,302.0,9.78,435.4,297.0,32.2,32.1,0.2,2.2,1259.9,0.0,15.59,17.0,41.4,39.7,41.7,39.1,41.1,41.4,42.3,42.3,57.8,59.2,26.8,27.7,32.7,34.7,34.0,31.0,25.0,0.0,0.0,0.0,6.0,6.0,4.0,0.0,26.0,25.0,25.0,58.0,62.0,68.0,27.0,27.0,300.0,0.0,0.0,0.0,0.0,0.0,0.0,0.0,0.0,0.0
11.97,227.99,0.25,0.23,0.24,8.62,7.02,9.18,12.04,-8.9,-0.03,0.03,176.9,6.0,237.0,1.0,1.0,496.0,689.0,601.0,-4.0,579.0,12.0,664.8,453.0,32.6,32.2,0.1,2.2,2067.6,0.0,16.83,16.9,41.4,39.8,41.8,39.2,41.2,41.5,42.1,42.1,57.7,59.2,26.7,27.7,32.8,34.9,37.0,34.0,25.0,0.4,0.0,0.2,6.0,6.0,4.0,0.0,26.0,26.0,25.0,58.0,62.0,68.0,27.0,27.0,300.0,0.0,0.0,0.0,0.0,0.0,0.0,0.0,0.0,0.0
10.55,160.99,0.24,0.23,0.24,7.6,6.44,9.24,10.55,-29.7,-0.01,0.06,0.0,6.4,271.0,1.0,1.0,282.0,688.0,339.0,0.0,355.0,10.52,491.7,336.0,32.7,32.3,0.1,2.2,2067.6,0.0,16.83,16.5,41.4,39.7,41.8,39.2,41.2,41.5,42.2,42.2,57.7,59.2,26.7,27.7,32.7,34.8,35.0,32.0,25.0,0.0,-0.3,0.0,6.0,6.0,4.0,2.0,26.0,25.0,25.0,58.0,62.0,68.0,27.0,27.0,300.0,0.0,0.0,0.0,0.0,0.0,0.0,0.0,0.0,0.0
11.01,135.0,0.25,0.23,0.24,7.36,6.52,8.1,11.06,-8.5,0.02,0.05,173.8,6.9,249.0,1.0,1.0,348.0,688.0,428.0,0.0,423.0,11.0,546.6,375.0,32.0,31.5,0.1,2.3,1510.2,0.0,15.99,17.0,41.7,40.2,42.1,39.4,41.6,41.8,42.5,42.5,57.8,59.2,26.7,27.7,32.8,34.7,34.0,31.0,25.0,0.0,0.0,0.2,6.0,6.0,4.0,0.0,26.0,25.0,25.0,58.0,62.0,69.0,27.0,27.0,300.0,0.0,0.0,0.0,0.0,0.0,0.0,0.0,0.0,0.0
12.16,285.01,0.25,0.24,0.24,8.14,8.7,9.94,12.16,4.3,-0.02,0.04,173.8,5.3,251.0,1.0,1.0,493.0,688.0,596.0,0.0,575.0,12.16,675.6,460.0,31.7,31.6,0.1,2.2,2067.6,0.0,16.83,17.0,41.8,40.3,42.2,39.5,41.7,41.9,42.6,42.6,57.8,59.2,26.7,27.7,32.8,34.9,36.0,32.0,25.0,-0.2,1.0,0.0,6.0,6.0,4.0,0.0,26.0,25.0,25.0,58.0,62.0,69.0,27.0,27.0,300.0,0.0,0.0,0.0,0.0,0.0,0.0,0.0,0.0,0.0
14.1,249.01,0.25,0.23,0.24,11.68,8.94,12.66,14.1,14.9,0.1,-0.06,173.5,7.2,242.0,1.0,1.0,757.0,689.0,921.0,0.0,897.0,14.1,904.6,618.0,32.1,32.1,0.1,2.2,2067.6,0.0,16.83,17.0,41.1,39.5,41.6,39.0,41.0,41.3,42.1,42.1,57.7,59.2,26.7,27.7,32.6,34.7,40.0,35.0,25.0,0.0,0.0,0.3,6.0,6.0,4.0,0.0,26.0,25.0,25.0,58.0,62.0,68.0,27.0,27.0,300.0,0.0,0.0,0.0,0.0,0.0,0.0,0.0,0.0,0.0
13.17,308.99,0.25,0.24,0.24,9.44,10.04,11.64,13.19,19.1,0.03,-0.06,173.5,6.3,239.0,1.0,1.0,629.0,689.0,770.0,0.0,740.0,13.18,796.2,541.0,32.2,32.3,0.1,2.3,2067.6,0.0,16.83,17.0,41.3,39.7,41.7,39.1,41.2,41.4,42.1,42.1,57.7,59.2,26.7,27.8,32.7,34.7,39.0,35.0,25.0,0.0,0.2,-0.3,6.0,6.0,4.0,0.0,26.0,25.0,25.0,58.0,62.0,69.0,27.0,27.0,300.0,0.0,0.0,0.0,0.0,0.0,0.0,0.0,0.0,0.0
11.23,240.98,0.25,0.23,0.24,9.06,8.3,9.76,11.26,1.2,-0.03,-0.01,173.8,5.7,247.0,1.0,1.0,397.0,688.0,482.0,-4.0,462.0,11.24,577.7,396.0,31.6,31.1,0.1,2.2,2067.6,0.0,16.83,17.0,41.8,40.2,42.2,39.5,41.6,41.9,42.6,42.5,57.8,59.2,26.7,27.7,32.8,34.8,36.0,32.0,25.0,0.0,0.0,0.0,6.0,6.0,4.0,0.0,26.0,25.0,25.0,58.0,62.0,68.0,27.0,27.0,300.0,0.0,0.0,0.0,0.0,0.0,0.0,0.0,0.0,0.0
13.6,65.02,0.25,0.24,0.24,10.84,12.94,10.6,13.65,11.4,-0.01,-0.1,173.6,7.5,241.0,1.0,1.0,697.0,689.0,850.0,-4.0,828.0,13.6,846.7,578.0,31.9,31.8,0.2,2.3,2067.6,0.0,16.83,17.0,41.3,39.6,41.7,39.0,41.1,41.4,42.1,42.1,57.7,59.2,26.7,27.8,32.7,34.7,40.0,36.0,25.0,0.0,-0.6,-0.5,6.0,6.0,4.0,0.0,26.0,25.0,25.0,58.0,62.0,68.0,27.0,27.0,300.0,0.0,0.0,0.0,0.0,0.0,0.0,0.0,0.0,0.0
11.06,32.0,0.25,0.23,0.24,7.48,7.76,7.88,11.07,-4.2,-0.04,-0.03,173.8,5.1,257.0,1.0,1.0,366.0,688.0,449.0,0.0,436.0,11.04,552.5,379.0,31.7,31.4,0.1,2.3,1857.8,0.0,16.52,17.0,41.5,40.0,42.0,39.3,41.4,41.6,42.4,42.4,57.8,59.2,26.7,27.7,32.8,34.8,35.0,32.0,25.0,0.0,0.2,0.0,6.0,6.0,4.0,0.0,26.0,25.0,25.0,58.0,62.0,68.0,27.0,27.0,300.0,0.0,0.0,0.0,0.0,0.0,0.0,0.0,0.0,0.0
11.04,267.01,0.25,0.23,0.24,8.08,7.46,8.56,11.07,-6.6,-0.06,0.01,173.8,6.4,250.0,1.0,1.0,362.0,687.0,428.0,0.0,428.0,11.04,552.1,377.0,31.7,31.5,0.1,2.2,1510.2,0.0,15.99,17.0,41.7,40.1,42.1,39.4,41.6,41.8,42.5,42.5,57.8,59.2,26.7,27.7,32.8,34.7,34.0,31.0,25.0,0.0,0.2,0.0,6.0,6.0,4.0,0.0,26.0,25.0,25.0,58.0,62.0,69.0,27.0,27.0,300.0,0.0,0.0,0.0,0.0,0.0,0.0,0.0,0.0,0.0
11.46,83.02,0.25,0.23,0.24,7.52,7.52,7.88,11.48,4.5,0.02,0.02,173.7,5.6,249.0,1.0,1.0,396.0,688.0,480.0,0.0,466.0,11.44,589.8,405.0,31.8,31.3,0.2,2.3,1482.4,0.0,15.95,17.0,41.7,40.1,42.1,39.3,41.5,41.8,42.5,42.5,57.8,59.2,26.7,27.7,32.7,34.7,35.0,31.0,25.0,0.0,-0.3,0.0,6.0,6.0,4.0,0.0,26.0,25.0,25.0,58.0,62.0,68.0,27.0,27.0,300.0,0.0,0.0,0.0,0.0,0.0,0.0,0.0,0.0,0.0
10.81,115.99,0.24,0.23,0.24,7.02,6.04,8.34,10.84,9.0,-0.03,-0.02,173.8,5.3,246.0,1.0,1.0,364.0,688.0,433.0,-2.0,408.0,10.82,538.2,366.0,31.5,31.1,0.2,2.3,1969.4,0.0,16.68,17.0,41.8,40.2,42.1,39.5,41.6,41.8,42.6,42.5,57.8,59.2,26.7,27.7,32.8,34.8,35.0,32.0,25.0,0.0,-0.1,0.2,6.0,6.0,4.0,0.0,26.0,25.0,25.0,58.0,62.0,68.0,27.0,27.0,300.0,0.0,0.0,0.0,0.0,0.0,0.0,0.0,0.0,0.0
9.65,105.01,0.24,0.23,0.24,6.3,5.48,6.92,9.67,9.1,-0.01,0.01,173.7,5.1,249.0,1.0,1.0,245.0,688.0,292.0,-2.0,284.0,9.64,419.3,288.0,32.3,31.5,0.2,2.2,1778.2,0.0,16.4,17.0,41.5,39.9,41.9,39.2,41.3,41.6,42.4,42.4,57.8,59.2,26.8,27.7,32.7,34.9,34.0,31.0,25.0,0.0,0.0,0.0,6.0,6.0,4.0,0.0,26.0,25.0,25.0,58.0,62.0,68.0,27.0,27.0,300.0,0.0,0.0,0.0,0.0,0.0,0.0,0.0,0.0,0.0
12.54,276.01,0.25,0.24,0.24,9.0,8.36,10.26,12.55,7.6,0.04,0.02,177.5,6.2,233.0,1.0,1.0,542.0,689.0,659.0,-2.0,638.0,12.56,719.9,490.0,32.7,32.4,0.1,2.3,2067.6,0.0,16.83,17.0,41.4,39.8,41.8,39.2,41.2,41.5,42.2,42.1,57.7,59.2,26.7,27.7,32.8,34.9,38.0,34.0,25.0,-0.2,0.4,0.0,6.0,6.0,4.0,0.0,26.0,25.0,25.0,58.0,62.0,69.0,27.0,27.0,300.0,0.0,0.0,0.0,0.0,0.0,0.0,0.0,0.0,0.0
11.81,290.99,0.25,0.24,0.24,8.22,8.36,9.6,11.83,18.9,-0.02,0.02,173.8,5.8,245.0,1.0,1.0,448.0,687.0,546.0,-2.0,528.0,11.82,637.0,435.0,31.5,31.5,0.1,2.2,2067.6,0.0,16.83,17.0,41.8,40.2,42.2,39.5,41.7,41.9,42.6,42.6,57.8,59.2,26.7,27.7,32.8,34.9,36.0,32.0,25.0,0.0,0.6,0.0,6.0,6.0,4.0,0.0,26.0,25.0,25.0,58.0,62.0,69.0,27.0,27.0,300.0,0.0,0.0,0.0,0.0,0.0,0.0,0.0,0.0,0.0
14.61,235.01,0.25,0.24,0.25,10.44,8.58,12.2,14.63,10.9,0.06,0.0,173.5,7.3,245.0,1.0,1.0,792.0,690.0,969.0,3.0,984.0,14.62,960.3,660.0,31.9,31.5,0.1,2.2,1930.2,0.0,16.62,17.0,41.1,39.5,41.5,38.9,40.9,41.2,42.1,42.1,57.7,59.2,26.7,27.7,32.6,34.7,38.0,33.0,25.0,0.0,0.0,0.5,6.0,6.0,4.0,0.0,26.0,25.0,25.0,58.0,62.0,68.0,27.0,27.0,300.0,0.0,0.0,0.0,0.0,0.0,0.0,0.0,0.0,0.0
10.88,137.99,0.24,0.23,0.24,7.1,6.82,8.18,10.91,11.3,-0.01,0.01,173.6,5.6,251.0,1.0,1.0,347.0,689.0,430.0,0.0,407.0,10.86,534.6,366.0,32.5,32.2,0.2,2.2,1691.5,0.0,16.27,17.0,41.1,39.5,41.6,38.9,41.0,41.2,42.1,42.2,57.7,59.2,26.8,27.7,32.6,34.7,34.0,31.0,25.0,0.0,-0.2,0.0,6.0,6.0,4.0,0.0,26.0,25.0,25.0,58.0,62.0,68.0,27.0,27.0,300.0,0.0,0.0,0.0,0.0,0.0,0.0,0.0,0.0,0.0
11.46,14.0,0.25,0.24,0.24,8.72,9.12,8.62,11.46,3.6,-0.02,0.02,173.8,5.7,250.0,1.0,1.0,392.0,688.0,480.0,0.0,477.0,11.44,592.9,404.0,31.5,31.2,0.2,2.2,1482.4,0.0,15.95,17.0,41.7,40.1,42.1,39.3,41.5,41.8,42.5,42.5,57.8,59.2,26.7,27.7,32.7,34.7,35.0,31.0,25.0,-0.2,0.0,-0.2,6.0,6.0,4.0,0.0,26.0,25.0,25.0,58.0,62.0,69.0,27.0,27.0,300.0,0.0,0.0,0.0,0.0,0.0,0.0,0.0,0.0,0.0
12.26,295.99,0.25,0.24,0.24,8.58,9.34,10.2,12.23,-4.0,-0.01,0.05,173.6,8.8,252.0,1.0,1.0,408.0,689.0,491.0,0.0,525.0,12.22,648.9,450.0,32.1,31.3,0.1,2.3,1691.5,0.0,16.27,17.0,41.1,39.5,41.5,38.9,41.0,41.2,42.1,42.1,57.8,59.1,26.7,27.7,32.6,34.7,35.0,31.0,25.0,0.0,0.6,0.0,6.0,6.0,4.0,0.0,26.0,25.0,25.0,58.0,62.0,68.0,27.0,27.0,300.0,0.0,0.0,0.0,0.0,0.0,0.0,0.0,0.0,0.0
12.09,261.0,0.25,0.23,0.24,9.46,8.3,10.58,12.14,13.9,0.01,-0.04,0.0,5.4,235.0,1.0,1.0,498.0,688.0,608.0,0.0,576.0,12.12,674.4,458.0,32.5,32.6,0.1,2.2,2067.6,0.0,16.83,16.9,41.4,39.7,41.8,39.2,41.2,41.5,42.1,42.1,57.7,59.1,26.7,27.7,32.8,34.7,38.0,34.0,25.0,0.0,0.0,0.0,6.0,6.0,4.0,1.0,26.0,26.0,25.0,58.0,62.0,69.0,27.0,27.0,300.0,0.0,0.0,0.0,0.0,0.0,0.0,0.0,0.0,0.0
11.2,54.0,0.25,0.23,0.24,8.0,7.94,8.06,11.21,2.3,0.03,0.03,173.8,5.8,250.0,1.0,1.0,368.0,688.0,443.0,-5.0,435.0,11.18,567.4,386.0,32.2,31.6,0.2,2.3,1482.4,0.0,15.95,17.0,41.7,40.1,42.1,39.4,41.6,41.8,42.5,42.5,57.8,59.2,26.7,27.7,32.8,34.7,35.0,31.0,25.0,0.0,0.0,0.0,6.0,6.0,4.0,0.0,26.0,25.0,25.0,58.0,62.0,69.0,27.0,27.0,300.0,0.0,0.0,0.0,0.0,0.0,0.0,0.0,0.0,0.0
10.6,99.0,0.24,0.23,0.24,8.06,7.06,8.38,10.64,-2.4,-0.03,-0.03,173.7,5.2,254.0,1.0,1.0,335.0,688.0,405.0,0.0,386.0,10.6,518.0,352.0,31.9,31.4,0.1,2.3,1881.6,0.0,16.55,17.0,41.5,40.0,42.0,39.3,41.4,41.6,42.4,42.4,57.8,59.2,26.7,27.7,32.8,34.8,35.0,31.0,25.0,0.0,-0.2,0.0,6.0,6.0,4.0,0.0,26.0,25.0,25.0,58.0,62.0,68.0,27.0,27.0,300.0,0.0,0.0,0.0,0.0,0.0,0.0,0.0,0.0,0.0
9.99,112.0,0.24,0.23,0.24,7.28,6.64,8.7,10.01,-5.7,0.09,-0.03,173.6,5.6,255.0,1.0,1.0,271.0,688.0,327.0,-2.0,313.0,9.98,454.7,309.0,32.4,31.6,0.1,2.3,1304.2,0.0,15.66,17.0,41.3,39.7,41.7,39.0,41.1,41.4,42.3,42.3,57.8,59.2,26.8,27.7,32.7,34.7,34.0,31.0,25.0,-0.2,-0.3,0.0,6.0,6.0,4.0,0.0,26.0,25.0,25.0,58.0,62.0,68.0,27.0,27.0,300.0,0.0,0.0,0.0,0.0,0.0,0.0,0.0,0.0,0.0
9.82,252.0,0.24,0.23,0.24,6.84,6.04,7.58,9.87,4.9,0.02,-0.02,173.8,4.7,251.0,1.0,1.0,272.0,688.0,329.0,-2.0,309.0,9.84,445.0,303.0,31.9,31.4,0.1,2.2,1709.0,0.0,16.29,17.0,41.5,39.9,41.9,39.2,41.3,41.6,42.4,42.4,57.8,59.2,26.7,27.7,32.7,34.9,34.0,31.0,25.0,0.0,0.0,0.0,6.0,6.0,4.0,0.0,26.0,25.0,25.0,58.0,62.0,68.0,27.0,27.0,300.0,0.0,0.0,0.0,0.0,0.0,0.0,0.0,0.0,0.0
11.39,168.01,0.25,0.23,0.24,7.82,6.28,8.5,11.45,3.2,0.09,-0.01,173.7,5.8,250.0,1.0,1.0,386.0,688.0,465.0,0.0,467.0,11.38,587.2,400.0,31.8,31.5,0.1,2.2,1482.4,0.0,15.95,17.0,41.7,40.1,42.1,39.4,41.5,41.8,42.5,42.5,57.8,59.2,26.7,27.7,32.8,34.7,35.0,31.0,25.0,0.2,0.0,0.4,6.0,6.0,4.0,0.0,26.0,25.0,25.0,58.0,62.0,68.0,27.0,27.0,300.0,0.0,0.0,0.0,0.0,0.0,0.0,0.0,0.0,0.0
9.96,231.01,0.24,0.23,0.24,7.7,7.3,8.68,10.0,-8.2,-0.06,0.0,173.7,5.8,256.0,1.0,1.0,270.0,688.0,330.0,0.0,312.0,9.98,452.2,309.0,32.5,32.2,0.1,2.3,1304.2,0.0,15.66,17.0,41.3,39.7,41.7,39.0,41.1,41.4,42.2,42.2,57.8,59.2,26.8,27.7,32.7,34.7,34.0,31.0,25.0,0.0,0.0,-0.2,6.0,6.0,4.0,0.0,26.0,25.0,25.0,58.0,62.0,68.0,27.0,27.0,300.0,0.0,0.0,0.0,0.0,0.0,0.0,0.0,0.0,0.0
13.32,70.99,0.25,0.24,0.24,10.14,11.68,10.4,13.34,17.8,-0.02,-0.08,173.5,5.7,240.0,1.0,1.0,641.0,689.0,782.0,-2.0,758.0,13.3,808.3,551.0,32.1,32.1,0.1,2.2,2067.6,0.0,16.83,17.0,41.3,39.7,41.7,39.1,41.1,41.4,42.1,42.1,57.7,59.1,26.7,27.8,32.7,34.7,39.0,36.0,25.0,0.0,-0.8,-0.2,6.0,6.0,4.0,0.0,26.0,25.0,25.0,58.0,62.0,69.0,27.0,27.0,300.0,0.0,0.0,0.0,0.0,0.0,0.0,0.0,0.0,0.0
10.52,225.0,0.25,0.23,0.24,8.42,6.74,8.86,10.55,-1.1,-0.01,-0.01,173.7,5.2,254.0,1.0,1.0,326.0,688.0,399.0,-2.0,377.0,10.54,508.0,347.0,32.1,31.5,0.1,2.3,1881.6,0.0,16.55,17.0,41.5,40.0,42.0,39.3,41.4,41.6,42.4,42.4,57.8,59.2,26.7,27.7,32.8,34.8,35.0,31.0,25.0,0.0,0.0,0.0,6.0,6.0,4.0,0.0,26.0,25.0,25.0,58.0,62.0,68.0,27.0,27.0,300.0,0.0,0.0,0.0,0.0,0.0,0.0,0.0,0.0,0.0
10.76,195.98,0.25,0.23,0.24,7.86,6.5,8.38,10.79,6.3,0.06,-0.01,173.7,4.8,254.0,1.0,1.0,350.0,688.0,428.0,0.0,411.0,10.76,528.4,362.0,32.1,31.5,0.2,2.3,1881.6,0.0,16.55,17.0,41.5,40.0,42.0,39.3,41.4,41.7,42.4,42.4,57.8,59.2,26.7,27.7,32.8,34.8,35.0,32.0,25.0,0.2,0.0,0.0,6.0,6.0,4.0,0.0,26.0,25.0,25.0,58.0,62.0,68.0,27.0,27.0,300.0,0.0,0.0,0.0,0.0,0.0,0.0,0.0,0.0,0.0
12.98,271.01,0.25,0.24,0.24,8.52,8.06,10.68,13.0,19.5,0.03,0.09,173.5,7.2,238.0,1.0,1.0,607.0,689.0,739.0,-2.0,719.0,12.98,772.7,526.0,32.4,32.0,0.1,2.3,2067.6,0.0,16.83,17.0,41.3,39.7,41.8,39.1,41.2,41.4,42.1,42.1,57.7,59.1,26.7,27.8,32.7,34.7,39.0,35.0,25.0,0.0,0.7,0.7,6.0,6.0,4.0,0.0,26.0,25.0,25.0,58.0,62.0,68.0,27.0,27.0,300.0,0.0,0.0,0.0,0.0,0.0,0.0,0.0,0.0,0.0
10.23,313.99,0.25,0.23,0.24,7.66,6.66,7.76,10.26,7.3,0.02,0.02,173.7,5.1,252.0,1.0,1.0,298.0,688.0,361.0,2.0,342.0,10.24,480.6,326.0,32.0,31.6,0.1,2.2,1881.6,0.0,16.55,17.0,41.5,40.0,41.9,39.2,41.4,41.6,42.4,42.4,57.8,59.2,26.7,27.7,32.8,34.9,34.0,31.0,25.0,0.2,0.0,0.0,6.0,6.0,4.0,0.0,26.0,25.0,25.0,58.0,62.0,68.0,27.0,27.0,300.0,0.0,0.0,0.0,0.0,0.0,0.0,0.0,0.0,0.0
11.9,299.99,0.25,0.24,0.24,9.2,9.32,10.14,11.94,-7.5,0.05,0.02,176.7,5.5,238.0,1.0,1.0,489.0,689.0,596.0,-4.0,562.0,11.9,653.2,446.0,32.6,32.1,0.2,2.2,2067.6,0.0,16.83,16.9,41.4,39.8,41.8,39.2,41.3,41.5,42.1,42.2,57.7,59.2,26.7,27.7,32.8,34.9,37.0,34.0,25.0,0.0,0.0,-0.2,6.0,6.0,4.0,0.0,26.0,25.0,25.0,58.0,62.0,68.0,27.0,27.0,300.0,0.0,0.0,0.0,0.0,0.0,0.0,0.0,0.0,0.0
12.3,145.01,0.25,0.23,0.24,7.94,6.88,8.2,12.31,-1.8,-0.04,-0.03,140.5,7.3,233.0,1.0,1.0,454.0,689.0,558.0,2.0,569.0,12.28,676.7,462.0,32.3,32.1,0.2,2.3,2067.6,0.0,16.83,17.0,41.4,39.8,41.8,39.2,41.2,41.5,42.1,42.1,57.7,59.2,26.7,27.7,32.8,34.8,37.0,33.0,25.0,0.2,-0.3,0.2,6.0,6.0,4.0,0.0,26.0,25.0,25.0,58.0,62.0,69.0,27.0,27.0,300.0,0.0,0.0,0.0,0.0,0.0,0.0,0.0,0.0,0.0
10.23,15.01,0.25,0.23,0.24,7.02,6.5,6.96,10.22,6.5,-0.01,0.02,173.8,5.3,252.0,1.0,1.0,292.0,687.0,353.0,-2.0,339.0,10.22,475.1,325.0,32.3,31.8,0.1,2.2,1881.6,0.0,16.55,17.0,41.5,40.0,41.9,39.2,41.4,41.6,42.4,42.4,57.8,59.2,26.7,27.7,32.8,34.9,34.0,31.0,25.0,0.0,0.0,0.0,6.0,6.0,4.0,0.0,26.0,25.0,25.0,58.0,62.0,68.0,27.0,27.0,300.0,0.0,0.0,0.0,0.0,0.0,0.0,0.0,0.0,0.0
12.15,357.98,0.25,0.24,0.24,8.26,8.98,8.88,12.16,3.9,0.04,-0.01,173.8,5.9,251.0,1.0,1.0,492.0,688.0,586.0,-7.0,572.0,12.14,670.1,458.0,31.7,31.5,0.1,2.2,2067.6,0.0,16.83,17.0,41.8,40.3,42.2,39.5,41.7,41.9,42.6,42.6,57.8,59.2,26.7,27.7,32.8,34.9,36.0,32.0,25.0,0.0,0.2,0.0,6.0,6.0,4.0,0.0,26.0,25.0,25.0,58.0,62.0,69.0,27.0,27.0,300.0,0.0,0.0,0.0,0.0,0.0,0.0,0.0,0.0,0.0
13.69,261.0,0.25,0.24,0.25,9.58,8.02,11.9,13.72,11.2,0.03,-0.01,173.5,6.8,241.0,1.0,1.0,717.0,689.0,874.0,-2.0,835.0,13.72,859.8,587.0,32.1,32.3,0.1,2.3,2067.6,0.0,16.83,17.0,41.3,39.6,41.7,39.0,41.1,41.4,42.1,42.1,57.7,59.2,26.7,27.8,32.7,34.7,40.0,36.0,25.0,0.0,0.4,0.5,6.0,6.0,4.0,0.0,26.0,25.0,25.0,58.0,62.0,68.0,27.0,27.0,300.0,0.0,0.0,0.0,0.0,0.0,0.0,0.0,0.0,0.0
11.43,304.99,0.25,0.24,0.24,8.68,8.62,9.02,11.43,5.6,0.02,-0.01,173.7,5.6,249.0,1.0,1.0,388.0,688.0,476.0,0.0,474.0,11.42,586.1,403.0,31.6,31.1,0.1,2.2,1482.4,0.0,15.95,17.0,41.7,40.1,42.1,39.3,41.5,41.8,42.5,42.5,57.8,59.2,26.7,27.7,32.8,34.7,35.0,31.0,25.0,0.0,0.2,0.0,6.0,6.0,4.0,0.0,26.0,25.0,25.0,58.0,62.0,69.0,27.0,27.0,300.0,0.0,0.0,0.0,0.0,0.0,0.0,0.0,0.0,0.0
14.46,214.99,0.25,0.23,0.24,12.24,9.6,13.22,14.53,9.4,-0.01,0.04,173.6,5.5,246.0,1.0,1.0,821.0,690.0,999.0,0.0,982.0,14.48,956.7,653.0,31.7,31.5,0.2,2.3,1930.2,0.0,16.62,17.0,41.1,39.5,41.5,38.9,41.0,41.2,42.1,42.1,57.7,59.2,26.7,27.8,32.6,34.7,39.0,34.0,25.0,0.0,-0.4,0.0,6.0,6.0,4.0,0.0,26.0,25.0,25.0,58.0,62.0,68.0,27.0,27.0,300.0,0.0,0.0,0.0,0.0,0.0,0.0,0.0,0.0,0.0
11.93,150.98,0.25,0.23,0.24,8.02,6.86,8.6,11.91,-6.3,0.07,-0.03,173.6,7.9,252.0,1.0,1.0,381.0,689.0,462.0,3.0,482.0,11.86,608.8,424.0,32.2,31.6,0.2,2.3,1691.5,0.0,16.27,17.0,41.1,39.5,41.5,38.9,40.9,41.2,42.1,42.1,57.7,59.2,26.7,27.7,32.6,34.7,35.0,31.0,25.0,0.2,-0.2,0.4,6.0,6.0,4.0,0.0,26.0,25.0,25.0,58.0,62.0,68.0,27.0,27.0,300.0,0.0,0.0,0.0,0.0,0.0,0.0,0.0,0.0,0.0
11.11,146.02,0.25,0.23,0.24,8.08,5.7,8.88,11.15,-2.4,0.03,0.01,173.8,5.5,251.0,1.0,1.0,367.0,688.0,440.0,0.0,439.0,11.1,560.3,381.0,31.7,31.1,0.1,2.3,1482.4,0.0,15.95,17.0,41.7,40.1,42.1,39.4,41.6,41.8,42.5,42.6,57.8,59.2,26.7,27.7,32.8,34.7,35.0,31.0,25.0,0.2,0.1,0.4,6.0,6.0,4.0,0.0,26.0,25.0,25.0,58.0,62.0,68.0,27.0,27.0,300.0,0.0,0.0,0.0,0.0,0.0,0.0,0.0,0.0,0.0
14.46,302.0,0.25,0.24,0.25,10.5,10.98,12.46,14.48,14.2,0.08,0.01,173.6,5.9,245.0,1.0,1.0,816.0,690.0,999.0,0.0,975.0,14.46,955.5,650.0,31.8,31.6,0.1,2.3,1930.2,0.0,16.62,17.0,41.1,39.5,41.6,38.9,41.0,41.2,42.1,42.1,57.7,59.1,26.7,27.8,32.6,34.7,39.0,34.0,25.0,0.0,1.5,0.3,6.0,6.0,4.0,0.0,26.0,25.0,25.0,58.0,62.0,68.0,27.0,27.0,300.0,0.0,0.0,0.0,0.0,0.0,0.0,0.0,0.0,0.0
11.63,65.02,0.25,0.24,0.24,8.82,9.44,9.26,11.65,-2.3,-0.03,-0.02,173.7,6.0,252.0,1.0,1.0,426.0,688.0,516.0,0.0,500.0,11.6,613.6,419.0,31.6,31.2,0.1,2.3,1782.4,0.0,16.4,17.0,41.7,40.0,42.0,39.3,41.5,41.7,42.4,42.5,57.8,59.2,26.7,27.7,32.7,34.7,35.0,32.0,25.0,0.0,-0.2,0.0,6.0,6.0,4.0,0.0,26.0,25.0,25.0,58.0,62.0,68.0,27.0,27.0,300.0,0.0,0.0,0.0,0.0,0.0,0.0,0.0,0.0,0.0
11.22,128.02,0.25,0.23,0.24,8.22,6.38,9.0,11.25,2.5,-0.02,-0.03,173.7,5.8,250.0,1.0,1.0,372.0,688.0,442.0,0.0,440.0,11.22,570.8,388.0,31.8,31.6,0.1,2.3,1482.4,0.0,15.95,17.0,41.7,40.1,42.1,39.4,41.6,41.8,42.5,42.5,57.8,59.2,26.7,27.7,32.8,34.7,35.0,31.0,25.0,0.0,-0.4,0.0,6.0,6.0,4.0,0.0,26.0,25.0,25.0,58.0,62.0,69.0,27.0,27.0,300.0,0.0,0.0,0.0,0.0,0.0,0.0,0.0,0.0,0.0
9.94,290.02,0.24,0.23,0.24,7.84,7.04,8.28,9.95,-14.2,0.13,0.0,173.8,6.4,258.0,1.0,1.0,273.0,688.0,330.0,0.0,312.0,9.94,450.2,306.0,32.5,32.0,0.1,2.2,1304.2,0.0,15.66,17.0,41.3,39.7,41.7,39.0,41.1,41.4,42.2,42.2,57.8,59.2,26.8,27.7,32.6,34.7,34.0,31.0,25.0,0.0,0.0,0.0,6.0,6.0,4.0,0.0,26.0,25.0,25.0,58.0,62.0,68.0,27.0,27.0,300.0,0.0,0.0,0.0,0.0,0.0,0.0,0.0,0.0,0.0
11.46,150.98,0.25,0.23,0.24,8.54,7.1,8.84,11.49,3.8,-0.01,-0.02,173.7,5.9,249.0,1.0,1.0,401.0,688.0,477.0,0.0,468.0,11.44,594.4,406.0,31.9,31.6,0.1,2.3,1482.4,0.0,15.95,17.0,41.7,40.1,42.1,39.4,41.5,41.8,42.5,42.5,57.8,59.2,26.7,27.7,32.7,34.7,35.0,31.0,25.0,0.0,0.0,0.2,6.0,6.0,4.0,0.0,26.0,25.0,25.0,58.0,62.0,68.0,27.0,27.0,300.0,0.0,0.0,0.0,0.0,0.0,0.0,0.0,0.0,0.0
11.52,79.99,0.24,0.23,0.24,8.62,9.06,9.62,11.54,15.3,0.03,-0.12,0.0,6.8,231.0,1.0,1.0,401.0,688.0,489.0,0.0,475.0,11.5,596.2,408.0,32.7,32.5,0.2,2.3,2067.6,0.0,16.83,17.0,41.4,39.8,41.8,39.2,41.2,41.5,42.1,42.1,57.7,59.2,26.7,27.7,32.8,34.8,37.0,33.0,25.0,0.0,-0.4,0.0,6.0,6.0,4.0,1.0,26.0,25.0,25.0,58.0,62.0,69.0,27.0,27.0,300.0,0.0,0.0,0.0,0.0,0.0,0.0,0.0,0.0,0.0
13.34,141.98,0.25,0.23,0.24,10.0,8.78,10.24,13.32,-6.5,-0.04,0.1,0.0,7.7,270.0,1.0,1.0,502.0,689.0,604.0,8.0,669.0,13.3,755.8,534.0,32.5,32.1,0.2,2.3,1590.5,0.0,16.11,16.6,41.4,39.7,41.7,39.2,41.2,41.5,42.1,42.2,57.7,59.2,26.7,27.7,32.7,34.8,35.0,32.0,25.0,0.0,-1.2,0.0,6.0,6.0,4.0,2.0,26.0,25.0,25.0,58.0,62.0,68.0,27.0,27.0,300.0,0.0,0.0,0.0,0.0,0.0,0.0,0.0,0.0,0.0
12.03,288.0,0.25,0.24,0.24,8.64,8.7,9.46,12.05,9.6,0.03,-0.02,173.8,6.0,249.0,1.0,1.0,482.0,688.0,584.0,2.0,568.0,12.04,658.4,451.0,31.8,31.9,0.1,2.3,2067.6,0.0,16.83,17.0,41.8,40.3,42.2,39.5,41.6,41.9,42.6,42.6,57.8,59.2,26.7,27.7,32.8,34.9,36.0,32.0,25.0,0.0,0.6,0.0,6.0,6.0,4.0,0.0,26.0,25.0,25.0,58.0,62.0,69.0,27.0,27.0,300.0,0.0,0.0,0.0,0.0,0.0,0.0,0.0,0.0,0.0
11.61,135.0,0.25,0.23,0.24,8.32,7.64,8.9,11.65,-1.7,0.05,0.02,173.7,6.1,252.0,1.0,1.0,425.0,688.0,514.0,-2.0,499.0,11.6,615.8,418.0,31.9,31.4,0.1,2.2,1782.4,0.0,16.4,17.0,41.7,40.0,42.0,39.3,41.5,41.7,42.4,42.5,57.8,59.2,26.7,27.7,32.7,34.7,35.0,32.0,25.0,0.0,-0.5,0.0,6.0,6.0,4.0,0.0,26.0,25.0,25.0,58.0,62.0,68.0,27.0,27.0,300.0,0.0,0.0,0.0,0.0,0.0,0.0,0.0,0.0,0.0
11.98,72.0,0.25,0.24,0.24,8.92,9.12,9.12,12.0,13.7,-0.01,-0.02,173.8,6.4,248.0,1.0,1.0,474.0,688.0,577.0,-2.0,557.0,11.98,656.7,447.0,31.7,31.9,0.1,2.2,2067.6,0.0,16.83,17.0,41.8,40.3,42.2,39.5,41.7,41.9,42.5,42.6,57.8,59.2,26.7,27.7,32.8,34.9,36.0,32.0,25.0,0.0,-0.4,0.0,6.0,6.0,4.0,0.0,26.0,25.0,25.0,58.0,62.0,69.0,27.0,27.0,300.0,0.0,0.0,0.0,0.0,0.0,0.0,0.0,0.0,0.0
14.16,236.02,0.25,0.23,0.25,11.4,8.86,13.1,14.19,8.3,0.04,0.0,173.5,7.1,241.0,1.0,1.0,753.0,689.0,914.0,0.0,908.0,14.16,912.4,623.0,32.4,32.3,0.2,2.3,2067.6,0.0,16.83,17.0,41.2,39.6,41.7,39.0,41.1,41.4,42.1,42.1,57.7,59.2,26.7,27.8,32.7,34.7,40.0,36.0,25.0,0.0,0.0,0.0,6.0,6.0,4.0,0.0,26.0,25.0,25.0,58.0,62.0,68.0,27.0,27.0,300.0,0.0,0.0,0.0,0.0,0.0,0.0,0.0,0.0,0.0
9.45,130.0,0.24,0.23,0.24,7.12,6.04,7.84,9.47,6.7,0.0,0.0,173.7,4.3,248.0,1.0,1.0,238.0,688.0,283.0,0.0,270.0,9.44,402.6,277.0,31.9,31.4,0.2,2.3,1230.0,0.0,15.54,17.0,41.4,39.9,41.8,39.2,41.3,41.5,42.3,42.4,57.8,59.2,26.8,27.7,32.7,34.9,33.0,31.0,25.0,-0.2,-0.3,0.0,6.0,6.0,4.0,0.0,26.0,25.0,25.0,58.0,62.0,68.0,27.0,27.0,300.0,0.0,0.0,0.0,0.0,0.0,0.0,0.0,0.0,0.0
9.7,258.01,0.24,0.23,0.24,6.12,5.76,6.64,9.72,-5.3,0.0,0.03,173.7,5.8,252.0,1.0,1.0,248.0,688.0,295.0,0.0,283.0,9.68,425.4,289.0,32.0,31.5,0.2,2.3,1259.9,0.0,15.59,17.0,41.4,39.8,41.8,39.1,41.2,41.5,42.3,42.3,57.8,59.2,26.8,27.7,32.7,34.9,33.0,31.0,25.0,0.0,0.1,0.0,6.0,6.0,4.0,0.0,26.0,25.0,25.0,58.0,62.0,68.0,27.0,27.0,300.0,0.0,0.0,0.0,0.0,0.0,0.0,0.0,0.0,0.0
11.44,199.01,0.25,0.23,0.24,9.32,8.18,10.08,11.48,6.7,0.01,0.01,173.8,6.0,245.0,1.0,1.0,421.0,688.0,507.0,-4.0,483.0,11.46,602.2,409.0,31.4,30.9,0.1,2.3,2067.6,0.0,16.83,17.0,41.8,40.2,42.2,39.5,41.6,41.9,42.6,42.6,57.8,59.2,26.7,27.7,32.8,34.9,36.0,32.0,25.0,0.0,0.0,0.0,6.0,6.0,4.0,0.0,26.0,25.0,25.0,58.0,62.0,69.0,27.0,27.0,300.0,0.0,0.0,0.0,0.0,0.0,0.0,0.0,0.0,0.0
12.42,105.01,0.25,0.24,0.24,9.5,8.86,9.66,12.47,21.1,0.04,0.1,75.2,5.3,237.0,1.0,1.0,534.0,689.0,651.0,0.0,619.0,12.42,710.4,483.0,32.6,32.2,0.2,2.3,2067.6,0.0,16.83,16.9,41.4,39.7,41.8,39.2,41.2,41.5,42.1,42.1,57.7,59.2,26.7,27.7,32.7,34.7,38.0,35.0,25.0,0.0,-0.6,0.0,6.0,6.0,4.0,0.0,26.0,25.0,25.0,58.0,62.0,69.0,27.0,27.0,300.0,0.0,0.0,0.0,0.0,0.0,0.0,0.0,0.0,0.0
11.06,99.0,0.24,0.23,0.24,6.88,7.1,7.4,11.06,-1.4,0.01,0.0,173.6,6.7,250.0,1.0,1.0,331.0,689.0,406.0,0.0,410.0,11.0,538.8,371.0,31.8,31.6,0.1,2.3,1691.5,0.0,16.27,17.0,41.1,39.5,41.5,38.9,41.0,41.2,42.1,42.1,57.7,59.2,26.7,27.7,32.6,34.7,34.0,31.0,25.0,0.0,-0.2,0.0,6.0,6.0,4.0,0.0,26.0,25.0,25.0,58.0,62.0,68.0,27.0,27.0,300.0,0.0,0.0,0.0,0.0,0.0,0.0,0.0,0.0,0.0
0.0,0.0,0.0,0.0,0.0,0.0,0.0,0.0,0.0,0.0,0.0,0.0,0.0,0.0,0.0,0.0,0.0,0.0,0.0,384.0,2.0,0.0,0.0,0.0,0.0,0.0,0.0,0.0,0.0,0.0,0.0,0.0,0.0,0.0,0.0,0.0,0.0,0.0,0.0,0.0,0.0,0.0,0.0,0.0,0.0,0.0,0.0,0.0,0.0,0.0,0.0,0.0,0.0,0.0,0.0,0.0,0.0,0.0,0.0,0.0,0.0,0.0,0.0,0.0,0.0,0.0,0.0,0.0,0.0,0.0,0.0,0.0,0.0,0.0,0.0
11.46,232.99,0.25,0.23,0.24,8.08,6.46,8.7,11.47,10.4,0.01,0.01,0.0,6.6,233.0,1.0,1.0,405.0,688.0,498.0,0.0,472.0,11.44,592.0,406.0,32.5,32.1,0.1,2.3,2067.6,0.0,16.83,16.9,41.4,39.8,41.8,39.2,41.2,41.5,42.1,42.1,57.7,59.2,26.7,27.7,32.8,34.8,37.0,33.0,25.0,0.2,0.0,0.0,6.0,6.0,4.0,1.0,26.0,25.0,25.0,58.0,62.0,68.0,27.0,27.0,300.0,0.0,0.0,0.0,0.0,0.0,0.0,0.0,0.0,0.0
9.48,54.0,0.24,0.23,0.24,6.98,6.32,8.42,9.48,4.8,0.05,0.03,173.7,4.3,248.0,1.0,1.0,234.0,688.0,281.0,0.0,270.0,9.46,403.6,277.0,32.3,31.9,0.1,2.3,1230.0,0.0,15.54,17.0,41.4,39.8,41.8,39.2,41.3,41.5,42.3,42.4,57.8,59.2,26.8,27.7,32.7,34.9,33.0,30.0,25.0,-0.2,0.0,0.0,6.0,6.0,4.0,0.0,26.0,25.0,25.0,58.0,62.0,68.0,27.0,27.0,300.0,0.0,0.0,0.0,0.0,0.0,0.0,0.0,0.0,0.0
9.57,150.98,0.24,0.23,0.24,5.8,5.1,7.08,9.61,-5.3,0.01,0.04,173.6,4.9,251.0,1.0,1.0,237.0,688.0,286.0,0.0,271.0,9.54,412.2,282.0,32.2,31.7,0.1,2.3,1230.0,0.0,15.54,17.0,41.4,39.8,41.8,39.2,41.2,41.5,42.3,42.3,57.8,59.2,26.8,27.7,32.7,34.9,33.0,30.0,25.0,0.0,0.0,0.2,6.0,6.0,4.0,0.0,26.0,25.0,25.0,58.0,62.0,68.0,27.0,27.0,300.0,0.0,0.0,0.0,0.0,0.0,0.0,0.0,0.0,0.0
11.6,218.99,0.24,0.23,0.24,8.88,7.26,9.64,11.61,8.4,0.04,-0.03,0.0,5.7,232.0,1.0,1.0,404.0,688.0,492.0,0.0,485.0,11.6,604.0,413.0,32.3,32.1,0.1,2.3,2067.6,0.0,16.83,17.0,41.4,39.8,41.8,39.2,41.2,41.5,42.1,42.1,57.7,59.2,26.7,27.7,32.8,34.8,36.0,33.0,25.0,0.0,0.0,0.0,6.0,6.0,4.0,1.0,26.0,25.0,25.0,58.0,62.0,69.0,27.0,27.0,300.0,0.0,0.0,0.0,0.0,0.0,0.0,0.0,0.0,0.0
11.41,218.99,0.25,0.23,0.24,8.04,7.22,8.38,11.5,-18.9,0.03,-0.04,176.5,6.5,241.0,1.0,1.0,454.0,688.0,547.0,-4.0,504.0,11.44,610.1,415.0,32.7,32.6,0.2,2.3,2067.6,0.0,16.83,16.9,41.4,39.8,41.8,39.2,41.2,41.5,42.1,42.2,57.7,59.2,26.7,27.7,32.7,34.9,37.0,34.0,25.0,0.4,0.2,0.0,6.0,6.0,4.0,0.0,26.0,25.0,25.0,58.0,62.0,69.0,27.0,27.0,300.0,0.0,0.0,0.0,0.0,0.0,0.0,0.0,0.0,0.0
14.18,256.0,0.25,0.24,0.25,11.82,9.64,13.62,14.18,10.4,0.0,-0.02,173.6,8.0,241.0,1.0,1.0,747.0,689.0,908.0,0.0,905.0,14.18,910.9,622.0,32.2,31.9,0.2,2.3,2067.6,0.0,16.83,17.0,41.2,39.6,41.7,39.0,41.1,41.4,42.1,42.1,57.7,59.2,26.7,27.7,32.7,34.7,40.0,35.0,25.0,-0.5,0.0,0.0,6.0,6.0,4.0,0.0,26.0,25.0,25.0,58.0,62.0,68.0,27.0,27.0,300.0,0.0,0.0,0.0,0.0,0.0,0.0,0.0,0.0,0.0
12.68,333.0,0.25,0.24,0.24,9.76,10.42,11.14,12.67,4.5,-0.03,0.0,178.0,6.6,234.0,1.0,1.0,547.0,689.0,669.0,2.0,659.0,12.66,729.0,499.0,32.5,32.2,0.2,2.3,2067.6,0.0,16.83,17.0,41.4,39.8,41.8,39.2,41.2,41.5,42.1,42.1,57.7,59.2,26.7,27.7,32.8,34.9,37.0,33.0,25.0,-0.2,0.0,-0.2,6.0,6.0,4.0,0.0,26.0,25.0,25.0,58.0,62.0,68.0,27.0,27.0,300.0,0.0,0.0,0.0,0.0,0.0,0.0,0.0,0.0,0.0
11.16,166.0,0.24,0.23,0.24,8.58,7.5,9.18,11.18,-3.0,0.01,-0.07,173.6,6.9,250.0,1.0,1.0,335.0,689.0,415.0,2.0,422.0,11.12,550.4,377.0,31.9,31.5,0.1,2.3,1691.5,0.0,16.27,17.0,41.1,39.5,41.5,38.9,41.0,41.2,42.1,42.1,57.7,59.2,26.7,27.7,32.6,34.7,34.0,31.0,25.0,0.0,0.0,0.0,6.0,6.0,4.0,0.0,26.0,25.0,25.0,58.0,62.0,68.0,27.0,27.0,300.0,0.0,0.0,0.0,0.0,0.0,0.0,0.0,0.0,0.0
13.89,13.0,0.25,0.24,0.24,9.14,11.92,10.12,13.91,10.6,-0.03,-0.03,173.5,7.4,241.0,1.0,1.0,741.0,689.0,904.0,-2.0,875.0,13.88,880.7,601.0,32.3,32.1,0.1,2.3,2067.6,0.0,16.83,17.0,41.2,39.6,41.7,39.0,41.1,41.4,42.1,42.1,57.7,59.2,26.7,27.8,32.7,34.8,40.0,36.0,25.0,0.0,0.8,-0.7,6.0,6.0,4.0,0.0,26.0,25.0,25.0,58.0,62.0,69.0,27.0,27.0,300.0,0.0,0.0,0.0,0.0,0.0,0.0,0.0,0.0,0.0
11.37,272.02,0.25,0.23,0.24,7.94,7.6,8.42,11.42,4.8,-0.01,0.02,173.8,5.6,249.0,1.0,1.0,403.0,688.0,491.0,0.0,480.0,11.4,592.4,404.0,32.1,31.6,0.1,2.2,1777.2,0.0,16.39,17.0,41.7,40.1,42.1,39.3,41.5,41.7,42.5,42.5,57.8,59.2,26.7,27.7,32.8,34.7,35.0,31.0,25.0,0.0,0.5,0.2,6.0,6.0,4.0,0.0,26.0,25.0,25.0,58.0,62.0,68.0,27.0,27.0,300.0,0.0,0.0,0.0,0.0,0.0,0.0,0.0,0.0,0.0
11.52,294.01,0.25,0.23,0.24,9.12,8.72,9.76,11.52,0.0,0.04,0.04,173.7,5.4,252.0,1.0,1.0,408.0,687.0,504.0,0.0,484.0,11.52,600.9,411.0,32.1,31.6,0.1,2.3,1926.0,0.0,16.62,17.0,41.6,40.0,42.0,39.3,41.4,41.7,42.4,42.5,57.8,59.2,26.7,27.7,32.7,34.7,35.0,32.0,25.0,0.0,0.0,0.0,6.0,6.0,4.0,0.0,26.0,25.0,25.0,58.0,62.0,68.0,27.0,27.0,300.0,0.0,0.0,0.0,0.0,0.0,0.0,0.0,0.0,0.0
11.22,244.01,0.25,0.23,0.24,7.38,6.04,7.84,11.23,-13.5,0.01,0.05,173.7,6.5,257.0,1.0,1.0,393.0,687.0,468.0,0.0,455.0,11.24,574.6,393.0,31.9,31.1,0.2,2.3,1857.8,0.0,16.52,17.0,41.6,40.0,42.0,39.3,41.4,41.7,42.4,42.4,57.8,59.2,26.7,27.7,32.7,34.8,35.0,32.0,25.0,0.0,0.0,0.0,6.0,6.0,4.0,0.0,26.0,25.0,25.0,58.0,62.0,68.0,27.0,27.0,300.0,0.0,0.0,0.0,0.0,0.0,0.0,0.0,0.0,0.0
13.19,61.99,0.25,0.24,0.24,8.44,10.58,8.64,13.13,-6.9,-0.04,-0.04,0.0,8.8,270.0,1.0,1.0,475.0,689.0,577.0,8.0,628.0,13.1,732.8,518.0,32.8,32.4,0.1,2.3,1590.5,0.0,16.11,16.6,41.4,39.7,41.7,39.2,41.2,41.5,42.2,42.2,57.7,59.2,26.7,27.7,32.7,34.8,35.0,32.0,25.0,0.0,0.5,0.0,6.0,6.0,4.0,2.0,26.0,25.0,25.0,58.0,62.0,68.0,27.0,27.0,300.0,0.0,0.0,0.0,0.0,0.0,0.0,0.0,0.0,0.0
9.9,303.98,0.24,0.23,0.24,7.38,6.88,7.68,9.88,-2.6,0.02,0.02,173.8,5.4,252.0,1.0,1.0,255.0,689.0,314.0,0.0,298.0,9.88,437.1,301.0,32.3,31.8,0.1,2.3,1259.9,0.0,15.59,17.0,41.4,39.8,41.8,39.1,41.2,41.5,42.3,42.3,57.8,59.2,26.8,27.7,32.7,34.8,33.0,31.0,25.0,0.0,0.0,0.0,6.0,6.0,4.0,0.0,26.0,25.0,25.0,58.0,62.0,68.0,27.0,27.0,300.0,0.0,0.0,0.0,0.0,0.0,0.0,0.0,0.0,0.0
11.49,11.02,0.25,0.24,0.24,9.3,10.12,9.88,11.53,15.0,0.01,0.0,0.0,6.1,232.0,1.0,1.0,397.0,688.0,495.0,0.0,473.0,11.48,597.0,407.0,32.9,32.6,0.1,2.2,2067.6,0.0,16.83,16.9,41.4,39.8,41.8,39.2,41.3,41.5,42.1,42.1,57.7,59.2,26.7,27.7,32.8,34.8,37.0,33.0,25.0,-0.4,0.0,-0.4,6.0,6.0,4.0,1.0,26.0,25.0,25.0,58.0,62.0,69.0,27.0,27.0,300.0,0.0,0.0,0.0,0.0,0.0,0.0,0.0,0.0,0.0
10.35,34.99,0.24,0.23,0.24,7.14,7.2,7.58,10.35,-34.0,-0.05,0.1,0.0,6.4,268.0,1.0,1.0,272.0,688.0,329.0,0.0,331.0,10.3,469.5,324.0,32.6,32.4,0.1,2.3,2067.6,0.0,16.83,16.6,41.4,39.7,41.8,39.2,41.2,41.5,42.2,42.2,57.7,59.2,26.7,27.7,32.7,34.8,35.0,32.0,25.0,0.0,0.0,0.0,6.0,6.0,4.0,2.0,26.0,25.0,25.0,58.0,62.0,68.0,27.0,27.0,300.0,0.0,0.0,0.0,0.0,0.0,0.0,0.0,0.0,0.0
10.57,254.02,0.25,0.23,0.24,7.58,6.98,7.76,10.61,-32.8,-0.05,-0.03,175.9,7.0,247.0,1.0,1.0,378.0,688.0,467.0,-2.0,415.0,10.62,538.7,357.0,32.8,32.5,0.1,2.3,2067.6,0.0,16.83,16.9,41.4,39.7,41.8,39.2,41.2,41.5,42.1,42.2,57.7,59.2,26.7,27.7,32.7,34.9,36.0,33.0,25.0,0.2,0.0,0.0,6.0,6.0,4.0,0.0,26.0,25.0,25.0,58.0,62.0,68.0,27.0,27.0,300.0,0.0,0.0,0.0,0.0,0.0,0.0,0.0,0.0,0.0
9.66,126.0,0.24,0.23,0.24,7.32,6.5,8.26,9.7,-0.1,0.03,0.01,173.7,4.4,252.0,1.0,1.0,256.0,687.0,314.0,0.0,294.0,9.66,426.1,292.0,32.4,32.1,0.1,2.3,1778.2,0.0,16.4,17.0,41.5,39.9,41.9,39.2,41.3,41.6,42.4,42.4,57.8,59.2,26.7,27.7,32.7,34.9,34.0,31.0,25.0,0.0,-0.1,0.0,6.0,6.0,4.0,0.0,26.0,25.0,25.0,58.0,62.0,68.0,27.0,27.0,300.0,0.0,0.0,0.0,0.0,0.0,0.0,0.0,0.0,0.0
9.65,141.98,0.24,0.23,0.24,6.16,5.2,7.26,9.63,-3.8,-0.05,0.03,173.7,4.8,251.0,1.0,1.0,236.0,688.0,286.0,0.0,278.0,9.62,420.0,286.0,32.2,32.0,0.2,2.2,1259.9,0.0,15.59,17.0,41.4,39.8,41.8,39.1,41.2,41.5,42.3,42.3,57.8,59.2,26.8,27.7,32.7,34.9,33.0,30.0,25.0,0.0,0.0,0.0,6.0,6.0,4.0,0.0,26.0,25.0,25.0,58.0,62.0,68.0,27.0,27.0,300.0,0.0,0.0,0.0,0.0,0.0,0.0,0.0,0.0,0.0
10.8,333.0,0.25,0.23,0.24,8.04,7.2,7.66,10.81,12.3,0.01,0.01,173.6,5.0,250.0,1.0,1.0,346.0,688.0,427.0,0.0,401.0,10.8,530.8,364.0,32.1,31.4,0.1,2.2,1691.5,0.0,16.27,17.0,41.1,39.5,41.6,38.9,41.0,41.2,42.1,42.2,57.7,59.2,26.7,27.7,32.6,34.7,34.0,31.0,25.0,0.0,0.0,0.0,6.0,6.0,4.0,0.0,26.0,25.0,25.0,58.0,62.0,68.0,27.0,27.0,300.0,0.0,0.0,0.0,0.0,0.0,0.0,0.0,0.0,0.0
11.3,41.0,0.25,0.24,0.24,7.38,7.58,7.62,11.31,-10.8,-0.01,0.02,173.7,6.4,256.0,1.0,1.0,395.0,687.0,474.0,-2.0,461.0,11.28,581.1,395.0,32.1,31.7,0.1,2.3,1857.8,0.0,16.52,17.0,41.6,40.0,42.0,39.3,41.4,41.7,42.4,42.4,57.8,59.2,26.7,27.7,32.7,34.8,35.0,32.0,25.0,0.0,0.2,0.0,6.0,6.0,4.0,0.0,26.0,25.0,25.0,58.0,62.0,68.0,27.0,27.0,300.0,0.0,0.0,0.0,0.0,0.0,0.0,0.0,0.0,0.0
11.51,329.0,0.25,0.24,0.24,8.24,8.22,8.76,11.52,-4.9,0.0,-0.02,173.7,5.1,253.0,1.0,1.0,414.0,688.0,498.0,0.0,482.0,11.5,598.7,410.0,31.8,31.3,0.1,2.2,1926.0,0.0,16.62,17.0,41.6,40.0,42.0,39.3,41.4,41.7,42.4,42.5,57.8,59.2,26.7,27.7,32.7,34.7,35.0,32.0,25.0,0.0,0.0,0.0,6.0,6.0,4.0,0.0,26.0,25.0,25.0,58.0,62.0,69.0,27.0,27.0,300.0,0.0,0.0,0.0,0.0,0.0,0.0,0.0,0.0,0.0
11.41,135.0,0.25,0.23,0.24,8.02,6.6,8.58,11.45,2.7,-0.04,0.01,173.8,6.6,249.0,1.0,1.0,399.0,688.0,494.0,0.0,484.0,11.42,593.1,406.0,31.7,31.4,0.2,2.3,1777.2,0.0,16.39,17.0,41.7,40.1,42.1,39.3,41.5,41.8,42.5,42.5,57.8,59.2,26.7,27.7,32.7,34.7,35.0,31.0,25.0,0.0,-0.1,0.2,6.0,6.0,4.0,0.0,26.0,25.0,25.0,58.0,62.0,68.0,27.0,27.0,300.0,0.0,0.0,0.0,0.0,0.0,0.0,0.0,0.0,0.0
11.94,117.0,0.25,0.24,0.24,7.42,7.8,8.18,11.97,10.1,0.01,-0.03,0.0,5.0,235.0,1.0,1.0,480.0,688.0,589.0,0.0,558.0,11.94,653.5,446.0,32.3,32.2,0.2,2.3,2067.6,0.0,16.83,16.9,41.4,39.7,41.8,39.2,41.2,41.5,42.1,42.1,57.7,59.1,26.7,27.7,32.8,34.7,38.0,34.0,25.0,0.0,0.0,0.0,6.0,6.0,4.0,1.0,26.0,26.0,25.0,58.0,62.0,69.0,27.0,27.0,300.0,0.0,0.0,0.0,0.0,0.0,0.0,0.0,0.0,0.0
10.69,173.02,0.24,0.23,0.24,8.44,7.6,9.42,10.73,10.1,-0.01,0.06,173.6,4.1,249.0,1.0,1.0,347.0,688.0,415.0,0.0,398.0,10.68,519.3,357.0,32.3,32.0,0.1,2.3,1691.5,0.0,16.27,17.0,41.1,39.5,41.6,38.9,41.0,41.2,42.1,42.2,57.7,59.2,26.7,27.7,32.6,34.7,34.0,31.0,25.0,0.0,0.0,0.0,6.0,6.0,4.0,0.0,26.0,25.0,25.0,58.0,62.0,68.0,27.0,27.0,300.0,0.0,0.0,0.0,0.0,0.0,0.0,0.0,0.0,0.0
10.71,173.02,0.24,0.23,0.24,7.02,5.82,8.06,10.73,11.5,0.02,-0.04,173.8,5.9,244.0,1.0,1.0,324.0,687.0,394.0,0.0,389.0,10.7,518.4,354.0,31.8,31.6,0.1,2.2,1969.4,0.0,16.68,17.0,41.8,40.2,42.1,39.5,41.6,41.8,42.6,42.6,57.8,59.2,26.7,27.7,32.8,34.7,35.0,31.0,25.0,0.0,0.1,0.2,6.0,6.0,4.0,0.0,26.0,25.0,25.0,58.0,62.0,69.0,27.0,27.0,300.0,0.0,0.0,0.0,0.0,0.0,0.0,0.0,0.0,0.0
11.74,83.99,0.25,0.24,0.24,8.62,9.08,9.04,11.75,-0.6,0.02,0.04,173.7,6.3,250.0,1.0,1.0,427.0,688.0,511.0,0.0,514.0,11.72,619.6,425.0,32.2,31.9,0.1,2.2,1782.4,0.0,16.4,17.0,41.7,40.1,42.0,39.3,41.5,41.7,42.5,42.5,57.8,59.2,26.7,27.7,32.8,34.7,35.0,31.0,25.0,0.0,-0.2,0.0,6.0,6.0,4.0,0.0,26.0,25.0,25.0,58.0,62.0,68.0,27.0,27.0,300.0,0.0,0.0,0.0,0.0,0.0,0.0,0.0,0.0,0.0
10.08,279.0,0.24,0.23,0.24,7.7,7.74,8.58,10.07,-5.9,0.03,0.09,173.7,5.9,259.0,1.0,1.0,264.0,688.0,318.0,0.0,324.0,10.06,451.2,311.0,32.3,31.8,0.1,2.2,1413.3,0.0,15.84,17.0,41.2,39.6,41.6,39.0,41.0,41.3,42.2,42.2,57.8,59.2,26.7,27.7,32.6,34.6,34.0,31.0,25.0,0.0,0.0,-0.2,6.0,6.0,4.0,0.0,26.0,25.0,25.0,58.0,62.0,68.0,27.0,27.0,300.0,0.0,0.0,0.0,0.0,0.0,0.0,0.0,0.0,0.0
10.83,330.01,0.25,0.23,0.24,9.12,8.24,8.84,10.83,2.8,0.01,-0.03,173.8,5.6,246.0,1.0,1.0,335.0,688.0,412.0,0.0,393.0,10.82,525.1,362.0,31.8,31.7,0.1,2.3,1510.2,0.0,15.99,17.0,41.8,40.2,42.1,39.4,41.6,41.8,42.5,42.6,57.8,59.2,26.7,27.7,32.8,34.7,35.0,31.0,25.0,0.0,-0.2,-0.2,6.0,6.0,4.0,0.0,26.0,25.0,25.0,58.0,62.0,69.0,27.0,27.0,300.0,0.0,0.0,0.0,0.0,0.0,0.0,0.0,0.0,0.0
12.61,85.0,0.25,0.24,0.24,9.3,10.22,9.52,12.62,2.6,-0.04,0.03,173.7,8.0,251.0,1.0,1.0,443.0,689.0,543.0,6.0,573.0,12.56,688.3,478.0,32.2,32.0,0.1,2.3,1691.5,0.0,16.27,17.0,41.1,39.5,41.5,38.9,41.0,41.2,42.1,42.1,57.7,59.2,26.7,27.7,32.6,34.7,35.0,32.0,25.0,0.0,-0.5,0.0,6.0,6.0,4.0,0.0,26.0,25.0,25.0,58.0,62.0,68.0,27.0,27.0,300.0,0.0,0.0,0.0,0.0,0.0,0.0,0.0,0.0,0.0
14.07,227.02,0.25,0.24,0.25,9.96,8.34,11.96,14.09,14.3,0.04,0.02,173.6,7.4,242.0,1.0,1.0,742.0,689.0,902.0,-2.0,886.0,14.08,897.3,614.0,31.8,31.2,0.1,2.3,2067.6,0.0,16.83,17.0,41.2,39.5,41.6,39.0,41.0,41.3,42.1,42.1,57.7,59.1,26.7,27.7,32.7,34.7,40.0,35.0,25.0,0.0,0.0,0.5,6.0,6.0,4.0,0.0,26.0,25.0,25.0,58.0,62.0,68.0,27.0,27.0,300.0,0.0,0.0,0.0,0.0,0.0,0.0,0.0,0.0,0.0
11.07,193.0,0.25,0.23,0.24,9.04,7.5,9.82,11.09,-4.2,0.03,-0.01,173.7,5.7,256.0,1.0,1.0,369.0,687.0,454.0,0.0,442.0,11.08,559.4,382.0,32.3,31.9,0.1,2.3,1857.8,0.0,16.52,17.0,41.6,40.0,42.0,39.3,41.4,41.6,42.4,42.4,57.8,59.2,26.7,27.7,32.7,34.8,35.0,32.0,25.0,0.0,0.0,0.0,6.0,6.0,4.0,0.0,26.0,25.0,25.0,58.0,62.0,68.0,27.0,27.0,300.0,0.0,0.0,0.0,0.0,0.0,0.0,0.0,0.0,0.0
9.68,47.02,0.24,0.23,0.24,7.08,6.56,7.28,9.69,8.4,0.03,0.0,173.7,5.1,250.0,1.0,1.0,240.0,688.0,290.0,0.0,285.0,9.66,419.8,289.0,31.9,31.2,0.2,2.2,1778.2,0.0,16.4,17.0,41.5,39.9,41.9,39.2,41.3,41.6,42.4,42.4,57.8,59.2,26.8,27.7,32.7,34.9,34.0,31.0,25.0,-0.2,0.0,0.0,6.0,6.0,4.0,0.0,26.0,25.0,25.0,58.0,62.0,68.0,27.0,27.0,300.0,0.0,0.0,0.0,0.0,0.0,0.0,0.0,0.0,0.0
11.11,13.0,0.25,0.23,0.24,7.06,7.2,7.08,11.1,-1.7,-0.01,0.05,173.8,6.2,250.0,1.0,1.0,367.0,688.0,437.0,-2.0,437.0,11.08,553.9,380.0,32.1,31.5,0.2,2.3,1482.4,0.0,15.95,17.0,41.7,40.1,42.1,39.4,41.6,41.8,42.5,42.6,57.8,59.2,26.7,27.7,32.8,34.7,35.0,31.0,25.0,0.2,0.2,0.0,6.0,6.0,4.0,0.0,26.0,25.0,25.0,58.0,62.0,69.0,27.0,27.0,300.0,0.0,0.0,0.0,0.0,0.0,0.0,0.0,0.0,0.0
10.81,267.98,0.24,0.23,0.24,7.14,7.22,7.64,10.85,13.1,-0.01,-0.05,173.6,5.0,250.0,1.0,1.0,350.0,689.0,418.0,-2.0,403.0,10.82,537.0,364.0,32.2,31.6,0.1,2.3,1691.5,0.0,16.27,17.0,41.1,39.5,41.6,38.9,41.0,41.2,42.1,42.2,57.7,59.2,26.7,27.7,32.6,34.7,34.0,31.0,25.0,0.0,0.3,0.0,6.0,6.0,4.0,0.0,26.0,25.0,25.0,58.0,62.0,68.0,27.0,27.0,300.0,0.0,0.0,0.0,0.0,0.0,0.0,0.0,0.0,0.0
9.65,348.98,0.24,0.23,0.24,7.94,7.1,7.72,9.66,8.9,-0.01,-0.01,173.7,4.8,250.0,1.0,1.0,240.0,688.0,289.0,-2.0,283.0,9.64,418.9,287.0,32.0,31.1,0.1,2.3,1778.2,0.0,16.4,17.0,41.5,39.9,41.9,39.2,41.3,41.6,42.4,42.4,57.8,59.2,26.8,27.7,32.7,34.9,34.0,31.0,25.0,0.0,0.0,-0.2,6.0,6.0,4.0,0.0,26.0,25.0,25.0,58.0,62.0,68.0,27.0,27.0,300.0,0.0,0.0,0.0,0.0,0.0,0.0,0.0,0.0,0.0
10.13,339.98,0.24,0.23,0.24,7.06,7.02,7.1,10.14,-4.1,-0.04,0.03,173.6,5.3,259.0,1.0,1.0,266.0,688.0,320.0,0.0,322.0,10.12,460.8,314.0,32.1,31.8,0.1,2.3,1413.3,0.0,15.84,17.0,41.2,39.6,41.6,39.0,41.0,41.3,42.2,42.2,57.8,59.2,26.8,27.7,32.6,34.6,34.0,31.0,25.0,0.0,0.0,-0.2,6.0,6.0,4.0,0.0,26.0,25.0,25.0,58.0,62.0,68.0,27.0,27.0,300.0,0.0,0.0,0.0,0.0,0.0,0.0,0.0,0.0,0.0
14.2,65.99,0.25,0.24,0.24,10.7,13.04,10.68,14.22,6.4,-0.02,0.08,173.5,7.0,242.0,1.0,1.0,747.0,689.0,911.0,0.0,908.0,14.18,912.7,624.0,32.0,31.7,0.1,2.3,2067.6,0.0,16.83,17.0,41.2,39.6,41.7,39.0,41.1,41.4,42.1,42.1,57.7,59.1,26.7,27.7,32.7,34.8,40.0,35.0,25.0,0.0,-0.3,-0.7,6.0,6.0,4.0,0.0,26.0,25.0,25.0,58.0,62.0,68.0,27.0,27.0,300.0,0.0,0.0,0.0,0.0,0.0,0.0,0.0,0.0,0.0
9.84,59.0,0.24,0.23,0.24,5.64,5.28,6.38,9.86,-5.2,0.03,0.02,173.8,4.7,253.0,1.0,1.0,258.0,688.0,317.0,-2.0,309.0,9.84,440.8,301.0,32.1,31.8,0.2,2.3,1259.9,0.0,15.59,17.0,41.4,39.7,41.7,39.1,41.2,41.4,42.3,42.3,57.8,59.2,26.8,27.7,32.7,34.7,34.0,31.0,25.0,0.0,0.0,0.1,6.0,6.0,4.0,0.0,26.0,25.0,25.0,58.0,62.0,68.0,27.0,27.0,300.0,0.0,0.0,0.0,0.0,0.0,0.0,0.0,0.0,0.0
11.79,11.02,0.25,0.24,0.24,8.12,9.06,9.02,11.82,-11.9,-0.01,-0.03,176.5,5.7,239.0,1.0,1.0,482.0,689.0,586.0,-2.0,546.0,11.8,646.9,439.0,32.4,31.8,0.1,2.3,2067.6,0.0,16.83,16.9,41.4,39.7,41.8,39.2,41.2,41.5,42.1,42.2,57.7,59.2,26.7,27.7,32.8,34.9,37.0,34.0,25.0,0.0,0.4,-0.2,6.0,6.0,4.0,0.0,26.0,25.0,25.0,58.0,62.0,68.0,27.0,27.0,300.0,0.0,0.0,0.0,0.0,0.0,0.0,0.0,0.0,0.0
10.88,1.01,0.25,0.23,0.24,7.96,7.52,7.78,10.9,3.8,0.02,0.02,173.7,5.1,255.0,1.0,1.0,361.0,688.0,436.0,0.0,416.0,10.88,544.6,370.0,32.0,31.6,0.2,2.3,1881.6,0.0,16.55,17.0,41.5,40.0,42.0,39.3,41.4,41.6,42.4,42.4,57.8,59.2,26.7,27.7,32.8,34.8,35.0,32.0,25.0,-0.2,0.0,0.0,6.0,6.0,4.0,0.0,26.0,25.0,25.0,58.0,62.0,68.0,27.0,27.0,300.0,0.0,0.0,0.0,0.0,0.0,0.0,0.0,0.0,0.0
14.07,121.0,0.25,0.24,0.24,10.72,10.54,10.68,14.08,15.5,0.01,0.02,173.6,6.6,241.0,1.0,1.0,739.0,689.0,899.0,0.0,880.0,14.06,897.8,613.0,32.0,32.0,0.1,2.3,2067.6,0.0,16.83,17.0,41.2,39.6,41.6,39.0,41.0,41.3,42.1,42.1,57.7,59.2,26.7,27.7,32.7,34.7,40.0,35.0,25.0,0.0,-1.1,0.0,6.0,6.0,4.0,0.0,26.0,25.0,25.0,58.0,62.0,68.0,27.0,27.0,300.0,0.0,0.0,0.0,0.0,0.0,0.0,0.0,0.0,0.0
12.56,240.01,0.25,0.23,0.24,10.62,8.66,11.66,12.59,13.5,0.03,0.12,173.6,6.2,238.0,1.0,1.0,552.0,689.0,673.0,-5.0,647.0,12.56,726.4,494.0,32.6,32.3,0.2,2.3,2067.6,0.0,16.83,16.9,41.4,39.7,41.8,39.1,41.2,41.5,42.1,42.1,57.7,59.2,26.7,27.7,32.7,34.7,38.0,35.0,25.0,0.0,0.0,0.0,6.0,6.0,4.0,0.0,26.0,25.0,25.0,58.0,62.0,69.0,27.0,27.0,300.0,0.0,0.0,0.0,0.0,0.0,0.0,0.0,0.0,0.0
10.2,40.0,0.24,0.23,0.24,6.38,6.28,6.86,10.21,-2.4,0.05,-0.06,173.8,5.1,258.0,1.0,1.0,267.0,688.0,327.0,0.0,328.0,10.16,460.5,317.0,32.0,31.6,0.1,2.3,1413.3,0.0,15.84,17.0,41.2,39.6,41.7,39.0,41.0,41.3,42.2,42.2,57.8,59.2,26.8,27.7,32.6,34.6,34.0,31.0,25.0,0.0,0.0,0.0,6.0,6.0,4.0,0.0,26.0,25.0,25.0,58.0,62.0,68.0,27.0,27.0,300.0,0.0,0.0,0.0,0.0,0.0,0.0,0.0,0.0,0.0
11.01,2.99,0.25,0.23,0.24,8.62,7.78,8.54,11.02,-6.4,0.0,-0.01,173.8,6.9,248.0,1.0,1.0,342.0,687.0,427.0,2.0,417.0,10.98,542.9,373.0,31.6,31.1,0.1,2.2,1510.2,0.0,15.99,17.0,41.7,40.2,42.1,39.4,41.6,41.8,42.5,42.6,57.8,59.2,26.7,27.7,32.8,34.7,34.0,31.0,25.0,0.0,0.0,0.0,6.0,6.0,4.0,0.0,26.0,25.0,25.0,58.0,62.0,69.0,27.0,27.0,300.0,0.0,0.0,0.0,0.0,0.0,0.0,0.0,0.0,0.0
12.72,266.0,0.25,0.23,0.24,9.08,7.72,10.9,12.7,-11.1,-0.07,0.05,0.0,8.7,271.0,1.0,1.0,421.0,689.0,506.0,3.0,575.0,12.68,686.7,481.0,32.7,32.5,0.1,2.2,1590.5,0.0,16.11,16.5,41.4,39.7,41.7,39.2,41.2,41.5,42.1,42.2,57.7,59.2,26.7,27.7,32.7,34.9,35.0,32.0,25.0,0.0,0.2,0.0,6.0,6.0,4.0,2.0,26.0,25.0,25.0,58.0,62.0,68.0,27.0,27.0,300.0,0.0,0.0,0.0,0.0,0.0,0.0,0.0,0.0,0.0
14.28,249.01,0.25,0.23,0.24,11.82,9.64,14.04,14.28,14.3,0.13,-0.03,173.6,7.1,246.0,1.0,1.0,668.0,690.0,813.0,6.0,862.0,14.26,888.9,620.0,31.9,31.5,0.1,2.2,1926.0,0.0,16.62,17.0,41.0,39.5,41.5,38.9,41.0,41.2,42.1,42.1,57.7,59.2,26.7,27.7,32.6,34.7,36.0,32.0,25.0,-0.2,0.2,0.3,6.0,6.0,4.0,0.0,26.0,25.0,25.0,58.0,62.0,68.0,27.0,27.0,300.0,0.0,0.0,0.0,0.0,0.0,0.0,0.0,0.0,0.0
11.65,81.0,0.25,0.24,0.24,8.32,9.06,9.12,11.72,-13.0,0.02,0.05,176.7,5.4,239.0,1.0,1.0,468.0,689.0,580.0,-2.0,542.0,11.68,636.1,431.0,32.6,32.2,0.1,2.3,2067.6,0.0,16.83,16.9,41.4,39.8,41.8,39.2,41.2,41.5,42.1,42.2,57.7,59.2,26.7,27.7,32.7,34.9,37.0,34.0,25.0,0.0,0.0,0.0,6.0,6.0,4.0,0.0,26.0,25.0,25.0,58.0,62.0,68.0,27.0,27.0,300.0,0.0,0.0,0.0,0.0,0.0,0.0,0.0,0.0,0.0
11.43,321.98,0.25,0.23,0.24,8.82,9.14,8.78,11.43,4.8,0.01,0.01,173.7,4.5,249.0,1.0,1.0,398.0,688.0,485.0,0.0,477.0,11.42,593.1,403.0,32.2,31.8,0.2,2.2,1777.2,0.0,16.39,17.0,41.7,40.1,42.1,39.3,41.6,41.7,42.4,42.6,57.8,59.2,26.7,27.7,32.8,34.7,35.0,31.0,25.0,0.0,0.0,-0.4,6.0,6.0,4.0,0.0,26.0,25.0,25.0,58.0,62.0,68.0,27.0,27.0,300.0,0.0,0.0,0.0,0.0,0.0,0.0,0.0,0.0,0.0
10.11,253.01,0.24,0.23,0.24,6.72,5.78,7.66,10.12,3.1,0.01,0.0,173.7,5.5,252.0,1.0,1.0,287.0,688.0,345.0,-2.0,336.0,10.1,469.3,319.0,31.9,31.4,0.1,2.2,1881.6,0.0,16.55,17.0,41.5,39.9,41.9,39.2,41.4,41.6,42.4,42.4,57.8,59.2,26.7,27.7,32.8,34.9,34.0,31.0,25.0,0.0,0.1,0.0,6.0,6.0,4.0,0.0,26.0,25.0,25.0,58.0,62.0,68.0,27.0,27.0,300.0,0.0,0.0,0.0,0.0,0.0,0.0,0.0,0.0,0.0
9.44,73.01,0.24,0.23,0.24,5.64,5.5,6.38,9.46,5.0,0.06,0.04,173.6,4.5,248.0,1.0,1.0,231.0,687.0,278.0,-2.0,273.0,9.44,408.3,278.0,32.4,31.4,0.1,2.2,1230.0,0.0,15.54,17.0,41.4,39.8,41.8,39.2,41.2,41.5,42.3,42.4,57.8,59.2,26.8,27.7,32.7,34.9,33.0,31.0,25.0,0.0,0.0,0.1,6.0,6.0,4.0,0.0,26.0,25.0,25.0,58.0,62.0,68.0,27.0,27.0,300.0,0.0,0.0,0.0,0.0,0.0,0.0,0.0,0.0,0.0
11.79,1.01,0.25,0.24,0.24,7.72,8.58,8.12,11.82,17.4,0.04,-0.05,173.7,5.5,245.0,1.0,1.0,445.0,687.0,547.0,0.0,523.0,11.78,635.6,433.0,31.3,31.0,0.1,2.3,2067.6,0.0,16.83,17.0,41.8,40.3,42.2,39.5,41.7,41.9,42.6,42.6,57.8,59.2,26.7,27.7,32.8,34.9,36.0,32.0,25.0,0.0,0.6,0.0,6.0,6.0,4.0,0.0,26.0,25.0,25.0,58.0,62.0,69.0,27.0,27.0,300.0,0.0,0.0,0.0,0.0,0.0,0.0,0.0,0.0,0.0
11.97,213.01,0.25,0.23,0.24,8.12,6.54,8.86,12.03,0.6,0.06,0.03,10.7,8.8,231.0,1.0,1.0,427.0,688.0,513.0,-2.0,527.0,11.98,641.5,439.0,32.8,32.5,0.1,2.3,2067.6,0.0,16.83,17.0,41.4,39.8,41.8,39.2,41.2,41.5,42.1,42.1,57.7,59.2,26.7,27.7,32.8,34.8,36.0,33.0,25.0,0.2,0.0,0.2,6.0,6.0,4.0,0.0,26.0,25.0,25.0,58.0,62.0,68.0,27.0,27.0,300.0,0.0,0.0,0.0,0.0,0.0,0.0,0.0,0.0,0.0
12.09,155.99,0.25,0.23,0.24,9.58,8.78,10.22,12.14,-5.8,0.06,-0.05,176.8,6.4,237.0,1.0,1.0,509.0,689.0,614.0,-2.0,577.0,12.1,675.0,459.0,32.7,32.6,0.1,2.2,2067.6,0.0,16.83,16.9,41.4,39.8,41.8,39.2,41.2,41.5,42.1,42.1,57.7,59.2,26.7,27.7,32.8,34.9,37.0,34.0,25.0,0.0,-0.6,0.0,6.0,6.0,4.0,0.0,26.0,25.0,25.0,58.0,62.0,68.0,27.0,27.0,300.0,0.0,0.0,0.0,0.0,0.0,0.0,0.0,0.0,0.0
14.39,335.02,0.25,0.24,0.25,10.08,12.18,12.92,14.39,16.4,-0.04,0.02,173.5,6.7,246.0,1.0,1.0,693.0,690.0,840.0,6.0,872.0,14.36,901.0,630.0,31.9,31.6,0.1,2.3,1926.0,0.0,16.62,17.0,41.0,39.5,41.5,38.9,41.0,41.2,42.1,42.1,57.7,59.2,26.7,27.7,32.6,34.7,36.0,32.0,25.0,-0.2,0.8,-0.6,6.0,6.0,4.0,0.0,26.0,25.0,25.0,58.0,62.0,68.0,27.0,27.0,300.0,0.0,0.0,0.0,0.0,0.0,0.0,0.0,0.0,0.0
11.11,60.01,0.25,0.23,0.24,8.94,8.86,9.54,11.16,-4.6,0.01,0.03,173.7,5.7,256.0,1.0,1.0,376.0,687.0,455.0,0.0,447.0,11.12,565.3,384.0,32.1,31.3,0.1,2.2,1857.8,0.0,16.52,17.0,41.6,40.0,42.0,39.3,41.4,41.7,42.4,42.4,57.8,59.2,26.7,27.7,32.7,34.8,35.0,32.0,25.0,-0.2,-0.2,0.0,6.0,6.0,4.0,0.0,26.0,25.0,25.0,58.0,62.0,68.0,27.0,27.0,300.0,0.0,0.0,0.0,0.0,0.0,0.0,0.0,0.0,0.0
11.9,69.98,0.25,0.24,0.24,7.52,8.24,7.92,11.9,17.2,0.02,0.07,173.8,6.1,246.0,1.0,1.0,458.0,687.0,555.0,-2.0,537.0,11.88,646.4,439.0,31.7,31.9,0.1,2.3,2067.6,0.0,16.83,17.0,41.8,40.2,42.2,39.5,41.6,41.9,42.6,42.6,57.8,59.2,26.7,27.7,32.8,34.9,36.0,32.0,25.0,0.0,0.0,0.0,6.0,6.0,4.0,0.0,26.0,25.0,25.0,58.0,62.0,69.0,27.0,27.0,300.0,0.0,0.0,0.0,0.0,0.0,0.0,0.0,0.0,0.0
9.94,348.98,0.24,0.23,0.24,6.54,5.54,5.76,9.94,-15.7,-0.05,0.04,173.7,6.5,259.0,1.0,1.0,268.0,688.0,326.0,0.0,319.0,9.94,451.3,306.0,32.6,32.2,0.2,2.2,1304.2,0.0,15.66,17.0,41.3,39.7,41.7,39.0,41.1,41.4,42.2,42.2,57.8,59.2,26.8,27.7,32.6,34.7,34.0,31.0,25.0,0.1,0.1,0.0,6.0,6.0,4.0,0.0,26.0,25.0,25.0,58.0,62.0,68.0,27.0,27.0,300.0,0.0,0.0,0.0,0.0,0.0,0.0,0.0,0.0,0.0
9.6,118.01,0.24,0.23,0.24,5.64,4.84,7.34,9.65,2.3,0.08,0.01,173.6,5.0,252.0,1.0,1.0,245.0,687.0,299.0,0.0,280.0,9.62,419.8,286.0,32.2,31.8,0.1,2.3,1778.2,0.0,16.4,17.0,41.5,39.9,41.9,39.2,41.3,41.6,42.4,42.4,57.8,59.2,26.7,27.7,32.7,34.9,34.0,31.0,25.0,0.0,-0.1,0.2,6.0,6.0,4.0,0.0,26.0,25.0,25.0,58.0,62.0,68.0,27.0,27.0,300.0,0.0,0.0,0.0,0.0,0.0,0.0,0.0,0.0,0.0
14.07,312.01,0.25,0.24,0.25,9.8,10.76,12.1,14.06,15.6,0.02,0.04,173.5,7.1,241.0,1.0,1.0,741.0,689.0,896.0,-4.0,881.0,14.04,897.6,614.0,31.9,31.6,0.1,2.3,2067.6,0.0,16.83,17.0,41.2,39.6,41.6,39.0,41.0,41.3,42.1,42.1,57.7,59.2,26.7,27.7,32.7,34.7,40.0,35.0,25.0,0.0,1.0,0.0,6.0,6.0,4.0,0.0,26.0,25.0,25.0,58.0,62.0,68.0,27.0,27.0,300.0,0.0,0.0,0.0,0.0,0.0,0.0,0.0,0.0,0.0
10.89,334.01,0.25,0.23,0.24,7.9,7.28,7.86,10.94,12.2,0.0,0.09,173.7,5.5,253.0,1.0,1.0,333.0,688.0,410.0,0.0,401.0,10.88,535.1,366.0,32.3,31.9,0.1,2.2,1406.1,0.0,15.82,17.0,41.2,39.6,41.6,39.0,41.0,41.3,42.2,42.2,57.8,59.2,26.8,27.7,32.6,34.7,34.0,31.0,25.0,0.0,0.0,0.0,6.0,6.0,4.0,0.0,26.0,25.0,25.0,58.0,62.0,68.0,27.0,27.0,300.0,0.0,0.0,0.0,0.0,0.0,0.0,0.0,0.0,0.0
11.61,281.99,0.25,0.23,0.24,9.34,8.7,10.36,11.63,11.8,-0.02,0.04,173.8,5.6,245.0,1.0,1.0,432.0,687.0,537.0,0.0,511.0,11.62,615.6,421.0,31.6,31.7,0.2,2.3,2067.6,0.0,16.83,17.0,41.8,40.2,42.2,39.5,41.6,41.9,42.6,42.6,57.8,59.2,26.7,27.7,32.8,34.9,36.0,32.0,25.0,-0.2,0.2,0.0,6.0,6.0,4.0,0.0,26.0,25.0,25.0,58.0,62.0,69.0,27.0,27.0,300.0,0.0,0.0,0.0,0.0,0.0,0.0,0.0,0.0,0.0
14.18,171.0,0.25,0.24,0.24,10.12,7.62,10.74,14.17,11.7,0.05,0.08,173.6,7.2,241.0,1.0,1.0,741.0,689.0,902.0,0.0,902.0,14.16,908.2,621.0,32.4,32.2,0.1,2.3,2067.6,0.0,16.83,17.0,41.2,39.6,41.7,39.0,41.1,41.4,42.1,42.1,57.7,59.2,26.7,27.7,32.7,34.7,40.0,35.0,25.0,0.7,-0.2,1.2,6.0,6.0,4.0,0.0,26.0,25.0,25.0,58.0,62.0,68.0,27.0,27.0,300.0,0.0,0.0,0.0,0.0,0.0,0.0,0.0,0.0,0.0
10.89,6.98,0.25,0.23,0.24,7.0,6.82,6.88,10.91,10.8,0.06,0.08,173.6,4.8,251.0,1.0,1.0,347.0,689.0,427.0,0.0,410.0,10.88,537.2,368.0,32.3,31.7,0.1,2.3,1406.1,0.0,15.82,17.0,41.1,39.5,41.6,38.9,41.0,41.2,42.2,42.2,57.8,59.2,26.8,27.7,32.6,34.7,34.0,31.0,25.0,0.0,0.2,0.0,6.0,6.0,4.0,0.0,26.0,25.0,25.0,58.0,62.0,68.0,27.0,27.0,300.0,0.0,0.0,0.0,0.0,0.0,0.0,0.0,0.0,0.0
10.02,145.01,0.24,0.23,0.24,7.6,6.62,8.98,10.04,-40.2,0.03,-0.02,0.0,6.8,260.0,1.0,1.0,273.0,688.0,333.0,-2.0,314.0,10.02,456.5,312.0,32.5,32.1,0.1,2.3,2067.6,0.0,16.83,16.7,41.4,39.7,41.8,39.2,41.2,41.5,42.2,42.2,57.7,59.1,26.7,27.7,32.7,34.8,35.0,32.0,25.0,0.0,-0.1,0.2,6.0,6.0,4.0,2.0,26.0,25.0,25.0,58.0,62.0,68.0,27.0,27.0,300.0,0.0,0.0,0.0,0.0,0.0,0.0,0.0,0.0,0.0
12.7,104.0,0.25,0.24,0.24,10.16,10.26,10.4,12.78,4.3,-0.06,0.0,177.9,6.1,233.0,1.0,1.0,534.0,689.0,648.0,0.0,644.0,12.72,735.6,502.0,33.0,32.8,0.1,2.3,2067.6,0.0,16.83,17.0,41.4,39.8,41.8,39.2,41.2,41.5,42.1,42.1,57.7,59.2,26.7,27.7,32.8,34.9,37.0,33.0,25.0,0.0,-1.1,0.0,6.0,6.0,4.0,0.0,26.0,25.0,25.0,58.0,62.0,68.0,27.0,27.0,300.0,0.0,0.0,0.0,0.0,0.0,0.0,0.0,0.0,0.0
11.7,76.0,0.25,0.24,0.24,8.08,8.52,8.24,11.72,-6.1,0.0,0.02,173.7,5.6,252.0,1.0,1.0,438.0,688.0,523.0,0.0,516.0,11.68,621.9,425.0,31.8,31.2,0.1,2.2,1782.4,0.0,16.4,17.0,41.7,40.1,42.0,39.3,41.5,41.7,42.4,42.5,57.8,59.2,26.7,27.7,32.8,34.8,35.0,32.0,25.0,0.0,0.0,0.0,6.0,6.0,4.0,0.0,26.0,25.0,25.0,58.0,62.0,68.0,27.0,27.0,300.0,0.0,0.0,0.0,0.0,0.0,0.0,0.0,0.0,0.0
14.16,164.02,0.25,0.24,0.24,9.64,8.24,10.1,14.19,13.6,0.0,0.05,173.6,8.6,247.0,1.0,1.0,650.0,689.0,794.0,8.0,832.0,14.14,871.0,608.0,31.9,31.6,0.2,2.2,1691.5,0.0,16.27,17.0,41.1,39.5,41.5,38.9,41.0,41.2,42.1,42.1,57.7,59.2,26.7,27.7,32.6,34.7,36.0,32.0,25.0,0.4,-0.2,1.2,6.0,6.0,4.0,0.0,26.0,25.0,25.0,58.0,62.0,68.0,27.0,27.0,300.0,0.0,0.0,0.0,0.0,0.0,0.0,0.0,0.0,0.0
12.27,42.01,0.25,0.24,0.24,8.08,8.8,8.68,12.29,18.0,-0.03,-0.08,0.0,6.0,236.0,1.0,1.0,513.0,688.0,626.0,-2.0,601.0,12.26,686.8,469.0,32.3,32.0,0.1,2.3,2067.6,0.0,16.83,16.9,41.4,39.8,41.8,39.2,41.2,41.5,42.1,42.1,57.7,59.2,26.7,27.7,32.8,34.7,38.0,34.0,25.0,0.0,0.4,0.0,6.0,6.0,4.0,1.0,26.0,25.0,25.0,58.0,62.0,68.0,27.0,27.0,300.0,0.0,0.0,0.0,0.0,0.0,0.0,0.0,0.0,0.0
10.76,196.99,0.24,0.23,0.24,7.26,6.38,7.9,10.76,7.2,0.07,0.05,173.7,5.5,249.0,1.0,1.0,330.0,688.0,397.0,0.0,391.0,10.76,519.1,356.0,32.1,31.8,0.1,2.2,1691.5,0.0,16.27,17.0,41.1,39.5,41.6,38.9,41.0,41.2,42.1,42.1,57.8,59.2,26.7,27.7,32.6,34.7,34.0,31.0,25.0,0.0,0.0,0.0,6.0,6.0,4.0,0.0,26.0,25.0,25.0,58.0,62.0,68.0,27.0,27.0,300.0,0.0,0.0,0.0,0.0,0.0,0.0,0.0,0.0,0.0
10.89,326.99,0.25,0.23,0.24,7.32,7.12,7.44,10.88,3.4,0.0,-0.05,173.6,5.1,249.0,1.0,1.0,325.0,688.0,403.0,0.0,392.0,10.88,526.5,362.0,32.3,32.1,0.1,2.2,1691.5,0.0,16.27,17.0,41.1,39.5,41.5,38.9,41.0,41.2,42.1,42.1,57.7,59.2,26.7,27.7,32.6,34.7,34.0,31.0,25.0,0.2,0.2,0.0,6.0,6.0,4.0,0.0,26.0,25.0,25.0,58.0,62.0,68.0,27.0,27.0,300.0,0.0,0.0,0.0,0.0,0.0,0.0,0.0,0.0,0.0
9.8,294.01,0.24,0.23,0.24,7.94,7.18,8.12,9.8,-8.0,0.02,-0.01,173.5,5.1,255.0,1.0,1.0,263.0,688.0,318.0,0.0,302.0,9.78,432.7,297.0,32.5,31.7,0.1,2.3,1259.9,0.0,15.59,17.0,41.4,39.7,41.7,39.1,41.1,41.4,42.3,42.3,57.8,59.2,26.8,27.7,32.7,34.7,34.0,31.0,25.0,0.0,0.0,0.0,6.0,6.0,4.0,0.0,26.0,25.0,25.0,58.0,62.0,68.0,27.0,27.0,300.0,0.0,0.0,0.0,0.0,0.0,0.0,0.0,0.0,0.0
12.9,65.99,0.25,0.24,0.24,9.5,11.06,9.68,12.93,17.4,0.03,-0.05,173.5,6.6,238.0,1.0,1.0,596.0,689.0,721.0,-4.0,699.0,12.92,758.3,518.0,32.6,32.4,0.1,2.3,2067.6,0.0,16.83,16.9,41.3,39.7,41.8,39.1,41.2,41.4,42.1,42.1,57.7,59.2,26.7,27.8,32.7,34.7,39.0,35.0,25.0,0.0,0.0,0.0,6.0,6.0,4.0,0.0,26.0,25.0,25.0,58.0,62.0,68.0,27.0,27.0,300.0,0.0,0.0,0.0,0.0,0.0,0.0,0.0,0.0,0.0
9.77,9.0,0.24,0.23,0.24,7.76,7.18,7.9,9.78,-6.5,0.01,-0.03,173.8,6.0,252.0,1.0,1.0,243.0,688.0,293.0,0.0,292.0,9.76,426.0,293.0,31.9,31.6,0.2,2.2,1259.9,0.0,15.59,17.0,41.4,39.8,41.8,39.1,41.2,41.5,42.3,42.3,57.8,59.2,26.8,27.7,32.7,34.9,33.0,31.0,25.0,0.0,0.0,-0.2,6.0,6.0,4.0,0.0,26.0,25.0,25.0,58.0,62.0,68.0,27.0,27.0,300.0,0.0,0.0,0.0,0.0,0.0,0.0,0.0,0.0,0.0
9.84,186.01,0.24,0.23,0.24,7.8,7.16,8.46,9.85,-5.3,0.06,-0.04,173.8,5.5,253.0,1.0,1.0,251.0,688.0,304.0,0.0,303.0,9.84,440.3,299.0,32.3,32.1,0.2,2.2,1259.9,0.0,15.59,17.0,41.4,39.8,41.8,39.1,41.2,41.5,42.3,42.3,57.8,59.2,26.8,27.7,32.7,34.8,33.0,31.0,25.0,0.0,0.0,0.0,6.0,6.0,4.0,0.0,26.0,25.0,25.0,58.0,62.0,68.0,27.0,27.0,300.0,0.0,0.0,0.0,0.0,0.0,0.0,0.0,0.0,0.0
9.63,279.0,0.24,0.23,0.24,7.72,7.24,8.5,9.64,12.8,0.05,0.01,173.6,5.5,248.0,1.0,1.0,245.0,688.0,298.0,-2.0,283.0,9.62,416.4,288.0,32.5,31.9,0.1,2.3,1778.2,0.0,16.4,17.0,41.5,39.9,41.9,39.2,41.3,41.6,42.4,42.4,57.8,59.2,26.8,27.7,32.7,34.9,33.0,31.0,25.0,0.0,0.0,0.0,6.0,6.0,4.0,0.0,26.0,25.0,25.0,58.0,62.0,68.0,27.0,27.0,300.0,0.0,0.0,0.0,0.0,0.0,0.0,0.0,0.0,0.0
14.64,146.99,0.25,0.24,0.24,10.56,9.5,10.1,14.65,7.8,0.05,0.05,173.5,8.6,246.0,1.0,1.0,789.0,690.0,954.0,2.0,975.0,14.6,952.4,659.0,31.9,31.6,0.1,2.2,1930.2,0.0,16.62,17.0,41.1,39.5,41.5,38.9,40.9,41.2,42.1,42.1,57.7,59.1,26.7,27.7,32.6,34.7,38.0,33.0,25.0,0.2,-1.1,0.2,6.0,6.0,4.0,0.0,26.0,25.0,25.0,58.0,62.0,68.0,27.0,27.0,300.0,0.0,0.0,0.0,0.0,0.0,0.0,0.0,0.0,0.0
10.69,45.0,0.25,0.23,0.24,7.26,6.9,7.3,10.71,13.9,0.03,0.05,173.8,5.6,244.0,1.0,1.0,325.0,688.0,402.0,0.0,386.0,10.68,517.8,353.0,31.9,31.6,0.1,2.2,1969.4,0.0,16.68,17.0,41.8,40.2,42.1,39.5,41.6,41.8,42.6,42.6,57.8,59.2,26.7,27.7,32.8,34.7,35.0,31.0,25.0,0.0,0.0,0.0,6.0,6.0,4.0,0.0,26.0,25.0,25.0,58.0,62.0,69.0,27.0,27.0,300.0,0.0,0.0,0.0,0.0,0.0,0.0,0.0,0.0,0.0
14.6,226.01,0.25,0.24,0.25,10.22,8.26,12.62,14.62,6.9,0.05,0.0,173.6,6.6,246.0,1.0,1.0,815.0,690.0,996.0,2.0,1004.0,14.62,967.6,661.0,32.3,32.1,0.1,2.3,1930.2,0.0,16.62,17.0,41.1,39.5,41.5,38.9,41.0,41.2,42.1,42.1,57.7,59.2,26.7,27.8,32.6,34.7,39.0,34.0,25.0,0.2,0.0,1.1,6.0,6.0,4.0,0.0,26.0,25.0,25.0,58.0,62.0,68.0,27.0,27.0,300.0,0.0,0.0,0.0,0.0,0.0,0.0,0.0,0.0,0.0
9.85,360.0,0.24,0.23,0.24,7.52,6.74,7.56,9.85,-3.6,-0.06,-0.02,173.5,5.0,253.0,1.0,1.0,263.0,688.0,318.0,0.0,302.0,9.86,441.2,302.0,32.5,32.1,0.1,2.3,1259.9,0.0,15.59,17.0,41.4,39.7,41.8,39.1,41.2,41.4,42.3,42.3,57.8,59.2,26.8,27.7,32.7,34.8,34.0,31.0,25.0,0.0,0.0,0.0,6.0,6.0,4.0,0.0,26.0,25.0,25.0,58.0,62.0,68.0,27.0,27.0,300.0,0.0,0.0,0.0,0.0,0.0,0.0,0.0,0.0,0.0
10.77,74.02,0.24,0.23,0.24,7.72,7.86,8.12,10.79,5.7,0.05,-0.05,173.6,5.0,255.0,1.0,1.0,319.0,688.0,381.0,0.0,388.0,10.76,515.5,355.0,32.2,31.6,0.2,2.2,1406.1,0.0,15.82,17.0,41.2,39.6,41.6,39.0,41.0,41.3,42.2,42.2,57.8,59.2,26.8,27.7,32.6,34.6,34.0,31.0,25.0,-0.2,0.0,0.0,6.0,6.0,4.0,0.0,26.0,25.0,25.0,58.0,62.0,68.0,27.0,27.0,300.0,0.0,0.0,0.0,0.0,0.0,0.0,0.0,0.0,0.0
14.6,312.98,0.25,0.24,0.25,11.02,12.12,14.38,14.57,7.0,0.02,0.03,173.5,6.2,246.0,1.0,1.0,823.0,690.0,1003.0,2.0,998.0,14.58,965.4,660.0,32.3,32.1,0.1,2.2,1930.2,0.0,16.62,17.0,41.1,39.5,41.5,38.9,41.0,41.2,42.1,42.1,57.7,59.2,26.7,27.8,32.6,34.7,39.0,34.0,25.0,-0.7,0.3,-0.6,6.0,6.0,4.0,0.0,26.0,25.0,25.0,58.0,62.0,68.0,27.0,27.0,300.0,0.0,0.0,0.0,0.0,0.0,0.0,0.0,0.0,0.0
9.56,208.01,0.24,0.23,0.24,7.38,6.98,8.52,9.6,-4.2,0.02,-0.01,173.8,4.7,250.0,1.0,1.0,238.0,688.0,292.0,0.0,275.0,9.56,417.6,283.0,32.1,31.5,0.1,2.3,1230.0,0.0,15.54,17.0,41.4,39.8,41.8,39.2,41.2,41.5,42.3,42.3,57.8,59.2,26.8,27.7,32.7,34.9,33.0,30.0,25.0,0.0,0.0,-0.2,6.0,6.0,4.0,0.0,26.0,25.0,25.0,58.0,62.0,68.0,27.0,27.0,300.0,0.0,0.0,0.0,0.0,0.0,0.0,0.0,0.0,0.0
12.05,42.98,0.25,0.24,0.24,9.4,10.34,9.2,12.0,-16.2,-0.04,0.03,0.0,8.0,272.0,1.0,1.0,364.0,689.0,436.0,2.0,480.0,11.94,607.2,427.0,32.6,32.0,0.2,2.3,2067.6,0.0,16.83,16.5,41.4,39.7,41.7,39.2,41.2,41.5,42.2,42.2,57.7,59.1,26.7,27.7,32.7,34.8,35.0,32.0,25.0,0.0,0.0,-0.4,6.0,6.0,4.0,2.0,26.0,25.0,25.0,58.0,62.0,68.0,27.0,27.0,300.0,0.0,0.0,0.0,0.0,0.0,0.0,0.0,0.0,0.0
11.41,117.0,0.25,0.23,0.24,8.16,7.14,8.88,11.44,4.3,0.04,0.04,173.8,5.8,249.0,1.0,1.0,397.0,688.0,489.0,0.0,475.0,11.38,586.5,402.0,31.7,30.9,0.1,2.2,1777.2,0.0,16.39,17.0,41.7,40.1,42.1,39.3,41.6,41.7,42.5,42.5,57.8,59.2,26.7,27.7,32.8,34.7,35.0,31.0,25.0,0.0,-0.5,0.0,6.0,6.0,4.0,0.0,26.0,25.0,25.0,58.0,62.0,68.0,27.0,27.0,300.0,0.0,0.0,0.0,0.0,0.0,0.0,0.0,0.0,0.0
13.43,109.01,0.25,0.24,0.24,9.92,10.06,9.82,13.45,16.4,0.04,0.0,173.5,6.8,248.0,1.0,1.0,537.0,689.0,653.0,5.0,708.0,13.4,778.3,543.0,32.2,31.3,0.2,2.3,1691.5,0.0,16.27,17.0,41.1,39.5,41.5,38.9,41.0,41.2,42.1,42.1,57.7,59.2,26.7,27.7,32.6,34.7,35.0,32.0,25.0,0.0,-1.3,0.0,6.0,6.0,4.0,0.0,26.0,25.0,25.0,58.0,62.0,68.0,27.0,27.0,300.0,0.0,0.0,0.0,0.0,0.0,0.0,0.0,0.0,0.0
11.48,72.0,0.25,0.24,0.24,8.66,9.08,9.22,11.53,-1.5,0.0,-0.01,173.7,5.7,253.0,1.0,1.0,411.0,687.0,498.0,0.0,480.0,11.48,596.6,409.0,32.2,31.8,0.1,2.3,1926.0,0.0,16.62,17.0,41.6,40.0,42.0,39.3,41.5,41.7,42.4,42.5,57.8,59.2,26.7,27.7,32.7,34.7,35.0,32.0,25.0,-0.2,0.0,0.0,6.0,6.0,4.0,0.0,26.0,25.0,25.0,58.0,62.0,69.0,27.0,27.0,300.0,0.0,0.0,0.0,0.0,0.0,0.0,0.0,0.0,0.0
11.39,254.02,0.25,0.23,0.24,8.48,7.18,8.92,11.45,5.1,0.03,-0.01,173.7,5.3,249.0,1.0,1.0,397.0,688.0,482.0,0.0,476.0,11.4,588.2,402.0,32.0,31.5,0.1,2.2,1777.2,0.0,16.39,17.0,41.7,40.1,42.1,39.3,41.6,41.7,42.5,42.6,57.8,59.2,26.7,27.7,32.8,34.7,35.0,31.0,25.0,0.0,0.0,0.0,6.0,6.0,4.0,0.0,26.0,25.0,25.0,58.0,62.0,68.0,27.0,27.0,300.0,0.0,0.0,0.0,0.0,0.0,0.0,0.0,0.0,0.0
10.47,54.0,0.24,0.23,0.24,7.32,7.08,7.98,10.49,0.9,0.01,-0.03,173.7,5.5,254.0,1.0,1.0,322.0,688.0,390.0,0.0,375.0,10.46,500.3,341.0,32.1,31.8,0.1,2.2,1881.6,0.0,16.55,17.0,41.5,40.0,42.0,39.3,41.4,41.6,42.4,42.4,57.8,59.2,26.7,27.7,32.8,34.8,35.0,31.0,25.0,-0.2,0.0,0.0,6.0,6.0,4.0,0.0,26.0,25.0,25.0,58.0,62.0,68.0,27.0,27.0,300.0,0.0,0.0,0.0,0.0,0.0,0.0,0.0,0.0,0.0
9.49,225.0,0.24,0.23,0.24,6.24,5.9,6.76,9.52,-0.5,0.01,0.02,173.6,5.3,249.0,1.0,1.0,234.0,688.0,280.0,0.0,274.0,9.5,412.2,279.0,32.0,31.1,0.1,2.3,1230.0,0.0,15.54,17.0,41.4,39.8,41.8,39.2,41.2,41.5,42.3,42.3,57.8,59.2,26.8,27.7,32.7,34.9,33.0,30.0,25.0,0.0,0.0,0.0,6.0,6.0,4.0,0.0,26.0,25.0,25.0,58.0,62.0,68.0,27.0,27.0,300.0,0.0,0.0,0.0,0.0,0.0,0.0,0.0,0.0,0.0
11.76,72.0,0.25,0.24,0.24,8.22,8.66,8.7,11.78,16.5,0.0,0.02,173.8,5.4,245.0,1.0,1.0,448.0,687.0,541.0,0.0,517.0,11.74,633.2,431.0,31.5,30.9,0.1,2.3,2067.6,0.0,16.83,17.0,41.8,40.2,42.2,39.5,41.6,41.9,42.6,42.6,57.8,59.2,26.7,27.7,32.8,34.9,36.0,32.0,25.0,0.0,0.0,0.0,6.0,6.0,4.0,0.0,26.0,25.0,25.0,58.0,62.0,69.0,27.0,27.0,300.0,0.0,0.0,0.0,0.0,0.0,0.0,0.0,0.0,0.0
11.69,289.01,0.25,0.23,0.24,7.72,7.56,8.4,11.69,9.3,-0.03,0.01,0.0,6.5,231.0,1.0,1.0,408.0,688.0,492.0,2.0,492.0,11.66,609.5,417.0,32.3,31.8,0.1,2.2,2067.6,0.0,16.83,17.0,41.4,39.8,41.8,39.2,41.2,41.5,42.1,42.1,57.7,59.2,26.7,27.7,32.8,34.8,36.0,33.0,25.0,0.0,0.5,0.0,6.0,6.0,4.0,1.0,26.0,25.0,25.0,58.0,62.0,69.0,27.0,27.0,300.0,0.0,0.0,0.0,0.0,0.0,0.0,0.0,0.0,0.0
9.94,227.99,0.24,0.23,0.24,7.74,7.1,8.62,9.95,-11.1,-0.06,-0.03,173.8,5.6,259.0,1.0,1.0,265.0,688.0,323.0,0.0,302.0,9.94,446.1,306.0,32.2,31.4,0.2,2.2,1304.2,0.0,15.66,17.0,41.3,39.7,41.7,39.0,41.1,41.4,42.2,42.2,57.8,59.2,26.8,27.7,32.6,34.7,34.0,31.0,25.0,0.0,0.0,-0.2,6.0,6.0,4.0,0.0,26.0,25.0,25.0,58.0,62.0,68.0,27.0,27.0,300.0,0.0,0.0,0.0,0.0,0.0,0.0,0.0,0.0,0.0
9.99,292.0,0.24,0.23,0.24,8.08,7.24,8.2,10.01,0.1,0.03,-0.06,173.6,5.0,254.0,1.0,1.0,262.0,688.0,318.0,-2.0,311.0,10.0,451.1,308.0,32.2,31.7,0.1,2.3,1317.5,0.0,15.68,17.0,41.3,39.7,41.7,39.0,41.1,41.4,42.3,42.3,57.8,59.2,26.8,27.7,32.7,34.7,34.0,31.0,25.0,0.2,0.0,0.0,6.0,6.0,4.0,0.0,26.0,25.0,25.0,58.0,62.0,68.0,27.0,27.0,300.0,0.0,0.0,0.0,0.0,0.0,0.0,0.0,0.0,0.0
14.02,204.98,0.25,0.23,0.24,11.92,9.16,12.72,14.05,16.7,0.04,0.04,173.5,7.0,241.0,1.0,1.0,737.0,689.0,896.0,0.0,878.0,14.04,892.7,612.0,32.1,32.2,0.1,2.2,2067.6,0.0,16.83,17.0,41.2,39.6,41.6,39.0,41.0,41.3,42.1,42.1,57.7,59.2,26.7,27.7,32.7,34.7,40.0,35.0,25.0,0.0,-0.2,0.3,6.0,6.0,4.0,0.0,26.0,25.0,25.0,58.0,62.0,68.0,27.0,27.0,300.0,0.0,0.0,0.0,0.0,0.0,0.0,0.0,0.0,0.0
12.52,7.99,0.25,0.24,0.24,9.28,10.76,9.54,12.52,0.1,-0.1,0.0,151.9,6.9,233.0,1.0,1.0,484.0,689.0,584.0,2.0,596.0,12.5,696.9,479.0,32.7,32.6,0.1,2.3,2067.6,0.0,16.83,17.0,41.4,39.8,41.8,39.2,41.2,41.5,42.1,42.1,57.7,59.2,26.7,27.7,32.8,34.8,37.0,33.0,25.0,0.0,0.0,-0.6,6.0,6.0,4.0,0.0,26.0,25.0,25.0,58.0,62.0,68.0,27.0,27.0,300.0,0.0,0.0,0.0,0.0,0.0,0.0,0.0,0.0,0.0
9.63,357.01,0.24,0.23,0.24,8.0,7.16,7.92,9.63,-1.6,0.07,-0.01,173.8,5.5,252.0,1.0,1.0,252.0,688.0,299.0,-2.0,281.0,9.6,419.9,286.0,31.9,31.1,0.1,2.2,1778.2,0.0,16.4,17.0,41.5,39.9,41.9,39.2,41.3,41.6,42.4,42.4,57.8,59.2,26.7,27.7,32.7,34.9,34.0,31.0,25.0,-0.2,0.0,0.0,6.0,6.0,4.0,0.0,26.0,25.0,25.0,58.0,62.0,68.0,27.0,27.0,300.0,0.0,0.0,0.0,0.0,0.0,0.0,0.0,0.0,0.0
9.54,281.99,0.24,0.23,0.24,7.24,6.96,7.86,9.5,-0.4,0.02,0.01,173.8,5.3,249.0,1.0,1.0,234.0,688.0,289.0,2.0,277.0,9.52,407.2,280.0,32.2,31.7,0.1,2.3,1230.0,0.0,15.54,17.0,41.4,39.8,41.8,39.2,41.2,41.5,42.3,42.3,57.8,59.2,26.8,27.7,32.7,34.9,33.0,30.0,25.0,0.0,0.0,0.0,6.0,6.0,4.0,0.0,26.0,25.0,25.0,58.0,62.0,68.0,27.0,27.0,300.0,0.0,0.0,0.0,0.0,0.0,0.0,0.0,0.0,0.0
10.98,33.01,0.24,0.23,0.24,8.4,8.86,8.56,10.98,1.8,0.02,0.02,173.7,6.0,249.0,1.0,1.0,329.0,689.0,403.0,0.0,400.0,10.94,531.5,366.0,32.0,31.6,0.2,2.3,1691.5,0.0,16.27,17.0,41.1,39.5,41.5,38.9,41.0,41.2,42.1,42.1,57.7,59.2,26.7,27.7,32.6,34.7,34.0,31.0,25.0,0.0,0.0,0.0,6.0,6.0,4.0,0.0,26.0,25.0,25.0,58.0,62.0,68.0,27.0,27.0,300.0,0.0,0.0,0.0,0.0,0.0,0.0,0.0,0.0,0.0
10.31,225.0,0.24,0.23,0.24,6.26,5.62,7.4,10.33,1.4,0.01,-0.06,173.8,5.5,257.0,1.0,1.0,275.0,688.0,335.0,0.0,336.0,10.3,473.8,326.0,32.5,32.1,0.1,2.3,1406.1,0.0,15.82,17.0,41.2,39.6,41.6,39.0,41.0,41.3,42.2,42.2,57.8,59.2,26.8,27.7,32.6,34.6,34.0,31.0,25.0,0.1,0.1,0.0,6.0,6.0,4.0,0.0,26.0,25.0,25.0,58.0,62.0,68.0,27.0,27.0,300.0,0.0,0.0,0.0,0.0,0.0,0.0,0.0,0.0,0.0
11.58,274.0,0.25,0.23,0.24,8.22,7.78,9.22,11.62,-2.9,0.01,-0.02,173.8,6.3,252.0,1.0,1.0,422.0,688.0,510.0,0.0,498.0,11.6,609.7,417.0,32.1,31.6,0.1,2.3,1782.4,0.0,16.4,17.0,41.6,40.0,42.0,39.3,41.5,41.7,42.4,42.5,57.8,59.2,26.7,27.7,32.7,34.7,35.0,32.0,25.0,0.0,0.2,0.0,6.0,6.0,4.0,0.0,26.0,25.0,25.0,58.0,62.0,68.0,27.0,27.0,300.0,0.0,0.0,0.0,0.0,0.0,0.0,0.0,0.0,0.0
11.11,353.99,0.25,0.23,0.24,8.24,6.98,8.44,11.2,-23.9,0.05,-0.01,176.2,7.3,243.0,1.0,1.0,430.0,688.0,525.0,-4.0,476.0,11.18,592.2,396.0,32.6,32.1,0.1,2.2,2067.6,0.0,16.83,16.9,41.4,39.7,41.8,39.2,41.3,41.5,42.1,42.2,57.7,59.2,26.7,27.7,32.8,34.9,37.0,34.0,25.0,0.0,0.0,0.0,6.0,6.0,4.0,0.0,26.0,25.0,25.0,58.0,62.0,68.0,27.0,27.0,300.0,0.0,0.0,0.0,0.0,0.0,0.0,0.0,0.0,0.0
12.52,316.01,0.25,0.24,0.24,8.58,9.12,10.2,12.55,15.2,0.01,-0.06,173.6,6.3,238.0,1.0,1.0,547.0,689.0,666.0,-4.0,638.0,12.52,723.0,490.0,32.7,32.6,0.2,2.3,2067.6,0.0,16.83,16.9,41.4,39.7,41.8,39.2,41.2,41.5,42.1,42.1,57.7,59.2,26.7,27.7,32.7,34.7,38.0,35.0,25.0,0.0,0.2,0.0,6.0,6.0,4.0,0.0,26.0,25.0,25.0,58.0,62.0,69.0,27.0,27.0,300.0,0.0,0.0,0.0,0.0,0.0,0.0,0.0,0.0,0.0
12.7,13.0,0.25,0.24,0.24,9.4,10.12,9.64,12.73,15.0,0.01,0.12,173.5,6.7,238.0,1.0,1.0,571.0,689.0,696.0,-2.0,660.0,12.72,740.1,505.0,32.2,31.7,0.2,2.3,2067.6,0.0,16.83,16.9,41.4,39.7,41.8,39.1,41.2,41.5,42.1,42.1,57.7,59.2,26.7,27.8,32.7,34.7,39.0,35.0,25.0,0.0,0.2,-0.4,6.0,6.0,4.0,0.0,26.0,25.0,25.0,58.0,62.0,68.0,27.0,27.0,300.0,0.0,0.0,0.0,0.0,0.0,0.0,0.0,0.0,0.0
10.92,302.0,0.25,0.23,0.24,7.6,7.24,7.66,10.91,11.1,-0.04,0.0,173.7,5.0,252.0,1.0,1.0,352.0,689.0,419.0,0.0,411.0,10.92,538.8,369.0,32.0,31.6,0.1,2.3,1406.1,0.0,15.82,17.0,41.1,39.5,41.6,38.9,41.0,41.2,42.2,42.2,57.8,59.2,26.8,27.7,32.6,34.7,34.0,31.0,25.0,0.2,0.2,0.0,6.0,6.0,4.0,0.0,26.0,25.0,25.0,58.0,62.0,68.0,27.0,27.0,300.0,0.0,0.0,0.0,0.0,0.0,0.0,0.0,0.0,0.0
10.85,204.01,0.24,0.23,0.24,6.9,5.98,7.82,10.87,8.4,0.07,-0.02,173.7,5.0,254.0,1.0,1.0,327.0,688.0,400.0,3.0,391.0,10.84,527.5,362.0,32.2,31.6,0.1,2.3,1406.1,0.0,15.82,17.0,41.2,39.6,41.6,39.0,41.0,41.3,42.2,42.2,57.8,59.2,26.8,27.7,32.6,34.7,34.0,31.0,25.0,0.2,0.1,0.2,6.0,6.0,4.0,0.0,26.0,25.0,25.0,58.0,62.0,68.0,27.0,27.0,300.0,0.0,0.0,0.0,0.0,0.0,0.0,0.0,0.0,0.0
9.78,235.01,0.24,0.23,0.24,7.96,7.42,8.62,9.79,-8.5,0.0,0.02,173.8,5.0,254.0,1.0,1.0,257.0,688.0,315.0,0.0,304.0,9.8,438.5,297.0,32.3,31.6,0.1,2.3,1259.9,0.0,15.59,17.0,41.4,39.7,41.8,39.1,41.1,41.4,42.3,42.3,57.8,59.2,26.8,27.7,32.7,34.7,34.0,31.0,25.0,0.0,0.0,0.0,6.0,6.0,4.0,0.0,26.0,25.0,25.0,58.0,62.0,68.0,27.0,27.0,300.0,0.0,0.0,0.0,0.0,0.0,0.0,0.0,0.0,0.0
11.19,151.99,0.25,0.23,0.24,7.52,6.32,8.48,11.24,-6.8,0.0,-0.03,173.7,5.6,257.0,1.0,1.0,384.0,688.0,462.0,0.0,443.0,11.16,565.7,388.0,31.9,31.7,0.1,2.2,1857.8,0.0,16.52,17.0,41.6,40.0,42.0,39.3,41.4,41.7,42.4,42.4,57.8,59.2,26.7,27.7,32.7,34.8,35.0,32.0,25.0,0.0,0.0,0.2,6.0,6.0,4.0,0.0,26.0,25.0,25.0,58.0,62.0,68.0,27.0,27.0,300.0,0.0,0.0,0.0,0.0,0.0,0.0,0.0,0.0,0.0
12.24,70.99,0.25,0.24,0.24,9.44,10.62,9.62,12.26,-1.5,0.06,0.06,109.0,7.1,232.0,1.0,1.0,453.0,688.0,543.0,0.0,555.0,12.2,666.0,457.0,32.5,32.0,0.1,2.3,2067.6,0.0,16.83,17.0,41.4,39.8,41.8,39.2,41.2,41.5,42.1,42.1,57.7,59.2,26.7,27.7,32.8,34.8,37.0,33.0,25.0,0.0,-0.2,0.0,6.0,6.0,4.0,0.0,26.0,25.0,25.0,58.0,62.0,69.0,27.0,27.0,300.0,0.0,0.0,0.0,0.0,0.0,0.0,0.0,0.0,0.0
11.58,10.01,0.25,0.24,0.24,7.18,8.58,7.92,11.54,-3.9,0.05,-0.01,173.6,7.9,251.0,1.0,1.0,358.0,689.0,437.0,0.0,448.0,11.52,581.7,401.0,32.1,32.1,0.1,2.3,1691.5,0.0,16.27,17.0,41.1,39.5,41.5,38.9,40.9,41.2,42.1,42.1,57.8,59.2,26.7,27.7,32.6,34.7,35.0,31.0,25.0,0.0,0.8,0.0,6.0,6.0,4.0,0.0,26.0,25.0,25.0,58.0,62.0,68.0,27.0,27.0,300.0,0.0,0.0,0.0,0.0,0.0,0.0,0.0,0.0,0.0
11.52,122.0,0.25,0.23,0.24,9.24,7.8,9.76,11.56,-2.8,0.01,-0.02,173.7,4.9,252.0,1.0,1.0,417.0,688.0,510.0,0.0,488.0,11.52,605.4,413.0,31.7,31.6,0.2,2.3,1782.4,0.0,16.4,17.0,41.6,40.0,42.0,39.3,41.5,41.7,42.4,42.5,57.8,59.2,26.7,27.7,32.7,34.7,35.0,32.0,25.0,-0.2,-0.5,0.0,6.0,6.0,4.0,0.0,26.0,25.0,25.0,58.0,62.0,69.0,27.0,27.0,300.0,0.0,0.0,0.0,0.0,0.0,0.0,0.0,0.0,0.0
10.1,82.01,0.24,0.23,0.24,5.88,5.98,7.4,10.12,-38.9,0.07,-0.07,175.6,7.7,255.0,1.0,1.0,292.0,689.0,354.0,-2.0,336.0,10.08,465.3,317.0,32.6,32.3,0.1,2.3,2067.6,0.0,16.83,16.8,41.4,39.7,41.8,39.2,41.2,41.5,42.2,42.2,57.7,59.1,26.7,27.7,32.7,34.8,36.0,33.0,25.0,0.0,0.1,0.0,6.0,6.0,4.0,0.0,26.0,25.0,25.0,58.0,62.0,68.0,27.0,27.0,300.0,0.0,0.0,0.0,0.0,0.0,0.0,0.0,0.0,0.0
9.47,16.99,0.24,0.23,0.24,6.84,6.28,6.78,9.48,5.4,-0.01,0.03,173.7,4.9,249.0,1.0,1.0,239.0,687.0,284.0,-2.0,274.0,9.44,404.6,278.0,32.3,31.8,0.1,2.2,1230.0,0.0,15.54,17.0,41.4,39.8,41.8,39.2,41.2,41.5,42.3,42.4,57.8,59.2,26.8,27.7,32.7,34.9,33.0,31.0,25.0,0.0,0.0,0.0,6.0,6.0,4.0,0.0,26.0,25.0,25.0,58.0,62.0,68.0,27.0,27.0,300.0,0.0,0.0,0.0,0.0,0.0,0.0,0.0,0.0,0.0
14.15,276.01,0.25,0.24,0.25,9.5,8.66,12.16,14.13,17.0,0.02,0.07,173.6,7.7,240.0,1.0,1.0,738.0,689.0,892.0,0.0,888.0,14.12,902.3,617.0,32.1,31.9,0.1,2.2,2067.6,0.0,16.83,17.0,41.2,39.6,41.7,39.0,41.0,41.3,42.1,42.1,57.7,59.2,26.7,27.7,32.7,34.7,40.0,35.0,25.0,0.0,0.8,1.1,6.0,6.0,4.0,0.0,26.0,25.0,25.0,58.0,62.0,68.0,27.0,27.0,300.0,0.0,0.0,0.0,0.0,0.0,0.0,0.0,0.0,0.0
9.98,74.02,0.24,0.23,0.24,6.18,5.96,7.04,10.0,6.3,0.02,-0.01,173.8,4.5,251.0,1.0,1.0,285.0,688.0,347.0,0.0,332.0,9.98,457.0,312.0,32.1,31.7,0.1,2.3,1881.6,0.0,16.55,17.0,41.5,39.9,41.9,39.2,41.4,41.6,42.4,42.4,57.8,59.2,26.7,27.7,32.7,34.9,34.0,31.0,25.0,0.0,0.0,0.2,6.0,6.0,4.0,0.0,26.0,25.0,25.0,58.0,62.0,68.0,27.0,27.0,300.0,0.0,0.0,0.0,0.0,0.0,0.0,0.0,0.0,0.0
12.05,333.0,0.25,0.24,0.24,9.74,9.76,10.26,12.08,15.5,0.04,0.06,0.0,5.3,236.0,1.0,1.0,493.0,688.0,601.0,0.0,580.0,12.06,665.4,455.0,32.7,32.5,0.1,2.3,2067.6,0.0,16.83,16.9,41.4,39.8,41.8,39.2,41.2,41.5,42.1,42.1,57.7,59.2,26.7,27.7,32.8,34.7,38.0,34.0,25.0,-0.2,0.0,-0.5,6.0,6.0,4.0,1.0,26.0,26.0,25.0,58.0,62.0,69.0,27.0,27.0,300.0,0.0,0.0,0.0,0.0,0.0,0.0,0.0,0.0,0.0
9.54,339.01,0.24,0.23,0.24,6.86,5.2,5.9,9.54,0.0,0.03,0.05,173.7,5.1,249.0,1.0,1.0,228.0,688.0,277.0,-2.0,277.0,9.52,413.6,281.0,32.6,31.8,0.2,2.3,1230.0,0.0,15.54,17.0,41.4,39.8,41.8,39.2,41.2,41.5,42.3,42.3,57.8,59.2,26.8,27.7,32.7,34.9,33.0,30.0,25.0,0.1,0.0,0.0,6.0,6.0,4.0,0.0,26.0,25.0,25.0,58.0,62.0,68.0,27.0,27.0,300.0,0.0,0.0,0.0,0.0,0.0,0.0,0.0,0.0,0.0
9.8,176.0,0.24,0.23,0.24,5.82,5.56,7.2,9.82,-8.3,0.03,-0.03,173.7,5.1,254.0,1.0,1.0,263.0,687.0,320.0,2.0,307.0,9.8,436.4,299.0,32.1,31.5,0.2,2.3,1259.9,0.0,15.59,17.0,41.4,39.7,41.8,39.1,41.2,41.4,42.3,42.3,57.8,59.2,26.8,27.7,32.7,34.7,34.0,31.0,25.0,0.0,0.1,0.0,6.0,6.0,4.0,0.0,26.0,25.0,25.0,58.0,62.0,68.0,27.0,27.0,300.0,0.0,0.0,0.0,0.0,0.0,0.0,0.0,0.0,0.0
14.58,331.99,0.25,0.24,0.25,9.16,11.64,11.98,14.59,9.8,-0.04,0.02,173.4,7.8,246.0,1.0,1.0,765.0,690.0,929.0,5.0,954.0,14.56,939.6,655.0,32.4,32.1,0.1,2.3,1930.2,0.0,16.62,17.0,41.1,39.5,41.5,38.9,40.9,41.2,42.1,42.1,57.7,59.2,26.7,27.7,32.6,34.7,38.0,33.0,25.0,0.0,1.0,0.0,6.0,6.0,4.0,0.0,26.0,25.0,25.0,58.0,62.0,68.0,27.0,27.0,300.0,0.0,0.0,0.0,0.0,0.0,0.0,0.0,0.0,0.0
10.98,60.98,0.25,0.23,0.24,7.44,7.34,8.7,11.06,-27.1,0.02,-0.01,176.2,7.4,244.0,1.0,1.0,420.0,688.0,506.0,-4.0,466.0,11.02,576.4,386.0,32.3,32.0,0.2,2.3,2067.6,0.0,16.83,16.9,41.4,39.7,41.8,39.2,41.3,41.5,42.1,42.2,57.7,59.2,26.7,27.7,32.8,34.9,37.0,34.0,25.0,-0.3,0.0,0.0,6.0,6.0,4.0,0.0,26.0,25.0,25.0,58.0,62.0,68.0,27.0,27.0,300.0,0.0,0.0,0.0,0.0,0.0,0.0,0.0,0.0,0.0
10.86,51.01,0.25,0.23,0.24,7.7,7.68,7.96,10.88,8.9,0.0,0.05,173.8,5.5,246.0,1.0,1.0,361.0,687.0,448.0,0.0,413.0,10.86,539.1,369.0,31.5,31.0,0.1,2.3,1969.4,0.0,16.68,17.0,41.8,40.2,42.1,39.5,41.6,41.8,42.6,42.5,57.8,59.2,26.7,27.7,32.8,34.8,35.0,32.0,25.0,0.0,0.0,0.0,6.0,6.0,4.0,0.0,26.0,25.0,25.0,58.0,62.0,68.0,27.0,27.0,300.0,0.0,0.0,0.0,0.0,0.0,0.0,0.0,0.0,0.0
11.55,24.01,0.25,0.24,0.24,8.28,8.58,8.18,11.57,0.8,0.02,-0.01,173.7,5.8,253.0,1.0,1.0,408.0,687.0,497.0,5.0,485.0,11.54,603.0,412.0,31.6,31.1,0.2,2.3,1926.0,0.0,16.62,17.0,41.6,40.0,42.0,39.3,41.4,41.7,42.5,42.5,57.8,59.2,26.7,27.7,32.7,34.7,35.0,32.0,25.0,0.0,0.2,0.0,6.0,6.0,4.0,0.0,26.0,25.0,25.0,58.0,62.0,69.0,27.0,27.0,300.0,0.0,0.0,0.0,0.0,0.0,0.0,0.0,0.0,0.0
9.9,347.0,0.24,0.23,0.24,7.72,7.1,7.62,9.92,-6.4,0.07,0.02,173.6,5.2,255.0,1.0,1.0,256.0,688.0,312.0,2.0,298.0,9.9,440.6,302.0,32.1,31.6,0.1,2.3,1317.5,0.0,15.68,17.0,41.3,39.7,41.7,39.1,41.1,41.4,42.3,42.3,57.8,59.2,26.8,27.7,32.7,34.7,33.0,31.0,25.0,0.0,0.0,0.0,6.0,6.0,4.0,0.0,26.0,25.0,25.0,58.0,62.0,68.0,27.0,27.0,300.0,0.0,0.0,0.0,0.0,0.0,0.0,0.0,0.0,0.0
13.26,150.98,0.25,0.23,0.24,10.32,8.48,10.46,13.3,17.5,0.01,0.05,173.5,6.1,239.0,1.0,1.0,638.0,689.0,779.0,0.0,750.0,13.26,801.2,548.0,32.3,32.3,0.1,2.3,2067.6,0.0,16.83,17.0,41.3,39.7,41.7,39.1,41.1,41.4,42.1,42.1,57.7,59.2,26.7,27.8,32.7,34.7,39.0,35.0,25.0,0.0,-0.8,0.0,6.0,6.0,4.0,0.0,26.0,25.0,25.0,58.0,62.0,69.0,27.0,27.0,300.0,0.0,0.0,0.0,0.0,0.0,0.0,0.0,0.0,0.0
11.01,59.0,0.24,0.24,0.24,6.86,7.98,7.46,10.96,-25.5,0.0,0.08,0.0,6.8,271.0,1.0,1.0,312.0,688.0,373.0,0.0,389.0,10.92,523.6,364.0,32.7,32.1,0.1,2.3,2067.6,0.0,16.83,16.5,41.4,39.7,41.8,39.2,41.2,41.5,42.2,42.2,57.7,59.2,26.7,27.7,32.7,34.8,35.0,32.0,25.0,0.0,0.0,0.0,6.0,6.0,4.0,2.0,26.0,26.0,25.0,58.0,62.0,68.0,27.0,27.0,300.0,0.0,0.0,0.0,0.0,0.0,0.0,0.0,0.0,0.0
14.44,29.02,0.25,0.24,0.24,11.24,13.96,11.22,14.44,11.6,-0.03,0.0,173.5,5.5,245.0,1.0,1.0,815.0,689.0,991.0,0.0,965.0,14.42,949.1,647.0,32.0,31.7,0.1,2.2,1930.2,0.0,16.62,17.0,41.1,39.5,41.6,38.9,41.0,41.2,42.1,42.1,57.7,59.1,26.7,27.8,32.6,34.7,40.0,34.0,25.0,-0.2,-0.3,-1.7,6.0,6.0,4.0,0.0,26.0,25.0,25.0,58.0,62.0,68.0,27.0,27.0,300.0,0.0,0.0,0.0,0.0,0.0,0.0,0.0,0.0,0.0
10.05,24.01,0.24,0.23,0.24,7.98,7.38,8.2,10.06,-42.1,-0.04,0.02,0.0,7.5,259.0,1.0,1.0,282.0,688.0,342.0,0.0,331.0,10.06,457.4,314.0,32.9,32.8,0.2,2.2,2067.6,0.0,16.83,16.7,41.4,39.7,41.8,39.2,41.2,41.5,42.2,42.2,57.7,59.2,26.7,27.7,32.7,34.8,35.0,33.0,25.0,-0.3,0.0,0.0,6.0,6.0,4.0,2.0,26.0,25.0,25.0,58.0,62.0,68.0,27.0,27.0,300.0,0.0,0.0,0.0,0.0,0.0,0.0,0.0,0.0,0.0
12.98,343.01,0.25,0.24,0.24,8.44,10.38,9.98,12.93,-9.3,0.07,0.06,0.0,8.5,271.0,1.0,1.0,453.0,689.0,547.0,8.0,598.0,12.9,704.6,499.0,32.8,32.6,0.1,2.2,1590.5,0.0,16.11,16.6,41.4,39.7,41.7,39.2,41.2,41.5,42.1,42.2,57.7,59.2,26.7,27.7,32.7,34.8,35.0,32.0,25.0,0.0,0.5,-0.4,6.0,6.0,4.0,2.0,26.0,25.0,25.0,58.0,62.0,68.0,27.0,27.0,300.0,0.0,0.0,0.0,0.0,0.0,0.0,0.0,0.0,0.0
11.32,333.0,0.25,0.23,0.24,9.26,9.02,9.1,11.33,-11.3,0.06,0.0,173.7,6.1,255.0,1.0,1.0,393.0,687.0,479.0,0.0,463.0,11.3,578.4,397.0,32.0,31.7,0.1,2.2,1857.8,0.0,16.52,17.0,41.6,40.0,42.0,39.3,41.4,41.7,42.4,42.4,57.8,59.2,26.7,27.7,32.7,34.8,35.0,32.0,25.0,-0.2,0.0,-0.4,6.0,6.0,4.0,0.0,26.0,25.0,25.0,58.0,62.0,68.0,27.0,27.0,300.0,0.0,0.0,0.0,0.0,0.0,0.0,0.0,0.0,0.0
11.11,306.0,0.25,0.23,0.24,7.9,7.4,7.88,11.12,-1.3,0.02,0.0,173.8,5.9,250.0,1.0,1.0,369.0,688.0,434.0,0.0,436.0,11.08,557.2,381.0,32.0,31.6,0.1,2.2,1510.2,0.0,15.99,17.0,41.7,40.1,42.1,39.4,41.6,41.8,42.5,42.5,57.8,59.2,26.7,27.7,32.8,34.7,34.0,31.0,25.0,0.0,0.0,0.0,6.0,6.0,4.0,0.0,26.0,25.0,25.0,58.0,62.0,69.0,27.0,27.0,300.0,0.0,0.0,0.0,0.0,0.0,0.0,0.0,0.0,0.0
11.27,232.99,0.25,0.23,0.24,7.78,5.76,8.16,11.28,-4.7,0.01,0.08,173.7,8.2,251.0,1.0,1.0,348.0,689.0,419.0,0.0,425.0,11.22,558.6,384.0,32.2,31.6,0.2,2.3,1691.5,0.0,16.27,17.0,41.1,39.5,41.5,38.9,41.0,41.2,42.1,42.1,57.7,59.2,26.7,27.7,32.6,34.7,35.0,31.0,25.0,0.3,0.0,0.2,6.0,6.0,4.0,0.0,26.0,25.0,25.0,58.0,62.0,68.0,27.0,27.0,300.0,0.0,0.0,0.0,0.0,0.0,0.0,0.0,0.0,0.0
11.48,168.98,0.25,0.23,0.24,8.02,6.66,8.98,11.51,2.0,0.0,0.01,173.8,6.2,249.0,1.0,1.0,400.0,688.0,480.0,0.0,471.0,11.48,592.2,407.0,31.5,31.0,0.2,2.3,1777.2,0.0,16.39,17.0,41.7,40.1,42.0,39.3,41.5,41.7,42.5,42.6,57.8,59.2,26.7,27.7,32.8,34.7,35.0,31.0,25.0,0.0,0.0,0.0,6.0,6.0,4.0,0.0,26.0,25.0,25.0,58.0,62.0,68.0,27.0,27.0,300.0,0.0,0.0,0.0,0.0,0.0,0.0,0.0,0.0,0.0
11.64,212.0,0.25,0.23,0.24,9.14,7.7,10.08,11.69,13.4,0.04,-0.03,173.8,5.3,245.0,1.0,1.0,443.0,687.0,534.0,0.0,519.0,11.66,618.7,425.0,31.5,31.5,0.1,2.2,2067.6,0.0,16.83,17.0,41.8,40.2,42.2,39.5,41.6,41.9,42.6,42.6,57.8,59.2,26.7,27.7,32.8,34.9,36.0,32.0,25.0,0.0,0.0,0.0,6.0,6.0,4.0,0.0,26.0,25.0,25.0,58.0,62.0,69.0,27.0,27.0,300.0,0.0,0.0,0.0,0.0,0.0,0.0,0.0,0.0,0.0
10.89,353.02,0.24,0.23,0.24,6.96,7.06,7.36,10.87,-25.3,-0.02,0.01,0.0,7.6,271.0,1.0,1.0,306.0,689.0,363.0,0.0,386.0,10.82,512.6,356.0,32.4,32.0,0.1,2.3,2067.6,0.0,16.83,16.5,41.4,39.7,41.8,39.2,41.2,41.5,42.2,42.2,57.7,59.1,26.7,27.7,32.7,34.8,35.0,32.0,25.0,0.0,0.0,0.0,6.0,6.0,4.0,2.0,26.0,26.0,25.0,58.0,62.0,68.0,27.0,27.0,300.0,0.0,0.0,0.0,0.0,0.0,0.0,0.0,0.0,0.0
13.98,205.99,0.25,0.23,0.24,10.8,8.18,12.08,14.02,9.4,0.06,0.07,173.6,8.0,241.0,1.0,1.0,754.0,689.0,911.0,0.0,881.0,14.0,894.2,610.0,32.1,31.7,0.1,2.2,2067.6,0.0,16.83,17.0,41.2,39.6,41.7,39.0,41.1,41.4,42.1,42.1,57.7,59.2,26.7,27.8,32.7,34.8,40.0,36.0,25.0,0.0,0.0,0.5,6.0,6.0,4.0,0.0,26.0,25.0,25.0,58.0,62.0,69.0,27.0,27.0,300.0,0.0,0.0,0.0,0.0,0.0,0.0,0.0,0.0,0.0
11.43,203.0,0.25,0.23,0.24,7.78,6.46,8.42,11.43,2.9,0.04,-0.01,173.7,6.0,249.0,1.0,1.0,396.0,688.0,495.0,2.0,482.0,11.42,595.1,405.0,31.9,31.6,0.2,2.3,1777.2,0.0,16.39,17.0,41.7,40.1,42.1,39.3,41.5,41.8,42.5,42.5,57.8,59.2,26.7,27.7,32.8,34.7,35.0,31.0,25.0,0.0,0.1,0.0,6.0,6.0,4.0,0.0,26.0,25.0,25.0,58.0,62.0,68.0,27.0,27.0,300.0,0.0,0.0,0.0,0.0,0.0,0.0,0.0,0.0,0.0
11.64,285.01,0.25,0.23,0.24,9.52,8.6,10.46,11.63,-4.7,-0.02,0.01,173.7,6.1,252.0,1.0,1.0,426.0,688.0,526.0,0.0,506.0,11.64,613.4,421.0,32.0,31.7,0.2,2.2,1782.4,0.0,16.4,17.0,41.7,40.0,42.0,39.3,41.5,41.7,42.4,42.5,57.8,59.2,26.7,27.7,32.7,34.7,35.0,32.0,25.0,-0.2,0.2,0.0,6.0,6.0,4.0,0.0,26.0,25.0,25.0,58.0,62.0,68.0,27.0,27.0,300.0,0.0,0.0,0.0,0.0,0.0,0.0,0.0,0.0,0.0
11.55,150.98,0.25,0.23,0.24,9.26,8.44,10.32,11.59,-15.0,0.05,0.0,176.5,5.3,240.0,1.0,1.0,465.0,689.0,558.0,-5.0,524.0,11.58,627.1,423.0,32.9,32.7,0.2,2.3,2067.6,0.0,16.83,16.9,41.4,39.8,41.8,39.2,41.2,41.5,42.1,42.2,57.7,59.2,26.7,27.7,32.7,34.9,37.0,34.0,25.0,0.0,-0.8,0.0,6.0,6.0,4.0,0.0,26.0,25.0,25.0,58.0,62.0,69.0,27.0,27.0,300.0,0.0,0.0,0.0,0.0,0.0,0.0,0.0,0.0,0.0
13.41,110.02,0.25,0.24,0.24,9.78,9.7,9.98,13.45,13.6,0.01,0.05,173.5,6.0,241.0,1.0,1.0,662.0,689.0,803.0,-4.0,776.0,13.4,822.6,561.0,32.2,32.1,0.1,2.3,2067.6,0.0,16.83,17.0,41.3,39.7,41.7,39.0,41.1,41.4,42.1,42.1,57.7,59.2,26.7,27.7,32.7,34.7,39.0,36.0,25.0,0.0,-0.9,0.0,6.0,6.0,4.0,0.0,26.0,25.0,25.0,58.0,62.0,69.0,27.0,27.0,300.0,0.0,0.0,0.0,0.0,0.0,0.0,0.0,0.0,0.0
13.48,227.99,0.25,0.24,0.24,10.04,7.86,11.04,13.53,14.5,0.02,0.09,173.6,7.1,241.0,1.0,1.0,684.0,689.0,840.0,2.0,802.0,13.5,838.2,570.0,32.2,32.1,0.1,2.2,2067.6,0.0,16.83,17.0,41.3,39.7,41.7,39.0,41.1,41.4,42.1,42.1,57.7,59.1,26.7,27.8,32.7,34.7,39.0,36.0,25.0,0.2,0.0,0.5,6.0,6.0,4.0,0.0,26.0,25.0,25.0,58.0,62.0,68.0,27.0,27.0,300.0,0.0,0.0,0.0,0.0,0.0,0.0,0.0,0.0,0.0
12.91,348.01,0.25,0.24,0.24,8.94,10.42,10.28,12.95,17.7,-0.03,0.0,173.5,7.1,238.0,1.0,1.0,602.0,689.0,730.0,-4.0,708.0,12.92,765.6,522.0,32.7,32.4,0.1,2.3,2067.6,0.0,16.83,16.9,41.3,39.7,41.8,39.1,41.2,41.4,42.1,42.1,57.7,59.2,26.7,27.8,32.7,34.7,39.0,35.0,25.0,0.0,0.5,-0.5,6.0,6.0,4.0,0.0,26.0,25.0,25.0,58.0,62.0,68.0,27.0,27.0,300.0,0.0,0.0,0.0,0.0,0.0,0.0,0.0,0.0,0.0
9.48,110.99,0.24,0.23,0.24,6.32,5.48,7.16,9.52,1.9,-0.02,0.01,173.7,5.4,249.0,1.0,1.0,226.0,688.0,280.0,0.0,273.0,9.48,409.7,278.0,32.1,31.5,0.1,2.3,1230.0,0.0,15.54,17.0,41.4,39.8,41.8,39.2,41.2,41.5,42.3,42.3,57.8,59.2,26.8,27.7,32.7,34.9,33.0,30.0,25.0,0.0,-0.1,0.0,6.0,6.0,4.0,0.0,26.0,25.0,25.0,58.0,62.0,68.0,27.0,27.0,300.0,0.0,0.0,0.0,0.0,0.0,0.0,0.0,0.0,0.0
9.89,280.01,0.24,0.23,0.24,6.54,6.42,7.06,9.89,-10.5,-0.02,0.04,173.8,5.8,259.0,1.0,1.0,257.0,688.0,314.0,0.0,303.0,9.88,439.6,301.0,32.1,31.6,0.1,2.3,1413.3,0.0,15.84,17.0,41.2,39.6,41.7,39.0,41.1,41.3,42.2,42.2,57.8,59.2,26.8,27.7,32.6,34.7,34.0,31.0,25.0,0.0,0.1,0.0,6.0,6.0,4.0,0.0,26.0,25.0,25.0,58.0,62.0,68.0,27.0,27.0,300.0,0.0,0.0,0.0,0.0,0.0,0.0,0.0,0.0,0.0
10.65,5.0,0.24,0.23,0.24,7.4,7.52,7.62,10.68,9.2,0.01,0.06,173.6,4.8,249.0,1.0,1.0,336.0,688.0,400.0,-2.0,388.0,10.66,514.0,352.0,32.1,31.6,0.1,2.3,1691.5,0.0,16.27,17.0,41.1,39.5,41.6,38.9,41.0,41.2,42.1,42.2,57.7,59.2,26.7,27.7,32.6,34.7,34.0,31.0,25.0,-0.2,0.0,-0.2,6.0,6.0,4.0,0.0,26.0,25.0,25.0,58.0,62.0,68.0,27.0,27.0,300.0,0.0,0.0,0.0,0.0,0.0,0.0,0.0,0.0,0.0
11.69,141.98,0.25,0.23,0.24,8.6,7.6,8.92,11.69,14.2,0.01,0.03,173.8,5.0,245.0,1.0,1.0,448.0,687.0,538.0,0.0,526.0,11.7,626.2,428.0,31.4,31.3,0.1,2.2,2067.6,0.0,16.83,17.0,41.8,40.2,42.2,39.5,41.6,41.9,42.5,42.6,57.8,59.2,26.7,27.7,32.8,34.9,36.0,32.0,25.0,0.0,-0.3,0.0,6.0,6.0,4.0,0.0,26.0,25.0,25.0,58.0,62.0,69.0,27.0,27.0,300.0,0.0,0.0,0.0,0.0,0.0,0.0,0.0,0.0,0.0
14.61,137.99,0.25,0.24,0.24,10.76,10.0,10.36,14.64,7.2,0.01,0.0,173.6,6.8,246.0,1.0,1.0,815.0,690.0,993.0,2.0,1002.0,14.62,968.8,662.0,32.2,31.9,0.1,2.3,1930.2,0.0,16.62,17.0,41.1,39.5,41.5,38.9,41.0,41.2,42.1,42.1,57.7,59.2,26.7,27.8,32.6,34.7,39.0,34.0,25.0,0.2,-0.9,0.0,6.0,6.0,4.0,0.0,26.0,25.0,25.0,58.0,62.0,68.0,27.0,27.0,300.0,0.0,0.0,0.0,0.0,0.0,0.0,0.0,0.0,0.0
11.53,60.98,0.25,0.24,0.24,8.16,8.44,8.34,11.57,12.0,0.0,-0.01,173.8,5.7,245.0,1.0,1.0,436.0,688.0,520.0,-2.0,495.0,11.52,610.7,415.0,31.4,31.1,0.1,2.2,2067.6,0.0,16.83,17.0,41.8,40.2,42.2,39.5,41.6,41.9,42.6,42.6,57.8,59.2,26.7,27.7,32.8,34.9,36.0,32.0,25.0,0.0,0.0,0.0,6.0,6.0,4.0,0.0,26.0,25.0,25.0,58.0,62.0,69.0,27.0,27.0,300.0,0.0,0.0,0.0,0.0,0.0,0.0,0.0,0.0,0.0
11.07,326.02,0.25,0.23,0.24,7.58,7.52,7.84,11.09,-5.0,0.04,0.02,173.8,5.4,256.0,1.0,1.0,366.0,688.0,451.0,0.0,438.0,11.06,555.5,380.0,31.8,31.6,0.1,2.2,1857.8,0.0,16.52,17.0,41.5,40.0,42.0,39.3,41.4,41.6,42.4,42.4,57.8,59.2,26.7,27.7,32.8,34.8,35.0,32.0,25.0,0.0,0.0,-0.2,6.0,6.0,4.0,0.0,26.0,25.0,25.0,58.0,62.0,68.0,27.0,27.0,300.0,0.0,0.0,0.0,0.0,0.0,0.0,0.0,0.0,0.0
11.52,245.99,0.25,0.23,0.24,7.64,6.1,8.22,11.54,-3.6,0.01,0.05,173.7,5.2,253.0,1.0,1.0,406.0,688.0,500.0,2.0,482.0,11.52,605.3,411.0,32.0,31.7,0.1,2.2,1926.0,0.0,16.62,17.0,41.6,40.0,42.0,39.3,41.4,41.7,42.4,42.4,57.8,59.2,26.7,27.7,32.8,34.7,35.0,32.0,25.0,0.0,0.0,0.2,6.0,6.0,4.0,0.0,26.0,25.0,25.0,58.0,62.0,69.0,27.0,27.0,300.0,0.0,0.0,0.0,0.0,0.0,0.0,0.0,0.0,0.0
11.06,149.0,0.25,0.23,0.24,6.88,6.16,8.26,11.09,4.4,0.04,-0.03,173.8,5.2,246.0,1.0,1.0,386.0,687.0,465.0,0.0,448.0,11.06,565.0,383.0,31.7,31.5,0.1,2.3,2067.6,0.0,16.83,17.0,41.8,40.2,42.2,39.5,41.6,41.8,42.5,42.5,57.8,59.2,26.7,27.7,32.8,34.8,35.0,32.0,25.0,0.0,0.0,0.2,6.0,6.0,4.0,0.0,26.0,25.0,25.0,58.0,62.0,68.0,27.0,27.0,300.0,0.0,0.0,0.0,0.0,0.0,0.0,0.0,0.0,0.0
9.65,176.0,0.24,0.23,0.24,5.82,5.6,7.34,9.63,3.7,-0.02,-0.01,173.7,4.6,251.0,1.0,1.0,245.0,688.0,299.0,0.0,280.0,9.62,418.6,287.0,32.3,32.0,0.1,2.3,1778.2,0.0,16.4,17.0,41.5,39.9,41.9,39.2,41.3,41.6,42.4,42.4,57.8,59.2,26.7,27.7,32.7,34.9,34.0,31.0,25.0,0.1,0.4,0.2,6.0,6.0,4.0,0.0,26.0,25.0,25.0,58.0,62.0,68.0,27.0,27.0,300.0,0.0,0.0,0.0,0.0,0.0,0.0,0.0,0.0,0.0
10.73,245.99,0.25,0.23,0.24,8.4,7.56,9.46,10.77,9.6,-0.03,0.07,173.8,4.8,246.0,1.0,1.0,354.0,687.0,422.0,-2.0,408.0,10.74,532.5,361.0,31.9,31.8,0.1,2.3,1969.4,0.0,16.68,17.0,41.8,40.2,42.1,39.5,41.6,41.9,42.6,42.5,57.8,59.2,26.7,27.7,32.8,34.7,35.0,32.0,25.0,0.0,0.0,0.0,6.0,6.0,4.0,0.0,26.0,25.0,25.0,58.0,62.0,68.0,27.0,27.0,300.0,0.0,0.0,0.0,0.0,0.0,0.0,0.0,0.0,0.0
12.0,45.0,0.25,0.24,0.24,9.22,10.0,9.96,12.02,12.4,-0.01,0.01,0.0,5.2,236.0,1.0,1.0,486.0,688.0,593.0,-2.0,570.0,12.0,660.2,450.0,32.4,32.3,0.1,2.3,2067.6,0.0,16.83,16.9,41.4,39.8,41.8,39.2,41.2,41.5,42.1,42.1,57.7,59.1,26.7,27.7,32.8,34.7,38.0,34.0,25.0,-0.2,0.0,-0.2,6.0,6.0,4.0,1.0,26.0,26.0,25.0,58.0,62.0,69.0,27.0,27.0,300.0,0.0,0.0,0.0,0.0,0.0,0.0,0.0,0.0,0.0
9.94,109.01,0.24,0.23,0.24,7.52,6.56,8.42,10.0,-14.5,0.03,0.0,173.7,6.1,259.0,1.0,1.0,265.0,688.0,321.0,2.0,312.0,9.94,448.0,306.0,32.3,31.7,0.1,2.3,1304.2,0.0,15.66,17.0,41.3,39.7,41.7,39.0,41.1,41.4,42.2,42.2,57.8,59.2,26.8,27.7,32.6,34.7,34.0,31.0,25.0,-0.2,-0.3,0.0,6.0,6.0,4.0,0.0,26.0,25.0,25.0,58.0,62.0,68.0,27.0,27.0,300.0,0.0,0.0,0.0,0.0,0.0,0.0,0.0,0.0,0.0
9.94,105.98,0.24,0.23,0.24,6.82,6.18,7.4,10.0,-3.4,0.04,0.0,173.8,5.5,255.0,1.0,1.0,264.0,688.0,318.0,0.0,313.0,9.94,448.8,305.0,32.6,32.0,0.2,2.2,1317.5,0.0,15.68,17.0,41.3,39.7,41.7,39.1,41.1,41.4,42.3,42.3,57.8,59.2,26.8,27.7,32.7,34.7,33.0,31.0,25.0,-0.2,-0.1,0.2,6.0,6.0,4.0,0.0,26.0,25.0,25.0,58.0,62.0,68.0,27.0,27.0,300.0,0.0,0.0,0.0,0.0,0.0,0.0,0.0,0.0,0.0
13.77,178.99,0.25,0.23,0.24,11.52,9.12,12.24,13.8,8.9,0.03,-0.05,173.7,7.3,242.0,1.0,1.0,720.0,689.0,880.0,-2.0,849.0,13.78,867.3,592.0,32.6,32.4,0.1,2.2,2067.6,0.0,16.83,17.0,41.3,39.6,41.7,39.0,41.1,41.4,42.1,42.1,57.7,59.2,26.7,27.8,32.7,34.8,40.0,36.0,25.0,0.0,-0.6,0.3,6.0,6.0,4.0,0.0,26.0,25.0,25.0,58.0,62.0,68.0,27.0,27.0,300.0,0.0,0.0,0.0,0.0,0.0,0.0,0.0,0.0,0.0
9.94,169.99,0.24,0.23,0.24,6.96,6.38,9.26,9.98,-12.8,0.02,0.06,173.6,5.7,257.0,1.0,1.0,272.0,688.0,330.0,0.0,302.0,9.94,447.0,307.0,32.2,31.3,0.2,2.3,1304.2,0.0,15.66,17.0,41.3,39.7,41.7,39.0,41.1,41.4,42.2,42.2,57.8,59.2,26.8,27.7,32.6,34.7,34.0,31.0,25.0,0.0,0.3,0.0,6.0,6.0,4.0,0.0,26.0,25.0,25.0,58.0,62.0,68.0,27.0,27.0,300.0,0.0,0.0,0.0,0.0,0.0,0.0,0.0,0.0,0.0
10.34,6.01,0.25,0.23,0.24,8.28,7.82,8.12,10.32,0.7,0.01,0.02,173.7,5.5,254.0,1.0,1.0,304.0,688.0,369.0,-2.0,355.0,10.32,485.0,331.0,32.4,31.8,0.2,2.3,1881.6,0.0,16.55,17.0,41.5,40.0,42.0,39.2,41.4,41.6,42.4,42.4,57.8,59.2,26.7,27.7,32.8,34.9,34.0,31.0,25.0,-0.2,0.0,0.0,6.0,6.0,4.0,0.0,26.0,25.0,25.0,58.0,62.0,68.0,27.0,27.0,300.0,0.0,0.0,0.0,0.0,0.0,0.0,0.0,0.0,0.0
10.19,204.98,0.24,0.23,0.24,7.34,7.2,8.34,10.22,-37.3,-0.04,-0.06,175.9,6.4,252.0,1.0,1.0,325.0,689.0,391.0,-2.0,355.0,10.2,486.9,327.0,32.6,32.1,0.2,2.3,2067.6,0.0,16.83,16.8,41.4,39.7,41.8,39.2,41.2,41.5,42.1,42.2,57.7,59.2,26.7,27.7,32.7,34.9,36.0,33.0,25.0,0.0,0.0,-0.2,6.0,6.0,4.0,0.0,26.0,25.0,25.0,58.0,62.0,68.0,27.0,27.0,300.0,0.0,0.0,0.0,0.0,0.0,0.0,0.0,0.0,0.0
12.27,115.99,0.25,0.23,0.24,9.26,8.76,9.38,12.25,-15.2,0.0,0.06,0.0,9.2,272.0,1.0,1.0,386.0,689.0,459.0,2.0,506.0,12.2,633.0,445.0,32.7,32.0,0.1,2.3,2067.6,0.0,16.83,16.5,41.4,39.7,41.7,39.2,41.2,41.5,42.1,42.2,57.7,59.1,26.7,27.7,32.7,34.8,35.0,32.0,25.0,0.0,-1.0,0.0,6.0,6.0,4.0,2.0,26.0,25.0,25.0,58.0,62.0,68.0,27.0,27.0,300.0,0.0,0.0,0.0,0.0,0.0,0.0,0.0,0.0,0.0
12.44,140.0,0.25,0.24,0.24,8.28,7.64,9.04,12.47,1.2,-0.07,0.0,177.3,6.7,235.0,1.0,1.0,528.0,689.0,641.0,-2.0,617.0,12.44,705.4,482.0,32.4,32.0,0.2,2.3,2067.6,0.0,16.83,17.0,41.4,39.8,41.8,39.2,41.2,41.5,42.1,42.2,57.7,59.2,26.7,27.7,32.8,34.9,38.0,34.0,25.0,0.4,-0.2,0.2,6.0,6.0,4.0,0.0,26.0,25.0,25.0,58.0,62.0,69.0,27.0,27.0,300.0,0.0,0.0,0.0,0.0,0.0,0.0,0.0,0.0,0.0
11.48,289.01,0.25,0.23,0.24,7.76,7.8,8.48,11.48,5.9,0.02,0.03,173.7,5.7,249.0,1.0,1.0,399.0,688.0,486.0,0.0,471.0,11.44,592.2,406.0,31.9,31.2,0.1,2.2,1777.2,0.0,16.39,17.0,41.7,40.1,42.1,39.3,41.5,41.8,42.5,42.5,57.8,59.2,26.7,27.7,32.8,34.7,35.0,31.0,25.0,0.0,0.7,0.0,6.0,6.0,4.0,0.0,26.0,25.0,25.0,58.0,62.0,69.0,27.0,27.0,300.0,0.0,0.0,0.0,0.0,0.0,0.0,0.0,0.0,0.0
12.49,351.0,0.25,0.24,0.24,9.4,9.5,10.08,12.54,4.8,-0.01,0.03,177.4,6.3,234.0,1.0,1.0,537.0,689.0,650.0,-2.0,629.0,12.5,713.4,487.0,32.8,32.5,0.1,2.3,2067.6,0.0,16.83,17.0,41.4,39.8,41.8,39.2,41.2,41.5,42.2,42.2,57.7,59.2,26.7,27.7,32.8,34.9,38.0,34.0,25.0,-0.2,0.0,-0.7,6.0,6.0,4.0,0.0,26.0,25.0,25.0,58.0,62.0,69.0,27.0,27.0,300.0,0.0,0.0,0.0,0.0,0.0,0.0,0.0,0.0,0.0
11.55,307.01,0.25,0.23,0.24,8.66,8.5,9.32,11.54,0.7,0.0,-0.02,173.7,5.6,249.0,1.0,1.0,403.0,688.0,482.0,0.0,479.0,11.54,598.1,410.0,32.1,31.5,0.1,2.2,1777.2,0.0,16.39,17.0,41.7,40.1,42.0,39.3,41.5,41.7,42.5,42.6,57.8,59.2,26.7,27.7,32.8,34.7,35.0,31.0,25.0,0.0,0.0,-0.2,6.0,6.0,4.0,0.0,26.0,25.0,25.0,58.0,62.0,68.0,27.0,27.0,300.0,0.0,0.0,0.0,0.0,0.0,0.0,0.0,0.0,0.0
11.72,40.0,0.25,0.24,0.24,7.6,7.78,8.38,11.76,5.9,0.02,0.05,0.0,5.8,236.0,1.0,1.0,457.0,688.0,547.0,-2.0,530.0,11.7,632.3,429.0,32.6,32.4,0.2,2.3,2067.6,0.0,16.83,16.9,41.4,39.7,41.8,39.2,41.2,41.5,42.1,42.1,57.7,59.2,26.7,27.7,32.8,34.8,37.0,34.0,25.0,-0.2,0.0,-0.2,6.0,6.0,4.0,1.0,26.0,25.0,25.0,58.0,62.0,69.0,27.0,27.0,300.0,0.0,0.0,0.0,0.0,0.0,0.0,0.0,0.0,0.0
11.43,285.01,0.25,0.23,0.24,8.38,8.1,9.24,11.42,-4.0,0.06,0.0,173.7,6.4,253.0,1.0,1.0,408.0,687.0,494.0,-2.0,484.0,11.42,594.9,405.0,31.7,31.2,0.1,2.2,1926.0,0.0,16.62,17.0,41.6,40.0,42.0,39.3,41.4,41.7,42.4,42.5,57.8,59.2,26.7,27.7,32.7,34.7,35.0,32.0,25.0,0.0,0.2,0.0,6.0,6.0,4.0,0.0,26.0,25.0,25.0,58.0,62.0,68.0,27.0,27.0,300.0,0.0,0.0,0.0,0.0,0.0,0.0,0.0,0.0,0.0
13.08,114.01,0.25,0.24,0.24,9.0,8.5,8.92,13.11,19.3,0.0,0.0,173.5,6.4,239.0,1.0,1.0,616.0,689.0,751.0,-4.0,721.0,13.06,781.1,533.0,32.1,31.6,0.1,2.3,2067.6,0.0,16.83,17.0,41.3,39.7,41.7,39.1,41.2,41.4,42.1,42.1,57.7,59.2,26.7,27.8,32.7,34.7,39.0,35.0,25.0,0.2,-0.6,0.2,6.0,6.0,4.0,0.0,26.0,25.0,25.0,58.0,62.0,68.0,27.0,27.0,300.0,0.0,0.0,0.0,0.0,0.0,0.0,0.0,0.0,0.0
10.05,218.02,0.24,0.23,0.24,7.46,6.96,8.64,10.06,-8.3,0.0,-0.03,173.7,5.7,259.0,1.0,1.0,262.0,688.0,321.0,0.0,325.0,10.02,452.6,309.0,32.4,31.9,0.1,2.3,1413.3,0.0,15.84,17.0,41.2,39.6,41.6,39.0,41.0,41.3,42.2,42.2,57.8,59.2,26.7,27.7,32.6,34.6,34.0,31.0,25.0,0.0,0.0,0.0,6.0,6.0,4.0,0.0,26.0,25.0,25.0,58.0,62.0,68.0,27.0,27.0,300.0,0.0,0.0,0.0,0.0,0.0,0.0,0.0,0.0,0.0
10.74,310.0,0.25,0.23,0.24,8.44,6.8,8.12,10.75,11.7,0.03,-0.03,173.7,5.3,245.0,1.0,1.0,348.0,688.0,419.0,-2.0,404.0,10.74,527.1,359.0,31.9,31.7,0.1,2.2,1969.4,0.0,16.68,17.0,41.8,40.2,42.1,39.5,41.6,41.9,42.6,42.5,57.8,59.2,26.7,27.7,32.8,34.7,35.0,32.0,25.0,0.3,0.1,0.0,6.0,6.0,4.0,0.0,26.0,25.0,25.0,58.0,62.0,69.0,27.0,27.0,300.0,0.0,0.0,0.0,0.0,0.0,0.0,0.0,0.0,0.0
11.15,285.98,0.25,0.23,0.24,9.2,8.54,9.7,11.16,-5.9,0.01,0.02,173.7,5.5,257.0,1.0,1.0,377.0,687.0,461.0,0.0,437.0,11.14,565.8,385.0,31.8,31.5,0.1,2.3,1857.8,0.0,16.52,17.0,41.6,40.0,42.0,39.3,41.4,41.7,42.4,42.4,57.8,59.2,26.7,27.7,32.7,34.8,35.0,32.0,25.0,0.0,0.2,0.0,6.0,6.0,4.0,0.0,26.0,25.0,25.0,58.0,62.0,68.0,27.0,27.0,300.0,0.0,0.0,0.0,0.0,0.0,0.0,0.0,0.0,0.0
10.68,191.02,0.24,0.23,0.24,7.46,7.52,8.62,10.75,-32.7,0.11,0.0,176.2,6.7,246.0,1.0,1.0,389.0,688.0,479.0,-2.0,435.0,10.74,550.4,366.0,32.7,32.3,0.1,2.2,2067.6,0.0,16.83,16.9,41.4,39.8,41.8,39.2,41.2,41.5,42.1,42.2,57.7,59.1,26.7,27.7,32.7,34.9,36.0,34.0,25.0,0.0,0.2,0.0,6.0,6.0,4.0,0.0,26.0,25.0,25.0,58.0,62.0,68.0,27.0,27.0,300.0,0.0,0.0,0.0,0.0,0.0,0.0,0.0,0.0,0.0
14.16,1.01,0.25,0.24,0.24,10.74,12.6,11.66,14.17,13.3,0.0,0.02,173.5,8.3,241.0,1.0,1.0,737.0,689.0,895.0,0.0,893.0,14.14,905.5,618.0,32.2,32.1,0.2,2.3,2067.6,0.0,16.83,17.0,41.2,39.6,41.7,39.0,41.0,41.3,42.1,42.1,57.7,59.2,26.7,27.7,32.7,34.7,40.0,35.0,25.0,-0.2,0.3,-1.3,6.0,6.0,4.0,0.0,26.0,25.0,25.0,58.0,62.0,68.0,27.0,27.0,300.0,0.0,0.0,0.0,0.0,0.0,0.0,0.0,0.0,0.0
10.13,326.99,0.25,0.23,0.24,8.0,6.66,7.8,10.13,-37.0,0.08,0.04,175.7,7.5,253.0,1.0,1.0,307.0,688.0,373.0,-2.0,349.0,10.12,470.5,321.0,32.8,32.7,0.1,2.2,2067.6,0.0,16.83,16.8,41.4,39.7,41.8,39.2,41.2,41.5,42.2,42.2,57.7,59.1,26.7,27.7,32.7,34.9,36.0,33.0,25.0,0.0,-0.1,0.0,6.0,6.0,4.0,0.0,26.0,26.0,25.0,58.0,62.0,68.0,27.0,27.0,300.0,0.0,0.0,0.0,0.0,0.0,0.0,0.0,0.0,0.0
10.03,83.99,0.24,0.23,0.24,6.26,6.16,7.24,10.04,-42.3,0.07,-0.03,0.0,7.9,259.0,1.0,1.0,276.0,688.0,339.0,0.0,321.0,10.02,457.3,313.0,32.6,32.4,0.1,2.2,2067.6,0.0,16.83,16.7,41.4,39.7,41.8,39.2,41.2,41.5,42.2,42.2,57.7,59.1,26.7,27.7,32.7,34.8,35.0,32.0,25.0,0.0,0.0,0.0,6.0,6.0,4.0,2.0,26.0,25.0,25.0,58.0,62.0,68.0,27.0,27.0,300.0,0.0,0.0,0.0,0.0,0.0,0.0,0.0,0.0,0.0
11.02,97.99,0.25,0.23,0.24,7.26,6.9,7.84,11.09,-3.4,0.05,0.02,173.8,5.5,256.0,1.0,1.0,364.0,687.0,448.0,0.0,432.0,11.02,549.3,378.0,31.7,31.3,0.2,2.3,1857.8,0.0,16.52,17.0,41.5,40.0,42.0,39.3,41.4,41.6,42.4,42.4,57.8,59.2,26.7,27.7,32.8,34.8,35.0,32.0,25.0,0.0,-0.3,0.0,6.0,6.0,4.0,0.0,26.0,25.0,25.0,58.0,62.0,68.0,27.0,27.0,300.0,0.0,0.0,0.0,0.0,0.0,0.0,0.0,0.0,0.0
11.6,15.98,0.25,0.24,0.24,9.18,9.76,9.22,11.63,-0.9,0.0,0.06,173.7,6.6,250.0,1.0,1.0,404.0,688.0,486.0,0.0,484.0,11.58,601.2,413.0,32.0,31.7,0.1,2.2,1777.2,0.0,16.39,17.0,41.7,40.1,42.0,39.3,41.5,41.7,42.5,42.5,57.8,59.2,26.7,27.7,32.8,34.7,35.0,31.0,25.0,0.0,0.2,-0.2,6.0,6.0,4.0,0.0,26.0,25.0,25.0,58.0,62.0,69.0,27.0,27.0,300.0,0.0,0.0,0.0,0.0,0.0,0.0,0.0,0.0,0.0
11.22,311.0,0.25,0.24,0.24,7.68,7.3,7.9,11.21,-11.9,0.02,-0.02,173.8,6.2,257.0,1.0,1.0,386.0,687.0,470.0,0.0,451.0,11.22,569.6,391.0,31.9,31.5,0.1,2.2,1857.8,0.0,16.52,17.0,41.6,40.0,42.0,39.3,41.4,41.7,42.4,42.4,57.8,59.2,26.7,27.7,32.7,34.8,35.0,32.0,25.0,0.0,0.0,0.0,6.0,6.0,4.0,0.0,26.0,25.0,25.0,58.0,62.0,68.0,27.0,27.0,300.0,0.0,0.0,0.0,0.0,0.0,0.0,0.0,0.0,0.0
10.69,109.01,0.24,0.23,0.24,8.5,7.1,8.98,10.73,13.2,0.02,0.04,173.8,6.0,243.0,1.0,1.0,328.0,688.0,393.0,0.0,387.0,10.68,521.4,353.0,32.0,31.7,0.2,2.2,1969.4,0.0,16.68,17.0,41.8,40.2,42.2,39.5,41.6,41.8,42.6,42.6,57.8,59.2,26.7,27.7,32.8,34.7,35.0,31.0,25.0,-0.2,-0.5,0.0,6.0,6.0,4.0,0.0,26.0,25.0,25.0,58.0,62.0,69.0,27.0,27.0,300.0,0.0,0.0,0.0,0.0,0.0,0.0,0.0,0.0,0.0
10.74,132.98,0.24,0.23,0.24,7.46,6.04,8.06,10.75,8.2,-0.06,-0.06,173.7,5.0,249.0,1.0,1.0,327.0,688.0,402.0,0.0,388.0,10.7,513.8,353.0,32.1,31.4,0.1,2.3,1691.5,0.0,16.27,17.0,41.1,39.5,41.6,38.9,41.0,41.2,42.1,42.2,57.8,59.2,26.7,27.7,32.6,34.7,34.0,31.0,25.0,0.0,-0.3,0.0,6.0,6.0,4.0,0.0,26.0,25.0,25.0,58.0,62.0,68.0,27.0,27.0,300.0,0.0,0.0,0.0,0.0,0.0,0.0,0.0,0.0,0.0
11.44,141.01,0.25,0.23,0.24,8.52,7.46,9.04,11.51,-2.5,0.03,0.04,173.7,6.0,253.0,1.0,1.0,407.0,688.0,503.0,0.0,476.0,11.44,598.2,408.0,31.9,31.6,0.1,2.2,1926.0,0.0,16.62,17.0,41.6,40.0,42.0,39.3,41.5,41.7,42.4,42.5,57.8,59.2,26.7,27.7,32.7,34.7,35.0,32.0,25.0,0.0,-0.2,0.0,6.0,6.0,4.0,0.0,26.0,25.0,25.0,58.0,62.0,68.0,27.0,27.0,300.0,0.0,0.0,0.0,0.0,0.0,0.0,0.0,0.0,0.0
10.1,28.01,0.24,0.23,0.24,7.1,6.96,8.86,10.12,-37.0,-0.05,-0.03,175.7,6.5,254.0,1.0,1.0,298.0,688.0,363.0,-2.0,341.0,10.1,469.5,318.0,32.8,32.5,0.2,2.3,2067.6,0.0,16.83,16.8,41.4,39.7,41.8,39.2,41.2,41.5,42.2,42.2,57.7,59.1,26.7,27.7,32.7,34.9,36.0,33.0,25.0,-0.3,0.0,0.0,6.0,6.0,4.0,0.0,26.0,25.0,25.0,58.0,62.0,68.0,27.0,27.0,300.0,0.0,0.0,0.0,0.0,0.0,0.0,0.0,0.0,0.0
11.22,308.02,0.25,0.24,0.24,7.34,7.38,7.7,11.22,1.6,0.06,-0.01,173.8,5.7,247.0,1.0,1.0,390.0,687.0,482.0,-2.0,455.0,11.22,574.6,393.0,31.3,31.1,0.1,2.2,2067.6,0.0,16.83,17.0,41.8,40.2,42.1,39.5,41.6,41.9,42.6,42.6,57.8,59.2,26.7,27.7,32.8,34.8,35.0,32.0,25.0,0.2,0.2,0.0,6.0,6.0,4.0,0.0,26.0,25.0,25.0,58.0,62.0,68.0,27.0,27.0,300.0,0.0,0.0,0.0,0.0,0.0,0.0,0.0,0.0,0.0
10.64,223.99,0.24,0.23,0.24,7.3,5.9,8.34,10.63,-30.2,0.0,-0.02,0.0,7.3,271.0,1.0,1.0,287.0,688.0,351.0,2.0,356.0,10.6,502.2,343.0,32.8,32.3,0.2,2.3,2067.6,0.0,16.83,16.5,41.4,39.7,41.8,39.2,41.2,41.5,42.2,42.2,57.7,59.2,26.7,27.7,32.7,34.8,35.0,32.0,25.0,0.2,0.0,0.0,6.0,6.0,4.0,2.0,26.0,25.0,25.0,58.0,62.0,68.0,27.0,27.0,300.0,0.0,0.0,0.0,0.0,0.0,0.0,0.0,0.0,0.0
9.9,333.0,0.24,0.23,0.24,6.8,6.36,7.02,9.89,-12.0,0.02,0.07,173.7,5.1,259.0,1.0,1.0,263.0,688.0,320.0,0.0,302.0,9.9,438.7,302.0,31.9,31.5,0.1,2.2,1413.3,0.0,15.84,17.0,41.2,39.6,41.7,39.0,41.1,41.3,42.2,42.2,57.8,59.2,26.8,27.7,32.6,34.7,34.0,31.0,25.0,0.0,0.0,0.0,6.0,6.0,4.0,0.0,26.0,25.0,25.0,58.0,62.0,68.0,27.0,27.0,300.0,0.0,0.0,0.0,0.0,0.0,0.0,0.0,0.0,0.0
11.63,86.0,0.25,0.24,0.24,8.66,8.76,9.06,11.63,-2.2,0.02,0.01,173.7,7.0,250.0,1.0,1.0,405.0,688.0,492.0,0.0,491.0,11.62,605.5,416.0,31.9,31.7,0.1,2.3,1777.2,0.0,16.39,17.0,41.7,40.1,42.0,39.3,41.5,41.7,42.5,42.5,57.8,59.2,26.7,27.7,32.8,34.7,35.0,31.0,25.0,0.0,-0.3,0.0,6.0,6.0,4.0,0.0,26.0,25.0,25.0,58.0,62.0,68.0,27.0,27.0,300.0,0.0,0.0,0.0,0.0,0.0,0.0,0.0,0.0,0.0
11.02,69.01,0.25,0.23,0.24,7.6,7.2,7.66,11.04,-8.4,0.04,-0.02,173.7,6.4,249.0,1.0,1.0,352.0,687.0,424.0,3.0,421.0,11.0,544.9,374.0,31.7,31.6,0.1,2.3,1510.2,0.0,15.99,17.0,41.7,40.1,42.1,39.4,41.6,41.8,42.5,42.6,57.8,59.2,26.7,27.7,32.8,34.7,34.0,31.0,25.0,0.0,0.0,0.0,6.0,6.0,4.0,0.0,26.0,25.0,25.0,58.0,62.0,69.0,27.0,27.0,300.0,0.0,0.0,0.0,0.0,0.0,0.0,0.0,0.0,0.0
12.02,360.0,0.25,0.24,0.24,9.02,9.7,9.46,12.04,12.0,-0.02,0.05,173.8,5.8,249.0,1.0,1.0,474.0,688.0,577.0,-2.0,562.0,12.0,661.0,449.0,31.7,31.8,0.2,2.3,2067.6,0.0,16.83,17.0,41.8,40.2,42.2,39.5,41.7,41.9,42.6,42.6,57.8,59.2,26.7,27.7,32.8,34.9,36.0,32.0,25.0,-0.2,0.0,-0.4,6.0,6.0,4.0,0.0,26.0,25.0,25.0,58.0,62.0,69.0,27.0,27.0,300.0,0.0,0.0,0.0,0.0,0.0,0.0,0.0,0.0,0.0
11.72,13.0,0.25,0.24,0.24,9.2,9.7,9.36,11.74,-1.5,0.0,0.0,173.7,7.0,250.0,1.0,1.0,422.0,688.0,504.0,0.0,510.0,11.7,622.2,424.0,31.7,31.5,0.1,2.2,1782.4,0.0,16.4,17.0,41.7,40.1,42.0,39.3,41.5,41.7,42.5,42.5,57.8,59.2,26.7,27.7,32.8,34.7,35.0,31.0,25.0,0.0,0.0,-0.2,6.0,6.0,4.0,0.0,26.0,25.0,25.0,58.0,62.0,68.0,27.0,27.0,300.0,0.0,0.0,0.0,0.0,0.0,0.0,0.0,0.0,0.0
9.75,9.0,0.24,0.23,0.24,6.54,5.82,6.6,9.76,-0.1,-0.03,-0.01,173.6,4.6,252.0,1.0,1.0,264.0,687.0,320.0,-2.0,304.0,9.76,438.4,297.0,32.2,31.4,0.2,2.2,1709.0,0.0,16.29,17.0,41.5,39.9,41.9,39.2,41.3,41.6,42.4,42.4,57.8,59.2,26.7,27.7,32.7,34.9,34.0,31.0,25.0,0.0,0.0,0.0,6.0,6.0,4.0,0.0,26.0,25.0,25.0,58.0,62.0,68.0,27.0,27.0,300.0,0.0,0.0,0.0,0.0,0.0,0.0,0.0,0.0,0.0
10.85,126.0,0.24,0.23,0.24,7.96,7.56,9.78,10.91,-30.0,-0.01,0.05,176.2,7.1,245.0,1.0,1.0,411.0,688.0,488.0,-4.0,442.0,10.86,558.9,376.0,32.5,32.1,0.1,2.3,2067.6,0.0,16.83,16.9,41.4,39.7,41.8,39.2,41.3,41.5,42.1,42.2,57.7,59.1,26.7,27.7,32.8,34.9,37.0,34.0,25.0,0.0,-0.3,0.0,6.0,6.0,4.0,0.0,26.0,25.0,25.0,58.0,62.0,68.0,27.0,27.0,300.0,0.0,0.0,0.0,0.0,0.0,0.0,0.0,0.0,0.0
11.4,49.0,0.25,0.24,0.24,8.62,9.32,8.8,11.44,4.4,0.0,-0.02,173.7,5.6,249.0,1.0,1.0,398.0,688.0,489.0,0.0,477.0,11.38,585.9,402.0,31.7,31.1,0.2,2.3,1777.2,0.0,16.39,17.0,41.7,40.1,42.1,39.3,41.5,41.7,42.5,42.5,57.8,59.2,26.7,27.7,32.8,34.7,35.0,31.0,25.0,0.0,0.0,0.0,6.0,6.0,4.0,0.0,26.0,25.0,25.0,58.0,62.0,68.0,27.0,27.0,300.0,0.0,0.0,0.0,0.0,0.0,0.0,0.0,0.0,0.0
14.49,61.99,0.25,0.24,0.24,9.14,11.82,9.18,14.47,16.5,-0.05,0.07,173.4,6.9,246.0,1.0,1.0,712.0,690.0,865.0,5.0,899.0,14.44,910.7,638.0,32.1,31.7,0.1,2.3,1926.0,0.0,16.62,17.0,41.0,39.5,41.5,38.9,41.0,41.2,42.1,42.1,57.7,59.2,26.7,27.7,32.6,34.7,36.0,32.0,25.0,0.2,0.5,0.0,6.0,6.0,4.0,0.0,26.0,25.0,25.0,58.0,62.0,68.0,27.0,27.0,300.0,0.0,0.0,0.0,0.0,0.0,0.0,0.0,0.0,0.0
9.85,344.02,0.24,0.23,0.24,7.92,6.82,7.72,9.89,-9.0,-0.05,0.07,173.5,5.7,258.0,1.0,1.0,267.0,688.0,329.0,0.0,306.0,9.86,441.8,303.0,32.3,31.6,0.1,2.3,1413.3,0.0,15.84,17.0,41.3,39.7,41.7,39.0,41.1,41.3,42.2,42.3,57.8,59.2,26.8,27.7,32.6,34.7,34.0,31.0,25.0,0.0,0.0,0.0,6.0,6.0,4.0,0.0,26.0,25.0,25.0,58.0,62.0,68.0,27.0,27.0,300.0,0.0,0.0,0.0,0.0,0.0,0.0,0.0,0.0,0.0
13.13,28.01,0.25,0.24,0.24,8.72,10.7,9.62,13.15,20.3,-0.01,0.05,173.5,5.5,239.0,1.0,1.0,625.0,689.0,761.0,-2.0,730.0,13.12,785.5,537.0,32.1,31.9,0.1,2.2,2067.6,0.0,16.83,17.0,41.3,39.7,41.7,39.1,41.2,41.4,42.1,42.1,57.7,59.2,26.7,27.8,32.7,34.7,39.0,35.0,25.0,0.0,0.2,-0.2,6.0,6.0,4.0,0.0,26.0,25.0,25.0,58.0,62.0,68.0,27.0,27.0,300.0,0.0,0.0,0.0,0.0,0.0,0.0,0.0,0.0,0.0
13.59,146.99,0.25,0.24,0.24,9.34,8.14,9.62,13.6,12.5,0.06,0.02,173.6,7.4,241.0,1.0,1.0,689.0,689.0,844.0,-4.0,816.0,13.56,841.8,574.0,32.0,31.7,0.1,2.3,2067.6,0.0,16.83,17.0,41.3,39.6,41.7,39.0,41.1,41.4,42.1,42.1,57.7,59.1,26.7,27.8,32.7,34.7,40.0,36.0,25.0,0.4,-0.2,0.6,6.0,6.0,4.0,0.0,26.0,25.0,25.0,58.0,62.0,68.0,27.0,27.0,300.0,0.0,0.0,0.0,0.0,0.0,0.0,0.0,0.0,0.0
9.87,240.98,0.24,0.23,0.24,7.08,6.92,8.6,9.91,-3.3,0.0,0.03,173.6,4.9,253.0,1.0,1.0,261.0,688.0,318.0,0.0,305.0,9.88,446.9,303.0,32.4,32.0,0.1,2.3,1259.9,0.0,15.59,17.0,41.4,39.7,41.8,39.1,41.1,41.4,42.3,42.3,57.8,59.2,26.8,27.7,32.7,34.8,33.0,31.0,25.0,0.0,0.0,0.0,6.0,6.0,4.0,0.0,26.0,25.0,25.0,58.0,62.0,68.0,27.0,27.0,300.0,0.0,0.0,0.0,0.0,0.0,0.0,0.0,0.0,0.0
13.24,29.02,0.25,0.24,0.24,8.58,10.98,9.28,13.28,15.7,-0.03,0.02,173.5,6.3,248.0,1.0,1.0,525.0,689.0,633.0,6.0,674.0,13.22,760.0,530.0,32.1,31.4,0.1,2.3,1691.5,0.0,16.27,17.0,41.0,39.5,41.5,38.9,41.0,41.2,42.1,42.1,57.7,59.2,26.7,27.7,32.6,34.7,35.0,32.0,25.0,0.0,0.0,0.0,6.0,6.0,4.0,0.0,26.0,25.0,25.0,58.0,62.0,68.0,27.0,27.0,300.0,0.0,0.0,0.0,0.0,0.0,0.0,0.0,0.0,0.0
12.09,142.99,0.25,0.23,0.24,9.94,7.6,10.18,12.11,6.2,0.0,0.03,173.8,5.7,250.0,1.0,1.0,486.0,688.0,586.0,0.0,564.0,12.1,663.4,455.0,31.4,31.2,0.1,2.2,2067.6,0.0,16.83,17.0,41.8,40.3,42.2,39.5,41.6,41.9,42.6,42.6,57.8,59.2,26.7,27.7,32.8,34.9,36.0,32.0,25.0,0.0,-0.7,0.0,6.0,6.0,4.0,0.0,26.0,25.0,25.0,58.0,62.0,69.0,27.0,27.0,300.0,0.0,0.0,0.0,0.0,0.0,0.0,0.0,0.0,0.0
12.73,181.01,0.25,0.23,0.24,10.3,8.74,10.64,12.77,5.1,0.12,-0.01,178.5,5.6,233.0,1.0,1.0,543.0,689.0,660.0,5.0,648.0,12.74,734.1,502.0,32.8,32.4,0.1,2.2,2067.6,0.0,16.83,17.0,41.4,39.8,41.8,39.2,41.2,41.5,42.1,42.1,57.7,59.2,26.7,27.7,32.8,34.9,37.0,33.0,25.0,0.0,-0.2,0.0,6.0,6.0,4.0,0.0,26.0,25.0,25.0,58.0,62.0,68.0,27.0,27.0,300.0,0.0,0.0,0.0,0.0,0.0,0.0,0.0,0.0,0.0
11.39,335.99,0.25,0.24,0.24,7.78,7.64,8.12,11.4,5.1,0.01,0.04,173.8,5.1,246.0,1.0,1.0,413.0,688.0,497.0,-4.0,484.0,11.4,591.7,405.0,31.8,31.9,0.1,2.2,2067.6,0.0,16.83,17.0,41.8,40.2,42.2,39.5,41.6,41.9,42.6,42.6,57.8,59.2,26.7,27.7,32.8,34.9,36.0,32.0,25.0,0.0,0.2,0.0,6.0,6.0,4.0,0.0,26.0,25.0,25.0,58.0,62.0,68.0,27.0,27.0,300.0,0.0,0.0,0.0,0.0,0.0,0.0,0.0,0.0,0.0
11.27,286.99,0.25,0.23,0.24,9.12,8.58,9.54,11.31,-21.1,-0.01,0.05,176.5,6.1,242.0,1.0,1.0,441.0,689.0,537.0,-2.0,497.0,11.3,603.5,405.0,32.8,32.6,0.2,2.2,2067.6,0.0,16.83,16.9,41.4,39.8,41.8,39.2,41.3,41.5,42.1,42.2,57.7,59.2,26.7,27.7,32.8,34.9,37.0,34.0,25.0,0.0,0.0,0.0,6.0,6.0,4.0,0.0,26.0,25.0,25.0,58.0,62.0,68.0,27.0,27.0,300.0,0.0,0.0,0.0,0.0,0.0,0.0,0.0,0.0,0.0
10.64,236.99,0.24,0.23,0.24,7.24,6.0,7.68,10.67,8.1,0.04,0.03,173.6,4.6,249.0,1.0,1.0,341.0,688.0,412.0,0.0,394.0,10.66,519.8,354.0,32.6,32.2,0.1,2.3,1691.5,0.0,16.27,17.0,41.1,39.5,41.6,38.9,41.0,41.2,42.1,42.2,57.8,59.2,26.7,27.7,32.6,34.7,34.0,31.0,25.0,0.2,0.0,0.0,6.0,6.0,4.0,0.0,26.0,25.0,25.0,58.0,62.0,68.0,27.0,27.0,300.0,0.0,0.0,0.0,0.0,0.0,0.0,0.0,0.0,0.0
10.97,214.99,0.25,0.23,0.24,7.74,6.62,8.72,11.03,3.7,0.02,0.05,173.8,5.2,247.0,1.0,1.0,378.0,687.0,467.0,-2.0,439.0,11.0,558.1,379.0,31.9,31.6,0.1,2.2,1969.4,0.0,16.68,17.0,41.8,40.2,42.1,39.5,41.6,41.8,42.5,42.5,57.8,59.2,26.7,27.7,32.8,34.8,35.0,32.0,25.0,0.0,0.0,0.0,6.0,6.0,4.0,0.0,26.0,25.0,25.0,58.0,62.0,68.0,27.0,27.0,300.0,0.0,0.0,0.0,0.0,0.0,0.0,0.0,0.0,0.0
9.44,243.0,0.24,0.23,0.24,5.8,5.46,6.64,9.45,3.0,0.03,0.01,173.7,5.2,249.0,1.0,1.0,234.0,688.0,284.0,2.0,270.0,9.44,405.7,276.0,32.4,31.8,0.1,2.3,1230.0,0.0,15.54,17.0,41.4,39.8,41.8,39.2,41.3,41.5,42.3,42.4,57.8,59.2,26.8,27.7,32.7,34.9,33.0,31.0,25.0,0.0,0.0,0.0,6.0,6.0,4.0,0.0,26.0,25.0,25.0,58.0,62.0,68.0,27.0,27.0,300.0,0.0,0.0,0.0,0.0,0.0,0.0,0.0,0.0,0.0
9.45,186.98,0.24,0.23,0.24,6.24,5.82,7.7,9.45,5.3,0.04,0.06,173.8,4.3,248.0,1.0,1.0,232.0,688.0,286.0,0.0,270.0,9.44,405.1,277.0,32.1,31.5,0.1,2.2,1230.0,0.0,15.54,17.0,41.4,39.8,41.8,39.2,41.3,41.5,42.3,42.4,57.8,59.2,26.8,27.7,32.7,34.9,33.0,31.0,25.0,0.0,0.0,0.0,6.0,6.0,4.0,0.0,26.0,25.0,25.0,58.0,62.0,68.0,27.0,27.0,300.0,0.0,0.0,0.0,0.0,0.0,0.0,0.0,0.0,0.0
9.82,168.98,0.24,0.23,0.24,6.54,5.98,7.9,9.85,-4.7,0.09,-0.03,173.8,5.0,255.0,1.0,1.0,251.0,688.0,306.0,0.0,301.0,9.82,432.9,298.0,32.3,31.9,0.2,2.2,1259.9,0.0,15.59,17.0,41.4,39.7,41.7,39.1,41.1,41.4,42.3,42.3,57.8,59.2,26.8,27.7,32.7,34.7,33.0,31.0,25.0,0.0,0.0,0.0,6.0,6.0,4.0,0.0,26.0,25.0,25.0,58.0,62.0,68.0,27.0,27.0,300.0,0.0,0.0,0.0,0.0,0.0,0.0,0.0,0.0,0.0
12.07,222.98,0.25,0.23,0.24,9.14,7.02,10.22,12.09,-5.4,-0.01,-0.01,173.7,8.7,252.0,1.0,1.0,392.0,689.0,482.0,6.0,508.0,12.0,629.6,437.0,31.7,31.3,0.1,2.2,1691.5,0.0,16.27,17.0,41.1,39.5,41.5,38.9,40.9,41.2,42.1,42.1,57.7,59.1,26.7,27.7,32.6,34.7,35.0,31.0,25.0,0.2,0.0,0.2,6.0,6.0,4.0,0.0,26.0,25.0,25.0,58.0,62.0,68.0,27.0,27.0,300.0,0.0,0.0,0.0,0.0,0.0,0.0,0.0,0.0,0.0
10.32,82.01,0.24,0.23,0.24,7.2,6.96,7.94,10.34,-36.8,-0.02,-0.07,175.8,6.5,250.0,1.0,1.0,344.0,688.0,412.0,-4.0,378.0,10.32,509.6,336.0,32.4,32.1,0.1,2.3,2067.6,0.0,16.83,16.9,41.4,39.7,41.8,39.2,41.2,41.5,42.2,42.2,57.7,59.1,26.7,27.7,32.7,34.9,36.0,33.0,25.0,0.0,0.0,0.0,6.0,6.0,4.0,0.0,26.0,25.0,25.0,58.0,62.0,68.0,27.0,27.0,300.0,0.0,0.0,0.0,0.0,0.0,0.0,0.0,0.0,0.0
9.49,168.01,0.24,0.23,0.24,7.46,6.78,8.26,9.51,1.6,0.04,0.05,173.8,5.4,249.0,1.0,1.0,234.0,688.0,283.0,0.0,273.0,9.48,406.3,278.0,32.1,31.2,0.2,2.3,1230.0,0.0,15.54,17.0,41.4,39.8,41.8,39.2,41.2,41.5,42.3,42.3,57.8,59.2,26.8,27.7,32.7,34.9,33.0,30.0,25.0,0.0,0.0,0.0,6.0,6.0,4.0,0.0,26.0,25.0,25.0,58.0,62.0,68.0,27.0,27.0,300.0,0.0,0.0,0.0,0.0,0.0,0.0,0.0,0.0,0.0
10.14,266.0,0.24,0.23,0.24,6.88,6.4,7.4,10.2,-36.8,0.02,-0.04,175.7,6.5,252.0,1.0,1.0,314.0,689.0,384.0,-2.0,346.0,10.18,483.9,323.0,32.8,32.3,0.1,2.3,2067.6,0.0,16.83,16.8,41.4,39.7,41.8,39.2,41.2,41.5,42.1,42.2,57.7,59.2,26.7,27.7,32.7,34.9,36.0,33.0,25.0,0.2,0.1,0.0,6.0,6.0,4.0,0.0,26.0,25.0,25.0,58.0,62.0,68.0,27.0,27.0,300.0,0.0,0.0,0.0,0.0,0.0,0.0,0.0,0.0,0.0
9.94,286.99,0.24,0.23,0.24,6.8,6.98,7.2,9.97,-7.8,0.1,0.02,173.6,5.8,258.0,1.0,1.0,269.0,688.0,326.0,0.0,305.0,9.94,446.7,306.0,32.2,31.6,0.2,2.3,1304.2,0.0,15.66,17.0,41.3,39.7,41.7,39.0,41.1,41.4,42.2,42.2,57.8,59.2,26.8,27.7,32.6,34.7,34.0,31.0,25.0,0.2,0.3,0.0,6.0,6.0,4.0,0.0,26.0,25.0,25.0,58.0,62.0,68.0,27.0,27.0,300.0,0.0,0.0,0.0,0.0,0.0,0.0,0.0,0.0,0.0
9.94,46.01,0.24,0.23,0.24,7.26,6.94,7.38,9.96,-3.5,-0.03,-0.03,173.7,5.5,255.0,1.0,1.0,254.0,688.0,311.0,0.0,303.0,9.92,446.8,303.0,32.5,31.7,0.1,2.3,1317.5,0.0,15.68,17.0,41.3,39.7,41.7,39.1,41.1,41.4,42.3,42.3,57.8,59.2,26.8,27.7,32.7,34.7,33.0,31.0,25.0,-0.2,0.0,0.0,6.0,6.0,4.0,0.0,26.0,25.0,25.0,58.0,62.0,68.0,27.0,27.0,300.0,0.0,0.0,0.0,0.0,0.0,0.0,0.0,0.0,0.0
11.9,358.99,0.25,0.24,0.24,9.64,10.16,9.96,11.93,16.7,0.0,0.0,173.8,5.7,247.0,1.0,1.0,463.0,687.0,559.0,-2.0,542.0,11.92,643.6,441.0,31.7,31.5,0.1,2.2,2067.6,0.0,16.83,17.0,41.8,40.3,42.2,39.5,41.7,41.9,42.6,42.6,57.8,59.2,26.7,27.7,32.8,34.9,36.0,32.0,25.0,-0.2,0.2,-0.4,6.0,6.0,4.0,0.0,26.0,25.0,25.0,58.0,62.0,68.0,27.0,27.0,300.0,0.0,0.0,0.0,0.0,0.0,0.0,0.0,0.0,0.0
11.48,130.0,0.25,0.23,0.24,7.44,6.7,7.92,11.55,9.2,0.01,0.03,173.8,6.1,245.0,1.0,1.0,428.0,688.0,514.0,-2.0,490.0,11.5,603.1,412.0,31.1,31.1,0.1,2.3,2067.6,0.0,16.83,17.0,41.8,40.2,42.2,39.5,41.6,41.9,42.5,42.6,57.8,59.2,26.7,27.7,32.8,34.9,36.0,32.0,25.0,0.2,0.0,0.0,6.0,6.0,4.0,0.0,26.0,25.0,25.0,58.0,62.0,69.0,27.0,27.0,300.0,0.0,0.0,0.0,0.0,0.0,0.0,0.0,0.0,0.0
12.18,357.98,0.25,0.24,0.24,8.26,9.3,8.84,12.18,-1.1,-0.05,0.02,74.3,7.0,232.0,1.0,1.0,443.0,688.0,531.0,3.0,540.0,12.12,656.5,452.0,32.3,32.1,0.1,2.3,2067.6,0.0,16.83,17.0,41.4,39.8,41.8,39.2,41.2,41.5,42.1,42.1,57.7,59.2,26.7,27.7,32.8,34.8,37.0,33.0,25.0,0.0,0.4,0.0,6.0,6.0,4.0,0.0,26.0,25.0,25.0,58.0,62.0,69.0,27.0,27.0,300.0,0.0,0.0,0.0,0.0,0.0,0.0,0.0,0.0,0.0
10.89,100.01,0.25,0.23,0.24,7.06,6.74,7.5,10.93,-1.9,0.04,0.03,173.7,6.1,247.0,1.0,1.0,334.0,687.0,409.0,0.0,400.0,10.88,535.1,365.0,31.7,31.3,0.1,2.3,1510.2,0.0,15.99,17.0,41.7,40.2,42.1,39.4,41.6,41.8,42.5,42.6,57.8,59.2,26.7,27.7,32.8,34.7,34.0,31.0,25.0,0.0,0.0,0.0,6.0,6.0,4.0,0.0,26.0,25.0,25.0,58.0,62.0,68.0,27.0,27.0,300.0,0.0,0.0,0.0,0.0,0.0,0.0,0.0,0.0,0.0
14.39,200.99,0.25,0.24,0.24,11.84,9.22,12.56,14.36,14.1,0.04,-0.02,173.5,6.7,244.0,1.0,1.0,803.0,690.0,981.0,0.0,949.0,14.38,941.1,642.0,32.4,32.3,0.1,2.2,1930.2,0.0,16.62,17.0,41.1,39.5,41.5,38.9,41.0,41.2,42.1,42.1,57.7,59.2,26.7,27.8,32.6,34.7,40.0,35.0,25.0,0.0,-0.2,0.6,6.0,6.0,4.0,0.0,26.0,25.0,25.0,58.0,62.0,68.0,27.0,27.0,300.0,0.0,0.0,0.0,0.0,0.0,0.0,0.0,0.0,0.0
11.31,196.99,0.25,0.23,0.24,8.52,7.52,9.24,11.37,-11.6,0.03,0.03,173.7,5.8,255.0,1.0,1.0,401.0,687.0,482.0,0.0,468.0,11.32,581.0,399.0,32.1,31.7,0.1,2.3,1926.0,0.0,16.62,17.0,41.6,40.0,42.0,39.3,41.4,41.7,42.4,42.5,57.8,59.2,26.7,27.7,32.7,34.8,35.0,32.0,25.0,0.0,0.0,0.0,6.0,6.0,4.0,0.0,26.0,25.0,25.0,58.0,62.0,68.0,27.0,27.0,300.0,0.0,0.0,0.0,0.0,0.0,0.0,0.0,0.0,0.0
10.43,117.0,0.24,0.23,0.24,6.66,5.78,7.58,10.47,0.3,0.02,0.02,173.7,5.4,254.0,1.0,1.0,319.0,688.0,388.0,0.0,370.0,10.42,495.0,339.0,31.8,31.4,0.1,2.3,1881.6,0.0,16.55,17.0,41.5,40.0,42.0,39.2,41.4,41.6,42.4,42.4,57.8,59.2,26.7,27.7,32.8,34.8,35.0,31.0,25.0,0.0,-0.1,0.2,6.0,6.0,4.0,0.0,26.0,25.0,25.0,58.0,62.0,68.0,27.0,27.0,300.0,0.0,0.0,0.0,0.0,0.0,0.0,0.0,0.0,0.0
12.84,142.99,0.25,0.23,0.24,9.92,8.12,10.4,12.9,15.8,0.02,0.11,173.5,6.1,238.0,1.0,1.0,588.0,689.0,715.0,-2.0,686.0,12.82,758.2,515.0,32.6,32.5,0.1,2.3,2067.6,0.0,16.83,16.9,41.4,39.7,41.8,39.1,41.2,41.4,42.1,42.1,57.7,59.2,26.7,27.8,32.7,34.7,39.0,35.0,25.0,0.0,-0.5,0.0,6.0,6.0,4.0,0.0,26.0,25.0,25.0,58.0,62.0,68.0,27.0,27.0,300.0,0.0,0.0,0.0,0.0,0.0,0.0,0.0,0.0,0.0
9.9,63.0,0.24,0.23,0.24,7.04,7.18,8.38,9.92,-2.5,-0.02,0.01,173.6,5.3,253.0,1.0,1.0,259.0,689.0,315.0,0.0,305.0,9.9,441.8,303.0,32.0,31.4,0.1,2.3,1259.9,0.0,15.59,17.0,41.4,39.8,41.8,39.1,41.2,41.5,42.3,42.3,57.8,59.2,26.8,27.7,32.7,34.8,33.0,31.0,25.0,-0.2,-0.2,0.0,6.0,6.0,4.0,0.0,26.0,25.0,25.0,58.0,62.0,68.0,27.0,27.0,300.0,0.0,0.0,0.0,0.0,0.0,0.0,0.0,0.0,0.0
10.8,262.01,0.24,0.23,0.24,8.68,7.5,9.4,10.81,6.9,-0.01,0.01,173.7,4.8,249.0,1.0,1.0,329.0,689.0,393.0,0.0,396.0,10.78,525.8,358.0,32.3,31.8,0.1,2.3,1691.5,0.0,16.27,17.0,41.1,39.5,41.5,38.9,41.0,41.2,42.1,42.2,57.7,59.2,26.7,27.7,32.6,34.7,34.0,31.0,25.0,0.0,0.0,0.0,6.0,6.0,4.0,0.0,26.0,25.0,25.0,58.0,62.0,68.0,27.0,27.0,300.0,0.0,0.0,0.0,0.0,0.0,0.0,0.0,0.0,0.0
13.64,343.01,0.25,0.24,0.24,10.14,11.54,11.82,13.68,8.3,0.0,0.12,173.5,7.8,242.0,1.0,1.0,709.0,689.0,861.0,-4.0,819.0,13.64,856.1,583.0,31.9,32.2,0.1,2.3,2067.6,0.0,16.83,17.0,41.3,39.7,41.7,39.0,41.1,41.4,42.1,42.1,57.7,59.2,26.7,27.8,32.7,34.8,40.0,36.0,25.0,0.0,0.3,-0.5,6.0,6.0,4.0,0.0,26.0,25.0,25.0,58.0,62.0,68.0,27.0,27.0,300.0,0.0,0.0,0.0,0.0,0.0,0.0,0.0,0.0,0.0
11.18,347.0,0.25,0.23,0.24,7.4,7.2,7.5,11.2,1.2,-0.02,0.04,173.7,5.5,250.0,1.0,1.0,364.0,688.0,443.0,0.0,432.0,11.16,561.5,385.0,31.7,31.6,0.1,2.2,1482.4,0.0,15.95,17.0,41.7,40.1,42.1,39.4,41.6,41.8,42.5,42.5,57.8,59.2,26.7,27.7,32.8,34.7,35.0,31.0,25.0,0.0,0.2,0.0,6.0,6.0,4.0,0.0,26.0,25.0,25.0,58.0,62.0,69.0,27.0,27.0,300.0,0.0,0.0,0.0,0.0,0.0,0.0,0.0,0.0,0.0
11.65,355.0,0.25,0.24,0.24,9.26,9.38,9.62,11.67,-4.3,0.03,0.02,173.8,6.0,252.0,1.0,1.0,427.0,688.0,523.0,0.0,504.0,11.64,612.0,420.0,31.6,31.5,0.1,2.2,1782.4,0.0,16.4,17.0,41.7,40.0,42.0,39.3,41.5,41.7,42.4,42.5,57.8,59.2,26.7,27.7,32.7,34.7,35.0,32.0,25.0,-0.2,0.0,-0.4,6.0,6.0,4.0,0.0,26.0,25.0,25.0,58.0,62.0,68.0,27.0,27.0,300.0,0.0,0.0,0.0,0.0,0.0,0.0,0.0,0.0,0.0
14.34,288.0,0.25,0.24,0.25,9.74,9.84,12.3,14.34,14.2,0.01,-0.01,173.4,7.1,244.0,1.0,1.0,800.0,689.0,972.0,-2.0,941.0,14.34,943.3,640.0,32.1,32.0,0.1,2.3,2067.6,0.0,16.83,17.0,41.1,39.5,41.5,38.9,41.0,41.2,42.1,42.1,57.7,59.2,26.7,27.8,32.6,34.7,40.0,35.0,25.0,0.0,1.3,0.3,6.0,6.0,4.0,0.0,26.0,25.0,25.0,58.0,62.0,68.0,27.0,27.0,300.0,0.0,0.0,0.0,0.0,0.0,0.0,0.0,0.0,0.0
9.91,132.98,0.24,0.23,0.24,7.26,6.32,8.36,9.96,4.4,0.0,0.03,173.7,4.8,251.0,1.0,1.0,276.0,687.0,336.0,-2.0,327.0,9.94,455.9,309.0,32.1,31.8,0.2,2.2,1881.6,0.0,16.55,17.0,41.5,39.9,41.9,39.2,41.3,41.6,42.4,42.4,57.8,59.2,26.7,27.7,32.7,34.9,34.0,31.0,25.0,0.0,-0.1,0.0,6.0,6.0,4.0,0.0,26.0,25.0,25.0,58.0,62.0,68.0,27.0,27.0,300.0,0.0,0.0,0.0,0.0,0.0,0.0,0.0,0.0,0.0
11.39,339.98,0.25,0.24,0.24,8.32,8.56,8.24,11.44,3.9,0.02,0.01,173.7,5.5,249.0,1.0,1.0,399.0,688.0,492.0,0.0,479.0,11.4,588.8,403.0,31.8,31.5,0.1,2.3,1777.2,0.0,16.39,17.0,41.7,40.1,42.1,39.3,41.5,41.7,42.5,42.5,57.8,59.2,26.7,27.7,32.8,34.7,35.0,31.0,25.0,0.0,0.0,0.0,6.0,6.0,4.0,0.0,26.0,25.0,25.0,58.0,62.0,68.0,27.0,27.0,300.0,0.0,0.0,0.0,0.0,0.0,0.0,0.0,0.0,0.0
9.63,83.99,0.24,0.23,0.24,7.5,6.94,8.0,9.63,-2.9,0.05,0.02,173.8,4.7,251.0,1.0,1.0,234.0,688.0,284.0,0.0,278.0,9.62,418.1,286.0,32.3,32.1,0.2,2.3,1259.9,0.0,15.59,17.0,41.4,39.8,41.8,39.2,41.2,41.5,42.3,42.3,57.8,59.2,26.8,27.7,32.7,34.9,33.0,30.0,25.0,-0.2,-0.2,0.0,6.0,6.0,4.0,0.0,26.0,25.0,25.0,58.0,62.0,68.0,27.0,27.0,300.0,0.0,0.0,0.0,0.0,0.0,0.0,0.0,0.0,0.0
11.16,15.01,0.25,0.24,0.24,8.34,8.52,8.56,11.19,1.6,-0.05,0.05,173.8,6.0,247.0,1.0,1.0,395.0,688.0,479.0,0.0,449.0,11.16,569.1,390.0,31.8,31.0,0.2,2.3,2067.6,0.0,16.83,17.0,41.8,40.2,42.2,39.5,41.6,41.9,42.6,42.6,57.8,59.2,26.7,27.7,32.8,34.8,35.0,32.0,25.0,0.0,0.0,0.0,6.0,6.0,4.0,0.0,26.0,25.0,25.0,58.0,62.0,68.0,27.0,27.0,300.0,0.0,0.0,0.0,0.0,0.0,0.0,0.0,0.0,0.0
9.61,60.01,0.24,0.23,0.24,6.66,6.28,7.82,9.63,0.4,-0.04,-0.03,173.7,5.3,252.0,1.0,1.0,247.0,687.0,299.0,0.0,281.0,9.6,422.1,287.0,32.1,31.6,0.2,2.3,1778.2,0.0,16.4,17.0,41.5,39.9,41.9,39.2,41.3,41.6,42.4,42.4,57.8,59.2,26.7,27.7,32.7,34.9,34.0,31.0,25.0,-0.1,-0.1,0.0,6.0,6.0,4.0,0.0,26.0,25.0,25.0,58.0,62.0,68.0,27.0,27.0,300.0,0.0,0.0,0.0,0.0,0.0,0.0,0.0,0.0,0.0
12.14,187.99,0.25,0.23,0.24,8.82,7.52,9.72,12.17,13.8,-0.05,0.09,0.0,6.1,236.0,1.0,1.0,500.0,688.0,614.0,-2.0,585.0,12.16,675.5,462.0,32.6,32.3,0.2,2.2,2067.6,0.0,16.83,16.9,41.4,39.7,41.8,39.2,41.2,41.5,42.1,42.1,57.7,59.2,26.7,27.7,32.7,34.7,38.0,34.0,25.0,0.0,0.0,0.0,6.0,6.0,4.0,1.0,26.0,25.0,25.0,58.0,62.0,69.0,27.0,27.0,300.0,0.0,0.0,0.0,0.0,0.0,0.0,0.0,0.0,0.0
10.06,324.0,0.25,0.23,0.24,7.32,6.42,7.14,10.08,-40.9,0.01,0.03,0.0,8.2,258.0,1.0,1.0,279.0,688.0,336.0,0.0,331.0,10.06,460.6,315.0,32.7,32.4,0.2,2.3,2067.6,0.0,16.83,16.7,41.4,39.7,41.8,39.2,41.2,41.5,42.2,42.2,57.7,59.2,26.7,27.7,32.7,34.8,36.0,33.0,25.0,0.2,0.0,0.0,6.0,6.0,4.0,2.0,26.0,25.0,25.0,58.0,62.0,68.0,27.0,27.0,300.0,0.0,0.0,0.0,0.0,0.0,0.0,0.0,0.0,0.0
9.94,49.0,0.24,0.23,0.24,7.02,6.4,6.9,9.98,-14.5,0.03,0.0,173.6,5.9,259.0,1.0,1.0,266.0,688.0,323.0,0.0,318.0,9.94,446.4,306.0,32.5,32.2,0.1,2.3,1304.2,0.0,15.66,17.0,41.3,39.7,41.7,39.0,41.1,41.4,42.2,42.2,57.8,59.2,26.8,27.7,32.6,34.7,34.0,31.0,25.0,0.0,0.0,0.0,6.0,6.0,4.0,0.0,26.0,25.0,25.0,58.0,62.0,68.0,27.0,27.0,300.0,0.0,0.0,0.0,0.0,0.0,0.0,0.0,0.0,0.0
9.63,240.98,0.24,0.23,0.24,6.14,5.44,7.2,9.63,-0.7,0.06,-0.02,173.6,4.6,252.0,1.0,1.0,256.0,687.0,308.0,-2.0,285.0,9.62,418.8,288.0,32.1,31.5,0.1,2.3,1778.2,0.0,16.4,17.0,41.5,39.9,41.9,39.2,41.3,41.6,42.4,42.4,57.8,59.2,26.7,27.7,32.7,34.9,34.0,31.0,25.0,0.0,0.0,0.0,6.0,6.0,4.0,0.0,26.0,25.0,25.0,58.0,62.0,68.0,27.0,27.0,300.0,0.0,0.0,0.0,0.0,0.0,0.0,0.0,0.0,0.0
11.95,144.0,0.25,0.23,0.24,7.62,6.5,8.64,12.01,13.3,0.03,0.0,173.8,6.1,248.0,1.0,1.0,470.0,688.0,571.0,-2.0,554.0,11.98,651.8,445.0,31.4,31.5,0.1,2.3,2067.6,0.0,16.83,17.0,41.8,40.2,42.2,39.5,41.7,41.9,42.6,42.6,57.8,59.2,26.7,27.7,32.8,34.9,36.0,32.0,25.0,0.2,0.0,0.6,6.0,6.0,4.0,0.0,26.0,25.0,25.0,58.0,62.0,69.0,27.0,27.0,300.0,0.0,0.0,0.0,0.0,0.0,0.0,0.0,0.0,0.0
10.68,325.01,0.25,0.23,0.24,8.14,7.38,8.16,10.72,4.9,0.04,0.0,173.7,5.1,253.0,1.0,1.0,345.0,688.0,415.0,-2.0,398.0,10.7,523.6,357.0,32.1,32.0,0.1,2.3,1881.6,0.0,16.55,17.0,41.5,40.0,42.0,39.3,41.4,41.6,42.4,42.4,57.8,59.2,26.7,27.7,32.8,34.8,35.0,32.0,25.0,0.0,0.0,-0.2,6.0,6.0,4.0,0.0,26.0,25.0,25.0,58.0,62.0,68.0,27.0,27.0,300.0,0.0,0.0,0.0,0.0,0.0,0.0,0.0,0.0,0.0
10.06,203.0,0.24,0.23,0.24,6.88,6.26,7.62,10.09,-39.7,-0.08,-0.04,175.6,8.3,256.0,1.0,1.0,282.0,688.0,347.0,-2.0,328.0,10.08,464.4,316.0,32.5,32.3,0.1,2.2,2067.6,0.0,16.83,16.7,41.4,39.7,41.8,39.2,41.2,41.5,42.2,42.2,57.7,59.1,26.7,27.7,32.7,34.8,36.0,33.0,25.0,0.2,0.0,0.0,6.0,6.0,4.0,0.0,26.0,26.0,25.0,58.0,62.0,68.0,27.0,27.0,300.0,0.0,0.0,0.0,0.0,0.0,0.0,0.0,0.0,0.0
12.57,200.02,0.25,0.23,0.24,9.12,7.46,9.68,12.59,9.2,0.01,-0.03,177.7,6.2,233.0,1.0,1.0,539.0,689.0,663.0,0.0,643.0,12.58,719.5,492.0,32.6,32.4,0.1,2.3,2067.6,0.0,16.83,17.0,41.4,39.8,41.8,39.2,41.2,41.5,42.2,42.1,57.7,59.2,26.7,27.7,32.8,34.9,38.0,34.0,25.0,0.0,0.0,0.0,6.0,6.0,4.0,0.0,26.0,25.0,25.0,58.0,62.0,69.0,27.0,27.0,300.0,0.0,0.0,0.0,0.0,0.0,0.0,0.0,0.0,0.0
10.68,69.01,0.24,0.23,0.24,7.6,7.66,7.86,10.68,9.9,0.04,0.0,173.6,5.0,249.0,1.0,1.0,333.0,688.0,405.0,0.0,387.0,10.68,513.5,352.0,32.1,31.6,0.1,2.3,1691.5,0.0,16.27,17.0,41.1,39.5,41.6,38.9,41.0,41.2,42.1,42.2,57.7,59.2,26.7,27.7,32.6,34.7,34.0,31.0,25.0,0.0,0.0,0.0,6.0,6.0,4.0,0.0,26.0,25.0,25.0,58.0,62.0,68.0,27.0,27.0,300.0,0.0,0.0,0.0,0.0,0.0,0.0,0.0,0.0,0.0
13.5,308.99,0.25,0.24,0.24,9.28,10.2,11.32,13.49,13.2,0.06,-0.1,173.5,7.3,241.0,1.0,1.0,673.0,689.0,825.0,-4.0,795.0,13.48,827.6,566.0,32.4,32.3,0.1,2.2,2067.6,0.0,16.83,17.0,41.3,39.7,41.7,39.0,41.1,41.4,42.1,42.0,57.7,59.2,26.7,27.8,32.7,34.7,39.0,36.0,25.0,0.0,0.7,0.0,6.0,6.0,4.0,0.0,26.0,25.0,25.0,58.0,62.0,68.0,27.0,27.0,300.0,0.0,0.0,0.0,0.0,0.0,0.0,0.0,0.0,0.0
10.52,114.98,0.24,0.23,0.24,6.04,6.04,7.22,10.52,-0.7,-0.01,0.06,173.7,6.3,257.0,1.0,1.0,293.0,688.0,353.0,0.0,361.0,10.48,490.8,337.0,32.2,31.5,0.1,2.2,1406.1,0.0,15.82,17.0,41.2,39.6,41.6,39.0,41.0,41.3,42.2,42.2,57.8,59.2,26.8,27.7,32.6,34.6,34.0,31.0,25.0,0.0,0.0,0.2,6.0,6.0,4.0,0.0,26.0,25.0,25.0,58.0,62.0,68.0,27.0,27.0,300.0,0.0,0.0,0.0,0.0,0.0,0.0,0.0,0.0,0.0
14.16,86.0,0.25,0.24,0.24,9.84,11.66,9.46,14.18,13.2,-0.01,-0.05,173.6,7.9,241.0,1.0,1.0,740.0,689.0,899.0,2.0,898.0,14.16,907.3,620.0,32.4,32.3,0.1,2.3,2067.6,0.0,16.83,17.0,41.2,39.6,41.7,39.0,41.0,41.4,42.1,42.1,57.7,59.2,26.7,27.7,32.7,34.7,40.0,35.0,25.0,0.0,0.0,0.0,6.0,6.0,4.0,0.0,26.0,25.0,25.0,58.0,62.0,68.0,27.0,27.0,300.0,0.0,0.0,0.0,0.0,0.0,0.0,0.0,0.0,0.0
11.37,43.99,0.25,0.24,0.24,9.16,9.28,9.46,11.38,5.4,0.0,0.0,173.8,5.6,246.0,1.0,1.0,408.0,688.0,492.0,-2.0,478.0,11.36,585.6,402.0,31.8,32.0,0.2,2.3,2067.6,0.0,16.83,17.0,41.8,40.2,42.2,39.5,41.6,41.9,42.6,42.5,57.8,59.2,26.7,27.7,32.8,34.9,36.0,32.0,25.0,-0.2,0.0,0.0,6.0,6.0,4.0,0.0,26.0,25.0,25.0,58.0,62.0,68.0,27.0,27.0,300.0,0.0,0.0,0.0,0.0,0.0,0.0,0.0,0.0,0.0
11.27,176.0,0.25,0.23,0.24,7.52,6.38,8.28,11.27,-12.8,0.01,0.02,173.8,6.2,256.0,1.0,1.0,387.0,687.0,474.0,0.0,455.0,11.24,579.0,394.0,31.7,31.4,0.1,2.2,1857.8,0.0,16.52,17.0,41.6,40.0,42.0,39.3,41.4,41.7,42.4,42.4,57.8,59.2,26.7,27.7,32.7,34.8,35.0,32.0,25.0,0.2,0.0,0.0,6.0,6.0,4.0,0.0,26.0,25.0,25.0,58.0,62.0,68.0,27.0,27.0,300.0,0.0,0.0,0.0,0.0,0.0,0.0,0.0,0.0,0.0
9.89,299.99,0.24,0.23,0.24,7.86,7.66,8.38,9.89,-2.7,0.04,0.0,173.8,4.7,253.0,1.0,1.0,266.0,688.0,324.0,0.0,307.0,9.88,442.6,303.0,32.6,31.8,0.2,2.3,1259.9,0.0,15.59,17.0,41.4,39.7,41.8,39.1,41.1,41.4,42.3,42.3,57.8,59.2,26.8,27.7,32.7,34.8,33.0,31.0,25.0,0.0,0.0,-0.2,6.0,6.0,4.0,0.0,26.0,25.0,25.0,58.0,62.0,68.0,27.0,27.0,300.0,0.0,0.0,0.0,0.0,0.0,0.0,0.0,0.0,0.0
11.69,226.01,0.25,0.23,0.24,9.56,7.66,10.26,11.71,-0.3,0.03,0.03,173.8,6.5,250.0,1.0,1.0,411.0,688.0,503.0,0.0,502.0,11.68,614.9,421.0,31.7,31.2,0.2,2.3,1782.4,0.0,16.4,17.0,41.7,40.1,42.0,39.3,41.5,41.7,42.5,42.5,57.8,59.2,26.7,27.7,32.8,34.7,35.0,31.0,25.0,0.0,0.0,0.0,6.0,6.0,4.0,0.0,26.0,25.0,25.0,58.0,62.0,68.0,27.0,27.0,300.0,0.0,0.0,0.0,0.0,0.0,0.0,0.0,0.0,0.0
10.01,330.01,0.25,0.23,0.24,8.04,7.14,8.04,10.0,-38.8,0.05,-0.04,0.0,7.0,264.0,1.0,1.0,275.0,688.0,338.0,0.0,312.0,10.0,454.1,309.0,32.8,32.3,0.2,2.3,2067.6,0.0,16.83,16.6,41.4,39.7,41.8,39.2,41.2,41.5,42.2,42.2,57.7,59.2,26.7,27.7,32.7,34.8,35.0,32.0,25.0,0.0,0.0,0.0,6.0,6.0,4.0,2.0,26.0,26.0,25.0,58.0,62.0,68.0,27.0,27.0,300.0,0.0,0.0,0.0,0.0,0.0,0.0,0.0,0.0,0.0
10.94,166.0,0.25,0.23,0.24,8.12,6.82,8.78,10.94,-1.7,0.0,-0.03,173.8,6.2,247.0,1.0,1.0,335.0,688.0,413.0,0.0,404.0,10.9,534.2,367.0,31.3,31.1,0.1,2.2,1510.2,0.0,15.99,17.0,41.7,40.2,42.1,39.4,41.6,41.8,42.5,42.6,57.8,59.2,26.7,27.7,32.8,34.7,34.0,31.0,25.0,0.0,0.0,0.0,6.0,6.0,4.0,0.0,26.0,25.0,25.0,58.0,62.0,68.0,27.0,27.0,300.0,0.0,0.0,0.0,0.0,0.0,0.0,0.0,0.0,0.0
11.28,263.02,0.25,0.23,0.24,8.62,7.34,9.74,11.31,2.8,-0.02,0.0,173.8,6.0,250.0,1.0,1.0,373.0,688.0,455.0,0.0,449.0,11.28,572.1,392.0,31.3,31.1,0.2,2.3,1482.4,0.0,15.95,17.0,41.7,40.1,42.1,39.4,41.6,41.8,42.5,42.5,57.8,59.2,26.7,27.7,32.8,34.7,35.0,31.0,25.0,-0.2,0.3,0.0,6.0,6.0,4.0,0.0,26.0,25.0,25.0,58.0,62.0,69.0,27.0,27.0,300.0,0.0,0.0,0.0,0.0,0.0,0.0,0.0,0.0,0.0
10.59,162.0,0.24,0.23,0.24,7.94,6.46,8.78,10.61,-1.2,0.06,0.02,173.8,5.3,254.0,1.0,1.0,333.0,688.0,400.0,-2.0,381.0,10.56,509.6,348.0,31.9,31.2,0.1,2.3,1881.6,0.0,16.55,17.0,41.6,40.0,41.9,39.2,41.4,41.7,42.4,42.4,57.8,59.2,26.7,27.7,32.8,34.8,35.0,31.0,25.0,0.0,0.0,0.0,6.0,6.0,4.0,0.0,26.0,25.0,25.0,58.0,62.0,68.0,27.0,27.0,300.0,0.0,0.0,0.0,0.0,0.0,0.0,0.0,0.0,0.0
9.85,193.0,0.24,0.23,0.24,6.38,5.74,7.9,9.9,5.1,0.02,0.01,173.6,4.9,251.0,1.0,1.0,273.0,688.0,333.0,-5.0,320.0,9.88,450.9,307.0,32.1,31.6,0.1,2.3,1881.6,0.0,16.55,17.0,41.5,39.9,41.9,39.2,41.3,41.6,42.4,42.4,57.8,59.2,26.7,27.7,32.7,34.9,34.0,31.0,25.0,0.1,0.1,0.0,6.0,6.0,4.0,0.0,26.0,25.0,25.0,58.0,62.0,68.0,27.0,27.0,300.0,0.0,0.0,0.0,0.0,0.0,0.0,0.0,0.0,0.0
10.95,231.01,0.25,0.23,0.24,7.28,5.56,7.4,10.96,-4.1,0.05,-0.03,173.8,6.3,247.0,1.0,1.0,343.0,688.0,409.0,0.0,408.0,10.94,537.4,369.0,31.4,31.0,0.1,2.2,1510.2,0.0,15.99,17.0,41.7,40.2,42.1,39.4,41.6,41.8,42.5,42.6,57.8,59.2,26.7,27.7,32.8,34.7,34.0,31.0,25.0,0.2,0.0,0.0,6.0,6.0,4.0,0.0,26.0,25.0,25.0,58.0,62.0,68.0,27.0,27.0,300.0,0.0,0.0,0.0,0.0,0.0,0.0,0.0,0.0,0.0
12.45,293.0,0.25,0.24,0.24,9.48,9.98,10.6,12.44,-0.6,0.11,0.02,148.7,6.9,233.0,1.0,1.0,479.0,689.0,578.0,0.0,581.0,12.42,685.8,472.0,33.0,32.5,0.2,2.3,2067.6,0.0,16.83,17.0,41.4,39.8,41.8,39.2,41.2,41.5,42.1,42.1,57.7,59.2,26.7,27.7,32.8,34.8,37.0,33.0,25.0,0.0,0.2,0.0,6.0,6.0,4.0,0.0,26.0,25.0,25.0,58.0,62.0,69.0,27.0,27.0,300.0,0.0,0.0,0.0,0.0,0.0,0.0,0.0,0.0,0.0
10.01,29.99,0.24,0.23,0.24,6.96,7.14,7.98,10.0,-38.4,-0.07,0.12,0.0,6.4,264.0,1.0,1.0,278.0,688.0,333.0,0.0,312.0,9.98,451.9,309.0,33.0,32.8,0.2,2.2,2067.6,0.0,16.83,16.6,41.4,39.7,41.8,39.2,41.2,41.5,42.2,42.2,57.7,59.2,26.7,27.7,32.7,34.8,35.0,32.0,25.0,-0.2,0.2,0.0,6.0,6.0,4.0,2.0,26.0,26.0,25.0,58.0,62.0,68.0,27.0,27.0,300.0,0.0,0.0,0.0,0.0,0.0,0.0,0.0,0.0,0.0
12.63,49.0,0.25,0.24,0.24,9.28,11.18,9.98,12.68,4.2,0.05,0.0,177.7,7.0,234.0,1.0,1.0,549.0,689.0,664.0,0.0,655.0,12.64,725.7,497.0,32.4,31.9,0.1,2.3,2067.6,0.0,16.83,17.0,41.4,39.8,41.8,39.2,41.2,41.5,42.1,42.1,57.7,59.2,26.7,27.7,32.8,34.9,38.0,34.0,25.0,0.0,-0.3,-0.2,6.0,6.0,4.0,0.0,26.0,25.0,25.0,58.0,62.0,69.0,27.0,27.0,300.0,0.0,0.0,0.0,0.0,0.0,0.0,0.0,0.0,0.0
9.81,68.0,0.24,0.23,0.24,5.86,5.62,6.54,9.83,-7.3,0.03,0.01,173.7,5.8,253.0,1.0,1.0,248.0,688.0,304.0,2.0,294.0,9.78,434.0,295.0,32.3,31.7,0.1,2.3,1259.9,0.0,15.59,17.0,41.4,39.8,41.8,39.1,41.2,41.5,42.3,42.3,57.8,59.2,26.8,27.7,32.7,34.9,33.0,31.0,25.0,0.0,0.0,0.0,6.0,6.0,4.0,0.0,26.0,25.0,25.0,58.0,62.0,68.0,27.0,27.0,300.0,0.0,0.0,0.0,0.0,0.0,0.0,0.0,0.0,0.0
14.09,106.99,0.25,0.24,0.24,9.92,10.92,9.32,14.11,14.0,0.03,0.02,173.6,7.2,241.0,1.0,1.0,733.0,689.0,892.0,0.0,880.0,14.08,896.4,613.0,31.8,31.6,0.1,2.3,2067.6,0.0,16.83,17.0,41.2,39.6,41.7,39.0,41.0,41.3,42.1,42.1,57.7,59.1,26.7,27.7,32.7,34.7,40.0,35.0,25.0,0.2,-1.0,0.0,6.0,6.0,4.0,0.0,26.0,25.0,25.0,58.0,62.0,68.0,27.0,27.0,300.0,0.0,0.0,0.0,0.0,0.0,0.0,0.0,0.0,0.0
12.68,159.01,0.25,0.23,0.24,8.82,7.7,9.46,12.67,0.4,0.02,0.0,160.8,7.1,234.0,1.0,1.0,505.0,689.0,610.0,0.0,625.0,12.64,712.9,490.0,32.6,32.1,0.1,2.3,2067.6,0.0,16.83,17.0,41.4,39.8,41.8,39.2,41.2,41.5,42.1,42.1,57.7,59.2,26.7,27.7,32.8,34.8,37.0,33.0,25.0,0.0,-0.3,0.2,6.0,6.0,4.0,0.0,26.0,25.0,25.0,58.0,62.0,68.0,27.0,27.0,300.0,0.0,0.0,0.0,0.0,0.0,0.0,0.0,0.0,0.0
11.41,267.01,0.25,0.23,0.24,8.86,8.1,9.22,11.43,4.5,0.01,-0.04,173.8,5.7,246.0,1.0,1.0,414.0,688.0,507.0,0.0,490.0,11.42,596.8,407.0,31.7,31.5,0.1,2.2,2067.6,0.0,16.83,17.0,41.8,40.2,42.2,39.5,41.6,41.9,42.6,42.6,57.8,59.2,26.7,27.7,32.8,34.9,36.0,32.0,25.0,0.0,0.2,0.0,6.0,6.0,4.0,0.0,26.0,25.0,25.0,58.0,62.0,69.0,27.0,27.0,300.0,0.0,0.0,0.0,0.0,0.0,0.0,0.0,0.0,0.0
9.96,47.02,0.24,0.23,0.24,7.06,6.48,7.46,9.96,-3.2,0.06,-0.03,173.7,5.5,258.0,1.0,1.0,269.0,688.0,324.0,0.0,316.0,9.92,449.9,305.0,32.6,32.1,0.1,2.2,1304.2,0.0,15.66,17.0,41.3,39.7,41.7,39.0,41.1,41.4,42.2,42.3,57.8,59.2,26.8,27.7,32.6,34.7,34.0,31.0,25.0,-0.2,0.0,0.0,6.0,6.0,4.0,0.0,26.0,25.0,25.0,58.0,62.0,68.0,27.0,27.0,300.0,0.0,0.0,0.0,0.0,0.0,0.0,0.0,0.0,0.0
9.96,172.01,0.24,0.23,0.24,6.68,6.26,7.76,10.01,-1.2,0.08,-0.01,173.7,5.7,255.0,1.0,1.0,263.0,688.0,317.0,0.0,315.0,9.96,446.8,306.0,32.5,32.1,0.2,2.3,1317.5,0.0,15.68,17.0,41.3,39.7,41.7,39.0,41.1,41.4,42.3,42.3,57.8,59.2,26.8,27.7,32.7,34.7,34.0,31.0,25.0,0.0,0.1,0.0,6.0,6.0,4.0,0.0,26.0,25.0,25.0,58.0,62.0,68.0,27.0,27.0,300.0,0.0,0.0,0.0,0.0,0.0,0.0,0.0,0.0,0.0
10.01,290.99,0.24,0.23,0.24,7.02,6.54,7.02,9.99,-8.1,0.1,-0.02,173.8,5.8,256.0,1.0,1.0,273.0,689.0,329.0,0.0,311.0,9.98,452.6,309.0,32.6,32.1,0.2,2.2,1304.2,0.0,15.66,17.0,41.3,39.7,41.7,39.0,41.1,41.4,42.2,42.2,57.8,59.2,26.8,27.7,32.7,34.7,34.0,31.0,25.0,0.3,0.0,0.0,6.0,6.0,4.0,0.0,26.0,25.0,25.0,58.0,62.0,68.0,27.0,27.0,300.0,0.0,0.0,0.0,0.0,0.0,0.0,0.0,0.0,0.0
10.24,252.0,0.24,0.23,0.24,7.5,6.52,8.3,10.28,6.6,0.01,0.0,173.7,4.7,252.0,1.0,1.0,296.0,688.0,354.0,-2.0,345.0,10.26,478.7,327.0,31.8,31.4,0.2,2.2,1881.6,0.0,16.55,17.0,41.5,39.9,41.9,39.2,41.4,41.6,42.4,42.4,57.8,59.2,26.7,27.7,32.8,34.9,34.0,31.0,25.0,0.0,0.0,0.0,6.0,6.0,4.0,0.0,26.0,25.0,25.0,58.0,62.0,68.0,27.0,27.0,300.0,0.0,0.0,0.0,0.0,0.0,0.0,0.0,0.0,0.0
14.13,164.99,0.25,0.24,0.24,12.24,8.8,12.32,14.16,18.8,0.0,0.08,173.6,6.9,242.0,1.0,1.0,761.0,689.0,927.0,-5.0,902.0,14.1,911.4,619.0,32.1,32.1,0.1,2.3,2067.6,0.0,16.83,17.0,41.1,39.5,41.6,39.0,41.0,41.3,42.1,42.1,57.7,59.2,26.7,27.8,32.6,34.7,40.0,35.0,25.0,-0.3,-1.2,0.0,6.0,6.0,4.0,0.0,26.0,25.0,25.0,58.0,62.0,68.0,27.0,27.0,300.0,0.0,0.0,0.0,0.0,0.0,0.0,0.0,0.0,0.0
10.73,302.0,0.25,0.23,0.24,7.2,6.68,7.48,10.73,8.2,-0.03,0.0,173.8,5.8,244.0,1.0,1.0,331.0,687.0,397.0,0.0,393.0,10.72,517.3,356.0,31.5,31.4,0.1,2.3,1969.4,0.0,16.68,17.0,41.8,40.2,42.1,39.4,41.6,41.8,42.6,42.6,57.8,59.2,26.7,27.7,32.8,34.7,35.0,31.0,25.0,0.2,0.1,0.0,6.0,6.0,4.0,0.0,26.0,25.0,25.0,58.0,62.0,69.0,27.0,27.0,300.0,0.0,0.0,0.0,0.0,0.0,0.0,0.0,0.0,0.0
10.76,288.0,0.24,0.23,0.24,6.82,7.34,7.78,10.73,-25.7,0.05,-0.1,0.0,6.6,270.0,1.0,1.0,295.0,688.0,358.0,0.0,371.0,10.74,508.1,349.0,32.6,32.1,0.1,2.3,2067.6,0.0,16.83,16.5,41.4,39.7,41.8,39.2,41.2,41.5,42.2,42.2,57.7,59.1,26.7,27.7,32.7,34.8,35.0,32.0,25.0,0.2,1.0,0.2,6.0,6.0,4.0,2.0,26.0,26.0,25.0,58.0,62.0,68.0,27.0,27.0,300.0,0.0,0.0,0.0,0.0,0.0,0.0,0.0,0.0,0.0
10.17,272.02,0.24,0.23,0.24,6.74,6.9,7.6,10.18,-32.4,0.03,-0.07,0.0,6.4,268.0,1.0,1.0,272.0,688.0,335.0,0.0,331.0,10.16,459.1,315.0,32.5,32.1,0.1,2.3,2067.6,0.0,16.83,16.6,41.4,39.7,41.8,39.2,41.2,41.5,42.2,42.2,57.7,59.1,26.7,27.7,32.7,34.8,35.0,32.0,25.0,0.0,0.6,0.0,6.0,6.0,4.0,2.0,26.0,25.0,25.0,58.0,62.0,68.0,27.0,27.0,300.0,0.0,0.0,0.0,0.0,0.0,0.0,0.0,0.0,0.0
11.84,220.0,0.25,0.23,0.24,10.14,8.12,10.88,11.88,20.1,0.05,0.03,173.8,5.6,245.0,1.0,1.0,457.0,687.0,546.0,-2.0,531.0,11.86,644.3,437.0,31.6,31.8,0.1,2.3,2067.6,0.0,16.83,17.0,41.8,40.2,42.2,39.5,41.7,41.9,42.6,42.6,57.8,59.2,26.7,27.7,32.8,34.9,36.0,32.0,25.0,0.0,0.0,0.0,6.0,6.0,4.0,0.0,26.0,25.0,25.0,58.0,62.0,69.0,27.0,27.0,300.0,0.0,0.0,0.0,0.0,0.0,0.0,0.0,0.0,0.0
11.43,209.02,0.25,0.23,0.24,9.1,7.6,9.48,11.47,-2.4,0.01,-0.03,173.8,5.7,253.0,1.0,1.0,407.0,687.0,500.0,0.0,488.0,11.44,597.7,407.0,31.7,31.2,0.1,2.3,1926.0,0.0,16.62,17.0,41.6,40.0,42.0,39.3,41.4,41.7,42.4,42.5,57.8,59.2,26.7,27.7,32.7,34.8,35.0,32.0,25.0,0.0,0.0,0.0,6.0,6.0,4.0,0.0,26.0,25.0,25.0,58.0,62.0,68.0,27.0,27.0,300.0,0.0,0.0,0.0,0.0,0.0,0.0,0.0,0.0,0.0
11.51,259.99,0.25,0.23,0.24,9.76,8.16,10.82,11.51,-1.3,0.02,0.02,173.7,4.8,252.0,1.0,1.0,414.0,688.0,504.0,0.0,484.0,11.5,604.3,411.0,31.8,31.1,0.1,2.3,1926.0,0.0,16.62,17.0,41.6,40.0,42.0,39.3,41.4,41.7,42.4,42.5,57.8,59.2,26.7,27.7,32.7,34.7,35.0,32.0,25.0,-0.2,0.0,0.0,6.0,6.0,4.0,0.0,26.0,25.0,25.0,58.0,62.0,69.0,27.0,27.0,300.0,0.0,0.0,0.0,0.0,0.0,0.0,0.0,0.0,0.0
10.86,67.0,0.25,0.23,0.24,7.44,7.64,7.92,10.87,5.1,-0.01,-0.03,173.7,5.2,255.0,1.0,1.0,356.0,688.0,437.0,0.0,410.0,10.84,535.9,367.0,31.7,31.6,0.1,2.3,1881.6,0.0,16.55,17.0,41.5,40.0,42.0,39.3,41.4,41.6,42.4,42.4,57.8,59.2,26.7,27.7,32.8,34.8,35.0,32.0,25.0,0.0,0.0,0.0,6.0,6.0,4.0,0.0,26.0,25.0,25.0,58.0,62.0,68.0,27.0,27.0,300.0,0.0,0.0,0.0,0.0,0.0,0.0,0.0,0.0,0.0
11.4,301.0,0.25,0.23,0.24,9.02,8.38,9.8,11.37,-1.4,0.04,-0.01,173.6,7.6,250.0,1.0,1.0,348.0,689.0,428.0,0.0,443.0,11.36,568.2,393.0,32.5,32.1,0.1,2.3,1691.5,0.0,16.27,17.0,41.1,39.5,41.5,38.9,41.0,41.2,42.1,42.1,57.8,59.2,26.7,27.7,32.6,34.7,35.0,31.0,25.0,0.0,0.0,-0.2,6.0,6.0,4.0,0.0,26.0,25.0,25.0,58.0,62.0,68.0,27.0,27.0,300.0,0.0,0.0,0.0,0.0,0.0,0.0,0.0,0.0,0.0
10.05,150.98,0.24,0.23,0.24,7.0,6.46,8.44,10.06,-35.4,0.05,0.03,0.0,5.9,266.0,1.0,1.0,271.0,688.0,336.0,0.0,318.0,10.04,456.8,310.0,32.6,32.3,0.2,2.3,2067.6,0.0,16.83,16.6,41.4,39.7,41.8,39.2,41.2,41.5,42.2,42.2,57.7,59.2,26.7,27.7,32.7,34.8,35.0,32.0,25.0,0.0,0.0,0.0,6.0,6.0,4.0,2.0,26.0,25.0,25.0,58.0,62.0,68.0,27.0,27.0,300.0,0.0,0.0,0.0,0.0,0.0,0.0,0.0,0.0,0.0
14.53,245.02,0.25,0.24,0.25,12.16,9.8,13.84,14.58,13.1,0.11,0.06,173.6,9.2,246.0,1.0,1.0,748.0,690.0,911.0,3.0,941.0,14.56,932.7,652.0,32.4,31.9,0.1,2.2,1930.2,0.0,16.62,17.0,41.0,39.5,41.5,38.9,41.0,41.2,42.1,42.1,57.7,59.2,26.7,27.7,32.6,34.7,38.0,33.0,25.0,0.0,0.0,0.3,6.0,6.0,4.0,0.0,26.0,25.0,25.0,58.0,62.0,68.0,27.0,27.0,300.0,0.0,0.0,0.0,0.0,0.0,0.0,0.0,0.0,0.0
14.09,36.0,0.25,0.24,0.24,10.2,12.6,10.58,14.11,16.0,0.0,-0.04,173.5,6.8,241.0,1.0,1.0,737.0,689.0,898.0,0.0,881.0,14.06,900.9,613.0,32.2,31.9,0.2,2.3,2067.6,0.0,16.83,17.0,41.2,39.5,41.6,39.0,41.0,41.3,42.1,42.1,57.7,59.2,26.7,27.7,32.7,34.7,40.0,35.0,25.0,0.0,0.0,-0.9,6.0,6.0,4.0,0.0,26.0,25.0,25.0,58.0,62.0,68.0,27.0,27.0,300.0,0.0,0.0,0.0,0.0,0.0,0.0,0.0,0.0,0.0
10.71,14.0,0.25,0.23,0.24,7.64,6.82,7.82,10.75,12.5,-0.01,0.02,173.8,5.5,245.0,1.0,1.0,342.0,688.0,419.0,0.0,400.0,10.72,520.6,357.0,32.0,31.8,0.1,2.2,1969.4,0.0,16.68,17.0,41.8,40.2,42.1,39.5,41.6,41.9,42.6,42.5,57.8,59.2,26.7,27.7,32.8,34.7,35.0,32.0,25.0,0.0,0.0,0.0,6.0,6.0,4.0,0.0,26.0,25.0,25.0,58.0,62.0,69.0,27.0,27.0,300.0,0.0,0.0,0.0,0.0,0.0,0.0,0.0,0.0,0.0
11.52,38.02,0.25,0.24,0.24,8.64,9.02,9.16,11.55,-4.5,0.01,0.04,173.7,5.2,253.0,1.0,1.0,412.0,688.0,495.0,-4.0,481.0,11.5,602.3,410.0,32.1,31.6,0.1,2.2,1926.0,0.0,16.62,17.0,41.6,40.0,42.0,39.3,41.4,41.7,42.5,42.5,57.8,59.2,26.7,27.7,32.7,34.7,35.0,32.0,25.0,0.0,0.0,0.0,6.0,6.0,4.0,0.0,26.0,25.0,25.0,58.0,62.0,69.0,27.0,27.0,300.0,0.0,0.0,0.0,0.0,0.0,0.0,0.0,0.0,0.0
10.66,340.99,0.25,0.23,0.24,8.56,8.0,8.62,10.7,14.5,-0.02,-0.03,173.7,5.2,244.0,1.0,1.0,324.0,688.0,400.0,0.0,387.0,10.66,519.3,353.0,31.7,31.3,0.1,2.2,1969.4,0.0,16.68,17.0,41.8,40.2,42.1,39.5,41.6,41.8,42.6,42.5,57.8,59.2,26.7,27.7,32.8,34.7,35.0,31.0,25.0,0.0,0.0,-0.2,6.0,6.0,4.0,0.0,26.0,25.0,25.0,58.0,62.0,69.0,27.0,27.0,300.0,0.0,0.0,0.0,0.0,0.0,0.0,0.0,0.0,0.0
10.01,158.0,0.24,0.23,0.24,7.02,6.48,8.58,10.05,-8.3,0.02,0.04,173.7,5.9,259.0,1.0,1.0,268.0,688.0,321.0,-4.0,319.0,9.98,448.5,307.0,32.5,32.1,0.1,2.2,1413.3,0.0,15.84,17.0,41.2,39.6,41.7,39.0,41.1,41.3,42.2,42.2,57.8,59.2,26.7,27.7,32.6,34.6,34.0,31.0,25.0,0.0,0.0,0.0,6.0,6.0,4.0,0.0,26.0,25.0,25.0,58.0,62.0,68.0,27.0,27.0,300.0,0.0,0.0,0.0,0.0,0.0,0.0,0.0,0.0,0.0
9.91,105.98,0.24,0.23,0.24,5.9,5.18,7.46,9.96,-4.3,0.05,0.04,173.8,4.8,258.0,1.0,1.0,261.0,688.0,324.0,2.0,316.0,9.92,447.7,306.0,32.4,32.1,0.2,2.2,1413.3,0.0,15.84,17.0,41.3,39.7,41.7,39.0,41.1,41.3,42.2,42.2,57.8,59.2,26.8,27.7,32.6,34.7,34.0,31.0,25.0,-0.1,-0.1,0.2,6.0,6.0,4.0,0.0,26.0,25.0,25.0,58.0,62.0,68.0,27.0,27.0,300.0,0.0,0.0,0.0,0.0,0.0,0.0,0.0,0.0,0.0
12.33,218.99,0.25,0.23,0.24,8.9,7.34,9.26,12.4,-1.6,-0.03,-0.02,144.8,7.2,233.0,1.0,1.0,469.0,689.0,563.0,2.0,583.0,12.36,684.9,468.0,32.7,32.1,0.2,2.3,2067.6,0.0,16.83,17.0,41.4,39.8,41.8,39.2,41.2,41.5,42.1,42.1,57.7,59.2,26.7,27.7,32.8,34.8,37.0,33.0,25.0,0.2,0.0,0.2,6.0,6.0,4.0,0.0,26.0,25.0,25.0,58.0,62.0,69.0,27.0,27.0,300.0,0.0,0.0,0.0,0.0,0.0,0.0,0.0,0.0,0.0
14.58,41.0,0.25,0.24,0.24,9.64,12.32,10.72,14.6,8.1,0.02,0.02,173.5,6.3,246.0,1.0,1.0,822.0,690.0,1003.0,0.0,996.0,14.56,964.4,658.0,32.0,31.9,0.1,2.3,1930.2,0.0,16.62,17.0,41.1,39.5,41.5,38.9,41.0,41.2,42.1,42.1,57.7,59.2,26.7,27.8,32.6,34.7,39.0,34.0,25.0,0.0,0.5,-0.5,6.0,6.0,4.0,0.0,26.0,25.0,25.0,58.0,62.0,68.0,27.0,27.0,300.0,0.0,0.0,0.0,0.0,0.0,0.0,0.0,0.0,0.0
11.27,109.01,0.24,0.23,0.24,8.4,7.74,9.1,11.32,-12.6,0.02,-0.01,173.8,6.3,256.0,1.0,1.0,393.0,687.0,470.0,-4.0,458.0,11.26,581.2,395.0,31.9,31.6,0.1,2.2,1857.8,0.0,16.52,17.0,41.6,40.0,42.0,39.3,41.4,41.7,42.4,42.4,57.8,59.2,26.7,27.7,32.7,34.8,35.0,32.0,25.0,0.0,-0.3,0.0,6.0,6.0,4.0,0.0,26.0,25.0,25.0,58.0,62.0,68.0,27.0,27.0,300.0,0.0,0.0,0.0,0.0,0.0,0.0,0.0,0.0,0.0
11.13,218.99,0.25,0.23,0.24,9.18,7.1,10.04,11.16,-7.0,0.04,0.02,173.8,5.7,257.0,1.0,1.0,378.0,687.0,464.0,3.0,440.0,11.16,566.1,387.0,32.1,31.7,0.1,2.2,1857.8,0.0,16.52,17.0,41.6,40.0,42.0,39.3,41.4,41.7,42.4,42.4,57.8,59.2,26.7,27.7,32.7,34.8,35.0,32.0,25.0,0.0,0.0,-0.2,6.0,6.0,4.0,0.0,26.0,25.0,25.0,58.0,62.0,68.0,27.0,27.0,300.0,0.0,0.0,0.0,0.0,0.0,0.0,0.0,0.0,0.0
11.41,236.99,0.25,0.23,0.24,8.5,6.8,8.88,11.4,7.8,-0.05,0.05,173.8,5.3,249.0,1.0,1.0,391.0,688.0,467.0,0.0,472.0,11.4,591.3,402.0,31.7,31.4,0.1,2.3,1482.4,0.0,15.95,17.0,41.7,40.1,42.1,39.4,41.5,41.8,42.5,42.5,57.8,59.2,26.7,27.7,32.8,34.7,35.0,31.0,25.0,0.2,0.0,0.0,6.0,6.0,4.0,0.0,26.0,25.0,25.0,58.0,62.0,68.0,27.0,27.0,300.0,0.0,0.0,0.0,0.0,0.0,0.0,0.0,0.0,0.0
14.2,150.98,0.25,0.24,0.24,11.14,9.44,11.0,14.22,8.0,0.05,-0.05,173.5,7.7,242.0,1.0,1.0,752.0,689.0,914.0,0.0,909.0,14.18,914.0,623.0,32.2,31.9,0.1,2.3,2067.6,0.0,16.83,17.0,41.2,39.6,41.7,39.0,41.1,41.4,42.1,42.1,57.7,59.2,26.7,27.7,32.7,34.7,40.0,36.0,25.0,0.0,-1.0,0.0,6.0,6.0,4.0,0.0,26.0,25.0,25.0,58.0,62.0,68.0,27.0,27.0,300.0,0.0,0.0,0.0,0.0,0.0,0.0,0.0,0.0,0.0
11.55,315.0,0.25,0.24,0.24,8.98,9.02,9.38,11.54,0.7,0.0,0.01,173.7,5.3,253.0,1.0,1.0,410.0,688.0,497.0,0.0,483.0,11.52,604.5,412.0,31.9,31.5,0.2,2.2,1926.0,0.0,16.62,17.0,41.6,40.0,42.0,39.3,41.4,41.7,42.4,42.4,57.8,59.2,26.7,27.7,32.7,34.7,35.0,32.0,25.0,-0.2,-0.2,-0.2,6.0,6.0,4.0,0.0,26.0,25.0,25.0,58.0,62.0,69.0,27.0,27.0,300.0,0.0,0.0,0.0,0.0,0.0,0.0,0.0,0.0,0.0
10.56,177.98,0.24,0.23,0.24,7.26,6.38,8.54,10.58,0.1,0.05,0.0,173.7,6.0,257.0,1.0,1.0,304.0,688.0,366.0,0.0,357.0,10.54,495.6,341.0,32.5,31.6,0.1,2.3,1406.1,0.0,15.82,17.0,41.2,39.6,41.6,39.0,41.0,41.3,42.2,42.2,57.8,59.2,26.8,27.7,32.6,34.6,34.0,31.0,25.0,0.0,0.0,0.0,6.0,6.0,4.0,0.0,26.0,25.0,25.0,58.0,62.0,68.0,27.0,27.0,300.0,0.0,0.0,0.0,0.0,0.0,0.0,0.0,0.0,0.0
10.66,271.01,0.25,0.23,0.24,6.9,6.72,7.42,10.68,14.8,0.04,0.04,173.8,5.5,244.0,1.0,1.0,334.0,688.0,400.0,0.0,387.0,10.64,513.8,353.0,31.6,31.1,0.1,2.3,1969.4,0.0,16.68,17.0,41.8,40.2,42.1,39.5,41.6,41.8,42.6,42.5,57.8,59.2,26.7,27.7,32.8,34.7,35.0,31.0,25.0,0.2,0.5,0.0,6.0,6.0,4.0,0.0,26.0,25.0,25.0,58.0,62.0,69.0,27.0,27.0,300.0,0.0,0.0,0.0,0.0,0.0,0.0,0.0,0.0,0.0
11.56,352.01,0.25,0.24,0.24,8.72,8.66,9.3,11.6,12.8,0.01,0.01,173.8,5.2,245.0,1.0,1.0,435.0,688.0,529.0,0.0,503.0,11.58,613.7,418.0,31.6,31.5,0.1,2.3,2067.6,0.0,16.83,17.0,41.8,40.2,42.2,39.5,41.6,41.9,42.6,42.6,57.8,59.2,26.7,27.7,32.8,34.9,36.0,32.0,25.0,0.0,0.0,-0.2,6.0,6.0,4.0,0.0,26.0,25.0,25.0,58.0,62.0,69.0,27.0,27.0,300.0,0.0,0.0,0.0,0.0,0.0,0.0,0.0,0.0,0.0
11.43,31.0,0.25,0.24,0.24,7.76,8.36,7.78,11.47,3.6,0.01,0.01,173.7,5.5,249.0,1.0,1.0,398.0,688.0,477.0,2.0,478.0,11.42,593.2,404.0,32.0,31.2,0.1,2.3,1777.2,0.0,16.39,17.0,41.7,40.1,42.0,39.3,41.6,41.7,42.4,42.6,57.8,59.2,26.7,27.7,32.8,34.7,35.0,31.0,25.0,0.0,0.2,0.0,6.0,6.0,4.0,0.0,26.0,25.0,25.0,58.0,62.0,68.0,27.0,27.0,300.0,0.0,0.0,0.0,0.0,0.0,0.0,0.0,0.0,0.0
12.33,254.02,0.25,0.23,0.24,9.06,7.64,10.0,12.36,19.1,0.03,0.01,0.0,5.8,237.0,1.0,1.0,524.0,689.0,635.0,-5.0,620.0,12.36,696.8,476.0,32.3,31.7,0.1,2.3,2067.6,0.0,16.83,16.9,41.4,39.7,41.8,39.2,41.2,41.5,42.1,42.1,57.7,59.1,26.7,27.7,32.7,34.7,38.0,35.0,25.0,0.0,0.0,0.0,6.0,6.0,4.0,1.0,26.0,26.0,25.0,58.0,62.0,68.0,27.0,27.0,300.0,0.0,0.0,0.0,0.0,0.0,0.0,0.0,0.0,0.0
9.81,118.01,0.24,0.23,0.24,5.72,5.22,6.7,9.82,-5.7,0.0,0.01,173.6,4.5,254.0,1.0,1.0,264.0,688.0,318.0,0.0,307.0,9.8,437.2,300.0,32.3,31.4,0.1,2.3,1259.9,0.0,15.59,17.0,41.4,39.7,41.7,39.1,41.2,41.4,42.3,42.3,57.8,59.2,26.8,27.7,32.7,34.7,34.0,31.0,25.0,0.0,0.0,0.1,6.0,6.0,4.0,0.0,26.0,25.0,25.0,58.0,62.0,68.0,27.0,27.0,300.0,0.0,0.0,0.0,0.0,0.0,0.0,0.0,0.0,0.0
11.13,353.02,0.25,0.23,0.24,8.9,8.44,9.12,11.15,-6.2,-0.01,-0.01,173.7,5.9,257.0,1.0,1.0,378.0,687.0,455.0,-2.0,436.0,11.14,564.0,385.0,31.9,31.1,0.2,2.2,1857.8,0.0,16.52,17.0,41.6,40.0,42.0,39.3,41.4,41.7,42.4,42.4,57.8,59.2,26.7,27.7,32.7,34.8,35.0,32.0,25.0,-0.2,0.0,-0.2,6.0,6.0,4.0,0.0,26.0,25.0,25.0,58.0,62.0,68.0,27.0,27.0,300.0,0.0,0.0,0.0,0.0,0.0,0.0,0.0,0.0,0.0
11.52,238.0,0.25,0.23,0.24,7.96,6.4,8.62,11.51,1.7,0.03,0.03,173.8,5.9,249.0,1.0,1.0,404.0,688.0,482.0,-2.0,475.0,11.5,601.3,408.0,31.7,31.2,0.1,2.3,1777.2,0.0,16.39,17.0,41.7,40.1,42.0,39.3,41.5,41.7,42.5,42.5,57.8,59.2,26.7,27.7,32.8,34.7,35.0,31.0,25.0,0.0,0.0,0.0,6.0,6.0,4.0,0.0,26.0,25.0,25.0,58.0,62.0,68.0,27.0,27.0,300.0,0.0,0.0,0.0,0.0,0.0,0.0,0.0,0.0,0.0
9.98,231.98,0.24,0.23,0.24,6.94,6.5,7.8,9.98,-1.5,-0.04,0.02,173.7,5.3,255.0,1.0,1.0,259.0,689.0,317.0,2.0,312.0,9.96,451.0,308.0,32.5,32.2,0.1,2.3,1317.5,0.0,15.68,17.0,41.3,39.7,41.7,39.0,41.1,41.4,42.3,42.3,57.8,59.2,26.8,27.7,32.7,34.7,34.0,31.0,25.0,0.0,0.0,0.0,6.0,6.0,4.0,0.0,26.0,25.0,25.0,58.0,62.0,68.0,27.0,27.0,300.0,0.0,0.0,0.0,0.0,0.0,0.0,0.0,0.0,0.0
10.78,200.02,0.25,0.23,0.24,7.8,6.18,8.28,10.8,0.2,0.01,-0.04,173.8,6.1,246.0,1.0,1.0,330.0,688.0,405.0,0.0,400.0,10.78,522.1,359.0,31.7,31.3,0.1,2.3,1510.2,0.0,15.99,17.0,41.8,40.2,42.1,39.4,41.6,41.8,42.5,42.6,57.8,59.2,26.7,27.7,32.8,34.7,35.0,31.0,25.0,0.2,0.0,0.0,6.0,6.0,4.0,0.0,26.0,25.0,25.0,58.0,62.0,69.0,27.0,27.0,300.0,0.0,0.0,0.0,0.0,0.0,0.0,0.0,0.0,0.0
11.02,200.99,0.25,0.23,0.24,7.52,6.54,8.08,11.05,-7.9,0.09,-0.01,173.8,6.1,249.0,1.0,1.0,352.0,688.0,431.0,0.0,426.0,11.04,548.8,376.0,31.9,31.6,0.1,2.2,1510.2,0.0,15.99,17.0,41.7,40.1,42.1,39.4,41.6,41.8,42.5,42.5,57.8,59.3,26.7,27.7,32.8,34.7,34.0,31.0,25.0,0.0,0.0,0.0,6.0,6.0,4.0,0.0,26.0,25.0,25.0,58.0,62.0,69.0,27.0,27.0,300.0,0.0,0.0,0.0,0.0,0.0,0.0,0.0,0.0,0.0
9.6,27.0,0.24,0.23,0.24,6.96,6.18,6.88,9.61,-4.5,-0.03,0.0,173.8,4.7,251.0,1.0,1.0,235.0,688.0,289.0,2.0,277.0,9.6,414.5,285.0,32.3,31.8,0.1,2.3,1259.9,0.0,15.59,17.0,41.4,39.8,41.8,39.2,41.2,41.5,42.3,42.3,57.8,59.2,26.8,27.7,32.7,34.9,33.0,30.0,25.0,0.0,0.0,0.0,6.0,6.0,4.0,0.0,26.0,25.0,25.0,58.0,62.0,68.0,27.0,27.0,300.0,0.0,0.0,0.0,0.0,0.0,0.0,0.0,0.0,0.0
11.39,185.0,0.25,0.23,0.24,7.88,6.42,8.48,11.39,5.7,0.02,0.01,173.8,5.8,249.0,1.0,1.0,394.0,688.0,486.0,0.0,475.0,11.38,592.1,402.0,31.7,31.3,0.1,2.2,1777.2,0.0,16.39,17.0,41.7,40.1,42.1,39.3,41.6,41.7,42.5,42.6,57.8,59.2,26.7,27.7,32.8,34.7,35.0,31.0,25.0,0.2,0.0,0.2,6.0,6.0,4.0,0.0,26.0,25.0,25.0,58.0,62.0,68.0,27.0,27.0,300.0,0.0,0.0,0.0,0.0,0.0,0.0,0.0,0.0,0.0
13.56,190.01,0.25,0.23,0.24,10.52,7.28,11.1,13.57,15.9,-0.03,0.0,173.7,7.8,248.0,1.0,1.0,564.0,690.0,688.0,6.0,724.0,13.54,798.3,557.0,32.4,32.0,0.1,2.3,1691.5,0.0,16.27,17.0,41.1,39.5,41.5,38.9,41.0,41.2,42.1,42.1,57.7,59.2,26.7,27.7,32.6,34.7,35.0,32.0,25.0,0.2,-0.3,0.5,6.0,6.0,4.0,0.0,26.0,25.0,25.0,58.0,62.0,68.0,27.0,27.0,300.0,0.0,0.0,0.0,0.0,0.0,0.0,0.0,0.0,0.0
10.1,211.0,0.24,0.23,0.24,7.76,7.28,8.9,10.12,-34.7,0.0,0.04,0.0,6.8,268.0,1.0,1.0,273.0,688.0,330.0,0.0,326.0,10.08,457.7,313.0,32.6,32.2,0.1,2.3,2067.6,0.0,16.83,16.6,41.4,39.7,41.8,39.2,41.2,41.5,42.2,42.2,57.7,59.1,26.7,27.7,32.7,34.8,35.0,32.0,25.0,0.0,0.0,-0.2,6.0,6.0,4.0,2.0,26.0,25.0,25.0,58.0,62.0,68.0,27.0,27.0,300.0,0.0,0.0,0.0,0.0,0.0,0.0,0.0,0.0,0.0
11.44,96.01,0.25,0.23,0.24,9.24,8.94,10.02,11.48,7.7,-0.02,-0.01,0.0,5.1,235.0,1.0,1.0,422.0,688.0,503.0,-4.0,478.0,11.44,599.2,408.0,32.3,31.6,0.1,2.3,2067.6,0.0,16.83,16.9,41.4,39.8,41.8,39.2,41.3,41.5,42.1,42.1,57.7,59.2,26.7,27.7,32.8,34.8,37.0,33.0,25.0,-0.2,-0.4,-0.2,6.0,6.0,4.0,1.0,26.0,25.0,25.0,58.0,62.0,68.0,27.0,27.0,300.0,0.0,0.0,0.0,0.0,0.0,0.0,0.0,0.0,0.0
10.8,181.01,0.24,0.23,0.24,7.24,6.46,8.72,10.81,9.7,0.05,0.02,173.8,5.0,246.0,1.0,1.0,352.0,687.0,431.0,-2.0,414.0,10.8,529.4,363.0,31.6,31.3,0.1,2.2,1969.4,0.0,16.68,17.0,41.8,40.2,42.1,39.5,41.6,41.8,42.5,42.5,57.8,59.2,26.7,27.7,32.8,34.8,35.0,32.0,25.0,0.0,0.0,0.0,6.0,6.0,4.0,0.0,26.0,25.0,25.0,58.0,62.0,68.0,27.0,27.0,300.0,0.0,0.0,0.0,0.0,0.0,0.0,0.0,0.0,0.0
10.43,97.99,0.24,0.23,0.24,7.56,7.74,8.52,10.45,-33.1,0.03,-0.1,0.0,7.2,271.0,1.0,1.0,279.0,688.0,338.0,0.0,345.0,10.42,477.5,330.0,32.8,32.6,0.1,2.2,2067.6,0.0,16.83,16.6,41.4,39.7,41.8,39.2,41.2,41.5,42.2,42.2,57.7,59.2,26.7,27.7,32.7,34.8,35.0,32.0,25.0,0.0,-0.2,0.0,6.0,6.0,4.0,2.0,26.0,25.0,25.0,58.0,62.0,68.0,27.0,27.0,300.0,0.0,0.0,0.0,0.0,0.0,0.0,0.0,0.0,0.0
13.13,308.99,0.25,0.24,0.24,7.76,9.62,10.24,13.09,14.0,-0.07,0.02,173.6,7.6,249.0,1.0,1.0,501.0,689.0,607.0,5.0,658.0,13.06,742.0,516.0,31.8,31.5,0.2,2.3,1691.5,0.0,16.27,17.0,41.0,39.5,41.5,38.9,41.0,41.2,42.1,42.1,57.7,59.2,26.7,27.7,32.6,34.7,35.0,32.0,25.0,-0.2,1.3,0.0,6.0,6.0,4.0,0.0,26.0,25.0,25.0,58.0,62.0,68.0,27.0,27.0,300.0,0.0,0.0,0.0,0.0,0.0,0.0,0.0,0.0,0.0
11.2,18.0,0.25,0.24,0.24,7.82,7.74,8.3,11.24,-11.2,0.0,0.03,173.7,6.4,257.0,1.0,1.0,387.0,688.0,465.0,0.0,447.0,11.2,574.1,390.0,32.2,31.5,0.1,2.2,1857.8,0.0,16.52,17.0,41.6,40.0,42.0,39.3,41.4,41.7,42.4,42.4,57.8,59.2,26.7,27.7,32.7,34.8,35.0,32.0,25.0,0.0,0.0,0.0,6.0,6.0,4.0,0.0,26.0,25.0,25.0,58.0,62.0,68.0,27.0,27.0,300.0,0.0,0.0,0.0,0.0,0.0,0.0,0.0,0.0,0.0
12.23,114.98,0.25,0.24,0.24,7.9,8.08,8.62,12.26,14.3,0.07,0.02,0.0,6.0,237.0,1.0,1.0,510.0,688.0,618.0,-2.0,594.0,12.22,686.1,466.0,32.4,32.2,0.2,2.3,2067.6,0.0,16.83,16.9,41.4,39.8,41.8,39.2,41.2,41.5,42.1,42.1,57.7,59.1,26.7,27.7,32.8,34.7,38.0,34.0,25.0,0.0,-0.4,0.0,6.0,6.0,4.0,1.0,26.0,25.0,25.0,58.0,62.0,68.0,27.0,27.0,300.0,0.0,0.0,0.0,0.0,0.0,0.0,0.0,0.0,0.0
11.35,32.0,0.25,0.24,0.24,7.8,8.16,7.92,11.39,2.4,-0.01,0.05,173.8,5.5,250.0,1.0,1.0,383.0,688.0,457.0,0.0,459.0,11.34,576.2,396.0,31.6,31.4,0.1,2.3,1482.4,0.0,15.95,17.0,41.7,40.1,42.1,39.4,41.6,41.8,42.5,42.5,57.8,59.2,26.7,27.7,32.8,34.7,35.0,31.0,25.0,0.0,0.2,0.0,6.0,6.0,4.0,0.0,26.0,25.0,25.0,58.0,62.0,68.0,27.0,27.0,300.0,0.0,0.0,0.0,0.0,0.0,0.0,0.0,0.0,0.0
14.19,270.0,0.25,0.24,0.25,11.26,9.7,13.34,14.21,17.6,0.06,0.08,173.4,7.2,243.0,1.0,1.0,780.0,689.0,945.0,-4.0,929.0,14.2,919.2,627.0,31.8,31.6,0.1,2.2,2067.6,0.0,16.83,17.0,41.1,39.5,41.6,38.9,41.0,41.3,42.1,42.1,57.7,59.1,26.7,27.8,32.6,34.7,40.0,35.0,25.0,-0.5,0.2,0.0,6.0,6.0,4.0,0.0,26.0,25.0,25.0,58.0,62.0,68.0,27.0,27.0,300.0,0.0,0.0,0.0,0.0,0.0,0.0,0.0,0.0,0.0
12.65,88.99,0.25,0.24,0.24,8.52,9.62,8.84,12.69,14.5,0.0,-0.03,173.5,6.5,238.0,1.0,1.0,564.0,689.0,687.0,-2.0,666.0,12.66,735.5,501.0,32.2,31.8,0.1,2.3,2067.6,0.0,16.83,16.9,41.4,39.7,41.8,39.1,41.2,41.5,42.1,42.1,57.7,59.1,26.7,27.7,32.7,34.7,39.0,35.0,25.0,0.0,0.0,0.0,6.0,6.0,4.0,0.0,26.0,25.0,25.0,58.0,62.0,68.0,27.0,27.0,300.0,0.0,0.0,0.0,0.0,0.0,0.0,0.0,0.0,0.0
11.37,353.02,0.25,0.23,0.24,8.52,8.24,8.54,11.4,-6.9,-0.01,0.03,173.7,7.0,254.0,1.0,1.0,407.0,687.0,491.0,-2.0,479.0,11.38,592.2,404.0,31.7,31.3,0.1,2.3,1926.0,0.0,16.62,17.0,41.6,40.0,42.0,39.3,41.4,41.7,42.4,42.4,57.8,59.2,26.7,27.7,32.7,34.8,35.0,32.0,25.0,0.0,0.0,0.0,6.0,6.0,4.0,0.0,26.0,25.0,25.0,58.0,62.0,68.0,27.0,27.0,300.0,0.0,0.0,0.0,0.0,0.0,0.0,0.0,0.0,0.0
13.94,289.01,0.25,0.24,0.25,10.92,10.74,13.78,13.94,11.8,0.03,-0.04,173.6,7.3,241.0,1.0,1.0,744.0,690.0,907.0,0.0,889.0,13.94,886.9,606.0,32.1,32.0,0.1,2.2,2067.6,0.0,16.83,17.0,41.2,39.6,41.7,39.0,41.1,41.4,42.1,42.1,57.7,59.1,26.7,27.8,32.7,34.8,40.0,36.0,25.0,-0.7,0.5,0.0,6.0,6.0,4.0,0.0,26.0,25.0,25.0,58.0,62.0,69.0,27.0,27.0,300.0,0.0,0.0,0.0,0.0,0.0,0.0,0.0,0.0,0.0
10.35,286.99,0.24,0.23,0.24,6.4,6.66,7.28,10.36,2.9,0.05,0.06,173.8,5.9,257.0,1.0,1.0,285.0,688.0,347.0,0.0,341.0,10.34,478.2,328.0,32.5,32.1,0.1,2.2,1406.1,0.0,15.82,17.0,41.2,39.6,41.6,39.0,41.0,41.3,42.2,42.2,57.8,59.2,26.8,27.7,32.6,34.6,34.0,31.0,25.0,0.1,0.3,0.0,6.0,6.0,4.0,0.0,26.0,25.0,25.0,58.0,62.0,68.0,27.0,27.0,300.0,0.0,0.0,0.0,0.0,0.0,0.0,0.0,0.0,0.0
12.61,124.99,0.25,0.24,0.24,9.18,8.84,9.48,12.65,5.7,0.01,0.06,177.6,6.5,234.0,1.0,1.0,549.0,689.0,666.0,0.0,649.0,12.62,723.6,495.0,32.6,32.1,0.1,2.3,2067.6,0.0,16.83,17.0,41.4,39.8,41.8,39.2,41.2,41.5,42.1,42.1,57.7,59.2,26.7,27.7,32.8,34.9,38.0,34.0,25.0,0.0,-1.0,0.0,6.0,6.0,4.0,0.0,26.0,25.0,25.0,58.0,62.0,69.0,27.0,27.0,300.0,0.0,0.0,0.0,0.0,0.0,0.0,0.0,0.0,0.0
11.58,343.01,0.25,0.24,0.24,7.78,7.76,8.34,11.57,-5.1,0.01,0.02,173.7,5.7,253.0,1.0,1.0,416.0,688.0,517.0,0.0,494.0,11.56,607.5,416.0,32.0,31.8,0.1,2.3,1782.4,0.0,16.4,17.0,41.7,40.0,42.0,39.3,41.5,41.7,42.4,42.5,57.8,59.2,26.7,27.7,32.7,34.7,35.0,32.0,25.0,0.0,0.2,0.0,6.0,6.0,4.0,0.0,26.0,25.0,25.0,58.0,62.0,69.0,27.0,27.0,300.0,0.0,0.0,0.0,0.0,0.0,0.0,0.0,0.0,0.0
12.49,191.02,0.25,0.23,0.24,8.12,6.02,9.22,12.47,-13.3,0.07,-0.08,0.0,8.2,272.0,1.0,1.0,402.0,689.0,485.0,5.0,545.0,12.42,660.1,463.0,32.7,32.1,0.1,2.2,2067.6,0.0,16.83,16.5,41.4,39.7,41.7,39.2,41.2,41.5,42.1,42.2,57.7,59.2,26.7,27.7,32.7,34.8,35.0,32.0,25.0,0.4,0.0,0.8,6.0,6.0,4.0,2.0,26.0,25.0,25.0,58.0,62.0,68.0,27.0,27.0,300.0,0.0,0.0,0.0,0.0,0.0,0.0,0.0,0.0,0.0
9.47,299.99,0.24,0.23,0.24,7.58,7.32,8.14,9.48,2.8,-0.02,0.01,173.7,4.9,249.0,1.0,1.0,229.0,688.0,277.0,-2.0,269.0,9.44,400.3,277.0,32.3,31.9,0.2,2.3,1230.0,0.0,15.54,17.0,41.4,39.8,41.8,39.2,41.3,41.5,42.3,42.4,57.8,59.2,26.8,27.7,32.7,34.9,33.0,31.0,25.0,0.0,0.0,-0.2,6.0,6.0,4.0,0.0,26.0,25.0,25.0,58.0,62.0,68.0,27.0,27.0,300.0,0.0,0.0,0.0,0.0,0.0,0.0,0.0,0.0,0.0
14.09,22.0,0.25,0.24,0.24,10.32,12.52,11.1,14.09,15.7,-0.03,0.04,173.4,6.5,241.0,1.0,1.0,739.0,689.0,895.0,0.0,877.0,14.06,897.1,612.0,32.0,31.7,0.1,2.3,2067.6,0.0,16.83,17.0,41.2,39.6,41.6,39.0,41.0,41.3,42.1,42.1,57.7,59.2,26.7,27.7,32.7,34.7,40.0,35.0,25.0,0.0,0.3,-1.0,6.0,6.0,4.0,0.0,26.0,25.0,25.0,58.0,62.0,68.0,27.0,27.0,300.0,0.0,0.0,0.0,0.0,0.0,0.0,0.0,0.0,0.0
9.63,232.99,0.24,0.23,0.24,6.46,6.3,7.9,9.62,5.3,0.07,0.0,173.7,4.6,251.0,1.0,1.0,245.0,688.0,296.0,0.0,281.0,9.62,417.9,287.0,32.1,31.7,0.1,2.3,1778.2,0.0,16.4,17.0,41.5,39.9,41.9,39.2,41.3,41.6,42.4,42.4,57.8,59.2,26.7,27.7,32.7,34.9,34.0,31.0,25.0,0.0,0.0,0.0,6.0,6.0,4.0,0.0,26.0,25.0,25.0,58.0,62.0,68.0,27.0,27.0,300.0,0.0,0.0,0.0,0.0,0.0,0.0,0.0,0.0,0.0
14.63,322.99,0.25,0.24,0.25,11.12,12.6,14.56,14.65,5.7,-0.03,-0.02,173.5,5.7,246.0,1.0,1.0,797.0,690.0,973.0,2.0,970.0,14.62,966.6,661.0,31.9,31.6,0.1,2.2,1930.2,0.0,16.62,17.0,41.1,39.5,41.5,38.9,40.9,41.2,42.1,42.1,57.7,59.2,26.7,27.7,32.6,34.7,38.0,33.0,25.0,-0.5,0.3,-0.6,6.0,6.0,4.0,0.0,26.0,25.0,25.0,58.0,62.0,68.0,27.0,27.0,300.0,0.0,0.0,0.0,0.0,0.0,0.0,0.0,0.0,0.0
11.32,105.01,0.25,0.23,0.24,6.86,6.7,7.4,11.37,4.0,0.02,-0.03,173.8,6.0,246.0,1.0,1.0,406.0,688.0,489.0,-2.0,472.0,11.32,587.0,401.0,31.7,31.5,0.1,2.2,2067.6,0.0,16.83,17.0,41.8,40.2,42.2,39.5,41.6,41.9,42.5,42.5,57.8,59.2,26.7,27.7,32.8,34.8,36.0,32.0,25.0,0.0,0.0,0.2,6.0,6.0,4.0,0.0,26.0,25.0,25.0,58.0,62.0,68.0,27.0,27.0,300.0,0.0,0.0,0.0,0.0,0.0,0.0,0.0,0.0,0.0
9.93,230.0,0.24,0.23,0.24,6.46,6.06,7.08,9.94,-14.9,-0.01,0.01,173.8,6.3,258.0,1.0,1.0,270.0,688.0,330.0,0.0,305.0,9.92,449.7,307.0,32.5,31.7,0.1,2.3,1304.2,0.0,15.66,17.0,41.3,39.7,41.7,39.0,41.1,41.4,42.2,42.2,57.8,59.2,26.8,27.7,32.6,34.7,34.0,31.0,25.0,0.0,0.0,0.0,6.0,6.0,4.0,0.0,26.0,25.0,25.0,58.0,62.0,68.0,27.0,27.0,300.0,0.0,0.0,0.0,0.0,0.0,0.0,0.0,0.0,0.0
11.1,126.0,0.25,0.23,0.24,7.3,6.48,8.06,11.14,-5.5,0.0,0.03,173.7,5.7,257.0,1.0,1.0,372.0,688.0,459.0,0.0,444.0,11.08,559.1,383.0,32.1,31.7,0.1,2.2,1857.8,0.0,16.52,17.0,41.5,40.0,42.0,39.3,41.4,41.7,42.4,42.4,57.8,59.2,26.7,27.7,32.8,34.8,35.0,32.0,25.0,0.0,0.0,0.2,6.0,6.0,4.0,0.0,26.0,25.0,25.0,58.0,62.0,68.0,27.0,27.0,300.0,0.0,0.0,0.0,0.0,0.0,0.0,0.0,0.0,0.0
11.53,92.99,0.25,0.23,0.24,8.94,8.8,9.3,11.55,0.0,-0.01,0.02,173.8,5.5,253.0,1.0,1.0,408.0,687.0,500.0,0.0,484.0,11.52,605.9,413.0,31.7,31.2,0.1,2.2,1926.0,0.0,16.62,17.0,41.6,40.0,42.0,39.3,41.4,41.7,42.4,42.4,57.8,59.2,26.7,27.7,32.7,34.7,35.0,32.0,25.0,-0.2,-0.6,-0.2,6.0,6.0,4.0,0.0,26.0,25.0,25.0,58.0,62.0,69.0,27.0,27.0,300.0,0.0,0.0,0.0,0.0,0.0,0.0,0.0,0.0,0.0
13.47,222.01,0.25,0.23,0.24,9.14,7.0,10.8,13.49,-6.9,0.13,0.04,0.0,7.9,270.0,1.0,1.0,534.0,689.0,647.0,8.0,689.0,13.46,779.4,548.0,32.6,31.9,0.1,2.3,1590.5,0.0,16.11,16.6,41.4,39.7,41.7,39.2,41.2,41.5,42.1,42.2,57.7,59.2,26.7,27.7,32.7,34.8,36.0,32.0,25.0,0.2,0.0,1.0,6.0,6.0,4.0,2.0,26.0,25.0,25.0,58.0,62.0,68.0,27.0,27.0,300.0,0.0,0.0,0.0,0.0,0.0,0.0,0.0,0.0,0.0
14.13,312.98,0.25,0.24,0.25,10.68,11.22,13.28,14.13,6.6,-0.01,0.06,173.4,6.7,242.0,1.0,1.0,753.0,689.0,921.0,0.0,904.0,14.14,912.1,621.0,32.5,32.3,0.1,2.2,2067.6,0.0,16.83,17.0,41.2,39.6,41.7,39.0,41.1,41.4,42.1,42.1,57.7,59.2,26.7,27.8,32.7,34.8,40.0,36.0,25.0,-0.2,0.7,0.0,6.0,6.0,4.0,0.0,26.0,25.0,25.0,58.0,62.0,68.0,27.0,27.0,300.0,0.0,0.0,0.0,0.0,0.0,0.0,0.0,0.0,0.0
11.64,110.02,0.25,0.24,0.24,7.82,8.1,8.66,11.69,5.2,0.03,-0.02,0.0,5.7,236.0,1.0,1.0,449.0,688.0,543.0,-4.0,520.0,11.64,624.4,425.0,32.6,32.5,0.1,2.3,2067.6,0.0,16.83,16.9,41.4,39.7,41.8,39.2,41.2,41.5,42.1,42.1,57.7,59.2,26.7,27.7,32.8,34.8,37.0,34.0,25.0,0.0,0.0,0.0,6.0,6.0,4.0,1.0,26.0,26.0,25.0,58.0,62.0,69.0,27.0,27.0,300.0,0.0,0.0,0.0,0.0,0.0,0.0,0.0,0.0,0.0
