轮毂转速,轮毂角度,叶片1角度,叶片2角度,叶片3角度,变桨电机1电流,变桨电机2电流,变桨电机3电流,超速传感器转速检测值,5秒偏航对风平均值,x方向振动值,y方向振动值,液压制动压力,机舱气象站风速,风向绝对值,大气压力,无功功率控制状态,变频器电网侧电流,变频器电网侧电压,变频器电网侧有功功率,变频器电网侧无功功率,变频器发电机侧功率,发电机运行频率,发电机电流,发电机转矩,变频器入口温度,变频器出口温度,变频器入口压力,变频器出口压力,发电机功率限幅值,无功功率设定值,额定的轮毂转速,测风塔环境温度,发电机定子温度1,发电机定子温度2,发电机定子温度3,发电机定子温度4,发电机定子温度5,发电机定子温度6,发电机空气温度1,发电机空气温度2,主轴承温度1,主轴承温度2,轮毂温度,轮毂控制柜温度,机舱温度,机舱控制柜温度,变频器INU温度,变频器ISU温度,变频器INU RMIO温度,变桨电机1功率估算,变桨电机2功率估算,变桨电机3功率估算,风机当前状态值,轮毂当前状态值,偏航状态值,偏航要求值,叶片1电池箱温度,叶片2电池箱温度,叶片3电池箱温度,叶片1变桨电机温度,叶片2变桨电机温度,叶片3变桨电机温度,叶片1变频器箱温度,叶片2变频器箱温度,叶片3变频器箱温度,叶片1超级电容电压,叶片2超级电容电压,叶片3超级电容电压,驱动1晶闸管温度,驱动2晶闸管温度,驱动3晶闸管温度,驱动1输出扭矩,驱动2输出扭矩,驱动3输出扭矩
16.07,90.0,0.3,0.36,0.32,16.92,13.92,11.86,16.03,-5.1,0.07,-0.03,175.6,9.2,204,1,1,1596,661,1857,8,1762,16.08,1581.3,1071,33.9,35.4,0,2.4,2067.6,0,16.83,21.4,55.1,51.4,56.1,54.4,52.4,56.3,54.2,55.1,61.3,63.3,28.4,32.1,33.6,33.6,58,53,25,-0.4,-1.2,0.3,6,6,4,0,26,27,27,63,96,96,32,32,300,0,0,0,0,0,0,0,0,0
16.92,294.98,1.43,1.46,1.49,11.3,16.84,16.96,16.86,7.5,0.01,-0.07,175.9,9.1,200,1,1,1674,660,1946,0,1947,17.0,1708.3,1165,33.6,34.9,0,2.4,2067.6,0,16.83,21.6,54.5,50.7,55.4,53.8,51.8,55.6,54.0,54.7,61.2,63.3,28.4,32.1,33.6,33.6,58,53,25,0.3,4.5,-0.4,6,6,4,0,26,27,27,63,96,96,32,32,300,0,0,0,0,0,0,0,0,0
16.16,0.0,0.26,0.32,0.34,11.8,15.08,12.3,16.02,3.3,0.05,0.02,175.4,10.1,202,1,1,1510,661,1768,-5,1678,16.12,1551.1,1061,33.8,35.1,0,2.4,2067.6,0,16.83,21.4,54.9,51.1,55.9,54.2,52.2,56.1,54.1,54.9,61.3,63.3,28.4,32.1,33.6,33.6,57,54,25,0.5,0.3,-1.1,6,6,4,0,26,27,27,63,96,96,32,32,300,0,0,0,0,0,0,0,0,0
15.26,155.99,0.24,0.32,0.27,14.48,11.1,15.6,15.24,8.7,0.02,-0.05,176.6,7.5,205,1,1,1294,659,1516,-2,1417,15.24,1340.5,916,33.8,34.9,0,2.4,2067.6,0,16.83,22.0,54.3,50.6,55.3,53.6,51.5,55.3,53.8,54.6,61.1,63.2,28.2,32.1,33.3,33.5,53,50,25,-0.6,-1.2,0.3,6,6,4,0,26,27,27,63,96,96,32,32,300,0,0,0,0,0,0,0,0,0
15.44,117.0,0.26,0.33,0.3,14.1,11.42,12.2,15.4,6.6,0.02,-0.04,175.6,7.5,198,1,1,1398,660,1626,3,1495,15.42,1405.4,957,34.2,35.4,0,2.4,2067.6,0,16.83,21.5,55.4,51.7,56.4,54.8,52.8,56.6,54.6,55.4,61.3,63.4,28.4,32.2,33.7,33.6,54,48,25,1.3,-0.3,1.6,6,6,4,0,26,27,27,63,96,96,32,32,300,0,0,0,0,0,0,0,0,0
16.59,344.02,0.51,0.57,0.58,15.92,24.96,15.52,16.39,2.2,-0.09,-0.04,176.0,9.0,202,1,1,1583,659,1839,2,1852,16.54,1660.5,1131,33.4,34.9,0,2.4,2067.6,0,16.83,21.7,54.3,50.5,55.1,53.5,51.5,55.4,53.9,54.6,61.2,63.3,28.4,32.1,33.6,33.6,57,52,25,-19.1,-23.9,-20.4,6,6,4,0,26,27,27,63,96,96,32,32,300,0,0,0,0,0,0,0,0,0
15.14,168.01,0.24,0.32,0.27,14.1,12.2,14.96,15.09,14.2,-0.07,0.0,175.6,8.2,202,1,1,868,659,1009,-4,1038,15.1,1024.7,701,33.3,33.8,0,2.4,2067.6,0,16.83,21.9,54.0,50.3,54.9,53.3,51.2,55.1,54.1,54.7,61.2,63.3,28.4,32.1,33.6,33.6,45,42,25,-0.6,-0.5,0.0,6,6,4,0,26,27,27,63,95,95,32,32,300,0,0,0,0,0,0,0,0,0
15.84,109.01,0.24,0.33,0.27,15.52,12.8,13.48,15.8,13.5,-0.05,0.01,178.0,9.1,194,1,1,1403,660,1623,-2,1606,15.82,1494.1,1020,33.3,34.6,0,2.4,2067.6,0,16.83,21.8,53.6,49.9,54.6,53.0,50.8,54.7,53.5,54.3,61.0,63.1,28.2,31.9,33.3,33.5,55,52,25,0.3,-1.4,0.3,6,6,4,0,26,27,27,63,95,95,31,31,300,0,0,0,0,0,0,0,0,0
15.94,181.01,0.26,0.33,0.31,14.9,12.28,18.54,15.89,13.6,0.01,-0.05,175.0,10.8,197,1,1,1242,660,1446,2,1609,15.92,1508.6,1032,34.4,35.4,0,2.4,2067.6,0,16.83,21.5,55.5,51.8,56.5,54.8,52.8,56.7,54.7,55.4,61.3,63.4,28.4,32.2,33.8,33.6,54,49,25,-1.7,-0.3,2.9,6,6,4,0,26,27,27,63,96,96,32,32,300,0,0,0,0,0,0,0,0,0
15.96,131.0,0.24,0.33,0.27,14.46,11.94,14.72,15.85,1.6,-0.09,0.0,178.8,9.8,195,1,1,1543,660,1808,-2,1611,15.9,1510.9,1032,33.0,34.6,0,2.4,2067.6,0,16.83,21.8,53.5,49.8,54.5,52.8,50.7,54.6,53.5,54.2,61.0,63.1,28.2,31.9,33.3,33.5,56,52,25,0.3,-0.5,2.4,6,6,4,0,26,27,27,63,95,95,31,31,300,0,0,0,0,0,0,0,0,0
16.55,150.01,0.48,0.53,0.54,14.68,12.32,15.68,16.52,12.0,-0.1,-0.08,175.1,10.1,199,1,1,1632,661,1902,-2,1837,16.52,1658.8,1131,33.5,34.9,0,2.4,2067.6,0,16.83,21.4,54.7,50.9,55.7,54.0,52.0,55.9,54.0,54.8,61.2,63.3,28.4,32.1,33.5,33.6,58,54,25,0.7,-0.3,4.5,6,6,4,0,26,27,27,63,96,96,32,32,300,0,0,0,0,0,0,0,0,0
15.84,41.0,0.26,0.33,0.3,13.46,15.96,11.74,15.73,15.6,0.07,0.06,175.9,10.2,198,1,1,1001,659,1161,-4,1483,15.8,1438.4,998,34.4,35.4,0,2.4,2067.6,0,16.83,21.6,55.4,51.7,56.4,54.8,52.8,56.6,54.6,55.4,61.3,63.4,28.4,32.2,33.7,33.6,51,48,25,0.9,-0.4,-0.5,6,6,4,0,26,27,27,63,96,96,32,32,300,0,0,0,0,0,0,0,0,0
15.35,351.0,0.23,0.33,0.27,10.56,13.24,13.54,15.24,1.2,-0.01,-0.02,176.6,8.5,206,1,1,890,658,1043,2,1094,15.34,1061.9,726,33.6,34.3,0,2.4,2067.6,0,16.83,21.8,54.1,50.4,55.1,53.4,51.4,55.3,54.2,54.8,61.2,63.2,28.2,32.1,33.5,33.5,45,41,25,0.0,0.3,-0.3,6,6,4,0,26,27,27,63,95,95,32,32,300,0,0,0,0,0,0,0,0,0
15.36,303.98,0.25,0.33,0.3,10.46,14.18,14.36,15.29,5.3,0.05,0.12,175.7,8.2,203,1,1,1404,661,1639,0,1510,15.4,1413.5,957,34.2,35.5,0,2.4,2067.6,0,16.83,21.5,55.3,51.6,56.3,54.7,52.6,56.5,54.4,55.2,61.3,63.4,28.4,32.1,33.7,33.6,56,52,25,-0.2,1.5,-1.5,6,6,4,0,26,27,27,63,96,96,32,32,300,0,0,0,0,0,0,0,0,0
15.7,230.0,0.24,0.33,0.28,12.14,12.22,18.54,15.66,0.0,0.09,-0.02,175.8,8.3,202,1,1,985,660,1146,2,1349,15.72,1229.6,832,33.2,33.9,0,2.4,2067.6,0,16.83,21.9,53.9,50.2,54.9,53.2,51.2,55.1,54.1,54.7,61.2,63.3,28.3,32.1,33.6,33.5,46,42,25,-0.8,0.3,0.0,6,6,4,0,26,27,27,63,95,95,32,32,300,0,0,0,0,0,0,0,0,0
14.82,11.02,0.23,0.33,0.27,10.18,12.8,12.96,14.73,7.7,0.07,0.0,176.4,6.9,204,1,1,950,659,1107,-2,1029,14.84,1003.6,685,33.3,34.0,0,2.4,2067.6,0,16.83,21.8,54.1,50.4,55.0,53.4,51.3,55.2,54.2,54.8,61.2,63.2,28.3,32.1,33.6,33.5,45,42,25,0.2,0.6,-0.3,6,6,4,0,26,27,27,63,95,95,32,32,300,0,0,0,0,0,0,0,0,0
16.17,337.0,0.23,0.32,0.32,9.78,13.96,9.16,16.02,8.6,-0.01,-0.01,175.5,9.2,201,1,1,1660,660,1933,0,1738,16.14,1577.7,1071,33.0,34.2,0,2.4,2067.6,0,16.83,21.7,53.9,50.3,54.9,53.3,51.2,55.1,53.9,54.6,61.2,63.3,28.3,32.1,33.7,33.6,55,50,25,8.7,11.8,5.5,6,6,4,0,26,27,27,63,95,96,32,32,300,0,0,0,0,0,0,0,0,0
15.93,225.0,0.24,0.33,0.28,12.46,12.64,18.52,15.82,19.2,-0.02,0.04,177.6,7.8,193,1,1,1397,660,1629,0,1602,15.92,1514.8,1033,33.4,34.6,0,2.4,2067.6,0,16.83,21.8,53.7,49.9,54.6,53.0,50.9,54.8,53.6,54.3,61.0,63.1,28.2,31.9,33.3,33.5,55,51,25,-2.2,0.0,0.4,6,6,4,0,26,27,27,63,95,95,31,31,300,0,0,0,0,0,0,0,0,0
16.29,283.0,0.18,0.25,0.27,8.34,12.8,13.34,16.18,-7.5,0.03,0.04,175.3,7.4,201,1,1,1584,661,1857,-4,1791,16.32,1620.1,1103,33.7,35.0,0,2.4,2067.6,0,16.83,21.4,54.7,51.0,55.8,54.1,52.0,55.9,54.1,54.9,61.2,63.3,28.4,32.1,33.6,33.6,58,54,25,20.6,32.7,31.1,6,6,4,0,26,27,27,63,96,96,32,32,300,0,0,0,0,0,0,0,0,0
15.03,49.0,0.25,0.33,0.3,11.86,13.16,10.96,14.97,12.5,0.03,-0.06,175.8,6.4,201,1,1,1400,660,1631,-2,1348,15.04,1299.8,878,34.2,35.5,0,2.4,2067.6,0,16.83,21.5,55.3,51.6,56.3,54.7,52.7,56.5,54.4,55.3,61.3,63.4,28.4,32.1,33.7,33.6,54,52,25,1.1,0.0,-0.2,6,6,4,0,26,27,27,63,96,96,32,32,300,0,0,0,0,0,0,0,0,0
16.51,83.02,0.47,0.51,0.54,21.98,16.22,17.0,16.5,3.7,-0.01,-0.02,175.9,9.2,202,1,1,1590,659,1850,2,1863,16.54,1652.3,1129,33.4,34.8,0,2.4,2067.6,0,16.83,21.7,54.3,50.5,55.2,53.6,51.6,55.4,54.0,54.7,61.2,63.3,28.4,32.1,33.6,33.6,57,52,25,-21.0,-22.7,-16.3,6,6,4,0,26,27,27,63,96,96,32,32,300,0,0,0,0,0,0,0,0,0
14.77,124.99,0.24,0.32,0.27,12.18,11.46,13.36,14.72,-12.5,-0.01,-0.04,176.7,9.1,215,1,1,1313,657,1538,0,1267,14.76,1230.9,830,34.2,35.4,0,2.4,2067.6,0,16.83,21.8,54.5,50.8,55.5,53.8,51.7,55.6,54.0,54.7,61.1,63.2,28.2,32.1,33.3,33.5,53,50,25,0.8,-1.0,0.3,6,6,4,0,26,27,27,63,96,96,32,32,300,0,0,0,0,0,0,0,0,0
16.29,256.0,0.24,0.33,0.28,12.36,13.76,19.48,16.23,5.2,-0.05,-0.08,177.1,7.9,198,1,1,1425,661,1664,2,1762,16.34,1603.8,1097,33.7,34.9,0,2.4,2067.6,0,16.83,21.8,53.8,50.1,54.8,53.2,51.0,54.9,53.6,54.3,61.0,63.1,28.2,32.0,33.3,33.5,56,51,25,-0.8,1.6,-0.9,6,6,4,0,26,27,27,63,95,96,32,32,300,0,0,0,0,0,0,0,0,0
15.9,321.98,0.24,0.33,0.28,10.94,17.18,16.16,15.77,2.7,0.08,0.03,178.7,8.3,195,1,1,1535,660,1792,-2,1607,15.9,1512.8,1033,33.4,34.8,0,2.4,2067.6,0,16.83,21.8,53.5,49.8,54.5,52.9,50.7,54.6,53.6,54.3,61.0,63.1,28.2,31.9,33.3,33.5,56,52,25,-0.3,-0.4,-3.8,6,6,4,0,26,27,27,63,95,95,31,31,300,0,0,0,0,0,0,0,0,0
15.69,24.98,0.26,0.33,0.3,12.88,15.08,11.88,15.62,5.8,0.1,0.1,175.6,8.7,203,1,1,1407,662,1643,-2,1593,15.7,1482.5,1008,34.0,35.3,0,2.4,2067.6,0,16.83,21.5,55.3,51.6,56.3,54.6,52.6,56.5,54.4,55.3,61.3,63.4,28.4,32.1,33.7,33.6,56,53,25,0.9,0.0,-0.5,6,6,4,0,26,27,27,63,96,96,32,32,300,0,0,0,0,0,0,0,0,0
16.45,114.98,0.22,0.29,0.3,25.8,15.72,17.88,16.39,8.0,-0.08,-0.1,34.6,8.7,195,1,1,1553,659,1808,11,1831,16.42,1636.6,1114,33.0,34.1,0,2.4,2067.6,0,16.83,21.9,53.4,49.6,54.3,52.6,50.5,54.4,53.6,54.1,61.0,63.1,28.2,31.9,33.3,33.4,56,50,25,-63.1,-44.7,-44.1,6,6,4,0,26,27,27,63,95,95,31,31,300,0,0,0,0,0,0,0,0,0
16.31,158.0,0.24,0.33,0.28,15.7,12.88,17.64,16.29,3.9,-0.14,-0.05,177.1,7.9,198,1,1,1413,661,1649,0,1761,16.32,1604.6,1097,33.5,34.6,0,2.4,2067.6,0,16.83,21.8,53.8,50.1,54.8,53.2,51.0,54.9,53.6,54.3,61.0,63.1,28.2,31.9,33.3,33.5,56,51,25,0.0,-0.6,4.3,6,6,4,0,26,27,27,63,95,95,31,31,300,0,0,0,0,0,0,0,0,0
15.7,266.0,0.24,0.33,0.28,11.52,12.58,17.18,15.6,-7.7,-0.03,-0.03,176.6,8.8,212,1,1,1410,657,1629,2,1576,15.72,1476.0,1006,34.1,35.4,0,2.4,2067.6,0,16.83,21.9,54.4,50.7,55.3,53.7,51.6,55.5,53.9,54.6,61.1,63.2,28.2,32.1,33.3,33.5,54,49,25,-0.5,1.1,-0.4,6,6,4,0,26,27,27,63,96,96,32,32,300,0,0,0,0,0,0,0,0,0
16.8,83.02,1.3,1.32,1.36,24.46,18.94,18.88,16.72,6.3,-0.01,0.1,175.8,9.7,200,1,1,1665,660,1939,0,1949,16.76,1710.6,1169,33.7,35.3,0,2.4,2067.6,0,16.83,21.5,54.5,50.8,55.5,53.8,51.8,55.7,54.0,54.7,61.2,63.3,28.4,32.1,33.6,33.6,58,54,25,-84.3,-68.6,-60.0,6,6,4,0,26,27,27,63,96,96,32,32,300,0,0,0,0,0,0,0,0,0
15.93,5.0,0.25,0.33,0.3,13.04,16.86,12.94,15.82,0.7,0.01,-0.06,175.6,10.6,203,1,1,1412,662,1654,0,1623,15.92,1521.5,1038,34.2,35.6,0,2.4,2067.6,0,16.83,21.5,55.2,51.5,56.2,54.6,52.5,56.4,54.3,55.1,61.3,63.4,28.4,32.1,33.7,33.6,56,53,25,0.0,0.0,-2.3,6,6,4,0,26,27,27,63,96,96,32,32,300,0,0,0,0,0,0,0,0,0
14.9,227.99,0.25,0.33,0.3,11.44,11.28,15.86,14.85,8.3,-0.06,-0.03,175.8,9.2,202,1,1,1374,660,1606,-4,1324,14.9,1269.9,861,34.4,35.7,0,2.4,2067.6,0,16.83,21.5,55.3,51.6,56.3,54.7,52.7,56.5,54.4,55.2,61.3,63.4,28.4,32.1,33.7,33.6,54,52,25,-0.3,0.3,1.8,6,6,4,0,26,27,27,63,96,96,32,32,300,0,0,0,0,0,0,0,0,0
15.65,46.01,0.26,0.33,0.3,13.78,13.56,10.62,15.58,5.3,0.09,-0.06,175.4,9.2,199,1,1,1338,660,1563,-5,1451,15.62,1412.0,971,34.3,35.5,0,2.4,2067.6,0,16.83,21.5,55.5,51.8,56.4,54.8,52.8,56.6,54.7,55.4,61.3,63.4,28.4,32.2,33.7,33.6,53,49,25,2.5,-1.2,0.0,6,6,4,0,26,27,27,63,96,96,32,32,300,0,0,0,0,0,0,0,0,0
15.51,119.02,0.26,0.33,0.3,14.02,10.74,12.88,15.42,14.5,-0.04,0.02,175.9,9.9,199,1,1,1034,659,1199,-4,1328,15.42,1333.6,923,34.5,35.6,0,2.4,2067.6,0,16.83,21.6,55.4,51.8,56.5,54.8,52.8,56.6,54.6,55.5,61.3,63.4,28.4,32.2,33.7,33.6,51,49,25,1.2,-1.4,2.3,6,6,4,0,26,27,27,63,96,96,32,32,300,0,0,0,0,0,0,0,0,0
16.56,212.0,0.48,0.53,0.54,13.26,11.74,15.78,16.49,9.5,-0.04,0.06,175.6,8.5,200,1,1,1646,660,1912,-4,1830,16.54,1655.9,1130,33.6,34.9,0,2.4,2067.6,0,16.83,21.5,54.7,50.9,55.7,54.0,52.0,55.8,54.0,54.9,61.2,63.3,28.4,32.1,33.5,33.6,58,54,25,-1.5,0.3,1.1,6,6,4,0,26,27,27,63,96,96,32,32,300,0,0,0,0,0,0,0,0,0
14.9,76.0,0.23,0.33,0.27,12.0,13.24,12.32,14.81,11.4,-0.06,-0.06,176.5,7.0,206,1,1,863,658,1003,2,1028,14.88,1005.2,687,33.6,34.2,0,2.4,2067.6,0,16.83,21.8,54.3,50.5,55.2,53.6,51.5,55.3,54.2,54.8,61.2,63.2,28.3,32.1,33.5,33.5,44,40,25,0.5,-1.2,0.0,6,6,4,0,26,27,27,63,95,95,32,32,300,0,0,0,0,0,0,0,0,0
16.23,110.99,0.24,0.33,0.27,16.32,13.22,14.02,16.15,6.6,0.06,-0.1,176.9,8.1,198,1,1,1491,662,1740,-2,1691,16.2,1557.9,1069,33.9,35.2,0,2.4,2067.6,0,16.83,21.8,54.0,50.3,55.0,53.3,51.2,55.1,53.7,54.3,61.1,63.2,28.2,32.0,33.3,33.5,55,52,25,4.0,-0.9,1.9,6,6,4,0,26,27,27,63,96,96,32,32,300,0,0,0,0,0,0,0,0,0
16.25,5.0,0.25,0.34,0.31,13.52,17.28,13.98,16.11,10.2,-0.02,0.07,175.5,9.7,201,1,1,1636,660,1905,-4,1723,16.2,1573.8,1076,33.1,34.5,0,2.4,2067.6,0,16.83,21.7,53.9,50.3,54.9,53.3,51.2,55.1,53.9,54.5,61.2,63.3,28.3,32.1,33.7,33.6,55,51,25,0.9,0.0,-5.6,6,6,4,0,26,27,27,63,95,96,32,32,300,0,0,0,0,0,0,0,0,0
15.42,140.0,0.24,0.32,0.27,15.44,12.14,14.96,15.35,-4.7,-0.01,-0.07,176.7,8.4,204,1,1,1287,659,1496,-2,1463,15.38,1385.5,943,33.7,34.9,0,2.4,2067.6,0,16.83,21.9,54.2,50.5,55.2,53.6,51.5,55.3,53.8,54.5,61.1,63.2,28.2,32.0,33.3,33.5,54,50,25,-0.3,-1.9,0.0,6,6,4,0,26,27,27,63,96,96,32,32,300,0,0,0,0,0,0,0,0,0
15.51,5.0,0.23,0.33,0.27,12.18,16.62,14.28,15.4,-5.3,0.05,0.05,176.8,9.1,201,1,1,1481,661,1722,0,1528,15.54,1419.8,968,33.9,35.0,0,2.4,2067.6,0,16.83,21.8,54.1,50.4,55.1,53.5,51.3,55.2,53.7,54.4,61.1,63.2,28.2,32.0,33.3,33.5,55,51,25,0.0,0.0,-1.9,6,6,4,0,26,27,27,63,96,96,32,32,300,0,0,0,0,0,0,0,0,0
14.94,114.98,0.26,0.33,0.3,13.06,11.32,11.64,14.84,14.3,-0.06,-0.1,175.9,9.0,200,1,1,1066,660,1247,-2,1193,14.88,1204.7,828,34.2,35.3,0,2.4,2067.6,0,16.83,21.6,55.4,51.7,56.4,54.8,52.7,56.6,54.5,55.4,61.3,63.4,28.4,32.2,33.7,33.6,51,49,25,1.2,-0.3,1.3,6,6,4,0,26,27,27,63,96,96,32,32,300,0,0,0,0,0,0,0,0,0
15.75,190.01,0.24,0.32,0.28,13.4,11.44,17.22,15.67,9.0,-0.07,-0.04,175.6,8.0,201,1,1,882,659,1027,2,1176,15.7,1148.0,794,33.5,34.1,0,2.4,2067.6,0,16.83,21.9,54.0,50.3,54.9,53.3,51.2,55.1,54.1,54.7,61.2,63.3,28.4,32.1,33.6,33.6,45,42,25,-0.9,-0.8,0.8,6,6,4,0,26,27,27,63,95,95,32,32,300,0,0,0,0,0,0,0,0,0
17.28,127.01,2.01,2.08,2.02,16.02,13.66,13.42,17.23,9.8,0.05,0.03,175.5,9.7,203,1,1,1124,659,1306,18,1955,17.22,1692.0,1156,33.3,34.2,0,2.4,2067.6,0,16.83,21.8,53.8,50.2,54.8,53.2,51.1,55.0,53.9,54.6,61.2,63.3,28.2,32.1,33.7,33.6,52,43,25,0.4,-1.8,1.2,6,6,4,0,26,27,27,63,95,95,32,32,300,0,0,0,0,0,0,0,0,0
15.99,32.0,0.26,0.33,0.3,13.98,14.72,11.82,15.9,8.3,0.02,0.0,175.6,8.0,202,1,1,1593,661,1866,-7,1639,16.0,1529.8,1046,34.2,35.5,0,2.4,2067.6,0,16.83,21.4,55.1,51.5,56.2,54.5,52.5,56.3,54.3,55.2,61.3,63.3,28.4,32.1,33.6,33.6,58,53,25,2.5,-0.3,-0.8,6,6,4,0,26,27,27,63,96,96,32,32,300,0,0,0,0,0,0,0,0,0
15.52,231.01,0.24,0.33,0.28,11.64,12.4,17.66,15.45,-6.8,0.03,0.01,176.7,9.6,204,1,1,1306,660,1516,-5,1533,15.54,1431.3,974,33.6,35.0,0,2.4,2067.6,0,16.83,21.9,54.2,50.5,55.2,53.5,51.4,55.3,53.8,54.5,61.1,63.2,28.2,32.1,33.3,33.5,54,51,25,-1.8,0.8,0.0,6,6,4,0,26,27,27,63,96,96,32,32,300,0,0,0,0,0,0,0,0,0
16.33,190.01,0.24,0.32,0.28,16.24,13.22,18.68,16.29,3.3,-0.06,-0.01,177.1,9.1,198,1,1,1459,661,1706,5,1755,16.3,1598.9,1095,33.5,34.8,0,2.4,2067.6,0,16.83,21.8,53.9,50.1,54.8,53.2,51.1,55.0,53.6,54.3,61.1,63.2,28.2,31.9,33.3,33.5,56,51,25,-2.3,0.0,1.3,6,6,4,0,26,27,27,63,95,96,31,31,300,0,0,0,0,0,0,0,0,0
15.98,7.99,0.25,0.33,0.29,11.16,12.96,8.7,15.84,0.8,0.05,-0.01,175.7,9.4,203,1,1,1646,661,1917,5,1659,15.92,1534.3,1041,33.9,35.3,0,2.4,2067.6,0,16.83,21.4,55.1,51.4,56.1,54.5,52.4,56.3,54.2,55.0,61.3,63.3,28.4,32.1,33.6,33.6,58,53,25,5.2,3.7,1.2,6,6,4,0,26,27,27,63,96,96,32,32,300,0,0,0,0,0,0,0,0,0
15.93,85.0,0.26,0.33,0.3,15.7,12.32,11.74,15.85,14.5,0.06,-0.01,175.0,9.4,197,1,1,1235,660,1434,-2,1604,15.9,1510.6,1031,34.3,35.4,0,2.4,2067.6,0,16.83,21.5,55.5,51.8,56.5,54.8,52.8,56.7,54.7,55.4,61.3,63.4,28.4,32.2,33.8,33.6,54,49,25,0.7,-2.7,0.0,6,6,4,0,26,27,27,63,96,96,32,32,300,0,0,0,0,0,0,0,0,0
13.6,139.0,0.23,0.32,0.27,10.24,9.14,11.92,13.6,3.4,0.08,-0.09,176.3,7.0,215,1,1,613,658,719,-2,764,13.6,832.9,568,33.9,34.7,0,2.4,2067.6,0,16.83,21.8,54.4,50.7,55.3,53.7,51.6,55.5,54.2,54.8,61.1,63.2,28.2,32.1,33.4,33.5,43,41,25,-0.2,-0.2,0.5,6,6,4,0,26,27,27,63,95,96,32,32,300,0,0,0,0,0,0,0,0,0
15.98,238.0,0.26,0.32,0.34,12.14,12.04,15.68,15.9,3.1,0.01,-0.01,175.3,8.9,202,1,1,1578,661,1838,-2,1652,16.0,1528.5,1045,33.7,35.3,0,2.4,2067.6,0,16.83,21.4,54.8,51.1,55.8,54.2,52.1,56.0,54.1,54.9,61.3,63.3,28.4,32.1,33.6,33.6,58,54,25,-0.8,0.8,0.0,6,6,4,0,26,27,27,63,96,96,32,32,300,0,0,0,0,0,0,0,0,0
15.94,78.01,0.26,0.33,0.3,14.36,14.86,12.06,15.89,3.9,-0.02,0.01,175.6,8.1,203,1,1,1406,661,1649,-5,1626,15.94,1522.1,1041,34.1,35.5,0,2.4,2067.6,0,16.83,21.5,55.2,51.5,56.2,54.6,52.5,56.4,54.3,55.2,61.3,63.4,28.4,32.1,33.7,33.6,56,54,25,1.0,-0.3,0.0,6,6,4,0,26,27,27,63,96,96,32,32,300,0,0,0,0,0,0,0,0,0
14.27,247.0,0.23,0.32,0.27,11.02,10.98,14.04,14.18,-9.6,0.04,0.03,176.6,8.3,215,1,1,980,658,1140,-5,1059,14.28,1069.9,731,34.0,35.2,0,2.4,2067.6,0,16.83,21.8,54.5,50.8,55.5,53.9,51.8,55.7,54.1,54.8,61.2,63.2,28.2,32.1,33.2,33.5,49,47,25,-0.5,0.0,0.6,6,6,4,0,26,27,27,63,95,96,32,32,300,0,0,0,0,0,0,0,0,0
14.15,123.98,0.23,0.32,0.27,10.88,11.16,12.16,14.11,-12.5,-0.04,0.01,176.6,8.3,217,1,1,929,657,1080,-2,1011,14.14,1043.1,711,34.4,35.4,0,2.4,2067.6,0,16.83,21.8,54.5,50.8,55.5,53.9,51.8,55.7,54.1,54.8,61.1,63.2,28.2,32.1,33.2,33.5,48,46,25,0.2,0.0,0.3,6,6,4,0,26,27,27,63,96,96,32,32,300,0,0,0,0,0,0,0,0,0
15.31,176.0,0.24,0.33,0.28,12.12,10.74,15.22,15.28,-3.1,0.01,-0.07,176.4,8.4,206,1,1,898,659,1045,0,1105,15.3,1064.3,728,33.4,34.1,0,2.4,2067.6,0,16.83,21.8,54.1,50.4,55.0,53.4,51.4,55.2,54.2,54.9,61.2,63.2,28.2,32.1,33.5,33.5,45,41,25,0.0,0.0,2.0,6,6,4,0,26,27,27,63,95,95,32,32,300,0,0,0,0,0,0,0,0,0
15.75,135.0,0.24,0.33,0.27,15.82,13.46,15.5,15.77,1.5,-0.09,-0.08,175.3,7.9,202,1,1,971,660,1128,2,1368,15.78,1256.1,854,33.4,34.2,0,2.4,2067.6,0,16.83,21.9,53.9,50.2,54.9,53.2,51.2,55.1,54.1,54.7,61.2,63.3,28.4,32.1,33.6,33.5,46,42,25,-0.3,-0.8,1.8,6,6,4,0,26,27,27,63,95,95,32,32,300,0,0,0,0,0,0,0,0,0
15.94,239.0,0.24,0.33,0.28,12.6,13.54,19.98,15.89,7.9,-0.02,-0.04,177.6,10.5,193,1,1,1372,660,1605,-2,1628,15.96,1525.1,1040,33.3,34.8,0,2.4,2067.6,0,16.83,21.8,53.7,50.0,54.7,53.1,50.9,54.8,53.6,54.3,61.0,63.1,28.2,31.9,33.3,33.5,54,51,25,-3.1,0.0,0.0,6,6,4,0,26,27,27,63,95,95,31,31,300,0,0,0,0,0,0,0,0,0
16.11,321.98,0.41,0.5,0.44,12.5,17.64,13.58,15.98,23.6,0.01,-0.01,174.8,9.2,218,1,1,1262,656,1461,24,1614,16.14,1426.2,962,33.0,33.6,0,2.4,2067.6,0,16.83,22.2,53.1,49.3,54.0,52.4,50.3,54.2,53.8,54.3,61.0,63.1,28.2,31.9,33.4,33.3,49,42,25,-0.8,0.8,-2.4,6,6,4,0,26,27,27,63,95,95,31,31,300,0,0,0,0,0,0,0,0,0
15.38,83.02,0.24,0.33,0.27,13.46,12.54,13.68,15.27,12.6,-0.04,0.03,175.7,7.4,202,1,1,865,659,1006,0,1080,15.34,1059.4,724,33.3,34.1,0,2.4,2067.6,0,16.83,21.9,54.0,50.3,54.9,53.3,51.2,55.1,54.1,54.7,61.2,63.3,28.4,32.1,33.6,33.6,45,42,25,0.3,-2.0,0.0,6,6,4,0,26,27,27,63,95,95,32,32,300,0,0,0,0,0,0,0,0,0
15.33,351.0,0.23,0.33,0.27,11.4,14.58,13.8,15.16,13.4,0.15,-0.02,176.0,6.9,201,1,1,864,659,1005,-2,1061,15.3,1043.7,717,33.0,34.0,0,2.4,2067.6,0,16.83,21.9,54.0,50.3,54.9,53.3,51.2,55.1,54.1,54.8,61.2,63.3,28.4,32.1,33.6,33.6,45,42,25,0.3,0.0,-1.5,6,6,4,0,26,27,27,63,95,95,32,32,300,0,0,0,0,0,0,0,0,0
13.27,294.01,0.23,0.32,0.27,9.24,10.2,11.62,13.13,-9.8,0.06,0.09,176.7,9.1,219,1,1,675,658,786,-2,702,13.24,786.4,539,34.0,34.8,0,2.4,2067.6,0,16.83,21.8,54.5,50.7,55.4,53.8,51.7,55.5,54.2,54.9,61.1,63.2,28.2,32.1,33.3,33.5,44,42,25,0.2,0.7,0.5,6,6,4,0,26,27,27,63,96,95,32,32,300,0,0,0,0,0,0,0,0,0
16.13,139.0,0.24,0.33,0.28,16.5,12.7,15.8,16.1,4.7,-0.02,0.0,176.9,9.4,198,1,1,1421,662,1669,-4,1724,16.12,1573.3,1072,33.8,35.0,0,2.4,2067.6,0,16.83,21.8,54.0,50.3,55.0,53.4,51.2,55.1,53.7,54.4,61.1,63.2,28.2,32.0,33.3,33.5,56,52,25,0.0,-2.3,0.7,6,6,4,0,26,27,27,63,96,96,32,32,300,0,0,0,0,0,0,0,0,0
16.02,235.01,0.41,0.5,0.44,12.26,12.4,15.6,15.92,9.1,-0.01,-0.05,15.0,6.3,213,1,1,1275,655,1480,-8,1452,16.0,1334.1,910,33.0,33.8,0,2.4,2067.6,0,16.83,22.1,53.1,49.3,54.0,52.4,50.3,54.2,53.7,54.1,61.0,63.1,28.2,31.9,33.4,33.3,49,46,25,-0.8,0.6,0.3,6,6,4,1,26,27,27,63,95,95,31,31,300,0,0,0,0,0,0,0,0,0
15.98,223.99,0.26,0.33,0.31,13.24,12.16,17.66,15.93,1.7,0.0,-0.1,175.3,10.9,203,1,1,1542,661,1793,-11,1648,16.0,1533.4,1047,33.9,35.4,0,2.4,2067.6,0,16.83,21.4,55.1,51.5,56.2,54.5,52.5,56.3,54.3,55.1,61.3,63.4,28.4,32.1,33.6,33.6,57,54,25,-0.9,0.8,0.8,6,6,4,0,26,27,27,63,96,96,32,32,300,0,0,0,0,0,0,0,0,0
17.06,74.99,1.51,1.59,1.53,11.56,8.56,8.2,16.99,4.4,0.07,-0.08,175.5,10.3,204,1,1,974,659,1131,0,1867,17.04,1687.2,1165,33.0,33.7,0,2.4,2067.6,0,16.83,21.9,53.9,50.2,54.8,53.2,51.1,55.0,54.0,54.6,61.2,63.3,28.2,32.1,33.7,33.6,47,43,25,67.3,46.6,46.5,6,6,4,0,26,27,27,63,95,95,32,32,300,0,0,0,0,0,0,0,0,0
15.87,346.0,0.41,0.5,0.44,11.44,15.3,12.1,15.77,23.9,0.06,0.19,14.7,8.6,216,1,1,1439,656,1666,11,1459,15.92,1321.7,890,33.0,33.5,0,2.4,2067.6,0,16.83,22.2,53.1,49.3,54.0,52.4,50.3,54.2,53.7,54.3,61.0,63.1,28.2,31.9,33.4,33.3,49,42,25,0.0,0.0,-1.3,6,6,4,1,26,27,27,63,95,95,31,31,300,0,0,0,0,0,0,0,0,0
16.86,335.02,2.52,2.6,2.55,19.16,22.38,18.88,16.7,5.5,0.05,0.13,175.6,8.3,203,1,1,1682,660,1961,8,1926,16.88,1705.1,1166,33.2,34.2,0,2.4,2067.6,0,16.83,21.8,53.8,50.2,54.8,53.2,51.1,55.0,53.9,54.5,61.2,63.3,28.3,32.1,33.7,33.6,54,46,25,-123.9,-151.9,-120.5,6,6,4,0,26,27,27,63,95,95,32,32,300,0,0,0,0,0,0,0,0,0
15.94,55.01,0.26,0.33,0.3,14.18,14.8,11.62,15.84,1.7,0.02,0.11,175.5,7.0,203,1,1,1472,661,1724,-11,1635,15.92,1525.7,1040,34.1,35.4,0,2.4,2067.6,0,16.83,21.4,55.2,51.5,56.2,54.5,52.5,56.3,54.3,55.0,61.3,63.4,28.4,32.1,33.6,33.6,57,54,25,1.9,-0.3,-0.3,6,6,4,0,26,27,27,63,96,96,32,32,300,0,0,0,0,0,0,0,0,0
15.03,74.02,0.24,0.33,0.27,12.16,13.1,12.08,14.95,4.3,0.02,-0.04,176.7,9.0,206,1,1,889,658,1033,0,1026,15.0,1015.9,695,33.8,34.4,0,2.4,2067.6,0,16.83,21.8,54.2,50.5,55.1,53.5,51.4,55.3,54.2,54.8,61.2,63.2,28.3,32.1,33.5,33.5,44,41,25,1.1,-0.3,0.0,6,6,4,0,26,27,27,63,95,95,32,32,300,0,0,0,0,0,0,0,0,0
15.82,184.0,0.24,0.33,0.28,13.62,11.0,15.8,15.82,10.0,-0.02,-0.07,178.3,8.9,195,1,1,1415,660,1649,-5,1620,15.84,1500.6,1023,33.4,34.7,0,2.4,2067.6,0,16.83,21.8,53.6,49.9,54.5,52.9,50.8,54.7,53.5,54.2,61.0,63.1,28.2,31.9,33.3,33.5,55,52,25,0.0,0.0,2.1,6,6,4,0,26,27,27,63,95,95,31,31,300,0,0,0,0,0,0,0,0,0
14.32,272.02,0.23,0.32,0.27,10.42,11.66,14.62,14.15,5.4,0.04,0.03,176.5,9.0,213,1,1,642,658,745,2,855,14.3,901.9,620,33.9,34.7,0,2.4,2067.6,0,16.83,21.9,54.4,50.7,55.3,53.7,51.6,55.5,54.2,54.9,61.2,63.2,28.2,32.1,33.5,33.5,43,40,25,-0.7,0.0,0.0,6,6,4,0,26,27,27,63,95,95,32,32,300,0,0,0,0,0,0,0,0,0
16.98,234.0,2.84,2.92,2.87,17.66,21.44,24.36,16.91,4.0,-0.1,-0.05,175.2,8.3,203,1,1,1665,660,1952,11,1947,17.0,1697.3,1162,33.1,34.0,0,2.4,2067.6,0,16.83,21.8,53.8,50.2,54.8,53.2,51.1,55.0,53.9,54.5,61.2,63.3,28.3,32.1,33.7,33.6,54,46,25,-126.8,-141.9,-158.2,6,6,4,0,26,27,27,63,95,95,32,32,300,0,0,0,0,0,0,0,0,0
16.74,339.01,1.37,1.43,1.43,18.38,22.48,19.32,16.64,10.2,0.1,0.13,15.2,8.9,191,1,1,1446,658,1683,-8,1943,16.76,1715.4,1170,33.1,34.5,0,2.4,2067.6,0,16.83,22.0,53.3,49.6,54.3,52.6,50.5,54.4,53.6,54.2,61.0,63.1,28.2,31.9,33.3,33.3,54,51,25,-34.7,-36.0,-38.2,6,6,4,1,26,27,27,63,95,95,31,31,300,0,0,0,0,0,0,0,0,0
14.51,290.99,0.23,0.32,0.28,11.28,12.04,15.3,14.37,-16.2,0.0,-0.01,176.7,8.5,216,1,1,1195,657,1392,-7,1163,14.52,1151.3,782,34.2,35.5,0,2.4,2067.6,0,16.83,21.8,54.5,50.8,55.5,53.8,51.7,55.6,54.0,54.7,61.1,63.2,28.2,32.1,33.3,33.5,52,50,25,-0.8,0.0,0.0,6,6,4,0,26,27,27,63,96,96,32,32,300,0,0,0,0,0,0,0,0,0
15.94,123.01,0.24,0.33,0.27,16.04,13.26,15.16,15.91,-13.1,0.0,-0.03,176.5,9.9,210,1,1,1210,657,1403,2,1622,15.92,1522.6,1039,34.0,35.2,0,2.4,2067.6,0,16.83,21.9,54.4,50.6,55.3,53.7,51.6,55.4,53.9,54.6,61.1,63.2,28.2,32.1,33.3,33.5,54,49,25,0.4,-2.4,0.7,6,6,4,0,26,27,27,63,95,96,32,32,300,0,0,0,0,0,0,0,0,0
15.91,153.0,0.24,0.33,0.28,16.0,12.7,16.38,15.89,5.0,-0.06,0.01,178.6,8.8,195,1,1,1489,660,1735,-8,1606,15.88,1512.4,1034,33.2,34.5,0,2.4,2067.6,0,16.83,21.8,53.5,49.8,54.5,52.9,50.7,54.7,53.5,54.2,61.0,63.1,28.2,31.9,33.3,33.5,55,52,25,-0.7,-1.4,0.7,6,6,4,0,26,27,27,63,95,95,31,31,300,0,0,0,0,0,0,0,0,0
16.42,43.99,0.27,0.34,0.33,15.44,16.86,10.6,16.31,14.2,0.13,0.05,15.6,7.5,195,1,1,1601,658,1868,9,1684,16.4,1505.5,1028,33.2,34.1,0,2.4,2067.6,0,16.83,22.0,53.2,49.5,54.2,52.5,50.4,54.3,53.6,54.1,61.0,63.1,28.2,31.9,33.3,33.3,54,49,25,1.4,-3.3,-0.5,6,6,4,1,26,27,27,63,95,95,31,31,300,0,0,0,0,0,0,0,0,0
14.4,270.0,0.23,0.33,0.28,10.04,10.68,14.4,14.29,-13.1,-0.01,0.01,176.7,7.7,216,1,1,1098,657,1281,-8,1103,14.42,1114.8,761,34.0,35.0,0,2.4,2067.6,0,16.83,21.8,54.5,50.8,55.5,53.9,51.8,55.7,54.0,54.7,61.1,63.2,28.2,32.1,33.3,33.5,50,48,25,0.0,0.2,1.9,6,6,4,0,26,27,27,63,96,96,32,32,300,0,0,0,0,0,0,0,0,0
15.6,213.01,0.25,0.33,0.3,12.02,12.0,17.46,15.5,15.7,-0.14,0.02,175.8,9.8,198,1,1,1014,659,1192,-2,1391,15.56,1371.9,951,34.6,35.7,0,2.4,2067.6,0,16.83,21.6,55.4,51.8,56.4,54.8,52.8,56.6,54.6,55.5,61.3,63.4,28.4,32.2,33.7,33.6,51,49,25,-2.1,0.0,0.4,6,6,4,0,26,27,27,63,96,96,32,32,300,0,0,0,0,0,0,0,0,0
16.33,92.02,0.24,0.33,0.27,16.58,15.16,14.6,16.26,3.4,0.09,0.03,177.1,8.9,198,1,1,1442,661,1685,2,1755,16.3,1602.2,1095,33.6,34.9,0,2.4,2067.6,0,16.83,21.8,53.9,50.1,54.8,53.2,51.0,55.0,53.6,54.2,61.0,63.1,28.2,31.9,33.3,33.5,56,51,25,0.0,-2.6,0.0,6,6,4,0,26,27,27,63,95,96,31,31,300,0,0,0,0,0,0,0,0,0
15.28,36.0,0.25,0.33,0.3,12.98,15.8,12.22,15.2,6.6,0.06,-0.04,175.6,8.3,202,1,1,1412,661,1639,0,1468,15.3,1387.8,937,34.2,35.7,0,2.4,2067.6,0,16.83,21.5,55.3,51.6,56.3,54.7,52.6,56.5,54.4,55.2,61.3,63.4,28.4,32.1,33.7,33.6,56,52,25,0.8,-0.6,-0.2,6,6,4,0,26,27,27,63,96,96,32,32,300,0,0,0,0,0,0,0,0,0
16.73,225.0,0.93,0.97,1.03,12.96,14.66,21.36,16.63,10.9,0.08,-0.02,175.6,8.3,199,1,1,1667,661,1943,0,1905,16.72,1695.3,1157,33.6,35.1,0,2.4,2067.6,0,16.83,21.5,54.6,50.9,55.6,53.9,51.9,55.8,54.0,54.8,61.2,63.3,28.4,32.1,33.6,33.6,58,54,25,-1.8,0.3,-3.4,6,6,4,0,26,27,27,63,96,96,32,32,300,0,0,0,0,0,0,0,0,0
16.33,292.0,0.41,0.5,0.44,12.16,16.44,17.18,16.29,25.8,-0.06,-0.02,175.3,9.1,219,1,1,994,655,1153,6,1683,16.38,1525.0,1040,32.6,33.1,0,2.4,2067.6,0,16.83,22.3,53.1,49.4,54.0,52.4,50.3,54.2,53.8,54.4,61.0,63.1,28.2,31.9,33.4,33.3,45,41,25,-0.3,1.1,-0.4,6,6,4,0,26,27,27,63,95,95,31,31,300,0,0,0,0,0,0,0,0,0
15.98,47.02,0.24,0.33,0.27,14.16,16.4,13.4,15.86,16.2,0.07,0.02,177.6,9.2,193,1,1,1386,660,1615,-2,1613,15.92,1518.1,1037,33.5,34.7,0,2.4,2067.6,0,16.83,21.8,53.7,50.0,54.7,53.0,50.9,54.8,53.6,54.4,61.0,63.1,28.2,31.9,33.3,33.5,55,51,25,1.3,-0.4,-0.9,6,6,4,0,26,27,27,63,95,95,31,31,300,0,0,0,0,0,0,0,0,0
15.02,139.0,0.26,0.33,0.3,13.3,11.16,13.4,14.95,9.6,-0.03,0.07,175.8,6.8,202,1,1,1392,660,1618,-4,1322,14.98,1285.5,870,34.2,35.5,0,2.4,2067.6,0,16.83,21.5,55.3,51.6,56.4,54.7,52.7,56.5,54.4,55.3,61.3,63.4,28.4,32.1,33.7,33.6,54,52,25,0.6,-0.5,2.1,6,6,4,0,26,27,27,63,96,96,32,32,300,0,0,0,0,0,0,0,0,0
13.69,43.99,0.23,0.32,0.27,10.4,11.68,11.72,13.59,-14.8,0.06,0.03,176.6,6.9,219,1,1,873,657,1014,0,871,13.68,914.5,621,34.0,35.0,0,2.4,2067.6,0,16.83,21.8,54.5,50.8,55.5,53.9,51.8,55.7,54.2,54.8,61.1,63.2,28.2,32.1,33.3,33.5,47,45,25,0.2,0.0,0.0,6,6,4,0,26,27,27,63,96,96,32,32,300,0,0,0,0,0,0,0,0,0
16.83,222.98,0.89,0.93,0.97,4.64,6.42,16.28,16.74,8.6,0.02,-0.11,175.9,10.3,201,1,1,1636,660,1903,2,1894,16.82,1690.1,1160,33.5,34.7,0,2.4,2067.6,0,16.83,21.7,54.3,50.6,55.2,53.6,51.6,55.5,54.0,54.6,61.2,63.3,28.4,32.1,33.6,33.6,57,52,25,23.2,32.8,85.4,6,6,4,0,26,27,27,63,96,96,32,32,300,0,0,0,0,0,0,0,0,0
13.11,56.99,0.23,0.32,0.27,9.32,9.96,10.58,13.01,-9.6,0.08,0.04,176.6,7.9,219,1,1,697,658,809,-2,699,13.1,779.4,532,34.1,34.9,0,2.4,2067.6,0,16.83,21.8,54.5,50.8,55.4,53.8,51.7,55.6,54.2,54.9,61.1,63.2,28.2,32.1,33.3,33.5,44,42,25,0.4,0.0,0.0,6,6,4,0,26,27,27,63,95,96,32,32,300,0,0,0,0,0,0,0,0,0
16.89,55.01,1.44,1.46,1.49,15.12,18.34,12.94,16.81,12.0,-0.02,0.0,175.9,9.6,199,1,1,1599,659,1862,2,1925,16.88,1712.3,1168,33.2,34.6,0,2.4,2067.6,0,16.83,21.7,54.4,50.7,55.3,53.7,51.7,55.6,53.9,54.7,61.2,63.3,28.4,32.1,33.6,33.6,58,53,25,0.7,-0.4,-1.7,6,6,4,0,26,27,27,63,96,96,32,32,300,0,0,0,0,0,0,0,0,0
16.09,358.99,0.24,0.33,0.28,11.16,15.44,14.2,15.97,-4.1,0.04,0.05,177.6,9.9,197,1,1,1380,660,1618,0,1658,16.08,1541.3,1053,33.6,34.7,0,2.4,2067.6,0,16.83,21.8,53.8,50.1,54.8,53.1,51.0,54.9,53.6,54.4,61.0,63.2,28.2,31.9,33.3,33.5,54,51,25,0.7,1.0,-1.6,6,6,4,0,26,27,27,63,95,95,31,31,300,0,0,0,0,0,0,0,0,0
15.07,254.02,0.23,0.32,0.28,11.6,11.36,16.3,14.96,5.9,-0.04,0.05,176.6,8.4,205,1,1,888,658,1039,2,1045,15.08,1024.1,701,33.7,34.3,0,2.4,2067.6,0,16.83,21.8,54.2,50.5,55.1,53.5,51.4,55.3,54.2,54.8,61.2,63.2,28.3,32.1,33.5,33.5,45,41,25,-0.5,0.3,0.0,6,6,4,0,26,27,27,63,95,95,32,32,300,0,0,0,0,0,0,0,0,0
14.85,162.0,0.24,0.32,0.27,13.32,11.88,14.26,14.85,8.7,-0.07,-0.07,176.5,7.4,209,1,1,761,658,881,5,1014,14.84,998.6,683,33.9,34.4,0,2.4,2067.6,0,16.83,21.8,54.3,50.6,55.2,53.6,51.5,55.4,54.2,54.9,61.1,63.2,28.2,32.1,33.5,33.5,43,40,25,0.0,0.0,1.3,6,6,4,0,26,27,27,63,95,95,32,32,300,0,0,0,0,0,0,0,0,0
15.96,27.0,0.24,0.33,0.27,12.12,16.76,13.58,15.87,-13.4,0.08,0.07,176.5,10.4,210,1,1,1204,657,1392,0,1617,15.94,1520.2,1040,34.1,35.2,0,2.4,2067.6,0,16.83,21.9,54.4,50.6,55.3,53.7,51.6,55.5,53.9,54.7,61.1,63.2,28.2,32.1,33.3,33.5,54,49,25,0.8,0.0,-0.9,6,6,4,0,26,27,27,63,95,96,32,32,300,0,0,0,0,0,0,0,0,0
13.48,335.99,0.23,0.33,0.27,9.62,11.74,11.82,13.4,0.7,0.06,0.09,176.4,6.3,216,1,1,625,658,727,-2,743,13.48,818.6,561,34.0,34.8,0,2.4,2067.6,0,16.83,21.8,54.4,50.7,55.3,53.8,51.7,55.5,54.2,54.9,61.1,63.2,28.2,32.1,33.4,33.5,43,41,25,0.0,0.0,-0.3,6,6,4,0,26,27,27,63,95,95,32,32,300,0,0,0,0,0,0,0,0,0
14.95,254.02,0.24,0.32,0.28,11.58,12.58,17.5,14.86,-1.0,-0.01,-0.04,176.7,8.6,207,1,1,885,658,1033,0,1015,14.94,1012.0,692,33.5,34.3,0,2.4,2067.6,0,16.83,21.8,54.2,50.5,55.1,53.5,51.4,55.3,54.3,54.8,61.2,63.2,28.3,32.1,33.5,33.5,44,41,25,-1.0,0.3,-1.2,6,6,4,0,26,27,27,63,95,95,32,32,300,0,0,0,0,0,0,0,0,0
16.36,60.01,0.24,0.33,0.28,15.58,15.58,13.44,16.26,1.8,0.03,0.08,177.3,7.9,198,1,1,1414,660,1649,0,1762,16.34,1606.5,1097,33.6,34.6,0,2.4,2067.6,0,16.83,21.8,53.8,50.1,54.8,53.2,51.0,54.9,53.6,54.4,61.0,63.1,28.2,32.0,33.3,33.5,55,51,25,3.8,0.0,-0.3,6,6,4,0,26,27,27,63,95,95,32,32,300,0,0,0,0,0,0,0,0,0
16.02,139.0,0.41,0.5,0.44,14.96,11.94,14.72,15.97,18.4,-0.05,0.0,14.2,7.3,212,1,1,1301,655,1510,-10,1455,16.0,1335.6,911,32.9,33.6,0,2.4,2067.6,0,16.83,22.1,53.1,49.3,54.0,52.4,50.3,54.2,53.7,54.2,61.0,63.1,28.2,31.9,33.4,33.3,49,46,25,-0.3,-1.1,1.6,6,6,4,1,26,27,27,62,95,95,31,31,300,0,0,0,0,0,0,0,0,0
15.38,33.98,0.26,0.33,0.3,12.72,14.28,10.86,15.28,10.0,-0.06,0.02,175.7,8.8,198,1,1,1392,660,1617,-4,1433,15.36,1371.3,933,34.5,35.6,0,2.4,2067.6,0,16.83,21.5,55.5,51.8,56.5,54.8,52.8,56.6,54.7,55.5,61.3,63.4,28.4,32.2,33.8,33.6,54,48,25,2.3,0.0,0.0,6,6,4,0,26,27,27,63,96,96,32,32,300,0,0,0,0,0,0,0,0,0
16.02,61.99,0.24,0.33,0.27,15.3,17.22,14.24,15.95,5.3,0.07,-0.08,176.9,8.5,198,1,1,1515,661,1767,0,1697,16.02,1552.3,1057,33.5,34.9,0,2.4,2067.6,0,16.83,21.8,53.9,50.2,54.9,53.3,51.1,55.0,53.6,54.2,61.1,63.2,28.2,32.0,33.3,33.5,56,51,25,0.7,-1.9,-1.3,6,6,4,0,26,27,27,63,95,96,32,32,300,0,0,0,0,0,0,0,0,0
14.88,344.02,0.23,0.33,0.27,11.36,13.84,13.9,14.69,7.9,0.04,-0.05,176.4,7.1,210,1,1,719,658,834,3,1001,14.84,994.4,680,33.8,34.5,0,2.4,2067.6,0,16.83,21.8,54.3,50.6,55.2,53.6,51.5,55.4,54.2,54.8,61.2,63.2,28.2,32.1,33.5,33.5,43,40,25,0.0,0.0,-1.5,6,6,4,0,26,27,27,63,95,95,32,32,300,0,0,0,0,0,0,0,0,0
15.38,348.98,0.24,0.33,0.27,11.28,15.42,13.76,15.24,0.3,0.11,-0.01,175.8,6.8,204,1,1,1181,660,1379,2,1101,15.34,1058.6,726,33.5,34.1,0,2.4,2067.6,0,16.83,21.9,53.9,50.2,54.9,53.2,51.2,55.0,54.0,54.7,61.2,63.3,28.3,32.1,33.7,33.6,46,42,25,0.3,0.0,-0.3,6,6,4,0,26,27,27,63,95,95,32,32,300,0,0,0,0,0,0,0,0,0
16.62,321.01,0.89,0.97,0.99,15.98,24.0,20.66,16.44,4.6,0.04,0.11,175.6,11.2,201,1,1,1500,660,1752,6,1887,16.6,1690.3,1150,34.1,35.4,0,2.4,2067.6,0,16.83,21.4,55.0,51.3,56.0,54.4,52.3,56.2,54.2,55.0,61.3,63.3,28.4,32.1,33.6,33.6,58,53,25,-53.3,-77.4,-68.9,6,6,4,0,26,27,27,63,96,96,32,32,300,0,0,0,0,0,0,0,0,0
16.73,284.0,0.94,1.0,1.04,14.76,23.38,20.22,16.57,5.7,0.0,-0.03,175.7,11.4,200,1,1,1657,660,1942,0,1922,16.74,1699.4,1159,33.6,35.0,0,2.4,2067.6,0,16.83,21.5,54.5,50.8,55.5,53.8,51.8,55.7,54.0,54.6,61.3,63.3,28.4,32.1,33.6,33.6,58,54,25,-14.5,-14.3,-19.8,6,6,4,0,26,27,27,63,96,96,32,32,300,0,0,0,0,0,0,0,0,0
16.83,268.99,1.03,1.1,1.12,6.7,12.52,13.6,16.68,8.1,0.07,-0.01,175.5,9.6,201,1,1,1430,660,1676,2,1895,16.82,1693.4,1164,34.0,35.6,0,2.4,2067.6,0,16.83,21.4,55.0,51.3,56.0,54.4,52.3,56.2,54.2,55.0,61.3,63.3,28.4,32.1,33.6,33.6,57,53,25,7.3,18.9,12.7,6,6,4,0,26,27,27,63,96,96,32,32,300,0,0,0,0,0,0,0,0,0
16.51,299.99,0.24,0.34,0.31,12.02,15.86,16.4,16.36,11.0,-0.03,0.09,175.4,10.3,200,1,1,1580,659,1857,-8,1775,16.5,1622.1,1112,33.2,34.5,0,2.4,2067.6,0,16.83,21.7,54.0,50.3,55.0,53.3,51.3,55.1,53.9,54.6,61.2,63.3,28.4,32.1,33.7,33.6,55,51,25,-0.8,0.7,-1.8,6,6,4,0,26,27,27,63,95,96,32,32,300,0,0,0,0,0,0,0,0,0
14.6,33.98,0.25,0.33,0.3,11.42,13.5,10.58,14.51,9.5,0.0,0.01,176.0,8.1,201,1,1,1129,659,1323,-5,1184,14.6,1164.1,795,34.4,35.4,0,2.4,2067.6,0,16.83,21.6,55.4,51.7,56.4,54.8,52.7,56.6,54.5,55.4,61.3,63.4,28.4,32.1,33.7,33.6,52,51,25,0.8,-0.3,-0.5,6,6,4,0,26,27,27,63,96,96,32,32,300,0,0,0,0,0,0,0,0,0
15.9,231.98,0.25,0.33,0.31,12.7,12.66,18.6,15.86,13.7,0.0,-0.07,175.8,10.0,198,1,1,1007,659,1170,0,1541,15.92,1475.8,1026,34.5,35.5,0,2.4,2067.6,0,16.83,21.6,55.4,51.7,56.4,54.8,52.8,56.6,54.6,55.4,61.3,63.4,28.4,32.1,33.7,33.6,51,48,25,-1.8,0.3,0.0,6,6,4,0,26,27,27,63,96,96,32,32,300,0,0,0,0,0,0,0,0,0
14.72,130.0,0.26,0.33,0.3,13.4,10.38,11.86,14.67,6.9,0.0,-0.02,175.9,8.9,201,1,1,1185,659,1386,-8,1201,14.68,1198.6,817,34.4,35.7,0,2.4,2067.6,0,16.83,21.6,55.4,51.7,56.4,54.8,52.7,56.6,54.5,55.4,61.3,63.4,28.4,32.1,33.7,33.6,52,51,25,0.0,-1.4,0.3,6,6,4,0,26,27,27,63,96,96,32,32,300,0,0,0,0,0,0,0,0,0
15.38,231.98,0.24,0.32,0.28,12.18,12.8,18.4,15.31,-4.1,0.0,-0.02,176.7,9.5,204,1,1,1293,659,1513,2,1445,15.38,1376.8,939,34.0,35.1,0,2.4,2067.6,0,16.83,21.9,54.2,50.5,55.2,53.6,51.5,55.3,53.8,54.5,61.1,63.2,28.2,32.1,33.3,33.5,54,50,25,-2.2,0.0,0.4,6,6,4,0,26,27,27,63,96,96,32,32,300,0,0,0,0,0,0,0,0,0
15.81,333.0,0.23,0.33,0.28,11.96,16.04,15.74,15.66,-14.9,0.07,-0.02,176.6,10.0,212,1,1,1359,657,1574,9,1588,15.78,1482.6,1012,34.2,35.1,0,2.4,2067.6,0,16.83,21.9,54.4,50.7,55.4,53.7,51.6,55.5,53.9,54.7,61.1,63.2,28.2,32.1,33.3,33.5,54,49,25,0.0,0.7,-2.0,6,6,4,0,26,27,27,63,96,96,32,32,300,0,0,0,0,0,0,0,0,0
16.0,33.98,0.41,0.5,0.44,13.02,14.92,10.92,15.91,13.8,-0.01,0.06,14.5,8.7,213,1,1,1326,655,1533,-10,1454,16.02,1341.5,916,32.9,33.5,0,2.4,2067.6,0,16.83,22.1,53.1,49.3,54.0,52.4,50.3,54.2,53.7,54.2,61.0,63.1,28.2,31.9,33.4,33.3,49,46,25,2.5,0.0,-0.2,6,6,4,1,26,27,27,62,95,95,31,31,300,0,0,0,0,0,0,0,0,0
14.88,252.0,0.23,0.32,0.28,11.14,11.6,15.62,14.79,12.3,-0.03,-0.01,176.5,8.0,208,1,1,786,658,908,6,1020,14.88,1001.7,684,33.9,34.4,0,2.4,2067.6,0,16.83,21.8,54.3,50.6,55.2,53.6,51.5,55.4,54.2,54.9,61.2,63.2,28.2,32.1,33.5,33.5,43,40,25,-0.2,0.0,0.0,6,6,4,0,26,27,27,63,95,95,32,32,300,0,0,0,0,0,0,0,0,0
16.22,193.0,0.24,0.33,0.28,14.24,12.02,17.52,16.16,-4.7,-0.08,0.13,177.5,9.6,198,1,1,1395,661,1626,0,1698,16.2,1559.5,1070,33.6,34.9,0,2.4,2067.6,0,16.83,21.8,53.8,50.1,54.7,53.1,51.0,54.9,53.6,54.3,61.0,63.1,28.2,31.9,33.3,33.5,55,51,25,0.0,0.0,2.3,6,6,4,0,26,27,27,63,95,95,31,31,300,0,0,0,0,0,0,0,0,0
13.64,124.99,0.23,0.32,0.27,11.68,11.62,12.16,13.62,-13.4,-0.09,-0.01,176.6,7.3,219,1,1,864,657,1002,-2,858,13.64,905.8,616,34.2,35.1,0,2.4,2067.6,0,16.83,21.8,54.5,50.8,55.5,53.9,51.8,55.7,54.2,54.9,61.1,63.2,28.2,32.1,33.3,33.5,47,45,25,0.0,-0.3,-0.3,6,6,4,0,26,27,27,63,95,96,32,32,300,0,0,0,0,0,0,0,0,0
14.06,101.99,0.24,0.32,0.27,10.66,9.84,11.06,13.95,4.7,0.07,0.06,176.4,9.3,214,1,1,622,658,722,0,815,14.0,864.2,595,34.0,34.5,0,2.4,2067.6,0,16.83,21.8,54.4,50.7,55.3,53.7,51.6,55.5,54.2,54.9,61.1,63.2,28.2,32.1,33.4,33.5,43,41,25,0.5,-0.2,0.7,6,6,4,0,26,27,27,63,95,95,32,32,300,0,0,0,0,0,0,0,0,0
16.38,29.99,0.26,0.33,0.34,13.96,16.44,12.36,16.3,5.5,0.12,0.01,175.4,10.0,202,1,1,1428,661,1672,-7,1744,16.36,1604.7,1096,33.7,35.3,0,2.4,2067.6,0,16.83,21.4,54.9,51.2,55.9,54.3,52.2,56.1,54.1,55.0,61.3,63.3,28.4,32.1,33.6,33.6,57,54,25,1.2,-1.1,-0.8,6,6,4,0,26,27,27,63,96,96,32,32,300,0,0,0,0,0,0,0,0,0
15.9,209.99,0.24,0.33,0.28,12.88,13.08,18.76,15.83,5.8,-0.03,0.03,175.7,8.8,201,1,1,931,659,1082,3,1306,15.9,1255.9,865,33.3,34.0,0,2.4,2067.6,0,16.83,21.9,53.9,50.2,54.9,53.3,51.2,55.1,54.1,54.6,61.2,63.2,28.4,32.1,33.6,33.5,46,42,25,-2.3,0.0,0.0,6,6,4,0,26,27,27,63,95,95,32,32,300,0,0,0,0,0,0,0,0,0
13.34,214.99,0.23,0.32,0.27,10.96,10.6,12.66,13.27,-17.0,0.02,-0.01,176.6,7.5,220,1,1,746,658,864,-4,762,13.34,828.9,563,34.1,34.9,0,2.4,2067.6,0,16.83,21.8,54.5,50.8,55.4,53.8,51.7,55.6,54.2,54.8,61.1,63.2,28.2,32.1,33.3,33.5,45,43,25,-0.2,-0.2,0.3,6,6,4,0,26,27,27,63,95,96,32,32,300,0,0,0,0,0,0,0,0,0
16.51,241.99,0.23,0.31,0.32,14.14,15.72,20.58,16.45,13.9,-0.1,0.03,15.3,11.4,193,1,1,1653,659,1918,6,1699,16.54,1538.9,1054,32.8,33.9,0,2.4,2067.6,0,16.83,22.0,53.3,49.5,54.2,52.5,50.4,54.3,53.6,54.2,61.0,63.1,28.2,31.9,33.3,33.3,54,49,25,-1.3,1.0,-0.9,6,6,4,1,26,27,27,63,95,95,31,31,300,0,0,0,0,0,0,0,0,0
16.31,292.0,0.26,0.32,0.34,11.58,15.3,15.86,16.15,8.3,-0.02,0.01,175.4,8.3,201,1,1,1446,661,1688,-7,1718,16.32,1594.5,1088,34.0,35.4,0,2.4,2067.6,0,16.83,21.4,54.9,51.2,55.9,54.3,52.2,56.1,54.2,55.0,61.3,63.3,28.4,32.1,33.6,33.6,57,54,25,-0.5,2.0,-1.8,6,6,4,0,26,27,27,63,96,96,32,32,300,0,0,0,0,0,0,0,0,0
15.96,331.99,0.23,0.33,0.28,11.08,16.44,15.86,15.83,2.8,0.01,0.02,176.8,8.7,199,1,1,1402,662,1643,-5,1681,15.98,1544.5,1052,33.8,35.2,0,2.4,2067.6,0,16.83,21.8,54.0,50.3,55.0,53.4,51.2,55.1,53.7,54.4,61.1,63.2,28.2,32.0,33.3,33.5,56,51,25,0.0,1.1,-2.8,6,6,4,0,26,27,27,63,96,96,32,32,300,0,0,0,0,0,0,0,0,0
14.23,142.99,0.24,0.32,0.27,11.66,11.36,12.48,14.2,-12.8,-0.03,0.0,176.6,8.2,216,1,1,953,657,1109,-2,1039,14.22,1058.3,725,34.4,35.2,0,2.4,2067.6,0,16.83,21.8,54.5,50.8,55.5,53.9,51.8,55.7,54.1,54.8,61.2,63.2,28.2,32.1,33.2,33.5,49,47,25,0.3,0.0,0.0,6,6,4,0,26,27,27,63,95,96,32,32,300,0,0,0,0,0,0,0,0,0
16.07,213.98,0.22,0.3,0.32,15.66,14.92,20.08,15.99,-7.7,0.02,-0.01,175.3,10.0,203,1,1,1585,661,1841,-2,1733,16.06,1572.3,1068,33.6,35.0,0,2.4,2067.6,0,16.83,21.4,54.7,51.0,55.8,54.1,52.1,55.9,54.1,54.8,61.2,63.3,28.4,32.1,33.6,33.6,58,54,25,-3.8,-0.3,0.0,6,6,4,0,26,27,27,63,96,96,32,32,300,0,0,0,0,0,0,0,0,0
16.16,205.99,0.26,0.33,0.31,12.28,11.32,19.24,16.1,14.5,0.03,0.06,175.1,9.4,196,1,1,1323,660,1532,5,1666,16.12,1551.9,1061,34.3,35.6,0,2.4,2067.6,0,16.83,21.5,55.5,51.8,56.5,54.9,52.8,56.7,54.7,55.6,61.4,63.5,28.4,32.2,33.8,33.6,55,49,25,-1.1,0.2,2.0,6,6,4,0,26,27,27,63,96,96,32,32,300,0,0,0,0,0,0,0,0,0
15.57,97.99,0.24,0.33,0.27,14.46,13.3,13.04,15.5,-5.2,0.1,0.04,176.7,9.5,202,1,1,1469,660,1721,0,1515,15.54,1415.2,966,33.9,35.0,0,2.4,2067.6,0,16.83,21.8,54.2,50.4,55.1,53.5,51.4,55.2,53.8,54.4,61.1,63.2,28.2,32.0,33.3,33.5,55,51,25,0.3,-1.5,0.6,6,6,4,0,26,27,27,63,96,96,32,32,300,0,0,0,0,0,0,0,0,0
15.35,83.99,0.24,0.33,0.27,12.12,12.7,11.88,15.28,-1.0,0.06,0.08,176.6,9.4,206,1,1,897,658,1040,0,1101,15.32,1067.7,728,33.4,34.2,0,2.4,2067.6,0,16.83,21.8,54.1,50.4,55.1,53.4,51.4,55.3,54.2,54.8,61.2,63.2,28.3,32.1,33.5,33.5,45,41,25,1.1,-0.3,0.3,6,6,4,0,26,27,27,63,95,95,32,32,300,0,0,0,0,0,0,0,0,0
16.22,83.99,0.24,0.33,0.27,15.0,13.88,13.72,16.18,8.7,0.06,0.05,169.7,8.9,193,1,1,1637,659,1918,-2,1764,16.22,1606.8,1094,33.3,34.5,0,2.4,2067.6,0,16.83,21.9,53.4,49.7,54.4,52.7,50.6,54.5,53.5,54.1,61.0,63.1,28.2,31.9,33.3,33.4,56,52,25,2.0,-0.9,0.3,6,6,4,0,26,27,27,63,95,95,31,31,300,0,0,0,0,0,0,0,0,0
15.87,254.99,0.25,0.33,0.31,11.24,13.58,17.34,15.82,12.8,-0.1,0.0,175.1,8.5,197,1,1,1237,660,1453,-4,1580,15.92,1504.9,1029,34.5,35.6,0,2.4,2067.6,0,16.83,21.5,55.5,51.8,56.5,54.8,52.8,56.7,54.7,55.5,61.3,63.4,28.4,32.2,33.8,33.6,54,49,25,0.2,2.4,1.5,6,6,4,0,26,27,27,63,96,96,32,32,300,0,0,0,0,0,0,0,0,0
16.73,182.99,1.09,1.12,1.17,20.9,17.7,25.92,16.76,7.4,-0.02,-0.09,175.7,9.6,200,1,1,1673,660,1939,0,1931,16.74,1707.3,1163,33.5,34.9,0,2.4,2067.6,0,16.83,21.5,54.5,50.8,55.5,53.8,51.8,55.7,54.0,54.7,61.2,63.3,28.4,32.1,33.6,33.6,58,54,25,-106.4,-80.3,-115.3,6,6,4,0,26,27,27,63,96,96,32,32,300,0,0,0,0,0,0,0,0,0
16.51,117.0,0.31,0.35,0.4,22.66,13.98,16.52,16.47,12.5,0.07,0.0,175.2,10.0,199,1,1,1485,660,1731,2,1841,16.48,1639.2,1120,33.0,34.2,0,2.4,2067.6,0,16.83,21.7,54.1,50.4,55.0,53.4,51.4,55.2,53.9,54.6,61.2,63.3,28.4,32.1,33.7,33.6,56,52,25,-14.6,-10.3,-6.6,6,6,4,0,26,27,27,63,96,96,32,32,300,0,0,0,0,0,0,0,0,0
15.16,294.98,0.25,0.33,0.3,11.22,13.82,15.02,14.99,12.0,0.07,0.07,176.0,9.0,200,1,1,1046,659,1227,0,1244,15.12,1261.0,870,34.5,35.6,0,2.4,2067.6,0,16.83,21.6,55.4,51.8,56.4,54.8,52.8,56.6,54.6,55.4,61.3,63.4,28.4,32.2,33.7,33.6,51,49,25,-0.2,0.3,-1.3,6,6,4,0,26,27,27,63,96,96,32,32,300,0,0,0,0,0,0,0,0,0
16.45,213.98,0.22,0.3,0.31,9.02,8.46,15.8,16.4,9.7,-0.03,0.0,70.7,8.7,193,1,1,1609,659,1865,14,1823,16.42,1631.3,1112,33.2,34.4,0,2.4,2067.6,0,16.83,21.9,53.4,49.6,54.3,52.7,50.5,54.4,53.6,54.2,61.0,63.1,28.2,31.9,33.3,33.4,56,50,25,9.4,10.9,22.8,6,6,4,0,26,27,27,63,95,95,31,31,300,0,0,0,0,0,0,0,0,0
15.16,181.01,0.24,0.33,0.28,12.9,11.74,14.76,15.12,-0.3,-0.02,0.01,176.4,6.5,206,1,1,919,659,1071,2,1100,15.18,1050.6,716,33.5,34.0,0,2.4,2067.6,0,16.83,21.8,54.1,50.4,55.0,53.4,51.4,55.2,54.2,54.7,61.1,63.2,28.2,32.1,33.5,33.5,45,42,25,0.0,0.0,1.0,6,6,4,0,26,27,27,63,95,95,32,32,300,0,0,0,0,0,0,0,0,0
14.74,276.98,0.23,0.33,0.28,11.64,13.22,15.7,14.62,3.8,0.09,-0.02,176.5,7.8,205,1,1,931,659,1086,-2,1003,14.76,988.3,675,33.5,34.3,0,2.4,2067.6,0,16.83,21.8,54.0,50.3,54.9,53.3,51.3,55.2,54.1,54.7,61.2,63.2,28.3,32.1,33.6,33.5,45,42,25,-0.3,0.0,-0.7,6,6,4,0,26,27,27,63,95,95,32,32,300,0,0,0,0,0,0,0,0,0
16.73,353.99,0.72,0.76,0.76,8.98,14.22,6.32,16.55,0.1,0.12,0.04,175.9,10.5,201,1,1,1619,659,1891,3,1871,16.68,1674.2,1145,33.1,34.4,0,2.4,2067.6,0,16.83,21.7,54.2,50.4,55.1,53.5,51.4,55.3,53.9,54.7,61.2,63.3,28.4,32.1,33.7,33.6,56,51,25,20.2,27.3,12.0,6,6,4,0,26,27,27,63,96,96,32,32,300,0,0,0,0,0,0,0,0,0
15.93,114.98,0.24,0.33,0.27,15.5,13.12,14.6,15.85,7.4,-0.03,0.0,175.7,7.6,201,1,1,914,659,1061,3,1301,15.88,1234.1,853,33.3,33.9,0,2.4,2067.6,0,16.83,21.9,53.9,50.2,54.9,53.3,51.2,55.1,54.1,54.7,61.2,63.3,28.3,32.1,33.6,33.6,46,42,25,0.0,-2.0,0.0,6,6,4,0,26,27,27,63,95,95,32,32,300,0,0,0,0,0,0,0,0,0
15.91,67.0,0.24,0.33,0.27,13.98,15.08,12.88,15.85,1.8,0.04,0.04,176.8,8.1,199,1,1,1405,662,1646,0,1655,15.9,1531.0,1043,33.9,35.0,0,2.4,2067.6,0,16.83,21.8,54.1,50.3,55.0,53.4,51.3,55.1,53.7,54.3,61.1,63.2,28.2,32.0,33.3,33.5,56,51,25,1.2,-0.7,-1.1,6,6,4,0,26,27,27,63,95,96,32,32,300,0,0,0,0,0,0,0,0,0
16.58,51.01,0.48,0.53,0.54,16.02,16.22,11.32,16.51,9.9,0.17,0.01,175.6,9.7,199,1,1,1627,660,1906,-2,1831,16.56,1658.7,1132,33.9,35.2,0,2.4,2067.6,0,16.83,21.4,54.7,50.9,55.7,54.0,52.0,55.9,54.0,54.8,61.2,63.3,28.4,32.1,33.5,33.6,58,54,25,2.8,-1.4,0.0,6,6,4,0,26,27,27,63,96,96,32,32,300,0,0,0,0,0,0,0,0,0
15.03,204.98,0.25,0.33,0.3,11.5,10.4,15.48,14.94,13.6,-0.04,0.04,175.8,8.2,199,1,1,1062,659,1235,-2,1203,15.0,1232.8,847,34.5,35.4,0,2.4,2067.6,0,16.83,21.6,55.4,51.7,56.4,54.8,52.7,56.6,54.5,55.3,61.3,63.4,28.4,32.1,33.7,33.6,51,49,25,-1.5,0.0,0.0,6,6,4,0,26,27,27,63,96,96,32,32,300,0,0,0,0,0,0,0,0,0
13.47,254.02,0.23,0.32,0.27,11.04,10.52,12.78,13.4,-18.6,-0.14,-0.02,176.7,8.2,220,1,1,782,658,911,-5,802,13.48,859.9,588,34.3,35.2,0,2.4,2067.6,0,16.83,21.8,54.5,50.8,55.5,53.8,51.8,55.7,54.2,54.8,61.1,63.2,28.2,32.1,33.3,33.5,46,44,25,-0.2,0.0,-0.3,6,6,4,0,26,27,27,63,96,96,32,32,300,0,0,0,0,0,0,0,0,0
13.73,157.0,0.23,0.32,0.27,11.4,11.16,12.08,13.68,-16.7,0.04,0.0,176.6,7.5,219,1,1,887,657,1033,0,893,13.74,937.7,637,34.2,35.2,0,2.4,2067.6,0,16.83,21.8,54.5,50.8,55.5,53.8,51.8,55.7,54.1,54.8,61.1,63.2,28.2,32.1,33.3,33.5,47,45,25,0.0,0.0,0.0,6,6,4,0,26,27,27,63,96,96,32,32,300,0,0,0,0,0,0,0,0,0
17.26,78.01,2.24,2.31,2.25,14.38,16.08,13.14,17.21,9.9,0.04,-0.01,175.3,8.4,202,1,1,1352,660,1568,23,1957,17.28,1688.1,1152,33.1,34.1,0,2.4,2067.6,0,16.83,21.8,53.9,50.2,54.8,53.2,51.1,55.0,53.9,54.6,61.2,63.3,28.2,32.1,33.7,33.6,52,43,25,1.3,-0.7,0.0,6,6,4,0,26,27,27,63,95,95,32,32,300,0,0,0,0,0,0,0,0,0
14.61,301.0,0.23,0.33,0.28,11.02,12.0,14.8,14.5,-14.4,0.03,0.05,176.7,8.9,215,1,1,1289,657,1493,-5,1212,14.64,1202.9,808,34.0,35.2,0,2.4,2067.6,0,16.83,21.8,54.5,50.8,55.5,53.8,51.7,55.6,54.0,54.7,61.1,63.2,28.2,32.1,33.3,33.5,52,50,25,0.0,0.0,0.0,6,6,4,0,26,27,27,63,96,96,32,32,300,0,0,0,0,0,0,0,0,0
16.83,20.02,1.11,1.17,1.17,8.04,14.26,6.22,16.72,8.4,0.11,0.02,175.6,9.7,201,1,1,1445,660,1686,3,1918,16.8,1708.7,1169,33.8,35.4,0,2.4,2067.6,0,16.83,21.4,55.0,51.3,56.0,54.4,52.3,56.2,54.2,55.0,61.3,63.3,28.4,32.1,33.6,33.6,57,53,25,15.4,26.0,10.1,6,6,4,0,26,27,27,63,96,96,32,32,300,0,0,0,0,0,0,0,0,0
16.71,140.0,0.5,0.58,0.55,7.74,3.86,7.22,16.69,7.1,0.1,-0.01,175.4,9.7,201,1,1,1508,660,1764,-11,1807,16.68,1661.2,1141,33.2,34.6,0,2.4,2067.6,0,16.83,21.7,54.0,50.3,55.0,53.3,51.3,55.1,53.9,54.6,61.2,63.3,28.4,32.1,33.6,33.6,56,51,25,69.9,34.8,65.8,6,6,4,0,26,27,27,63,95,96,32,32,300,0,0,0,0,0,0,0,0,0
16.02,334.01,0.26,0.32,0.34,10.94,15.48,12.96,15.9,1.5,0.07,0.02,175.5,11.3,202,1,1,1563,661,1835,-2,1645,16.0,1532.4,1046,33.8,35.3,0,2.4,2067.6,0,16.83,21.4,54.8,51.1,55.9,54.2,52.2,56.0,54.1,55.0,61.3,63.3,28.4,32.1,33.6,33.6,58,54,25,0.5,1.0,-0.9,6,6,4,0,26,27,27,63,96,96,32,32,300,0,0,0,0,0,0,0,0,0
16.64,154.01,0.55,0.58,0.6,11.38,6.46,11.22,16.6,2.0,0.07,-0.05,175.3,10.0,201,1,1,1598,660,1865,8,1824,16.6,1661.8,1137,33.2,34.4,0,2.4,2067.6,0,16.83,21.7,54.1,50.4,55.1,53.4,51.4,55.3,53.9,54.6,61.2,63.3,28.4,32.1,33.7,33.6,56,51,25,17.2,9.0,17.2,6,6,4,0,26,27,27,63,96,96,32,32,300,0,0,0,0,0,0,0,0,0
16.95,36.0,1.35,1.41,1.41,8.38,13.84,7.22,16.84,13.7,0.03,-0.11,15.2,8.7,191,1,1,1511,657,1768,-10,1905,16.92,1709.6,1167,32.9,33.9,0,2.4,2067.6,0,16.83,22.0,53.3,49.5,54.2,52.5,50.5,54.4,53.6,54.0,61.0,63.1,28.2,31.9,33.3,33.3,54,51,25,25.3,38.8,20.1,6,6,4,1,26,27,27,63,95,95,31,31,300,0,0,0,0,0,0,0,0,0
15.9,159.01,0.26,0.33,0.3,14.72,10.66,16.54,15.83,12.0,-0.1,-0.07,174.8,10.4,198,1,1,1257,660,1467,-4,1585,15.86,1488.7,1021,34.2,35.3,0,2.4,2067.6,0,16.83,21.5,55.5,51.8,56.5,54.8,52.8,56.7,54.7,55.6,61.3,63.4,28.4,32.2,33.8,33.6,53,49,25,0.7,-0.2,6.3,6,6,4,0,26,27,27,63,96,96,32,32,300,0,0,0,0,0,0,0,0,0
14.84,47.02,0.25,0.33,0.3,11.58,13.76,10.82,14.73,8.7,0.06,0.14,175.9,8.9,202,1,1,1324,660,1553,-7,1281,14.84,1246.8,844,34.2,35.5,0,2.4,2067.6,0,16.83,21.5,55.4,51.7,56.3,54.7,52.7,56.5,54.5,55.3,61.3,63.4,28.4,32.1,33.7,33.6,54,52,25,1.3,-0.3,-0.2,6,6,4,0,26,27,27,63,96,96,32,32,300,0,0,0,0,0,0,0,0,0
16.17,96.01,0.24,0.33,0.27,15.36,15.04,14.2,16.1,-5.2,0.03,-0.05,177.4,9.7,197,1,1,1392,661,1624,0,1677,16.14,1551.4,1061,33.5,34.6,0,2.4,2067.6,0,16.83,21.8,53.7,50.0,54.7,53.1,51.0,54.9,53.6,54.3,61.0,63.2,28.2,31.9,33.3,33.5,54,51,25,0.3,-2.3,0.0,6,6,4,0,26,27,27,63,95,95,31,31,300,0,0,0,0,0,0,0,0,0
16.32,223.99,0.24,0.33,0.28,13.22,12.8,18.86,16.26,-3.9,-0.01,0.0,177.4,9.8,198,1,1,1407,660,1642,0,1743,16.32,1604.4,1094,33.5,34.8,0,2.4,2067.6,0,16.83,21.8,53.8,50.1,54.8,53.1,51.0,54.9,53.6,54.3,61.0,63.1,28.2,31.9,33.4,33.5,55,51,25,-1.2,0.3,1.3,6,6,4,0,26,27,27,63,95,95,31,31,300,0,0,0,0,0,0,0,0,0
15.19,307.01,0.23,0.33,0.28,10.52,12.24,15.06,15.05,-12.6,0.02,0.01,176.7,9.0,214,1,1,1343,657,1568,0,1449,15.2,1362.3,921,34.2,35.3,0,2.4,2067.6,0,16.83,21.8,54.5,50.8,55.4,53.8,51.7,55.6,54.0,54.8,61.1,63.2,28.2,32.1,33.3,33.5,54,50,25,0.2,1.1,-0.7,6,6,4,0,26,27,27,63,96,96,32,32,300,0,0,0,0,0,0,0,0,0
15.8,68.0,0.24,0.33,0.27,14.06,15.44,13.92,15.71,-15.1,-0.02,0.01,176.5,9.1,212,1,1,1377,656,1605,9,1586,15.78,1483.7,1012,34.1,35.1,0,2.4,2067.6,0,16.83,21.9,54.4,50.7,55.4,53.7,51.6,55.5,53.9,54.7,61.1,63.2,28.2,32.1,33.3,33.5,54,49,25,1.0,-1.3,-0.3,6,6,4,0,26,27,27,63,96,96,32,32,300,0,0,0,0,0,0,0,0,0
15.8,144.0,0.24,0.33,0.27,15.38,11.74,13.2,15.8,-11.5,0.0,0.01,176.5,9.5,211,1,1,1302,657,1507,9,1609,15.78,1488.0,1016,33.9,35.0,0,2.4,2067.6,0,16.83,21.9,54.4,50.7,55.4,53.7,51.6,55.5,53.9,54.7,61.1,63.2,28.2,32.1,33.3,33.5,54,49,25,0.3,-0.8,1.2,6,6,4,0,26,27,27,63,95,96,32,32,300,0,0,0,0,0,0,0,0,0
16.29,194.0,0.26,0.32,0.35,13.6,11.88,17.44,16.24,6.2,0.0,-0.08,175.4,9.0,202,1,1,1460,661,1713,-7,1691,16.26,1578.7,1080,34.0,35.6,0,2.4,2067.6,0,16.83,21.4,54.9,51.2,55.9,54.3,52.2,56.1,54.1,55.0,61.3,63.3,28.4,32.1,33.6,33.6,57,54,25,-1.2,0.0,3.9,6,6,4,0,26,27,27,63,96,96,32,32,300,0,0,0,0,0,0,0,0,0
15.89,86.0,0.26,0.33,0.3,14.42,13.42,12.02,15.83,13.2,0.11,-0.06,175.8,9.1,197,1,1,1195,660,1386,14,1644,15.88,1506.1,1031,34.3,35.4,0,2.4,2067.6,0,16.83,21.5,55.4,51.7,56.4,54.8,52.8,56.6,54.6,55.4,61.3,63.4,28.4,32.1,33.7,33.6,53,47,25,1.3,-0.9,0.8,6,6,4,0,26,27,27,63,96,96,32,32,300,0,0,0,0,0,0,0,0,0
15.38,209.99,0.26,0.33,0.3,12.96,11.76,17.08,15.35,7.6,0.1,-0.07,175.7,7.9,198,1,1,1397,660,1639,2,1473,15.4,1395.7,946,34.3,35.5,0,2.4,2067.6,0,16.83,21.5,55.4,51.7,56.4,54.8,52.8,56.6,54.7,55.4,61.3,63.4,28.4,32.2,33.7,33.6,54,48,25,-1.4,0.0,0.0,6,6,4,0,26,27,27,63,96,96,32,32,300,0,0,0,0,0,0,0,0,0
15.9,344.02,0.23,0.33,0.28,12.16,16.78,15.26,15.73,4.9,0.1,0.02,178.4,8.6,195,1,1,1444,660,1689,-5,1634,15.86,1509.6,1030,33.1,34.4,0,2.4,2067.6,0,16.83,21.8,53.6,49.8,54.5,52.9,50.8,54.7,53.5,54.1,61.0,63.1,28.2,31.9,33.3,33.5,55,52,25,0.0,0.0,-2.0,6,6,4,0,26,27,27,63,95,95,31,31,300,0,0,0,0,0,0,0,0,0
14.95,94.0,0.24,0.33,0.27,13.24,12.2,12.08,14.89,10.3,-0.02,0.06,176.5,7.3,204,1,1,968,659,1126,0,1035,14.94,1018.0,695,33.3,34.0,0,2.4,2067.6,0,16.83,21.8,54.1,50.3,55.0,53.4,51.3,55.2,54.2,54.6,61.2,63.2,28.3,32.1,33.6,33.5,45,42,25,1.7,0.0,0.8,6,6,4,0,26,27,27,63,95,95,32,32,300,0,0,0,0,0,0,0,0,0
15.93,281.99,0.23,0.31,0.28,8.94,14.76,16.46,15.82,-1.4,-0.07,0.11,175.7,8.9,204,1,1,1637,661,1912,6,1686,15.96,1546.0,1048,34.0,35.2,0,2.4,2067.6,0,16.83,21.4,55.1,51.4,56.1,54.5,52.4,56.3,54.2,55.0,61.3,63.3,28.4,32.1,33.6,33.6,58,53,25,2.2,4.9,3.3,6,6,4,0,26,27,27,63,96,96,32,32,300,0,0,0,0,0,0,0,0,0
14.27,331.99,0.23,0.33,0.27,10.3,11.52,12.8,14.1,-9.2,0.02,0.04,176.6,8.9,216,1,1,973,657,1129,-5,1051,14.26,1068.5,730,34.3,35.4,0,2.4,2067.6,0,16.83,21.8,54.5,50.8,55.5,53.9,51.8,55.7,54.1,54.7,61.2,63.2,28.2,32.1,33.3,33.5,49,47,25,0.0,0.0,-0.3,6,6,4,0,26,27,27,63,95,96,32,32,300,0,0,0,0,0,0,0,0,0
15.3,259.99,0.23,0.32,0.28,12.3,12.66,16.56,15.2,2.8,-0.04,-0.01,176.6,8.0,206,1,1,890,658,1039,0,1080,15.32,1053.3,723,33.5,34.2,0,2.4,2067.6,0,16.83,21.8,54.2,50.4,55.0,53.4,51.4,55.3,54.2,54.8,61.2,63.2,28.3,32.1,33.5,33.5,45,41,25,-1.4,0.0,-0.7,6,6,4,0,26,27,27,63,95,95,32,32,300,0,0,0,0,0,0,0,0,0
14.81,254.99,0.24,0.32,0.28,11.24,11.4,16.0,14.71,7.9,0.05,0.0,176.5,7.9,210,1,1,705,658,817,2,990,14.8,988.0,676,33.7,34.4,0,2.4,2067.6,0,16.83,21.8,54.3,50.6,55.2,53.6,51.6,55.4,54.2,54.8,61.2,63.2,28.2,32.1,33.5,33.5,43,40,25,-0.2,0.0,-0.4,6,6,4,0,26,27,27,63,95,95,32,32,300,0,0,0,0,0,0,0,0,0
16.05,200.99,0.41,0.5,0.44,13.48,12.12,15.82,15.99,13.3,0.0,0.01,15.3,8.2,213,1,1,1388,655,1609,-10,1430,16.02,1336.9,912,32.9,33.8,0,2.4,2067.6,0,16.83,22.1,53.1,49.3,54.0,52.4,50.3,54.2,53.7,54.3,61.0,63.1,28.2,31.9,33.4,33.3,49,44,25,-1.2,0.0,0.7,6,6,4,1,26,27,27,63,95,95,31,31,300,0,0,0,0,0,0,0,0,0
14.65,209.02,0.25,0.33,0.3,11.82,11.74,15.96,14.59,8.0,0.05,-0.05,175.9,9.5,201,1,1,1105,660,1285,-5,1166,14.62,1159.6,792,34.2,35.4,0,2.4,2067.6,0,16.83,21.6,55.4,51.7,56.5,54.8,52.7,56.6,54.5,55.5,61.3,63.4,28.4,32.1,33.7,33.6,52,51,25,-1.6,0.0,0.4,6,6,4,0,26,27,27,63,96,96,32,32,300,0,0,0,0,0,0,0,0,0
16.55,266.0,1.7,1.8,1.75,18.76,23.48,23.44,16.48,6.4,0.07,0.02,175.6,8.8,202,1,1,1684,660,1967,0,1904,16.58,1719.8,1175,33.2,34.4,0,2.4,2067.6,0,16.83,21.8,53.9,50.2,54.8,53.2,51.1,55.0,53.9,54.6,61.2,63.3,28.3,32.1,33.7,33.6,54,46,25,-122.7,-148.0,-153.7,6,6,4,0,26,27,27,63,95,95,32,32,300,0,0,0,0,0,0,0,0,0
15.59,177.98,0.24,0.33,0.28,14.76,11.42,16.72,15.52,-7.3,0.01,-0.03,176.7,9.7,201,1,1,1471,661,1713,3,1529,15.54,1449.2,979,34.0,35.2,0,2.4,2067.6,0,16.83,21.8,54.1,50.4,55.1,53.4,51.3,55.2,53.7,54.4,61.1,63.2,28.2,32.0,33.3,33.5,55,51,25,0.0,-0.3,1.1,6,6,4,0,26,27,27,63,96,96,32,32,300,0,0,0,0,0,0,0,0,0
15.7,1.01,0.24,0.33,0.28,11.16,15.2,14.3,15.58,-6.2,-0.02,0.06,176.6,8.8,211,1,1,1418,657,1652,6,1566,15.7,1465.9,999,33.9,35.1,0,2.4,2067.6,0,16.83,21.9,54.4,50.7,55.4,53.7,51.6,55.5,53.9,54.7,61.1,63.2,28.2,32.1,33.3,33.5,54,49,25,0.2,0.3,-1.3,6,6,4,0,26,27,27,63,96,96,32,32,300,0,0,0,0,0,0,0,0,0
15.96,250.99,0.41,0.5,0.44,11.72,13.72,15.86,15.86,26.4,0.05,-0.02,20.0,8.4,216,1,1,1415,656,1646,17,1494,15.96,1347.0,908,33.0,33.6,0,2.4,2067.6,0,16.83,22.2,53.1,49.3,54.0,52.4,50.3,54.2,53.7,54.4,61.0,63.1,28.2,31.9,33.4,33.3,49,42,25,-0.8,2.4,0.0,6,6,4,1,26,27,27,63,95,95,31,31,300,0,0,0,0,0,0,0,0,0
15.96,85.0,0.24,0.33,0.27,15.78,15.3,14.56,15.87,7.0,-0.04,0.13,176.7,8.0,198,1,1,1507,661,1768,0,1626,15.92,1517.2,1038,33.4,34.7,0,2.4,2067.6,0,16.83,21.8,54.0,50.2,54.9,53.3,51.2,55.1,53.6,54.4,61.1,63.2,28.2,32.0,33.3,33.5,56,51,25,0.0,-2.7,-1.0,6,6,4,0,26,27,27,63,96,96,32,32,300,0,0,0,0,0,0,0,0,0
16.78,168.01,0.88,0.94,0.96,9.34,5.88,14.06,16.74,6.5,-0.12,-0.04,175.4,9.1,201,1,1,1427,660,1658,0,1848,16.78,1683.9,1154,34.0,35.4,0,2.4,2067.6,0,16.83,21.4,55.0,51.3,56.0,54.3,52.3,56.1,54.2,55.0,61.3,63.3,28.4,32.1,33.6,33.6,57,53,25,65.9,42.7,112.0,6,6,4,0,26,27,27,63,96,96,32,32,300,0,0,0,0,0,0,0,0,0
14.93,344.99,0.23,0.33,0.27,11.88,14.16,13.58,14.81,10.3,-0.09,-0.01,176.7,7.5,206,1,1,881,658,1024,0,1029,14.9,1006.2,688,33.7,34.3,0,2.4,2067.6,0,16.83,21.8,54.2,50.5,55.1,53.6,51.5,55.3,54.2,54.8,61.2,63.2,28.3,32.1,33.5,33.5,44,41,25,-0.3,0.0,-2.1,6,6,4,0,26,27,27,63,95,95,32,32,300,0,0,0,0,0,0,0,0,0
15.51,267.98,0.24,0.33,0.28,11.1,12.4,15.7,15.38,16.1,0.05,0.05,176.3,7.0,200,1,1,868,659,1014,0,1124,15.5,1074.6,738,33.4,34.0,0,2.4,2067.6,0,16.83,21.9,53.9,50.3,54.9,53.3,51.2,55.1,54.1,54.6,61.2,63.3,28.3,32.1,33.6,33.6,45,42,25,-0.2,0.6,0.0,6,6,4,0,26,27,27,63,95,95,32,32,300,0,0,0,0,0,0,0,0,0
17.08,132.01,3.06,3.12,3.07,22.52,17.7,22.02,17.09,5.2,0.01,0.0,175.1,9.0,203,1,1,1662,661,1930,17,1967,17.1,1688.9,1157,33.1,34.0,0,2.4,2067.6,0,16.83,21.8,53.8,50.2,54.8,53.2,51.1,55.0,53.9,54.6,61.2,63.3,28.3,32.1,33.7,33.6,54,46,25,-78.1,-61.8,-69.0,6,6,4,0,26,27,27,63,95,95,32,32,300,0,0,0,0,0,0,0,0,0
16.22,24.98,0.24,0.33,0.27,13.76,16.9,14.5,16.16,3.3,0.01,-0.02,177.1,9.4,198,1,1,1496,661,1741,3,1743,16.22,1598.9,1089,33.6,34.6,0,2.4,2067.6,0,16.83,21.8,53.9,50.2,54.9,53.2,51.1,55.0,53.6,54.4,61.0,63.2,28.2,31.9,33.3,33.5,56,51,25,0.6,-0.4,-1.6,6,6,4,0,26,27,27,63,95,96,31,31,300,0,0,0,0,0,0,0,0,0
15.9,227.02,0.24,0.33,0.28,12.34,11.58,17.1,15.86,2.0,-0.06,0.0,178.8,8.9,195,1,1,1549,660,1798,-2,1606,15.9,1513.4,1032,33.0,34.5,0,2.4,2067.6,0,16.83,21.8,53.5,49.8,54.5,52.8,50.7,54.6,53.5,54.2,61.0,63.1,28.2,31.9,33.3,33.5,56,52,25,-0.8,0.3,1.5,6,6,4,0,26,27,27,63,95,95,31,31,300,0,0,0,0,0,0,0,0,0
14.97,348.01,0.24,0.33,0.27,11.04,12.42,12.38,14.79,11.5,-0.02,-0.02,176.4,8.8,203,1,1,879,660,1025,-2,1026,14.94,1008.0,688,33.5,34.2,0,2.4,2067.6,0,16.83,21.9,54.0,50.3,54.9,53.3,51.2,55.1,54.1,54.6,61.2,63.3,28.4,32.1,33.6,33.6,45,42,25,1.2,0.8,0.0,6,6,4,0,26,27,27,63,95,95,32,32,300,0,0,0,0,0,0,0,0,0
14.48,357.98,0.23,0.33,0.27,10.72,13.54,13.2,14.3,5.0,0.07,-0.03,176.4,8.2,213,1,1,646,658,752,2,868,14.42,921.2,634,34.2,34.7,0,2.4,2067.6,0,16.83,21.8,54.4,50.6,55.2,53.7,51.6,55.4,54.2,54.8,61.2,63.2,28.2,32.1,33.5,33.5,43,40,25,0.0,0.0,-0.3,6,6,4,0,26,27,27,63,95,95,32,32,300,0,0,0,0,0,0,0,0,0
15.98,141.98,0.26,0.32,0.34,15.92,12.06,14.86,15.93,3.3,-0.05,-0.06,175.2,8.2,202,1,1,1581,661,1851,0,1661,15.96,1528.8,1045,33.7,35.1,0,2.4,2067.6,0,16.83,21.4,54.8,51.1,55.8,54.2,52.1,56.0,54.1,54.9,61.3,63.3,28.4,32.1,33.6,33.6,58,54,25,-0.7,-1.1,1.3,6,6,4,0,26,27,27,63,96,96,32,32,300,0,0,0,0,0,0,0,0,0
13.88,18.0,0.23,0.33,0.27,10.58,12.82,12.06,13.73,4.0,0.07,-0.01,176.4,8.0,214,1,1,615,658,718,0,793,13.86,855.3,586,34.0,34.6,0,2.4,2067.6,0,16.83,21.8,54.4,50.7,55.3,53.7,51.6,55.5,54.2,55.0,61.1,63.2,28.2,32.1,33.4,33.5,43,41,25,0.0,-0.3,-0.3,6,6,4,0,26,27,27,63,95,95,32,32,300,0,0,0,0,0,0,0,0,0
15.89,41.0,0.24,0.33,0.27,15.4,15.7,13.46,15.76,4.0,0.01,-0.01,175.8,7.2,201,1,1,956,659,1113,3,1372,15.86,1273.1,868,33.4,34.1,0,2.4,2067.6,0,16.83,21.9,53.9,50.2,54.9,53.2,51.2,55.1,54.1,54.7,61.2,63.3,28.4,32.1,33.6,33.5,46,42,25,1.8,-1.4,-1.2,6,6,4,0,26,27,27,63,95,95,32,32,300,0,0,0,0,0,0,0,0,0
14.6,306.0,0.25,0.33,0.3,9.66,13.54,12.96,14.47,8.6,0.01,-0.05,176.0,7.2,201,1,1,1150,660,1340,-7,1200,14.62,1178.2,800,34.5,35.5,0,2.4,2067.6,0,16.83,21.6,55.4,51.7,56.4,54.8,52.7,56.6,54.5,55.3,61.3,63.4,28.4,32.1,33.7,33.6,52,51,25,0.0,2.1,-0.9,6,6,4,0,26,27,27,63,96,96,32,32,300,0,0,0,0,0,0,0,0,0
15.69,267.98,0.23,0.33,0.28,10.72,12.88,17.54,15.52,-6.7,-0.03,0.0,175.4,9.1,205,1,1,1106,660,1296,-10,1131,15.64,1093.5,760,33.3,34.3,0,2.4,2067.6,0,16.83,21.9,53.9,50.2,54.8,53.2,51.1,55.0,54.0,54.5,61.2,63.3,28.3,32.1,33.7,33.6,46,44,25,-1.0,0.9,-1.2,6,6,4,0,26,27,27,63,95,95,32,32,300,0,0,0,0,0,0,0,0,0
15.93,58.0,0.24,0.33,0.27,13.42,15.36,13.12,15.83,4.0,0.1,-0.04,178.7,8.5,195,1,1,1509,661,1767,-5,1610,15.92,1512.8,1033,33.1,34.5,0,2.4,2067.6,0,16.83,21.8,53.5,49.8,54.5,52.9,50.7,54.6,53.5,54.3,61.0,63.1,28.2,31.9,33.3,33.5,56,52,25,1.2,-0.3,0.0,6,6,4,0,26,27,27,63,95,95,31,31,300,0,0,0,0,0,0,0,0,0
13.26,294.98,0.23,0.32,0.27,10.06,10.18,12.04,13.13,-15.7,0.05,0.02,176.6,7.7,220,1,1,739,658,855,-4,757,13.28,814.5,554,33.9,34.6,0,2.4,2067.6,0,16.83,21.8,54.5,50.8,55.4,53.8,51.7,55.6,54.2,54.7,61.1,63.2,28.2,32.1,33.3,33.5,45,43,25,-0.2,0.0,-0.3,6,6,4,0,26,27,27,63,95,95,32,32,300,0,0,0,0,0,0,0,0,0
15.28,168.01,0.24,0.33,0.27,12.34,10.52,14.18,15.22,3.5,0.02,-0.01,176.5,8.0,206,1,1,894,658,1037,0,1087,15.26,1047.3,717,33.7,34.3,0,2.4,2067.6,0,16.83,21.8,54.1,50.4,55.0,53.4,51.4,55.3,54.2,54.7,61.2,63.2,28.3,32.1,33.5,33.5,45,41,25,0.3,0.0,1.9,6,6,4,0,26,27,27,63,95,95,32,32,300,0,0,0,0,0,0,0,0,0
16.65,78.98,1.03,1.09,1.1,24.16,19.0,18.58,16.58,5.4,0.12,0.1,15.3,10.2,192,1,1,1438,658,1673,-5,1929,16.64,1698.0,1157,33.1,34.5,0,2.4,2067.6,0,16.83,22.0,53.3,49.6,54.3,52.6,50.5,54.4,53.5,54.1,61.0,63.1,28.2,31.9,33.3,33.3,54,51,25,-222.4,-183.3,-169.4,6,6,4,1,26,27,27,63,95,95,31,31,300,0,0,0,0,0,0,0,0,0
15.94,349.99,0.25,0.33,0.3,11.22,16.1,11.94,15.81,12.6,0.08,0.09,175.1,9.6,197,1,1,1229,660,1440,-4,1592,15.88,1509.6,1031,34.5,35.7,0,2.4,2067.6,0,16.83,21.5,55.5,51.8,56.5,54.8,52.8,56.7,54.7,55.5,61.3,63.4,28.4,32.2,33.8,33.6,54,49,25,0.2,0.7,-1.3,6,6,4,0,26,27,27,63,96,96,32,32,300,0,0,0,0,0,0,0,0,0
15.56,272.02,0.23,0.33,0.28,11.06,14.12,17.28,15.42,-6.1,-0.05,0.06,176.8,8.8,202,1,1,1481,661,1735,3,1542,15.54,1435.6,972,33.9,35.1,0,2.4,2067.6,0,16.83,21.8,54.1,50.4,55.1,53.5,51.3,55.2,53.7,54.4,61.1,63.2,28.2,32.0,33.3,33.5,55,51,25,-0.2,2.8,0.8,6,6,4,0,26,27,27,63,96,96,32,32,300,0,0,0,0,0,0,0,0,0
16.88,213.01,1.44,1.46,1.49,13.88,13.54,18.84,16.84,12.7,-0.13,-0.1,175.7,9.3,199,1,1,1581,659,1848,0,1929,16.9,1709.9,1168,33.3,34.7,0,2.4,2067.6,0,16.83,21.7,54.4,50.6,55.3,53.7,51.7,55.6,53.9,54.6,61.2,63.3,28.4,32.1,33.6,33.6,58,53,25,-1.9,0.3,1.3,6,6,4,0,26,27,27,63,96,96,32,32,300,0,0,0,0,0,0,0,0,0
15.51,212.0,0.26,0.33,0.3,11.74,11.26,16.36,15.45,6.0,-0.07,-0.08,175.6,8.2,203,1,1,1398,661,1639,-2,1553,15.5,1435.3,974,34.2,35.4,0,2.4,2067.6,0,16.83,21.5,55.3,51.6,56.3,54.7,52.6,56.5,54.4,55.2,61.3,63.4,28.4,32.1,33.7,33.6,56,52,25,-0.8,0.5,1.8,6,6,4,0,26,27,27,63,96,96,32,32,300,0,0,0,0,0,0,0,0,0
15.31,27.0,0.25,0.33,0.3,12.0,14.48,10.94,15.22,14.3,0.08,-0.07,175.9,10.2,199,1,1,1037,659,1210,-4,1298,15.28,1295.7,897,34.2,35.4,0,2.4,2067.6,0,16.83,21.6,55.4,51.7,56.4,54.8,52.8,56.6,54.6,55.4,61.3,63.4,28.4,32.2,33.7,33.6,51,49,25,1.9,1.6,0.0,6,6,4,0,26,27,27,63,96,96,32,32,300,0,0,0,0,0,0,0,0,0
16.02,128.02,0.26,0.33,0.3,15.66,11.96,14.36,15.98,3.4,0.02,-0.05,175.1,10.6,202,1,1,1566,661,1831,-10,1646,16.0,1532.0,1047,34.2,35.6,0,2.4,2067.6,0,16.83,21.4,55.1,51.4,56.2,54.5,52.5,56.3,54.3,55.1,61.3,63.3,28.4,32.1,33.6,33.6,57,54,25,0.3,-1.6,1.9,6,6,4,0,26,27,27,63,96,96,32,32,300,0,0,0,0,0,0,0,0,0
13.53,173.02,0.23,0.32,0.27,10.52,10.64,11.96,13.47,-17.7,0.04,0.06,176.6,8.9,219,1,1,800,658,932,-5,808,13.5,865.9,592,34.2,35.1,0,2.4,2067.6,0,16.83,21.8,54.5,50.8,55.5,53.8,51.8,55.7,54.2,54.8,61.1,63.2,28.2,32.1,33.3,33.5,46,44,25,0.2,0.0,0.5,6,6,4,0,26,27,27,63,96,96,32,32,300,0,0,0,0,0,0,0,0,0
16.5,18.0,0.36,0.41,0.44,18.9,20.72,15.02,16.41,14.2,0.07,0.04,175.3,8.4,199,1,1,1476,660,1722,2,1858,16.5,1646.9,1123,32.9,34.3,0,2.4,2067.6,0,16.83,21.7,54.1,50.4,55.0,53.4,51.4,55.2,53.9,54.6,61.2,63.3,28.4,32.1,33.6,33.6,56,52,25,-45.0,-65.9,-37.7,6,6,4,0,26,27,27,63,96,96,32,32,300,0,0,0,0,0,0,0,0,0
15.96,348.98,0.24,0.33,0.28,11.08,16.3,13.78,15.82,7.1,0.02,0.04,176.8,8.0,198,1,1,1513,661,1770,0,1635,15.94,1517.4,1038,33.7,34.9,0,2.4,2067.6,0,16.83,21.8,54.0,50.2,54.9,53.3,51.2,55.1,53.7,54.4,61.1,63.2,28.2,32.0,33.3,33.5,56,51,25,1.0,1.8,-1.8,6,6,4,0,26,27,27,63,96,96,32,32,300,0,0,0,0,0,0,0,0,0
14.82,100.01,0.24,0.33,0.27,12.52,12.58,13.1,14.75,4.5,-0.04,-0.04,176.4,7.1,205,1,1,945,659,1101,-2,1018,14.78,999.9,681,33.5,34.3,0,2.4,2067.6,0,16.83,21.8,54.0,50.3,55.0,53.4,51.3,55.2,54.1,54.8,61.2,63.2,28.3,32.1,33.6,33.5,45,42,25,0.6,-0.6,0.6,6,6,4,0,26,27,27,63,95,95,32,32,300,0,0,0,0,0,0,0,0,0
16.42,159.01,0.37,0.44,0.48,21.38,16.44,23.42,16.36,-0.9,-0.04,-0.11,175.5,8.1,202,1,1,1533,661,1789,5,1855,16.38,1648.9,1119,34.0,35.2,0,2.4,2067.6,0,16.83,21.4,55.0,51.3,56.1,54.4,52.4,56.2,54.2,55.0,61.3,63.3,28.4,32.1,33.6,33.6,58,53,25,-174.0,-130.1,-176.5,6,6,4,0,26,27,27,63,96,96,32,32,300,0,0,0,0,0,0,0,0,0
15.66,95.0,0.24,0.33,0.27,14.52,12.86,13.84,15.55,10.8,0.02,-0.01,175.7,8.9,201,1,1,876,659,1017,0,1142,15.64,1116.5,771,33.2,33.8,0,2.4,2067.6,0,16.83,21.9,54.0,50.3,54.9,53.3,51.2,55.1,54.1,54.7,61.2,63.3,28.3,32.1,33.6,33.6,45,42,25,0.3,-2.0,0.0,6,6,4,0,26,27,27,63,95,95,32,32,300,0,0,0,0,0,0,0,0,0
16.47,51.01,0.27,0.35,0.35,17.66,18.38,12.76,16.34,9.6,0.06,0.0,139.2,9.3,193,1,1,1671,659,1946,8,1812,16.44,1630.6,1115,33.2,34.6,0,2.4,2067.6,0,16.83,21.9,53.4,49.6,54.4,52.7,50.6,54.5,53.6,54.3,61.0,63.1,28.2,31.9,33.3,33.4,56,50,25,-2.0,-4.5,-2.8,6,6,4,0,26,27,27,63,95,95,31,31,300,0,0,0,0,0,0,0,0,0
16.56,315.0,0.38,0.43,0.45,6.24,14.46,8.34,16.4,7.3,-0.08,0.01,175.2,8.9,200,1,1,1539,660,1796,8,1810,16.56,1649.4,1127,33.1,34.5,0,2.4,2067.6,0,16.83,21.7,54.1,50.4,55.0,53.4,51.4,55.2,53.9,54.6,61.2,63.3,28.4,32.1,33.7,33.6,56,51,25,17.2,42.4,14.8,6,6,4,0,26,27,27,63,96,96,32,32,300,0,0,0,0,0,0,0,0,0
16.29,292.0,0.23,0.33,0.28,11.78,16.42,18.7,16.13,-5.2,-0.02,0.05,175.7,9.3,206,1,1,979,659,1143,-7,1403,16.24,1367.2,950,33.0,33.8,0,2.4,2067.6,0,16.83,21.9,53.9,50.2,54.8,53.2,51.1,55.0,54.0,54.7,61.2,63.3,28.2,32.1,33.7,33.6,46,44,25,-0.8,1.5,-0.4,6,6,4,0,26,27,27,63,95,95,32,32,300,0,0,0,0,0,0,0,0,0
15.89,5.0,0.23,0.33,0.27,12.44,16.4,14.92,15.73,-10.1,0.09,0.03,176.6,10.7,208,1,1,1218,657,1413,-2,1548,15.86,1470.0,1013,34.3,35.4,0,2.4,2067.6,0,16.83,22.0,54.4,50.6,55.3,53.7,51.6,55.4,53.9,54.6,61.1,63.2,28.2,32.0,33.3,33.5,53,49,25,0.0,0.0,-1.7,6,6,4,0,26,27,27,63,95,96,32,32,300,0,0,0,0,0,0,0,0,0
13.47,254.99,0.23,0.32,0.27,9.18,9.46,11.14,13.35,-1.0,0.09,-0.09,176.3,7.0,217,1,1,634,658,734,-2,730,13.46,817.6,558,34.1,34.8,0,2.4,2067.6,0,16.83,21.8,54.4,50.7,55.4,53.8,51.7,55.6,54.2,54.9,61.1,63.2,28.2,32.1,33.4,33.5,43,41,25,0.2,0.4,-0.5,6,6,4,0,26,27,27,63,95,95,32,32,300,0,0,0,0,0,0,0,0,0
14.9,347.0,0.23,0.33,0.27,9.74,13.96,12.92,14.76,10.4,0.09,0.03,176.6,7.0,207,1,1,852,658,993,3,1026,14.88,1004.5,686,34.0,34.5,0,2.4,2067.6,0,16.83,21.8,54.3,50.5,55.1,53.6,51.5,55.3,54.2,54.8,61.2,63.2,28.3,32.1,33.5,33.5,44,40,25,0.0,2.8,-0.6,6,6,4,0,26,27,27,63,95,95,32,32,300,0,0,0,0,0,0,0,0,0
15.6,119.02,0.26,0.33,0.3,13.78,11.6,13.12,15.55,5.7,-0.03,0.04,175.6,8.6,203,1,1,1403,661,1636,-2,1557,15.58,1461.7,991,34.2,35.6,0,2.4,2067.6,0,16.83,21.5,55.3,51.6,56.3,54.7,52.6,56.5,54.4,55.2,61.3,63.4,28.4,32.1,33.7,33.6,56,52,25,1.3,-0.3,2.4,6,6,4,0,26,27,27,63,96,96,32,32,300,0,0,0,0,0,0,0,0,0
15.94,173.99,0.26,0.33,0.3,15.7,12.52,16.32,15.96,1.2,-0.06,0.05,175.5,11.5,203,1,1,1408,661,1648,0,1626,15.92,1520.8,1040,33.9,35.4,0,2.4,2067.6,0,16.83,21.5,55.2,51.5,56.2,54.6,52.5,56.4,54.3,55.1,61.3,63.4,28.4,32.1,33.7,33.6,56,53,25,-0.7,-0.8,0.4,6,6,4,0,26,27,27,63,96,96,32,32,300,0,0,0,0,0,0,0,0,0
14.58,117.0,0.24,0.32,0.27,11.4,10.84,12.7,14.55,-15.7,0.01,0.06,176.7,9.4,216,1,1,1249,657,1446,-8,1198,14.58,1179.3,793,34.0,35.4,0,2.4,2067.6,0,16.83,21.8,54.5,50.8,55.4,53.8,51.7,55.6,54.0,54.6,61.1,63.2,28.2,32.1,33.3,33.5,52,50,25,0.8,-0.5,0.3,6,6,4,0,26,27,27,63,96,95,32,32,300,0,0,0,0,0,0,0,0,0
15.94,254.99,0.25,0.33,0.31,12.22,13.96,17.42,15.8,13.5,-0.13,0.0,175.8,8.5,197,1,1,1110,660,1284,8,1609,15.92,1519.6,1038,34.5,35.4,0,2.4,2067.6,0,16.83,21.6,55.4,51.8,56.4,54.8,52.8,56.6,54.6,55.5,61.3,63.4,28.4,32.1,33.7,33.6,53,48,25,-0.8,0.7,-1.6,6,6,4,0,26,27,27,63,96,96,32,32,300,0,0,0,0,0,0,0,0,0
13.35,14.0,0.23,0.32,0.27,10.46,10.72,12.08,13.2,-8.0,-0.04,-0.06,176.5,9.1,218,1,1,665,659,770,-4,712,13.3,792.3,544,33.8,34.6,0,2.4,2067.6,0,16.83,21.8,54.5,50.7,55.4,53.8,51.7,55.6,54.2,54.9,61.1,63.2,28.2,32.1,33.4,33.5,44,42,25,0.0,-0.5,-0.5,6,6,4,0,26,27,27,63,95,95,32,32,300,0,0,0,0,0,0,0,0,0
16.0,46.01,0.26,0.32,0.33,14.68,12.8,9.94,15.9,0.8,0.04,-0.04,175.4,7.2,202,1,1,1585,661,1844,0,1685,16.0,1545.5,1048,33.7,35.0,0,2.4,2067.6,0,16.83,21.4,54.8,51.1,55.8,54.2,52.1,56.0,54.1,54.9,61.2,63.3,28.4,32.1,33.6,33.6,58,54,25,3.6,0.3,0.0,6,6,4,0,26,27,27,63,96,96,32,32,300,0,0,0,0,0,0,0,0,0
14.9,69.98,0.24,0.33,0.27,11.64,12.78,12.38,14.78,11.7,0.02,0.01,176.5,6.8,208,1,1,822,658,953,5,1022,14.86,1002.1,684,33.7,34.3,0,2.4,2067.6,0,16.83,21.8,54.3,50.6,55.2,53.6,51.5,55.4,54.2,54.8,61.2,63.2,28.3,32.1,33.5,33.5,44,40,25,0.8,-0.3,0.0,6,6,4,0,26,27,27,63,95,95,32,32,300,0,0,0,0,0,0,0,0,0
16.93,167.0,1.3,1.32,1.37,9.54,7.74,15.12,16.87,9.1,-0.15,0.0,175.8,8.4,200,1,1,1619,659,1878,-2,1929,16.9,1708.2,1168,33.3,34.7,0,2.4,2067.6,0,16.83,21.7,54.4,50.6,55.2,53.6,51.6,55.5,53.9,54.7,61.2,63.3,28.4,32.1,33.6,33.6,57,52,25,5.7,5.0,14.1,6,6,4,0,26,27,27,63,96,96,32,32,300,0,0,0,0,0,0,0,0,0
15.91,100.01,0.24,0.33,0.27,14.72,12.48,12.36,15.86,-10.2,0.01,0.03,176.5,11.0,208,1,1,1205,657,1395,-4,1584,15.92,1490.2,1025,34.1,35.2,0,2.4,2067.6,0,16.83,22.0,54.4,50.6,55.3,53.7,51.6,55.4,53.9,54.6,61.1,63.2,28.2,32.0,33.3,33.5,53,49,25,3.6,0.0,1.1,6,6,4,0,26,27,27,63,95,96,32,32,300,0,0,0,0,0,0,0,0,0
16.64,254.02,0.62,0.67,0.68,6.0,9.72,13.26,16.56,-0.5,0.08,-0.05,175.7,10.7,201,1,1,1612,659,1880,5,1854,16.68,1669.0,1142,33.0,34.5,0,2.4,2067.6,0,16.83,21.7,54.1,50.4,55.1,53.4,51.4,55.3,53.9,54.6,61.2,63.3,28.4,32.1,33.7,33.6,56,51,25,10.3,17.1,22.7,6,6,4,0,26,27,27,63,96,96,32,32,300,0,0,0,0,0,0,0,0,0
15.98,158.0,0.24,0.33,0.28,16.16,13.14,16.9,15.93,4.6,-0.01,0.02,176.8,8.7,198,1,1,1515,661,1773,0,1670,15.94,1536.6,1047,33.7,35.0,0,2.4,2067.6,0,16.83,21.8,53.9,50.2,54.9,53.3,51.1,55.0,53.6,54.3,61.1,63.2,28.2,32.0,33.3,33.5,56,51,25,-0.4,-1.2,2.3,6,6,4,0,26,27,27,63,96,96,32,32,300,0,0,0,0,0,0,0,0,0
16.91,313.99,1.43,1.46,1.49,11.96,17.36,17.2,16.69,11.9,-0.07,0.05,175.9,9.1,199,1,1,1584,659,1845,0,1931,16.9,1709.2,1168,33.2,34.5,0,2.4,2067.6,0,16.83,21.7,54.4,50.6,55.3,53.7,51.7,55.6,53.9,54.6,61.2,63.3,28.4,32.1,33.6,33.6,58,53,25,-1.1,1.2,-1.5,6,6,4,0,26,27,27,63,96,96,32,32,300,0,0,0,0,0,0,0,0,0
14.67,297.0,0.25,0.33,0.3,11.02,13.16,14.52,14.57,13.8,0.01,0.01,175.9,8.7,200,1,1,1089,659,1271,-5,1147,14.68,1167.5,801,34.6,35.7,0,2.4,2067.6,0,16.83,21.6,55.4,51.7,56.4,54.8,52.7,56.6,54.5,55.4,61.3,63.4,28.4,32.2,33.8,33.6,51,51,25,-0.2,0.3,-1.3,6,6,4,0,26,27,27,63,96,96,32,32,300,0,0,0,0,0,0,0,0,0
16.71,124.99,0.94,0.98,1.03,19.68,13.74,18.16,16.7,10.0,-0.02,-0.11,175.6,8.0,199,1,1,1670,661,1945,0,1921,16.72,1695.1,1158,33.4,34.7,0,2.4,2067.6,0,16.83,21.5,54.6,50.8,55.5,53.9,51.8,55.7,54.0,54.7,61.2,63.3,28.4,32.1,33.6,33.6,58,54,25,-9.1,-9.1,-2.9,6,6,4,0,26,27,27,63,96,96,32,32,300,0,0,0,0,0,0,0,0,0
16.03,105.01,0.41,0.5,0.44,14.6,12.54,13.22,15.99,15.8,0.09,0.06,13.7,7.5,215,1,1,1418,656,1645,-7,1410,16.0,1326.2,907,32.8,33.8,0,2.4,2067.6,0,16.83,22.1,53.1,49.3,54.0,52.4,50.3,54.2,53.7,54.3,61.0,63.1,28.2,31.9,33.4,33.3,49,44,25,0.3,-1.9,2.1,6,6,4,1,26,27,27,63,95,95,31,31,300,0,0,0,0,0,0,0,0,0
15.89,218.99,0.24,0.32,0.28,13.52,13.52,18.64,15.82,-14.1,-0.03,-0.06,176.5,10.1,210,1,1,1217,657,1421,5,1621,15.9,1519.3,1036,34.2,35.3,0,2.4,2067.6,0,16.83,21.9,54.4,50.6,55.3,53.7,51.6,55.5,53.9,54.6,61.1,63.2,28.2,32.1,33.3,33.5,54,49,25,-2.7,-0.3,1.2,6,6,4,0,26,27,27,63,95,96,32,32,300,0,0,0,0,0,0,0,0,0
13.6,207.0,0.23,0.32,0.27,11.08,10.64,13.18,13.56,-13.9,0.06,-0.04,176.7,7.2,219,1,1,851,657,994,-2,849,13.62,898.7,612,34.1,35.2,0,2.4,2067.6,0,16.83,21.8,54.5,50.8,55.5,53.9,51.8,55.7,54.2,54.9,61.1,63.2,28.2,32.1,33.3,33.5,47,45,25,-0.2,0.0,0.0,6,6,4,0,26,27,27,63,96,96,32,32,300,0,0,0,0,0,0,0,0,0
15.65,113.0,0.24,0.33,0.27,15.38,13.2,14.22,15.61,-6.8,0.04,0.0,176.6,9.0,203,1,1,1402,659,1634,-7,1497,15.62,1436.4,981,33.9,35.3,0,2.4,2067.6,0,16.83,21.9,54.2,50.4,55.1,53.5,51.4,55.2,53.8,54.5,61.1,63.2,28.2,32.0,33.3,33.5,54,51,25,-0.7,-1.8,0.3,6,6,4,0,26,27,27,63,96,96,32,32,300,0,0,0,0,0,0,0,0,0
15.87,299.02,0.23,0.33,0.28,11.58,16.38,17.1,15.7,13.5,0.03,0.03,177.7,8.7,194,1,1,1401,660,1626,0,1612,15.86,1501.2,1025,33.5,34.9,0,2.4,2067.6,0,16.83,21.8,53.6,49.9,54.6,53.0,50.8,54.7,53.6,54.2,61.0,63.1,28.2,31.9,33.3,33.5,55,51,25,-0.5,0.7,-3.0,6,6,4,0,26,27,27,63,95,95,31,31,300,0,0,0,0,0,0,0,0,0
15.21,90.0,0.24,0.33,0.27,13.16,12.94,12.92,15.15,0.0,-0.02,-0.03,176.5,7.9,206,1,1,907,659,1063,2,1111,15.2,1053.5,719,33.7,34.4,0,2.4,2067.6,0,16.83,21.8,54.1,50.4,55.0,53.4,51.4,55.2,54.2,54.7,61.2,63.2,28.2,32.1,33.5,33.5,45,42,25,0.9,-0.6,0.3,6,6,4,0,26,27,27,63,95,95,32,32,300,0,0,0,0,0,0,0,0,0
15.93,195.98,0.24,0.33,0.28,14.44,12.78,17.24,15.91,-11.9,-0.1,-0.07,176.5,10.8,209,1,1,1202,657,1392,-2,1580,15.92,1501.7,1033,34.0,35.0,0,2.4,2067.6,0,16.83,22.0,54.4,50.6,55.3,53.7,51.6,55.4,53.9,54.7,61.1,63.2,28.2,32.0,33.3,33.5,53,49,25,-1.9,-0.3,1.5,6,6,4,0,26,27,27,63,95,96,32,32,300,0,0,0,0,0,0,0,0,0
15.87,64.01,0.26,0.33,0.3,14.44,13.4,10.78,15.76,8.5,0.12,0.11,174.9,10.3,198,1,1,1270,660,1486,-7,1565,15.84,1477.2,1011,34.1,35.3,0,2.4,2067.6,0,16.83,21.5,55.5,51.8,56.5,54.8,52.8,56.7,54.7,55.6,61.3,63.4,28.4,32.2,33.8,33.6,53,49,25,2.6,-1.2,0.2,6,6,4,0,26,27,27,63,96,96,32,32,300,0,0,0,0,0,0,0,0,0
16.68,339.98,0.86,0.94,0.91,14.28,22.0,14.16,16.56,6.9,0.0,-0.01,175.4,7.5,201,1,1,1465,660,1715,-8,1854,16.68,1686.9,1152,33.1,34.4,0,2.4,2067.6,0,16.83,21.7,54.0,50.3,55.0,53.3,51.3,55.2,53.9,54.5,61.2,63.3,28.4,32.1,33.6,33.6,56,52,25,-6.3,-2.9,-7.2,6,6,4,0,26,27,27,63,96,96,32,32,300,0,0,0,0,0,0,0,0,0
13.1,259.99,0.23,0.32,0.27,9.68,8.92,12.68,13.01,-7.9,-0.09,-0.03,176.6,6.4,219,1,1,708,658,829,-2,710,13.12,790.1,537,33.9,34.6,0,2.4,2067.6,0,16.83,21.8,54.5,50.8,55.5,53.8,51.7,55.6,54.2,55.0,61.1,63.2,28.2,32.1,33.3,33.5,45,43,25,0.0,0.0,1.4,6,6,4,0,26,27,27,63,95,96,32,32,300,0,0,0,0,0,0,0,0,0
16.18,46.01,0.24,0.33,0.32,9.54,10.72,5.54,16.09,11.1,-0.06,0.01,175.4,8.8,202,1,1,1677,660,1963,0,1858,16.18,1642.6,1109,33.1,34.3,0,2.4,2067.6,0,16.83,21.7,53.9,50.2,54.8,53.2,51.2,55.1,53.9,54.5,61.2,63.3,28.3,32.1,33.7,33.6,55,50,25,59.2,62.7,32.8,6,6,4,0,26,27,27,63,95,96,32,32,300,0,0,0,0,0,0,0,0,0
15.54,290.99,0.25,0.33,0.3,11.2,14.22,15.1,15.4,7.5,0.0,-0.07,175.7,8.4,198,1,1,1373,660,1611,5,1523,15.58,1438.3,981,34.5,35.5,0,2.4,2067.6,0,16.83,21.5,55.4,51.7,56.5,54.8,52.8,56.6,54.7,55.5,61.3,63.4,28.4,32.2,33.7,33.6,54,48,25,-0.2,0.9,-0.7,6,6,4,0,26,27,27,63,96,96,32,32,300,0,0,0,0,0,0,0,0,0
14.32,340.99,0.23,0.33,0.27,10.8,12.24,13.14,14.2,-5.4,0.12,0.01,176.7,8.0,215,1,1,1017,658,1187,-4,1059,14.32,1088.0,742,34.1,35.0,0,2.4,2067.6,0,16.83,21.8,54.6,50.8,55.5,53.9,51.8,55.7,54.1,54.8,61.2,63.2,28.2,32.1,33.2,33.5,50,48,25,0.0,0.0,-1.2,6,6,4,0,26,27,27,63,96,96,32,32,300,0,0,0,0,0,0,0,0,0
15.93,321.01,0.23,0.33,0.28,11.64,15.72,16.4,15.79,15.7,0.08,0.0,177.7,8.4,193,1,1,1391,660,1629,0,1608,15.92,1515.6,1035,33.5,34.8,0,2.4,2067.6,0,16.83,21.8,53.7,50.0,54.7,53.0,50.9,54.8,53.6,54.3,61.0,63.1,28.2,31.9,33.3,33.5,55,51,25,-0.5,0.7,-1.1,6,6,4,0,26,27,27,63,95,95,31,31,300,0,0,0,0,0,0,0,0,0
15.4,56.99,0.24,0.33,0.27,12.66,13.9,11.68,15.3,-3.6,0.08,-0.05,176.7,9.0,204,1,1,1304,659,1526,2,1429,15.38,1373.4,938,33.9,35.2,0,2.4,2067.6,0,16.83,21.9,54.3,50.5,55.2,53.6,51.5,55.3,53.8,54.5,61.1,63.2,28.2,32.1,33.3,33.5,54,50,25,2.0,0.0,-0.3,6,6,4,0,26,27,27,63,96,96,32,32,300,0,0,0,0,0,0,0,0,0
14.06,16.99,0.23,0.33,0.27,9.9,11.66,11.74,13.94,-18.0,0.04,0.07,176.7,7.8,218,1,1,911,657,1063,-2,982,14.04,1018.8,694,34.4,35.2,0,2.4,2067.6,0,16.83,21.8,54.6,50.8,55.5,53.9,51.8,55.7,54.1,54.8,61.1,63.2,28.2,32.1,33.3,33.5,48,46,25,0.0,0.5,0.0,6,6,4,0,26,27,27,63,96,96,32,32,300,0,0,0,0,0,0,0,0,0
15.61,19.01,0.24,0.33,0.27,11.66,15.58,13.4,15.5,-6.2,-0.02,-0.03,176.6,8.3,203,1,1,1423,660,1666,-4,1488,15.6,1431.0,978,33.9,35.3,0,2.4,2067.6,0,16.83,21.9,54.2,50.4,55.1,53.5,51.4,55.2,53.8,54.6,61.1,63.2,28.2,32.0,33.3,33.5,55,51,25,1.5,0.4,-0.6,6,6,4,0,26,27,27,63,96,96,32,32,300,0,0,0,0,0,0,0,0,0
14.9,258.01,0.23,0.33,0.28,10.54,11.04,15.94,14.8,13.0,0.09,0.05,176.3,7.6,203,1,1,887,660,1031,-2,1015,14.9,999.0,683,33.4,34.1,0,2.4,2067.6,0,16.83,21.9,54.0,50.3,54.9,53.3,51.3,55.1,54.1,54.7,61.2,63.3,28.4,32.1,33.6,33.6,45,42,25,0.0,0.2,3.2,6,6,4,0,26,27,27,63,95,95,32,32,300,0,0,0,0,0,0,0,0,0
16.11,181.01,0.24,0.33,0.28,15.64,12.38,18.36,16.13,11.6,-0.01,-0.04,173.4,8.6,193,1,1,1613,659,1890,-7,1767,16.14,1589.3,1080,33.3,34.6,0,2.4,2067.6,0,16.83,21.9,53.4,49.7,54.4,52.7,50.6,54.5,53.5,54.2,61.0,63.1,28.2,31.9,33.3,33.4,56,52,25,-1.0,-0.6,0.8,6,6,4,0,26,27,27,63,95,95,31,31,300,0,0,0,0,0,0,0,0,0
15.05,128.02,0.24,0.33,0.27,15.02,12.6,13.2,15.02,-10.5,-0.03,0.01,176.7,9.0,214,1,1,1331,657,1545,-2,1374,15.04,1314.5,888,33.9,35.2,0,2.4,2067.6,0,16.83,21.8,54.5,50.7,55.4,53.8,51.7,55.6,54.0,54.7,61.1,63.2,28.2,32.1,33.3,33.5,53,50,25,2.7,-1.1,0.0,6,6,4,0,26,27,27,63,96,96,32,32,300,0,0,0,0,0,0,0,0,0
16.88,267.98,1.35,1.39,1.42,6.1,12.56,15.6,16.84,10.2,-0.01,0.07,175.8,9.4,200,1,1,1598,659,1857,-5,1935,16.92,1708.3,1167,33.4,34.6,0,2.4,2067.6,0,16.83,21.7,54.3,50.6,55.2,53.6,51.6,55.5,53.9,54.6,61.2,63.3,28.4,32.1,33.6,33.6,58,53,25,10.3,23.2,26.0,6,6,4,0,26,27,27,63,96,96,32,32,300,0,0,0,0,0,0,0,0,0
16.38,104.0,0.97,1.05,1.03,24.02,18.22,20.26,16.36,6.5,0.03,-0.07,175.4,8.7,202,1,1,1684,660,1973,2,1905,16.38,1728.8,1181,32.9,34.0,0,2.4,2067.6,0,16.83,21.8,53.9,50.2,54.8,53.2,51.1,55.0,53.9,54.6,61.2,63.3,28.3,32.1,33.7,33.6,55,46,25,-147.6,-126.7,-122.8,6,6,4,0,26,27,27,63,95,95,32,32,300,0,0,0,0,0,0,0,0,0
13.1,339.01,0.23,0.32,0.27,10.44,11.02,12.08,12.98,-8.6,0.05,0.02,176.6,7.3,219,1,1,700,658,816,-2,699,13.1,779.0,534,33.9,34.6,0,2.4,2067.6,0,16.83,21.8,54.5,50.8,55.4,53.8,51.7,55.6,54.2,54.9,61.1,63.2,28.2,32.1,33.3,33.5,45,43,25,-0.2,-0.7,-1.1,6,6,4,0,26,27,27,63,95,96,32,32,300,0,0,0,0,0,0,0,0,0
16.71,221.0,1.06,1.12,1.14,17.66,18.82,26.44,16.64,6.6,-0.07,-0.01,175.5,9.5,201,1,1,1486,660,1728,5,1916,16.7,1702.0,1161,33.8,35.2,0,2.4,2067.6,0,16.83,21.4,55.0,51.3,56.0,54.4,52.3,56.2,54.2,55.0,61.3,63.3,28.4,32.1,33.6,33.6,58,53,25,-65.6,-65.3,-86.4,6,6,4,0,26,27,27,63,96,96,32,32,300,0,0,0,0,0,0,0,0,0
16.32,346.0,0.24,0.33,0.28,11.54,18.12,17.58,16.18,7.4,0.12,0.03,165.7,9.0,193,1,1,1655,659,1929,-4,1789,16.32,1617.3,1103,33.0,34.3,0,2.4,2067.6,0,16.83,21.9,53.4,49.7,54.4,52.7,50.6,54.5,53.5,54.1,61.0,63.1,28.2,31.9,33.3,33.4,56,52,25,-0.3,-0.4,-7.0,6,6,4,0,26,27,27,63,95,95,31,31,300,0,0,0,0,0,0,0,0,0
15.18,137.02,0.26,0.33,0.3,14.22,10.72,13.52,15.18,3.7,-0.12,-0.01,175.6,8.2,203,1,1,1411,661,1645,0,1455,15.2,1359.6,919,34.2,35.6,0,2.4,2067.6,0,16.83,21.5,55.3,51.6,56.3,54.7,52.6,56.5,54.4,55.2,61.3,63.4,28.4,32.1,33.7,33.6,56,52,25,0.0,-1.0,1.5,6,6,4,0,26,27,27,63,96,96,32,32,300,0,0,0,0,0,0,0,0,0
15.4,47.02,0.24,0.33,0.27,13.28,16.2,13.48,15.34,-2.6,0.01,0.01,176.7,8.0,204,1,1,1284,659,1495,-4,1488,15.42,1399.2,951,33.7,34.8,0,2.4,2067.6,0,16.83,21.9,54.2,50.5,55.2,53.6,51.5,55.3,53.8,54.6,61.1,63.2,28.2,32.1,33.3,33.5,54,51,25,0.6,-0.4,-1.2,6,6,4,0,26,27,27,63,96,96,32,32,300,0,0,0,0,0,0,0,0,0
16.51,60.01,0.71,0.77,0.79,23.52,21.14,18.88,16.42,0.4,0.07,0.04,175.6,10.5,202,1,1,1515,660,1765,5,1885,16.48,1671.3,1136,34.1,35.4,0,2.4,2067.6,0,16.83,21.4,55.0,51.3,56.1,54.4,52.3,56.2,54.2,54.9,61.3,63.3,28.4,32.1,33.6,33.6,58,53,25,-129.2,-118.9,-100.7,6,6,4,0,26,27,27,63,96,96,32,32,300,0,0,0,0,0,0,0,0,0
15.72,234.0,0.25,0.33,0.31,11.0,11.74,16.5,15.64,8.1,-0.1,-0.06,175.3,9.3,198,1,1,1305,660,1526,-5,1508,15.72,1447.0,992,34.3,35.4,0,2.4,2067.6,0,16.83,21.5,55.5,51.8,56.4,54.8,52.8,56.6,54.7,55.5,61.3,63.4,28.4,32.2,33.7,33.6,53,49,25,-0.2,1.3,1.5,6,6,4,0,26,27,27,63,96,96,32,32,300,0,0,0,0,0,0,0,0,0
14.79,136.01,0.26,0.33,0.3,14.02,10.92,12.08,14.8,11.5,-0.07,-0.08,175.8,7.9,201,1,1,1299,660,1526,-7,1261,14.8,1231.4,837,34.2,35.3,0,2.4,2067.6,0,16.83,21.5,55.3,51.7,56.4,54.7,52.7,56.5,54.5,55.3,61.3,63.4,28.4,32.1,33.7,33.6,54,52,25,0.3,-0.5,0.8,6,6,4,0,26,27,27,63,96,96,32,32,300,0,0,0,0,0,0,0,0,0
16.22,193.0,0.41,0.5,0.44,13.9,11.58,17.1,16.17,17.6,-0.02,0.09,15.5,9.5,206,1,1,1265,655,1459,2,1557,16.22,1421.0,972,32.9,33.8,0,2.4,2067.6,0,16.83,22.1,53.1,49.4,54.0,52.4,50.3,54.2,53.6,54.1,61.0,63.1,28.2,31.9,33.4,33.3,50,46,25,-0.9,0.0,0.8,6,6,4,1,26,27,27,63,95,95,31,31,300,0,0,0,0,0,0,0,0,0
16.47,348.01,0.47,0.53,0.54,11.02,15.86,12.34,16.36,10.9,0.0,0.07,175.3,9.1,199,1,1,1617,661,1894,-2,1846,16.48,1649.2,1125,33.7,35.1,0,2.4,2067.6,0,16.83,21.4,54.7,51.0,55.8,54.0,52.0,55.9,54.0,54.8,61.2,63.3,28.4,32.1,33.5,33.6,58,54,25,0.2,1.1,-1.1,6,6,4,0,26,27,27,63,96,96,32,32,300,0,0,0,0,0,0,0,0,0
15.06,184.0,0.24,0.32,0.28,12.12,10.66,15.34,15.02,2.5,-0.02,-0.02,176.5,7.6,206,1,1,957,659,1110,0,1062,15.04,1033.4,704,33.6,34.5,0,2.4,2067.6,0,16.83,21.8,54.1,50.4,55.0,53.4,51.3,55.2,54.2,54.8,61.2,63.2,28.3,32.1,33.6,33.5,45,42,25,0.0,0.2,3.1,6,6,4,0,26,27,27,63,95,95,32,32,300,0,0,0,0,0,0,0,0,0
16.59,281.99,0.45,0.5,0.54,7.98,13.16,12.66,16.4,4.9,0.02,0.07,175.9,9.1,201,1,1,1606,659,1880,5,1839,16.58,1658.0,1131,33.4,34.7,0,2.4,2067.6,0,16.83,21.7,54.3,50.5,55.2,53.6,51.6,55.5,53.9,54.6,61.2,63.3,28.4,32.1,33.6,33.6,57,52,25,3.5,7.6,1.7,6,6,4,0,26,27,27,63,96,96,32,32,300,0,0,0,0,0,0,0,0,0
14.81,77.0,0.24,0.33,0.27,12.96,13.08,13.12,14.67,7.5,-0.04,-0.04,176.4,6.9,211,1,1,688,658,792,2,965,14.74,976.0,670,34.0,34.6,0,2.4,2067.6,0,16.83,21.9,54.3,50.6,55.2,53.7,51.6,55.4,54.2,54.9,61.1,63.2,28.2,32.1,33.5,33.5,43,40,25,0.3,-1.2,-0.3,6,6,4,0,26,27,27,63,95,95,32,32,300,0,0,0,0,0,0,0,0,0
15.72,140.0,0.26,0.33,0.3,14.24,10.3,14.56,15.65,8.5,-0.09,0.11,175.2,10.3,198,1,1,1326,660,1544,-7,1479,15.66,1434.1,983,34.3,35.5,0,2.4,2067.6,0,16.83,21.5,55.5,51.7,56.4,54.8,52.8,56.6,54.7,55.4,61.3,63.4,28.4,32.2,33.7,33.6,53,49,25,1.3,-0.2,3.9,6,6,4,0,26,27,27,63,96,96,32,32,300,0,0,0,0,0,0,0,0,0
16.05,99.0,0.24,0.33,0.27,15.34,13.42,13.08,15.92,-2.5,0.09,-0.05,175.0,8.7,205,1,1,1009,659,1180,-14,1222,15.96,1217.9,856,33.4,34.0,0,2.4,2067.6,0,16.83,21.9,53.9,50.2,54.9,53.2,51.1,55.0,54.0,54.6,61.2,63.3,28.3,32.1,33.7,33.6,46,44,25,2.4,-1.2,0.9,6,6,4,0,26,27,27,63,95,95,32,32,300,0,0,0,0,0,0,0,0,0
16.18,13.0,0.24,0.33,0.27,12.04,16.54,13.02,16.02,8.3,0.03,0.1,176.9,9.5,198,1,1,1495,662,1755,-2,1666,16.12,1546.6,1059,33.7,35.1,0,2.4,2067.6,0,16.83,21.8,54.0,50.2,54.9,53.3,51.2,55.1,53.7,54.3,61.1,63.2,28.2,32.0,33.3,33.5,55,52,25,1.1,0.7,-2.0,6,6,4,0,26,27,27,63,96,96,32,32,300,0,0,0,0,0,0,0,0,0
16.18,96.01,0.41,0.5,0.44,14.62,13.08,11.14,16.17,18.3,-0.07,-0.07,14.6,8.3,208,1,1,1254,655,1449,3,1537,16.2,1413.5,967,33.0,33.9,0,2.4,2067.6,0,16.83,22.1,53.1,49.4,54.0,52.4,50.3,54.2,53.6,54.2,61.0,63.1,28.2,31.9,33.4,33.3,50,46,25,1.6,-1.5,1.0,6,6,4,1,26,27,27,63,95,95,31,31,300,0,0,0,0,0,0,0,0,0
16.16,171.0,0.26,0.34,0.35,15.7,12.16,14.46,16.13,7.8,0.07,-0.09,175.4,8.7,201,1,1,1649,660,1920,-2,1716,16.16,1567.4,1070,33.2,34.5,0,2.4,2067.6,0,16.83,21.7,53.9,50.3,54.9,53.3,51.2,55.1,53.9,54.6,61.2,63.3,28.3,32.1,33.7,33.6,55,51,25,-2.1,-0.5,1.3,6,6,4,0,26,27,27,63,95,96,32,32,300,0,0,0,0,0,0,0,0,0
16.42,16.99,0.39,0.48,0.47,19.86,25.12,17.2,16.34,5.8,-0.09,0.07,23.8,8.9,199,1,1,1518,659,1765,9,1865,16.42,1649.3,1120,33.0,34.1,0,2.4,2067.6,0,16.83,22.0,53.3,49.6,54.3,52.6,50.5,54.4,53.5,54.1,61.0,63.1,28.2,31.9,33.3,33.4,56,50,25,-87.0,-114.5,-80.7,6,6,4,0,26,27,27,63,95,95,31,31,300,0,0,0,0,0,0,0,0,0
14.74,94.0,0.24,0.33,0.27,12.1,12.24,13.02,14.69,1.2,0.01,0.05,176.4,9.1,205,1,1,924,659,1076,-2,990,14.72,985.3,673,33.6,34.1,0,2.4,2067.6,0,16.83,21.8,54.0,50.3,55.0,53.3,51.3,55.2,54.1,54.7,61.2,63.2,28.3,32.1,33.6,33.5,45,42,25,0.5,-0.5,0.3,6,6,4,0,26,27,27,63,95,95,32,32,300,0,0,0,0,0,0,0,0,0
14.31,254.99,0.23,0.32,0.27,11.34,12.3,15.24,14.22,-4.0,-0.04,0.01,176.7,7.3,215,1,1,1036,658,1201,-5,1065,14.32,1091.9,745,34.0,35.0,0,2.4,2067.6,0,16.83,21.8,54.6,50.8,55.5,53.9,51.8,55.7,54.1,54.8,61.2,63.2,28.2,32.1,33.2,33.5,50,48,25,-0.7,0.0,-0.3,6,6,4,0,26,27,27,63,96,96,32,32,300,0,0,0,0,0,0,0,0,0
15.26,257.0,0.24,0.33,0.28,11.8,12.8,17.14,15.18,-0.6,-0.08,-0.01,175.7,7.4,204,1,1,1181,661,1377,5,1097,15.28,1056.9,723,33.2,33.8,0,2.4,2067.6,0,16.83,21.9,53.9,50.2,54.9,53.2,51.2,55.0,54.1,54.7,61.2,63.3,28.3,32.1,33.7,33.6,47,42,25,-1.0,0.6,-0.4,6,6,4,0,26,27,27,63,95,95,32,32,300,0,0,0,0,0,0,0,0,0
16.22,122.0,0.24,0.33,0.27,15.84,13.34,15.66,16.18,2.8,-0.05,-0.09,176.9,8.4,198,1,1,1502,661,1750,3,1767,16.2,1588.0,1082,33.5,34.7,0,2.4,2067.6,0,16.83,21.8,53.9,50.2,54.8,53.2,51.1,55.0,53.6,54.3,61.1,63.2,28.2,31.9,33.3,33.5,56,51,25,1.0,-1.1,1.1,6,6,4,0,26,27,27,63,95,96,31,31,300,0,0,0,0,0,0,0,0,0
14.76,5.0,0.23,0.33,0.27,11.28,13.36,13.08,14.64,1.5,0.05,-0.06,176.5,8.1,205,1,1,932,659,1080,-2,995,14.74,989.0,674,33.7,34.3,0,2.4,2067.6,0,16.83,21.9,54.0,50.3,54.9,53.3,51.3,55.2,54.1,54.7,61.2,63.2,28.3,32.1,33.6,33.5,45,42,25,0.0,0.3,-0.6,6,6,4,0,26,27,27,63,95,95,32,32,300,0,0,0,0,0,0,0,0,0
16.5,249.01,0.48,0.53,0.54,12.08,13.72,15.48,16.41,11.8,-0.11,-0.05,175.3,9.6,199,1,1,1632,661,1909,0,1857,16.52,1652.8,1129,33.5,35.0,0,2.4,2067.6,0,16.83,21.4,54.7,51.0,55.8,54.0,52.0,55.9,54.0,54.8,61.2,63.3,28.4,32.1,33.6,33.6,58,54,25,-0.3,1.8,0.3,6,6,4,0,26,27,27,63,96,96,32,32,300,0,0,0,0,0,0,0,0,0
16.23,256.0,0.14,0.22,0.21,17.78,19.98,23.7,16.19,0.2,-0.03,-0.05,175.6,9.3,203,1,1,1550,661,1799,3,1812,16.26,1625.4,1103,33.9,35.4,0,2.4,2067.6,0,16.83,21.4,55.1,51.4,56.1,54.4,52.4,56.2,54.2,55.1,61.3,63.3,28.4,32.1,33.6,33.6,58,53,25,-38.3,-35.1,-85.9,6,6,4,0,26,27,27,63,96,96,32,32,300,0,0,0,0,0,0,0,0,0
16.05,325.01,0.24,0.33,0.28,11.16,16.72,15.8,15.91,5.9,0.03,-0.05,177.0,8.5,198,1,1,1510,661,1765,2,1721,16.06,1561.2,1066,33.4,34.8,0,2.4,2067.6,0,16.83,21.8,53.9,50.2,54.9,53.2,51.1,55.0,53.6,54.3,61.1,63.2,28.2,32.0,33.3,33.5,56,51,25,0.0,2.6,-1.4,6,6,4,0,26,27,27,63,96,96,32,32,300,0,0,0,0,0,0,0,0,0
15.12,94.0,0.24,0.33,0.27,12.86,12.16,12.36,15.04,6.4,0.07,0.02,176.4,6.8,206,1,1,945,659,1103,2,1072,15.08,1038.0,707,33.3,34.1,0,2.4,2067.6,0,16.83,21.8,54.1,50.4,55.0,53.4,51.4,55.2,54.2,54.8,61.2,63.2,28.3,32.1,33.5,33.5,45,42,25,1.1,0.0,0.3,6,6,4,0,26,27,27,63,95,95,32,32,300,0,0,0,0,0,0,0,0,0
13.88,268.99,0.23,0.32,0.27,11.22,10.92,14.08,13.77,-18.3,0.09,0.06,176.7,7.2,218,1,1,900,657,1046,-2,952,13.88,979.5,666,34.0,35.0,0,2.4,2067.6,0,16.83,21.8,54.6,50.8,55.5,53.9,51.8,55.7,54.2,54.9,61.1,63.2,28.2,32.1,33.3,33.5,48,46,25,-0.2,0.0,0.0,6,6,4,0,26,27,27,63,96,96,32,32,300,0,0,0,0,0,0,0,0,0
16.09,277.99,0.24,0.33,0.28,12.28,14.82,18.74,15.94,11.3,-0.01,-0.07,178.0,9.1,193,1,1,1589,659,1859,-7,1735,16.08,1574.5,1069,33.1,34.5,0,2.4,2067.6,0,16.83,21.9,53.5,49.7,54.4,52.8,50.6,54.5,53.5,54.2,61.0,63.1,28.2,31.9,33.3,33.5,56,52,25,-1.6,1.0,-0.8,6,6,4,0,26,27,27,63,95,95,31,31,300,0,0,0,0,0,0,0,0,0
16.95,10.01,1.42,1.46,1.48,8.88,16.5,8.12,16.82,11.4,0.15,0.12,175.9,10.2,200,1,1,1596,658,1857,-2,1933,16.9,1712.5,1167,33.3,34.8,0,2.4,2067.6,0,16.83,21.7,54.4,50.6,55.3,53.7,51.7,55.5,53.9,54.6,61.2,63.3,28.4,32.1,33.6,33.6,58,53,25,10.3,13.6,7.2,6,6,4,0,26,27,27,63,96,96,32,32,300,0,0,0,0,0,0,0,0,0
15.44,126.0,0.26,0.33,0.3,15.24,12.24,12.8,15.41,9.0,-0.04,-0.01,175.4,7.8,198,1,1,1380,660,1612,-4,1429,15.42,1366.9,935,34.6,35.5,0,2.4,2067.6,0,16.83,21.5,55.5,51.8,56.5,54.8,52.8,56.7,54.7,55.6,61.3,63.4,28.4,32.2,33.8,33.6,54,48,25,0.3,-0.5,0.3,6,6,4,0,26,27,27,63,96,96,32,32,300,0,0,0,0,0,0,0,0,0
15.89,19.01,0.24,0.33,0.27,12.8,15.64,13.72,15.75,7.7,0.03,-0.02,175.9,8.2,201,1,1,900,660,1049,2,1263,15.82,1210.4,836,33.2,34.1,0,2.4,2067.6,0,16.83,21.9,53.9,50.2,54.9,53.3,51.2,55.1,54.1,54.7,61.2,63.3,28.3,32.1,33.6,33.6,46,42,25,1.1,0.0,0.0,6,6,4,0,26,27,27,63,95,95,32,32,300,0,0,0,0,0,0,0,0,0
16.11,263.02,0.25,0.32,0.34,11.48,13.92,16.3,15.95,2.5,-0.01,0.0,175.4,8.5,202,1,1,1529,661,1792,-4,1661,16.06,1543.7,1055,33.8,35.2,0,2.4,2067.6,0,16.83,21.4,54.8,51.1,55.9,54.2,52.2,56.0,54.1,54.9,61.2,63.3,28.4,32.1,33.6,33.6,57,54,25,-0.8,1.5,0.0,6,6,4,0,26,27,27,63,96,96,32,32,300,0,0,0,0,0,0,0,0,0
13.68,321.01,0.23,0.32,0.27,10.16,10.84,12.66,13.56,-17.0,0.06,0.0,176.7,7.4,219,1,1,878,657,1015,-4,863,13.7,919.8,625,34.1,34.9,0,2.4,2067.6,0,16.83,21.8,54.5,50.8,55.5,53.9,51.8,55.7,54.1,54.8,61.1,63.2,28.2,32.1,33.3,33.5,47,45,25,0.0,0.0,0.0,6,6,4,0,26,27,27,63,96,96,32,32,300,0,0,0,0,0,0,0,0,0
15.68,95.0,0.24,0.33,0.27,14.4,13.94,13.56,15.62,-7.3,0.01,0.07,176.5,9.9,211,1,1,1414,657,1640,0,1549,15.64,1455.6,993,34.3,35.4,0,2.4,2067.6,0,16.83,21.9,54.4,50.7,55.4,53.7,51.7,55.5,53.9,54.7,61.1,63.2,28.2,32.1,33.3,33.5,54,49,25,1.6,-1.5,0.0,6,6,4,0,26,27,27,63,96,96,32,32,300,0,0,0,0,0,0,0,0,0
15.78,270.0,0.24,0.33,0.28,10.94,13.22,18.58,15.67,-8.5,-0.01,-0.05,176.6,10.1,208,1,1,1228,657,1422,0,1504,15.78,1447.8,997,34.2,35.4,0,2.4,2067.6,0,16.83,22.0,54.4,50.6,55.3,53.7,51.6,55.4,53.8,54.5,61.1,63.2,28.2,32.0,33.3,33.5,53,49,25,-1.2,1.2,0.0,6,6,4,0,26,27,27,63,96,96,32,32,300,0,0,0,0,0,0,0,0,0
15.89,137.02,0.26,0.33,0.3,15.9,12.2,14.12,15.84,14.8,-0.04,0.01,175.9,8.5,198,1,1,997,659,1167,0,1532,15.86,1460.6,1014,34.3,35.3,0,2.4,2067.6,0,16.83,21.6,55.4,51.7,56.4,54.8,52.8,56.6,54.6,55.4,61.3,63.4,28.4,32.1,33.7,33.6,51,48,25,-0.7,-1.4,1.0,6,6,4,0,26,27,27,63,96,96,32,32,300,0,0,0,0,0,0,0,0,0
15.31,240.98,0.24,0.32,0.28,11.86,12.58,17.26,15.26,0.9,-0.05,-0.03,176.6,8.6,204,1,1,1316,659,1532,0,1419,15.34,1368.6,934,34.0,35.3,0,2.4,2067.6,0,16.83,21.9,54.3,50.6,55.3,53.6,51.5,55.3,53.8,54.6,61.1,63.2,28.2,32.1,33.3,33.5,54,50,25,-1.8,0.3,0.0,6,6,4,0,26,27,27,63,96,96,32,32,300,0,0,0,0,0,0,0,0,0
15.9,304.99,0.24,0.33,0.28,12.32,16.1,17.34,15.75,6.7,0.04,0.01,175.9,8.1,201,1,1,945,659,1097,5,1331,15.9,1265.9,871,33.1,33.9,0,2.4,2067.6,0,16.83,21.9,53.9,50.2,54.9,53.2,51.2,55.1,54.1,54.6,61.2,63.3,28.4,32.1,33.6,33.5,46,42,25,-0.3,0.4,-1.2,6,6,4,0,26,27,27,63,95,95,32,32,300,0,0,0,0,0,0,0,0,0
16.58,178.99,0.71,0.77,0.79,19.58,16.7,21.06,16.55,2.7,0.07,-0.02,15.9,9.6,193,1,1,1447,658,1686,0,1919,16.6,1683.8,1143,33.0,34.2,0,2.4,2067.6,0,16.83,22.0,53.3,49.6,54.3,52.6,50.5,54.4,53.6,54.1,61.0,63.1,28.2,31.9,33.3,33.4,56,50,25,-107.5,-86.1,-103.0,6,6,4,1,26,27,27,63,95,95,31,31,300,0,0,0,0,0,0,0,0,0
15.87,249.01,0.24,0.33,0.28,12.5,13.8,19.02,15.81,6.5,-0.05,-0.02,178.5,8.9,195,1,1,1471,660,1724,-4,1608,15.9,1514.8,1033,33.3,34.6,0,2.4,2067.6,0,16.83,21.8,53.5,49.8,54.5,52.9,50.7,54.7,53.5,54.2,61.0,63.1,28.2,31.9,33.3,33.5,55,52,25,-2.4,0.0,-0.4,6,6,4,0,26,27,27,63,95,95,31,31,300,0,0,0,0,0,0,0,0,0
15.96,200.02,0.26,0.33,0.31,13.58,11.08,16.94,15.89,6.4,0.0,0.02,175.5,10.0,202,1,1,1635,661,1917,0,1632,15.94,1523.4,1040,34.0,35.6,0,2.4,2067.6,0,16.83,21.4,55.1,51.4,56.1,54.5,52.4,56.3,54.3,55.1,61.3,63.3,28.4,32.1,33.6,33.6,58,53,25,-1.5,0.0,1.1,6,6,4,0,26,27,27,63,96,96,32,32,300,0,0,0,0,0,0,0,0,0
16.02,9.0,0.41,0.5,0.44,11.94,15.16,11.6,15.91,15.1,0.21,-0.11,14.9,8.3,215,1,1,1449,656,1683,0,1396,16.0,1306.6,895,32.7,33.6,0,2.4,2067.6,0,16.83,22.1,53.1,49.3,54.0,52.4,50.3,54.2,53.7,54.2,61.0,63.1,28.2,31.9,33.4,33.3,49,44,25,0.0,0.0,-0.8,6,6,4,1,26,27,27,63,95,95,31,31,300,0,0,0,0,0,0,0,0,0
16.53,180.0,0.72,0.81,0.79,18.38,16.4,24.02,16.48,12.4,-0.08,0.02,175.1,8.4,199,1,1,1463,660,1709,-2,1858,16.54,1671.6,1140,33.0,34.3,0,2.4,2067.6,0,16.83,21.7,54.1,50.3,55.0,53.4,51.3,55.2,53.9,54.6,61.2,63.3,28.4,32.1,33.6,33.6,56,52,25,-71.1,-58.7,-76.4,6,6,4,0,26,27,27,63,96,96,32,32,300,0,0,0,0,0,0,0,0,0
16.78,122.0,0.68,0.71,0.75,12.88,4.68,9.38,16.73,8.9,-0.12,0.0,175.9,9.4,201,1,1,1623,660,1884,0,1855,16.72,1676.6,1147,33.4,34.7,0,2.4,2067.6,0,16.83,21.7,54.3,50.5,55.2,53.6,51.6,55.5,53.9,54.5,61.2,63.3,28.4,32.1,33.6,33.6,57,52,25,53.8,18.3,40.2,6,6,4,0,26,27,27,63,96,96,32,32,300,0,0,0,0,0,0,0,0,0
16.07,59.0,0.41,0.5,0.44,15.34,15.44,11.52,16.0,25.1,-0.07,0.04,175.1,8.8,217,1,1,1319,657,1526,21,1568,16.06,1397.3,944,32.6,33.5,0,2.4,2067.6,0,16.83,22.2,53.1,49.3,54.0,52.4,50.3,54.2,53.7,54.3,61.0,63.1,28.2,31.9,33.4,33.3,49,42,25,1.4,-1.4,0.3,6,6,4,0,26,27,27,62,95,95,31,31,300,0,0,0,0,0,0,0,0,0
15.1,2.99,0.23,0.33,0.27,10.9,13.52,12.76,15.01,-4.5,0.02,0.01,176.5,7.2,207,1,1,934,659,1086,0,1081,15.12,1039.5,710,33.6,34.5,0,2.4,2067.6,0,16.83,21.8,54.1,50.4,55.0,53.4,51.4,55.2,54.2,54.8,61.2,63.2,28.3,32.1,33.5,33.5,45,42,25,0.2,0.0,-0.6,6,6,4,0,26,27,27,63,95,95,32,32,300,0,0,0,0,0,0,0,0,0
13.38,94.0,0.23,0.32,0.27,10.64,9.66,11.1,13.33,-7.4,0.06,0.05,176.6,9.1,218,1,1,651,659,758,-4,728,13.36,802.1,550,34.1,34.8,0,2.4,2067.6,0,16.83,21.8,54.5,50.7,55.4,53.8,51.7,55.6,54.2,55.0,61.1,63.2,28.2,32.1,33.4,33.5,44,42,25,0.7,0.2,0.5,6,6,4,0,26,27,27,63,95,95,32,32,300,0,0,0,0,0,0,0,0,0
14.56,204.01,0.24,0.32,0.27,12.96,12.8,14.5,14.49,-16.1,-0.03,-0.01,176.6,9.9,216,1,1,1218,657,1431,-5,1180,14.54,1169.4,788,34.1,35.3,0,2.4,2067.6,0,16.83,21.8,54.5,50.8,55.5,53.8,51.7,55.6,54.0,54.6,61.1,63.2,28.2,32.1,33.3,33.5,52,50,25,-1.2,-0.3,0.0,6,6,4,0,26,27,27,63,96,96,32,32,300,0,0,0,0,0,0,0,0,0
14.64,173.02,0.24,0.32,0.27,13.44,11.26,14.96,14.56,4.0,0.02,-0.01,176.5,7.9,212,1,1,664,658,770,2,932,14.62,949.3,654,33.9,34.3,0,2.4,2067.6,0,16.83,21.8,54.4,50.6,55.3,53.7,51.6,55.4,54.2,54.9,61.1,63.2,28.2,32.1,33.5,33.5,43,40,25,-0.3,-0.8,0.3,6,6,4,0,26,27,27,63,95,95,32,32,300,0,0,0,0,0,0,0,0,0
15.65,301.0,0.23,0.33,0.28,10.24,15.26,16.1,15.5,-8.6,0.02,-0.03,176.8,10.1,204,1,1,1354,659,1582,-7,1514,15.66,1442.8,986,34.0,35.2,0,2.4,2067.6,0,16.83,21.9,54.2,50.4,55.1,53.5,51.4,55.3,53.8,54.4,61.1,63.2,28.2,32.1,33.3,33.5,54,51,25,-0.2,2.8,-0.7,6,6,4,0,26,27,27,63,96,96,32,32,300,0,0,0,0,0,0,0,0,0
14.35,168.98,0.24,0.32,0.27,11.1,10.24,12.64,14.29,-5.3,-0.06,0.03,176.6,7.0,215,1,1,1045,658,1213,-7,1073,14.34,1101.1,750,34.2,35.4,0,2.4,2067.6,0,16.83,21.8,54.6,50.8,55.5,53.8,51.8,55.7,54.1,54.7,61.2,63.2,28.2,32.1,33.2,33.5,50,48,25,0.5,0.0,0.9,6,6,4,0,26,27,27,63,96,96,32,32,300,0,0,0,0,0,0,0,0,0
16.35,248.0,0.24,0.33,0.33,13.52,14.3,22.0,16.3,8.2,-0.05,0.03,161.7,9.2,193,1,1,1664,659,1939,0,1799,16.38,1629.3,1111,33.0,34.3,0,2.4,2067.6,0,16.83,21.9,53.4,49.7,54.4,52.7,50.6,54.5,53.5,54.2,61.0,63.1,28.2,31.9,33.3,33.4,56,52,25,-1.8,0.0,-26.9,6,6,4,0,26,27,27,63,95,95,31,31,300,0,0,0,0,0,0,0,0,0
13.59,289.01,0.23,0.32,0.27,9.54,10.14,12.4,13.44,-14.1,0.07,0.06,176.7,7.8,219,1,1,846,657,981,-4,838,13.58,890.1,607,34.0,34.9,0,2.4,2067.6,0,16.83,21.8,54.5,50.8,55.5,53.9,51.8,55.7,54.2,54.9,61.1,63.2,28.2,32.1,33.3,33.5,46,44,25,-0.2,0.7,0.3,6,6,4,0,26,27,27,63,96,96,32,32,300,0,0,0,0,0,0,0,0,0
15.7,257.0,0.24,0.33,0.28,12.5,14.08,18.96,15.65,-1.5,-0.02,-0.11,176.8,8.6,200,1,1,1421,662,1663,0,1623,15.74,1498.7,1017,33.7,34.9,0,2.4,2067.6,0,16.83,21.8,54.1,50.4,55.1,53.4,51.3,55.2,53.7,54.4,61.1,63.2,28.2,32.0,33.3,33.5,56,51,25,-1.4,0.6,0.4,6,6,4,0,26,27,27,63,96,96,32,32,300,0,0,0,0,0,0,0,0,0
14.97,344.02,0.23,0.33,0.27,9.32,13.26,13.52,14.86,0.4,-0.02,0.1,176.8,10.4,207,1,1,885,658,1028,0,1020,14.96,1013.3,693,33.6,34.1,0,2.4,2067.6,0,16.83,21.8,54.2,50.5,55.1,53.5,51.4,55.3,54.2,54.8,61.2,63.2,28.3,32.1,33.5,33.5,44,41,25,0.0,1.8,0.0,6,6,4,0,26,27,27,63,95,95,32,32,300,0,0,0,0,0,0,0,0,0
16.03,167.0,0.26,0.32,0.34,14.56,11.96,15.82,16.02,6.2,-0.04,-0.05,175.3,7.7,202,1,1,1550,661,1805,-4,1651,16.02,1537.6,1050,33.9,35.3,0,2.4,2067.6,0,16.83,21.4,54.8,51.1,55.9,54.2,52.2,56.0,54.1,54.9,61.3,63.3,28.4,32.1,33.6,33.6,57,54,25,0.0,-0.3,2.8,6,6,4,0,26,27,27,63,96,96,32,32,300,0,0,0,0,0,0,0,0,0
14.79,79.99,0.23,0.33,0.27,12.38,12.54,13.2,14.73,10.9,0.0,-0.03,176.3,6.7,203,1,1,899,660,1048,-2,999,14.8,992.9,678,33.4,34.3,0,2.4,2067.6,0,16.83,21.9,54.0,50.3,54.9,53.3,51.3,55.2,54.1,54.7,61.2,63.3,28.4,32.1,33.6,33.6,45,42,25,0.0,-1.7,0.0,6,6,4,0,26,27,27,63,95,95,32,32,300,0,0,0,0,0,0,0,0,0
15.98,310.0,0.24,0.31,0.33,8.1,13.88,11.68,15.83,-0.9,-0.03,0.02,175.3,8.7,202,1,1,1580,661,1842,0,1700,16.0,1554.3,1056,33.5,35.1,0,2.4,2067.6,0,16.83,21.4,54.8,51.0,55.8,54.1,52.1,56.0,54.0,54.8,61.2,63.3,28.4,32.1,33.6,33.6,58,54,25,5.4,8.6,4.7,6,6,4,0,26,27,27,63,96,96,32,32,300,0,0,0,0,0,0,0,0,0
16.62,235.01,0.61,0.65,0.68,15.26,19.72,25.56,16.47,3.4,-0.13,-0.02,176.0,8.5,201,1,1,1571,659,1822,0,1886,16.58,1666.7,1137,33.2,34.5,0,2.4,2067.6,0,16.83,21.7,54.2,50.5,55.1,53.5,51.5,55.4,53.9,54.6,61.2,63.3,28.4,32.1,33.6,33.6,57,52,25,-43.8,-50.2,-66.2,6,6,4,0,26,27,27,63,96,96,32,32,300,0,0,0,0,0,0,0,0,0
15.4,149.0,0.24,0.33,0.27,15.38,12.72,15.3,15.38,-1.9,0.0,0.0,175.7,7.2,203,1,1,1063,660,1232,9,1223,15.38,1103.0,742,33.2,34.0,0,2.4,2067.6,0,16.83,21.9,53.9,50.2,54.9,53.2,51.2,55.0,54.0,54.6,61.2,63.3,28.3,32.1,33.7,33.5,47,42,25,-1.3,-1.2,0.4,6,6,4,0,26,27,27,63,95,95,32,32,300,0,0,0,0,0,0,0,0,0
13.52,10.01,0.23,0.32,0.27,9.18,10.46,11.66,13.47,-14.5,-0.09,-0.02,176.6,8.3,219,1,1,823,657,960,-4,829,13.54,880.7,602,34.0,34.7,0,2.4,2067.6,0,16.83,21.8,54.5,50.8,55.5,53.9,51.8,55.7,54.2,54.8,61.1,63.2,28.2,32.1,33.3,33.5,46,44,25,-0.2,0.2,0.3,6,6,4,0,26,27,27,63,96,96,32,32,300,0,0,0,0,0,0,0,0,0
14.51,96.01,0.23,0.32,0.27,12.18,12.66,13.88,14.39,-14.1,-0.03,-0.07,176.7,8.5,216,1,1,1148,657,1334,-10,1126,14.44,1131.0,770,34.3,35.3,0,2.4,2067.6,0,16.83,21.8,54.5,50.8,55.5,53.9,51.8,55.6,54.1,54.8,61.1,63.2,28.2,32.1,33.3,33.5,52,50,25,0.0,-1.4,-0.3,6,6,4,0,26,27,27,63,96,96,32,32,300,0,0,0,0,0,0,0,0,0
16.78,24.01,0.95,0.99,1.03,12.46,17.7,12.16,16.65,6.8,-0.03,0.04,175.7,10.5,199,1,1,1672,660,1943,0,1919,16.74,1693.6,1157,33.4,34.8,0,2.4,2067.6,0,16.83,21.5,54.6,50.8,55.5,53.9,51.8,55.7,54.0,54.7,61.2,63.3,28.4,32.1,33.6,33.6,58,54,25,2.1,0.0,0.0,6,6,4,0,26,27,27,63,96,96,32,32,300,0,0,0,0,0,0,0,0,0
14.98,4.0,0.23,0.33,0.27,10.18,13.34,12.78,14.87,8.1,0.11,0.08,176.5,7.3,205,1,1,969,659,1126,0,1044,15.0,1027.0,698,33.7,34.3,0,2.4,2067.6,0,16.83,21.8,54.1,50.4,55.0,53.4,51.3,55.2,54.2,54.7,61.2,63.2,28.3,32.1,33.6,33.5,45,42,25,0.7,0.3,0.0,6,6,4,0,26,27,27,63,95,95,32,32,300,0,0,0,0,0,0,0,0,0
15.98,295.99,0.25,0.33,0.3,11.12,14.58,15.8,15.83,9.8,-0.02,-0.01,175.7,9.6,202,1,1,1625,661,1899,-4,1632,15.98,1526.6,1042,34.0,35.4,0,2.4,2067.6,0,16.83,21.4,55.1,51.4,56.2,54.5,52.4,56.3,54.3,55.1,61.3,63.3,28.4,32.1,33.6,33.6,58,53,25,0.0,0.6,-1.1,6,6,4,0,26,27,27,63,96,96,32,32,300,0,0,0,0,0,0,0,0,0
16.97,0.0,1.43,1.46,1.49,11.82,17.3,13.02,16.78,4.7,0.16,0.04,176.0,8.6,200,1,1,1659,660,1930,6,1929,16.9,1710.4,1168,33.5,35.0,0,2.4,2067.6,0,16.83,21.6,54.4,50.7,55.4,53.7,51.7,55.6,53.9,54.7,61.2,63.3,28.4,32.1,33.6,33.6,58,53,25,0.3,1.5,-2.0,6,6,4,0,26,27,27,63,96,96,32,32,300,0,0,0,0,0,0,0,0,0
15.16,344.99,0.23,0.33,0.27,10.8,14.3,13.56,15.04,2.5,-0.03,0.05,176.7,9.1,206,1,1,889,658,1034,0,1057,15.14,1030.4,706,33.5,34.1,0,2.4,2067.6,0,16.83,21.8,54.2,50.5,55.1,53.5,51.4,55.3,54.2,54.8,61.2,63.2,28.3,32.1,33.5,33.5,45,41,25,-0.2,0.3,-0.9,6,6,4,0,26,27,27,63,95,95,32,32,300,0,0,0,0,0,0,0,0,0
16.83,324.0,1.1,1.14,1.17,5.6,14.68,7.94,16.73,6.6,0.11,-0.08,175.9,12.4,201,1,1,1626,660,1902,0,1887,16.86,1707.1,1169,33.3,34.7,0,2.4,2067.6,0,16.83,21.7,54.3,50.6,55.2,53.6,51.6,55.5,53.9,54.6,61.2,63.3,28.4,32.1,33.6,33.6,57,52,25,23.7,64.9,31.2,6,6,4,0,26,27,27,63,96,96,32,32,300,0,0,0,0,0,0,0,0,0
13.57,58.0,0.23,0.32,0.27,10.54,10.78,10.8,13.42,1.1,-0.1,0.07,176.3,6.3,216,1,1,622,658,724,0,755,13.52,824.1,564,33.9,34.5,0,2.4,2067.6,0,16.83,21.8,54.4,50.7,55.3,53.7,51.7,55.5,54.2,54.8,61.1,63.2,28.2,32.1,33.4,33.5,43,41,25,0.2,0.0,-0.5,6,6,4,0,26,27,27,63,95,95,32,32,300,0,0,0,0,0,0,0,0,0
16.16,240.01,0.22,0.31,0.31,14.46,18.3,21.22,16.07,11.1,0.05,-0.02,175.5,8.9,201,1,1,1663,660,1945,0,1767,16.14,1583.6,1074,33.0,34.4,0,2.4,2067.6,0,16.83,21.7,53.9,50.2,54.9,53.2,51.2,55.1,53.9,54.6,61.2,63.3,28.3,32.1,33.7,33.6,55,50,25,-23.1,-24.8,-32.1,6,6,4,0,26,27,27,63,95,96,32,32,300,0,0,0,0,0,0,0,0,0
15.18,258.98,0.24,0.33,0.28,10.74,11.86,15.5,15.1,12.8,0.04,0.01,176.0,7.9,202,1,1,865,659,1009,0,1061,15.2,1037.1,709,33.5,34.2,0,2.4,2067.6,0,16.83,21.9,54.0,50.3,54.9,53.3,51.3,55.1,54.1,54.8,61.2,63.3,28.4,32.1,33.6,33.6,45,42,25,0.0,1.1,0.3,6,6,4,0,26,27,27,63,95,95,32,32,300,0,0,0,0,0,0,0,0,0
15.12,38.02,0.23,0.33,0.27,12.32,16.38,14.2,15.03,-13.1,0.1,0.06,176.8,8.4,214,1,1,1336,657,1559,-2,1415,15.14,1334.8,904,34.2,35.4,0,2.4,2067.6,0,16.83,21.8,54.5,50.7,55.4,53.8,51.7,55.6,54.0,54.7,61.1,63.2,28.2,32.1,33.3,33.5,53,50,25,0.0,-0.4,-1.3,6,6,4,0,26,27,27,63,96,96,32,32,300,0,0,0,0,0,0,0,0,0
16.23,96.98,0.26,0.32,0.34,15.08,12.86,11.92,16.14,5.0,0.03,-0.01,175.4,9.5,202,1,1,1485,661,1738,-7,1698,16.18,1563.3,1069,34.0,35.4,0,2.4,2067.6,0,16.83,21.4,54.9,51.2,55.9,54.3,52.2,56.1,54.1,54.9,61.3,63.3,28.4,32.1,33.6,33.6,57,54,25,1.7,-1.4,0.8,6,6,4,0,26,27,27,63,96,96,32,32,300,0,0,0,0,0,0,0,0,0
16.67,130.0,0.24,0.33,0.28,15.66,12.32,15.3,16.62,-1.3,0.0,-0.05,175.5,9.7,205,1,1,963,659,1118,-4,1565,16.6,1505.9,1054,33.2,34.0,0,2.4,2067.6,0,16.83,21.9,53.8,50.2,54.8,53.2,51.1,55.0,54.0,54.6,61.2,63.3,28.2,32.1,33.7,33.6,47,43,25,0.3,-1.1,2.4,6,6,4,0,26,27,27,63,95,95,32,32,300,0,0,0,0,0,0,0,0,0
14.91,166.0,0.24,0.33,0.27,12.54,10.46,13.64,14.87,8.7,0.01,0.06,176.6,6.7,206,1,1,872,658,1017,3,1029,14.9,1005.5,687,33.8,34.3,0,2.4,2067.6,0,16.83,21.8,54.3,50.5,55.2,53.6,51.5,55.3,54.2,54.9,61.2,63.2,28.3,32.1,33.5,33.5,44,40,25,0.0,0.0,1.2,6,6,4,0,26,27,27,63,95,95,32,32,300,0,0,0,0,0,0,0,0,0
16.55,274.0,0.49,0.55,0.56,15.24,21.14,20.44,16.41,4.0,-0.05,0.01,175.7,7.2,200,1,1,1659,660,1942,-2,1839,16.54,1658.6,1133,33.7,35.2,0,2.4,2067.6,0,16.83,21.5,54.6,50.9,55.6,53.9,51.9,55.8,54.0,54.7,61.2,63.3,28.4,32.1,33.6,33.6,58,54,25,-38.3,-45.1,-53.2,6,6,4,0,26,27,27,63,96,96,32,32,300,0,0,0,0,0,0,0,0,0
15.28,65.02,0.24,0.33,0.27,12.7,13.16,11.78,15.19,6.9,0.02,0.11,176.6,8.6,205,1,1,1307,659,1530,0,1399,15.26,1353.2,922,33.7,34.9,0,2.4,2067.6,0,16.83,22.0,54.3,50.6,55.3,53.6,51.5,55.3,53.8,54.6,61.1,63.2,28.2,32.1,33.3,33.5,53,50,25,1.7,-0.6,-0.3,6,6,4,0,26,27,27,63,96,96,32,32,300,0,0,0,0,0,0,0,0,0
15.96,150.98,0.26,0.33,0.3,14.36,11.48,14.5,15.9,0.7,0.05,-0.06,175.3,9.1,203,1,1,1454,660,1703,-8,1629,15.92,1517.1,1037,33.9,35.5,0,2.4,2067.6,0,16.83,21.5,55.2,51.5,56.2,54.5,52.5,56.4,54.3,55.1,61.3,63.4,28.4,32.1,33.7,33.6,57,54,25,0.3,0.0,2.6,6,6,4,0,26,27,27,63,96,96,32,32,300,0,0,0,0,0,0,0,0,0
13.89,185.0,0.23,0.32,0.27,12.24,11.74,13.52,13.92,-16.5,-0.02,-0.03,176.6,7.1,218,1,1,904,657,1052,-2,971,13.94,992.4,676,34.2,35.1,0,2.4,2067.6,0,16.83,21.8,54.6,50.8,55.5,53.9,51.8,55.7,54.2,54.9,61.1,63.2,28.2,32.1,33.3,33.5,48,46,25,-0.3,-0.3,-0.3,6,6,4,0,26,27,27,63,96,96,32,32,300,0,0,0,0,0,0,0,0,0
16.02,186.01,0.24,0.31,0.29,16.6,14.5,21.46,15.98,-4.9,0.0,0.01,175.5,10.2,204,1,1,1625,661,1887,6,1720,16.0,1562.7,1058,34.0,35.4,0,2.4,2067.6,0,16.83,21.4,55.1,51.4,56.1,54.5,52.4,56.3,54.2,55.0,61.3,63.3,28.4,32.1,33.6,33.6,58,53,25,-17.3,-10.3,-12.4,6,6,4,0,26,27,27,63,96,96,32,32,300,0,0,0,0,0,0,0,0,0
14.43,182.99,0.24,0.32,0.27,12.98,11.56,13.72,14.44,-12.2,0.07,-0.02,176.7,7.8,216,1,1,1123,657,1305,-8,1115,14.44,1123.2,766,34.2,35.2,0,2.4,2067.6,0,16.83,21.8,54.5,50.8,55.5,53.9,51.8,55.6,54.0,54.8,61.1,63.2,28.2,32.1,33.3,33.5,52,50,25,0.0,0.0,0.3,6,6,4,0,26,27,27,63,96,96,32,32,300,0,0,0,0,0,0,0,0,0
16.98,333.0,1.08,1.17,1.11,5.46,12.66,5.84,16.81,3.9,-0.01,0.02,175.6,10.5,204,1,1,964,659,1123,0,1768,16.96,1672.5,1170,33.1,34.0,0,2.4,2067.6,0,16.83,21.9,53.9,50.2,54.8,53.2,51.1,55.0,54.0,54.6,61.2,63.3,28.2,32.1,33.7,33.6,47,43,25,89.9,207.2,93.7,6,6,4,0,26,27,27,63,95,95,32,32,300,0,0,0,0,0,0,0,0,0
14.9,317.99,0.25,0.33,0.3,10.1,13.9,13.36,14.74,6.2,0.05,-0.05,175.9,9.9,202,1,1,1343,660,1575,-7,1306,14.9,1257.5,853,34.4,35.7,0,2.4,2067.6,0,16.83,21.5,55.3,51.6,56.3,54.7,52.7,56.5,54.5,55.2,61.3,63.3,28.4,32.1,33.7,33.6,54,52,25,0.2,2.2,-0.9,6,6,4,0,26,27,27,63,96,96,32,32,300,0,0,0,0,0,0,0,0,0
16.02,236.02,0.24,0.33,0.28,12.62,13.54,20.38,15.98,3.5,0.0,0.06,176.8,9.6,199,1,1,1414,661,1652,-5,1704,16.04,1560.5,1063,33.8,35.0,0,2.4,2067.6,0,16.83,21.8,54.0,50.3,55.0,53.4,51.2,55.1,53.7,54.4,61.1,63.2,28.2,32.0,33.3,33.5,56,51,25,-2.2,0.3,0.0,6,6,4,0,26,27,27,63,96,96,32,32,300,0,0,0,0,0,0,0,0,0
15.82,14.0,0.24,0.33,0.27,12.82,16.64,13.64,15.7,12.0,0.02,0.06,178.1,8.8,194,1,1,1398,660,1627,-4,1609,15.82,1496.6,1020,33.4,34.7,0,2.4,2067.6,0,16.83,21.8,53.6,49.9,54.6,53.0,50.8,54.7,53.6,54.3,61.0,63.1,28.2,31.9,33.3,33.5,55,52,25,0.3,-0.4,-2.7,6,6,4,0,26,27,27,63,95,95,31,31,300,0,0,0,0,0,0,0,0,0
15.05,78.01,0.24,0.33,0.27,12.22,12.18,11.96,14.94,12.7,-0.01,-0.04,175.5,8.1,202,1,1,874,660,1018,-2,1022,15.04,1013.5,693,33.3,34.0,0,2.4,2067.6,0,16.83,21.9,54.0,50.3,54.9,53.3,51.2,55.1,54.1,54.7,61.2,63.3,28.4,32.1,33.6,33.6,45,42,25,0.3,-1.1,0.0,6,6,4,0,26,27,27,63,95,95,32,32,300,0,0,0,0,0,0,0,0,0
14.97,164.02,0.24,0.32,0.27,12.96,11.46,13.2,14.91,2.3,0.18,-0.09,176.7,7.9,206,1,1,883,658,1036,2,1034,14.94,1009.2,690,33.8,34.4,0,2.4,2067.6,0,16.83,21.8,54.2,50.5,55.1,53.5,51.5,55.3,54.2,54.8,61.2,63.2,28.3,32.1,33.5,33.5,44,41,25,0.0,0.0,0.0,6,6,4,0,26,27,27,63,95,95,32,32,300,0,0,0,0,0,0,0,0,0
15.78,290.99,0.25,0.33,0.3,11.88,14.84,15.9,15.64,5.6,0.07,-0.03,175.7,8.7,203,1,1,1412,662,1655,-2,1620,15.78,1500.1,1021,34.0,35.4,0,2.4,2067.6,0,16.83,21.5,55.3,51.6,56.3,54.6,52.6,56.4,54.4,55.3,61.3,63.4,28.4,32.1,33.7,33.6,56,53,25,-0.8,0.0,-3.1,6,6,4,0,26,27,27,63,96,96,32,32,300,0,0,0,0,0,0,0,0,0
15.96,320.0,0.25,0.33,0.3,11.24,15.66,14.18,15.81,3.8,0.02,-0.01,175.5,8.7,203,1,1,1503,661,1759,-11,1645,15.96,1530.2,1044,34.0,35.3,0,2.4,2067.6,0,16.83,21.4,55.1,51.5,56.2,54.5,52.5,56.3,54.3,55.0,61.3,63.4,28.4,32.1,33.7,33.6,57,54,25,0.0,0.7,-0.9,6,6,4,0,26,27,27,63,96,96,32,32,300,0,0,0,0,0,0,0,0,0
16.05,155.02,0.41,0.49,0.44,15.02,11.94,16.3,16.03,26.0,-0.01,-0.05,175.0,8.4,217,1,1,1374,657,1585,20,1529,16.02,1371.4,927,33.0,33.8,0,2.4,2067.6,0,16.83,22.2,53.1,49.3,54.0,52.4,50.3,54.2,53.7,54.3,61.0,63.1,28.2,31.9,33.4,33.3,49,42,25,-0.3,0.0,2.5,6,6,4,0,26,27,27,62,95,95,31,31,300,0,0,0,0,0,0,0,0,0
15.84,181.01,0.26,0.33,0.31,13.66,11.38,17.14,15.76,11.7,0.02,0.03,175.6,9.3,197,1,1,1242,660,1453,15,1625,15.8,1506.7,1025,34.5,35.6,0,2.4,2067.6,0,16.83,21.5,55.4,51.7,56.4,54.8,52.8,56.6,54.6,55.3,61.3,63.4,28.4,32.1,33.7,33.6,53,47,25,-0.6,-0.3,2.3,6,6,4,0,26,27,27,63,96,96,32,32,300,0,0,0,0,0,0,0,0,0
13.41,55.01,0.23,0.32,0.27,9.1,10.6,11.5,13.36,-17.4,0.02,0.05,176.6,7.5,220,1,1,760,658,887,-4,785,13.42,851.0,579,33.9,34.9,0,2.4,2067.6,0,16.83,21.8,54.5,50.8,55.5,53.8,51.8,55.7,54.2,54.9,61.1,63.2,28.2,32.1,33.3,33.5,46,44,25,0.2,0.2,0.0,6,6,4,0,26,27,27,63,95,96,32,32,300,0,0,0,0,0,0,0,0,0
15.26,339.01,0.23,0.33,0.27,11.32,15.7,14.46,15.09,3.4,0.0,0.03,176.6,10.6,205,1,1,1266,658,1474,-4,1397,15.24,1338.6,913,34.1,35.3,0,2.4,2067.6,0,16.83,22.0,54.3,50.6,55.3,53.6,51.5,55.4,53.8,54.5,61.1,63.2,28.2,32.1,33.3,33.5,53,50,25,0.5,0.7,-1.9,6,6,4,0,26,27,27,63,96,96,32,32,300,0,0,0,0,0,0,0,0,0
15.87,204.01,0.24,0.33,0.28,13.02,11.16,17.6,15.8,14.1,0.0,-0.04,177.7,8.7,194,1,1,1392,660,1636,0,1607,15.84,1496.9,1022,33.2,34.6,0,2.4,2067.6,0,16.83,21.8,53.6,49.9,54.6,53.0,50.8,54.7,53.6,54.2,61.0,63.1,28.2,31.9,33.3,33.5,55,51,25,0.0,0.2,3.1,6,6,4,0,26,27,27,63,95,95,31,31,300,0,0,0,0,0,0,0,0,0
16.05,263.02,0.24,0.33,0.28,11.4,13.82,17.86,15.93,-3.1,-0.04,0.01,177.8,9.9,196,1,1,1380,661,1611,0,1649,16.04,1533.9,1048,33.7,34.8,0,2.4,2067.6,0,16.83,21.8,53.7,50.0,54.7,53.1,50.9,54.8,53.6,54.3,61.0,63.1,28.2,31.9,33.3,33.5,54,51,25,-0.8,2.2,1.2,6,6,4,0,26,27,27,63,95,95,31,31,300,0,0,0,0,0,0,0,0,0
15.99,335.02,0.23,0.33,0.28,10.48,15.84,15.36,15.79,4.2,-0.03,0.04,177.7,10.5,194,1,1,1371,660,1609,0,1629,15.94,1523.8,1041,33.6,34.9,0,2.4,2067.6,0,16.83,21.8,53.7,50.0,54.7,53.1,50.9,54.8,53.6,54.2,61.0,63.1,28.2,31.9,33.3,33.5,54,51,25,0.2,2.1,-1.7,6,6,4,0,26,27,27,63,95,95,31,31,300,0,0,0,0,0,0,0,0,0
16.64,352.01,0.35,0.43,0.42,5.92,13.24,7.04,16.48,17.7,-0.04,0.09,15.3,9.9,192,1,1,1649,658,1918,2,1708,16.62,1577.1,1085,32.8,34.0,0,2.4,2067.6,0,16.83,22.0,53.3,49.5,54.2,52.6,50.5,54.4,53.6,54.2,61.0,63.1,28.2,31.9,33.3,33.3,54,49,25,27.8,60.9,31.9,6,6,4,1,26,27,27,63,95,95,31,31,300,0,0,0,0,0,0,0,0,0
15.49,348.01,0.23,0.33,0.27,10.44,15.62,14.1,15.39,-1.9,0.05,0.01,176.6,10.4,206,1,1,1238,657,1438,0,1414,15.48,1373.0,940,34.2,35.2,0,2.4,2067.6,0,16.83,22.0,54.3,50.6,55.3,53.7,51.6,55.4,53.8,54.7,61.1,63.2,28.2,32.1,33.3,33.5,53,50,25,0.2,0.7,-1.9,6,6,4,0,26,27,27,63,96,96,32,32,300,0,0,0,0,0,0,0,0,0
14.72,348.98,0.23,0.33,0.27,9.7,13.18,12.24,14.59,7.3,0.04,0.08,176.4,7.1,211,1,1,671,658,782,2,949,14.7,965.7,665,33.6,34.1,0,2.4,2067.6,0,16.83,21.9,54.4,50.6,55.2,53.7,51.6,55.4,54.2,55.0,61.1,63.2,28.2,32.1,33.5,33.5,43,40,25,0.2,2.3,0.0,6,6,4,0,26,27,27,63,95,95,32,32,300,0,0,0,0,0,0,0,0,0
15.72,175.0,0.24,0.32,0.28,13.06,9.8,16.66,15.64,-6.2,-0.07,0.08,176.5,11.0,207,1,1,1235,657,1434,-2,1460,15.7,1425.1,980,34.0,35.4,0,2.4,2067.6,0,16.83,22.0,54.3,50.6,55.3,53.7,51.6,55.4,53.8,54.6,61.1,63.2,28.2,32.1,33.3,33.5,53,49,25,0.3,0.2,4.4,6,6,4,0,26,27,27,63,96,96,32,32,300,0,0,0,0,0,0,0,0,0
15.48,24.01,0.25,0.33,0.3,13.36,15.96,12.18,15.41,7.4,0.01,0.09,175.6,7.5,198,1,1,1386,660,1614,3,1524,15.5,1424.7,970,34.5,35.6,0,2.4,2067.6,0,16.83,21.5,55.4,51.7,56.4,54.8,52.8,56.6,54.6,55.4,61.3,63.4,28.4,32.2,33.7,33.6,54,48,25,0.0,-1.1,-1.6,6,6,4,0,26,27,27,63,96,96,32,32,300,0,0,0,0,0,0,0,0,0
14.53,85.0,0.24,0.32,0.27,12.88,11.86,13.1,14.45,3.6,-0.04,0.02,176.5,8.1,213,1,1,655,658,758,0,902,14.52,934.1,645,34.1,34.6,0,2.4,2067.6,0,16.83,21.8,54.4,50.6,55.3,53.7,51.6,55.4,54.2,54.8,61.1,63.2,28.2,32.1,33.5,33.5,43,40,25,0.3,-1.6,0.0,6,6,4,0,26,27,27,63,95,95,32,32,300,0,0,0,0,0,0,0,0,0
15.78,284.0,0.24,0.33,0.28,11.24,13.8,16.44,15.66,8.3,0.07,0.07,175.9,7.7,201,1,1,892,659,1039,2,1222,15.78,1182.0,818,33.5,34.3,0,2.4,2067.6,0,16.83,21.9,54.0,50.3,54.9,53.3,51.2,55.1,54.1,54.8,61.2,63.3,28.3,32.1,33.6,33.6,45,42,25,-0.2,1.5,-0.7,6,6,4,0,26,27,27,63,95,95,32,32,300,0,0,0,0,0,0,0,0,0
15.78,163.01,0.24,0.32,0.27,13.28,10.28,14.66,15.73,-12.7,-0.02,0.02,176.5,8.6,212,1,1,1398,657,1612,6,1582,15.74,1479.0,1010,34.0,35.0,0,2.4,2067.6,0,16.83,21.9,54.4,50.7,55.4,53.7,51.6,55.5,53.9,54.6,61.1,63.2,28.2,32.1,33.3,33.5,54,49,25,0.6,0.2,4.0,6,6,4,0,26,27,27,63,96,96,32,32,300,0,0,0,0,0,0,0,0,0
14.4,82.01,0.23,0.33,0.27,11.04,12.08,12.22,14.32,-8.4,0.12,0.01,176.7,7.5,216,1,1,1057,657,1236,-5,1083,14.38,1104.5,753,34.0,35.3,0,2.4,2067.6,0,16.83,21.8,54.5,50.8,55.5,53.8,51.8,55.6,54.0,54.6,61.2,63.2,28.2,32.1,33.2,33.5,50,48,25,0.0,-0.5,0.0,6,6,4,0,26,27,27,63,96,96,32,32,300,0,0,0,0,0,0,0,0,0
14.77,173.99,0.24,0.32,0.27,12.7,11.74,14.4,14.73,-0.3,-0.01,-0.01,176.4,8.1,206,1,1,916,659,1071,0,992,14.76,984.5,674,33.3,34.1,0,2.4,2067.6,0,16.83,21.9,54.0,50.3,55.0,53.3,51.3,55.1,54.1,54.7,61.2,63.3,28.3,32.1,33.6,33.5,45,42,25,0.0,-0.3,1.0,6,6,4,0,26,27,27,63,95,95,32,32,300,0,0,0,0,0,0,0,0,0
17.15,177.98,1.66,1.74,1.68,9.14,6.76,15.88,17.09,8.0,0.0,-0.08,175.4,9.9,204,1,1,985,658,1149,3,1930,17.1,1696.2,1162,33.2,34.1,0,2.4,2067.6,0,16.83,21.8,53.9,50.2,54.8,53.2,51.1,55.0,54.0,54.7,61.2,63.3,28.2,32.1,33.7,33.6,47,43,25,30.7,22.2,57.5,6,6,4,0,26,27,27,63,95,95,32,32,300,0,0,0,0,0,0,0,0,0
13.73,294.98,0.23,0.32,0.27,9.3,10.02,11.74,13.61,6.3,-0.1,-0.05,176.4,6.9,214,1,1,613,658,716,0,772,13.72,847.4,579,33.8,34.3,0,2.4,2067.6,0,16.83,21.8,54.4,50.7,55.3,53.7,51.6,55.5,54.2,54.9,61.1,63.2,28.2,32.1,33.4,33.5,43,41,25,0.2,0.2,0.3,6,6,4,0,26,27,27,63,95,96,32,32,300,0,0,0,0,0,0,0,0,0
15.68,351.0,0.24,0.33,0.28,11.42,15.38,13.92,15.55,-3.7,-0.02,0.01,176.8,9.4,200,1,1,1437,661,1676,3,1594,15.68,1479.4,1001,33.9,35.0,0,2.4,2067.6,0,16.83,21.8,54.1,50.4,55.1,53.4,51.3,55.2,53.7,54.5,61.1,63.2,28.2,32.0,33.3,33.5,56,51,25,0.3,0.7,-2.5,6,6,4,0,26,27,27,63,96,96,32,32,300,0,0,0,0,0,0,0,0,0
16.26,212.0,0.5,0.58,0.58,18.06,20.04,26.3,16.23,7.9,0.0,0.04,175.3,8.7,202,1,1,1682,660,1964,0,1884,16.28,1724.2,1170,33.3,34.3,0,2.4,2067.6,0,16.83,21.8,53.9,50.2,54.8,53.2,51.1,55.0,53.9,54.6,61.2,63.3,28.3,32.1,33.7,33.6,55,50,25,-222.4,-237.5,-310.5,6,6,4,0,26,27,27,63,95,95,32,32,300,0,0,0,0,0,0,0,0,0
13.22,101.99,0.23,0.32,0.27,9.54,10.56,11.16,13.17,-14.9,-0.01,-0.01,176.6,6.2,220,1,1,722,658,840,-4,733,13.2,797.9,543,33.9,34.8,0,2.4,2067.6,0,16.83,21.8,54.5,50.8,55.5,53.8,51.7,55.6,54.2,54.8,61.1,63.2,28.2,32.1,33.3,33.5,45,43,25,0.2,0.0,0.0,6,6,4,0,26,27,27,63,95,96,32,32,300,0,0,0,0,0,0,0,0,0
16.31,103.0,0.25,0.34,0.31,15.78,13.14,13.86,16.27,10.6,0.03,0.0,175.4,9.6,200,1,1,1629,660,1900,0,1712,16.28,1583.7,1084,32.9,34.1,0,2.4,2067.6,0,16.83,21.7,54.0,50.3,54.9,53.3,51.2,55.1,53.9,54.5,61.2,63.3,28.3,32.1,33.7,33.6,55,51,25,-0.4,-2.9,0.0,6,6,4,0,26,27,27,63,95,96,32,32,300,0,0,0,0,0,0,0,0,0
16.2,304.99,0.24,0.33,0.28,13.14,16.08,18.26,16.08,4.3,-0.03,0.03,176.9,8.8,198,1,1,1464,661,1707,-5,1729,16.2,1580.7,1080,33.7,34.9,0,2.4,2067.6,0,16.83,21.8,54.0,50.3,55.0,53.3,51.2,55.1,53.7,54.4,61.1,63.2,28.2,32.0,33.3,33.4,55,52,25,-0.3,1.1,-2.4,6,6,4,0,26,27,27,63,96,96,32,32,300,0,0,0,0,0,0,0,0,0
16.44,128.99,0.26,0.32,0.34,16.94,13.1,14.22,16.41,1.7,-0.02,-0.03,175.3,9.9,202,1,1,1415,661,1660,-5,1767,16.42,1614.0,1104,34.0,35.4,0,2.4,2067.6,0,16.83,21.4,54.9,51.2,55.9,54.3,52.3,56.1,54.2,54.9,61.3,63.3,28.4,32.1,33.6,33.6,57,53,25,0.0,-1.7,2.0,6,6,4,0,26,27,27,63,96,96,32,32,300,0,0,0,0,0,0,0,0,0
16.44,150.01,0.25,0.33,0.35,19.92,13.3,16.14,16.41,8.3,-0.15,0.08,157.7,9.6,193,1,1,1664,659,1937,2,1811,16.42,1634.7,1115,33.3,34.5,0,2.4,2067.6,0,16.83,21.9,53.4,49.6,54.4,52.7,50.6,54.5,53.5,54.2,61.0,63.1,28.2,31.9,33.3,33.4,56,50,25,-6.2,-3.8,-0.7,6,6,4,0,26,27,27,63,95,95,31,31,300,0,0,0,0,0,0,0,0,0
16.26,286.99,0.24,0.33,0.28,11.8,15.02,17.7,16.14,2.2,0.01,0.16,177.1,9.4,199,1,1,1477,661,1730,5,1751,16.26,1601.4,1093,33.5,34.7,0,2.4,2067.6,0,16.83,21.8,53.9,50.2,54.9,53.2,51.1,55.0,53.6,54.3,61.1,63.1,28.2,31.9,33.3,33.5,56,51,25,-0.5,2.1,0.0,6,6,4,0,26,27,27,63,95,96,31,31,300,0,0,0,0,0,0,0,0,0
15.36,163.01,0.24,0.32,0.28,13.16,11.04,14.52,15.29,-1.8,0.02,-0.06,176.6,10.8,206,1,1,1244,657,1450,-2,1380,15.34,1339.7,919,34.2,35.2,0,2.4,2067.6,0,16.83,22.0,54.3,50.6,55.3,53.6,51.6,55.4,53.8,54.6,61.1,63.2,28.2,32.1,33.3,33.5,53,50,25,0.0,0.0,1.9,6,6,4,0,26,27,27,63,96,96,32,32,300,0,0,0,0,0,0,0,0,0
15.96,63.0,0.26,0.33,0.3,14.54,15.24,12.44,15.85,11.7,0.05,0.08,175.8,9.2,198,1,1,1050,660,1220,6,1584,15.92,1499.5,1035,34.5,35.8,0,2.4,2067.6,0,16.83,21.6,55.4,51.8,56.4,54.8,52.8,56.6,54.6,55.5,61.3,63.4,28.4,32.2,33.7,33.6,51,48,25,0.3,-2.6,-0.3,6,6,4,0,26,27,27,63,96,96,32,32,300,0,0,0,0,0,0,0,0,0
13.15,136.01,0.23,0.32,0.27,10.32,10.64,11.58,13.09,-10.6,-0.05,-0.04,176.6,8.5,219,1,1,692,658,800,-4,694,13.12,780.3,533,34.1,34.8,0,2.4,2067.6,0,16.83,21.8,54.5,50.7,55.4,53.8,51.7,55.6,54.2,54.8,61.1,63.2,28.2,32.1,33.3,33.5,44,42,25,0.0,0.0,-0.3,6,6,4,0,26,27,27,63,95,96,32,32,300,0,0,0,0,0,0,0,0,0
14.19,227.99,0.23,0.32,0.27,11.6,11.1,13.8,14.14,-11.3,0.0,0.0,176.6,8.6,216,1,1,945,657,1109,0,1034,14.22,1055.7,721,34.1,34.9,0,2.4,2067.6,0,16.83,21.8,54.5,50.8,55.5,53.9,51.8,55.7,54.1,54.8,61.1,63.2,28.2,32.1,33.2,33.5,49,47,25,-0.3,0.0,0.0,6,6,4,0,26,27,27,63,95,96,32,32,300,0,0,0,0,0,0,0,0,0
14.82,225.0,0.25,0.33,0.3,11.08,10.86,15.72,14.74,8.0,0.02,0.01,175.9,9.0,201,1,1,1270,660,1483,-10,1247,14.8,1224.4,832,34.3,35.4,0,2.4,2067.6,0,16.83,21.5,55.4,51.7,56.4,54.8,52.7,56.6,54.5,55.4,61.3,63.4,28.4,32.1,33.7,33.6,54,52,25,-1.0,0.2,0.7,6,6,4,0,26,27,27,63,96,96,32,32,300,0,0,0,0,0,0,0,0,0
14.86,272.99,0.23,0.33,0.28,11.82,12.72,15.82,14.74,4.6,0.08,0.02,176.5,7.8,205,1,1,959,659,1118,0,1039,14.88,1009.7,689,33.2,34.0,0,2.4,2067.6,0,16.83,21.8,54.1,50.3,55.0,53.4,51.3,55.2,54.2,54.7,61.1,63.3,28.3,32.1,33.6,33.5,45,42,25,-0.8,0.0,-0.7,6,6,4,0,26,27,27,63,95,95,32,32,300,0,0,0,0,0,0,0,0,0
15.26,74.02,0.24,0.33,0.27,13.66,13.36,12.5,15.18,-1.7,-0.12,0.01,175.8,6.9,203,1,1,1143,660,1336,8,1137,15.24,1068.0,722,33.3,34.2,0,2.4,2067.6,0,16.83,21.9,53.9,50.2,54.9,53.2,51.1,55.0,54.0,54.6,61.2,63.3,28.3,32.1,33.7,33.5,47,42,25,2.1,-0.3,0.3,6,6,4,0,26,27,27,63,95,95,32,32,300,0,0,0,0,0,0,0,0,0
16.38,185.0,0.2,0.25,0.27,22.56,16.96,24.2,16.33,3.4,0.0,-0.09,175.3,9.6,200,1,1,1599,661,1874,-4,1813,16.36,1627.5,1111,33.9,35.2,0,2.4,2067.6,0,16.83,21.4,54.7,51.0,55.8,54.1,52.0,55.9,54.1,54.9,61.2,63.3,28.4,32.1,33.6,33.6,58,54,25,-127.4,-95.8,-127.5,6,6,4,0,26,27,27,63,96,96,32,32,300,0,0,0,0,0,0,0,0,0
14.86,73.01,0.24,0.33,0.27,13.04,13.26,12.88,14.77,8.0,0.03,0.09,176.4,7.1,210,1,1,746,658,864,5,1010,14.84,999.6,682,33.7,34.1,0,2.4,2067.6,0,16.83,21.8,54.3,50.6,55.2,53.6,51.5,55.4,54.2,54.8,61.2,63.2,28.2,32.1,33.5,33.5,43,40,25,0.9,-1.1,0.0,6,6,4,0,26,27,27,63,95,95,32,32,300,0,0,0,0,0,0,0,0,0
16.2,225.0,0.41,0.5,0.45,11.68,12.52,18.94,16.13,21.5,0.0,-0.15,174.7,10.6,218,1,1,1172,656,1346,21,1652,16.2,1449.5,980,33.0,33.6,0,2.4,2067.6,0,16.83,22.2,53.1,49.3,54.0,52.4,50.3,54.1,53.7,54.2,61.0,63.1,28.2,31.9,33.4,33.3,49,42,25,-1.3,1.1,-0.8,6,6,4,0,26,27,27,63,95,95,31,31,300,0,0,0,0,0,0,0,0,0
16.13,229.0,0.24,0.33,0.28,13.04,13.12,18.64,16.04,5.3,0.0,0.04,176.9,8.1,198,1,1,1507,661,1765,2,1741,16.12,1577.2,1075,33.5,34.9,0,2.4,2067.6,0,16.83,21.8,53.9,50.2,54.9,53.2,51.1,55.0,53.6,54.3,61.1,63.2,28.2,32.0,33.3,33.5,56,51,25,-2.3,0.3,0.4,6,6,4,0,26,27,27,63,95,96,32,32,300,0,0,0,0,0,0,0,0,0
15.94,104.0,0.26,0.33,0.3,14.52,13.02,11.28,15.91,7.0,0.1,0.04,175.5,8.6,202,1,1,1646,661,1924,2,1644,15.94,1523.3,1040,33.9,35.3,0,2.4,2067.6,0,16.83,21.4,55.1,51.4,56.1,54.5,52.4,56.3,54.3,55.0,61.3,63.3,28.4,32.1,33.6,33.6,58,53,25,1.0,-0.6,0.8,6,6,4,0,26,27,27,63,96,96,32,32,300,0,0,0,0,0,0,0,0,0
16.17,42.01,0.24,0.33,0.27,13.22,16.06,13.18,16.1,4.5,0.08,0.0,176.9,8.9,198,1,1,1440,661,1692,-5,1735,16.18,1579.6,1079,33.6,34.8,0,2.4,2067.6,0,16.83,21.8,54.0,50.3,55.0,53.4,51.2,55.1,53.7,54.5,61.1,63.2,28.2,32.0,33.3,33.5,55,52,25,2.4,0.0,-0.9,6,6,4,0,26,27,27,63,96,96,32,32,300,0,0,0,0,0,0,0,0,0
15.99,69.98,0.24,0.33,0.27,14.5,15.86,13.52,15.89,2.6,0.07,0.03,177.6,10.0,195,1,1,1372,661,1600,-2,1634,15.96,1527.0,1041,33.3,34.6,0,2.4,2067.6,0,16.83,21.8,53.7,50.0,54.7,53.1,50.9,54.8,53.6,54.2,61.0,63.1,28.2,31.9,33.3,33.5,54,51,25,1.6,-0.7,-0.6,6,6,4,0,26,27,27,63,95,95,31,31,300,0,0,0,0,0,0,0,0,0
15.3,342.0,0.23,0.33,0.27,11.02,15.0,13.66,15.15,-0.7,0.12,0.07,175.8,7.1,203,1,1,1122,660,1305,8,1134,15.28,1073.7,726,33.4,34.3,0,2.4,2067.6,0,16.83,21.9,53.9,50.2,54.9,53.2,51.2,55.0,54.1,54.6,61.2,63.3,28.3,32.1,33.7,33.5,47,42,25,0.0,0.3,0.0,6,6,4,0,26,27,27,63,95,95,32,32,300,0,0,0,0,0,0,0,0,0
14.3,67.0,0.23,0.33,0.27,10.08,10.92,10.78,14.2,-6.9,0.0,0.08,176.5,7.7,215,1,1,1005,658,1172,-4,1074,14.28,1081.3,739,34.2,35.1,0,2.4,2067.6,0,16.83,21.8,54.6,50.8,55.5,53.9,51.8,55.7,54.1,54.9,61.1,63.2,28.2,32.1,33.2,33.5,50,48,25,0.5,0.0,0.5,6,6,4,0,26,27,27,63,95,96,32,32,300,0,0,0,0,0,0,0,0,0
16.93,101.02,1.44,1.46,1.49,16.72,14.54,13.62,16.95,7.0,0.1,-0.01,175.9,8.8,200,1,1,1660,660,1942,6,1932,16.92,1710.7,1167,33.2,34.8,0,2.4,2067.6,0,16.83,21.6,54.4,50.7,55.4,53.8,51.7,55.6,53.9,54.7,61.2,63.3,28.4,32.1,33.6,33.6,58,53,25,0.7,-2.3,0.0,6,6,4,0,26,27,27,63,96,96,32,32,300,0,0,0,0,0,0,0,0,0
15.65,16.99,0.24,0.33,0.27,11.2,16.12,12.96,15.55,-11.6,0.0,0.03,176.6,9.9,212,1,1,1381,657,1608,-4,1526,15.64,1450.4,989,34.2,35.3,0,2.4,2067.6,0,16.83,21.9,54.4,50.7,55.4,53.8,51.7,55.5,53.9,54.7,61.1,63.2,28.2,32.1,33.3,33.5,54,49,25,1.0,2.2,-0.3,6,6,4,0,26,27,27,63,96,96,32,32,300,0,0,0,0,0,0,0,0,0
16.2,290.02,0.41,0.5,0.44,12.38,16.26,16.16,16.07,18.7,0.06,0.01,14.4,9.8,206,1,1,1268,656,1464,0,1540,16.22,1429.5,974,32.7,33.5,0,2.4,2067.6,0,16.83,22.1,53.1,49.4,54.0,52.4,50.3,54.2,53.7,54.1,61.0,63.1,28.2,31.9,33.4,33.3,50,46,25,-0.6,2.2,-1.8,6,6,4,1,26,27,27,63,95,95,31,31,300,0,0,0,0,0,0,0,0,0
15.12,227.99,0.25,0.33,0.3,11.24,11.08,15.82,15.07,4.0,0.02,0.04,175.7,9.7,203,1,1,1407,660,1645,0,1413,15.12,1337.0,902,34.0,35.4,0,2.4,2067.6,0,16.83,21.5,55.3,51.6,56.3,54.7,52.6,56.5,54.4,55.3,61.3,63.4,28.4,32.1,33.7,33.6,56,52,25,-1.2,0.2,0.4,6,6,4,0,26,27,27,63,96,96,32,32,300,0,0,0,0,0,0,0,0,0
16.0,166.0,0.24,0.33,0.28,15.58,11.94,17.96,15.99,-1.3,0.02,-0.13,177.6,10.8,195,1,1,1377,661,1599,0,1639,16.0,1528.3,1044,33.7,34.9,0,2.4,2067.6,0,16.83,21.8,53.7,50.0,54.7,53.1,50.9,54.8,53.6,54.3,61.0,63.1,28.2,31.9,33.3,33.5,54,51,25,0.0,-0.3,2.8,6,6,4,0,26,27,27,63,95,95,31,31,300,0,0,0,0,0,0,0,0,0
14.79,166.0,0.24,0.32,0.28,11.58,9.84,13.72,14.77,6.0,-0.01,0.05,176.4,7.9,211,1,1,695,658,806,3,978,14.78,983.1,673,33.9,34.7,0,2.4,2067.6,0,16.83,21.9,54.3,50.6,55.2,53.6,51.6,55.4,54.2,54.8,61.2,63.2,28.2,32.1,33.5,33.5,43,40,25,0.3,0.0,2.1,6,6,4,0,26,27,27,63,95,95,32,32,300,0,0,0,0,0,0,0,0,0
14.61,29.02,0.23,0.33,0.27,9.96,12.3,11.54,14.51,-16.1,0.03,0.0,176.7,9.0,216,1,1,1271,657,1474,-5,1191,14.62,1191.2,801,34.2,35.4,0,2.4,2067.6,0,16.83,21.8,54.5,50.8,55.4,53.8,51.7,55.6,54.0,54.7,61.1,63.2,28.2,32.1,33.3,33.5,52,50,25,0.2,1.6,0.0,6,6,4,0,26,27,27,63,96,96,32,32,300,0,0,0,0,0,0,0,0,0
16.92,65.02,1.25,1.28,1.3,10.6,10.68,7.84,16.79,8.7,-0.03,0.07,175.8,10.3,201,1,1,1635,659,1890,-2,1913,16.88,1713.6,1169,33.5,34.9,0,2.4,2067.6,0,16.83,21.7,54.3,50.6,55.2,53.6,51.6,55.5,54.0,54.7,61.2,63.3,28.4,32.1,33.6,33.6,57,52,25,27.6,22.8,19.7,6,6,4,0,26,27,27,63,96,96,32,32,300,0,0,0,0,0,0,0,0,0
16.14,74.02,0.26,0.34,0.34,13.78,12.38,9.38,16.07,7.4,0.0,0.03,175.5,8.9,202,1,1,1657,660,1921,-4,1719,16.14,1566.6,1070,33.3,34.5,0,2.4,2067.6,0,16.83,21.7,53.9,50.2,54.9,53.3,51.2,55.1,53.9,54.6,61.2,63.3,28.3,32.1,33.7,33.6,55,50,25,2.1,0.3,0.6,6,6,4,0,26,27,27,63,95,96,32,32,300,0,0,0,0,0,0,0,0,0
15.94,177.01,0.41,0.5,0.44,14.36,11.96,14.84,15.88,18.1,-0.09,0.01,14.6,9.1,215,1,1,1453,656,1689,3,1403,15.92,1286.6,878,33.0,33.6,0,2.4,2067.6,0,16.83,22.1,53.1,49.3,54.0,52.4,50.3,54.1,53.7,54.2,61.0,63.1,28.2,31.9,33.4,33.3,49,44,25,0.0,-0.3,1.0,6,6,4,1,26,27,27,63,95,95,31,31,300,0,0,0,0,0,0,0,0,0
17.01,37.01,1.44,1.47,1.49,14.1,14.92,9.7,16.89,8.9,-0.04,-0.03,175.8,9.6,199,1,1,1666,660,1954,2,1951,17.02,1705.3,1164,33.3,34.8,0,2.4,2067.6,0,16.83,21.6,54.5,50.7,55.4,53.8,51.8,55.7,54.0,54.7,61.2,63.3,28.4,32.1,33.6,33.6,58,53,25,8.2,3.3,2.4,6,6,4,0,26,27,27,63,96,96,32,32,300,0,0,0,0,0,0,0,0,0
16.89,294.01,1.16,1.23,1.24,3.5,14.08,10.7,16.73,16.0,0.14,-0.14,15.4,11.0,192,1,1,1547,658,1796,-11,1862,16.9,1704.0,1169,32.8,34.0,0,2.4,2067.6,0,16.83,22.0,53.3,49.5,54.2,52.5,50.4,54.4,53.6,54.0,61.0,63.1,28.2,31.9,33.3,33.3,54,51,25,17.8,75.4,51.6,6,6,4,1,26,27,27,63,95,95,31,31,300,0,0,0,0,0,0,0,0,0
15.42,175.0,0.24,0.32,0.28,13.4,10.92,15.3,15.39,15.4,-0.1,-0.01,175.7,7.0,201,1,1,871,659,1006,0,1101,15.4,1065.7,731,33.5,34.3,0,2.4,2067.6,0,16.83,21.9,54.0,50.3,54.9,53.3,51.2,55.1,54.1,54.7,61.2,63.2,28.3,32.1,33.6,33.6,45,42,25,0.0,-0.2,1.0,6,6,4,0,26,27,27,63,95,95,32,32,300,0,0,0,0,0,0,0,0,0
16.03,13.0,0.25,0.33,0.3,12.68,17.54,12.44,15.92,16.6,-0.03,-0.03,175.2,8.5,196,1,1,1285,660,1492,5,1628,16.02,1524.3,1044,34.4,35.4,0,2.4,2067.6,0,16.83,21.5,55.5,51.8,56.5,54.8,52.8,56.7,54.7,55.6,61.4,63.5,28.4,32.2,33.8,33.6,54,49,25,0.3,-0.8,-1.9,6,6,4,0,26,27,27,63,96,96,32,32,300,0,0,0,0,0,0,0,0,0
14.65,261.0,0.23,0.32,0.28,10.98,11.64,15.62,14.55,6.3,0.02,-0.03,176.4,7.7,212,1,1,666,658,779,2,932,14.68,956.5,661,33.7,34.1,0,2.4,2067.6,0,16.83,21.9,54.4,50.6,55.3,53.7,51.6,55.4,54.2,54.9,61.1,63.2,28.2,32.1,33.5,33.5,43,40,25,-0.5,0.3,0.0,6,6,4,0,26,27,27,63,95,95,32,32,300,0,0,0,0,0,0,0,0,0
16.86,342.0,1.45,1.49,1.51,20.14,24.76,19.5,16.71,6.2,0.13,0.1,175.8,8.9,200,1,1,1664,660,1945,0,1919,16.84,1707.0,1167,33.5,34.9,0,2.4,2067.6,0,16.83,21.5,54.5,50.8,55.5,53.8,51.8,55.7,54.0,54.7,61.2,63.3,28.4,32.1,33.6,33.6,58,54,25,-94.5,-120.0,-93.2,6,6,4,0,26,27,27,63,96,96,32,32,300,0,0,0,0,0,0,0,0,0
16.62,40.0,0.25,0.34,0.31,13.42,14.54,10.58,16.53,9.6,0.02,0.02,175.4,10.1,200,1,1,1538,660,1790,-13,1772,16.6,1643.2,1128,33.0,34.5,0,2.4,2067.6,0,16.83,21.7,54.0,50.3,55.0,53.3,51.3,55.1,53.9,54.6,61.2,63.3,28.4,32.1,33.7,33.6,55,51,25,4.2,0.6,0.2,6,6,4,0,26,27,27,63,95,96,32,32,300,0,0,0,0,0,0,0,0,0
16.55,113.0,0.48,0.53,0.54,15.48,13.66,12.44,16.53,8.5,-0.02,0.03,175.5,8.3,199,1,1,1647,661,1927,-2,1835,16.52,1654.9,1130,33.7,35.3,0,2.4,2067.6,0,16.83,21.5,54.6,50.9,55.7,54.0,51.9,55.8,54.0,54.8,61.2,63.3,28.4,32.1,33.5,33.6,58,54,25,1.4,-1.2,0.8,6,6,4,0,26,27,27,63,96,96,32,32,300,0,0,0,0,0,0,0,0,0
16.23,208.01,0.24,0.33,0.28,13.86,12.22,19.22,16.18,4.2,-0.07,-0.04,176.8,9.8,198,1,1,1470,661,1724,-4,1677,16.22,1572.8,1078,33.7,35.1,0,2.4,2067.6,0,16.83,21.8,54.0,50.3,55.0,53.3,51.2,55.1,53.7,54.4,61.1,63.2,28.2,32.0,33.3,33.5,55,52,25,-1.5,0.0,3.8,6,6,4,0,26,27,27,63,96,96,32,32,300,0,0,0,0,0,0,0,0,0
15.06,317.99,0.25,0.33,0.3,9.94,13.88,13.26,14.93,8.9,0.08,0.01,175.8,8.4,202,1,1,1407,660,1639,0,1377,15.08,1315.2,888,34.4,35.7,0,2.4,2067.6,0,16.83,21.5,55.3,51.6,56.4,54.7,52.7,56.5,54.4,55.3,61.3,63.4,28.4,32.1,33.7,33.6,56,52,25,-0.2,1.5,-1.2,6,6,4,0,26,27,27,63,96,96,32,32,300,0,0,0,0,0,0,0,0,0
15.87,36.0,0.24,0.33,0.27,13.3,15.5,13.58,15.79,0.6,0.03,0.0,178.9,9.5,196,1,1,1549,660,1814,0,1652,15.88,1510.0,1032,33.3,34.6,0,2.4,2067.6,0,16.83,21.8,53.5,49.7,54.4,52.8,50.7,54.6,53.5,54.1,61.0,63.1,28.2,31.9,33.3,33.5,56,52,25,1.2,0.0,-0.6,6,6,4,0,26,27,27,63,95,95,31,31,300,0,0,0,0,0,0,0,0,0
16.33,321.98,0.24,0.33,0.28,11.66,15.76,16.54,16.17,-5.3,0.03,-0.02,177.4,8.7,199,1,1,1411,660,1654,2,1752,16.32,1605.3,1096,33.5,34.8,0,2.4,2067.6,0,16.83,21.8,53.8,50.1,54.8,53.2,51.0,54.9,53.6,54.3,61.0,63.1,28.2,31.9,33.4,33.5,55,51,25,0.0,1.1,-1.5,6,6,4,0,26,27,27,63,95,95,31,31,300,0,0,0,0,0,0,0,0,0
16.16,261.0,0.41,0.5,0.45,12.54,15.38,17.74,16.06,16.7,0.01,0.04,15.8,9.3,209,1,1,1218,655,1407,-2,1483,16.16,1373.3,945,32.8,33.9,0,2.4,2067.6,0,16.83,22.1,53.1,49.4,54.0,52.4,50.3,54.2,53.7,54.3,61.0,63.1,28.2,31.9,33.4,33.3,49,46,25,-1.4,1.7,-0.4,6,6,4,1,26,27,27,63,95,95,31,31,300,0,0,0,0,0,0,0,0,0
15.93,82.01,0.41,0.5,0.44,14.54,14.5,11.36,15.82,23.9,-0.01,-0.04,14.8,8.0,215,1,1,1449,656,1682,8,1427,15.9,1297.6,877,32.8,33.4,0,2.4,2067.6,0,16.83,22.2,53.1,49.3,54.0,52.4,50.3,54.1,53.7,54.3,61.0,63.1,28.2,31.9,33.4,33.3,49,44,25,1.6,-1.0,0.0,6,6,4,1,26,27,27,63,95,95,31,31,300,0,0,0,0,0,0,0,0,0
16.45,87.01,0.45,0.51,0.51,23.78,18.8,18.02,16.36,7.5,0.06,0.06,175.2,9.8,199,1,1,1616,661,1887,-2,1832,16.42,1636.3,1118,33.6,35.2,0,2.4,2067.6,0,16.83,21.4,54.7,51.0,55.8,54.1,52.0,55.9,54.0,54.9,61.2,63.3,28.4,32.1,33.6,33.6,58,54,25,-34.4,-33.4,-25.6,6,6,4,0,26,27,27,63,96,96,32,32,300,0,0,0,0,0,0,0,0,0
15.78,49.0,0.24,0.33,0.27,13.52,16.9,14.0,15.73,-13.3,0.01,-0.03,176.5,9.5,211,1,1,1273,657,1467,5,1625,15.8,1499.2,1022,33.9,35.1,0,2.4,2067.6,0,16.83,21.9,54.4,50.7,55.3,53.7,51.6,55.5,53.9,54.7,61.1,63.2,28.2,32.1,33.3,33.5,54,49,25,0.0,-1.1,-0.6,6,6,4,0,26,27,27,63,95,96,32,32,300,0,0,0,0,0,0,0,0,0
16.44,200.99,0.25,0.33,0.31,13.48,11.1,17.44,16.36,11.3,0.01,-0.03,175.4,9.6,200,1,1,1626,660,1893,-2,1740,16.4,1599.3,1096,33.0,34.4,0,2.4,2067.6,0,16.83,21.7,54.0,50.3,54.9,53.3,51.2,55.1,53.9,54.5,61.2,63.3,28.3,32.1,33.7,33.6,55,51,25,-0.6,0.0,2.3,6,6,4,0,26,27,27,63,95,96,32,32,300,0,0,0,0,0,0,0,0,0
15.73,275.0,0.25,0.33,0.3,12.1,14.82,16.16,15.59,11.0,-0.03,0.0,175.7,8.9,197,1,1,1285,660,1499,15,1607,15.76,1489.6,1015,34.2,35.4,0,2.4,2067.6,0,16.83,21.5,55.4,51.8,56.4,54.8,52.8,56.6,54.6,55.4,61.3,63.4,28.4,32.2,33.7,33.6,53,47,25,-0.5,1.3,-1.4,6,6,4,0,26,27,27,63,96,96,32,32,300,0,0,0,0,0,0,0,0,0
15.61,324.0,0.23,0.33,0.28,10.7,16.2,13.92,15.47,-0.6,0.17,0.04,175.9,7.9,202,1,1,996,660,1159,3,1309,15.6,1190.8,803,33.5,34.0,0,2.4,2067.6,0,16.83,21.9,53.9,50.2,54.9,53.2,51.2,55.1,54.1,54.7,61.2,63.3,28.3,32.1,33.7,33.5,46,42,25,0.2,1.0,-0.6,6,6,4,0,26,27,27,63,95,95,32,32,300,0,0,0,0,0,0,0,0,0
16.51,216.0,0.3,0.34,0.4,11.88,11.88,18.52,16.48,10.0,-0.02,-0.06,175.3,10.6,199,1,1,1517,660,1765,6,1841,16.5,1644.7,1123,33.2,34.6,0,2.4,2067.6,0,16.83,21.7,54.1,50.4,55.1,53.4,51.4,55.2,53.9,54.6,61.2,63.3,28.4,32.1,33.7,33.6,56,51,25,-1.8,1.6,4.1,6,6,4,0,26,27,27,63,96,96,32,32,300,0,0,0,0,0,0,0,0,0
13.47,334.01,0.23,0.32,0.27,10.24,11.2,12.32,13.35,-18.5,0.1,0.03,176.7,7.9,220,1,1,771,658,896,-5,792,13.48,856.3,584,34.2,35.0,0,2.4,2067.6,0,16.83,21.8,54.5,50.8,55.5,53.8,51.8,55.7,54.2,54.9,61.1,63.2,28.2,32.1,33.3,33.5,46,44,25,0.0,0.0,-0.5,6,6,4,0,26,27,27,63,95,96,32,32,300,0,0,0,0,0,0,0,0,0
15.68,81.0,0.24,0.33,0.27,14.94,14.58,13.48,15.5,-3.7,0.07,0.01,176.6,10.4,207,1,1,1239,657,1441,0,1448,15.6,1396.2,959,34.0,35.1,0,2.4,2067.6,0,16.83,22.0,54.3,50.6,55.3,53.7,51.6,55.4,53.9,54.6,61.1,63.2,28.2,32.1,33.3,33.5,53,49,25,1.0,-1.3,-0.6,6,6,4,0,26,27,27,63,96,96,32,32,300,0,0,0,0,0,0,0,0,0
15.47,298.01,0.23,0.33,0.28,10.24,13.78,16.64,15.38,-13.4,0.08,0.06,176.7,9.1,213,1,1,1370,657,1588,0,1534,15.54,1430.6,974,34.2,35.4,0,2.4,2067.6,0,16.83,21.9,54.5,50.7,55.4,53.8,51.7,55.5,54.0,54.6,61.1,63.2,28.2,32.1,33.3,33.5,54,50,25,0.0,1.8,1.5,6,6,4,0,26,27,27,63,96,96,32,32,300,0,0,0,0,0,0,0,0,0
17.2,29.02,3.11,3.18,3.11,10.08,13.88,7.94,17.11,7.5,0.18,0.09,175.7,9.6,203,1,1,1610,661,1868,27,1948,17.2,1686.1,1151,33.1,34.1,0,2.4,2067.6,0,16.83,21.8,53.8,50.2,54.8,53.2,51.1,55.0,53.9,54.6,61.2,63.3,28.2,32.1,33.7,33.6,52,43,25,39.2,52.2,29.1,6,6,4,0,26,27,27,63,95,95,32,32,300,0,0,0,0,0,0,0,0,0
15.98,142.99,0.24,0.33,0.27,16.28,12.42,15.16,15.94,11.5,-0.03,-0.03,177.6,9.3,193,1,1,1381,660,1608,-2,1620,15.94,1523.6,1039,33.5,34.8,0,2.4,2067.6,0,16.83,21.8,53.7,50.0,54.7,53.1,50.9,54.8,53.6,54.3,61.0,63.1,28.2,31.9,33.3,33.5,54,51,25,0.0,-0.8,1.3,6,6,4,0,26,27,27,63,95,95,31,31,300,0,0,0,0,0,0,0,0,0
15.52,218.99,0.25,0.33,0.31,12.08,12.16,18.22,15.41,7.9,0.05,0.06,175.5,10.7,198,1,1,1367,660,1602,-5,1432,15.46,1378.5,945,34.5,35.5,0,2.4,2067.6,0,16.83,21.5,55.5,51.8,56.4,54.8,52.8,56.6,54.7,55.5,61.3,63.4,28.4,32.2,33.8,33.6,53,48,25,-2.1,0.0,0.0,6,6,4,0,26,27,27,63,96,96,32,32,300,0,0,0,0,0,0,0,0,0
17.16,280.01,1.92,2.0,1.93,4.16,13.44,12.42,17.02,5.7,-0.02,-0.01,175.6,9.0,204,1,1,1006,659,1172,5,1962,17.16,1700.2,1161,33.0,34.0,0,2.4,2067.6,0,16.83,21.8,53.9,50.2,54.8,53.2,51.1,55.0,54.0,54.7,61.2,63.3,28.2,32.1,33.7,33.6,47,43,25,25.7,84.3,73.7,6,6,4,0,26,27,27,63,95,95,32,32,300,0,0,0,0,0,0,0,0,0
16.69,325.01,0.93,0.97,0.97,13.12,19.22,16.8,16.49,8.6,0.05,0.07,175.7,8.6,199,1,1,1671,661,1945,-2,1887,16.68,1690.2,1154,33.6,35.0,0,2.4,2067.6,0,16.83,21.5,54.6,50.9,55.6,53.9,51.9,55.8,54.0,54.8,61.2,63.3,28.4,32.1,33.6,33.6,58,54,25,-0.6,0.0,-17.4,6,6,4,0,26,27,27,63,96,96,32,32,300,0,0,0,0,0,0,0,0,0
15.91,109.01,0.24,0.33,0.27,14.92,12.58,15.0,15.89,5.1,-0.02,-0.02,179.3,10.2,194,1,1,1563,659,1820,-5,1669,15.92,1542.4,1047,33.4,34.6,0,2.4,2067.6,0,16.83,21.9,53.4,49.7,54.4,52.8,50.7,54.5,53.5,54.2,61.0,63.1,28.2,31.9,33.3,33.5,56,52,25,1.0,-2.0,0.3,6,6,4,0,26,27,27,63,95,95,31,31,300,0,0,0,0,0,0,0,0,0
13.71,221.0,0.23,0.32,0.27,10.84,10.4,15.76,13.64,5.6,0.05,0.08,176.4,6.3,215,1,1,612,658,715,0,779,13.68,839.5,574,33.9,34.6,0,2.4,2067.6,0,16.83,21.8,54.4,50.7,55.3,53.7,51.6,55.5,54.2,54.9,61.1,63.2,28.2,32.1,33.4,33.5,43,41,25,-0.2,0.2,0.0,6,6,4,0,26,27,27,63,95,96,32,32,300,0,0,0,0,0,0,0,0,0
15.54,312.01,0.25,0.33,0.3,11.16,15.84,13.66,15.42,7.0,0.02,0.0,175.4,9.3,198,1,1,1352,660,1582,-5,1454,15.56,1394.2,957,34.5,35.8,0,2.4,2067.6,0,16.83,21.5,55.5,51.8,56.5,54.8,52.8,56.7,54.7,55.5,61.3,63.4,28.4,32.2,33.8,33.6,53,49,25,-0.2,0.0,-3.3,6,6,4,0,26,27,27,63,96,96,32,32,300,0,0,0,0,0,0,0,0,0
14.93,182.99,0.24,0.32,0.27,12.88,11.46,14.4,14.87,6.4,-0.04,-0.05,176.4,8.3,205,1,1,964,659,1125,0,1048,14.92,1012.7,692,33.7,34.1,0,2.4,2067.6,0,16.83,21.8,54.1,50.4,55.0,53.4,51.3,55.2,54.2,54.7,61.2,63.2,28.3,32.1,33.6,33.5,45,42,25,0.0,0.0,1.6,6,6,4,0,26,27,27,63,95,95,32,32,300,0,0,0,0,0,0,0,0,0
15.94,253.01,0.24,0.33,0.28,11.9,13.68,17.8,15.83,6.7,0.0,-0.08,176.7,8.0,198,1,1,1517,661,1770,0,1650,15.94,1524.1,1040,33.7,34.9,0,2.4,2067.6,0,16.83,21.8,53.9,50.2,54.9,53.3,51.1,55.0,53.7,54.3,61.1,63.2,28.2,32.0,33.3,33.5,56,51,25,-0.5,1.8,1.2,6,6,4,0,26,27,27,63,96,96,32,32,300,0,0,0,0,0,0,0,0,0
16.02,69.98,0.26,0.32,0.34,15.7,14.86,12.44,15.96,3.6,0.05,0.12,175.4,9.8,202,1,1,1549,661,1819,-4,1646,16.0,1535.8,1049,34.0,35.5,0,2.4,2067.6,0,16.83,21.4,54.8,51.1,55.9,54.2,52.2,56.0,54.1,54.9,61.3,63.3,28.4,32.1,33.6,33.6,57,54,25,1.4,-1.0,0.0,6,6,4,0,26,27,27,63,96,96,32,32,300,0,0,0,0,0,0,0,0,0
15.39,324.0,0.23,0.33,0.28,11.3,15.2,15.02,15.21,-5.2,-0.01,0.06,176.7,10.3,204,1,1,1301,659,1519,2,1434,15.38,1374.1,937,33.7,34.9,0,2.4,2067.6,0,16.83,21.9,54.2,50.5,55.2,53.6,51.5,55.3,53.8,54.4,61.1,63.2,28.2,32.1,33.3,33.5,54,50,25,0.0,1.0,-1.7,6,6,4,0,26,27,27,63,96,96,32,32,300,0,0,0,0,0,0,0,0,0
15.6,128.02,0.24,0.33,0.27,15.1,12.92,15.16,15.58,-7.5,0.01,-0.01,176.7,9.7,204,1,1,1315,660,1530,-7,1510,15.58,1441.0,982,34.0,35.2,0,2.4,2067.6,0,16.83,21.9,54.2,50.5,55.2,53.5,51.4,55.3,53.8,54.5,61.1,63.2,28.2,32.1,33.3,33.5,54,51,25,0.0,-1.5,1.0,6,6,4,0,26,27,27,63,96,96,32,32,300,0,0,0,0,0,0,0,0,0
16.17,118.01,0.27,0.32,0.34,21.28,14.56,17.18,16.13,-8.2,0.1,-0.03,175.3,9.5,202,1,1,1575,661,1842,-2,1770,16.14,1590.4,1080,33.9,35.3,0,2.4,2067.6,0,16.83,21.4,54.8,51.0,55.8,54.1,52.1,55.9,54.1,54.9,61.2,63.3,28.4,32.1,33.6,33.6,58,54,25,-27.0,-20.7,-17.2,6,6,4,0,26,27,27,63,96,96,32,32,300,0,0,0,0,0,0,0,0,0
15.24,76.0,0.24,0.33,0.27,12.54,12.8,12.28,15.15,2.5,0.06,0.02,176.6,8.4,206,1,1,889,658,1034,0,1071,15.2,1041.2,712,33.5,34.1,0,2.4,2067.6,0,16.83,21.8,54.2,50.4,55.0,53.5,51.4,55.3,54.2,54.8,61.2,63.2,28.3,32.1,33.5,33.5,45,41,25,0.8,-0.3,0.0,6,6,4,0,26,27,27,63,95,95,32,32,300,0,0,0,0,0,0,0,0,0
15.68,283.0,0.23,0.33,0.28,11.88,14.14,18.06,15.54,-10.6,0.05,0.01,176.6,10.4,212,1,1,1396,657,1631,0,1534,15.7,1448.5,990,34.2,35.2,0,2.4,2067.6,0,16.83,21.9,54.4,50.7,55.4,53.8,51.7,55.5,54.0,54.8,61.1,63.2,28.2,32.1,33.3,33.5,54,49,25,-0.8,0.3,-0.4,6,6,4,0,26,27,27,63,96,96,32,32,300,0,0,0,0,0,0,0,0,0
15.82,162.0,0.24,0.33,0.28,15.14,12.08,16.3,15.85,-1.2,0.08,-0.01,176.8,8.1,199,1,1,1414,661,1651,0,1655,15.8,1518.3,1030,33.6,34.7,0,2.4,2067.6,0,16.83,21.8,54.1,50.4,55.0,53.4,51.3,55.1,53.7,54.4,61.1,63.2,28.2,32.0,33.3,33.5,56,51,25,0.0,-0.5,2.5,6,6,4,0,26,27,27,63,96,96,32,32,300,0,0,0,0,0,0,0,0,0
15.3,241.99,0.24,0.33,0.28,12.08,11.5,16.3,15.26,-2.4,0.04,0.01,175.8,7.2,203,1,1,1094,660,1263,9,1173,15.34,1091.0,733,33.4,34.0,0,2.4,2067.6,0,16.83,21.9,53.9,50.2,54.8,53.2,51.2,55.0,54.0,54.5,61.2,63.3,28.3,32.1,33.7,33.5,47,42,25,-0.5,0.3,0.4,6,6,4,0,26,27,27,63,95,95,32,32,300,0,0,0,0,0,0,0,0,0
15.96,159.01,0.26,0.33,0.3,15.86,12.88,15.88,15.96,14.1,0.06,-0.11,175.8,9.1,198,1,1,1071,660,1248,6,1599,15.94,1512.2,1038,34.3,35.4,0,2.4,2067.6,0,16.83,21.6,55.4,51.8,56.5,54.8,52.8,56.7,54.6,55.5,61.3,63.4,28.4,32.1,33.7,33.6,51,48,25,-0.7,-0.6,0.8,6,6,4,0,26,27,27,63,96,96,32,32,300,0,0,0,0,0,0,0,0,0
15.61,2.02,0.24,0.33,0.27,12.06,14.7,13.64,15.44,14.0,0.14,-0.01,176.1,7.6,200,1,1,874,659,1014,0,1144,15.58,1085.4,746,33.4,34.0,0,2.4,2067.6,0,16.83,21.9,54.0,50.3,54.9,53.3,51.2,55.1,54.1,54.7,61.2,63.3,28.3,32.1,33.6,33.6,45,42,25,0.3,0.7,-0.3,6,6,4,0,26,27,27,63,95,95,32,32,300,0,0,0,0,0,0,0,0,0
15.98,14.0,0.24,0.33,0.28,12.08,15.8,14.22,15.94,6.6,0.01,0.05,179.7,8.2,193,1,1,1565,659,1828,-10,1701,16.0,1556.4,1057,33.3,34.6,0,2.4,2067.6,0,16.83,21.9,53.5,49.7,54.5,52.8,50.6,54.5,53.6,54.3,61.0,63.1,28.2,31.9,33.3,33.5,56,52,25,0.3,0.4,-1.3,6,6,4,0,26,27,27,63,95,95,31,31,300,0,0,0,0,0,0,0,0,0
16.75,76.0,2.23,2.3,2.25,24.2,19.04,18.24,16.7,4.9,0.0,0.02,175.2,8.1,203,1,1,1687,660,1973,5,1939,16.76,1711.9,1169,33.2,34.1,0,2.4,2067.6,0,16.83,21.8,53.9,50.2,54.8,53.2,51.1,55.0,53.9,54.5,61.2,63.3,28.3,32.1,33.7,33.6,54,46,25,-144.2,-118.9,-104.2,6,6,4,0,26,27,27,63,95,95,32,32,300,0,0,0,0,0,0,0,0,0
16.78,92.02,0.67,0.73,0.73,10.54,6.04,5.8,16.66,15.7,-0.06,0.08,14.9,10.9,192,1,1,1631,658,1893,-4,1774,16.72,1620.4,1117,33.1,34.3,0,2.4,2067.6,0,16.83,22.0,53.3,49.5,54.2,52.5,50.4,54.3,53.6,54.1,61.0,63.1,28.2,31.9,33.3,33.3,54,49,25,76.2,41.8,42.0,6,6,4,1,26,27,27,63,95,95,31,31,300,0,0,0,0,0,0,0,0,0
15.72,10.01,0.25,0.33,0.3,11.9,14.66,11.34,15.62,9.1,0.02,-0.04,175.7,8.4,197,1,1,1315,660,1535,12,1589,15.72,1478.1,1006,34.5,35.7,0,2.4,2067.6,0,16.83,21.5,55.4,51.7,56.4,54.8,52.8,56.6,54.6,55.5,61.3,63.4,28.4,32.2,33.7,33.6,53,47,25,1.3,0.0,-0.5,6,6,4,0,26,27,27,63,96,96,32,32,300,0,0,0,0,0,0,0,0,0
15.28,214.99,0.24,0.33,0.28,12.96,11.82,15.32,15.24,-10.6,-0.03,-0.01,176.7,9.5,213,1,1,1350,657,1575,-2,1454,15.3,1381.6,936,34.0,35.0,0,2.4,2067.6,0,16.83,21.8,54.5,50.8,55.4,53.8,51.7,55.6,54.0,54.8,61.1,63.2,28.2,32.1,33.3,33.5,54,50,25,-0.9,0.0,0.7,6,6,4,0,26,27,27,63,96,96,32,32,300,0,0,0,0,0,0,0,0,0
14.27,58.0,0.23,0.33,0.27,10.5,12.12,11.84,14.16,-10.3,0.03,-0.04,176.5,8.5,216,1,1,957,657,1123,0,1046,14.24,1062.2,727,34.1,35.2,0,2.4,2067.6,0,16.83,21.8,54.5,50.8,55.5,53.9,51.8,55.7,54.1,54.7,61.2,63.2,28.2,32.1,33.2,33.5,49,47,25,0.0,0.0,0.0,6,6,4,0,26,27,27,63,95,96,32,32,300,0,0,0,0,0,0,0,0,0
15.96,276.98,0.25,0.33,0.31,12.24,14.72,17.16,15.82,15.3,-0.08,0.11,175.1,9.8,197,1,1,1260,660,1464,3,1616,15.96,1514.5,1037,34.4,35.6,0,2.4,2067.6,0,16.83,21.5,55.5,51.8,56.5,54.8,52.8,56.7,54.7,55.5,61.4,63.4,28.4,32.2,33.8,33.6,54,49,25,-0.8,1.0,-1.5,6,6,4,0,26,27,27,63,96,96,32,32,300,0,0,0,0,0,0,0,0,0
