轮毂转速,轮毂角度,叶片1角度,叶片2角度,叶片3角度,变桨电机1电流,变桨电机2电流,变桨电机3电流,超速传感器转速检测值,5秒偏航对风平均值,x方向振动值,y方向振动值,液压制动压力,机舱气象站风速,风向绝对值,大气压力,无功功率控制状态,变频器电网侧电流,变频器电网侧电压,变频器电网侧有功功率,变频器电网侧无功功率,变频器发电机侧功率,发电机运行频率,发电机电流,发电机转矩,变频器入口温度,变频器出口温度,变频器入口压力,变频器出口压力,发电机功率限幅值,无功功率设定值,额定的轮毂转速,测风塔环境温度,发电机定子温度1,发电机定子温度2,发电机定子温度3,发电机定子温度4,发电机定子温度5,发电机定子温度6,发电机空气温度1,发电机空气温度2,主轴承温度1,主轴承温度2,轮毂温度,轮毂控制柜温度,机舱温度,机舱控制柜温度,变频器INU温度,变频器ISU温度,变频器INU RMIO温度,变桨电机1功率估算,变桨电机2功率估算,变桨电机3功率估算,风机当前状态值,轮毂当前状态值,偏航状态值,偏航要求值,叶片1电池箱温度,叶片2电池箱温度,叶片3电池箱温度,叶片1变桨电机温度,叶片2变桨电机温度,叶片3变桨电机温度,叶片1变频器箱温度,叶片2变频器箱温度,叶片3变频器箱温度,叶片1超级电容电压,叶片2超级电容电压,叶片3超级电容电压,驱动1晶闸管温度,驱动2晶闸管温度,驱动3晶闸管温度,驱动1输出扭矩,驱动2输出扭矩,驱动3输出扭矩
0.0,173.99,86.0,86.0,86.0,8.42,3.1,13.64,0.0,25.6,0.02,0.0,176.6,0.0,187.0,1.0,1.0,0.0,690.0,0.0,0.0,0.0,0.0,1.2,0.0,30.7,29.7,0.7,3.3,425.4,0.0,10.95,20.0,23.7,23.4,25.0,23.3,24.2,27.8,25.7,25.7,27.9,31.0,25.3,28.8,27.8,27.4,27.0,27.0,25.0,0.0,0.0,0.0,3.0,4.0,4.0,0.0,24.0,25.0,25.0,58.0,94.0,94.0,28.0,28.0,300.0,0.0,0.0,0.0,0.0,0.0,0.0,0.0,0.0,0.0
0.0,173.99,86.0,86.0,86.0,8.58,3.02,13.32,0.0,26.0,0.0,0.0,176.6,0.0,186.0,1.0,1.0,0.0,690.0,0.0,0.0,0.0,0.0,1.7,0.0,31.3,30.1,0.7,3.3,425.4,0.0,10.95,19.9,23.7,23.6,25.0,23.3,24.3,27.8,25.7,25.7,27.9,31.0,25.3,28.8,27.7,27.4,27.0,27.0,25.0,0.0,0.0,0.0,3.0,4.0,4.0,0.0,24.0,25.0,25.0,58.0,94.0,94.0,28.0,28.0,300.0,0.0,0.0,0.0,0.0,0.0,0.0,0.0,0.0,0.0
0.0,173.99,86.0,86.0,86.0,8.58,3.04,13.52,0.0,25.6,0.0,0.0,176.6,0.0,188.0,1.0,1.0,0.0,690.0,0.0,0.0,0.0,0.0,1.6,0.0,30.8,30.3,0.7,3.3,425.4,0.0,10.95,19.9,23.7,23.4,25.0,23.3,24.2,27.8,25.7,25.7,27.9,31.0,25.3,28.8,27.8,27.4,27.0,27.0,25.0,0.0,0.0,0.0,3.0,4.0,4.0,0.0,24.0,25.0,25.0,58.0,94.0,94.0,28.0,28.0,300.0,0.0,0.0,0.0,0.0,0.0,0.0,0.0,0.0,0.0
0.0,173.99,86.0,86.0,86.0,8.46,3.12,13.02,0.0,25.6,0.01,0.01,176.6,0.0,187.0,1.0,1.0,0.0,690.0,0.0,0.0,0.0,0.0,1.2,0.0,30.4,29.7,0.7,3.3,425.4,0.0,10.95,20.0,23.6,23.4,25.0,23.3,24.2,27.8,25.7,25.7,27.9,31.0,25.3,28.8,27.8,27.4,27.0,27.0,25.0,0.0,0.0,0.0,3.0,4.0,4.0,0.0,24.0,25.0,25.0,58.0,94.0,94.0,28.0,28.0,300.0,0.0,0.0,0.0,0.0,0.0,0.0,0.0,0.0,0.0
0.0,173.99,86.0,86.0,86.0,8.1,3.12,12.96,0.0,-1.8,0.01,0.01,176.5,0.0,199.0,1.0,1.0,0.0,690.0,0.0,0.0,0.0,0.0,1.3,0.0,32.0,30.9,0.8,3.4,425.4,0.0,10.95,20.2,23.7,23.6,25.0,23.3,24.4,27.8,25.8,25.9,27.8,30.9,25.3,28.9,27.6,27.4,28.0,28.0,25.0,0.0,0.0,0.0,3.0,4.0,4.0,0.0,24.0,25.0,25.0,58.0,93.0,93.0,28.0,28.0,300.0,0.0,0.0,0.0,0.0,0.0,0.0,0.0,0.0,0.0
0.0,173.99,86.0,86.0,86.0,8.32,3.14,13.46,0.0,26.9,0.01,0.0,176.6,0.0,187.0,1.0,1.0,0.0,690.0,0.0,0.0,0.0,0.0,1.1,0.0,30.8,29.8,0.7,3.3,425.4,0.0,10.95,20.0,23.7,23.4,25.0,23.3,24.2,27.8,25.7,25.7,27.9,31.0,25.3,28.8,27.7,27.4,27.0,27.0,25.0,0.0,0.0,0.0,3.0,4.0,4.0,0.0,24.0,25.0,25.0,58.0,94.0,94.0,28.0,28.0,300.0,0.0,0.0,0.0,0.0,0.0,0.0,0.0,0.0,0.0
0.0,173.99,86.0,86.0,86.0,8.48,3.34,13.52,0.0,24.4,0.0,0.0,176.5,0.0,188.0,1.0,1.0,0.0,690.0,0.0,0.0,0.0,0.0,1.3,0.0,31.8,30.7,0.8,3.4,425.4,0.0,10.95,20.2,23.7,23.6,25.0,23.3,24.4,27.8,25.7,25.8,27.9,30.9,25.3,28.9,27.6,27.4,28.0,28.0,25.0,0.0,0.0,0.0,3.0,4.0,4.0,0.0,24.0,25.0,25.0,58.0,93.0,94.0,28.0,28.0,300.0,0.0,0.0,0.0,0.0,0.0,0.0,0.0,0.0,0.0
0.0,0.0,0.0,0.0,0.0,0.0,0.0,0.0,0.0,0.0,0.0,0.0,0.0,0.0,0.0,0.0,0.0,0.0,0.0,0.0,0.0,0.0,0.0,0.0,0.0,0.0,0.0,0.0,0.0,0.0,0.0,0.0,0.0,0.0,0.0,0.0,0.0,0.0,0.0,0.0,0.0,0.0,0.0,0.0,0.0,0.0,0.0,0.0,0.0,0.0,0.0,0.0,0.0,0.0,0.0,0.0,0.0,0.0,0.0,0.0,0.0,0.0,0.0,0.0,0.0,0.0,0.0,0.0,0.0,0.0,0.0,0.0,0.0,0.0,0.0
0.0,200.48,86.0,86.0,86.0,11.64,1.86,12.72,0.0,-48.0,0.01,0.0,176.5,0.0,261.0,1.0,1.0,0.0,691.0,0.0,0.0,0.0,0.0,0.8,0.0,32.3,31.1,0.8,3.3,425.4,0.0,10.95,18.2,23.7,23.6,25.0,23.3,24.4,27.8,25.9,25.9,27.8,30.9,25.4,28.8,27.6,27.4,28.0,28.0,25.0,0.0,0.0,0.0,3.0,4.0,4.0,0.0,24.0,25.0,25.0,59.0,93.0,93.0,28.0,28.0,300.0,0.0,0.0,0.0,0.0,0.0,0.0,0.0,0.0,0.0
0.0,173.99,86.0,86.0,86.0,8.68,3.06,13.44,0.0,25.3,0.01,0.0,176.6,0.0,187.0,1.0,1.0,0.0,690.0,0.0,0.0,0.0,0.0,1.2,0.0,31.3,30.2,0.7,3.3,425.4,0.0,10.95,20.2,23.7,23.6,25.0,23.3,24.4,27.8,25.7,25.7,27.9,31.0,25.3,28.8,27.6,27.4,27.0,27.0,25.0,0.0,0.0,0.0,3.0,4.0,4.0,0.0,24.0,25.0,25.0,58.0,94.0,94.0,28.0,28.0,300.0,0.0,0.0,0.0,0.0,0.0,0.0,0.0,0.0,0.0
0.0,173.99,86.0,86.0,86.0,8.48,3.28,13.34,0.0,27.4,0.01,0.0,176.6,0.0,186.0,1.0,1.0,0.0,690.0,0.0,0.0,0.0,0.0,1.5,0.0,30.9,29.8,0.7,3.3,425.4,0.0,10.95,19.7,23.7,23.5,25.0,23.3,24.2,27.8,25.7,25.7,27.9,31.0,25.3,28.8,27.7,27.4,27.0,27.0,25.0,0.0,0.0,0.0,3.0,4.0,4.0,0.0,24.0,25.0,25.0,58.0,94.0,94.0,28.0,28.0,300.0,0.0,0.0,0.0,0.0,0.0,0.0,0.0,0.0,0.0
0.0,173.99,86.0,86.0,86.0,8.64,3.3,13.34,0.0,24.5,0.01,0.0,176.5,0.0,188.0,1.0,1.0,0.0,690.0,0.0,0.0,0.0,0.0,1.2,0.0,31.8,30.8,0.7,3.3,425.4,0.0,10.95,20.2,23.7,23.6,25.0,23.3,24.4,27.8,25.7,25.8,27.8,30.9,25.3,28.9,27.6,27.4,28.0,28.0,25.0,0.0,0.0,0.0,3.0,4.0,4.0,0.0,24.0,25.0,25.0,58.0,93.0,94.0,28.0,28.0,300.0,0.0,0.0,0.0,0.0,0.0,0.0,0.0,0.0,0.0
0.0,173.99,86.0,86.0,86.0,8.6,3.08,13.28,0.0,27.4,0.01,0.01,176.6,0.0,186.0,1.0,1.0,0.0,691.0,0.0,0.0,0.0,0.0,1.9,0.0,31.1,30.0,0.7,3.3,425.4,0.0,10.95,19.7,23.7,23.5,25.0,23.3,24.2,27.8,25.7,25.7,27.9,31.0,25.3,28.8,27.7,27.4,27.0,27.0,25.0,0.0,0.0,0.0,3.0,4.0,4.0,0.0,24.0,25.0,25.0,58.0,94.0,94.0,28.0,28.0,300.0,0.0,0.0,0.0,0.0,0.0,0.0,0.0,0.0,0.0
0.0,173.99,86.0,86.0,86.0,8.92,2.92,13.66,0.0,25.7,0.0,0.0,176.6,0.0,188.0,1.0,1.0,0.0,690.0,0.0,0.0,0.0,0.0,1.3,0.0,31.6,30.7,0.8,3.3,425.4,0.0,10.95,20.1,23.7,23.6,25.0,23.3,24.4,27.8,25.7,25.7,27.9,31.0,25.3,28.9,27.6,27.4,27.0,27.0,25.0,0.0,0.0,0.0,3.0,4.0,4.0,0.0,24.0,25.0,25.0,58.0,93.0,93.0,28.0,28.0,300.0,0.0,0.0,0.0,0.0,0.0,0.0,0.0,0.0,0.0
0.0,173.99,86.0,86.0,86.0,8.7,3.12,13.3,0.0,25.6,0.01,0.0,176.6,0.0,187.0,1.0,1.0,0.0,690.0,0.0,0.0,0.0,0.0,1.2,0.0,30.7,29.7,0.7,3.3,425.4,0.0,10.95,20.0,23.7,23.4,25.0,23.3,24.2,27.8,25.7,25.7,27.9,31.0,25.3,28.8,27.7,27.4,27.0,27.0,25.0,0.0,0.0,0.0,3.0,4.0,4.0,0.0,24.0,25.0,25.0,58.0,94.0,94.0,28.0,28.0,300.0,0.0,0.0,0.0,0.0,0.0,0.0,0.0,0.0,0.0
0.0,173.99,86.0,86.0,86.0,8.44,3.24,13.02,0.0,25.7,0.01,0.0,176.6,0.0,188.0,1.0,1.0,0.0,690.0,0.0,0.0,0.0,0.0,1.1,0.0,30.7,29.7,0.7,3.3,425.4,0.0,10.95,20.0,23.7,23.4,25.0,23.3,24.2,27.8,25.7,25.7,27.9,31.0,25.3,28.8,27.8,27.4,27.0,27.0,25.0,0.0,0.0,0.0,3.0,4.0,4.0,0.0,24.0,25.0,25.0,58.0,94.0,94.0,28.0,28.0,300.0,0.0,0.0,0.0,0.0,0.0,0.0,0.0,0.0,0.0
0.0,200.48,86.0,86.0,86.0,11.1,1.98,12.6,0.0,-49.5,0.01,0.0,176.5,1.2,260.0,1.0,1.0,0.0,691.0,0.0,0.0,0.0,0.0,1.7,0.0,32.3,31.3,0.8,3.3,425.4,0.0,10.95,18.4,23.7,23.6,25.0,23.3,24.4,27.8,25.9,25.9,27.8,30.9,25.4,28.8,27.6,27.4,28.0,28.0,25.0,0.0,0.0,0.0,3.0,4.0,4.0,0.0,24.0,25.0,25.0,59.0,93.0,93.0,28.0,28.0,300.0,0.0,0.0,0.0,0.0,0.0,0.0,0.0,0.0,0.0
0.0,173.99,86.0,86.0,86.0,8.42,3.18,12.82,0.0,25.7,0.01,0.01,176.5,0.0,187.0,1.0,1.0,0.0,690.0,0.0,0.0,0.0,0.0,1.3,0.0,31.8,30.7,0.7,3.3,425.4,0.0,10.95,20.1,23.7,23.6,25.0,23.3,24.4,27.8,25.7,25.7,27.8,31.0,25.3,28.9,27.6,27.4,27.0,27.0,25.0,0.0,0.0,0.0,3.0,4.0,4.0,0.0,24.0,25.0,25.0,58.0,93.0,94.0,28.0,28.0,300.0,0.0,0.0,0.0,0.0,0.0,0.0,0.0,0.0,0.0
0.12,195.01,86.0,86.0,86.0,9.18,0.0,13.2,0.1,-68.9,0.0,0.0,176.5,0.0,255.0,1.0,1.0,0.0,690.0,0.0,0.0,0.0,0.0,1.9,0.0,32.3,31.1,0.8,3.3,425.4,0.0,10.95,18.7,23.7,23.6,25.0,23.3,24.4,27.8,25.9,25.9,27.8,30.9,25.3,28.9,27.6,27.4,28.0,28.0,25.0,0.0,0.0,0.0,3.0,4.0,4.0,0.0,24.0,25.0,25.0,58.0,93.0,93.0,28.0,28.0,300.0,0.0,0.0,0.0,0.0,0.0,0.0,0.0,0.0,0.0
0.0,173.99,86.0,86.0,86.0,8.3,3.2,13.66,0.0,25.6,0.0,0.0,176.6,0.0,188.0,1.0,1.0,0.0,690.0,0.0,0.0,0.0,0.0,1.3,0.0,30.6,29.7,0.7,3.3,425.4,0.0,10.95,20.0,23.7,23.4,25.0,23.3,24.2,27.8,25.7,25.7,27.9,31.0,25.3,28.8,27.7,27.4,27.0,27.0,25.0,0.0,0.0,0.0,3.0,4.0,4.0,0.0,24.0,25.0,25.0,58.0,94.0,94.0,28.0,28.0,300.0,0.0,0.0,0.0,0.0,0.0,0.0,0.0,0.0,0.0
0.0,173.99,86.0,86.0,86.0,7.82,2.96,13.64,0.0,26.3,0.01,0.01,176.6,0.0,186.0,1.0,1.0,0.0,690.0,0.0,0.0,0.0,0.0,1.4,0.0,31.1,30.2,0.7,3.3,425.4,0.0,10.95,19.9,23.7,23.6,25.0,23.3,24.3,27.8,25.7,25.7,27.9,31.0,25.3,28.8,27.7,27.4,27.0,27.0,25.0,0.0,0.0,0.0,3.0,4.0,4.0,0.0,24.0,25.0,25.0,58.0,94.0,94.0,28.0,28.0,300.0,0.0,0.0,0.0,0.0,0.0,0.0,0.0,0.0,0.0
0.0,173.99,86.0,86.0,86.0,8.34,3.02,13.16,0.0,26.0,0.01,0.0,176.6,0.0,186.0,1.0,1.0,0.0,690.0,0.0,0.0,0.0,0.0,1.6,0.0,31.3,30.1,0.7,3.3,425.4,0.0,10.95,19.9,23.7,23.6,25.0,23.3,24.3,27.8,25.7,25.7,27.9,31.0,25.3,28.8,27.6,27.4,27.0,27.0,25.0,0.0,0.0,0.0,3.0,4.0,4.0,0.0,24.0,25.0,25.0,58.0,94.0,94.0,28.0,28.0,300.0,0.0,0.0,0.0,0.0,0.0,0.0,0.0,0.0,0.0
0.0,173.99,86.0,86.0,86.0,8.78,3.24,13.18,0.0,6.2,0.01,0.0,176.5,0.0,192.0,1.0,1.0,0.0,690.0,0.0,0.0,0.0,0.0,1.3,0.0,32.0,30.7,0.8,3.3,425.4,0.0,10.95,20.2,23.7,23.6,25.0,23.3,24.4,27.8,25.8,25.8,27.8,30.9,25.3,28.9,27.6,27.4,27.0,28.0,25.0,0.0,0.0,0.0,3.0,4.0,4.0,0.0,24.0,25.0,25.0,58.0,93.0,93.0,28.0,28.0,300.0,0.0,0.0,0.0,0.0,0.0,0.0,0.0,0.0,0.0
0.0,173.99,86.0,86.0,86.0,8.32,3.24,13.12,0.0,27.1,0.01,0.0,176.6,0.0,187.0,1.0,1.0,0.0,690.0,0.0,0.0,0.0,0.0,1.3,0.0,30.9,29.8,0.7,3.3,425.4,0.0,10.95,20.0,23.7,23.5,25.0,23.3,24.2,27.8,25.7,25.7,27.9,31.0,25.3,28.8,27.7,27.4,27.0,27.0,25.0,0.0,0.0,0.0,3.0,4.0,4.0,0.0,24.0,25.0,25.0,58.0,94.0,94.0,28.0,28.0,300.0,0.0,0.0,0.0,0.0,0.0,0.0,0.0,0.0,0.0
0.0,173.99,86.0,86.0,86.0,8.8,3.34,13.58,0.0,25.7,0.01,0.01,176.6,0.0,188.0,1.0,1.0,0.0,690.0,0.0,0.0,0.0,0.0,1.2,0.0,31.8,30.8,0.7,3.3,425.4,0.0,10.95,20.0,23.7,23.6,25.0,23.3,24.4,27.8,25.7,25.7,27.9,30.9,25.3,28.9,27.6,27.4,27.0,28.0,25.0,0.0,0.0,0.0,3.0,4.0,4.0,0.0,24.0,25.0,25.0,58.0,93.0,93.0,28.0,28.0,300.0,0.0,0.0,0.0,0.0,0.0,0.0,0.0,0.0,0.0
0.0,173.99,86.0,86.0,86.0,8.42,3.08,13.36,0.0,27.4,-0.01,0.0,176.6,0.0,186.0,1.0,1.0,0.0,691.0,0.0,0.0,0.0,0.0,1.6,0.0,31.1,30.0,0.7,3.3,425.4,0.0,10.95,19.8,23.7,23.5,25.0,23.3,24.2,27.8,25.7,25.7,27.9,31.0,25.3,28.8,27.6,27.4,27.0,27.0,25.0,0.0,0.0,0.0,3.0,4.0,4.0,0.0,24.0,25.0,25.0,58.0,94.0,94.0,28.0,28.0,300.0,0.0,0.0,0.0,0.0,0.0,0.0,0.0,0.0,0.0
0.0,200.48,86.0,86.0,86.0,11.94,1.9,12.8,0.0,-47.7,0.01,0.0,176.5,0.0,261.0,1.0,1.0,0.0,691.0,0.0,0.0,0.0,0.0,2.1,0.0,32.4,31.3,0.8,3.3,425.4,0.0,10.95,18.2,23.7,23.6,25.0,23.3,24.4,27.8,25.9,25.9,27.8,30.9,25.4,28.8,27.6,27.4,28.0,28.0,25.0,0.0,0.0,0.0,3.0,4.0,4.0,0.0,24.0,25.0,25.0,59.0,93.0,93.0,28.0,28.0,300.0,0.0,0.0,0.0,0.0,0.0,0.0,0.0,0.0,0.0
0.0,173.99,86.0,86.0,86.0,8.22,3.06,13.54,0.0,25.0,0.01,0.0,176.6,0.0,188.0,1.0,1.0,0.0,690.0,0.0,0.0,0.0,0.0,1.1,0.0,31.5,30.5,0.7,3.3,425.4,0.0,10.95,20.2,23.7,23.6,25.0,23.3,24.4,27.8,25.7,25.7,27.9,31.0,25.3,28.8,27.6,27.4,27.0,27.0,25.0,0.0,0.0,0.0,3.0,4.0,4.0,0.0,24.0,25.0,25.0,58.0,94.0,94.0,28.0,28.0,300.0,0.0,0.0,0.0,0.0,0.0,0.0,0.0,0.0,0.0
0.08,180.76,86.0,86.0,86.0,8.36,3.04,12.96,0.0,-56.2,0.01,0.0,176.5,1.9,237.0,1.0,1.0,0.0,690.0,0.0,0.0,0.0,0.0,1.0,0.0,32.1,31.0,0.7,3.3,425.4,0.0,10.95,19.3,23.7,23.6,25.0,23.3,24.4,27.8,25.9,25.9,27.8,30.9,25.3,28.9,27.6,27.4,28.0,28.0,25.0,0.0,0.0,0.0,3.0,4.0,4.0,0.0,24.0,25.0,25.0,58.0,93.0,93.0,28.0,28.0,300.0,0.0,0.0,0.0,0.0,0.0,0.0,0.0,0.0,0.0
0.0,173.99,86.0,86.0,86.0,7.62,3.1,13.08,0.0,25.6,0.02,0.01,176.6,0.0,187.0,1.0,1.0,0.0,689.0,0.0,0.0,0.0,0.0,1.5,0.0,30.4,29.8,0.7,3.3,425.4,0.0,10.95,20.0,23.6,23.4,25.0,23.3,24.2,27.8,25.7,25.7,27.9,31.0,25.3,28.8,27.8,27.4,27.0,27.0,25.0,0.0,0.0,0.0,3.0,4.0,4.0,0.0,24.0,25.0,25.0,58.0,94.0,94.0,28.0,28.0,300.0,0.0,0.0,0.0,0.0,0.0,0.0,0.0,0.0,0.0
0.0,173.99,86.0,86.0,86.0,8.08,2.98,13.36,0.0,-2.6,0.0,0.0,176.5,0.0,202.0,1.0,1.0,0.0,690.0,0.0,0.0,0.0,0.0,0.9,0.0,31.9,30.9,0.8,3.3,425.4,0.0,10.95,20.2,23.7,23.6,25.0,23.3,24.4,27.8,25.8,25.8,27.8,30.9,25.3,28.9,27.6,27.4,28.0,28.0,25.0,0.0,0.0,0.0,3.0,4.0,4.0,0.0,24.0,25.0,25.0,58.0,93.0,93.0,28.0,28.0,300.0,0.0,0.0,0.0,0.0,0.0,0.0,0.0,0.0,0.0
0.0,173.99,86.0,86.0,86.0,8.6,3.0,13.38,0.0,24.9,0.01,0.01,176.6,0.0,188.0,1.0,1.0,0.0,690.0,0.0,0.0,0.0,0.0,1.3,0.0,31.4,30.4,0.8,3.3,425.4,0.0,10.95,20.2,23.7,23.6,25.0,23.3,24.4,27.8,25.7,25.7,27.9,31.0,25.3,28.8,27.6,27.4,27.0,27.0,25.0,0.0,0.0,0.0,3.0,4.0,4.0,0.0,24.0,25.0,25.0,58.0,94.0,94.0,28.0,28.0,300.0,0.0,0.0,0.0,0.0,0.0,0.0,0.0,0.0,0.0
0.0,173.99,86.0,86.0,86.0,8.76,3.14,13.28,0.0,25.6,0.01,0.01,176.6,0.0,188.0,1.0,1.0,0.0,690.0,0.0,0.0,0.0,0.0,1.4,0.0,30.9,30.6,0.7,3.3,425.4,0.0,10.95,19.8,23.7,23.4,25.0,23.3,24.2,27.8,25.7,25.6,27.9,31.0,25.3,28.8,27.8,27.4,27.0,28.0,25.0,0.0,0.0,0.0,3.0,4.0,4.0,0.0,24.0,25.0,25.0,58.0,94.0,94.0,28.0,28.0,300.0,0.0,0.0,0.0,0.0,0.0,0.0,0.0,0.0,0.0
0.0,200.48,86.0,86.0,86.0,12.24,1.84,12.74,0.0,-47.2,0.01,0.0,176.5,0.2,260.0,1.0,1.0,0.0,691.0,0.0,0.0,0.0,0.0,1.3,0.0,32.4,31.2,0.8,3.4,425.4,0.0,10.95,18.0,23.7,23.6,25.0,23.3,24.5,27.8,25.9,25.9,27.8,30.9,25.4,28.8,27.6,27.4,28.0,28.0,25.0,0.0,0.0,0.0,3.0,4.0,4.0,0.0,24.0,25.0,25.0,59.0,93.0,93.0,28.0,28.0,300.0,0.0,0.0,0.0,0.0,0.0,0.0,0.0,0.0,0.0
0.0,173.99,86.0,86.0,86.0,8.04,2.82,13.34,0.0,25.7,0.01,0.0,176.6,0.0,188.0,1.0,1.0,0.0,690.0,0.0,0.0,0.0,0.0,1.6,0.0,31.6,30.6,0.7,3.3,425.4,0.0,10.95,20.2,23.7,23.6,25.0,23.3,24.4,27.8,25.7,25.7,27.9,31.0,25.3,28.8,27.6,27.4,27.0,27.0,25.0,0.0,0.0,0.0,3.0,4.0,4.0,0.0,24.0,25.0,25.0,58.0,94.0,94.0,28.0,28.0,300.0,0.0,0.0,0.0,0.0,0.0,0.0,0.0,0.0,0.0
0.0,173.99,86.0,86.0,86.0,8.76,3.32,13.5,0.0,25.7,0.01,0.0,176.5,0.0,188.0,1.0,1.0,0.0,690.0,0.0,0.0,0.0,0.0,1.5,0.0,31.7,30.7,0.7,3.3,425.4,0.0,10.95,20.1,23.7,23.6,25.0,23.3,24.4,27.8,25.7,25.7,27.9,30.9,25.3,28.9,27.6,27.4,27.0,28.0,25.0,0.0,0.0,0.0,3.0,4.0,4.0,0.0,24.0,25.0,25.0,58.0,93.0,94.0,28.0,28.0,300.0,0.0,0.0,0.0,0.0,0.0,0.0,0.0,0.0,0.0
0.0,173.99,86.0,86.0,86.0,8.56,3.12,13.3,0.0,25.8,0.01,0.01,176.6,0.0,186.0,1.0,1.0,0.0,690.0,0.0,0.0,0.0,0.0,1.3,0.0,31.1,30.3,0.7,3.3,425.4,0.0,10.95,20.0,23.7,23.6,25.0,23.3,24.3,27.8,25.7,25.7,27.9,31.0,25.3,28.8,27.6,27.4,27.0,27.0,25.0,0.0,0.0,0.0,3.0,4.0,4.0,0.0,24.0,25.0,25.0,58.0,94.0,94.0,28.0,28.0,300.0,0.0,0.0,0.0,0.0,0.0,0.0,0.0,0.0,0.0
0.14,194.26,86.0,86.0,86.0,10.32,0.0,13.24,0.1,-69.8,0.01,0.01,176.5,0.0,255.0,1.0,1.0,0.0,690.0,0.0,0.0,0.0,0.0,1.5,0.0,32.2,31.1,0.8,3.3,425.4,0.0,10.95,18.7,23.7,23.6,25.0,23.3,24.4,27.8,25.9,25.9,27.8,30.9,25.3,28.9,27.6,27.4,28.0,28.0,25.0,0.0,0.0,0.0,3.0,4.0,4.0,0.0,24.0,25.0,25.0,58.0,93.0,93.0,28.0,28.0,300.0,0.0,0.0,0.0,0.0,0.0,0.0,0.0,0.0,0.0
0.0,173.99,86.0,86.0,86.0,8.36,3.02,13.46,0.0,25.6,0.01,0.01,176.6,0.0,188.0,1.0,1.0,0.0,690.0,0.0,0.0,0.0,0.0,1.3,0.0,30.7,30.1,0.7,3.3,425.4,0.0,10.95,19.9,23.7,23.4,25.0,23.3,24.2,27.8,25.7,25.7,27.9,31.0,25.3,28.8,27.8,27.4,27.0,27.0,25.0,0.0,0.0,0.0,3.0,4.0,4.0,0.0,24.0,25.0,25.0,58.0,94.0,94.0,28.0,28.0,300.0,0.0,0.0,0.0,0.0,0.0,0.0,0.0,0.0,0.0
0.0,173.99,86.0,86.0,86.0,8.38,3.18,13.06,0.0,25.6,0.01,0.0,176.6,0.0,187.0,1.0,1.0,0.0,690.0,0.0,0.0,0.0,0.0,1.2,0.0,30.8,29.7,0.7,3.3,425.4,0.0,10.95,20.0,23.7,23.5,25.0,23.3,24.2,27.8,25.7,25.7,27.9,31.0,25.3,28.8,27.8,27.4,27.0,27.0,25.0,0.0,0.0,0.0,3.0,4.0,4.0,0.0,24.0,25.0,25.0,58.0,94.0,94.0,28.0,28.0,300.0,0.0,0.0,0.0,0.0,0.0,0.0,0.0,0.0,0.0
0.0,173.99,86.0,86.0,86.0,8.18,3.04,13.18,0.0,25.7,0.02,0.0,176.5,0.0,188.0,1.0,1.0,0.0,690.0,0.0,0.0,0.0,0.0,1.4,0.0,31.7,30.7,0.8,3.3,425.4,0.0,10.95,20.2,23.7,23.6,25.0,23.3,24.4,27.8,25.7,25.7,27.9,31.0,25.3,28.9,27.6,27.4,27.0,27.0,25.0,0.0,0.0,0.0,3.0,4.0,4.0,0.0,24.0,25.0,25.0,58.0,93.0,94.0,28.0,28.0,300.0,0.0,0.0,0.0,0.0,0.0,0.0,0.0,0.0,0.0
0.0,200.48,86.0,86.0,86.0,12.18,1.84,12.68,0.0,-48.3,0.0,0.0,176.5,0.2,261.0,1.0,1.0,0.0,691.0,0.0,0.0,0.0,0.0,1.1,0.0,32.4,31.4,0.8,3.3,425.4,0.0,10.95,18.0,23.7,23.6,25.0,23.3,24.4,27.8,25.9,25.9,27.8,30.9,25.4,28.8,27.6,27.4,28.0,28.0,25.0,0.0,0.0,0.0,3.0,4.0,4.0,0.0,24.0,25.0,25.0,59.0,93.0,93.0,28.0,28.0,300.0,0.0,0.0,0.0,0.0,0.0,0.0,0.0,0.0,0.0
0.0,200.48,86.0,86.0,86.0,12.6,1.96,12.6,0.0,-65.1,0.01,0.0,176.5,0.7,266.0,1.0,1.0,0.0,691.0,0.0,0.0,0.0,0.0,1.2,0.0,32.5,31.3,0.8,3.3,425.4,0.0,10.95,17.9,23.7,23.6,25.0,23.4,24.5,27.8,25.9,25.9,27.8,30.9,25.4,28.8,27.6,27.4,28.0,28.0,25.0,0.0,0.0,0.0,3.0,4.0,4.0,0.0,24.0,25.0,25.0,59.0,93.0,93.0,28.0,28.0,300.0,0.0,0.0,0.0,0.0,0.0,0.0,0.0,0.0,0.0
0.0,173.99,86.0,86.0,86.0,8.58,3.16,13.16,0.0,25.7,0.02,0.01,176.6,0.0,187.0,1.0,1.0,0.0,690.0,0.0,0.0,0.0,0.0,1.2,0.0,31.4,30.2,0.7,3.3,425.4,0.0,10.95,20.2,23.7,23.6,25.0,23.3,24.3,27.8,25.7,25.7,27.9,31.0,25.3,28.8,27.6,27.4,27.0,27.0,25.0,0.0,0.0,0.0,3.0,4.0,4.0,0.0,24.0,25.0,25.0,58.0,94.0,94.0,28.0,28.0,300.0,0.0,0.0,0.0,0.0,0.0,0.0,0.0,0.0,0.0
0.0,173.99,86.0,86.0,86.0,8.5,3.04,13.22,0.0,25.6,0.01,0.0,176.6,0.0,188.0,1.0,1.0,0.0,690.0,0.0,0.0,0.0,0.0,1.2,0.0,33.0,32.6,0.8,3.3,425.4,0.0,10.95,19.4,23.6,23.4,24.9,23.3,24.2,27.8,25.7,25.6,27.9,31.0,25.3,28.8,27.8,27.4,29.0,29.0,25.0,0.0,0.0,0.0,3.0,4.0,4.0,0.0,24.0,25.0,25.0,58.0,94.0,94.0,28.0,28.0,300.0,0.0,0.0,0.0,0.0,0.0,0.0,0.0,0.0,0.0
0.0,200.48,86.0,86.0,86.0,11.56,1.84,13.32,0.03,-47.4,0.01,0.0,176.5,1.0,260.0,1.0,1.0,0.0,690.0,0.0,0.0,0.0,0.0,1.1,0.0,32.2,31.2,0.7,3.4,425.4,0.0,10.95,18.6,23.7,23.6,25.0,23.3,24.4,27.8,25.9,25.9,27.8,30.9,25.3,28.9,27.6,27.4,28.0,28.0,25.0,0.0,0.0,0.0,3.0,4.0,4.0,0.0,24.0,25.0,25.0,58.0,93.0,93.0,28.0,28.0,300.0,0.0,0.0,0.0,0.0,0.0,0.0,0.0,0.0,0.0
0.0,173.99,86.0,86.0,86.0,8.66,3.1,13.36,0.0,26.6,0.01,0.01,176.6,0.0,186.0,1.0,1.0,0.0,690.0,0.0,0.0,0.0,0.0,1.1,0.0,31.2,30.1,0.7,3.3,425.4,0.0,10.95,19.9,23.7,23.6,25.0,23.3,24.3,27.8,25.7,25.7,27.9,31.0,25.3,28.8,27.7,27.4,27.0,27.0,25.0,0.0,0.0,0.0,3.0,4.0,4.0,0.0,24.0,25.0,25.0,58.0,94.0,94.0,28.0,28.0,300.0,0.0,0.0,0.0,0.0,0.0,0.0,0.0,0.0,0.0
0.01,174.74,86.0,86.0,86.0,8.48,3.34,13.22,0.0,-17.9,0.01,0.0,176.5,0.0,215.0,1.0,1.0,0.0,690.0,0.0,0.0,0.0,0.0,1.3,0.0,32.1,30.9,0.7,3.3,425.4,0.0,10.95,19.9,23.7,23.6,25.0,23.3,24.4,27.8,25.8,25.9,27.8,30.9,25.3,28.9,27.6,27.4,28.0,28.0,25.0,0.0,0.0,0.0,3.0,4.0,4.0,0.0,24.0,25.0,25.0,58.0,93.0,93.0,28.0,28.0,300.0,0.0,0.0,0.0,0.0,0.0,0.0,0.0,0.0,0.0
0.05,177.77,86.0,86.0,86.0,8.54,3.12,13.28,0.0,-49.7,0.01,0.0,176.5,2.2,230.0,1.0,1.0,0.0,690.0,0.0,0.0,0.0,0.0,1.1,0.0,32.2,31.1,0.7,3.3,425.4,0.0,10.95,19.5,23.7,23.6,25.0,23.3,24.4,27.8,25.9,25.9,27.8,30.9,25.3,28.9,27.6,27.4,28.0,28.0,25.0,0.0,0.0,0.0,3.0,4.0,4.0,0.0,24.0,25.0,25.0,58.0,93.0,93.0,28.0,28.0,300.0,0.0,0.0,0.0,0.0,0.0,0.0,0.0,0.0,0.0
0.0,173.99,86.0,86.0,86.0,9.08,3.2,13.16,0.0,25.6,0.02,0.0,176.6,0.0,188.0,1.0,1.0,0.0,690.0,0.0,0.0,0.0,0.0,1.4,0.0,31.6,31.2,0.7,3.3,425.4,0.0,10.95,19.6,23.6,23.4,25.0,23.3,24.2,27.8,25.7,25.6,27.9,31.0,25.3,28.8,27.8,27.4,28.0,28.0,25.0,0.0,0.0,0.0,3.0,4.0,4.0,0.0,24.0,25.0,25.0,58.0,94.0,94.0,28.0,28.0,300.0,0.0,0.0,0.0,0.0,0.0,0.0,0.0,0.0,0.0
0.0,173.99,86.0,86.0,86.0,8.6,3.12,13.22,0.0,25.7,0.0,0.0,176.6,0.0,187.0,1.0,1.0,0.0,690.0,0.0,0.0,0.0,0.0,1.0,0.0,31.4,30.1,0.7,3.3,425.4,0.0,10.95,20.2,23.7,23.6,25.0,23.3,24.3,27.8,25.7,25.7,27.9,31.0,25.3,28.8,27.6,27.4,27.0,27.0,25.0,0.0,0.0,0.0,3.0,4.0,4.0,0.0,24.0,25.0,25.0,58.0,94.0,94.0,28.0,28.0,300.0,0.0,0.0,0.0,0.0,0.0,0.0,0.0,0.0,0.0
0.0,173.99,86.0,86.0,86.0,8.38,3.16,13.08,0.0,24.7,0.01,0.01,176.5,0.0,188.0,1.0,1.0,0.0,690.0,0.0,0.0,0.0,0.0,1.1,0.0,32.0,30.7,0.7,3.3,425.4,0.0,10.95,20.2,23.7,23.6,25.0,23.3,24.4,27.8,25.7,25.8,27.8,30.9,25.3,28.9,27.6,27.4,28.0,28.0,25.0,0.0,0.0,0.0,3.0,4.0,4.0,0.0,24.0,25.0,25.0,58.0,93.0,94.0,28.0,28.0,300.0,0.0,0.0,0.0,0.0,0.0,0.0,0.0,0.0,0.0
0.0,173.99,86.0,86.0,86.0,8.4,3.12,13.26,0.0,25.6,0.0,0.0,176.6,0.0,188.0,1.0,1.0,0.0,690.0,0.0,0.0,0.0,0.0,1.9,0.0,32.5,31.9,0.8,3.3,425.4,0.0,10.95,19.5,23.6,23.4,25.0,23.3,24.2,27.8,25.7,25.6,27.9,31.0,25.3,28.8,27.8,27.4,29.0,29.0,25.0,0.0,0.0,0.0,3.0,4.0,4.0,0.0,24.0,25.0,25.0,58.0,94.0,94.0,28.0,28.0,300.0,0.0,0.0,0.0,0.0,0.0,0.0,0.0,0.0,0.0
0.0,173.99,86.0,86.0,86.0,8.46,3.04,12.96,0.0,27.4,0.0,0.0,176.6,0.0,187.0,1.0,1.0,0.0,691.0,0.0,0.0,0.0,0.0,1.3,0.0,31.0,30.0,0.7,3.3,425.4,0.0,10.95,19.8,23.6,23.4,25.0,23.3,24.2,27.8,25.7,25.7,27.9,31.0,25.3,28.8,27.7,27.4,27.0,27.0,25.0,0.0,0.0,0.0,3.0,4.0,4.0,0.0,24.0,25.0,25.0,58.0,94.0,94.0,28.0,28.0,300.0,0.0,0.0,0.0,0.0,0.0,0.0,0.0,0.0,0.0
0.0,200.48,86.0,86.0,86.0,11.6,1.88,12.58,0.0,-47.9,0.01,0.01,176.5,0.0,261.0,1.0,1.0,0.0,691.0,0.0,0.0,0.0,0.0,1.2,0.0,32.4,31.1,0.8,3.4,425.4,0.0,10.95,18.2,23.7,23.6,25.0,23.3,24.4,27.8,25.9,25.9,27.8,30.9,25.4,28.8,27.6,27.4,28.0,28.0,25.0,0.0,0.0,0.0,3.0,4.0,4.0,0.0,24.0,25.0,25.0,59.0,93.0,93.0,28.0,28.0,300.0,0.0,0.0,0.0,0.0,0.0,0.0,0.0,0.0,0.0
0.0,173.99,86.0,86.0,86.0,8.72,3.02,13.62,0.0,25.6,0.0,0.0,176.6,0.0,188.0,1.0,1.0,0.0,690.0,0.0,0.0,0.0,0.0,1.4,0.0,31.6,31.1,0.7,3.3,425.4,0.0,10.95,19.6,23.6,23.4,25.0,23.3,24.2,27.8,25.7,25.6,27.9,31.0,25.3,28.8,27.8,27.4,28.0,28.0,25.0,0.0,0.0,0.0,3.0,4.0,4.0,0.0,24.0,25.0,25.0,58.0,94.0,94.0,28.0,28.0,300.0,0.0,0.0,0.0,0.0,0.0,0.0,0.0,0.0,0.0
0.0,173.99,86.0,86.0,86.0,8.68,3.06,13.58,0.0,25.9,0.01,0.01,176.5,0.0,186.0,1.0,1.0,0.0,690.0,0.0,0.0,0.0,0.0,1.6,0.0,31.1,30.1,0.7,3.3,425.4,0.0,10.95,19.9,23.7,23.6,25.0,23.3,24.3,27.8,25.7,25.7,27.9,31.0,25.3,28.8,27.6,27.4,27.0,27.0,25.0,0.0,0.0,0.0,3.0,4.0,4.0,0.0,24.0,25.0,25.0,58.0,94.0,94.0,28.0,28.0,300.0,0.0,0.0,0.0,0.0,0.0,0.0,0.0,0.0,0.0
0.0,200.48,86.0,86.0,86.0,12.08,1.84,12.52,0.0,-55.0,0.01,0.0,176.5,1.2,262.0,1.0,1.0,0.0,691.0,0.0,0.0,0.0,0.0,1.4,0.0,32.4,31.2,0.8,3.3,425.4,0.0,10.95,18.0,23.7,23.6,25.0,23.3,24.4,27.8,25.9,25.9,27.8,30.9,25.4,28.8,27.6,27.4,28.0,28.0,25.0,0.0,0.0,0.0,3.0,4.0,4.0,0.0,24.0,25.0,25.0,59.0,93.0,93.0,28.0,28.0,300.0,0.0,0.0,0.0,0.0,0.0,0.0,0.0,0.0,0.0
0.01,200.48,86.0,86.0,86.0,11.08,1.84,12.66,0.07,-53.3,0.01,0.0,176.5,1.6,260.0,1.0,1.0,0.0,690.0,0.0,0.0,0.0,0.0,1.4,0.0,32.1,31.0,0.7,3.4,425.4,0.0,10.95,18.6,23.7,23.6,25.0,23.3,24.4,27.8,25.9,25.9,27.8,30.9,25.3,28.9,27.6,27.4,28.0,28.0,25.0,0.0,0.0,0.0,3.0,4.0,4.0,0.0,24.0,25.0,25.0,58.0,93.0,93.0,28.0,28.0,300.0,0.0,0.0,0.0,0.0,0.0,0.0,0.0,0.0,0.0
0.0,173.99,86.0,86.0,86.0,8.68,3.18,13.52,0.0,24.5,0.01,0.0,176.6,0.0,187.0,1.0,1.0,0.0,691.0,0.0,0.0,0.0,0.0,1.7,0.0,31.4,30.2,0.7,3.3,425.4,0.0,10.95,20.2,23.7,23.6,25.0,23.3,24.4,27.8,25.7,25.7,27.9,31.0,25.3,28.8,27.6,27.4,27.0,27.0,25.0,0.0,0.0,0.0,3.0,4.0,4.0,0.0,24.0,25.0,25.0,58.0,94.0,94.0,28.0,28.0,300.0,0.0,0.0,0.0,0.0,0.0,0.0,0.0,0.0,0.0
0.0,173.99,86.0,86.0,86.0,8.56,2.96,13.54,0.0,27.4,0.0,0.01,176.6,0.0,186.0,1.0,1.0,0.0,691.0,0.0,0.0,0.0,0.0,1.3,0.0,31.2,30.2,0.7,3.3,425.4,0.0,10.95,19.8,23.7,23.5,25.0,23.3,24.2,27.8,25.7,25.7,27.9,31.0,25.3,28.8,27.6,27.4,27.0,27.0,25.0,0.0,0.0,0.0,3.0,4.0,4.0,0.0,24.0,25.0,25.0,58.0,94.0,94.0,28.0,28.0,300.0,0.0,0.0,0.0,0.0,0.0,0.0,0.0,0.0,0.0
0.0,173.99,86.0,86.0,86.0,8.72,3.24,13.38,0.0,12.2,0.01,0.0,176.5,0.0,190.0,1.0,1.0,0.0,690.0,0.0,0.0,0.0,0.0,1.2,0.0,32.0,31.0,0.7,3.3,425.4,0.0,10.95,20.2,23.7,23.6,25.0,23.3,24.4,27.8,25.8,25.8,27.9,30.9,25.3,28.9,27.6,27.4,27.0,28.0,25.0,0.0,0.0,0.0,3.0,4.0,4.0,0.0,24.0,25.0,25.0,58.0,93.0,93.0,28.0,28.0,300.0,0.0,0.0,0.0,0.0,0.0,0.0,0.0,0.0,0.0
0.0,173.99,86.0,86.0,86.0,8.42,3.2,13.06,0.0,25.7,0.0,0.0,176.6,0.0,188.0,1.0,1.0,0.0,690.0,0.0,0.0,0.0,0.0,1.3,0.0,31.6,30.6,0.7,3.3,425.4,0.0,10.95,20.2,23.7,23.6,25.0,23.3,24.4,27.8,25.7,25.7,27.9,31.0,25.3,28.8,27.6,27.4,27.0,27.0,25.0,0.0,0.0,0.0,3.0,4.0,4.0,0.0,24.0,25.0,25.0,58.0,94.0,94.0,28.0,28.0,300.0,0.0,0.0,0.0,0.0,0.0,0.0,0.0,0.0,0.0
0.0,173.99,86.0,86.0,86.0,8.24,3.12,12.96,0.0,2.9,0.01,0.0,176.5,0.0,194.0,1.0,1.0,0.0,690.0,0.0,0.0,0.0,0.0,1.4,0.0,31.9,30.9,0.7,3.4,425.4,0.0,10.95,20.2,23.7,23.6,25.0,23.3,24.4,27.8,25.8,25.8,27.8,30.9,25.3,28.9,27.6,27.4,28.0,28.0,25.0,0.0,0.0,0.0,3.0,4.0,4.0,0.0,24.0,25.0,25.0,58.0,93.0,93.0,28.0,28.0,300.0,0.0,0.0,0.0,0.0,0.0,0.0,0.0,0.0,0.0
0.0,173.99,86.0,86.0,86.0,8.32,3.12,13.8,0.0,25.9,0.0,0.01,176.6,0.0,187.0,1.0,1.0,0.0,690.0,0.0,0.0,0.0,0.0,1.4,0.0,30.8,29.7,0.7,3.3,425.4,0.0,10.95,20.0,23.7,23.4,25.0,23.3,24.2,27.8,25.7,25.7,27.9,31.0,25.3,28.8,27.7,27.4,27.0,27.0,25.0,0.0,0.0,0.0,3.0,4.0,4.0,0.0,24.0,25.0,25.0,58.0,94.0,94.0,28.0,28.0,300.0,0.0,0.0,0.0,0.0,0.0,0.0,0.0,0.0,0.0
0.0,200.48,86.0,86.0,86.0,11.46,2.04,12.68,0.0,-49.2,0.01,0.0,176.5,0.5,260.0,1.0,1.0,0.0,691.0,0.0,0.0,0.0,0.0,1.5,0.0,32.1,31.2,0.8,3.3,425.4,0.0,10.95,18.3,23.7,23.6,25.0,23.3,24.4,27.8,25.9,25.9,27.8,30.9,25.4,28.8,27.6,27.4,28.0,28.0,25.0,0.0,0.0,0.0,3.0,4.0,4.0,0.0,24.0,25.0,25.0,59.0,93.0,93.0,28.0,28.0,300.0,0.0,0.0,0.0,0.0,0.0,0.0,0.0,0.0,0.0
0.0,173.99,86.0,86.0,86.0,8.62,3.28,13.2,0.0,25.7,0.01,0.0,176.5,0.0,188.0,1.0,1.0,0.0,690.0,0.0,0.0,0.0,0.0,1.4,0.0,31.6,30.6,0.7,3.3,425.4,0.0,10.95,20.2,23.7,23.6,25.0,23.3,24.4,27.8,25.7,25.7,27.9,31.0,25.3,28.9,27.6,27.4,27.0,27.0,25.0,0.0,0.0,0.0,3.0,4.0,4.0,0.0,24.0,25.0,25.0,58.0,93.0,93.0,28.0,28.0,300.0,0.0,0.0,0.0,0.0,0.0,0.0,0.0,0.0,0.0
0.0,173.99,86.0,86.0,86.0,8.5,3.2,13.16,0.0,25.6,0.0,0.0,176.6,0.0,187.0,1.0,1.0,0.0,691.0,0.0,0.0,0.0,0.0,1.0,0.0,30.7,29.9,0.7,3.3,425.4,0.0,10.95,20.0,23.7,23.4,25.0,23.3,24.2,27.8,25.7,25.7,27.9,31.0,25.3,28.8,27.8,27.4,27.0,27.0,25.0,0.0,0.0,0.0,3.0,4.0,4.0,0.0,24.0,25.0,25.0,58.0,94.0,94.0,28.0,28.0,300.0,0.0,0.0,0.0,0.0,0.0,0.0,0.0,0.0,0.0
0.0,173.99,86.0,86.0,86.0,8.44,3.14,13.26,0.0,25.7,0.01,0.01,176.6,0.0,187.0,1.0,1.0,0.0,690.0,0.0,0.0,0.0,0.0,1.8,0.0,31.4,30.2,0.7,3.3,425.4,0.0,10.95,20.1,23.7,23.6,25.0,23.3,24.3,27.8,25.7,25.7,27.9,31.0,25.3,28.8,27.7,27.4,27.0,27.0,25.0,0.0,0.0,0.0,3.0,4.0,4.0,0.0,24.0,25.0,25.0,58.0,94.0,94.0,28.0,28.0,300.0,0.0,0.0,0.0,0.0,0.0,0.0,0.0,0.0,0.0
0.0,173.99,86.0,86.0,86.0,8.1,2.96,12.98,0.0,25.6,0.0,0.0,176.6,0.0,188.0,1.0,1.0,0.0,691.0,0.0,0.0,0.0,0.0,1.4,0.0,31.7,31.3,0.7,3.3,425.4,0.0,10.95,19.6,23.6,23.4,25.0,23.3,24.2,27.8,25.7,25.6,27.9,31.0,25.3,28.8,27.8,27.4,28.0,28.0,25.0,0.0,0.0,0.0,3.0,4.0,4.0,0.0,24.0,25.0,25.0,58.0,94.0,94.0,28.0,28.0,300.0,0.0,0.0,0.0,0.0,0.0,0.0,0.0,0.0,0.0
0.12,186.01,86.0,86.0,86.0,8.46,2.46,13.02,0.01,-51.5,0.01,0.0,176.5,1.6,244.0,1.0,1.0,0.0,689.0,0.0,0.0,0.0,0.0,1.3,0.0,32.2,30.9,0.7,3.4,425.4,0.0,10.95,18.9,23.7,23.6,25.0,23.3,24.4,27.8,25.9,25.9,27.8,30.9,25.3,28.9,27.6,27.4,28.0,28.0,25.0,0.0,0.0,0.0,3.0,4.0,4.0,0.0,24.0,25.0,25.0,58.0,93.0,93.0,28.0,28.0,300.0,0.0,0.0,0.0,0.0,0.0,0.0,0.0,0.0,0.0
0.0,200.48,86.0,86.0,86.0,11.02,1.98,12.7,0.03,-44.4,0.01,0.01,176.5,1.0,259.0,1.0,1.0,0.0,690.0,0.0,0.0,0.0,0.0,1.8,0.0,32.3,31.2,0.8,3.4,425.4,0.0,10.95,18.6,23.7,23.6,25.0,23.3,24.4,27.8,25.9,25.9,27.8,30.9,25.3,28.8,27.6,27.4,28.0,28.0,25.0,0.0,0.0,0.0,3.0,4.0,4.0,0.0,24.0,25.0,25.0,58.0,93.0,93.0,28.0,28.0,300.0,0.0,0.0,0.0,0.0,0.0,0.0,0.0,0.0,0.0
0.0,173.99,86.0,86.0,86.0,8.68,3.28,13.32,0.0,-2.7,0.01,0.01,176.5,0.0,202.0,1.0,1.0,0.0,690.0,0.0,0.0,0.0,0.0,1.4,0.0,32.0,30.9,0.7,3.3,425.4,0.0,10.95,20.2,23.7,23.6,25.0,23.3,24.4,27.8,25.8,25.8,27.8,30.9,25.3,28.9,27.6,27.4,28.0,28.0,25.0,0.0,0.0,0.0,3.0,4.0,4.0,0.0,24.0,25.0,25.0,58.0,93.0,93.0,28.0,28.0,300.0,0.0,0.0,0.0,0.0,0.0,0.0,0.0,0.0,0.0
0.0,173.99,86.0,86.0,86.0,8.6,2.9,13.16,0.0,27.4,0.01,0.0,176.6,0.0,186.0,1.0,1.0,0.0,691.0,0.0,0.0,0.0,0.0,1.3,0.0,31.1,29.8,0.7,3.3,425.4,0.0,10.95,19.7,23.7,23.5,25.0,23.3,24.2,27.8,25.7,25.7,27.9,31.0,25.3,28.8,27.7,27.4,27.0,27.0,25.0,0.0,0.0,0.0,3.0,4.0,4.0,0.0,24.0,25.0,25.0,58.0,94.0,94.0,28.0,28.0,300.0,0.0,0.0,0.0,0.0,0.0,0.0,0.0,0.0,0.0
0.0,173.99,86.0,86.0,86.0,8.42,3.0,13.48,0.0,24.1,0.0,0.01,176.5,0.0,188.0,1.0,1.0,0.0,690.0,0.0,0.0,0.0,0.0,1.1,0.0,31.9,30.7,0.8,3.3,425.4,0.0,10.95,20.2,23.7,23.6,25.0,23.3,24.4,27.8,25.7,25.8,27.8,30.9,25.3,28.9,27.6,27.4,28.0,28.0,25.0,0.0,0.0,0.0,3.0,4.0,4.0,0.0,24.0,25.0,25.0,58.0,93.0,93.0,28.0,28.0,300.0,0.0,0.0,0.0,0.0,0.0,0.0,0.0,0.0,0.0
0.0,173.99,86.0,86.0,86.0,8.4,3.12,13.18,0.0,27.4,0.0,0.01,176.6,0.0,186.0,1.0,1.0,0.0,690.0,0.0,0.0,0.0,0.0,1.0,0.0,30.9,29.9,0.7,3.3,425.4,0.0,10.95,19.7,23.7,23.4,25.0,23.3,24.2,27.8,25.7,25.7,27.9,31.0,25.3,28.8,27.7,27.4,27.0,27.0,25.0,0.0,0.0,0.0,3.0,4.0,4.0,0.0,24.0,25.0,25.0,58.0,94.0,94.0,28.0,28.0,300.0,0.0,0.0,0.0,0.0,0.0,0.0,0.0,0.0,0.0
0.0,173.99,86.0,86.0,86.0,8.62,3.08,13.38,0.0,25.6,0.0,0.01,176.6,0.0,187.0,1.0,1.0,0.0,690.0,0.0,0.0,0.0,0.0,1.4,0.0,30.8,29.7,0.7,3.3,425.4,0.0,10.95,20.0,23.7,23.5,25.0,23.3,24.2,27.8,25.7,25.7,27.9,31.0,25.3,28.8,27.8,27.4,27.0,27.0,25.0,0.0,0.0,0.0,3.0,4.0,4.0,0.0,24.0,25.0,25.0,58.0,94.0,94.0,28.0,28.0,300.0,0.0,0.0,0.0,0.0,0.0,0.0,0.0,0.0,0.0
0.05,177.01,86.0,86.0,86.0,8.36,3.16,13.06,0.0,-41.2,0.02,0.0,176.5,2.7,226.0,1.0,1.0,0.0,690.0,0.0,0.0,0.0,0.0,1.7,0.0,32.1,30.9,0.7,3.3,425.4,0.0,10.95,19.6,23.7,23.6,25.0,23.3,24.4,27.8,25.9,25.9,27.8,30.9,25.3,28.9,27.6,27.4,28.0,28.0,25.0,0.0,0.0,0.0,3.0,4.0,4.0,0.0,24.0,25.0,25.0,58.0,93.0,93.0,28.0,28.0,300.0,0.0,0.0,0.0,0.0,0.0,0.0,0.0,0.0,0.0
0.0,173.99,86.0,86.0,86.0,7.8,3.02,13.3,0.0,25.1,0.01,0.0,176.5,0.0,188.0,1.0,1.0,0.0,690.0,0.0,0.0,0.0,0.0,0.7,0.0,31.6,30.5,0.7,3.3,425.4,0.0,10.95,20.2,23.7,23.6,25.0,23.3,24.4,27.8,25.7,25.7,27.9,31.0,25.3,28.8,27.6,27.4,27.0,27.0,25.0,0.0,0.0,0.0,3.0,4.0,4.0,0.0,24.0,25.0,25.0,58.0,94.0,94.0,28.0,28.0,300.0,0.0,0.0,0.0,0.0,0.0,0.0,0.0,0.0,0.0
0.0,173.99,86.0,86.0,86.0,8.1,3.0,12.8,0.0,25.7,0.0,0.0,176.5,0.0,188.0,1.0,1.0,0.0,690.0,0.0,0.0,0.0,0.0,1.9,0.0,31.9,30.7,0.7,3.3,425.4,0.0,10.95,20.2,23.7,23.6,25.0,23.3,24.4,27.8,25.8,25.8,27.9,30.9,25.3,28.9,27.6,27.4,27.0,28.0,25.0,0.0,0.0,0.0,3.0,4.0,4.0,0.0,24.0,25.0,25.0,58.0,93.0,94.0,28.0,28.0,300.0,0.0,0.0,0.0,0.0,0.0,0.0,0.0,0.0,0.0
0.03,176.51,86.0,86.0,86.0,8.4,3.2,13.28,0.0,-34.5,0.0,0.01,176.5,2.2,223.0,1.0,1.0,0.0,690.0,0.0,0.0,0.0,0.0,1.5,0.0,32.1,30.8,0.7,3.3,425.4,0.0,10.95,19.7,23.7,23.6,25.0,23.3,24.4,27.8,25.9,25.9,27.8,30.9,25.3,28.9,27.6,27.4,28.0,28.0,25.0,0.0,0.0,0.0,3.0,4.0,4.0,0.0,24.0,25.0,25.0,58.0,93.0,93.0,28.0,28.0,300.0,0.0,0.0,0.0,0.0,0.0,0.0,0.0,0.0,0.0
0.0,173.99,86.0,86.0,86.0,8.58,3.1,13.22,0.0,25.6,0.01,0.01,176.6,0.0,188.0,1.0,1.0,0.0,690.0,0.0,0.0,0.0,0.0,1.3,0.0,32.0,31.7,0.8,3.3,425.4,0.0,10.95,19.5,23.6,23.4,24.9,23.3,24.2,27.8,25.7,25.6,27.9,31.0,25.3,28.8,27.8,27.4,28.0,29.0,25.0,0.0,0.0,0.0,3.0,4.0,4.0,0.0,24.0,25.0,25.0,58.0,94.0,94.0,28.0,28.0,300.0,0.0,0.0,0.0,0.0,0.0,0.0,0.0,0.0,0.0
0.0,173.99,86.0,86.0,86.0,8.72,3.24,13.26,0.0,24.2,0.01,0.0,176.6,0.0,188.0,1.0,1.0,0.0,690.0,0.0,0.0,0.0,0.0,1.2,0.0,31.6,30.3,0.7,3.3,425.4,0.0,10.95,20.2,23.7,23.6,25.0,23.3,24.4,27.8,25.7,25.7,27.9,31.0,25.3,28.8,27.6,27.4,27.0,27.0,25.0,0.0,0.0,0.0,3.0,4.0,4.0,0.0,24.0,25.0,25.0,58.0,94.0,94.0,28.0,28.0,300.0,0.0,0.0,0.0,0.0,0.0,0.0,0.0,0.0,0.0
0.0,173.99,86.0,86.0,86.0,7.7,3.34,13.28,0.0,26.2,0.01,0.0,176.6,0.0,186.0,1.0,1.0,0.0,690.0,0.0,0.0,0.0,0.0,1.1,0.0,31.2,30.2,0.7,3.3,425.4,0.0,10.95,19.9,23.7,23.6,25.0,23.3,24.3,27.8,25.7,25.7,27.9,31.0,25.3,28.8,27.7,27.4,27.0,27.0,25.0,0.0,0.0,0.0,3.0,4.0,4.0,0.0,24.0,25.0,25.0,58.0,94.0,94.0,28.0,28.0,300.0,0.0,0.0,0.0,0.0,0.0,0.0,0.0,0.0,0.0
0.0,173.99,86.0,86.0,86.0,8.1,2.98,12.8,0.0,-0.9,0.01,0.0,176.5,0.0,197.0,1.0,1.0,0.0,690.0,0.0,0.0,0.0,0.0,1.6,0.0,31.9,30.8,0.7,3.3,425.4,0.0,10.95,20.2,23.7,23.6,25.0,23.3,24.4,27.8,25.8,25.9,27.8,30.9,25.3,28.9,27.6,27.4,28.0,28.0,25.0,0.0,0.0,0.0,3.0,4.0,4.0,0.0,24.0,25.0,25.0,58.0,93.0,93.0,28.0,28.0,300.0,0.0,0.0,0.0,0.0,0.0,0.0,0.0,0.0,0.0
0.12,185.26,86.0,86.0,86.0,8.7,2.72,13.24,0.01,-54.0,0.02,0.0,176.5,1.8,244.0,1.0,1.0,0.0,690.0,0.0,0.0,0.0,0.0,0.9,0.0,32.2,31.0,0.8,3.3,425.4,0.0,10.95,19.0,23.7,23.6,25.0,23.3,24.4,27.8,25.9,25.9,27.8,30.9,25.3,28.9,27.6,27.4,28.0,28.0,25.0,0.0,0.0,0.0,3.0,4.0,4.0,0.0,24.0,25.0,25.0,58.0,93.0,93.0,28.0,28.0,300.0,0.0,0.0,0.0,0.0,0.0,0.0,0.0,0.0,0.0
0.0,173.99,86.0,86.0,86.0,8.58,3.14,13.14,0.0,27.4,0.01,0.0,176.5,0.0,186.0,1.0,1.0,0.0,691.0,0.0,0.0,0.0,0.0,1.3,0.0,31.0,29.9,0.7,3.3,425.4,0.0,10.95,19.7,23.7,23.5,25.0,23.3,24.2,27.8,25.7,25.7,27.9,31.0,25.3,28.8,27.7,27.4,27.0,27.0,25.0,0.0,0.0,0.0,3.0,4.0,4.0,0.0,24.0,25.0,25.0,58.0,94.0,94.0,28.0,28.0,300.0,0.0,0.0,0.0,0.0,0.0,0.0,0.0,0.0,0.0
0.0,173.99,86.0,86.0,86.0,8.62,3.22,13.38,0.0,25.6,0.0,0.0,176.6,0.0,188.0,1.0,1.0,0.0,690.0,0.0,0.0,0.0,0.0,1.6,0.0,31.6,30.5,0.7,3.3,425.4,0.0,10.95,20.1,23.7,23.6,25.0,23.3,24.4,27.8,25.7,25.7,27.9,31.0,25.3,28.8,27.6,27.4,27.0,27.0,25.0,0.0,0.0,0.0,3.0,4.0,4.0,0.0,24.0,25.0,25.0,58.0,94.0,94.0,28.0,28.0,300.0,0.0,0.0,0.0,0.0,0.0,0.0,0.0,0.0,0.0
0.0,200.48,86.0,86.0,86.0,12.86,1.78,12.74,0.0,-65.4,0.01,0.0,176.5,0.0,267.0,1.0,1.0,0.0,691.0,0.0,0.0,0.0,0.0,1.5,0.0,32.3,31.2,0.8,3.4,425.4,0.0,10.95,17.9,23.7,23.6,25.0,23.4,24.5,27.8,25.9,25.9,27.8,30.9,25.4,28.8,27.6,27.4,28.0,28.0,25.0,0.0,0.0,0.0,3.0,4.0,4.0,0.0,24.0,25.0,25.0,59.0,93.0,93.0,28.0,28.0,300.0,0.0,0.0,0.0,0.0,0.0,0.0,0.0,0.0,0.0
0.0,200.48,86.0,86.0,86.0,11.96,1.88,12.54,0.0,-47.3,0.01,0.0,176.5,0.0,261.0,1.0,1.0,0.0,691.0,0.0,0.0,0.0,0.0,1.4,0.0,32.4,31.3,0.8,3.4,425.4,0.0,10.95,18.1,23.7,23.6,25.0,23.4,24.4,27.8,25.9,25.9,27.8,30.9,25.4,28.8,27.6,27.4,28.0,28.0,25.0,0.0,0.0,0.0,3.0,4.0,4.0,0.0,24.0,25.0,25.0,59.0,93.0,93.0,28.0,28.0,300.0,0.0,0.0,0.0,0.0,0.0,0.0,0.0,0.0,0.0
0.0,173.99,86.0,86.0,86.0,8.36,3.02,13.4,0.0,25.6,0.0,0.0,176.6,0.0,188.0,1.0,1.0,0.0,690.0,0.0,0.0,0.0,0.0,1.1,0.0,30.5,29.9,0.7,3.3,425.4,0.0,10.95,20.0,23.6,23.4,25.0,23.3,24.2,27.8,25.7,25.7,27.9,31.0,25.3,28.8,27.8,27.4,27.0,27.0,25.0,0.0,0.0,0.0,3.0,4.0,4.0,0.0,24.0,25.0,25.0,58.0,94.0,94.0,28.0,28.0,300.0,0.0,0.0,0.0,0.0,0.0,0.0,0.0,0.0,0.0
0.0,173.99,86.0,86.0,86.0,8.56,3.08,13.78,0.0,27.4,0.01,0.0,176.6,0.0,186.0,1.0,1.0,0.0,691.0,0.0,0.0,0.0,0.0,1.2,0.0,31.2,30.0,0.7,3.3,425.4,0.0,10.95,19.7,23.7,23.5,25.0,23.3,24.2,27.8,25.7,25.7,27.9,31.0,25.3,28.8,27.6,27.4,27.0,27.0,25.0,0.0,0.0,0.0,3.0,4.0,4.0,0.0,24.0,25.0,25.0,58.0,94.0,94.0,28.0,28.0,300.0,0.0,0.0,0.0,0.0,0.0,0.0,0.0,0.0,0.0
0.0,173.99,86.0,86.0,86.0,8.7,3.14,13.38,0.0,26.9,0.01,0.0,176.6,0.0,187.0,1.0,1.0,0.0,690.0,0.0,0.0,0.0,0.0,1.2,0.0,30.8,29.7,0.7,3.3,425.4,0.0,10.95,20.0,23.7,23.5,25.0,23.3,24.2,27.8,25.7,25.7,27.9,31.0,25.3,28.8,27.7,27.4,27.0,27.0,25.0,0.0,0.0,0.0,3.0,4.0,4.0,0.0,24.0,25.0,25.0,58.0,94.0,94.0,28.0,28.0,300.0,0.0,0.0,0.0,0.0,0.0,0.0,0.0,0.0,0.0
0.0,173.99,86.0,86.0,86.0,8.28,3.04,13.66,0.0,27.4,0.01,0.01,176.6,0.0,186.0,1.0,1.0,0.0,690.0,0.0,0.0,0.0,0.0,1.0,0.0,31.1,29.8,0.7,3.3,425.4,0.0,10.95,19.8,23.7,23.4,25.0,23.3,24.2,27.8,25.7,25.7,27.9,31.0,25.3,28.8,27.7,27.4,27.0,27.0,25.0,0.0,0.0,0.0,3.0,4.0,4.0,0.0,24.0,25.0,25.0,58.0,94.0,94.0,28.0,28.0,300.0,0.0,0.0,0.0,0.0,0.0,0.0,0.0,0.0,0.0
0.0,173.99,86.0,86.0,86.0,8.52,3.06,13.68,0.0,25.7,0.01,0.0,176.6,0.0,186.0,1.0,1.0,0.0,690.0,0.0,0.0,0.0,0.0,1.5,0.0,31.4,30.1,0.7,3.3,425.4,0.0,10.95,20.0,23.7,23.6,25.0,23.3,24.3,27.8,25.7,25.7,27.9,31.0,25.3,28.8,27.7,27.4,27.0,27.0,25.0,0.0,0.0,0.0,3.0,4.0,4.0,0.0,24.0,25.0,25.0,58.0,94.0,94.0,28.0,28.0,300.0,0.0,0.0,0.0,0.0,0.0,0.0,0.0,0.0,0.0
0.0,200.48,86.0,86.0,86.0,11.8,1.9,12.44,0.0,-47.3,0.0,0.01,176.5,0.0,260.0,1.0,1.0,0.0,690.0,0.0,0.0,0.0,0.0,1.3,0.0,32.3,31.1,0.8,3.3,425.4,0.0,10.95,18.1,23.7,23.6,25.0,23.4,24.4,27.8,25.9,25.9,27.8,30.9,25.4,28.8,27.6,27.4,28.0,28.0,25.0,0.0,0.0,0.0,3.0,4.0,4.0,0.0,24.0,25.0,25.0,59.0,93.0,93.0,28.0,28.0,300.0,0.0,0.0,0.0,0.0,0.0,0.0,0.0,0.0,0.0
0.0,200.48,86.0,86.0,86.0,11.92,2.04,12.66,0.0,-47.4,0.01,0.0,176.5,0.5,261.0,1.0,1.0,0.0,690.0,0.0,0.0,0.0,0.0,1.6,0.0,32.4,31.3,0.8,3.3,425.4,0.0,10.95,18.1,23.7,23.6,25.0,23.4,24.4,27.8,25.9,25.9,27.8,30.9,25.4,28.8,27.6,27.4,28.0,28.0,25.0,0.0,0.0,0.0,3.0,4.0,4.0,0.0,24.0,25.0,25.0,59.0,93.0,93.0,28.0,28.0,300.0,0.0,0.0,0.0,0.0,0.0,0.0,0.0,0.0,0.0
0.0,173.99,86.0,86.0,86.0,8.52,3.08,13.38,0.0,25.7,0.01,0.0,176.6,0.0,187.0,1.0,1.0,0.0,690.0,0.0,0.0,0.0,0.0,1.5,0.0,31.3,30.2,0.7,3.3,425.4,0.0,10.95,20.1,23.7,23.6,25.0,23.3,24.3,27.8,25.7,25.7,27.9,31.0,25.3,28.8,27.6,27.4,27.0,27.0,25.0,0.0,0.0,0.0,3.0,4.0,4.0,0.0,24.0,25.0,25.0,58.0,94.0,94.0,28.0,28.0,300.0,0.0,0.0,0.0,0.0,0.0,0.0,0.0,0.0,0.0
0.0,173.99,86.0,86.0,86.0,8.42,3.12,13.1,0.0,25.6,0.01,0.01,176.6,0.0,188.0,1.0,1.0,0.0,690.0,0.0,0.0,0.0,0.0,1.4,0.0,30.3,29.6,0.7,3.3,425.4,0.0,10.95,20.0,23.6,23.4,25.0,23.3,24.2,27.8,25.7,25.7,27.9,31.0,25.3,28.8,27.8,27.4,27.0,27.0,25.0,0.0,0.0,0.0,3.0,4.0,4.0,0.0,24.0,25.0,25.0,58.0,94.0,94.0,28.0,28.0,300.0,0.0,0.0,0.0,0.0,0.0,0.0,0.0,0.0,0.0
0.0,173.99,86.0,86.0,86.0,8.18,3.06,13.5,0.0,25.7,0.01,0.01,176.5,0.0,188.0,1.0,1.0,0.0,690.0,0.0,0.0,0.0,0.0,1.1,0.0,31.7,30.5,0.7,3.3,425.4,0.0,10.95,20.2,23.7,23.6,25.0,23.3,24.4,27.8,25.7,25.7,27.9,31.0,25.3,28.9,27.6,27.4,27.0,27.0,25.0,0.0,0.0,0.0,3.0,4.0,4.0,0.0,24.0,25.0,25.0,58.0,93.0,93.0,28.0,28.0,300.0,0.0,0.0,0.0,0.0,0.0,0.0,0.0,0.0,0.0
0.0,173.99,86.0,86.0,86.0,8.44,2.98,13.68,0.0,27.4,0.0,0.01,176.6,0.0,187.0,1.0,1.0,0.0,690.0,0.0,0.0,0.0,0.0,1.7,0.0,31.0,29.8,0.7,3.3,425.4,0.0,10.95,19.8,23.6,23.4,25.0,23.3,24.2,27.8,25.7,25.7,27.9,31.0,25.3,28.8,27.7,27.4,27.0,27.0,25.0,0.0,0.0,0.0,3.0,4.0,4.0,0.0,24.0,25.0,25.0,58.0,94.0,94.0,28.0,28.0,300.0,0.0,0.0,0.0,0.0,0.0,0.0,0.0,0.0,0.0
0.0,173.99,86.0,86.0,86.0,8.32,3.0,13.52,0.0,27.1,0.01,0.0,176.6,0.0,186.0,1.0,1.0,0.0,691.0,0.0,0.0,0.0,0.0,1.4,0.0,31.3,30.1,0.7,3.3,425.4,0.0,10.95,19.9,23.7,23.6,25.0,23.3,24.3,27.8,25.7,25.7,27.9,31.0,25.3,28.8,27.6,27.4,27.0,27.0,25.0,0.0,0.0,0.0,3.0,4.0,4.0,0.0,24.0,25.0,25.0,58.0,94.0,94.0,28.0,28.0,300.0,0.0,0.0,0.0,0.0,0.0,0.0,0.0,0.0,0.0
0.0,200.48,86.0,86.0,86.0,11.76,1.74,12.88,0.0,-49.1,0.01,0.0,176.5,0.0,260.0,1.0,1.0,0.0,691.0,0.0,0.0,0.0,0.0,1.4,0.0,32.3,31.1,0.8,3.3,425.4,0.0,10.95,18.2,23.7,23.6,25.0,23.3,24.4,27.8,25.9,25.9,27.8,30.9,25.4,28.8,27.6,27.4,28.0,28.0,25.0,0.0,0.0,0.0,3.0,4.0,4.0,0.0,24.0,25.0,25.0,59.0,93.0,93.0,28.0,28.0,300.0,0.0,0.0,0.0,0.0,0.0,0.0,0.0,0.0,0.0
0.0,173.99,86.0,86.0,86.0,8.38,3.02,13.56,0.0,-3.0,0.01,0.0,176.5,0.0,202.0,1.0,1.0,0.0,690.0,0.0,0.0,0.0,0.0,1.4,0.0,31.9,30.7,0.7,3.3,425.4,0.0,10.95,20.2,23.7,23.6,25.0,23.3,24.4,27.8,25.8,25.8,27.8,30.9,25.3,28.9,27.6,27.4,28.0,28.0,25.0,0.0,0.0,0.0,3.0,4.0,4.0,0.0,24.0,25.0,25.0,58.0,93.0,93.0,28.0,28.0,300.0,0.0,0.0,0.0,0.0,0.0,0.0,0.0,0.0,0.0
0.03,176.26,86.0,86.0,86.0,8.32,3.14,13.34,0.0,-31.4,0.01,0.0,176.5,1.5,222.0,1.0,1.0,0.0,690.0,0.0,0.0,0.0,0.0,1.3,0.0,32.0,31.1,0.8,3.3,425.4,0.0,10.95,19.7,23.7,23.6,25.0,23.3,24.4,27.8,25.9,25.9,27.8,30.9,25.3,28.9,27.6,27.4,28.0,28.0,25.0,0.0,0.0,0.0,3.0,4.0,4.0,0.0,24.0,25.0,25.0,58.0,93.0,93.0,28.0,28.0,300.0,0.0,0.0,0.0,0.0,0.0,0.0,0.0,0.0,0.0
0.01,174.24,86.0,86.0,86.0,8.42,3.04,13.72,0.0,-22.2,0.01,0.0,176.5,0.0,212.0,1.0,1.0,0.0,690.0,0.0,0.0,0.0,0.0,1.3,0.0,32.0,30.8,0.8,3.3,425.4,0.0,10.95,20.0,23.7,23.6,25.0,23.3,24.4,27.8,25.8,25.9,27.8,30.9,25.3,28.9,27.6,27.4,28.0,28.0,25.0,0.0,0.0,0.0,3.0,4.0,4.0,0.0,24.0,25.0,25.0,58.0,93.0,93.0,28.0,28.0,300.0,0.0,0.0,0.0,0.0,0.0,0.0,0.0,0.0,0.0
0.0,173.99,86.0,86.0,86.0,8.48,3.18,13.08,0.0,23.9,0.0,0.0,176.5,0.0,188.0,1.0,1.0,0.0,690.0,0.0,0.0,0.0,0.0,1.5,0.0,31.5,30.4,0.8,3.3,425.4,0.0,10.95,20.2,23.7,23.6,25.0,23.3,24.4,27.8,25.7,25.7,27.9,31.0,25.3,28.8,27.6,27.4,27.0,27.0,25.0,0.0,0.0,0.0,3.0,4.0,4.0,0.0,24.0,25.0,25.0,58.0,94.0,94.0,28.0,28.0,300.0,0.0,0.0,0.0,0.0,0.0,0.0,0.0,0.0,0.0
0.0,173.99,86.0,86.0,86.0,7.54,2.96,13.2,0.0,25.6,0.0,0.01,176.6,0.0,188.0,1.0,1.0,0.0,690.0,0.0,0.0,0.0,0.0,1.5,0.0,32.8,32.5,0.7,3.4,425.4,0.0,10.95,19.4,23.6,23.4,25.0,23.3,24.2,27.8,25.7,25.6,27.9,31.0,25.3,28.8,27.8,27.4,29.0,29.0,25.0,0.0,0.0,0.0,3.0,4.0,4.0,0.0,24.0,25.0,25.0,58.0,94.0,94.0,28.0,28.0,300.0,0.0,0.0,0.0,0.0,0.0,0.0,0.0,0.0,0.0
0.0,173.99,86.0,86.0,86.0,8.5,3.18,13.28,0.0,25.6,0.01,0.0,176.6,0.0,187.0,1.0,1.0,0.0,690.0,0.0,0.0,0.0,0.0,1.2,0.0,30.6,30.0,0.7,3.3,425.4,0.0,10.95,19.9,23.6,23.4,25.0,23.3,24.2,27.8,25.7,25.7,27.9,31.0,25.3,28.8,27.8,27.4,27.0,27.0,25.0,0.0,0.0,0.0,3.0,4.0,4.0,0.0,24.0,25.0,25.0,58.0,94.0,94.0,28.0,28.0,300.0,0.0,0.0,0.0,0.0,0.0,0.0,0.0,0.0,0.0
0.0,173.99,86.0,86.0,86.0,8.34,2.98,13.54,0.0,22.7,0.01,0.0,176.6,0.6,189.0,1.0,1.0,0.0,690.0,0.0,0.0,0.0,0.0,1.2,0.0,31.9,30.8,0.8,3.3,425.4,0.0,10.95,20.2,23.7,23.6,25.0,23.3,24.4,27.8,25.8,25.8,27.8,30.9,25.3,28.9,27.6,27.4,27.0,28.0,25.0,0.0,0.0,0.0,3.0,4.0,4.0,0.0,24.0,25.0,25.0,58.0,93.0,93.0,28.0,28.0,300.0,0.0,0.0,0.0,0.0,0.0,0.0,0.0,0.0,0.0
0.0,200.48,86.0,86.0,86.0,12.5,1.9,12.72,0.0,-65.7,0.01,0.0,176.5,0.0,268.0,1.0,1.0,0.0,691.0,0.0,0.0,0.0,0.0,1.2,0.0,32.4,31.4,0.8,3.3,425.4,0.0,10.95,17.9,23.7,23.6,25.0,23.4,24.5,27.8,25.9,25.9,27.8,30.9,25.4,28.8,27.6,27.4,28.0,28.0,25.0,0.0,0.0,0.0,3.0,4.0,4.0,0.0,24.0,25.0,25.0,59.0,93.0,93.0,28.0,28.0,300.0,0.0,0.0,0.0,0.0,0.0,0.0,0.0,0.0,0.0
0.05,177.26,86.0,86.0,86.0,8.68,3.26,13.24,0.0,-44.8,0.0,0.0,176.5,2.6,227.0,1.0,1.0,0.0,690.0,0.0,0.0,0.0,0.0,1.1,0.0,32.1,31.1,0.7,3.3,425.4,0.0,10.95,19.6,23.7,23.6,25.0,23.3,24.4,27.8,25.9,25.9,27.8,30.9,25.3,28.9,27.6,27.4,28.0,28.0,25.0,0.0,0.0,0.0,3.0,4.0,4.0,0.0,24.0,25.0,25.0,58.0,93.0,93.0,28.0,28.0,300.0,0.0,0.0,0.0,0.0,0.0,0.0,0.0,0.0,0.0
0.0,200.48,86.0,86.0,86.0,11.2,1.86,12.6,0.0,-45.4,0.0,0.0,176.5,0.0,259.0,1.0,1.0,0.0,690.0,0.0,0.0,0.0,0.0,1.3,0.0,32.3,31.1,0.8,3.4,425.4,0.0,10.95,18.5,23.7,23.6,25.0,23.3,24.4,27.8,25.9,25.9,27.8,30.9,25.4,28.8,27.6,27.4,28.0,28.0,25.0,0.0,0.0,0.0,3.0,4.0,4.0,0.0,24.0,25.0,25.0,58.0,93.0,93.0,28.0,28.0,300.0,0.0,0.0,0.0,0.0,0.0,0.0,0.0,0.0,0.0
0.0,173.99,86.0,86.0,86.0,8.7,3.26,13.2,0.0,25.7,0.01,0.01,176.5,0.0,188.0,1.0,1.0,0.0,690.0,0.0,0.0,0.0,0.0,1.5,0.0,31.7,30.8,0.7,3.3,425.4,0.0,10.95,20.1,23.7,23.6,25.0,23.3,24.4,27.8,25.7,25.7,27.9,31.0,25.3,28.9,27.6,27.4,27.0,27.0,25.0,0.0,0.0,0.0,3.0,4.0,4.0,0.0,24.0,25.0,25.0,58.0,93.0,94.0,28.0,28.0,300.0,0.0,0.0,0.0,0.0,0.0,0.0,0.0,0.0,0.0
0.0,173.99,86.0,86.0,86.0,8.32,3.14,13.38,0.0,25.6,0.0,0.01,176.6,0.0,188.0,1.0,1.0,0.0,690.0,0.0,0.0,0.0,0.0,1.4,0.0,31.6,30.5,0.8,3.3,425.4,0.0,10.95,20.2,23.7,23.6,25.0,23.3,24.4,27.8,25.7,25.7,27.9,31.0,25.3,28.8,27.6,27.4,27.0,27.0,25.0,0.0,0.0,0.0,3.0,4.0,4.0,0.0,24.0,25.0,25.0,58.0,94.0,94.0,28.0,28.0,300.0,0.0,0.0,0.0,0.0,0.0,0.0,0.0,0.0,0.0
0.0,173.99,86.0,86.0,86.0,8.62,2.84,13.34,0.0,27.4,0.01,0.0,176.6,0.0,186.0,1.0,1.0,0.0,691.0,0.0,0.0,0.0,0.0,1.6,0.0,31.2,30.1,0.7,3.3,425.4,0.0,10.95,19.8,23.7,23.5,25.0,23.3,24.2,27.8,25.7,25.7,27.9,31.0,25.3,28.8,27.6,27.4,27.0,27.0,25.0,0.0,0.0,0.0,3.0,4.0,4.0,0.0,24.0,25.0,25.0,58.0,94.0,94.0,28.0,28.0,300.0,0.0,0.0,0.0,0.0,0.0,0.0,0.0,0.0,0.0
0.0,200.48,86.0,86.0,86.0,12.1,1.84,12.6,0.0,-50.4,0.01,0.01,176.5,0.1,261.0,1.0,1.0,0.0,691.0,0.0,0.0,0.0,0.0,1.1,0.0,32.5,31.2,0.7,3.4,425.4,0.0,10.95,18.0,23.7,23.6,25.0,23.3,24.4,27.8,25.9,25.9,27.8,30.9,25.4,28.8,27.6,27.4,28.0,28.0,25.0,0.0,0.0,0.0,3.0,4.0,4.0,0.0,24.0,25.0,25.0,59.0,93.0,93.0,28.0,28.0,300.0,0.0,0.0,0.0,0.0,0.0,0.0,0.0,0.0,0.0
0.0,173.99,86.0,86.0,86.0,8.38,3.02,13.12,0.0,25.6,0.02,0.0,176.6,0.0,188.0,1.0,1.0,0.0,690.0,0.0,0.0,0.0,0.0,1.5,0.0,32.1,31.7,0.7,3.3,425.4,0.0,10.95,19.5,23.6,23.4,25.0,23.3,24.2,27.8,25.7,25.6,27.9,31.0,25.3,28.8,27.8,27.4,28.0,29.0,25.0,0.0,0.0,0.0,3.0,4.0,4.0,0.0,24.0,25.0,25.0,58.0,94.0,94.0,28.0,28.0,300.0,0.0,0.0,0.0,0.0,0.0,0.0,0.0,0.0,0.0
0.0,173.99,86.0,86.0,86.0,8.14,3.02,13.22,0.0,25.7,0.01,0.01,176.5,0.0,188.0,1.0,1.0,0.0,690.0,0.0,0.0,0.0,0.0,1.2,0.0,31.8,30.6,0.8,3.4,425.4,0.0,10.95,20.1,23.7,23.6,25.0,23.3,24.4,27.8,25.7,25.7,27.9,31.0,25.3,28.9,27.6,27.4,27.0,27.0,25.0,0.0,0.0,0.0,3.0,4.0,4.0,0.0,24.0,25.0,25.0,58.0,93.0,94.0,28.0,28.0,300.0,0.0,0.0,0.0,0.0,0.0,0.0,0.0,0.0,0.0
0.0,173.99,86.0,86.0,86.0,8.32,2.9,13.36,0.0,25.6,0.01,0.0,176.6,0.0,188.0,1.0,1.0,0.0,690.0,0.0,0.0,0.0,0.0,0.6,0.0,30.5,29.9,0.7,3.3,425.4,0.0,10.95,20.0,23.6,23.4,25.0,23.3,24.2,27.8,25.7,25.6,27.9,31.0,25.3,28.8,27.8,27.4,27.0,27.0,25.0,0.0,0.0,0.0,3.0,4.0,4.0,0.0,24.0,25.0,25.0,58.0,94.0,94.0,28.0,28.0,300.0,0.0,0.0,0.0,0.0,0.0,0.0,0.0,0.0,0.0
0.0,200.48,86.0,86.0,86.0,12.24,1.84,12.68,0.0,-47.7,0.01,0.0,176.5,0.0,260.0,1.0,1.0,0.0,691.0,0.0,0.0,0.0,0.0,1.4,0.0,32.3,31.2,0.8,3.3,425.4,0.0,10.95,18.0,23.7,23.6,25.0,23.3,24.4,27.8,25.9,25.9,27.8,30.9,25.4,28.8,27.6,27.4,28.0,28.0,25.0,0.0,0.0,0.0,3.0,4.0,4.0,0.0,24.0,25.0,25.0,59.0,93.0,93.0,28.0,28.0,300.0,0.0,0.0,0.0,0.0,0.0,0.0,0.0,0.0,0.0
0.0,173.99,86.0,86.0,86.0,8.66,2.98,13.44,0.0,27.4,0.02,0.0,176.6,0.0,187.0,1.0,1.0,0.0,690.0,0.0,0.0,0.0,0.0,1.7,0.0,30.9,29.7,0.7,3.3,425.4,0.0,10.95,19.9,23.7,23.4,25.0,23.3,24.2,27.8,25.7,25.7,27.9,31.0,25.3,28.8,27.8,27.4,27.0,27.0,25.0,0.0,0.0,0.0,3.0,4.0,4.0,0.0,24.0,25.0,25.0,58.0,94.0,94.0,28.0,28.0,300.0,0.0,0.0,0.0,0.0,0.0,0.0,0.0,0.0,0.0
0.08,198.76,86.0,86.0,86.0,11.38,1.4,13.34,0.07,-66.2,0.0,0.0,176.5,0.7,259.0,1.0,1.0,0.0,690.0,0.0,0.0,0.0,0.0,1.3,0.0,32.2,31.1,0.8,3.4,425.4,0.0,10.95,18.7,23.7,23.6,25.0,23.3,24.4,27.8,25.9,25.9,27.8,30.9,25.3,28.9,27.6,27.4,28.0,28.0,25.0,0.0,0.0,0.0,3.0,4.0,4.0,0.0,24.0,25.0,25.0,58.0,93.0,93.0,28.0,28.0,300.0,0.0,0.0,0.0,0.0,0.0,0.0,0.0,0.0,0.0
0.0,173.99,86.0,86.0,86.0,8.44,3.1,13.38,0.0,25.6,0.02,0.01,176.6,0.0,188.0,1.0,1.0,0.0,690.0,0.0,0.0,0.0,0.0,1.1,0.0,31.4,30.9,0.7,3.3,425.4,0.0,10.95,19.7,23.6,23.4,25.0,23.3,24.2,27.8,25.7,25.6,27.9,31.0,25.3,28.8,27.8,27.4,28.0,28.0,25.0,0.0,0.0,0.0,3.0,4.0,4.0,0.0,24.0,25.0,25.0,58.0,94.0,94.0,28.0,28.0,300.0,0.0,0.0,0.0,0.0,0.0,0.0,0.0,0.0,0.0
0.03,175.0,86.0,86.0,86.0,8.44,3.24,13.12,0.0,-16.8,0.0,0.0,176.6,0.0,215.0,1.0,1.0,0.0,690.0,0.0,0.0,0.0,0.0,1.1,0.0,32.2,30.9,0.8,3.3,425.4,0.0,10.95,19.8,23.7,23.6,25.0,23.3,24.4,27.8,25.8,25.9,27.8,30.9,25.3,28.9,27.6,27.4,28.0,28.0,25.0,0.0,0.0,0.0,3.0,4.0,4.0,0.0,24.0,25.0,25.0,58.0,93.0,93.0,28.0,28.0,300.0,0.0,0.0,0.0,0.0,0.0,0.0,0.0,0.0,0.0
0.0,173.99,86.0,86.0,86.0,8.52,3.08,13.08,0.0,25.6,0.0,0.0,176.6,0.0,188.0,1.0,1.0,0.0,690.0,0.0,0.0,0.0,0.0,1.2,0.0,31.3,30.8,0.7,3.3,425.4,0.0,10.95,19.7,23.6,23.4,25.0,23.3,24.2,27.8,25.7,25.6,27.9,31.0,25.3,28.8,27.8,27.4,28.0,28.0,25.0,0.0,0.0,0.0,3.0,4.0,4.0,0.0,24.0,25.0,25.0,58.0,94.0,94.0,28.0,28.0,300.0,0.0,0.0,0.0,0.0,0.0,0.0,0.0,0.0,0.0
0.0,173.99,86.0,86.0,86.0,8.2,3.02,13.06,0.0,25.6,0.02,0.01,176.5,0.0,188.0,1.0,1.0,0.0,690.0,0.0,0.0,0.0,0.0,0.9,0.0,31.5,30.2,0.7,3.3,425.4,0.0,10.95,20.2,23.7,23.6,25.0,23.3,24.4,27.8,25.7,25.7,27.9,31.0,25.3,28.8,27.6,27.4,27.0,27.0,25.0,0.0,0.0,0.0,3.0,4.0,4.0,0.0,24.0,25.0,25.0,58.0,94.0,94.0,28.0,28.0,300.0,0.0,0.0,0.0,0.0,0.0,0.0,0.0,0.0,0.0
0.0,200.48,86.0,86.0,86.0,10.94,2.08,12.56,0.04,-50.1,0.0,0.0,176.5,1.2,260.0,1.0,1.0,0.0,690.0,0.0,0.0,0.0,0.0,1.2,0.0,32.2,30.9,0.8,3.3,425.4,0.0,10.95,18.6,23.7,23.6,25.0,23.3,24.4,27.8,25.9,25.9,27.8,30.9,25.3,28.9,27.6,27.4,28.0,28.0,25.0,0.0,0.0,0.0,3.0,4.0,4.0,0.0,24.0,25.0,25.0,58.0,93.0,93.0,28.0,28.0,300.0,0.0,0.0,0.0,0.0,0.0,0.0,0.0,0.0,0.0
0.0,173.99,86.0,86.0,86.0,8.44,3.12,12.96,0.0,27.3,0.0,0.0,176.6,0.0,187.0,1.0,1.0,0.0,690.0,0.0,0.0,0.0,0.0,1.4,0.0,31.0,29.7,0.7,3.3,425.4,0.0,10.95,19.9,23.7,23.5,25.0,23.3,24.2,27.8,25.7,25.7,27.9,31.0,25.3,28.8,27.7,27.4,27.0,27.0,25.0,0.0,0.0,0.0,3.0,4.0,4.0,0.0,24.0,25.0,25.0,58.0,94.0,94.0,28.0,28.0,300.0,0.0,0.0,0.0,0.0,0.0,0.0,0.0,0.0,0.0
0.0,173.99,86.0,86.0,86.0,8.6,3.32,13.38,0.0,-0.5,0.01,0.0,176.5,0.0,197.0,1.0,1.0,0.0,690.0,0.0,0.0,0.0,0.0,1.1,0.0,32.1,30.7,0.8,3.4,425.4,0.0,10.95,20.2,23.7,23.6,25.0,23.3,24.4,27.8,25.8,25.9,27.8,30.9,25.3,28.9,27.6,27.4,28.0,28.0,25.0,0.0,0.0,0.0,3.0,4.0,4.0,0.0,24.0,25.0,25.0,58.0,93.0,93.0,28.0,28.0,300.0,0.0,0.0,0.0,0.0,0.0,0.0,0.0,0.0,0.0
0.0,173.99,86.0,86.0,86.0,8.52,3.06,13.3,0.0,25.6,0.01,0.0,176.6,0.0,188.0,1.0,1.0,0.0,690.0,0.0,0.0,0.0,0.0,1.5,0.0,31.6,31.1,0.7,3.3,425.4,0.0,10.95,19.7,23.6,23.4,25.0,23.3,24.2,27.8,25.7,25.6,27.9,31.0,25.3,28.8,27.8,27.4,28.0,28.0,25.0,0.0,0.0,0.0,3.0,4.0,4.0,0.0,24.0,25.0,25.0,58.0,94.0,94.0,28.0,28.0,300.0,0.0,0.0,0.0,0.0,0.0,0.0,0.0,0.0,0.0
0.0,173.99,86.0,86.0,86.0,8.38,2.96,13.28,0.0,25.6,0.01,0.01,176.6,0.0,188.0,1.0,1.0,0.0,690.0,0.0,0.0,0.0,0.0,1.5,0.0,32.6,32.1,0.8,3.3,425.4,0.0,10.95,19.5,23.6,23.4,25.0,23.3,24.2,27.8,25.7,25.6,27.9,31.0,25.3,28.8,27.8,27.4,29.0,29.0,25.0,0.0,0.0,0.0,3.0,4.0,4.0,0.0,24.0,25.0,25.0,58.0,94.0,94.0,28.0,28.0,300.0,0.0,0.0,0.0,0.0,0.0,0.0,0.0,0.0,0.0
0.0,200.48,86.0,86.0,86.0,12.54,2.04,12.72,0.0,-64.8,0.01,0.0,176.5,0.7,266.0,1.0,1.0,0.0,691.0,0.0,0.0,0.0,0.0,1.6,0.0,32.5,31.4,0.8,3.3,425.4,0.0,10.95,17.9,23.7,23.6,25.0,23.4,24.5,27.8,25.9,25.9,27.8,30.9,25.4,28.8,27.6,27.4,28.0,28.0,25.0,0.0,0.0,0.0,3.0,4.0,4.0,0.0,24.0,25.0,25.0,59.0,93.0,93.0,28.0,28.0,300.0,0.0,0.0,0.0,0.0,0.0,0.0,0.0,0.0,0.0
0.09,181.76,86.0,86.0,86.0,8.64,3.12,13.3,0.01,-56.8,0.01,0.0,176.5,2.2,239.0,1.0,1.0,0.0,690.0,0.0,0.0,0.0,0.0,1.2,0.0,32.1,30.9,0.8,3.3,425.4,0.0,10.95,19.2,23.7,23.6,25.0,23.3,24.4,27.8,25.9,25.9,27.8,30.9,25.3,28.9,27.6,27.4,28.0,28.0,25.0,0.0,0.0,0.0,3.0,4.0,4.0,0.0,24.0,25.0,25.0,58.0,93.0,93.0,28.0,28.0,300.0,0.0,0.0,0.0,0.0,0.0,0.0,0.0,0.0,0.0
0.0,173.99,86.0,86.0,86.0,8.46,3.08,13.4,0.0,25.6,0.01,0.0,176.6,0.0,188.0,1.0,1.0,0.0,690.0,0.0,0.0,0.0,0.0,1.6,0.0,32.2,31.7,0.7,3.3,425.4,0.0,10.95,19.5,23.6,23.4,25.0,23.3,24.2,27.8,25.7,25.6,27.9,31.0,25.3,28.8,27.8,27.4,28.0,29.0,25.0,0.0,0.0,0.0,3.0,4.0,4.0,0.0,24.0,25.0,25.0,58.0,94.0,94.0,28.0,28.0,300.0,0.0,0.0,0.0,0.0,0.0,0.0,0.0,0.0,0.0
0.0,173.99,86.0,86.0,86.0,8.36,2.96,13.54,0.0,7.8,0.01,0.0,176.6,0.0,192.0,1.0,1.0,0.0,690.0,0.0,0.0,0.0,0.0,1.4,0.0,32.0,30.8,0.7,3.3,425.4,0.0,10.95,20.2,23.7,23.6,25.0,23.3,24.4,27.8,25.8,25.8,27.9,30.9,25.3,28.9,27.6,27.4,27.0,28.0,25.0,0.0,0.0,0.0,3.0,4.0,4.0,0.0,24.0,25.0,25.0,58.0,93.0,93.0,28.0,28.0,300.0,0.0,0.0,0.0,0.0,0.0,0.0,0.0,0.0,0.0
0.0,173.99,86.0,86.0,86.0,8.74,3.04,13.1,0.0,27.4,0.01,0.0,176.6,0.0,186.0,1.0,1.0,0.0,690.0,0.0,0.0,0.0,0.0,1.4,0.0,31.1,30.0,0.7,3.3,425.4,0.0,10.95,19.8,23.7,23.5,25.0,23.3,24.2,27.8,25.7,25.7,27.9,31.0,25.3,28.8,27.6,27.4,27.0,27.0,25.0,0.0,0.0,0.0,3.0,4.0,4.0,0.0,24.0,25.0,25.0,58.0,94.0,94.0,28.0,28.0,300.0,0.0,0.0,0.0,0.0,0.0,0.0,0.0,0.0,0.0
0.0,200.48,86.0,86.0,86.0,10.82,2.02,12.68,0.05,-52.5,0.01,0.01,176.5,1.8,260.0,1.0,1.0,0.0,690.0,0.0,0.0,0.0,0.0,1.4,0.0,32.2,31.1,0.8,3.3,425.4,0.0,10.95,18.6,23.7,23.6,25.0,23.3,24.4,27.8,25.9,25.9,27.8,30.9,25.3,28.9,27.6,27.4,28.0,28.0,25.0,0.0,0.0,0.0,3.0,4.0,4.0,0.0,24.0,25.0,25.0,58.0,93.0,93.0,28.0,28.0,300.0,0.0,0.0,0.0,0.0,0.0,0.0,0.0,0.0,0.0
0.0,173.99,86.0,86.0,86.0,8.22,3.06,13.22,0.0,25.7,0.01,0.0,176.6,0.0,187.0,1.0,1.0,0.0,690.0,0.0,0.0,0.0,0.0,1.2,0.0,31.4,30.2,0.7,3.3,425.4,0.0,10.95,20.1,23.7,23.6,25.0,23.3,24.3,27.8,25.7,25.7,27.9,31.0,25.3,28.8,27.6,27.4,27.0,27.0,25.0,0.0,0.0,0.0,3.0,4.0,4.0,0.0,24.0,25.0,25.0,58.0,94.0,94.0,28.0,28.0,300.0,0.0,0.0,0.0,0.0,0.0,0.0,0.0,0.0,0.0
0.0,173.99,86.0,86.0,86.0,8.6,3.04,13.16,0.0,27.4,0.0,0.0,176.6,0.0,186.0,1.0,1.0,0.0,691.0,0.0,0.0,0.0,0.0,1.3,0.0,31.1,30.0,0.7,3.3,425.4,0.0,10.95,19.7,23.7,23.5,25.0,23.3,24.2,27.8,25.7,25.7,27.9,31.0,25.3,28.8,27.7,27.4,27.0,27.0,25.0,0.0,0.0,0.0,3.0,4.0,4.0,0.0,24.0,25.0,25.0,58.0,94.0,94.0,28.0,28.0,300.0,0.0,0.0,0.0,0.0,0.0,0.0,0.0,0.0,0.0
0.09,182.27,86.0,86.0,86.0,8.38,2.8,13.52,0.01,-57.0,0.01,0.0,176.5,2.0,240.0,1.0,1.0,0.0,690.0,0.0,0.0,0.0,0.0,1.0,0.0,32.1,30.9,0.8,3.3,425.4,0.0,10.95,19.1,23.6,23.6,25.0,23.3,24.4,27.8,25.9,25.9,27.8,30.9,25.3,28.9,27.6,27.4,28.0,28.0,25.0,0.0,0.0,0.0,3.0,4.0,4.0,0.0,24.0,25.0,25.0,58.0,93.0,93.0,28.0,28.0,300.0,0.0,0.0,0.0,0.0,0.0,0.0,0.0,0.0,0.0
0.0,173.99,86.0,86.0,86.0,8.6,3.18,13.12,0.0,24.0,0.01,0.0,176.5,0.0,188.0,1.0,1.0,0.0,690.0,0.0,0.0,0.0,0.0,0.9,0.0,31.4,30.4,0.7,3.3,425.4,0.0,10.95,20.2,23.7,23.6,25.0,23.3,24.4,27.8,25.7,25.7,27.9,31.0,25.3,28.8,27.6,27.4,27.0,27.0,25.0,0.0,0.0,0.0,3.0,4.0,4.0,0.0,24.0,25.0,25.0,58.0,94.0,94.0,28.0,28.0,300.0,0.0,0.0,0.0,0.0,0.0,0.0,0.0,0.0,0.0
0.0,173.99,86.0,86.0,86.0,8.38,3.22,12.94,0.0,25.7,0.0,0.01,176.6,0.0,188.0,1.0,1.0,0.0,690.0,0.0,0.0,0.0,0.0,1.2,0.0,31.7,30.7,0.8,3.3,425.4,0.0,10.95,20.1,23.7,23.6,25.0,23.3,24.4,27.8,25.7,25.7,27.9,31.0,25.3,28.9,27.6,27.4,27.0,27.0,25.0,0.0,0.0,0.0,3.0,4.0,4.0,0.0,24.0,25.0,25.0,58.0,93.0,94.0,28.0,28.0,300.0,0.0,0.0,0.0,0.0,0.0,0.0,0.0,0.0,0.0
0.0,173.99,86.0,86.0,86.0,8.26,3.04,13.42,0.0,27.4,0.01,0.0,176.6,0.0,186.0,1.0,1.0,0.0,690.0,0.0,0.0,0.0,0.0,1.1,0.0,31.1,29.7,0.7,3.3,425.4,0.0,10.95,19.7,23.7,23.5,25.0,23.3,24.2,27.8,25.7,25.7,27.9,31.0,25.3,28.8,27.7,27.4,27.0,27.0,25.0,0.0,0.0,0.0,3.0,4.0,4.0,0.0,24.0,25.0,25.0,58.0,94.0,94.0,28.0,28.0,300.0,0.0,0.0,0.0,0.0,0.0,0.0,0.0,0.0,0.0
0.0,173.99,86.0,86.0,86.0,8.46,3.04,13.24,0.0,25.6,0.01,0.0,176.6,0.0,188.0,1.0,1.0,0.0,691.0,0.0,0.0,0.0,0.0,1.9,0.0,32.6,32.0,0.8,3.3,425.4,0.0,10.95,19.5,23.6,23.4,25.0,23.3,24.2,27.8,25.7,25.6,27.9,31.0,25.3,28.8,27.8,27.4,29.0,29.0,25.0,0.0,0.0,0.0,3.0,4.0,4.0,0.0,24.0,25.0,25.0,58.0,94.0,94.0,28.0,28.0,300.0,0.0,0.0,0.0,0.0,0.0,0.0,0.0,0.0,0.0
0.0,200.48,86.0,86.0,86.0,11.7,1.9,12.68,0.0,-47.5,0.01,0.0,176.5,0.0,260.0,1.0,1.0,0.0,691.0,0.0,0.0,0.0,0.0,1.1,0.0,32.3,31.1,0.8,3.4,425.4,0.0,10.95,18.1,23.7,23.6,25.0,23.3,24.4,27.8,25.9,25.9,27.8,30.9,25.4,28.8,27.6,27.4,28.0,28.0,25.0,0.0,0.0,0.0,3.0,4.0,4.0,0.0,24.0,25.0,25.0,59.0,93.0,93.0,28.0,28.0,300.0,0.0,0.0,0.0,0.0,0.0,0.0,0.0,0.0,0.0
0.0,173.99,86.0,86.0,86.0,8.42,3.16,12.9,0.0,25.6,0.01,0.0,176.6,0.0,187.0,1.0,1.0,0.0,690.0,0.0,0.0,0.0,0.0,1.4,0.0,30.8,29.7,0.7,3.3,425.4,0.0,10.95,20.0,23.7,23.4,25.0,23.3,24.2,27.8,25.7,25.7,27.9,31.0,25.3,28.8,27.8,27.4,27.0,27.0,25.0,0.0,0.0,0.0,3.0,4.0,4.0,0.0,24.0,25.0,25.0,58.0,94.0,94.0,28.0,28.0,300.0,0.0,0.0,0.0,0.0,0.0,0.0,0.0,0.0,0.0
0.0,173.99,86.0,86.0,86.0,8.04,3.06,12.6,0.0,25.7,0.01,0.0,176.5,0.0,187.0,1.0,1.0,0.0,690.0,0.0,0.0,0.0,0.0,1.5,0.0,31.9,30.7,0.7,3.3,425.4,0.0,10.95,20.1,23.7,23.6,25.0,23.3,24.4,27.8,25.8,25.7,27.8,30.9,25.3,28.9,27.6,27.4,27.0,28.0,25.0,0.0,0.0,0.0,3.0,4.0,4.0,0.0,24.0,25.0,25.0,58.0,93.0,94.0,28.0,28.0,300.0,0.0,0.0,0.0,0.0,0.0,0.0,0.0,0.0,0.0
0.0,200.48,86.0,86.0,86.0,12.66,1.8,12.8,0.0,-65.8,0.01,0.01,176.5,0.0,268.0,1.0,1.0,0.0,691.0,0.0,0.0,0.0,0.0,1.2,0.0,32.4,31.2,0.8,3.3,425.4,0.0,10.95,17.9,23.7,23.6,25.0,23.4,24.5,27.8,25.9,25.9,27.8,30.9,25.4,28.8,27.6,27.4,28.0,28.0,25.0,0.0,0.0,0.0,3.0,4.0,4.0,0.0,24.0,25.0,25.0,59.0,93.0,93.0,28.0,28.0,300.0,0.0,0.0,0.0,0.0,0.0,0.0,0.0,0.0,0.0
0.0,173.99,86.0,86.0,86.0,8.64,3.26,13.5,0.0,25.7,0.0,0.0,176.6,0.0,188.0,1.0,1.0,0.0,691.0,0.0,0.0,0.0,0.0,1.1,0.0,31.7,30.5,0.8,3.3,425.4,0.0,10.95,20.2,23.7,23.6,25.0,23.3,24.4,27.8,25.7,25.7,27.9,31.0,25.3,28.9,27.6,27.4,27.0,27.0,25.0,0.0,0.0,0.0,3.0,4.0,4.0,0.0,24.0,25.0,25.0,58.0,93.0,93.0,28.0,28.0,300.0,0.0,0.0,0.0,0.0,0.0,0.0,0.0,0.0,0.0
0.0,173.99,86.0,86.0,86.0,8.76,3.04,13.48,0.0,25.6,0.0,0.0,176.6,0.0,187.0,1.0,1.0,0.0,690.0,0.0,0.0,0.0,0.0,1.6,0.0,30.8,29.7,0.7,3.3,425.4,0.0,10.95,20.0,23.7,23.4,25.0,23.3,24.2,27.8,25.7,25.7,27.9,31.0,25.3,28.8,27.8,27.4,27.0,27.0,25.0,0.0,0.0,0.0,3.0,4.0,4.0,0.0,24.0,25.0,25.0,58.0,94.0,94.0,28.0,28.0,300.0,0.0,0.0,0.0,0.0,0.0,0.0,0.0,0.0,0.0
0.0,173.99,86.0,86.0,86.0,8.64,3.28,13.08,0.0,27.3,0.0,0.0,176.6,0.0,187.0,1.0,1.0,0.0,690.0,0.0,0.0,0.0,0.0,1.2,0.0,30.9,29.9,0.7,3.3,425.4,0.0,10.95,19.9,23.7,23.5,25.0,23.3,24.2,27.8,25.7,25.7,27.9,31.0,25.3,28.8,27.7,27.4,27.0,27.0,25.0,0.0,0.0,0.0,3.0,4.0,4.0,0.0,24.0,25.0,25.0,58.0,94.0,94.0,28.0,28.0,300.0,0.0,0.0,0.0,0.0,0.0,0.0,0.0,0.0,0.0
0.0,173.99,86.0,86.0,86.0,8.58,3.02,13.62,0.0,24.2,0.01,0.0,176.6,0.0,188.0,1.0,1.0,0.0,690.0,0.0,0.0,0.0,0.0,0.9,0.0,31.4,30.1,0.7,3.3,425.4,0.0,10.95,20.2,23.7,23.6,25.0,23.3,24.4,27.8,25.7,25.7,27.9,31.0,25.3,28.8,27.6,27.4,27.0,27.0,25.0,0.0,0.0,0.0,3.0,4.0,4.0,0.0,24.0,25.0,25.0,58.0,94.0,94.0,28.0,28.0,300.0,0.0,0.0,0.0,0.0,0.0,0.0,0.0,0.0,0.0
0.0,173.99,86.0,86.0,86.0,8.46,3.26,13.08,0.0,25.7,0.01,0.0,176.6,0.0,188.0,1.0,1.0,0.0,690.0,0.0,0.0,0.0,0.0,1.3,0.0,31.7,30.5,0.7,3.3,425.4,0.0,10.95,20.2,23.7,23.6,25.0,23.3,24.4,27.8,25.7,25.7,27.9,31.0,25.3,28.9,27.6,27.4,27.0,27.0,25.0,0.0,0.0,0.0,3.0,4.0,4.0,0.0,24.0,25.0,25.0,58.0,93.0,93.0,28.0,28.0,300.0,0.0,0.0,0.0,0.0,0.0,0.0,0.0,0.0,0.0
0.08,178.99,86.0,86.0,86.0,8.56,3.0,13.5,0.0,-54.1,0.01,0.0,176.5,2.2,233.0,1.0,1.0,0.0,690.0,0.0,0.0,0.0,0.0,1.4,0.0,32.2,30.9,0.8,3.3,425.4,0.0,10.95,19.4,23.7,23.6,25.0,23.3,24.4,27.8,25.9,25.9,27.8,30.9,25.3,28.9,27.6,27.4,28.0,28.0,25.0,0.0,0.0,0.0,3.0,4.0,4.0,0.0,24.0,25.0,25.0,58.0,93.0,93.0,28.0,28.0,300.0,0.0,0.0,0.0,0.0,0.0,0.0,0.0,0.0,0.0
0.0,173.99,86.0,86.0,86.0,8.44,3.14,13.6,0.0,25.6,0.0,0.0,176.6,0.0,188.0,1.0,1.0,0.0,690.0,0.0,0.0,0.0,0.0,0.7,0.0,30.7,30.0,0.7,3.3,425.4,0.0,10.95,20.0,23.7,23.4,25.0,23.3,24.2,27.8,25.7,25.7,27.9,31.0,25.3,28.8,27.7,27.4,27.0,27.0,25.0,0.0,0.0,0.0,3.0,4.0,4.0,0.0,24.0,25.0,25.0,58.0,94.0,94.0,28.0,28.0,300.0,0.0,0.0,0.0,0.0,0.0,0.0,0.0,0.0,0.0
0.05,199.76,86.0,86.0,86.0,10.78,1.6,12.78,0.08,-61.7,0.01,0.0,176.5,0.8,260.0,1.0,1.0,0.0,690.0,0.0,0.0,0.0,0.0,1.5,0.0,32.2,30.9,0.8,3.3,425.4,0.0,10.95,18.7,23.7,23.6,25.0,23.3,24.4,27.8,25.9,25.9,27.8,30.9,25.3,28.9,27.6,27.4,28.0,28.0,25.0,0.0,0.0,0.0,3.0,4.0,4.0,0.0,24.0,25.0,25.0,58.0,93.0,93.0,28.0,28.0,300.0,0.0,0.0,0.0,0.0,0.0,0.0,0.0,0.0,0.0
0.0,173.99,86.0,86.0,86.0,8.62,3.24,13.52,0.0,25.7,0.01,0.0,176.6,0.0,187.0,1.0,1.0,0.0,690.0,0.0,0.0,0.0,0.0,0.9,0.0,31.7,30.6,0.8,3.3,425.4,0.0,10.95,20.1,23.7,23.6,25.0,23.3,24.4,27.8,25.7,25.7,27.9,31.0,25.3,28.9,27.6,27.4,27.0,27.0,25.0,0.0,0.0,0.0,3.0,4.0,4.0,0.0,24.0,25.0,25.0,58.0,93.0,94.0,28.0,28.0,300.0,0.0,0.0,0.0,0.0,0.0,0.0,0.0,0.0,0.0
0.14,191.02,86.0,86.0,86.0,10.32,0.68,13.6,0.04,-72.1,0.01,0.0,176.5,0.7,251.0,1.0,1.0,0.0,690.0,0.0,0.0,0.0,0.0,1.3,0.0,32.2,30.9,0.8,3.3,425.4,0.0,10.95,18.8,23.7,23.6,25.0,23.3,24.4,27.8,25.9,25.9,27.8,30.9,25.3,28.9,27.6,27.4,28.0,28.0,25.0,0.0,0.0,0.0,3.0,4.0,4.0,0.0,24.0,25.0,25.0,58.0,93.0,93.0,28.0,28.0,300.0,0.0,0.0,0.0,0.0,0.0,0.0,0.0,0.0,0.0
0.0,173.99,86.0,86.0,86.0,8.34,3.04,13.32,0.0,26.1,0.0,0.01,176.6,0.0,186.0,1.0,1.0,0.0,690.0,0.0,0.0,0.0,0.0,1.2,0.0,31.3,30.1,0.7,3.3,425.4,0.0,10.95,19.9,23.7,23.6,25.0,23.3,24.3,27.8,25.7,25.7,27.9,31.0,25.3,28.8,27.7,27.4,27.0,27.0,25.0,0.0,0.0,0.0,3.0,4.0,4.0,0.0,24.0,25.0,25.0,58.0,94.0,94.0,28.0,28.0,300.0,0.0,0.0,0.0,0.0,0.0,0.0,0.0,0.0,0.0
0.0,173.99,86.0,86.0,86.0,8.4,3.1,12.96,0.0,27.4,0.03,0.0,176.6,0.0,186.0,1.0,1.0,0.0,691.0,0.0,0.0,0.0,0.0,1.4,0.0,31.1,30.1,0.7,3.3,425.4,0.0,10.95,19.8,23.7,23.5,25.0,23.3,24.2,27.8,25.7,25.7,27.9,31.0,25.3,28.8,27.6,27.4,27.0,27.0,25.0,0.0,0.0,0.0,3.0,4.0,4.0,0.0,24.0,25.0,25.0,58.0,94.0,94.0,28.0,28.0,300.0,0.0,0.0,0.0,0.0,0.0,0.0,0.0,0.0,0.0
0.0,173.99,86.0,86.0,86.0,8.94,3.12,13.46,0.0,0.0,0.0,0.01,176.5,0.0,196.0,1.0,1.0,0.0,690.0,0.0,0.0,0.0,0.0,1.2,0.0,31.9,30.7,0.8,3.3,425.4,0.0,10.95,20.2,23.7,23.6,25.0,23.3,24.4,27.8,25.8,25.9,27.8,30.9,25.3,28.9,27.6,27.4,28.0,28.0,25.0,0.0,0.0,0.0,3.0,4.0,4.0,0.0,24.0,25.0,25.0,58.0,93.0,93.0,28.0,28.0,300.0,0.0,0.0,0.0,0.0,0.0,0.0,0.0,0.0,0.0
0.0,200.48,86.0,86.0,86.0,12.28,1.82,12.56,0.0,-63.2,0.01,0.0,176.5,1.2,265.0,1.0,1.0,0.0,691.0,0.0,0.0,0.0,0.0,2.1,0.0,32.4,31.1,0.7,3.3,425.4,0.0,10.95,17.9,23.7,23.6,25.0,23.3,24.5,27.8,25.9,25.9,27.8,30.9,25.4,28.8,27.6,27.4,28.0,28.0,25.0,0.0,0.0,0.0,3.0,4.0,4.0,0.0,24.0,25.0,25.0,59.0,93.0,93.0,28.0,28.0,300.0,0.0,0.0,0.0,0.0,0.0,0.0,0.0,0.0,0.0
0.0,173.99,86.0,86.0,86.0,8.78,3.12,13.58,0.0,25.7,0.0,0.0,176.5,0.0,188.0,1.0,1.0,0.0,690.0,0.0,0.0,0.0,0.0,1.0,0.0,31.8,30.8,0.8,3.3,425.4,0.0,10.95,20.0,23.7,23.6,25.0,23.3,24.4,27.8,25.7,25.7,27.9,30.9,25.3,28.9,27.6,27.4,27.0,28.0,25.0,0.0,0.0,0.0,3.0,4.0,4.0,0.0,24.0,25.0,25.0,58.0,93.0,93.0,28.0,28.0,300.0,0.0,0.0,0.0,0.0,0.0,0.0,0.0,0.0,0.0
0.0,173.99,86.0,86.0,86.0,8.6,3.16,13.56,0.0,25.7,0.02,0.0,176.6,0.0,187.0,1.0,1.0,0.0,690.0,0.0,0.0,0.0,0.0,1.3,0.0,31.4,30.2,0.7,3.3,425.4,0.0,10.95,20.2,23.7,23.6,25.0,23.3,24.3,27.8,25.7,25.7,27.9,31.0,25.3,28.8,27.6,27.4,27.0,27.0,25.0,0.0,0.0,0.0,3.0,4.0,4.0,0.0,24.0,25.0,25.0,58.0,94.0,94.0,28.0,28.0,300.0,0.0,0.0,0.0,0.0,0.0,0.0,0.0,0.0,0.0
0.0,173.99,86.0,86.0,86.0,8.46,2.88,13.38,0.0,23.9,0.01,0.0,176.6,0.0,188.0,1.0,1.0,0.0,690.0,0.0,0.0,0.0,0.0,1.6,0.0,31.6,30.4,0.7,3.3,425.4,0.0,10.95,20.2,23.7,23.6,25.0,23.3,24.4,27.8,25.7,25.7,27.9,31.0,25.3,28.8,27.6,27.4,27.0,27.0,25.0,0.0,0.0,0.0,3.0,4.0,4.0,0.0,24.0,25.0,25.0,58.0,94.0,94.0,28.0,28.0,300.0,0.0,0.0,0.0,0.0,0.0,0.0,0.0,0.0,0.0
0.0,173.99,86.0,86.0,86.0,8.12,3.02,13.52,0.0,25.6,0.01,0.0,176.6,0.0,187.0,1.0,1.0,0.0,690.0,0.0,0.0,0.0,0.0,1.1,0.0,30.7,29.5,0.7,3.3,425.4,0.0,10.95,20.0,23.7,23.4,25.0,23.3,24.2,27.8,25.7,25.7,27.9,31.0,25.3,28.8,27.8,27.4,27.0,27.0,25.0,0.0,0.0,0.0,3.0,4.0,4.0,0.0,24.0,25.0,25.0,58.0,94.0,94.0,28.0,28.0,300.0,0.0,0.0,0.0,0.0,0.0,0.0,0.0,0.0,0.0
0.0,173.99,86.0,86.0,86.0,8.24,3.06,12.66,0.0,25.6,0.0,0.0,176.5,0.0,188.0,1.0,1.0,0.0,690.0,0.0,0.0,0.0,0.0,1.2,0.0,31.6,30.6,0.7,3.3,425.4,0.0,10.95,20.2,23.7,23.6,25.0,23.3,24.4,27.8,25.7,25.7,27.9,31.0,25.3,28.8,27.6,27.4,27.0,27.0,25.0,0.0,0.0,0.0,3.0,4.0,4.0,0.0,24.0,25.0,25.0,58.0,94.0,94.0,28.0,28.0,300.0,0.0,0.0,0.0,0.0,0.0,0.0,0.0,0.0,0.0
0.0,173.99,86.0,86.0,86.0,8.72,2.92,13.38,0.0,27.3,-0.01,0.01,176.6,0.0,187.0,1.0,1.0,0.0,690.0,0.0,0.0,0.0,0.0,1.0,0.0,31.0,29.8,0.7,3.3,425.4,0.0,10.95,19.9,23.7,23.4,25.0,23.3,24.2,27.8,25.7,25.7,27.9,31.0,25.3,28.8,27.8,27.4,27.0,27.0,25.0,0.0,0.0,0.0,3.0,4.0,4.0,0.0,24.0,25.0,25.0,58.0,94.0,94.0,28.0,28.0,300.0,0.0,0.0,0.0,0.0,0.0,0.0,0.0,0.0,0.0
0.0,173.99,86.0,86.0,86.0,8.06,2.98,13.1,0.0,25.7,0.0,0.0,176.5,0.0,187.0,1.0,1.0,0.0,690.0,0.0,0.0,0.0,0.0,1.4,0.0,31.7,30.6,0.7,3.3,425.4,0.0,10.95,20.1,23.7,23.6,25.0,23.3,24.4,27.8,25.8,25.7,27.9,30.9,25.3,28.9,27.6,27.4,27.0,28.0,25.0,0.0,0.0,0.0,3.0,4.0,4.0,0.0,24.0,25.0,25.0,58.0,93.0,94.0,28.0,28.0,300.0,0.0,0.0,0.0,0.0,0.0,0.0,0.0,0.0,0.0
0.03,175.5,86.0,86.0,86.0,8.36,3.14,13.26,0.0,-23.6,0.0,0.0,176.5,0.0,218.0,1.0,1.0,0.0,690.0,0.0,0.0,0.0,0.0,1.3,0.0,32.1,30.9,0.8,3.3,425.4,0.0,10.95,19.8,23.7,23.6,25.0,23.3,24.4,27.8,25.8,25.9,27.8,30.9,25.3,28.9,27.6,27.4,28.0,28.0,25.0,0.0,0.0,0.0,3.0,4.0,4.0,0.0,24.0,25.0,25.0,58.0,93.0,93.0,28.0,28.0,300.0,0.0,0.0,0.0,0.0,0.0,0.0,0.0,0.0,0.0
0.0,173.99,86.0,86.0,86.0,8.38,3.04,13.18,0.0,24.8,0.0,0.0,176.6,0.0,187.0,1.0,1.0,0.0,690.0,0.0,0.0,0.0,0.0,2.0,0.0,31.4,30.3,0.7,3.3,425.4,0.0,10.95,20.2,23.7,23.6,25.0,23.3,24.4,27.8,25.7,25.7,27.9,31.0,25.3,28.8,27.6,27.4,27.0,27.0,25.0,0.0,0.0,0.0,3.0,4.0,4.0,0.0,24.0,25.0,25.0,58.0,94.0,94.0,28.0,28.0,300.0,0.0,0.0,0.0,0.0,0.0,0.0,0.0,0.0,0.0
0.0,173.99,86.0,86.0,86.0,8.34,3.0,13.36,0.0,25.6,0.0,0.0,176.6,0.0,188.0,1.0,1.0,0.0,691.0,0.0,0.0,0.0,0.0,1.2,0.0,32.7,32.1,0.8,3.3,425.4,0.0,10.95,19.5,23.6,23.4,25.0,23.3,24.2,27.8,25.7,25.6,27.9,31.0,25.3,28.8,27.8,27.4,29.0,29.0,25.0,0.0,0.0,0.0,3.0,4.0,4.0,0.0,24.0,25.0,25.0,58.0,94.0,94.0,28.0,28.0,300.0,0.0,0.0,0.0,0.0,0.0,0.0,0.0,0.0,0.0
0.0,173.99,86.0,86.0,86.0,7.94,2.94,13.42,0.0,25.7,0.01,0.0,176.5,0.0,188.0,1.0,1.0,0.0,690.0,0.0,0.0,0.0,0.0,1.5,0.0,31.6,30.5,0.8,3.3,425.4,0.0,10.95,20.2,23.7,23.6,25.0,23.3,24.4,27.8,25.7,25.7,27.9,31.0,25.3,28.9,27.6,27.4,27.0,27.0,25.0,0.0,0.0,0.0,3.0,4.0,4.0,0.0,24.0,25.0,25.0,58.0,93.0,94.0,28.0,28.0,300.0,0.0,0.0,0.0,0.0,0.0,0.0,0.0,0.0,0.0
0.0,173.99,86.0,86.0,86.0,8.52,3.16,13.7,0.0,25.7,0.0,0.0,176.6,0.0,188.0,1.0,1.0,0.0,690.0,0.0,0.0,0.0,0.0,1.2,0.0,31.6,30.6,0.8,3.3,425.4,0.0,10.95,20.2,23.7,23.6,25.0,23.3,24.4,27.8,25.7,25.7,27.9,31.0,25.3,28.9,27.6,27.4,27.0,27.0,25.0,0.0,0.0,0.0,3.0,4.0,4.0,0.0,24.0,25.0,25.0,58.0,94.0,93.0,28.0,28.0,300.0,0.0,0.0,0.0,0.0,0.0,0.0,0.0,0.0,0.0
0.0,173.99,86.0,86.0,86.0,8.32,2.98,13.56,0.0,25.6,0.02,0.0,176.6,0.0,188.0,1.0,1.0,0.0,690.0,0.0,0.0,0.0,0.0,1.4,0.0,31.6,31.1,0.7,3.3,425.4,0.0,10.95,19.6,23.6,23.4,25.0,23.3,24.2,27.8,25.7,25.6,27.9,31.0,25.3,28.8,27.8,27.4,28.0,28.0,25.0,0.0,0.0,0.0,3.0,4.0,4.0,0.0,24.0,25.0,25.0,58.0,94.0,94.0,28.0,28.0,300.0,0.0,0.0,0.0,0.0,0.0,0.0,0.0,0.0,0.0
0.0,200.48,86.0,86.0,86.0,11.22,2.02,12.68,0.0,-48.5,0.0,0.0,176.5,0.7,260.0,1.0,1.0,0.0,691.0,0.0,0.0,0.0,0.0,1.8,0.0,32.3,31.1,0.7,3.4,425.4,0.0,10.95,18.5,23.7,23.6,25.0,23.3,24.4,27.8,25.9,25.9,27.8,30.9,25.4,28.8,27.6,27.4,28.0,28.0,25.0,0.0,0.0,0.0,3.0,4.0,4.0,0.0,24.0,25.0,25.0,59.0,93.0,93.0,28.0,28.0,300.0,0.0,0.0,0.0,0.0,0.0,0.0,0.0,0.0,0.0
0.0,173.99,86.0,86.0,86.0,8.54,3.1,13.24,0.0,25.5,0.02,0.0,176.6,0.0,188.0,1.0,1.0,0.0,690.0,0.0,0.0,0.0,0.0,1.5,0.0,31.5,30.6,0.8,3.3,425.4,0.0,10.95,20.2,23.7,23.6,25.0,23.3,24.4,27.8,25.7,25.7,27.9,31.0,25.3,28.8,27.6,27.4,27.0,27.0,25.0,0.0,0.0,0.0,3.0,4.0,4.0,0.0,24.0,25.0,25.0,58.0,94.0,94.0,28.0,28.0,300.0,0.0,0.0,0.0,0.0,0.0,0.0,0.0,0.0,0.0
0.0,173.99,86.0,86.0,86.0,8.62,2.9,13.26,0.0,27.4,0.01,0.0,176.6,0.0,186.0,1.0,1.0,0.0,690.0,0.0,0.0,0.0,0.0,1.6,0.0,31.2,30.0,0.7,3.3,425.4,0.0,10.95,19.8,23.7,23.6,25.0,23.3,24.3,27.8,25.7,25.7,27.9,31.0,25.3,28.8,27.7,27.4,27.0,27.0,25.0,0.0,0.0,0.0,3.0,4.0,4.0,0.0,24.0,25.0,25.0,58.0,94.0,94.0,28.0,28.0,300.0,0.0,0.0,0.0,0.0,0.0,0.0,0.0,0.0,0.0
0.0,173.99,86.0,86.0,86.0,8.74,3.14,13.24,0.0,27.4,0.0,0.0,176.6,0.0,186.0,1.0,1.0,0.0,691.0,0.0,0.0,0.0,0.0,1.9,0.0,31.1,29.9,0.7,3.3,425.4,0.0,10.95,19.7,23.7,23.5,25.0,23.3,24.2,27.8,25.7,25.7,27.9,31.0,25.3,28.8,27.7,27.4,27.0,27.0,25.0,0.0,0.0,0.0,3.0,4.0,4.0,0.0,24.0,25.0,25.0,58.0,94.0,94.0,28.0,28.0,300.0,0.0,0.0,0.0,0.0,0.0,0.0,0.0,0.0,0.0
0.0,173.99,86.0,86.0,86.0,8.62,3.08,13.46,0.0,25.6,0.01,0.01,176.6,0.0,188.0,1.0,1.0,0.0,690.0,0.0,0.0,0.0,0.0,1.6,0.0,33.1,33.0,0.8,3.4,425.4,0.0,10.95,19.4,23.6,23.4,24.9,23.3,24.2,27.8,25.7,25.6,27.9,31.0,25.3,28.8,27.8,27.4,30.0,30.0,25.0,0.0,0.0,0.0,3.0,4.0,4.0,0.0,24.0,25.0,25.0,58.0,94.0,94.0,28.0,28.0,300.0,0.0,0.0,0.0,0.0,0.0,0.0,0.0,0.0,0.0
0.0,173.99,86.0,86.0,86.0,8.38,3.04,13.6,0.0,25.6,0.01,0.0,176.6,0.0,188.0,1.0,1.0,0.0,690.0,0.0,0.0,0.0,0.0,1.1,0.0,30.6,29.4,0.7,3.3,425.4,0.0,10.95,20.0,23.6,23.4,25.0,23.3,24.2,27.8,25.7,25.7,27.9,31.0,25.3,28.8,27.8,27.4,26.0,27.0,25.0,0.0,0.0,0.0,3.0,4.0,4.0,0.0,24.0,25.0,25.0,58.0,94.0,94.0,28.0,28.0,300.0,0.0,0.0,0.0,0.0,0.0,0.0,0.0,0.0,0.0
0.0,173.99,86.0,86.0,86.0,9.02,3.12,13.58,0.0,25.6,0.01,0.0,176.6,0.0,188.0,1.0,1.0,0.0,690.0,0.0,0.0,0.0,0.0,1.3,0.0,31.6,30.2,0.7,3.3,425.4,0.0,10.95,20.1,23.7,23.6,25.0,23.3,24.4,27.8,25.7,25.7,27.9,31.0,25.3,28.8,27.6,27.4,27.0,27.0,25.0,0.0,0.0,0.0,3.0,4.0,4.0,0.0,24.0,25.0,25.0,58.0,94.0,94.0,28.0,28.0,300.0,0.0,0.0,0.0,0.0,0.0,0.0,0.0,0.0,0.0
0.0,173.99,86.0,86.0,86.0,8.68,3.08,13.64,0.0,23.9,0.01,0.0,176.5,0.0,188.0,1.0,1.0,0.0,690.0,0.0,0.0,0.0,0.0,1.4,0.0,31.5,30.4,0.7,3.4,425.4,0.0,10.95,20.2,23.7,23.6,25.0,23.3,24.4,27.8,25.7,25.7,27.9,31.0,25.3,28.8,27.6,27.4,27.0,27.0,25.0,0.0,0.0,0.0,3.0,4.0,4.0,0.0,24.0,25.0,25.0,58.0,94.0,94.0,28.0,28.0,300.0,0.0,0.0,0.0,0.0,0.0,0.0,0.0,0.0,0.0
0.0,200.48,86.0,86.0,86.0,11.3,1.9,12.68,0.0,-46.0,0.01,0.0,176.5,0.0,259.0,1.0,1.0,0.0,690.0,0.0,0.0,0.0,0.0,1.7,0.0,32.1,31.1,0.7,3.4,425.4,0.0,10.95,18.5,23.7,23.6,25.0,23.3,24.4,27.8,25.9,25.9,27.8,30.9,25.4,28.8,27.6,27.4,28.0,28.0,25.0,0.0,0.0,0.0,3.0,4.0,4.0,0.0,24.0,25.0,25.0,58.0,93.0,93.0,28.0,28.0,300.0,0.0,0.0,0.0,0.0,0.0,0.0,0.0,0.0,0.0
0.0,173.99,86.0,86.0,86.0,8.64,3.3,13.46,0.0,-4.9,0.01,0.0,176.5,0.0,204.0,1.0,1.0,0.0,690.0,0.0,0.0,0.0,0.0,1.2,0.0,32.0,30.8,0.8,3.3,425.4,0.0,10.95,20.2,23.7,23.6,25.0,23.3,24.4,27.8,25.8,25.9,27.8,30.9,25.3,28.9,27.6,27.4,28.0,28.0,25.0,0.0,0.0,0.0,3.0,4.0,4.0,0.0,24.0,25.0,25.0,58.0,93.0,93.0,28.0,28.0,300.0,0.0,0.0,0.0,0.0,0.0,0.0,0.0,0.0,0.0
0.0,173.99,86.0,86.0,86.0,8.36,2.96,13.22,0.0,25.7,0.01,0.0,176.6,0.0,187.0,1.0,1.0,0.0,690.0,0.0,0.0,0.0,0.0,1.1,0.0,31.4,30.1,0.7,3.3,425.4,0.0,10.95,20.1,23.7,23.6,25.0,23.3,24.3,27.8,25.7,25.7,27.9,31.0,25.3,28.8,27.6,27.4,27.0,27.0,25.0,0.0,0.0,0.0,3.0,4.0,4.0,0.0,24.0,25.0,25.0,58.0,94.0,94.0,28.0,28.0,300.0,0.0,0.0,0.0,0.0,0.0,0.0,0.0,0.0,0.0
0.0,173.99,86.0,86.0,86.0,8.44,3.02,13.38,0.0,25.6,0.01,0.01,176.6,0.0,188.0,1.0,1.0,0.0,690.0,0.0,0.0,0.0,0.0,1.0,0.0,31.7,31.5,0.8,3.3,425.4,0.0,10.95,19.6,23.6,23.4,25.0,23.3,24.2,27.8,25.7,25.6,27.9,31.0,25.3,28.8,27.8,27.4,28.0,28.0,25.0,0.0,0.0,0.0,3.0,4.0,4.0,0.0,24.0,25.0,25.0,58.0,94.0,94.0,28.0,28.0,300.0,0.0,0.0,0.0,0.0,0.0,0.0,0.0,0.0,0.0
0.0,200.48,86.0,86.0,86.0,11.52,1.92,12.76,0.0,-49.3,0.0,0.0,176.5,0.8,260.0,1.0,1.0,0.0,690.0,0.0,0.0,0.0,0.0,1.4,0.0,32.4,31.1,0.8,3.4,425.4,0.0,10.95,18.3,23.7,23.6,25.0,23.3,24.4,27.8,25.9,25.9,27.8,30.9,25.4,28.8,27.6,27.4,28.0,28.0,25.0,0.0,0.0,0.0,3.0,4.0,4.0,0.0,24.0,25.0,25.0,59.0,93.0,93.0,28.0,28.0,300.0,0.0,0.0,0.0,0.0,0.0,0.0,0.0,0.0,0.0
0.0,173.99,86.0,86.0,86.0,8.38,3.04,13.5,0.0,27.4,0.01,0.01,176.6,0.0,186.0,1.0,1.0,0.0,691.0,0.0,0.0,0.0,0.0,1.4,0.0,31.1,30.0,0.7,3.3,425.4,0.0,10.95,19.8,23.7,23.5,25.0,23.3,24.2,27.8,25.7,25.7,27.9,31.0,25.3,28.8,27.6,27.4,27.0,27.0,25.0,0.0,0.0,0.0,3.0,4.0,4.0,0.0,24.0,25.0,25.0,58.0,94.0,94.0,28.0,28.0,300.0,0.0,0.0,0.0,0.0,0.0,0.0,0.0,0.0,0.0
0.0,200.48,86.0,86.0,86.0,11.32,1.84,12.66,0.0,-49.4,0.01,0.01,176.5,0.9,260.0,1.0,1.0,0.0,690.0,0.0,0.0,0.0,0.0,1.0,0.0,32.3,31.0,0.8,3.4,425.4,0.0,10.95,18.4,23.7,23.6,25.0,23.3,24.4,27.8,25.9,25.9,27.8,30.9,25.4,28.8,27.6,27.4,28.0,28.0,25.0,0.0,0.0,0.0,3.0,4.0,4.0,0.0,24.0,25.0,25.0,59.0,93.0,93.0,28.0,28.0,300.0,0.0,0.0,0.0,0.0,0.0,0.0,0.0,0.0,0.0
0.0,173.99,86.0,86.0,86.0,8.6,3.1,13.4,0.0,27.4,0.01,0.0,176.6,0.0,186.0,1.0,1.0,0.0,691.0,0.0,0.0,0.0,0.0,1.6,0.0,31.2,29.9,0.7,3.3,425.4,0.0,10.95,19.8,23.7,23.5,25.0,23.3,24.2,27.8,25.7,25.7,27.9,31.0,25.3,28.8,27.6,27.4,27.0,27.0,25.0,0.0,0.0,0.0,3.0,4.0,4.0,0.0,24.0,25.0,25.0,58.0,94.0,94.0,28.0,28.0,300.0,0.0,0.0,0.0,0.0,0.0,0.0,0.0,0.0,0.0
0.0,174.24,86.0,86.0,86.0,8.38,3.16,12.92,0.0,-15.9,0.02,0.0,176.6,0.0,208.0,1.0,1.0,0.0,690.0,0.0,0.0,0.0,0.0,1.4,0.0,32.0,31.0,0.8,3.3,425.4,0.0,10.95,20.1,23.7,23.6,25.0,23.3,24.4,27.8,25.8,25.9,27.8,30.9,25.3,28.9,27.6,27.4,28.0,28.0,25.0,0.0,0.0,0.0,3.0,4.0,4.0,0.0,24.0,25.0,25.0,58.0,93.0,93.0,28.0,28.0,300.0,0.0,0.0,0.0,0.0,0.0,0.0,0.0,0.0,0.0
0.0,173.99,86.0,86.0,86.0,8.34,2.88,13.58,0.0,25.7,0.01,0.01,176.5,0.0,188.0,1.0,1.0,0.0,690.0,0.0,0.0,0.0,0.0,1.3,0.0,31.8,30.5,0.7,3.3,425.4,0.0,10.95,20.0,23.7,23.6,25.0,23.3,24.4,27.8,25.7,25.7,27.8,30.9,25.3,28.9,27.6,27.4,27.0,28.0,25.0,0.0,0.0,0.0,3.0,4.0,4.0,0.0,24.0,25.0,25.0,58.0,93.0,94.0,28.0,28.0,300.0,0.0,0.0,0.0,0.0,0.0,0.0,0.0,0.0,0.0
0.0,173.99,86.0,86.0,86.0,8.38,3.24,13.06,0.0,25.6,0.01,0.01,176.5,0.0,188.0,1.0,1.0,0.0,690.0,0.0,0.0,0.0,0.0,1.2,0.0,31.6,30.6,0.7,3.4,425.4,0.0,10.95,20.2,23.7,23.6,25.0,23.3,24.4,27.8,25.7,25.7,27.9,31.0,25.3,28.8,27.6,27.4,27.0,27.0,25.0,0.0,0.0,0.0,3.0,4.0,4.0,0.0,24.0,25.0,25.0,58.0,94.0,94.0,28.0,28.0,300.0,0.0,0.0,0.0,0.0,0.0,0.0,0.0,0.0,0.0
0.0,173.99,86.0,86.0,86.0,8.34,3.04,13.02,0.0,25.9,0.0,0.0,176.6,0.0,186.0,1.0,1.0,0.0,690.0,0.0,0.0,0.0,0.0,1.3,0.0,31.2,30.2,0.7,3.3,425.4,0.0,10.95,19.9,23.7,23.6,25.0,23.3,24.3,27.8,25.7,25.7,27.9,31.0,25.3,28.8,27.6,27.4,27.0,27.0,25.0,0.0,0.0,0.0,3.0,4.0,4.0,0.0,24.0,25.0,25.0,58.0,94.0,94.0,28.0,28.0,300.0,0.0,0.0,0.0,0.0,0.0,0.0,0.0,0.0,0.0
0.0,173.99,86.0,86.0,86.0,8.9,3.26,13.6,0.0,25.2,0.0,0.0,176.5,0.0,188.0,1.0,1.0,0.0,690.0,0.0,0.0,0.0,0.0,1.5,0.0,31.8,30.8,0.7,3.3,425.4,0.0,10.95,20.2,23.7,23.6,25.0,23.3,24.4,27.8,25.7,25.8,27.8,30.9,25.3,28.9,27.6,27.4,27.0,28.0,25.0,0.0,0.0,0.0,3.0,4.0,4.0,0.0,24.0,25.0,25.0,58.0,93.0,94.0,28.0,28.0,300.0,0.0,0.0,0.0,0.0,0.0,0.0,0.0,0.0,0.0
0.0,173.99,86.0,86.0,86.0,8.66,3.18,13.28,0.0,24.0,-0.02,0.0,176.5,0.0,188.0,1.0,1.0,0.0,690.0,0.0,0.0,0.0,0.0,1.7,0.0,31.6,30.3,0.7,3.3,425.4,0.0,10.95,20.2,23.7,23.6,25.0,23.3,24.4,27.8,25.7,25.7,27.9,31.0,25.3,28.8,27.6,27.4,27.0,27.0,25.0,0.0,0.0,0.0,3.0,4.0,4.0,0.0,24.0,25.0,25.0,58.0,94.0,94.0,28.0,28.0,300.0,0.0,0.0,0.0,0.0,0.0,0.0,0.0,0.0,0.0
0.0,173.99,86.0,86.0,86.0,8.44,3.18,13.08,0.0,26.4,0.01,0.0,176.6,0.0,187.0,1.0,1.0,0.0,690.0,0.0,0.0,0.0,0.0,1.7,0.0,30.8,29.9,0.7,3.3,425.4,0.0,10.95,20.0,23.7,23.4,25.0,23.3,24.2,27.8,25.7,25.7,27.9,31.0,25.3,28.8,27.7,27.4,27.0,27.0,25.0,0.0,0.0,0.0,3.0,4.0,4.0,0.0,24.0,25.0,25.0,58.0,94.0,94.0,28.0,28.0,300.0,0.0,0.0,0.0,0.0,0.0,0.0,0.0,0.0,0.0
0.0,173.99,86.0,86.0,86.0,8.44,3.2,13.28,0.0,25.6,0.01,0.0,176.6,0.0,188.0,1.0,1.0,0.0,690.0,0.0,0.0,0.0,0.0,1.4,0.0,33.1,32.9,0.8,3.3,425.4,0.0,10.95,19.4,23.6,23.4,24.9,23.3,24.2,27.8,25.7,25.6,27.9,31.0,25.3,28.8,27.8,27.4,29.0,29.0,25.0,0.0,0.0,0.0,3.0,4.0,4.0,0.0,24.0,25.0,25.0,58.0,94.0,94.0,28.0,28.0,300.0,0.0,0.0,0.0,0.0,0.0,0.0,0.0,0.0,0.0
0.0,200.48,86.0,86.0,86.0,11.68,2.08,12.56,0.0,-47.6,0.01,0.01,176.5,0.0,260.0,1.0,1.0,0.0,691.0,0.0,0.0,0.0,0.0,1.7,0.0,32.3,31.3,0.8,3.4,425.4,0.0,10.95,18.1,23.7,23.6,25.0,23.3,24.4,27.8,25.9,25.9,27.8,30.9,25.4,28.8,27.6,27.4,28.0,28.0,25.0,0.0,0.0,0.0,3.0,4.0,4.0,0.0,24.0,25.0,25.0,59.0,93.0,93.0,28.0,28.0,300.0,0.0,0.0,0.0,0.0,0.0,0.0,0.0,0.0,0.0
0.0,173.99,86.0,86.0,86.0,8.82,3.2,13.52,0.0,4.9,0.0,0.0,176.5,0.0,193.0,1.0,1.0,0.0,690.0,0.0,0.0,0.0,0.0,1.2,0.0,32.0,30.8,0.8,3.4,425.4,0.0,10.95,20.2,23.7,23.6,25.0,23.3,24.4,27.8,25.8,25.8,27.8,30.9,25.3,28.9,27.6,27.4,27.0,28.0,25.0,0.0,0.0,0.0,3.0,4.0,4.0,0.0,24.0,25.0,25.0,58.0,93.0,93.0,28.0,28.0,300.0,0.0,0.0,0.0,0.0,0.0,0.0,0.0,0.0,0.0
0.0,173.99,86.0,86.0,86.0,8.66,2.98,13.34,0.0,27.2,0.01,0.0,176.6,0.0,187.0,1.0,1.0,0.0,690.0,0.0,0.0,0.0,0.0,1.7,0.0,30.9,29.9,0.7,3.3,425.4,0.0,10.95,20.0,23.7,23.5,25.0,23.3,24.2,27.8,25.7,25.7,27.9,31.0,25.3,28.8,27.7,27.4,27.0,27.0,25.0,0.0,0.0,0.0,3.0,4.0,4.0,0.0,24.0,25.0,25.0,58.0,94.0,94.0,28.0,28.0,300.0,0.0,0.0,0.0,0.0,0.0,0.0,0.0,0.0,0.0
0.0,173.99,86.0,86.0,86.0,7.74,3.26,13.46,0.0,24.6,0.01,0.01,176.6,0.0,187.0,1.0,1.0,0.0,690.0,0.0,0.0,0.0,0.0,1.0,0.0,31.4,30.3,0.7,3.3,425.4,0.0,10.95,20.2,23.7,23.6,25.0,23.3,24.4,27.8,25.7,25.7,27.9,31.0,25.3,28.8,27.6,27.4,27.0,27.0,25.0,0.0,0.0,0.0,3.0,4.0,4.0,0.0,24.0,25.0,25.0,58.0,94.0,94.0,28.0,28.0,300.0,0.0,0.0,0.0,0.0,0.0,0.0,0.0,0.0,0.0
0.05,177.52,86.0,86.0,86.0,8.32,3.12,13.34,0.0,-47.5,0.02,0.01,176.6,2.4,228.0,1.0,1.0,0.0,690.0,0.0,0.0,0.0,0.0,1.9,0.0,32.1,31.0,0.8,3.3,425.4,0.0,10.95,19.6,23.7,23.6,25.0,23.3,24.4,27.8,25.9,25.9,27.8,30.9,25.3,28.9,27.6,27.4,28.0,28.0,25.0,0.0,0.0,0.0,3.0,4.0,4.0,0.0,24.0,25.0,25.0,58.0,93.0,93.0,28.0,28.0,300.0,0.0,0.0,0.0,0.0,0.0,0.0,0.0,0.0,0.0
0.0,173.99,86.0,86.0,86.0,8.44,3.06,13.62,0.0,25.6,-0.01,0.0,176.6,0.0,187.0,1.0,1.0,0.0,690.0,0.0,0.0,0.0,0.0,1.4,0.0,30.7,29.7,0.7,3.3,425.4,0.0,10.95,20.0,23.7,23.4,25.0,23.3,24.2,27.8,25.7,25.7,27.9,31.0,25.3,28.8,27.7,27.4,27.0,27.0,25.0,0.0,0.0,0.0,3.0,4.0,4.0,0.0,24.0,25.0,25.0,58.0,94.0,94.0,28.0,28.0,300.0,0.0,0.0,0.0,0.0,0.0,0.0,0.0,0.0,0.0
0.0,173.99,86.0,86.0,86.0,8.74,2.98,13.42,0.0,27.4,0.0,0.0,176.6,0.0,187.0,1.0,1.0,0.0,690.0,0.0,0.0,0.0,0.0,1.5,0.0,30.8,30.0,0.7,3.3,425.4,0.0,10.95,19.9,23.6,23.4,25.0,23.3,24.2,27.8,25.7,25.7,27.9,31.0,25.3,28.8,27.7,27.4,27.0,27.0,25.0,0.0,0.0,0.0,3.0,4.0,4.0,0.0,24.0,25.0,25.0,58.0,94.0,94.0,28.0,28.0,300.0,0.0,0.0,0.0,0.0,0.0,0.0,0.0,0.0,0.0
0.0,173.99,86.0,86.0,86.0,8.52,3.04,12.96,0.0,25.7,0.01,0.01,176.5,0.0,188.0,1.0,1.0,0.0,690.0,0.0,0.0,0.0,0.0,1.0,0.0,31.7,30.5,0.7,3.3,425.4,0.0,10.95,20.2,23.7,23.6,25.0,23.3,24.4,27.8,25.7,25.7,27.9,31.0,25.3,28.8,27.6,27.4,27.0,27.0,25.0,0.0,0.0,0.0,3.0,4.0,4.0,0.0,24.0,25.0,25.0,58.0,94.0,94.0,28.0,28.0,300.0,0.0,0.0,0.0,0.0,0.0,0.0,0.0,0.0,0.0
0.0,173.99,86.0,86.0,86.0,8.0,3.04,12.64,0.0,25.7,0.0,0.0,176.6,0.0,188.0,1.0,1.0,0.0,690.0,0.0,0.0,0.0,0.0,1.1,0.0,31.7,30.4,0.7,3.3,425.4,0.0,10.95,20.2,23.7,23.6,25.0,23.3,24.4,27.8,25.7,25.7,27.9,31.0,25.3,28.9,27.6,27.4,27.0,27.0,25.0,0.0,0.0,0.0,3.0,4.0,4.0,0.0,24.0,25.0,25.0,58.0,93.0,93.0,28.0,28.0,300.0,0.0,0.0,0.0,0.0,0.0,0.0,0.0,0.0,0.0
0.0,173.99,86.0,86.0,86.0,8.4,3.14,13.54,0.0,25.6,0.0,0.0,176.6,0.0,187.0,1.0,1.0,0.0,690.0,0.0,0.0,0.0,0.0,1.0,0.0,30.9,29.7,0.7,3.3,425.4,0.0,10.95,20.0,23.7,23.4,25.0,23.3,24.2,27.8,25.7,25.7,27.9,31.0,25.3,28.8,27.7,27.4,27.0,27.0,25.0,0.0,0.0,0.0,3.0,4.0,4.0,0.0,24.0,25.0,25.0,58.0,94.0,94.0,28.0,28.0,300.0,0.0,0.0,0.0,0.0,0.0,0.0,0.0,0.0,0.0
0.0,173.99,86.0,86.0,86.0,8.38,3.02,13.04,0.0,25.6,0.0,0.0,176.6,0.0,188.0,1.0,1.0,0.0,690.0,0.0,0.0,0.0,0.0,1.2,0.0,31.3,30.7,0.7,3.3,425.4,0.0,10.95,19.7,23.7,23.4,25.0,23.3,24.2,27.8,25.7,25.6,27.9,31.0,25.3,28.8,27.8,27.4,27.0,28.0,25.0,0.0,0.0,0.0,3.0,4.0,4.0,0.0,24.0,25.0,25.0,58.0,94.0,94.0,28.0,28.0,300.0,0.0,0.0,0.0,0.0,0.0,0.0,0.0,0.0,0.0
0.0,173.99,86.0,86.0,86.0,8.44,3.1,13.22,0.0,27.4,0.01,0.0,176.6,0.0,186.0,1.0,1.0,0.0,690.0,0.0,0.0,0.0,0.0,1.6,0.0,30.9,30.0,0.7,3.3,425.4,0.0,10.95,19.7,23.7,23.5,25.0,23.3,24.2,27.8,25.7,25.7,27.9,31.0,25.3,28.8,27.7,27.4,27.0,27.0,25.0,0.0,0.0,0.0,3.0,4.0,4.0,0.0,24.0,25.0,25.0,58.0,94.0,94.0,28.0,28.0,300.0,0.0,0.0,0.0,0.0,0.0,0.0,0.0,0.0,0.0
0.0,173.99,86.0,86.0,86.0,7.88,2.9,13.36,0.0,27.4,0.01,0.01,176.6,0.0,186.0,1.0,1.0,0.0,690.0,0.0,0.0,0.0,0.0,1.0,0.0,31.0,29.8,0.7,3.3,425.4,0.0,10.95,19.8,23.7,23.4,25.0,23.3,24.2,27.8,25.7,25.7,27.9,31.0,25.3,28.8,27.7,27.4,27.0,27.0,25.0,0.0,0.0,0.0,3.0,4.0,4.0,0.0,24.0,25.0,25.0,58.0,94.0,94.0,28.0,28.0,300.0,0.0,0.0,0.0,0.0,0.0,0.0,0.0,0.0,0.0
0.0,200.48,86.0,86.0,86.0,12.34,2.06,12.76,0.0,-47.5,0.01,0.01,176.5,0.0,260.0,1.0,1.0,0.0,691.0,0.0,0.0,0.0,0.0,1.2,0.0,32.5,31.2,0.8,3.3,425.4,0.0,10.95,18.0,23.7,23.6,25.0,23.3,24.4,27.8,25.9,25.9,27.8,30.9,25.4,28.8,27.6,27.4,28.0,28.0,25.0,0.0,0.0,0.0,3.0,4.0,4.0,0.0,24.0,25.0,25.0,59.0,93.0,93.0,28.0,28.0,300.0,0.0,0.0,0.0,0.0,0.0,0.0,0.0,0.0,0.0
0.0,173.99,86.0,86.0,86.0,8.36,3.18,12.76,0.0,25.7,0.01,0.01,176.5,0.0,188.0,1.0,1.0,0.0,690.0,0.0,0.0,0.0,0.0,1.2,0.0,31.7,30.8,0.8,3.3,425.4,0.0,10.95,20.1,23.7,23.6,25.0,23.3,24.4,27.8,25.7,25.7,27.9,30.9,25.3,28.9,27.6,27.4,27.0,28.0,25.0,0.0,0.0,0.0,3.0,4.0,4.0,0.0,24.0,25.0,25.0,58.0,93.0,94.0,28.0,28.0,300.0,0.0,0.0,0.0,0.0,0.0,0.0,0.0,0.0,0.0
0.0,173.99,86.0,86.0,86.0,8.3,3.12,12.6,0.0,25.7,0.01,0.0,176.5,0.0,188.0,1.0,1.0,0.0,690.0,0.0,0.0,0.0,0.0,1.3,0.0,31.7,30.6,0.8,3.3,425.4,0.0,10.95,20.2,23.7,23.6,25.0,23.3,24.4,27.8,25.7,25.7,27.9,31.0,25.3,28.9,27.6,27.4,27.0,27.0,25.0,0.0,0.0,0.0,3.0,4.0,4.0,0.0,24.0,25.0,25.0,58.0,93.0,93.0,28.0,28.0,300.0,0.0,0.0,0.0,0.0,0.0,0.0,0.0,0.0,0.0
0.0,173.99,86.0,86.0,86.0,7.68,3.3,12.96,0.0,25.6,0.01,0.0,176.6,0.0,187.0,1.0,1.0,0.0,690.0,0.0,0.0,0.0,0.0,1.1,0.0,30.7,29.7,0.7,3.3,425.4,0.0,10.95,20.0,23.7,23.4,25.0,23.3,24.2,27.8,25.7,25.7,27.9,31.0,25.3,28.8,27.7,27.4,27.0,27.0,25.0,0.0,0.0,0.0,3.0,4.0,4.0,0.0,24.0,25.0,25.0,58.0,94.0,94.0,28.0,28.0,300.0,0.0,0.0,0.0,0.0,0.0,0.0,0.0,0.0,0.0
0.0,173.99,86.0,86.0,86.0,8.18,3.12,13.02,0.0,24.0,0.01,0.0,176.5,0.0,188.0,1.0,1.0,0.0,690.0,0.0,0.0,0.0,0.0,1.1,0.0,31.8,30.8,0.7,3.3,425.4,0.0,10.95,20.2,23.7,23.6,25.0,23.3,24.4,27.8,25.7,25.8,27.9,30.9,25.3,28.9,27.6,27.4,27.0,28.0,25.0,0.0,0.0,0.0,3.0,4.0,4.0,0.0,24.0,25.0,25.0,58.0,93.0,93.0,28.0,28.0,300.0,0.0,0.0,0.0,0.0,0.0,0.0,0.0,0.0,0.0
0.0,173.99,86.0,86.0,86.0,8.58,2.98,13.5,0.0,25.6,0.0,0.0,176.6,0.0,188.0,1.0,1.0,0.0,690.0,0.0,0.0,0.0,0.0,1.5,0.0,30.3,29.8,0.7,3.3,425.4,0.0,10.95,20.0,23.6,23.4,25.0,23.3,24.2,27.8,25.7,25.7,27.9,31.0,25.3,28.8,27.8,27.4,27.0,27.0,25.0,0.0,0.0,0.0,3.0,4.0,4.0,0.0,24.0,25.0,25.0,58.0,94.0,94.0,28.0,28.0,300.0,0.0,0.0,0.0,0.0,0.0,0.0,0.0,0.0,0.0
0.0,173.99,86.0,86.0,86.0,8.38,3.1,13.14,0.0,27.4,0.01,0.0,176.6,0.0,186.0,1.0,1.0,0.0,691.0,0.0,0.0,0.0,0.0,1.4,0.0,31.0,30.0,0.7,3.3,425.4,0.0,10.95,19.8,23.7,23.4,25.0,23.3,24.3,27.8,25.7,25.7,27.9,31.0,25.3,28.8,27.7,27.4,27.0,27.0,25.0,0.0,0.0,0.0,3.0,4.0,4.0,0.0,24.0,25.0,25.0,58.0,94.0,94.0,28.0,28.0,300.0,0.0,0.0,0.0,0.0,0.0,0.0,0.0,0.0,0.0
0.0,173.99,86.0,86.0,86.0,8.7,3.3,13.4,0.0,25.7,0.01,0.0,176.6,0.0,188.0,1.0,1.0,0.0,690.0,0.0,0.0,0.0,0.0,1.6,0.0,31.8,30.8,0.8,3.3,425.4,0.0,10.95,20.0,23.7,23.6,25.0,23.3,24.4,27.8,25.7,25.7,27.9,30.9,25.3,28.9,27.6,27.4,27.0,28.0,25.0,0.0,0.0,0.0,3.0,4.0,4.0,0.0,24.0,25.0,25.0,58.0,93.0,93.0,28.0,28.0,300.0,0.0,0.0,0.0,0.0,0.0,0.0,0.0,0.0,0.0
0.0,173.99,86.0,86.0,86.0,8.56,3.18,13.3,0.0,25.6,0.01,0.01,176.6,0.0,187.0,1.0,1.0,0.0,690.0,0.0,0.0,0.0,0.0,1.4,0.0,30.8,29.7,0.7,3.3,425.4,0.0,10.95,20.0,23.7,23.4,25.0,23.3,24.2,27.8,25.7,25.7,27.9,31.0,25.3,28.8,27.8,27.4,27.0,27.0,25.0,0.0,0.0,0.0,3.0,4.0,4.0,0.0,24.0,25.0,25.0,58.0,94.0,94.0,28.0,28.0,300.0,0.0,0.0,0.0,0.0,0.0,0.0,0.0,0.0,0.0
0.0,173.99,86.0,86.0,86.0,8.46,3.0,13.68,0.0,25.6,0.01,0.0,176.6,0.0,188.0,1.0,1.0,0.0,690.0,0.0,0.0,0.0,0.0,1.7,0.0,31.7,31.1,0.7,3.3,425.4,0.0,10.95,19.6,23.6,23.4,25.0,23.3,24.2,27.8,25.7,25.6,27.9,31.0,25.3,28.8,27.8,27.4,28.0,28.0,25.0,0.0,0.0,0.0,3.0,4.0,4.0,0.0,24.0,25.0,25.0,58.0,94.0,94.0,28.0,28.0,300.0,0.0,0.0,0.0,0.0,0.0,0.0,0.0,0.0,0.0
0.0,173.99,86.0,86.0,86.0,8.36,3.2,13.28,0.0,25.6,0.01,0.0,176.6,0.0,187.0,1.0,1.0,0.0,690.0,0.0,0.0,0.0,0.0,1.9,0.0,30.7,29.5,0.7,3.3,425.4,0.0,10.95,20.0,23.7,23.4,25.0,23.3,24.2,27.8,25.7,25.7,27.9,31.0,25.3,28.8,27.8,27.4,26.0,27.0,25.0,0.0,0.0,0.0,3.0,4.0,4.0,0.0,24.0,25.0,25.0,58.0,94.0,94.0,28.0,28.0,300.0,0.0,0.0,0.0,0.0,0.0,0.0,0.0,0.0,0.0
0.0,173.99,86.0,86.0,86.0,8.46,3.12,13.22,0.0,25.6,0.01,0.0,176.6,0.0,188.0,1.0,1.0,0.0,690.0,0.0,0.0,0.0,0.0,0.9,0.0,32.7,32.3,0.8,3.3,425.4,0.0,10.95,19.5,23.6,23.4,25.0,23.3,24.2,27.8,25.7,25.6,27.9,31.0,25.3,28.8,27.8,27.4,29.0,29.0,25.0,0.0,0.0,0.0,3.0,4.0,4.0,0.0,24.0,25.0,25.0,58.0,94.0,94.0,28.0,28.0,300.0,0.0,0.0,0.0,0.0,0.0,0.0,0.0,0.0,0.0
0.09,181.26,86.0,86.0,86.0,8.54,3.06,13.18,0.01,-56.5,0.01,0.01,176.5,2.2,238.0,1.0,1.0,0.0,690.0,0.0,0.0,0.0,0.0,1.2,0.0,32.2,31.1,0.8,3.4,425.4,0.0,10.95,19.2,23.7,23.6,25.0,23.3,24.4,27.8,25.9,25.9,27.8,30.9,25.3,28.9,27.6,27.4,28.0,28.0,25.0,0.0,0.0,0.0,3.0,4.0,4.0,0.0,24.0,25.0,25.0,58.0,93.0,93.0,28.0,28.0,300.0,0.0,0.0,0.0,0.0,0.0,0.0,0.0,0.0,0.0
0.0,173.99,86.0,86.0,86.0,8.52,3.32,13.38,0.0,25.7,0.01,0.0,176.5,0.0,188.0,1.0,1.0,0.0,690.0,0.0,0.0,0.0,0.0,1.3,0.0,31.6,30.6,0.7,3.3,425.4,0.0,10.95,20.2,23.7,23.6,25.0,23.3,24.4,27.8,25.7,25.7,27.9,31.0,25.3,28.9,27.6,27.4,27.0,27.0,25.0,0.0,0.0,0.0,3.0,4.0,4.0,0.0,24.0,25.0,25.0,58.0,94.0,93.0,28.0,28.0,300.0,0.0,0.0,0.0,0.0,0.0,0.0,0.0,0.0,0.0
0.0,200.48,86.0,86.0,86.0,11.04,1.94,12.58,0.05,-51.8,0.01,0.0,176.5,1.5,260.0,1.0,1.0,0.0,690.0,0.0,0.0,0.0,0.0,1.2,0.0,32.3,31.1,0.8,3.4,425.4,0.0,10.95,18.6,23.7,23.6,25.0,23.3,24.4,27.8,25.9,25.9,27.8,30.9,25.3,28.9,27.6,27.4,28.0,28.0,25.0,0.0,0.0,0.0,3.0,4.0,4.0,0.0,24.0,25.0,25.0,58.0,93.0,93.0,28.0,28.0,300.0,0.0,0.0,0.0,0.0,0.0,0.0,0.0,0.0,0.0
0.0,173.99,86.0,86.0,86.0,8.68,3.02,13.42,0.0,27.4,0.01,0.0,176.6,0.0,186.0,1.0,1.0,0.0,690.0,0.0,0.0,0.0,0.0,1.3,0.0,31.1,29.9,0.7,3.3,425.4,0.0,10.95,19.7,23.7,23.5,25.0,23.3,24.2,27.8,25.7,25.7,27.9,31.0,25.3,28.8,27.7,27.4,27.0,27.0,25.0,0.0,0.0,0.0,3.0,4.0,4.0,0.0,24.0,25.0,25.0,58.0,94.0,94.0,28.0,28.0,300.0,0.0,0.0,0.0,0.0,0.0,0.0,0.0,0.0,0.0
0.0,200.48,86.0,86.0,86.0,12.64,1.84,12.72,0.0,-57.1,0.01,0.0,176.5,1.6,263.0,1.0,1.0,0.0,691.0,0.0,0.0,0.0,0.0,1.0,0.0,32.3,31.3,0.8,3.3,425.4,0.0,10.95,18.0,23.7,23.6,25.0,23.3,24.4,27.8,25.9,25.9,27.8,30.9,25.4,28.8,27.6,27.4,28.0,28.0,25.0,0.0,0.0,0.0,3.0,4.0,4.0,0.0,24.0,25.0,25.0,59.0,93.0,93.0,28.0,28.0,300.0,0.0,0.0,0.0,0.0,0.0,0.0,0.0,0.0,0.0
0.0,173.99,86.0,86.0,86.0,8.18,3.06,13.0,0.0,25.6,-0.01,0.0,176.6,0.0,188.0,1.0,1.0,0.0,690.0,0.0,0.0,0.0,0.0,1.9,0.0,31.9,31.5,0.7,3.3,425.4,0.0,10.95,19.6,23.6,23.4,25.0,23.3,24.2,27.8,25.7,25.6,27.9,31.0,25.3,28.8,27.8,27.4,28.0,28.0,25.0,0.0,0.0,0.0,3.0,4.0,4.0,0.0,24.0,25.0,25.0,58.0,94.0,94.0,28.0,28.0,300.0,0.0,0.0,0.0,0.0,0.0,0.0,0.0,0.0,0.0
0.0,173.99,86.0,86.0,86.0,8.56,3.02,13.34,0.0,25.6,0.01,0.01,176.6,0.0,187.0,1.0,1.0,0.0,690.0,0.0,0.0,0.0,0.0,1.3,0.0,30.7,29.6,0.7,3.3,425.4,0.0,10.95,20.0,23.7,23.5,25.0,23.3,24.2,27.8,25.7,25.7,27.9,31.0,25.3,28.8,27.8,27.4,27.0,27.0,25.0,0.0,0.0,0.0,3.0,4.0,4.0,0.0,24.0,25.0,25.0,58.0,94.0,94.0,28.0,28.0,300.0,0.0,0.0,0.0,0.0,0.0,0.0,0.0,0.0,0.0
0.0,200.48,86.0,86.0,86.0,11.92,1.88,12.42,0.0,-47.3,0.01,0.01,176.5,0.0,260.0,1.0,1.0,0.0,690.0,0.0,0.0,0.0,0.0,0.9,0.0,32.4,31.2,0.8,3.4,425.4,0.0,10.95,18.0,23.7,23.6,25.0,23.4,24.4,27.8,25.9,25.9,27.8,30.9,25.4,28.8,27.6,27.4,28.0,28.0,25.0,0.0,0.0,0.0,3.0,4.0,4.0,0.0,24.0,25.0,25.0,59.0,93.0,93.0,28.0,28.0,300.0,0.0,0.0,0.0,0.0,0.0,0.0,0.0,0.0,0.0
0.0,200.48,86.0,86.0,86.0,12.32,1.88,12.8,0.0,-62.4,0.01,0.0,176.5,1.4,265.0,1.0,1.0,0.0,691.0,0.0,0.0,0.0,0.0,1.8,0.0,32.4,31.2,0.8,3.3,425.4,0.0,10.95,17.9,23.7,23.6,25.0,23.3,24.5,27.8,25.9,25.9,27.8,30.9,25.4,28.8,27.6,27.4,28.0,28.0,25.0,0.0,0.0,0.0,3.0,4.0,4.0,0.0,24.0,25.0,25.0,59.0,93.0,93.0,28.0,28.0,300.0,0.0,0.0,0.0,0.0,0.0,0.0,0.0,0.0,0.0
0.0,173.99,86.0,86.0,86.0,8.38,3.0,13.52,0.0,27.4,-0.01,0.0,176.6,0.0,186.0,1.0,1.0,0.0,691.0,0.0,0.0,0.0,0.0,1.2,0.0,31.1,30.0,0.7,3.3,425.4,0.0,10.95,19.8,23.7,23.5,25.0,23.3,24.3,27.8,25.7,25.7,27.9,31.0,25.3,28.8,27.7,27.4,27.0,27.0,25.0,0.0,0.0,0.0,3.0,4.0,4.0,0.0,24.0,25.0,25.0,58.0,94.0,94.0,28.0,28.0,300.0,0.0,0.0,0.0,0.0,0.0,0.0,0.0,0.0,0.0
0.12,184.0,86.0,86.0,86.0,8.16,2.88,13.28,0.0,-57.1,0.01,0.0,176.5,1.8,242.0,1.0,1.0,0.0,690.0,0.0,0.0,0.0,0.0,1.3,0.0,32.1,31.1,0.8,3.3,425.4,0.0,10.95,19.1,23.7,23.6,25.0,23.3,24.4,27.8,25.9,25.9,27.8,30.9,25.3,28.9,27.6,27.4,28.0,28.0,25.0,0.0,0.0,0.0,3.0,4.0,4.0,0.0,24.0,25.0,25.0,58.0,93.0,93.0,28.0,28.0,300.0,0.0,0.0,0.0,0.0,0.0,0.0,0.0,0.0,0.0
0.0,173.99,86.0,86.0,86.0,8.06,3.02,13.46,0.0,25.7,0.0,0.0,176.6,0.0,188.0,1.0,1.0,0.0,690.0,0.0,0.0,0.0,0.0,1.2,0.0,31.6,30.6,0.7,3.3,425.4,0.0,10.95,20.2,23.7,23.6,25.0,23.3,24.4,27.8,25.7,25.7,27.9,31.0,25.3,28.8,27.6,27.4,27.0,27.0,25.0,0.0,0.0,0.0,3.0,4.0,4.0,0.0,24.0,25.0,25.0,58.0,94.0,94.0,28.0,28.0,300.0,0.0,0.0,0.0,0.0,0.0,0.0,0.0,0.0,0.0
0.0,200.48,86.0,86.0,86.0,11.56,1.94,12.72,0.0,-49.1,0.0,0.0,176.5,0.5,261.0,1.0,1.0,0.0,690.0,0.0,0.0,0.0,0.0,1.3,0.0,32.2,31.2,0.8,3.4,425.4,0.0,10.95,18.2,23.7,23.6,25.0,23.3,24.4,27.8,25.9,25.9,27.8,30.9,25.4,28.8,27.6,27.4,28.0,28.0,25.0,0.0,0.0,0.0,3.0,4.0,4.0,0.0,24.0,25.0,25.0,59.0,93.0,93.0,28.0,28.0,300.0,0.0,0.0,0.0,0.0,0.0,0.0,0.0,0.0,0.0
0.0,173.99,86.0,86.0,86.0,8.18,2.96,13.46,0.0,27.4,0.0,0.01,176.6,0.0,186.0,1.0,1.0,0.0,691.0,0.0,0.0,0.0,0.0,1.3,0.0,31.1,30.1,0.7,3.3,425.4,0.0,10.95,19.8,23.7,23.5,25.0,23.3,24.3,27.8,25.7,25.7,27.9,31.0,25.3,28.8,27.6,27.4,27.0,27.0,25.0,0.0,0.0,0.0,3.0,4.0,4.0,0.0,24.0,25.0,25.0,58.0,94.0,94.0,28.0,28.0,300.0,0.0,0.0,0.0,0.0,0.0,0.0,0.0,0.0,0.0
0.0,173.99,86.0,86.0,86.0,8.72,3.18,13.7,0.0,25.7,0.01,0.0,176.6,0.0,188.0,1.0,1.0,0.0,690.0,0.0,0.0,0.0,0.0,1.5,0.0,31.8,30.7,0.7,3.3,425.4,0.0,10.95,20.0,23.7,23.6,25.0,23.3,24.4,27.8,25.7,25.7,27.8,30.9,25.3,28.9,27.6,27.4,27.0,28.0,25.0,0.0,0.0,0.0,3.0,4.0,4.0,0.0,24.0,25.0,25.0,58.0,93.0,94.0,28.0,28.0,300.0,0.0,0.0,0.0,0.0,0.0,0.0,0.0,0.0,0.0
0.0,173.99,86.0,86.0,86.0,8.44,3.1,13.36,0.0,25.7,0.0,0.01,176.6,0.0,187.0,1.0,1.0,0.0,690.0,0.0,0.0,0.0,0.0,1.5,0.0,31.1,30.1,0.7,3.3,425.4,0.0,10.95,20.0,23.7,23.6,25.0,23.3,24.3,27.8,25.7,25.7,27.9,31.0,25.3,28.8,27.7,27.4,27.0,27.0,25.0,0.0,0.0,0.0,3.0,4.0,4.0,0.0,24.0,25.0,25.0,58.0,94.0,94.0,28.0,28.0,300.0,0.0,0.0,0.0,0.0,0.0,0.0,0.0,0.0,0.0
0.0,200.48,86.0,86.0,86.0,12.78,2.08,12.72,0.0,-64.3,-0.01,0.01,176.5,0.7,266.0,1.0,1.0,0.0,691.0,0.0,0.0,0.0,0.0,1.8,0.0,32.5,31.4,0.8,3.4,425.4,0.0,10.95,17.9,23.7,23.6,25.0,23.4,24.5,27.8,25.9,25.9,27.8,30.9,25.4,28.8,27.6,27.4,28.0,28.0,25.0,0.0,0.0,0.0,3.0,4.0,4.0,0.0,24.0,25.0,25.0,59.0,93.0,93.0,28.0,28.0,300.0,0.0,0.0,0.0,0.0,0.0,0.0,0.0,0.0,0.0
0.0,173.99,86.0,86.0,86.0,8.5,3.12,13.18,0.0,25.6,0.01,0.01,176.6,0.0,187.0,1.0,1.0,0.0,690.0,0.0,0.0,0.0,0.0,1.3,0.0,30.8,30.4,0.7,3.3,425.4,0.0,10.95,19.9,23.7,23.4,25.0,23.3,24.2,27.8,25.7,25.7,27.9,31.0,25.3,28.8,27.8,27.4,27.0,27.0,25.0,0.0,0.0,0.0,3.0,4.0,4.0,0.0,24.0,25.0,25.0,58.0,94.0,94.0,28.0,28.0,300.0,0.0,0.0,0.0,0.0,0.0,0.0,0.0,0.0,0.0
0.0,173.99,86.0,86.0,86.0,8.56,3.26,13.22,0.0,25.6,0.02,0.0,176.6,0.0,188.0,1.0,1.0,0.0,690.0,0.0,0.0,0.0,0.0,0.9,0.0,33.0,32.6,0.8,3.4,425.4,0.0,10.95,19.4,23.6,23.4,25.0,23.3,24.2,27.8,25.7,25.6,27.9,31.0,25.3,28.8,27.8,27.4,29.0,29.0,25.0,0.0,0.0,0.0,3.0,4.0,4.0,0.0,24.0,25.0,25.0,58.0,94.0,94.0,28.0,28.0,300.0,0.0,0.0,0.0,0.0,0.0,0.0,0.0,0.0,0.0
0.0,173.99,86.0,86.0,86.0,8.2,3.12,13.22,0.0,25.6,0.01,0.0,176.6,0.0,187.0,1.0,1.0,0.0,690.0,0.0,0.0,0.0,0.0,1.2,0.0,30.8,29.7,0.7,3.3,425.4,0.0,10.95,20.0,23.7,23.5,25.0,23.3,24.2,27.8,25.7,25.7,27.9,31.0,25.3,28.8,27.8,27.4,27.0,27.0,25.0,0.0,0.0,0.0,3.0,4.0,4.0,0.0,24.0,25.0,25.0,58.0,94.0,94.0,28.0,28.0,300.0,0.0,0.0,0.0,0.0,0.0,0.0,0.0,0.0,0.0
0.0,173.99,86.0,86.0,86.0,8.24,3.04,13.0,0.0,24.2,0.01,0.0,176.5,0.0,188.0,1.0,1.0,0.0,690.0,0.0,0.0,0.0,0.0,0.7,0.0,31.9,30.8,0.8,3.3,425.4,0.0,10.95,20.2,23.7,23.6,25.0,23.3,24.4,27.8,25.7,25.8,27.8,30.9,25.3,28.9,27.6,27.4,28.0,28.0,25.0,0.0,0.0,0.0,3.0,4.0,4.0,0.0,24.0,25.0,25.0,58.0,93.0,93.0,28.0,28.0,300.0,0.0,0.0,0.0,0.0,0.0,0.0,0.0,0.0,0.0
0.0,173.99,86.0,86.0,86.0,8.04,2.98,13.16,0.0,25.7,0.01,0.01,176.6,0.0,188.0,1.0,1.0,0.0,690.0,0.0,0.0,0.0,0.0,1.3,0.0,31.7,30.5,0.8,3.3,425.4,0.0,10.95,20.1,23.7,23.6,25.0,23.3,24.4,27.8,25.7,25.7,27.9,31.0,25.3,28.9,27.6,27.4,27.0,27.0,25.0,0.0,0.0,0.0,3.0,4.0,4.0,0.0,24.0,25.0,25.0,58.0,93.0,93.0,28.0,28.0,300.0,0.0,0.0,0.0,0.0,0.0,0.0,0.0,0.0,0.0
0.0,173.99,86.0,86.0,86.0,8.62,3.22,13.46,0.0,25.6,0.01,0.0,176.6,0.0,188.0,1.0,1.0,0.0,690.0,0.0,0.0,0.0,0.0,1.5,0.0,33.1,33.0,0.7,3.3,425.4,0.0,10.95,19.4,23.6,23.4,24.9,23.3,24.2,27.8,25.7,25.6,27.9,31.0,25.3,28.8,27.8,27.4,30.0,30.0,25.0,0.0,0.0,0.0,3.0,4.0,4.0,0.0,24.0,25.0,25.0,58.0,94.0,94.0,28.0,28.0,300.0,0.0,0.0,0.0,0.0,0.0,0.0,0.0,0.0,0.0
0.15,189.25,86.0,86.0,86.0,9.88,1.36,13.4,0.05,-66.9,0.02,0.0,176.5,1.0,249.0,1.0,1.0,0.0,690.0,0.0,0.0,0.0,0.0,1.5,0.0,32.2,31.1,0.8,3.3,425.4,0.0,10.95,18.8,23.7,23.6,25.0,23.3,24.4,27.8,25.9,25.9,27.8,30.9,25.3,28.9,27.6,27.4,28.0,28.0,25.0,0.0,0.0,0.0,3.0,4.0,4.0,0.0,24.0,25.0,25.0,58.0,93.0,93.0,28.0,28.0,300.0,0.0,0.0,0.0,0.0,0.0,0.0,0.0,0.0,0.0
0.0,173.99,86.0,86.0,86.0,8.44,3.14,13.5,0.0,25.6,0.0,0.0,176.6,0.0,188.0,1.0,1.0,0.0,690.0,0.0,0.0,0.0,0.0,1.4,0.0,33.2,33.1,0.8,3.4,425.4,0.0,10.95,19.4,23.6,23.4,24.9,23.3,24.2,27.8,25.7,25.6,27.9,31.0,25.3,28.8,27.8,27.4,30.0,30.0,25.0,0.0,0.0,0.0,3.0,4.0,4.0,0.0,24.0,25.0,25.0,58.0,94.0,94.0,28.0,28.0,300.0,0.0,0.0,0.0,0.0,0.0,0.0,0.0,0.0,0.0
0.0,173.99,86.0,86.0,86.0,8.3,3.02,13.16,0.0,27.4,0.0,0.0,176.6,0.0,186.0,1.0,1.0,0.0,690.0,0.0,0.0,0.0,0.0,1.4,0.0,31.3,30.1,0.7,3.3,425.4,0.0,10.95,19.8,23.7,23.5,25.0,23.3,24.3,27.8,25.7,25.7,27.9,31.0,25.3,28.8,27.6,27.4,27.0,27.0,25.0,0.0,0.0,0.0,3.0,4.0,4.0,0.0,24.0,25.0,25.0,58.0,94.0,94.0,28.0,28.0,300.0,0.0,0.0,0.0,0.0,0.0,0.0,0.0,0.0,0.0
0.0,173.99,86.0,86.0,86.0,8.24,3.12,12.52,0.0,25.7,0.01,0.0,176.5,0.0,188.0,1.0,1.0,0.0,690.0,0.0,0.0,0.0,0.0,1.6,0.0,31.7,30.7,0.7,3.3,425.4,0.0,10.95,20.2,23.7,23.6,25.0,23.3,24.4,27.8,25.7,25.7,27.9,31.0,25.3,28.8,27.6,27.4,27.0,27.0,25.0,0.0,0.0,0.0,3.0,4.0,4.0,0.0,24.0,25.0,25.0,58.0,94.0,94.0,28.0,28.0,300.0,0.0,0.0,0.0,0.0,0.0,0.0,0.0,0.0,0.0
0.0,173.99,86.0,86.0,86.0,8.52,2.88,13.62,0.0,27.4,0.01,0.01,176.6,0.0,186.0,1.0,1.0,0.0,690.0,0.0,0.0,0.0,0.0,1.7,0.0,31.2,30.2,0.7,3.3,425.4,0.0,10.95,19.8,23.7,23.5,25.0,23.3,24.3,27.8,25.7,25.7,27.9,31.0,25.3,28.8,27.6,27.4,27.0,27.0,25.0,0.0,0.0,0.0,3.0,4.0,4.0,0.0,24.0,25.0,25.0,58.0,94.0,94.0,28.0,28.0,300.0,0.0,0.0,0.0,0.0,0.0,0.0,0.0,0.0,0.0
0.0,200.48,86.0,86.0,86.0,11.66,1.98,12.58,0.0,-48.4,0.01,0.0,176.5,0.0,260.0,1.0,1.0,0.0,690.0,0.0,0.0,0.0,0.0,1.2,0.0,32.4,31.2,0.7,3.4,425.4,0.0,10.95,18.2,23.7,23.6,25.0,23.3,24.4,27.8,25.9,25.9,27.8,30.9,25.4,28.8,27.6,27.4,28.0,28.0,25.0,0.0,0.0,0.0,3.0,4.0,4.0,0.0,24.0,25.0,25.0,59.0,93.0,93.0,28.0,28.0,300.0,0.0,0.0,0.0,0.0,0.0,0.0,0.0,0.0,0.0
0.0,173.99,86.0,86.0,86.0,8.1,3.04,12.46,0.0,25.7,0.0,0.0,176.5,0.0,187.0,1.0,1.0,0.0,690.0,0.0,0.0,0.0,0.0,1.1,0.0,31.8,30.6,0.7,3.3,425.4,0.0,10.95,20.1,23.7,23.6,25.0,23.3,24.4,27.8,25.7,25.7,27.9,30.9,25.3,28.9,27.6,27.4,27.0,28.0,25.0,0.0,0.0,0.0,3.0,4.0,4.0,0.0,24.0,25.0,25.0,58.0,93.0,94.0,28.0,28.0,300.0,0.0,0.0,0.0,0.0,0.0,0.0,0.0,0.0,0.0
0.0,173.99,86.0,86.0,86.0,8.66,3.14,13.38,0.0,27.4,0.0,0.0,176.6,0.0,186.0,1.0,1.0,0.0,691.0,0.0,0.0,0.0,0.0,1.3,0.0,31.1,30.2,0.7,3.3,425.4,0.0,10.95,19.8,23.7,23.5,25.0,23.3,24.3,27.8,25.7,25.7,27.9,31.0,25.3,28.8,27.6,27.4,27.0,27.0,25.0,0.0,0.0,0.0,3.0,4.0,4.0,0.0,24.0,25.0,25.0,58.0,94.0,94.0,28.0,28.0,300.0,0.0,0.0,0.0,0.0,0.0,0.0,0.0,0.0,0.0
0.0,173.99,86.0,86.0,86.0,8.66,3.22,13.22,0.0,25.7,0.01,0.0,176.6,0.0,188.0,1.0,1.0,0.0,690.0,0.0,0.0,0.0,0.0,1.3,0.0,31.7,30.5,0.8,3.3,425.4,0.0,10.95,20.2,23.7,23.6,25.0,23.3,24.4,27.8,25.7,25.7,27.9,31.0,25.3,28.8,27.6,27.4,27.0,27.0,25.0,0.0,0.0,0.0,3.0,4.0,4.0,0.0,24.0,25.0,25.0,58.0,94.0,94.0,28.0,28.0,300.0,0.0,0.0,0.0,0.0,0.0,0.0,0.0,0.0,0.0
0.06,178.24,86.0,86.0,86.0,8.4,3.08,13.24,0.0,-51.5,0.02,0.01,176.5,2.2,231.0,1.0,1.0,0.0,690.0,0.0,0.0,0.0,0.0,1.4,0.0,32.1,31.1,0.8,3.3,425.4,0.0,10.95,19.5,23.7,23.6,25.0,23.3,24.4,27.8,25.9,25.9,27.8,30.9,25.3,28.9,27.6,27.4,28.0,28.0,25.0,0.0,0.0,0.0,3.0,4.0,4.0,0.0,24.0,25.0,25.0,58.0,93.0,93.0,28.0,28.0,300.0,0.0,0.0,0.0,0.0,0.0,0.0,0.0,0.0,0.0
0.0,173.99,86.0,86.0,86.0,8.5,3.16,13.08,0.0,27.4,0.02,0.0,176.6,0.0,187.0,1.0,1.0,0.0,690.0,0.0,0.0,0.0,0.0,1.9,0.0,31.0,30.0,0.7,3.3,425.4,0.0,10.95,19.8,23.6,23.4,25.0,23.3,24.2,27.8,25.7,25.7,27.9,31.0,25.3,28.8,27.7,27.4,27.0,27.0,25.0,0.0,0.0,0.0,3.0,4.0,4.0,0.0,24.0,25.0,25.0,58.0,94.0,94.0,28.0,28.0,300.0,0.0,0.0,0.0,0.0,0.0,0.0,0.0,0.0,0.0
0.0,173.99,86.0,86.0,86.0,8.92,3.16,13.72,0.0,25.7,0.01,0.01,176.6,0.0,188.0,1.0,1.0,0.0,690.0,0.0,0.0,0.0,0.0,1.2,0.0,31.6,30.5,0.7,3.3,425.4,0.0,10.95,20.2,23.7,23.6,25.0,23.3,24.4,27.8,25.7,25.7,27.9,31.0,25.3,28.8,27.6,27.4,27.0,27.0,25.0,0.0,0.0,0.0,3.0,4.0,4.0,0.0,24.0,25.0,25.0,58.0,94.0,94.0,28.0,28.0,300.0,0.0,0.0,0.0,0.0,0.0,0.0,0.0,0.0,0.0
0.0,173.99,86.0,86.0,86.0,8.6,3.02,13.28,0.0,25.7,0.01,0.0,176.6,0.0,187.0,1.0,1.0,0.0,690.0,0.0,0.0,0.0,0.0,1.1,0.0,31.4,30.3,0.7,3.3,425.4,0.0,10.95,20.2,23.7,23.6,25.0,23.3,24.3,27.8,25.7,25.7,27.9,31.0,25.3,28.8,27.6,27.4,27.0,27.0,25.0,0.0,0.0,0.0,3.0,4.0,4.0,0.0,24.0,25.0,25.0,58.0,94.0,94.0,28.0,28.0,300.0,0.0,0.0,0.0,0.0,0.0,0.0,0.0,0.0,0.0
0.0,173.99,86.0,86.0,86.0,8.72,3.12,13.48,0.0,25.6,0.01,0.0,176.6,0.0,187.0,1.0,1.0,0.0,690.0,0.0,0.0,0.0,0.0,1.0,0.0,30.8,29.7,0.7,3.3,425.4,0.0,10.95,20.0,23.7,23.4,25.0,23.3,24.2,27.8,25.7,25.7,27.9,31.0,25.3,28.8,27.7,27.4,27.0,27.0,25.0,0.0,0.0,0.0,3.0,4.0,4.0,0.0,24.0,25.0,25.0,58.0,94.0,94.0,28.0,28.0,300.0,0.0,0.0,0.0,0.0,0.0,0.0,0.0,0.0,0.0
0.0,173.99,86.0,86.0,86.0,8.44,3.1,13.38,0.0,25.6,0.02,0.0,176.6,0.0,188.0,1.0,1.0,0.0,690.0,0.0,0.0,0.0,0.0,1.3,0.0,31.9,31.6,0.7,3.3,425.4,0.0,10.95,19.6,23.6,23.4,24.9,23.3,24.2,27.8,25.7,25.6,27.9,31.0,25.3,28.8,27.8,27.4,28.0,28.0,25.0,0.0,0.0,0.0,3.0,4.0,4.0,0.0,24.0,25.0,25.0,58.0,94.0,94.0,28.0,28.0,300.0,0.0,0.0,0.0,0.0,0.0,0.0,0.0,0.0,0.0
0.0,173.99,86.0,86.0,86.0,7.46,2.98,13.06,0.0,25.6,0.01,0.0,176.6,0.0,188.0,1.0,1.0,0.0,691.0,0.0,0.0,0.0,0.0,1.4,0.0,32.9,32.3,0.8,3.4,425.4,0.0,10.95,19.4,23.6,23.4,25.0,23.3,24.2,27.8,25.7,25.6,27.9,31.0,25.3,28.8,27.8,27.4,29.0,29.0,25.0,0.0,0.0,0.0,3.0,4.0,4.0,0.0,24.0,25.0,25.0,58.0,94.0,94.0,28.0,28.0,300.0,0.0,0.0,0.0,0.0,0.0,0.0,0.0,0.0,0.0
0.0,173.99,86.0,86.0,86.0,8.56,3.14,13.46,0.0,25.4,0.01,0.0,176.6,0.0,188.0,1.0,1.0,0.0,690.0,0.0,0.0,0.0,0.0,1.2,0.0,31.5,30.3,0.7,3.3,425.4,0.0,10.95,20.2,23.7,23.6,25.0,23.3,24.4,27.8,25.7,25.7,27.9,31.0,25.3,28.8,27.6,27.4,27.0,27.0,25.0,0.0,0.0,0.0,3.0,4.0,4.0,0.0,24.0,25.0,25.0,58.0,94.0,94.0,28.0,28.0,300.0,0.0,0.0,0.0,0.0,0.0,0.0,0.0,0.0,0.0
0.0,173.99,86.0,86.0,86.0,8.34,2.96,13.12,0.0,25.7,0.01,0.0,176.6,0.0,187.0,1.0,1.0,0.0,690.0,0.0,0.0,0.0,0.0,1.4,0.0,31.2,30.3,0.7,3.3,425.4,0.0,10.95,20.2,23.7,23.6,25.0,23.3,24.3,27.8,25.7,25.7,27.9,31.0,25.3,28.8,27.6,27.4,27.0,27.0,25.0,0.0,0.0,0.0,3.0,4.0,4.0,0.0,24.0,25.0,25.0,58.0,94.0,94.0,28.0,28.0,300.0,0.0,0.0,0.0,0.0,0.0,0.0,0.0,0.0,0.0
0.0,173.99,86.0,86.0,86.0,8.38,3.2,13.08,0.0,25.7,0.01,0.0,176.6,0.0,187.0,1.0,1.0,0.0,690.0,0.0,0.0,0.0,0.0,1.6,0.0,31.8,30.7,0.7,3.3,425.4,0.0,10.95,20.2,23.7,23.6,25.0,23.3,24.4,27.8,25.7,25.7,27.9,31.0,25.3,28.9,27.6,27.4,27.0,27.0,25.0,0.0,0.0,0.0,3.0,4.0,4.0,0.0,24.0,25.0,25.0,58.0,93.0,94.0,28.0,28.0,300.0,0.0,0.0,0.0,0.0,0.0,0.0,0.0,0.0,0.0
0.0,200.48,86.0,86.0,86.0,11.0,1.84,12.66,0.01,-45.8,0.01,0.0,176.5,1.0,259.0,1.0,1.0,0.0,690.0,0.0,0.0,0.0,0.0,1.5,0.0,32.2,31.1,0.8,3.3,425.4,0.0,10.95,18.6,23.7,23.6,25.0,23.3,24.4,27.8,25.9,25.9,27.8,30.9,25.3,28.9,27.6,27.4,28.0,28.0,25.0,0.0,0.0,0.0,3.0,4.0,4.0,0.0,24.0,25.0,25.0,58.0,93.0,93.0,28.0,28.0,300.0,0.0,0.0,0.0,0.0,0.0,0.0,0.0,0.0,0.0
0.0,173.99,86.0,86.0,86.0,8.74,3.22,13.46,0.0,25.7,0.01,0.0,176.6,0.0,188.0,1.0,1.0,0.0,690.0,0.0,0.0,0.0,0.0,0.9,0.0,31.6,30.6,0.7,3.3,425.4,0.0,10.95,20.2,23.7,23.6,25.0,23.3,24.4,27.8,25.7,25.7,27.9,31.0,25.3,28.9,27.6,27.4,27.0,27.0,25.0,0.0,0.0,0.0,3.0,4.0,4.0,0.0,24.0,25.0,25.0,58.0,93.0,94.0,28.0,28.0,300.0,0.0,0.0,0.0,0.0,0.0,0.0,0.0,0.0,0.0
0.0,173.99,86.0,86.0,86.0,8.5,3.06,13.58,0.0,26.6,0.0,0.0,176.6,0.0,187.0,1.0,1.0,0.0,690.0,0.0,0.0,0.0,0.0,0.9,0.0,30.8,29.7,0.7,3.3,425.4,0.0,10.95,20.0,23.7,23.4,25.0,23.3,24.2,27.8,25.7,25.7,27.9,31.0,25.3,28.8,27.7,27.4,27.0,27.0,25.0,0.0,0.0,0.0,3.0,4.0,4.0,0.0,24.0,25.0,25.0,58.0,94.0,94.0,28.0,28.0,300.0,0.0,0.0,0.0,0.0,0.0,0.0,0.0,0.0,0.0
0.05,200.02,86.0,86.0,86.0,10.68,1.72,12.92,0.08,-56.8,0.01,0.01,176.5,0.8,260.0,1.0,1.0,0.0,690.0,0.0,0.0,0.0,0.0,1.2,0.0,32.2,31.0,0.8,3.3,425.4,0.0,10.95,18.7,23.7,23.6,25.0,23.3,24.4,27.8,25.9,25.9,27.8,30.9,25.3,28.9,27.6,27.4,28.0,28.0,25.0,0.0,0.0,0.0,3.0,4.0,4.0,0.0,24.0,25.0,25.0,58.0,93.0,93.0,28.0,28.0,300.0,0.0,0.0,0.0,0.0,0.0,0.0,0.0,0.0,0.0
0.0,173.99,86.0,86.0,86.0,8.18,2.9,12.88,0.0,23.9,0.01,0.01,176.6,0.0,188.0,1.0,1.0,0.0,690.0,0.0,0.0,0.0,0.0,1.5,0.0,31.5,30.3,0.7,3.3,425.4,0.0,10.95,20.2,23.7,23.6,25.0,23.3,24.4,27.8,25.7,25.7,27.9,31.0,25.3,28.8,27.6,27.4,27.0,27.0,25.0,0.0,0.0,0.0,3.0,4.0,4.0,0.0,24.0,25.0,25.0,58.0,94.0,94.0,28.0,28.0,300.0,0.0,0.0,0.0,0.0,0.0,0.0,0.0,0.0,0.0
0.0,173.99,86.0,86.0,86.0,8.08,3.0,13.04,0.0,25.6,0.0,0.01,176.6,0.0,188.0,1.0,1.0,0.0,690.0,0.0,0.0,0.0,0.0,1.0,0.0,33.0,32.5,0.8,3.4,425.4,0.0,10.95,19.4,23.6,23.4,24.9,23.3,24.2,27.8,25.7,25.6,27.9,31.0,25.3,28.8,27.8,27.4,29.0,29.0,25.0,0.0,0.0,0.0,3.0,4.0,4.0,0.0,24.0,25.0,25.0,58.0,94.0,94.0,28.0,28.0,300.0,0.0,0.0,0.0,0.0,0.0,0.0,0.0,0.0,0.0
0.0,200.48,86.0,86.0,86.0,11.92,1.8,12.94,0.0,-47.3,0.01,0.0,176.5,0.0,260.0,1.0,1.0,0.0,691.0,0.0,0.0,0.0,0.0,1.3,0.0,32.2,31.1,0.7,3.3,425.4,0.0,10.95,18.0,23.7,23.6,25.0,23.4,24.4,27.8,25.9,25.9,27.8,30.9,25.4,28.8,27.6,27.4,28.0,28.0,25.0,0.0,0.0,0.0,3.0,4.0,4.0,0.0,24.0,25.0,25.0,59.0,93.0,93.0,28.0,28.0,300.0,0.0,0.0,0.0,0.0,0.0,0.0,0.0,0.0,0.0
0.0,173.99,86.0,86.0,86.0,8.54,2.96,13.08,0.0,27.4,0.0,0.01,176.6,0.0,186.0,1.0,1.0,0.0,691.0,0.0,0.0,0.0,0.0,1.3,0.0,31.1,30.0,0.7,3.3,425.4,0.0,10.95,19.7,23.7,23.5,25.0,23.3,24.2,27.8,25.7,25.7,27.9,31.0,25.3,28.8,27.7,27.4,27.0,27.0,25.0,0.0,0.0,0.0,3.0,4.0,4.0,0.0,24.0,25.0,25.0,58.0,94.0,94.0,28.0,28.0,300.0,0.0,0.0,0.0,0.0,0.0,0.0,0.0,0.0,0.0
0.0,173.99,86.0,86.0,86.0,8.6,3.1,13.18,0.0,25.6,0.0,0.0,176.6,0.0,188.0,1.0,1.0,0.0,690.0,0.0,0.0,0.0,0.0,1.6,0.0,31.8,31.5,0.7,3.3,425.4,0.0,10.95,19.6,23.6,23.4,25.0,23.3,24.2,27.8,25.7,25.6,27.9,31.0,25.3,28.8,27.8,27.4,28.0,28.0,25.0,0.0,0.0,0.0,3.0,4.0,4.0,0.0,24.0,25.0,25.0,58.0,94.0,94.0,28.0,28.0,300.0,0.0,0.0,0.0,0.0,0.0,0.0,0.0,0.0,0.0
0.0,173.99,86.0,86.0,86.0,8.5,2.98,13.16,0.0,26.5,0.0,0.0,176.6,0.0,186.0,1.0,1.0,0.0,690.0,0.0,0.0,0.0,0.0,1.4,0.0,31.1,30.2,0.7,3.3,425.4,0.0,10.95,19.9,23.7,23.6,25.0,23.3,24.3,27.8,25.7,25.7,27.9,31.0,25.3,28.8,27.7,27.4,27.0,27.0,25.0,0.0,0.0,0.0,3.0,4.0,4.0,0.0,24.0,25.0,25.0,58.0,94.0,94.0,28.0,28.0,300.0,0.0,0.0,0.0,0.0,0.0,0.0,0.0,0.0,0.0
0.0,173.99,86.0,86.0,86.0,8.52,3.18,13.02,0.0,25.6,0.0,0.0,176.6,0.0,187.0,1.0,1.0,0.0,690.0,0.0,0.0,0.0,0.0,1.2,0.0,30.6,29.4,0.7,3.3,425.4,0.0,10.95,20.0,23.7,23.4,25.0,23.3,24.2,27.8,25.7,25.7,27.9,31.0,25.3,28.8,27.8,27.4,27.0,27.0,25.0,0.0,0.0,0.0,3.0,4.0,4.0,0.0,24.0,25.0,25.0,58.0,94.0,94.0,28.0,28.0,300.0,0.0,0.0,0.0,0.0,0.0,0.0,0.0,0.0,0.0
0.0,173.99,86.0,86.0,86.0,8.74,3.14,13.72,0.0,27.4,0.0,0.01,176.6,0.0,186.0,1.0,1.0,0.0,691.0,0.0,0.0,0.0,0.0,1.3,0.0,31.1,30.0,0.7,3.3,425.4,0.0,10.95,19.8,23.7,23.5,25.0,23.3,24.2,27.8,25.7,25.7,27.9,31.0,25.3,28.8,27.6,27.4,27.0,27.0,25.0,0.0,0.0,0.0,3.0,4.0,4.0,0.0,24.0,25.0,25.0,58.0,94.0,94.0,28.0,28.0,300.0,0.0,0.0,0.0,0.0,0.0,0.0,0.0,0.0,0.0
0.0,173.99,86.0,86.0,86.0,8.5,2.9,13.34,0.0,25.8,0.0,0.0,176.6,0.0,186.0,1.0,1.0,0.0,690.0,0.0,0.0,0.0,0.0,1.1,0.0,31.3,30.1,0.7,3.3,425.4,0.0,10.95,20.0,23.7,23.6,25.0,23.3,24.3,27.8,25.7,25.7,27.9,31.0,25.3,28.8,27.7,27.4,27.0,27.0,25.0,0.0,0.0,0.0,3.0,4.0,4.0,0.0,24.0,25.0,25.0,58.0,94.0,94.0,28.0,28.0,300.0,0.0,0.0,0.0,0.0,0.0,0.0,0.0,0.0,0.0
0.0,173.99,86.0,86.0,86.0,8.36,3.24,13.46,0.0,25.7,0.01,0.01,176.6,0.0,187.0,1.0,1.0,0.0,690.0,0.0,0.0,0.0,0.0,1.3,0.0,31.3,30.1,0.7,3.3,425.4,0.0,10.95,20.2,23.7,23.6,25.0,23.3,24.3,27.8,25.7,25.7,27.9,31.0,25.3,28.8,27.6,27.4,27.0,27.0,25.0,0.0,0.0,0.0,3.0,4.0,4.0,0.0,24.0,25.0,25.0,58.0,94.0,94.0,28.0,28.0,300.0,0.0,0.0,0.0,0.0,0.0,0.0,0.0,0.0,0.0
0.14,193.5,86.0,86.0,86.0,10.66,0.08,13.6,0.1,-70.9,0.01,0.0,176.5,0.0,254.0,1.0,1.0,0.0,690.0,0.0,0.0,0.0,0.0,1.5,0.0,32.1,31.1,0.8,3.4,425.4,0.0,10.95,18.7,23.7,23.6,25.0,23.4,24.4,27.8,25.9,25.9,27.8,30.9,25.3,28.9,27.6,27.4,28.0,28.0,25.0,0.0,0.0,0.0,3.0,4.0,4.0,0.0,24.0,25.0,25.0,58.0,93.0,93.0,28.0,28.0,300.0,0.0,0.0,0.0,0.0,0.0,0.0,0.0,0.0,0.0
0.0,173.99,86.0,86.0,86.0,8.38,3.04,13.56,0.0,25.6,0.01,0.01,176.6,0.0,187.0,1.0,1.0,0.0,690.0,0.0,0.0,0.0,0.0,1.3,0.0,30.7,29.8,0.7,3.3,425.4,0.0,10.95,20.0,23.7,23.4,25.0,23.3,24.2,27.8,25.7,25.7,27.9,31.0,25.3,28.8,27.7,27.4,27.0,27.0,25.0,0.0,0.0,0.0,3.0,4.0,4.0,0.0,24.0,25.0,25.0,58.0,94.0,94.0,28.0,28.0,300.0,0.0,0.0,0.0,0.0,0.0,0.0,0.0,0.0,0.0
0.0,200.48,86.0,86.0,86.0,11.66,2.0,12.7,0.0,-49.1,0.01,0.01,176.5,0.0,260.0,1.0,1.0,0.0,691.0,0.0,0.0,0.0,0.0,1.3,0.0,32.3,31.3,0.8,3.4,425.4,0.0,10.95,18.3,23.7,23.6,25.0,23.3,24.4,27.8,25.9,25.9,27.8,30.9,25.4,28.8,27.6,27.4,28.0,28.0,25.0,0.0,0.0,0.0,3.0,4.0,4.0,0.0,24.0,25.0,25.0,59.0,93.0,93.0,28.0,28.0,300.0,0.0,0.0,0.0,0.0,0.0,0.0,0.0,0.0,0.0
0.0,200.48,86.0,86.0,86.0,11.12,1.82,12.58,0.01,-44.6,0.0,0.0,176.5,0.0,259.0,1.0,1.0,0.0,690.0,0.0,0.0,0.0,0.0,1.1,0.0,32.2,31.0,0.7,3.3,425.4,0.0,10.95,18.6,23.7,23.6,25.0,23.3,24.4,27.8,25.9,25.9,27.8,30.9,25.4,28.8,27.6,27.4,28.0,28.0,25.0,0.0,0.0,0.0,3.0,4.0,4.0,0.0,24.0,25.0,25.0,58.0,93.0,93.0,28.0,28.0,300.0,0.0,0.0,0.0,0.0,0.0,0.0,0.0,0.0,0.0
0.0,200.48,86.0,86.0,86.0,12.72,1.84,12.96,0.0,-65.7,0.01,0.0,176.5,0.0,267.0,1.0,1.0,0.0,691.0,0.0,0.0,0.0,0.0,1.5,0.0,32.6,31.2,0.8,3.3,425.4,0.0,10.95,17.9,23.7,23.6,25.0,23.4,24.5,27.8,25.9,25.9,27.8,30.9,25.4,28.8,27.6,27.4,28.0,28.0,25.0,0.0,0.0,0.0,3.0,4.0,4.0,0.0,24.0,25.0,25.0,59.0,93.0,93.0,28.0,28.0,300.0,0.0,0.0,0.0,0.0,0.0,0.0,0.0,0.0,0.0
0.0,174.24,86.0,86.0,86.0,8.82,3.38,13.44,0.0,-19.2,0.01,0.0,176.5,0.0,209.0,1.0,1.0,0.0,690.0,0.0,0.0,0.0,0.0,1.1,0.0,32.0,30.9,0.8,3.3,425.4,0.0,10.95,20.0,23.7,23.6,25.0,23.3,24.4,27.8,25.8,25.9,27.8,30.9,25.3,28.9,27.6,27.4,28.0,28.0,25.0,0.0,0.0,0.0,3.0,4.0,4.0,0.0,24.0,25.0,25.0,58.0,93.0,93.0,28.0,28.0,300.0,0.0,0.0,0.0,0.0,0.0,0.0,0.0,0.0,0.0
0.0,200.48,86.0,86.0,86.0,12.54,1.9,12.68,0.0,-63.8,0.01,0.0,176.5,1.0,265.0,1.0,1.0,0.0,691.0,0.0,0.0,0.0,0.0,1.2,0.0,32.5,31.3,0.8,3.4,425.4,0.0,10.95,17.9,23.7,23.6,25.0,23.3,24.5,27.8,25.9,25.9,27.8,30.9,25.4,28.8,27.6,27.4,28.0,28.0,25.0,0.0,0.0,0.0,3.0,4.0,4.0,0.0,24.0,25.0,25.0,59.0,93.0,93.0,28.0,28.0,300.0,0.0,0.0,0.0,0.0,0.0,0.0,0.0,0.0,0.0
0.0,173.99,86.0,86.0,86.0,8.24,3.28,13.0,0.0,25.6,0.01,0.01,176.6,0.0,187.0,1.0,1.0,0.0,691.0,0.0,0.0,0.0,0.0,1.1,0.0,30.7,29.7,0.7,3.3,425.4,0.0,10.95,20.0,23.7,23.4,25.0,23.3,24.2,27.8,25.7,25.7,27.9,31.0,25.3,28.8,27.7,27.4,27.0,27.0,25.0,0.0,0.0,0.0,3.0,4.0,4.0,0.0,24.0,25.0,25.0,58.0,94.0,94.0,28.0,28.0,300.0,0.0,0.0,0.0,0.0,0.0,0.0,0.0,0.0,0.0
0.0,173.99,86.0,86.0,86.0,8.62,3.18,13.02,0.0,25.6,0.0,0.0,176.6,0.0,188.0,1.0,1.0,0.0,690.0,0.0,0.0,0.0,0.0,1.3,0.0,30.9,30.4,0.7,3.3,425.4,0.0,10.95,19.9,23.7,23.4,25.0,23.3,24.2,27.8,25.7,25.7,27.9,31.0,25.3,28.8,27.8,27.4,27.0,27.0,25.0,0.0,0.0,0.0,3.0,4.0,4.0,0.0,24.0,25.0,25.0,58.0,94.0,94.0,28.0,28.0,300.0,0.0,0.0,0.0,0.0,0.0,0.0,0.0,0.0,0.0
0.0,173.99,86.0,86.0,86.0,8.72,2.98,13.28,0.0,25.6,0.01,0.0,176.6,0.0,188.0,1.0,1.0,0.0,690.0,0.0,0.0,0.0,0.0,1.8,0.0,31.6,31.4,0.7,3.3,425.4,0.0,10.95,19.6,23.6,23.4,25.0,23.3,24.2,27.8,25.7,25.6,27.9,31.0,25.3,28.8,27.8,27.4,28.0,28.0,25.0,0.0,0.0,0.0,3.0,4.0,4.0,0.0,24.0,25.0,25.0,58.0,94.0,94.0,28.0,28.0,300.0,0.0,0.0,0.0,0.0,0.0,0.0,0.0,0.0,0.0
0.0,173.99,86.0,86.0,86.0,8.68,2.9,13.36,0.0,27.4,0.01,0.0,176.6,0.0,186.0,1.0,1.0,0.0,691.0,0.0,0.0,0.0,0.0,1.2,0.0,31.0,29.9,0.7,3.3,425.4,0.0,10.95,19.8,23.7,23.5,25.0,23.3,24.3,27.8,25.7,25.7,27.9,31.0,25.3,28.8,27.6,27.4,27.0,27.0,25.0,0.0,0.0,0.0,3.0,4.0,4.0,0.0,24.0,25.0,25.0,58.0,94.0,94.0,28.0,28.0,300.0,0.0,0.0,0.0,0.0,0.0,0.0,0.0,0.0,0.0
0.0,173.99,86.0,86.0,86.0,8.52,3.26,13.32,0.0,-11.0,0.01,0.0,176.5,0.0,206.0,1.0,1.0,0.0,690.0,0.0,0.0,0.0,0.0,1.0,0.0,32.0,30.9,0.8,3.3,425.4,0.0,10.95,20.1,23.7,23.6,25.0,23.3,24.4,27.8,25.8,25.8,27.8,30.9,25.3,28.9,27.6,27.4,28.0,28.0,25.0,0.0,0.0,0.0,3.0,4.0,4.0,0.0,24.0,25.0,25.0,58.0,93.0,93.0,28.0,28.0,300.0,0.0,0.0,0.0,0.0,0.0,0.0,0.0,0.0,0.0
0.0,173.99,86.0,86.0,86.0,8.6,3.18,13.16,0.0,26.7,0.01,0.0,176.6,0.0,187.0,1.0,1.0,0.0,690.0,0.0,0.0,0.0,0.0,1.1,0.0,30.9,29.9,0.7,3.3,425.4,0.0,10.95,20.0,23.7,23.4,25.0,23.3,24.2,27.8,25.7,25.7,27.9,31.0,25.3,28.8,27.7,27.4,27.0,27.0,25.0,0.0,0.0,0.0,3.0,4.0,4.0,0.0,24.0,25.0,25.0,58.0,94.0,94.0,28.0,28.0,300.0,0.0,0.0,0.0,0.0,0.0,0.0,0.0,0.0,0.0
0.0,200.48,86.0,86.0,86.0,12.3,1.84,12.88,0.0,-60.3,0.0,0.0,176.5,1.8,264.0,1.0,1.0,0.0,691.0,0.0,0.0,0.0,0.0,1.3,0.0,32.4,31.3,0.8,3.4,425.4,0.0,10.95,18.0,23.7,23.6,25.0,23.3,24.4,27.8,25.9,25.9,27.8,30.9,25.4,28.8,27.6,27.4,28.0,28.0,25.0,0.0,0.0,0.0,3.0,4.0,4.0,0.0,24.0,25.0,25.0,59.0,93.0,93.0,28.0,28.0,300.0,0.0,0.0,0.0,0.0,0.0,0.0,0.0,0.0,0.0
0.0,200.48,86.0,86.0,86.0,11.32,1.84,12.7,0.0,-47.4,0.01,0.0,176.5,0.5,260.0,1.0,1.0,0.0,691.0,0.0,0.0,0.0,0.0,1.9,0.0,32.3,31.1,0.7,3.3,425.4,0.0,10.95,18.5,23.7,23.6,25.0,23.3,24.4,27.8,25.9,25.9,27.8,30.9,25.4,28.8,27.6,27.4,28.0,28.0,25.0,0.0,0.0,0.0,3.0,4.0,4.0,0.0,24.0,25.0,25.0,58.0,93.0,93.0,28.0,28.0,300.0,0.0,0.0,0.0,0.0,0.0,0.0,0.0,0.0,0.0
0.0,173.99,86.0,86.0,86.0,8.32,3.18,12.88,0.0,25.7,0.01,0.01,176.6,0.0,188.0,1.0,1.0,0.0,690.0,0.0,0.0,0.0,0.0,1.2,0.0,31.6,30.5,0.7,3.3,425.4,0.0,10.95,20.2,23.7,23.6,25.0,23.3,24.4,27.8,25.7,25.7,27.9,31.0,25.3,28.9,27.6,27.4,27.0,27.0,25.0,0.0,0.0,0.0,3.0,4.0,4.0,0.0,24.0,25.0,25.0,58.0,93.0,93.0,28.0,28.0,300.0,0.0,0.0,0.0,0.0,0.0,0.0,0.0,0.0,0.0
0.14,186.98,86.0,86.0,86.0,8.52,2.3,13.68,0.06,-52.4,0.01,0.0,176.5,1.5,245.0,1.0,1.0,0.0,690.0,0.0,0.0,0.0,0.0,1.5,0.0,32.2,30.9,0.8,3.3,425.4,0.0,10.95,18.9,23.7,23.6,25.0,23.3,24.4,27.8,25.9,25.9,27.8,30.9,25.3,28.9,27.6,27.4,28.0,28.0,25.0,0.0,0.0,0.0,3.0,4.0,4.0,0.0,24.0,25.0,25.0,58.0,93.0,93.0,28.0,28.0,300.0,0.0,0.0,0.0,0.0,0.0,0.0,0.0,0.0,0.0
0.0,173.99,86.0,86.0,86.0,7.82,3.26,13.08,0.0,25.6,0.01,0.01,176.6,0.0,188.0,1.0,1.0,0.0,690.0,0.0,0.0,0.0,0.0,1.2,0.0,32.8,32.3,0.7,3.3,425.4,0.0,10.95,19.4,23.6,23.4,25.0,23.3,24.2,27.8,25.7,25.6,27.9,31.0,25.3,28.8,27.8,27.4,29.0,29.0,25.0,0.0,0.0,0.0,3.0,4.0,4.0,0.0,24.0,25.0,25.0,58.0,94.0,94.0,28.0,28.0,300.0,0.0,0.0,0.0,0.0,0.0,0.0,0.0,0.0,0.0
0.03,200.27,86.0,86.0,86.0,10.94,1.8,12.72,0.09,-54.2,0.0,0.0,176.5,1.4,260.0,1.0,1.0,0.0,690.0,0.0,0.0,0.0,0.0,2.1,0.0,32.2,31.2,0.8,3.4,425.4,0.0,10.95,18.6,23.7,23.6,25.0,23.3,24.4,27.8,25.9,25.9,27.8,30.9,25.3,28.9,27.6,27.4,28.0,28.0,25.0,0.0,0.0,0.0,3.0,4.0,4.0,0.0,24.0,25.0,25.0,58.0,93.0,93.0,28.0,28.0,300.0,0.0,0.0,0.0,0.0,0.0,0.0,0.0,0.0,0.0
0.0,173.99,86.0,86.0,86.0,8.46,3.24,13.16,0.0,27.4,0.01,0.01,176.6,0.0,187.0,1.0,1.0,0.0,690.0,0.0,0.0,0.0,0.0,1.3,0.0,30.9,29.8,0.7,3.3,425.4,0.0,10.95,19.9,23.6,23.5,25.0,23.3,24.2,27.8,25.7,25.7,27.9,31.0,25.3,28.8,27.7,27.4,27.0,27.0,25.0,0.0,0.0,0.0,3.0,4.0,4.0,0.0,24.0,25.0,25.0,58.0,94.0,94.0,28.0,28.0,300.0,0.0,0.0,0.0,0.0,0.0,0.0,0.0,0.0,0.0
0.0,200.48,86.0,86.0,86.0,12.46,1.9,12.84,0.0,-58.9,0.01,0.0,176.5,1.7,263.0,1.0,1.0,0.0,691.0,0.0,0.0,0.0,0.0,1.6,0.0,32.4,31.5,0.8,3.3,425.4,0.0,10.95,18.0,23.7,23.6,25.0,23.3,24.4,27.8,25.9,25.9,27.8,30.9,25.4,28.8,27.6,27.4,28.0,28.0,25.0,0.0,0.0,0.0,3.0,4.0,4.0,0.0,24.0,25.0,25.0,59.0,93.0,93.0,28.0,28.0,300.0,0.0,0.0,0.0,0.0,0.0,0.0,0.0,0.0,0.0
0.0,173.99,86.0,86.0,86.0,8.34,2.98,13.46,0.0,27.4,0.01,0.0,176.6,0.0,186.0,1.0,1.0,0.0,690.0,0.0,0.0,0.0,0.0,1.2,0.0,31.2,30.2,0.7,3.3,425.4,0.0,10.95,19.8,23.7,23.5,25.0,23.3,24.3,27.8,25.7,25.7,27.9,31.0,25.3,28.8,27.6,27.4,27.0,27.0,25.0,0.0,0.0,0.0,3.0,4.0,4.0,0.0,24.0,25.0,25.0,58.0,94.0,94.0,28.0,28.0,300.0,0.0,0.0,0.0,0.0,0.0,0.0,0.0,0.0,0.0
0.0,173.99,86.0,86.0,86.0,8.42,2.96,13.5,0.0,27.4,0.01,0.0,176.6,0.0,186.0,1.0,1.0,0.0,691.0,0.0,0.0,0.0,0.0,1.4,0.0,31.0,29.9,0.7,3.3,425.4,0.0,10.95,19.8,23.7,23.5,25.0,23.3,24.2,27.8,25.7,25.7,27.9,31.0,25.3,28.8,27.6,27.4,27.0,27.0,25.0,0.0,0.0,0.0,3.0,4.0,4.0,0.0,24.0,25.0,25.0,58.0,94.0,94.0,28.0,28.0,300.0,0.0,0.0,0.0,0.0,0.0,0.0,0.0,0.0,0.0
0.0,173.99,86.0,86.0,86.0,8.76,3.46,13.06,0.0,25.6,0.01,0.0,176.6,0.0,188.0,1.0,1.0,0.0,690.0,0.0,0.0,0.0,0.0,1.2,0.0,32.2,31.9,0.8,3.3,425.4,0.0,10.95,19.5,23.6,23.4,25.0,23.3,24.2,27.8,25.7,25.6,27.9,31.0,25.3,28.8,27.8,27.4,29.0,29.0,25.0,0.0,0.0,0.0,3.0,4.0,4.0,0.0,24.0,25.0,25.0,58.0,94.0,94.0,28.0,28.0,300.0,0.0,0.0,0.0,0.0,0.0,0.0,0.0,0.0,0.0
0.0,173.99,86.0,86.0,86.0,8.38,3.12,13.1,0.0,27.4,0.01,0.0,176.5,0.0,186.0,1.0,1.0,0.0,691.0,0.0,0.0,0.0,0.0,1.2,0.0,31.0,30.1,0.7,3.3,425.4,0.0,10.95,19.7,23.7,23.5,25.0,23.3,24.2,27.8,25.7,25.7,27.9,31.0,25.3,28.8,27.6,27.4,27.0,27.0,25.0,0.0,0.0,0.0,3.0,4.0,4.0,0.0,24.0,25.0,25.0,58.0,94.0,94.0,28.0,28.0,300.0,0.0,0.0,0.0,0.0,0.0,0.0,0.0,0.0,0.0
0.0,173.99,86.0,86.0,86.0,7.78,3.12,13.84,0.0,25.7,0.01,0.0,176.6,0.0,188.0,1.0,1.0,0.0,690.0,0.0,0.0,0.0,0.0,1.6,0.0,31.6,30.5,0.7,3.3,425.4,0.0,10.95,20.1,23.7,23.6,25.0,23.3,24.4,27.8,25.7,25.7,27.9,31.0,25.3,28.8,27.6,27.4,27.0,27.0,25.0,0.0,0.0,0.0,3.0,4.0,4.0,0.0,24.0,25.0,25.0,58.0,94.0,94.0,28.0,28.0,300.0,0.0,0.0,0.0,0.0,0.0,0.0,0.0,0.0,0.0
0.0,200.48,86.0,86.0,86.0,11.58,2.02,12.52,0.0,-47.6,0.01,0.0,176.5,0.0,261.0,1.0,1.0,0.0,691.0,0.0,0.0,0.0,0.0,1.5,0.0,32.2,31.2,0.8,3.4,425.4,0.0,10.95,18.1,23.7,23.6,25.0,23.3,24.4,27.8,25.9,25.9,27.8,30.9,25.4,28.8,27.6,27.4,28.0,28.0,25.0,0.0,0.0,0.0,3.0,4.0,4.0,0.0,24.0,25.0,25.0,59.0,93.0,93.0,28.0,28.0,300.0,0.0,0.0,0.0,0.0,0.0,0.0,0.0,0.0,0.0
0.0,173.99,86.0,86.0,86.0,8.74,3.34,13.32,0.0,25.6,0.02,0.0,176.6,0.0,188.0,1.0,1.0,0.0,690.0,0.0,0.0,0.0,0.0,1.5,0.0,31.1,30.6,0.7,3.3,425.4,0.0,10.95,19.8,23.7,23.4,25.0,23.3,24.2,27.8,25.7,25.6,27.9,31.0,25.3,28.8,27.8,27.4,27.0,28.0,25.0,0.0,0.0,0.0,3.0,4.0,4.0,0.0,24.0,25.0,25.0,58.0,94.0,94.0,28.0,28.0,300.0,0.0,0.0,0.0,0.0,0.0,0.0,0.0,0.0,0.0
0.0,200.48,86.0,86.0,86.0,11.38,1.84,12.84,0.02,-43.4,0.01,0.0,176.5,0.0,259.0,1.0,1.0,0.0,690.0,0.0,0.0,0.0,0.0,1.5,0.0,32.3,31.1,0.7,3.3,425.4,0.0,10.95,18.6,23.7,23.6,25.0,23.3,24.4,27.8,25.9,25.9,27.8,30.9,25.3,28.8,27.6,27.4,28.0,28.0,25.0,0.0,0.0,0.0,3.0,4.0,4.0,0.0,24.0,25.0,25.0,58.0,93.0,93.0,28.0,28.0,300.0,0.0,0.0,0.0,0.0,0.0,0.0,0.0,0.0,0.0
0.0,173.99,86.0,86.0,86.0,8.5,3.02,13.42,0.0,23.9,0.0,0.0,176.6,0.0,188.0,1.0,1.0,0.0,690.0,0.0,0.0,0.0,0.0,1.2,0.0,31.4,30.4,0.7,3.3,425.4,0.0,10.95,20.2,23.7,23.6,25.0,23.3,24.4,27.8,25.7,25.7,27.9,31.0,25.3,28.8,27.6,27.4,27.0,27.0,25.0,0.0,0.0,0.0,3.0,4.0,4.0,0.0,24.0,25.0,25.0,58.0,94.0,94.0,28.0,28.0,300.0,0.0,0.0,0.0,0.0,0.0,0.0,0.0,0.0,0.0
0.0,173.99,86.0,86.0,86.0,8.52,2.74,13.28,0.0,25.6,0.01,0.0,176.5,0.0,188.0,1.0,1.0,0.0,690.0,0.0,0.0,0.0,0.0,1.1,0.0,31.6,30.5,0.7,3.3,425.4,0.0,10.95,20.2,23.7,23.6,25.0,23.3,24.4,27.8,25.7,25.7,27.9,31.0,25.3,28.8,27.6,27.4,27.0,27.0,25.0,0.0,0.0,0.0,3.0,4.0,4.0,0.0,24.0,25.0,25.0,58.0,94.0,94.0,28.0,28.0,300.0,0.0,0.0,0.0,0.0,0.0,0.0,0.0,0.0,0.0
0.0,173.99,86.0,86.0,86.0,8.6,3.32,13.16,0.0,24.1,0.01,0.01,176.5,0.0,188.0,1.0,1.0,0.0,690.0,0.0,0.0,0.0,0.0,1.4,0.0,31.8,30.7,0.8,3.3,425.4,0.0,10.95,20.2,23.7,23.6,25.0,23.3,24.4,27.8,25.7,25.8,27.8,30.9,25.3,28.9,27.6,27.4,27.0,28.0,25.0,0.0,0.0,0.0,3.0,4.0,4.0,0.0,24.0,25.0,25.0,58.0,93.0,93.0,28.0,28.0,300.0,0.0,0.0,0.0,0.0,0.0,0.0,0.0,0.0,0.0
0.09,179.75,86.0,86.0,86.0,8.54,3.14,13.3,0.0,-55.4,0.02,0.01,176.5,1.7,235.0,1.0,1.0,0.0,690.0,0.0,0.0,0.0,0.0,1.4,0.0,32.2,31.1,0.7,3.3,425.4,0.0,10.95,19.3,23.7,23.6,25.0,23.3,24.4,27.8,25.9,25.9,27.8,30.9,25.3,28.9,27.6,27.4,28.0,28.0,25.0,0.0,0.0,0.0,3.0,4.0,4.0,0.0,24.0,25.0,25.0,58.0,93.0,93.0,28.0,28.0,300.0,0.0,0.0,0.0,0.0,0.0,0.0,0.0,0.0,0.0
0.0,173.99,86.0,86.0,86.0,8.7,3.12,13.34,0.0,25.6,0.01,0.0,176.6,0.0,187.0,1.0,1.0,0.0,690.0,0.0,0.0,0.0,0.0,0.9,0.0,30.8,29.7,0.7,3.3,425.4,0.0,10.95,20.0,23.7,23.5,25.0,23.3,24.2,27.8,25.7,25.7,27.9,31.0,25.3,28.8,27.8,27.4,27.0,27.0,25.0,0.0,0.0,0.0,3.0,4.0,4.0,0.0,24.0,25.0,25.0,58.0,94.0,94.0,28.0,28.0,300.0,0.0,0.0,0.0,0.0,0.0,0.0,0.0,0.0,0.0
0.0,173.99,86.0,86.0,86.0,8.76,3.04,13.3,0.0,25.5,0.01,0.0,176.5,0.0,188.0,1.0,1.0,0.0,690.0,0.0,0.0,0.0,0.0,1.3,0.0,31.5,30.3,0.7,3.3,425.4,0.0,10.95,20.2,23.7,23.6,25.0,23.3,24.4,27.8,25.7,25.7,27.9,31.0,25.3,28.8,27.6,27.4,27.0,27.0,25.0,0.0,0.0,0.0,3.0,4.0,4.0,0.0,24.0,25.0,25.0,58.0,94.0,94.0,28.0,28.0,300.0,0.0,0.0,0.0,0.0,0.0,0.0,0.0,0.0,0.0
0.0,173.99,86.0,86.0,86.0,8.1,3.0,13.66,0.0,-1.6,0.01,0.0,176.5,0.0,199.0,1.0,1.0,0.0,690.0,0.0,0.0,0.0,0.0,0.8,0.0,31.9,30.9,0.8,3.3,425.4,0.0,10.95,20.2,23.7,23.6,25.0,23.3,24.4,27.8,25.8,25.9,27.9,30.9,25.3,28.9,27.6,27.4,28.0,28.0,25.0,0.0,0.0,0.0,3.0,4.0,4.0,0.0,24.0,25.0,25.0,58.0,93.0,93.0,28.0,28.0,300.0,0.0,0.0,0.0,0.0,0.0,0.0,0.0,0.0,0.0
0.0,200.48,86.0,86.0,86.0,12.02,1.9,12.92,0.0,-47.2,0.0,0.0,176.5,0.2,261.0,1.0,1.0,0.0,691.0,0.0,0.0,0.0,0.0,1.3,0.0,32.4,31.2,0.8,3.3,425.4,0.0,10.95,18.0,23.7,23.6,25.0,23.3,24.4,27.8,25.9,25.9,27.8,30.9,25.4,28.8,27.6,27.4,28.0,28.0,25.0,0.0,0.0,0.0,3.0,4.0,4.0,0.0,24.0,25.0,25.0,59.0,93.0,93.0,28.0,28.0,300.0,0.0,0.0,0.0,0.0,0.0,0.0,0.0,0.0,0.0
0.0,173.99,86.0,86.0,86.0,8.38,3.02,13.16,0.0,25.6,0.02,0.0,176.6,0.0,188.0,1.0,1.0,0.0,690.0,0.0,0.0,0.0,0.0,1.2,0.0,30.5,29.7,0.7,3.3,425.4,0.0,10.95,20.0,23.6,23.4,25.0,23.3,24.2,27.8,25.7,25.7,27.9,31.0,25.3,28.8,27.8,27.4,27.0,27.0,25.0,0.0,0.0,0.0,3.0,4.0,4.0,0.0,24.0,25.0,25.0,58.0,94.0,94.0,28.0,28.0,300.0,0.0,0.0,0.0,0.0,0.0,0.0,0.0,0.0,0.0
0.0,173.99,86.0,86.0,86.0,8.16,3.04,13.22,0.0,25.6,0.01,0.01,176.5,0.0,188.0,1.0,1.0,0.0,690.0,0.0,0.0,0.0,0.0,0.8,0.0,31.7,30.3,0.7,3.3,425.4,0.0,10.95,20.2,23.7,23.6,25.0,23.3,24.4,27.8,25.7,25.7,27.9,31.0,25.3,28.8,27.6,27.4,27.0,27.0,25.0,0.0,0.0,0.0,3.0,4.0,4.0,0.0,24.0,25.0,25.0,58.0,94.0,94.0,28.0,28.0,300.0,0.0,0.0,0.0,0.0,0.0,0.0,0.0,0.0,0.0
0.0,173.99,86.0,86.0,86.0,8.54,3.2,12.94,0.0,27.4,0.0,0.0,176.6,0.0,186.0,1.0,1.0,0.0,690.0,0.0,0.0,0.0,0.0,1.0,0.0,31.2,30.1,0.7,3.3,425.4,0.0,10.95,19.8,23.7,23.5,25.0,23.3,24.3,27.8,25.7,25.7,27.9,31.0,25.3,28.8,27.6,27.4,27.0,27.0,25.0,0.0,0.0,0.0,3.0,4.0,4.0,0.0,24.0,25.0,25.0,58.0,94.0,94.0,28.0,28.0,300.0,0.0,0.0,0.0,0.0,0.0,0.0,0.0,0.0,0.0
0.0,173.99,86.0,86.0,86.0,8.76,3.18,13.22,0.0,25.6,0.01,0.0,176.6,0.0,188.0,1.0,1.0,0.0,690.0,0.0,0.0,0.0,0.0,1.6,0.0,31.2,30.7,0.7,3.3,425.4,0.0,10.95,19.7,23.7,23.4,25.0,23.3,24.2,27.8,25.7,25.6,27.9,31.0,25.3,28.8,27.8,27.4,27.0,28.0,25.0,0.0,0.0,0.0,3.0,4.0,4.0,0.0,24.0,25.0,25.0,58.0,94.0,94.0,28.0,28.0,300.0,0.0,0.0,0.0,0.0,0.0,0.0,0.0,0.0,0.0
0.14,188.5,86.0,86.0,86.0,9.3,2.22,13.26,0.06,-62.9,0.01,0.0,176.5,1.0,248.0,1.0,1.0,0.0,690.0,0.0,0.0,0.0,0.0,1.4,0.0,32.1,31.1,0.8,3.3,425.4,0.0,10.95,18.9,23.7,23.6,25.0,23.3,24.4,27.8,25.9,25.9,27.8,30.9,25.3,28.9,27.6,27.4,28.0,28.0,25.0,0.0,0.0,0.0,3.0,4.0,4.0,0.0,24.0,25.0,25.0,58.0,93.0,93.0,28.0,28.0,300.0,0.0,0.0,0.0,0.0,0.0,0.0,0.0,0.0,0.0
0.0,173.99,86.0,86.0,86.0,8.6,3.26,13.58,0.0,25.7,0.0,0.0,176.5,0.0,188.0,1.0,1.0,0.0,691.0,0.0,0.0,0.0,0.0,1.4,0.0,31.6,30.7,0.7,3.3,425.4,0.0,10.95,20.2,23.7,23.6,25.0,23.3,24.4,27.8,25.7,25.7,27.9,31.0,25.3,28.9,27.6,27.4,27.0,27.0,25.0,0.0,0.0,0.0,3.0,4.0,4.0,0.0,24.0,25.0,25.0,58.0,93.0,94.0,28.0,28.0,300.0,0.0,0.0,0.0,0.0,0.0,0.0,0.0,0.0,0.0
0.0,173.99,86.0,86.0,86.0,8.68,2.88,13.44,0.0,25.7,0.0,0.0,176.5,0.0,188.0,1.0,1.0,0.0,690.0,0.0,0.0,0.0,0.0,1.1,0.0,31.6,30.5,0.7,3.3,425.4,0.0,10.95,20.2,23.7,23.6,25.0,23.3,24.4,27.8,25.7,25.7,27.9,31.0,25.3,28.9,27.6,27.4,27.0,27.0,25.0,0.0,0.0,0.0,3.0,4.0,4.0,0.0,24.0,25.0,25.0,58.0,94.0,93.0,28.0,28.0,300.0,0.0,0.0,0.0,0.0,0.0,0.0,0.0,0.0,0.0
0.0,173.99,86.0,86.0,86.0,8.46,3.06,13.56,0.0,27.4,0.01,0.0,176.6,0.0,186.0,1.0,1.0,0.0,691.0,0.0,0.0,0.0,0.0,1.4,0.0,31.2,30.1,0.7,3.3,425.4,0.0,10.95,19.8,23.7,23.5,25.0,23.3,24.2,27.8,25.7,25.7,27.9,31.0,25.3,28.8,27.6,27.4,27.0,27.0,25.0,0.0,0.0,0.0,3.0,4.0,4.0,0.0,24.0,25.0,25.0,58.0,94.0,94.0,28.0,28.0,300.0,0.0,0.0,0.0,0.0,0.0,0.0,0.0,0.0,0.0
0.0,200.48,86.0,86.0,86.0,12.08,1.98,12.72,0.0,-47.2,0.01,0.0,176.5,0.0,261.0,1.0,1.0,0.0,691.0,0.0,0.0,0.0,0.0,1.7,0.0,32.3,31.3,0.8,3.3,425.4,0.0,10.95,18.0,23.7,23.6,25.0,23.4,24.4,27.8,25.9,25.9,27.8,30.9,25.4,28.8,27.6,27.4,28.0,28.0,25.0,0.0,0.0,0.0,3.0,4.0,4.0,0.0,24.0,25.0,25.0,59.0,93.0,93.0,28.0,28.0,300.0,0.0,0.0,0.0,0.0,0.0,0.0,0.0,0.0,0.0
0.0,173.99,86.0,86.0,86.0,8.78,2.86,13.16,0.0,25.5,0.0,0.0,176.5,0.0,188.0,1.0,1.0,0.0,690.0,0.0,0.0,0.0,0.0,1.4,0.0,31.6,30.5,0.7,3.3,425.4,0.0,10.95,20.2,23.7,23.6,25.0,23.3,24.4,27.8,25.7,25.7,27.9,31.0,25.3,28.8,27.6,27.4,27.0,27.0,25.0,0.0,0.0,0.0,3.0,4.0,4.0,0.0,24.0,25.0,25.0,58.0,94.0,94.0,28.0,28.0,300.0,0.0,0.0,0.0,0.0,0.0,0.0,0.0,0.0,0.0
0.0,173.99,86.0,86.0,86.0,8.58,3.04,13.28,0.0,25.6,0.0,0.0,176.6,0.0,188.0,1.0,1.0,0.0,690.0,0.0,0.0,0.0,0.0,1.2,0.0,30.6,30.3,0.7,3.3,425.4,0.0,10.95,19.9,23.7,23.4,25.0,23.3,24.2,27.8,25.7,25.7,27.9,31.0,25.3,28.8,27.8,27.4,27.0,27.0,25.0,0.0,0.0,0.0,3.0,4.0,4.0,0.0,24.0,25.0,25.0,58.0,94.0,94.0,28.0,28.0,300.0,0.0,0.0,0.0,0.0,0.0,0.0,0.0,0.0,0.0
0.0,173.99,86.0,86.0,86.0,8.6,3.12,13.74,0.0,25.6,0.01,0.01,176.6,0.0,187.0,1.0,1.0,0.0,690.0,0.0,0.0,0.0,0.0,1.3,0.0,30.7,29.5,0.7,3.3,425.4,0.0,10.95,20.0,23.7,23.4,25.0,23.3,24.2,27.8,25.7,25.7,27.9,31.0,25.3,28.8,27.8,27.4,27.0,27.0,25.0,0.0,0.0,0.0,3.0,4.0,4.0,0.0,24.0,25.0,25.0,58.0,94.0,94.0,28.0,28.0,300.0,0.0,0.0,0.0,0.0,0.0,0.0,0.0,0.0,0.0
0.0,173.99,86.0,86.0,86.0,8.32,3.04,13.52,0.0,25.6,0.0,0.0,176.6,0.0,187.0,1.0,1.0,0.0,690.0,0.0,0.0,0.0,0.0,0.8,0.0,30.8,29.7,0.7,3.3,425.4,0.0,10.95,20.0,23.7,23.4,25.0,23.3,24.2,27.8,25.7,25.7,27.9,31.0,25.3,28.8,27.7,27.4,27.0,27.0,25.0,0.0,0.0,0.0,3.0,4.0,4.0,0.0,24.0,25.0,25.0,58.0,94.0,94.0,28.0,28.0,300.0,0.0,0.0,0.0,0.0,0.0,0.0,0.0,0.0,0.0
0.0,173.99,86.0,86.0,86.0,8.46,3.2,13.06,0.0,25.7,0.01,0.01,176.5,0.0,188.0,1.0,1.0,0.0,690.0,0.0,0.0,0.0,0.0,0.9,0.0,31.7,30.5,0.8,3.3,425.4,0.0,10.95,20.2,23.7,23.6,25.0,23.3,24.4,27.8,25.7,25.7,27.9,31.0,25.3,28.9,27.6,27.4,27.0,27.0,25.0,0.0,0.0,0.0,3.0,4.0,4.0,0.0,24.0,25.0,25.0,58.0,94.0,93.0,28.0,28.0,300.0,0.0,0.0,0.0,0.0,0.0,0.0,0.0,0.0,0.0
0.0,173.99,86.0,86.0,86.0,8.74,3.22,13.42,0.0,25.7,0.01,0.01,176.6,0.0,188.0,1.0,1.0,0.0,691.0,0.0,0.0,0.0,0.0,1.5,0.0,31.7,30.5,0.7,3.3,425.4,0.0,10.95,20.2,23.7,23.6,25.0,23.3,24.4,27.8,25.7,25.7,27.9,31.0,25.3,28.9,27.6,27.4,27.0,27.0,25.0,0.0,0.0,0.0,3.0,4.0,4.0,0.0,24.0,25.0,25.0,58.0,93.0,93.0,28.0,28.0,300.0,0.0,0.0,0.0,0.0,0.0,0.0,0.0,0.0,0.0
0.0,173.99,86.0,86.0,86.0,8.96,3.02,13.32,0.0,25.6,0.0,0.0,176.6,0.0,188.0,1.0,1.0,0.0,690.0,0.0,0.0,0.0,0.0,1.2,0.0,31.9,31.4,0.8,3.3,425.4,0.0,10.95,19.5,23.6,23.4,24.9,23.3,24.2,27.8,25.7,25.6,27.9,31.0,25.3,28.8,27.8,27.4,28.0,28.0,25.0,0.0,0.0,0.0,3.0,4.0,4.0,0.0,24.0,25.0,25.0,58.0,94.0,94.0,28.0,28.0,300.0,0.0,0.0,0.0,0.0,0.0,0.0,0.0,0.0,0.0
0.0,173.99,86.0,86.0,86.0,8.22,3.32,13.38,0.0,25.4,0.01,0.0,176.5,0.0,187.0,1.0,1.0,0.0,690.0,0.0,0.0,0.0,0.0,1.3,0.0,31.8,30.8,0.8,3.3,425.4,0.0,10.95,20.2,23.7,23.6,25.0,23.3,24.4,27.8,25.8,25.8,27.8,30.9,25.3,28.9,27.6,27.4,27.0,28.0,25.0,0.0,0.0,0.0,3.0,4.0,4.0,0.0,24.0,25.0,25.0,58.0,93.0,94.0,28.0,28.0,300.0,0.0,0.0,0.0,0.0,0.0,0.0,0.0,0.0,0.0
0.0,173.99,86.0,86.0,86.0,8.88,3.06,13.42,0.0,25.6,-0.01,0.0,176.6,0.0,188.0,1.0,1.0,0.0,690.0,0.0,0.0,0.0,0.0,1.4,0.0,32.8,32.3,0.8,3.4,425.4,0.0,10.95,19.4,23.6,23.4,25.0,23.3,24.2,27.8,25.7,25.6,27.9,31.0,25.3,28.8,27.8,27.4,29.0,29.0,25.0,0.0,0.0,0.0,3.0,4.0,4.0,0.0,24.0,25.0,25.0,58.0,94.0,94.0,28.0,28.0,300.0,0.0,0.0,0.0,0.0,0.0,0.0,0.0,0.0,0.0
0.12,196.49,86.0,86.0,86.0,10.92,0.0,13.44,0.08,-67.6,0.02,0.01,176.5,0.0,257.0,1.0,1.0,0.0,690.0,0.0,0.0,0.0,0.0,1.2,0.0,32.3,30.9,0.8,3.4,425.4,0.0,10.95,18.7,23.7,23.6,25.0,23.3,24.4,27.8,25.9,25.9,27.8,30.9,25.3,28.9,27.6,27.4,28.0,28.0,25.0,0.0,0.0,0.0,3.0,4.0,4.0,0.0,24.0,25.0,25.0,58.0,93.0,93.0,28.0,28.0,300.0,0.0,0.0,0.0,0.0,0.0,0.0,0.0,0.0,0.0
0.0,173.99,86.0,86.0,86.0,8.6,3.0,13.72,0.0,25.6,0.01,0.0,176.6,0.0,188.0,1.0,1.0,0.0,690.0,0.0,0.0,0.0,0.0,1.2,0.0,30.8,30.2,0.7,3.3,425.4,0.0,10.95,19.8,23.7,23.4,25.0,23.3,24.2,27.8,25.7,25.6,27.9,31.0,25.3,28.8,27.8,27.4,27.0,27.0,25.0,0.0,0.0,0.0,3.0,4.0,4.0,0.0,24.0,25.0,25.0,58.0,94.0,94.0,28.0,28.0,300.0,0.0,0.0,0.0,0.0,0.0,0.0,0.0,0.0,0.0
0.0,173.99,86.0,86.0,86.0,8.02,2.84,13.46,0.0,25.7,0.01,0.0,176.6,0.0,187.0,1.0,1.0,0.0,690.0,0.0,0.0,0.0,0.0,1.2,0.0,31.9,30.7,0.7,3.3,425.4,0.0,10.95,20.1,23.7,23.6,25.0,23.3,24.4,27.8,25.7,25.7,27.9,30.9,25.3,28.9,27.6,27.4,27.0,28.0,25.0,0.0,0.0,0.0,3.0,4.0,4.0,0.0,24.0,25.0,25.0,58.0,93.0,94.0,28.0,28.0,300.0,0.0,0.0,0.0,0.0,0.0,0.0,0.0,0.0,0.0
0.0,173.99,86.0,86.0,86.0,8.26,3.0,13.38,0.0,23.9,0.01,0.01,176.6,0.0,188.0,1.0,1.0,0.0,690.0,0.0,0.0,0.0,0.0,1.9,0.0,31.6,30.4,0.8,3.3,425.4,0.0,10.95,20.2,23.7,23.6,25.0,23.3,24.4,27.8,25.7,25.7,27.9,31.0,25.3,28.8,27.6,27.4,27.0,27.0,25.0,0.0,0.0,0.0,3.0,4.0,4.0,0.0,24.0,25.0,25.0,58.0,94.0,94.0,28.0,28.0,300.0,0.0,0.0,0.0,0.0,0.0,0.0,0.0,0.0,0.0
0.0,173.99,86.0,86.0,86.0,8.44,3.12,13.16,0.0,25.6,0.0,0.0,176.6,0.0,188.0,1.0,1.0,0.0,690.0,0.0,0.0,0.0,0.0,1.0,0.0,31.4,30.9,0.7,3.3,425.4,0.0,10.95,19.7,23.6,23.4,25.0,23.3,24.2,27.8,25.7,25.6,27.9,31.0,25.3,28.8,27.8,27.4,28.0,28.0,25.0,0.0,0.0,0.0,3.0,4.0,4.0,0.0,24.0,25.0,25.0,58.0,94.0,94.0,28.0,28.0,300.0,0.0,0.0,0.0,0.0,0.0,0.0,0.0,0.0,0.0
0.0,173.99,86.0,86.0,86.0,8.68,3.04,13.38,0.0,25.7,-0.01,0.0,176.6,0.0,187.0,1.0,1.0,0.0,690.0,0.0,0.0,0.0,0.0,1.3,0.0,31.4,30.2,0.7,3.3,425.4,0.0,10.95,20.2,23.7,23.6,25.0,23.3,24.3,27.8,25.7,25.7,27.9,31.0,25.3,28.8,27.6,27.4,27.0,27.0,25.0,0.0,0.0,0.0,3.0,4.0,4.0,0.0,24.0,25.0,25.0,58.0,94.0,94.0,28.0,28.0,300.0,0.0,0.0,0.0,0.0,0.0,0.0,0.0,0.0,0.0
0.0,173.99,86.0,86.0,86.0,8.54,3.16,13.02,0.0,27.4,0.01,0.0,176.6,0.0,186.0,1.0,1.0,0.0,690.0,0.0,0.0,0.0,0.0,1.4,0.0,30.9,29.7,0.7,3.3,425.4,0.0,10.95,19.7,23.7,23.5,25.0,23.3,24.2,27.8,25.7,25.7,27.9,31.0,25.3,28.8,27.7,27.4,27.0,27.0,25.0,0.0,0.0,0.0,3.0,4.0,4.0,0.0,24.0,25.0,25.0,58.0,94.0,94.0,28.0,28.0,300.0,0.0,0.0,0.0,0.0,0.0,0.0,0.0,0.0,0.0
0.0,173.99,86.0,86.0,86.0,8.56,3.02,13.66,0.0,25.6,0.01,0.0,176.6,0.0,188.0,1.0,1.0,0.0,690.0,0.0,0.0,0.0,0.0,1.4,0.0,31.1,30.7,0.7,3.3,425.4,0.0,10.95,19.7,23.7,23.4,25.0,23.3,24.2,27.8,25.7,25.6,27.9,31.0,25.3,28.8,27.8,27.4,27.0,28.0,25.0,0.0,0.0,0.0,3.0,4.0,4.0,0.0,24.0,25.0,25.0,58.0,94.0,94.0,28.0,28.0,300.0,0.0,0.0,0.0,0.0,0.0,0.0,0.0,0.0,0.0
0.0,173.99,86.0,86.0,86.0,8.3,3.12,13.06,0.0,25.7,0.0,0.0,176.6,0.0,187.0,1.0,1.0,0.0,690.0,0.0,0.0,0.0,0.0,1.2,0.0,31.3,30.2,0.7,3.3,425.4,0.0,10.95,20.1,23.7,23.6,25.0,23.3,24.3,27.8,25.7,25.7,27.9,31.0,25.3,28.8,27.6,27.4,27.0,27.0,25.0,0.0,0.0,0.0,3.0,4.0,4.0,0.0,24.0,25.0,25.0,58.0,94.0,94.0,28.0,28.0,300.0,0.0,0.0,0.0,0.0,0.0,0.0,0.0,0.0,0.0
0.0,173.99,86.0,86.0,86.0,8.32,3.18,12.88,0.0,25.7,0.01,0.0,176.5,0.0,188.0,1.0,1.0,0.0,690.0,0.0,0.0,0.0,0.0,1.4,0.0,31.7,30.7,0.7,3.4,425.4,0.0,10.95,20.1,23.7,23.6,25.0,23.3,24.4,27.8,25.7,25.7,27.9,31.0,25.3,28.9,27.6,27.4,27.0,27.0,25.0,0.0,0.0,0.0,3.0,4.0,4.0,0.0,24.0,25.0,25.0,58.0,93.0,94.0,28.0,28.0,300.0,0.0,0.0,0.0,0.0,0.0,0.0,0.0,0.0,0.0
0.0,173.99,86.0,86.0,86.0,8.7,3.12,13.54,0.0,24.0,0.0,0.01,176.6,0.0,188.0,1.0,1.0,0.0,690.0,0.0,0.0,0.0,0.0,1.5,0.0,31.5,30.2,0.7,3.3,425.4,0.0,10.95,20.2,23.7,23.6,25.0,23.3,24.4,27.8,25.7,25.7,27.9,31.0,25.3,28.8,27.6,27.4,27.0,27.0,25.0,0.0,0.0,0.0,3.0,4.0,4.0,0.0,24.0,25.0,25.0,58.0,94.0,94.0,28.0,28.0,300.0,0.0,0.0,0.0,0.0,0.0,0.0,0.0,0.0,0.0
0.0,173.99,86.0,86.0,86.0,8.38,3.08,12.92,0.0,27.4,0.01,0.0,176.6,0.0,186.0,1.0,1.0,0.0,691.0,0.0,0.0,0.0,0.0,1.3,0.0,31.1,30.2,0.7,3.3,425.4,0.0,10.95,19.8,23.7,23.5,25.0,23.3,24.2,27.8,25.7,25.7,27.9,31.0,25.3,28.8,27.6,27.4,27.0,27.0,25.0,0.0,0.0,0.0,3.0,4.0,4.0,0.0,24.0,25.0,25.0,58.0,94.0,94.0,28.0,28.0,300.0,0.0,0.0,0.0,0.0,0.0,0.0,0.0,0.0,0.0
0.0,173.99,86.0,86.0,86.0,8.46,3.12,12.98,0.0,25.6,0.01,0.0,176.6,0.0,188.0,1.0,1.0,0.0,690.0,0.0,0.0,0.0,0.0,1.7,0.0,33.0,32.7,0.8,3.3,425.4,0.0,10.95,19.4,23.6,23.4,25.0,23.3,24.2,27.8,25.7,25.6,27.9,31.0,25.3,28.8,27.8,27.4,29.0,29.0,25.0,0.0,0.0,0.0,3.0,4.0,4.0,0.0,24.0,25.0,25.0,58.0,94.0,94.0,28.0,28.0,300.0,0.0,0.0,0.0,0.0,0.0,0.0,0.0,0.0,0.0
0.0,173.99,86.0,86.0,86.0,8.6,3.08,13.3,0.0,24.7,0.01,0.0,176.6,0.0,188.0,1.0,1.0,0.0,690.0,0.0,0.0,0.0,0.0,1.4,0.0,31.5,30.4,0.7,3.3,425.4,0.0,10.95,20.2,23.7,23.6,25.0,23.3,24.4,27.8,25.7,25.7,27.9,31.0,25.3,28.8,27.6,27.4,27.0,27.0,25.0,0.0,0.0,0.0,3.0,4.0,4.0,0.0,24.0,25.0,25.0,58.0,94.0,94.0,28.0,28.0,300.0,0.0,0.0,0.0,0.0,0.0,0.0,0.0,0.0,0.0
0.03,175.75,86.0,86.0,86.0,8.32,3.16,12.92,0.0,-26.3,0.01,0.01,176.5,0.5,219.0,1.0,1.0,0.0,690.0,0.0,0.0,0.0,0.0,1.5,0.0,32.2,31.1,0.7,3.3,425.4,0.0,10.95,19.8,23.7,23.6,25.0,23.3,24.4,27.8,25.8,25.9,27.8,30.9,25.3,28.9,27.6,27.4,28.0,28.0,25.0,0.0,0.0,0.0,3.0,4.0,4.0,0.0,24.0,25.0,25.0,58.0,93.0,93.0,28.0,28.0,300.0,0.0,0.0,0.0,0.0,0.0,0.0,0.0,0.0,0.0
0.0,173.99,86.0,86.0,86.0,8.6,3.16,12.98,0.0,25.0,0.01,0.0,176.6,0.0,187.0,1.0,1.0,0.0,690.0,0.0,0.0,0.0,0.0,1.4,0.0,31.5,30.2,0.7,3.4,425.4,0.0,10.95,20.2,23.7,23.6,25.0,23.3,24.4,27.8,25.7,25.7,27.9,31.0,25.3,28.8,27.6,27.4,27.0,27.0,25.0,0.0,0.0,0.0,3.0,4.0,4.0,0.0,24.0,25.0,25.0,58.0,94.0,94.0,28.0,28.0,300.0,0.0,0.0,0.0,0.0,0.0,0.0,0.0,0.0,0.0
0.1,182.74,86.0,86.0,86.0,8.52,2.9,13.12,0.01,-57.1,0.01,0.0,176.5,1.9,241.0,1.0,1.0,0.0,690.0,0.0,0.0,0.0,0.0,1.2,0.0,32.1,31.1,0.8,3.3,425.4,0.0,10.95,19.1,23.7,23.6,25.0,23.3,24.4,27.8,25.9,25.9,27.8,30.9,25.3,28.9,27.6,27.4,28.0,28.0,25.0,0.0,0.0,0.0,3.0,4.0,4.0,0.0,24.0,25.0,25.0,58.0,93.0,93.0,28.0,28.0,300.0,0.0,0.0,0.0,0.0,0.0,0.0,0.0,0.0,0.0
0.06,199.26,86.0,86.0,86.0,11.02,1.42,13.38,0.07,-66.1,0.0,0.0,176.5,0.1,260.0,1.0,1.0,0.0,691.0,0.0,0.0,0.0,0.0,1.6,0.0,32.2,31.1,0.7,3.3,425.4,0.0,10.95,18.7,23.7,23.6,25.0,23.3,24.4,27.8,25.9,25.9,27.8,30.9,25.3,28.9,27.6,27.4,28.0,28.0,25.0,0.0,0.0,0.0,3.0,4.0,4.0,0.0,24.0,25.0,25.0,58.0,93.0,93.0,28.0,28.0,300.0,0.0,0.0,0.0,0.0,0.0,0.0,0.0,0.0,0.0
0.0,173.99,86.0,86.0,86.0,8.68,3.24,13.6,0.0,25.7,0.02,0.0,176.5,0.0,188.0,1.0,1.0,0.0,690.0,0.0,0.0,0.0,0.0,1.5,0.0,31.7,30.6,0.7,3.3,425.4,0.0,10.95,20.2,23.7,23.6,25.0,23.3,24.4,27.8,25.7,25.7,27.9,31.0,25.3,28.9,27.6,27.4,27.0,27.0,25.0,0.0,0.0,0.0,3.0,4.0,4.0,0.0,24.0,25.0,25.0,58.0,93.0,93.0,28.0,28.0,300.0,0.0,0.0,0.0,0.0,0.0,0.0,0.0,0.0,0.0
0.0,200.48,86.0,86.0,86.0,11.42,1.82,12.58,0.0,-48.7,0.01,0.0,176.6,0.5,261.0,1.0,1.0,0.0,691.0,0.0,0.0,0.0,0.0,1.2,0.0,32.2,31.2,0.8,3.3,425.4,0.0,10.95,18.2,23.7,23.6,25.0,23.3,24.4,27.8,25.9,25.9,27.8,30.9,25.4,28.8,27.6,27.4,28.0,28.0,25.0,0.0,0.0,0.0,3.0,4.0,4.0,0.0,24.0,25.0,25.0,59.0,93.0,93.0,28.0,28.0,300.0,0.0,0.0,0.0,0.0,0.0,0.0,0.0,0.0,0.0
0.0,173.99,86.0,86.0,86.0,8.38,3.14,13.38,0.0,25.6,0.0,0.0,176.6,0.0,187.0,1.0,1.0,0.0,690.0,0.0,0.0,0.0,0.0,1.4,0.0,30.8,29.7,0.7,3.3,425.4,0.0,10.95,20.0,23.7,23.4,25.0,23.3,24.2,27.8,25.7,25.7,27.9,31.0,25.3,28.8,27.8,27.4,27.0,27.0,25.0,0.0,0.0,0.0,3.0,4.0,4.0,0.0,24.0,25.0,25.0,58.0,94.0,94.0,28.0,28.0,300.0,0.0,0.0,0.0,0.0,0.0,0.0,0.0,0.0,0.0
0.0,173.99,86.0,86.0,86.0,8.48,3.04,13.3,0.0,25.6,0.01,0.01,176.6,0.0,188.0,1.0,1.0,0.0,690.0,0.0,0.0,0.0,0.0,1.4,0.0,31.5,30.9,0.7,3.3,425.4,0.0,10.95,19.7,23.6,23.4,25.0,23.3,24.2,27.8,25.7,25.6,27.9,31.0,25.3,28.8,27.8,27.4,28.0,28.0,25.0,0.0,0.0,0.0,3.0,4.0,4.0,0.0,24.0,25.0,25.0,58.0,94.0,94.0,28.0,28.0,300.0,0.0,0.0,0.0,0.0,0.0,0.0,0.0,0.0,0.0
0.0,200.48,86.0,86.0,86.0,12.16,1.84,13.04,0.0,-47.5,0.01,0.01,176.5,0.0,260.0,1.0,1.0,0.0,690.0,0.0,0.0,0.0,0.0,1.2,0.0,32.3,31.1,0.7,3.3,425.4,0.0,10.95,18.1,23.7,23.6,25.0,23.4,24.4,27.8,25.9,25.9,27.8,30.9,25.4,28.8,27.6,27.4,28.0,28.0,25.0,0.0,0.0,0.0,3.0,4.0,4.0,0.0,24.0,25.0,25.0,59.0,93.0,93.0,28.0,28.0,300.0,0.0,0.0,0.0,0.0,0.0,0.0,0.0,0.0,0.0
0.0,173.99,86.0,86.0,86.0,8.84,3.04,13.42,0.0,25.7,0.01,0.0,176.5,0.0,188.0,1.0,1.0,0.0,691.0,0.0,0.0,0.0,0.0,1.1,0.0,31.7,30.5,0.7,3.3,425.4,0.0,10.95,20.2,23.7,23.6,25.0,23.3,24.4,27.8,25.7,25.7,27.9,31.0,25.3,28.9,27.6,27.4,27.0,27.0,25.0,0.0,0.0,0.0,3.0,4.0,4.0,0.0,24.0,25.0,25.0,58.0,93.0,94.0,28.0,28.0,300.0,0.0,0.0,0.0,0.0,0.0,0.0,0.0,0.0,0.0
0.05,176.26,86.0,86.0,86.0,8.36,3.12,13.16,0.0,-29.2,0.02,0.01,176.5,0.8,221.0,1.0,1.0,0.0,690.0,0.0,0.0,0.0,0.0,1.7,0.0,32.1,31.0,0.8,3.3,425.4,0.0,10.95,19.7,23.7,23.6,25.0,23.3,24.4,27.8,25.9,25.9,27.8,30.9,25.3,28.9,27.6,27.4,28.0,28.0,25.0,0.0,0.0,0.0,3.0,4.0,4.0,0.0,24.0,25.0,25.0,58.0,93.0,93.0,28.0,28.0,300.0,0.0,0.0,0.0,0.0,0.0,0.0,0.0,0.0,0.0
0.0,173.99,86.0,86.0,86.0,8.56,2.9,13.1,0.0,23.9,0.01,0.0,176.6,0.0,188.0,1.0,1.0,0.0,690.0,0.0,0.0,0.0,0.0,1.2,0.0,31.6,30.3,0.7,3.3,425.4,0.0,10.95,20.2,23.7,23.6,25.0,23.3,24.4,27.8,25.7,25.7,27.9,31.0,25.3,28.8,27.6,27.4,27.0,27.0,25.0,0.0,0.0,0.0,3.0,4.0,4.0,0.0,24.0,25.0,25.0,58.0,94.0,94.0,28.0,28.0,300.0,0.0,0.0,0.0,0.0,0.0,0.0,0.0,0.0,0.0
0.0,173.99,86.0,86.0,86.0,8.34,3.08,12.88,0.0,23.9,0.01,0.0,176.5,0.0,188.0,1.0,1.0,0.0,690.0,0.0,0.0,0.0,0.0,1.7,0.0,31.5,30.5,0.7,3.3,425.4,0.0,10.95,20.2,23.7,23.6,25.0,23.3,24.4,27.8,25.7,25.7,27.9,31.0,25.3,28.8,27.6,27.4,27.0,27.0,25.0,0.0,0.0,0.0,3.0,4.0,4.0,0.0,24.0,25.0,25.0,58.0,94.0,94.0,28.0,28.0,300.0,0.0,0.0,0.0,0.0,0.0,0.0,0.0,0.0,0.0
0.14,192.49,86.0,86.0,86.0,10.24,0.3,13.52,0.09,-72.1,0.0,0.0,176.5,0.0,253.0,1.0,1.0,0.0,690.0,0.0,0.0,0.0,0.0,1.2,0.0,32.2,31.1,0.7,3.3,425.4,0.0,10.95,18.8,23.7,23.6,25.0,23.3,24.4,27.8,25.9,25.9,27.8,30.9,25.3,28.9,27.6,27.4,28.0,28.0,25.0,0.0,0.0,0.0,3.0,4.0,4.0,0.0,24.0,25.0,25.0,58.0,93.0,93.0,28.0,28.0,300.0,0.0,0.0,0.0,0.0,0.0,0.0,0.0,0.0,0.0
0.0,200.48,86.0,86.0,86.0,12.36,1.9,12.78,0.0,-47.2,0.01,0.01,176.5,0.2,261.0,1.0,1.0,0.0,691.0,0.0,0.0,0.0,0.0,1.3,0.0,32.4,31.3,0.8,3.3,425.4,0.0,10.95,18.0,23.7,23.6,25.0,23.3,24.5,27.8,25.9,25.9,27.8,30.9,25.4,28.8,27.6,27.4,28.0,28.0,25.0,0.0,0.0,0.0,3.0,4.0,4.0,0.0,24.0,25.0,25.0,59.0,93.0,93.0,28.0,28.0,300.0,0.0,0.0,0.0,0.0,0.0,0.0,0.0,0.0,0.0
0.0,173.99,86.0,86.0,86.0,8.38,3.18,13.08,0.0,25.6,0.01,0.01,176.6,0.0,187.0,1.0,1.0,0.0,690.0,0.0,0.0,0.0,0.0,1.3,0.0,30.7,29.7,0.7,3.3,425.4,0.0,10.95,20.0,23.7,23.4,25.0,23.3,24.2,27.8,25.7,25.7,27.9,31.0,25.3,28.8,27.7,27.4,27.0,27.0,25.0,0.0,0.0,0.0,3.0,4.0,4.0,0.0,24.0,25.0,25.0,58.0,94.0,94.0,28.0,28.0,300.0,0.0,0.0,0.0,0.0,0.0,0.0,0.0,0.0,0.0
0.0,173.99,86.0,86.0,86.0,8.52,3.3,13.12,0.0,25.6,0.01,0.0,176.6,0.0,187.0,1.0,1.0,0.0,690.0,0.0,0.0,0.0,0.0,1.4,0.0,30.7,29.5,0.7,3.3,425.4,0.0,10.95,20.0,23.7,23.4,25.0,23.3,24.2,27.8,25.7,25.7,27.9,31.0,25.3,28.8,27.8,27.4,26.0,27.0,25.0,0.0,0.0,0.0,3.0,4.0,4.0,0.0,24.0,25.0,25.0,58.0,94.0,94.0,28.0,28.0,300.0,0.0,0.0,0.0,0.0,0.0,0.0,0.0,0.0,0.0
0.0,200.48,86.0,86.0,86.0,11.94,2.0,12.62,0.0,-47.3,0.01,0.0,176.5,0.0,261.0,1.0,1.0,0.0,690.0,0.0,0.0,0.0,0.0,1.3,0.0,32.2,31.2,0.7,3.4,425.4,0.0,10.95,18.1,23.7,23.6,25.0,23.4,24.4,27.8,25.9,25.9,27.8,30.9,25.4,28.8,27.6,27.4,28.0,28.0,25.0,0.0,0.0,0.0,3.0,4.0,4.0,0.0,24.0,25.0,25.0,59.0,93.0,93.0,28.0,28.0,300.0,0.0,0.0,0.0,0.0,0.0,0.0,0.0,0.0,0.0
0.0,173.99,86.0,86.0,86.0,8.26,3.04,12.94,0.0,25.6,0.01,0.0,176.6,0.0,188.0,1.0,1.0,0.0,691.0,0.0,0.0,0.0,0.0,1.6,0.0,32.7,32.3,0.8,3.4,425.4,0.0,10.95,19.5,23.6,23.4,25.0,23.3,24.2,27.8,25.7,25.6,27.9,31.0,25.3,28.8,27.8,27.4,29.0,29.0,25.0,0.0,0.0,0.0,3.0,4.0,4.0,0.0,24.0,25.0,25.0,58.0,94.0,94.0,28.0,28.0,300.0,0.0,0.0,0.0,0.0,0.0,0.0,0.0,0.0,0.0
0.0,173.99,86.0,86.0,86.0,8.56,3.2,12.86,0.0,25.7,0.01,0.0,176.5,0.0,188.0,1.0,1.0,0.0,690.0,0.0,0.0,0.0,0.0,1.4,0.0,31.7,30.5,0.8,3.3,425.4,0.0,10.95,20.2,23.7,23.6,25.0,23.3,24.4,27.8,25.7,25.7,27.9,31.0,25.3,28.9,27.6,27.4,27.0,27.0,25.0,0.0,0.0,0.0,3.0,4.0,4.0,0.0,24.0,25.0,25.0,58.0,93.0,94.0,28.0,28.0,300.0,0.0,0.0,0.0,0.0,0.0,0.0,0.0,0.0,0.0
0.0,173.99,86.0,86.0,86.0,8.9,3.06,13.38,0.0,25.6,0.0,0.0,176.6,0.0,188.0,1.0,1.0,0.0,690.0,0.0,0.0,0.0,0.0,1.2,0.0,30.7,29.6,0.7,3.3,425.4,0.0,10.95,20.0,23.7,23.4,25.0,23.3,24.2,27.8,25.7,25.7,27.9,31.0,25.3,28.8,27.8,27.4,26.0,27.0,25.0,0.0,0.0,0.0,3.0,4.0,4.0,0.0,24.0,25.0,25.0,58.0,94.0,94.0,28.0,28.0,300.0,0.0,0.0,0.0,0.0,0.0,0.0,0.0,0.0,0.0
0.0,173.99,86.0,86.0,86.0,7.4,2.98,13.6,0.0,27.4,0.02,0.0,176.6,0.0,186.0,1.0,1.0,0.0,690.0,0.0,0.0,0.0,0.0,0.9,0.0,31.0,29.8,0.7,3.3,425.4,0.0,10.95,19.8,23.7,23.4,25.0,23.3,24.2,27.8,25.7,25.7,27.9,31.0,25.3,28.8,27.7,27.4,27.0,27.0,25.0,0.0,0.0,0.0,3.0,4.0,4.0,0.0,24.0,25.0,25.0,58.0,94.0,94.0,28.0,28.0,300.0,0.0,0.0,0.0,0.0,0.0,0.0,0.0,0.0,0.0
0.0,173.99,86.0,86.0,86.0,8.66,3.12,13.6,0.0,25.6,0.02,0.0,176.6,0.0,188.0,1.0,1.0,0.0,690.0,0.0,0.0,0.0,0.0,1.3,0.0,30.5,30.2,0.7,3.3,425.4,0.0,10.95,19.9,23.7,23.4,25.0,23.3,24.2,27.8,25.7,25.6,27.9,31.0,25.3,28.8,27.8,27.4,27.0,27.0,25.0,0.0,0.0,0.0,3.0,4.0,4.0,0.0,24.0,25.0,25.0,58.0,94.0,94.0,28.0,28.0,300.0,0.0,0.0,0.0,0.0,0.0,0.0,0.0,0.0,0.0
0.0,173.99,86.0,86.0,86.0,8.3,3.04,13.44,0.0,25.6,0.01,0.0,176.6,0.0,188.0,1.0,1.0,0.0,690.0,0.0,0.0,0.0,0.0,1.2,0.0,31.5,31.2,0.7,3.3,425.4,0.0,10.95,19.7,23.6,23.4,25.0,23.3,24.2,27.8,25.7,25.6,27.9,31.0,25.3,28.8,27.8,27.4,28.0,28.0,25.0,0.0,0.0,0.0,3.0,4.0,4.0,0.0,24.0,25.0,25.0,58.0,94.0,94.0,28.0,28.0,300.0,0.0,0.0,0.0,0.0,0.0,0.0,0.0,0.0,0.0
0.0,173.99,86.0,86.0,86.0,8.72,3.1,13.76,0.0,25.7,0.0,0.0,176.6,0.0,188.0,1.0,1.0,0.0,690.0,0.0,0.0,0.0,0.0,0.7,0.0,31.6,30.5,0.7,3.3,425.4,0.0,10.95,20.1,23.7,23.6,25.0,23.3,24.4,27.8,25.7,25.7,27.9,31.0,25.3,28.8,27.6,27.4,27.0,27.0,25.0,0.0,0.0,0.0,3.0,4.0,4.0,0.0,24.0,25.0,25.0,58.0,94.0,94.0,28.0,28.0,300.0,0.0,0.0,0.0,0.0,0.0,0.0,0.0,0.0,0.0
0.0,173.99,86.0,86.0,86.0,8.66,2.84,13.54,0.0,25.7,0.01,0.01,176.6,0.0,187.0,1.0,1.0,0.0,690.0,0.0,0.0,0.0,0.0,2.4,0.0,31.8,30.5,0.7,3.3,425.4,0.0,10.95,20.1,23.7,23.6,25.0,23.3,24.4,27.8,25.7,25.7,27.9,31.0,25.3,28.9,27.6,27.4,27.0,27.0,25.0,0.0,0.0,0.0,3.0,4.0,4.0,0.0,24.0,25.0,25.0,58.0,93.0,94.0,28.0,28.0,300.0,0.0,0.0,0.0,0.0,0.0,0.0,0.0,0.0,0.0
0.0,173.99,86.0,86.0,86.0,7.94,3.14,13.14,0.0,25.7,0.0,0.0,176.6,0.0,187.0,1.0,1.0,0.0,690.0,0.0,0.0,0.0,0.0,1.4,0.0,31.4,30.2,0.8,3.3,425.4,0.0,10.95,20.1,23.7,23.6,25.0,23.3,24.3,27.8,25.7,25.7,27.9,31.0,25.3,28.8,27.6,27.4,27.0,27.0,25.0,0.0,0.0,0.0,3.0,4.0,4.0,0.0,24.0,25.0,25.0,58.0,94.0,94.0,28.0,28.0,300.0,0.0,0.0,0.0,0.0,0.0,0.0,0.0,0.0,0.0
0.05,199.51,86.0,86.0,86.0,10.76,1.56,12.8,0.08,-66.2,0.01,0.01,176.5,0.8,260.0,1.0,1.0,0.0,690.0,0.0,0.0,0.0,0.0,1.1,0.0,32.3,31.1,0.8,3.3,425.4,0.0,10.95,18.7,23.7,23.6,25.0,23.3,24.4,27.8,25.9,25.9,27.8,30.9,25.3,28.9,27.6,27.4,28.0,28.0,25.0,0.0,0.0,0.0,3.0,4.0,4.0,0.0,24.0,25.0,25.0,58.0,93.0,93.0,28.0,28.0,300.0,0.0,0.0,0.0,0.0,0.0,0.0,0.0,0.0,0.0
0.0,173.99,86.0,86.0,86.0,8.16,3.08,13.24,0.0,25.6,-0.01,0.0,176.6,0.0,187.0,1.0,1.0,0.0,690.0,0.0,0.0,0.0,0.0,1.8,0.0,30.7,29.7,0.7,3.3,425.4,0.0,10.95,20.0,23.7,23.4,25.0,23.3,24.2,27.8,25.7,25.7,27.9,31.0,25.3,28.8,27.8,27.4,27.0,27.0,25.0,0.0,0.0,0.0,3.0,4.0,4.0,0.0,24.0,25.0,25.0,58.0,94.0,94.0,28.0,28.0,300.0,0.0,0.0,0.0,0.0,0.0,0.0,0.0,0.0,0.0
0.0,173.99,86.0,86.0,86.0,8.52,3.14,13.24,0.0,25.6,0.01,0.01,176.6,0.0,188.0,1.0,1.0,0.0,690.0,0.0,0.0,0.0,0.0,1.2,0.0,30.5,29.7,0.7,3.3,425.4,0.0,10.95,20.0,23.7,23.4,25.0,23.3,24.2,27.8,25.7,25.7,27.9,31.0,25.3,28.8,27.8,27.4,27.0,27.0,25.0,0.0,0.0,0.0,3.0,4.0,4.0,0.0,24.0,25.0,25.0,58.0,94.0,94.0,28.0,28.0,300.0,0.0,0.0,0.0,0.0,0.0,0.0,0.0,0.0,0.0
0.0,200.48,86.0,86.0,86.0,12.16,1.9,12.72,0.0,-52.5,0.01,0.01,176.5,0.7,262.0,1.0,1.0,0.0,691.0,0.0,0.0,0.0,0.0,1.3,0.0,32.4,31.2,0.8,3.3,425.4,0.0,10.95,18.0,23.7,23.6,25.0,23.3,24.4,27.8,25.9,25.9,27.8,30.9,25.4,28.8,27.6,27.4,28.0,28.0,25.0,0.0,0.0,0.0,3.0,4.0,4.0,0.0,24.0,25.0,25.0,59.0,93.0,93.0,28.0,28.0,300.0,0.0,0.0,0.0,0.0,0.0,0.0,0.0,0.0,0.0
0.0,173.99,86.0,86.0,86.0,8.5,2.92,13.34,0.0,25.7,0.0,0.0,176.6,0.0,186.0,1.0,1.0,0.0,690.0,0.0,0.0,0.0,0.0,1.2,0.0,31.3,30.2,0.7,3.3,425.4,0.0,10.95,20.0,23.7,23.6,25.0,23.3,24.3,27.8,25.7,25.7,27.9,31.0,25.3,28.8,27.7,27.4,27.0,27.0,25.0,0.0,0.0,0.0,3.0,4.0,4.0,0.0,24.0,25.0,25.0,58.0,94.0,94.0,28.0,28.0,300.0,0.0,0.0,0.0,0.0,0.0,0.0,0.0,0.0,0.0
0.0,173.99,86.0,86.0,86.0,8.48,3.16,13.4,0.0,27.4,0.01,0.01,176.6,0.0,187.0,1.0,1.0,0.0,690.0,0.0,0.0,0.0,0.0,1.3,0.0,31.0,30.0,0.7,3.3,425.4,0.0,10.95,19.9,23.6,23.5,25.0,23.3,24.2,27.8,25.7,25.7,27.9,31.0,25.3,28.8,27.7,27.4,27.0,27.0,25.0,0.0,0.0,0.0,3.0,4.0,4.0,0.0,24.0,25.0,25.0,58.0,94.0,94.0,28.0,28.0,300.0,0.0,0.0,0.0,0.0,0.0,0.0,0.0,0.0,0.0
0.0,173.99,86.0,86.0,86.0,8.64,3.1,13.08,0.0,25.6,0.0,0.0,176.6,0.0,188.0,1.0,1.0,0.0,690.0,0.0,0.0,0.0,0.0,1.8,0.0,30.4,29.9,0.7,3.3,425.4,0.0,10.95,20.0,23.6,23.4,25.0,23.3,24.2,27.8,25.7,25.7,27.9,31.0,25.3,28.8,27.8,27.4,27.0,27.0,25.0,0.0,0.0,0.0,3.0,4.0,4.0,0.0,24.0,25.0,25.0,58.0,94.0,94.0,28.0,28.0,300.0,0.0,0.0,0.0,0.0,0.0,0.0,0.0,0.0,0.0
0.0,200.48,86.0,86.0,86.0,11.02,1.84,12.56,0.01,-43.3,0.01,0.0,176.5,0.0,259.0,1.0,1.0,0.0,690.0,0.0,0.0,0.0,0.0,1.2,0.0,32.3,31.1,0.8,3.3,425.4,0.0,10.95,18.6,23.7,23.6,25.0,23.3,24.4,27.8,25.9,25.9,27.8,30.9,25.4,28.8,27.6,27.4,28.0,28.0,25.0,0.0,0.0,0.0,3.0,4.0,4.0,0.0,24.0,25.0,25.0,58.0,93.0,93.0,28.0,28.0,300.0,0.0,0.0,0.0,0.0,0.0,0.0,0.0,0.0,0.0
0.0,173.99,86.0,86.0,86.0,8.7,3.14,13.38,0.0,27.3,0.01,0.0,176.6,0.0,187.0,1.0,1.0,0.0,690.0,0.0,0.0,0.0,0.0,1.3,0.0,30.9,29.7,0.7,3.3,425.4,0.0,10.95,19.9,23.7,23.5,25.0,23.3,24.2,27.8,25.7,25.7,27.9,31.0,25.3,28.8,27.8,27.4,27.0,27.0,25.0,0.0,0.0,0.0,3.0,4.0,4.0,0.0,24.0,25.0,25.0,58.0,94.0,94.0,28.0,28.0,300.0,0.0,0.0,0.0,0.0,0.0,0.0,0.0,0.0,0.0
0.0,173.99,86.0,86.0,86.0,8.78,3.12,13.3,0.0,25.6,0.01,0.01,176.6,0.0,187.0,1.0,1.0,0.0,690.0,0.0,0.0,0.0,0.0,1.5,0.0,30.8,29.9,0.7,3.3,425.4,0.0,10.95,20.0,23.7,23.4,25.0,23.3,24.2,27.8,25.7,25.7,27.9,31.0,25.3,28.8,27.8,27.4,27.0,27.0,25.0,0.0,0.0,0.0,3.0,4.0,4.0,0.0,24.0,25.0,25.0,58.0,94.0,94.0,28.0,28.0,300.0,0.0,0.0,0.0,0.0,0.0,0.0,0.0,0.0,0.0
0.0,173.99,86.0,86.0,86.0,8.34,2.92,13.7,0.0,25.6,0.01,0.0,176.6,0.0,188.0,1.0,1.0,0.0,690.0,0.0,0.0,0.0,0.0,1.1,0.0,31.8,31.7,0.7,3.3,425.4,0.0,10.95,19.5,23.6,23.4,24.9,23.3,24.2,27.8,25.7,25.6,27.9,31.0,25.3,28.8,27.8,27.4,28.0,29.0,25.0,0.0,0.0,0.0,3.0,4.0,4.0,0.0,24.0,25.0,25.0,58.0,94.0,94.0,28.0,28.0,300.0,0.0,0.0,0.0,0.0,0.0,0.0,0.0,0.0,0.0
0.03,176.76,86.0,86.0,86.0,8.86,3.1,13.48,0.0,-37.7,0.01,0.01,176.5,2.5,225.0,1.0,1.0,0.0,690.0,0.0,0.0,0.0,0.0,1.5,0.0,32.2,30.8,0.7,3.3,425.4,0.0,10.95,19.7,23.7,23.6,25.0,23.3,24.4,27.8,25.9,25.9,27.8,30.9,25.3,28.9,27.6,27.4,28.0,28.0,25.0,0.0,0.0,0.0,3.0,4.0,4.0,0.0,24.0,25.0,25.0,58.0,93.0,93.0,28.0,28.0,300.0,0.0,0.0,0.0,0.0,0.0,0.0,0.0,0.0,0.0
0.01,174.49,86.0,86.0,86.0,8.3,3.14,13.1,0.0,-21.3,0.01,0.0,176.5,0.0,214.0,1.0,1.0,0.0,690.0,0.0,0.0,0.0,0.0,1.3,0.0,32.0,30.9,0.7,3.3,425.4,0.0,10.95,19.9,23.7,23.6,25.0,23.3,24.4,27.8,25.8,25.9,27.8,30.9,25.3,28.9,27.6,27.4,28.0,28.0,25.0,0.0,0.0,0.0,3.0,4.0,4.0,0.0,24.0,25.0,25.0,58.0,93.0,93.0,28.0,28.0,300.0,0.0,0.0,0.0,0.0,0.0,0.0,0.0,0.0,0.0
0.0,173.99,86.0,86.0,86.0,8.44,3.04,13.3,0.0,25.7,0.01,0.0,176.6,0.0,187.0,1.0,1.0,0.0,690.0,0.0,0.0,0.0,0.0,1.4,0.0,31.4,30.2,0.7,3.3,425.4,0.0,10.95,20.2,23.7,23.6,25.0,23.3,24.3,27.8,25.7,25.7,27.9,31.0,25.3,28.8,27.6,27.4,27.0,27.0,25.0,0.0,0.0,0.0,3.0,4.0,4.0,0.0,24.0,25.0,25.0,58.0,94.0,94.0,28.0,28.0,300.0,0.0,0.0,0.0,0.0,0.0,0.0,0.0,0.0,0.0
0.0,173.99,86.0,86.0,86.0,8.24,3.18,13.56,0.0,26.2,0.02,0.0,176.6,0.0,187.0,1.0,1.0,0.0,690.0,0.0,0.0,0.0,0.0,1.3,0.0,30.8,29.8,0.7,3.3,425.4,0.0,10.95,20.0,23.7,23.4,25.0,23.3,24.2,27.8,25.7,25.7,27.9,31.0,25.3,28.8,27.7,27.4,27.0,27.0,25.0,0.0,0.0,0.0,3.0,4.0,4.0,0.0,24.0,25.0,25.0,58.0,94.0,94.0,28.0,28.0,300.0,0.0,0.0,0.0,0.0,0.0,0.0,0.0,0.0,0.0
0.0,173.99,86.0,86.0,86.0,8.4,2.88,13.46,0.0,25.7,0.01,0.0,176.6,0.0,187.0,1.0,1.0,0.0,690.0,0.0,0.0,0.0,0.0,1.4,0.0,31.2,30.1,0.7,3.3,425.4,0.0,10.95,20.1,23.7,23.6,25.0,23.3,24.3,27.8,25.7,25.7,27.9,31.0,25.3,28.8,27.6,27.4,27.0,27.0,25.0,0.0,0.0,0.0,3.0,4.0,4.0,0.0,24.0,25.0,25.0,58.0,94.0,94.0,28.0,28.0,300.0,0.0,0.0,0.0,0.0,0.0,0.0,0.0,0.0,0.0
0.0,173.99,86.0,86.0,86.0,8.5,3.1,13.5,0.0,25.6,0.01,0.01,176.6,0.0,188.0,1.0,1.0,0.0,690.0,0.0,0.0,0.0,0.0,1.5,0.0,32.5,32.0,0.8,3.3,425.4,0.0,10.95,19.5,23.6,23.4,25.0,23.3,24.2,27.8,25.7,25.6,27.9,31.0,25.3,28.8,27.8,27.4,29.0,29.0,25.0,0.0,0.0,0.0,3.0,4.0,4.0,0.0,24.0,25.0,25.0,58.0,94.0,94.0,28.0,28.0,300.0,0.0,0.0,0.0,0.0,0.0,0.0,0.0,0.0,0.0
0.0,173.99,86.0,86.0,86.0,8.32,3.04,13.46,0.0,27.4,0.01,0.0,176.6,0.0,186.0,1.0,1.0,0.0,690.0,0.0,0.0,0.0,0.0,1.5,0.0,31.0,29.8,0.7,3.3,425.4,0.0,10.95,19.8,23.7,23.4,25.0,23.3,24.2,27.8,25.7,25.7,27.9,31.0,25.3,28.8,27.7,27.4,27.0,27.0,25.0,0.0,0.0,0.0,3.0,4.0,4.0,0.0,24.0,25.0,25.0,58.0,94.0,94.0,28.0,28.0,300.0,0.0,0.0,0.0,0.0,0.0,0.0,0.0,0.0,0.0
0.0,174.24,86.0,86.0,86.0,8.28,2.94,13.38,0.0,-17.7,0.0,0.0,176.5,0.0,208.0,1.0,1.0,0.0,690.0,0.0,0.0,0.0,0.0,1.2,0.0,31.9,30.8,0.8,3.3,425.4,0.0,10.95,20.1,23.7,23.6,25.0,23.3,24.4,27.8,25.8,25.9,27.8,30.9,25.3,28.9,27.6,27.4,28.0,28.0,25.0,0.0,0.0,0.0,3.0,4.0,4.0,0.0,24.0,25.0,25.0,58.0,93.0,93.0,28.0,28.0,300.0,0.0,0.0,0.0,0.0,0.0,0.0,0.0,0.0,0.0
0.0,173.99,86.0,86.0,86.0,8.86,3.26,13.48,0.0,27.4,0.01,0.01,176.6,0.0,186.0,1.0,1.0,0.0,691.0,0.0,0.0,0.0,0.0,1.3,0.0,31.1,30.0,0.7,3.3,425.4,0.0,10.95,19.7,23.7,23.5,25.0,23.3,24.2,27.8,25.7,25.7,27.9,31.0,25.3,28.8,27.7,27.4,27.0,27.0,25.0,0.0,0.0,0.0,3.0,4.0,4.0,0.0,24.0,25.0,25.0,58.0,94.0,94.0,28.0,28.0,300.0,0.0,0.0,0.0,0.0,0.0,0.0,0.0,0.0,0.0
0.0,173.99,86.0,86.0,86.0,8.68,3.16,13.1,0.0,25.6,0.01,0.0,176.6,0.0,187.0,1.0,1.0,0.0,690.0,0.0,0.0,0.0,0.0,1.3,0.0,30.6,29.6,0.7,3.3,425.4,0.0,10.95,20.0,23.6,23.4,25.0,23.3,24.2,27.8,25.7,25.7,27.9,31.0,25.3,28.8,27.8,27.4,26.0,27.0,25.0,0.0,0.0,0.0,3.0,4.0,4.0,0.0,24.0,25.0,25.0,58.0,94.0,94.0,28.0,28.0,300.0,0.0,0.0,0.0,0.0,0.0,0.0,0.0,0.0,0.0
0.0,173.99,86.0,86.0,86.0,8.18,3.02,13.32,0.0,27.4,0.0,0.01,176.6,0.0,187.0,1.0,1.0,0.0,690.0,0.0,0.0,0.0,0.0,1.0,0.0,30.8,29.8,0.7,3.3,425.4,0.0,10.95,19.9,23.7,23.4,25.0,23.3,24.2,27.8,25.7,25.7,27.9,31.0,25.3,28.8,27.7,27.4,27.0,27.0,25.0,0.0,0.0,0.0,3.0,4.0,4.0,0.0,24.0,25.0,25.0,58.0,94.0,94.0,28.0,28.0,300.0,0.0,0.0,0.0,0.0,0.0,0.0,0.0,0.0,0.0
0.0,173.99,86.0,86.0,86.0,8.36,3.16,12.9,0.0,23.9,0.0,0.0,176.6,0.0,188.0,1.0,1.0,0.0,690.0,0.0,0.0,0.0,0.0,1.2,0.0,31.4,30.1,0.7,3.3,425.4,0.0,10.95,20.2,23.7,23.6,25.0,23.3,24.4,27.8,25.7,25.7,27.9,31.0,25.3,28.8,27.6,27.4,27.0,27.0,25.0,0.0,0.0,0.0,3.0,4.0,4.0,0.0,24.0,25.0,25.0,58.0,94.0,94.0,28.0,28.0,300.0,0.0,0.0,0.0,0.0,0.0,0.0,0.0,0.0,0.0
0.0,173.99,86.0,86.0,86.0,8.38,2.9,13.38,0.0,25.7,0.01,0.0,176.6,0.0,187.0,1.0,1.0,0.0,690.0,0.0,0.0,0.0,0.0,1.1,0.0,31.4,30.3,0.7,3.3,425.4,0.0,10.95,20.2,23.7,23.6,25.0,23.3,24.3,27.8,25.7,25.7,27.9,31.0,25.3,28.8,27.6,27.4,27.0,27.0,25.0,0.0,0.0,0.0,3.0,4.0,4.0,0.0,24.0,25.0,25.0,58.0,94.0,94.0,28.0,28.0,300.0,0.0,0.0,0.0,0.0,0.0,0.0,0.0,0.0,0.0
0.0,173.99,86.0,86.0,86.0,8.9,2.98,13.08,0.0,27.4,0.0,0.0,176.6,0.0,186.0,1.0,1.0,0.0,691.0,0.0,0.0,0.0,0.0,1.7,0.0,31.1,30.0,0.7,3.3,425.4,0.0,10.95,19.7,23.7,23.5,25.0,23.3,24.2,27.8,25.7,25.7,27.9,31.0,25.3,28.8,27.6,27.4,27.0,27.0,25.0,0.0,0.0,0.0,3.0,4.0,4.0,0.0,24.0,25.0,25.0,58.0,94.0,94.0,28.0,28.0,300.0,0.0,0.0,0.0,0.0,0.0,0.0,0.0,0.0,0.0
0.0,200.48,86.0,86.0,86.0,11.02,1.84,12.8,0.03,-48.6,0.01,0.01,176.5,1.0,260.0,1.0,1.0,0.0,690.0,0.0,0.0,0.0,0.0,1.0,0.0,32.1,31.0,0.8,3.3,425.4,0.0,10.95,18.6,23.7,23.6,25.0,23.3,24.4,27.8,25.9,25.9,27.8,30.9,25.3,28.9,27.6,27.4,28.0,28.0,25.0,0.0,0.0,0.0,3.0,4.0,4.0,0.0,24.0,25.0,25.0,58.0,93.0,93.0,28.0,28.0,300.0,0.0,0.0,0.0,0.0,0.0,0.0,0.0,0.0,0.0
0.0,173.99,86.0,86.0,86.0,8.66,3.02,13.52,0.0,25.6,0.02,0.01,176.6,0.0,188.0,1.0,1.0,0.0,690.0,0.0,0.0,0.0,0.0,1.3,0.0,30.5,30.1,0.7,3.3,425.4,0.0,10.95,19.9,23.7,23.4,25.0,23.3,24.2,27.8,25.7,25.7,27.9,31.0,25.3,28.8,27.8,27.4,27.0,27.0,25.0,0.0,0.0,0.0,3.0,4.0,4.0,0.0,24.0,25.0,25.0,58.0,94.0,94.0,28.0,28.0,300.0,0.0,0.0,0.0,0.0,0.0,0.0,0.0,0.0,0.0
0.0,200.48,86.0,86.0,86.0,12.02,1.9,12.8,0.0,-47.3,0.01,0.0,176.5,0.0,261.0,1.0,1.0,0.0,691.0,0.0,0.0,0.0,0.0,1.4,0.0,32.4,31.2,0.8,3.4,425.4,0.0,10.95,18.0,23.7,23.6,25.0,23.4,24.4,27.8,25.9,25.9,27.8,30.9,25.4,28.8,27.6,27.4,28.0,28.0,25.0,0.0,0.0,0.0,3.0,4.0,4.0,0.0,24.0,25.0,25.0,59.0,93.0,93.0,28.0,28.0,300.0,0.0,0.0,0.0,0.0,0.0,0.0,0.0,0.0,0.0
0.0,173.99,86.0,86.0,86.0,8.44,3.1,13.06,0.0,25.6,0.0,0.0,176.6,0.0,187.0,1.0,1.0,0.0,690.0,0.0,0.0,0.0,0.0,1.0,0.0,30.4,29.7,0.7,3.3,425.4,0.0,10.95,20.0,23.6,23.4,25.0,23.3,24.2,27.8,25.7,25.7,27.9,31.0,25.3,28.8,27.8,27.4,27.0,27.0,25.0,0.0,0.0,0.0,3.0,4.0,4.0,0.0,24.0,25.0,25.0,58.0,94.0,94.0,28.0,28.0,300.0,0.0,0.0,0.0,0.0,0.0,0.0,0.0,0.0,0.0
0.01,174.74,86.0,86.0,86.0,8.48,3.16,13.22,0.0,-17.1,0.01,0.0,176.5,0.0,215.0,1.0,1.0,0.0,690.0,0.0,0.0,0.0,0.0,1.3,0.0,32.1,30.9,0.8,3.3,425.4,0.0,10.95,19.9,23.7,23.6,25.0,23.3,24.4,27.8,25.8,25.9,27.8,30.9,25.3,28.9,27.6,27.4,28.0,28.0,25.0,0.0,0.0,0.0,3.0,4.0,4.0,0.0,24.0,25.0,25.0,58.0,93.0,93.0,28.0,28.0,300.0,0.0,0.0,0.0,0.0,0.0,0.0,0.0,0.0,0.0
0.0,173.99,86.0,86.0,86.0,8.46,3.18,13.48,0.0,0.7,0.01,0.01,176.5,0.0,196.0,1.0,1.0,0.0,690.0,0.0,0.0,0.0,0.0,1.0,0.0,32.1,30.8,0.7,3.3,425.4,0.0,10.95,20.2,23.7,23.6,25.0,23.3,24.4,27.8,25.8,25.8,27.8,30.9,25.3,28.9,27.6,27.4,28.0,28.0,25.0,0.0,0.0,0.0,3.0,4.0,4.0,0.0,24.0,25.0,25.0,58.0,93.0,93.0,28.0,28.0,300.0,0.0,0.0,0.0,0.0,0.0,0.0,0.0,0.0,0.0
0.0,173.99,86.0,86.0,86.0,8.46,3.26,12.96,0.0,25.7,0.01,0.0,176.5,0.0,188.0,1.0,1.0,0.0,690.0,0.0,0.0,0.0,0.0,1.4,0.0,32.0,30.7,0.7,3.3,425.4,0.0,10.95,20.1,23.7,23.6,25.0,23.3,24.4,27.8,25.8,25.7,27.9,30.9,25.3,28.9,27.6,27.4,27.0,28.0,25.0,0.0,0.0,0.0,3.0,4.0,4.0,0.0,24.0,25.0,25.0,58.0,93.0,94.0,28.0,28.0,300.0,0.0,0.0,0.0,0.0,0.0,0.0,0.0,0.0,0.0
0.0,173.99,86.0,86.0,86.0,8.6,3.06,13.58,0.0,25.6,0.01,0.0,176.6,0.0,187.0,1.0,1.0,0.0,690.0,0.0,0.0,0.0,0.0,1.4,0.0,30.7,29.7,0.7,3.3,425.4,0.0,10.95,20.0,23.7,23.4,25.0,23.3,24.2,27.8,25.7,25.7,27.9,31.0,25.3,28.8,27.7,27.4,27.0,27.0,25.0,0.0,0.0,0.0,3.0,4.0,4.0,0.0,24.0,25.0,25.0,58.0,94.0,94.0,28.0,28.0,300.0,0.0,0.0,0.0,0.0,0.0,0.0,0.0,0.0,0.0
0.0,173.99,86.0,86.0,86.0,8.24,3.12,13.68,0.0,25.6,0.0,0.0,176.6,0.0,187.0,1.0,1.0,0.0,690.0,0.0,0.0,0.0,0.0,1.0,0.0,30.8,29.8,0.7,3.3,425.4,0.0,10.95,20.0,23.7,23.4,25.0,23.3,24.2,27.8,25.7,25.7,27.9,31.0,25.3,28.8,27.7,27.4,27.0,27.0,25.0,0.0,0.0,0.0,3.0,4.0,4.0,0.0,24.0,25.0,25.0,58.0,94.0,94.0,28.0,28.0,300.0,0.0,0.0,0.0,0.0,0.0,0.0,0.0,0.0,0.0
0.0,173.99,86.0,86.0,86.0,8.72,3.34,13.6,0.0,25.7,0.0,0.0,176.5,0.0,187.0,1.0,1.0,0.0,690.0,0.0,0.0,0.0,0.0,1.4,0.0,31.8,30.8,0.7,3.3,425.4,0.0,10.95,20.1,23.7,23.6,25.0,23.3,24.4,27.8,25.8,25.7,27.9,30.9,25.3,28.9,27.6,27.4,27.0,28.0,25.0,0.0,0.0,0.0,3.0,4.0,4.0,0.0,24.0,25.0,25.0,58.0,93.0,94.0,28.0,28.0,300.0,0.0,0.0,0.0,0.0,0.0,0.0,0.0,0.0,0.0
0.0,173.99,86.0,86.0,86.0,8.44,3.18,13.16,0.0,27.0,0.01,0.0,176.6,0.0,187.0,1.0,1.0,0.0,690.0,0.0,0.0,0.0,0.0,1.2,0.0,31.0,29.7,0.7,3.3,425.4,0.0,10.95,20.0,23.7,23.5,25.0,23.3,24.2,27.8,25.7,25.7,27.9,31.0,25.3,28.8,27.7,27.4,27.0,27.0,25.0,0.0,0.0,0.0,3.0,4.0,4.0,0.0,24.0,25.0,25.0,58.0,94.0,94.0,28.0,28.0,300.0,0.0,0.0,0.0,0.0,0.0,0.0,0.0,0.0,0.0
0.0,173.99,86.0,86.0,86.0,8.68,3.28,13.26,0.0,23.9,0.0,0.0,176.6,0.0,188.0,1.0,1.0,0.0,691.0,0.0,0.0,0.0,0.0,1.1,0.0,31.5,30.4,0.7,3.3,425.4,0.0,10.95,20.2,23.7,23.6,25.0,23.3,24.4,27.8,25.7,25.7,27.9,31.0,25.3,28.8,27.6,27.4,27.0,27.0,25.0,0.0,0.0,0.0,3.0,4.0,4.0,0.0,24.0,25.0,25.0,58.0,94.0,94.0,28.0,28.0,300.0,0.0,0.0,0.0,0.0,0.0,0.0,0.0,0.0,0.0
0.0,173.99,86.0,86.0,86.0,8.38,3.04,13.22,0.0,27.4,0.01,0.01,176.6,0.0,187.0,1.0,1.0,0.0,690.0,0.0,0.0,0.0,0.0,1.4,0.0,31.0,29.7,0.7,3.3,425.4,0.0,10.95,19.8,23.6,23.4,25.0,23.3,24.2,27.8,25.7,25.7,27.9,31.0,25.3,28.8,27.7,27.4,27.0,27.0,25.0,0.0,0.0,0.0,3.0,4.0,4.0,0.0,24.0,25.0,25.0,58.0,94.0,94.0,28.0,28.0,300.0,0.0,0.0,0.0,0.0,0.0,0.0,0.0,0.0,0.0
0.0,173.99,86.0,86.0,86.0,8.38,3.08,13.46,0.0,25.6,0.01,0.01,176.6,0.0,187.0,1.0,1.0,0.0,690.0,0.0,0.0,0.0,0.0,1.4,0.0,30.6,29.6,0.7,3.3,425.4,0.0,10.95,20.0,23.7,23.4,25.0,23.3,24.2,27.8,25.7,25.7,27.9,31.0,25.3,28.8,27.8,27.4,27.0,27.0,25.0,0.0,0.0,0.0,3.0,4.0,4.0,0.0,24.0,25.0,25.0,58.0,94.0,94.0,28.0,28.0,300.0,0.0,0.0,0.0,0.0,0.0,0.0,0.0,0.0,0.0
0.0,173.99,86.0,86.0,86.0,8.52,3.24,13.22,0.0,25.6,0.01,0.0,176.6,0.0,187.0,1.0,1.0,0.0,690.0,0.0,0.0,0.0,0.0,1.2,0.0,30.7,29.7,0.7,3.3,425.4,0.0,10.95,20.0,23.7,23.4,25.0,23.3,24.2,27.8,25.7,25.7,27.9,31.0,25.3,28.8,27.7,27.4,27.0,27.0,25.0,0.0,0.0,0.0,3.0,4.0,4.0,0.0,24.0,25.0,25.0,58.0,94.0,94.0,28.0,28.0,300.0,0.0,0.0,0.0,0.0,0.0,0.0,0.0,0.0,0.0
0.0,173.99,86.0,86.0,86.0,8.88,3.36,13.48,0.0,-1.3,0.0,0.01,176.5,0.0,198.0,1.0,1.0,0.0,690.0,0.0,0.0,0.0,0.0,1.4,0.0,32.0,31.0,0.8,3.4,425.4,0.0,10.95,20.2,23.7,23.6,25.0,23.3,24.4,27.8,25.8,25.9,27.8,30.9,25.3,28.9,27.6,27.4,28.0,28.0,25.0,0.0,0.0,0.0,3.0,4.0,4.0,0.0,24.0,25.0,25.0,58.0,93.0,93.0,28.0,28.0,300.0,0.0,0.0,0.0,0.0,0.0,0.0,0.0,0.0,0.0
0.12,195.77,86.0,86.0,86.0,10.6,0.0,13.94,0.08,-68.2,0.01,0.0,176.5,0.0,256.0,1.0,1.0,0.0,690.0,0.0,0.0,0.0,0.0,1.2,0.0,32.2,31.0,0.7,3.3,425.4,0.0,10.95,18.7,23.7,23.6,25.0,23.3,24.4,27.8,25.9,25.9,27.8,30.9,25.3,28.9,27.6,27.4,28.0,28.0,25.0,0.0,0.0,0.0,3.0,4.0,4.0,0.0,24.0,25.0,25.0,58.0,93.0,93.0,28.0,28.0,300.0,0.0,0.0,0.0,0.0,0.0,0.0,0.0,0.0,0.0
0.0,173.99,86.0,86.0,86.0,9.08,3.3,13.7,0.0,25.7,-0.01,0.01,176.6,0.0,188.0,1.0,1.0,0.0,690.0,0.0,0.0,0.0,0.0,0.9,0.0,31.7,30.7,0.7,3.3,425.4,0.0,10.95,20.0,23.7,23.6,25.0,23.3,24.4,27.8,25.7,25.7,27.9,30.9,25.3,28.9,27.6,27.4,27.0,28.0,25.0,0.0,0.0,0.0,3.0,4.0,4.0,0.0,24.0,25.0,25.0,58.0,93.0,93.0,28.0,28.0,300.0,0.0,0.0,0.0,0.0,0.0,0.0,0.0,0.0,0.0
0.0,173.99,86.0,86.0,86.0,8.8,3.06,13.58,0.0,24.6,0.01,0.01,176.5,0.0,188.0,1.0,1.0,0.0,690.0,0.0,0.0,0.0,0.0,1.2,0.0,31.8,30.7,0.8,3.3,425.4,0.0,10.95,20.2,23.7,23.6,25.0,23.3,24.4,27.8,25.7,25.8,27.8,30.9,25.3,28.9,27.6,27.4,28.0,28.0,25.0,0.0,0.0,0.0,3.0,4.0,4.0,0.0,24.0,25.0,25.0,58.0,93.0,94.0,28.0,28.0,300.0,0.0,0.0,0.0,0.0,0.0,0.0,0.0,0.0,0.0
0.0,173.99,86.0,86.0,86.0,8.38,2.88,13.34,0.0,25.7,-0.02,0.01,176.5,0.0,188.0,1.0,1.0,0.0,690.0,0.0,0.0,0.0,0.0,1.4,0.0,31.5,30.4,0.8,3.3,425.4,0.0,10.95,20.2,23.7,23.6,25.0,23.3,24.4,27.8,25.7,25.7,27.9,31.0,25.3,28.8,27.6,27.4,27.0,27.0,25.0,0.0,0.0,0.0,3.0,4.0,4.0,0.0,24.0,25.0,25.0,58.0,94.0,94.0,28.0,28.0,300.0,0.0,0.0,0.0,0.0,0.0,0.0,0.0,0.0,0.0
0.0,173.99,86.0,86.0,86.0,8.38,3.06,13.16,0.0,27.4,0.01,0.0,176.6,0.0,186.0,1.0,1.0,0.0,690.0,0.0,0.0,0.0,0.0,1.5,0.0,31.1,29.9,0.7,3.3,425.4,0.0,10.95,19.8,23.7,23.5,25.0,23.3,24.3,27.8,25.7,25.7,27.9,31.0,25.3,28.8,27.6,27.4,27.0,27.0,25.0,0.0,0.0,0.0,3.0,4.0,4.0,0.0,24.0,25.0,25.0,58.0,94.0,94.0,28.0,28.0,300.0,0.0,0.0,0.0,0.0,0.0,0.0,0.0,0.0,0.0
0.0,173.99,86.0,86.0,86.0,8.22,3.08,12.72,0.0,25.7,0.0,0.01,176.5,0.0,188.0,1.0,1.0,0.0,690.0,0.0,0.0,0.0,0.0,1.2,0.0,31.7,30.6,0.7,3.3,425.4,0.0,10.95,20.2,23.7,23.6,25.0,23.3,24.4,27.8,25.7,25.7,27.9,31.0,25.3,28.8,27.6,27.4,27.0,27.0,25.0,0.0,0.0,0.0,3.0,4.0,4.0,0.0,24.0,25.0,25.0,58.0,94.0,94.0,28.0,28.0,300.0,0.0,0.0,0.0,0.0,0.0,0.0,0.0,0.0,0.0
0.0,173.99,86.0,86.0,86.0,8.84,2.92,13.56,0.0,25.6,0.0,0.0,176.6,0.0,188.0,1.0,1.0,0.0,691.0,0.0,0.0,0.0,0.0,1.2,0.0,32.7,32.3,0.8,3.3,425.4,0.0,10.95,19.5,23.6,23.4,25.0,23.3,24.2,27.8,25.7,25.6,27.9,31.0,25.3,28.8,27.8,27.4,29.0,29.0,25.0,0.0,0.0,0.0,3.0,4.0,4.0,0.0,24.0,25.0,25.0,58.0,94.0,94.0,28.0,28.0,300.0,0.0,0.0,0.0,0.0,0.0,0.0,0.0,0.0,0.0
0.0,173.99,86.0,86.0,86.0,8.72,3.26,13.08,0.0,25.6,0.01,0.0,176.6,0.0,188.0,1.0,1.0,0.0,690.0,0.0,0.0,0.0,0.0,1.4,0.0,31.2,30.7,0.8,3.3,425.4,0.0,10.95,19.8,23.7,23.4,25.0,23.3,24.2,27.8,25.7,25.6,27.9,31.0,25.3,28.8,27.8,27.4,27.0,28.0,25.0,0.0,0.0,0.0,3.0,4.0,4.0,0.0,24.0,25.0,25.0,58.0,94.0,94.0,28.0,28.0,300.0,0.0,0.0,0.0,0.0,0.0,0.0,0.0,0.0,0.0
0.0,173.99,86.0,86.0,86.0,8.44,3.2,13.3,0.0,24.0,0.0,0.0,176.6,0.0,188.0,1.0,1.0,0.0,690.0,0.0,0.0,0.0,0.0,1.0,0.0,31.5,30.5,0.8,3.3,425.4,0.0,10.95,20.2,23.7,23.6,25.0,23.3,24.4,27.8,25.7,25.7,27.9,31.0,25.3,28.8,27.6,27.4,27.0,27.0,25.0,0.0,0.0,0.0,3.0,4.0,4.0,0.0,24.0,25.0,25.0,58.0,94.0,94.0,28.0,28.0,300.0,0.0,0.0,0.0,0.0,0.0,0.0,0.0,0.0,0.0
0.0,173.99,86.0,86.0,86.0,8.66,3.12,13.5,0.0,25.7,0.0,0.0,176.5,0.0,188.0,1.0,1.0,0.0,690.0,0.0,0.0,0.0,0.0,1.3,0.0,31.7,30.7,0.7,3.3,425.4,0.0,10.95,20.1,23.7,23.6,25.0,23.3,24.4,27.8,25.7,25.7,27.9,31.0,25.3,28.9,27.6,27.4,27.0,27.0,25.0,0.0,0.0,0.0,3.0,4.0,4.0,0.0,24.0,25.0,25.0,58.0,93.0,94.0,28.0,28.0,300.0,0.0,0.0,0.0,0.0,0.0,0.0,0.0,0.0,0.0
0.0,173.99,86.0,86.0,86.0,7.88,3.02,13.3,0.0,25.6,0.01,0.01,176.6,0.0,187.0,1.0,1.0,0.0,689.0,0.0,0.0,0.0,0.0,1.1,0.0,30.4,29.8,0.7,3.3,425.4,0.0,10.95,20.0,23.6,23.4,25.0,23.3,24.2,27.8,25.7,25.7,27.9,31.0,25.3,28.8,27.8,27.4,27.0,27.0,25.0,0.0,0.0,0.0,3.0,4.0,4.0,0.0,24.0,25.0,25.0,58.0,94.0,94.0,28.0,28.0,300.0,0.0,0.0,0.0,0.0,0.0,0.0,0.0,0.0,0.0
0.0,173.99,86.0,86.0,86.0,8.42,3.08,13.08,0.0,27.4,0.01,0.0,176.6,0.0,186.0,1.0,1.0,0.0,691.0,0.0,0.0,0.0,0.0,1.5,0.0,31.1,30.1,0.7,3.3,425.4,0.0,10.95,19.8,23.7,23.5,25.0,23.3,24.2,27.8,25.7,25.7,27.9,31.0,25.3,28.8,27.6,27.4,27.0,27.0,25.0,0.0,0.0,0.0,3.0,4.0,4.0,0.0,24.0,25.0,25.0,58.0,94.0,94.0,28.0,28.0,300.0,0.0,0.0,0.0,0.0,0.0,0.0,0.0,0.0,0.0
0.0,173.99,86.0,86.0,86.0,7.94,2.98,13.44,0.0,-2.3,0.01,0.01,176.5,0.0,200.0,1.0,1.0,0.0,690.0,0.0,0.0,0.0,0.0,1.4,0.0,32.0,30.8,0.8,3.3,425.4,0.0,10.95,20.2,23.7,23.6,25.0,23.3,24.4,27.8,25.8,25.9,27.8,30.9,25.3,28.9,27.6,27.4,28.0,28.0,25.0,0.0,0.0,0.0,3.0,4.0,4.0,0.0,24.0,25.0,25.0,58.0,93.0,93.0,28.0,28.0,300.0,0.0,0.0,0.0,0.0,0.0,0.0,0.0,0.0,0.0
0.0,200.48,86.0,86.0,86.0,11.86,1.86,12.84,0.0,-48.2,0.01,0.0,176.5,0.0,261.0,1.0,1.0,0.0,691.0,0.0,0.0,0.0,0.0,1.0,0.0,32.3,31.1,0.8,3.3,425.4,0.0,10.95,18.2,23.7,23.6,25.0,23.3,24.4,27.8,25.9,25.9,27.8,30.9,25.4,28.8,27.6,27.4,28.0,28.0,25.0,0.0,0.0,0.0,3.0,4.0,4.0,0.0,24.0,25.0,25.0,59.0,93.0,93.0,28.0,28.0,300.0,0.0,0.0,0.0,0.0,0.0,0.0,0.0,0.0,0.0
0.0,173.99,86.0,86.0,86.0,8.74,3.04,13.6,0.0,24.1,0.01,0.0,176.5,0.0,188.0,1.0,1.0,0.0,690.0,0.0,0.0,0.0,0.0,1.0,0.0,31.5,30.3,0.7,3.3,425.4,0.0,10.95,20.2,23.7,23.6,25.0,23.3,24.4,27.8,25.7,25.7,27.9,31.0,25.3,28.8,27.6,27.4,27.0,27.0,25.0,0.0,0.0,0.0,3.0,4.0,4.0,0.0,24.0,25.0,25.0,58.0,94.0,94.0,28.0,28.0,300.0,0.0,0.0,0.0,0.0,0.0,0.0,0.0,0.0,0.0
0.0,173.99,86.0,86.0,86.0,8.2,2.98,13.02,0.0,25.6,0.01,0.0,176.6,0.0,188.0,1.0,1.0,0.0,691.0,0.0,0.0,0.0,0.0,1.6,0.0,32.6,32.1,0.8,3.3,425.4,0.0,10.95,19.5,23.6,23.4,25.0,23.3,24.2,27.8,25.7,25.6,27.9,31.0,25.3,28.8,27.8,27.4,29.0,29.0,25.0,0.0,0.0,0.0,3.0,4.0,4.0,0.0,24.0,25.0,25.0,58.0,94.0,94.0,28.0,28.0,300.0,0.0,0.0,0.0,0.0,0.0,0.0,0.0,0.0,0.0
0.0,173.99,86.0,86.0,86.0,7.92,2.9,13.52,0.0,23.9,0.0,0.0,176.6,0.0,188.0,1.0,1.0,0.0,690.0,0.0,0.0,0.0,0.0,1.5,0.0,31.6,30.4,0.7,3.3,425.4,0.0,10.95,20.2,23.7,23.6,25.0,23.3,24.4,27.8,25.7,25.7,27.9,31.0,25.3,28.8,27.6,27.4,27.0,27.0,25.0,0.0,0.0,0.0,3.0,4.0,4.0,0.0,24.0,25.0,25.0,58.0,94.0,94.0,28.0,28.0,300.0,0.0,0.0,0.0,0.0,0.0,0.0,0.0,0.0,0.0
0.0,173.99,86.0,86.0,86.0,8.54,3.04,12.96,0.0,27.4,0.0,0.01,176.5,0.0,186.0,1.0,1.0,0.0,690.0,0.0,0.0,0.0,0.0,1.3,0.0,30.9,29.9,0.7,3.3,425.4,0.0,10.95,19.8,23.7,23.4,25.0,23.3,24.3,27.8,25.7,25.7,27.9,31.0,25.3,28.8,27.7,27.4,27.0,27.0,25.0,0.0,0.0,0.0,3.0,4.0,4.0,0.0,24.0,25.0,25.0,58.0,94.0,94.0,28.0,28.0,300.0,0.0,0.0,0.0,0.0,0.0,0.0,0.0,0.0,0.0
0.0,173.99,86.0,86.0,86.0,7.88,3.12,13.58,0.0,25.6,0.03,0.0,176.5,0.0,187.0,1.0,1.0,0.0,690.0,0.0,0.0,0.0,0.0,1.2,0.0,30.7,29.6,0.7,3.3,425.4,0.0,10.95,20.0,23.7,23.4,25.0,23.3,24.2,27.8,25.7,25.7,27.9,31.0,25.3,28.8,27.7,27.4,27.0,27.0,25.0,0.0,0.0,0.0,3.0,4.0,4.0,0.0,24.0,25.0,25.0,58.0,94.0,94.0,28.0,28.0,300.0,0.0,0.0,0.0,0.0,0.0,0.0,0.0,0.0,0.0
0.0,173.99,86.0,86.0,86.0,8.68,3.04,13.62,0.0,27.4,0.0,0.0,176.6,0.0,186.0,1.0,1.0,0.0,691.0,0.0,0.0,0.0,0.0,1.2,0.0,31.2,30.1,0.7,3.3,425.4,0.0,10.95,19.7,23.7,23.5,25.0,23.3,24.2,27.8,25.7,25.7,27.9,31.0,25.3,28.8,27.6,27.4,27.0,27.0,25.0,0.0,0.0,0.0,3.0,4.0,4.0,0.0,24.0,25.0,25.0,58.0,94.0,94.0,28.0,28.0,300.0,0.0,0.0,0.0,0.0,0.0,0.0,0.0,0.0,0.0
0.0,200.48,86.0,86.0,86.0,12.38,1.84,12.72,0.0,-49.2,0.01,0.0,176.5,0.2,261.0,1.0,1.0,0.0,691.0,0.0,0.0,0.0,0.0,1.2,0.0,32.4,31.4,0.8,3.4,425.4,0.0,10.95,18.0,23.7,23.6,25.0,23.3,24.4,27.8,25.9,25.9,27.8,30.9,25.4,28.8,27.6,27.4,28.0,28.0,25.0,0.0,0.0,0.0,3.0,4.0,4.0,0.0,24.0,25.0,25.0,59.0,93.0,93.0,28.0,28.0,300.0,0.0,0.0,0.0,0.0,0.0,0.0,0.0,0.0,0.0
0.0,173.99,86.0,86.0,86.0,8.46,3.16,13.22,0.0,25.6,0.01,0.0,176.6,0.0,187.0,1.0,1.0,0.0,690.0,0.0,0.0,0.0,0.0,1.4,0.0,31.3,30.3,0.7,3.3,425.4,0.0,10.95,20.2,23.7,23.6,25.0,23.3,24.4,27.8,25.7,25.7,27.9,31.0,25.3,28.8,27.6,27.4,27.0,27.0,25.0,0.0,0.0,0.0,3.0,4.0,4.0,0.0,24.0,25.0,25.0,58.0,94.0,94.0,28.0,28.0,300.0,0.0,0.0,0.0,0.0,0.0,0.0,0.0,0.0,0.0
0.0,173.99,86.0,86.0,86.0,8.34,3.02,13.72,0.0,27.4,0.01,0.0,176.6,0.0,186.0,1.0,1.0,0.0,690.0,0.0,0.0,0.0,0.0,1.4,0.0,31.0,30.0,0.7,3.3,425.4,0.0,10.95,19.8,23.7,23.4,25.0,23.3,24.2,27.8,25.7,25.7,27.9,31.0,25.3,28.8,27.7,27.4,27.0,27.0,25.0,0.0,0.0,0.0,3.0,4.0,4.0,0.0,24.0,25.0,25.0,58.0,94.0,94.0,28.0,28.0,300.0,0.0,0.0,0.0,0.0,0.0,0.0,0.0,0.0,0.0
0.0,200.48,86.0,86.0,86.0,11.62,1.98,12.6,0.0,-49.1,0.01,0.0,176.5,0.0,260.0,1.0,1.0,0.0,690.0,0.0,0.0,0.0,0.0,1.8,0.0,32.4,31.2,0.8,3.3,425.4,0.0,10.95,18.2,23.7,23.6,25.0,23.3,24.4,27.8,25.9,25.9,27.8,30.9,25.4,28.8,27.6,27.4,28.0,28.0,25.0,0.0,0.0,0.0,3.0,4.0,4.0,0.0,24.0,25.0,25.0,59.0,93.0,93.0,28.0,28.0,300.0,0.0,0.0,0.0,0.0,0.0,0.0,0.0,0.0,0.0
0.0,173.99,86.0,86.0,86.0,8.32,3.22,12.88,0.0,25.7,0.01,0.0,176.6,0.0,187.0,1.0,1.0,0.0,690.0,0.0,0.0,0.0,0.0,1.7,0.0,31.7,30.7,0.7,3.3,425.4,0.0,10.95,20.1,23.7,23.6,25.0,23.3,24.4,27.8,25.7,25.7,27.9,30.9,25.3,28.9,27.6,27.4,27.0,28.0,25.0,0.0,0.0,0.0,3.0,4.0,4.0,0.0,24.0,25.0,25.0,58.0,93.0,94.0,28.0,28.0,300.0,0.0,0.0,0.0,0.0,0.0,0.0,0.0,0.0,0.0
0.0,173.99,86.0,86.0,86.0,8.3,3.04,12.66,0.0,25.6,0.01,0.01,176.6,0.0,188.0,1.0,1.0,0.0,690.0,0.0,0.0,0.0,0.0,1.4,0.0,31.6,30.5,0.7,3.3,425.4,0.0,10.95,20.2,23.7,23.6,25.0,23.3,24.4,27.8,25.7,25.7,27.9,31.0,25.3,28.8,27.6,27.4,27.0,27.0,25.0,0.0,0.0,0.0,3.0,4.0,4.0,0.0,24.0,25.0,25.0,58.0,94.0,94.0,28.0,28.0,300.0,0.0,0.0,0.0,0.0,0.0,0.0,0.0,0.0,0.0
0.0,173.99,86.0,86.0,86.0,8.0,2.98,12.96,0.0,25.7,0.01,0.0,176.6,0.0,187.0,1.0,1.0,0.0,690.0,0.0,0.0,0.0,0.0,1.3,0.0,31.8,30.6,0.8,3.3,425.4,0.0,10.95,20.1,23.7,23.6,25.0,23.3,24.4,27.8,25.7,25.7,27.9,30.9,25.3,28.9,27.6,27.4,27.0,28.0,25.0,0.0,0.0,0.0,3.0,4.0,4.0,0.0,24.0,25.0,25.0,58.0,93.0,94.0,28.0,28.0,300.0,0.0,0.0,0.0,0.0,0.0,0.0,0.0,0.0,0.0
0.0,173.99,86.0,86.0,86.0,8.68,3.0,13.46,0.0,24.3,0.01,0.0,176.5,0.0,187.0,1.0,1.0,0.0,690.0,0.0,0.0,0.0,0.0,1.7,0.0,31.5,30.2,0.7,3.4,425.4,0.0,10.95,20.2,23.7,23.6,25.0,23.3,24.4,27.8,25.7,25.7,27.9,31.0,25.3,28.8,27.6,27.4,27.0,27.0,25.0,0.0,0.0,0.0,3.0,4.0,4.0,0.0,24.0,25.0,25.0,58.0,94.0,94.0,28.0,28.0,300.0,0.0,0.0,0.0,0.0,0.0,0.0,0.0,0.0,0.0
