轮毂转速,轮毂角度,叶片1角度,叶片2角度,叶片3角度,变桨电机1电流,变桨电机2电流,变桨电机3电流,超速传感器转速检测值,5秒偏航对风平均值,x方向振动值,y方向振动值,液压制动压力,机舱气象站风速,风向绝对值,大气压力,无功功率控制状态,变频器电网侧电流,变频器电网侧电压,变频器电网侧有功功率,变频器电网侧无功功率,变频器发电机侧功率,发电机运行频率,发电机电流,发电机转矩,变频器入口温度,变频器出口温度,变频器入口压力,变频器出口压力,发电机功率限幅值,无功功率设定值,额定的轮毂转速,测风塔环境温度,发电机定子温度1,发电机定子温度2,发电机定子温度3,发电机定子温度4,发电机定子温度5,发电机定子温度6,发电机空气温度1,发电机空气温度2,主轴承温度1,主轴承温度2,轮毂温度,轮毂控制柜温度,机舱温度,机舱控制柜温度,变频器INU温度,变频器ISU温度,变频器INU RMIO温度,变桨电机1功率估算,变桨电机2功率估算,变桨电机3功率估算,风机当前状态值,轮毂当前状态值,偏航状态值,偏航要求值,叶片1电池箱温度,叶片2电池箱温度,叶片3电池箱温度,叶片1变桨电机温度,叶片2变桨电机温度,叶片3变桨电机温度,叶片1变频器箱温度,叶片2变频器箱温度,叶片3变频器箱温度,叶片1超级电容电压,叶片2超级电容电压,叶片3超级电容电压,驱动1晶闸管温度,驱动2晶闸管温度,驱动3晶闸管温度,驱动1输出扭矩,驱动2输出扭矩,驱动3输出扭矩
0.0,0.0,90.91,90.45,90.86,0.0,0.0,0.0,0.06,-33.6,0.79,0.54,0.0,3.0,316.0,1.0,1.0,0.0,0.0,0.0,0.0,0.0,0.0,0.0,0.0,-4.5,-4.6,0.0,1.2,527.1,-448.0,11.75,-11.9,-5.5,-9.4,-8.6,-8.4,-5.6,-6.6,-8.4,-8.3,-9.6,-9.5,3.0,22.0,-8.7,-6.6,0.0,0.0,0.0,0.0,0.0,0.0,1.0,1.0,2.0,0.0,10.0,16.0,-2.0,14.0,13.0,11.0,22.0,22.0,11.0,0.0,0.0,0.0,0.0,0.0,0.0,0.0,0.0,0.0
0.0,0.0,90.91,90.45,90.86,0.0,0.0,0.0,0.06,-33.2,0.01,0.03,0.0,3.0,313.0,1.0,1.0,0.0,0.0,0.0,0.0,0.0,0.0,0.0,0.0,-4.7,-4.6,0.0,1.2,527.1,-448.0,11.75,-11.9,-5.5,-9.4,-8.6,-8.4,-5.6,-6.6,-8.4,-8.3,-9.6,-9.5,3.0,21.0,-8.7,-6.6,0.0,0.0,0.0,0.0,0.0,0.0,1.0,1.0,2.0,0.0,10.0,16.0,-2.0,14.0,13.0,11.0,21.0,21.0,11.0,0.0,0.0,0.0,0.0,0.0,0.0,0.0,0.0,0.0
0.0,0.0,90.91,90.45,90.86,0.0,0.0,0.0,0.06,-23.7,0.79,0.54,0.0,2.6,305.0,1.0,1.0,0.0,0.0,0.0,0.0,0.0,0.0,0.0,0.0,-4.7,-4.6,0.0,1.2,527.1,-448.0,11.75,-11.9,-5.5,-9.4,-8.6,-8.4,-5.6,-6.6,-8.4,-8.3,-9.6,-9.5,3.0,21.0,-8.7,-6.6,0.0,0.0,0.0,0.0,0.0,0.0,1.0,1.0,2.0,0.0,10.0,16.0,-2.0,14.0,13.0,11.0,21.0,21.0,10.0,0.0,0.0,0.0,0.0,0.0,0.0,0.0,0.0,0.0
0.0,0.0,90.91,90.45,90.86,0.0,0.0,0.0,0.06,-52.1,0.01,-0.01,0.0,1.6,330.0,1.0,1.0,0.0,0.0,0.0,0.0,0.0,0.0,0.0,0.0,-4.5,-4.6,0.0,1.2,527.1,-448.0,11.75,-11.9,-5.5,-9.4,-8.6,-8.4,-5.6,-6.6,-8.4,-8.3,-9.6,-9.5,4.0,22.0,-8.7,-6.6,0.0,0.0,0.0,0.0,0.0,0.0,1.0,1.0,2.0,0.0,11.0,16.0,-2.0,14.0,13.0,11.0,22.0,22.0,11.0,0.0,0.0,0.0,0.0,0.0,0.0,0.0,0.0,0.0
0.0,0.0,90.91,90.45,90.86,0.0,0.0,0.0,0.06,-33.9,0.03,0.0,0.0,2.8,313.0,1.0,1.0,0.0,0.0,0.0,0.0,0.0,0.0,0.0,0.0,-4.5,-4.6,0.0,1.2,527.1,-448.0,11.75,-11.9,-5.5,-9.4,-8.6,-8.4,-5.6,-6.6,-8.4,-8.3,-9.6,-9.5,4.0,21.0,-8.7,-6.6,0.0,0.0,0.0,0.0,0.0,0.0,1.0,1.0,2.0,0.0,10.0,16.0,-2.0,14.0,13.0,11.0,21.0,21.0,11.0,0.0,0.0,0.0,0.0,0.0,0.0,0.0,0.0,0.0
0.0,0.0,90.91,90.45,90.86,0.0,0.0,0.0,0.06,-34.9,0.01,-0.01,0.0,2.6,312.0,1.0,1.0,0.0,0.0,0.0,0.0,0.0,0.0,0.0,0.0,-4.6,-4.6,0.0,1.2,527.1,-448.0,11.75,-11.9,-5.5,-9.4,-8.6,-8.4,-5.6,-6.7,-8.4,-8.3,-9.6,-9.5,4.0,21.0,-8.7,-6.6,0.0,0.0,0.0,0.0,0.0,0.0,1.0,1.0,2.0,0.0,9.0,16.0,-2.0,14.0,13.0,11.0,21.0,21.0,11.0,0.0,0.0,0.0,0.0,0.0,0.0,0.0,0.0,0.0
0.0,0.0,90.91,90.45,90.86,0.0,0.0,0.0,0.06,-23.3,0.03,0.0,0.0,2.5,304.0,1.0,1.0,0.0,0.0,0.0,0.0,0.0,0.0,0.0,0.0,-4.6,-4.6,0.0,1.2,527.1,-448.0,11.75,-11.9,-5.5,-9.4,-8.6,-8.4,-5.6,-6.7,-8.4,-8.3,-9.6,-9.5,4.0,22.0,-8.7,-6.6,0.0,0.0,0.0,0.0,0.0,0.0,1.0,1.0,2.0,0.0,10.0,16.0,-2.0,14.0,13.0,11.0,22.0,22.0,11.0,0.0,0.0,0.0,0.0,0.0,0.0,0.0,0.0,0.0
0.0,0.0,90.91,90.45,90.86,0.0,0.0,0.0,0.06,-46.5,0.01,-0.01,0.0,0.6,327.0,1.0,1.0,0.0,0.0,0.0,0.0,0.0,0.0,0.0,0.0,-4.5,-4.6,0.0,1.2,527.1,-448.0,11.75,-11.9,-5.5,-9.4,-8.6,-8.4,-5.6,-6.6,-8.4,-8.3,-9.6,-9.5,4.0,21.0,-8.7,-6.6,0.0,0.0,0.0,0.0,0.0,0.0,1.0,1.0,2.0,0.0,11.0,16.0,-2.0,14.0,13.0,11.0,21.0,21.0,11.0,0.0,0.0,0.0,0.0,0.0,0.0,0.0,0.0,0.0
0.0,0.0,90.91,90.45,90.86,0.0,0.0,0.0,0.06,-35.8,0.01,-0.01,0.0,2.8,312.0,1.0,1.0,0.0,0.0,0.0,0.0,0.0,0.0,0.0,0.0,-4.6,-4.6,0.0,1.2,527.1,-448.0,11.75,-11.9,-5.5,-9.4,-8.6,-8.4,-5.6,-6.7,-8.4,-8.3,-9.6,-9.5,5.0,21.0,-8.7,-6.6,0.0,0.0,0.0,0.0,0.0,0.0,1.0,1.0,2.0,0.0,9.0,16.0,-2.0,14.0,13.0,11.0,21.0,21.0,11.0,0.0,0.0,0.0,0.0,0.0,0.0,0.0,0.0,0.0
0.0,0.0,90.91,90.45,90.86,0.0,0.0,0.0,0.06,-51.9,0.03,0.0,0.0,1.4,328.0,1.0,1.0,0.0,0.0,0.0,0.0,0.0,0.0,0.0,0.0,-4.6,-4.6,0.0,1.2,527.1,-448.0,11.75,-11.9,-5.5,-9.4,-8.6,-8.4,-5.6,-6.6,-8.4,-8.3,-9.6,-9.5,3.0,21.0,-8.7,-6.6,0.0,0.0,0.0,0.0,0.0,0.0,1.0,1.0,2.0,0.0,11.0,16.0,-2.0,14.0,13.0,11.0,21.0,21.0,11.0,0.0,0.0,0.0,0.0,0.0,0.0,0.0,0.0,0.0
0.0,0.0,90.91,90.45,90.86,0.0,0.0,0.0,0.05,-51.7,0.02,0.0,0.0,2.4,331.0,1.0,1.0,0.0,0.0,0.0,0.0,0.0,0.0,0.0,0.0,-4.5,-4.6,0.0,1.2,527.1,-448.0,11.75,-11.9,-5.5,-9.4,-8.6,-8.4,-5.6,-6.6,-8.4,-8.3,-9.6,-9.5,4.0,21.0,-8.7,-6.6,0.0,0.0,0.0,0.0,0.0,0.0,1.0,1.0,2.0,0.0,11.0,16.0,-2.0,14.0,13.0,11.0,21.0,21.0,11.0,0.0,0.0,0.0,0.0,0.0,0.0,0.0,0.0,0.0
0.0,0.0,90.91,90.45,90.86,0.0,0.0,0.0,0.06,-31.3,0.03,0.0,0.0,2.4,307.0,1.0,1.0,0.0,0.0,0.0,0.0,0.0,0.0,0.0,0.0,-4.6,-4.8,0.0,1.2,527.1,-448.0,11.75,-11.9,-5.5,-9.4,-8.6,-8.4,-5.6,-6.7,-8.4,-8.3,-9.6,-9.5,4.0,22.0,-8.7,-6.6,0.0,0.0,0.0,0.0,0.0,0.0,1.0,1.0,2.0,0.0,9.0,16.0,-2.0,14.0,13.0,11.0,22.0,22.0,11.0,0.0,0.0,0.0,0.0,0.0,0.0,0.0,0.0,0.0
0.0,0.0,90.91,90.45,90.86,0.0,0.0,0.0,0.06,-24.7,0.01,0.03,0.0,2.3,303.0,1.0,1.0,0.0,0.0,0.0,0.0,0.0,0.0,0.0,0.0,-4.6,-4.7,0.0,1.2,527.1,-448.0,11.75,-11.9,-5.5,-9.4,-8.6,-8.4,-5.6,-6.7,-8.4,-8.3,-9.6,-9.5,4.0,21.0,-8.7,-6.6,0.0,0.0,0.0,0.0,0.0,0.0,1.0,1.0,2.0,0.0,9.0,16.0,-2.0,14.0,13.0,11.0,21.0,21.0,10.0,0.0,0.0,0.0,0.0,0.0,0.0,0.0,0.0,0.0
0.0,0.0,90.91,90.45,90.86,0.0,0.0,0.0,0.06,-46.5,0.79,0.54,0.0,2.5,330.0,1.0,1.0,0.0,0.0,0.0,0.0,0.0,0.0,0.0,0.0,-4.5,-4.6,0.0,1.2,527.1,-448.0,11.75,-11.9,-5.5,-9.4,-8.6,-8.4,-5.6,-6.6,-8.4,-8.3,-9.6,-9.5,4.0,21.0,-8.7,-6.6,0.0,0.0,0.0,0.0,0.0,0.0,1.0,1.0,2.0,0.0,11.0,16.0,-2.0,14.0,13.0,11.0,21.0,21.0,11.0,0.0,0.0,0.0,0.0,0.0,0.0,0.0,0.0,0.0
0.0,0.0,90.91,90.45,90.86,0.0,0.0,0.0,0.06,-27.6,0.03,0.01,0.0,2.8,312.0,1.0,1.0,0.0,0.0,0.0,0.0,0.0,0.0,0.0,0.0,-4.6,-4.7,0.0,1.2,527.1,-448.0,11.75,-11.9,-5.5,-9.4,-8.6,-8.4,-5.6,-6.6,-8.4,-8.3,-9.6,-9.5,3.0,21.0,-8.7,-6.6,0.0,0.0,0.0,0.0,0.0,0.0,1.0,1.0,2.0,0.0,10.0,16.0,-2.0,14.0,13.0,11.0,21.0,21.0,10.0,0.0,0.0,0.0,0.0,0.0,0.0,0.0,0.0,0.0
0.0,0.0,90.91,90.45,90.86,0.0,0.0,0.0,0.06,-30.3,0.01,-0.01,0.0,2.9,313.0,1.0,1.0,0.0,0.0,0.0,0.0,0.0,0.0,0.0,0.0,-4.6,-4.6,0.0,1.2,527.1,-448.0,11.75,-11.9,-5.5,-9.4,-8.6,-8.4,-5.6,-6.6,-8.4,-8.3,-9.6,-9.5,3.0,22.0,-8.7,-6.6,0.0,0.0,0.0,0.0,0.0,0.0,1.0,1.0,2.0,0.0,10.0,16.0,-2.0,14.0,13.0,11.0,22.0,22.0,11.0,0.0,0.0,0.0,0.0,0.0,0.0,0.0,0.0,0.0
0.0,0.0,90.91,90.45,90.86,0.0,0.0,0.0,0.06,-18.8,0.02,0.0,0.0,2.5,304.0,1.0,1.0,0.0,0.0,0.0,0.0,0.0,0.0,0.0,0.0,-4.6,-4.6,0.0,1.2,527.1,-448.0,11.75,-11.9,-5.5,-9.4,-8.6,-8.4,-5.6,-6.7,-8.4,-8.3,-9.6,-9.5,3.0,21.0,-8.7,-6.6,0.0,0.0,0.0,0.0,0.0,0.0,1.0,1.0,2.0,0.0,10.0,16.0,-2.0,14.0,13.0,11.0,21.0,21.0,10.0,0.0,0.0,0.0,0.0,0.0,0.0,0.0,0.0,0.0
0.0,0.0,90.91,90.45,90.86,0.0,0.0,0.0,0.06,-24.3,0.01,0.0,0.0,2.5,304.0,1.0,1.0,0.0,0.0,0.0,0.0,0.0,0.0,0.0,0.0,-4.7,-4.6,0.0,1.2,527.1,-448.0,11.75,-11.9,-5.5,-9.4,-8.6,-8.4,-5.6,-6.7,-8.4,-8.3,-9.6,-9.5,4.0,21.0,-8.7,-6.6,0.0,0.0,0.0,0.0,0.0,0.0,1.0,1.0,2.0,0.0,9.0,16.0,-2.0,14.0,13.0,11.0,21.0,21.0,11.0,0.0,0.0,0.0,0.0,0.0,0.0,0.0,0.0,0.0
0.0,0.0,90.91,90.45,90.86,0.0,0.0,0.0,0.06,-25.5,0.02,-0.01,0.0,2.1,303.0,1.0,1.0,0.0,0.0,0.0,0.0,0.0,0.0,0.0,0.0,-4.5,-4.6,0.0,1.2,527.1,-448.0,11.75,-11.9,-5.5,-9.4,-8.6,-8.4,-5.6,-6.7,-8.4,-8.3,-9.6,-9.5,3.0,21.0,-8.7,-6.6,0.0,0.0,0.0,0.0,0.0,0.0,1.0,1.0,2.0,0.0,9.0,16.0,-2.0,14.0,13.0,11.0,21.0,21.0,11.0,0.0,0.0,0.0,0.0,0.0,0.0,0.0,0.0,0.0
0.0,0.0,90.91,90.45,90.86,0.0,0.0,0.0,0.06,-35.1,0.03,0.0,0.0,2.7,312.0,1.0,1.0,0.0,0.0,0.0,0.0,0.0,0.0,0.0,0.0,-4.6,-4.6,0.0,1.2,527.1,-448.0,11.75,-11.9,-5.5,-9.4,-8.6,-8.4,-5.6,-6.7,-8.4,-8.3,-9.6,-9.5,4.0,21.0,-8.7,-6.6,0.0,0.0,0.0,0.0,0.0,0.0,1.0,1.0,2.0,0.0,9.0,16.0,-2.0,14.0,13.0,11.0,21.0,21.0,11.0,0.0,0.0,0.0,0.0,0.0,0.0,0.0,0.0,0.0
0.0,0.0,90.91,90.45,90.86,0.0,0.0,0.0,0.06,-29.5,0.02,0.0,0.0,2.8,311.0,1.0,1.0,0.0,0.0,0.0,0.0,0.0,0.0,0.0,0.0,-4.5,-4.6,0.0,1.2,527.1,-448.0,11.75,-11.9,-5.5,-9.4,-8.6,-8.4,-5.6,-6.6,-8.4,-8.3,-9.6,-9.5,3.0,21.0,-8.7,-6.6,0.0,0.0,0.0,0.0,0.0,0.0,1.0,1.0,2.0,0.0,10.0,16.0,-2.0,14.0,13.0,11.0,21.0,21.0,11.0,0.0,0.0,0.0,0.0,0.0,0.0,0.0,0.0,0.0
0.0,0.0,90.91,90.45,90.86,0.0,0.0,0.0,0.05,-34.2,0.01,-0.01,0.0,2.8,313.0,1.0,1.0,0.0,0.0,0.0,0.0,0.0,0.0,0.0,0.0,-4.6,-4.7,0.0,1.2,527.1,-448.0,11.75,-11.9,-5.5,-9.4,-8.6,-8.4,-5.6,-6.6,-8.4,-8.3,-9.6,-9.5,3.0,21.0,-8.7,-6.6,0.0,0.0,0.0,0.0,0.0,0.0,1.0,1.0,2.0,0.0,10.0,16.0,-2.0,14.0,13.0,11.0,21.0,21.0,11.0,0.0,0.0,0.0,0.0,0.0,0.0,0.0,0.0,0.0
0.0,0.0,90.91,90.45,90.86,0.0,0.0,0.0,0.07,-22.6,0.02,0.0,0.0,2.5,304.0,1.0,1.0,0.0,0.0,0.0,0.0,0.0,0.0,0.0,0.0,-4.6,-4.6,0.0,1.2,527.1,-448.0,11.75,-11.9,-5.5,-9.4,-8.6,-8.4,-5.6,-6.7,-8.4,-8.3,-9.6,-9.5,4.0,21.0,-8.7,-6.6,0.0,0.0,0.0,0.0,0.0,0.0,1.0,1.0,2.0,0.0,10.0,16.0,-2.0,14.0,13.0,11.0,21.0,21.0,10.0,0.0,0.0,0.0,0.0,0.0,0.0,0.0,0.0,0.0
0.0,0.0,90.91,90.45,90.86,0.0,0.0,0.0,0.05,-26.9,0.01,0.03,0.0,2.4,309.0,1.0,1.0,0.0,0.0,0.0,0.0,0.0,0.0,0.0,0.0,-4.5,-4.6,0.0,1.2,527.1,-448.0,11.75,-11.9,-5.5,-9.4,-8.6,-8.4,-5.6,-6.6,-8.4,-8.3,-9.6,-9.5,3.0,21.0,-8.7,-6.6,0.0,0.0,0.0,0.0,0.0,0.0,1.0,1.0,2.0,0.0,10.0,16.0,-2.0,14.0,13.0,11.0,21.0,21.0,10.0,0.0,0.0,0.0,0.0,0.0,0.0,0.0,0.0,0.0
0.0,0.0,90.91,90.45,90.86,0.0,0.0,0.0,0.06,-37.2,0.01,0.0,0.0,3.0,316.0,1.0,1.0,0.0,0.0,0.0,0.0,0.0,0.0,0.0,0.0,-4.5,-4.6,0.0,1.2,527.1,-448.0,11.75,-11.9,-5.5,-9.4,-8.6,-8.4,-5.6,-6.6,-8.4,-8.3,-9.6,-9.5,4.0,22.0,-8.7,-6.6,0.0,0.0,0.0,0.0,0.0,0.0,1.0,1.0,2.0,0.0,10.0,16.0,-2.0,14.0,13.0,11.0,22.0,22.0,11.0,0.0,0.0,0.0,0.0,0.0,0.0,0.0,0.0,0.0
0.0,0.0,90.91,90.45,90.86,0.0,0.0,0.0,0.06,-25.9,0.01,-0.01,0.0,2.7,309.0,1.0,1.0,0.0,0.0,0.0,0.0,0.0,0.0,0.0,0.0,-4.6,-4.6,0.0,1.2,527.1,-448.0,11.75,-11.9,-5.5,-9.4,-8.6,-8.4,-5.6,-6.6,-8.4,-8.3,-9.6,-9.5,3.0,21.0,-8.7,-6.6,0.0,0.0,0.0,0.0,0.0,0.0,1.0,1.0,2.0,0.0,10.0,16.0,-2.0,14.0,13.0,11.0,21.0,21.0,10.0,0.0,0.0,0.0,0.0,0.0,0.0,0.0,0.0,0.0
0.0,0.0,90.91,90.45,90.86,0.0,0.0,0.0,0.06,-36.1,0.03,0.0,0.0,2.8,317.0,1.0,1.0,0.0,0.0,0.0,0.0,0.0,0.0,0.0,0.0,-4.6,-4.6,0.0,1.2,527.1,-448.0,11.75,-11.9,-5.5,-9.4,-8.6,-8.4,-5.6,-6.6,-8.4,-8.3,-9.6,-9.5,3.0,21.0,-8.7,-6.6,0.0,0.0,0.0,0.0,0.0,0.0,1.0,1.0,2.0,0.0,10.0,16.0,-2.0,14.0,13.0,11.0,21.0,21.0,11.0,0.0,0.0,0.0,0.0,0.0,0.0,0.0,0.0,0.0
0.0,0.0,90.91,90.45,90.86,0.0,0.0,0.0,0.05,-33.7,0.01,0.0,0.0,2.6,309.0,1.0,1.0,0.0,0.0,0.0,0.0,0.0,0.0,0.0,0.0,-4.6,-4.6,0.0,1.2,527.1,-448.0,11.75,-11.9,-5.5,-9.4,-8.6,-8.4,-5.6,-6.7,-8.4,-8.3,-9.6,-9.5,4.0,22.0,-8.7,-6.6,0.0,0.0,0.0,0.0,0.0,0.0,1.0,1.0,2.0,0.0,9.0,16.0,-2.0,14.0,13.0,11.0,22.0,22.0,11.0,0.0,0.0,0.0,0.0,0.0,0.0,0.0,0.0,0.0
0.0,0.0,90.91,90.45,90.86,0.0,0.0,0.0,0.06,-31.1,0.01,-0.01,0.0,2.9,315.0,1.0,1.0,0.0,0.0,0.0,0.0,0.0,0.0,0.0,0.0,-4.6,-4.6,0.0,1.2,527.1,-448.0,11.75,-11.9,-5.5,-9.4,-8.6,-8.4,-5.6,-6.6,-8.4,-8.3,-9.6,-9.5,3.0,21.0,-8.7,-6.6,0.0,0.0,0.0,0.0,0.0,0.0,1.0,1.0,2.0,0.0,10.0,16.0,-2.0,14.0,13.0,11.0,21.0,21.0,10.0,0.0,0.0,0.0,0.0,0.0,0.0,0.0,0.0,0.0
0.0,0.0,90.91,90.45,90.86,0.0,0.0,0.0,0.06,-23.0,0.01,-0.01,0.0,2.3,303.0,1.0,1.0,0.0,0.0,0.0,0.0,0.0,0.0,0.0,0.0,-4.6,-4.6,0.0,1.2,527.1,-448.0,11.75,-11.9,-5.5,-9.4,-8.6,-8.4,-5.6,-6.7,-8.4,-8.3,-9.6,-9.5,4.0,21.0,-8.7,-6.6,0.0,0.0,0.0,0.0,0.0,0.0,1.0,1.0,2.0,0.0,9.0,16.0,-2.0,14.0,13.0,11.0,21.0,21.0,11.0,0.0,0.0,0.0,0.0,0.0,0.0,0.0,0.0,0.0
0.0,0.0,90.91,90.45,90.86,0.0,0.0,0.0,0.06,-35.2,0.01,0.0,0.0,2.7,313.0,1.0,1.0,0.0,0.0,0.0,0.0,0.0,0.0,0.0,0.0,-4.7,-4.6,0.0,1.2,527.1,-448.0,11.75,-11.9,-5.5,-9.4,-8.6,-8.4,-5.6,-6.7,-8.4,-8.3,-9.6,-9.5,4.0,21.0,-8.7,-6.6,0.0,0.0,0.0,0.0,0.0,0.0,1.0,1.0,2.0,0.0,9.0,16.0,-2.0,14.0,13.0,11.0,21.0,21.0,11.0,0.0,0.0,0.0,0.0,0.0,0.0,0.0,0.0,0.0
0.0,0.0,90.91,90.45,90.86,0.0,0.0,0.0,0.05,-51.0,0.02,0.0,0.0,1.5,330.0,1.0,1.0,0.0,0.0,0.0,0.0,0.0,0.0,0.0,0.0,-4.5,-4.6,0.0,1.2,527.1,-448.0,11.75,-11.9,-5.5,-9.4,-8.6,-8.4,-5.6,-6.6,-8.4,-8.3,-9.6,-9.5,3.0,21.0,-8.7,-6.6,0.0,0.0,0.0,0.0,0.0,0.0,1.0,1.0,2.0,0.0,11.0,16.0,-2.0,14.0,13.0,11.0,21.0,21.0,11.0,0.0,0.0,0.0,0.0,0.0,0.0,0.0,0.0,0.0
0.0,0.0,90.91,90.45,90.86,0.0,0.0,0.0,0.06,-30.9,0.03,0.0,0.0,2.3,306.0,1.0,1.0,0.0,0.0,0.0,0.0,0.0,0.0,0.0,0.0,-4.6,-4.7,0.0,1.2,527.1,-448.0,11.75,-11.9,-5.5,-9.4,-8.6,-8.4,-5.6,-6.7,-8.4,-8.3,-9.6,-9.5,4.0,21.0,-8.7,-6.6,0.0,0.0,0.0,0.0,0.0,0.0,1.0,1.0,2.0,0.0,9.0,16.0,-2.0,14.0,13.0,11.0,21.0,21.0,11.0,0.0,0.0,0.0,0.0,0.0,0.0,0.0,0.0,0.0
0.0,0.0,90.91,90.45,90.86,0.0,0.0,0.0,0.06,-28.8,0.03,0.0,0.0,2.8,311.0,1.0,1.0,0.0,0.0,0.0,0.0,0.0,0.0,0.0,0.0,-4.7,-4.6,0.0,1.2,527.1,-448.0,11.75,-11.9,-5.5,-9.4,-8.6,-8.4,-5.6,-6.6,-8.4,-8.3,-9.6,-9.5,3.0,21.0,-8.7,-6.6,0.0,0.0,0.0,0.0,0.0,0.0,1.0,1.0,2.0,0.0,10.0,16.0,-2.0,14.0,13.0,11.0,21.0,21.0,10.0,0.0,0.0,0.0,0.0,0.0,0.0,0.0,0.0,0.0
0.0,0.0,90.91,90.45,90.86,0.0,0.0,0.0,0.06,-35.4,0.02,0.0,0.0,2.4,312.0,1.0,1.0,0.0,0.0,0.0,0.0,0.0,0.0,0.0,0.0,-4.6,-4.6,0.0,1.2,527.1,-448.0,11.75,-11.9,-5.5,-9.4,-8.6,-8.4,-5.6,-6.7,-8.4,-8.3,-9.6,-9.5,5.0,21.0,-8.7,-6.6,0.0,0.0,0.0,0.0,0.0,0.0,1.0,1.0,2.0,0.0,9.0,16.0,-2.0,14.0,13.0,11.0,21.0,21.0,11.0,0.0,0.0,0.0,0.0,0.0,0.0,0.0,0.0,0.0
0.0,0.0,90.91,90.45,90.86,0.0,0.0,0.0,0.06,-33.1,0.02,0.0,0.0,2.8,313.0,1.0,1.0,0.0,0.0,0.0,0.0,0.0,0.0,0.0,0.0,-4.6,-4.6,0.0,1.2,527.1,-448.0,11.75,-11.9,-5.5,-9.4,-8.6,-8.4,-5.6,-6.6,-8.4,-8.3,-9.6,-9.5,3.0,21.0,-8.7,-6.6,0.0,0.0,0.0,0.0,0.0,0.0,1.0,1.0,2.0,0.0,10.0,16.0,-2.0,14.0,13.0,11.0,21.0,21.0,11.0,0.0,0.0,0.0,0.0,0.0,0.0,0.0,0.0,0.0
0.0,0.0,90.91,90.45,90.86,0.0,0.0,0.0,0.06,-42.2,0.02,0.0,0.0,2.6,329.0,1.0,1.0,0.0,0.0,0.0,0.0,0.0,0.0,0.0,0.0,-4.6,-4.6,0.0,1.2,527.1,-448.0,11.75,-11.9,-5.5,-9.4,-8.6,-8.4,-5.6,-6.6,-8.4,-8.3,-9.6,-9.5,4.0,22.0,-8.7,-6.6,0.0,0.0,0.0,0.0,0.0,0.0,1.0,1.0,2.0,0.0,11.0,16.0,-2.0,14.0,13.0,11.0,22.0,22.0,11.0,0.0,0.0,0.0,0.0,0.0,0.0,0.0,0.0,0.0
0.0,0.0,90.91,90.45,90.86,0.0,0.0,0.0,0.06,-32.7,0.02,0.0,0.0,2.7,315.0,1.0,1.0,0.0,0.0,0.0,0.0,0.0,0.0,0.0,0.0,-4.5,-4.6,0.0,1.2,527.1,-448.0,11.75,-11.9,-5.5,-9.4,-8.6,-8.4,-5.6,-6.6,-8.4,-8.3,-9.6,-9.5,3.0,21.0,-8.7,-6.6,0.0,0.0,0.0,0.0,0.0,0.0,1.0,1.0,2.0,0.0,10.0,16.0,-2.0,14.0,13.0,11.0,21.0,21.0,11.0,0.0,0.0,0.0,0.0,0.0,0.0,0.0,0.0,0.0
0.0,0.0,90.91,90.45,90.86,0.0,0.0,0.0,0.06,-28.4,0.02,0.0,0.0,2.3,305.0,1.0,1.0,0.0,0.0,0.0,0.0,0.0,0.0,0.0,0.0,-4.6,-4.6,0.0,1.2,527.1,-448.0,11.75,-11.9,-5.5,-9.4,-8.6,-8.4,-5.6,-6.7,-8.4,-8.3,-9.6,-9.5,4.0,21.0,-8.7,-6.6,0.0,0.0,0.0,0.0,0.0,0.0,1.0,1.0,2.0,0.0,9.0,16.0,-2.0,14.0,13.0,11.0,21.0,21.0,11.0,0.0,0.0,0.0,0.0,0.0,0.0,0.0,0.0,0.0
0.0,0.0,90.91,90.45,90.86,0.0,0.0,0.0,0.06,-32.4,0.01,-0.01,0.0,2.7,311.0,1.0,1.0,0.0,0.0,0.0,0.0,0.0,0.0,0.0,0.0,-4.6,-4.7,0.0,1.2,527.1,-448.0,11.75,-11.9,-5.5,-9.4,-8.6,-8.4,-5.6,-6.6,-8.4,-8.3,-9.6,-9.5,3.0,21.0,-8.7,-6.6,0.0,0.0,0.0,0.0,0.0,0.0,1.0,1.0,2.0,0.0,10.0,16.0,-2.0,14.0,13.0,11.0,21.0,21.0,11.0,0.0,0.0,0.0,0.0,0.0,0.0,0.0,0.0,0.0
0.0,0.0,90.91,90.45,90.86,0.0,0.0,0.0,0.05,-25.7,0.02,0.0,0.0,2.8,308.0,1.0,1.0,0.0,0.0,0.0,0.0,0.0,0.0,0.0,0.0,-4.5,-4.6,0.0,1.2,527.1,-448.0,11.75,-11.9,-5.5,-9.4,-8.6,-8.4,-5.6,-6.6,-8.4,-8.3,-9.6,-9.5,3.0,21.0,-8.7,-6.6,0.0,0.0,0.0,0.0,0.0,0.0,1.0,1.0,2.0,0.0,10.0,16.0,-2.0,14.0,13.0,11.0,21.0,21.0,10.0,0.0,0.0,0.0,0.0,0.0,0.0,0.0,0.0,0.0
0.0,0.0,90.91,90.45,90.86,0.0,0.0,0.0,0.06,-30.2,0.79,0.54,0.0,2.8,313.0,1.0,1.0,0.0,0.0,0.0,0.0,0.0,0.0,0.0,0.0,-4.5,-4.6,0.0,1.2,527.1,-448.0,11.75,-11.9,-5.5,-9.4,-8.6,-8.4,-5.6,-6.6,-8.4,-8.3,-9.6,-9.5,4.0,21.0,-8.7,-6.6,0.0,0.0,0.0,0.0,0.0,0.0,1.0,1.0,2.0,0.0,10.0,16.0,-2.0,14.0,13.0,11.0,21.0,21.0,11.0,0.0,0.0,0.0,0.0,0.0,0.0,0.0,0.0,0.0
0.0,0.0,90.91,90.45,90.86,0.0,0.0,0.0,0.06,-53.4,0.02,0.0,0.0,1.7,331.0,1.0,1.0,0.0,0.0,0.0,0.0,0.0,0.0,0.0,0.0,-4.6,-4.6,0.0,1.2,527.1,-448.0,11.75,-11.9,-5.5,-9.4,-8.6,-8.4,-5.6,-6.6,-8.4,-8.3,-9.6,-9.5,4.0,21.0,-8.7,-6.6,0.0,0.0,0.0,0.0,0.0,0.0,1.0,1.0,2.0,0.0,11.0,16.0,-2.0,14.0,13.0,11.0,21.0,21.0,11.0,0.0,0.0,0.0,0.0,0.0,0.0,0.0,0.0,0.0
0.0,0.0,90.91,90.45,90.86,0.0,0.0,0.0,0.07,-22.6,0.02,-0.01,0.0,2.3,304.0,1.0,1.0,0.0,0.0,0.0,0.0,0.0,0.0,0.0,0.0,-4.6,-4.6,0.0,1.2,527.1,-448.0,11.75,-11.9,-5.5,-9.4,-8.6,-8.4,-5.6,-6.7,-8.4,-8.3,-9.6,-9.5,3.0,22.0,-8.7,-6.6,0.0,0.0,0.0,0.0,0.0,0.0,1.0,1.0,2.0,0.0,10.0,16.0,-2.0,14.0,13.0,11.0,22.0,22.0,10.0,0.0,0.0,0.0,0.0,0.0,0.0,0.0,0.0,0.0
0.0,0.0,90.91,90.45,90.86,0.0,0.0,0.0,0.06,-23.5,0.79,0.54,0.0,2.4,304.0,1.0,1.0,0.0,0.0,0.0,0.0,0.0,0.0,0.0,0.0,-4.6,-4.7,0.0,1.2,527.1,-448.0,11.75,-11.9,-5.5,-9.4,-8.6,-8.4,-5.6,-6.7,-8.4,-8.3,-9.6,-9.5,4.0,22.0,-8.7,-6.6,0.0,0.0,0.0,0.0,0.0,0.0,1.0,1.0,2.0,0.0,9.0,16.0,-2.0,14.0,13.0,11.0,22.0,22.0,10.0,0.0,0.0,0.0,0.0,0.0,0.0,0.0,0.0,0.0
0.0,0.0,90.91,90.45,90.86,0.0,0.0,0.0,0.06,-31.1,0.02,0.0,0.0,2.9,313.0,1.0,1.0,0.0,0.0,0.0,0.0,0.0,0.0,0.0,0.0,-4.6,-4.6,0.0,1.2,527.1,-448.0,11.75,-11.9,-5.5,-9.4,-8.6,-8.4,-5.6,-6.6,-8.4,-8.3,-9.6,-9.5,3.0,21.0,-8.7,-6.6,0.0,0.0,0.0,0.0,0.0,0.0,1.0,1.0,2.0,0.0,10.0,16.0,-2.0,14.0,13.0,11.0,21.0,21.0,11.0,0.0,0.0,0.0,0.0,0.0,0.0,0.0,0.0,0.0
0.0,0.0,90.91,90.45,90.86,0.0,0.0,0.0,0.06,-26.9,0.02,0.0,0.0,2.6,309.0,1.0,1.0,0.0,0.0,0.0,0.0,0.0,0.0,0.0,0.0,-4.6,-4.6,0.0,1.2,527.1,-448.0,11.75,-11.9,-5.5,-9.4,-8.6,-8.4,-5.6,-6.6,-8.4,-8.3,-9.6,-9.5,3.0,21.0,-8.7,-6.6,0.0,0.0,0.0,0.0,0.0,0.0,1.0,1.0,2.0,0.0,10.0,16.0,-2.0,14.0,13.0,11.0,21.0,21.0,10.0,0.0,0.0,0.0,0.0,0.0,0.0,0.0,0.0,0.0
0.0,0.0,90.91,90.45,90.86,0.0,0.0,0.0,0.06,-37.6,0.03,0.01,0.0,2.6,324.0,1.0,1.0,0.0,0.0,0.0,0.0,0.0,0.0,0.0,0.0,-4.5,-4.6,0.0,1.2,527.1,-448.0,11.75,-11.9,-5.5,-9.4,-8.6,-8.4,-5.6,-6.6,-8.4,-8.3,-9.6,-9.5,3.0,21.0,-8.7,-6.6,0.0,0.0,0.0,0.0,0.0,0.0,1.0,1.0,2.0,0.0,11.0,16.0,-2.0,14.0,13.0,11.0,21.0,21.0,11.0,0.0,0.0,0.0,0.0,0.0,0.0,0.0,0.0,0.0
0.0,0.0,90.91,90.45,90.86,0.0,0.0,0.0,0.06,-30.3,0.01,0.0,0.0,3.0,314.0,1.0,1.0,0.0,0.0,0.0,0.0,0.0,0.0,0.0,0.0,-4.6,-4.6,0.0,1.2,527.1,-448.0,11.75,-11.9,-5.5,-9.4,-8.6,-8.4,-5.6,-6.6,-8.4,-8.3,-9.6,-9.5,3.0,22.0,-8.7,-6.6,0.0,0.0,0.0,0.0,0.0,0.0,1.0,1.0,2.0,0.0,10.0,16.0,-2.0,14.0,13.0,11.0,22.0,22.0,11.0,0.0,0.0,0.0,0.0,0.0,0.0,0.0,0.0,0.0
0.0,0.0,90.91,90.45,90.86,0.0,0.0,0.0,0.05,-34.6,0.09,0.03,0.0,2.8,311.0,1.0,1.0,0.0,0.0,0.0,0.0,0.0,0.0,0.0,0.0,-4.7,-4.6,0.0,1.2,527.1,-448.0,11.75,-11.9,-5.5,-9.4,-8.6,-8.4,-5.6,-6.7,-8.4,-8.3,-9.6,-9.5,4.0,21.0,-8.7,-6.6,0.0,0.0,0.0,0.0,0.0,0.0,1.0,1.0,2.0,0.0,9.0,16.0,-2.0,14.0,13.0,11.0,21.0,21.0,11.0,0.0,0.0,0.0,0.0,0.0,0.0,0.0,0.0,0.0
0.0,0.0,90.91,90.45,90.86,0.0,0.0,0.0,0.05,-34.7,0.02,0.0,0.0,2.4,312.0,1.0,1.0,0.0,0.0,0.0,0.0,0.0,0.0,0.0,0.0,-4.6,-4.6,0.0,1.2,527.1,-448.0,11.75,-11.9,-5.5,-9.4,-8.6,-8.4,-5.6,-6.7,-8.4,-8.3,-9.6,-9.5,4.0,21.0,-8.7,-6.6,0.0,0.0,0.0,0.0,0.0,0.0,1.0,1.0,2.0,0.0,9.0,16.0,-2.0,14.0,13.0,11.0,21.0,21.0,11.0,0.0,0.0,0.0,0.0,0.0,0.0,0.0,0.0,0.0
0.0,0.0,90.91,90.45,90.86,0.0,0.0,0.0,0.05,-35.1,0.02,0.0,0.0,2.7,317.0,1.0,1.0,0.0,0.0,0.0,0.0,0.0,0.0,0.0,0.0,-4.5,-4.7,0.0,1.2,527.1,-448.0,11.75,-11.9,-5.5,-9.4,-8.6,-8.4,-5.6,-6.6,-8.4,-8.3,-9.6,-9.5,3.0,22.0,-8.7,-6.6,0.0,0.0,0.0,0.0,0.0,0.0,1.0,1.0,2.0,0.0,10.0,16.0,-2.0,14.0,13.0,11.0,22.0,22.0,11.0,0.0,0.0,0.0,0.0,0.0,0.0,0.0,0.0,0.0
0.0,0.0,90.91,90.45,90.86,0.0,0.0,0.0,0.05,-34.8,0.01,-0.01,0.0,3.1,315.0,1.0,1.0,0.0,0.0,0.0,0.0,0.0,0.0,0.0,0.0,-4.5,-4.6,0.0,1.2,527.1,-448.0,11.75,-11.9,-5.5,-9.4,-8.6,-8.4,-5.6,-6.6,-8.4,-8.3,-9.6,-9.5,4.0,21.0,-8.7,-6.6,0.0,0.0,0.0,0.0,0.0,0.0,1.0,1.0,2.0,0.0,10.0,16.0,-2.0,14.0,13.0,11.0,21.0,21.0,10.0,0.0,0.0,0.0,0.0,0.0,0.0,0.0,0.0,0.0
0.0,0.0,90.91,90.45,90.86,0.0,0.0,0.0,0.06,-31.4,0.09,0.03,0.0,2.9,315.0,1.0,1.0,0.0,0.0,0.0,0.0,0.0,0.0,0.0,0.0,-4.6,-4.6,0.0,1.2,527.1,-448.0,11.75,-11.9,-5.5,-9.4,-8.6,-8.4,-5.6,-6.6,-8.4,-8.3,-9.6,-9.5,3.0,21.0,-8.7,-6.6,0.0,0.0,0.0,0.0,0.0,0.0,1.0,1.0,2.0,0.0,10.0,16.0,-2.0,14.0,13.0,11.0,21.0,21.0,11.0,0.0,0.0,0.0,0.0,0.0,0.0,0.0,0.0,0.0
0.0,0.0,90.91,90.45,90.86,0.0,0.0,0.0,0.06,-33.1,0.02,0.0,0.0,2.6,311.0,1.0,1.0,0.0,0.0,0.0,0.0,0.0,0.0,0.0,0.0,-4.5,-4.6,0.0,1.2,527.1,-448.0,11.75,-11.9,-5.5,-9.4,-8.6,-8.4,-5.6,-6.6,-8.4,-8.3,-9.6,-9.5,3.0,21.0,-8.7,-6.6,0.0,0.0,0.0,0.0,0.0,0.0,1.0,1.0,2.0,0.0,10.0,16.0,-2.0,14.0,13.0,11.0,21.0,21.0,10.0,0.0,0.0,0.0,0.0,0.0,0.0,0.0,0.0,0.0
0.0,0.0,90.91,90.45,90.86,0.0,0.0,0.0,0.05,-34.7,0.09,0.03,0.0,2.7,312.0,1.0,1.0,0.0,0.0,0.0,0.0,0.0,0.0,0.0,0.0,-4.6,-4.6,0.0,1.2,527.1,-448.0,11.75,-11.9,-5.5,-9.4,-8.6,-8.4,-5.6,-6.7,-8.4,-8.3,-9.6,-9.5,5.0,22.0,-8.7,-6.6,0.0,0.0,0.0,0.0,0.0,0.0,1.0,1.0,2.0,0.0,9.0,16.0,-2.0,14.0,13.0,11.0,22.0,22.0,11.0,0.0,0.0,0.0,0.0,0.0,0.0,0.0,0.0,0.0
0.0,0.0,90.91,90.45,90.86,0.0,0.0,0.0,0.05,-28.7,0.79,0.01,0.0,2.7,310.0,1.0,1.0,0.0,0.0,0.0,0.0,0.0,0.0,0.0,0.0,-4.6,-4.6,0.0,1.2,527.1,-448.0,11.75,-11.9,-5.5,-9.4,-8.6,-8.4,-5.6,-6.6,-8.4,-8.3,-9.6,-9.5,3.0,21.0,-8.7,-6.6,0.0,0.0,0.0,0.0,0.0,0.0,1.0,1.0,2.0,0.0,10.0,16.0,-2.0,14.0,13.0,11.0,21.0,21.0,10.0,0.0,0.0,0.0,0.0,0.0,0.0,0.0,0.0,0.0
0.0,0.0,90.91,90.45,90.86,0.0,0.0,0.0,0.05,-34.8,0.01,-0.01,0.0,2.7,317.0,1.0,1.0,0.0,0.0,0.0,0.0,0.0,0.0,0.0,0.0,-4.6,-4.7,0.0,1.2,527.1,-448.0,11.75,-11.9,-5.5,-9.4,-8.6,-8.4,-5.6,-6.6,-8.4,-8.3,-9.6,-9.5,3.0,21.0,-8.7,-6.6,0.0,0.0,0.0,0.0,0.0,0.0,1.0,1.0,2.0,0.0,10.0,16.0,-2.0,14.0,13.0,11.0,21.0,21.0,11.0,0.0,0.0,0.0,0.0,0.0,0.0,0.0,0.0,0.0
0.0,0.0,90.91,90.45,90.86,0.0,0.0,0.0,0.06,-19.5,0.01,-0.01,0.0,2.9,303.0,1.0,1.0,0.0,0.0,0.0,0.0,0.0,0.0,0.0,0.0,-4.6,-4.6,0.0,1.2,527.1,-448.0,11.75,-11.9,-5.5,-9.4,-8.6,-8.4,-5.6,-6.7,-8.4,-8.3,-9.6,-9.5,4.0,21.0,-8.7,-6.6,0.0,0.0,0.0,0.0,0.0,0.0,1.0,1.0,2.0,0.0,9.0,16.0,-2.0,14.0,13.0,11.0,21.0,21.0,10.0,0.0,0.0,0.0,0.0,0.0,0.0,0.0,0.0,0.0
0.0,0.0,90.91,90.45,90.86,0.0,0.0,0.0,0.05,-25.1,0.01,-0.01,0.0,2.6,307.0,1.0,1.0,0.0,0.0,0.0,0.0,0.0,0.0,0.0,0.0,-4.6,-4.6,0.0,1.2,527.1,-448.0,11.75,-11.9,-5.5,-9.4,-8.6,-8.4,-5.6,-6.6,-8.4,-8.3,-9.6,-9.5,4.0,21.0,-8.7,-6.6,0.0,0.0,0.0,0.0,0.0,0.0,1.0,1.0,2.0,0.0,10.0,16.0,-2.0,14.0,13.0,11.0,21.0,21.0,10.0,0.0,0.0,0.0,0.0,0.0,0.0,0.0,0.0,0.0
0.0,0.0,90.91,90.45,90.86,0.0,0.0,0.0,0.06,-31.5,0.03,0.0,0.0,2.5,307.0,1.0,1.0,0.0,0.0,0.0,0.0,0.0,0.0,0.0,0.0,-4.6,-4.7,0.0,1.2,527.1,-448.0,11.75,-11.9,-5.5,-9.4,-8.6,-8.4,-5.6,-6.7,-8.4,-8.3,-9.6,-9.5,4.0,21.0,-8.7,-6.6,0.0,0.0,0.0,0.0,0.0,0.0,1.0,1.0,2.0,0.0,9.0,16.0,-2.0,14.0,13.0,11.0,21.0,21.0,11.0,0.0,0.0,0.0,0.0,0.0,0.0,0.0,0.0,0.0
0.0,0.0,90.91,90.45,90.86,0.0,0.0,0.0,0.06,-24.9,0.79,0.0,0.0,2.6,304.0,1.0,1.0,0.0,0.0,0.0,0.0,0.0,0.0,0.0,0.0,-4.5,-4.7,0.0,1.2,527.1,-448.0,11.75,-11.9,-5.5,-9.4,-8.6,-8.4,-5.6,-6.7,-8.4,-8.3,-9.6,-9.5,4.0,22.0,-8.7,-6.6,0.0,0.0,0.0,0.0,0.0,0.0,1.0,1.0,2.0,0.0,10.0,16.0,-2.0,14.0,13.0,11.0,22.0,22.0,10.0,0.0,0.0,0.0,0.0,0.0,0.0,0.0,0.0,0.0
0.0,0.0,90.91,90.45,90.86,0.0,0.0,0.0,0.05,-23.3,0.01,0.0,0.0,2.7,304.0,1.0,1.0,0.0,0.0,0.0,0.0,0.0,0.0,0.0,0.0,-4.6,-4.6,0.0,1.2,527.1,-448.0,11.75,-11.9,-5.5,-9.4,-8.6,-8.4,-5.6,-6.7,-8.4,-8.3,-9.6,-9.5,3.0,21.0,-8.7,-6.6,0.0,0.0,0.0,0.0,0.0,0.0,1.0,1.0,2.0,0.0,9.0,16.0,-2.0,14.0,13.0,11.0,21.0,21.0,11.0,0.0,0.0,0.0,0.0,0.0,0.0,0.0,0.0,0.0
0.0,0.0,90.91,90.45,90.86,0.0,0.0,0.0,0.07,-38.9,0.01,-0.01,0.0,2.6,328.0,1.0,1.0,0.0,0.0,0.0,0.0,0.0,0.0,0.0,0.0,-4.6,-4.6,0.0,1.2,527.1,-448.0,11.75,-11.9,-5.5,-9.4,-8.6,-8.4,-5.6,-6.6,-8.4,-8.3,-9.6,-9.5,3.0,21.0,-8.7,-6.6,0.0,0.0,0.0,0.0,0.0,0.0,1.0,1.0,2.0,0.0,11.0,16.0,-2.0,14.0,13.0,11.0,21.0,21.0,11.0,0.0,0.0,0.0,0.0,0.0,0.0,0.0,0.0,0.0
0.0,0.0,90.91,90.45,90.86,0.0,0.0,0.0,0.05,-52.5,0.01,-0.01,0.0,1.9,331.0,1.0,1.0,0.0,0.0,0.0,0.0,0.0,0.0,0.0,0.0,-4.6,-4.6,0.0,1.2,527.1,-448.0,11.75,-11.9,-5.5,-9.4,-8.6,-8.4,-5.6,-6.6,-8.4,-8.3,-9.6,-9.5,3.0,22.0,-8.7,-6.6,0.0,0.0,0.0,0.0,0.0,0.0,1.0,1.0,2.0,0.0,11.0,16.0,-2.0,14.0,13.0,11.0,22.0,22.0,11.0,0.0,0.0,0.0,0.0,0.0,0.0,0.0,0.0,0.0
0.0,0.0,90.91,90.45,90.86,0.0,0.0,0.0,0.06,-34.9,0.02,-0.01,0.0,2.7,323.0,1.0,1.0,0.0,0.0,0.0,0.0,0.0,0.0,0.0,0.0,-4.7,-4.7,0.0,1.2,527.1,-448.0,11.75,-11.9,-5.5,-9.4,-8.6,-8.4,-5.6,-6.6,-8.4,-8.3,-9.6,-9.5,3.0,21.0,-8.7,-6.6,0.0,0.0,0.0,0.0,0.0,0.0,1.0,1.0,2.0,0.0,11.0,16.0,-2.0,14.0,13.0,11.0,21.0,21.0,10.0,0.0,0.0,0.0,0.0,0.0,0.0,0.0,0.0,0.0
0.0,0.0,90.91,90.45,90.86,0.0,0.0,0.0,0.05,-34.9,0.09,0.03,0.0,3.1,315.0,1.0,1.0,0.0,0.0,0.0,0.0,0.0,0.0,0.0,0.0,-4.6,-4.5,0.0,1.2,527.1,-448.0,11.75,-11.9,-5.5,-9.4,-8.6,-8.4,-5.6,-6.6,-8.4,-8.3,-9.6,-9.5,3.0,21.0,-8.7,-6.6,0.0,0.0,0.0,0.0,0.0,0.0,1.0,1.0,2.0,0.0,10.0,16.0,-2.0,14.0,13.0,11.0,21.0,21.0,11.0,0.0,0.0,0.0,0.0,0.0,0.0,0.0,0.0,0.0
0.0,0.0,90.91,90.45,90.86,0.0,0.0,0.0,0.06,-39.4,0.03,0.01,0.0,2.5,327.0,1.0,1.0,0.0,0.0,0.0,0.0,0.0,0.0,0.0,0.0,-4.6,-4.6,0.0,1.2,527.1,-448.0,11.75,-11.9,-5.5,-9.4,-8.6,-8.4,-5.6,-6.6,-8.4,-8.3,-9.6,-9.5,3.0,21.0,-8.7,-6.6,0.0,0.0,0.0,0.0,0.0,0.0,1.0,1.0,2.0,0.0,11.0,16.0,-2.0,14.0,13.0,11.0,21.0,21.0,11.0,0.0,0.0,0.0,0.0,0.0,0.0,0.0,0.0,0.0
0.0,0.0,90.91,90.45,90.86,0.0,0.0,0.0,0.05,-29.8,0.79,0.54,0.0,2.8,313.0,1.0,1.0,0.0,0.0,0.0,0.0,0.0,0.0,0.0,0.0,-4.7,-4.6,0.0,1.2,527.1,-448.0,11.75,-11.9,-5.5,-9.4,-8.6,-8.4,-5.6,-6.6,-8.4,-8.3,-9.6,-9.5,3.0,21.0,-8.7,-6.6,0.0,0.0,0.0,0.0,0.0,0.0,1.0,1.0,2.0,0.0,10.0,16.0,-2.0,14.0,13.0,11.0,21.0,21.0,11.0,0.0,0.0,0.0,0.0,0.0,0.0,0.0,0.0,0.0
0.0,0.0,90.91,90.45,90.86,0.0,0.0,0.0,0.06,-36.0,0.02,0.0,0.0,2.9,316.0,1.0,1.0,0.0,0.0,0.0,0.0,0.0,0.0,0.0,0.0,-4.5,-4.7,0.0,1.2,527.1,-448.0,11.75,-11.9,-5.5,-9.4,-8.6,-8.4,-5.6,-6.6,-8.4,-8.3,-9.6,-9.5,3.0,21.0,-8.7,-6.6,0.0,0.0,0.0,0.0,0.0,0.0,1.0,1.0,2.0,0.0,10.0,16.0,-2.0,14.0,13.0,11.0,21.0,21.0,11.0,0.0,0.0,0.0,0.0,0.0,0.0,0.0,0.0,0.0
0.0,0.0,90.91,90.45,90.86,0.0,0.0,0.0,0.05,-46.0,0.02,0.0,0.0,0.7,327.0,1.0,1.0,0.0,0.0,0.0,0.0,0.0,0.0,0.0,0.0,-4.6,-4.5,0.0,1.2,527.1,-448.0,11.75,-11.9,-5.5,-9.4,-8.6,-8.4,-5.6,-6.6,-8.4,-8.3,-9.6,-9.5,4.0,21.0,-8.7,-6.6,0.0,0.0,0.0,0.0,0.0,0.0,1.0,1.0,2.0,0.0,11.0,16.0,-2.0,14.0,13.0,11.0,21.0,21.0,11.0,0.0,0.0,0.0,0.0,0.0,0.0,0.0,0.0,0.0
0.0,0.0,90.91,90.45,90.86,0.0,0.0,0.0,0.06,-30.3,0.02,0.0,0.0,2.9,313.0,1.0,1.0,0.0,0.0,0.0,0.0,0.0,0.0,0.0,0.0,-4.5,-4.6,0.0,1.2,527.1,-448.0,11.75,-11.9,-5.5,-9.4,-8.6,-8.4,-5.6,-6.6,-8.4,-8.3,-9.6,-9.5,3.0,21.0,-8.7,-6.6,0.0,0.0,0.0,0.0,0.0,0.0,1.0,1.0,2.0,0.0,10.0,16.0,-2.0,14.0,13.0,11.0,21.0,21.0,11.0,0.0,0.0,0.0,0.0,0.0,0.0,0.0,0.0,0.0
0.0,0.0,90.91,90.45,90.86,0.0,0.0,0.0,0.06,-25.1,0.03,0.0,0.0,2.7,305.0,1.0,1.0,0.0,0.0,0.0,0.0,0.0,0.0,0.0,0.0,-4.7,-4.6,0.0,1.2,527.1,-448.0,11.75,-11.9,-5.5,-9.4,-8.6,-8.4,-5.6,-6.7,-8.4,-8.3,-9.6,-9.5,4.0,21.0,-8.7,-6.6,0.0,0.0,0.0,0.0,0.0,0.0,1.0,1.0,2.0,0.0,9.0,16.0,-2.0,14.0,13.0,11.0,21.0,21.0,10.0,0.0,0.0,0.0,0.0,0.0,0.0,0.0,0.0,0.0
0.0,0.0,90.91,90.45,90.86,0.0,0.0,0.0,0.06,-51.5,0.01,-0.01,0.0,1.5,330.0,1.0,1.0,0.0,0.0,0.0,0.0,0.0,0.0,0.0,0.0,-4.5,-4.6,0.0,1.2,527.1,-448.0,11.75,-11.9,-5.5,-9.4,-8.6,-8.4,-5.6,-6.6,-8.4,-8.3,-9.6,-9.5,3.0,21.0,-8.7,-6.6,0.0,0.0,0.0,0.0,0.0,0.0,1.0,1.0,2.0,0.0,11.0,16.0,-2.0,14.0,13.0,11.0,21.0,21.0,11.0,0.0,0.0,0.0,0.0,0.0,0.0,0.0,0.0,0.0
0.0,0.0,90.91,90.45,90.86,0.0,0.0,0.0,0.05,-34.9,0.09,0.54,0.0,2.9,317.0,1.0,1.0,0.0,0.0,0.0,0.0,0.0,0.0,0.0,0.0,-4.6,-4.6,0.0,1.2,527.1,-448.0,11.75,-11.9,-5.5,-9.4,-8.6,-8.4,-5.6,-6.6,-8.4,-8.3,-9.6,-9.5,3.0,22.0,-8.7,-6.6,0.0,0.0,0.0,0.0,0.0,0.0,1.0,1.0,2.0,0.0,10.0,16.0,-2.0,14.0,13.0,11.0,22.0,22.0,11.0,0.0,0.0,0.0,0.0,0.0,0.0,0.0,0.0,0.0
0.0,0.0,90.91,90.45,90.86,0.0,0.0,0.0,0.06,-51.5,0.09,0.03,0.0,2.3,331.0,1.0,1.0,0.0,0.0,0.0,0.0,0.0,0.0,0.0,0.0,-4.6,-4.5,0.0,1.2,527.1,-448.0,11.75,-11.9,-5.5,-9.4,-8.6,-8.4,-5.6,-6.6,-8.4,-8.3,-9.6,-9.5,3.0,21.0,-8.7,-6.6,0.0,0.0,0.0,0.0,0.0,0.0,1.0,1.0,2.0,0.0,11.0,16.0,-2.0,14.0,13.0,11.0,21.0,21.0,11.0,0.0,0.0,0.0,0.0,0.0,0.0,0.0,0.0,0.0
0.0,0.0,90.91,90.45,90.86,0.0,0.0,0.0,0.06,-32.6,0.03,0.0,0.0,2.5,312.0,1.0,1.0,0.0,0.0,0.0,0.0,0.0,0.0,0.0,0.0,-4.6,-4.7,0.0,1.2,527.1,-448.0,11.75,-11.9,-5.5,-9.4,-8.6,-8.4,-5.6,-6.7,-8.4,-8.3,-9.6,-9.5,4.0,22.0,-8.7,-6.6,0.0,0.0,0.0,0.0,0.0,0.0,1.0,1.0,2.0,0.0,9.0,16.0,-2.0,14.0,13.0,11.0,22.0,22.0,12.0,0.0,0.0,0.0,0.0,0.0,0.0,0.0,0.0,0.0
0.0,0.0,90.91,90.45,90.86,0.0,0.0,0.0,0.06,-32.1,0.01,0.0,0.0,2.7,311.0,1.0,1.0,0.0,0.0,0.0,0.0,0.0,0.0,0.0,0.0,-4.5,-4.6,0.0,1.2,527.1,-448.0,11.75,-11.9,-5.5,-9.4,-8.6,-8.4,-5.6,-6.6,-8.4,-8.3,-9.6,-9.5,3.0,21.0,-8.7,-6.6,0.0,0.0,0.0,0.0,0.0,0.0,1.0,1.0,2.0,0.0,10.0,16.0,-2.0,14.0,13.0,11.0,21.0,21.0,11.0,0.0,0.0,0.0,0.0,0.0,0.0,0.0,0.0,0.0
0.0,0.0,90.91,90.45,90.86,0.0,0.0,0.0,0.06,-34.9,0.01,-0.01,0.0,2.5,324.0,1.0,1.0,0.0,0.0,0.0,0.0,0.0,0.0,0.0,0.0,-4.6,-4.6,0.0,1.2,527.1,-448.0,11.75,-11.9,-5.5,-9.4,-8.6,-8.4,-5.6,-6.6,-8.4,-8.3,-9.6,-9.5,3.0,21.0,-8.7,-6.6,0.0,0.0,0.0,0.0,0.0,0.0,1.0,1.0,2.0,0.0,11.0,16.0,-2.0,14.0,13.0,11.0,21.0,21.0,11.0,0.0,0.0,0.0,0.0,0.0,0.0,0.0,0.0,0.0
0.0,0.0,90.91,90.45,90.86,0.0,0.0,0.0,0.06,-36.6,0.79,0.54,0.0,2.9,316.0,1.0,1.0,0.0,0.0,0.0,0.0,0.0,0.0,0.0,0.0,-4.5,-4.6,0.0,1.2,527.1,-448.0,11.75,-11.9,-5.5,-9.4,-8.6,-8.4,-5.6,-6.6,-8.4,-8.3,-9.6,-9.5,3.0,21.0,-8.7,-6.6,0.0,0.0,0.0,0.0,0.0,0.0,1.0,1.0,2.0,0.0,10.0,16.0,-2.0,14.0,13.0,11.0,21.0,21.0,10.0,0.0,0.0,0.0,0.0,0.0,0.0,0.0,0.0,0.0
0.0,0.0,90.91,90.45,90.86,0.0,0.0,0.0,0.06,-30.7,0.02,0.0,0.0,2.9,311.0,1.0,1.0,0.0,0.0,0.0,0.0,0.0,0.0,0.0,0.0,-4.6,-4.6,0.0,1.2,527.1,-448.0,11.75,-11.9,-5.5,-9.4,-8.6,-8.4,-5.6,-6.6,-8.4,-8.3,-9.6,-9.5,3.0,21.0,-8.7,-6.6,0.0,0.0,0.0,0.0,0.0,0.0,1.0,1.0,2.0,0.0,10.0,16.0,-2.0,14.0,13.0,11.0,21.0,21.0,10.0,0.0,0.0,0.0,0.0,0.0,0.0,0.0,0.0,0.0
0.0,0.0,90.91,90.45,90.86,0.0,0.0,0.0,0.07,-52.8,0.02,-0.01,0.0,1.4,330.0,1.0,1.0,0.0,0.0,0.0,0.0,0.0,0.0,0.0,0.0,-4.6,-4.5,0.0,1.2,527.1,-448.0,11.75,-11.9,-5.5,-9.4,-8.6,-8.4,-5.6,-6.6,-8.4,-8.3,-9.6,-9.5,3.0,21.0,-8.7,-6.6,0.0,0.0,0.0,0.0,0.0,0.0,1.0,1.0,2.0,0.0,11.0,16.0,-2.0,14.0,13.0,11.0,21.0,21.0,11.0,0.0,0.0,0.0,0.0,0.0,0.0,0.0,0.0,0.0
0.0,0.0,90.91,90.45,90.86,0.0,0.0,0.0,0.06,-21.2,0.79,0.54,0.0,2.5,303.0,1.0,1.0,0.0,0.0,0.0,0.0,0.0,0.0,0.0,0.0,-4.6,-4.7,0.0,1.2,527.1,-448.0,11.75,-11.9,-5.5,-9.4,-8.6,-8.4,-5.6,-6.7,-8.4,-8.3,-9.6,-9.5,4.0,21.0,-8.7,-6.6,0.0,0.0,0.0,0.0,0.0,0.0,1.0,1.0,2.0,0.0,9.0,16.0,-2.0,14.0,13.0,11.0,21.0,21.0,11.0,0.0,0.0,0.0,0.0,0.0,0.0,0.0,0.0,0.0
0.0,0.0,90.91,90.45,90.86,0.0,0.0,0.0,0.06,-35.2,0.03,0.0,0.0,2.6,311.0,1.0,1.0,0.0,0.0,0.0,0.0,0.0,0.0,0.0,0.0,-4.6,-4.7,0.0,1.2,527.1,-448.0,11.75,-11.9,-5.5,-9.4,-8.6,-8.4,-5.6,-6.7,-8.4,-8.3,-9.6,-9.5,4.0,22.0,-8.7,-6.6,0.0,0.0,0.0,0.0,0.0,0.0,1.0,1.0,2.0,0.0,9.0,16.0,-2.0,14.0,13.0,11.0,22.0,22.0,11.0,0.0,0.0,0.0,0.0,0.0,0.0,0.0,0.0,0.0
0.0,0.0,90.91,90.45,90.86,0.0,0.0,0.0,0.05,-36.4,0.09,0.54,0.0,2.8,321.0,1.0,1.0,0.0,0.0,0.0,0.0,0.0,0.0,0.0,0.0,-4.5,-4.7,0.0,1.2,527.1,-448.0,11.75,-11.9,-5.5,-9.4,-8.6,-8.4,-5.6,-6.6,-8.4,-8.3,-9.6,-9.5,4.0,21.0,-8.7,-6.6,0.0,0.0,0.0,0.0,0.0,0.0,1.0,1.0,2.0,0.0,11.0,16.0,-2.0,14.0,13.0,11.0,21.0,21.0,11.0,0.0,0.0,0.0,0.0,0.0,0.0,0.0,0.0,0.0
0.0,0.0,90.91,90.45,90.86,0.0,0.0,0.0,0.06,-24.8,0.02,0.0,0.0,2.9,307.0,1.0,1.0,0.0,0.0,0.0,0.0,0.0,0.0,0.0,0.0,-4.7,-4.7,0.0,1.2,527.1,-448.0,11.75,-11.9,-5.5,-9.4,-8.6,-8.4,-5.6,-6.6,-8.4,-8.3,-9.6,-9.5,3.0,21.0,-8.7,-6.6,0.0,0.0,0.0,0.0,0.0,0.0,1.0,1.0,2.0,0.0,10.0,16.0,-2.0,14.0,13.0,11.0,21.0,21.0,10.0,0.0,0.0,0.0,0.0,0.0,0.0,0.0,0.0,0.0
0.0,0.0,90.91,90.45,90.86,0.0,0.0,0.0,0.06,-39.3,0.02,0.0,0.0,2.6,328.0,1.0,1.0,0.0,0.0,0.0,0.0,0.0,0.0,0.0,0.0,-4.5,-4.5,0.0,1.2,527.1,-448.0,11.75,-11.9,-5.5,-9.4,-8.6,-8.4,-5.6,-6.6,-8.4,-8.3,-9.6,-9.5,3.0,21.0,-8.7,-6.6,0.0,0.0,0.0,0.0,0.0,0.0,1.0,1.0,2.0,0.0,11.0,16.0,-2.0,14.0,13.0,11.0,21.0,21.0,11.0,0.0,0.0,0.0,0.0,0.0,0.0,0.0,0.0,0.0
0.0,0.0,90.91,90.45,90.86,0.0,0.0,0.0,0.06,-31.6,0.01,-0.01,0.0,2.9,315.0,1.0,1.0,0.0,0.0,0.0,0.0,0.0,0.0,0.0,0.0,-4.6,-4.7,0.0,1.2,527.1,-448.0,11.75,-11.9,-5.5,-9.4,-8.6,-8.4,-5.6,-6.6,-8.4,-8.3,-9.6,-9.5,3.0,21.0,-8.7,-6.6,0.0,0.0,0.0,0.0,0.0,0.0,1.0,1.0,2.0,0.0,10.0,16.0,-2.0,14.0,13.0,11.0,21.0,21.0,11.0,0.0,0.0,0.0,0.0,0.0,0.0,0.0,0.0,0.0
0.0,0.0,90.91,90.45,90.86,0.0,0.0,0.0,0.04,-31.1,0.01,-0.01,0.0,2.6,312.0,1.0,1.0,0.0,0.0,0.0,0.0,0.0,0.0,0.0,0.0,-4.6,-4.7,0.0,1.2,527.1,-448.0,11.75,-11.9,-5.5,-9.4,-8.6,-8.4,-5.6,-6.6,-8.4,-8.3,-9.6,-9.5,3.0,21.0,-8.7,-6.6,0.0,0.0,0.0,0.0,0.0,0.0,1.0,1.0,2.0,0.0,10.0,16.0,-2.0,14.0,13.0,11.0,21.0,21.0,11.0,0.0,0.0,0.0,0.0,0.0,0.0,0.0,0.0,0.0
0.0,0.0,90.91,90.45,90.86,0.0,0.0,0.0,0.06,-26.3,0.01,-0.01,0.0,2.7,306.0,1.0,1.0,0.0,0.0,0.0,0.0,0.0,0.0,0.0,0.0,-4.6,-4.7,0.0,1.2,527.1,-448.0,11.75,-11.9,-5.5,-9.4,-8.6,-8.4,-5.6,-6.7,-8.4,-8.3,-9.6,-9.5,3.0,21.0,-8.7,-6.6,0.0,0.0,0.0,0.0,0.0,0.0,1.0,1.0,2.0,0.0,9.0,16.0,-2.0,14.0,13.0,11.0,21.0,21.0,10.0,0.0,0.0,0.0,0.0,0.0,0.0,0.0,0.0,0.0
0.0,0.0,90.91,90.45,90.86,0.0,0.0,0.0,0.05,-33.8,0.03,0.0,0.0,3.0,316.0,1.0,1.0,0.0,0.0,0.0,0.0,0.0,0.0,0.0,0.0,-4.7,-4.6,0.0,1.2,527.1,-448.0,11.75,-11.9,-5.5,-9.4,-8.6,-8.4,-5.6,-6.6,-8.4,-8.3,-9.6,-9.5,3.0,21.0,-8.7,-6.6,0.0,0.0,0.0,0.0,0.0,0.0,1.0,1.0,2.0,0.0,10.0,16.0,-2.0,14.0,13.0,11.0,21.0,21.0,11.0,0.0,0.0,0.0,0.0,0.0,0.0,0.0,0.0,0.0
0.0,0.0,90.91,90.45,90.86,0.0,0.0,0.0,0.05,-32.8,0.09,0.54,0.0,2.5,308.0,1.0,1.0,0.0,0.0,0.0,0.0,0.0,0.0,0.0,0.0,-4.6,-4.7,0.0,1.2,527.1,-448.0,11.75,-11.9,-5.5,-9.4,-8.6,-8.4,-5.6,-6.7,-8.4,-8.3,-9.6,-9.5,4.0,21.0,-8.7,-6.6,0.0,0.0,0.0,0.0,0.0,0.0,1.0,1.0,2.0,0.0,9.0,16.0,-2.0,14.0,13.0,11.0,21.0,21.0,11.0,0.0,0.0,0.0,0.0,0.0,0.0,0.0,0.0,0.0
0.0,0.0,90.91,90.45,90.86,0.0,0.0,0.0,0.06,-36.4,0.01,-0.01,0.0,2.7,321.0,1.0,1.0,0.0,0.0,0.0,0.0,0.0,0.0,0.0,0.0,-4.5,-4.6,0.0,1.2,527.1,-448.0,11.75,-11.9,-5.5,-9.4,-8.6,-8.4,-5.6,-6.6,-8.4,-8.3,-9.6,-9.5,3.0,22.0,-8.7,-6.6,0.0,0.0,0.0,0.0,0.0,0.0,1.0,1.0,2.0,0.0,11.0,16.0,-2.0,14.0,13.0,11.0,22.0,22.0,11.0,0.0,0.0,0.0,0.0,0.0,0.0,0.0,0.0,0.0
0.0,0.0,90.91,90.45,90.86,0.0,0.0,0.0,0.06,-25.4,0.79,0.54,0.0,2.4,304.0,1.0,1.0,0.0,0.0,0.0,0.0,0.0,0.0,0.0,0.0,-4.6,-4.6,0.0,1.2,527.1,-448.0,11.75,-11.9,-5.5,-9.4,-8.6,-8.4,-5.6,-6.7,-8.4,-8.3,-9.6,-9.5,4.0,21.0,-8.7,-6.6,0.0,0.0,0.0,0.0,0.0,0.0,1.0,1.0,2.0,0.0,9.0,16.0,-2.0,14.0,13.0,11.0,21.0,21.0,10.0,0.0,0.0,0.0,0.0,0.0,0.0,0.0,0.0,0.0
0.0,0.0,90.91,90.45,90.86,0.0,0.0,0.0,0.06,-34.3,0.02,0.0,0.0,2.9,313.0,1.0,1.0,0.0,0.0,0.0,0.0,0.0,0.0,0.0,0.0,-4.5,-4.7,0.0,1.2,527.1,-448.0,11.75,-11.9,-5.5,-9.4,-8.6,-8.4,-5.6,-6.6,-8.4,-8.3,-9.6,-9.5,3.0,21.0,-8.7,-6.6,0.0,0.0,0.0,0.0,0.0,0.0,1.0,1.0,2.0,0.0,10.0,16.0,-2.0,14.0,13.0,11.0,21.0,21.0,11.0,0.0,0.0,0.0,0.0,0.0,0.0,0.0,0.0,0.0
0.0,0.0,90.91,90.45,90.86,0.0,0.0,0.0,0.06,-35.9,0.03,0.0,0.0,2.7,321.0,1.0,1.0,0.0,0.0,0.0,0.0,0.0,0.0,0.0,0.0,-4.6,-4.5,0.0,1.2,527.1,-448.0,11.75,-11.9,-5.5,-9.4,-8.6,-8.4,-5.6,-6.6,-8.4,-8.3,-9.6,-9.5,3.0,21.0,-8.7,-6.6,0.0,0.0,0.0,0.0,0.0,0.0,1.0,1.0,2.0,0.0,11.0,16.0,-2.0,14.0,13.0,11.0,21.0,21.0,11.0,0.0,0.0,0.0,0.0,0.0,0.0,0.0,0.0,0.0
0.0,0.0,90.91,90.45,90.86,0.0,0.0,0.0,0.06,-34.0,0.03,0.0,0.0,2.8,315.0,1.0,1.0,0.0,0.0,0.0,0.0,0.0,0.0,0.0,0.0,-4.5,-4.6,0.0,1.2,527.1,-448.0,11.75,-11.9,-5.5,-9.4,-8.6,-8.4,-5.6,-6.6,-8.4,-8.3,-9.6,-9.5,3.0,21.0,-8.7,-6.6,0.0,0.0,0.0,0.0,0.0,0.0,1.0,1.0,2.0,0.0,10.0,16.0,-2.0,14.0,13.0,11.0,21.0,21.0,11.0,0.0,0.0,0.0,0.0,0.0,0.0,0.0,0.0,0.0
0.0,0.0,90.91,90.45,90.86,0.0,0.0,0.0,0.06,-28.2,0.02,0.0,0.0,2.2,304.0,1.0,1.0,0.0,0.0,0.0,0.0,0.0,0.0,0.0,0.0,-4.7,-4.6,0.0,1.2,527.1,-448.0,11.75,-11.9,-5.5,-9.4,-8.6,-8.4,-5.6,-6.7,-8.4,-8.3,-9.6,-9.5,4.0,21.0,-8.7,-6.6,0.0,0.0,0.0,0.0,0.0,0.0,1.0,1.0,2.0,0.0,9.0,16.0,-2.0,14.0,13.0,11.0,21.0,21.0,11.0,0.0,0.0,0.0,0.0,0.0,0.0,0.0,0.0,0.0
0.0,0.0,90.91,90.45,90.86,0.0,0.0,0.0,0.06,-34.9,0.01,-0.01,0.0,2.9,321.0,1.0,1.0,0.0,0.0,0.0,0.0,0.0,0.0,0.0,0.0,-4.5,-4.7,0.0,1.2,527.1,-448.0,11.75,-11.9,-5.5,-9.4,-8.6,-8.4,-5.6,-6.6,-8.4,-8.3,-9.6,-9.5,3.0,21.0,-8.7,-6.6,0.0,0.0,0.0,0.0,0.0,0.0,1.0,1.0,2.0,0.0,10.0,16.0,-2.0,14.0,13.0,11.0,21.0,21.0,11.0,0.0,0.0,0.0,0.0,0.0,0.0,0.0,0.0,0.0
0.0,0.0,90.91,90.45,90.86,0.0,0.0,0.0,0.06,-27.5,0.01,-0.01,0.0,2.7,312.0,1.0,1.0,0.0,0.0,0.0,0.0,0.0,0.0,0.0,0.0,-4.6,-4.6,0.0,1.2,527.1,-448.0,11.75,-11.9,-5.5,-9.4,-8.6,-8.4,-5.6,-6.6,-8.4,-8.3,-9.6,-9.5,3.0,21.0,-8.7,-6.6,0.0,0.0,0.0,0.0,0.0,0.0,1.0,1.0,2.0,0.0,10.0,16.0,-2.0,14.0,13.0,11.0,21.0,21.0,10.0,0.0,0.0,0.0,0.0,0.0,0.0,0.0,0.0,0.0
0.0,0.0,90.91,90.45,90.86,0.0,0.0,0.0,0.06,-46.7,0.01,0.03,0.0,0.9,327.0,1.0,1.0,0.0,0.0,0.0,0.0,0.0,0.0,0.0,0.0,-4.5,-4.5,0.0,1.2,527.1,-448.0,11.75,-11.9,-5.5,-9.4,-8.6,-8.4,-5.6,-6.6,-8.4,-8.3,-9.6,-9.5,3.0,21.0,-8.7,-6.6,0.0,0.0,0.0,0.0,0.0,0.0,1.0,1.0,2.0,0.0,11.0,16.0,-2.0,14.0,13.0,11.0,21.0,21.0,11.0,0.0,0.0,0.0,0.0,0.0,0.0,0.0,0.0,0.0
0.0,0.0,90.91,90.45,90.86,0.0,0.0,0.0,0.06,-34.8,0.03,0.0,0.0,2.5,312.0,1.0,1.0,0.0,0.0,0.0,0.0,0.0,0.0,0.0,0.0,-4.7,-4.6,0.0,1.2,527.1,-448.0,11.75,-11.9,-5.5,-9.4,-8.6,-8.4,-5.6,-6.7,-8.4,-8.3,-9.6,-9.5,4.0,22.0,-8.7,-6.6,0.0,0.0,0.0,0.0,0.0,0.0,1.0,1.0,2.0,0.0,9.0,16.0,-2.0,14.0,13.0,11.0,22.0,22.0,11.0,0.0,0.0,0.0,0.0,0.0,0.0,0.0,0.0,0.0
0.0,0.0,90.91,90.45,90.86,0.0,0.0,0.0,0.06,-30.7,0.03,0.01,0.0,2.7,312.0,1.0,1.0,0.0,0.0,0.0,0.0,0.0,0.0,0.0,0.0,-4.6,-4.6,0.0,1.2,527.1,-448.0,11.75,-11.9,-5.5,-9.4,-8.6,-8.4,-5.6,-6.6,-8.4,-8.3,-9.6,-9.5,3.0,21.0,-8.7,-6.6,0.0,0.0,0.0,0.0,0.0,0.0,1.0,1.0,2.0,0.0,10.0,16.0,-2.0,14.0,13.0,11.0,21.0,21.0,11.0,0.0,0.0,0.0,0.0,0.0,0.0,0.0,0.0,0.0
0.0,0.0,90.91,90.45,90.86,0.0,0.0,0.0,0.06,-24.4,0.09,0.03,0.0,2.7,304.0,1.0,1.0,0.0,0.0,0.0,0.0,0.0,0.0,0.0,0.0,-4.7,-4.6,0.0,1.2,527.1,-448.0,11.75,-11.9,-5.5,-9.4,-8.6,-8.4,-5.6,-6.7,-8.4,-8.3,-9.6,-9.5,3.0,22.0,-8.7,-6.6,0.0,0.0,0.0,0.0,0.0,0.0,1.0,1.0,2.0,0.0,9.0,16.0,-2.0,14.0,13.0,11.0,22.0,22.0,10.0,0.0,0.0,0.0,0.0,0.0,0.0,0.0,0.0,0.0
0.0,0.0,90.91,90.45,90.86,0.0,0.0,0.0,0.05,-20.3,0.01,-0.01,0.0,2.6,304.0,1.0,1.0,0.0,0.0,0.0,0.0,0.0,0.0,0.0,0.0,-4.6,-4.5,0.0,1.2,527.1,-448.0,11.75,-11.9,-5.5,-9.4,-8.6,-8.4,-5.6,-6.7,-8.4,-8.3,-9.6,-9.5,3.0,21.0,-8.7,-6.6,0.0,0.0,0.0,0.0,0.0,0.0,1.0,1.0,2.0,0.0,10.0,16.0,-2.0,14.0,13.0,11.0,21.0,21.0,10.0,0.0,0.0,0.0,0.0,0.0,0.0,0.0,0.0,0.0
0.0,0.0,90.91,90.45,90.86,0.0,0.0,0.0,0.06,-30.2,0.02,-0.01,0.0,2.9,312.0,1.0,1.0,0.0,0.0,0.0,0.0,0.0,0.0,0.0,0.0,-4.8,-4.6,0.0,1.2,527.1,-448.0,11.75,-11.9,-5.5,-9.4,-8.6,-8.4,-5.6,-6.6,-8.4,-8.3,-9.6,-9.5,3.0,21.0,-8.7,-6.6,0.0,0.0,0.0,0.0,0.0,0.0,1.0,1.0,2.0,0.0,10.0,16.0,-2.0,14.0,13.0,11.0,21.0,21.0,11.0,0.0,0.0,0.0,0.0,0.0,0.0,0.0,0.0,0.0
0.0,0.0,90.91,90.45,90.86,0.0,0.0,0.0,0.06,-29.8,0.03,0.0,0.0,2.9,311.0,1.0,1.0,0.0,0.0,0.0,0.0,0.0,0.0,0.0,0.0,-4.6,-4.6,0.0,1.2,527.1,-448.0,11.75,-11.9,-5.5,-9.4,-8.6,-8.4,-5.6,-6.6,-8.4,-8.3,-9.6,-9.5,3.0,21.0,-8.7,-6.6,0.0,0.0,0.0,0.0,0.0,0.0,1.0,1.0,2.0,0.0,10.0,16.0,-2.0,14.0,13.0,11.0,21.0,21.0,10.0,0.0,0.0,0.0,0.0,0.0,0.0,0.0,0.0,0.0
0.0,0.0,90.91,90.45,90.86,0.0,0.0,0.0,0.05,-22.0,0.01,-0.01,0.0,2.8,307.0,1.0,1.0,0.0,0.0,0.0,0.0,0.0,0.0,0.0,0.0,-4.6,-4.6,0.0,1.2,527.1,-448.0,11.75,-11.9,-5.5,-9.4,-8.6,-8.4,-5.6,-6.6,-8.4,-8.3,-9.6,-9.5,3.0,21.0,-8.7,-6.6,0.0,0.0,0.0,0.0,0.0,0.0,1.0,1.0,2.0,0.0,10.0,16.0,-2.0,14.0,13.0,11.0,21.0,21.0,10.0,0.0,0.0,0.0,0.0,0.0,0.0,0.0,0.0,0.0
0.0,0.0,90.91,90.45,90.86,0.0,0.0,0.0,0.06,-32.4,0.03,0.0,0.0,2.7,312.0,1.0,1.0,0.0,0.0,0.0,0.0,0.0,0.0,0.0,0.0,-4.6,-4.6,0.0,1.2,527.1,-448.0,11.75,-11.9,-5.5,-9.4,-8.6,-8.4,-5.6,-6.6,-8.4,-8.3,-9.6,-9.5,3.0,21.0,-8.7,-6.6,0.0,0.0,0.0,0.0,0.0,0.0,1.0,1.0,2.0,0.0,10.0,16.0,-2.0,14.0,13.0,11.0,21.0,21.0,10.0,0.0,0.0,0.0,0.0,0.0,0.0,0.0,0.0,0.0
0.0,0.0,90.91,90.45,90.86,0.0,0.0,0.0,0.06,-29.6,0.01,-0.01,0.0,3.0,312.0,1.0,1.0,0.0,0.0,0.0,0.0,0.0,0.0,0.0,0.0,-4.6,-4.7,0.0,1.2,527.1,-448.0,11.75,-11.9,-5.5,-9.4,-8.6,-8.4,-5.6,-6.6,-8.4,-8.3,-9.6,-9.5,4.0,21.0,-8.7,-6.6,0.0,0.0,0.0,0.0,0.0,0.0,1.0,1.0,2.0,0.0,10.0,16.0,-2.0,14.0,13.0,11.0,21.0,21.0,11.0,0.0,0.0,0.0,0.0,0.0,0.0,0.0,0.0,0.0
0.0,0.0,90.91,90.45,90.86,0.0,0.0,0.0,0.06,-51.1,0.79,0.54,0.0,1.5,330.0,1.0,1.0,0.0,0.0,0.0,0.0,0.0,0.0,0.0,0.0,-4.6,-4.7,0.0,1.2,527.1,-448.0,11.75,-11.9,-5.5,-9.4,-8.6,-8.4,-5.6,-6.6,-8.4,-8.3,-9.6,-9.5,4.0,21.0,-8.7,-6.6,0.0,0.0,0.0,0.0,0.0,0.0,1.0,1.0,2.0,0.0,11.0,16.0,-2.0,14.0,13.0,11.0,21.0,21.0,11.0,0.0,0.0,0.0,0.0,0.0,0.0,0.0,0.0,0.0
0.0,0.0,90.91,90.45,90.86,0.0,0.0,0.0,0.07,-34.5,0.01,-0.01,0.0,2.7,318.0,1.0,1.0,0.0,0.0,0.0,0.0,0.0,0.0,0.0,0.0,-4.6,-4.6,0.0,1.2,527.1,-448.0,11.75,-11.9,-5.5,-9.4,-8.6,-8.4,-5.6,-6.6,-8.4,-8.3,-9.6,-9.5,3.0,22.0,-8.7,-6.6,0.0,0.0,0.0,0.0,0.0,0.0,1.0,1.0,2.0,0.0,10.0,16.0,-2.0,14.0,13.0,11.0,22.0,22.0,11.0,0.0,0.0,0.0,0.0,0.0,0.0,0.0,0.0,0.0
0.0,0.0,90.91,90.45,90.86,0.0,0.0,0.0,0.06,-32.8,0.09,0.03,0.0,2.5,312.0,1.0,1.0,0.0,0.0,0.0,0.0,0.0,0.0,0.0,0.0,-4.6,-4.8,0.0,1.2,527.1,-448.0,11.75,-11.9,-5.5,-9.4,-8.6,-8.4,-5.6,-6.7,-8.4,-8.3,-9.6,-9.5,5.0,21.0,-8.7,-6.6,0.0,0.0,0.0,0.0,0.0,0.0,1.0,1.0,2.0,0.0,9.0,16.0,-2.0,14.0,13.0,11.0,21.0,21.0,11.0,0.0,0.0,0.0,0.0,0.0,0.0,0.0,0.0,0.0
0.0,0.0,90.91,90.45,90.86,0.0,0.0,0.0,0.05,-39.2,0.03,0.0,0.0,0.6,326.0,1.0,1.0,0.0,0.0,0.0,0.0,0.0,0.0,0.0,0.0,-4.5,-4.5,0.0,1.2,527.1,-448.0,11.75,-11.9,-5.5,-9.4,-8.6,-8.4,-5.6,-6.6,-8.4,-8.3,-9.6,-9.5,4.0,21.0,-8.7,-6.6,0.0,0.0,0.0,0.0,0.0,0.0,1.0,1.0,2.0,0.0,11.0,16.0,-2.0,14.0,13.0,11.0,21.0,21.0,11.0,0.0,0.0,0.0,0.0,0.0,0.0,0.0,0.0,0.0
0.0,0.0,90.91,90.45,90.86,0.0,0.0,0.0,0.06,-52.1,0.79,0.54,0.0,1.5,329.0,1.0,1.0,0.0,0.0,0.0,0.0,0.0,0.0,0.0,0.0,-4.6,-4.5,0.0,1.2,527.1,-448.0,11.75,-11.9,-5.5,-9.4,-8.6,-8.4,-5.6,-6.6,-8.4,-8.3,-9.6,-9.5,3.0,21.0,-8.7,-6.6,0.0,0.0,0.0,0.0,0.0,0.0,1.0,1.0,2.0,0.0,11.0,16.0,-2.0,14.0,13.0,11.0,21.0,21.0,11.0,0.0,0.0,0.0,0.0,0.0,0.0,0.0,0.0,0.0
0.0,0.0,90.91,90.45,90.86,0.0,0.0,0.0,0.05,-29.8,0.09,0.03,0.0,2.6,312.0,1.0,1.0,0.0,0.0,0.0,0.0,0.0,0.0,0.0,0.0,-4.5,-4.6,0.0,1.2,527.1,-448.0,11.75,-11.9,-5.5,-9.4,-8.6,-8.4,-5.6,-6.6,-8.4,-8.3,-9.6,-9.5,3.0,21.0,-8.7,-6.6,0.0,0.0,0.0,0.0,0.0,0.0,1.0,1.0,2.0,0.0,10.0,16.0,-2.0,14.0,13.0,11.0,21.0,21.0,11.0,0.0,0.0,0.0,0.0,0.0,0.0,0.0,0.0,0.0
0.0,0.0,90.91,90.45,90.86,0.0,0.0,0.0,0.06,-34.9,0.01,-0.01,0.0,2.9,317.0,1.0,1.0,0.0,0.0,0.0,0.0,0.0,0.0,0.0,0.0,-4.6,-4.7,0.0,1.2,527.1,-448.0,11.75,-11.9,-5.5,-9.4,-8.6,-8.4,-5.6,-6.6,-8.4,-8.3,-9.6,-9.5,3.0,21.0,-8.7,-6.6,0.0,0.0,0.0,0.0,0.0,0.0,1.0,1.0,2.0,0.0,10.0,16.0,-2.0,14.0,13.0,11.0,21.0,21.0,11.0,0.0,0.0,0.0,0.0,0.0,0.0,0.0,0.0,0.0
0.0,0.0,90.91,90.45,90.86,0.0,0.0,0.0,0.06,-25.5,0.02,0.0,0.0,3.0,308.0,1.0,1.0,0.0,0.0,0.0,0.0,0.0,0.0,0.0,0.0,-4.6,-4.6,0.0,1.2,527.1,-448.0,11.75,-11.9,-5.5,-9.4,-8.6,-8.4,-5.6,-6.6,-8.4,-8.3,-9.6,-9.5,3.0,22.0,-8.7,-6.6,0.0,0.0,0.0,0.0,0.0,0.0,1.0,1.0,2.0,0.0,10.0,16.0,-2.0,14.0,13.0,11.0,22.0,22.0,10.0,0.0,0.0,0.0,0.0,0.0,0.0,0.0,0.0,0.0
0.0,0.0,90.91,90.45,90.86,0.0,0.0,0.0,0.06,-35.1,0.09,0.03,0.0,2.7,322.0,1.0,1.0,0.0,0.0,0.0,0.0,0.0,0.0,0.0,0.0,-4.6,-4.6,0.0,1.2,527.1,-448.0,11.75,-11.9,-5.5,-9.4,-8.6,-8.4,-5.6,-6.6,-8.4,-8.3,-9.6,-9.5,3.0,21.0,-8.7,-6.6,0.0,0.0,0.0,0.0,0.0,0.0,1.0,1.0,2.0,0.0,11.0,16.0,-2.0,14.0,13.0,11.0,21.0,21.0,11.0,0.0,0.0,0.0,0.0,0.0,0.0,0.0,0.0,0.0
0.0,0.0,90.91,90.45,90.86,0.0,0.0,0.0,0.06,-24.4,0.01,-0.01,0.0,2.7,304.0,1.0,1.0,0.0,0.0,0.0,0.0,0.0,0.0,0.0,0.0,-4.6,-4.6,0.0,1.2,527.1,-448.0,11.75,-11.9,-5.5,-9.4,-8.6,-8.4,-5.6,-6.7,-8.4,-8.3,-9.6,-9.5,3.0,21.0,-8.7,-6.6,0.0,0.0,0.0,0.0,0.0,0.0,1.0,1.0,2.0,0.0,10.0,16.0,-2.0,14.0,13.0,11.0,21.0,21.0,10.0,0.0,0.0,0.0,0.0,0.0,0.0,0.0,0.0,0.0
0.0,0.0,90.91,90.45,90.86,0.0,0.0,0.0,0.05,-33.5,0.02,0.0,0.0,2.8,309.0,1.0,1.0,0.0,0.0,0.0,0.0,0.0,0.0,0.0,0.0,-4.6,-4.6,0.0,1.2,527.1,-448.0,11.75,-11.9,-5.5,-9.4,-8.6,-8.4,-5.6,-6.7,-8.4,-8.3,-9.6,-9.5,4.0,21.0,-8.7,-6.6,0.0,0.0,0.0,0.0,0.0,0.0,1.0,1.0,2.0,0.0,9.0,16.0,-2.0,14.0,13.0,11.0,21.0,21.0,11.0,0.0,0.0,0.0,0.0,0.0,0.0,0.0,0.0,0.0
0.0,0.0,90.91,90.45,90.86,0.0,0.0,0.0,0.06,-24.1,0.02,0.0,0.0,3.2,304.0,1.0,1.0,0.0,0.0,0.0,0.0,0.0,0.0,0.0,0.0,-4.5,-4.6,0.0,1.2,527.1,-448.0,11.75,-11.9,-5.5,-9.4,-8.6,-8.4,-5.6,-6.7,-8.4,-8.3,-9.6,-9.5,4.0,22.0,-8.7,-6.6,0.0,0.0,0.0,0.0,0.0,0.0,1.0,1.0,2.0,0.0,9.0,16.0,-2.0,14.0,13.0,11.0,22.0,22.0,10.0,0.0,0.0,0.0,0.0,0.0,0.0,0.0,0.0,0.0
0.0,0.0,90.91,90.45,90.86,0.0,0.0,0.0,0.05,-35.3,0.02,-0.01,0.0,2.9,316.0,1.0,1.0,0.0,0.0,0.0,0.0,0.0,0.0,0.0,0.0,-4.6,-4.7,0.0,1.2,527.1,-448.0,11.75,-11.9,-5.5,-9.4,-8.6,-8.4,-5.6,-6.6,-8.4,-8.3,-9.6,-9.5,4.0,22.0,-8.7,-6.6,0.0,0.0,0.0,0.0,0.0,0.0,1.0,1.0,2.0,0.0,10.0,16.0,-2.0,14.0,13.0,11.0,22.0,22.0,11.0,0.0,0.0,0.0,0.0,0.0,0.0,0.0,0.0,0.0
0.0,0.0,90.91,90.45,90.86,0.0,0.0,0.0,0.06,-35.5,0.03,0.01,0.0,2.5,325.0,1.0,1.0,0.0,0.0,0.0,0.0,0.0,0.0,0.0,0.0,-4.5,-4.6,0.0,1.2,527.1,-448.0,11.75,-11.9,-5.5,-9.4,-8.6,-8.4,-5.6,-6.6,-8.4,-8.3,-9.6,-9.5,3.0,21.0,-8.7,-6.6,0.0,0.0,0.0,0.0,0.0,0.0,1.0,1.0,2.0,0.0,11.0,16.0,-2.0,14.0,13.0,11.0,21.0,21.0,10.0,0.0,0.0,0.0,0.0,0.0,0.0,0.0,0.0,0.0
0.0,0.0,90.91,90.45,90.86,0.0,0.0,0.0,0.06,-20.1,0.01,-0.01,0.0,2.8,303.0,1.0,1.0,0.0,0.0,0.0,0.0,0.0,0.0,0.0,0.0,-4.6,-4.6,0.0,1.2,527.1,-448.0,11.75,-11.9,-5.5,-9.4,-8.6,-8.4,-5.6,-6.7,-8.4,-8.3,-9.6,-9.5,4.0,21.0,-8.7,-6.6,0.0,0.0,0.0,0.0,0.0,0.0,1.0,1.0,2.0,0.0,9.0,16.0,-2.0,14.0,13.0,11.0,21.0,21.0,11.0,0.0,0.0,0.0,0.0,0.0,0.0,0.0,0.0,0.0
0.0,0.0,90.91,90.45,90.86,0.0,0.0,0.0,0.05,-34.8,0.01,-0.01,0.0,2.9,316.0,1.0,1.0,0.0,0.0,0.0,0.0,0.0,0.0,0.0,0.0,-4.5,-4.6,0.0,1.2,527.1,-448.0,11.75,-11.9,-5.5,-9.4,-8.6,-8.4,-5.6,-6.6,-8.4,-8.3,-9.6,-9.5,3.0,21.0,-8.7,-6.6,0.0,0.0,0.0,0.0,0.0,0.0,1.0,1.0,2.0,0.0,10.0,16.0,-2.0,14.0,13.0,11.0,21.0,21.0,11.0,0.0,0.0,0.0,0.0,0.0,0.0,0.0,0.0,0.0
0.0,0.0,90.91,90.45,90.86,0.0,0.0,0.0,0.06,-22.6,0.02,0.0,0.0,2.9,305.0,1.0,1.0,0.0,0.0,0.0,0.0,0.0,0.0,0.0,0.0,-4.7,-4.6,0.0,1.2,527.1,-448.0,11.75,-11.9,-5.5,-9.4,-8.6,-8.4,-5.6,-6.7,-8.4,-8.3,-9.6,-9.5,4.0,21.0,-8.7,-6.6,0.0,0.0,0.0,0.0,0.0,0.0,1.0,1.0,2.0,0.0,10.0,16.0,-2.0,14.0,13.0,11.0,21.0,21.0,10.0,0.0,0.0,0.0,0.0,0.0,0.0,0.0,0.0,0.0
0.0,0.0,90.91,90.45,90.86,0.0,0.0,0.0,0.06,-35.3,0.02,0.0,0.0,2.8,320.0,1.0,1.0,0.0,0.0,0.0,0.0,0.0,0.0,0.0,0.0,-4.6,-4.7,0.0,1.2,527.1,-448.0,11.75,-11.9,-5.5,-9.4,-8.6,-8.4,-5.6,-6.6,-8.4,-8.3,-9.6,-9.5,3.0,21.0,-8.7,-6.6,0.0,0.0,0.0,0.0,0.0,0.0,1.0,1.0,2.0,0.0,11.0,16.0,-2.0,14.0,13.0,11.0,21.0,21.0,10.0,0.0,0.0,0.0,0.0,0.0,0.0,0.0,0.0,0.0
0.0,0.0,90.91,90.45,90.86,0.0,0.0,0.0,0.06,-22.1,0.02,-0.01,0.0,2.6,303.0,1.0,1.0,0.0,0.0,0.0,0.0,0.0,0.0,0.0,0.0,-4.5,-4.6,0.0,1.2,527.1,-448.0,11.75,-11.9,-5.5,-9.4,-8.6,-8.4,-5.6,-6.7,-8.4,-8.3,-9.6,-9.5,3.0,21.0,-8.7,-6.6,0.0,0.0,0.0,0.0,0.0,0.0,1.0,1.0,2.0,0.0,9.0,16.0,-2.0,14.0,13.0,11.0,21.0,21.0,10.0,0.0,0.0,0.0,0.0,0.0,0.0,0.0,0.0,0.0
0.0,0.0,90.91,90.45,90.86,0.0,0.0,0.0,0.06,-30.8,0.03,0.0,0.0,2.8,311.0,1.0,1.0,0.0,0.0,0.0,0.0,0.0,0.0,0.0,0.0,-4.6,-4.6,0.0,1.2,527.1,-448.0,11.75,-11.9,-5.5,-9.4,-8.6,-8.4,-5.6,-6.6,-8.4,-8.3,-9.6,-9.5,3.0,22.0,-8.7,-6.6,0.0,0.0,0.0,0.0,0.0,0.0,1.0,1.0,2.0,0.0,10.0,16.0,-2.0,14.0,13.0,11.0,22.0,22.0,11.0,0.0,0.0,0.0,0.0,0.0,0.0,0.0,0.0,0.0
0.0,0.0,90.91,90.45,90.86,0.0,0.0,0.0,0.06,-52.8,0.03,0.0,0.0,2.0,332.0,1.0,1.0,0.0,0.0,0.0,0.0,0.0,0.0,0.0,0.0,-4.5,-4.6,0.0,1.2,527.1,-448.0,11.75,-11.9,-5.5,-9.4,-8.6,-8.4,-5.6,-6.6,-8.4,-8.3,-9.6,-9.5,4.0,21.0,-8.7,-6.6,0.0,0.0,0.0,0.0,0.0,0.0,1.0,1.0,2.0,0.0,11.0,16.0,-2.0,14.0,13.0,11.0,21.0,21.0,11.0,0.0,0.0,0.0,0.0,0.0,0.0,0.0,0.0,0.0
0.0,0.0,90.91,90.45,90.86,0.0,0.0,0.0,0.06,-22.6,0.09,0.54,0.0,2.8,305.0,1.0,1.0,0.0,0.0,0.0,0.0,0.0,0.0,0.0,0.0,-4.7,-4.6,0.0,1.2,527.1,-448.0,11.75,-11.9,-5.5,-9.4,-8.6,-8.4,-5.6,-6.6,-8.4,-8.3,-9.6,-9.5,3.0,22.0,-8.7,-6.6,0.0,0.0,0.0,0.0,0.0,0.0,1.0,1.0,2.0,0.0,10.0,16.0,-2.0,14.0,13.0,11.0,22.0,22.0,10.0,0.0,0.0,0.0,0.0,0.0,0.0,0.0,0.0,0.0
0.0,0.0,90.91,90.45,90.86,0.0,0.0,0.0,0.06,-24.7,0.02,0.0,0.0,2.8,308.0,1.0,1.0,0.0,0.0,0.0,0.0,0.0,0.0,0.0,0.0,-4.7,-4.7,0.0,1.2,527.1,-448.0,11.75,-11.9,-5.5,-9.4,-8.6,-8.4,-5.6,-6.6,-8.4,-8.3,-9.6,-9.5,4.0,21.0,-8.7,-6.6,0.0,0.0,0.0,0.0,0.0,0.0,1.0,1.0,2.0,0.0,10.0,16.0,-2.0,14.0,13.0,11.0,21.0,21.0,10.0,0.0,0.0,0.0,0.0,0.0,0.0,0.0,0.0,0.0
0.0,0.0,90.91,90.45,90.86,0.0,0.0,0.0,0.06,-31.6,0.01,-0.01,0.0,2.8,311.0,1.0,1.0,0.0,0.0,0.0,0.0,0.0,0.0,0.0,0.0,-4.6,-4.6,0.0,1.2,527.1,-448.0,11.75,-11.9,-5.5,-9.4,-8.6,-8.4,-5.6,-6.6,-8.4,-8.3,-9.6,-9.5,3.0,21.0,-8.7,-6.6,0.0,0.0,0.0,0.0,0.0,0.0,1.0,1.0,2.0,0.0,10.0,16.0,-2.0,14.0,13.0,11.0,21.0,21.0,10.0,0.0,0.0,0.0,0.0,0.0,0.0,0.0,0.0,0.0
0.0,0.0,90.91,90.45,90.86,0.0,0.0,0.0,0.06,-24.2,0.01,-0.01,0.0,2.5,304.0,1.0,1.0,0.0,0.0,0.0,0.0,0.0,0.0,0.0,0.0,-4.6,-4.7,0.0,1.2,527.1,-448.0,11.75,-11.9,-5.5,-9.4,-8.6,-8.4,-5.6,-6.7,-8.4,-8.3,-9.6,-9.5,4.0,21.0,-8.7,-6.6,0.0,0.0,0.0,0.0,0.0,0.0,1.0,1.0,2.0,0.0,9.0,16.0,-2.0,14.0,13.0,11.0,21.0,21.0,11.0,0.0,0.0,0.0,0.0,0.0,0.0,0.0,0.0,0.0
0.0,0.0,90.91,90.45,90.86,0.0,0.0,0.0,0.06,-37.5,0.03,0.0,0.0,2.6,311.0,1.0,1.0,0.0,0.0,0.0,0.0,0.0,0.0,0.0,0.0,-4.6,-4.7,0.0,1.2,527.1,-448.0,11.75,-11.9,-5.5,-9.4,-8.6,-8.4,-5.6,-6.7,-8.4,-8.3,-9.6,-9.5,5.0,22.0,-8.7,-6.6,0.0,0.0,0.0,0.0,0.0,0.0,1.0,1.0,2.0,0.0,9.0,16.0,-2.0,14.0,13.0,11.0,22.0,22.0,12.0,0.0,0.0,0.0,0.0,0.0,0.0,0.0,0.0,0.0
0.0,0.0,90.91,90.45,90.86,0.0,0.0,0.0,0.05,-24.4,0.02,0.0,0.0,2.8,307.0,1.0,1.0,0.0,0.0,0.0,0.0,0.0,0.0,0.0,0.0,-4.6,-4.6,0.0,1.2,527.1,-448.0,11.75,-11.9,-5.5,-9.4,-8.6,-8.4,-5.6,-6.6,-8.4,-8.3,-9.6,-9.5,3.0,21.0,-8.7,-6.6,0.0,0.0,0.0,0.0,0.0,0.0,1.0,1.0,2.0,0.0,10.0,16.0,-2.0,14.0,13.0,11.0,21.0,21.0,10.0,0.0,0.0,0.0,0.0,0.0,0.0,0.0,0.0,0.0
0.0,0.0,90.91,90.45,90.86,0.0,0.0,0.0,0.06,-34.9,0.02,-0.01,0.0,2.7,319.0,1.0,1.0,0.0,0.0,0.0,0.0,0.0,0.0,0.0,0.0,-4.5,-4.5,0.0,1.2,527.1,-448.0,11.75,-11.9,-5.5,-9.4,-8.6,-8.4,-5.6,-6.6,-8.4,-8.3,-9.6,-9.5,4.0,21.0,-8.7,-6.6,0.0,0.0,0.0,0.0,0.0,0.0,1.0,1.0,2.0,0.0,10.0,16.0,-2.0,14.0,13.0,11.0,21.0,21.0,11.0,0.0,0.0,0.0,0.0,0.0,0.0,0.0,0.0,0.0
0.0,0.0,90.91,90.45,90.86,0.0,0.0,0.0,0.06,-52.2,0.79,0.54,0.0,1.6,331.0,1.0,1.0,0.0,0.0,0.0,0.0,0.0,0.0,0.0,0.0,-4.6,-4.6,0.0,1.2,527.1,-448.0,11.75,-11.9,-5.5,-9.4,-8.6,-8.4,-5.6,-6.6,-8.4,-8.3,-9.6,-9.5,4.0,21.0,-8.7,-6.6,0.0,0.0,0.0,0.0,0.0,0.0,1.0,1.0,2.0,0.0,11.0,16.0,-2.0,14.0,13.0,11.0,21.0,21.0,11.0,0.0,0.0,0.0,0.0,0.0,0.0,0.0,0.0,0.0
0.0,0.0,90.91,90.45,90.86,0.0,0.0,0.0,0.06,-19.7,0.02,0.0,0.0,2.8,303.0,1.0,1.0,0.0,0.0,0.0,0.0,0.0,0.0,0.0,0.0,-4.6,-4.6,0.0,1.2,527.1,-448.0,11.75,-11.9,-5.5,-9.4,-8.6,-8.4,-5.6,-6.7,-8.4,-8.3,-9.6,-9.5,3.0,22.0,-8.7,-6.6,0.0,0.0,0.0,0.0,0.0,0.0,1.0,1.0,2.0,0.0,9.0,16.0,-2.0,14.0,13.0,11.0,22.0,22.0,10.0,0.0,0.0,0.0,0.0,0.0,0.0,0.0,0.0,0.0
0.0,0.0,90.91,90.45,90.86,0.0,0.0,0.0,0.06,-24.1,0.79,0.54,0.0,2.9,304.0,1.0,1.0,0.0,0.0,0.0,0.0,0.0,0.0,0.0,0.0,-4.6,-4.7,0.0,1.2,527.1,-448.0,11.75,-11.9,-5.5,-9.4,-8.6,-8.4,-5.6,-6.7,-8.4,-8.3,-9.6,-9.5,4.0,21.0,-8.7,-6.6,0.0,0.0,0.0,0.0,0.0,0.0,1.0,1.0,2.0,0.0,9.0,16.0,-2.0,14.0,13.0,11.0,21.0,21.0,10.0,0.0,0.0,0.0,0.0,0.0,0.0,0.0,0.0,0.0
0.0,0.0,90.91,90.45,90.86,0.0,0.0,0.0,0.05,-25.1,0.03,0.0,0.0,2.1,304.0,1.0,1.0,0.0,0.0,0.0,0.0,0.0,0.0,0.0,0.0,-4.6,-4.7,0.0,1.2,527.1,-448.0,11.75,-11.9,-5.5,-9.4,-8.6,-8.4,-5.6,-6.7,-8.4,-8.3,-9.6,-9.5,4.0,21.0,-8.7,-6.6,0.0,0.0,0.0,0.0,0.0,0.0,1.0,1.0,2.0,0.0,9.0,16.0,-2.0,14.0,13.0,11.0,21.0,21.0,11.0,0.0,0.0,0.0,0.0,0.0,0.0,0.0,0.0,0.0
0.0,0.0,90.91,90.45,90.86,0.0,0.0,0.0,0.06,-24.0,0.09,0.54,0.0,2.8,304.0,1.0,1.0,0.0,0.0,0.0,0.0,0.0,0.0,0.0,0.0,-4.6,-4.7,0.0,1.2,527.1,-448.0,11.75,-11.9,-5.5,-9.4,-8.6,-8.4,-5.6,-6.7,-8.4,-8.3,-9.6,-9.5,3.0,21.0,-8.7,-6.6,0.0,0.0,0.0,0.0,0.0,0.0,1.0,1.0,2.0,0.0,9.0,16.0,-2.0,14.0,13.0,11.0,21.0,21.0,10.0,0.0,0.0,0.0,0.0,0.0,0.0,0.0,0.0,0.0
0.0,0.0,90.91,90.45,90.86,0.0,0.0,0.0,0.06,-27.2,0.79,0.54,0.0,2.7,308.0,1.0,1.0,0.0,0.0,0.0,0.0,0.0,0.0,0.0,0.0,-4.5,-4.6,0.0,1.2,527.1,-448.0,11.75,-11.9,-5.5,-9.4,-8.6,-8.4,-5.6,-6.6,-8.4,-8.3,-9.6,-9.5,3.0,21.0,-8.7,-6.6,0.0,0.0,0.0,0.0,0.0,0.0,1.0,1.0,2.0,0.0,10.0,16.0,-2.0,14.0,13.0,11.0,21.0,21.0,10.0,0.0,0.0,0.0,0.0,0.0,0.0,0.0,0.0,0.0
0.0,0.0,90.91,90.45,90.86,0.0,0.0,0.0,0.06,-34.8,0.79,0.54,0.0,2.9,316.0,1.0,1.0,0.0,0.0,0.0,0.0,0.0,0.0,0.0,0.0,-4.6,-4.6,0.0,1.2,527.1,-448.0,11.75,-11.9,-5.5,-9.4,-8.6,-8.4,-5.6,-6.6,-8.4,-8.3,-9.6,-9.5,3.0,22.0,-8.7,-6.6,0.0,0.0,0.0,0.0,0.0,0.0,1.0,1.0,2.0,0.0,10.0,16.0,-2.0,14.0,13.0,11.0,22.0,22.0,11.0,0.0,0.0,0.0,0.0,0.0,0.0,0.0,0.0,0.0
0.0,0.0,90.91,90.45,90.86,0.0,0.0,0.0,0.06,-26.5,0.03,0.0,0.0,2.5,306.0,1.0,1.0,0.0,0.0,0.0,0.0,0.0,0.0,0.0,0.0,-4.6,-4.7,0.0,1.2,527.1,-448.0,11.75,-11.9,-5.5,-9.4,-8.6,-8.4,-5.6,-6.7,-8.4,-8.3,-9.6,-9.5,3.0,21.0,-8.7,-6.6,0.0,0.0,0.0,0.0,0.0,0.0,1.0,1.0,2.0,0.0,9.0,16.0,-2.0,14.0,13.0,11.0,21.0,21.0,10.0,0.0,0.0,0.0,0.0,0.0,0.0,0.0,0.0,0.0
0.0,0.0,90.91,90.45,90.86,0.0,0.0,0.0,0.05,-33.7,0.02,0.0,0.0,2.6,314.0,1.0,1.0,0.0,0.0,0.0,0.0,0.0,0.0,0.0,0.0,-4.6,-4.7,0.0,1.2,527.1,-448.0,11.75,-11.9,-5.5,-9.4,-8.6,-8.4,-5.6,-6.7,-8.4,-8.3,-9.6,-9.5,4.0,21.0,-8.7,-6.6,0.0,0.0,0.0,0.0,0.0,0.0,1.0,1.0,2.0,0.0,9.0,16.0,-2.0,14.0,13.0,11.0,21.0,21.0,12.0,0.0,0.0,0.0,0.0,0.0,0.0,0.0,0.0,0.0
0.0,0.0,90.91,90.45,90.86,0.0,0.0,0.0,0.06,-29.5,0.01,-0.01,0.0,2.9,309.0,1.0,1.0,0.0,0.0,0.0,0.0,0.0,0.0,0.0,0.0,-4.5,-4.6,0.0,1.2,527.1,-448.0,11.75,-11.9,-5.5,-9.4,-8.6,-8.4,-5.6,-6.6,-8.4,-8.3,-9.6,-9.5,3.0,21.0,-8.7,-6.6,0.0,0.0,0.0,0.0,0.0,0.0,1.0,1.0,2.0,0.0,10.0,16.0,-2.0,14.0,13.0,11.0,21.0,21.0,10.0,0.0,0.0,0.0,0.0,0.0,0.0,0.0,0.0,0.0
0.0,0.0,90.91,90.45,90.86,0.0,0.0,0.0,0.06,-35.4,0.02,0.0,0.0,3.0,316.0,1.0,1.0,0.0,0.0,0.0,0.0,0.0,0.0,0.0,0.0,-4.6,-4.7,0.0,1.2,527.1,-448.0,11.75,-11.9,-5.5,-9.4,-8.6,-8.4,-5.6,-6.6,-8.4,-8.3,-9.6,-9.5,3.0,21.0,-8.7,-6.6,0.0,0.0,0.0,0.0,0.0,0.0,1.0,1.0,2.0,0.0,10.0,16.0,-2.0,14.0,13.0,11.0,21.0,21.0,11.0,0.0,0.0,0.0,0.0,0.0,0.0,0.0,0.0,0.0
0.0,0.0,90.91,90.45,90.86,0.0,0.0,0.0,0.06,-36.6,0.01,-0.01,0.0,3.0,316.0,1.0,1.0,0.0,0.0,0.0,0.0,0.0,0.0,0.0,0.0,-4.6,-4.6,0.0,1.2,527.1,-448.0,11.75,-11.9,-5.5,-9.4,-8.6,-8.4,-5.6,-6.6,-8.4,-8.3,-9.6,-9.5,3.0,21.0,-8.7,-6.6,0.0,0.0,0.0,0.0,0.0,0.0,1.0,1.0,2.0,0.0,10.0,16.0,-2.0,14.0,13.0,11.0,21.0,21.0,11.0,0.0,0.0,0.0,0.0,0.0,0.0,0.0,0.0,0.0
0.0,0.0,90.91,90.45,90.86,0.0,0.0,0.0,0.06,-26.1,0.01,-0.01,0.0,2.8,307.0,1.0,1.0,0.0,0.0,0.0,0.0,0.0,0.0,0.0,0.0,-4.6,-4.7,0.0,1.2,527.1,-448.0,11.75,-11.9,-5.5,-9.4,-8.6,-8.4,-5.6,-6.6,-8.4,-8.3,-9.6,-9.5,3.0,22.0,-8.7,-6.6,0.0,0.0,0.0,0.0,0.0,0.0,1.0,1.0,2.0,0.0,10.0,16.0,-2.0,14.0,13.0,11.0,22.0,22.0,10.0,0.0,0.0,0.0,0.0,0.0,0.0,0.0,0.0,0.0
0.0,0.0,90.91,90.45,90.86,0.0,0.0,0.0,0.06,-34.6,0.01,0.0,0.0,2.7,319.0,1.0,1.0,0.0,0.0,0.0,0.0,0.0,0.0,0.0,0.0,-4.5,-4.5,0.0,1.2,527.1,-448.0,11.75,-11.9,-5.5,-9.4,-8.6,-8.4,-5.6,-6.6,-8.4,-8.3,-9.6,-9.5,3.0,21.0,-8.7,-6.6,0.0,0.0,0.0,0.0,0.0,0.0,1.0,1.0,2.0,0.0,10.0,16.0,-2.0,14.0,13.0,11.0,21.0,21.0,11.0,0.0,0.0,0.0,0.0,0.0,0.0,0.0,0.0,0.0
0.0,0.0,90.91,90.45,90.86,0.0,0.0,0.0,0.06,-23.3,0.03,0.0,0.0,2.8,307.0,1.0,1.0,0.0,0.0,0.0,0.0,0.0,0.0,0.0,0.0,-4.6,-4.6,0.0,1.2,527.1,-448.0,11.75,-11.9,-5.5,-9.4,-8.6,-8.4,-5.6,-6.6,-8.4,-8.3,-9.6,-9.5,3.0,21.0,-8.7,-6.6,0.0,0.0,0.0,0.0,0.0,0.0,1.0,1.0,2.0,0.0,10.0,16.0,-2.0,14.0,13.0,11.0,21.0,21.0,10.0,0.0,0.0,0.0,0.0,0.0,0.0,0.0,0.0,0.0
0.0,0.0,90.91,90.45,90.86,0.0,0.0,0.0,0.06,-31.3,0.01,0.0,0.0,2.8,311.0,1.0,1.0,0.0,0.0,0.0,0.0,0.0,0.0,0.0,0.0,-4.7,-4.6,0.0,1.2,527.1,-448.0,11.75,-11.9,-5.5,-9.4,-8.6,-8.4,-5.6,-6.6,-8.4,-8.3,-9.6,-9.5,3.0,21.0,-8.7,-6.6,0.0,0.0,0.0,0.0,0.0,0.0,1.0,1.0,2.0,0.0,10.0,16.0,-2.0,14.0,13.0,11.0,21.0,21.0,10.0,0.0,0.0,0.0,0.0,0.0,0.0,0.0,0.0,0.0
0.0,0.0,90.91,90.45,90.86,0.0,0.0,0.0,0.05,-36.2,0.01,-0.01,0.0,2.8,313.0,1.0,1.0,0.0,0.0,0.0,0.0,0.0,0.0,0.0,0.0,-4.6,-4.6,0.0,1.2,527.1,-448.0,11.75,-11.9,-5.5,-9.4,-8.6,-8.4,-5.6,-6.7,-8.4,-8.3,-9.6,-9.5,4.0,22.0,-8.7,-6.6,0.0,0.0,0.0,0.0,0.0,0.0,1.0,1.0,2.0,0.0,9.0,16.0,-2.0,14.0,13.0,11.0,22.0,22.0,12.0,0.0,0.0,0.0,0.0,0.0,0.0,0.0,0.0,0.0
0.0,0.0,90.91,90.45,90.86,0.0,0.0,0.0,0.05,-34.8,0.01,0.0,0.0,2.6,321.0,1.0,1.0,0.0,0.0,0.0,0.0,0.0,0.0,0.0,0.0,-4.5,-4.5,0.0,1.2,527.1,-448.0,11.75,-11.9,-5.5,-9.4,-8.6,-8.4,-5.6,-6.6,-8.4,-8.3,-9.6,-9.5,3.0,22.0,-8.7,-6.6,0.0,0.0,0.0,0.0,0.0,0.0,1.0,1.0,2.0,0.0,11.0,16.0,-2.0,14.0,13.0,11.0,22.0,22.0,11.0,0.0,0.0,0.0,0.0,0.0,0.0,0.0,0.0,0.0
0.0,0.0,90.91,90.45,90.86,0.0,0.0,0.0,0.06,-37.2,0.02,0.0,0.0,2.6,321.0,1.0,1.0,0.0,0.0,0.0,0.0,0.0,0.0,0.0,0.0,-4.6,-4.7,0.0,1.2,527.1,-448.0,11.75,-11.9,-5.5,-9.4,-8.6,-8.4,-5.6,-6.6,-8.4,-8.3,-9.6,-9.5,3.0,21.0,-8.7,-6.6,0.0,0.0,0.0,0.0,0.0,0.0,1.0,1.0,2.0,0.0,11.0,16.0,-2.0,14.0,13.0,11.0,21.0,21.0,11.0,0.0,0.0,0.0,0.0,0.0,0.0,0.0,0.0,0.0
0.0,0.0,90.91,90.45,90.86,0.0,0.0,0.0,0.06,-34.3,0.09,0.54,0.0,2.9,314.0,1.0,1.0,0.0,0.0,0.0,0.0,0.0,0.0,0.0,0.0,-4.5,-4.6,0.0,1.2,527.1,-448.0,11.75,-11.9,-5.5,-9.4,-8.6,-8.4,-5.6,-6.6,-8.4,-8.3,-9.6,-9.5,3.0,21.0,-8.7,-6.6,0.0,0.0,0.0,0.0,0.0,0.0,1.0,1.0,2.0,0.0,10.0,16.0,-2.0,14.0,13.0,11.0,21.0,21.0,11.0,0.0,0.0,0.0,0.0,0.0,0.0,0.0,0.0,0.0
0.0,0.0,90.91,90.45,90.86,0.0,0.0,0.0,0.06,-35.7,0.02,0.0,0.0,2.6,324.0,1.0,1.0,0.0,0.0,0.0,0.0,0.0,0.0,0.0,0.0,-4.6,-4.7,0.0,1.2,527.1,-448.0,11.75,-11.9,-5.5,-9.4,-8.6,-8.4,-5.6,-6.6,-8.4,-8.3,-9.6,-9.5,3.0,21.0,-8.7,-6.6,0.0,0.0,0.0,0.0,0.0,0.0,1.0,1.0,2.0,0.0,11.0,16.0,-2.0,14.0,13.0,11.0,21.0,21.0,11.0,0.0,0.0,0.0,0.0,0.0,0.0,0.0,0.0,0.0
0.0,0.0,90.91,90.45,90.86,0.0,0.0,0.0,0.06,-45.1,0.01,-0.01,0.0,0.7,327.0,1.0,1.0,0.0,0.0,0.0,0.0,0.0,0.0,0.0,0.0,-4.6,-4.5,0.0,1.2,527.1,-448.0,11.75,-11.9,-5.5,-9.4,-8.6,-8.4,-5.6,-6.6,-8.4,-8.3,-9.6,-9.5,3.0,21.0,-8.7,-6.6,0.0,0.0,0.0,0.0,0.0,0.0,1.0,1.0,2.0,0.0,11.0,16.0,-2.0,14.0,13.0,11.0,21.0,21.0,11.0,0.0,0.0,0.0,0.0,0.0,0.0,0.0,0.0,0.0
0.0,0.0,90.91,90.45,90.86,0.0,0.0,0.0,0.06,-24.8,0.01,0.0,0.0,2.4,304.0,1.0,1.0,0.0,0.0,0.0,0.0,0.0,0.0,0.0,0.0,-4.6,-4.6,0.0,1.2,527.1,-448.0,11.75,-11.9,-5.5,-9.4,-8.6,-8.4,-5.6,-6.7,-8.4,-8.3,-9.6,-9.5,4.0,22.0,-8.7,-6.6,0.0,0.0,0.0,0.0,0.0,0.0,1.0,1.0,2.0,0.0,9.0,16.0,-2.0,14.0,13.0,11.0,22.0,22.0,11.0,0.0,0.0,0.0,0.0,0.0,0.0,0.0,0.0,0.0
0.0,0.0,90.91,90.45,90.86,0.0,0.0,0.0,0.05,-29.3,0.02,0.0,0.0,2.8,310.0,1.0,1.0,0.0,0.0,0.0,0.0,0.0,0.0,0.0,0.0,-4.5,-4.6,0.0,1.2,527.1,-448.0,11.75,-11.9,-5.5,-9.4,-8.6,-8.4,-5.6,-6.6,-8.4,-8.3,-9.6,-9.5,3.0,21.0,-8.7,-6.6,0.0,0.0,0.0,0.0,0.0,0.0,1.0,1.0,2.0,0.0,10.0,16.0,-2.0,14.0,13.0,11.0,21.0,21.0,11.0,0.0,0.0,0.0,0.0,0.0,0.0,0.0,0.0,0.0
0.0,0.0,90.91,90.45,90.86,0.0,0.0,0.0,0.06,-24.7,0.02,0.0,0.0,2.7,304.0,1.0,1.0,0.0,0.0,0.0,0.0,0.0,0.0,0.0,0.0,-4.7,-4.6,0.0,1.2,527.1,-448.0,11.75,-11.9,-5.5,-9.4,-8.6,-8.4,-5.6,-6.7,-8.4,-8.3,-9.6,-9.5,4.0,22.0,-8.7,-6.6,0.0,0.0,0.0,0.0,0.0,0.0,1.0,1.0,2.0,0.0,10.0,16.0,-2.0,14.0,13.0,11.0,22.0,22.0,10.0,0.0,0.0,0.0,0.0,0.0,0.0,0.0,0.0,0.0
0.0,0.0,90.91,90.45,90.86,0.0,0.0,0.0,0.06,-35.0,0.02,-0.01,0.0,3.0,316.0,1.0,1.0,0.0,0.0,0.0,0.0,0.0,0.0,0.0,0.0,-4.6,-4.5,0.0,1.2,527.1,-448.0,11.75,-11.9,-5.5,-9.4,-8.6,-8.4,-5.6,-6.6,-8.4,-8.3,-9.6,-9.5,3.0,21.0,-8.7,-6.6,0.0,0.0,0.0,0.0,0.0,0.0,1.0,1.0,2.0,0.0,10.0,16.0,-2.0,14.0,13.0,11.0,21.0,21.0,10.0,0.0,0.0,0.0,0.0,0.0,0.0,0.0,0.0,0.0
0.0,0.0,90.91,90.45,90.86,0.0,0.0,0.0,0.06,-26.7,0.02,0.0,0.0,2.6,304.0,1.0,1.0,0.0,0.0,0.0,0.0,0.0,0.0,0.0,0.0,-4.6,-4.7,0.0,1.2,527.1,-448.0,11.75,-11.9,-5.5,-9.4,-8.6,-8.4,-5.6,-6.7,-8.4,-8.3,-9.6,-9.5,4.0,21.0,-8.7,-6.6,0.0,0.0,0.0,0.0,0.0,0.0,1.0,1.0,2.0,0.0,9.0,16.0,-2.0,14.0,13.0,11.0,21.0,21.0,10.0,0.0,0.0,0.0,0.0,0.0,0.0,0.0,0.0,0.0
0.0,0.0,90.91,90.45,90.86,0.0,0.0,0.0,0.06,-34.8,0.01,-0.01,0.0,2.9,319.0,1.0,1.0,0.0,0.0,0.0,0.0,0.0,0.0,0.0,0.0,-4.7,-4.6,0.0,1.2,527.1,-448.0,11.75,-11.9,-5.5,-9.4,-8.6,-8.4,-5.6,-6.6,-8.4,-8.3,-9.6,-9.5,3.0,21.0,-8.7,-6.6,0.0,0.0,0.0,0.0,0.0,0.0,1.0,1.0,2.0,0.0,10.0,16.0,-2.0,14.0,13.0,11.0,21.0,21.0,11.0,0.0,0.0,0.0,0.0,0.0,0.0,0.0,0.0,0.0
0.0,0.0,90.91,90.45,90.86,0.0,0.0,0.0,0.05,-35.6,0.01,-0.01,0.0,2.8,310.0,1.0,1.0,0.0,0.0,0.0,0.0,0.0,0.0,0.0,0.0,-4.7,-4.6,0.0,1.2,527.1,-448.0,11.75,-11.9,-5.5,-9.4,-8.6,-8.4,-5.6,-6.7,-8.4,-8.3,-9.6,-9.5,4.0,21.0,-8.7,-6.6,0.0,0.0,0.0,0.0,0.0,0.0,1.0,1.0,2.0,0.0,9.0,16.0,-2.0,14.0,13.0,11.0,21.0,21.0,11.0,0.0,0.0,0.0,0.0,0.0,0.0,0.0,0.0,0.0
0.0,0.0,90.91,90.45,90.86,0.0,0.0,0.0,0.06,-41.1,0.01,-0.01,0.0,2.6,328.0,1.0,1.0,0.0,0.0,0.0,0.0,0.0,0.0,0.0,0.0,-4.6,-4.6,0.0,1.2,527.1,-448.0,11.75,-11.9,-5.5,-9.4,-8.6,-8.4,-5.6,-6.6,-8.4,-8.3,-9.6,-9.5,3.0,21.0,-8.7,-6.6,0.0,0.0,0.0,0.0,0.0,0.0,1.0,1.0,2.0,0.0,11.0,16.0,-2.0,14.0,13.0,11.0,21.0,21.0,11.0,0.0,0.0,0.0,0.0,0.0,0.0,0.0,0.0,0.0
0.0,0.0,90.91,90.45,90.86,0.0,0.0,0.0,0.05,-28.4,0.02,0.0,0.0,2.5,309.0,1.0,1.0,0.0,0.0,0.0,0.0,0.0,0.0,0.0,0.0,-4.6,-4.6,0.0,1.2,527.1,-448.0,11.75,-11.9,-5.5,-9.4,-8.6,-8.4,-5.6,-6.6,-8.4,-8.3,-9.6,-9.5,3.0,21.0,-8.7,-6.6,0.0,0.0,0.0,0.0,0.0,0.0,1.0,1.0,2.0,0.0,10.0,16.0,-2.0,14.0,13.0,11.0,21.0,21.0,10.0,0.0,0.0,0.0,0.0,0.0,0.0,0.0,0.0,0.0
0.0,0.0,90.91,90.45,90.86,0.0,0.0,0.0,0.05,-29.9,0.03,0.01,0.0,2.7,312.0,1.0,1.0,0.0,0.0,0.0,0.0,0.0,0.0,0.0,0.0,-4.6,-4.6,0.0,1.2,527.1,-448.0,11.75,-11.9,-5.5,-9.4,-8.6,-8.4,-5.6,-6.6,-8.4,-8.3,-9.6,-9.5,3.0,21.0,-8.7,-6.6,0.0,0.0,0.0,0.0,0.0,0.0,1.0,1.0,2.0,0.0,10.0,16.0,-2.0,14.0,13.0,11.0,21.0,21.0,10.0,0.0,0.0,0.0,0.0,0.0,0.0,0.0,0.0,0.0
0.0,0.0,90.91,90.45,90.86,0.0,0.0,0.0,0.06,-31.0,0.01,0.03,0.0,2.1,305.0,1.0,1.0,0.0,0.0,0.0,0.0,0.0,0.0,0.0,0.0,-4.7,-4.7,0.0,1.2,527.1,-448.0,11.75,-11.9,-5.5,-9.4,-8.6,-8.4,-5.6,-6.7,-8.4,-8.3,-9.6,-9.5,5.0,21.0,-8.7,-6.6,0.0,0.0,0.0,0.0,0.0,0.0,1.0,1.0,2.0,0.0,9.0,16.0,-2.0,14.0,13.0,11.0,21.0,21.0,11.0,0.0,0.0,0.0,0.0,0.0,0.0,0.0,0.0,0.0
0.0,0.0,90.91,90.45,90.86,0.0,0.0,0.0,0.06,-23.6,0.01,-0.01,0.0,2.8,304.0,1.0,1.0,0.0,0.0,0.0,0.0,0.0,0.0,0.0,0.0,-4.6,-4.6,0.0,1.2,527.1,-448.0,11.75,-11.9,-5.5,-9.4,-8.6,-8.4,-5.6,-6.7,-8.4,-8.3,-9.6,-9.5,4.0,21.0,-8.7,-6.6,0.0,0.0,0.0,0.0,0.0,0.0,1.0,1.0,2.0,0.0,9.0,16.0,-2.0,14.0,13.0,11.0,21.0,21.0,10.0,0.0,0.0,0.0,0.0,0.0,0.0,0.0,0.0,0.0
0.0,0.0,90.91,90.45,90.86,0.0,0.0,0.0,0.06,-21.1,0.02,-0.01,0.0,2.7,303.0,1.0,1.0,0.0,0.0,0.0,0.0,0.0,0.0,0.0,0.0,-4.7,-4.6,0.0,1.2,527.1,-448.0,11.75,-11.9,-5.5,-9.4,-8.6,-8.4,-5.6,-6.7,-8.4,-8.3,-9.6,-9.5,4.0,21.0,-8.7,-6.6,0.0,0.0,0.0,0.0,0.0,0.0,1.0,1.0,2.0,0.0,9.0,16.0,-2.0,14.0,13.0,11.0,21.0,21.0,11.0,0.0,0.0,0.0,0.0,0.0,0.0,0.0,0.0,0.0
0.0,0.0,90.91,90.45,90.86,0.0,0.0,0.0,0.05,-38.1,0.03,0.01,0.0,2.6,312.0,1.0,1.0,0.0,0.0,0.0,0.0,0.0,0.0,0.0,0.0,-4.6,-4.6,0.0,1.2,527.1,-448.0,11.75,-11.9,-5.5,-9.4,-8.6,-8.4,-5.6,-6.7,-8.4,-8.3,-9.6,-9.5,4.0,21.0,-8.7,-6.6,0.0,0.0,0.0,0.0,0.0,0.0,1.0,1.0,2.0,0.0,9.0,16.0,-2.0,14.0,13.0,11.0,21.0,21.0,11.0,0.0,0.0,0.0,0.0,0.0,0.0,0.0,0.0,0.0
0.0,0.0,90.91,90.45,90.86,0.0,0.0,0.0,0.06,-35.2,0.02,-0.01,0.0,2.5,311.0,1.0,1.0,0.0,0.0,0.0,0.0,0.0,0.0,0.0,0.0,-4.6,-4.6,0.0,1.2,527.1,-448.0,11.75,-11.9,-5.5,-9.4,-8.6,-8.4,-5.6,-6.7,-8.4,-8.3,-9.6,-9.5,4.0,21.0,-8.7,-6.6,0.0,0.0,0.0,0.0,0.0,0.0,1.0,1.0,2.0,0.0,9.0,16.0,-2.0,14.0,13.0,11.0,21.0,21.0,11.0,0.0,0.0,0.0,0.0,0.0,0.0,0.0,0.0,0.0
0.0,0.0,90.91,90.45,90.86,0.0,0.0,0.0,0.06,-52.0,0.03,0.0,0.0,2.0,330.0,1.0,1.0,0.0,0.0,0.0,0.0,0.0,0.0,0.0,0.0,-4.5,-4.6,0.0,1.2,527.1,-448.0,11.75,-11.9,-5.5,-9.4,-8.6,-8.4,-5.6,-6.6,-8.4,-8.3,-9.6,-9.5,3.0,22.0,-8.7,-6.6,0.0,0.0,0.0,0.0,0.0,0.0,1.0,1.0,2.0,0.0,11.0,16.0,-2.0,14.0,13.0,11.0,22.0,22.0,11.0,0.0,0.0,0.0,0.0,0.0,0.0,0.0,0.0,0.0
0.0,0.0,90.91,90.45,90.86,0.0,0.0,0.0,0.06,-20.4,0.02,0.0,0.0,2.7,303.0,1.0,1.0,0.0,0.0,0.0,0.0,0.0,0.0,0.0,0.0,-4.6,-4.7,0.0,1.2,527.1,-448.0,11.75,-11.9,-5.5,-9.4,-8.6,-8.4,-5.6,-6.7,-8.4,-8.3,-9.6,-9.5,4.0,22.0,-8.7,-6.6,0.0,0.0,0.0,0.0,0.0,0.0,1.0,1.0,2.0,0.0,9.0,16.0,-2.0,14.0,13.0,11.0,22.0,22.0,10.0,0.0,0.0,0.0,0.0,0.0,0.0,0.0,0.0,0.0
0.0,0.0,90.91,90.45,90.86,0.0,0.0,0.0,0.06,-23.0,0.02,0.0,0.0,2.3,304.0,1.0,1.0,0.0,0.0,0.0,0.0,0.0,0.0,0.0,0.0,-4.6,-4.6,0.0,1.2,527.1,-448.0,11.75,-11.9,-5.5,-9.4,-8.6,-8.4,-5.6,-6.7,-8.4,-8.3,-9.6,-9.5,4.0,22.0,-8.7,-6.6,0.0,0.0,0.0,0.0,0.0,0.0,1.0,1.0,2.0,0.0,10.0,16.0,-2.0,14.0,13.0,11.0,22.0,22.0,10.0,0.0,0.0,0.0,0.0,0.0,0.0,0.0,0.0,0.0
0.0,0.0,90.91,90.45,90.86,0.0,0.0,0.0,0.06,-30.0,0.09,0.03,0.0,3.0,311.0,1.0,1.0,0.0,0.0,0.0,0.0,0.0,0.0,0.0,0.0,-4.6,-4.7,0.0,1.2,527.1,-448.0,11.75,-11.9,-5.5,-9.4,-8.6,-8.4,-5.6,-6.6,-8.4,-8.3,-9.6,-9.5,3.0,21.0,-8.7,-6.6,0.0,0.0,0.0,0.0,0.0,0.0,1.0,1.0,2.0,0.0,10.0,16.0,-2.0,14.0,13.0,11.0,21.0,21.0,11.0,0.0,0.0,0.0,0.0,0.0,0.0,0.0,0.0,0.0
0.0,0.0,90.91,90.45,90.86,0.0,0.0,0.0,0.06,-30.6,0.79,0.54,0.0,2.9,315.0,1.0,1.0,0.0,0.0,0.0,0.0,0.0,0.0,0.0,0.0,-4.6,-4.6,0.0,1.2,527.1,-448.0,11.75,-11.9,-5.5,-9.4,-8.6,-8.4,-5.6,-6.6,-8.4,-8.3,-9.6,-9.5,3.0,21.0,-8.7,-6.6,0.0,0.0,0.0,0.0,0.0,0.0,1.0,1.0,2.0,0.0,10.0,16.0,-2.0,14.0,13.0,11.0,21.0,21.0,11.0,0.0,0.0,0.0,0.0,0.0,0.0,0.0,0.0,0.0
0.0,0.0,90.91,90.45,90.86,0.0,0.0,0.0,0.05,-32.4,0.02,0.0,0.0,2.3,307.0,1.0,1.0,0.0,0.0,0.0,0.0,0.0,0.0,0.0,0.0,-4.6,-4.7,0.0,1.2,527.1,-448.0,11.75,-11.9,-5.5,-9.4,-8.6,-8.4,-5.6,-6.7,-8.4,-8.3,-9.6,-9.5,4.0,21.0,-8.7,-6.6,0.0,0.0,0.0,0.0,0.0,0.0,1.0,1.0,2.0,0.0,9.0,16.0,-2.0,14.0,13.0,11.0,21.0,21.0,11.0,0.0,0.0,0.0,0.0,0.0,0.0,0.0,0.0,0.0
0.0,0.0,90.91,90.45,90.86,0.0,0.0,0.0,0.06,-41.9,0.79,0.0,0.0,2.6,329.0,1.0,1.0,0.0,0.0,0.0,0.0,0.0,0.0,0.0,0.0,-4.5,-4.5,0.0,1.2,527.1,-448.0,11.75,-11.9,-5.5,-9.4,-8.6,-8.4,-5.6,-6.6,-8.4,-8.3,-9.6,-9.5,4.0,21.0,-8.7,-6.6,0.0,0.0,0.0,0.0,0.0,0.0,1.0,1.0,2.0,0.0,11.0,16.0,-2.0,14.0,13.0,11.0,21.0,21.0,11.0,0.0,0.0,0.0,0.0,0.0,0.0,0.0,0.0,0.0
0.0,0.0,90.91,90.45,90.86,0.0,0.0,0.0,0.06,-52.9,0.02,0.0,0.0,1.4,330.0,1.0,1.0,0.0,0.0,0.0,0.0,0.0,0.0,0.0,0.0,-4.6,-4.6,0.0,1.2,527.1,-448.0,11.75,-11.9,-5.5,-9.4,-8.6,-8.4,-5.6,-6.6,-8.4,-8.3,-9.6,-9.5,4.0,21.0,-8.7,-6.6,0.0,0.0,0.0,0.0,0.0,0.0,1.0,1.0,2.0,0.0,11.0,16.0,-2.0,14.0,13.0,11.0,21.0,21.0,11.0,0.0,0.0,0.0,0.0,0.0,0.0,0.0,0.0,0.0
0.0,0.0,90.91,90.45,90.86,0.0,0.0,0.0,0.05,-22.5,0.01,-0.01,0.0,2.4,303.0,1.0,1.0,0.0,0.0,0.0,0.0,0.0,0.0,0.0,0.0,-4.6,-4.6,0.0,1.2,527.1,-448.0,11.75,-11.9,-5.5,-9.4,-8.6,-8.4,-5.6,-6.7,-8.4,-8.3,-9.6,-9.5,4.0,21.0,-8.7,-6.6,0.0,0.0,0.0,0.0,0.0,0.0,1.0,1.0,2.0,0.0,9.0,16.0,-2.0,14.0,13.0,11.0,21.0,21.0,10.0,0.0,0.0,0.0,0.0,0.0,0.0,0.0,0.0,0.0
0.0,0.0,90.91,90.45,90.86,0.0,0.0,0.0,0.05,-33.9,0.02,0.0,0.0,2.7,319.0,1.0,1.0,0.0,0.0,0.0,0.0,0.0,0.0,0.0,0.0,-4.6,-4.6,0.0,1.2,527.1,-448.0,11.75,-11.9,-5.5,-9.4,-8.6,-8.4,-5.6,-6.6,-8.4,-8.3,-9.6,-9.5,3.0,21.0,-8.7,-6.6,0.0,0.0,0.0,0.0,0.0,0.0,1.0,1.0,2.0,0.0,10.0,16.0,-2.0,14.0,13.0,11.0,21.0,21.0,11.0,0.0,0.0,0.0,0.0,0.0,0.0,0.0,0.0,0.0
0.0,0.0,90.91,90.45,90.86,0.0,0.0,0.0,0.06,-49.6,0.79,0.54,0.0,2.4,331.0,1.0,1.0,0.0,0.0,0.0,0.0,0.0,0.0,0.0,0.0,-4.5,-4.6,0.0,1.2,527.1,-448.0,11.75,-11.9,-5.5,-9.4,-8.6,-8.4,-5.6,-6.6,-8.4,-8.3,-9.6,-9.5,4.0,22.0,-8.7,-6.6,0.0,0.0,0.0,0.0,0.0,0.0,1.0,1.0,2.0,0.0,11.0,16.0,-2.0,14.0,13.0,11.0,22.0,22.0,11.0,0.0,0.0,0.0,0.0,0.0,0.0,0.0,0.0,0.0
0.0,0.0,90.91,90.45,90.86,0.0,0.0,0.0,0.05,-33.9,0.09,0.54,0.0,2.4,312.0,1.0,1.0,0.0,0.0,0.0,0.0,0.0,0.0,0.0,0.0,-4.7,-4.7,0.0,1.2,527.1,-448.0,11.75,-11.9,-5.5,-9.4,-8.6,-8.4,-5.6,-6.7,-8.4,-8.3,-9.6,-9.5,4.0,21.0,-8.7,-6.6,0.0,0.0,0.0,0.0,0.0,0.0,1.0,1.0,2.0,0.0,9.0,16.0,-2.0,14.0,13.0,11.0,21.0,21.0,11.0,0.0,0.0,0.0,0.0,0.0,0.0,0.0,0.0,0.0
0.0,0.0,90.91,90.45,90.86,0.0,0.0,0.0,0.06,-50.8,0.09,0.03,0.0,1.3,328.0,1.0,1.0,0.0,0.0,0.0,0.0,0.0,0.0,0.0,0.0,-4.6,-4.6,0.0,1.2,527.1,-448.0,11.75,-11.9,-5.5,-9.4,-8.6,-8.4,-5.6,-6.6,-8.4,-8.3,-9.6,-9.5,4.0,22.0,-8.7,-6.6,0.0,0.0,0.0,0.0,0.0,0.0,1.0,1.0,2.0,0.0,11.0,16.0,-2.0,14.0,13.0,11.0,22.0,22.0,11.0,0.0,0.0,0.0,0.0,0.0,0.0,0.0,0.0,0.0
0.0,0.0,90.91,90.45,90.86,0.0,0.0,0.0,0.06,-50.8,0.01,-0.01,0.0,1.3,328.0,1.0,1.0,0.0,0.0,0.0,0.0,0.0,0.0,0.0,0.0,-4.6,-4.6,0.0,1.2,527.1,-448.0,11.75,-11.9,-5.5,-9.4,-8.6,-8.4,-5.6,-6.6,-8.4,-8.3,-9.6,-9.5,4.0,22.0,-8.7,-6.6,0.0,0.0,0.0,0.0,0.0,0.0,1.0,1.0,2.0,0.0,11.0,16.0,-2.0,14.0,13.0,11.0,22.0,22.0,11.0,0.0,0.0,0.0,0.0,0.0,0.0,0.0,0.0,0.0
0.0,0.0,90.91,90.45,90.86,0.0,0.0,0.0,0.05,-30.7,0.03,0.0,0.0,2.8,311.0,1.0,1.0,0.0,0.0,0.0,0.0,0.0,0.0,0.0,0.0,-4.6,-4.5,0.0,1.2,527.1,-448.0,11.75,-11.9,-5.5,-9.4,-8.6,-8.4,-5.6,-6.7,-8.4,-8.3,-9.6,-9.5,3.0,21.0,-8.7,-6.6,0.0,0.0,0.0,0.0,0.0,0.0,1.0,1.0,2.0,0.0,10.0,16.0,-2.0,14.0,13.0,11.0,21.0,21.0,11.0,0.0,0.0,0.0,0.0,0.0,0.0,0.0,0.0,0.0
0.0,0.0,90.91,90.45,90.86,0.0,0.0,0.0,0.06,-26.1,0.01,-0.01,0.0,2.6,308.0,1.0,1.0,0.0,0.0,0.0,0.0,0.0,0.0,0.0,0.0,-4.6,-4.6,0.0,1.2,527.1,-448.0,11.75,-11.9,-5.5,-9.4,-8.6,-8.4,-5.6,-6.6,-8.4,-8.3,-9.6,-9.5,3.0,21.0,-8.7,-6.6,0.0,0.0,0.0,0.0,0.0,0.0,1.0,1.0,2.0,0.0,10.0,16.0,-2.0,14.0,13.0,11.0,21.0,21.0,10.0,0.0,0.0,0.0,0.0,0.0,0.0,0.0,0.0,0.0
0.0,0.0,90.91,90.45,90.86,0.0,0.0,0.0,0.06,-51.0,0.01,-0.01,0.0,1.5,330.0,1.0,1.0,0.0,0.0,0.0,0.0,0.0,0.0,0.0,0.0,-4.6,-4.5,0.0,1.2,527.1,-448.0,11.75,-11.9,-5.5,-9.4,-8.6,-8.4,-5.6,-6.6,-8.4,-8.3,-9.6,-9.5,3.0,22.0,-8.7,-6.6,0.0,0.0,0.0,0.0,0.0,0.0,1.0,1.0,2.0,0.0,11.0,16.0,-2.0,14.0,13.0,11.0,22.0,22.0,11.0,0.0,0.0,0.0,0.0,0.0,0.0,0.0,0.0,0.0
0.0,0.0,90.91,90.45,90.86,0.0,0.0,0.0,0.05,-21.5,0.79,0.0,0.0,2.7,303.0,1.0,1.0,0.0,0.0,0.0,0.0,0.0,0.0,0.0,0.0,-4.6,-4.6,0.0,1.2,527.1,-448.0,11.75,-11.9,-5.5,-9.4,-8.6,-8.4,-5.6,-6.7,-8.4,-8.3,-9.6,-9.5,4.0,22.0,-8.7,-6.6,0.0,0.0,0.0,0.0,0.0,0.0,1.0,1.0,2.0,0.0,9.0,16.0,-2.0,14.0,13.0,11.0,22.0,22.0,10.0,0.0,0.0,0.0,0.0,0.0,0.0,0.0,0.0,0.0
0.0,0.0,90.91,90.45,90.86,0.0,0.0,0.0,0.07,-37.1,0.01,-0.01,0.0,2.6,311.0,1.0,1.0,0.0,0.0,0.0,0.0,0.0,0.0,0.0,0.0,-4.6,-4.6,0.0,1.2,527.1,-448.0,11.75,-11.9,-5.5,-9.4,-8.6,-8.4,-5.6,-6.7,-8.4,-8.3,-9.6,-9.5,5.0,21.0,-8.7,-6.6,0.0,0.0,0.0,0.0,0.0,0.0,1.0,1.0,2.0,0.0,9.0,16.0,-2.0,14.0,13.0,11.0,21.0,21.0,11.0,0.0,0.0,0.0,0.0,0.0,0.0,0.0,0.0,0.0
0.0,0.0,90.91,90.45,90.86,0.0,0.0,0.0,0.06,-31.9,0.01,-0.01,0.0,2.5,307.0,1.0,1.0,0.0,0.0,0.0,0.0,0.0,0.0,0.0,0.0,-4.6,-4.7,0.0,1.2,527.1,-448.0,11.75,-11.9,-5.5,-9.4,-8.6,-8.4,-5.6,-6.7,-8.4,-8.3,-9.6,-9.5,4.0,22.0,-8.7,-6.6,0.0,0.0,0.0,0.0,0.0,0.0,1.0,1.0,2.0,0.0,9.0,16.0,-2.0,14.0,13.0,11.0,22.0,22.0,11.0,0.0,0.0,0.0,0.0,0.0,0.0,0.0,0.0,0.0
0.0,0.0,90.91,90.45,90.86,0.0,0.0,0.0,0.05,-52.6,0.01,0.03,0.0,2.1,332.0,1.0,1.0,0.0,0.0,0.0,0.0,0.0,0.0,0.0,0.0,-4.7,-4.6,0.0,1.2,527.1,-448.0,11.75,-11.9,-5.5,-9.4,-8.6,-8.4,-5.6,-6.6,-8.4,-8.3,-9.6,-9.5,3.0,21.0,-8.7,-6.6,0.0,0.0,0.0,0.0,0.0,0.0,1.0,1.0,2.0,0.0,11.0,16.0,-2.0,14.0,13.0,11.0,21.0,21.0,11.0,0.0,0.0,0.0,0.0,0.0,0.0,0.0,0.0,0.0
0.0,0.0,90.91,90.45,90.86,0.0,0.0,0.0,0.06,-23.5,0.03,0.0,0.0,2.8,305.0,1.0,1.0,0.0,0.0,0.0,0.0,0.0,0.0,0.0,0.0,-4.7,-4.6,0.0,1.2,527.1,-448.0,11.75,-11.9,-5.5,-9.4,-8.6,-8.4,-5.6,-6.6,-8.4,-8.3,-9.6,-9.5,4.0,21.0,-8.7,-6.6,0.0,0.0,0.0,0.0,0.0,0.0,1.0,1.0,2.0,0.0,10.0,16.0,-2.0,14.0,13.0,11.0,21.0,21.0,10.0,0.0,0.0,0.0,0.0,0.0,0.0,0.0,0.0,0.0
0.0,0.0,90.91,90.45,90.86,0.0,0.0,0.0,0.05,-38.8,0.79,0.01,0.0,0.5,326.0,1.0,1.0,0.0,0.0,0.0,0.0,0.0,0.0,0.0,0.0,-4.5,-4.7,0.0,1.2,527.1,-448.0,11.75,-11.9,-5.5,-9.4,-8.6,-8.4,-5.6,-6.6,-8.4,-8.3,-9.6,-9.5,4.0,21.0,-8.7,-6.6,0.0,0.0,0.0,0.0,0.0,0.0,1.0,1.0,2.0,0.0,11.0,16.0,-2.0,14.0,13.0,11.0,21.0,21.0,11.0,0.0,0.0,0.0,0.0,0.0,0.0,0.0,0.0,0.0
0.0,0.0,90.91,90.45,90.86,0.0,0.0,0.0,0.06,-26.4,0.79,0.54,0.0,2.6,308.0,1.0,1.0,0.0,0.0,0.0,0.0,0.0,0.0,0.0,0.0,-4.7,-4.6,0.0,1.2,527.1,-448.0,11.75,-11.9,-5.5,-9.4,-8.6,-8.4,-5.6,-6.6,-8.4,-8.3,-9.6,-9.5,4.0,22.0,-8.7,-6.6,0.0,0.0,0.0,0.0,0.0,0.0,1.0,1.0,2.0,0.0,10.0,16.0,-2.0,14.0,13.0,11.0,22.0,22.0,10.0,0.0,0.0,0.0,0.0,0.0,0.0,0.0,0.0,0.0
0.0,0.0,90.91,90.45,90.86,0.0,0.0,0.0,0.05,-22.9,0.01,-0.01,0.0,2.7,304.0,1.0,1.0,0.0,0.0,0.0,0.0,0.0,0.0,0.0,0.0,-4.7,-4.6,0.0,1.2,527.1,-448.0,11.75,-11.9,-5.5,-9.4,-8.6,-8.4,-5.6,-6.7,-8.4,-8.3,-9.6,-9.5,4.0,21.0,-8.7,-6.6,0.0,0.0,0.0,0.0,0.0,0.0,1.0,1.0,2.0,0.0,9.0,16.0,-2.0,14.0,13.0,11.0,21.0,21.0,10.0,0.0,0.0,0.0,0.0,0.0,0.0,0.0,0.0,0.0
0.0,0.0,90.91,90.45,90.86,0.0,0.0,0.0,0.06,-50.9,0.02,0.0,0.0,2.4,331.0,1.0,1.0,0.0,0.0,0.0,0.0,0.0,0.0,0.0,0.0,-4.6,-4.6,0.0,1.2,527.1,-448.0,11.75,-11.9,-5.5,-9.4,-8.6,-8.4,-5.6,-6.6,-8.4,-8.3,-9.6,-9.5,3.0,21.0,-8.7,-6.6,0.0,0.0,0.0,0.0,0.0,0.0,1.0,1.0,2.0,0.0,11.0,16.0,-2.0,14.0,13.0,11.0,21.0,21.0,11.0,0.0,0.0,0.0,0.0,0.0,0.0,0.0,0.0,0.0
0.0,0.0,90.91,90.45,90.86,0.0,0.0,0.0,0.06,-52.4,0.03,0.0,0.0,1.5,329.0,1.0,1.0,0.0,0.0,0.0,0.0,0.0,0.0,0.0,0.0,-4.5,-4.5,0.0,1.2,527.1,-448.0,11.75,-11.9,-5.5,-9.4,-8.6,-8.4,-5.6,-6.6,-8.4,-8.3,-9.6,-9.5,4.0,21.0,-8.7,-6.6,0.0,0.0,0.0,0.0,0.0,0.0,1.0,1.0,2.0,0.0,11.0,16.0,-2.0,14.0,13.0,11.0,21.0,21.0,11.0,0.0,0.0,0.0,0.0,0.0,0.0,0.0,0.0,0.0
0.0,0.0,90.91,90.45,90.86,0.0,0.0,0.0,0.06,-22.7,0.03,0.0,0.0,2.5,303.0,1.0,1.0,0.0,0.0,0.0,0.0,0.0,0.0,0.0,0.0,-4.6,-4.6,0.0,1.2,527.1,-448.0,11.75,-11.9,-5.5,-9.4,-8.6,-8.4,-5.6,-6.7,-8.4,-8.3,-9.6,-9.5,3.0,22.0,-8.7,-6.6,0.0,0.0,0.0,0.0,0.0,0.0,1.0,1.0,2.0,0.0,9.0,16.0,-2.0,14.0,13.0,11.0,22.0,22.0,11.0,0.0,0.0,0.0,0.0,0.0,0.0,0.0,0.0,0.0
0.0,0.0,90.91,90.45,90.86,0.0,0.0,0.0,0.07,-33.0,0.02,0.0,0.0,2.7,313.0,1.0,1.0,0.0,0.0,0.0,0.0,0.0,0.0,0.0,0.0,-4.7,-4.6,0.0,1.2,527.1,-448.0,11.75,-11.9,-5.5,-9.4,-8.6,-8.4,-5.6,-6.6,-8.4,-8.3,-9.6,-9.5,3.0,21.0,-8.7,-6.6,0.0,0.0,0.0,0.0,0.0,0.0,1.0,1.0,2.0,0.0,10.0,16.0,-2.0,14.0,13.0,11.0,21.0,21.0,10.0,0.0,0.0,0.0,0.0,0.0,0.0,0.0,0.0,0.0
0.0,0.0,90.91,90.45,90.86,0.0,0.0,0.0,0.06,-22.2,0.09,0.03,0.0,2.8,306.0,1.0,1.0,0.0,0.0,0.0,0.0,0.0,0.0,0.0,0.0,-4.5,-4.7,0.0,1.2,527.1,-448.0,11.75,-11.9,-5.5,-9.4,-8.6,-8.4,-5.6,-6.6,-8.4,-8.3,-9.6,-9.5,3.0,21.0,-8.7,-6.6,0.0,0.0,0.0,0.0,0.0,0.0,1.0,1.0,2.0,0.0,10.0,16.0,-2.0,14.0,13.0,11.0,21.0,21.0,10.0,0.0,0.0,0.0,0.0,0.0,0.0,0.0,0.0,0.0
0.0,0.0,90.91,90.45,90.86,0.0,0.0,0.0,0.06,-24.2,0.02,0.0,0.0,2.9,304.0,1.0,1.0,0.0,0.0,0.0,0.0,0.0,0.0,0.0,0.0,-4.5,-4.6,0.0,1.2,527.1,-448.0,11.75,-11.9,-5.5,-9.4,-8.6,-8.4,-5.6,-6.7,-8.4,-8.3,-9.6,-9.5,4.0,22.0,-8.7,-6.6,0.0,0.0,0.0,0.0,0.0,0.0,1.0,1.0,2.0,0.0,10.0,16.0,-2.0,14.0,13.0,11.0,22.0,22.0,10.0,0.0,0.0,0.0,0.0,0.0,0.0,0.0,0.0,0.0
0.0,0.0,90.91,90.45,90.86,0.0,0.0,0.0,0.06,-50.1,0.01,-0.01,0.0,2.5,331.0,1.0,1.0,0.0,0.0,0.0,0.0,0.0,0.0,0.0,0.0,-4.6,-4.6,0.0,1.2,527.1,-448.0,11.75,-11.9,-5.5,-9.4,-8.6,-8.4,-5.6,-6.6,-8.4,-8.3,-9.6,-9.5,3.0,21.0,-8.7,-6.6,0.0,0.0,0.0,0.0,0.0,0.0,1.0,1.0,2.0,0.0,11.0,16.0,-2.0,14.0,13.0,11.0,21.0,21.0,11.0,0.0,0.0,0.0,0.0,0.0,0.0,0.0,0.0,0.0
0.0,0.0,90.91,90.45,90.86,0.0,0.0,0.0,0.06,-26.3,0.01,-0.01,0.0,2.6,306.0,1.0,1.0,0.0,0.0,0.0,0.0,0.0,0.0,0.0,0.0,-4.7,-4.6,0.0,1.2,527.1,-448.0,11.75,-11.9,-5.5,-9.4,-8.6,-8.4,-5.6,-6.7,-8.4,-8.3,-9.6,-9.5,4.0,21.0,-8.7,-6.6,0.0,0.0,0.0,0.0,0.0,0.0,1.0,1.0,2.0,0.0,9.0,16.0,-2.0,14.0,13.0,11.0,21.0,21.0,10.0,0.0,0.0,0.0,0.0,0.0,0.0,0.0,0.0,0.0
0.0,0.0,90.91,90.45,90.86,0.0,0.0,0.0,0.05,-30.0,0.02,0.0,0.0,3.0,311.0,1.0,1.0,0.0,0.0,0.0,0.0,0.0,0.0,0.0,0.0,-4.7,-4.6,0.0,1.2,527.1,-448.0,11.75,-11.9,-5.5,-9.4,-8.6,-8.4,-5.6,-6.6,-8.4,-8.3,-9.6,-9.5,3.0,22.0,-8.7,-6.6,0.0,0.0,0.0,0.0,0.0,0.0,1.0,1.0,2.0,0.0,10.0,16.0,-2.0,14.0,13.0,11.0,22.0,22.0,10.0,0.0,0.0,0.0,0.0,0.0,0.0,0.0,0.0,0.0
0.0,0.0,90.91,90.45,90.86,0.0,0.0,0.0,0.05,-26.3,0.02,-0.01,0.0,2.6,310.0,1.0,1.0,0.0,0.0,0.0,0.0,0.0,0.0,0.0,0.0,-4.6,-4.7,0.0,1.2,527.1,-448.0,11.75,-11.9,-5.5,-9.4,-8.6,-8.4,-5.6,-6.6,-8.4,-8.3,-9.6,-9.5,3.0,21.0,-8.7,-6.6,0.0,0.0,0.0,0.0,0.0,0.0,1.0,1.0,2.0,0.0,10.0,16.0,-2.0,14.0,13.0,11.0,21.0,21.0,10.0,0.0,0.0,0.0,0.0,0.0,0.0,0.0,0.0,0.0
0.0,0.0,90.91,90.45,90.86,0.0,0.0,0.0,0.06,-33.9,0.79,0.54,0.0,2.6,313.0,1.0,1.0,0.0,0.0,0.0,0.0,0.0,0.0,0.0,0.0,-4.6,-4.6,0.0,1.2,527.1,-448.0,11.75,-11.9,-5.5,-9.4,-8.6,-8.4,-5.6,-6.6,-8.4,-8.3,-9.6,-9.5,3.0,21.0,-8.7,-6.6,0.0,0.0,0.0,0.0,0.0,0.0,1.0,1.0,2.0,0.0,10.0,16.0,-2.0,14.0,13.0,11.0,21.0,21.0,11.0,0.0,0.0,0.0,0.0,0.0,0.0,0.0,0.0,0.0
0.0,0.0,90.91,90.45,90.86,0.0,0.0,0.0,0.05,-34.8,0.09,0.03,0.0,2.8,313.0,1.0,1.0,0.0,0.0,0.0,0.0,0.0,0.0,0.0,0.0,-4.6,-4.7,0.0,1.2,527.1,-448.0,11.75,-11.9,-5.5,-9.4,-8.6,-8.4,-5.6,-6.6,-8.4,-8.3,-9.6,-9.5,3.0,21.0,-8.7,-6.6,0.0,0.0,0.0,0.0,0.0,0.0,1.0,1.0,2.0,0.0,10.0,16.0,-2.0,14.0,13.0,11.0,21.0,21.0,11.0,0.0,0.0,0.0,0.0,0.0,0.0,0.0,0.0,0.0
0.0,0.0,90.91,90.45,90.86,0.0,0.0,0.0,0.06,-32.8,0.79,0.54,0.0,2.9,312.0,1.0,1.0,0.0,0.0,0.0,0.0,0.0,0.0,0.0,0.0,-4.5,-4.6,0.0,1.2,527.1,-448.0,11.75,-11.9,-5.5,-9.4,-8.6,-8.4,-5.6,-6.6,-8.4,-8.3,-9.6,-9.5,3.0,21.0,-8.7,-6.6,0.0,0.0,0.0,0.0,0.0,0.0,1.0,1.0,2.0,0.0,10.0,16.0,-2.0,14.0,13.0,11.0,21.0,21.0,11.0,0.0,0.0,0.0,0.0,0.0,0.0,0.0,0.0,0.0
0.0,0.0,90.91,90.45,90.86,0.0,0.0,0.0,0.06,-50.9,0.01,-0.01,0.0,1.3,330.0,1.0,1.0,0.0,0.0,0.0,0.0,0.0,0.0,0.0,0.0,-4.5,-4.6,0.0,1.2,527.1,-448.0,11.75,-11.9,-5.5,-9.4,-8.6,-8.4,-5.6,-6.6,-8.4,-8.3,-9.6,-9.5,4.0,21.0,-8.7,-6.6,0.0,0.0,0.0,0.0,0.0,0.0,1.0,1.0,2.0,0.0,11.0,16.0,-2.0,14.0,13.0,11.0,21.0,21.0,11.0,0.0,0.0,0.0,0.0,0.0,0.0,0.0,0.0,0.0
0.0,0.0,90.91,90.45,90.86,0.0,0.0,0.0,0.06,-30.7,0.01,-0.01,0.0,2.8,312.0,1.0,1.0,0.0,0.0,0.0,0.0,0.0,0.0,0.0,0.0,-4.6,-4.6,0.0,1.2,527.1,-448.0,11.75,-11.9,-5.5,-9.4,-8.6,-8.4,-5.6,-6.6,-8.4,-8.3,-9.6,-9.5,3.0,22.0,-8.7,-6.6,0.0,0.0,0.0,0.0,0.0,0.0,1.0,1.0,2.0,0.0,10.0,16.0,-2.0,14.0,13.0,11.0,22.0,22.0,11.0,0.0,0.0,0.0,0.0,0.0,0.0,0.0,0.0,0.0
0.0,0.0,90.91,90.45,90.86,0.0,0.0,0.0,0.06,-31.1,0.02,-0.01,0.0,3.0,313.0,1.0,1.0,0.0,0.0,0.0,0.0,0.0,0.0,0.0,0.0,-4.6,-4.7,0.0,1.2,527.1,-448.0,11.75,-11.9,-5.5,-9.4,-8.6,-8.4,-5.6,-6.6,-8.4,-8.3,-9.6,-9.5,3.0,21.0,-8.7,-6.6,0.0,0.0,0.0,0.0,0.0,0.0,1.0,1.0,2.0,0.0,10.0,16.0,-2.0,14.0,13.0,11.0,21.0,21.0,11.0,0.0,0.0,0.0,0.0,0.0,0.0,0.0,0.0,0.0
0.0,0.0,90.91,90.45,90.86,0.0,0.0,0.0,0.06,-34.7,0.02,0.0,0.0,2.8,321.0,1.0,1.0,0.0,0.0,0.0,0.0,0.0,0.0,0.0,0.0,-4.5,-4.5,0.0,1.2,527.1,-448.0,11.75,-11.9,-5.5,-9.4,-8.6,-8.4,-5.6,-6.6,-8.4,-8.3,-9.6,-9.5,3.0,21.0,-8.7,-6.6,0.0,0.0,0.0,0.0,0.0,0.0,1.0,1.0,2.0,0.0,10.0,16.0,-2.0,14.0,13.0,11.0,21.0,21.0,10.0,0.0,0.0,0.0,0.0,0.0,0.0,0.0,0.0,0.0
0.0,0.0,90.91,90.45,90.86,0.0,0.0,0.0,0.05,-32.4,0.01,-0.01,0.0,2.8,315.0,1.0,1.0,0.0,0.0,0.0,0.0,0.0,0.0,0.0,0.0,-4.5,-4.6,0.0,1.2,527.1,-448.0,11.75,-11.9,-5.5,-9.4,-8.6,-8.4,-5.6,-6.6,-8.4,-8.3,-9.6,-9.5,3.0,21.0,-8.7,-6.6,0.0,0.0,0.0,0.0,0.0,0.0,1.0,1.0,2.0,0.0,10.0,16.0,-2.0,14.0,13.0,11.0,21.0,21.0,11.0,0.0,0.0,0.0,0.0,0.0,0.0,0.0,0.0,0.0
0.0,0.0,90.91,90.45,90.86,0.0,0.0,0.0,0.05,-52.0,0.02,-0.01,0.0,2.1,330.0,1.0,1.0,0.0,0.0,0.0,0.0,0.0,0.0,0.0,0.0,-4.5,-4.6,0.0,1.2,527.1,-448.0,11.75,-11.9,-5.5,-9.4,-8.6,-8.4,-5.6,-6.6,-8.4,-8.3,-9.6,-9.5,3.0,21.0,-8.7,-6.6,0.0,0.0,0.0,0.0,0.0,0.0,1.0,1.0,2.0,0.0,11.0,16.0,-2.0,14.0,13.0,11.0,21.0,21.0,11.0,0.0,0.0,0.0,0.0,0.0,0.0,0.0,0.0,0.0
0.0,0.0,90.91,90.45,90.86,0.0,0.0,0.0,0.06,-34.5,0.01,0.0,0.0,3.0,317.0,1.0,1.0,0.0,0.0,0.0,0.0,0.0,0.0,0.0,0.0,-4.5,-4.6,0.0,1.2,527.1,-448.0,11.75,-11.9,-5.5,-9.4,-8.6,-8.4,-5.6,-6.6,-8.4,-8.3,-9.6,-9.5,4.0,21.0,-8.7,-6.6,0.0,0.0,0.0,0.0,0.0,0.0,1.0,1.0,2.0,0.0,10.0,16.0,-2.0,14.0,13.0,11.0,21.0,21.0,11.0,0.0,0.0,0.0,0.0,0.0,0.0,0.0,0.0,0.0
0.0,0.0,90.91,90.45,90.86,0.0,0.0,0.0,0.06,-23.6,0.03,0.01,0.0,2.6,304.0,1.0,1.0,0.0,0.0,0.0,0.0,0.0,0.0,0.0,0.0,-4.7,-4.6,0.0,1.2,527.1,-448.0,11.75,-11.9,-5.5,-9.4,-8.6,-8.4,-5.6,-6.7,-8.4,-8.3,-9.6,-9.5,4.0,22.0,-8.7,-6.6,0.0,0.0,0.0,0.0,0.0,0.0,1.0,1.0,2.0,0.0,10.0,16.0,-2.0,14.0,13.0,11.0,22.0,22.0,10.0,0.0,0.0,0.0,0.0,0.0,0.0,0.0,0.0,0.0
0.0,0.0,90.91,90.45,90.86,0.0,0.0,0.0,0.06,-23.6,0.01,-0.01,0.0,3.0,304.0,1.0,1.0,0.0,0.0,0.0,0.0,0.0,0.0,0.0,0.0,-4.5,-4.6,0.0,1.2,527.1,-448.0,11.75,-11.9,-5.5,-9.4,-8.6,-8.4,-5.6,-6.7,-8.4,-8.3,-9.6,-9.5,4.0,21.0,-8.7,-6.6,0.0,0.0,0.0,0.0,0.0,0.0,1.0,1.0,2.0,0.0,9.0,16.0,-2.0,14.0,13.0,11.0,21.0,21.0,10.0,0.0,0.0,0.0,0.0,0.0,0.0,0.0,0.0,0.0
0.0,0.0,90.91,90.45,90.86,0.0,0.0,0.0,0.06,-26.0,0.01,-0.01,0.0,2.6,308.0,1.0,1.0,0.0,0.0,0.0,0.0,0.0,0.0,0.0,0.0,-4.7,-4.6,0.0,1.2,527.1,-448.0,11.75,-11.9,-5.5,-9.4,-8.6,-8.4,-5.6,-6.6,-8.4,-8.3,-9.6,-9.5,3.0,21.0,-8.7,-6.6,0.0,0.0,0.0,0.0,0.0,0.0,1.0,1.0,2.0,0.0,10.0,16.0,-2.0,14.0,13.0,11.0,21.0,21.0,10.0,0.0,0.0,0.0,0.0,0.0,0.0,0.0,0.0,0.0
0.0,0.0,90.91,90.45,90.86,0.0,0.0,0.0,0.06,-22.8,0.03,0.0,0.0,2.5,304.0,1.0,1.0,0.0,0.0,0.0,0.0,0.0,0.0,0.0,0.0,-4.5,-4.6,0.0,1.2,527.1,-448.0,11.75,-11.9,-5.5,-9.4,-8.6,-8.4,-5.6,-6.7,-8.4,-8.3,-9.6,-9.5,4.0,22.0,-8.7,-6.6,0.0,0.0,0.0,0.0,0.0,0.0,1.0,1.0,2.0,0.0,10.0,16.0,-2.0,14.0,13.0,11.0,22.0,22.0,10.0,0.0,0.0,0.0,0.0,0.0,0.0,0.0,0.0,0.0
0.0,0.0,90.91,90.45,90.86,0.0,0.0,0.0,0.06,-34.1,0.03,0.0,0.0,2.9,309.0,1.0,1.0,0.0,0.0,0.0,0.0,0.0,0.0,0.0,0.0,-4.6,-4.6,0.0,1.2,527.1,-448.0,11.75,-11.9,-5.5,-9.4,-8.6,-8.4,-5.6,-6.7,-8.4,-8.3,-9.6,-9.5,4.0,22.0,-8.7,-6.6,0.0,0.0,0.0,0.0,0.0,0.0,1.0,1.0,2.0,0.0,9.0,16.0,-2.0,14.0,13.0,11.0,22.0,22.0,11.0,0.0,0.0,0.0,0.0,0.0,0.0,0.0,0.0,0.0
0.0,0.0,90.91,90.45,90.86,0.0,0.0,0.0,0.06,-35.9,0.01,-0.01,0.0,2.7,325.0,1.0,1.0,0.0,0.0,0.0,0.0,0.0,0.0,0.0,0.0,-4.5,-4.5,0.0,1.2,527.1,-448.0,11.75,-11.9,-5.5,-9.4,-8.6,-8.4,-5.6,-6.6,-8.4,-8.3,-9.6,-9.5,3.0,21.0,-8.7,-6.6,0.0,0.0,0.0,0.0,0.0,0.0,1.0,1.0,2.0,0.0,11.0,16.0,-2.0,14.0,13.0,11.0,21.0,21.0,10.0,0.0,0.0,0.0,0.0,0.0,0.0,0.0,0.0,0.0
0.0,0.0,90.91,90.45,90.86,0.0,0.0,0.0,0.06,-27.2,0.03,0.0,0.0,2.6,311.0,1.0,1.0,0.0,0.0,0.0,0.0,0.0,0.0,0.0,0.0,-4.6,-4.6,0.0,1.2,527.1,-448.0,11.75,-11.9,-5.5,-9.4,-8.6,-8.4,-5.6,-6.6,-8.4,-8.3,-9.6,-9.5,3.0,22.0,-8.7,-6.6,0.0,0.0,0.0,0.0,0.0,0.0,1.0,1.0,2.0,0.0,10.0,16.0,-2.0,14.0,13.0,11.0,22.0,22.0,11.0,0.0,0.0,0.0,0.0,0.0,0.0,0.0,0.0,0.0
0.0,0.0,90.91,90.45,90.86,0.0,0.0,0.0,0.05,-22.5,0.01,-0.01,0.0,2.5,304.0,1.0,1.0,0.0,0.0,0.0,0.0,0.0,0.0,0.0,0.0,-4.6,-4.7,0.0,1.2,527.1,-448.0,11.75,-11.9,-5.5,-9.4,-8.6,-8.4,-5.6,-6.7,-8.4,-8.3,-9.6,-9.5,4.0,21.0,-8.7,-6.6,0.0,0.0,0.0,0.0,0.0,0.0,1.0,1.0,2.0,0.0,9.0,16.0,-2.0,14.0,13.0,11.0,21.0,21.0,11.0,0.0,0.0,0.0,0.0,0.0,0.0,0.0,0.0,0.0
0.0,0.0,90.91,90.45,90.86,0.0,0.0,0.0,0.06,-25.8,0.01,-0.01,0.0,2.7,309.0,1.0,1.0,0.0,0.0,0.0,0.0,0.0,0.0,0.0,0.0,-4.7,-4.6,0.0,1.2,527.1,-448.0,11.75,-11.9,-5.5,-9.4,-8.6,-8.4,-5.6,-6.6,-8.4,-8.3,-9.6,-9.5,3.0,21.0,-8.7,-6.6,0.0,0.0,0.0,0.0,0.0,0.0,1.0,1.0,2.0,0.0,10.0,16.0,-2.0,14.0,13.0,11.0,21.0,21.0,10.0,0.0,0.0,0.0,0.0,0.0,0.0,0.0,0.0,0.0
0.0,0.0,90.91,90.45,90.86,0.0,0.0,0.0,0.07,-33.9,0.01,-0.01,0.0,2.9,312.0,1.0,1.0,0.0,0.0,0.0,0.0,0.0,0.0,0.0,0.0,-4.5,-4.7,0.0,1.2,527.1,-448.0,11.75,-11.9,-5.5,-9.4,-8.6,-8.4,-5.6,-6.6,-8.4,-8.3,-9.6,-9.5,4.0,21.0,-8.7,-6.6,0.0,0.0,0.0,0.0,0.0,0.0,1.0,1.0,2.0,0.0,10.0,16.0,-2.0,14.0,13.0,11.0,21.0,21.0,10.0,0.0,0.0,0.0,0.0,0.0,0.0,0.0,0.0,0.0
0.0,0.0,90.91,90.45,90.86,0.0,0.0,0.0,0.06,-19.0,0.02,0.0,0.0,2.6,303.0,1.0,1.0,0.0,0.0,0.0,0.0,0.0,0.0,0.0,0.0,-4.5,-4.6,0.0,1.2,527.1,-448.0,11.75,-11.9,-5.5,-9.4,-8.6,-8.4,-5.6,-6.7,-8.4,-8.3,-9.6,-9.5,4.0,21.0,-8.7,-6.6,0.0,0.0,0.0,0.0,0.0,0.0,1.0,1.0,2.0,0.0,9.0,16.0,-2.0,14.0,13.0,11.0,21.0,21.0,11.0,0.0,0.0,0.0,0.0,0.0,0.0,0.0,0.0,0.0
0.0,0.0,90.91,90.45,90.86,0.0,0.0,0.0,0.06,-21.0,0.01,-0.01,0.0,2.6,304.0,1.0,1.0,0.0,0.0,0.0,0.0,0.0,0.0,0.0,0.0,-4.6,-4.8,0.0,1.2,527.1,-448.0,11.75,-11.9,-5.5,-9.4,-8.6,-8.4,-5.6,-6.7,-8.4,-8.3,-9.6,-9.5,3.0,21.0,-8.7,-6.6,0.0,0.0,0.0,0.0,0.0,0.0,1.0,1.0,2.0,0.0,10.0,16.0,-2.0,14.0,13.0,11.0,21.0,21.0,10.0,0.0,0.0,0.0,0.0,0.0,0.0,0.0,0.0,0.0
0.0,0.0,90.91,90.45,90.86,0.0,0.0,0.0,0.06,-35.6,0.79,0.54,0.0,2.7,313.0,1.0,1.0,0.0,0.0,0.0,0.0,0.0,0.0,0.0,0.0,-4.7,-4.8,0.0,1.2,527.1,-448.0,11.75,-11.9,-5.5,-9.4,-8.6,-8.4,-5.6,-6.7,-8.4,-8.3,-9.6,-9.5,5.0,22.0,-8.7,-6.6,0.0,0.0,0.0,0.0,0.0,0.0,1.0,1.0,2.0,0.0,9.0,16.0,-2.0,14.0,13.0,11.0,22.0,22.0,12.0,0.0,0.0,0.0,0.0,0.0,0.0,0.0,0.0,0.0
0.0,0.0,90.91,90.45,90.86,0.0,0.0,0.0,0.06,-48.9,0.02,-0.01,0.0,0.6,328.0,1.0,1.0,0.0,0.0,0.0,0.0,0.0,0.0,0.0,0.0,-4.4,-4.5,0.0,1.2,527.1,-448.0,11.75,-11.9,-5.5,-9.4,-8.6,-8.4,-5.6,-6.6,-8.4,-8.3,-9.6,-9.5,4.0,21.0,-8.7,-6.6,0.0,0.0,0.0,0.0,0.0,0.0,1.0,1.0,2.0,0.0,11.0,16.0,-2.0,14.0,13.0,11.0,21.0,21.0,11.0,0.0,0.0,0.0,0.0,0.0,0.0,0.0,0.0,0.0
0.0,0.0,90.91,90.45,90.86,0.0,0.0,0.0,0.06,-36.5,0.01,-0.01,0.0,2.7,321.0,1.0,1.0,0.0,0.0,0.0,0.0,0.0,0.0,0.0,0.0,-4.5,-4.6,0.0,1.2,527.1,-448.0,11.75,-11.9,-5.5,-9.4,-8.6,-8.4,-5.6,-6.6,-8.4,-8.3,-9.6,-9.5,3.0,21.0,-8.7,-6.6,0.0,0.0,0.0,0.0,0.0,0.0,1.0,1.0,2.0,0.0,11.0,16.0,-2.0,14.0,13.0,11.0,21.0,21.0,11.0,0.0,0.0,0.0,0.0,0.0,0.0,0.0,0.0,0.0
0.0,0.0,90.91,90.45,90.86,0.0,0.0,0.0,0.06,-51.2,0.01,-0.01,0.0,2.2,331.0,1.0,1.0,0.0,0.0,0.0,0.0,0.0,0.0,0.0,0.0,-4.6,-4.5,0.0,1.2,527.1,-448.0,11.75,-11.9,-5.5,-9.4,-8.6,-8.4,-5.6,-6.6,-8.4,-8.3,-9.6,-9.5,3.0,21.0,-8.7,-6.6,0.0,0.0,0.0,0.0,0.0,0.0,1.0,1.0,2.0,0.0,11.0,16.0,-2.0,14.0,13.0,11.0,21.0,21.0,11.0,0.0,0.0,0.0,0.0,0.0,0.0,0.0,0.0,0.0
0.0,0.0,90.91,90.45,90.86,0.0,0.0,0.0,0.06,-21.6,0.01,-0.01,0.0,2.6,303.0,1.0,1.0,0.0,0.0,0.0,0.0,0.0,0.0,0.0,0.0,-4.6,-4.7,0.0,1.2,527.1,-448.0,11.75,-11.9,-5.5,-9.4,-8.6,-8.4,-5.6,-6.7,-8.4,-8.3,-9.6,-9.5,4.0,21.0,-8.7,-6.6,0.0,0.0,0.0,0.0,0.0,0.0,1.0,1.0,2.0,0.0,9.0,16.0,-2.0,14.0,13.0,11.0,21.0,21.0,10.0,0.0,0.0,0.0,0.0,0.0,0.0,0.0,0.0,0.0
0.0,0.0,90.91,90.45,90.86,0.0,0.0,0.0,0.05,-29.7,0.03,0.0,0.0,2.7,309.0,1.0,1.0,0.0,0.0,0.0,0.0,0.0,0.0,0.0,0.0,-4.6,-4.7,0.0,1.2,527.1,-448.0,11.75,-11.9,-5.5,-9.4,-8.6,-8.4,-5.6,-6.6,-8.4,-8.3,-9.6,-9.5,3.0,21.0,-8.7,-6.6,0.0,0.0,0.0,0.0,0.0,0.0,1.0,1.0,2.0,0.0,10.0,16.0,-2.0,14.0,13.0,11.0,21.0,21.0,10.0,0.0,0.0,0.0,0.0,0.0,0.0,0.0,0.0,0.0
0.0,0.0,90.91,90.45,90.86,0.0,0.0,0.0,0.06,-31.7,0.09,0.03,0.0,2.6,308.0,1.0,1.0,0.0,0.0,0.0,0.0,0.0,0.0,0.0,0.0,-4.6,-4.6,0.0,1.2,527.1,-448.0,11.75,-11.9,-5.5,-9.4,-8.6,-8.4,-5.6,-6.7,-8.4,-8.3,-9.6,-9.5,4.0,21.0,-8.7,-6.6,0.0,0.0,0.0,0.0,0.0,0.0,1.0,1.0,2.0,0.0,9.0,16.0,-2.0,14.0,13.0,11.0,21.0,21.0,11.0,0.0,0.0,0.0,0.0,0.0,0.0,0.0,0.0,0.0
0.0,0.0,90.91,90.45,90.86,0.0,0.0,0.0,0.06,-31.0,0.09,0.03,0.0,2.9,311.0,1.0,1.0,0.0,0.0,0.0,0.0,0.0,0.0,0.0,0.0,-4.7,-4.6,0.0,1.2,527.1,-448.0,11.75,-11.9,-5.5,-9.4,-8.6,-8.4,-5.6,-6.7,-8.4,-8.3,-9.6,-9.5,3.0,22.0,-8.7,-6.6,0.0,0.0,0.0,0.0,0.0,0.0,1.0,1.0,2.0,0.0,10.0,16.0,-2.0,14.0,13.0,11.0,22.0,22.0,10.0,0.0,0.0,0.0,0.0,0.0,0.0,0.0,0.0,0.0
0.0,0.0,90.91,90.45,90.86,0.0,0.0,0.0,0.05,-50.3,0.02,0.0,0.0,1.7,330.0,1.0,1.0,0.0,0.0,0.0,0.0,0.0,0.0,0.0,0.0,-4.6,-4.6,0.0,1.2,527.1,-448.0,11.75,-11.9,-5.5,-9.4,-8.6,-8.4,-5.6,-6.6,-8.4,-8.3,-9.6,-9.5,3.0,21.0,-8.7,-6.6,0.0,0.0,0.0,0.0,0.0,0.0,1.0,1.0,2.0,0.0,11.0,16.0,-2.0,14.0,13.0,11.0,21.0,21.0,11.0,0.0,0.0,0.0,0.0,0.0,0.0,0.0,0.0,0.0
0.0,0.0,90.91,90.45,90.86,0.0,0.0,0.0,0.06,-23.0,0.02,0.0,0.0,2.6,304.0,1.0,1.0,0.0,0.0,0.0,0.0,0.0,0.0,0.0,0.0,-4.5,-4.6,0.0,1.2,527.1,-448.0,11.75,-11.9,-5.5,-9.4,-8.6,-8.4,-5.6,-6.7,-8.4,-8.3,-9.6,-9.5,3.0,21.0,-8.7,-6.6,0.0,0.0,0.0,0.0,0.0,0.0,1.0,1.0,2.0,0.0,10.0,16.0,-2.0,14.0,13.0,11.0,21.0,21.0,10.0,0.0,0.0,0.0,0.0,0.0,0.0,0.0,0.0,0.0
0.0,0.0,90.91,90.45,90.86,0.0,0.0,0.0,0.06,-52.5,0.01,0.0,0.0,1.6,329.0,1.0,1.0,0.0,0.0,0.0,0.0,0.0,0.0,0.0,0.0,-4.5,-4.6,0.0,1.2,527.1,-448.0,11.75,-11.9,-5.5,-9.4,-8.6,-8.4,-5.6,-6.6,-8.4,-8.3,-9.6,-9.5,4.0,21.0,-8.7,-6.6,0.0,0.0,0.0,0.0,0.0,0.0,1.0,1.0,2.0,0.0,11.0,16.0,-2.0,14.0,13.0,11.0,21.0,21.0,11.0,0.0,0.0,0.0,0.0,0.0,0.0,0.0,0.0,0.0
0.0,0.0,90.91,90.45,90.86,0.0,0.0,0.0,0.05,-24.7,0.02,0.0,0.0,2.9,306.0,1.0,1.0,0.0,0.0,0.0,0.0,0.0,0.0,0.0,0.0,-4.6,-4.6,0.0,1.2,527.1,-448.0,11.75,-11.9,-5.5,-9.4,-8.6,-8.4,-5.6,-6.6,-8.4,-8.3,-9.6,-9.5,3.0,21.0,-8.7,-6.6,0.0,0.0,0.0,0.0,0.0,0.0,1.0,1.0,2.0,0.0,10.0,16.0,-2.0,14.0,13.0,11.0,21.0,21.0,10.0,0.0,0.0,0.0,0.0,0.0,0.0,0.0,0.0,0.0
0.0,0.0,90.91,90.45,90.86,0.0,0.0,0.0,0.06,-34.8,0.02,0.0,0.0,2.8,318.0,1.0,1.0,0.0,0.0,0.0,0.0,0.0,0.0,0.0,0.0,-4.6,-4.7,0.0,1.2,527.1,-448.0,11.75,-11.9,-5.5,-9.4,-8.6,-8.4,-5.6,-6.6,-8.4,-8.3,-9.6,-9.5,4.0,21.0,-8.7,-6.6,0.0,0.0,0.0,0.0,0.0,0.0,1.0,1.0,2.0,0.0,10.0,16.0,-2.0,14.0,13.0,11.0,21.0,21.0,11.0,0.0,0.0,0.0,0.0,0.0,0.0,0.0,0.0,0.0
0.0,0.0,90.91,90.45,90.86,0.0,0.0,0.0,0.06,-29.9,0.01,0.0,0.0,2.8,313.0,1.0,1.0,0.0,0.0,0.0,0.0,0.0,0.0,0.0,0.0,-4.6,-4.6,0.0,1.2,527.1,-448.0,11.75,-11.9,-5.5,-9.4,-8.6,-8.4,-5.6,-6.6,-8.4,-8.3,-9.6,-9.5,3.0,22.0,-8.7,-6.6,0.0,0.0,0.0,0.0,0.0,0.0,1.0,1.0,2.0,0.0,10.0,16.0,-2.0,14.0,13.0,11.0,22.0,22.0,10.0,0.0,0.0,0.0,0.0,0.0,0.0,0.0,0.0,0.0
0.0,0.0,90.91,90.45,90.86,0.0,0.0,0.0,0.06,-51.7,0.09,0.03,0.0,2.1,330.0,1.0,1.0,0.0,0.0,0.0,0.0,0.0,0.0,0.0,0.0,-4.7,-4.6,0.0,1.2,527.1,-448.0,11.75,-11.9,-5.5,-9.4,-8.6,-8.4,-5.6,-6.6,-8.4,-8.3,-9.6,-9.5,4.0,21.0,-8.7,-6.6,0.0,0.0,0.0,0.0,0.0,0.0,1.0,1.0,2.0,0.0,11.0,16.0,-2.0,14.0,13.0,11.0,21.0,21.0,11.0,0.0,0.0,0.0,0.0,0.0,0.0,0.0,0.0,0.0
0.0,0.0,90.91,90.45,90.86,0.0,0.0,0.0,0.06,-24.8,0.03,0.01,0.0,2.7,307.0,1.0,1.0,0.0,0.0,0.0,0.0,0.0,0.0,0.0,0.0,-4.6,-4.6,0.0,1.2,527.1,-448.0,11.75,-11.9,-5.5,-9.4,-8.6,-8.4,-5.6,-6.6,-8.4,-8.3,-9.6,-9.5,3.0,21.0,-8.7,-6.6,0.0,0.0,0.0,0.0,0.0,0.0,1.0,1.0,2.0,0.0,10.0,16.0,-2.0,14.0,13.0,11.0,21.0,21.0,10.0,0.0,0.0,0.0,0.0,0.0,0.0,0.0,0.0,0.0
0.0,0.0,90.91,90.45,90.86,0.0,0.0,0.0,0.06,-36.6,0.01,-0.01,0.0,2.9,316.0,1.0,1.0,0.0,0.0,0.0,0.0,0.0,0.0,0.0,0.0,-4.5,-4.7,0.0,1.2,527.1,-448.0,11.75,-11.9,-5.5,-9.4,-8.6,-8.4,-5.6,-6.6,-8.4,-8.3,-9.6,-9.5,3.0,21.0,-8.7,-6.6,0.0,0.0,0.0,0.0,0.0,0.0,1.0,1.0,2.0,0.0,10.0,16.0,-2.0,14.0,13.0,11.0,21.0,21.0,11.0,0.0,0.0,0.0,0.0,0.0,0.0,0.0,0.0,0.0
0.0,0.0,90.91,90.45,90.86,0.0,0.0,0.0,0.06,-36.8,0.01,-0.01,0.0,2.4,326.0,1.0,1.0,0.0,0.0,0.0,0.0,0.0,0.0,0.0,0.0,-4.6,-4.6,0.0,1.2,527.1,-448.0,11.75,-11.9,-5.5,-9.4,-8.6,-8.4,-5.6,-6.6,-8.4,-8.3,-9.6,-9.5,3.0,22.0,-8.7,-6.6,0.0,0.0,0.0,0.0,0.0,0.0,1.0,1.0,2.0,0.0,11.0,16.0,-2.0,14.0,13.0,11.0,22.0,22.0,11.0,0.0,0.0,0.0,0.0,0.0,0.0,0.0,0.0,0.0
0.0,0.0,90.91,90.45,90.86,0.0,0.0,0.0,0.05,-33.2,0.01,-0.01,0.0,2.7,316.0,1.0,1.0,0.0,0.0,0.0,0.0,0.0,0.0,0.0,0.0,-4.6,-4.7,0.0,1.2,527.1,-448.0,11.75,-11.9,-5.5,-9.4,-8.6,-8.4,-5.6,-6.6,-8.4,-8.3,-9.6,-9.5,3.0,21.0,-8.7,-6.6,0.0,0.0,0.0,0.0,0.0,0.0,1.0,1.0,2.0,0.0,10.0,16.0,-2.0,14.0,13.0,11.0,21.0,21.0,11.0,0.0,0.0,0.0,0.0,0.0,0.0,0.0,0.0,0.0
0.0,0.0,90.91,90.45,90.86,0.0,0.0,0.0,0.06,-23.0,0.01,-0.01,0.0,2.9,304.0,1.0,1.0,0.0,0.0,0.0,0.0,0.0,0.0,0.0,0.0,-4.7,-4.6,0.0,1.2,527.1,-448.0,11.75,-11.9,-5.5,-9.4,-8.6,-8.4,-5.6,-6.7,-8.4,-8.3,-9.6,-9.5,3.0,21.0,-8.7,-6.6,0.0,0.0,0.0,0.0,0.0,0.0,1.0,1.0,2.0,0.0,10.0,16.0,-2.0,14.0,13.0,11.0,21.0,21.0,10.0,0.0,0.0,0.0,0.0,0.0,0.0,0.0,0.0,0.0
0.0,0.0,90.91,90.45,90.86,0.0,0.0,0.0,0.06,-31.2,0.79,0.54,0.0,2.8,313.0,1.0,1.0,0.0,0.0,0.0,0.0,0.0,0.0,0.0,0.0,-4.6,-4.6,0.0,1.2,527.1,-448.0,11.75,-11.9,-5.5,-9.4,-8.6,-8.4,-5.6,-6.6,-8.4,-8.3,-9.6,-9.5,3.0,21.0,-8.7,-6.6,0.0,0.0,0.0,0.0,0.0,0.0,1.0,1.0,2.0,0.0,10.0,16.0,-2.0,14.0,13.0,11.0,21.0,21.0,11.0,0.0,0.0,0.0,0.0,0.0,0.0,0.0,0.0,0.0
0.0,0.0,90.91,90.45,90.86,0.0,0.0,0.0,0.06,-30.3,0.01,-0.01,0.0,3.1,314.0,1.0,1.0,0.0,0.0,0.0,0.0,0.0,0.0,0.0,0.0,-4.6,-4.6,0.0,1.2,527.1,-448.0,11.75,-11.9,-5.5,-9.4,-8.6,-8.4,-5.6,-6.6,-8.4,-8.3,-9.6,-9.5,3.0,21.0,-8.7,-6.6,0.0,0.0,0.0,0.0,0.0,0.0,1.0,1.0,2.0,0.0,10.0,16.0,-2.0,14.0,13.0,11.0,21.0,21.0,11.0,0.0,0.0,0.0,0.0,0.0,0.0,0.0,0.0,0.0
0.0,0.0,90.91,90.45,90.86,0.0,0.0,0.0,0.06,-30.3,0.03,0.0,0.0,2.2,305.0,1.0,1.0,0.0,0.0,0.0,0.0,0.0,0.0,0.0,0.0,-4.7,-4.6,0.0,1.2,527.1,-448.0,11.75,-11.9,-5.5,-9.4,-8.6,-8.4,-5.6,-6.7,-8.4,-8.3,-9.6,-9.5,4.0,21.0,-8.7,-6.6,0.0,0.0,0.0,0.0,0.0,0.0,1.0,1.0,2.0,0.0,9.0,16.0,-2.0,14.0,13.0,11.0,21.0,21.0,11.0,0.0,0.0,0.0,0.0,0.0,0.0,0.0,0.0,0.0
0.0,0.0,90.91,90.45,90.86,0.0,0.0,0.0,0.05,-22.3,0.01,-0.01,0.0,2.8,305.0,1.0,1.0,0.0,0.0,0.0,0.0,0.0,0.0,0.0,0.0,-4.6,-4.6,0.0,1.2,527.1,-448.0,11.75,-11.9,-5.5,-9.4,-8.6,-8.4,-5.6,-6.6,-8.4,-8.3,-9.6,-9.5,3.0,21.0,-8.7,-6.6,0.0,0.0,0.0,0.0,0.0,0.0,1.0,1.0,2.0,0.0,10.0,16.0,-2.0,14.0,13.0,11.0,21.0,21.0,10.0,0.0,0.0,0.0,0.0,0.0,0.0,0.0,0.0,0.0
0.0,0.0,90.91,90.45,90.86,0.0,0.0,0.0,0.05,-37.9,0.01,-0.01,0.0,2.9,316.0,1.0,1.0,0.0,0.0,0.0,0.0,0.0,0.0,0.0,0.0,-4.5,-4.5,0.0,1.2,527.1,-448.0,11.75,-11.9,-5.5,-9.4,-8.6,-8.4,-5.6,-6.7,-8.4,-8.3,-9.6,-9.5,3.0,21.0,-8.7,-6.6,0.0,0.0,0.0,0.0,0.0,0.0,1.0,1.0,2.0,0.0,10.0,16.0,-2.0,14.0,13.0,11.0,21.0,21.0,11.0,0.0,0.0,0.0,0.0,0.0,0.0,0.0,0.0,0.0
0.0,0.0,90.91,90.45,90.86,0.0,0.0,0.0,0.06,-34.3,0.09,0.03,0.0,2.5,312.0,1.0,1.0,0.0,0.0,0.0,0.0,0.0,0.0,0.0,0.0,-4.7,-4.7,0.0,1.2,527.1,-448.0,11.75,-11.9,-5.5,-9.4,-8.6,-8.4,-5.6,-6.7,-8.4,-8.3,-9.6,-9.5,4.0,21.0,-8.7,-6.6,0.0,0.0,0.0,0.0,0.0,0.0,1.0,1.0,2.0,0.0,9.0,16.0,-2.0,14.0,13.0,11.0,21.0,21.0,11.0,0.0,0.0,0.0,0.0,0.0,0.0,0.0,0.0,0.0
0.0,0.0,90.91,90.45,90.86,0.0,0.0,0.0,0.05,-35.5,0.01,-0.01,0.0,2.9,319.0,1.0,1.0,0.0,0.0,0.0,0.0,0.0,0.0,0.0,0.0,-4.5,-4.6,0.0,1.2,527.1,-448.0,11.75,-11.9,-5.5,-9.4,-8.6,-8.4,-5.6,-6.6,-8.4,-8.3,-9.6,-9.5,3.0,21.0,-8.7,-6.6,0.0,0.0,0.0,0.0,0.0,0.0,1.0,1.0,2.0,0.0,10.0,16.0,-2.0,14.0,13.0,11.0,21.0,21.0,11.0,0.0,0.0,0.0,0.0,0.0,0.0,0.0,0.0,0.0
0.0,0.0,90.91,90.45,90.86,0.0,0.0,0.0,0.06,-55.3,0.01,-0.01,0.0,0.6,329.0,1.0,1.0,0.0,0.0,0.0,0.0,0.0,0.0,0.0,0.0,-4.5,-4.5,0.0,1.2,527.1,-448.0,11.75,-11.9,-5.5,-9.4,-8.6,-8.4,-5.6,-6.6,-8.4,-8.3,-9.6,-9.5,4.0,21.0,-8.7,-6.6,0.0,0.0,0.0,0.0,0.0,0.0,1.0,1.0,2.0,0.0,11.0,16.0,-2.0,14.0,13.0,11.0,21.0,21.0,11.0,0.0,0.0,0.0,0.0,0.0,0.0,0.0,0.0,0.0
0.0,0.0,90.91,90.45,90.86,0.0,0.0,0.0,0.06,-29.5,0.01,-0.01,0.0,2.8,311.0,1.0,1.0,0.0,0.0,0.0,0.0,0.0,0.0,0.0,0.0,-4.7,-4.6,0.0,1.2,527.1,-448.0,11.75,-11.9,-5.5,-9.4,-8.6,-8.4,-5.6,-6.6,-8.4,-8.3,-9.6,-9.5,4.0,22.0,-8.7,-6.6,0.0,0.0,0.0,0.0,0.0,0.0,1.0,1.0,2.0,0.0,10.0,16.0,-2.0,14.0,13.0,11.0,22.0,22.0,11.0,0.0,0.0,0.0,0.0,0.0,0.0,0.0,0.0,0.0
0.0,0.0,90.91,90.45,90.86,0.0,0.0,0.0,0.06,-37.3,0.01,-0.01,0.0,2.5,327.0,1.0,1.0,0.0,0.0,0.0,0.0,0.0,0.0,0.0,0.0,-4.6,-4.6,0.0,1.2,527.1,-448.0,11.75,-11.9,-5.5,-9.4,-8.6,-8.4,-5.6,-6.6,-8.4,-8.3,-9.6,-9.5,4.0,21.0,-8.7,-6.6,0.0,0.0,0.0,0.0,0.0,0.0,1.0,1.0,2.0,0.0,11.0,16.0,-2.0,14.0,13.0,11.0,21.0,21.0,11.0,0.0,0.0,0.0,0.0,0.0,0.0,0.0,0.0,0.0
0.0,0.0,90.91,90.45,90.86,0.0,0.0,0.0,0.06,-27.1,0.01,-0.01,0.0,2.7,311.0,1.0,1.0,0.0,0.0,0.0,0.0,0.0,0.0,0.0,0.0,-4.6,-4.6,0.0,1.2,527.1,-448.0,11.75,-11.9,-5.5,-9.4,-8.6,-8.4,-5.6,-6.6,-8.4,-8.3,-9.6,-9.5,4.0,21.0,-8.7,-6.6,0.0,0.0,0.0,0.0,0.0,0.0,1.0,1.0,2.0,0.0,10.0,16.0,-2.0,14.0,13.0,11.0,21.0,21.0,11.0,0.0,0.0,0.0,0.0,0.0,0.0,0.0,0.0,0.0
0.0,0.0,90.91,90.45,90.86,0.0,0.0,0.0,0.07,-24.9,0.02,-0.01,0.0,2.6,308.0,1.0,1.0,0.0,0.0,0.0,0.0,0.0,0.0,0.0,0.0,-4.6,-4.6,0.0,1.2,527.1,-448.0,11.75,-11.9,-5.5,-9.4,-8.6,-8.4,-5.6,-6.6,-8.4,-8.3,-9.6,-9.5,3.0,22.0,-8.7,-6.6,0.0,0.0,0.0,0.0,0.0,0.0,1.0,1.0,2.0,0.0,10.0,16.0,-2.0,14.0,13.0,11.0,22.0,22.0,10.0,0.0,0.0,0.0,0.0,0.0,0.0,0.0,0.0,0.0
0.0,0.0,90.91,90.45,90.86,0.0,0.0,0.0,0.06,-27.8,0.02,0.0,0.0,2.7,312.0,1.0,1.0,0.0,0.0,0.0,0.0,0.0,0.0,0.0,0.0,-4.6,-4.6,0.0,1.2,527.1,-448.0,11.75,-11.9,-5.5,-9.4,-8.6,-8.4,-5.6,-6.6,-8.4,-8.3,-9.6,-9.5,3.0,21.0,-8.7,-6.6,0.0,0.0,0.0,0.0,0.0,0.0,1.0,1.0,2.0,0.0,10.0,16.0,-2.0,14.0,13.0,11.0,21.0,21.0,10.0,0.0,0.0,0.0,0.0,0.0,0.0,0.0,0.0,0.0
0.0,0.0,0.0,0.0,0.0,0.0,0.0,0.0,0.0,0.0,0.0,0.0,0.0,0.0,0.0,0.0,0.0,0.0,0.0,0.0,0.0,0.0,0.0,0.0,0.0,0.0,0.0,0.0,0.0,0.0,0.0,0.0,0.0,0.0,0.0,0.0,0.0,0.0,0.0,0.0,0.0,0.0,0.0,0.0,0.0,0.0,0.0,0.0,0.0,0.0,0.0,0.0,0.0,0.0,0.0,0.0,0.0,0.0,0.0,0.0,0.0,0.0,0.0,0.0,0.0,0.0,0.0,0.0,0.0,0.0,0.0,0.0,0.0,0.0,0.0
0.0,0.0,90.91,90.45,90.86,0.0,0.0,0.0,0.06,-26.1,0.03,0.0,0.0,2.8,309.0,1.0,1.0,0.0,0.0,0.0,0.0,0.0,0.0,0.0,0.0,-4.6,-4.6,0.0,1.2,527.1,-448.0,11.75,-11.9,-5.5,-9.4,-8.6,-8.4,-5.6,-6.6,-8.4,-8.3,-9.6,-9.5,3.0,21.0,-8.7,-6.6,0.0,0.0,0.0,0.0,0.0,0.0,1.0,1.0,2.0,0.0,10.0,16.0,-2.0,14.0,13.0,11.0,21.0,21.0,10.0,0.0,0.0,0.0,0.0,0.0,0.0,0.0,0.0,0.0
0.0,0.0,90.91,90.45,90.86,0.0,0.0,0.0,0.06,-28.8,0.02,-0.01,0.0,2.7,310.0,1.0,1.0,0.0,0.0,0.0,0.0,0.0,0.0,0.0,0.0,-4.6,-4.6,0.0,1.2,527.1,-448.0,11.75,-11.9,-5.5,-9.4,-8.6,-8.4,-5.6,-6.6,-8.4,-8.3,-9.6,-9.5,3.0,21.0,-8.7,-6.6,0.0,0.0,0.0,0.0,0.0,0.0,1.0,1.0,2.0,0.0,10.0,16.0,-2.0,14.0,13.0,11.0,21.0,21.0,11.0,0.0,0.0,0.0,0.0,0.0,0.0,0.0,0.0,0.0
0.0,0.0,90.91,90.45,90.86,0.0,0.0,0.0,0.06,-52.6,0.02,0.0,0.0,2.1,332.0,1.0,1.0,0.0,0.0,0.0,0.0,0.0,0.0,0.0,0.0,-4.6,-4.5,0.0,1.2,527.1,-448.0,11.75,-11.9,-5.5,-9.4,-8.6,-8.4,-5.6,-6.6,-8.4,-8.3,-9.6,-9.5,3.0,21.0,-8.7,-6.6,0.0,0.0,0.0,0.0,0.0,0.0,1.0,1.0,2.0,0.0,11.0,16.0,-2.0,14.0,13.0,11.0,21.0,21.0,11.0,0.0,0.0,0.0,0.0,0.0,0.0,0.0,0.0,0.0
0.0,0.0,90.91,90.45,90.86,0.0,0.0,0.0,0.06,-26.8,0.02,-0.01,0.0,2.5,304.0,1.0,1.0,0.0,0.0,0.0,0.0,0.0,0.0,0.0,0.0,-4.6,-4.6,0.0,1.2,527.1,-448.0,11.75,-11.9,-5.5,-9.4,-8.6,-8.4,-5.6,-6.7,-8.4,-8.3,-9.6,-9.5,4.0,21.0,-8.7,-6.6,0.0,0.0,0.0,0.0,0.0,0.0,1.0,1.0,2.0,0.0,9.0,16.0,-2.0,14.0,13.0,11.0,21.0,21.0,11.0,0.0,0.0,0.0,0.0,0.0,0.0,0.0,0.0,0.0
0.0,0.0,90.91,90.45,90.86,0.0,0.0,0.0,0.05,-36.5,0.02,0.0,0.0,2.6,310.0,1.0,1.0,0.0,0.0,0.0,0.0,0.0,0.0,0.0,0.0,-4.6,-4.7,0.0,1.2,527.1,-448.0,11.75,-11.9,-5.5,-9.4,-8.6,-8.4,-5.6,-6.7,-8.4,-8.3,-9.6,-9.5,4.0,21.0,-8.7,-6.6,0.0,0.0,0.0,0.0,0.0,0.0,1.0,1.0,2.0,0.0,9.0,16.0,-2.0,14.0,13.0,11.0,21.0,21.0,11.0,0.0,0.0,0.0,0.0,0.0,0.0,0.0,0.0,0.0
0.0,0.0,90.91,90.45,90.86,0.0,0.0,0.0,0.06,-36.2,0.01,0.03,0.0,2.6,325.0,1.0,1.0,0.0,0.0,0.0,0.0,0.0,0.0,0.0,0.0,-4.5,-4.5,0.0,1.2,527.1,-448.0,11.75,-11.9,-5.5,-9.4,-8.6,-8.4,-5.6,-6.6,-8.4,-8.3,-9.6,-9.5,3.0,21.0,-8.7,-6.6,0.0,0.0,0.0,0.0,0.0,0.0,1.0,1.0,2.0,0.0,11.0,16.0,-2.0,14.0,13.0,11.0,21.0,21.0,11.0,0.0,0.0,0.0,0.0,0.0,0.0,0.0,0.0,0.0
0.0,0.0,90.91,90.45,90.86,0.0,0.0,0.0,0.06,-20.7,0.79,0.54,0.0,2.7,304.0,1.0,1.0,0.0,0.0,0.0,0.0,0.0,0.0,0.0,0.0,-4.6,-4.6,0.0,1.2,527.1,-448.0,11.75,-11.9,-5.5,-9.4,-8.6,-8.4,-5.6,-6.7,-8.4,-8.3,-9.6,-9.5,3.0,21.0,-8.7,-6.6,0.0,0.0,0.0,0.0,0.0,0.0,1.0,1.0,2.0,0.0,10.0,16.0,-2.0,14.0,13.0,11.0,21.0,21.0,10.0,0.0,0.0,0.0,0.0,0.0,0.0,0.0,0.0,0.0
0.0,0.0,90.91,90.45,90.86,0.0,0.0,0.0,0.06,-32.4,0.03,0.0,0.0,2.8,315.0,1.0,1.0,0.0,0.0,0.0,0.0,0.0,0.0,0.0,0.0,-4.7,-4.6,0.0,1.2,527.1,-448.0,11.75,-11.9,-5.5,-9.4,-8.6,-8.4,-5.6,-6.6,-8.4,-8.3,-9.6,-9.5,4.0,21.0,-8.7,-6.6,0.0,0.0,0.0,0.0,0.0,0.0,1.0,1.0,2.0,0.0,10.0,16.0,-2.0,14.0,13.0,11.0,21.0,21.0,11.0,0.0,0.0,0.0,0.0,0.0,0.0,0.0,0.0,0.0
0.0,0.0,90.91,90.45,90.86,0.0,0.0,0.0,0.06,-35.2,0.03,0.0,0.0,2.8,320.0,1.0,1.0,0.0,0.0,0.0,0.0,0.0,0.0,0.0,0.0,-4.6,-4.6,0.0,1.2,527.1,-448.0,11.75,-11.9,-5.5,-9.4,-8.6,-8.4,-5.6,-6.6,-8.4,-8.3,-9.6,-9.5,4.0,21.0,-8.7,-6.6,0.0,0.0,0.0,0.0,0.0,0.0,1.0,1.0,2.0,0.0,10.0,16.0,-2.0,14.0,13.0,11.0,21.0,21.0,11.0,0.0,0.0,0.0,0.0,0.0,0.0,0.0,0.0,0.0
0.0,0.0,90.91,90.45,90.86,0.0,0.0,0.0,0.06,-54.0,0.01,-0.01,0.0,1.6,329.0,1.0,1.0,0.0,0.0,0.0,0.0,0.0,0.0,0.0,0.0,-4.6,-4.5,0.0,1.2,527.1,-448.0,11.75,-11.9,-5.5,-9.4,-8.6,-8.4,-5.6,-6.6,-8.4,-8.3,-9.6,-9.5,4.0,22.0,-8.7,-6.6,0.0,0.0,0.0,0.0,0.0,0.0,1.0,1.0,2.0,0.0,11.0,16.0,-2.0,14.0,13.0,11.0,22.0,22.0,11.0,0.0,0.0,0.0,0.0,0.0,0.0,0.0,0.0,0.0
0.0,0.0,90.91,90.45,90.86,0.0,0.0,0.0,0.06,-24.9,0.01,0.0,0.0,2.5,308.0,1.0,1.0,0.0,0.0,0.0,0.0,0.0,0.0,0.0,0.0,-4.6,-4.6,0.0,1.2,527.1,-448.0,11.75,-11.9,-5.5,-9.4,-8.6,-8.4,-5.6,-6.6,-8.4,-8.3,-9.6,-9.5,4.0,21.0,-8.7,-6.6,0.0,0.0,0.0,0.0,0.0,0.0,1.0,1.0,2.0,0.0,10.0,16.0,-2.0,14.0,13.0,11.0,21.0,21.0,10.0,0.0,0.0,0.0,0.0,0.0,0.0,0.0,0.0,0.0
0.0,0.0,90.91,90.45,90.86,0.0,0.0,0.0,0.06,-31.9,0.01,-0.01,0.0,2.4,306.0,1.0,1.0,0.0,0.0,0.0,0.0,0.0,0.0,0.0,0.0,-4.5,-4.6,0.0,1.2,527.1,-448.0,11.75,-11.9,-5.5,-9.4,-8.6,-8.4,-5.6,-6.7,-8.4,-8.3,-9.6,-9.5,4.0,21.0,-8.7,-6.6,0.0,0.0,0.0,0.0,0.0,0.0,1.0,1.0,2.0,0.0,9.0,16.0,-2.0,14.0,13.0,11.0,21.0,21.0,11.0,0.0,0.0,0.0,0.0,0.0,0.0,0.0,0.0,0.0
0.0,0.0,90.91,90.45,90.86,0.0,0.0,0.0,0.06,-30.4,0.01,-0.01,0.0,2.9,310.0,1.0,1.0,0.0,0.0,0.0,0.0,0.0,0.0,0.0,0.0,-4.7,-4.7,0.0,1.2,527.1,-448.0,11.75,-11.9,-5.5,-9.4,-8.6,-8.4,-5.6,-6.6,-8.4,-8.3,-9.6,-9.5,3.0,21.0,-8.7,-6.6,0.0,0.0,0.0,0.0,0.0,0.0,1.0,1.0,2.0,0.0,10.0,16.0,-2.0,14.0,13.0,11.0,21.0,21.0,10.0,0.0,0.0,0.0,0.0,0.0,0.0,0.0,0.0,0.0
0.0,0.0,90.91,90.45,90.86,0.0,0.0,0.0,0.05,-52.8,0.79,0.54,0.0,1.4,329.0,1.0,1.0,0.0,0.0,0.0,0.0,0.0,0.0,0.0,0.0,-4.5,-4.6,0.0,1.2,527.1,-448.0,11.75,-11.9,-5.5,-9.4,-8.6,-8.4,-5.6,-6.6,-8.4,-8.3,-9.6,-9.5,3.0,22.0,-8.7,-6.6,0.0,0.0,0.0,0.0,0.0,0.0,1.0,1.0,2.0,0.0,11.0,16.0,-2.0,14.0,13.0,11.0,22.0,22.0,11.0,0.0,0.0,0.0,0.0,0.0,0.0,0.0,0.0,0.0
0.0,0.0,90.91,90.45,90.86,0.0,0.0,0.0,0.06,-34.1,0.02,0.0,0.0,2.9,313.0,1.0,1.0,0.0,0.0,0.0,0.0,0.0,0.0,0.0,0.0,-4.6,-4.5,0.0,1.2,527.1,-448.0,11.75,-11.9,-5.5,-9.4,-8.6,-8.4,-5.6,-6.6,-8.4,-8.3,-9.6,-9.5,3.0,22.0,-8.7,-6.6,0.0,0.0,0.0,0.0,0.0,0.0,1.0,1.0,2.0,0.0,10.0,16.0,-2.0,14.0,13.0,11.0,22.0,22.0,11.0,0.0,0.0,0.0,0.0,0.0,0.0,0.0,0.0,0.0
0.0,0.0,90.91,90.45,90.86,0.0,0.0,0.0,0.05,-32.6,0.01,-0.01,0.0,2.5,306.0,1.0,1.0,0.0,0.0,0.0,0.0,0.0,0.0,0.0,0.0,-4.6,-4.6,0.0,1.2,527.1,-448.0,11.75,-11.9,-5.5,-9.4,-8.6,-8.4,-5.6,-6.7,-8.4,-8.3,-9.6,-9.5,4.0,21.0,-8.7,-6.6,0.0,0.0,0.0,0.0,0.0,0.0,1.0,1.0,2.0,0.0,9.0,16.0,-2.0,14.0,13.0,11.0,21.0,21.0,11.0,0.0,0.0,0.0,0.0,0.0,0.0,0.0,0.0,0.0
0.0,0.0,90.91,90.45,90.86,0.0,0.0,0.0,0.07,-28.0,0.03,0.0,0.0,2.4,304.0,1.0,1.0,0.0,0.0,0.0,0.0,0.0,0.0,0.0,0.0,-4.6,-4.6,0.0,1.2,527.1,-448.0,11.75,-11.9,-5.5,-9.4,-8.6,-8.4,-5.6,-6.7,-8.4,-8.3,-9.6,-9.5,4.0,22.0,-8.7,-6.6,0.0,0.0,0.0,0.0,0.0,0.0,1.0,1.0,2.0,0.0,9.0,16.0,-2.0,14.0,13.0,11.0,22.0,22.0,10.0,0.0,0.0,0.0,0.0,0.0,0.0,0.0,0.0,0.0
0.0,0.0,90.91,90.45,90.86,0.0,0.0,0.0,0.06,-30.3,0.01,-0.01,0.0,2.8,313.0,1.0,1.0,0.0,0.0,0.0,0.0,0.0,0.0,0.0,0.0,-4.6,-4.6,0.0,1.2,527.1,-448.0,11.75,-11.9,-5.5,-9.4,-8.6,-8.4,-5.6,-6.6,-8.4,-8.3,-9.6,-9.5,3.0,21.0,-8.7,-6.6,0.0,0.0,0.0,0.0,0.0,0.0,1.0,1.0,2.0,0.0,10.0,16.0,-2.0,14.0,13.0,11.0,21.0,21.0,10.0,0.0,0.0,0.0,0.0,0.0,0.0,0.0,0.0,0.0
0.0,0.0,90.91,90.45,90.86,0.0,0.0,0.0,0.05,-28.7,0.09,0.03,0.0,2.3,304.0,1.0,1.0,0.0,0.0,0.0,0.0,0.0,0.0,0.0,0.0,-4.6,-4.5,0.0,1.2,527.1,-448.0,11.75,-11.9,-5.5,-9.4,-8.6,-8.4,-5.6,-6.7,-8.4,-8.3,-9.6,-9.5,4.0,21.0,-8.7,-6.6,0.0,0.0,0.0,0.0,0.0,0.0,1.0,1.0,2.0,0.0,9.0,16.0,-2.0,14.0,13.0,11.0,21.0,21.0,11.0,0.0,0.0,0.0,0.0,0.0,0.0,0.0,0.0,0.0
0.0,0.0,90.91,90.45,90.86,0.0,0.0,0.0,0.06,-35.6,0.03,0.0,0.0,2.5,323.0,1.0,1.0,0.0,0.0,0.0,0.0,0.0,0.0,0.0,0.0,-4.5,-4.6,0.0,1.2,527.1,-448.0,11.75,-11.9,-5.5,-9.4,-8.6,-8.4,-5.6,-6.6,-8.4,-8.3,-9.6,-9.5,3.0,21.0,-8.7,-6.6,0.0,0.0,0.0,0.0,0.0,0.0,1.0,1.0,2.0,0.0,11.0,16.0,-2.0,14.0,13.0,11.0,21.0,21.0,10.0,0.0,0.0,0.0,0.0,0.0,0.0,0.0,0.0,0.0
0.0,0.0,90.91,90.45,90.86,0.0,0.0,0.0,0.06,-27.8,0.03,0.0,0.0,2.5,309.0,1.0,1.0,0.0,0.0,0.0,0.0,0.0,0.0,0.0,0.0,-4.7,-4.6,0.0,1.2,527.1,-448.0,11.75,-11.9,-5.5,-9.4,-8.6,-8.4,-5.6,-6.6,-8.4,-8.3,-9.6,-9.5,4.0,21.0,-8.7,-6.6,0.0,0.0,0.0,0.0,0.0,0.0,1.0,1.0,2.0,0.0,10.0,16.0,-2.0,14.0,13.0,11.0,21.0,21.0,10.0,0.0,0.0,0.0,0.0,0.0,0.0,0.0,0.0,0.0
0.0,0.0,90.91,90.45,90.86,0.0,0.0,0.0,0.06,-20.2,0.79,0.54,0.0,3.0,303.0,1.0,1.0,0.0,0.0,0.0,0.0,0.0,0.0,0.0,0.0,-4.7,-4.6,0.0,1.2,527.1,-448.0,11.75,-11.9,-5.5,-9.4,-8.6,-8.4,-5.6,-6.7,-8.4,-8.3,-9.6,-9.5,4.0,22.0,-8.7,-6.6,0.0,0.0,0.0,0.0,0.0,0.0,1.0,1.0,2.0,0.0,9.0,16.0,-2.0,14.0,13.0,11.0,22.0,22.0,10.0,0.0,0.0,0.0,0.0,0.0,0.0,0.0,0.0,0.0
0.0,0.0,90.91,90.45,90.86,0.0,0.0,0.0,0.06,-34.2,0.02,-0.01,0.0,2.7,317.0,1.0,1.0,0.0,0.0,0.0,0.0,0.0,0.0,0.0,0.0,-4.6,-4.6,0.0,1.2,527.1,-448.0,11.75,-11.9,-5.5,-9.4,-8.6,-8.4,-5.6,-6.6,-8.4,-8.3,-9.6,-9.5,3.0,21.0,-8.7,-6.6,0.0,0.0,0.0,0.0,0.0,0.0,1.0,1.0,2.0,0.0,10.0,16.0,-2.0,14.0,13.0,11.0,21.0,21.0,11.0,0.0,0.0,0.0,0.0,0.0,0.0,0.0,0.0,0.0
0.0,0.0,90.91,90.45,90.86,0.0,0.0,0.0,0.06,-36.2,0.02,0.0,0.0,2.6,311.0,1.0,1.0,0.0,0.0,0.0,0.0,0.0,0.0,0.0,0.0,-4.6,-4.6,0.0,1.2,527.1,-448.0,11.75,-11.9,-5.5,-9.4,-8.6,-8.4,-5.6,-6.7,-8.4,-8.3,-9.6,-9.5,4.0,21.0,-8.7,-6.6,0.0,0.0,0.0,0.0,0.0,0.0,1.0,1.0,2.0,0.0,9.0,16.0,-2.0,14.0,13.0,11.0,21.0,21.0,11.0,0.0,0.0,0.0,0.0,0.0,0.0,0.0,0.0,0.0
0.0,0.0,90.91,90.45,90.86,0.0,0.0,0.0,0.05,-52.4,0.01,-0.01,0.0,1.6,330.0,1.0,1.0,0.0,0.0,0.0,0.0,0.0,0.0,0.0,0.0,-4.6,-4.6,0.0,1.2,527.1,-448.0,11.75,-11.9,-5.5,-9.4,-8.6,-8.4,-5.6,-6.6,-8.4,-8.3,-9.6,-9.5,3.0,21.0,-8.7,-6.6,0.0,0.0,0.0,0.0,0.0,0.0,1.0,1.0,2.0,0.0,11.0,16.0,-2.0,14.0,13.0,11.0,21.0,21.0,11.0,0.0,0.0,0.0,0.0,0.0,0.0,0.0,0.0,0.0
0.0,0.0,90.91,90.45,90.86,0.0,0.0,0.0,0.05,-28.2,0.01,-0.01,0.0,2.5,304.0,1.0,1.0,0.0,0.0,0.0,0.0,0.0,0.0,0.0,0.0,-4.6,-4.6,0.0,1.2,527.1,-448.0,11.75,-11.9,-5.5,-9.4,-8.6,-8.4,-5.6,-6.7,-8.4,-8.3,-9.6,-9.5,4.0,21.0,-8.7,-6.6,0.0,0.0,0.0,0.0,0.0,0.0,1.0,1.0,2.0,0.0,9.0,16.0,-2.0,14.0,13.0,11.0,21.0,21.0,11.0,0.0,0.0,0.0,0.0,0.0,0.0,0.0,0.0,0.0
0.0,0.0,90.91,90.45,90.86,0.0,0.0,0.0,0.05,-21.4,0.02,0.0,0.0,2.3,304.0,1.0,1.0,0.0,0.0,0.0,0.0,0.0,0.0,0.0,0.0,-4.6,-4.7,0.0,1.2,527.1,-448.0,11.75,-11.9,-5.5,-9.4,-8.6,-8.4,-5.6,-6.7,-8.4,-8.3,-9.6,-9.5,3.0,21.0,-8.7,-6.6,0.0,0.0,0.0,0.0,0.0,0.0,1.0,1.0,2.0,0.0,10.0,16.0,-2.0,14.0,13.0,11.0,21.0,21.0,10.0,0.0,0.0,0.0,0.0,0.0,0.0,0.0,0.0,0.0
0.0,0.0,90.91,90.45,90.86,0.0,0.0,0.0,0.06,-27.7,0.01,-0.01,0.0,2.9,310.0,1.0,1.0,0.0,0.0,0.0,0.0,0.0,0.0,0.0,0.0,-4.6,-4.6,0.0,1.2,527.1,-448.0,11.75,-11.9,-5.5,-9.4,-8.6,-8.4,-5.6,-6.6,-8.4,-8.3,-9.6,-9.5,3.0,21.0,-8.7,-6.6,0.0,0.0,0.0,0.0,0.0,0.0,1.0,1.0,2.0,0.0,10.0,16.0,-2.0,14.0,13.0,11.0,21.0,21.0,11.0,0.0,0.0,0.0,0.0,0.0,0.0,0.0,0.0,0.0
0.0,0.0,90.91,90.45,90.86,0.0,0.0,0.0,0.06,-28.3,0.09,0.03,0.0,2.8,311.0,1.0,1.0,0.0,0.0,0.0,0.0,0.0,0.0,0.0,0.0,-4.5,-4.6,0.0,1.2,527.1,-448.0,11.75,-11.9,-5.5,-9.4,-8.6,-8.4,-5.6,-6.6,-8.4,-8.3,-9.6,-9.5,3.0,22.0,-8.7,-6.6,0.0,0.0,0.0,0.0,0.0,0.0,1.0,1.0,2.0,0.0,10.0,16.0,-2.0,14.0,13.0,11.0,22.0,22.0,11.0,0.0,0.0,0.0,0.0,0.0,0.0,0.0,0.0,0.0
0.0,0.0,90.91,90.45,90.86,0.0,0.0,0.0,0.05,-37.2,0.02,0.0,0.0,2.6,326.0,1.0,1.0,0.0,0.0,0.0,0.0,0.0,0.0,0.0,0.0,-4.6,-4.6,0.0,1.2,527.1,-448.0,11.75,-11.9,-5.5,-9.4,-8.6,-8.4,-5.6,-6.6,-8.4,-8.3,-9.6,-9.5,3.0,21.0,-8.7,-6.6,0.0,0.0,0.0,0.0,0.0,0.0,1.0,1.0,2.0,0.0,11.0,16.0,-2.0,14.0,13.0,11.0,21.0,21.0,11.0,0.0,0.0,0.0,0.0,0.0,0.0,0.0,0.0,0.0
0.0,0.0,90.91,90.45,90.86,0.0,0.0,0.0,0.06,-34.9,0.02,0.0,0.0,2.5,325.0,1.0,1.0,0.0,0.0,0.0,0.0,0.0,0.0,0.0,0.0,-4.6,-4.6,0.0,1.2,527.1,-448.0,11.75,-11.9,-5.5,-9.4,-8.6,-8.4,-5.6,-6.6,-8.4,-8.3,-9.6,-9.5,4.0,21.0,-8.7,-6.6,0.0,0.0,0.0,0.0,0.0,0.0,1.0,1.0,2.0,0.0,11.0,16.0,-2.0,14.0,13.0,11.0,21.0,21.0,11.0,0.0,0.0,0.0,0.0,0.0,0.0,0.0,0.0,0.0
0.0,0.0,90.91,90.45,90.86,0.0,0.0,0.0,0.06,-36.8,0.03,0.0,0.0,2.6,326.0,1.0,1.0,0.0,0.0,0.0,0.0,0.0,0.0,0.0,0.0,-4.6,-4.6,0.0,1.2,527.1,-448.0,11.75,-11.9,-5.5,-9.4,-8.6,-8.4,-5.6,-6.6,-8.4,-8.3,-9.6,-9.5,4.0,22.0,-8.7,-6.6,0.0,0.0,0.0,0.0,0.0,0.0,1.0,1.0,2.0,0.0,11.0,16.0,-2.0,14.0,13.0,11.0,22.0,22.0,11.0,0.0,0.0,0.0,0.0,0.0,0.0,0.0,0.0,0.0
0.0,0.0,90.91,90.45,90.86,0.0,0.0,0.0,0.05,-47.6,0.03,0.0,0.0,0.8,327.0,1.0,1.0,0.0,0.0,0.0,0.0,0.0,0.0,0.0,0.0,-4.6,-4.7,0.0,1.2,527.1,-448.0,11.75,-11.9,-5.5,-9.4,-8.6,-8.4,-5.6,-6.6,-8.4,-8.3,-9.6,-9.5,4.0,21.0,-8.7,-6.6,0.0,0.0,0.0,0.0,0.0,0.0,1.0,1.0,2.0,0.0,11.0,16.0,-2.0,14.0,13.0,11.0,21.0,21.0,11.0,0.0,0.0,0.0,0.0,0.0,0.0,0.0,0.0,0.0
0.0,0.0,90.91,90.45,90.86,0.0,0.0,0.0,0.05,-51.8,0.09,0.03,0.0,1.4,330.0,1.0,1.0,0.0,0.0,0.0,0.0,0.0,0.0,0.0,0.0,-4.5,-4.5,0.0,1.2,527.1,-448.0,11.75,-11.9,-5.5,-9.4,-8.6,-8.4,-5.6,-6.6,-8.4,-8.3,-9.6,-9.5,4.0,22.0,-8.7,-6.6,0.0,0.0,0.0,0.0,0.0,0.0,1.0,1.0,2.0,0.0,11.0,16.0,-2.0,14.0,13.0,11.0,22.0,22.0,11.0,0.0,0.0,0.0,0.0,0.0,0.0,0.0,0.0,0.0
0.0,0.0,90.91,90.45,90.86,0.0,0.0,0.0,0.06,-33.7,0.03,0.0,0.0,3.0,315.0,1.0,1.0,0.0,0.0,0.0,0.0,0.0,0.0,0.0,0.0,-4.6,-4.6,0.0,1.2,527.1,-448.0,11.75,-11.9,-5.5,-9.4,-8.6,-8.4,-5.6,-6.6,-8.4,-8.3,-9.6,-9.5,4.0,21.0,-8.7,-6.6,0.0,0.0,0.0,0.0,0.0,0.0,1.0,1.0,2.0,0.0,10.0,16.0,-2.0,14.0,13.0,11.0,21.0,21.0,10.0,0.0,0.0,0.0,0.0,0.0,0.0,0.0,0.0,0.0
0.0,0.0,90.91,90.45,90.86,0.0,0.0,0.0,0.06,-51.8,0.02,0.0,0.0,1.5,330.0,1.0,1.0,0.0,0.0,0.0,0.0,0.0,0.0,0.0,0.0,-4.5,-4.6,0.0,1.2,527.1,-448.0,11.75,-11.9,-5.5,-9.4,-8.6,-8.4,-5.6,-6.6,-8.4,-8.3,-9.6,-9.5,4.0,21.0,-8.7,-6.6,0.0,0.0,0.0,0.0,0.0,0.0,1.0,1.0,2.0,0.0,11.0,16.0,-2.0,14.0,13.0,11.0,21.0,21.0,11.0,0.0,0.0,0.0,0.0,0.0,0.0,0.0,0.0,0.0
0.0,0.0,90.91,90.45,90.86,0.0,0.0,0.0,0.06,-27.3,0.02,0.0,0.0,2.6,303.0,1.0,1.0,0.0,0.0,0.0,0.0,0.0,0.0,0.0,0.0,-4.6,-4.6,0.0,1.2,527.1,-448.0,11.75,-11.9,-5.5,-9.4,-8.6,-8.4,-5.6,-6.7,-8.4,-8.3,-9.6,-9.5,4.0,21.0,-8.7,-6.6,0.0,0.0,0.0,0.0,0.0,0.0,1.0,1.0,2.0,0.0,9.0,16.0,-2.0,14.0,13.0,11.0,21.0,21.0,11.0,0.0,0.0,0.0,0.0,0.0,0.0,0.0,0.0,0.0
0.0,0.0,90.91,90.45,90.86,0.0,0.0,0.0,0.07,-33.9,0.01,-0.01,0.0,2.5,308.0,1.0,1.0,0.0,0.0,0.0,0.0,0.0,0.0,0.0,0.0,-4.6,-4.6,0.0,1.2,527.1,-448.0,11.75,-11.9,-5.5,-9.4,-8.6,-8.4,-5.6,-6.7,-8.4,-8.3,-9.6,-9.5,4.0,21.0,-8.7,-6.6,0.0,0.0,0.0,0.0,0.0,0.0,1.0,1.0,2.0,0.0,9.0,16.0,-2.0,14.0,13.0,11.0,21.0,21.0,11.0,0.0,0.0,0.0,0.0,0.0,0.0,0.0,0.0,0.0
0.0,0.0,90.91,90.45,90.86,0.0,0.0,0.0,0.06,-32.9,0.02,0.0,0.0,2.6,309.0,1.0,1.0,0.0,0.0,0.0,0.0,0.0,0.0,0.0,0.0,-4.6,-4.5,0.0,1.2,527.1,-448.0,11.75,-11.9,-5.5,-9.4,-8.6,-8.4,-5.6,-6.7,-8.4,-8.3,-9.6,-9.5,4.0,21.0,-8.7,-6.6,0.0,0.0,0.0,0.0,0.0,0.0,1.0,1.0,2.0,0.0,9.0,16.0,-2.0,14.0,13.0,11.0,21.0,21.0,11.0,0.0,0.0,0.0,0.0,0.0,0.0,0.0,0.0,0.0
0.0,0.0,90.91,90.45,90.86,0.0,0.0,0.0,0.06,-34.5,0.79,0.54,0.0,2.8,309.0,1.0,1.0,0.0,0.0,0.0,0.0,0.0,0.0,0.0,0.0,-4.7,-4.7,0.0,1.2,527.1,-448.0,11.75,-11.9,-5.5,-9.4,-8.6,-8.4,-5.6,-6.7,-8.4,-8.3,-9.6,-9.5,4.0,22.0,-8.7,-6.6,0.0,0.0,0.0,0.0,0.0,0.0,1.0,1.0,2.0,0.0,9.0,16.0,-2.0,14.0,13.0,11.0,22.0,22.0,11.0,0.0,0.0,0.0,0.0,0.0,0.0,0.0,0.0,0.0
0.0,0.0,90.91,90.45,90.86,0.0,0.0,0.0,0.06,-50.3,0.03,0.0,0.0,1.3,330.0,1.0,1.0,0.0,0.0,0.0,0.0,0.0,0.0,0.0,0.0,-4.5,-4.6,0.0,1.2,527.1,-448.0,11.75,-11.9,-5.5,-9.4,-8.6,-8.4,-5.6,-6.6,-8.4,-8.3,-9.6,-9.5,4.0,21.0,-8.7,-6.6,0.0,0.0,0.0,0.0,0.0,0.0,1.0,1.0,2.0,0.0,11.0,16.0,-2.0,14.0,13.0,11.0,21.0,21.0,11.0,0.0,0.0,0.0,0.0,0.0,0.0,0.0,0.0,0.0
0.0,0.0,90.91,90.45,90.86,0.0,0.0,0.0,0.06,-22.6,0.01,0.0,0.0,2.7,305.0,1.0,1.0,0.0,0.0,0.0,0.0,0.0,0.0,0.0,0.0,-4.5,-4.6,0.0,1.2,527.1,-448.0,11.75,-11.9,-5.5,-9.4,-8.6,-8.4,-5.6,-6.7,-8.4,-8.3,-9.6,-9.5,3.0,22.0,-8.7,-6.6,0.0,0.0,0.0,0.0,0.0,0.0,1.0,1.0,2.0,0.0,10.0,16.0,-2.0,14.0,13.0,11.0,22.0,22.0,10.0,0.0,0.0,0.0,0.0,0.0,0.0,0.0,0.0,0.0
0.0,0.0,90.91,90.45,90.86,0.0,0.0,0.0,0.05,-34.6,0.02,0.0,0.0,2.7,312.0,1.0,1.0,0.0,0.0,0.0,0.0,0.0,0.0,0.0,0.0,-4.6,-4.6,0.0,1.2,527.1,-448.0,11.75,-11.9,-5.5,-9.4,-8.6,-8.4,-5.6,-6.7,-8.4,-8.3,-9.6,-9.5,5.0,22.0,-8.7,-6.6,0.0,0.0,0.0,0.0,0.0,0.0,1.0,1.0,2.0,0.0,9.0,16.0,-2.0,14.0,13.0,11.0,22.0,22.0,11.0,0.0,0.0,0.0,0.0,0.0,0.0,0.0,0.0,0.0
0.0,0.0,90.91,90.45,90.86,0.0,0.0,0.0,0.06,-28.3,0.09,0.03,0.0,3.0,308.0,1.0,1.0,0.0,0.0,0.0,0.0,0.0,0.0,0.0,0.0,-4.5,-4.6,0.0,1.2,527.1,-448.0,11.75,-11.9,-5.5,-9.4,-8.6,-8.4,-5.6,-6.6,-8.4,-8.3,-9.6,-9.5,3.0,21.0,-8.7,-6.6,0.0,0.0,0.0,0.0,0.0,0.0,1.0,1.0,2.0,0.0,10.0,16.0,-2.0,14.0,13.0,11.0,21.0,21.0,10.0,0.0,0.0,0.0,0.0,0.0,0.0,0.0,0.0,0.0
0.0,0.0,90.91,90.45,90.86,0.0,0.0,0.0,0.06,-27.0,0.02,0.0,0.0,2.5,309.0,1.0,1.0,0.0,0.0,0.0,0.0,0.0,0.0,0.0,0.0,-4.6,-4.6,0.0,1.2,527.1,-448.0,11.75,-11.9,-5.5,-9.4,-8.6,-8.4,-5.6,-6.6,-8.4,-8.3,-9.6,-9.5,3.0,21.0,-8.7,-6.6,0.0,0.0,0.0,0.0,0.0,0.0,1.0,1.0,2.0,0.0,10.0,16.0,-2.0,14.0,13.0,11.0,21.0,21.0,10.0,0.0,0.0,0.0,0.0,0.0,0.0,0.0,0.0,0.0
0.0,0.0,90.91,90.45,90.86,0.0,0.0,0.0,0.06,-34.7,0.03,0.01,0.0,2.6,319.0,1.0,1.0,0.0,0.0,0.0,0.0,0.0,0.0,0.0,0.0,-4.5,-4.7,0.0,1.2,527.1,-448.0,11.75,-11.9,-5.5,-9.4,-8.6,-8.4,-5.6,-6.6,-8.4,-8.3,-9.6,-9.5,3.0,21.0,-8.7,-6.6,0.0,0.0,0.0,0.0,0.0,0.0,1.0,1.0,2.0,0.0,10.0,16.0,-2.0,14.0,13.0,11.0,21.0,21.0,11.0,0.0,0.0,0.0,0.0,0.0,0.0,0.0,0.0,0.0
0.0,0.0,90.91,90.45,90.86,0.0,0.0,0.0,0.06,-43.8,0.02,0.0,0.0,0.7,326.0,1.0,1.0,0.0,0.0,0.0,0.0,0.0,0.0,0.0,0.0,-4.5,-4.5,0.0,1.2,527.1,-448.0,11.75,-11.9,-5.5,-9.4,-8.6,-8.4,-5.6,-6.6,-8.4,-8.3,-9.6,-9.5,4.0,22.0,-8.7,-6.6,0.0,0.0,0.0,0.0,0.0,0.0,1.0,1.0,2.0,0.0,11.0,16.0,-2.0,14.0,13.0,11.0,22.0,22.0,11.0,0.0,0.0,0.0,0.0,0.0,0.0,0.0,0.0,0.0
0.0,0.0,90.91,90.45,90.86,0.0,0.0,0.0,0.06,-30.6,0.03,0.0,0.0,2.6,312.0,1.0,1.0,0.0,0.0,0.0,0.0,0.0,0.0,0.0,0.0,-4.6,-4.6,0.0,1.2,527.1,-448.0,11.75,-11.9,-5.5,-9.4,-8.6,-8.4,-5.6,-6.6,-8.4,-8.3,-9.6,-9.5,2.0,21.0,-8.7,-6.6,0.0,0.0,0.0,0.0,0.0,0.0,1.0,1.0,2.0,0.0,10.0,16.0,-2.0,14.0,13.0,11.0,21.0,21.0,11.0,0.0,0.0,0.0,0.0,0.0,0.0,0.0,0.0,0.0
0.0,0.0,90.91,90.45,90.86,0.0,0.0,0.0,0.06,-33.2,0.09,0.03,0.0,2.6,308.0,1.0,1.0,0.0,0.0,0.0,0.0,0.0,0.0,0.0,0.0,-4.6,-4.6,0.0,1.2,527.1,-448.0,11.75,-11.9,-5.5,-9.4,-8.6,-8.4,-5.6,-6.7,-8.4,-8.3,-9.6,-9.5,4.0,21.0,-8.7,-6.6,0.0,0.0,0.0,0.0,0.0,0.0,1.0,1.0,2.0,0.0,9.0,16.0,-2.0,14.0,13.0,11.0,21.0,21.0,11.0,0.0,0.0,0.0,0.0,0.0,0.0,0.0,0.0,0.0
0.0,0.0,90.91,90.45,90.86,0.0,0.0,0.0,0.06,-35.4,0.02,0.0,0.0,2.6,323.0,1.0,1.0,0.0,0.0,0.0,0.0,0.0,0.0,0.0,0.0,-4.6,-4.6,0.0,1.2,527.1,-448.0,11.75,-11.9,-5.5,-9.4,-8.6,-8.4,-5.6,-6.6,-8.4,-8.3,-9.6,-9.5,3.0,21.0,-8.7,-6.6,0.0,0.0,0.0,0.0,0.0,0.0,1.0,1.0,2.0,0.0,11.0,16.0,-2.0,14.0,13.0,11.0,21.0,21.0,11.0,0.0,0.0,0.0,0.0,0.0,0.0,0.0,0.0,0.0
0.0,0.0,90.91,90.45,90.86,0.0,0.0,0.0,0.05,-53.9,0.01,-0.01,0.0,1.7,330.0,1.0,1.0,0.0,0.0,0.0,0.0,0.0,0.0,0.0,0.0,-4.6,-4.6,0.0,1.2,527.1,-448.0,11.75,-11.9,-5.5,-9.4,-8.6,-8.4,-5.6,-6.6,-8.4,-8.3,-9.6,-9.5,3.0,21.0,-8.7,-6.6,0.0,0.0,0.0,0.0,0.0,0.0,1.0,1.0,2.0,0.0,11.0,16.0,-2.0,14.0,13.0,11.0,21.0,21.0,11.0,0.0,0.0,0.0,0.0,0.0,0.0,0.0,0.0,0.0
0.0,0.0,90.91,90.45,90.86,0.0,0.0,0.0,0.05,-33.0,0.03,0.0,0.0,2.7,318.0,1.0,1.0,0.0,0.0,0.0,0.0,0.0,0.0,0.0,0.0,-4.6,-4.6,0.0,1.2,527.1,-448.0,11.75,-11.9,-5.5,-9.4,-8.6,-8.4,-5.6,-6.6,-8.4,-8.3,-9.6,-9.5,3.0,21.0,-8.7,-6.6,0.0,0.0,0.0,0.0,0.0,0.0,1.0,1.0,2.0,0.0,10.0,16.0,-2.0,14.0,13.0,11.0,21.0,21.0,11.0,0.0,0.0,0.0,0.0,0.0,0.0,0.0,0.0,0.0
0.0,0.0,90.91,90.45,90.86,0.0,0.0,0.0,0.06,-33.1,0.01,-0.01,0.0,2.8,313.0,1.0,1.0,0.0,0.0,0.0,0.0,0.0,0.0,0.0,0.0,-4.5,-4.6,0.0,1.2,527.1,-448.0,11.75,-11.9,-5.5,-9.4,-8.6,-8.4,-5.6,-6.6,-8.4,-8.3,-9.6,-9.5,3.0,21.0,-8.7,-6.6,0.0,0.0,0.0,0.0,0.0,0.0,1.0,1.0,2.0,0.0,10.0,16.0,-2.0,14.0,13.0,11.0,21.0,21.0,11.0,0.0,0.0,0.0,0.0,0.0,0.0,0.0,0.0,0.0
0.0,0.0,90.91,90.45,90.86,0.0,0.0,0.0,0.06,-29.4,0.02,0.0,0.0,2.8,316.0,1.0,1.0,0.0,0.0,0.0,0.0,0.0,0.0,0.0,0.0,-4.6,-4.6,0.0,1.2,527.1,-448.0,11.75,-11.9,-5.5,-9.4,-8.6,-8.4,-5.6,-6.6,-8.4,-8.3,-9.6,-9.5,3.0,21.0,-8.7,-6.6,0.0,0.0,0.0,0.0,0.0,0.0,1.0,1.0,2.0,0.0,10.0,16.0,-2.0,14.0,13.0,11.0,21.0,21.0,11.0,0.0,0.0,0.0,0.0,0.0,0.0,0.0,0.0,0.0
0.0,0.0,90.91,90.45,90.86,0.0,0.0,0.0,0.05,-27.8,0.03,0.0,0.0,2.6,304.0,1.0,1.0,0.0,0.0,0.0,0.0,0.0,0.0,0.0,0.0,-4.6,-4.6,0.0,1.2,527.1,-448.0,11.75,-11.9,-5.5,-9.4,-8.6,-8.4,-5.6,-6.7,-8.4,-8.3,-9.6,-9.5,4.0,21.0,-8.7,-6.6,0.0,0.0,0.0,0.0,0.0,0.0,1.0,1.0,2.0,0.0,9.0,16.0,-2.0,14.0,13.0,11.0,21.0,21.0,11.0,0.0,0.0,0.0,0.0,0.0,0.0,0.0,0.0,0.0
0.0,0.0,90.91,90.45,90.86,0.0,0.0,0.0,0.06,-22.8,0.01,-0.01,0.0,2.3,303.0,1.0,1.0,0.0,0.0,0.0,0.0,0.0,0.0,0.0,0.0,-4.5,-4.6,0.0,1.2,527.1,-448.0,11.75,-11.9,-5.5,-9.4,-8.6,-8.4,-5.6,-6.7,-8.4,-8.3,-9.6,-9.5,3.0,22.0,-8.7,-6.6,0.0,0.0,0.0,0.0,0.0,0.0,1.0,1.0,2.0,0.0,10.0,16.0,-2.0,14.0,13.0,11.0,22.0,22.0,10.0,0.0,0.0,0.0,0.0,0.0,0.0,0.0,0.0,0.0
0.0,0.0,90.91,90.45,90.86,0.0,0.0,0.0,0.05,-24.3,0.02,0.0,0.0,2.2,303.0,1.0,1.0,0.0,0.0,0.0,0.0,0.0,0.0,0.0,0.0,-4.6,-4.5,0.0,1.2,527.1,-448.0,11.75,-11.9,-5.5,-9.4,-8.6,-8.4,-5.6,-6.7,-8.4,-8.3,-9.6,-9.5,4.0,21.0,-8.7,-6.6,0.0,0.0,0.0,0.0,0.0,0.0,1.0,1.0,2.0,0.0,9.0,16.0,-2.0,14.0,13.0,11.0,21.0,21.0,11.0,0.0,0.0,0.0,0.0,0.0,0.0,0.0,0.0,0.0
0.0,0.0,90.91,90.45,90.86,0.0,0.0,0.0,0.06,-25.4,0.01,-0.01,0.0,2.4,305.0,1.0,1.0,0.0,0.0,0.0,0.0,0.0,0.0,0.0,0.0,-4.5,-4.6,0.0,1.2,527.1,-448.0,11.75,-11.9,-5.5,-9.4,-8.6,-8.4,-5.6,-6.6,-8.4,-8.3,-9.6,-9.5,3.0,21.0,-8.7,-6.6,0.0,0.0,0.0,0.0,0.0,0.0,1.0,1.0,2.0,0.0,10.0,16.0,-2.0,14.0,13.0,11.0,21.0,21.0,9.0,0.0,0.0,0.0,0.0,0.0,0.0,0.0,0.0,0.0
0.0,0.0,90.91,90.45,90.86,0.0,0.0,0.0,0.06,-50.3,0.02,-0.01,0.0,1.4,330.0,1.0,1.0,0.0,0.0,0.0,0.0,0.0,0.0,0.0,0.0,-4.7,-4.6,0.0,1.2,527.1,-448.0,11.75,-11.9,-5.5,-9.4,-8.6,-8.4,-5.6,-6.6,-8.4,-8.3,-9.6,-9.5,4.0,21.0,-8.7,-6.6,0.0,0.0,0.0,0.0,0.0,0.0,1.0,1.0,2.0,0.0,11.0,16.0,-2.0,14.0,13.0,11.0,21.0,21.0,11.0,0.0,0.0,0.0,0.0,0.0,0.0,0.0,0.0,0.0
0.0,0.0,90.91,90.45,90.86,0.0,0.0,0.0,0.06,-36.2,0.02,0.0,0.0,2.7,320.0,1.0,1.0,0.0,0.0,0.0,0.0,0.0,0.0,0.0,0.0,-4.5,-4.6,0.0,1.2,527.1,-448.0,11.75,-11.9,-5.5,-9.4,-8.6,-8.4,-5.6,-6.6,-8.4,-8.3,-9.6,-9.5,3.0,22.0,-8.7,-6.6,0.0,0.0,0.0,0.0,0.0,0.0,1.0,1.0,2.0,0.0,11.0,16.0,-2.0,14.0,13.0,11.0,22.0,22.0,11.0,0.0,0.0,0.0,0.0,0.0,0.0,0.0,0.0,0.0
0.0,0.0,90.91,90.45,90.86,0.0,0.0,0.0,0.05,-33.5,0.02,0.0,0.0,2.7,318.0,1.0,1.0,0.0,0.0,0.0,0.0,0.0,0.0,0.0,0.0,-4.6,-4.6,0.0,1.2,527.1,-448.0,11.75,-11.9,-5.5,-9.4,-8.6,-8.4,-5.6,-6.6,-8.4,-8.3,-9.6,-9.5,3.0,21.0,-8.7,-6.6,0.0,0.0,0.0,0.0,0.0,0.0,1.0,1.0,2.0,0.0,10.0,16.0,-2.0,14.0,13.0,11.0,21.0,21.0,11.0,0.0,0.0,0.0,0.0,0.0,0.0,0.0,0.0,0.0
0.0,0.0,90.91,90.45,90.86,0.0,0.0,0.0,0.04,-32.1,0.02,0.0,0.0,2.9,312.0,1.0,1.0,0.0,0.0,0.0,0.0,0.0,0.0,0.0,0.0,-4.7,-4.6,0.0,1.2,527.1,-448.0,11.75,-11.9,-5.5,-9.4,-8.6,-8.4,-5.6,-6.6,-8.4,-8.3,-9.6,-9.5,3.0,21.0,-8.7,-6.6,0.0,0.0,0.0,0.0,0.0,0.0,1.0,1.0,2.0,0.0,10.0,16.0,-2.0,14.0,13.0,11.0,21.0,21.0,11.0,0.0,0.0,0.0,0.0,0.0,0.0,0.0,0.0,0.0
0.0,0.0,90.91,90.45,90.86,0.0,0.0,0.0,0.06,-22.5,0.01,-0.01,0.0,2.7,305.0,1.0,1.0,0.0,0.0,0.0,0.0,0.0,0.0,0.0,0.0,-4.6,-4.7,0.0,1.2,527.1,-448.0,11.75,-11.9,-5.5,-9.4,-8.6,-8.4,-5.6,-6.6,-8.4,-8.3,-9.6,-9.5,3.0,21.0,-8.7,-6.6,0.0,0.0,0.0,0.0,0.0,0.0,1.0,1.0,2.0,0.0,10.0,16.0,-2.0,14.0,13.0,11.0,21.0,21.0,9.0,0.0,0.0,0.0,0.0,0.0,0.0,0.0,0.0,0.0
0.0,0.0,90.91,90.45,90.86,0.0,0.0,0.0,0.06,-24.4,0.02,-0.01,0.0,2.7,307.0,1.0,1.0,0.0,0.0,0.0,0.0,0.0,0.0,0.0,0.0,-4.6,-4.6,0.0,1.2,527.1,-448.0,11.75,-11.9,-5.5,-9.4,-8.6,-8.4,-5.6,-6.6,-8.4,-8.3,-9.6,-9.5,3.0,21.0,-8.7,-6.6,0.0,0.0,0.0,0.0,0.0,0.0,1.0,1.0,2.0,0.0,10.0,16.0,-2.0,14.0,13.0,11.0,21.0,21.0,10.0,0.0,0.0,0.0,0.0,0.0,0.0,0.0,0.0,0.0
0.0,0.0,90.91,90.45,90.86,0.0,0.0,0.0,0.06,-29.2,0.03,0.0,0.0,2.8,309.0,1.0,1.0,0.0,0.0,0.0,0.0,0.0,0.0,0.0,0.0,-4.5,-4.6,0.0,1.2,527.1,-448.0,11.75,-11.9,-5.5,-9.4,-8.6,-8.4,-5.6,-6.6,-8.4,-8.3,-9.6,-9.5,4.0,21.0,-8.7,-6.6,0.0,0.0,0.0,0.0,0.0,0.0,1.0,1.0,2.0,0.0,10.0,16.0,-2.0,14.0,13.0,11.0,21.0,21.0,10.0,0.0,0.0,0.0,0.0,0.0,0.0,0.0,0.0,0.0
0.0,0.0,90.91,90.45,90.86,0.0,0.0,0.0,0.06,-33.0,0.01,-0.01,0.0,2.6,312.0,1.0,1.0,0.0,0.0,0.0,0.0,0.0,0.0,0.0,0.0,-4.6,-4.6,0.0,1.2,527.1,-448.0,11.75,-11.9,-5.5,-9.4,-8.6,-8.4,-5.6,-6.7,-8.4,-8.3,-9.6,-9.5,4.0,21.0,-8.7,-6.6,0.0,0.0,0.0,0.0,0.0,0.0,1.0,1.0,2.0,0.0,9.0,16.0,-2.0,14.0,13.0,11.0,21.0,21.0,11.0,0.0,0.0,0.0,0.0,0.0,0.0,0.0,0.0,0.0
0.0,0.0,90.91,90.45,90.86,0.0,0.0,0.0,0.06,-36.2,0.09,0.03,0.0,2.6,323.0,1.0,1.0,0.0,0.0,0.0,0.0,0.0,0.0,0.0,0.0,-4.6,-4.6,0.0,1.2,527.1,-448.0,11.75,-11.9,-5.5,-9.4,-8.6,-8.4,-5.6,-6.6,-8.4,-8.3,-9.6,-9.5,3.0,21.0,-8.7,-6.6,0.0,0.0,0.0,0.0,0.0,0.0,1.0,1.0,2.0,0.0,11.0,16.0,-2.0,14.0,13.0,11.0,21.0,21.0,11.0,0.0,0.0,0.0,0.0,0.0,0.0,0.0,0.0,0.0
0.0,0.0,90.91,90.45,90.86,0.0,0.0,0.0,0.06,-36.0,0.03,0.01,0.0,3.0,316.0,1.0,1.0,0.0,0.0,0.0,0.0,0.0,0.0,0.0,0.0,-4.5,-4.6,0.0,1.2,527.1,-448.0,11.75,-11.9,-5.5,-9.4,-8.6,-8.4,-5.6,-6.6,-8.4,-8.3,-9.6,-9.5,3.0,21.0,-8.7,-6.6,0.0,0.0,0.0,0.0,0.0,0.0,1.0,1.0,2.0,0.0,10.0,16.0,-2.0,14.0,13.0,11.0,21.0,21.0,11.0,0.0,0.0,0.0,0.0,0.0,0.0,0.0,0.0,0.0
0.0,0.0,90.91,90.45,90.86,0.0,0.0,0.0,0.06,-31.6,0.01,0.03,0.0,2.9,315.0,1.0,1.0,0.0,0.0,0.0,0.0,0.0,0.0,0.0,0.0,-4.5,-4.6,0.0,1.2,527.1,-448.0,11.75,-11.9,-5.5,-9.4,-8.6,-8.4,-5.6,-6.6,-8.4,-8.3,-9.6,-9.5,3.0,21.0,-8.7,-6.6,0.0,0.0,0.0,0.0,0.0,0.0,1.0,1.0,2.0,0.0,10.0,16.0,-2.0,14.0,13.0,11.0,21.0,21.0,11.0,0.0,0.0,0.0,0.0,0.0,0.0,0.0,0.0,0.0
0.0,0.0,90.91,90.45,90.86,0.0,0.0,0.0,0.06,-28.7,0.09,0.03,0.0,2.8,311.0,1.0,1.0,0.0,0.0,0.0,0.0,0.0,0.0,0.0,0.0,-4.6,-4.6,0.0,1.2,527.1,-448.0,11.75,-11.9,-5.5,-9.4,-8.6,-8.4,-5.6,-6.6,-8.4,-8.3,-9.6,-9.5,3.0,21.0,-8.7,-6.6,0.0,0.0,0.0,0.0,0.0,0.0,1.0,1.0,2.0,0.0,10.0,16.0,-2.0,14.0,13.0,11.0,21.0,21.0,11.0,0.0,0.0,0.0,0.0,0.0,0.0,0.0,0.0,0.0
0.0,0.0,90.91,90.45,90.86,0.0,0.0,0.0,0.05,-32.9,0.09,0.03,0.0,2.7,312.0,1.0,1.0,0.0,0.0,0.0,0.0,0.0,0.0,0.0,0.0,-4.6,-4.6,0.0,1.2,527.1,-448.0,11.75,-11.9,-5.5,-9.4,-8.6,-8.4,-5.6,-6.6,-8.4,-8.3,-9.6,-9.5,3.0,21.0,-8.7,-6.6,0.0,0.0,0.0,0.0,0.0,0.0,1.0,1.0,2.0,0.0,10.0,16.0,-2.0,14.0,13.0,11.0,21.0,21.0,11.0,0.0,0.0,0.0,0.0,0.0,0.0,0.0,0.0,0.0
0.0,0.0,90.91,90.45,90.86,0.0,0.0,0.0,0.06,-34.0,0.01,-0.01,0.0,2.9,313.0,1.0,1.0,0.0,0.0,0.0,0.0,0.0,0.0,0.0,0.0,-4.7,-4.5,0.0,1.2,527.1,-448.0,11.75,-11.9,-5.5,-9.4,-8.6,-8.4,-5.6,-6.6,-8.4,-8.3,-9.6,-9.5,3.0,21.0,-8.7,-6.6,0.0,0.0,0.0,0.0,0.0,0.0,1.0,1.0,2.0,0.0,10.0,16.0,-2.0,14.0,13.0,11.0,21.0,21.0,11.0,0.0,0.0,0.0,0.0,0.0,0.0,0.0,0.0,0.0
0.0,0.0,90.91,90.45,90.86,0.0,0.0,0.0,0.06,-35.4,0.02,0.0,0.0,2.7,317.0,1.0,1.0,0.0,0.0,0.0,0.0,0.0,0.0,0.0,0.0,-4.5,-4.6,0.0,1.2,527.1,-448.0,11.75,-11.9,-5.5,-9.4,-8.6,-8.4,-5.6,-6.6,-8.4,-8.3,-9.6,-9.5,3.0,21.0,-8.7,-6.6,0.0,0.0,0.0,0.0,0.0,0.0,1.0,1.0,2.0,0.0,10.0,16.0,-2.0,14.0,13.0,11.0,21.0,21.0,11.0,0.0,0.0,0.0,0.0,0.0,0.0,0.0,0.0,0.0
0.0,0.0,90.91,90.45,90.86,0.0,0.0,0.0,0.05,-26.1,0.79,0.01,0.0,2.6,308.0,1.0,1.0,0.0,0.0,0.0,0.0,0.0,0.0,0.0,0.0,-4.5,-4.6,0.0,1.2,527.1,-448.0,11.75,-11.9,-5.5,-9.4,-8.6,-8.4,-5.6,-6.6,-8.4,-8.3,-9.6,-9.5,3.0,22.0,-8.7,-6.6,0.0,0.0,0.0,0.0,0.0,0.0,1.0,1.0,2.0,0.0,10.0,16.0,-2.0,14.0,13.0,11.0,22.0,22.0,10.0,0.0,0.0,0.0,0.0,0.0,0.0,0.0,0.0,0.0
0.0,0.0,90.91,90.45,90.86,0.0,0.0,0.0,0.06,-33.3,0.01,-0.01,0.0,2.6,309.0,1.0,1.0,0.0,0.0,0.0,0.0,0.0,0.0,0.0,0.0,-4.6,-4.7,0.0,1.2,527.1,-448.0,11.75,-11.9,-5.5,-9.4,-8.6,-8.4,-5.6,-6.7,-8.4,-8.3,-9.6,-9.5,4.0,21.0,-8.7,-6.6,0.0,0.0,0.0,0.0,0.0,0.0,1.0,1.0,2.0,0.0,9.0,16.0,-2.0,14.0,13.0,11.0,21.0,21.0,11.0,0.0,0.0,0.0,0.0,0.0,0.0,0.0,0.0,0.0
0.0,0.0,90.91,90.45,90.86,0.0,0.0,0.0,0.06,-52.3,0.02,0.0,0.0,2.0,330.0,1.0,1.0,0.0,0.0,0.0,0.0,0.0,0.0,0.0,0.0,-4.5,-4.6,0.0,1.2,527.1,-448.0,11.75,-11.9,-5.5,-9.4,-8.6,-8.4,-5.6,-6.6,-8.4,-8.3,-9.6,-9.5,3.0,21.0,-8.7,-6.6,0.0,0.0,0.0,0.0,0.0,0.0,1.0,1.0,2.0,0.0,11.0,16.0,-2.0,14.0,13.0,11.0,21.0,21.0,11.0,0.0,0.0,0.0,0.0,0.0,0.0,0.0,0.0,0.0
0.0,0.0,90.91,90.45,90.86,0.0,0.0,0.0,0.05,-22.2,0.03,0.01,0.0,2.6,303.0,1.0,1.0,0.0,0.0,0.0,0.0,0.0,0.0,0.0,0.0,-4.6,-4.6,0.0,1.2,527.1,-448.0,11.75,-11.9,-5.5,-9.4,-8.6,-8.4,-5.6,-6.6,-8.4,-8.3,-9.6,-9.5,3.0,21.0,-8.7,-6.6,0.0,0.0,0.0,0.0,0.0,0.0,1.0,1.0,2.0,0.0,9.0,16.0,-2.0,14.0,13.0,11.0,21.0,21.0,10.0,0.0,0.0,0.0,0.0,0.0,0.0,0.0,0.0,0.0
0.0,0.0,90.91,90.45,90.86,0.0,0.0,0.0,0.06,-23.3,0.09,0.03,0.0,2.5,304.0,1.0,1.0,0.0,0.0,0.0,0.0,0.0,0.0,0.0,0.0,-4.5,-4.6,0.0,1.2,527.1,-448.0,11.75,-11.9,-5.5,-9.4,-8.6,-8.4,-5.6,-6.7,-8.4,-8.3,-9.6,-9.5,3.0,21.0,-8.7,-6.6,0.0,0.0,0.0,0.0,0.0,0.0,1.0,1.0,2.0,0.0,10.0,16.0,-2.0,14.0,13.0,11.0,21.0,21.0,10.0,0.0,0.0,0.0,0.0,0.0,0.0,0.0,0.0,0.0
0.0,0.0,90.91,90.45,90.86,0.0,0.0,0.0,0.06,-27.0,0.03,0.01,0.0,2.8,310.0,1.0,1.0,0.0,0.0,0.0,0.0,0.0,0.0,0.0,0.0,-4.6,-4.7,0.0,1.2,527.1,-448.0,11.75,-11.9,-5.5,-9.4,-8.6,-8.4,-5.6,-6.6,-8.4,-8.3,-9.6,-9.5,3.0,21.0,-8.7,-6.6,0.0,0.0,0.0,0.0,0.0,0.0,1.0,1.0,2.0,0.0,10.0,16.0,-2.0,14.0,13.0,11.0,21.0,21.0,11.0,0.0,0.0,0.0,0.0,0.0,0.0,0.0,0.0,0.0
0.0,0.0,90.91,90.45,90.86,0.0,0.0,0.0,0.05,-26.9,0.01,-0.01,0.0,2.6,308.0,1.0,1.0,0.0,0.0,0.0,0.0,0.0,0.0,0.0,0.0,-4.6,-4.7,0.0,1.2,527.1,-448.0,11.75,-11.9,-5.5,-9.4,-8.6,-8.4,-5.6,-6.6,-8.4,-8.3,-9.6,-9.5,3.0,22.0,-8.7,-6.6,0.0,0.0,0.0,0.0,0.0,0.0,1.0,1.0,2.0,0.0,10.0,16.0,-2.0,14.0,13.0,11.0,22.0,22.0,10.0,0.0,0.0,0.0,0.0,0.0,0.0,0.0,0.0,0.0
0.0,0.0,90.91,90.45,90.86,0.0,0.0,0.0,0.06,-29.2,0.03,0.0,0.0,2.9,311.0,1.0,1.0,0.0,0.0,0.0,0.0,0.0,0.0,0.0,0.0,-4.7,-4.6,0.0,1.2,527.1,-448.0,11.75,-11.9,-5.5,-9.4,-8.6,-8.4,-5.6,-6.6,-8.4,-8.3,-9.6,-9.5,3.0,22.0,-8.7,-6.6,0.0,0.0,0.0,0.0,0.0,0.0,1.0,1.0,2.0,0.0,10.0,16.0,-2.0,14.0,13.0,11.0,22.0,22.0,10.0,0.0,0.0,0.0,0.0,0.0,0.0,0.0,0.0,0.0
0.0,0.0,90.91,90.45,90.86,0.0,0.0,0.0,0.05,-39.1,0.02,0.0,0.0,0.6,326.0,1.0,1.0,0.0,0.0,0.0,0.0,0.0,0.0,0.0,0.0,-4.5,-4.5,0.0,1.2,527.1,-448.0,11.75,-11.9,-5.5,-9.4,-8.6,-8.4,-5.6,-6.6,-8.4,-8.3,-9.6,-9.5,4.0,21.0,-8.7,-6.6,0.0,0.0,0.0,0.0,0.0,0.0,1.0,1.0,2.0,0.0,11.0,16.0,-2.0,14.0,13.0,11.0,21.0,21.0,12.0,0.0,0.0,0.0,0.0,0.0,0.0,0.0,0.0,0.0
0.0,0.0,90.91,90.45,90.86,0.0,0.0,0.0,0.05,-52.0,0.03,0.0,0.0,1.5,328.0,1.0,1.0,0.0,0.0,0.0,0.0,0.0,0.0,0.0,0.0,-4.6,-4.7,0.0,1.2,527.1,-448.0,11.75,-11.9,-5.5,-9.4,-8.6,-8.4,-5.6,-6.6,-8.4,-8.3,-9.6,-9.5,4.0,21.0,-8.7,-6.6,0.0,0.0,0.0,0.0,0.0,0.0,1.0,1.0,2.0,0.0,11.0,16.0,-2.0,14.0,13.0,11.0,21.0,21.0,11.0,0.0,0.0,0.0,0.0,0.0,0.0,0.0,0.0,0.0
0.0,0.0,90.91,90.45,90.86,0.0,0.0,0.0,0.04,-51.1,0.03,0.0,0.0,2.5,331.0,1.0,1.0,0.0,0.0,0.0,0.0,0.0,0.0,0.0,0.0,-4.6,-4.6,0.0,1.2,527.1,-448.0,11.75,-11.9,-5.5,-9.4,-8.6,-8.4,-5.6,-6.6,-8.4,-8.3,-9.6,-9.5,4.0,22.0,-8.7,-6.6,0.0,0.0,0.0,0.0,0.0,0.0,1.0,1.0,2.0,0.0,11.0,16.0,-2.0,14.0,13.0,11.0,22.0,22.0,11.0,0.0,0.0,0.0,0.0,0.0,0.0,0.0,0.0,0.0
0.0,0.0,90.91,90.45,90.86,0.0,0.0,0.0,0.06,-31.1,0.01,-0.01,0.0,2.3,307.0,1.0,1.0,0.0,0.0,0.0,0.0,0.0,0.0,0.0,0.0,-4.6,-4.6,0.0,1.2,527.1,-448.0,11.75,-11.9,-5.5,-9.4,-8.6,-8.4,-5.6,-6.7,-8.4,-8.3,-9.6,-9.5,4.0,22.0,-8.7,-6.6,0.0,0.0,0.0,0.0,0.0,0.0,1.0,1.0,2.0,0.0,9.0,16.0,-2.0,14.0,13.0,11.0,22.0,22.0,11.0,0.0,0.0,0.0,0.0,0.0,0.0,0.0,0.0,0.0
0.0,0.0,90.91,90.45,90.86,0.0,0.0,0.0,0.06,-22.0,0.01,-0.01,0.0,2.5,304.0,1.0,1.0,0.0,0.0,0.0,0.0,0.0,0.0,0.0,0.0,-4.6,-4.7,0.0,1.2,527.1,-448.0,11.75,-11.9,-5.5,-9.4,-8.6,-8.4,-5.6,-6.6,-8.4,-8.3,-9.6,-9.5,3.0,21.0,-8.7,-6.6,0.0,0.0,0.0,0.0,0.0,0.0,1.0,1.0,2.0,0.0,10.0,16.0,-2.0,14.0,13.0,11.0,21.0,21.0,10.0,0.0,0.0,0.0,0.0,0.0,0.0,0.0,0.0,0.0
0.0,0.0,90.91,90.45,90.86,0.0,0.0,0.0,0.06,-36.2,0.01,-0.01,0.0,2.6,324.0,1.0,1.0,0.0,0.0,0.0,0.0,0.0,0.0,0.0,0.0,-4.6,-4.5,0.0,1.2,527.1,-448.0,11.75,-11.9,-5.5,-9.4,-8.6,-8.4,-5.6,-6.6,-8.4,-8.3,-9.6,-9.5,4.0,21.0,-8.7,-6.6,0.0,0.0,0.0,0.0,0.0,0.0,1.0,1.0,2.0,0.0,11.0,16.0,-2.0,14.0,13.0,11.0,21.0,21.0,11.0,0.0,0.0,0.0,0.0,0.0,0.0,0.0,0.0,0.0
0.0,0.0,90.91,90.45,90.86,0.0,0.0,0.0,0.06,-23.7,0.01,-0.01,0.0,2.9,304.0,1.0,1.0,0.0,0.0,0.0,0.0,0.0,0.0,0.0,0.0,-4.6,-4.8,0.0,1.2,527.1,-448.0,11.75,-11.9,-5.5,-9.4,-8.6,-8.4,-5.6,-6.7,-8.4,-8.3,-9.6,-9.5,3.0,21.0,-8.7,-6.6,0.0,0.0,0.0,0.0,0.0,0.0,1.0,1.0,2.0,0.0,10.0,16.0,-2.0,14.0,13.0,11.0,21.0,21.0,10.0,0.0,0.0,0.0,0.0,0.0,0.0,0.0,0.0,0.0
0.0,0.0,90.91,90.45,90.86,0.0,0.0,0.0,0.06,-28.1,0.01,-0.01,0.0,2.6,304.0,1.0,1.0,0.0,0.0,0.0,0.0,0.0,0.0,0.0,0.0,-4.6,-4.6,0.0,1.2,527.1,-448.0,11.75,-11.9,-5.5,-9.4,-8.6,-8.4,-5.6,-6.7,-8.4,-8.3,-9.6,-9.5,4.0,21.0,-8.7,-6.6,0.0,0.0,0.0,0.0,0.0,0.0,1.0,1.0,2.0,0.0,9.0,16.0,-2.0,14.0,13.0,11.0,21.0,21.0,11.0,0.0,0.0,0.0,0.0,0.0,0.0,0.0,0.0,0.0
0.0,0.0,90.91,90.45,90.86,0.0,0.0,0.0,0.06,-34.8,0.01,-0.01,0.0,3.0,316.0,1.0,1.0,0.0,0.0,0.0,0.0,0.0,0.0,0.0,0.0,-4.6,-4.7,0.0,1.2,527.1,-448.0,11.75,-11.9,-5.5,-9.4,-8.6,-8.4,-5.6,-6.6,-8.4,-8.3,-9.6,-9.5,3.0,21.0,-8.7,-6.6,0.0,0.0,0.0,0.0,0.0,0.0,1.0,1.0,2.0,0.0,10.0,16.0,-2.0,14.0,13.0,11.0,21.0,21.0,11.0,0.0,0.0,0.0,0.0,0.0,0.0,0.0,0.0,0.0
0.0,0.0,90.91,90.45,90.86,0.0,0.0,0.0,0.06,-37.0,0.03,0.0,0.0,3.1,316.0,1.0,1.0,0.0,0.0,0.0,0.0,0.0,0.0,0.0,0.0,-4.5,-4.6,0.0,1.2,527.1,-448.0,11.75,-11.9,-5.5,-9.4,-8.6,-8.4,-5.6,-6.6,-8.4,-8.3,-9.6,-9.5,3.0,21.0,-8.7,-6.6,0.0,0.0,0.0,0.0,0.0,0.0,1.0,1.0,2.0,0.0,10.0,16.0,-2.0,14.0,13.0,11.0,21.0,21.0,11.0,0.0,0.0,0.0,0.0,0.0,0.0,0.0,0.0,0.0
0.0,0.0,90.91,90.45,90.86,0.0,0.0,0.0,0.06,-35.0,0.01,-0.01,0.0,2.7,313.0,1.0,1.0,0.0,0.0,0.0,0.0,0.0,0.0,0.0,0.0,-4.5,-4.6,0.0,1.2,527.1,-448.0,11.75,-11.9,-5.5,-9.4,-8.6,-8.4,-5.6,-6.6,-8.4,-8.3,-9.6,-9.5,4.0,22.0,-8.7,-6.6,0.0,0.0,0.0,0.0,0.0,0.0,1.0,1.0,2.0,0.0,10.0,16.0,-2.0,14.0,13.0,11.0,22.0,22.0,10.0,0.0,0.0,0.0,0.0,0.0,0.0,0.0,0.0,0.0
0.0,0.0,90.91,90.45,90.86,0.0,0.0,0.0,0.06,-52.6,0.02,0.0,0.0,1.7,331.0,1.0,1.0,0.0,0.0,0.0,0.0,0.0,0.0,0.0,0.0,-4.5,-4.5,0.0,1.2,527.1,-448.0,11.75,-11.9,-5.5,-9.4,-8.6,-8.4,-5.6,-6.6,-8.4,-8.3,-9.6,-9.5,4.0,21.0,-8.7,-6.6,0.0,0.0,0.0,0.0,0.0,0.0,1.0,1.0,2.0,0.0,11.0,16.0,-2.0,14.0,13.0,11.0,21.0,21.0,11.0,0.0,0.0,0.0,0.0,0.0,0.0,0.0,0.0,0.0
0.0,0.0,90.91,90.45,90.86,0.0,0.0,0.0,0.06,-25.7,0.02,0.0,0.0,2.6,307.0,1.0,1.0,0.0,0.0,0.0,0.0,0.0,0.0,0.0,0.0,-4.8,-4.6,0.0,1.2,527.1,-448.0,11.75,-11.9,-5.5,-9.4,-8.6,-8.4,-5.6,-6.6,-8.4,-8.3,-9.6,-9.5,3.0,21.0,-8.7,-6.6,0.0,0.0,0.0,0.0,0.0,0.0,1.0,1.0,2.0,0.0,10.0,16.0,-2.0,14.0,13.0,11.0,21.0,21.0,10.0,0.0,0.0,0.0,0.0,0.0,0.0,0.0,0.0,0.0
0.0,0.0,90.91,90.45,90.86,0.0,0.0,0.0,0.06,-31.6,0.01,0.0,0.0,2.9,314.0,1.0,1.0,0.0,0.0,0.0,0.0,0.0,0.0,0.0,0.0,-4.5,-4.6,0.0,1.2,527.1,-448.0,11.75,-11.9,-5.5,-9.4,-8.6,-8.4,-5.6,-6.6,-8.4,-8.3,-9.6,-9.5,3.0,21.0,-8.7,-6.6,0.0,0.0,0.0,0.0,0.0,0.0,1.0,1.0,2.0,0.0,10.0,16.0,-2.0,14.0,13.0,11.0,21.0,21.0,11.0,0.0,0.0,0.0,0.0,0.0,0.0,0.0,0.0,0.0
0.0,0.0,90.91,90.45,90.86,0.0,0.0,0.0,0.06,-49.4,0.02,0.0,0.0,1.3,327.0,1.0,1.0,0.0,0.0,0.0,0.0,0.0,0.0,0.0,0.0,-4.6,-4.6,0.0,1.2,527.1,-448.0,11.75,-11.9,-5.5,-9.4,-8.6,-8.4,-5.6,-6.6,-8.4,-8.3,-9.6,-9.5,3.0,21.0,-8.7,-6.6,0.0,0.0,0.0,0.0,0.0,0.0,1.0,1.0,2.0,0.0,11.0,16.0,-2.0,14.0,13.0,11.0,21.0,21.0,11.0,0.0,0.0,0.0,0.0,0.0,0.0,0.0,0.0,0.0
0.0,0.0,90.91,90.45,90.86,0.0,0.0,0.0,0.06,-36.1,0.02,-0.01,0.0,2.6,310.0,1.0,1.0,0.0,0.0,0.0,0.0,0.0,0.0,0.0,0.0,-4.6,-4.7,0.0,1.2,527.1,-448.0,11.75,-11.9,-5.5,-9.4,-8.6,-8.4,-5.6,-6.7,-8.4,-8.3,-9.6,-9.5,4.0,22.0,-8.7,-6.6,0.0,0.0,0.0,0.0,0.0,0.0,1.0,1.0,2.0,0.0,9.0,16.0,-2.0,14.0,13.0,11.0,22.0,22.0,11.0,0.0,0.0,0.0,0.0,0.0,0.0,0.0,0.0,0.0
0.0,0.0,90.91,90.45,90.86,0.0,0.0,0.0,0.06,-50.8,0.09,0.03,0.0,2.5,331.0,1.0,1.0,0.0,0.0,0.0,0.0,0.0,0.0,0.0,0.0,-4.5,-4.7,0.0,1.2,527.1,-448.0,11.75,-11.9,-5.5,-9.4,-8.6,-8.4,-5.6,-6.6,-8.4,-8.3,-9.6,-9.5,4.0,21.0,-8.7,-6.6,0.0,0.0,0.0,0.0,0.0,0.0,1.0,1.0,2.0,0.0,11.0,16.0,-2.0,14.0,13.0,11.0,21.0,21.0,11.0,0.0,0.0,0.0,0.0,0.0,0.0,0.0,0.0,0.0
0.0,0.0,90.91,90.45,90.86,0.0,0.0,0.0,0.06,-34.1,0.01,-0.01,0.0,2.7,317.0,1.0,1.0,0.0,0.0,0.0,0.0,0.0,0.0,0.0,0.0,-4.7,-4.6,0.0,1.2,527.1,-448.0,11.75,-11.9,-5.5,-9.4,-8.6,-8.4,-5.6,-6.6,-8.4,-8.3,-9.6,-9.5,3.0,21.0,-8.7,-6.6,0.0,0.0,0.0,0.0,0.0,0.0,1.0,1.0,2.0,0.0,10.0,16.0,-2.0,14.0,13.0,11.0,21.0,21.0,11.0,0.0,0.0,0.0,0.0,0.0,0.0,0.0,0.0,0.0
0.0,0.0,90.91,90.45,90.86,0.0,0.0,0.0,0.06,-25.7,0.01,-0.01,0.0,2.3,304.0,1.0,1.0,0.0,0.0,0.0,0.0,0.0,0.0,0.0,0.0,-4.6,-4.6,0.0,1.2,527.1,-448.0,11.75,-11.9,-5.5,-9.4,-8.6,-8.4,-5.6,-6.7,-8.4,-8.3,-9.6,-9.5,4.0,21.0,-8.7,-6.6,0.0,0.0,0.0,0.0,0.0,0.0,1.0,1.0,2.0,0.0,9.0,16.0,-2.0,14.0,13.0,11.0,21.0,21.0,11.0,0.0,0.0,0.0,0.0,0.0,0.0,0.0,0.0,0.0
0.0,0.0,90.91,90.45,90.86,0.0,0.0,0.0,0.06,-34.7,0.01,-0.01,0.0,2.5,322.0,1.0,1.0,0.0,0.0,0.0,0.0,0.0,0.0,0.0,0.0,-4.5,-4.5,0.0,1.2,527.1,-448.0,11.75,-11.9,-5.5,-9.4,-8.6,-8.4,-5.6,-6.6,-8.4,-8.3,-9.6,-9.5,3.0,22.0,-8.7,-6.6,0.0,0.0,0.0,0.0,0.0,0.0,1.0,1.0,2.0,0.0,11.0,16.0,-2.0,14.0,13.0,11.0,22.0,22.0,11.0,0.0,0.0,0.0,0.0,0.0,0.0,0.0,0.0,0.0
0.0,0.0,90.91,90.45,90.86,0.0,0.0,0.0,0.06,-48.3,0.02,-0.01,0.0,1.3,327.0,1.0,1.0,0.0,0.0,0.0,0.0,0.0,0.0,0.0,0.0,-4.6,-4.5,0.0,1.2,527.1,-448.0,11.75,-11.9,-5.5,-9.4,-8.6,-8.4,-5.6,-6.6,-8.4,-8.3,-9.6,-9.5,4.0,21.0,-8.7,-6.6,0.0,0.0,0.0,0.0,0.0,0.0,1.0,1.0,2.0,0.0,11.0,16.0,-2.0,14.0,13.0,11.0,21.0,21.0,11.0,0.0,0.0,0.0,0.0,0.0,0.0,0.0,0.0,0.0
0.0,0.0,90.91,90.45,90.86,0.0,0.0,0.0,0.06,-34.0,0.01,-0.01,0.0,2.9,316.0,1.0,1.0,0.0,0.0,0.0,0.0,0.0,0.0,0.0,0.0,-4.5,-4.6,0.0,1.2,527.1,-448.0,11.75,-11.9,-5.5,-9.4,-8.6,-8.4,-5.6,-6.6,-8.4,-8.3,-9.6,-9.5,3.0,21.0,-8.7,-6.6,0.0,0.0,0.0,0.0,0.0,0.0,1.0,1.0,2.0,0.0,10.0,16.0,-2.0,14.0,13.0,11.0,21.0,21.0,11.0,0.0,0.0,0.0,0.0,0.0,0.0,0.0,0.0,0.0
0.0,0.0,90.91,90.45,90.86,0.0,0.0,0.0,0.06,-36.0,0.03,0.0,0.0,2.8,317.0,1.0,1.0,0.0,0.0,0.0,0.0,0.0,0.0,0.0,0.0,-4.6,-4.6,0.0,1.2,527.1,-448.0,11.75,-11.9,-5.5,-9.4,-8.6,-8.4,-5.6,-6.6,-8.4,-8.3,-9.6,-9.5,3.0,21.0,-8.7,-6.6,0.0,0.0,0.0,0.0,0.0,0.0,1.0,1.0,2.0,0.0,10.0,16.0,-2.0,14.0,13.0,11.0,21.0,21.0,11.0,0.0,0.0,0.0,0.0,0.0,0.0,0.0,0.0,0.0
0.0,0.0,90.91,90.45,90.86,0.0,0.0,0.0,0.06,-52.4,0.03,0.0,0.0,1.5,330.0,1.0,1.0,0.0,0.0,0.0,0.0,0.0,0.0,0.0,0.0,-4.5,-4.5,0.0,1.2,527.1,-448.0,11.75,-11.9,-5.5,-9.4,-8.6,-8.4,-5.6,-6.6,-8.4,-8.3,-9.6,-9.5,4.0,21.0,-8.7,-6.6,0.0,0.0,0.0,0.0,0.0,0.0,1.0,1.0,2.0,0.0,11.0,16.0,-2.0,14.0,13.0,11.0,21.0,21.0,11.0,0.0,0.0,0.0,0.0,0.0,0.0,0.0,0.0,0.0
0.0,0.0,90.91,90.45,90.86,0.0,0.0,0.0,0.06,-37.0,0.8,0.54,0.0,2.6,321.0,1.0,1.0,0.0,0.0,0.0,0.0,0.0,0.0,0.0,0.0,-4.4,-4.7,0.0,1.2,527.1,-448.0,11.75,-11.9,-5.5,-9.4,-8.6,-8.4,-5.6,-6.6,-8.4,-8.3,-9.6,-9.5,3.0,21.0,-8.7,-6.6,0.0,0.0,0.0,0.0,0.0,0.0,1.0,1.0,2.0,0.0,11.0,16.0,-2.0,14.0,13.0,11.0,21.0,21.0,11.0,0.0,0.0,0.0,0.0,0.0,0.0,0.0,0.0,0.0
0.0,0.0,90.91,90.45,90.86,0.0,0.0,0.0,0.05,-26.0,0.02,-0.01,0.0,2.8,307.0,1.0,1.0,0.0,0.0,0.0,0.0,0.0,0.0,0.0,0.0,-4.6,-4.6,0.0,1.2,527.1,-448.0,11.75,-11.9,-5.5,-9.4,-8.6,-8.4,-5.6,-6.6,-8.4,-8.3,-9.6,-9.5,3.0,22.0,-8.7,-6.6,0.0,0.0,0.0,0.0,0.0,0.0,1.0,1.0,2.0,0.0,10.0,16.0,-2.0,14.0,13.0,11.0,22.0,22.0,10.0,0.0,0.0,0.0,0.0,0.0,0.0,0.0,0.0,0.0
0.0,0.0,90.91,90.45,90.86,0.0,0.0,0.0,0.06,-27.8,0.02,0.0,0.0,2.7,310.0,1.0,1.0,0.0,0.0,0.0,0.0,0.0,0.0,0.0,0.0,-4.6,-4.7,0.0,1.2,527.1,-448.0,11.75,-11.9,-5.5,-9.4,-8.6,-8.4,-5.6,-6.6,-8.4,-8.3,-9.6,-9.5,3.0,22.0,-8.7,-6.6,0.0,0.0,0.0,0.0,0.0,0.0,1.0,1.0,2.0,0.0,10.0,16.0,-2.0,14.0,13.0,11.0,22.0,22.0,11.0,0.0,0.0,0.0,0.0,0.0,0.0,0.0,0.0,0.0
0.0,0.0,90.91,90.45,90.86,0.0,0.0,0.0,0.05,-34.6,0.02,0.0,0.0,2.6,313.0,1.0,1.0,0.0,0.0,0.0,0.0,0.0,0.0,0.0,0.0,-4.6,-4.7,0.0,1.2,527.1,-448.0,11.75,-11.9,-5.5,-9.4,-8.6,-8.4,-5.6,-6.6,-8.4,-8.3,-9.6,-9.5,3.0,21.0,-8.7,-6.6,0.0,0.0,0.0,0.0,0.0,0.0,1.0,1.0,2.0,0.0,10.0,16.0,-2.0,14.0,13.0,11.0,21.0,21.0,11.0,0.0,0.0,0.0,0.0,0.0,0.0,0.0,0.0,0.0
0.0,0.0,90.91,90.45,90.86,0.0,0.0,0.0,0.06,-34.7,0.03,0.01,0.0,2.7,318.0,1.0,1.0,0.0,0.0,0.0,0.0,0.0,0.0,0.0,0.0,-4.7,-4.6,0.0,1.2,527.1,-448.0,11.75,-11.9,-5.5,-9.4,-8.6,-8.4,-5.6,-6.6,-8.4,-8.3,-9.6,-9.5,3.0,21.0,-8.7,-6.6,0.0,0.0,0.0,0.0,0.0,0.0,1.0,1.0,2.0,0.0,10.0,16.0,-2.0,14.0,13.0,11.0,21.0,21.0,11.0,0.0,0.0,0.0,0.0,0.0,0.0,0.0,0.0,0.0
0.0,0.0,90.91,90.45,90.86,0.0,0.0,0.0,0.06,-26.0,0.02,-0.01,0.0,2.4,304.0,1.0,1.0,0.0,0.0,0.0,0.0,0.0,0.0,0.0,0.0,-4.6,-4.6,0.0,1.2,527.1,-448.0,11.75,-11.9,-5.5,-9.4,-8.6,-8.4,-5.6,-6.7,-8.4,-8.3,-9.6,-9.5,4.0,21.0,-8.7,-6.6,0.0,0.0,0.0,0.0,0.0,0.0,1.0,1.0,2.0,0.0,9.0,16.0,-2.0,14.0,13.0,11.0,21.0,21.0,11.0,0.0,0.0,0.0,0.0,0.0,0.0,0.0,0.0,0.0
0.0,0.0,90.91,90.45,90.86,0.0,0.0,0.0,0.05,-26.9,0.02,0.0,0.0,2.9,308.0,1.0,1.0,0.0,0.0,0.0,0.0,0.0,0.0,0.0,0.0,-4.6,-4.6,0.0,1.2,527.1,-448.0,11.75,-11.9,-5.5,-9.4,-8.6,-8.4,-5.6,-6.6,-8.4,-8.3,-9.6,-9.5,3.0,22.0,-8.7,-6.6,0.0,0.0,0.0,0.0,0.0,0.0,1.0,1.0,2.0,0.0,10.0,16.0,-2.0,14.0,13.0,11.0,22.0,22.0,10.0,0.0,0.0,0.0,0.0,0.0,0.0,0.0,0.0,0.0
0.0,0.0,90.91,90.45,90.86,0.0,0.0,0.0,0.05,-31.3,0.02,0.0,0.0,2.9,313.0,1.0,1.0,0.0,0.0,0.0,0.0,0.0,0.0,0.0,0.0,-4.6,-4.7,0.0,1.2,527.1,-448.0,11.75,-11.9,-5.5,-9.4,-8.6,-8.4,-5.6,-6.6,-8.4,-8.3,-9.6,-9.5,3.0,21.0,-8.7,-6.6,0.0,0.0,0.0,0.0,0.0,0.0,1.0,1.0,2.0,0.0,10.0,16.0,-2.0,14.0,13.0,11.0,21.0,21.0,11.0,0.0,0.0,0.0,0.0,0.0,0.0,0.0,0.0,0.0
0.0,0.0,90.91,90.45,90.86,0.0,0.0,0.0,0.06,-21.7,0.02,0.0,0.0,3.0,303.0,1.0,1.0,0.0,0.0,0.0,0.0,0.0,0.0,0.0,0.0,-4.5,-4.6,0.0,1.2,527.1,-448.0,11.75,-11.9,-5.5,-9.4,-8.6,-8.4,-5.6,-6.7,-8.4,-8.3,-9.6,-9.5,3.0,21.0,-8.7,-6.6,0.0,0.0,0.0,0.0,0.0,0.0,1.0,1.0,2.0,0.0,9.0,16.0,-2.0,14.0,13.0,11.0,21.0,21.0,10.0,0.0,0.0,0.0,0.0,0.0,0.0,0.0,0.0,0.0
0.0,0.0,90.91,90.45,90.86,0.0,0.0,0.0,0.06,-51.6,0.02,0.0,0.0,1.3,328.0,1.0,1.0,0.0,0.0,0.0,0.0,0.0,0.0,0.0,0.0,-4.6,-4.6,0.0,1.2,527.1,-448.0,11.75,-11.9,-5.5,-9.4,-8.6,-8.4,-5.6,-6.6,-8.4,-8.3,-9.6,-9.5,4.0,22.0,-8.7,-6.6,0.0,0.0,0.0,0.0,0.0,0.0,1.0,1.0,2.0,0.0,11.0,16.0,-2.0,14.0,13.0,11.0,22.0,22.0,11.0,0.0,0.0,0.0,0.0,0.0,0.0,0.0,0.0,0.0
0.0,0.0,90.91,90.45,90.86,0.0,0.0,0.0,0.06,-31.8,0.02,0.0,0.0,2.5,306.0,1.0,1.0,0.0,0.0,0.0,0.0,0.0,0.0,0.0,0.0,-4.6,-4.7,0.0,1.2,527.1,-448.0,11.75,-11.9,-5.5,-9.4,-8.6,-8.4,-5.6,-6.7,-8.4,-8.3,-9.6,-9.5,4.0,21.0,-8.7,-6.6,0.0,0.0,0.0,0.0,0.0,0.0,1.0,1.0,2.0,0.0,9.0,16.0,-2.0,14.0,13.0,11.0,21.0,21.0,11.0,0.0,0.0,0.0,0.0,0.0,0.0,0.0,0.0,0.0
0.0,0.0,90.91,90.45,90.86,0.0,0.0,0.0,0.06,-28.7,0.01,-0.01,0.0,2.7,311.0,1.0,1.0,0.0,0.0,0.0,0.0,0.0,0.0,0.0,0.0,-4.6,-4.6,0.0,1.2,527.1,-448.0,11.75,-11.9,-5.5,-9.4,-8.6,-8.4,-5.6,-6.6,-8.4,-8.3,-9.6,-9.5,3.0,21.0,-8.7,-6.6,0.0,0.0,0.0,0.0,0.0,0.0,1.0,1.0,2.0,0.0,10.0,16.0,-2.0,14.0,13.0,11.0,21.0,21.0,10.0,0.0,0.0,0.0,0.0,0.0,0.0,0.0,0.0,0.0
0.0,0.0,90.91,90.45,90.86,0.0,0.0,0.0,0.06,-22.5,0.02,0.0,0.0,2.5,304.0,1.0,1.0,0.0,0.0,0.0,0.0,0.0,0.0,0.0,0.0,-4.6,-4.6,0.0,1.2,527.1,-448.0,11.75,-11.9,-5.5,-9.4,-8.6,-8.4,-5.6,-6.7,-8.4,-8.3,-9.6,-9.5,4.0,21.0,-8.7,-6.6,0.0,0.0,0.0,0.0,0.0,0.0,1.0,1.0,2.0,0.0,9.0,16.0,-2.0,14.0,13.0,11.0,21.0,21.0,10.0,0.0,0.0,0.0,0.0,0.0,0.0,0.0,0.0,0.0
0.0,0.0,90.91,90.45,90.86,0.0,0.0,0.0,0.06,-52.1,0.01,-0.01,0.0,2.1,331.0,1.0,1.0,0.0,0.0,0.0,0.0,0.0,0.0,0.0,0.0,-4.6,-4.7,0.0,1.2,527.1,-448.0,11.75,-11.9,-5.5,-9.4,-8.6,-8.4,-5.6,-6.6,-8.4,-8.3,-9.6,-9.5,4.0,21.0,-8.7,-6.6,0.0,0.0,0.0,0.0,0.0,0.0,1.0,1.0,2.0,0.0,11.0,16.0,-2.0,14.0,13.0,11.0,21.0,21.0,11.0,0.0,0.0,0.0,0.0,0.0,0.0,0.0,0.0,0.0
0.0,0.0,90.91,90.45,90.86,0.0,0.0,0.0,0.06,-21.2,0.03,0.01,0.0,2.9,303.0,1.0,1.0,0.0,0.0,0.0,0.0,0.0,0.0,0.0,0.0,-4.6,-4.6,0.0,1.2,527.1,-448.0,11.75,-11.9,-5.5,-9.4,-8.6,-8.4,-5.6,-6.7,-8.4,-8.3,-9.6,-9.5,4.0,21.0,-8.7,-6.6,0.0,0.0,0.0,0.0,0.0,0.0,1.0,1.0,2.0,0.0,9.0,16.0,-2.0,14.0,13.0,11.0,21.0,21.0,10.0,0.0,0.0,0.0,0.0,0.0,0.0,0.0,0.0,0.0
0.0,0.0,90.91,90.45,90.86,0.0,0.0,0.0,0.06,-24.1,0.03,0.0,0.0,2.7,306.0,1.0,1.0,0.0,0.0,0.0,0.0,0.0,0.0,0.0,0.0,-4.6,-4.6,0.0,1.2,527.1,-448.0,11.75,-11.9,-5.5,-9.4,-8.6,-8.4,-5.6,-6.6,-8.4,-8.3,-9.6,-9.5,3.0,21.0,-8.7,-6.6,0.0,0.0,0.0,0.0,0.0,0.0,1.0,1.0,2.0,0.0,10.0,16.0,-2.0,14.0,13.0,11.0,21.0,21.0,10.0,0.0,0.0,0.0,0.0,0.0,0.0,0.0,0.0,0.0
0.0,0.0,90.91,90.45,90.86,0.0,0.0,0.0,0.05,-31.5,0.01,-0.01,0.0,2.7,315.0,1.0,1.0,0.0,0.0,0.0,0.0,0.0,0.0,0.0,0.0,-4.7,-4.6,0.0,1.2,527.1,-448.0,11.75,-11.9,-5.5,-9.4,-8.6,-8.4,-5.6,-6.6,-8.4,-8.3,-9.6,-9.5,3.0,21.0,-8.7,-6.6,0.0,0.0,0.0,0.0,0.0,0.0,1.0,1.0,2.0,0.0,10.0,16.0,-2.0,14.0,13.0,11.0,21.0,21.0,11.0,0.0,0.0,0.0,0.0,0.0,0.0,0.0,0.0,0.0
0.0,0.0,90.91,90.45,90.86,0.0,0.0,0.0,0.06,-27.5,0.02,-0.01,0.0,2.8,311.0,1.0,1.0,0.0,0.0,0.0,0.0,0.0,0.0,0.0,0.0,-4.6,-4.7,0.0,1.2,527.1,-448.0,11.75,-11.9,-5.5,-9.4,-8.6,-8.4,-5.6,-6.6,-8.4,-8.3,-9.6,-9.5,4.0,21.0,-8.7,-6.6,0.0,0.0,0.0,0.0,0.0,0.0,1.0,1.0,2.0,0.0,10.0,16.0,-2.0,14.0,13.0,11.0,21.0,21.0,11.0,0.0,0.0,0.0,0.0,0.0,0.0,0.0,0.0,0.0
0.0,0.0,90.91,90.45,90.86,0.0,0.0,0.0,0.05,-36.1,0.03,0.0,0.0,3.1,315.0,1.0,1.0,0.0,0.0,0.0,0.0,0.0,0.0,0.0,0.0,-4.6,-4.6,0.0,1.2,527.1,-448.0,11.75,-11.9,-5.5,-9.4,-8.6,-8.4,-5.6,-6.6,-8.4,-8.3,-9.6,-9.5,3.0,21.0,-8.7,-6.6,0.0,0.0,0.0,0.0,0.0,0.0,1.0,1.0,2.0,0.0,10.0,16.0,-2.0,14.0,13.0,11.0,21.0,21.0,11.0,0.0,0.0,0.0,0.0,0.0,0.0,0.0,0.0,0.0
0.0,0.0,90.91,90.45,90.86,0.0,0.0,0.0,0.06,-25.3,0.03,0.01,0.0,2.7,307.0,1.0,1.0,0.0,0.0,0.0,0.0,0.0,0.0,0.0,0.0,-4.6,-4.6,0.0,1.2,527.1,-448.0,11.75,-11.9,-5.5,-9.4,-8.6,-8.4,-5.6,-6.6,-8.4,-8.3,-9.6,-9.5,3.0,21.0,-8.7,-6.6,0.0,0.0,0.0,0.0,0.0,0.0,1.0,1.0,2.0,0.0,10.0,16.0,-2.0,14.0,13.0,11.0,21.0,21.0,10.0,0.0,0.0,0.0,0.0,0.0,0.0,0.0,0.0,0.0
0.0,0.0,90.91,90.45,90.86,0.0,0.0,0.0,0.06,-25.0,0.02,-0.01,0.0,2.5,307.0,1.0,1.0,0.0,0.0,0.0,0.0,0.0,0.0,0.0,0.0,-4.6,-4.6,0.0,1.2,527.1,-448.0,11.75,-11.9,-5.5,-9.4,-8.6,-8.4,-5.6,-6.6,-8.4,-8.3,-9.6,-9.5,3.0,22.0,-8.7,-6.6,0.0,0.0,0.0,0.0,0.0,0.0,1.0,1.0,2.0,0.0,10.0,16.0,-2.0,14.0,13.0,11.0,22.0,22.0,11.0,0.0,0.0,0.0,0.0,0.0,0.0,0.0,0.0,0.0
0.0,0.0,90.91,90.45,90.86,0.0,0.0,0.0,0.06,-32.4,0.02,0.0,0.0,2.8,316.0,1.0,1.0,0.0,0.0,0.0,0.0,0.0,0.0,0.0,0.0,-4.6,-4.6,0.0,1.2,527.1,-448.0,11.75,-11.9,-5.5,-9.4,-8.6,-8.4,-5.6,-6.6,-8.4,-8.3,-9.6,-9.5,3.0,21.0,-8.7,-6.6,0.0,0.0,0.0,0.0,0.0,0.0,1.0,1.0,2.0,0.0,10.0,16.0,-2.0,14.0,13.0,11.0,21.0,21.0,11.0,0.0,0.0,0.0,0.0,0.0,0.0,0.0,0.0,0.0
0.0,0.0,90.91,90.45,90.86,0.0,0.0,0.0,0.06,-35.1,0.79,0.01,0.0,2.8,318.0,1.0,1.0,0.0,0.0,0.0,0.0,0.0,0.0,0.0,0.0,-4.7,-4.6,0.0,1.2,527.1,-448.0,11.75,-11.9,-5.5,-9.4,-8.6,-8.4,-5.6,-6.6,-8.4,-8.3,-9.6,-9.5,3.0,21.0,-8.7,-6.6,0.0,0.0,0.0,0.0,0.0,0.0,1.0,1.0,2.0,0.0,10.0,16.0,-2.0,14.0,13.0,11.0,21.0,21.0,11.0,0.0,0.0,0.0,0.0,0.0,0.0,0.0,0.0,0.0
