轮毂转速,轮毂角度,叶片1角度,叶片2角度,叶片3角度,变桨电机1电流,变桨电机2电流,变桨电机3电流,超速传感器转速检测值,5秒偏航对风平均值,x方向振动值,y方向振动值,液压制动压力,机舱气象站风速,风向绝对值,大气压力,无功功率控制状态,变频器电网侧电流,变频器电网侧电压,变频器电网侧有功功率,变频器电网侧无功功率,变频器发电机侧功率,发电机运行频率,发电机电流,发电机转矩,变频器入口温度,变频器出口温度,变频器入口压力,变频器出口压力,发电机功率限幅值,无功功率设定值,额定的轮毂转速,测风塔环境温度,发电机定子温度1,发电机定子温度2,发电机定子温度3,发电机定子温度4,发电机定子温度5,发电机定子温度6,发电机空气温度1,发电机空气温度2,主轴承温度1,主轴承温度2,轮毂温度,轮毂控制柜温度,机舱温度,机舱控制柜温度,变频器INU温度,变频器ISU温度,变频器INU RMIO温度,变桨电机1功率估算,变桨电机2功率估算,变桨电机3功率估算,风机当前状态值,轮毂当前状态值,偏航状态值,偏航要求值,叶片1电池箱温度,叶片2电池箱温度,叶片3电池箱温度,叶片1变桨电机温度,叶片2变桨电机温度,叶片3变桨电机温度,叶片1变频器箱温度,叶片2变频器箱温度,叶片3变频器箱温度,叶片1超级电容电压,叶片2超级电容电压,叶片3超级电容电压,驱动1晶闸管温度,驱动2晶闸管温度,驱动3晶闸管温度,驱动1输出扭矩,驱动2输出扭矩,驱动3输出扭矩
0,0,-322.22,90.61,91.08,0,0,0,0.06,40.1,0.04,0.0,0,7.7,193,1,1,0,0,0,0,0,0,0,0,4.9,4.1,0,1,527.1,-448,11.75,-2.3,5.0,0.1,1.3,1.5,4.7,3.3,0.9,1.0,-2.5,-2.4,7,13,-0.8,1.7,0,0,0,0,0,0,1,1,2,0,8,6,7,17,16,14,13,13,14,0,0,0,0,0,0,0,0,0
0,0,-322.22,90.61,91.08,0,0,0,0.07,39.0,0.01,-0.01,0,7.8,195,1,1,0,0,0,0,0,0,0,0,4.9,4.3,0,1,527.1,-448,11.75,-2.3,5.0,0.1,1.3,1.5,4.7,3.3,0.9,1.0,-2.5,-2.4,7,13,-0.8,1.7,0,0,0,0,0,0,1,1,2,0,8,6,7,17,16,14,13,13,15,0,0,0,0,0,0,0,0,0
0,0,-322.22,90.61,91.08,0,0,0,0.06,42.8,0.01,-0.03,0,8.8,194,1,1,0,0,0,0,0,0,0,0,4.9,4.2,0,1,527.1,-448,11.75,-2.3,5.0,0.1,1.3,1.5,4.7,3.3,0.9,1.0,-2.5,-2.4,7,13,-0.8,1.7,0,0,0,0,0,0,1,1,2,0,8,6,7,17,16,14,13,13,15,0,0,0,0,0,0,0,0,0
0,0,-322.22,90.61,91.08,0,0,0,0.06,41.9,0.79,0.54,0,8.3,193,1,1,0,0,0,0,0,0,0,0,4.9,4.3,0,1,527.1,-448,11.75,-2.3,5.1,0.1,1.3,1.5,4.7,3.3,0.9,1.2,-2.5,-2.4,7,13,-0.8,1.7,0,0,0,0,0,0,1,1,2,0,8,6,7,17,16,14,13,13,14,0,0,0,0,0,0,0,0,0
0,0,-322.22,90.61,91.08,0,0,0,0.06,43.4,0.02,0.0,0,8.4,193,1,1,0,0,0,0,0,0,0,0,4.8,4.2,0,1,527.1,-448,11.75,-2.3,5.0,0.1,1.3,1.5,4.7,3.3,0.9,1.0,-2.5,-2.4,7,13,-0.8,1.7,0,0,0,0,0,0,1,1,2,0,8,6,7,17,16,14,13,13,15,0,0,0,0,0,0,0,0,0
0,0,-322.22,90.61,91.08,0,0,0,0.06,39.4,0.01,-0.01,0,8.7,193,1,1,0,0,0,0,0,0,0,0,4.7,4.3,0,1,527.1,-448,11.75,-2.3,5.0,0.1,1.3,1.5,4.7,3.3,0.9,1.0,-2.5,-2.4,7,13,-0.8,1.7,0,0,0,0,0,0,1,1,2,0,8,6,7,17,16,14,13,13,15,0,0,0,0,0,0,0,0,0
0,0,-322.22,90.61,91.08,0,0,0,0.06,42.1,0.04,0.0,0,8.3,194,1,1,0,0,0,0,0,0,0,0,4.9,4.2,0,1,527.1,-448,11.75,-2.3,5.0,0.1,1.3,1.5,4.7,3.3,0.9,1.0,-2.5,-2.4,7,13,-0.8,1.7,0,0,0,0,0,0,1,1,2,0,8,6,7,17,16,14,13,13,15,0,0,0,0,0,0,0,0,0
0,0,-322.22,90.61,91.08,0,0,0,0.06,43.9,0.01,-0.01,0,8.2,193,1,1,0,0,0,0,0,0,0,0,4.9,4.3,0,1,527.1,-448,11.75,-2.3,5.0,0.1,1.3,1.5,4.7,3.3,0.9,1.0,-2.5,-2.4,7,13,-0.8,1.7,0,0,0,0,0,0,1,1,2,0,8,6,7,17,16,14,13,13,14,0,0,0,0,0,0,0,0,0
0,0,-322.22,90.61,91.08,0,0,0,0.07,41.5,0.8,0.56,0,9.2,197,1,1,0,0,0,0,0,0,0,0,4.7,4.1,0,1,527.1,-448,11.75,-2.4,5.0,0.0,1.3,1.5,4.7,3.2,0.9,1.0,-2.5,-2.4,7,13,-0.8,1.5,0,0,0,0,0,0,1,1,2,0,8,6,6,17,16,14,13,13,14,0,0,0,0,0,0,0,0,0
0,0,-322.22,90.61,91.08,0,0,0,0.17,39.8,0.01,-0.01,0,7.9,196,1,1,0,0,0,0,0,0,0,0,4.8,4.1,0,1,527.1,-448,11.75,-2.3,5.0,0.0,1.3,1.5,4.7,3.3,0.9,1.0,-2.5,-2.4,7,13,-0.8,1.6,0,0,0,0,0,0,1,1,2,0,8,6,7,17,16,14,13,13,15,0,0,0,0,0,0,0,0,0
0,0,-322.22,90.61,91.08,0,0,0,0.06,42.0,0.01,-0.01,0,7.8,194,1,1,0,0,0,0,0,0,0,0,5.1,4.3,0,1,527.1,-448,11.75,-2.3,5.1,0.1,1.4,1.5,4.8,3.3,1.0,1.2,-2.5,-2.4,7,13,-0.8,1.7,0,0,0,0,0,0,1,1,2,0,8,6,7,17,16,14,13,13,15,0,0,0,0,0,0,0,0,0
0,0,-322.22,90.61,91.08,0,0,0,0.07,46.8,0.02,-0.01,0,8.3,192,1,1,0,0,0,0,0,0,0,0,5.1,4.3,0,1,527.1,-448,11.75,-2.3,5.1,0.1,1.3,1.5,4.7,3.3,1.0,1.2,-2.5,-2.4,7,13,-0.8,1.7,0,0,0,0,0,0,1,1,2,0,8,6,7,17,16,14,13,13,15,0,0,0,0,0,0,0,0,0
0,0,-322.22,90.61,91.08,0,0,0,0.12,41.7,0.02,0.0,0,9.0,195,1,1,0,0,0,0,0,0,0,0,4.9,4.1,0,1,527.1,-448,11.75,-2.3,5.0,0.0,1.3,1.5,4.7,3.3,0.9,1.0,-2.5,-2.4,7,13,-0.8,1.6,0,0,0,0,0,0,1,1,2,0,8,6,7,17,16,14,13,13,14,0,0,0,0,0,0,0,0,0
0,0,-322.22,90.61,91.08,0,0,0,0.06,40.4,0.01,-0.01,0,7.9,195,1,1,0,0,0,0,0,0,0,0,5.0,4.3,0,1,527.1,-448,11.75,-2.3,5.0,0.1,1.3,1.5,4.7,3.3,0.9,1.2,-2.5,-2.4,7,13,-0.8,1.7,0,0,0,0,0,0,1,1,2,0,8,6,7,17,16,14,13,13,14,0,0,0,0,0,0,0,0,0
0,0,-322.22,90.61,91.08,0,0,0,0.06,41.8,0.78,0.53,0,7.9,195,1,1,0,0,0,0,0,0,0,0,5.0,4.3,0,1,527.1,-448,11.75,-2.3,5.1,0.1,1.3,1.5,4.8,3.3,1.0,1.2,-2.5,-2.4,7,13,-0.8,1.7,0,0,0,0,0,0,1,1,2,0,8,6,7,17,16,14,13,13,14,0,0,0,0,0,0,0,0,0
0,0,-322.22,90.61,91.08,0,0,0,0.12,41.4,0.01,-0.04,0,9.9,194,1,1,0,0,0,0,0,0,0,0,4.7,4.2,0,1,527.1,-448,11.75,-2.3,5.0,0.1,1.3,1.5,4.7,3.3,0.9,1.0,-2.5,-2.4,7,13,-0.8,1.6,0,0,0,0,0,0,1,1,2,0,8,6,7,17,16,14,13,13,14,0,0,0,0,0,0,0,0,0
0,0,-322.22,90.61,91.08,0,0,0,0.07,42.8,0.78,0.53,0,7.4,194,1,1,0,0,0,0,0,0,0,0,4.9,4.3,0,1,527.1,-448,11.75,-2.3,5.0,0.1,1.3,1.5,4.7,3.3,0.9,1.1,-2.5,-2.4,7,13,-0.8,1.7,0,0,0,0,0,0,1,1,2,0,8,6,7,17,16,14,13,13,14,0,0,0,0,0,0,0,0,0
0,0,-322.22,90.61,91.08,0,0,0,0.06,38.3,0.01,-0.01,0,7.7,194,1,1,0,0,0,0,0,0,0,0,5.0,4.4,0,1,527.1,-448,11.75,-2.3,5.1,0.1,1.4,1.5,4.8,3.3,1.0,1.2,-2.5,-2.4,7,13,-0.8,1.7,0,0,0,0,0,0,1,1,2,0,8,6,7,17,16,14,13,13,15,0,0,0,0,0,0,0,0,0
0,0,-322.22,90.61,91.08,0,0,0,0.06,40.3,0.02,0.0,0,7.8,195,1,1,0,0,0,0,0,0,0,0,5.0,4.3,0,1,527.1,-448,11.75,-2.3,5.1,0.1,1.3,1.5,4.8,3.3,1.0,1.2,-2.5,-2.4,7,13,-0.8,1.7,0,0,0,0,0,0,1,1,2,0,8,6,7,17,16,14,13,13,15,0,0,0,0,0,0,0,0,0
0,0,-322.22,90.61,91.08,0,0,0,0.07,42.6,0.01,-0.01,0,7.8,193,1,1,0,0,0,0,0,0,0,0,5.0,4.2,0,1,527.1,-448,11.75,-2.3,5.1,0.1,1.3,1.5,4.7,3.3,0.9,1.2,-2.5,-2.4,7,13,-0.8,1.7,0,0,0,0,0,0,1,1,2,0,8,6,7,17,16,14,13,13,15,0,0,0,0,0,0,0,0,0
0,0,-322.22,90.61,91.08,0,0,0,0.12,41.3,0.78,0.0,0,8.2,195,1,1,0,0,0,0,0,0,0,0,4.7,4.1,0,1,527.1,-448,11.75,-2.4,5.0,0.0,1.3,1.5,4.7,3.3,0.9,1.0,-2.5,-2.4,7,13,-0.8,1.6,0,0,0,0,0,0,1,1,2,0,8,6,7,17,16,14,13,13,14,0,0,0,0,0,0,0,0,0
0,0,-322.22,90.61,91.08,0,0,0,0.06,40.3,0.08,0.53,0,7.9,193,1,1,0,0,0,0,0,0,0,0,4.9,4.4,0,1,527.1,-448,11.75,-2.3,5.1,0.1,1.3,1.5,4.7,3.3,0.9,1.2,-2.5,-2.4,7,13,-0.8,1.7,0,0,0,0,0,0,1,1,2,0,8,6,7,17,16,14,13,13,15,0,0,0,0,0,0,0,0,0
0,0,-322.22,90.61,91.08,0,0,0,0.06,44.0,0.02,0.0,0,8.5,193,1,1,0,0,0,0,0,0,0,0,5.1,4.3,0,1,527.1,-448,11.75,-2.3,5.1,0.1,1.3,1.5,4.7,3.3,0.9,1.2,-2.5,-2.4,7,13,-0.8,1.7,0,0,0,0,0,0,1,1,2,0,8,6,7,17,16,14,13,13,14,0,0,0,0,0,0,0,0,0
0,0,-322.22,90.61,91.08,0,0,0,0.07,33.4,0.02,0.01,0,8.6,197,1,1,0,0,0,0,0,0,0,0,4.8,4.1,0,1,527.1,-448,11.75,-2.4,5.0,0.0,1.3,1.5,4.7,3.2,0.9,1.0,-2.5,-2.4,6,13,-0.8,1.5,0,0,0,0,0,0,1,1,2,0,8,6,6,17,16,14,13,13,14,0,0,0,0,0,0,0,0,0
0,0,-322.22,90.61,91.08,0,0,0,0.06,36.6,0.78,0.54,0,7.1,194,1,1,0,0,0,0,0,0,0,0,4.9,4.2,0,1,527.1,-448,11.75,-2.3,5.0,0.1,1.3,1.5,4.7,3.3,0.9,1.0,-2.5,-2.4,7,13,-0.8,1.7,0,0,0,0,0,0,1,1,2,0,8,6,7,17,16,14,13,13,14,0,0,0,0,0,0,0,0,0
0,0,-322.22,90.61,91.08,0,0,0,0.06,44.0,0.01,-0.01,0,7.3,192,1,1,0,0,0,0,0,0,0,0,4.9,4.2,0,1,527.1,-448,11.75,-2.3,5.1,0.1,1.3,1.5,4.7,3.3,1.0,1.2,-2.5,-2.4,7,13,-0.8,1.7,0,0,0,0,0,0,1,1,2,0,8,6,7,17,16,14,13,13,15,0,0,0,0,0,0,0,0,0
0,0,-322.22,90.61,91.08,0,0,0,0.06,42.4,0.02,0.0,0,8.2,194,1,1,0,0,0,0,0,0,0,0,4.9,4.3,0,1,527.1,-448,11.75,-2.3,5.1,0.1,1.3,1.5,4.8,3.3,1.0,1.2,-2.5,-2.4,7,13,-0.8,1.7,0,0,0,0,0,0,1,1,2,0,8,6,7,17,16,14,13,13,15,0,0,0,0,0,0,0,0,0
0,0,-322.22,90.61,91.08,0,0,0,0.12,38.0,0.08,0.03,0,8.1,198,1,1,0,0,0,0,0,0,0,0,4.8,4.2,0,1,527.1,-448,11.75,-2.4,5.0,0.0,1.3,1.5,4.7,3.3,0.9,1.0,-2.5,-2.4,7,13,-0.8,1.5,0,0,0,0,0,0,1,1,2,0,8,6,6,17,16,14,13,13,14,0,0,0,0,0,0,0,0,0
0,0,-322.22,90.61,91.08,0,0,0,0.06,43.9,0.01,0.0,0,7.4,193,1,1,0,0,0,0,0,0,0,0,4.9,4.4,0,1,527.1,-448,11.75,-2.3,5.1,0.1,1.3,1.5,4.7,3.3,0.9,1.2,-2.5,-2.4,7,14,-0.8,1.7,0,0,0,0,0,0,1,1,2,0,8,6,7,17,16,14,14,14,14,0,0,0,0,0,0,0,0,0
0,0,-322.22,90.61,91.08,0,0,0,0.17,41.2,0.04,0.01,0,7.9,195,1,1,0,0,0,0,0,0,0,0,4.9,4.1,0,1,527.1,-448,11.75,-2.3,5.0,0.0,1.3,1.5,4.7,3.3,0.9,1.0,-2.5,-2.4,7,13,-0.8,1.6,0,0,0,0,0,0,1,1,2,0,8,6,6,17,16,14,13,13,14,0,0,0,0,0,0,0,0,0
0,0,-322.22,90.61,91.08,0,0,0,0.06,41.9,0.0,-0.01,0,8.0,194,1,1,0,0,0,0,0,0,0,0,4.9,4.3,0,1,527.1,-448,11.75,-2.3,5.0,0.1,1.3,1.5,4.7,3.3,0.9,1.0,-2.5,-2.4,7,13,-0.8,1.7,0,0,0,0,0,0,1,1,2,0,8,6,7,17,16,14,13,13,14,0,0,0,0,0,0,0,0,0
0,0,-322.22,90.61,91.08,0,0,0,0.11,40.1,0.02,-0.04,0,5.4,194,1,1,0,0,0,0,0,0,0,0,4.8,4.2,0,1,527.1,-448,11.75,-2.3,5.0,0.0,1.3,1.5,4.7,3.3,0.9,1.0,-2.5,-2.4,7,13,-0.8,1.6,0,0,0,0,0,0,1,1,2,0,8,6,6,17,16,14,13,13,15,0,0,0,0,0,0,0,0,0
0,0,-322.22,90.61,91.08,0,0,0,0.06,43.5,0.01,-0.01,0,8.7,193,1,1,0,0,0,0,0,0,0,0,4.9,4.3,0,1,527.1,-448,11.75,-2.3,5.0,0.1,1.3,1.5,4.7,3.3,0.9,1.0,-2.5,-2.4,7,13,-0.8,1.7,0,0,0,0,0,0,1,1,2,0,8,6,7,17,16,14,13,13,14,0,0,0,0,0,0,0,0,0
0,0,-322.22,90.61,91.08,0,0,0,0.12,42.3,0.01,-0.01,0,7.8,195,1,1,0,0,0,0,0,0,0,0,4.8,4.0,0,1,527.1,-448,11.75,-2.4,5.0,0.0,1.3,1.5,4.7,3.3,0.9,1.0,-2.5,-2.4,7,13,-0.8,1.6,0,0,0,0,0,0,1,1,2,0,8,6,7,17,16,14,13,13,15,0,0,0,0,0,0,0,0,0
0,0,-322.22,90.61,91.08,0,0,0,0.07,39.5,0.01,-0.01,0,7.3,195,1,1,0,0,0,0,0,0,0,0,4.9,4.3,0,1,527.1,-448,11.75,-2.3,5.0,0.1,1.3,1.5,4.7,3.3,0.9,1.0,-2.5,-2.4,7,13,-0.8,1.7,0,0,0,0,0,0,1,1,2,0,8,6,7,17,16,14,13,13,15,0,0,0,0,0,0,0,0,0
0,0,-322.22,90.61,91.08,0,0,0,0.06,41.8,0.02,-0.03,0,8.2,194,1,1,0,0,0,0,0,0,0,0,4.9,4.3,0,1,527.1,-448,11.75,-2.3,5.0,0.1,1.3,1.5,4.7,3.3,0.9,1.1,-2.5,-2.4,7,13,-0.8,1.7,0,0,0,0,0,0,1,1,2,0,8,6,7,17,16,14,13,13,15,0,0,0,0,0,0,0,0,0
0,0,-322.22,90.61,91.08,0,0,0,0.06,39.8,0.04,-0.01,0,7.7,195,1,1,0,0,0,0,0,0,0,0,4.9,4.3,0,1,527.1,-448,11.75,-2.3,5.0,0.1,1.3,1.5,4.7,3.3,0.9,1.0,-2.5,-2.4,7,13,-0.8,1.7,0,0,0,0,0,0,1,1,2,0,8,6,7,17,16,14,13,13,15,0,0,0,0,0,0,0,0,0
0,0,-322.22,90.61,91.08,0,0,0,0.07,43.6,0.02,0.0,0,8.5,193,1,1,0,0,0,0,0,0,0,0,4.9,4.1,0,1,527.1,-448,11.75,-2.3,5.0,0.1,1.3,1.5,4.7,3.3,0.9,1.0,-2.5,-2.4,7,13,-0.8,1.7,0,0,0,0,0,0,1,1,2,0,8,6,7,17,16,14,13,13,14,0,0,0,0,0,0,0,0,0
0,0,-322.22,90.61,91.08,0,0,0,0.06,43.1,0.04,-0.01,0,8.1,194,1,1,0,0,0,0,0,0,0,0,5.0,4.2,0,1,527.1,-448,11.75,-2.3,5.0,0.1,1.3,1.5,4.7,3.3,0.9,1.1,-2.5,-2.4,7,13,-0.8,1.7,0,0,0,0,0,0,1,1,2,0,8,6,7,17,16,14,13,13,15,0,0,0,0,0,0,0,0,0
0,0,-322.22,90.61,91.08,0,0,0,0.07,40.8,0.02,0.0,0,9.2,193,1,1,0,0,0,0,0,0,0,0,4.9,4.3,0,1,527.1,-448,11.75,-2.3,5.0,0.1,1.3,1.5,4.7,3.3,0.9,1.0,-2.5,-2.4,7,13,-0.8,1.7,0,0,0,0,0,0,1,1,2,0,8,6,7,17,16,14,13,13,15,0,0,0,0,0,0,0,0,0
0,0,-322.22,90.61,91.08,0,0,0,0.12,39.9,0.04,0.02,0,9.0,194,1,1,0,0,0,0,0,0,0,0,4.9,4.1,0,1,527.1,-448,11.75,-2.3,5.0,0.1,1.3,1.5,4.7,3.3,0.9,1.0,-2.5,-2.4,7,13,-0.8,1.6,0,0,0,0,0,0,1,1,2,0,8,6,7,17,16,14,13,13,14,0,0,0,0,0,0,0,0,0
0,0,-322.22,90.61,91.08,0,0,0,0.12,41.8,0.01,-0.03,0,8.2,194,1,1,0,0,0,0,0,0,0,0,4.9,4.2,0,1,527.1,-448,11.75,-2.3,5.0,0.0,1.3,1.5,4.7,3.3,0.9,1.0,-2.5,-2.4,7,13,-0.8,1.6,0,0,0,0,0,0,1,1,2,0,8,6,6,17,16,14,13,13,14,0,0,0,0,0,0,0,0,0
0,0,-322.22,90.61,91.08,0,0,0,0.07,43.5,0.03,-0.01,0,8.8,194,1,1,0,0,0,0,0,0,0,0,4.9,4.2,0,1,527.1,-448,11.75,-2.3,5.0,0.1,1.3,1.5,4.7,3.3,0.9,1.0,-2.5,-2.4,7,13,-0.8,1.7,0,0,0,0,0,0,1,1,2,0,8,6,7,17,16,14,13,13,14,0,0,0,0,0,0,0,0,0
0,0,-322.22,90.61,91.08,0,0,0,0.06,40.6,0.02,-0.02,0,6.8,193,1,1,0,0,0,0,0,0,0,0,4.9,4.1,0,1,527.1,-448,11.75,-2.3,5.0,0.1,1.3,1.5,4.7,3.3,0.9,1.0,-2.5,-2.4,7,13,-0.8,1.7,0,0,0,0,0,0,1,1,2,0,8,6,7,17,16,14,13,13,14,0,0,0,0,0,0,0,0,0
0,0,-322.22,90.61,91.08,0,0,0,0.06,35.7,0.01,0.02,0,7.8,195,1,1,0,0,0,0,0,0,0,0,5.0,4.3,0,1,527.1,-448,11.75,-2.3,5.0,0.1,1.3,1.5,4.7,3.3,0.9,1.2,-2.5,-2.4,7,13,-0.8,1.7,0,0,0,0,0,0,1,1,2,0,8,6,7,17,16,14,13,13,14,0,0,0,0,0,0,0,0,0
0,0,-322.22,90.61,91.08,0,0,0,0.06,40.7,0.0,-0.01,0,7.8,193,1,1,0,0,0,0,0,0,0,0,4.9,4.2,0,1,527.1,-448,11.75,-2.3,5.0,0.1,1.3,1.5,4.7,3.3,0.9,1.0,-2.5,-2.4,7,13,-0.8,1.7,0,0,0,0,0,0,1,1,2,0,8,6,7,17,16,14,13,13,15,0,0,0,0,0,0,0,0,0
0,0,-322.22,90.61,91.08,0,0,0,0.06,41.4,0.03,0.0,0,7.8,194,1,1,0,0,0,0,0,0,0,0,4.9,4.2,0,1,527.1,-448,11.75,-2.3,5.0,0.1,1.3,1.5,4.7,3.3,0.9,1.0,-2.5,-2.4,7,13,-0.8,1.7,0,0,0,0,0,0,1,1,2,0,8,6,7,17,16,14,13,13,15,0,0,0,0,0,0,0,0,0
0,0,-322.22,90.61,91.08,0,0,0,0.06,43.4,0.03,0.0,0,8.7,193,1,1,0,0,0,0,0,0,0,0,5.0,4.2,0,1,527.1,-448,11.75,-2.3,5.1,0.1,1.3,1.5,4.7,3.3,0.9,1.2,-2.5,-2.4,7,13,-0.8,1.7,0,0,0,0,0,0,1,1,2,0,8,6,7,17,16,14,13,13,15,0,0,0,0,0,0,0,0,0
0,0,-322.22,90.61,91.08,0,0,0,0.07,41.2,0.08,0.03,0,8.4,193,1,1,0,0,0,0,0,0,0,0,5.0,4.3,0,1,527.1,-448,11.75,-2.3,5.1,0.1,1.3,1.5,4.7,3.3,1.0,1.2,-2.5,-2.4,7,13,-0.8,1.7,0,0,0,0,0,0,1,1,2,0,8,6,7,17,16,14,13,13,15,0,0,0,0,0,0,0,0,0
0,0,-322.22,90.61,91.08,0,0,0,0.06,41.4,0.78,0.53,0,7.3,193,1,1,0,0,0,0,0,0,0,0,5.0,4.2,0,1,527.1,-448,11.75,-2.3,5.1,0.1,1.3,1.5,4.7,3.3,0.9,1.2,-2.5,-2.4,7,13,-0.8,1.7,0,0,0,0,0,0,1,1,2,0,8,6,7,17,16,14,13,13,15,0,0,0,0,0,0,0,0,0
0,0,-322.22,90.61,91.08,0,0,0,0.11,42.2,0.02,-0.02,0,7.5,195,1,1,0,0,0,0,0,0,0,0,4.8,4.0,0,1,527.1,-448,11.75,-2.4,5.0,0.0,1.3,1.5,4.7,3.3,0.9,1.0,-2.5,-2.4,7,13,-0.8,1.6,0,0,0,0,0,0,1,1,2,0,8,6,7,17,16,14,13,13,15,0,0,0,0,0,0,0,0,0
0,0,-322.22,90.61,91.08,0,0,0,0.06,39.2,0.01,-0.01,0,8.2,194,1,1,0,0,0,0,0,0,0,0,4.9,4.1,0,1,527.1,-448,11.75,-2.3,5.0,0.1,1.3,1.5,4.7,3.3,0.9,1.0,-2.5,-2.4,7,13,-0.8,1.7,0,0,0,0,0,0,1,1,2,0,8,6,7,17,16,14,13,13,14,0,0,0,0,0,0,0,0,0
0,0,-322.22,90.61,91.08,0,0,0,0.06,42.6,0.01,-0.01,0,8.2,193,1,1,0,0,0,0,0,0,0,0,5.0,4.3,0,1,527.1,-448,11.75,-2.3,5.1,0.1,1.3,1.5,4.7,3.3,0.9,1.2,-2.5,-2.4,7,13,-0.8,1.7,0,0,0,0,0,0,1,1,2,0,8,6,7,17,16,14,13,13,14,0,0,0,0,0,0,0,0,0
0,0,-322.22,90.61,91.08,0,0,0,0.17,34.1,0.04,0.05,0,7.6,196,1,1,0,0,0,0,0,0,0,0,4.8,4.2,0,1,527.1,-448,11.75,-2.3,5.0,0.0,1.3,1.5,4.7,3.3,0.9,1.0,-2.5,-2.4,7,13,-0.8,1.5,0,0,0,0,0,0,1,1,2,0,8,6,6,17,16,14,13,13,14,0,0,0,0,0,0,0,0,0
0,0,-322.22,90.61,91.08,0,0,0,0.06,43.5,0.01,0.03,0,9.1,196,1,1,0,0,0,0,0,0,0,0,4.9,4.3,0,1,527.1,-448,11.75,-2.3,5.0,0.1,1.3,1.5,4.7,3.3,0.9,1.0,-2.5,-2.4,7,13,-0.8,1.7,0,0,0,0,0,0,1,1,2,0,8,6,7,17,16,14,13,13,15,0,0,0,0,0,0,0,0,0
0,0,-322.22,90.61,91.08,0,0,0,0.07,42.9,-0.01,-0.01,0,8.3,194,1,1,0,0,0,0,0,0,0,0,4.9,4.3,0,1,527.1,-448,11.75,-2.3,5.0,0.1,1.3,1.5,4.7,3.3,0.9,1.0,-2.5,-2.4,7,13,-0.8,1.7,0,0,0,0,0,0,1,1,2,0,8,6,7,17,16,14,13,13,14,0,0,0,0,0,0,0,0,0
0,0,-322.22,90.61,91.08,0,0,0,0.07,42.8,0.01,0.01,0,7.3,194,1,1,0,0,0,0,0,0,0,0,4.9,4.3,0,1,527.1,-448,11.75,-2.3,5.0,0.1,1.3,1.5,4.7,3.3,0.9,1.1,-2.5,-2.4,7,13,-0.8,1.7,0,0,0,0,0,0,1,1,2,0,8,6,7,17,16,14,13,13,15,0,0,0,0,0,0,0,0,0
0,0,-322.22,90.61,91.08,0,0,0,0.17,36.6,0.02,-0.01,0,7.5,195,1,1,0,0,0,0,0,0,0,0,4.9,4.2,0,1,527.1,-448,11.75,-2.3,5.0,0.0,1.3,1.5,4.7,3.3,0.9,1.0,-2.5,-2.4,7,12,-0.8,1.5,0,0,0,0,0,0,1,1,2,0,8,6,6,17,16,14,12,12,15,0,0,0,0,0,0,0,0,0
0,0,-322.22,90.61,91.08,0,0,0,0.06,42.7,0.03,0.0,0,7.3,192,1,1,0,0,0,0,0,0,0,0,5.0,4.2,0,1,527.1,-448,11.75,-2.3,5.1,0.1,1.3,1.5,4.7,3.3,1.0,1.2,-2.5,-2.4,7,13,-0.8,1.7,0,0,0,0,0,0,1,1,2,0,8,6,7,17,16,14,13,13,14,0,0,0,0,0,0,0,0,0
0,0,-322.22,90.61,91.08,0,0,0,0.07,42.2,0.01,-0.01,0,9.0,193,1,1,0,0,0,0,0,0,0,0,4.8,4.3,0,1,527.1,-448,11.75,-2.3,5.0,0.1,1.3,1.5,4.7,3.3,0.9,1.0,-2.5,-2.4,6,13,-0.8,1.7,0,0,0,0,0,0,1,1,2,0,8,6,7,17,16,14,13,13,14,0,0,0,0,0,0,0,0,0
0,0,-322.22,90.61,91.08,0,0,0,0.12,38.0,0.02,-0.01,0,8.3,196,1,1,0,0,0,0,0,0,0,0,4.8,4.0,0,1,527.1,-448,11.75,-2.4,5.0,0.0,1.3,1.5,4.7,3.3,0.9,1.0,-2.5,-2.4,7,13,-0.8,1.5,0,0,0,0,0,0,1,1,2,0,8,6,6,17,16,14,13,13,15,0,0,0,0,0,0,0,0,0
0,0,-322.22,90.61,91.08,0,0,0,0.06,34.8,0.03,0.0,0,7.6,197,1,1,0,0,0,0,0,0,0,0,4.8,4.0,0,1,527.1,-448,11.75,-2.4,5.0,0.0,1.3,1.5,4.7,3.2,0.9,1.0,-2.5,-2.4,7,13,-0.8,1.5,0,0,0,0,0,0,1,1,2,0,8,6,6,17,16,14,13,13,15,0,0,0,0,0,0,0,0,0
0,0,-322.22,90.61,91.08,0,0,0,0.06,42.7,0.08,0.03,0,8.8,193,1,1,0,0,0,0,0,0,0,0,4.7,4.2,0,1,527.1,-448,11.75,-2.3,5.0,0.1,1.3,1.5,4.7,3.3,0.9,1.0,-2.5,-2.4,6,13,-0.8,1.7,0,0,0,0,0,0,1,1,2,0,8,6,7,17,16,14,13,13,14,0,0,0,0,0,0,0,0,0
0,0,-322.22,90.61,91.08,0,0,0,0.06,35.5,0.01,-0.01,0,8.3,195,1,1,0,0,0,0,0,0,0,0,5.0,4.2,0,1,527.1,-448,11.75,-2.3,5.1,0.1,1.4,1.5,4.8,3.3,1.0,1.2,-2.5,-2.4,7,13,-0.8,1.7,0,0,0,0,0,0,1,1,2,0,8,6,7,17,16,14,13,13,15,0,0,0,0,0,0,0,0,0
0,0,-322.22,90.61,91.08,0,0,0,0.18,38.5,0.0,-0.05,0,7.5,196,1,1,0,0,0,0,0,0,0,0,4.8,4.1,0,1,527.1,-448,11.75,-2.3,5.0,0.0,1.3,1.5,4.7,3.3,0.9,1.0,-2.5,-2.4,7,13,-0.8,1.5,0,0,0,0,0,0,1,1,2,0,8,6,7,17,16,14,13,13,14,0,0,0,0,0,0,0,0,0
0,0,-322.22,90.61,91.08,0,0,0,0.06,46.0,0.02,0.02,0,8.2,192,1,1,0,0,0,0,0,0,0,0,4.9,4.2,0,1,527.1,-448,11.75,-2.3,5.0,0.1,1.3,1.5,4.7,3.3,0.9,1.2,-2.5,-2.4,7,13,-0.8,1.7,0,0,0,0,0,0,1,1,2,0,8,6,7,17,16,14,13,13,15,0,0,0,0,0,0,0,0,0
0,0,-322.22,90.61,91.08,0,0,0,0.06,44.0,0.01,-0.01,0,7.8,194,1,1,0,0,0,0,0,0,0,0,5.0,4.4,0,1,527.1,-448,11.75,-2.3,5.1,0.1,1.3,1.5,4.8,3.3,1.0,1.2,-2.5,-2.4,7,13,-0.8,1.7,0,0,0,0,0,0,1,1,2,0,8,6,7,17,16,14,13,13,15,0,0,0,0,0,0,0,0,0
0,0,-322.22,90.61,91.08,0,0,0,0.06,40.2,0.01,-0.01,0,8.1,194,1,1,0,0,0,0,0,0,0,0,5.0,4.3,0,1,527.1,-448,11.75,-2.3,5.1,0.1,1.3,1.5,4.7,3.3,0.9,1.2,-2.5,-2.4,7,13,-0.8,1.7,0,0,0,0,0,0,1,1,2,0,8,6,7,17,16,14,13,13,15,0,0,0,0,0,0,0,0,0
0,0,-322.22,90.61,91.08,0,0,0,0.06,41.7,0.02,0.02,0,9.1,196,1,1,0,0,0,0,0,0,0,0,4.8,4.1,0,1,527.1,-448,11.75,-2.4,5.0,0.0,1.3,1.5,4.7,3.2,0.9,1.0,-2.5,-2.4,7,13,-0.8,1.5,0,0,0,0,0,0,1,1,2,0,8,6,6,17,16,14,13,13,14,0,0,0,0,0,0,0,0,0
0,0,-322.22,90.61,91.08,0,0,0,0.06,44.6,0.08,0.03,0,8.1,192,1,1,0,0,0,0,0,0,0,0,5.0,4.3,0,1,527.1,-448,11.75,-2.3,5.1,0.1,1.3,1.5,4.7,3.3,0.9,1.2,-2.5,-2.4,7,13,-0.8,1.7,0,0,0,0,0,0,1,1,2,0,8,6,7,17,16,14,13,13,14,0,0,0,0,0,0,0,0,0
0,0,-322.22,90.61,91.08,0,0,0,0.07,42.4,0.0,-0.02,0,8.0,194,1,1,0,0,0,0,0,0,0,0,4.9,4.3,0,1,527.1,-448,11.75,-2.3,5.0,0.1,1.3,1.5,4.7,3.3,0.9,1.0,-2.5,-2.4,7,13,-0.8,1.7,0,0,0,0,0,0,1,1,2,0,8,6,7,17,16,14,13,13,14,0,0,0,0,0,0,0,0,0
0,0,-322.22,90.61,91.08,0,0,0,0.07,42.6,0.02,0.0,0,8.9,193,1,1,0,0,0,0,0,0,0,0,4.9,4.1,0,1,527.1,-448,11.75,-2.3,5.0,0.1,1.3,1.5,4.7,3.3,0.9,1.0,-2.5,-2.4,7,13,-0.8,1.7,0,0,0,0,0,0,1,1,2,0,8,6,7,17,16,14,13,13,14,0,0,0,0,0,0,0,0,0
0,0,-322.22,90.61,91.08,0,0,0,0.07,44.6,0.03,0.01,0,7.6,193,1,1,0,0,0,0,0,0,0,0,4.9,4.3,0,1,527.1,-448,11.75,-2.3,5.1,0.1,1.3,1.5,4.7,3.3,0.9,1.2,-2.5,-2.4,7,13,-0.8,1.7,0,0,0,0,0,0,1,1,2,0,8,6,7,17,16,14,13,13,15,0,0,0,0,0,0,0,0,0
0,0,-322.22,90.61,91.08,0,0,0,0.07,41.6,-0.01,-0.01,0,8.8,197,1,1,0,0,0,0,0,0,0,0,4.8,4.0,0,1,527.1,-448,11.75,-2.4,5.0,0.0,1.3,1.5,4.7,3.2,0.9,1.0,-2.5,-2.4,7,13,-0.8,1.5,0,0,0,0,0,0,1,1,2,0,8,6,6,17,16,14,13,13,14,0,0,0,0,0,0,0,0,0
0,0,-322.22,90.61,91.08,0,0,0,0.07,40.7,0.78,0.01,0,9.2,194,1,1,0,0,0,0,0,0,0,0,4.8,4.2,0,1,527.1,-448,11.75,-2.3,5.0,0.1,1.3,1.5,4.7,3.3,0.9,1.0,-2.5,-2.4,7,13,-0.8,1.7,0,0,0,0,0,0,1,1,2,0,8,6,7,17,16,14,13,13,14,0,0,0,0,0,0,0,0,0
0,0,-322.22,90.61,91.08,0,0,0,0.06,38.3,0.01,-0.01,0,8.1,197,1,1,0,0,0,0,0,0,0,0,4.6,4.1,0,1,527.1,-448,11.75,-2.4,5.0,0.0,1.3,1.5,4.7,3.3,0.9,1.0,-2.6,-2.4,7,13,-0.8,1.5,0,0,0,0,0,0,1,1,2,0,8,6,6,17,16,14,13,13,15,0,0,0,0,0,0,0,0,0
0,0,-322.22,90.61,91.08,0,0,0,0.06,45.8,0.78,0.52,0,8.5,193,1,1,0,0,0,0,0,0,0,0,5.1,4.3,0,1,527.1,-448,11.75,-2.3,5.1,0.1,1.3,1.5,4.8,3.3,1.0,1.2,-2.5,-2.4,7,13,-0.8,1.7,0,0,0,0,0,0,1,1,2,0,8,6,7,17,16,14,13,13,14,0,0,0,0,0,0,0,0,0
0,0,-322.22,90.61,91.08,0,0,0,0.06,43.0,-0.01,-0.01,0,6.9,194,1,1,0,0,0,0,0,0,0,0,4.9,4.3,0,1,527.1,-448,11.75,-2.3,5.0,0.1,1.3,1.5,4.7,3.3,0.9,1.0,-2.5,-2.4,7,13,-0.8,1.7,0,0,0,0,0,0,1,1,2,0,8,6,7,17,16,14,13,13,14,0,0,0,0,0,0,0,0,0
0,0,-322.22,90.61,91.08,0,0,0,0.07,43.2,0.04,0.02,0,7.9,192,1,1,0,0,0,0,0,0,0,0,4.9,4.3,0,1,527.1,-448,11.75,-2.3,5.1,0.1,1.3,1.5,4.7,3.3,0.9,1.2,-2.5,-2.4,7,13,-0.8,1.7,0,0,0,0,0,0,1,1,2,0,8,6,7,17,16,14,13,13,14,0,0,0,0,0,0,0,0,0
0,0,-322.22,90.61,91.08,0,0,0,0.06,44.7,0.01,0.0,0,8.5,193,1,1,0,0,0,0,0,0,0,0,5.0,4.3,0,1,527.1,-448,11.75,-2.3,5.1,0.1,1.3,1.5,4.7,3.3,0.9,1.2,-2.5,-2.4,6,13,-0.8,1.7,0,0,0,0,0,0,1,1,2,0,8,6,7,17,16,14,13,13,15,0,0,0,0,0,0,0,0,0
0,0,-322.22,90.61,91.08,0,0,0,0.18,40.8,0.03,0.01,0,9.0,197,1,1,0,0,0,0,0,0,0,0,4.8,4.2,0,1,527.1,-448,11.75,-2.3,5.0,0.0,1.3,1.5,4.7,3.3,0.9,1.0,-2.5,-2.4,7,13,-0.8,1.6,0,0,0,0,0,0,1,1,2,0,8,6,6,17,16,14,13,13,14,0,0,0,0,0,0,0,0,0
0,0,-322.22,90.61,91.08,0,0,0,0.06,44.4,0.08,0.03,0,8.8,192,1,1,0,0,0,0,0,0,0,0,4.8,4.3,0,1,527.1,-448,11.75,-2.3,5.0,0.1,1.3,1.5,4.7,3.3,0.9,1.0,-2.5,-2.4,7,13,-0.8,1.7,0,0,0,0,0,0,1,1,2,0,8,6,7,17,16,14,13,13,14,0,0,0,0,0,0,0,0,0
0,0,-322.22,90.61,91.08,0,0,0,0.12,40.7,0.01,-0.02,0,9.4,194,1,1,0,0,0,0,0,0,0,0,4.9,4.1,0,1,527.1,-448,11.75,-2.3,5.0,0.1,1.3,1.5,4.7,3.3,0.9,1.0,-2.5,-2.4,7,13,-0.8,1.6,0,0,0,0,0,0,1,1,2,0,8,6,7,17,16,14,13,13,15,0,0,0,0,0,0,0,0,0
0,0,-322.22,90.61,91.08,0,0,0,0.07,40.5,-0.01,-0.01,0,7.0,194,1,1,0,0,0,0,0,0,0,0,5.0,4.2,0,1,527.1,-448,11.75,-2.3,5.0,0.1,1.3,1.5,4.7,3.3,0.9,1.1,-2.5,-2.4,7,13,-0.8,1.7,0,0,0,0,0,0,1,1,2,0,8,6,7,17,16,14,13,13,15,0,0,0,0,0,0,0,0,0
0,0,-322.22,90.61,91.08,0,0,0,0.06,46.0,0.03,0.01,0,8.3,192,1,1,0,0,0,0,0,0,0,0,4.8,4.2,0,1,527.1,-448,11.75,-2.3,5.0,0.1,1.3,1.5,4.7,3.3,0.9,1.0,-2.5,-2.4,7,13,-0.8,1.7,0,0,0,0,0,0,1,1,2,0,8,6,7,17,16,14,13,13,14,0,0,0,0,0,0,0,0,0
0,0,-322.22,90.61,91.08,0,0,0,0.06,38.3,0.01,-0.01,0,9.1,194,1,1,0,0,0,0,0,0,0,0,5.0,4.3,0,1,527.1,-448,11.75,-2.3,5.1,0.1,1.3,1.5,4.7,3.3,0.9,1.2,-2.5,-2.4,7,13,-0.8,1.7,0,0,0,0,0,0,1,1,2,0,8,6,7,17,16,14,13,13,15,0,0,0,0,0,0,0,0,0
0,0,-322.22,90.61,91.08,0,0,0,0.06,39.7,0.79,0.04,0,8.1,197,1,1,0,0,0,0,0,0,0,0,4.8,4.1,0,1,527.1,-448,11.75,-2.4,5.0,0.0,1.3,1.5,4.7,3.2,0.9,1.0,-2.5,-2.4,7,13,-0.8,1.5,0,0,0,0,0,0,1,1,2,0,8,6,6,17,16,14,13,13,15,0,0,0,0,0,0,0,0,0
0,0,-322.22,90.61,91.08,0,0,0,0.17,40.5,0.02,0.0,0,9.1,195,1,1,0,0,0,0,0,0,0,0,4.8,4.1,0,1,527.1,-448,11.75,-2.4,5.0,0.0,1.3,1.5,4.7,3.3,0.9,1.0,-2.5,-2.4,7,13,-0.8,1.6,0,0,0,0,0,0,1,1,2,0,8,6,6,17,16,14,13,13,14,0,0,0,0,0,0,0,0,0
0,0,-322.22,90.61,91.08,0,0,0,0.06,42.3,0.02,-0.01,0,7.5,194,1,1,0,0,0,0,0,0,0,0,4.9,4.3,0,1,527.1,-448,11.75,-2.3,5.0,0.1,1.3,1.5,4.7,3.3,0.9,1.0,-2.5,-2.4,7,13,-0.8,1.7,0,0,0,0,0,0,1,1,2,0,8,6,7,17,16,14,13,13,15,0,0,0,0,0,0,0,0,0
0,0,-322.22,90.61,91.08,0,0,0,0.07,38.8,0.02,0.0,0,8.8,195,1,1,0,0,0,0,0,0,0,0,4.8,4.3,0,1,527.1,-448,11.75,-2.3,5.0,0.1,1.3,1.5,4.7,3.3,0.9,1.0,-2.5,-2.4,7,13,-0.8,1.7,0,0,0,0,0,0,1,1,2,0,8,6,7,17,16,14,13,13,15,0,0,0,0,0,0,0,0,0
0,0,-322.22,90.61,91.08,0,0,0,0.06,42.7,0.01,-0.01,0,7.9,193,1,1,0,0,0,0,0,0,0,0,4.9,4.3,0,1,527.1,-448,11.75,-2.3,5.1,0.1,1.3,1.5,4.7,3.3,0.9,1.2,-2.5,-2.4,7,13,-0.8,1.7,0,0,0,0,0,0,1,1,2,0,8,6,7,17,16,14,13,13,14,0,0,0,0,0,0,0,0,0
0,0,-322.22,90.61,91.08,0,0,0,0.17,33.6,0.01,-0.06,0,7.5,196,1,1,0,0,0,0,0,0,0,0,4.7,4.2,0,1,527.1,-448,11.75,-2.3,5.0,0.0,1.3,1.5,4.7,3.3,0.9,1.0,-2.5,-2.4,7,13,-0.8,1.5,0,0,0,0,0,0,1,1,2,0,8,6,6,17,16,14,13,13,14,0,0,0,0,0,0,0,0,0
0,0,-322.22,90.61,91.08,0,0,0,0.07,40.1,0.02,0.0,0,7.5,193,1,1,0,0,0,0,0,0,0,0,4.9,4.2,0,1,527.1,-448,11.75,-2.3,5.0,0.1,1.3,1.5,4.7,3.3,0.9,1.0,-2.5,-2.4,7,13,-0.8,1.7,0,0,0,0,0,0,1,1,2,0,8,6,7,17,16,14,13,13,14,0,0,0,0,0,0,0,0,0
0,0,-322.22,90.61,91.08,0,0,0,0.07,41.5,0.02,0.0,0,8.1,194,1,1,0,0,0,0,0,0,0,0,5.0,4.1,0,1,527.1,-448,11.75,-2.3,5.1,0.1,1.3,1.5,4.7,3.3,0.9,1.2,-2.5,-2.4,7,13,-0.8,1.7,0,0,0,0,0,0,1,1,2,0,8,6,7,17,16,14,13,13,15,0,0,0,0,0,0,0,0,0
0,0,-322.22,90.61,91.08,0,0,0,0.06,45.3,0.03,0.0,0,8.4,194,1,1,0,0,0,0,0,0,0,0,5.0,4.3,0,1,527.1,-448,11.75,-2.3,5.1,0.1,1.3,1.5,4.8,3.3,1.0,1.2,-2.5,-2.4,6,13,-0.8,1.7,0,0,0,0,0,0,1,1,2,0,8,6,7,17,16,14,13,13,14,0,0,0,0,0,0,0,0,0
0,0,-322.22,90.61,91.08,0,0,0,0.13,40.9,0.79,0.56,0,8.0,195,1,1,0,0,0,0,0,0,0,0,4.8,4.0,0,1,527.1,-448,11.75,-2.4,5.0,0.0,1.3,1.5,4.7,3.3,0.9,1.0,-2.5,-2.4,7,13,-0.8,1.6,0,0,0,0,0,0,1,1,2,0,8,6,7,17,16,14,13,13,14,0,0,0,0,0,0,0,0,0
0,0,-322.22,90.61,91.08,0,0,0,0.06,35.9,0.04,0.02,0,8.1,195,1,1,0,0,0,0,0,0,0,0,5.0,4.3,0,1,527.1,-448,11.75,-2.3,5.0,0.1,1.3,1.5,4.7,3.3,0.9,1.2,-2.5,-2.4,7,13,-0.8,1.7,0,0,0,0,0,0,1,1,2,0,8,6,7,17,16,14,13,13,14,0,0,0,0,0,0,0,0,0
0,0,-322.22,90.61,91.08,0,0,0,0.06,38.3,0.0,-0.02,0,7.3,195,1,1,0,0,0,0,0,0,0,0,4.9,4.2,0,1,527.1,-448,11.75,-2.3,5.0,0.1,1.3,1.5,4.7,3.3,0.9,1.0,-2.5,-2.4,7,13,-0.8,1.7,0,0,0,0,0,0,1,1,2,0,8,6,7,17,16,14,13,13,14,0,0,0,0,0,0,0,0,0
0,0,-322.22,90.61,91.08,0,0,0,0.12,42.1,0.79,0.61,0,8.8,194,1,1,0,0,0,0,0,0,0,0,4.8,4.2,0,1,527.1,-448,11.75,-2.3,5.0,0.1,1.3,1.5,4.7,3.3,0.9,1.0,-2.5,-2.4,7,13,-0.8,1.6,0,0,0,0,0,0,1,1,2,0,8,6,7,17,16,14,13,13,14,0,0,0,0,0,0,0,0,0
0,0,-322.22,90.61,91.08,0,0,0,0.06,42.7,0.0,0.0,0,7.1,194,1,1,0,0,0,0,0,0,0,0,4.8,4.2,0,1,527.1,-448,11.75,-2.3,5.0,0.1,1.3,1.5,4.7,3.3,0.9,1.0,-2.5,-2.4,7,13,-0.8,1.7,0,0,0,0,0,0,1,1,2,0,8,6,7,17,16,14,13,13,15,0,0,0,0,0,0,0,0,0
0,0,-322.22,90.61,91.08,0,0,0,0.06,38.3,0.05,0.0,0,7.2,194,1,1,0,0,0,0,0,0,0,0,4.9,4.3,0,1,527.1,-448,11.75,-2.3,5.0,0.1,1.3,1.5,4.7,3.3,0.9,1.0,-2.5,-2.4,7,13,-0.8,1.7,0,0,0,0,0,0,1,1,2,0,8,6,7,17,16,14,13,13,14,0,0,0,0,0,0,0,0,0
0,0,-322.22,90.61,91.08,0,0,0,0.07,42.0,0.01,0.0,0,8.1,194,1,1,0,0,0,0,0,0,0,0,4.9,4.2,0,1,527.1,-448,11.75,-2.3,5.0,0.1,1.3,1.5,4.7,3.3,0.9,1.0,-2.5,-2.4,7,13,-0.8,1.7,0,0,0,0,0,0,1,1,2,0,8,6,7,17,16,14,13,13,14,0,0,0,0,0,0,0,0,0
0,0,-322.22,90.61,91.08,0,0,0,0.06,42.8,0.02,0.0,0,8.0,194,1,1,0,0,0,0,0,0,0,0,5.0,4.2,0,1,527.1,-448,11.75,-2.3,5.0,0.1,1.3,1.5,4.7,3.3,0.9,1.0,-2.5,-2.4,7,12,-0.8,1.7,0,0,0,0,0,0,1,1,2,0,8,6,7,17,16,14,12,12,14,0,0,0,0,0,0,0,0,0
0,0,-322.22,90.61,91.08,0,0,0,0.06,39.2,0.03,0.0,0,8.7,194,1,1,0,0,0,0,0,0,0,0,5.0,4.3,0,1,527.1,-448,11.75,-2.3,5.1,0.1,1.3,1.5,4.7,3.3,0.9,1.2,-2.5,-2.4,7,13,-0.8,1.7,0,0,0,0,0,0,1,1,2,0,8,6,7,17,16,14,13,13,15,0,0,0,0,0,0,0,0,0
0,0,-322.22,90.61,91.08,0,0,0,0.12,41.4,0.03,0.05,0,7.8,195,1,1,0,0,0,0,0,0,0,0,4.8,4.1,0,1,527.1,-448,11.75,-2.3,5.0,0.0,1.3,1.5,4.7,3.3,0.9,1.0,-2.5,-2.4,7,13,-0.8,1.6,0,0,0,0,0,0,1,1,2,0,8,6,6,17,16,14,13,13,14,0,0,0,0,0,0,0,0,0
0,0,-322.22,90.61,91.08,0,0,0,0.12,38.0,0.02,0.02,0,7.3,195,1,1,0,0,0,0,0,0,0,0,4.9,4.1,0,1,527.1,-448,11.75,-2.4,5.0,0.0,1.3,1.5,4.7,3.3,0.9,1.0,-2.5,-2.4,7,13,-0.8,1.6,0,0,0,0,0,0,1,1,2,0,8,6,7,17,16,14,13,13,15,0,0,0,0,0,0,0,0,0
0,0,-322.22,90.61,91.08,0,0,0,0.06,42.0,0.1,0.03,0,7.3,194,1,1,0,0,0,0,0,0,0,0,4.9,4.3,0,1,527.1,-448,11.75,-2.3,5.0,0.1,1.3,1.5,4.7,3.3,0.9,1.1,-2.5,-2.4,7,13,-0.8,1.7,0,0,0,0,0,0,1,1,2,0,8,6,7,17,16,14,13,13,15,0,0,0,0,0,0,0,0,0
0,0,-322.22,90.61,91.08,0,0,0,0.06,43.3,0.78,0.54,0,8.6,193,1,1,0,0,0,0,0,0,0,0,4.8,4.2,0,1,527.1,-448,11.75,-2.3,5.0,0.1,1.3,1.5,4.7,3.3,0.9,1.0,-2.5,-2.4,6,13,-0.8,1.7,0,0,0,0,0,0,1,1,2,0,8,6,7,17,16,14,13,13,14,0,0,0,0,0,0,0,0,0
0,0,-322.22,90.61,91.08,0,0,0,0.06,43.6,0.08,0.03,0,7.7,194,1,1,0,0,0,0,0,0,0,0,5.0,4.4,0,1,527.1,-448,11.75,-2.3,5.1,0.1,1.4,1.5,4.8,3.3,1.0,1.2,-2.5,-2.4,7,13,-0.8,1.7,0,0,0,0,0,0,1,1,2,0,8,6,7,17,16,14,13,13,15,0,0,0,0,0,0,0,0,0
0,0,-322.22,90.61,91.08,0,0,0,0.07,39.7,0.04,0.05,0,8.5,197,1,1,0,0,0,0,0,0,0,0,4.8,4.2,0,1,527.1,-448,11.75,-2.4,5.0,0.0,1.3,1.5,4.7,3.2,0.9,1.0,-2.5,-2.4,7,13,-0.8,1.5,0,0,0,0,0,0,1,1,2,0,8,6,6,17,16,14,13,13,14,0,0,0,0,0,0,0,0,0
0,0,-322.22,90.61,91.08,0,0,0,0.18,40.0,0.03,0.02,0,7.8,196,1,1,0,0,0,0,0,0,0,0,4.8,4.1,0,1,527.1,-448,11.75,-2.3,5.0,0.0,1.3,1.5,4.7,3.3,0.9,1.0,-2.5,-2.4,7,13,-0.8,1.6,0,0,0,0,0,0,1,1,2,0,8,6,6,17,16,14,13,13,14,0,0,0,0,0,0,0,0,0
0,0,-322.22,90.61,91.08,0,0,0,0.07,40.5,0.05,0.0,0,8.2,194,1,1,0,0,0,0,0,0,0,0,4.9,4.3,0,1,527.1,-448,11.75,-2.3,5.0,0.1,1.3,1.5,4.7,3.3,0.9,1.0,-2.5,-2.4,7,13,-0.8,1.7,0,0,0,0,0,0,1,1,2,0,8,6,7,17,16,14,13,13,15,0,0,0,0,0,0,0,0,0
0,0,-322.22,90.61,91.08,0,0,0,0.06,41.5,0.03,0.0,0,8.5,193,1,1,0,0,0,0,0,0,0,0,4.7,4.2,0,1,527.1,-448,11.75,-2.3,5.0,0.1,1.3,1.5,4.7,3.3,0.9,1.0,-2.5,-2.4,7,13,-0.8,1.7,0,0,0,0,0,0,1,1,2,0,8,6,7,17,16,14,13,13,14,0,0,0,0,0,0,0,0,0
0,0,-322.22,90.61,91.08,0,0,0,0.06,36.0,0.02,0.0,0,7.7,195,1,1,0,0,0,0,0,0,0,0,5.0,4.4,0,1,527.1,-448,11.75,-2.3,5.1,0.1,1.4,1.5,4.8,3.3,1.0,1.2,-2.5,-2.4,7,13,-0.8,1.7,0,0,0,0,0,0,1,1,2,0,8,6,7,17,16,14,13,13,14,0,0,0,0,0,0,0,0,0
0,0,-322.22,90.61,91.08,0,0,0,0.06,40.0,0.03,-0.01,0,9.1,193,1,1,0,0,0,0,0,0,0,0,4.9,4.2,0,1,527.1,-448,11.75,-2.3,5.0,0.1,1.3,1.5,4.7,3.3,0.9,1.2,-2.5,-2.4,7,13,-0.8,1.7,0,0,0,0,0,0,1,1,2,0,8,6,7,17,16,14,13,13,15,0,0,0,0,0,0,0,0,0
0,0,-322.22,90.61,91.08,0,0,0,0.06,39.4,0.01,-0.01,0,8.2,195,1,1,0,0,0,0,0,0,0,0,4.9,4.3,0,1,527.1,-448,11.75,-2.3,5.1,0.1,1.4,1.5,4.8,3.3,1.0,1.2,-2.5,-2.4,7,13,-0.8,1.7,0,0,0,0,0,0,1,1,2,0,8,6,7,17,16,14,13,13,15,0,0,0,0,0,0,0,0,0
0,0,-322.22,90.61,91.08,0,0,0,0.06,38.6,0.01,0.02,0,7.2,194,1,1,0,0,0,0,0,0,0,0,4.9,4.3,0,1,527.1,-448,11.75,-2.3,5.0,0.1,1.3,1.5,4.7,3.3,0.9,1.0,-2.5,-2.4,7,13,-0.8,1.7,0,0,0,0,0,0,1,1,2,0,8,6,7,17,16,14,13,13,14,0,0,0,0,0,0,0,0,0
0,0,-322.22,90.61,91.08,0,0,0,0.12,37.7,0.01,-0.03,0,8.7,196,1,1,0,0,0,0,0,0,0,0,4.8,4.1,0,1,527.1,-448,11.75,-2.4,5.0,0.0,1.3,1.5,4.7,3.3,0.9,1.0,-2.5,-2.4,7,13,-0.8,1.5,0,0,0,0,0,0,1,1,2,0,8,6,6,17,16,14,13,13,14,0,0,0,0,0,0,0,0,0
0,0,-322.22,90.61,91.08,0,0,0,0.12,41.4,0.01,-0.01,0,9.1,194,1,1,0,0,0,0,0,0,0,0,4.8,4.1,0,1,527.1,-448,11.75,-2.3,5.0,0.1,1.3,1.5,4.7,3.3,0.9,1.0,-2.5,-2.4,7,13,-0.8,1.6,0,0,0,0,0,0,1,1,2,0,8,6,7,17,16,14,13,13,14,0,0,0,0,0,0,0,0,0
0,0,-322.22,90.61,91.08,0,0,0,0.06,41.2,0.06,0.01,0,8.9,196,1,1,0,0,0,0,0,0,0,0,4.7,4.0,0,1,527.1,-448,11.75,-2.4,5.0,0.0,1.3,1.5,4.7,3.2,0.9,1.0,-2.5,-2.4,7,13,-0.8,1.5,0,0,0,0,0,0,1,1,2,0,8,6,6,17,16,14,13,13,15,0,0,0,0,0,0,0,0,0
0,0,-322.22,90.61,91.08,0,0,0,0.07,40.9,0.04,0.02,0,7.5,194,1,1,0,0,0,0,0,0,0,0,4.9,4.1,0,1,527.1,-448,11.75,-2.3,5.0,0.1,1.3,1.5,4.7,3.3,0.9,1.0,-2.5,-2.4,7,13,-0.8,1.7,0,0,0,0,0,0,1,1,2,0,8,6,7,17,16,14,13,13,14,0,0,0,0,0,0,0,0,0
0,0,-322.22,90.61,91.08,0,0,0,0.06,38.2,0.79,0.56,0,6.3,195,1,1,0,0,0,0,0,0,0,0,5.0,4.2,0,1,527.1,-448,11.75,-2.3,5.0,0.1,1.3,1.5,4.7,3.3,0.9,1.2,-2.5,-2.4,7,13,-0.8,1.7,0,0,0,0,0,0,1,1,2,0,8,6,7,17,16,14,13,13,14,0,0,0,0,0,0,0,0,0
0,0,-322.22,90.61,91.08,0,0,0,0.06,39.1,0.02,0.0,0,8.4,193,1,1,0,0,0,0,0,0,0,0,5.0,4.3,0,1,527.1,-448,11.75,-2.3,5.1,0.1,1.3,1.5,4.7,3.3,0.9,1.2,-2.5,-2.4,7,13,-0.8,1.7,0,0,0,0,0,0,1,1,2,0,8,6,7,17,16,14,13,13,15,0,0,0,0,0,0,0,0,0
0,0,-322.22,90.61,91.08,0,0,0,0.12,39.4,0.02,-0.02,0,9.4,195,1,1,0,0,0,0,0,0,0,0,4.8,4.2,0,1,527.1,-448,11.75,-2.3,5.0,0.0,1.3,1.5,4.7,3.3,0.9,1.0,-2.5,-2.4,7,13,-0.8,1.6,0,0,0,0,0,0,1,1,2,0,8,6,7,17,16,14,13,13,14,0,0,0,0,0,0,0,0,0
0,0,-322.22,90.61,91.08,0,0,0,0.06,45.9,0.03,0.0,0,9.1,192,1,1,0,0,0,0,0,0,0,0,4.9,4.1,0,1,527.1,-448,11.75,-2.3,5.0,0.1,1.3,1.5,4.7,3.3,0.9,1.0,-2.5,-2.4,7,13,-0.8,1.7,0,0,0,0,0,0,1,1,2,0,8,6,7,17,16,14,13,13,14,0,0,0,0,0,0,0,0,0
0,0,-322.22,90.61,91.08,0,0,0,0.06,41.9,0.04,0.0,0,8.6,193,1,1,0,0,0,0,0,0,0,0,4.9,4.2,0,1,527.1,-448,11.75,-2.3,5.0,0.1,1.3,1.5,4.7,3.3,0.9,1.0,-2.5,-2.4,7,12,-0.8,1.7,0,0,0,0,0,0,1,1,2,0,8,6,7,17,16,14,12,12,15,0,0,0,0,0,0,0,0,0
0,0,-322.22,90.61,91.08,0,0,0,0.06,40.8,0.01,0.0,0,9.6,196,1,1,0,0,0,0,0,0,0,0,4.8,4.1,0,1,527.1,-448,11.75,-2.4,5.0,0.0,1.3,1.5,4.7,3.3,0.9,1.0,-2.6,-2.4,6,13,-0.8,1.5,0,0,0,0,0,0,1,1,2,0,8,6,6,17,16,14,13,13,14,0,0,0,0,0,0,0,0,0
0,0,-322.22,90.61,91.08,0,0,0,0.06,42.3,0.0,0.0,0,8.0,194,1,1,0,0,0,0,0,0,0,0,5.0,4.2,0,1,527.1,-448,11.75,-2.3,5.0,0.1,1.3,1.5,4.7,3.3,0.9,1.0,-2.5,-2.4,7,13,-0.8,1.7,0,0,0,0,0,0,1,1,2,0,8,6,7,17,16,14,13,13,14,0,0,0,0,0,0,0,0,0
0,0,-322.22,90.61,91.08,0,0,0,0.06,42.5,0.02,0.0,0,8.2,194,1,1,0,0,0,0,0,0,0,0,4.9,4.2,0,1,527.1,-448,11.75,-2.3,5.0,0.1,1.3,1.5,4.7,3.3,0.9,1.0,-2.5,-2.4,7,13,-0.8,1.7,0,0,0,0,0,0,1,1,2,0,8,6,7,17,16,14,13,13,15,0,0,0,0,0,0,0,0,0
0,0,-322.22,90.61,91.08,0,0,0,0.06,41.5,0.02,0.0,0,8.3,193,1,1,0,0,0,0,0,0,0,0,4.9,4.4,0,1,527.1,-448,11.75,-2.3,5.1,0.1,1.3,1.5,4.7,3.3,1.0,1.2,-2.5,-2.4,7,13,-0.8,1.7,0,0,0,0,0,0,1,1,2,0,8,6,7,17,16,14,13,13,14,0,0,0,0,0,0,0,0,0
0,0,-322.22,90.61,91.08,0,0,0,0.06,42.7,0.1,0.03,0,8.1,193,1,1,0,0,0,0,0,0,0,0,4.9,4.3,0,1,527.1,-448,11.75,-2.3,5.1,0.1,1.3,1.5,4.7,3.3,0.9,1.2,-2.5,-2.4,7,13,-0.8,1.7,0,0,0,0,0,0,1,1,2,0,8,6,7,17,16,14,13,13,15,0,0,0,0,0,0,0,0,0
0,0,-322.22,90.61,91.08,0,0,0,0.06,41.6,0.03,0.02,0,8.0,193,1,1,0,0,0,0,0,0,0,0,4.9,4.3,0,1,527.1,-448,11.75,-2.3,5.1,0.1,1.3,1.5,4.7,3.3,0.9,1.2,-2.5,-2.4,7,14,-0.8,1.7,0,0,0,0,0,0,1,1,2,0,8,6,7,17,16,14,14,14,14,0,0,0,0,0,0,0,0,0
0,0,-322.22,90.61,91.08,0,0,0,0.06,44.4,0.02,0.0,0,8.3,193,1,1,0,0,0,0,0,0,0,0,5.0,4.2,0,1,527.1,-448,11.75,-2.3,5.1,0.1,1.3,1.5,4.7,3.3,0.9,1.2,-2.5,-2.4,7,13,-0.8,1.7,0,0,0,0,0,0,1,1,2,0,8,6,7,17,16,14,13,13,14,0,0,0,0,0,0,0,0,0
0,0,-322.22,90.61,91.08,0,0,0,0.07,41.4,0.0,-0.01,0,6.9,194,1,1,0,0,0,0,0,0,0,0,4.9,4.2,0,1,527.1,-448,11.75,-2.3,5.1,0.1,1.3,1.5,4.7,3.3,0.9,1.2,-2.5,-2.4,7,13,-0.8,1.7,0,0,0,0,0,0,1,1,2,0,8,6,7,17,16,14,13,13,15,0,0,0,0,0,0,0,0,0
0,0,-322.22,90.61,91.08,0,0,0,0.06,40.8,0.0,0.0,0,7.8,195,1,1,0,0,0,0,0,0,0,0,4.9,4.3,0,1,527.1,-448,11.75,-2.3,5.0,0.1,1.3,1.5,4.7,3.3,0.9,1.2,-2.5,-2.4,7,13,-0.8,1.7,0,0,0,0,0,0,1,1,2,0,8,6,7,17,16,14,13,13,14,0,0,0,0,0,0,0,0,0
0,0,-322.22,90.61,91.08,0,0,0,0.07,44.4,0.79,0.54,0,7.0,192,1,1,0,0,0,0,0,0,0,0,4.9,4.3,0,1,527.1,-448,11.75,-2.3,5.1,0.1,1.3,1.5,4.7,3.3,0.9,1.2,-2.5,-2.4,7,13,-0.8,1.7,0,0,0,0,0,0,1,1,2,0,8,6,7,17,16,14,13,13,14,0,0,0,0,0,0,0,0,0
0,0,-322.22,90.61,91.08,0,0,0,0.07,43.3,0.03,-0.01,0,7.7,194,1,1,0,0,0,0,0,0,0,0,4.9,4.2,0,1,527.1,-448,11.75,-2.3,5.0,0.1,1.3,1.5,4.7,3.3,0.9,1.0,-2.5,-2.4,7,13,-0.8,1.7,0,0,0,0,0,0,1,1,2,0,8,6,7,17,16,14,13,13,14,0,0,0,0,0,0,0,0,0
0,0,-322.22,90.61,91.08,0,0,0,0.07,40.8,0.01,-0.02,0,9.4,196,1,1,0,0,0,0,0,0,0,0,4.8,4.2,0,1,527.1,-448,11.75,-2.4,5.0,0.0,1.3,1.5,4.7,3.3,0.9,1.0,-2.6,-2.4,7,13,-0.8,1.5,0,0,0,0,0,0,1,1,2,0,8,6,6,17,16,14,13,13,14,0,0,0,0,0,0,0,0,0
0,0,-322.22,90.61,91.08,0,0,0,0.07,42.0,0.01,-0.01,0,7.9,194,1,1,0,0,0,0,0,0,0,0,4.9,4.2,0,1,527.1,-448,11.75,-2.3,5.0,0.1,1.3,1.5,4.7,3.3,0.9,1.0,-2.5,-2.4,7,13,-0.8,1.7,0,0,0,0,0,0,1,1,2,0,8,6,7,17,16,14,13,13,14,0,0,0,0,0,0,0,0,0
0,0,-322.22,90.61,91.08,0,0,0,0.06,38.7,0.78,0.54,0,8.4,194,1,1,0,0,0,0,0,0,0,0,4.9,4.3,0,1,527.1,-448,11.75,-2.3,5.1,0.1,1.3,1.5,4.7,3.3,0.9,1.2,-2.5,-2.4,7,13,-0.8,1.7,0,0,0,0,0,0,1,1,2,0,8,6,7,17,16,14,13,13,14,0,0,0,0,0,0,0,0,0
0,0,-322.22,90.61,91.08,0,0,0,0.06,38.3,0.01,-0.01,0,7.5,193,1,1,0,0,0,0,0,0,0,0,4.9,4.3,0,1,527.1,-448,11.75,-2.3,5.1,0.1,1.3,1.5,4.7,3.3,0.9,1.2,-2.5,-2.4,7,13,-0.8,1.7,0,0,0,0,0,0,1,1,2,0,8,6,7,17,16,14,13,13,14,0,0,0,0,0,0,0,0,0
0,0,-322.22,90.61,91.08,0,0,0,0.07,40.7,0.02,-0.02,0,10.1,196,1,1,0,0,0,0,0,0,0,0,4.7,4.0,0,1,527.1,-448,11.75,-2.4,5.0,0.0,1.3,1.5,4.7,3.2,0.9,1.0,-2.5,-2.4,7,13,-0.8,1.5,0,0,0,0,0,0,1,1,2,0,8,6,6,17,16,14,13,13,14,0,0,0,0,0,0,0,0,0
0,0,-322.22,90.61,91.08,0,0,0,0.12,40.1,0.78,0.52,0,8.7,194,1,1,0,0,0,0,0,0,0,0,4.8,4.2,0,1,527.1,-448,11.75,-2.3,5.0,0.1,1.3,1.5,4.7,3.3,0.9,1.0,-2.5,-2.4,7,13,-0.8,1.6,0,0,0,0,0,0,1,1,2,0,8,6,7,17,16,14,13,13,14,0,0,0,0,0,0,0,0,0
0,0,-322.22,90.61,91.08,0,0,0,0.06,43.4,0.01,-0.01,0,8.0,193,1,1,0,0,0,0,0,0,0,0,4.9,4.2,0,1,527.1,-448,11.75,-2.3,5.0,0.1,1.3,1.5,4.7,3.3,0.9,1.0,-2.5,-2.4,7,13,-0.8,1.7,0,0,0,0,0,0,1,1,2,0,8,6,7,17,16,14,13,13,14,0,0,0,0,0,0,0,0,0
0,0,-322.22,90.61,91.08,0,0,0,0.12,40.0,0.02,0.02,0,8.8,195,1,1,0,0,0,0,0,0,0,0,4.9,4.0,0,1,527.1,-448,11.75,-2.3,5.0,0.0,1.3,1.5,4.7,3.3,0.9,1.0,-2.5,-2.4,7,13,-0.8,1.6,0,0,0,0,0,0,1,1,2,0,8,6,7,17,16,14,13,13,14,0,0,0,0,0,0,0,0,0
0,0,-322.22,90.61,91.08,0,0,0,0.07,43.3,0.02,0.0,0,8.4,194,1,1,0,0,0,0,0,0,0,0,4.9,4.2,0,1,527.1,-448,11.75,-2.3,5.0,0.1,1.3,1.5,4.7,3.3,0.9,1.0,-2.5,-2.4,7,13,-0.8,1.7,0,0,0,0,0,0,1,1,2,0,8,6,7,17,16,14,13,13,14,0,0,0,0,0,0,0,0,0
0,0,-322.22,90.61,91.08,0,0,0,0.17,41.4,0.01,0.0,0,8.4,195,1,1,0,0,0,0,0,0,0,0,4.7,4.2,0,1,527.1,-448,11.75,-2.3,5.0,0.0,1.3,1.5,4.7,3.3,0.9,1.0,-2.5,-2.4,7,13,-0.8,1.6,0,0,0,0,0,0,1,1,2,0,8,6,6,17,16,14,13,13,15,0,0,0,0,0,0,0,0,0
0,0,-322.22,90.61,91.08,0,0,0,0.06,44.8,0.01,-0.01,0,8.2,192,1,1,0,0,0,0,0,0,0,0,4.9,4.3,0,1,527.1,-448,11.75,-2.3,5.1,0.1,1.3,1.5,4.7,3.3,1.0,1.2,-2.5,-2.4,7,13,-0.8,1.7,0,0,0,0,0,0,1,1,2,0,8,6,7,17,16,14,13,13,14,0,0,0,0,0,0,0,0,0
0,0,-322.22,90.61,91.08,0,0,0,0.07,40.7,0.01,0.0,0,8.9,195,1,1,0,0,0,0,0,0,0,0,4.8,4.3,0,1,527.1,-448,11.75,-2.3,5.0,0.1,1.3,1.5,4.7,3.3,0.9,1.0,-2.5,-2.4,7,13,-0.8,1.7,0,0,0,0,0,0,1,1,2,0,8,6,7,17,16,14,13,13,15,0,0,0,0,0,0,0,0,0
0,0,-322.22,90.61,91.08,0,0,0,0.18,39.1,0.01,-0.06,0,7.4,196,1,1,0,0,0,0,0,0,0,0,4.8,4.2,0,1,527.1,-448,11.75,-2.3,5.0,0.0,1.3,1.5,4.7,3.3,0.9,1.0,-2.5,-2.4,7,13,-0.8,1.6,0,0,0,0,0,0,1,1,2,0,8,6,7,17,16,14,13,13,14,0,0,0,0,0,0,0,0,0
0,0,-322.22,90.61,91.08,0,0,0,0.06,39.1,0.03,0.0,0,7.2,193,1,1,0,0,0,0,0,0,0,0,4.9,4.2,0,1,527.1,-448,11.75,-2.3,5.0,0.1,1.3,1.5,4.7,3.3,0.9,1.0,-2.5,-2.4,7,13,-0.8,1.7,0,0,0,0,0,0,1,1,2,0,8,6,7,17,16,14,13,13,14,0,0,0,0,0,0,0,0,0
0,0,-322.22,90.61,91.08,0,0,0,0.18,38.5,0.02,0.02,0,8.4,195,1,1,0,0,0,0,0,0,0,0,4.7,4.2,0,1,527.1,-448,11.75,-2.3,5.0,0.0,1.3,1.5,4.7,3.3,0.9,1.0,-2.5,-2.4,7,13,-0.8,1.6,0,0,0,0,0,0,1,1,2,0,8,6,6,17,16,14,13,13,15,0,0,0,0,0,0,0,0,0
0,0,-322.22,90.61,91.08,0,0,0,0.06,36.0,0.0,-0.01,0,8.3,194,1,1,0,0,0,0,0,0,0,0,4.9,4.3,0,1,527.1,-448,11.75,-2.3,5.0,0.1,1.3,1.5,4.7,3.3,0.9,1.2,-2.5,-2.4,7,13,-0.8,1.7,0,0,0,0,0,0,1,1,2,0,8,6,7,17,16,14,13,13,15,0,0,0,0,0,0,0,0,0
0,0,-322.22,90.61,91.08,0,0,0,0.06,40.0,0.03,-0.03,0,8.7,198,1,1,0,0,0,0,0,0,0,0,4.8,4.0,0,1,527.1,-448,11.75,-2.4,5.0,0.0,1.3,1.5,4.7,3.2,0.9,1.0,-2.5,-2.4,7,13,-0.8,1.5,0,0,0,0,0,0,1,1,2,0,8,6,6,17,16,14,13,13,14,0,0,0,0,0,0,0,0,0
0,0,-322.22,90.61,91.08,0,0,0,0.06,43.7,0.01,0.01,0,8.2,194,1,1,0,0,0,0,0,0,0,0,4.9,4.4,0,1,527.1,-448,11.75,-2.3,5.1,0.1,1.3,1.5,4.7,3.3,0.9,1.2,-2.5,-2.4,7,13,-0.8,1.7,0,0,0,0,0,0,1,1,2,0,8,6,7,17,16,14,13,13,15,0,0,0,0,0,0,0,0,0
0,0,-322.22,90.61,91.08,0,0,0,0.06,41.6,0.01,-0.01,0,8.5,193,1,1,0,0,0,0,0,0,0,0,4.9,4.2,0,1,527.1,-448,11.75,-2.3,5.0,0.1,1.3,1.5,4.7,3.3,0.9,1.0,-2.5,-2.4,7,13,-0.8,1.7,0,0,0,0,0,0,1,1,2,0,8,6,7,17,16,14,13,13,14,0,0,0,0,0,0,0,0,0
0,0,-322.22,90.61,91.08,0,0,0,0.12,38.9,0.03,0.01,0,8.3,195,1,1,0,0,0,0,0,0,0,0,4.7,4.2,0,1,527.1,-448,11.75,-2.4,5.0,0.0,1.3,1.5,4.7,3.3,0.9,1.0,-2.5,-2.4,7,13,-0.8,1.6,0,0,0,0,0,0,1,1,2,0,8,6,7,17,16,14,13,13,15,0,0,0,0,0,0,0,0,0
0,0,-322.22,90.61,91.08,0,0,0,0.17,40.3,0.0,-0.02,0,8.3,196,1,1,0,0,0,0,0,0,0,0,4.8,4.2,0,1,527.1,-448,11.75,-2.3,5.0,0.0,1.3,1.5,4.7,3.3,0.9,1.0,-2.5,-2.4,7,13,-0.8,1.6,0,0,0,0,0,0,1,1,2,0,8,6,6,17,16,14,13,13,14,0,0,0,0,0,0,0,0,0
0,0,-322.22,90.61,91.08,0,0,0,0.07,37.6,0.03,0.03,0,6.0,197,1,1,0,0,0,0,0,0,0,0,4.8,4.0,0,1,527.1,-448,11.75,-2.4,5.0,0.0,1.3,1.5,4.7,3.2,0.9,1.0,-2.5,-2.4,6,13,-0.8,1.5,0,0,0,0,0,0,1,1,2,0,8,6,6,17,16,14,13,13,14,0,0,0,0,0,0,0,0,0
0,0,-322.22,90.61,91.08,0,0,0,0.11,39.0,0.04,0.05,0,8.8,195,1,1,0,0,0,0,0,0,0,0,4.8,4.0,0,1,527.1,-448,11.75,-2.3,5.0,0.0,1.3,1.5,4.7,3.3,0.9,1.0,-2.5,-2.4,7,13,-0.8,1.6,0,0,0,0,0,0,1,1,2,0,8,6,6,17,16,14,13,13,15,0,0,0,0,0,0,0,0,0
0,0,-322.22,90.61,91.08,0,0,0,0.07,43.4,0.01,-0.01,0,7.8,193,1,1,0,0,0,0,0,0,0,0,5.0,4.3,0,1,527.1,-448,11.75,-2.3,5.1,0.1,1.3,1.5,4.7,3.3,0.9,1.2,-2.5,-2.4,7,14,-0.8,1.7,0,0,0,0,0,0,1,1,2,0,8,6,7,17,16,14,14,14,15,0,0,0,0,0,0,0,0,0
0,0,-322.22,90.61,91.08,0,0,0,0.06,44.4,0.01,-0.01,0,8.6,193,1,1,0,0,0,0,0,0,0,0,5.0,4.2,0,1,527.1,-448,11.75,-2.3,5.1,0.1,1.3,1.5,4.7,3.3,0.9,1.2,-2.5,-2.4,7,13,-0.8,1.7,0,0,0,0,0,0,1,1,2,0,8,6,7,17,16,14,13,13,14,0,0,0,0,0,0,0,0,0
0,0,-322.22,90.61,91.08,0,0,0,0.11,39.5,0.01,0.01,0,9.7,194,1,1,0,0,0,0,0,0,0,0,4.8,4.1,0,1,527.1,-448,11.75,-2.3,5.0,0.1,1.3,1.5,4.7,3.3,0.9,1.0,-2.5,-2.4,7,13,-0.8,1.6,0,0,0,0,0,0,1,1,2,0,8,6,7,17,16,14,13,13,15,0,0,0,0,0,0,0,0,0
0,0,-322.22,90.61,91.08,0,0,0,0.06,43.6,0.02,0.0,0,8.8,193,1,1,0,0,0,0,0,0,0,0,4.9,4.1,0,1,527.1,-448,11.75,-2.3,5.0,0.1,1.3,1.5,4.7,3.3,0.9,1.0,-2.5,-2.4,7,13,-0.8,1.7,0,0,0,0,0,0,1,1,2,0,8,6,7,17,16,14,13,13,14,0,0,0,0,0,0,0,0,0
0,0,-322.22,90.61,91.08,0,0,0,0.06,38.5,-0.01,-0.01,0,7.6,195,1,1,0,0,0,0,0,0,0,0,4.8,4.3,0,1,527.1,-448,11.75,-2.3,5.0,0.1,1.3,1.5,4.7,3.3,0.9,1.2,-2.5,-2.4,7,13,-0.8,1.7,0,0,0,0,0,0,1,1,2,0,8,6,7,17,16,14,13,13,14,0,0,0,0,0,0,0,0,0
0,0,-322.22,90.61,91.08,0,0,0,0.17,38.9,0.08,0.03,0,8.1,196,1,1,0,0,0,0,0,0,0,0,4.8,4.2,0,1,527.1,-448,11.75,-2.3,5.0,0.0,1.3,1.5,4.7,3.3,0.9,1.0,-2.5,-2.4,7,13,-0.8,1.6,0,0,0,0,0,0,1,1,2,0,8,6,6,17,16,14,13,13,14,0,0,0,0,0,0,0,0,0
0,0,-322.22,90.61,91.08,0,0,0,0.06,39.1,0.01,-0.01,0,8.6,194,1,1,0,0,0,0,0,0,0,0,5.0,4.3,0,1,527.1,-448,11.75,-2.3,5.1,0.1,1.3,1.5,4.7,3.3,0.9,1.2,-2.5,-2.4,7,13,-0.8,1.7,0,0,0,0,0,0,1,1,2,0,8,6,7,17,16,14,13,13,15,0,0,0,0,0,0,0,0,0
0,0,-322.22,90.61,91.08,0,0,0,0.06,38.1,0.78,0.0,0,8.8,195,1,1,0,0,0,0,0,0,0,0,4.9,4.2,0,1,527.1,-448,11.75,-2.3,5.0,0.1,1.3,1.5,4.7,3.3,0.9,1.0,-2.5,-2.4,7,13,-0.8,1.7,0,0,0,0,0,0,1,1,2,0,8,6,7,17,16,14,13,13,14,0,0,0,0,0,0,0,0,0
0,0,-322.22,90.61,91.08,0,0,0,0.06,42.1,0.04,0.0,0,8.1,194,1,1,0,0,0,0,0,0,0,0,4.9,4.1,0,1,527.1,-448,11.75,-2.3,5.0,0.1,1.3,1.5,4.7,3.3,0.9,1.0,-2.5,-2.4,6,13,-0.8,1.7,0,0,0,0,0,0,1,1,2,0,8,6,7,17,16,14,13,13,14,0,0,0,0,0,0,0,0,0
0,0,-322.22,90.61,91.08,0,0,0,0.06,41.6,0.01,0.0,0,8.6,194,1,1,0,0,0,0,0,0,0,0,4.8,4.1,0,1,527.1,-448,11.75,-2.3,5.0,0.1,1.3,1.5,4.7,3.3,0.9,1.0,-2.5,-2.4,7,13,-0.8,1.7,0,0,0,0,0,0,1,1,2,0,8,6,7,17,16,14,13,13,14,0,0,0,0,0,0,0,0,0
0,0,-322.22,90.61,91.08,0,0,0,0.07,44.6,0.01,-0.01,0,8.2,193,1,1,0,0,0,0,0,0,0,0,4.9,4.2,0,1,527.1,-448,11.75,-2.3,5.0,0.1,1.3,1.5,4.7,3.3,0.9,1.0,-2.5,-2.4,7,13,-0.8,1.7,0,0,0,0,0,0,1,1,2,0,8,6,7,17,16,14,13,13,14,0,0,0,0,0,0,0,0,0
0,0,-322.22,90.61,91.08,0,0,0,0.12,43.1,0.02,-0.01,0,9.3,194,1,1,0,0,0,0,0,0,0,0,4.8,4.2,0,1,527.1,-448,11.75,-2.3,5.0,0.1,1.3,1.5,4.7,3.3,0.9,1.0,-2.5,-2.4,7,13,-0.8,1.7,0,0,0,0,0,0,1,1,2,0,8,6,7,17,16,14,13,13,14,0,0,0,0,0,0,0,0,0
0,0,-322.22,90.61,91.08,0,0,0,0.06,41.2,-0.01,-0.01,0,7.7,195,1,1,0,0,0,0,0,0,0,0,4.9,4.1,0,1,527.1,-448,11.75,-2.3,5.0,0.1,1.3,1.5,4.7,3.3,0.9,1.2,-2.5,-2.4,7,13,-0.8,1.7,0,0,0,0,0,0,1,1,2,0,8,6,7,17,16,14,13,13,14,0,0,0,0,0,0,0,0,0
0,0,-322.22,90.61,91.08,0,0,0,0.12,40.0,0.02,0.02,0,8.2,195,1,1,0,0,0,0,0,0,0,0,4.8,4.1,0,1,527.1,-448,11.75,-2.3,5.0,0.0,1.3,1.5,4.7,3.3,0.9,1.0,-2.5,-2.4,7,13,-0.8,1.6,0,0,0,0,0,0,1,1,2,0,8,6,7,17,16,14,13,13,15,0,0,0,0,0,0,0,0,0
0,0,-322.22,90.61,91.08,0,0,0,0.06,41.6,0.04,0.01,0,7.7,194,1,1,0,0,0,0,0,0,0,0,5.0,4.2,0,1,527.1,-448,11.75,-2.3,5.0,0.1,1.3,1.5,4.7,3.3,0.9,1.0,-2.5,-2.4,7,13,-0.8,1.7,0,0,0,0,0,0,1,1,2,0,8,6,7,17,16,14,13,13,14,0,0,0,0,0,0,0,0,0
0,0,-322.22,90.61,91.08,0,0,0,0.06,42.9,0.03,0.02,0,9.2,194,1,1,0,0,0,0,0,0,0,0,4.9,4.2,0,1,527.1,-448,11.75,-2.3,5.0,0.1,1.3,1.5,4.7,3.3,0.9,1.0,-2.5,-2.4,7,13,-0.8,1.7,0,0,0,0,0,0,1,1,2,0,8,6,7,17,16,14,13,13,14,0,0,0,0,0,0,0,0,0
0,0,-322.22,90.61,91.08,0,0,0,0.06,42.8,0.04,0.02,0,8.3,194,1,1,0,0,0,0,0,0,0,0,4.9,4.1,0,1,527.1,-448,11.75,-2.3,5.0,0.1,1.3,1.5,4.7,3.3,0.9,1.0,-2.5,-2.4,7,13,-0.8,1.7,0,0,0,0,0,0,1,1,2,0,8,6,7,17,16,14,13,13,14,0,0,0,0,0,0,0,0,0
0,0,-322.22,90.61,91.08,0,0,0,0.07,35.3,0.76,0.51,0,7.9,198,1,1,0,0,0,0,0,0,0,0,4.9,4.0,0,1,527.1,-448,11.75,-2.4,5.0,0.0,1.3,1.5,4.7,3.2,0.9,1.0,-2.5,-2.4,7,13,-0.8,1.5,0,0,0,0,0,0,1,1,2,0,8,6,6,17,16,14,13,13,14,0,0,0,0,0,0,0,0,0
0,0,-322.22,90.61,91.08,0,0,0,0.12,41.5,0.02,-0.01,0,9.4,195,1,1,0,0,0,0,0,0,0,0,4.8,4.2,0,1,527.1,-448,11.75,-2.3,5.0,0.0,1.3,1.5,4.7,3.3,0.9,1.0,-2.5,-2.4,7,13,-0.8,1.6,0,0,0,0,0,0,1,1,2,0,8,6,7,17,16,14,13,13,14,0,0,0,0,0,0,0,0,0
0,0,-322.22,90.61,91.08,0,0,0,0.06,44.6,0.8,0.55,0,7.6,194,1,1,0,0,0,0,0,0,0,0,5.0,4.3,0,1,527.1,-448,11.75,-2.3,5.1,0.1,1.3,1.5,4.8,3.3,1.0,1.2,-2.5,-2.4,7,13,-0.8,1.7,0,0,0,0,0,0,1,1,2,0,8,6,7,17,16,14,13,13,14,0,0,0,0,0,0,0,0,0
0,0,-322.22,90.61,91.08,0,0,0,0.06,43.0,0.02,0.0,0,7.8,192,1,1,0,0,0,0,0,0,0,0,4.9,4.1,0,1,527.1,-448,11.75,-2.3,5.0,0.1,1.3,1.5,4.7,3.3,0.9,1.0,-2.5,-2.4,7,13,-0.8,1.7,0,0,0,0,0,0,1,1,2,0,8,6,7,17,16,14,13,13,14,0,0,0,0,0,0,0,0,0
0,0,-322.22,90.61,91.08,0,0,0,0.11,41.5,0.02,0.04,0,8.5,194,1,1,0,0,0,0,0,0,0,0,4.8,4.1,0,1,527.1,-448,11.75,-2.3,5.0,0.1,1.3,1.5,4.7,3.3,0.9,1.0,-2.5,-2.4,7,13,-0.8,1.6,0,0,0,0,0,0,1,1,2,0,8,6,7,17,16,14,13,13,15,0,0,0,0,0,0,0,0,0
0,0,-322.22,90.61,91.08,0,0,0,0.06,42.7,0.02,-0.02,0,7.7,193,1,1,0,0,0,0,0,0,0,0,5.0,4.2,0,1,527.1,-448,11.75,-2.3,5.0,0.1,1.3,1.5,4.7,3.3,0.9,1.2,-2.5,-2.4,7,13,-0.8,1.7,0,0,0,0,0,0,1,1,2,0,8,6,7,17,16,14,13,13,14,0,0,0,0,0,0,0,0,0
0,0,-322.22,90.61,91.08,0,0,0,0.07,42.6,0.01,-0.01,0,8.0,194,1,1,0,0,0,0,0,0,0,0,4.9,4.1,0,1,527.1,-448,11.75,-2.3,5.0,0.1,1.3,1.5,4.7,3.3,0.9,1.0,-2.5,-2.4,7,13,-0.8,1.7,0,0,0,0,0,0,1,1,2,0,8,6,7,17,16,14,13,13,15,0,0,0,0,0,0,0,0,0
0,0,-322.22,90.61,91.08,0,0,0,0.11,40.6,0.02,0.01,0,9.9,194,1,1,0,0,0,0,0,0,0,0,4.8,4.2,0,1,527.1,-448,11.75,-2.3,5.0,0.1,1.3,1.5,4.7,3.3,0.9,1.0,-2.5,-2.4,7,13,-0.8,1.6,0,0,0,0,0,0,1,1,2,0,8,6,7,17,16,14,13,13,14,0,0,0,0,0,0,0,0,0
0,0,-322.22,90.61,91.08,0,0,0,0.12,40.8,0.0,-0.04,0,8.8,195,1,1,0,0,0,0,0,0,0,0,4.7,4.1,0,1,527.1,-448,11.75,-2.4,5.0,0.0,1.3,1.5,4.7,3.3,0.9,1.0,-2.5,-2.4,7,13,-0.8,1.6,0,0,0,0,0,0,1,1,2,0,8,6,7,17,16,14,13,13,15,0,0,0,0,0,0,0,0,0
0,0,-322.22,90.61,91.08,0,0,0,0.06,36.2,0.0,-0.04,0,8.3,198,1,1,0,0,0,0,0,0,0,0,4.7,4.0,0,1,527.1,-448,11.75,-2.4,5.0,0.0,1.3,1.5,4.7,3.2,0.9,1.0,-2.5,-2.4,7,13,-0.8,1.5,0,0,0,0,0,0,1,1,2,0,8,6,6,17,16,14,13,13,14,0,0,0,0,0,0,0,0,0
0,0,-322.22,90.61,91.08,0,0,0,0.07,45.6,0.01,-0.02,0,8.0,193,1,1,0,0,0,0,0,0,0,0,4.9,4.4,0,1,527.1,-448,11.75,-2.3,5.1,0.1,1.3,1.5,4.8,3.3,1.0,1.2,-2.5,-2.4,7,12,-0.8,1.7,0,0,0,0,0,0,1,1,2,0,8,6,7,17,16,14,12,12,15,0,0,0,0,0,0,0,0,0
0,0,-322.22,90.61,91.08,0,0,0,0.06,42.2,0.03,-0.01,0,9.0,196,1,1,0,0,0,0,0,0,0,0,4.8,4.1,0,1,527.1,-448,11.75,-2.4,5.0,0.0,1.3,1.4,4.7,3.2,0.9,1.0,-2.5,-2.4,6,13,-0.8,1.5,0,0,0,0,0,0,1,1,2,0,8,6,6,17,16,14,13,13,15,0,0,0,0,0,0,0,0,0
0,0,-322.22,90.61,91.08,0,0,0,0.07,40.4,0.02,-0.01,0,7.7,195,1,1,0,0,0,0,0,0,0,0,4.9,4.3,0,1,527.1,-448,11.75,-2.3,5.1,0.1,1.4,1.5,4.8,3.3,1.0,1.2,-2.5,-2.4,7,13,-0.8,1.7,0,0,0,0,0,0,1,1,2,0,8,6,7,17,16,14,13,13,14,0,0,0,0,0,0,0,0,0
0,0,-322.22,90.61,91.08,0,0,0,0.17,38.5,0.04,0.05,0,8.9,195,1,1,0,0,0,0,0,0,0,0,4.9,4.1,0,1,527.1,-448,11.75,-2.3,5.0,0.0,1.3,1.5,4.7,3.3,0.9,1.0,-2.5,-2.4,7,13,-0.8,1.6,0,0,0,0,0,0,1,1,2,0,8,6,6,17,16,14,13,13,15,0,0,0,0,0,0,0,0,0
0,0,-322.22,90.61,91.08,0,0,0,0.06,36.3,-0.01,-0.02,0,9.1,195,1,1,0,0,0,0,0,0,0,0,4.9,4.2,0,1,527.1,-448,11.75,-2.3,5.0,0.1,1.3,1.5,4.7,3.3,0.9,1.0,-2.5,-2.4,7,13,-0.8,1.7,0,0,0,0,0,0,1,1,2,0,8,6,7,17,16,14,13,13,14,0,0,0,0,0,0,0,0,0
0,0,-322.22,90.61,91.08,0,0,0,0.12,35.6,0.02,-0.02,0,6.8,196,1,1,0,0,0,0,0,0,0,0,4.8,4.1,0,1,527.1,-448,11.75,-2.4,5.0,0.0,1.3,1.5,4.7,3.3,0.9,1.0,-2.5,-2.4,7,13,-0.8,1.5,0,0,0,0,0,0,1,1,2,0,8,6,6,17,16,14,13,13,14,0,0,0,0,0,0,0,0,0
0,0,-322.22,90.61,91.08,0,0,0,0.06,42.7,0.03,0.0,0,7.7,193,1,1,0,0,0,0,0,0,0,0,5.0,4.3,0,1,527.1,-448,11.75,-2.3,5.1,0.1,1.3,1.5,4.7,3.3,0.9,1.2,-2.5,-2.4,7,13,-0.8,1.7,0,0,0,0,0,0,1,1,2,0,8,6,7,17,16,14,13,13,14,0,0,0,0,0,0,0,0,0
0,0,-322.22,90.61,91.08,0,0,0,0.05,42.8,0.03,0.0,0,8.1,193,1,1,0,0,0,0,0,0,0,0,4.9,4.3,0,1,527.1,-448,11.75,-2.3,5.1,0.1,1.3,1.5,4.7,3.3,0.9,1.2,-2.5,-2.4,7,13,-0.8,1.7,0,0,0,0,0,0,1,1,2,0,8,6,7,17,16,14,13,13,15,0,0,0,0,0,0,0,0,0
0,0,-322.22,90.61,91.08,0,0,0,0.17,41.4,0.02,-0.03,0,8.6,195,1,1,0,0,0,0,0,0,0,0,4.8,4.2,0,1,527.1,-448,11.75,-2.3,5.0,0.0,1.3,1.5,4.7,3.3,0.9,1.0,-2.5,-2.4,7,13,-0.8,1.6,0,0,0,0,0,0,1,1,2,0,8,6,7,17,16,14,13,13,14,0,0,0,0,0,0,0,0,0
0,0,-322.22,90.61,91.08,0,0,0,0.12,43.2,0.08,0.03,0,9.9,194,1,1,0,0,0,0,0,0,0,0,4.8,4.1,0,1,527.1,-448,11.75,-2.3,5.0,0.1,1.3,1.5,4.7,3.3,0.9,1.0,-2.5,-2.4,7,13,-0.8,1.7,0,0,0,0,0,0,1,1,2,0,8,6,7,17,16,14,13,13,14,0,0,0,0,0,0,0,0,0
0,0,-322.22,90.61,91.08,0,0,0,0.12,38.3,0.01,0.01,0,7.6,196,1,1,0,0,0,0,0,0,0,0,4.8,4.1,0,1,527.1,-448,11.75,-2.4,5.0,0.0,1.3,1.5,4.7,3.3,0.9,1.0,-2.5,-2.4,7,13,-0.8,1.6,0,0,0,0,0,0,1,1,2,0,8,6,7,17,16,14,13,13,14,0,0,0,0,0,0,0,0,0
0,0,-322.22,90.61,91.08,0,0,0,0.06,40.9,0.78,0.51,0,8.7,197,1,1,0,0,0,0,0,0,0,0,4.7,4.0,0,1,527.1,-448,11.75,-2.4,5.0,0.0,1.3,1.5,4.7,3.2,0.9,1.0,-2.5,-2.4,7,13,-0.8,1.5,0,0,0,0,0,0,1,1,2,0,8,6,6,17,16,14,13,13,14,0,0,0,0,0,0,0,0,0
0,0,-322.22,90.61,91.08,0,0,0,0.06,42.1,0.04,0.0,0,8.1,195,1,1,0,0,0,0,0,0,0,0,4.9,4.2,0,1,527.1,-448,11.75,-2.3,5.0,0.1,1.3,1.5,4.7,3.3,0.9,1.2,-2.5,-2.4,7,13,-0.8,1.7,0,0,0,0,0,0,1,1,2,0,8,6,7,17,16,14,13,13,14,0,0,0,0,0,0,0,0,0
0,0,-322.22,90.61,91.08,0,0,0,0.12,39.8,0.01,0.0,0,7.4,195,1,1,0,0,0,0,0,0,0,0,4.7,4.1,0,1,527.1,-448,11.75,-2.3,5.0,0.0,1.3,1.5,4.7,3.3,0.9,1.0,-2.5,-2.4,7,13,-0.8,1.6,0,0,0,0,0,0,1,1,2,0,8,6,7,17,16,14,13,13,14,0,0,0,0,0,0,0,0,0
0,0,-322.22,90.61,91.08,0,0,0,0.07,41.3,0.02,0.01,0,8.1,194,1,1,0,0,0,0,0,0,0,0,5.0,4.2,0,1,527.1,-448,11.75,-2.3,5.1,0.1,1.3,1.5,4.8,3.3,1.0,1.2,-2.5,-2.4,6,13,-0.8,1.7,0,0,0,0,0,0,1,1,2,0,8,6,7,17,16,14,13,13,14,0,0,0,0,0,0,0,0,0
0,0,-322.22,90.61,91.08,0,0,0,0.07,36.4,0.01,0.04,0,8.1,198,1,1,0,0,0,0,0,0,0,0,4.8,4.0,0,1,527.1,-448,11.75,-2.4,5.0,0.0,1.3,1.5,4.7,3.2,0.9,1.0,-2.5,-2.4,7,13,-0.8,1.5,0,0,0,0,0,0,1,1,2,0,8,6,6,17,16,14,13,13,14,0,0,0,0,0,0,0,0,0
0,0,-322.22,90.61,91.08,0,0,0,0.13,42.0,0.02,0.0,0,7.9,195,1,1,0,0,0,0,0,0,0,0,4.9,4.1,0,1,527.1,-448,11.75,-2.3,5.0,0.0,1.3,1.5,4.7,3.3,0.9,1.0,-2.5,-2.4,7,13,-0.8,1.6,0,0,0,0,0,0,1,1,2,0,8,6,7,17,16,14,13,13,14,0,0,0,0,0,0,0,0,0
0,0,-322.22,90.61,91.08,0,0,0,0.06,40.1,-0.01,-0.01,0,7.2,194,1,1,0,0,0,0,0,0,0,0,4.9,4.4,0,1,527.1,-448,11.75,-2.3,5.0,0.1,1.3,1.5,4.7,3.3,0.9,1.0,-2.5,-2.4,7,13,-0.8,1.7,0,0,0,0,0,0,1,1,2,0,8,6,7,17,16,14,13,13,14,0,0,0,0,0,0,0,0,0
0,0,-322.22,90.61,91.08,0,0,0,0.07,41.6,0.03,0.0,0,7.4,193,1,1,0,0,0,0,0,0,0,0,4.9,4.3,0,1,527.1,-448,11.75,-2.3,5.1,0.1,1.3,1.5,4.7,3.3,0.9,1.2,-2.5,-2.4,7,13,-0.8,1.7,0,0,0,0,0,0,1,1,2,0,8,6,7,17,16,14,13,13,15,0,0,0,0,0,0,0,0,0
0,0,-322.22,90.61,91.08,0,0,0,0.06,41.4,0.78,0.54,0,9.1,193,1,1,0,0,0,0,0,0,0,0,4.8,4.1,0,1,527.1,-448,11.75,-2.3,5.0,0.1,1.3,1.5,4.7,3.3,0.9,1.0,-2.5,-2.4,7,13,-0.8,1.7,0,0,0,0,0,0,1,1,2,0,8,6,7,17,16,14,13,13,14,0,0,0,0,0,0,0,0,0
0,0,-322.22,90.61,91.08,0,0,0,0.07,35.4,0.01,-0.01,0,9.2,197,1,1,0,0,0,0,0,0,0,0,4.8,4.0,0,1,527.1,-448,11.75,-2.4,5.0,0.0,1.3,1.5,4.7,3.2,0.9,1.0,-2.6,-2.4,7,13,-0.8,1.5,0,0,0,0,0,0,1,1,2,0,8,6,6,17,16,14,13,13,14,0,0,0,0,0,0,0,0,0
0,0,-322.22,90.61,91.08,0,0,0,0.07,39.5,0.0,0.0,0,8.6,195,1,1,0,0,0,0,0,0,0,0,4.9,4.3,0,1,527.1,-448,11.75,-2.3,5.0,0.1,1.3,1.5,4.7,3.3,0.9,1.0,-2.5,-2.4,7,13,-0.8,1.7,0,0,0,0,0,0,1,1,2,0,8,6,7,17,16,14,13,13,14,0,0,0,0,0,0,0,0,0
0,0,-322.22,90.61,91.08,0,0,0,0.07,42.2,0.05,-0.01,0,7.8,195,1,1,0,0,0,0,0,0,0,0,4.9,4.4,0,1,527.1,-448,11.75,-2.3,5.0,0.1,1.3,1.5,4.7,3.3,0.9,1.1,-2.5,-2.4,7,13,-0.8,1.7,0,0,0,0,0,0,1,1,2,0,8,6,7,17,16,14,13,13,14,0,0,0,0,0,0,0,0,0
0,0,-322.22,90.61,91.08,0,0,0,0.17,39.5,0.08,0.5,0,8.0,196,1,1,0,0,0,0,0,0,0,0,4.7,4.1,0,1,527.1,-448,11.75,-2.3,5.0,0.0,1.3,1.5,4.7,3.3,0.9,1.0,-2.5,-2.4,7,13,-0.8,1.5,0,0,0,0,0,0,1,1,2,0,8,6,7,17,16,14,13,13,15,0,0,0,0,0,0,0,0,0
0,0,-322.22,90.61,91.08,0,0,0,0.12,42.1,0.03,0.02,0,7.8,195,1,1,0,0,0,0,0,0,0,0,4.8,4.1,0,1,527.1,-448,11.75,-2.4,5.0,0.0,1.3,1.5,4.7,3.3,0.9,1.0,-2.5,-2.4,7,13,-0.8,1.6,0,0,0,0,0,0,1,1,2,0,8,6,7,17,16,14,13,13,14,0,0,0,0,0,0,0,0,0
0,0,-322.22,90.61,91.08,0,0,0,0.06,41.6,0.01,0.0,0,7.7,194,1,1,0,0,0,0,0,0,0,0,4.9,4.4,0,1,527.1,-448,11.75,-2.3,5.1,0.1,1.3,1.5,4.7,3.3,0.9,1.2,-2.5,-2.4,7,13,-0.8,1.7,0,0,0,0,0,0,1,1,2,0,8,6,7,17,16,14,13,13,14,0,0,0,0,0,0,0,0,0
0,0,-322.22,90.61,91.08,0,0,0,0.06,36.6,0.02,-0.02,0,8.2,196,1,1,0,0,0,0,0,0,0,0,4.9,4.4,0,1,527.1,-448,11.75,-2.3,5.0,0.1,1.3,1.5,4.7,3.3,0.9,1.2,-2.5,-2.4,7,13,-0.8,1.7,0,0,0,0,0,0,1,1,2,0,8,6,7,17,16,14,13,13,14,0,0,0,0,0,0,0,0,0
0,0,-322.22,90.61,91.08,0,0,0,0.11,42.5,0.01,-0.04,0,6.9,195,1,1,0,0,0,0,0,0,0,0,4.9,4.0,0,1,527.1,-448,11.75,-2.3,5.0,0.0,1.3,1.5,4.7,3.3,0.9,1.0,-2.5,-2.4,7,13,-0.8,1.6,0,0,0,0,0,0,1,1,2,0,8,6,7,17,16,14,13,13,14,0,0,0,0,0,0,0,0,0
0,0,-322.22,90.61,91.08,0,0,0,0.17,34.8,0.01,-0.03,0,8.5,196,1,1,0,0,0,0,0,0,0,0,4.8,4.1,0,1,527.1,-448,11.75,-2.3,5.0,0.0,1.3,1.5,4.7,3.3,0.9,1.0,-2.5,-2.4,6,13,-0.8,1.6,0,0,0,0,0,0,1,1,2,0,8,6,6,17,16,14,13,13,14,0,0,0,0,0,0,0,0,0
0,0,-322.22,90.61,91.08,0,0,0,0.07,42.6,0.01,-0.01,0,8.6,193,1,1,0,0,0,0,0,0,0,0,4.9,4.2,0,1,527.1,-448,11.75,-2.3,5.0,0.1,1.3,1.5,4.7,3.3,0.9,1.0,-2.5,-2.4,7,13,-0.8,1.7,0,0,0,0,0,0,1,1,2,0,8,6,7,17,16,14,13,13,15,0,0,0,0,0,0,0,0,0
0,0,-322.22,90.61,91.08,0,0,0,0.06,41.9,0.04,-0.01,0,8.5,193,1,1,0,0,0,0,0,0,0,0,4.9,4.2,0,1,527.1,-448,11.75,-2.3,5.0,0.1,1.3,1.5,4.7,3.3,0.9,1.2,-2.5,-2.4,7,13,-0.8,1.7,0,0,0,0,0,0,1,1,2,0,8,6,7,17,16,14,13,13,15,0,0,0,0,0,0,0,0,0
0,0,-322.22,90.61,91.08,0,0,0,0.11,41.0,0.08,0.03,0,8.6,194,1,1,0,0,0,0,0,0,0,0,4.9,4.1,0,1,527.1,-448,11.75,-2.3,5.0,0.1,1.3,1.5,4.7,3.3,0.9,1.0,-2.5,-2.4,7,13,-0.8,1.6,0,0,0,0,0,0,1,1,2,0,8,6,7,17,16,14,13,13,15,0,0,0,0,0,0,0,0,0
0,0,-322.22,90.61,91.08,0,0,0,0.06,40.4,0.8,0.0,0,8.3,195,1,1,0,0,0,0,0,0,0,0,4.9,4.3,0,1,527.1,-448,11.75,-2.3,5.0,0.1,1.3,1.5,4.7,3.3,0.9,1.2,-2.5,-2.4,7,13,-0.8,1.7,0,0,0,0,0,0,1,1,2,0,8,6,7,17,16,14,13,13,14,0,0,0,0,0,0,0,0,0
0,0,-322.22,90.61,91.08,0,0,0,0.06,36.7,0.01,-0.01,0,7.5,195,1,1,0,0,0,0,0,0,0,0,4.9,4.2,0,1,527.1,-448,11.75,-2.3,5.0,0.1,1.3,1.5,4.7,3.3,0.9,1.2,-2.5,-2.4,7,13,-0.8,1.7,0,0,0,0,0,0,1,1,2,0,8,6,7,17,16,14,13,13,15,0,0,0,0,0,0,0,0,0
0,0,-322.22,90.61,91.08,0,0,0,0.05,42.4,0.01,-0.01,0,8.2,192,1,1,0,0,0,0,0,0,0,0,4.8,4.3,0,1,527.1,-448,11.75,-2.3,5.0,0.1,1.3,1.5,4.7,3.3,0.9,1.0,-2.5,-2.4,7,13,-0.8,1.7,0,0,0,0,0,0,1,1,2,0,8,6,7,17,16,14,13,13,14,0,0,0,0,0,0,0,0,0
0,0,-322.22,90.61,91.08,0,0,0,0.06,37.2,0.0,-0.02,0,6.1,194,1,1,0,0,0,0,0,0,0,0,4.8,4.2,0,1,527.1,-448,11.75,-2.3,5.0,0.1,1.3,1.5,4.7,3.3,0.9,1.0,-2.5,-2.4,7,13,-0.8,1.7,0,0,0,0,0,0,1,1,2,0,8,6,7,17,16,14,13,13,15,0,0,0,0,0,0,0,0,0
0,0,-322.22,90.61,91.08,0,0,0,0.06,45.4,0.02,-0.01,0,8.4,193,1,1,0,0,0,0,0,0,0,0,4.9,4.2,0,1,527.1,-448,11.75,-2.3,5.1,0.1,1.3,1.5,4.8,3.3,1.0,1.2,-2.5,-2.4,7,13,-0.8,1.7,0,0,0,0,0,0,1,1,2,0,8,6,7,17,16,14,13,13,15,0,0,0,0,0,0,0,0,0
0,0,-322.22,90.61,91.08,0,0,0,0.06,40.8,0.01,-0.02,0,8.1,194,1,1,0,0,0,0,0,0,0,0,5.0,4.3,0,1,527.1,-448,11.75,-2.3,5.1,0.1,1.3,1.5,4.8,3.3,1.0,1.2,-2.5,-2.4,7,13,-0.8,1.7,0,0,0,0,0,0,1,1,2,0,8,6,7,17,16,14,13,13,15,0,0,0,0,0,0,0,0,0
0,0,-322.22,90.61,91.08,0,0,0,0.06,42.9,0.04,0.0,0,7.1,194,1,1,0,0,0,0,0,0,0,0,5.0,4.2,0,1,527.1,-448,11.75,-2.3,5.0,0.1,1.3,1.5,4.7,3.3,0.9,1.1,-2.5,-2.4,7,13,-0.8,1.7,0,0,0,0,0,0,1,1,2,0,8,6,7,17,16,14,13,13,14,0,0,0,0,0,0,0,0,0
0,0,-322.22,90.61,91.08,0,0,0,0.06,46.2,0.02,0.0,0,8.0,192,1,1,0,0,0,0,0,0,0,0,5.0,4.3,0,1,527.1,-448,11.75,-2.3,5.1,0.1,1.3,1.5,4.7,3.3,1.0,1.2,-2.5,-2.4,7,13,-0.8,1.7,0,0,0,0,0,0,1,1,2,0,8,6,7,17,16,14,13,13,14,0,0,0,0,0,0,0,0,0
0,0,-322.22,90.61,91.08,0,0,0,0.06,45.8,0.04,0.0,0,8.5,193,1,1,0,0,0,0,0,0,0,0,4.9,4.4,0,1,527.1,-448,11.75,-2.3,5.1,0.1,1.3,1.5,4.8,3.3,1.0,1.2,-2.5,-2.4,7,13,-0.8,1.7,0,0,0,0,0,0,1,1,2,0,8,6,7,17,16,14,13,13,15,0,0,0,0,0,0,0,0,0
0,0,-322.22,90.61,91.08,0,0,0,0.07,41.6,0.08,0.05,0,9.2,193,1,1,0,0,0,0,0,0,0,0,4.9,4.4,0,1,527.1,-448,11.75,-2.3,5.0,0.1,1.3,1.5,4.7,3.3,0.9,1.2,-2.5,-2.4,7,13,-0.8,1.7,0,0,0,0,0,0,1,1,2,0,8,6,7,17,16,14,13,13,15,0,0,0,0,0,0,0,0,0
0,0,-322.22,90.61,91.08,0,0,0,0.13,36.3,0.02,-0.01,0,7.7,195,1,1,0,0,0,0,0,0,0,0,4.8,4.1,0,1,527.1,-448,11.75,-2.3,5.0,0.0,1.3,1.5,4.7,3.3,0.9,1.0,-2.5,-2.4,7,13,-0.8,1.6,0,0,0,0,0,0,1,1,2,0,8,6,6,17,16,14,13,13,15,0,0,0,0,0,0,0,0,0
0,0,-322.22,90.61,91.08,0,0,0,0.06,41.9,0.01,0.0,0,8.5,193,1,1,0,0,0,0,0,0,0,0,4.9,4.2,0,1,527.1,-448,11.75,-2.3,5.0,0.1,1.3,1.5,4.7,3.3,0.9,1.0,-2.5,-2.4,7,13,-0.8,1.7,0,0,0,0,0,0,1,1,2,0,8,6,7,17,16,14,13,13,14,0,0,0,0,0,0,0,0,0
0,0,-322.22,90.61,91.08,0,0,0,0.17,40.1,0.01,-0.03,0,8.6,196,1,1,0,0,0,0,0,0,0,0,4.7,4.1,0,1,527.1,-448,11.75,-2.4,5.0,0.0,1.3,1.5,4.7,3.3,0.9,1.0,-2.5,-2.4,7,13,-0.8,1.6,0,0,0,0,0,0,1,1,2,0,8,6,7,17,16,14,13,13,14,0,0,0,0,0,0,0,0,0
0,0,-322.22,90.61,91.08,0,0,0,0.06,43.7,0.01,-0.01,0,9.2,192,1,1,0,0,0,0,0,0,0,0,4.9,4.1,0,1,527.1,-448,11.75,-2.3,5.0,0.1,1.3,1.5,4.7,3.3,0.9,1.0,-2.5,-2.4,7,13,-0.8,1.7,0,0,0,0,0,0,1,1,2,0,8,6,7,17,16,14,13,13,14,0,0,0,0,0,0,0,0,0
0,0,-322.22,90.61,91.08,0,0,0,0.06,42.4,0.02,0.0,0,8.2,193,1,1,0,0,0,0,0,0,0,0,4.9,4.3,0,1,527.1,-448,11.75,-2.3,5.1,0.1,1.3,1.5,4.7,3.3,0.9,1.2,-2.5,-2.4,7,13,-0.8,1.7,0,0,0,0,0,0,1,1,2,0,8,6,7,17,16,14,13,13,15,0,0,0,0,0,0,0,0,0
0,0,-322.22,90.61,91.08,0,0,0,0.06,43.7,0.0,0.01,0,7.9,194,1,1,0,0,0,0,0,0,0,0,4.9,4.4,0,1,527.1,-448,11.75,-2.3,5.0,0.1,1.3,1.5,4.7,3.3,0.9,1.1,-2.5,-2.4,7,13,-0.8,1.7,0,0,0,0,0,0,1,1,2,0,8,6,7,17,16,14,13,13,15,0,0,0,0,0,0,0,0,0
0,0,-322.22,90.61,91.08,0,0,0,0.06,39.1,0.01,-0.01,0,8.1,197,1,1,0,0,0,0,0,0,0,0,4.7,4.2,0,1,527.1,-448,11.75,-2.4,5.0,0.0,1.3,1.5,4.7,3.2,0.9,1.0,-2.5,-2.4,7,13,-0.8,1.5,0,0,0,0,0,0,1,1,2,0,8,6,6,17,16,14,13,13,14,0,0,0,0,0,0,0,0,0
0,0,-322.22,90.61,91.08,0,0,0,0.07,42.2,0.01,-0.01,0,8.1,193,1,1,0,0,0,0,0,0,0,0,4.9,4.1,0,1,527.1,-448,11.75,-2.3,5.0,0.1,1.3,1.5,4.7,3.3,0.9,1.0,-2.5,-2.4,7,13,-0.8,1.7,0,0,0,0,0,0,1,1,2,0,8,6,7,17,16,14,13,13,15,0,0,0,0,0,0,0,0,0
0,0,-322.22,90.61,91.08,0,0,0,0.06,41.5,0.08,0.03,0,7.3,195,1,1,0,0,0,0,0,0,0,0,4.9,4.3,0,1,527.1,-448,11.75,-2.3,5.0,0.1,1.3,1.5,4.7,3.3,0.9,1.1,-2.5,-2.4,7,13,-0.8,1.7,0,0,0,0,0,0,1,1,2,0,8,6,7,17,16,14,13,13,15,0,0,0,0,0,0,0,0,0
0,0,-322.22,90.61,91.08,0,0,0,0.06,42.6,0.02,0.0,0,8.6,193,1,1,0,0,0,0,0,0,0,0,4.9,4.3,0,1,527.1,-448,11.75,-2.3,5.1,0.1,1.3,1.5,4.7,3.3,0.9,1.2,-2.5,-2.4,7,13,-0.8,1.7,0,0,0,0,0,0,1,1,2,0,8,6,7,17,16,14,13,13,14,0,0,0,0,0,0,0,0,0
0,0,-322.22,90.61,91.08,0,0,0,0.07,41.6,0.02,-0.01,0,8.8,194,1,1,0,0,0,0,0,0,0,0,5.0,4.3,0,1,527.1,-448,11.75,-2.3,5.1,0.1,1.3,1.5,4.7,3.3,1.0,1.2,-2.5,-2.4,7,13,-0.8,1.7,0,0,0,0,0,0,1,1,2,0,8,6,7,17,16,14,13,13,14,0,0,0,0,0,0,0,0,0
0,0,-322.22,90.61,91.08,0,0,0,0.07,42.0,0.02,-0.01,0,8.7,193,1,1,0,0,0,0,0,0,0,0,5.0,4.2,0,1,527.1,-448,11.75,-2.3,5.0,0.1,1.3,1.5,4.7,3.3,0.9,1.2,-2.5,-2.4,7,13,-0.8,1.7,0,0,0,0,0,0,1,1,2,0,8,6,7,17,16,14,13,13,14,0,0,0,0,0,0,0,0,0
0,0,-322.22,90.61,91.08,0,0,0,0.07,38.9,0.05,0.02,0,7.8,194,1,1,0,0,0,0,0,0,0,0,4.9,4.2,0,1,527.1,-448,11.75,-2.3,5.0,0.1,1.3,1.5,4.7,3.3,0.9,1.0,-2.5,-2.4,7,13,-0.8,1.7,0,0,0,0,0,0,1,1,2,0,8,6,7,17,16,14,13,13,15,0,0,0,0,0,0,0,0,0
0,0,-322.22,90.61,91.08,0,0,0,0.07,38.1,0.02,0.0,0,8.3,197,1,1,0,0,0,0,0,0,0,0,4.8,4.1,0,1,527.1,-448,11.75,-2.4,5.0,0.0,1.3,1.5,4.7,3.2,0.9,1.0,-2.5,-2.4,7,13,-0.8,1.5,0,0,0,0,0,0,1,1,2,0,8,6,6,17,16,14,13,13,14,0,0,0,0,0,0,0,0,0
0,0,-322.22,90.61,91.08,0,0,0,0.17,38.0,0.1,0.05,0,8.8,196,1,1,0,0,0,0,0,0,0,0,4.8,4.1,0,1,527.1,-448,11.75,-2.3,5.0,0.0,1.3,1.5,4.7,3.3,0.9,1.0,-2.5,-2.4,6,13,-0.8,1.6,0,0,0,0,0,0,1,1,2,0,8,6,7,17,16,14,13,13,14,0,0,0,0,0,0,0,0,0
0,0,-322.22,90.61,91.08,0,0,0,0.07,46.1,0.02,0.02,0,8.2,192,1,1,0,0,0,0,0,0,0,0,4.9,4.4,0,1,527.1,-448,11.75,-2.3,5.1,0.1,1.3,1.5,4.8,3.3,1.0,1.2,-2.5,-2.4,7,13,-0.8,1.7,0,0,0,0,0,0,1,1,2,0,8,6,7,17,16,14,13,13,15,0,0,0,0,0,0,0,0,0
0,0,-322.22,90.61,91.08,0,0,0,0.06,38.3,0.02,0.0,0,7.5,195,1,1,0,0,0,0,0,0,0,0,4.9,4.3,0,1,527.1,-448,11.75,-2.3,5.1,0.1,1.4,1.5,4.8,3.3,1.0,1.2,-2.5,-2.4,7,13,-0.8,1.7,0,0,0,0,0,0,1,1,2,0,8,6,7,17,16,14,13,13,14,0,0,0,0,0,0,0,0,0
0,0,-322.22,90.61,91.08,0,0,0,0.06,41.3,0.0,-0.01,0,8.6,194,1,1,0,0,0,0,0,0,0,0,4.9,4.1,0,1,527.1,-448,11.75,-2.3,5.0,0.1,1.3,1.5,4.7,3.3,0.9,1.0,-2.5,-2.4,7,13,-0.8,1.7,0,0,0,0,0,0,1,1,2,0,8,6,7,17,16,14,13,13,14,0,0,0,0,0,0,0,0,0
0,0,-322.22,90.61,91.08,0,0,0,0.07,44.4,0.03,0.0,0,8.7,193,1,1,0,0,0,0,0,0,0,0,5.0,4.1,0,1,527.1,-448,11.75,-2.3,5.0,0.1,1.3,1.5,4.7,3.3,0.9,1.0,-2.5,-2.4,7,13,-0.8,1.7,0,0,0,0,0,0,1,1,2,0,8,6,7,17,16,14,13,13,15,0,0,0,0,0,0,0,0,0
0,0,-322.22,90.61,91.08,0,0,0,0.12,39.5,0.02,0.0,0,8.3,195,1,1,0,0,0,0,0,0,0,0,4.7,4.0,0,1,527.1,-448,11.75,-2.4,5.0,0.0,1.3,1.5,4.7,3.3,0.9,1.0,-2.5,-2.4,7,13,-0.8,1.6,0,0,0,0,0,0,1,1,2,0,8,6,7,17,16,14,13,13,14,0,0,0,0,0,0,0,0,0
0,0,-322.22,90.61,91.08,0,0,0,0.17,33.4,0.09,0.03,0,7.9,197,1,1,0,0,0,0,0,0,0,0,4.9,4.1,0,1,527.1,-448,11.75,-2.3,5.0,0.0,1.3,1.5,4.7,3.3,0.9,1.0,-2.5,-2.4,7,13,-0.8,1.5,0,0,0,0,0,0,1,1,2,0,8,6,6,17,16,14,13,13,14,0,0,0,0,0,0,0,0,0
0,0,-322.22,90.61,91.08,0,0,0,0.05,36.0,0.02,0.0,0,8.2,195,1,1,0,0,0,0,0,0,0,0,5.0,4.4,0,1,527.1,-448,11.75,-2.3,5.1,0.1,1.4,1.5,4.8,3.3,1.0,1.2,-2.5,-2.4,7,13,-0.8,1.7,0,0,0,0,0,0,1,1,2,0,8,6,7,17,16,14,13,13,14,0,0,0,0,0,0,0,0,0
0,0,-322.22,90.61,91.08,0,0,0,0.07,37.3,0.02,0.01,0,6.6,194,1,1,0,0,0,0,0,0,0,0,4.8,4.1,0,1,527.1,-448,11.75,-2.3,5.0,0.1,1.3,1.5,4.7,3.3,0.9,1.0,-2.5,-2.4,7,13,-0.8,1.7,0,0,0,0,0,0,1,1,2,0,8,6,7,17,16,14,13,13,14,0,0,0,0,0,0,0,0,0
0,0,-322.22,90.61,91.08,0,0,0,0.06,40.6,0.01,-0.02,0,8.8,195,1,1,0,0,0,0,0,0,0,0,4.9,4.3,0,1,527.1,-448,11.75,-2.3,5.0,0.1,1.3,1.5,4.7,3.3,0.9,1.0,-2.5,-2.4,7,13,-0.8,1.7,0,0,0,0,0,0,1,1,2,0,8,6,7,17,16,14,13,13,14,0,0,0,0,0,0,0,0,0
0,0,-322.22,90.61,91.08,0,0,0,0.06,40.1,0.02,0.01,0,7.2,194,1,1,0,0,0,0,0,0,0,0,4.8,4.4,0,1,527.1,-448,11.75,-2.3,5.0,0.1,1.3,1.5,4.7,3.3,0.9,1.1,-2.5,-2.4,7,13,-0.8,1.7,0,0,0,0,0,0,1,1,2,0,8,6,7,17,16,14,13,13,15,0,0,0,0,0,0,0,0,0
0,0,-322.22,90.61,91.08,0,0,0,0.12,39.8,0.01,0.01,0,8.5,195,1,1,0,0,0,0,0,0,0,0,4.8,4.1,0,1,527.1,-448,11.75,-2.3,5.0,0.0,1.3,1.5,4.7,3.3,0.9,1.0,-2.5,-2.4,7,13,-0.8,1.6,0,0,0,0,0,0,1,1,2,0,8,6,7,17,16,14,13,13,14,0,0,0,0,0,0,0,0,0
0,0,-322.22,90.61,91.08,0,0,0,0.07,45.6,0.02,0.0,0,9.0,192,1,1,0,0,0,0,0,0,0,0,4.9,4.2,0,1,527.1,-448,11.75,-2.3,5.0,0.1,1.3,1.5,4.7,3.3,0.9,1.0,-2.5,-2.4,7,13,-0.8,1.7,0,0,0,0,0,0,1,1,2,0,8,6,7,17,16,14,13,13,14,0,0,0,0,0,0,0,0,0
0,0,-322.22,90.61,91.08,0,0,0,0.06,37.8,0.05,0.0,0,7.8,195,1,1,0,0,0,0,0,0,0,0,4.9,4.2,0,1,527.1,-448,11.75,-2.3,5.0,0.1,1.3,1.5,4.7,3.3,0.9,1.0,-2.5,-2.4,7,13,-0.8,1.7,0,0,0,0,0,0,1,1,2,0,8,6,7,17,16,14,13,13,14,0,0,0,0,0,0,0,0,0
0,0,-322.22,90.61,91.08,0,0,0,0.06,41.7,0.04,0.01,0,8.7,193,1,1,0,0,0,0,0,0,0,0,4.8,4.1,0,1,527.1,-448,11.75,-2.3,5.0,0.1,1.3,1.5,4.7,3.3,0.9,1.0,-2.5,-2.4,7,13,-0.8,1.7,0,0,0,0,0,0,1,1,2,0,8,6,7,17,16,14,13,13,15,0,0,0,0,0,0,0,0,0
0,0,-322.22,90.61,91.08,0,0,0,0.11,37.1,0.02,-0.01,0,7.3,196,1,1,0,0,0,0,0,0,0,0,4.8,4.2,0,1,527.1,-448,11.75,-2.4,5.0,0.0,1.3,1.5,4.7,3.3,0.9,1.0,-2.5,-2.4,7,13,-0.8,1.5,0,0,0,0,0,0,1,1,2,0,8,6,6,17,16,14,13,13,14,0,0,0,0,0,0,0,0,0
0,0,-322.22,90.61,91.08,0,0,0,0.06,41.3,0.03,0.01,0,9.5,196,1,1,0,0,0,0,0,0,0,0,4.9,4.0,0,1,527.1,-448,11.75,-2.4,5.0,0.0,1.3,1.5,4.7,3.3,0.9,1.0,-2.6,-2.4,7,13,-0.8,1.5,0,0,0,0,0,0,1,1,2,0,8,6,6,17,16,14,13,13,14,0,0,0,0,0,0,0,0,0
0,0,-322.22,90.61,91.08,0,0,0,0.06,42.2,0.02,0.0,0,8.3,192,1,1,0,0,0,0,0,0,0,0,4.8,4.2,0,1,527.1,-448,11.75,-2.3,5.0,0.1,1.3,1.5,4.7,3.3,0.9,1.0,-2.5,-2.4,7,13,-0.8,1.7,0,0,0,0,0,0,1,1,2,0,8,6,7,17,16,14,13,13,14,0,0,0,0,0,0,0,0,0
0,0,-322.22,90.61,91.08,0,0,0,0.07,40.9,0.02,0.01,0,7.4,194,1,1,0,0,0,0,0,0,0,0,4.9,4.2,0,1,527.1,-448,11.75,-2.3,5.0,0.1,1.3,1.5,4.7,3.3,0.9,1.0,-2.5,-2.4,7,13,-0.8,1.7,0,0,0,0,0,0,1,1,2,0,8,6,7,17,16,14,13,13,14,0,0,0,0,0,0,0,0,0
0,0,-322.22,90.61,91.08,0,0,0,0.06,37.6,0.08,0.03,0,8.0,195,1,1,0,0,0,0,0,0,0,0,4.9,4.3,0,1,527.1,-448,11.75,-2.3,5.0,0.1,1.3,1.5,4.7,3.3,0.9,1.2,-2.5,-2.4,7,13,-0.8,1.7,0,0,0,0,0,0,1,1,2,0,8,6,7,17,16,14,13,13,14,0,0,0,0,0,0,0,0,0
0,0,-322.22,90.61,91.08,0,0,0,0.12,41.2,0.01,-0.01,0,8.2,195,1,1,0,0,0,0,0,0,0,0,4.9,4.1,0,1,527.1,-448,11.75,-2.4,5.0,0.0,1.3,1.5,4.7,3.3,0.9,1.0,-2.5,-2.4,7,13,-0.8,1.6,0,0,0,0,0,0,1,1,2,0,8,6,7,17,16,14,13,13,14,0,0,0,0,0,0,0,0,0
0,0,-322.22,90.61,91.08,0,0,0,0.06,39.6,0.0,-0.01,0,8.0,195,1,1,0,0,0,0,0,0,0,0,4.9,4.3,0,1,527.1,-448,11.75,-2.3,5.0,0.1,1.3,1.5,4.7,3.3,0.9,1.2,-2.5,-2.4,7,13,-0.8,1.7,0,0,0,0,0,0,1,1,2,0,8,6,7,17,16,14,13,13,14,0,0,0,0,0,0,0,0,0
0,0,-322.22,90.61,91.08,0,0,0,0.06,33.3,0.01,-0.03,0,7.1,198,1,1,0,0,0,0,0,0,0,0,4.8,4.0,0,1,527.1,-448,11.75,-2.4,5.0,0.0,1.3,1.5,4.7,3.2,0.9,1.0,-2.5,-2.4,6,13,-0.8,1.5,0,0,0,0,0,0,1,1,2,0,8,6,6,17,16,14,13,13,14,0,0,0,0,0,0,0,0,0
0,0,-322.22,90.61,91.08,0,0,0,0.06,41.3,0.06,0.03,0,7.9,194,1,1,0,0,0,0,0,0,0,0,4.9,4.3,0,1,527.1,-448,11.75,-2.3,5.0,0.1,1.3,1.5,4.7,3.3,0.9,1.0,-2.5,-2.4,7,13,-0.8,1.7,0,0,0,0,0,0,1,1,2,0,8,6,7,17,16,14,13,13,15,0,0,0,0,0,0,0,0,0
0,0,-322.22,90.61,91.08,0,0,0,0.06,42.9,0.02,-0.01,0,7.9,194,1,1,0,0,0,0,0,0,0,0,5.0,4.2,0,1,527.1,-448,11.75,-2.3,5.0,0.1,1.3,1.5,4.7,3.3,0.9,1.2,-2.5,-2.4,7,13,-0.8,1.7,0,0,0,0,0,0,1,1,2,0,8,6,7,17,16,14,13,13,15,0,0,0,0,0,0,0,0,0
0,0,-322.22,90.61,91.08,0,0,0,0.07,42.4,0.03,0.02,0,7.0,194,1,1,0,0,0,0,0,0,0,0,4.9,4.3,0,1,527.1,-448,11.75,-2.3,5.0,0.1,1.3,1.5,4.7,3.3,0.9,1.1,-2.5,-2.4,7,13,-0.8,1.7,0,0,0,0,0,0,1,1,2,0,8,6,7,17,16,14,13,13,15,0,0,0,0,0,0,0,0,0
0,0,-322.22,90.61,91.08,0,0,0,0.06,40.3,0.0,-0.01,0,7.2,194,1,1,0,0,0,0,0,0,0,0,4.9,4.2,0,1,527.1,-448,11.75,-2.3,5.0,0.1,1.3,1.5,4.7,3.3,0.9,1.0,-2.5,-2.4,7,13,-0.8,1.7,0,0,0,0,0,0,1,1,2,0,8,6,7,17,16,14,13,13,14,0,0,0,0,0,0,0,0,0
0,0,-322.22,90.61,91.08,0,0,0,0.06,43.7,0.01,0.0,0,7.9,193,1,1,0,0,0,0,0,0,0,0,4.7,4.1,0,1,527.1,-448,11.75,-2.3,5.0,0.1,1.3,1.5,4.7,3.3,0.9,1.0,-2.5,-2.4,7,13,-0.8,1.7,0,0,0,0,0,0,1,1,2,0,8,6,7,17,16,14,13,13,14,0,0,0,0,0,0,0,0,0
0,0,-322.22,90.61,91.08,0,0,0,0.06,41.2,0.01,-0.01,0,7.9,194,1,1,0,0,0,0,0,0,0,0,4.8,4.3,0,1,527.1,-448,11.75,-2.3,5.0,0.1,1.3,1.5,4.7,3.3,0.9,1.1,-2.5,-2.4,7,13,-0.8,1.7,0,0,0,0,0,0,1,1,2,0,8,6,7,17,16,14,13,13,14,0,0,0,0,0,0,0,0,0
0,0,-322.22,90.61,91.08,0,0,0,0.06,43.0,0.02,0.0,0,8.5,193,1,1,0,0,0,0,0,0,0,0,4.8,4.2,0,1,527.1,-448,11.75,-2.3,5.0,0.1,1.3,1.5,4.7,3.3,0.9,1.0,-2.5,-2.4,7,13,-0.8,1.7,0,0,0,0,0,0,1,1,2,0,8,6,7,17,16,14,13,13,14,0,0,0,0,0,0,0,0,0
0,0,-322.22,90.61,91.08,0,0,0,0.06,35.6,0.03,0.0,0,8.3,198,1,1,0,0,0,0,0,0,0,0,4.8,4.1,0,1,527.1,-448,11.75,-2.4,5.0,0.0,1.3,1.5,4.7,3.2,0.9,1.0,-2.5,-2.4,7,13,-0.8,1.5,0,0,0,0,0,0,1,1,2,0,8,6,6,17,16,14,13,13,14,0,0,0,0,0,0,0,0,0
0,0,-322.22,90.61,91.08,0,0,0,0.12,41.2,0.07,0.5,0,8.8,194,1,1,0,0,0,0,0,0,0,0,4.9,4.1,0,1,527.1,-448,11.75,-2.3,5.0,0.1,1.3,1.5,4.7,3.3,0.9,1.0,-2.5,-2.4,7,13,-0.8,1.6,0,0,0,0,0,0,1,1,2,0,8,6,7,17,16,14,13,13,14,0,0,0,0,0,0,0,0,0
0,0,-322.22,90.61,91.08,0,0,0,0.06,40.4,-0.01,0.0,0,9.2,197,1,1,0,0,0,0,0,0,0,0,4.7,4.0,0,1,527.1,-448,11.75,-2.4,5.0,0.0,1.3,1.5,4.7,3.2,0.9,1.0,-2.5,-2.4,7,13,-0.8,1.5,0,0,0,0,0,0,1,1,2,0,8,6,6,17,16,14,13,13,14,0,0,0,0,0,0,0,0,0
0,0,-322.22,90.61,91.08,0,0,0,0.06,44.5,0.01,-0.01,0,8.9,192,1,1,0,0,0,0,0,0,0,0,4.9,4.2,0,1,527.1,-448,11.75,-2.3,5.0,0.1,1.3,1.5,4.7,3.3,0.9,1.0,-2.5,-2.4,7,13,-0.8,1.7,0,0,0,0,0,0,1,1,2,0,8,6,7,17,16,14,13,13,14,0,0,0,0,0,0,0,0,0
0,0,-322.22,90.61,91.08,0,0,0,0.06,38.2,0.0,0.01,0,7.6,195,1,1,0,0,0,0,0,0,0,0,4.9,4.3,0,1,527.1,-448,11.75,-2.3,5.0,0.1,1.3,1.5,4.7,3.3,0.9,1.0,-2.5,-2.4,7,13,-0.8,1.7,0,0,0,0,0,0,1,1,2,0,8,6,7,17,16,14,13,13,14,0,0,0,0,0,0,0,0,0
0,0,-322.22,90.61,91.08,0,0,0,0.06,37.0,0.04,0.02,0,8.0,196,1,1,0,0,0,0,0,0,0,0,4.9,4.2,0,1,527.1,-448,11.75,-2.4,5.0,0.0,1.3,1.5,4.7,3.2,0.9,1.0,-2.6,-2.4,7,13,-0.8,1.5,0,0,0,0,0,0,1,1,2,0,8,6,6,17,16,14,13,13,15,0,0,0,0,0,0,0,0,0
0,0,-322.22,90.61,91.08,0,0,0,0.06,42.6,0.02,0.0,0,9.0,192,1,1,0,0,0,0,0,0,0,0,4.8,4.2,0,1,527.1,-448,11.75,-2.3,5.0,0.1,1.3,1.5,4.7,3.3,0.9,1.0,-2.5,-2.4,7,13,-0.8,1.7,0,0,0,0,0,0,1,1,2,0,8,6,7,17,16,14,13,13,14,0,0,0,0,0,0,0,0,0
0,0,-322.22,90.61,91.08,0,0,0,0.11,40.0,0.01,-0.01,0,9.1,195,1,1,0,0,0,0,0,0,0,0,4.8,4.0,0,1,527.1,-448,11.75,-2.3,5.0,0.0,1.3,1.5,4.7,3.3,0.9,1.0,-2.5,-2.4,7,13,-0.8,1.6,0,0,0,0,0,0,1,1,2,0,8,6,7,17,16,14,13,13,14,0,0,0,0,0,0,0,0,0
0,0,-322.22,90.61,91.08,0,0,0,0.12,39.9,0.02,-0.01,0,7.9,195,1,1,0,0,0,0,0,0,0,0,4.7,4.1,0,1,527.1,-448,11.75,-2.4,5.0,0.0,1.3,1.5,4.7,3.3,0.9,1.0,-2.5,-2.4,7,13,-0.8,1.6,0,0,0,0,0,0,1,1,2,0,8,6,7,17,16,14,13,13,15,0,0,0,0,0,0,0,0,0
0,0,-322.22,90.61,91.08,0,0,0,0.07,38.8,0.09,0.54,0,8.4,193,1,1,0,0,0,0,0,0,0,0,5.0,4.3,0,1,527.1,-448,11.75,-2.3,5.1,0.1,1.3,1.5,4.7,3.3,0.9,1.2,-2.5,-2.4,7,13,-0.8,1.7,0,0,0,0,0,0,1,1,2,0,8,6,7,17,16,14,13,13,14,0,0,0,0,0,0,0,0,0
0,0,-322.22,90.61,91.08,0,0,0,0.12,40.7,0.01,-0.02,0,9.9,194,1,1,0,0,0,0,0,0,0,0,4.8,4.3,0,1,527.1,-448,11.75,-2.3,5.0,0.1,1.3,1.5,4.7,3.3,0.9,1.0,-2.5,-2.4,7,13,-0.8,1.6,0,0,0,0,0,0,1,1,2,0,8,6,7,17,16,14,13,13,15,0,0,0,0,0,0,0,0,0
0,0,-322.22,90.61,91.08,0,0,0,0.06,41.4,0.01,0.0,0,9.1,194,1,1,0,0,0,0,0,0,0,0,5.0,4.2,0,1,527.1,-448,11.75,-2.3,5.0,0.1,1.3,1.5,4.7,3.3,0.9,1.0,-2.5,-2.4,7,13,-0.8,1.7,0,0,0,0,0,0,1,1,2,0,8,6,7,17,16,14,13,13,14,0,0,0,0,0,0,0,0,0
0,0,-322.22,90.61,91.08,0,0,0,0.12,37.8,0.0,-0.04,0,8.9,196,1,1,0,0,0,0,0,0,0,0,4.9,4.2,0,1,527.1,-448,11.75,-2.4,5.0,0.0,1.3,1.5,4.7,3.3,0.9,1.0,-2.5,-2.4,7,13,-0.8,1.6,0,0,0,0,0,0,1,1,2,0,8,6,6,17,16,14,13,13,15,0,0,0,0,0,0,0,0,0
0,0,-322.22,90.61,91.08,0,0,0,0.06,42.0,0.02,0.0,0,8.6,195,1,1,0,0,0,0,0,0,0,0,5.0,4.2,0,1,527.1,-448,11.75,-2.3,5.0,0.1,1.3,1.5,4.7,3.3,0.9,1.0,-2.5,-2.4,7,13,-0.8,1.7,0,0,0,0,0,0,1,1,2,0,8,6,7,17,16,14,13,13,14,0,0,0,0,0,0,0,0,0
0,0,-322.22,90.61,91.08,0,0,0,0.06,41.5,0.01,-0.01,0,8.7,193,1,1,0,0,0,0,0,0,0,0,4.9,4.1,0,1,527.1,-448,11.75,-2.3,5.0,0.1,1.3,1.5,4.7,3.3,0.9,1.0,-2.5,-2.4,7,13,-0.8,1.7,0,0,0,0,0,0,1,1,2,0,8,6,7,17,16,14,13,13,14,0,0,0,0,0,0,0,0,0
0,0,-322.22,90.61,91.08,0,0,0,0.11,35.6,0.01,-0.02,0,6.6,196,1,1,0,0,0,0,0,0,0,0,4.9,4.2,0,1,527.1,-448,11.75,-2.4,5.0,0.0,1.3,1.5,4.7,3.3,0.9,1.0,-2.5,-2.4,7,13,-0.8,1.5,0,0,0,0,0,0,1,1,2,0,8,6,6,17,16,14,13,13,15,0,0,0,0,0,0,0,0,0
0,0,-322.22,90.61,91.08,0,0,0,0.07,33.6,0.01,-0.02,0,9.2,198,1,1,0,0,0,0,0,0,0,0,4.8,4.1,0,1,527.1,-448,11.75,-2.4,5.0,0.0,1.3,1.5,4.7,3.2,0.9,1.0,-2.5,-2.4,7,13,-0.8,1.5,0,0,0,0,0,0,1,1,2,0,8,6,6,17,16,14,13,13,14,0,0,0,0,0,0,0,0,0
0,0,-322.22,90.61,91.08,0,0,0,0.12,40.2,0.02,0.0,0,8.1,195,1,1,0,0,0,0,0,0,0,0,4.8,4.1,0,1,527.1,-448,11.75,-2.4,5.0,0.0,1.3,1.5,4.7,3.3,0.9,1.0,-2.5,-2.4,7,13,-0.8,1.6,0,0,0,0,0,0,1,1,2,0,8,6,7,17,16,14,13,13,14,0,0,0,0,0,0,0,0,0
0,0,-322.22,90.61,91.08,0,0,0,0.06,37.7,-0.01,-0.04,0,7.4,197,1,1,0,0,0,0,0,0,0,0,4.8,4.0,0,1,527.1,-448,11.75,-2.4,5.0,0.0,1.3,1.5,4.7,3.2,0.9,1.0,-2.5,-2.4,7,13,-0.8,1.5,0,0,0,0,0,0,1,1,2,0,8,6,6,17,16,14,13,13,14,0,0,0,0,0,0,0,0,0
0,0,-322.22,90.61,91.08,0,0,0,0.06,40.7,0.0,-0.03,0,8.2,195,1,1,0,0,0,0,0,0,0,0,4.9,4.2,0,1,527.1,-448,11.75,-2.3,5.0,0.1,1.3,1.5,4.7,3.3,0.9,1.2,-2.5,-2.4,7,13,-0.8,1.7,0,0,0,0,0,0,1,1,2,0,8,6,7,17,16,14,13,13,15,0,0,0,0,0,0,0,0,0
0,0,-322.22,90.61,91.08,0,0,0,0.06,34.9,0.79,0.02,0,8.0,197,1,1,0,0,0,0,0,0,0,0,4.8,4.2,0,1,527.1,-448,11.75,-2.4,5.0,0.0,1.3,1.5,4.7,3.2,0.9,1.0,-2.5,-2.4,7,13,-0.8,1.5,0,0,0,0,0,0,1,1,2,0,8,6,6,17,16,14,13,13,14,0,0,0,0,0,0,0,0,0
0,0,-322.22,90.61,91.08,0,0,0,0.11,38.6,0.02,0.03,0,8.8,196,1,1,0,0,0,0,0,0,0,0,4.8,4.2,0,1,527.1,-448,11.75,-2.4,5.0,0.0,1.3,1.5,4.7,3.3,0.9,1.0,-2.5,-2.4,7,13,-0.8,1.6,0,0,0,0,0,0,1,1,2,0,8,6,6,17,16,14,13,13,14,0,0,0,0,0,0,0,0,0
0,0,-322.22,90.61,91.08,0,0,0,0.17,39.1,0.0,-0.06,0,7.7,195,1,1,0,0,0,0,0,0,0,0,4.9,4.1,0,1,527.1,-448,11.75,-2.3,5.0,0.0,1.3,1.5,4.7,3.3,0.9,1.0,-2.5,-2.4,7,13,-0.8,1.6,0,0,0,0,0,0,1,1,2,0,8,6,6,17,16,14,13,13,14,0,0,0,0,0,0,0,0,0
0,0,-322.22,90.61,91.08,0,0,0,0.06,43.3,0.01,-0.01,0,7.0,192,1,1,0,0,0,0,0,0,0,0,5.0,4.3,0,1,527.1,-448,11.75,-2.3,5.1,0.1,1.3,1.5,4.7,3.3,1.0,1.2,-2.5,-2.4,7,13,-0.8,1.7,0,0,0,0,0,0,1,1,2,0,8,6,7,17,16,14,13,13,14,0,0,0,0,0,0,0,0,0
0,0,-322.22,90.61,91.08,0,0,0,0.06,40.0,0.78,0.53,0,7.7,194,1,1,0,0,0,0,0,0,0,0,4.9,4.2,0,1,527.1,-448,11.75,-2.3,5.0,0.1,1.3,1.5,4.7,3.3,0.9,1.0,-2.5,-2.4,7,13,-0.8,1.7,0,0,0,0,0,0,1,1,2,0,8,6,7,17,16,14,13,13,14,0,0,0,0,0,0,0,0,0
0,0,-322.22,90.61,91.08,0,0,0,0.06,45.6,0.01,-0.01,0,8.9,192,1,1,0,0,0,0,0,0,0,0,4.9,4.1,0,1,527.1,-448,11.75,-2.3,5.0,0.1,1.3,1.5,4.7,3.3,0.9,1.0,-2.5,-2.4,7,13,-0.8,1.7,0,0,0,0,0,0,1,1,2,0,8,6,7,17,16,14,13,13,15,0,0,0,0,0,0,0,0,0
0,0,-322.22,90.61,91.08,0,0,0,0.17,38.8,0.03,0.04,0,7.8,196,1,1,0,0,0,0,0,0,0,0,4.9,4.2,0,1,527.1,-448,11.75,-2.3,5.0,0.0,1.3,1.5,4.7,3.3,0.9,1.0,-2.5,-2.4,7,13,-0.8,1.5,0,0,0,0,0,0,1,1,2,0,8,6,7,17,16,14,13,13,14,0,0,0,0,0,0,0,0,0
0,0,-322.22,90.61,91.08,0,0,0,0.07,40.0,0.01,0.01,0,7.8,195,1,1,0,0,0,0,0,0,0,0,5.0,4.2,0,1,527.1,-448,11.75,-2.3,5.0,0.1,1.3,1.5,4.7,3.3,0.9,1.2,-2.5,-2.4,7,13,-0.8,1.7,0,0,0,0,0,0,1,1,2,0,8,6,7,17,16,14,13,13,15,0,0,0,0,0,0,0,0,0
0,0,-322.22,90.61,91.08,0,0,0,0.12,42.2,0.01,0.02,0,9.5,195,1,1,0,0,0,0,0,0,0,0,4.8,4.1,0,1,527.1,-448,11.75,-2.3,5.0,0.0,1.3,1.5,4.7,3.3,0.9,1.0,-2.5,-2.4,7,13,-0.8,1.6,0,0,0,0,0,0,1,1,2,0,8,6,7,17,16,14,13,13,14,0,0,0,0,0,0,0,0,0
0,0,-322.22,90.61,91.08,0,0,0,0.06,42.4,0.02,0.0,0,8.5,194,1,1,0,0,0,0,0,0,0,0,4.8,4.1,0,1,527.1,-448,11.75,-2.3,5.0,0.1,1.3,1.5,4.7,3.3,0.9,1.0,-2.5,-2.4,7,13,-0.8,1.7,0,0,0,0,0,0,1,1,2,0,8,6,7,17,16,14,13,13,14,0,0,0,0,0,0,0,0,0
0,0,-322.22,90.61,91.08,0,0,0,0.07,41.8,0.04,0.02,0,8.2,194,1,1,0,0,0,0,0,0,0,0,5.0,4.3,0,1,527.1,-448,11.75,-2.3,5.0,0.1,1.3,1.5,4.7,3.3,0.9,1.1,-2.5,-2.4,7,13,-0.8,1.7,0,0,0,0,0,0,1,1,2,0,8,6,7,17,16,14,13,13,14,0,0,0,0,0,0,0,0,0
0,0,-322.22,90.61,91.08,0,0,0,0.07,42.7,0.01,-0.02,0,6.5,193,1,1,0,0,0,0,0,0,0,0,4.9,4.3,0,1,527.1,-448,11.75,-2.3,5.0,0.1,1.3,1.5,4.7,3.3,0.9,1.0,-2.5,-2.4,7,13,-0.8,1.7,0,0,0,0,0,0,1,1,2,0,8,6,7,17,16,14,13,13,15,0,0,0,0,0,0,0,0,0
0,0,-322.22,90.61,91.08,0,0,0,0.06,40.4,0.08,0.0,0,9.0,197,1,1,0,0,0,0,0,0,0,0,4.7,4.2,0,1,527.1,-448,11.75,-2.4,5.0,0.0,1.3,1.5,4.7,3.2,0.9,1.0,-2.5,-2.4,7,13,-0.8,1.5,0,0,0,0,0,0,1,1,2,0,8,6,6,17,16,14,13,13,14,0,0,0,0,0,0,0,0,0
0,0,-322.22,90.61,91.08,0,0,0,0.07,39.8,0.04,0.04,0,10.1,197,1,1,0,0,0,0,0,0,0,0,4.8,4.0,0,1,527.1,-448,11.75,-2.4,5.0,0.0,1.3,1.5,4.7,3.2,0.9,1.0,-2.5,-2.4,7,13,-0.8,1.5,0,0,0,0,0,0,1,1,2,0,8,6,6,17,16,14,13,13,14,0,0,0,0,0,0,0,0,0
0,0,-322.22,90.61,91.08,0,0,0,0.06,41.3,0.78,0.0,0,8.3,194,1,1,0,0,0,0,0,0,0,0,5.0,4.2,0,1,527.1,-448,11.75,-2.3,5.0,0.1,1.3,1.5,4.7,3.3,0.9,1.0,-2.5,-2.4,7,13,-0.8,1.7,0,0,0,0,0,0,1,1,2,0,8,6,7,17,16,14,13,13,15,0,0,0,0,0,0,0,0,0
0,0,-322.22,90.61,91.08,0,0,0,0.06,42.6,0.8,0.56,0,7.9,194,1,1,0,0,0,0,0,0,0,0,4.9,4.2,0,1,527.1,-448,11.75,-2.3,5.0,0.1,1.3,1.5,4.7,3.3,0.9,1.0,-2.5,-2.4,7,13,-0.8,1.7,0,0,0,0,0,0,1,1,2,0,8,6,7,17,16,14,13,13,14,0,0,0,0,0,0,0,0,0
0,0,-322.22,90.61,91.08,0,0,0,0.13,36.2,0.04,0.02,0,7.1,196,1,1,0,0,0,0,0,0,0,0,4.7,4.1,0,1,527.1,-448,11.75,-2.4,5.0,0.0,1.3,1.5,4.7,3.3,0.9,1.0,-2.5,-2.4,7,12,-0.8,1.5,0,0,0,0,0,0,1,1,2,0,8,6,6,17,16,14,12,12,14,0,0,0,0,0,0,0,0,0
0,0,-322.22,90.61,91.08,0,0,0,0.06,40.3,0.04,0.02,0,6.7,194,1,1,0,0,0,0,0,0,0,0,4.9,4.2,0,1,527.1,-448,11.75,-2.3,5.0,0.1,1.3,1.5,4.7,3.3,0.9,1.0,-2.5,-2.4,7,13,-0.8,1.7,0,0,0,0,0,0,1,1,2,0,8,6,7,17,16,14,13,13,14,0,0,0,0,0,0,0,0,0
0,0,-322.22,90.61,91.08,0,0,0,0.06,42.0,0.01,-0.01,0,9.0,193,1,1,0,0,0,0,0,0,0,0,4.8,4.1,0,1,527.1,-448,11.75,-2.3,5.0,0.1,1.3,1.5,4.7,3.3,0.9,1.0,-2.5,-2.4,7,13,-0.8,1.7,0,0,0,0,0,0,1,1,2,0,8,6,7,17,16,14,13,13,15,0,0,0,0,0,0,0,0,0
0,0,-322.22,90.61,91.08,0,0,0,0.06,39.8,0.02,0.01,0,7.8,195,1,1,0,0,0,0,0,0,0,0,4.9,4.2,0,1,527.1,-448,11.75,-2.3,5.0,0.1,1.3,1.5,4.7,3.3,0.9,1.0,-2.5,-2.4,7,13,-0.8,1.7,0,0,0,0,0,0,1,1,2,0,8,6,7,17,16,14,13,13,14,0,0,0,0,0,0,0,0,0
0,0,-322.22,90.61,91.08,0,0,0,0.07,42.3,0.02,-0.01,0,7.9,194,1,1,0,0,0,0,0,0,0,0,4.9,4.3,0,1,527.1,-448,11.75,-2.3,5.0,0.1,1.3,1.5,4.7,3.3,0.9,1.0,-2.5,-2.4,7,13,-0.8,1.7,0,0,0,0,0,0,1,1,2,0,8,6,7,17,16,14,13,13,14,0,0,0,0,0,0,0,0,0
0,0,-322.22,90.61,91.08,0,0,0,0.07,41.0,0.09,0.03,0,8.2,194,1,1,0,0,0,0,0,0,0,0,5.0,4.3,0,1,527.1,-448,11.75,-2.3,5.1,0.1,1.3,1.5,4.8,3.3,1.0,1.2,-2.5,-2.4,7,13,-0.8,1.7,0,0,0,0,0,0,1,1,2,0,8,6,7,17,16,14,13,13,15,0,0,0,0,0,0,0,0,0
0,0,-322.22,90.61,91.08,0,0,0,0.06,41.4,0.02,0.0,0,7.6,193,1,1,0,0,0,0,0,0,0,0,4.8,4.3,0,1,527.1,-448,11.75,-2.3,5.1,0.1,1.3,1.5,4.7,3.3,1.0,1.2,-2.5,-2.4,7,13,-0.8,1.7,0,0,0,0,0,0,1,1,2,0,8,6,7,17,16,14,13,13,14,0,0,0,0,0,0,0,0,0
0,0,-322.22,90.61,91.08,0,0,0,0.11,40.0,0.01,0.01,0,7.8,195,1,1,0,0,0,0,0,0,0,0,4.7,4.2,0,1,527.1,-448,11.75,-2.4,5.0,0.0,1.3,1.5,4.7,3.3,0.9,1.0,-2.5,-2.4,7,13,-0.8,1.6,0,0,0,0,0,0,1,1,2,0,8,6,7,17,16,14,13,13,14,0,0,0,0,0,0,0,0,0
0,0,-322.22,90.61,91.08,0,0,0,0.12,37.7,0.03,0.02,0,6.4,196,1,1,0,0,0,0,0,0,0,0,4.8,4.2,0,1,527.1,-448,11.75,-2.4,5.0,0.0,1.3,1.5,4.7,3.3,0.9,1.0,-2.5,-2.4,7,13,-0.8,1.5,0,0,0,0,0,0,1,1,2,0,8,6,6,17,16,14,13,13,14,0,0,0,0,0,0,0,0,0
0,0,-322.22,90.61,91.08,0,0,0,0.06,45.3,0.02,0.0,0,8.2,192,1,1,0,0,0,0,0,0,0,0,5.0,4.3,0,1,527.1,-448,11.75,-2.3,5.1,0.1,1.3,1.5,4.7,3.3,1.0,1.2,-2.5,-2.4,7,13,-0.8,1.7,0,0,0,0,0,0,1,1,2,0,8,6,7,17,16,14,13,13,15,0,0,0,0,0,0,0,0,0
0,0,-322.22,90.61,91.08,0,0,0,0.06,41.4,0.03,0.0,0,7.8,194,1,1,0,0,0,0,0,0,0,0,5.0,4.2,0,1,527.1,-448,11.75,-2.3,5.1,0.1,1.3,1.5,4.8,3.3,1.0,1.2,-2.5,-2.4,7,13,-0.8,1.7,0,0,0,0,0,0,1,1,2,0,8,6,7,17,16,14,13,13,15,0,0,0,0,0,0,0,0,0
0,0,-322.22,90.61,91.08,0,0,0,0.06,43.7,0.05,0.01,0,6.9,194,1,1,0,0,0,0,0,0,0,0,4.9,4.3,0,1,527.1,-448,11.75,-2.3,5.0,0.1,1.3,1.5,4.7,3.3,0.9,1.2,-2.5,-2.4,7,13,-0.8,1.7,0,0,0,0,0,0,1,1,2,0,8,6,7,17,16,14,13,13,14,0,0,0,0,0,0,0,0,0
0,0,-322.22,90.61,91.08,0,0,0,0.06,38.2,0.03,0.0,0,7.2,194,1,1,0,0,0,0,0,0,0,0,4.9,4.2,0,1,527.1,-448,11.75,-2.3,5.1,0.1,1.3,1.5,4.7,3.3,0.9,1.2,-2.5,-2.4,7,13,-0.8,1.7,0,0,0,0,0,0,1,1,2,0,8,6,7,17,16,14,13,13,14,0,0,0,0,0,0,0,0,0
0,0,-322.22,90.61,91.08,0,0,0,0.06,42.0,0.78,0.54,0,8.7,193,1,1,0,0,0,0,0,0,0,0,4.8,4.1,0,1,527.1,-448,11.75,-2.3,5.0,0.1,1.3,1.5,4.7,3.3,0.9,1.0,-2.5,-2.4,7,13,-0.8,1.7,0,0,0,0,0,0,1,1,2,0,8,6,7,17,16,14,13,13,14,0,0,0,0,0,0,0,0,0
0,0,-322.22,90.61,91.08,0,0,0,0.16,34.2,0.0,-0.03,0,8.2,196,1,1,0,0,0,0,0,0,0,0,4.8,4.1,0,1,527.1,-448,11.75,-2.3,5.0,0.0,1.3,1.5,4.7,3.3,0.9,1.0,-2.5,-2.4,7,13,-0.8,1.5,0,0,0,0,0,0,1,1,2,0,8,6,6,17,16,14,13,13,15,0,0,0,0,0,0,0,0,0
0,0,-322.22,90.61,91.08,0,0,0,0.07,40.7,0.08,0.03,0,7.5,193,1,1,0,0,0,0,0,0,0,0,4.9,4.0,0,1,527.1,-448,11.75,-2.3,5.0,0.1,1.3,1.5,4.7,3.3,0.9,1.0,-2.5,-2.4,7,13,-0.8,1.7,0,0,0,0,0,0,1,1,2,0,8,6,7,17,16,14,13,13,15,0,0,0,0,0,0,0,0,0
0,0,-322.22,90.61,91.08,0,0,0,0.06,44.9,0.01,-0.01,0,8.1,193,1,1,0,0,0,0,0,0,0,0,4.9,4.4,0,1,527.1,-448,11.75,-2.3,5.1,0.1,1.3,1.5,4.7,3.3,0.9,1.2,-2.5,-2.4,7,13,-0.8,1.7,0,0,0,0,0,0,1,1,2,0,8,6,7,17,16,14,13,13,14,0,0,0,0,0,0,0,0,0
0,0,-322.22,90.61,91.08,0,0,0,0.06,41.7,0.02,0.0,0,8.8,193,1,1,0,0,0,0,0,0,0,0,4.9,4.1,0,1,527.1,-448,11.75,-2.3,5.0,0.1,1.3,1.5,4.7,3.3,0.9,1.0,-2.5,-2.4,7,13,-0.8,1.7,0,0,0,0,0,0,1,1,2,0,8,6,7,17,16,14,13,13,15,0,0,0,0,0,0,0,0,0
0,0,-322.22,90.61,91.08,0,0,0,0.06,41.4,0.01,-0.03,0,8.1,196,1,1,0,0,0,0,0,0,0,0,4.8,4.1,0,1,527.1,-448,11.75,-2.4,5.0,0.0,1.3,1.5,4.7,3.2,0.9,1.0,-2.5,-2.4,7,13,-0.8,1.5,0,0,0,0,0,0,1,1,2,0,8,6,6,17,16,14,13,13,14,0,0,0,0,0,0,0,0,0
0,0,-322.22,90.61,91.08,0,0,0,0.06,37.2,0.02,0.02,0,8.5,197,1,1,0,0,0,0,0,0,0,0,4.7,4.1,0,1,527.1,-448,11.75,-2.4,5.0,0.0,1.3,1.5,4.7,3.2,0.9,1.0,-2.5,-2.4,7,13,-0.8,1.5,0,0,0,0,0,0,1,1,2,0,8,6,6,17,16,14,13,13,14,0,0,0,0,0,0,0,0,0
0,0,-322.22,90.61,91.08,0,0,0,0.12,37.6,0.03,0.04,0,4.6,195,1,1,0,0,0,0,0,0,0,0,4.9,4.1,0,1,527.1,-448,11.75,-2.3,5.0,0.0,1.3,1.5,4.7,3.3,0.9,1.0,-2.5,-2.4,7,13,-0.8,1.6,0,0,0,0,0,0,1,1,2,0,8,6,6,17,16,14,13,13,14,0,0,0,0,0,0,0,0,0
0,0,-322.22,90.61,91.08,0,0,0,0.12,39.8,0.01,-0.01,0,8.1,196,1,1,0,0,0,0,0,0,0,0,4.8,4.1,0,1,527.1,-448,11.75,-2.4,5.0,0.0,1.3,1.5,4.7,3.3,0.9,1.0,-2.5,-2.4,7,12,-0.8,1.5,0,0,0,0,0,0,1,1,2,0,8,6,6,17,16,14,12,12,14,0,0,0,0,0,0,0,0,0
0,0,-322.22,90.61,91.08,0,0,0,0.07,46.4,0.01,-0.01,0,8.2,192,1,1,0,0,0,0,0,0,0,0,4.9,4.4,0,1,527.1,-448,11.75,-2.3,5.1,0.1,1.3,1.5,4.7,3.3,1.0,1.2,-2.5,-2.4,7,13,-0.8,1.7,0,0,0,0,0,0,1,1,2,0,8,6,7,17,16,14,13,13,15,0,0,0,0,0,0,0,0,0
0,0,-322.22,90.61,91.08,0,0,0,0.06,37.9,0.0,0.0,0,9.0,195,1,1,0,0,0,0,0,0,0,0,4.9,4.3,0,1,527.1,-448,11.75,-2.3,5.0,0.1,1.3,1.5,4.7,3.3,0.9,1.0,-2.5,-2.4,7,13,-0.8,1.7,0,0,0,0,0,0,1,1,2,0,8,6,7,17,16,14,13,13,14,0,0,0,0,0,0,0,0,0
0,0,-322.22,90.61,91.08,0,0,0,0.07,39.4,0.76,0.53,0,7.0,195,1,1,0,0,0,0,0,0,0,0,4.9,4.3,0,1,527.1,-448,11.75,-2.3,5.0,0.1,1.3,1.5,4.7,3.3,0.9,1.2,-2.5,-2.4,7,13,-0.8,1.7,0,0,0,0,0,0,1,1,2,0,8,6,7,17,16,14,13,13,14,0,0,0,0,0,0,0,0,0
0,0,-322.22,90.61,91.08,0,0,0,0.07,41.7,0.78,0.54,0,6.6,194,1,1,0,0,0,0,0,0,0,0,4.9,4.3,0,1,527.1,-448,11.75,-2.3,5.0,0.1,1.3,1.5,4.7,3.3,0.9,1.1,-2.5,-2.4,7,13,-0.8,1.7,0,0,0,0,0,0,1,1,2,0,8,6,7,17,16,14,13,13,14,0,0,0,0,0,0,0,0,0
0,0,-322.22,90.61,91.08,0,0,0,0.06,34.3,0.03,0.01,0,8.0,195,1,1,0,0,0,0,0,0,0,0,5.1,4.2,0,1,527.1,-448,11.75,-2.3,5.0,0.1,1.3,1.5,4.7,3.3,0.9,1.2,-2.5,-2.4,7,13,-0.8,1.7,0,0,0,0,0,0,1,1,2,0,8,6,7,17,16,14,13,13,14,0,0,0,0,0,0,0,0,0
0,0,-322.22,90.61,91.08,0,0,0,0.07,41.1,0.03,0.0,0,8.6,193,1,1,0,0,0,0,0,0,0,0,4.9,4.1,0,1,527.1,-448,11.75,-2.3,5.0,0.1,1.3,1.5,4.7,3.3,0.9,1.0,-2.5,-2.4,7,13,-0.8,1.7,0,0,0,0,0,0,1,1,2,0,8,6,7,17,16,14,13,13,15,0,0,0,0,0,0,0,0,0
0,0,-322.22,90.61,91.08,0,0,0,0.07,46.5,0.09,0.03,0,8.5,192,1,1,0,0,0,0,0,0,0,0,4.8,4.0,0,1,527.1,-448,11.75,-2.3,5.0,0.1,1.3,1.5,4.7,3.3,0.9,1.0,-2.5,-2.4,6,13,-0.8,1.7,0,0,0,0,0,0,1,1,2,0,8,6,7,17,16,14,13,13,14,0,0,0,0,0,0,0,0,0
0,0,-322.22,90.61,91.08,0,0,0,0.06,42.2,0.01,-0.01,0,6.7,193,1,1,0,0,0,0,0,0,0,0,4.9,4.3,0,1,527.1,-448,11.75,-2.3,5.1,0.1,1.3,1.5,4.7,3.3,0.9,1.2,-2.5,-2.4,7,13,-0.8,1.7,0,0,0,0,0,0,1,1,2,0,8,6,7,17,16,14,13,13,15,0,0,0,0,0,0,0,0,0
0,0,-322.22,90.61,91.08,0,0,0,0.07,42.3,0.02,0.0,0,8.8,193,1,1,0,0,0,0,0,0,0,0,4.8,4.2,0,1,527.1,-448,11.75,-2.3,5.0,0.1,1.3,1.5,4.7,3.3,0.9,1.0,-2.5,-2.4,7,13,-0.8,1.7,0,0,0,0,0,0,1,1,2,0,8,6,7,17,16,14,13,13,14,0,0,0,0,0,0,0,0,0
0,0,-322.22,90.61,91.08,0,0,0,0.12,40.9,0.03,0.04,0,8.7,195,1,1,0,0,0,0,0,0,0,0,4.8,4.2,0,1,527.1,-448,11.75,-2.3,5.0,0.0,1.3,1.5,4.7,3.3,0.9,1.0,-2.5,-2.4,7,13,-0.8,1.6,0,0,0,0,0,0,1,1,2,0,8,6,7,17,16,14,13,13,14,0,0,0,0,0,0,0,0,0
0,0,-322.22,90.61,91.08,0,0,0,0.06,42.1,0.8,0.54,0,8.1,193,1,1,0,0,0,0,0,0,0,0,4.8,4.3,0,1,527.1,-448,11.75,-2.3,5.1,0.1,1.3,1.5,4.7,3.3,0.9,1.2,-2.5,-2.4,7,13,-0.8,1.7,0,0,0,0,0,0,1,1,2,0,8,6,7,17,16,14,13,13,15,0,0,0,0,0,0,0,0,0
0,0,-322.22,90.61,91.08,0,0,0,0.07,41.2,0.09,0.54,0,7.4,193,1,1,0,0,0,0,0,0,0,0,4.8,4.1,0,1,527.1,-448,11.75,-2.3,5.0,0.1,1.3,1.5,4.7,3.3,0.9,1.0,-2.5,-2.4,7,13,-0.8,1.7,0,0,0,0,0,0,1,1,2,0,8,6,7,17,16,14,13,13,14,0,0,0,0,0,0,0,0,0
0,0,-322.22,90.61,91.08,0,0,0,0.07,39.8,0.02,0.0,0,8.5,194,1,1,0,0,0,0,0,0,0,0,4.9,4.1,0,1,527.1,-448,11.75,-2.3,5.0,0.1,1.3,1.5,4.7,3.3,0.9,1.0,-2.5,-2.4,7,13,-0.8,1.7,0,0,0,0,0,0,1,1,2,0,8,6,7,17,16,14,13,13,14,0,0,0,0,0,0,0,0,0
0,0,-322.22,90.61,91.08,0,0,0,0.07,39.7,0.0,-0.01,0,8.6,197,1,1,0,0,0,0,0,0,0,0,4.7,4.0,0,1,527.1,-448,11.75,-2.4,5.0,0.0,1.3,1.5,4.7,3.2,0.9,1.0,-2.5,-2.4,7,13,-0.8,1.5,0,0,0,0,0,0,1,1,2,0,8,6,6,17,16,14,13,13,14,0,0,0,0,0,0,0,0,0
0,0,-322.22,90.61,91.08,0,0,0,0.06,38.9,0.0,-0.04,0,9.5,196,1,1,0,0,0,0,0,0,0,0,4.8,4.0,0,1,527.1,-448,11.75,-2.4,5.0,0.0,1.3,1.5,4.7,3.3,0.9,1.0,-2.5,-2.4,7,13,-0.8,1.5,0,0,0,0,0,0,1,1,2,0,8,6,6,17,16,14,13,13,15,0,0,0,0,0,0,0,0,0
0,0,-322.22,90.61,91.08,0,0,0,0.06,35.9,0.02,0.0,0,9.3,196,1,1,0,0,0,0,0,0,0,0,4.8,4.0,0,1,527.1,-448,11.75,-2.4,5.0,0.0,1.3,1.5,4.7,3.2,0.9,1.0,-2.6,-2.4,7,13,-0.8,1.5,0,0,0,0,0,0,1,1,2,0,8,6,6,17,16,14,13,13,14,0,0,0,0,0,0,0,0,0
0,0,-322.22,90.61,91.08,0,0,0,0.1,39.4,0.01,-0.01,0,8.3,195,1,1,0,0,0,0,0,0,0,0,4.7,4.1,0,1,527.1,-448,11.75,-2.4,5.0,0.0,1.3,1.5,4.7,3.3,0.9,1.0,-2.5,-2.4,6,13,-0.8,1.6,0,0,0,0,0,0,1,1,2,0,8,6,7,17,16,14,13,13,14,0,0,0,0,0,0,0,0,0
0,0,-322.22,90.61,91.08,0,0,0,0.06,42.8,0.06,0.02,0,7.9,194,1,1,0,0,0,0,0,0,0,0,4.8,4.2,0,1,527.1,-448,11.75,-2.3,5.0,0.1,1.3,1.5,4.7,3.3,0.9,1.0,-2.5,-2.4,7,13,-0.8,1.7,0,0,0,0,0,0,1,1,2,0,8,6,7,17,16,14,13,13,14,0,0,0,0,0,0,0,0,0
0,0,-322.22,90.61,91.08,0,0,0,0.06,43.4,0.02,0.0,0,7.7,192,1,1,0,0,0,0,0,0,0,0,4.9,4.2,0,1,527.1,-448,11.75,-2.3,5.1,0.1,1.3,1.5,4.7,3.3,1.0,1.2,-2.5,-2.4,7,13,-0.8,1.7,0,0,0,0,0,0,1,1,2,0,8,6,7,17,16,14,13,13,15,0,0,0,0,0,0,0,0,0
0,0,-322.22,90.61,91.08,0,0,0,0.06,42.2,0.78,0.54,0,8.8,193,1,1,0,0,0,0,0,0,0,0,4.7,4.1,0,1,527.1,-448,11.75,-2.3,5.0,0.1,1.3,1.5,4.7,3.3,0.9,1.0,-2.5,-2.4,7,12,-0.8,1.7,0,0,0,0,0,0,1,1,2,0,8,6,7,17,16,14,12,12,14,0,0,0,0,0,0,0,0,0
0,0,-322.22,90.61,91.08,0,0,0,0.06,44.7,0.09,0.03,0,8.4,193,1,1,0,0,0,0,0,0,0,0,4.9,4.2,0,1,527.1,-448,11.75,-2.3,5.0,0.1,1.3,1.5,4.7,3.3,0.9,1.0,-2.5,-2.4,7,13,-0.8,1.7,0,0,0,0,0,0,1,1,2,0,8,6,7,17,16,14,13,13,14,0,0,0,0,0,0,0,0,0
0,0,-322.22,90.61,91.08,0,0,0,0.06,37.8,0.02,0.0,0,7.8,194,1,1,0,0,0,0,0,0,0,0,5.1,4.2,0,1,527.1,-448,11.75,-2.3,5.1,0.1,1.4,1.5,4.8,3.3,1.0,1.2,-2.5,-2.4,7,13,-0.8,1.7,0,0,0,0,0,0,1,1,2,0,8,6,7,17,16,14,13,13,15,0,0,0,0,0,0,0,0,0
0,0,-322.22,90.61,91.08,0,0,0,0.06,42.1,0.01,0.0,0,8.8,195,1,1,0,0,0,0,0,0,0,0,4.9,4.2,0,1,527.1,-448,11.75,-2.3,5.0,0.1,1.3,1.5,4.7,3.3,0.9,1.0,-2.5,-2.4,7,13,-0.8,1.7,0,0,0,0,0,0,1,1,2,0,8,6,7,17,16,14,13,13,14,0,0,0,0,0,0,0,0,0
0,0,-322.22,90.61,91.08,0,0,0,0.06,45.0,0.01,-0.01,0,8.6,193,1,1,0,0,0,0,0,0,0,0,4.9,4.4,0,1,527.1,-448,11.75,-2.3,5.1,0.1,1.3,1.5,4.8,3.3,1.0,1.2,-2.5,-2.4,7,13,-0.8,1.7,0,0,0,0,0,0,1,1,2,0,8,6,7,17,16,14,13,13,15,0,0,0,0,0,0,0,0,0
0,0,-322.22,90.61,91.08,0,0,0,0.16,36.9,0.01,-0.01,0,8.9,196,1,1,0,0,0,0,0,0,0,0,4.7,4.2,0,1,527.1,-448,11.75,-2.3,5.0,0.0,1.3,1.5,4.7,3.3,0.9,1.0,-2.5,-2.4,7,13,-0.8,1.5,0,0,0,0,0,0,1,1,2,0,8,6,6,17,16,14,13,13,14,0,0,0,0,0,0,0,0,0
0,0,-322.22,90.61,91.08,0,0,0,0.17,38.4,0.02,-0.06,0,7.5,195,1,1,0,0,0,0,0,0,0,0,4.8,4.2,0,1,527.1,-448,11.75,-2.3,5.0,0.0,1.3,1.5,4.7,3.3,0.9,1.0,-2.5,-2.4,7,13,-0.8,1.6,0,0,0,0,0,0,1,1,2,0,8,6,6,17,16,14,13,13,14,0,0,0,0,0,0,0,0,0
0,0,-322.22,90.61,91.08,0,0,0,0.17,38.5,0.03,0.01,0,7.7,196,1,1,0,0,0,0,0,0,0,0,4.8,4.1,0,1,527.1,-448,11.75,-2.3,5.0,0.0,1.3,1.5,4.7,3.3,0.9,1.0,-2.5,-2.4,7,13,-0.8,1.5,0,0,0,0,0,0,1,1,2,0,8,6,7,17,16,14,13,13,14,0,0,0,0,0,0,0,0,0
0,0,-322.22,90.61,91.08,0,0,0,0.06,39.5,0.01,-0.01,0,8.7,193,1,1,0,0,0,0,0,0,0,0,5.0,4.3,0,1,527.1,-448,11.75,-2.3,5.1,0.1,1.3,1.5,4.7,3.3,0.9,1.2,-2.5,-2.4,7,13,-0.8,1.7,0,0,0,0,0,0,1,1,2,0,8,6,7,17,16,14,13,13,14,0,0,0,0,0,0,0,0,0
0,0,-322.22,90.61,91.08,0,0,0,0.06,42.5,0.02,0.01,0,8.5,193,1,1,0,0,0,0,0,0,0,0,4.9,4.2,0,1,527.1,-448,11.75,-2.3,5.0,0.1,1.3,1.5,4.7,3.3,0.9,1.0,-2.5,-2.4,7,13,-0.8,1.7,0,0,0,0,0,0,1,1,2,0,8,6,7,17,16,14,13,13,15,0,0,0,0,0,0,0,0,0
0,0,-322.22,90.61,91.08,0,0,0,0.06,41.1,0.03,0.01,0,8.0,194,1,1,0,0,0,0,0,0,0,0,4.9,4.2,0,1,527.1,-448,11.75,-2.3,5.0,0.1,1.3,1.5,4.7,3.3,0.9,1.1,-2.5,-2.4,6,13,-0.8,1.7,0,0,0,0,0,0,1,1,2,0,8,6,7,17,16,14,13,13,14,0,0,0,0,0,0,0,0,0
0,0,-322.22,90.61,91.08,0,0,0,0.06,38.6,0.03,-0.02,0,6.7,195,1,1,0,0,0,0,0,0,0,0,4.9,4.3,0,1,527.1,-448,11.75,-2.3,5.0,0.1,1.3,1.5,4.7,3.3,0.9,1.2,-2.5,-2.4,7,13,-0.8,1.7,0,0,0,0,0,0,1,1,2,0,8,6,7,17,16,14,13,13,14,0,0,0,0,0,0,0,0,0
0,0,-322.22,90.61,91.08,0,0,0,0.12,42.9,0.03,0.03,0,8.6,194,1,1,0,0,0,0,0,0,0,0,4.9,4.0,0,1,527.1,-448,11.75,-2.3,5.0,0.1,1.3,1.5,4.7,3.3,0.9,1.0,-2.5,-2.4,7,13,-0.8,1.7,0,0,0,0,0,0,1,1,2,0,8,6,7,17,16,14,13,13,14,0,0,0,0,0,0,0,0,0
0,0,-322.22,90.61,91.08,0,0,0,0.07,41.7,0.03,-0.02,0,7.5,195,1,1,0,0,0,0,0,0,0,0,5.0,4.3,0,1,527.1,-448,11.75,-2.3,5.0,0.1,1.3,1.5,4.7,3.3,0.9,1.1,-2.5,-2.4,7,13,-0.8,1.7,0,0,0,0,0,0,1,1,2,0,8,6,7,17,16,14,13,13,15,0,0,0,0,0,0,0,0,0
0,0,-322.22,90.61,91.08,0,0,0,0.06,41.3,0.02,0.0,0,8.1,194,1,1,0,0,0,0,0,0,0,0,4.9,4.2,0,1,527.1,-448,11.75,-2.3,5.0,0.1,1.3,1.5,4.7,3.3,0.9,1.0,-2.5,-2.4,7,13,-0.8,1.7,0,0,0,0,0,0,1,1,2,0,8,6,7,17,16,14,13,13,14,0,0,0,0,0,0,0,0,0
0,0,-322.22,90.61,91.08,0,0,0,0.06,43.1,0.03,0.0,0,8.4,193,1,1,0,0,0,0,0,0,0,0,4.9,4.1,0,1,527.1,-448,11.75,-2.3,5.0,0.1,1.3,1.5,4.7,3.3,0.9,1.0,-2.5,-2.4,7,13,-0.8,1.7,0,0,0,0,0,0,1,1,2,0,8,6,7,17,16,14,13,13,14,0,0,0,0,0,0,0,0,0
0,0,-322.22,90.61,91.08,0,0,0,0.06,41.3,0.1,0.03,0,7.5,194,1,1,0,0,0,0,0,0,0,0,4.9,4.2,0,1,527.1,-448,11.75,-2.3,5.0,0.1,1.3,1.5,4.7,3.3,0.9,1.0,-2.5,-2.4,7,13,-0.8,1.7,0,0,0,0,0,0,1,1,2,0,8,6,7,17,16,14,13,13,14,0,0,0,0,0,0,0,0,0
0,0,-322.22,90.61,91.08,0,0,0,0.07,37.1,0.03,0.01,0,8.5,195,1,1,0,0,0,0,0,0,0,0,4.9,4.3,0,1,527.1,-448,11.75,-2.3,5.1,0.1,1.4,1.5,4.8,3.3,1.0,1.2,-2.5,-2.4,7,13,-0.8,1.7,0,0,0,0,0,0,1,1,2,0,8,6,7,17,16,14,13,13,14,0,0,0,0,0,0,0,0,0
0,0,-322.22,90.61,91.08,0,0,0,0.06,40.4,0.03,0.01,0,8.0,195,1,1,0,0,0,0,0,0,0,0,4.9,4.4,0,1,527.1,-448,11.75,-2.3,5.0,0.1,1.3,1.5,4.7,3.3,0.9,1.2,-2.5,-2.4,7,13,-0.8,1.7,0,0,0,0,0,0,1,1,2,0,8,6,7,17,16,14,13,13,15,0,0,0,0,0,0,0,0,0
0,0,-322.22,90.61,91.08,0,0,0,0.12,37.0,0.03,0.01,0,8.6,196,1,1,0,0,0,0,0,0,0,0,4.7,4.1,0,1,527.1,-448,11.75,-2.4,5.0,0.0,1.3,1.5,4.7,3.3,0.9,1.0,-2.5,-2.4,7,13,-0.8,1.5,0,0,0,0,0,0,1,1,2,0,8,6,6,17,16,14,13,13,15,0,0,0,0,0,0,0,0,0
0,0,-322.22,90.61,91.08,0,0,0,0.06,43.3,0.02,0.0,0,8.4,193,1,1,0,0,0,0,0,0,0,0,4.9,4.1,0,1,527.1,-448,11.75,-2.3,5.0,0.1,1.3,1.5,4.7,3.3,0.9,1.0,-2.5,-2.4,7,13,-0.8,1.7,0,0,0,0,0,0,1,1,2,0,8,6,7,17,16,14,13,13,15,0,0,0,0,0,0,0,0,0
0,0,-322.22,90.61,91.08,0,0,0,0.06,41.9,0.03,-0.01,0,8.2,194,1,1,0,0,0,0,0,0,0,0,5.0,4.2,0,1,527.1,-448,11.75,-2.3,5.0,0.1,1.3,1.5,4.7,3.3,0.9,1.0,-2.5,-2.4,6,13,-0.8,1.7,0,0,0,0,0,0,1,1,2,0,8,6,7,17,16,14,13,13,15,0,0,0,0,0,0,0,0,0
0,0,-322.22,90.61,91.08,0,0,0,0.06,39.4,0.01,-0.01,0,8.1,193,1,1,0,0,0,0,0,0,0,0,5.1,4.3,0,1,527.1,-448,11.75,-2.3,5.1,0.1,1.3,1.5,4.7,3.3,0.9,1.2,-2.5,-2.4,7,13,-0.8,1.7,0,0,0,0,0,0,1,1,2,0,8,6,7,17,16,14,13,13,14,0,0,0,0,0,0,0,0,0
0,0,-322.22,90.61,91.08,0,0,0,0.06,38.2,0.02,0.0,0,7.5,195,1,1,0,0,0,0,0,0,0,0,4.9,4.3,0,1,527.1,-448,11.75,-2.3,5.0,0.1,1.3,1.5,4.7,3.3,0.9,1.0,-2.5,-2.4,7,13,-0.8,1.7,0,0,0,0,0,0,1,1,2,0,8,6,7,17,16,14,13,13,14,0,0,0,0,0,0,0,0,0
0,0,-322.22,90.61,91.08,0,0,0,0.06,38.7,0.01,-0.02,0,8.0,197,1,1,0,0,0,0,0,0,0,0,4.7,4.2,0,1,527.1,-448,11.75,-2.4,5.0,0.0,1.3,1.5,4.7,3.2,0.9,1.0,-2.5,-2.4,6,13,-0.8,1.5,0,0,0,0,0,0,1,1,2,0,8,6,6,17,16,14,13,13,14,0,0,0,0,0,0,0,0,0
0,0,-322.22,90.61,91.08,0,0,0,0.06,42.4,0.01,-0.01,0,8.8,193,1,1,0,0,0,0,0,0,0,0,4.8,4.3,0,1,527.1,-448,11.75,-2.3,5.0,0.1,1.3,1.5,4.7,3.3,0.9,1.0,-2.5,-2.4,7,13,-0.8,1.7,0,0,0,0,0,0,1,1,2,0,8,6,7,17,16,14,13,13,15,0,0,0,0,0,0,0,0,0
0,0,-322.22,90.61,91.08,0,0,0,0.06,43.3,0.01,-0.01,0,8.0,193,1,1,0,0,0,0,0,0,0,0,4.9,4.3,0,1,527.1,-448,11.75,-2.3,5.1,0.1,1.3,1.5,4.7,3.3,0.9,1.2,-2.5,-2.4,7,13,-0.8,1.7,0,0,0,0,0,0,1,1,2,0,8,6,7,17,16,14,13,13,15,0,0,0,0,0,0,0,0,0
0,0,-322.22,90.61,91.08,0,0,0,0.06,42.5,-0.01,-0.02,0,8.4,194,1,1,0,0,0,0,0,0,0,0,4.9,4.2,0,1,527.1,-448,11.75,-2.3,5.0,0.1,1.3,1.5,4.7,3.3,0.9,1.0,-2.5,-2.4,7,13,-0.8,1.7,0,0,0,0,0,0,1,1,2,0,8,6,7,17,16,14,13,13,15,0,0,0,0,0,0,0,0,0
0,0,-322.22,90.61,91.08,0,0,0,0.06,33.8,0.02,0.02,0,7.5,198,1,1,0,0,0,0,0,0,0,0,4.9,4.1,0,1,527.1,-448,11.75,-2.4,5.0,0.0,1.3,1.5,4.7,3.2,0.9,1.0,-2.5,-2.4,7,13,-0.8,1.5,0,0,0,0,0,0,1,1,2,0,8,6,6,17,16,14,13,13,14,0,0,0,0,0,0,0,0,0
0,0,-322.22,90.61,91.08,0,0,0,0.07,40.4,0.02,-0.01,0,7.9,194,1,1,0,0,0,0,0,0,0,0,4.9,4.3,0,1,527.1,-448,11.75,-2.3,5.1,0.1,1.3,1.5,4.7,3.3,0.9,1.2,-2.5,-2.4,7,13,-0.8,1.7,0,0,0,0,0,0,1,1,2,0,8,6,7,17,16,14,13,13,15,0,0,0,0,0,0,0,0,0
0,0,-322.22,90.61,91.08,0,0,0,0.11,39.5,0.02,0.02,0,8.6,195,1,1,0,0,0,0,0,0,0,0,4.8,4.0,0,1,527.1,-448,11.75,-2.4,5.0,0.0,1.3,1.5,4.7,3.3,0.9,1.0,-2.5,-2.4,6,13,-0.8,1.6,0,0,0,0,0,0,1,1,2,0,8,6,7,17,16,14,13,13,14,0,0,0,0,0,0,0,0,0
0,0,-322.22,90.61,91.08,0,0,0,0.07,44.6,0.04,0.0,0,7.4,192,1,1,0,0,0,0,0,0,0,0,4.9,4.2,0,1,527.1,-448,11.75,-2.3,5.0,0.1,1.3,1.5,4.7,3.3,0.9,1.2,-2.5,-2.4,7,13,-0.8,1.7,0,0,0,0,0,0,1,1,2,0,8,6,7,17,16,14,13,13,15,0,0,0,0,0,0,0,0,0
0,0,-322.22,90.61,91.08,0,0,0,0.06,39.9,0.03,-0.01,0,7.5,195,1,1,0,0,0,0,0,0,0,0,4.9,4.3,0,1,527.1,-448,11.75,-2.3,5.0,0.1,1.3,1.5,4.7,3.3,0.9,1.2,-2.5,-2.4,7,13,-0.8,1.7,0,0,0,0,0,0,1,1,2,0,8,6,7,17,16,14,13,13,14,0,0,0,0,0,0,0,0,0
0,0,-322.22,90.61,91.08,0,0,0,0.06,44.9,0.01,-0.01,0,8.2,193,1,1,0,0,0,0,0,0,0,0,5.0,4.4,0,1,527.1,-448,11.75,-2.3,5.1,0.1,1.3,1.5,4.8,3.3,1.0,1.2,-2.5,-2.4,7,13,-0.8,1.7,0,0,0,0,0,0,1,1,2,0,8,6,7,17,16,14,13,13,14,0,0,0,0,0,0,0,0,0
0,0,-322.22,90.61,91.08,0,0,0,0.07,40.0,0.02,0.02,0,7.0,194,1,1,0,0,0,0,0,0,0,0,5.0,4.2,0,1,527.1,-448,11.75,-2.3,5.1,0.1,1.4,1.5,4.8,3.3,1.0,1.2,-2.5,-2.4,7,13,-0.8,1.7,0,0,0,0,0,0,1,1,2,0,8,6,7,17,16,14,13,13,15,0,0,0,0,0,0,0,0,0
0,0,-322.22,90.61,91.08,0,0,0,0.12,43.2,0.03,0.02,0,8.3,195,1,1,0,0,0,0,0,0,0,0,4.8,4.2,0,1,527.1,-448,11.75,-2.4,5.0,0.0,1.3,1.5,4.7,3.3,0.9,1.0,-2.5,-2.4,7,13,-0.8,1.6,0,0,0,0,0,0,1,1,2,0,8,6,7,17,16,14,13,13,14,0,0,0,0,0,0,0,0,0
0,0,-322.22,90.61,91.08,0,0,0,0.06,46.2,0.78,0.02,0,7.7,193,1,1,0,0,0,0,0,0,0,0,5.0,4.3,0,1,527.1,-448,11.75,-2.3,5.1,0.1,1.3,1.5,4.8,3.3,1.0,1.2,-2.5,-2.4,7,13,-0.8,1.7,0,0,0,0,0,0,1,1,2,0,8,6,7,17,16,14,13,13,15,0,0,0,0,0,0,0,0,0
0,0,-322.22,90.61,91.08,0,0,0,0.06,43.8,0.02,-0.01,0,8.0,193,1,1,0,0,0,0,0,0,0,0,4.9,4.2,0,1,527.1,-448,11.75,-2.3,5.0,0.1,1.3,1.5,4.7,3.3,0.9,1.0,-2.5,-2.4,7,13,-0.8,1.7,0,0,0,0,0,0,1,1,2,0,8,6,7,17,16,14,13,13,14,0,0,0,0,0,0,0,0,0
0,0,-322.22,90.61,91.08,0,0,0,0.06,37.4,0.08,0.05,0,7.3,197,1,1,0,0,0,0,0,0,0,0,4.8,4.0,0,1,527.1,-448,11.75,-2.4,5.0,0.0,1.3,1.5,4.7,3.2,0.9,1.0,-2.5,-2.4,6,13,-0.8,1.5,0,0,0,0,0,0,1,1,2,0,8,6,6,17,16,14,13,13,14,0,0,0,0,0,0,0,0,0
0,0,-322.22,90.61,91.08,0,0,0,0.06,41.2,0.02,-0.02,0,7.7,194,1,1,0,0,0,0,0,0,0,0,4.9,4.2,0,1,527.1,-448,11.75,-2.3,5.0,0.1,1.3,1.5,4.7,3.3,0.9,1.0,-2.5,-2.4,7,13,-0.8,1.7,0,0,0,0,0,0,1,1,2,0,8,6,7,17,16,14,13,13,14,0,0,0,0,0,0,0,0,0
0,0,-322.22,90.61,91.08,0,0,0,0.07,42.5,0.01,-0.02,0,7.7,194,1,1,0,0,0,0,0,0,0,0,4.9,4.3,0,1,527.1,-448,11.75,-2.3,5.0,0.1,1.3,1.5,4.7,3.3,0.9,1.1,-2.5,-2.4,7,13,-0.8,1.7,0,0,0,0,0,0,1,1,2,0,8,6,7,17,16,14,13,13,14,0,0,0,0,0,0,0,0,0
0,0,-322.22,90.61,91.08,0,0,0,0.06,42.2,0.01,-0.01,0,8.4,195,1,1,0,0,0,0,0,0,0,0,4.9,4.3,0,1,527.1,-448,11.75,-2.3,5.0,0.1,1.3,1.5,4.7,3.3,0.9,1.0,-2.5,-2.4,7,13,-0.8,1.7,0,0,0,0,0,0,1,1,2,0,8,6,7,17,16,14,13,13,15,0,0,0,0,0,0,0,0,0
0,0,-322.22,90.61,91.08,0,0,0,0.18,38.1,0.02,0.02,0,8.9,196,1,1,0,0,0,0,0,0,0,0,4.8,4.1,0,1,527.1,-448,11.75,-2.3,5.0,0.0,1.3,1.5,4.7,3.3,0.9,1.0,-2.5,-2.4,7,13,-0.8,1.5,0,0,0,0,0,0,1,1,2,0,8,6,7,17,16,14,13,13,15,0,0,0,0,0,0,0,0,0
0,0,-322.22,90.61,91.08,0,0,0,0.12,40.8,0.02,-0.01,0,9.4,194,1,1,0,0,0,0,0,0,0,0,4.9,4.1,0,1,527.1,-448,11.75,-2.3,5.0,0.1,1.3,1.5,4.7,3.3,0.9,1.0,-2.5,-2.4,7,13,-0.8,1.6,0,0,0,0,0,0,1,1,2,0,8,6,7,17,16,14,13,13,14,0,0,0,0,0,0,0,0,0
0,0,-322.22,90.61,91.08,0,0,0,0.06,40.7,0.01,-0.02,0,7.9,194,1,1,0,0,0,0,0,0,0,0,4.8,4.2,0,1,527.1,-448,11.75,-2.3,5.0,0.1,1.3,1.5,4.7,3.3,0.9,1.0,-2.5,-2.4,7,13,-0.8,1.7,0,0,0,0,0,0,1,1,2,0,8,6,7,17,16,14,13,13,15,0,0,0,0,0,0,0,0,0
0,0,-322.22,90.61,91.08,0,0,0,0.06,40.7,0.03,0.0,0,6.8,194,1,1,0,0,0,0,0,0,0,0,4.8,4.1,0,1,527.1,-448,11.75,-2.3,5.0,0.1,1.3,1.5,4.7,3.3,0.9,1.0,-2.5,-2.4,6,13,-0.8,1.7,0,0,0,0,0,0,1,1,2,0,8,6,7,17,16,14,13,13,14,0,0,0,0,0,0,0,0,0
0,0,-322.22,90.61,91.08,0,0,0,0.06,33.8,0.0,-0.01,0,6.0,194,1,1,0,0,0,0,0,0,0,0,4.9,4.3,0,1,527.1,-448,11.75,-2.3,5.0,0.1,1.3,1.5,4.7,3.3,0.9,1.2,-2.5,-2.4,7,13,-0.8,1.7,0,0,0,0,0,0,1,1,2,0,8,6,7,17,16,14,13,13,15,0,0,0,0,0,0,0,0,0
0,0,-322.22,90.61,91.08,0,0,0,0.12,43.5,0.0,-0.03,0,9.4,194,1,1,0,0,0,0,0,0,0,0,4.9,4.2,0,1,527.1,-448,11.75,-2.3,5.0,0.1,1.3,1.5,4.7,3.3,0.9,1.0,-2.5,-2.4,6,13,-0.8,1.7,0,0,0,0,0,0,1,1,2,0,8,6,7,17,16,14,13,13,15,0,0,0,0,0,0,0,0,0
0,0,-322.22,90.61,91.08,0,0,0,0.12,38.8,0.02,0.01,0,4.4,194,1,1,0,0,0,0,0,0,0,0,4.9,4.1,0,1,527.1,-448,11.75,-2.3,5.0,0.1,1.3,1.5,4.7,3.3,0.9,1.0,-2.5,-2.4,7,12,-0.8,1.6,0,0,0,0,0,0,1,1,2,0,8,6,6,17,16,14,12,12,14,0,0,0,0,0,0,0,0,0
0,0,-322.22,90.61,91.08,0,0,0,0.12,38.3,0.02,0.0,0,8.5,196,1,1,0,0,0,0,0,0,0,0,4.9,4.1,0,1,527.1,-448,11.75,-2.4,5.0,0.0,1.3,1.5,4.7,3.3,0.9,1.0,-2.5,-2.4,7,13,-0.8,1.6,0,0,0,0,0,0,1,1,2,0,8,6,6,17,16,14,13,13,14,0,0,0,0,0,0,0,0,0
0,0,-322.22,90.61,91.08,0,0,0,0.06,42.8,-0.01,-0.01,0,7.5,195,1,1,0,0,0,0,0,0,0,0,5.0,4.1,0,1,527.1,-448,11.75,-2.3,5.0,0.1,1.3,1.5,4.7,3.3,0.9,1.2,-2.5,-2.4,7,13,-0.8,1.7,0,0,0,0,0,0,1,1,2,0,8,6,7,17,16,14,13,13,15,0,0,0,0,0,0,0,0,0
0,0,-322.22,90.61,91.08,0,0,0,0.17,34.7,0.04,0.05,0,8.9,196,1,1,0,0,0,0,0,0,0,0,4.9,4.0,0,1,527.1,-448,11.75,-2.3,5.0,0.0,1.3,1.5,4.7,3.3,0.9,1.0,-2.5,-2.4,6,13,-0.8,1.6,0,0,0,0,0,0,1,1,2,0,8,6,6,17,16,14,13,13,14,0,0,0,0,0,0,0,0,0
0,0,-322.22,90.61,91.08,0,0,0,0.07,38.9,0.03,0.0,0,8.9,195,1,1,0,0,0,0,0,0,0,0,4.9,4.3,0,1,527.1,-448,11.75,-2.3,5.0,0.1,1.3,1.5,4.7,3.3,0.9,1.0,-2.5,-2.4,7,13,-0.8,1.7,0,0,0,0,0,0,1,1,2,0,8,6,7,17,16,14,13,13,15,0,0,0,0,0,0,0,0,0
0,0,-322.22,90.61,91.08,0,0,0,0.06,39.5,0.08,0.03,0,8.4,194,1,1,0,0,0,0,0,0,0,0,4.9,4.4,0,1,527.1,-448,11.75,-2.3,5.1,0.1,1.3,1.5,4.7,3.3,0.9,1.2,-2.5,-2.4,7,13,-0.8,1.7,0,0,0,0,0,0,1,1,2,0,8,6,7,17,16,14,13,13,14,0,0,0,0,0,0,0,0,0
0,0,-322.22,90.61,91.08,0,0,0,0.06,40.5,0.01,-0.01,0,7.8,193,1,1,0,0,0,0,0,0,0,0,4.9,4.2,0,1,527.1,-448,11.75,-2.3,5.0,0.1,1.3,1.5,4.7,3.3,0.9,1.0,-2.5,-2.4,7,13,-0.8,1.7,0,0,0,0,0,0,1,1,2,0,8,6,7,17,16,14,13,13,15,0,0,0,0,0,0,0,0,0
0,0,-322.22,90.61,91.08,0,0,0,0.06,36.5,0.01,-0.01,0,8.6,195,1,1,0,0,0,0,0,0,0,0,5.0,4.3,0,1,527.1,-448,11.75,-2.3,5.1,0.1,1.4,1.5,4.8,3.3,1.0,1.2,-2.5,-2.4,7,13,-0.8,1.7,0,0,0,0,0,0,1,1,2,0,8,6,7,17,16,14,13,13,14,0,0,0,0,0,0,0,0,0
0,0,-322.22,90.61,91.08,0,0,0,0.06,43.7,0.01,0.03,0,8.4,193,1,1,0,0,0,0,0,0,0,0,4.9,4.3,0,1,527.1,-448,11.75,-2.3,5.1,0.1,1.3,1.5,4.7,3.3,0.9,1.2,-2.5,-2.4,7,13,-0.8,1.7,0,0,0,0,0,0,1,1,2,0,8,6,7,17,16,14,13,13,15,0,0,0,0,0,0,0,0,0
0,0,-322.22,90.61,91.08,0,0,0,0.06,42.3,0.01,-0.01,0,8.9,193,1,1,0,0,0,0,0,0,0,0,4.9,4.1,0,1,527.1,-448,11.75,-2.3,5.0,0.1,1.3,1.5,4.7,3.3,0.9,1.0,-2.5,-2.4,7,13,-0.8,1.7,0,0,0,0,0,0,1,1,2,0,8,6,7,17,16,14,13,13,14,0,0,0,0,0,0,0,0,0
0,0,-322.22,90.61,91.08,0,0,0,0.06,37.8,0.08,0.03,0,8.6,195,1,1,0,0,0,0,0,0,0,0,4.9,4.3,0,1,527.1,-448,11.75,-2.3,5.1,0.1,1.4,1.5,4.8,3.3,1.0,1.2,-2.5,-2.4,7,13,-0.8,1.7,0,0,0,0,0,0,1,1,2,0,8,6,7,17,16,14,13,13,14,0,0,0,0,0,0,0,0,0
0,0,-322.22,90.61,91.08,0,0,0,0.06,41.4,0.79,0.54,0,8.3,194,1,1,0,0,0,0,0,0,0,0,4.9,4.3,0,1,527.1,-448,11.75,-2.3,5.1,0.1,1.3,1.5,4.7,3.3,0.9,1.2,-2.5,-2.4,7,13,-0.8,1.7,0,0,0,0,0,0,1,1,2,0,8,6,7,17,16,14,13,13,14,0,0,0,0,0,0,0,0,0
0,0,-322.22,90.61,91.08,0,0,0,0.06,42.0,-0.01,-0.02,0,7.6,194,1,1,0,0,0,0,0,0,0,0,4.8,4.2,0,1,527.1,-448,11.75,-2.3,5.0,0.1,1.3,1.5,4.7,3.3,0.9,1.0,-2.5,-2.4,7,12,-0.8,1.7,0,0,0,0,0,0,1,1,2,0,8,6,7,17,16,14,12,12,14,0,0,0,0,0,0,0,0,0
0,0,-322.22,90.61,91.08,0,0,0,0.06,42.1,0.02,-0.01,0,8.1,194,1,1,0,0,0,0,0,0,0,0,4.9,4.2,0,1,527.1,-448,11.75,-2.3,5.0,0.1,1.3,1.5,4.7,3.3,0.9,1.0,-2.5,-2.4,7,13,-0.8,1.7,0,0,0,0,0,0,1,1,2,0,8,6,7,17,16,14,13,13,15,0,0,0,0,0,0,0,0,0
0,0,-322.22,90.61,91.08,0,0,0,0.06,43.1,0.03,0.0,0,7.3,194,1,1,0,0,0,0,0,0,0,0,4.8,4.3,0,1,527.1,-448,11.75,-2.3,5.0,0.1,1.3,1.5,4.7,3.3,0.9,1.0,-2.5,-2.4,7,13,-0.8,1.7,0,0,0,0,0,0,1,1,2,0,8,6,7,17,16,14,13,13,14,0,0,0,0,0,0,0,0,0
0,0,-322.22,90.61,91.08,0,0,0,0.06,42.6,-0.01,-0.01,0,7.5,194,1,1,0,0,0,0,0,0,0,0,4.9,4.4,0,1,527.1,-448,11.75,-2.3,5.0,0.1,1.3,1.5,4.7,3.3,0.9,1.1,-2.5,-2.4,7,13,-0.8,1.7,0,0,0,0,0,0,1,1,2,0,8,6,7,17,16,14,13,13,14,0,0,0,0,0,0,0,0,0
0,0,-322.22,90.61,91.08,0,0,0,0.07,41.8,0.02,0.02,0,9.6,196,1,1,0,0,0,0,0,0,0,0,4.9,4.0,0,1,527.1,-448,11.75,-2.4,5.0,0.0,1.3,1.5,4.7,3.2,0.9,1.0,-2.5,-2.4,7,13,-0.8,1.5,0,0,0,0,0,0,1,1,2,0,8,6,6,17,16,14,13,13,14,0,0,0,0,0,0,0,0,0
0,0,-322.22,90.61,91.08,0,0,0,0.06,41.3,0.01,0.0,0,8.6,193,1,1,0,0,0,0,0,0,0,0,4.9,4.2,0,1,527.1,-448,11.75,-2.3,5.0,0.1,1.3,1.5,4.7,3.3,0.9,1.0,-2.5,-2.4,7,13,-0.8,1.7,0,0,0,0,0,0,1,1,2,0,8,6,7,17,16,14,13,13,14,0,0,0,0,0,0,0,0,0
0,0,-322.22,90.61,91.08,0,0,0,0.07,40.7,0.01,-0.01,0,7.8,194,1,1,0,0,0,0,0,0,0,0,4.9,4.3,0,1,527.1,-448,11.75,-2.3,5.1,0.1,1.3,1.5,4.7,3.3,0.9,1.2,-2.5,-2.4,7,13,-0.8,1.7,0,0,0,0,0,0,1,1,2,0,8,6,7,17,16,14,13,13,14,0,0,0,0,0,0,0,0,0
0,0,-322.22,90.61,91.08,0,0,0,0.06,40.0,0.01,-0.03,0,9.8,197,1,1,0,0,0,0,0,0,0,0,4.8,4.1,0,1,527.1,-448,11.75,-2.4,5.0,0.0,1.3,1.5,4.7,3.2,0.9,1.0,-2.5,-2.4,7,13,-0.8,1.5,0,0,0,0,0,0,1,1,2,0,8,6,6,17,16,14,13,13,14,0,0,0,0,0,0,0,0,0
0,0,-322.22,90.61,91.08,0,0,0,0.06,40.1,0.02,0.0,0,9.3,196,1,1,0,0,0,0,0,0,0,0,4.7,4.1,0,1,527.1,-448,11.75,-2.4,5.0,0.0,1.3,1.5,4.7,3.3,0.9,1.0,-2.5,-2.4,7,13,-0.8,1.5,0,0,0,0,0,0,1,1,2,0,8,6,6,17,16,14,13,13,15,0,0,0,0,0,0,0,0,0
0,0,-322.22,90.61,91.08,0,0,0,0.07,36.2,0.0,-0.03,0,8.6,197,1,1,0,0,0,0,0,0,0,0,4.8,4.1,0,1,527.1,-448,11.75,-2.4,5.0,0.0,1.3,1.5,4.7,3.2,0.9,1.0,-2.5,-2.4,7,13,-0.8,1.5,0,0,0,0,0,0,1,1,2,0,8,6,6,17,16,14,13,13,14,0,0,0,0,0,0,0,0,0
0,0,-322.22,90.61,91.08,0,0,0,0.06,39.2,0.04,0.0,0,7.3,195,1,1,0,0,0,0,0,0,0,0,4.9,4.3,0,1,527.1,-448,11.75,-2.3,5.0,0.1,1.3,1.5,4.7,3.3,0.9,1.2,-2.5,-2.4,7,13,-0.8,1.7,0,0,0,0,0,0,1,1,2,0,8,6,7,17,16,14,13,13,14,0,0,0,0,0,0,0,0,0
0,0,-322.22,90.61,91.08,0,0,0,0.07,41.0,0.02,0.0,0,8.4,193,1,1,0,0,0,0,0,0,0,0,4.9,4.2,0,1,527.1,-448,11.75,-2.3,5.0,0.1,1.3,1.5,4.7,3.3,0.9,1.0,-2.5,-2.4,7,13,-0.8,1.7,0,0,0,0,0,0,1,1,2,0,8,6,7,17,16,14,13,13,15,0,0,0,0,0,0,0,0,0
0,0,-322.22,90.61,91.08,0,0,0,0.07,42.4,0.04,0.01,0,9.0,194,1,1,0,0,0,0,0,0,0,0,4.8,4.1,0,1,527.1,-448,11.75,-2.3,5.0,0.1,1.3,1.5,4.7,3.3,0.9,1.0,-2.5,-2.4,7,13,-0.8,1.7,0,0,0,0,0,0,1,1,2,0,8,6,7,17,16,14,13,13,14,0,0,0,0,0,0,0,0,0
0,0,-322.22,90.61,91.08,0,0,0,0.06,43.6,0.01,-0.01,0,7.0,193,1,1,0,0,0,0,0,0,0,0,5.0,4.2,0,1,527.1,-448,11.75,-2.3,5.0,0.1,1.3,1.5,4.7,3.3,0.9,1.1,-2.5,-2.4,7,13,-0.8,1.7,0,0,0,0,0,0,1,1,2,0,8,6,7,17,16,14,13,13,14,0,0,0,0,0,0,0,0,0
0,0,-322.22,90.61,91.08,0,0,0,0.07,37.4,0.05,0.01,0,8.8,195,1,1,0,0,0,0,0,0,0,0,4.9,4.3,0,1,527.1,-448,11.75,-2.3,5.0,0.1,1.3,1.5,4.7,3.3,0.9,1.0,-2.5,-2.4,7,13,-0.8,1.7,0,0,0,0,0,0,1,1,2,0,8,6,7,17,16,14,13,13,14,0,0,0,0,0,0,0,0,0
0,0,-322.22,90.61,91.08,0,0,0,0.12,42.2,0.02,0.01,0,9.6,194,1,1,0,0,0,0,0,0,0,0,4.7,4.2,0,1,527.1,-448,11.75,-2.3,5.0,0.1,1.3,1.5,4.7,3.3,0.9,1.0,-2.5,-2.4,7,13,-0.8,1.7,0,0,0,0,0,0,1,1,2,0,8,6,7,17,16,14,13,13,14,0,0,0,0,0,0,0,0,0
0,0,-322.22,90.61,91.08,0,0,0,0.13,39.7,0.0,-0.03,0,7.9,195,1,1,0,0,0,0,0,0,0,0,4.8,4.1,0,1,527.1,-448,11.75,-2.4,5.0,0.0,1.3,1.5,4.7,3.3,0.9,1.0,-2.5,-2.4,6,13,-0.8,1.6,0,0,0,0,0,0,1,1,2,0,8,6,7,17,16,14,13,13,14,0,0,0,0,0,0,0,0,0
0,0,-322.22,90.61,91.08,0,0,0,0.06,34.8,0.05,0.0,0,7.3,198,1,1,0,0,0,0,0,0,0,0,4.8,4.0,0,1,527.1,-448,11.75,-2.4,5.0,0.0,1.3,1.5,4.7,3.2,0.9,1.0,-2.5,-2.4,7,13,-0.8,1.5,0,0,0,0,0,0,1,1,2,0,8,6,6,17,16,14,13,13,14,0,0,0,0,0,0,0,0,0
0,0,-322.22,90.61,91.08,0,0,0,0.06,42.3,0.02,-0.01,0,8.1,194,1,1,0,0,0,0,0,0,0,0,4.9,4.2,0,1,527.1,-448,11.75,-2.3,5.0,0.1,1.3,1.5,4.7,3.3,0.9,1.0,-2.5,-2.4,7,13,-0.8,1.7,0,0,0,0,0,0,1,1,2,0,8,6,7,17,16,14,13,13,15,0,0,0,0,0,0,0,0,0
0,0,-322.22,90.61,91.08,0,0,0,0.06,42.3,0.03,-0.01,0,8.4,193,1,1,0,0,0,0,0,0,0,0,4.7,4.3,0,1,527.1,-448,11.75,-2.3,5.0,0.1,1.3,1.5,4.7,3.3,0.9,1.0,-2.5,-2.4,7,13,-0.8,1.7,0,0,0,0,0,0,1,1,2,0,8,6,7,17,16,14,13,13,15,0,0,0,0,0,0,0,0,0
0,0,-322.22,90.61,91.08,0,0,0,0.12,39.5,0.78,0.52,0,8.2,195,1,1,0,0,0,0,0,0,0,0,4.7,4.1,0,1,527.1,-448,11.75,-2.4,5.0,0.0,1.3,1.5,4.7,3.3,0.9,1.0,-2.5,-2.4,7,13,-0.8,1.6,0,0,0,0,0,0,1,1,2,0,8,6,7,17,16,14,13,13,14,0,0,0,0,0,0,0,0,0
0,0,-322.22,90.61,91.08,0,0,0,0.07,44.1,0.08,0.54,0,9.0,193,1,1,0,0,0,0,0,0,0,0,4.9,4.2,0,1,527.1,-448,11.75,-2.3,5.0,0.1,1.3,1.5,4.7,3.3,0.9,1.0,-2.5,-2.4,7,13,-0.8,1.7,0,0,0,0,0,0,1,1,2,0,8,6,7,17,16,14,13,13,15,0,0,0,0,0,0,0,0,0
0,0,-322.22,90.61,91.08,0,0,0,0.06,40.4,0.06,0.02,0,8.0,195,1,1,0,0,0,0,0,0,0,0,5.0,4.4,0,1,527.1,-448,11.75,-2.3,5.0,0.1,1.3,1.5,4.7,3.3,0.9,1.2,-2.5,-2.4,7,13,-0.8,1.7,0,0,0,0,0,0,1,1,2,0,8,6,7,17,16,14,13,13,15,0,0,0,0,0,0,0,0,0
0,0,-322.22,90.61,91.08,0,0,0,0.06,44.0,0.01,0.01,0,8.3,193,1,1,0,0,0,0,0,0,0,0,4.8,4.2,0,1,527.1,-448,11.75,-2.3,5.0,0.1,1.3,1.5,4.7,3.3,0.9,1.0,-2.5,-2.4,7,13,-0.8,1.7,0,0,0,0,0,0,1,1,2,0,8,6,7,17,16,14,13,13,14,0,0,0,0,0,0,0,0,0
0,0,-322.22,90.61,91.08,0,0,0,0.06,43.0,0.09,0.03,0,8.5,194,1,1,0,0,0,0,0,0,0,0,4.9,4.2,0,1,527.1,-448,11.75,-2.3,5.0,0.1,1.3,1.5,4.7,3.3,0.9,1.0,-2.5,-2.4,7,13,-0.8,1.7,0,0,0,0,0,0,1,1,2,0,8,6,7,17,16,14,13,13,15,0,0,0,0,0,0,0,0,0
0,0,-322.22,90.61,91.08,0,0,0,0.06,39.5,0.8,0.56,0,8.1,196,1,1,0,0,0,0,0,0,0,0,4.8,4.1,0,1,527.1,-448,11.75,-2.4,5.0,0.0,1.3,1.5,4.7,3.3,0.9,1.0,-2.6,-2.4,7,13,-0.8,1.5,0,0,0,0,0,0,1,1,2,0,8,6,6,17,16,14,13,13,15,0,0,0,0,0,0,0,0,0
0,0,-322.22,90.61,91.08,0,0,0,0.17,41.0,0.78,0.52,0,8.5,196,1,1,0,0,0,0,0,0,0,0,4.9,4.1,0,1,527.1,-448,11.75,-2.3,5.0,0.0,1.3,1.5,4.7,3.3,0.9,1.0,-2.5,-2.4,6,13,-0.8,1.6,0,0,0,0,0,0,1,1,2,0,8,6,7,17,16,14,13,13,15,0,0,0,0,0,0,0,0,0
0,0,-322.22,90.61,91.08,0,0,0,0.06,42.7,0.02,-0.01,0,8.2,193,1,1,0,0,0,0,0,0,0,0,4.8,4.2,0,1,527.1,-448,11.75,-2.3,5.0,0.1,1.3,1.5,4.7,3.3,0.9,1.0,-2.5,-2.4,7,13,-0.8,1.7,0,0,0,0,0,0,1,1,2,0,8,6,7,17,16,14,13,13,15,0,0,0,0,0,0,0,0,0
0,0,-322.22,90.61,91.08,0,0,0,0.12,43.1,0.1,0.04,0,9.1,194,1,1,0,0,0,0,0,0,0,0,4.8,4.1,0,1,527.1,-448,11.75,-2.3,5.0,0.1,1.3,1.5,4.7,3.3,0.9,1.0,-2.5,-2.4,7,13,-0.8,1.7,0,0,0,0,0,0,1,1,2,0,8,6,7,17,16,14,13,13,14,0,0,0,0,0,0,0,0,0
0,0,-322.22,90.61,91.08,0,0,0,0.06,42.5,0.02,0.02,0,8.2,194,1,1,0,0,0,0,0,0,0,0,4.8,4.3,0,1,527.1,-448,11.75,-2.3,5.0,0.1,1.3,1.5,4.7,3.3,0.9,1.2,-2.5,-2.4,7,13,-0.8,1.7,0,0,0,0,0,0,1,1,2,0,8,6,7,17,16,14,13,13,14,0,0,0,0,0,0,0,0,0
0,0,-322.22,90.61,91.08,0,0,0,0.17,39.6,0.03,0.01,0,8.2,196,1,1,0,0,0,0,0,0,0,0,4.7,4.1,0,1,527.1,-448,11.75,-2.4,5.0,0.0,1.3,1.5,4.7,3.3,0.9,1.0,-2.5,-2.4,7,13,-0.8,1.6,0,0,0,0,0,0,1,1,2,0,8,6,6,17,16,14,13,13,14,0,0,0,0,0,0,0,0,0
0,0,-322.22,90.61,91.08,0,0,0,0.06,38.4,0.0,-0.01,0,7.9,198,1,1,0,0,0,0,0,0,0,0,4.8,4.1,0,1,527.1,-448,11.75,-2.4,5.0,0.0,1.3,1.5,4.7,3.2,0.9,1.0,-2.5,-2.4,7,13,-0.8,1.5,0,0,0,0,0,0,1,1,2,0,8,6,6,17,16,14,13,13,14,0,0,0,0,0,0,0,0,0
0,0,-322.22,90.61,91.08,0,0,0,0.06,42.7,0.01,-0.01,0,8.3,194,1,1,0,0,0,0,0,0,0,0,4.9,4.4,0,1,527.1,-448,11.75,-2.3,5.1,0.1,1.3,1.5,4.8,3.3,1.0,1.2,-2.5,-2.4,7,14,-0.8,1.7,0,0,0,0,0,0,1,1,2,0,8,6,7,17,16,14,14,14,14,0,0,0,0,0,0,0,0,0
0,0,-322.22,90.61,91.08,0,0,0,0.07,40.6,0.78,0.52,0,9.2,196,1,1,0,0,0,0,0,0,0,0,4.8,4.2,0,1,527.1,-448,11.75,-2.4,5.0,0.0,1.3,1.5,4.7,3.3,0.9,1.0,-2.5,-2.4,7,13,-0.8,1.5,0,0,0,0,0,0,1,1,2,0,8,6,6,17,16,14,13,13,14,0,0,0,0,0,0,0,0,0
0,0,-322.22,90.61,91.08,0,0,0,0.06,38.1,0.05,0.0,0,7.8,195,1,1,0,0,0,0,0,0,0,0,5.0,4.3,0,1,527.1,-448,11.75,-2.3,5.0,0.1,1.3,1.5,4.7,3.3,0.9,1.2,-2.5,-2.4,7,13,-0.8,1.7,0,0,0,0,0,0,1,1,2,0,8,6,7,17,16,14,13,13,15,0,0,0,0,0,0,0,0,0
0,0,-322.22,90.61,91.08,0,0,0,0.07,41.8,0.07,0.03,0,8.0,194,1,1,0,0,0,0,0,0,0,0,5.0,4.2,0,1,527.1,-448,11.75,-2.3,5.0,0.1,1.3,1.5,4.7,3.3,0.9,1.1,-2.5,-2.4,7,13,-0.8,1.7,0,0,0,0,0,0,1,1,2,0,8,6,7,17,16,14,13,13,14,0,0,0,0,0,0,0,0,0
0,0,-322.22,90.61,91.08,0,0,0,0.06,43.2,0.0,0.01,0,7.4,194,1,1,0,0,0,0,0,0,0,0,4.9,4.3,0,1,527.1,-448,11.75,-2.3,5.0,0.1,1.3,1.5,4.7,3.3,0.9,1.1,-2.5,-2.4,7,13,-0.8,1.7,0,0,0,0,0,0,1,1,2,0,8,6,7,17,16,14,13,13,14,0,0,0,0,0,0,0,0,0
0,0,-322.22,90.61,91.08,0,0,0,0.06,40.6,0.03,0.01,0,8.5,193,1,1,0,0,0,0,0,0,0,0,4.8,4.3,0,1,527.1,-448,11.75,-2.3,5.0,0.1,1.3,1.5,4.7,3.3,0.9,1.0,-2.5,-2.4,7,13,-0.8,1.7,0,0,0,0,0,0,1,1,2,0,8,6,7,17,16,14,13,13,14,0,0,0,0,0,0,0,0,0
0,0,-322.22,90.61,91.08,0,0,0,0.06,42.0,0.01,-0.01,0,8.6,194,1,1,0,0,0,0,0,0,0,0,5.1,4.3,0,1,527.1,-448,11.75,-2.3,5.1,0.1,1.3,1.5,4.8,3.3,1.0,1.2,-2.5,-2.4,7,13,-0.8,1.7,0,0,0,0,0,0,1,1,2,0,8,6,7,17,16,14,13,13,15,0,0,0,0,0,0,0,0,0
0,0,-322.22,90.61,91.08,0,0,0,0.07,42.9,0.78,0.54,0,8.1,194,1,1,0,0,0,0,0,0,0,0,4.9,4.2,0,1,527.1,-448,11.75,-2.3,5.0,0.1,1.3,1.5,4.7,3.3,0.9,1.0,-2.5,-2.4,7,13,-0.8,1.7,0,0,0,0,0,0,1,1,2,0,8,6,7,17,16,14,13,13,14,0,0,0,0,0,0,0,0,0
