轮毂转速,轮毂角度,叶片1角度,叶片2角度,叶片3角度,变桨电机1电流,变桨电机2电流,变桨电机3电流,超速传感器转速检测值,5秒偏航对风平均值,x方向振动值,y方向振动值,液压制动压力,机舱气象站风速,风向绝对值,大气压力,无功功率控制状态,变频器电网侧电流,变频器电网侧电压,变频器电网侧有功功率,变频器电网侧无功功率,变频器发电机侧功率,发电机运行频率,发电机电流,发电机转矩,变频器入口温度,变频器出口温度,变频器入口压力,变频器出口压力,发电机功率限幅值,无功功率设定值,额定的轮毂转速,测风塔环境温度,发电机定子温度1,发电机定子温度2,发电机定子温度3,发电机定子温度4,发电机定子温度5,发电机定子温度6,发电机空气温度1,发电机空气温度2,主轴承温度1,主轴承温度2,轮毂温度,轮毂控制柜温度,机舱温度,机舱控制柜温度,变频器INU温度,变频器ISU温度,变频器INU RMIO温度,变桨电机1功率估算,变桨电机2功率估算,变桨电机3功率估算,风机当前状态值,轮毂当前状态值,偏航状态值,偏航要求值,叶片1电池箱温度,叶片2电池箱温度,叶片3电池箱温度,叶片1变桨电机温度,叶片2变桨电机温度,叶片3变桨电机温度,叶片1变频器箱温度,叶片2变频器箱温度,叶片3变频器箱温度,叶片1超级电容电压,叶片2超级电容电压,叶片3超级电容电压,驱动1晶闸管温度,驱动2晶闸管温度,驱动3晶闸管温度,驱动1输出扭矩,驱动2输出扭矩,驱动3输出扭矩
10.9,247.61,0.51,0.58,0.59,9.0,7.5,10.14,10.94,-5.8,-0.17,-0.09,171.7,6.6,129,1,1,450,690,549,0,539,10.92,730.6,498,31.8,32.9,0.8,2.8,2067.6,0,16.83,19.9,44.8,47.4,47.4,46.5,46.5,48.8,55.3,47.1,53.7,53.3,25.2,27.0,27.0,28.7,36,32,25,0.0,0.0,0.0,6,6,4,0,24,24,24,56,57,55,27,27,300,0,0,0,0,0,0,0,0,0
11.27,118.37,0.51,0.58,0.59,7.78,7.16,8.68,11.22,-0.4,-0.2,-0.18,171.7,5.6,126,1,1,493,692,599,0,589,11.22,783.1,532,32.4,32.7,0.8,2.8,2067.6,0,16.83,19.8,44.7,47.4,46.7,46.4,46.4,48.7,55.2,47.0,53.7,53.3,25.2,26.9,27.2,28.7,37,32,25,0.0,0.0,0.0,6,6,4,0,24,24,24,57,57,55,26,26,300,0,0,0,0,0,0,0,0,0
10.85,52.24,0.51,0.58,0.59,8.96,6.92,9.1,10.85,2.2,-0.18,-0.14,171.7,6.2,127,1,1,436,691,535,2,518,10.84,716.5,488,32.6,32.8,0.8,2.8,2067.6,0,16.83,19.9,44.8,47.4,47.3,46.5,46.5,48.9,55.4,47.1,53.7,53.2,25.2,27.0,27.0,28.7,36,32,25,0.0,0.0,-0.2,6,6,4,0,24,24,24,56,56,56,27,27,300,0,0,0,0,0,0,0,0,0
11.23,27.25,0.51,0.58,0.59,8.36,7.0,9.38,11.24,-1.0,-0.16,-0.14,171.7,6.6,128,1,1,494,691,604,0,591,11.22,781.0,534,32.2,32.3,0.8,2.8,2067.6,0,16.83,19.9,44.7,47.4,47.9,46.4,46.4,48.7,55.2,47.0,53.7,53.2,25.2,26.9,27.2,28.8,37,32,25,0.0,0.0,0.0,6,6,4,0,24,24,24,56,57,55,26,26,300,0,0,0,0,0,0,0,0,0
10.88,18.36,0.51,0.58,0.59,8.76,7.08,9.38,10.88,-2.3,-0.13,-0.15,171.8,6.0,128,1,1,446,690,537,0,528,10.88,723.0,493,33.9,33.0,0.8,2.8,2067.6,0,16.83,19.9,44.8,47.4,48.0,46.5,46.5,48.9,55.4,47.1,53.7,53.3,25.2,27.0,27.0,28.7,36,32,25,0.0,0.0,0.0,6,6,4,0,24,24,24,56,56,56,27,27,300,0,0,0,0,0,0,0,0,0
10.76,341.89,0.51,0.58,0.59,9.32,7.2,9.88,10.76,4.3,-0.17,-0.08,171.7,6.2,126,1,1,427,691,528,0,518,10.76,699.4,480,31.1,32.2,0.8,2.8,2067.6,0,16.83,19.9,44.8,47.5,46.8,46.6,46.5,48.9,55.5,47.2,53.7,53.3,25.2,27.0,27.0,28.7,35,31,25,0.0,0.0,0.0,6,6,4,0,24,24,24,57,56,56,27,27,300,0,0,0,0,0,0,0,0,0
10.73,221.0,0.51,0.58,0.59,7.54,6.4,8.96,10.74,-0.2,-0.14,-0.12,171.7,6.9,126,1,1,424,691,514,0,511,10.72,698.1,475,33.4,32.9,0.8,2.8,2067.6,0,16.83,19.9,44.8,47.5,48.5,46.6,46.5,48.9,55.4,47.2,53.7,53.2,25.2,27.0,27.0,28.7,36,32,25,0.0,0.0,0.4,6,6,4,0,24,24,24,56,56,56,27,27,300,0,0,0,0,0,0,0,0,0
11.23,172.01,0.51,0.58,0.59,9.58,9.22,9.62,11.23,4.3,-0.17,-0.19,171.8,6.3,125,1,1,501,692,610,0,603,11.26,785.1,536,31.9,32.8,0.8,2.8,2067.6,0,16.83,20.0,45.3,48.0,46.3,47.1,47.1,49.5,55.7,47.5,53.7,53.2,25.2,27.0,26.9,28.7,38,33,25,-0.2,0.0,-0.2,6,6,4,0,24,24,24,57,55,56,27,27,300,0,0,0,0,0,0,0,0,0
11.23,50.51,0.51,0.58,0.59,9.38,8.0,10.02,11.24,-1.7,-0.19,-0.14,171.7,6.4,127,1,1,497,691,605,0,594,11.22,783.4,533,30.3,32.2,0.8,2.8,2067.6,0,16.83,19.9,44.7,47.3,47.3,46.4,46.4,48.7,55.2,47.0,53.7,53.3,25.2,26.9,27.2,28.8,37,32,25,0.0,0.0,-0.4,6,6,4,0,24,24,24,56,57,55,26,26,300,0,0,0,0,0,0,0,0,0
11.09,211.25,0.51,0.58,0.59,7.5,6.72,8.58,11.12,-0.7,-0.16,-0.08,171.8,6.3,128,1,1,474,691,581,0,577,11.08,758.7,517,28.8,31.3,0.8,2.8,2067.6,0,16.83,19.9,45.2,47.9,48.4,47.0,47.0,49.4,55.7,47.4,53.7,53.2,25.2,27.0,26.9,28.7,36,32,25,0.0,0.0,0.6,6,6,4,0,24,24,24,57,55,56,27,27,300,0,0,0,0,0,0,0,0,0
10.8,27.76,0.51,0.58,0.59,8.56,6.86,8.74,10.82,2.1,-0.19,-0.15,171.8,6.1,125,1,1,432,690,535,0,528,10.8,703.5,484,29.6,30.7,0.8,2.8,2067.6,0,16.83,19.9,45.0,47.6,46.6,46.7,46.7,49.1,55.5,47.3,53.7,53.3,25.2,27.0,27.0,28.7,34,30,25,0.0,0.0,0.0,6,6,4,0,24,24,24,57,56,56,27,27,300,0,0,0,0,0,0,0,0,0
11.32,98.14,0.51,0.58,0.59,9.42,8.58,9.44,11.36,-0.5,-0.17,-0.1,171.7,5.7,128,1,1,507,691,620,0,613,11.32,796.4,543,32.0,32.0,0.8,2.8,2067.6,0,16.83,19.9,44.7,47.3,45.6,46.4,46.3,48.7,55.1,47.0,53.7,53.2,25.2,27.0,27.2,28.8,36,32,25,0.0,0.0,-0.4,6,6,4,0,24,24,24,56,57,56,27,27,300,0,0,0,0,0,0,0,0,0
11.56,34.63,0.51,0.58,0.59,9.82,8.3,11.02,11.59,-9.0,-0.14,-0.07,171.7,6.4,130,1,1,549,692,675,0,662,11.56,844.3,576,32.0,31.8,0.8,2.8,2067.6,0,16.83,19.8,44.6,47.3,46.4,46.4,46.4,48.7,54.9,46.8,53.7,53.3,25.2,27.0,27.1,28.7,37,32,25,0.0,0.0,-0.2,6,6,4,0,24,24,24,56,57,55,27,27,300,0,0,0,0,0,0,0,0,0
10.71,228.74,0.51,0.58,0.59,7.78,6.76,9.16,10.74,5.9,-0.17,-0.13,171.8,5.9,126,1,1,423,691,519,0,513,10.7,693.8,476,29.2,30.4,0.8,2.8,2067.6,0,16.83,19.9,45.1,47.7,47.3,46.8,46.8,49.2,55.6,47.3,53.7,53.3,25.2,27.0,26.9,28.5,34,30,25,0.0,0.0,0.0,6,6,4,0,24,24,24,57,56,56,27,27,300,0,0,0,0,0,0,0,0,0
10.81,222.26,0.51,0.58,0.59,7.68,6.7,9.06,10.82,2.3,-0.14,-0.16,171.8,6.3,125,1,1,433,690,526,0,527,10.8,706.8,484,31.3,31.1,0.8,2.8,2067.6,0,16.83,19.9,45.0,47.6,48.2,46.7,46.7,49.1,55.5,47.3,53.7,53.3,25.2,27.0,27.0,28.8,34,30,25,0.0,0.0,0.4,6,6,4,0,24,24,24,56,56,56,27,27,300,0,0,0,0,0,0,0,0,0
10.92,316.12,0.51,0.58,0.59,7.94,6.44,9.0,10.92,-0.9,-0.19,-0.09,171.8,6.1,128,1,1,456,691,552,-2,547,10.92,730.5,500,29.1,31.0,0.8,2.8,2067.6,0,16.83,19.9,45.2,47.8,47.6,46.9,46.9,49.3,55.6,47.4,53.7,53.3,25.2,27.0,26.9,28.8,36,31,25,0.0,0.0,0.0,6,6,4,0,24,24,24,57,56,56,27,27,300,0,0,0,0,0,0,0,0,0
11.3,30.13,0.51,0.58,0.59,7.56,6.6,8.3,11.33,0.2,-0.18,-0.17,171.7,6.2,128,1,1,506,691,618,0,610,11.28,795.4,543,31.6,32.1,0.8,2.8,2067.6,0,16.83,19.9,44.7,47.3,47.1,46.4,46.4,48.7,55.1,46.9,53.7,53.3,25.2,27.0,27.2,28.8,36,32,25,0.2,0.3,0.2,6,6,4,0,24,24,24,56,57,56,27,27,300,0,0,0,0,0,0,0,0,0
10.92,51.62,0.51,0.58,0.59,9.38,7.64,9.72,10.93,-1.7,-0.16,-0.14,171.7,5.6,129,1,1,447,690,553,0,539,10.92,726.4,497,33.6,33.5,0.8,2.8,2067.6,0,16.83,19.9,44.7,47.4,46.4,46.5,46.5,48.8,55.3,47.1,53.7,53.3,25.2,26.9,27.0,28.7,37,32,25,0.0,0.0,-0.2,6,6,4,0,24,24,24,56,57,56,26,26,300,0,0,0,0,0,0,0,0,0
10.78,314.39,0.51,0.58,0.59,9.46,7.62,10.16,10.8,-4.3,-0.21,-0.09,171.7,6.0,127,1,1,428,690,526,0,523,10.78,705.4,481,31.2,32.1,0.8,2.8,2067.6,0,16.83,19.9,44.8,47.5,46.2,46.6,46.6,48.9,55.4,47.2,53.7,53.3,25.2,27.0,27.0,28.7,35,31,25,0.0,0.0,0.0,6,6,4,0,24,24,24,57,56,56,27,27,300,0,0,0,0,0,0,0,0,0
11.41,354.89,0.51,0.58,0.59,9.1,7.5,10.4,11.41,2.2,-0.17,-0.09,171.7,6.0,126,1,1,524,691,635,0,636,11.4,813.8,555,31.5,31.6,0.8,2.8,2067.6,0,16.83,19.9,44.7,47.3,47.5,46.4,46.4,48.7,55.1,46.9,53.7,53.3,25.2,27.0,27.1,28.8,36,32,25,0.0,0.2,0.2,6,6,4,0,24,24,24,56,57,55,27,27,300,0,0,0,0,0,0,0,0,0
10.8,251.64,0.51,0.58,0.59,7.48,6.26,8.58,10.84,2.3,-0.17,-0.15,171.7,6.4,125,1,1,433,691,532,-2,517,10.8,709.3,486,31.4,31.1,0.8,2.8,2067.6,0,16.83,19.9,44.9,47.6,46.5,46.7,46.7,49.0,55.5,47.3,53.7,53.3,25.2,27.0,27.0,28.8,34,30,25,0.2,0.0,0.0,6,6,4,0,24,24,24,56,56,56,27,27,300,0,0,0,0,0,0,0,0,0
10.9,84.13,0.51,0.58,0.59,7.96,6.76,8.24,10.93,-2.1,-0.17,-0.16,171.8,6.3,129,1,1,453,690,549,0,539,10.9,726.7,497,34.0,33.4,0.8,2.8,2067.6,0,16.83,19.8,44.7,47.4,46.4,46.5,46.5,48.8,55.3,47.1,53.7,53.3,25.2,26.9,27.0,28.7,36,32,25,0.0,0.0,0.0,6,6,4,0,24,24,24,56,57,56,26,26,300,0,0,0,0,0,0,0,0,0
11.46,245.99,0.51,0.58,0.59,8.24,6.6,8.82,11.5,1.4,-0.21,-0.18,171.6,6.0,127,1,1,530,691,647,0,633,11.48,820.8,562,30.4,30.9,0.8,2.8,2067.6,0,16.83,19.8,44.6,47.3,46.5,46.4,46.3,48.7,55.0,46.8,53.7,53.3,25.2,27.0,27.2,28.8,36,31,25,0.2,0.0,0.4,6,6,4,0,24,24,24,56,57,56,27,27,300,0,0,0,0,0,0,0,0,0
11.18,33.26,0.51,0.58,0.59,9.4,7.5,9.7,11.2,-4.1,-0.17,-0.1,171.8,6.7,128,1,1,484,692,599,0,582,11.18,775.0,528,30.2,32.0,0.8,2.8,2067.6,0,16.83,19.9,45.3,48.0,48.4,47.0,47.1,49.4,55.7,47.4,53.7,53.3,25.2,27.0,26.9,28.5,37,32,25,0.0,0.0,0.0,6,6,4,0,24,24,24,57,55,56,27,27,300,0,0,0,0,0,0,0,0,0
11.35,282.49,0.51,0.58,0.59,8.14,6.32,9.36,11.37,4.8,-0.21,-0.18,171.7,6.1,127,1,1,514,691,623,0,620,11.34,802.0,548,30.3,31.7,0.8,2.8,2067.6,0,16.83,19.9,44.7,47.3,48.3,46.4,46.4,48.7,55.1,46.9,53.7,53.3,25.2,27.0,27.2,28.8,36,32,25,0.0,0.0,0.0,6,6,4,0,24,24,24,56,57,56,27,27,300,0,0,0,0,0,0,0,0,0
10.88,83.63,0.51,0.58,0.59,7.86,6.46,8.3,10.89,0.1,-0.18,-0.15,171.8,6.3,128,1,1,442,691,546,0,531,10.88,722.5,493,28.9,30.6,0.8,2.8,2067.6,0,16.83,19.9,45.1,47.8,46.7,46.9,46.9,49.3,55.6,47.4,53.7,53.3,25.2,27.0,26.9,28.6,35,31,25,0.0,0.0,0.0,6,6,4,0,24,24,24,57,56,56,27,27,300,0,0,0,0,0,0,0,0,0
11.39,144.25,0.51,0.58,0.59,8.24,8.1,8.88,11.41,-5.4,-0.19,-0.11,171.6,7.4,128,1,1,515,691,635,0,629,11.38,804.8,551,30.9,31.2,0.8,2.8,2067.6,0,16.83,19.8,44.6,47.3,46.2,46.4,46.3,48.7,55.0,46.9,53.7,53.3,25.2,27.0,27.1,28.8,36,31,25,-0.2,0.0,0.0,6,6,4,0,24,24,24,56,57,56,27,27,300,0,0,0,0,0,0,0,0,0
11.41,131.62,0.51,0.58,0.59,8.22,8.18,8.92,11.4,5.8,-0.18,-0.14,171.6,6.2,126,1,1,523,691,635,0,635,11.4,809.3,554,30.3,31.3,0.8,2.8,2067.6,0,16.83,19.9,44.7,47.3,47.9,46.4,46.4,48.7,55.0,46.9,53.7,53.3,25.2,27.0,27.1,28.8,36,32,25,-0.2,0.0,0.0,6,6,4,0,24,24,24,56,57,56,27,27,300,0,0,0,0,0,0,0,0,0
10.69,293.0,0.51,0.58,0.59,7.66,6.16,8.32,10.71,6.7,-0.18,-0.15,171.8,5.9,126,1,1,420,691,517,0,511,10.7,694.5,475,29.2,30.2,0.8,2.8,2067.6,0,16.83,19.9,45.1,47.7,48.5,46.8,46.8,49.2,55.6,47.3,53.7,53.3,25.2,27.0,26.9,28.5,34,30,25,0.0,0.0,0.0,6,6,4,0,24,24,24,57,56,56,27,27,300,0,0,0,0,0,0,0,0,0
10.77,9.5,0.51,0.58,0.59,9.62,7.62,9.92,10.78,1.7,-0.14,-0.09,171.8,6.5,125,1,1,431,691,525,0,519,10.76,702.3,480,29.7,30.4,0.8,2.8,2067.6,0,16.83,19.9,45.0,47.7,47.5,46.8,46.8,49.2,55.6,47.3,53.7,53.3,25.2,27.0,27.0,28.6,34,30,25,0.0,0.0,0.0,6,6,4,0,24,24,24,57,56,56,27,27,300,0,0,0,0,0,0,0,0,0
10.71,259.24,0.51,0.58,0.59,8.24,6.78,9.48,10.74,1.5,-0.18,-0.16,171.7,6.4,126,1,1,422,691,519,0,508,10.7,697.8,475,33.1,32.6,0.8,2.8,2067.6,0,16.83,19.9,44.8,47.5,47.4,46.6,46.5,48.9,55.5,47.2,53.7,53.3,25.2,27.0,27.0,28.7,36,32,25,0.0,0.0,0.0,6,6,4,0,24,24,24,57,56,56,27,27,300,0,0,0,0,0,0,0,0,0
10.86,242.89,0.51,0.58,0.59,7.52,6.94,8.96,10.89,2.0,-0.21,-0.16,171.8,6.3,127,1,1,445,692,541,0,531,10.88,720.8,493,31.0,31.1,0.8,2.8,2067.6,0,16.83,19.9,45.2,47.8,46.1,46.9,46.9,49.3,55.6,47.4,53.7,53.3,25.2,27.0,26.9,28.7,35,31,25,0.0,0.0,0.0,6,6,4,0,24,24,24,56,56,56,27,27,300,0,0,0,0,0,0,0,0,0
10.78,324.25,0.51,0.58,0.59,9.18,7.24,9.84,10.78,1.2,-0.2,-0.12,171.8,6.0,125,1,1,427,691,525,0,522,10.76,701.3,481,29.5,30.2,0.8,2.8,2067.6,0,16.83,19.9,45.0,47.7,48.5,46.8,46.8,49.1,55.6,47.3,53.7,53.3,25.2,27.0,27.0,28.7,34,30,25,0.0,0.0,0.0,6,6,4,0,24,24,24,57,56,56,27,27,300,0,0,0,0,0,0,0,0,0
11.3,208.26,0.51,0.58,0.59,8.82,7.76,9.42,11.27,-2.6,-0.17,-0.12,171.7,7.1,128,1,1,504,691,614,0,605,11.28,786.7,538,31.8,32.2,0.8,2.8,2067.6,0,16.83,19.9,44.7,47.3,46.1,46.4,46.3,48.7,55.2,47.0,53.7,53.3,25.2,27.0,27.2,28.8,37,32,25,0.0,0.0,0.2,6,6,4,0,24,24,24,56,57,55,27,27,300,0,0,0,0,0,0,0,0,0
11.1,357.26,0.51,0.58,0.59,9.12,7.1,10.06,11.14,1.4,-0.19,-0.15,171.8,6.6,128,1,1,476,691,584,0,580,11.1,758.1,519,30.2,31.3,0.8,2.8,2067.6,0,16.83,19.9,45.2,47.9,49.0,47.0,47.0,49.4,55.7,47.4,53.7,53.3,25.2,27.0,26.9,28.8,36,31,25,0.0,0.0,0.0,6,6,4,0,24,24,24,57,56,56,27,27,300,0,0,0,0,0,0,0,0,0
11.16,258.98,0.51,0.58,0.59,9.84,7.92,10.28,11.19,-4.6,-0.2,-0.14,171.8,7.0,127,1,1,489,692,595,0,583,11.18,774.2,528,31.2,32.1,0.8,2.8,2067.6,0,16.83,19.9,45.3,48.0,46.9,47.0,47.0,49.4,55.7,47.4,53.7,53.3,25.2,27.0,26.9,28.5,37,32,25,0.0,-0.2,0.0,6,6,4,0,24,24,24,57,55,56,27,27,300,0,0,0,0,0,0,0,0,0
11.22,343.12,0.51,0.58,0.59,8.02,6.42,9.08,11.24,-2.1,-0.19,-0.13,171.7,6.8,128,1,1,499,692,602,0,594,11.22,780.0,533,30.2,32.2,0.8,2.8,2067.6,0,16.83,19.9,44.7,47.3,46.4,46.4,46.3,48.7,55.2,47.0,53.7,53.2,25.2,26.9,27.2,28.8,37,32,25,0.0,0.1,0.0,6,6,4,0,24,24,24,56,57,55,26,26,300,0,0,0,0,0,0,0,0,0
11.31,53.5,0.51,0.58,0.59,9.26,8.3,10.2,11.35,2.2,-0.14,-0.14,171.5,6.5,130,1,1,514,691,626,-2,621,11.32,799.6,546,32.6,32.2,0.8,2.8,2067.6,0,16.83,19.7,44.7,47.3,47.3,46.4,46.4,48.7,54.9,46.7,53.7,53.3,25.2,27.0,27.1,28.7,37,32,25,0.0,0.0,-0.2,6,6,4,0,24,24,24,56,57,55,27,27,300,0,0,0,0,0,0,0,0,0
11.07,82.12,0.51,0.58,0.59,8.38,7.16,8.56,11.09,-1.4,-0.16,-0.13,171.8,5.5,128,1,1,472,692,574,0,573,11.06,754.7,514,30.5,31.3,0.8,2.8,2067.6,0,16.83,19.9,45.2,47.9,46.8,46.9,47.0,49.3,55.6,47.4,53.7,53.3,25.2,27.0,26.9,28.8,36,31,25,0.0,0.0,0.0,6,6,4,0,24,24,24,57,56,56,27,27,300,0,0,0,0,0,0,0,0,0
11.53,16.99,0.51,0.58,0.59,9.48,7.96,10.76,11.54,1.3,-0.21,-0.1,171.7,6.6,128,1,1,540,692,660,0,648,11.52,831.3,569,31.9,31.5,0.8,2.8,2067.6,0,16.83,19.8,44.7,47.3,48.5,46.4,46.4,48.7,54.9,46.8,53.7,53.3,25.2,27.0,27.2,28.7,36,32,25,0.0,0.0,0.0,6,6,4,0,24,24,24,56,57,56,27,27,300,0,0,0,0,0,0,0,0,0
11.77,135.11,0.51,0.58,0.59,9.52,9.4,9.72,11.77,-4.7,-0.24,-0.16,171.6,6.6,128,1,1,575,692,703,0,705,11.78,870.6,595,30.8,30.5,0.8,2.8,2067.6,0,16.83,19.8,44.7,47.3,48.5,46.4,46.4,48.7,54.9,46.8,53.7,53.2,25.2,27.0,27.1,28.8,36,31,25,0.0,0.2,0.0,6,6,4,0,24,24,24,56,57,55,27,27,300,0,0,0,0,0,0,0,0,0
11.53,72.11,0.51,0.58,0.59,9.52,8.52,9.8,11.55,1.7,-0.16,-0.14,171.7,6.6,127,1,1,541,692,659,0,649,11.52,835.4,570,30.7,31.5,0.8,2.8,2067.6,0,16.83,19.8,44.6,47.3,46.9,46.4,46.4,48.7,54.9,46.8,53.7,53.3,25.2,27.0,27.1,28.7,36,32,25,0.0,0.0,-0.9,6,6,4,0,24,24,24,56,57,56,27,27,300,0,0,0,0,0,0,0,0,0
11.28,104.51,0.51,0.58,0.59,9.88,8.96,9.22,11.27,7.0,-0.19,-0.12,171.8,6.1,124,1,1,499,692,615,0,606,11.26,791.2,538,31.3,32.6,0.8,2.8,2067.6,0,16.83,20.0,45.3,48.0,47.1,47.1,47.1,49.5,55.7,47.5,53.6,53.2,25.2,27.0,26.9,28.7,38,33,25,0.0,0.0,-0.4,6,6,4,0,24,24,24,57,55,56,27,27,300,0,0,0,0,0,0,0,0,0
11.1,78.12,0.51,0.58,0.59,9.6,8.24,9.18,11.1,1.5,-0.14,-0.14,171.8,5.6,128,1,1,472,692,584,0,579,11.1,757.5,517,31.1,31.8,0.8,2.8,2067.6,0,16.83,19.9,45.2,47.9,47.8,47.0,47.0,49.4,55.7,47.4,53.7,53.2,25.2,27.0,26.9,28.7,36,32,25,0.0,0.0,-0.6,6,6,4,0,24,24,24,57,56,56,27,27,300,0,0,0,0,0,0,0,0,0
11.06,15.77,0.51,0.58,0.59,9.34,7.72,10.22,11.09,1.8,-0.16,-0.14,171.9,6.4,128,1,1,473,692,577,0,574,11.06,753.5,514,31.1,31.4,0.8,2.8,2067.6,0,16.83,19.9,45.2,47.9,48.2,47.0,47.0,49.4,55.6,47.4,53.7,53.3,25.2,27.0,26.9,28.8,36,31,25,0.0,0.0,0.0,6,6,4,0,24,24,24,57,56,56,27,27,300,0,0,0,0,0,0,0,0,0
10.78,234.25,0.51,0.58,0.59,8.36,7.04,9.3,10.79,-2.1,-0.19,-0.11,171.8,6.5,126,1,1,427,691,528,2,520,10.76,701.5,480,30.7,31.4,0.8,2.8,2067.6,0,16.83,19.9,44.9,47.6,48.5,46.7,46.7,49.0,55.5,47.3,53.7,53.3,25.2,27.0,27.0,28.7,35,31,25,0.0,0.0,0.0,6,6,4,0,24,24,24,56,56,56,27,27,300,0,0,0,0,0,0,0,0,0
11.22,185.76,0.51,0.58,0.59,9.38,8.7,9.9,11.23,-2.6,-0.17,-0.1,171.7,7.1,127,1,1,495,691,602,0,591,11.22,779.0,533,32.8,32.6,0.8,2.8,2067.6,0,16.83,19.8,44.7,47.4,48.1,46.4,46.4,48.7,55.2,47.0,53.7,53.3,25.2,26.9,27.2,28.7,37,32,25,0.0,-0.2,0.0,6,6,4,0,24,24,24,57,57,55,26,26,300,0,0,0,0,0,0,0,0,0
10.78,294.26,0.51,0.58,0.59,7.8,6.18,8.28,10.79,4.9,-0.2,-0.13,171.8,6.5,125,1,1,429,691,523,0,524,10.78,705.9,482,30.0,30.3,0.8,2.8,2067.6,0,16.83,19.9,45.0,47.7,48.5,46.8,46.8,49.1,55.5,47.3,53.7,53.3,25.2,27.0,27.0,28.7,34,30,25,0.2,0.0,-0.2,6,6,4,0,24,24,24,57,56,56,27,27,300,0,0,0,0,0,0,0,0,0
10.88,274.75,0.51,0.58,0.59,9.18,7.52,9.68,10.89,-3.3,-0.2,-0.15,171.8,6.3,128,1,1,443,692,543,-2,531,10.88,720.4,493,29.4,30.8,0.8,2.8,2067.6,0,16.83,19.9,45.1,47.8,46.7,46.9,46.9,49.3,55.6,47.4,53.7,53.3,25.2,27.0,26.9,28.7,35,31,25,0.0,-0.3,-0.2,6,6,4,0,24,24,24,57,56,56,27,27,300,0,0,0,0,0,0,0,0,0
11.39,193.86,0.51,0.58,0.59,9.42,8.66,9.84,11.43,-2.2,-0.19,-0.14,171.6,7.7,128,1,1,523,691,633,0,635,11.42,809.7,553,29.9,30.9,0.8,2.8,2067.6,0,16.83,19.8,44.7,47.3,47.9,46.4,46.4,48.7,55.0,46.8,53.7,53.2,25.2,27.0,27.2,28.8,36,31,25,0.0,-0.4,0.0,6,6,4,0,24,24,24,57,57,55,27,27,300,0,0,0,0,0,0,0,0,0
11.39,32.87,0.51,0.58,0.59,8.16,7.24,9.32,11.41,2.1,-0.17,-0.13,171.6,6.6,127,1,1,519,691,636,0,633,11.38,808.1,553,29.8,31.0,0.8,2.8,2067.6,0,16.83,19.8,44.6,47.3,46.1,46.3,46.3,48.7,55.0,46.9,53.7,53.2,25.2,27.0,27.1,28.8,36,31,25,0.0,0.3,0.0,6,6,4,0,24,24,24,56,57,55,27,27,300,0,0,0,0,0,0,0,0,0
11.07,161.24,0.51,0.58,0.59,9.18,8.5,9.54,11.14,6.5,-0.21,-0.16,171.7,5.9,126,1,1,470,691,571,0,569,11.08,754.9,514,30.3,32.6,0.8,2.8,2067.6,0,16.83,19.8,44.7,47.4,46.3,46.4,46.4,48.8,55.2,47.0,53.7,53.3,25.2,27.0,27.1,28.7,37,32,25,0.0,0.0,0.0,6,6,4,0,24,24,24,56,57,56,27,27,300,0,0,0,0,0,0,0,0,0
11.4,4.5,0.51,0.58,0.59,9.02,7.88,10.34,11.42,-4.0,-0.21,-0.14,171.6,6.7,132,1,1,527,692,642,-2,643,11.4,816.3,556,31.2,31.8,0.8,2.8,2067.6,0,16.83,19.8,44.6,47.3,45.7,46.4,46.3,48.7,54.9,46.7,53.7,53.3,25.2,27.0,27.1,28.7,37,32,25,0.0,0.0,0.0,6,6,4,0,24,24,24,56,57,56,27,27,300,0,0,0,0,0,0,0,0,0
10.95,220.14,0.51,0.58,0.59,7.94,6.94,9.2,11.01,5.2,-0.18,-0.1,171.7,6.1,127,1,1,457,690,555,-2,550,10.96,737.4,503,31.9,33.5,0.8,2.8,2067.6,0,16.83,19.8,44.7,47.4,46.1,46.4,46.4,48.8,55.2,47.1,53.7,53.3,25.2,26.9,27.0,28.7,37,33,25,0.0,0.0,0.6,6,6,4,0,24,24,24,56,57,55,26,26,300,0,0,0,0,0,0,0,0,0
11.32,329.0,0.51,0.58,0.59,9.22,7.7,10.1,11.32,-1.7,-0.22,-0.11,171.7,7.1,128,1,1,507,691,612,0,609,11.3,794.5,542,30.7,32.1,0.8,2.8,2067.6,0,16.83,19.9,44.7,47.3,48.1,46.4,46.4,48.7,55.1,46.9,53.7,53.3,25.2,27.0,27.2,28.8,36,32,25,0.0,0.0,0.0,6,6,4,0,24,24,24,56,57,56,27,27,300,0,0,0,0,0,0,0,0,0
11.1,352.62,0.51,0.58,0.59,9.16,7.32,10.1,11.11,-0.6,-0.2,-0.12,171.8,6.1,128,1,1,475,691,584,0,579,11.08,755.0,518,30.7,31.7,0.8,2.8,2067.6,0,16.83,19.9,45.3,48.0,47.8,47.0,47.0,49.4,55.7,47.4,53.7,53.2,25.2,27.0,26.9,28.7,36,32,25,0.0,0.1,0.0,6,6,4,0,24,24,24,57,55,56,27,27,300,0,0,0,0,0,0,0,0,0
10.98,154.26,0.51,0.58,0.59,8.3,7.56,8.56,11.0,5.7,-0.19,-0.17,171.7,5.6,127,1,1,458,691,556,0,551,10.98,734.2,503,31.6,33.5,0.8,2.8,2067.6,0,16.83,19.8,44.7,47.4,47.5,46.5,46.4,48.8,55.2,47.1,53.7,53.3,25.2,26.9,27.0,28.7,37,33,25,0.0,0.0,0.0,6,6,4,0,24,24,24,56,57,56,26,26,300,0,0,0,0,0,0,0,0,0
11.15,86.0,0.51,0.58,0.59,7.9,6.82,7.88,11.16,-3.8,-0.14,-0.14,171.8,5.9,128,1,1,480,692,589,0,588,11.12,764.2,522,31.0,32.0,0.8,2.8,2067.6,0,16.83,19.9,45.2,47.9,46.7,47.0,47.0,49.4,55.7,47.4,53.7,53.2,25.2,27.0,26.9,28.7,36,32,25,0.0,0.2,0.0,6,6,4,0,24,24,24,57,56,55,27,27,300,0,0,0,0,0,0,0,0,0
10.81,244.87,0.51,0.58,0.59,7.52,6.46,8.36,10.83,1.3,-0.17,-0.11,171.8,6.4,128,1,1,440,691,532,-2,522,10.82,717.0,488,29.8,30.6,0.8,2.8,2067.6,0,16.83,19.9,45.2,47.8,48.8,46.9,46.9,49.3,55.6,47.4,53.7,53.2,25.2,27.0,26.9,28.6,35,30,25,0.0,0.0,0.0,6,6,4,0,24,24,24,57,56,56,27,27,300,0,0,0,0,0,0,0,0,0
10.81,217.26,0.51,0.58,0.59,8.52,7.28,9.58,10.84,-8.3,-0.16,-0.1,171.7,6.8,128,1,1,436,690,523,0,525,10.8,704.9,483,32.1,32.8,0.8,2.8,2067.6,0,16.83,19.8,44.8,47.4,46.9,46.5,46.5,48.9,55.4,47.1,53.7,53.2,25.2,27.0,27.0,28.7,36,32,25,0.0,-0.2,0.2,6,6,4,0,24,24,24,56,56,56,27,27,300,0,0,0,0,0,0,0,0,0
10.81,282.13,0.51,0.58,0.59,7.92,6.16,8.46,10.82,-6.2,-0.2,-0.15,171.7,7.0,128,1,1,435,690,531,0,512,10.82,711.2,485,33.6,33.0,0.8,2.8,2067.6,0,16.83,19.8,44.8,47.4,45.7,46.5,46.5,48.9,55.4,47.1,53.7,53.2,25.2,27.0,27.0,28.7,36,32,25,0.2,0.0,-0.2,6,6,4,0,24,24,24,56,56,56,27,27,300,0,0,0,0,0,0,0,0,0
10.65,27.76,0.51,0.58,0.59,7.74,6.1,8.34,10.66,6.3,-0.12,-0.07,171.8,6.3,125,1,1,411,691,510,0,498,10.64,684.4,468,28.8,30.2,0.8,2.8,2067.6,0,16.83,19.9,45.1,47.7,46.8,46.8,46.8,49.2,55.6,47.3,53.7,53.3,25.2,27.0,27.0,28.5,34,30,25,0.2,0.0,0.0,6,6,4,0,24,24,24,56,56,56,27,27,300,0,0,0,0,0,0,0,0,0
11.44,297.25,0.51,0.58,0.59,8.8,6.76,9.7,11.46,-0.4,-0.23,-0.15,171.6,6.3,127,1,1,527,691,648,2,630,11.44,822.1,561,29.1,31.0,0.8,2.8,2067.6,0,16.83,19.8,44.6,47.3,47.2,46.4,46.4,48.7,55.0,46.9,53.7,53.3,25.2,27.0,27.2,28.8,36,31,25,0.0,0.0,0.0,6,6,4,0,24,24,24,56,57,55,27,27,300,0,0,0,0,0,0,0,0,0
10.78,87.52,0.51,0.58,0.59,9.26,7.54,8.94,10.8,-8.3,-0.19,-0.12,171.8,5.5,127,1,1,428,690,520,0,520,10.78,702.7,480,31.4,32.6,0.8,2.8,2067.6,0,16.83,19.9,44.8,47.4,46.6,46.5,46.5,48.9,55.4,47.1,53.7,53.2,25.2,27.0,27.0,28.7,36,32,25,0.0,0.0,-0.2,6,6,4,0,24,24,24,57,56,56,27,27,300,0,0,0,0,0,0,0,0,0
11.28,208.37,0.51,0.58,0.59,8.08,7.2,8.94,11.22,-3.5,-0.2,-0.1,171.7,7.3,128,1,1,499,691,604,0,597,11.24,783.3,535,31.0,32.3,0.8,2.8,2067.6,0,16.83,19.9,44.7,47.4,47.6,46.4,46.4,48.8,55.2,47.0,53.7,53.2,25.2,27.0,27.2,28.8,37,32,25,0.0,0.0,0.2,6,6,4,0,24,24,24,56,57,56,27,27,300,0,0,0,0,0,0,0,0,0
11.73,1.87,0.51,0.58,0.59,8.56,7.56,10.16,11.75,-1.1,-0.18,-0.11,171.7,6.7,128,1,1,571,692,702,2,699,11.74,868.6,594,29.3,30.4,0.8,2.8,2067.6,0,16.83,19.8,44.6,47.3,46.0,46.4,46.3,48.7,55.0,46.8,53.7,53.2,25.2,27.0,27.1,28.8,36,31,25,0.0,0.5,0.0,6,6,4,0,24,24,24,56,57,56,27,27,300,0,0,0,0,0,0,0,0,0
11.39,263.74,0.51,0.58,0.59,8.4,6.66,9.58,11.41,0.6,-0.17,-0.13,171.6,7.3,127,1,1,519,691,630,0,629,11.38,810.0,552,31.5,31.9,0.8,2.8,2067.6,0,16.83,19.9,44.7,47.3,47.6,46.4,46.4,48.7,55.1,46.9,53.7,53.3,25.2,27.0,27.2,28.8,36,32,25,0.0,-0.1,0.0,6,6,4,0,24,24,24,56,57,56,27,27,300,0,0,0,0,0,0,0,0,0
11.16,149.51,0.51,0.58,0.59,8.06,7.56,7.94,11.2,-1.9,-0.19,-0.14,171.8,7.1,126,1,1,486,692,596,0,581,11.16,770.1,526,30.2,32.1,0.8,2.8,2067.6,0,16.83,19.9,45.3,48.0,48.9,47.1,47.1,49.5,55.7,47.4,53.7,53.3,25.2,27.0,26.9,28.6,37,32,25,0.0,0.2,0.0,6,6,4,0,24,24,24,57,55,56,27,27,300,0,0,0,0,0,0,0,0,0
11.74,354.13,0.51,0.58,0.59,10.14,8.16,11.62,11.76,-0.1,-0.18,-0.12,171.7,7.4,128,1,1,573,692,702,0,701,11.74,869.9,594,29.1,30.3,0.8,2.8,2067.6,0,16.83,19.8,44.6,47.3,46.3,46.3,46.3,48.6,55.0,46.8,53.7,53.2,25.2,27.0,27.1,28.8,36,31,25,0.0,0.2,0.0,6,6,4,0,24,24,24,56,57,56,27,27,300,0,0,0,0,0,0,0,0,0
11.32,302.0,0.51,0.58,0.59,9.5,7.72,10.54,11.35,-2.5,-0.23,-0.13,171.6,6.7,128,1,1,507,691,621,0,616,11.32,801.3,545,30.1,31.7,0.8,2.8,2067.6,0,16.83,19.9,44.7,47.4,48.0,46.4,46.4,48.7,55.1,46.9,53.7,53.3,25.2,27.0,27.2,28.8,36,32,25,0.0,0.0,0.0,6,6,4,0,24,24,24,56,57,56,27,27,300,0,0,0,0,0,0,0,0,0
11.27,163.37,0.51,0.58,0.59,8.38,7.54,8.64,11.26,-1.8,-0.19,-0.14,171.6,6.1,127,1,1,498,692,608,0,599,11.26,786.0,536,30.7,32.4,0.8,2.8,2067.6,0,16.83,19.9,44.7,47.4,48.3,46.4,46.4,48.8,55.2,47.0,53.7,53.2,25.2,26.9,27.2,28.8,37,32,25,0.0,0.2,0.0,6,6,4,0,24,24,24,56,57,56,26,26,300,0,0,0,0,0,0,0,0,0
11.52,100.12,0.51,0.58,0.59,9.6,9.02,9.66,11.56,8.0,-0.18,-0.16,171.7,5.9,127,1,1,540,692,663,0,649,11.52,832.4,569,30.5,31.1,0.8,2.8,2067.6,0,16.83,19.8,44.7,47.3,47.8,46.4,46.4,48.7,54.9,46.8,53.7,53.3,25.2,27.0,27.2,28.7,36,31,25,0.0,0.0,-0.2,6,6,4,0,24,24,24,56,57,56,27,27,300,0,0,0,0,0,0,0,0,0
11.63,199.12,0.51,0.58,0.59,8.02,7.52,8.58,11.65,-3.2,-0.19,-0.2,171.6,7.6,128,1,1,553,692,672,0,667,11.62,846.9,578,28.1,30.4,0.8,2.8,2067.6,0,16.83,19.8,44.6,47.3,46.8,46.3,46.3,48.6,55.0,46.8,53.7,53.3,25.2,27.0,27.2,28.8,36,31,25,0.0,0.0,0.2,6,6,4,0,24,24,24,56,57,55,27,27,300,0,0,0,0,0,0,0,0,0
11.43,125.39,0.51,0.58,0.59,8.32,8.2,8.64,11.43,-1.6,-0.21,-0.09,171.6,6.7,127,1,1,521,692,636,0,635,11.4,810.3,553,30.1,30.9,0.8,2.8,2067.6,0,16.83,19.8,44.7,47.3,48.9,46.4,46.4,48.7,55.0,46.8,53.7,53.2,25.2,27.0,27.2,28.8,36,31,25,0.0,0.2,0.0,6,6,4,0,24,24,24,56,57,56,27,27,300,0,0,0,0,0,0,0,0,0
11.48,90.0,0.51,0.58,0.59,9.02,8.38,9.54,11.49,-11.1,-0.21,-0.11,171.6,6.1,132,1,1,542,692,659,-2,647,11.48,828.4,565,31.1,32.0,0.8,2.8,2067.6,0,16.83,19.8,44.7,47.3,47.1,46.4,46.4,48.7,54.9,46.8,53.7,53.3,25.2,27.0,27.1,28.7,37,32,25,0.0,0.0,-0.2,6,6,4,0,24,24,24,56,57,56,27,27,300,0,0,0,0,0,0,0,0,0
11.4,297.36,0.51,0.58,0.59,9.02,7.18,9.88,11.44,4.9,-0.19,-0.13,171.6,6.6,126,1,1,519,691,639,0,637,11.4,811.4,554,31.4,31.6,0.8,2.8,2067.6,0,16.83,19.9,44.6,47.3,46.1,46.4,46.3,48.7,55.1,46.9,53.7,53.3,25.2,27.0,27.1,28.8,36,32,25,0.0,0.0,0.0,6,6,4,0,24,24,24,56,57,55,27,27,300,0,0,0,0,0,0,0,0,0
11.41,212.62,0.51,0.58,0.59,8.44,7.72,9.38,11.39,-5.5,-0.15,-0.16,171.6,7.7,128,1,1,520,691,630,0,631,11.38,805.9,552,31.1,31.2,0.8,2.8,2067.6,0,16.83,19.8,44.7,47.3,47.4,46.4,46.3,48.7,55.0,46.9,53.7,53.3,25.2,27.0,27.1,28.8,36,31,25,0.2,-0.2,0.2,6,6,4,0,24,24,24,56,57,56,27,27,300,0,0,0,0,0,0,0,0,0
11.63,316.76,0.51,0.58,0.59,8.66,6.34,10.28,11.64,-1.4,-0.26,-0.11,171.6,7.0,129,1,1,555,692,681,0,674,11.62,847.6,580,30.0,30.6,0.8,2.8,2067.6,0,16.83,19.8,44.6,47.3,47.4,46.4,46.4,48.7,55.0,46.8,53.7,53.3,25.2,27.0,27.1,28.8,36,31,25,0.0,0.0,0.2,6,6,4,0,24,24,24,56,57,56,27,27,300,0,0,0,0,0,0,0,0,0
10.78,132.62,0.51,0.58,0.59,8.22,6.84,8.74,10.78,-5.9,-0.18,-0.18,171.8,5.8,127,1,1,431,691,525,0,520,10.76,703.9,480,31.1,31.4,0.8,2.8,2067.6,0,16.83,19.9,44.9,47.6,48.1,46.7,46.7,49.0,55.5,47.3,53.7,53.3,25.2,27.0,27.0,28.7,35,31,25,0.0,0.0,0.0,6,6,4,0,24,24,24,57,56,56,27,27,300,0,0,0,0,0,0,0,0,0
11.1,144.76,0.51,0.58,0.59,8.96,8.0,8.78,11.1,2.3,-0.22,-0.15,171.8,6.0,128,1,1,473,691,583,0,578,11.1,756.1,517,30.4,31.5,0.8,2.8,2067.6,0,16.83,19.9,45.3,47.9,49.2,47.0,47.0,49.4,55.7,47.4,53.7,53.2,25.2,27.0,26.9,28.7,36,32,25,-0.2,0.0,0.0,6,6,4,0,24,24,24,57,56,56,27,27,300,0,0,0,0,0,0,0,0,0
11.56,114.12,0.51,0.58,0.59,9.6,9.02,9.68,11.59,2.2,-0.22,-0.13,171.6,6.3,128,1,1,548,692,673,0,664,11.56,841.8,574,29.7,30.9,0.8,2.8,2067.6,0,16.83,19.8,44.7,47.3,48.0,46.4,46.4,48.7,54.9,46.8,53.7,53.3,25.2,27.0,27.2,28.7,36,31,25,0.0,0.0,0.0,6,6,4,0,24,24,24,56,57,56,27,27,300,0,0,0,0,0,0,0,0,0
11.16,57.38,0.51,0.58,0.59,8.3,7.18,8.78,11.2,4.5,-0.17,-0.12,171.8,5.8,125,1,1,491,692,596,0,587,11.2,773.0,529,32.3,32.7,0.8,2.8,2067.6,0,16.83,19.9,45.3,48.0,46.8,47.1,47.1,49.5,55.7,47.5,53.7,53.2,25.2,27.0,26.9,28.7,37,33,25,0.0,0.0,0.0,6,6,4,0,24,24,24,57,55,56,27,27,300,0,0,0,0,0,0,0,0,0
11.64,268.99,0.51,0.58,0.59,8.2,7.12,9.42,11.64,-0.8,-0.18,-0.16,171.6,7.0,128,1,1,551,691,678,2,668,11.62,848.3,580,28.6,30.7,0.8,2.8,2067.6,0,16.83,19.8,44.7,47.3,48.1,46.4,46.4,48.7,55.0,46.8,53.7,53.3,25.2,27.0,27.2,28.8,36,31,25,0.0,0.0,0.0,6,6,4,0,24,24,24,56,57,55,27,27,300,0,0,0,0,0,0,0,0,0
11.04,189.86,0.51,0.58,0.59,7.8,7.04,8.24,11.03,1.7,-0.19,-0.13,171.7,6.4,127,1,1,461,691,556,0,555,11.0,740.6,506,31.5,33.1,0.8,2.8,2067.6,0,16.83,19.8,44.7,47.4,46.3,46.4,46.4,48.8,55.2,47.0,53.7,53.3,25.2,27.0,27.0,28.7,37,33,25,0.0,0.0,0.2,6,6,4,0,24,24,24,56,57,56,27,27,300,0,0,0,0,0,0,0,0,0
10.77,49.5,0.51,0.58,0.59,8.14,6.34,8.46,10.8,1.5,-0.15,-0.14,171.8,6.3,125,1,1,427,691,531,0,521,10.76,701.5,481,30.8,31.3,0.8,2.8,2067.6,0,16.83,19.9,45.0,47.6,48.1,46.7,46.7,49.1,55.5,47.3,53.7,53.3,25.2,27.0,27.0,28.7,34,30,25,0.0,0.0,0.0,6,6,4,0,24,24,24,57,56,55,27,27,300,0,0,0,0,0,0,0,0,0
11.53,224.64,0.51,0.58,0.59,8.48,7.42,9.3,11.54,2.9,-0.19,-0.09,171.6,6.8,127,1,1,544,692,657,0,649,11.52,832.7,569,29.8,31.1,0.8,2.8,2067.6,0,16.83,19.8,44.6,47.3,46.7,46.3,46.3,48.7,54.9,46.8,53.7,53.3,25.2,27.0,27.1,28.7,36,32,25,0.2,0.0,0.6,6,6,4,0,24,24,24,56,57,55,27,27,300,0,0,0,0,0,0,0,0,0
11.19,344.48,0.51,0.58,0.59,7.88,6.26,8.6,11.18,-4.0,-0.21,-0.14,171.8,7.3,128,1,1,489,692,595,0,581,11.16,772.0,526,30.9,32.1,0.8,2.8,2067.6,0,16.83,19.9,45.3,48.0,49.1,47.0,47.1,49.4,55.7,47.4,53.7,53.2,25.2,27.0,26.9,28.6,36,32,25,0.0,0.1,0.2,6,6,4,0,24,24,24,57,55,55,27,27,300,0,0,0,0,0,0,0,0,0
10.86,349.74,0.51,0.58,0.59,8.22,6.62,8.84,10.85,1.2,-0.17,-0.12,171.8,6.4,126,1,1,443,691,535,0,524,10.84,718.3,490,30.2,31.7,0.8,2.8,2067.6,0,16.83,19.9,44.9,47.5,48.5,46.6,46.6,49.0,55.5,47.2,53.7,53.3,25.2,27.0,27.0,28.7,35,31,25,0.0,0.1,0.0,6,6,4,0,24,24,24,56,56,56,27,27,300,0,0,0,0,0,0,0,0,0
11.4,72.86,0.51,0.58,0.59,9.7,8.62,9.78,11.4,-5.5,-0.16,-0.11,171.7,7.6,132,1,1,521,692,642,0,639,11.38,811.2,554,30.4,31.7,0.8,2.8,2067.6,0,16.83,19.8,44.7,47.3,46.8,46.4,46.4,48.7,54.9,46.7,53.7,53.3,25.2,27.0,27.1,28.7,37,32,25,0.0,0.0,-0.4,6,6,4,0,24,24,24,56,57,56,27,27,300,0,0,0,0,0,0,0,0,0
11.2,117.86,0.51,0.58,0.59,8.4,7.58,8.56,11.23,-3.6,-0.2,-0.15,171.7,6.1,128,1,1,496,691,602,0,593,11.22,778.2,533,30.6,32.3,0.8,2.8,2067.6,0,16.83,19.9,44.7,47.4,48.3,46.4,46.4,48.8,55.2,47.0,53.7,53.2,25.2,26.9,27.2,28.8,37,32,25,0.0,0.0,0.0,6,6,4,0,24,24,24,56,57,55,26,26,300,0,0,0,0,0,0,0,0,0
10.77,249.77,0.51,0.58,0.59,8.76,7.52,10.1,10.8,-2.3,-0.17,-0.12,171.7,6.7,127,1,1,431,691,531,0,524,10.78,705.2,482,31.1,32.1,0.8,2.8,2067.6,0,16.83,19.9,44.8,47.5,47.7,46.6,46.6,48.9,55.4,47.2,53.7,53.3,25.2,27.0,27.0,28.7,35,31,25,0.0,-0.2,-0.2,6,6,4,0,24,24,24,57,57,56,27,27,300,0,0,0,0,0,0,0,0,0
10.74,46.37,0.51,0.58,0.59,9.6,7.46,9.3,10.76,4.6,-0.16,-0.15,171.7,6.1,126,1,1,431,691,523,0,517,10.74,703.7,479,31.1,32.2,0.8,2.8,2067.6,0,16.83,19.9,44.9,47.5,48.1,46.6,46.6,48.9,55.5,47.2,53.7,53.2,25.2,27.0,27.0,28.7,35,31,25,0.0,0.0,-0.2,6,6,4,0,24,24,24,56,56,56,27,27,300,0,0,0,0,0,0,0,0,0
10.78,303.52,0.51,0.58,0.59,8.34,6.88,9.16,10.8,1.2,-0.19,-0.09,171.8,6.2,127,1,1,432,691,529,0,529,10.78,708.4,484,29.4,30.7,0.8,2.8,2067.6,0,16.83,19.9,45.1,47.7,46.8,46.8,46.8,49.2,55.6,47.4,53.7,53.2,25.2,27.0,27.0,28.5,35,30,25,0.0,0.0,0.0,6,6,4,0,24,24,24,57,56,56,27,27,300,0,0,0,0,0,0,0,0,0
10.77,259.63,0.51,0.58,0.59,8.04,6.7,9.3,10.8,2.4,-0.19,-0.12,171.8,6.3,125,1,1,429,691,523,0,523,10.78,708.0,481,29.8,30.0,0.8,2.8,2067.6,0,16.83,19.9,45.0,47.7,47.9,46.7,46.7,49.1,55.6,47.3,53.7,53.3,25.2,27.0,27.0,28.7,34,30,25,0.0,0.0,-0.2,6,6,4,0,24,24,24,57,56,56,27,27,300,0,0,0,0,0,0,0,0,0
11.44,211.14,0.51,0.58,0.59,9.24,7.92,9.82,11.44,0.8,-0.19,-0.15,171.6,6.8,126,1,1,523,691,635,0,635,11.4,812.4,554,29.2,31.3,0.8,2.8,2067.6,0,16.83,19.9,44.7,47.3,47.2,46.4,46.4,48.7,55.1,46.9,53.7,53.3,25.2,27.0,27.1,28.8,36,32,25,0.2,-0.3,0.4,6,6,4,0,24,24,24,56,57,56,27,27,300,0,0,0,0,0,0,0,0,0
11.1,117.36,0.51,0.58,0.59,8.22,7.28,8.06,11.11,-1.3,-0.2,-0.15,171.8,6.3,128,1,1,474,691,581,0,580,11.1,756.8,517,30.7,31.7,0.8,2.8,2067.6,0,16.83,19.9,45.3,47.9,49.4,47.0,47.0,49.4,55.7,47.4,53.7,53.3,25.2,27.0,26.9,28.7,36,32,25,0.0,0.0,0.0,6,6,4,0,24,24,24,56,56,56,27,27,300,0,0,0,0,0,0,0,0,0
11.41,195.37,0.51,0.58,0.59,8.48,8.0,9.02,11.42,4.6,-0.21,-0.11,171.6,6.7,127,1,1,518,691,630,0,628,11.38,807.6,551,31.4,31.9,0.8,2.8,2067.6,0,16.83,19.9,44.7,47.3,48.5,46.4,46.4,48.7,55.1,46.9,53.7,53.3,25.2,27.0,27.2,28.8,36,32,25,0.0,0.0,0.0,6,6,4,0,24,24,24,56,57,56,27,27,300,0,0,0,0,0,0,0,0,0
11.1,63.86,0.51,0.58,0.59,9.18,7.64,9.28,11.14,-0.7,-0.15,-0.14,171.8,6.4,128,1,1,475,691,584,0,580,11.1,762.6,519,29.6,31.2,0.8,2.8,2067.6,0,16.83,19.9,45.2,47.9,48.9,47.0,47.0,49.4,55.6,47.4,53.7,53.3,25.2,27.0,26.9,28.8,36,31,25,0.0,0.0,-0.4,6,6,4,0,24,24,24,57,56,56,27,27,300,0,0,0,0,0,0,0,0,0
11.31,10.01,0.51,0.58,0.59,8.24,6.84,9.48,11.35,-1.0,-0.17,-0.12,171.7,7.1,128,1,1,512,691,620,0,616,11.32,798.5,545,30.3,31.8,0.8,2.8,2067.6,0,16.83,19.9,44.7,47.3,47.0,46.4,46.4,48.7,55.1,46.9,53.7,53.3,25.2,27.0,27.2,28.8,36,32,25,0.0,0.2,0.0,6,6,4,0,24,24,24,56,57,56,27,27,300,0,0,0,0,0,0,0,0,0
10.74,175.39,0.51,0.58,0.59,7.3,6.62,8.02,10.78,1.4,-0.22,-0.1,171.7,6.0,126,1,1,427,691,523,0,518,10.76,698.6,478,32.8,32.5,0.8,2.8,2067.6,0,16.83,19.9,44.8,47.5,46.1,46.6,46.5,48.9,55.5,47.2,53.7,53.2,25.2,27.0,27.0,28.7,36,32,25,-0.2,0.0,0.0,6,6,4,0,24,24,24,57,56,56,27,27,300,0,0,0,0,0,0,0,0,0
10.89,152.24,0.51,0.58,0.59,7.56,7.06,8.1,10.9,-0.1,-0.2,-0.12,171.8,6.5,128,1,1,451,692,547,-2,536,10.88,723.8,495,30.7,31.3,0.8,2.8,2067.6,0,16.83,19.9,45.2,47.9,49.1,47.0,47.0,49.3,55.6,47.4,53.7,53.3,25.2,27.0,26.9,28.8,35,31,25,0.0,0.2,0.0,6,6,4,0,24,24,24,57,56,56,27,27,300,0,0,0,0,0,0,0,0,0
10.8,43.99,0.51,0.58,0.59,7.82,6.54,8.82,10.83,5.7,-0.11,-0.15,171.8,6.0,126,1,1,439,691,534,2,517,10.82,711.0,486,29.3,30.5,0.8,2.8,2067.6,0,16.83,19.9,45.1,47.7,47.6,46.9,46.9,49.2,55.6,47.4,53.7,53.2,25.2,27.0,27.0,28.5,35,30,25,0.0,0.0,0.0,6,6,4,0,24,24,24,57,56,56,27,27,300,0,0,0,0,0,0,0,0,0
11.11,219.49,0.51,0.58,0.59,8.14,6.8,9.08,11.12,-2.1,-0.17,-0.1,171.8,6.7,128,1,1,478,692,587,0,582,11.1,765.3,520,31.6,31.9,0.8,2.8,2067.6,0,16.83,19.9,45.3,48.0,48.1,47.0,47.0,49.4,55.7,47.4,53.7,53.2,25.2,27.0,26.9,28.7,36,32,25,0.0,0.0,0.8,6,6,4,0,24,24,24,57,56,56,27,27,300,0,0,0,0,0,0,0,0,0
11.39,262.37,0.51,0.58,0.59,8.38,6.76,9.36,11.45,-0.1,-0.17,-0.13,171.6,6.8,127,1,1,522,692,632,-2,635,11.42,811.5,554,30.0,30.8,0.8,2.8,2067.6,0,16.83,19.8,44.6,47.3,46.5,46.4,46.3,48.7,55.0,46.8,53.7,53.2,25.2,27.0,27.2,28.8,36,31,25,0.2,0.0,0.2,6,6,4,0,24,24,24,56,57,55,27,27,300,0,0,0,0,0,0,0,0,0
11.53,242.89,0.51,0.58,0.59,8.54,7.48,9.78,11.54,-12.4,-0.17,-0.12,171.6,8.0,132,1,1,548,692,670,0,659,11.54,840.0,573,30.5,31.6,0.8,2.8,2067.6,0,16.83,19.8,44.7,47.3,48.5,46.4,46.4,48.7,54.9,46.7,53.7,53.3,25.2,27.0,27.1,28.7,37,32,25,0.0,-0.2,0.0,6,6,4,0,24,24,24,56,57,56,27,27,300,0,0,0,0,0,0,0,0,0
10.74,266.62,0.51,0.58,0.59,7.8,6.08,8.58,10.77,-2.4,-0.17,-0.15,171.7,6.3,127,1,1,433,691,523,0,521,10.76,701.5,480,29.0,30.4,0.8,2.8,2067.6,0,16.83,19.9,45.1,47.7,46.7,46.8,46.8,49.2,55.6,47.4,53.7,53.3,25.2,27.0,27.0,28.5,34,30,25,0.0,0.0,0.0,6,6,4,0,24,24,24,57,56,55,27,27,300,0,0,0,0,0,0,0,0,0
11.2,216.61,0.51,0.58,0.59,8.36,7.52,9.06,11.19,-1.0,-0.16,-0.13,171.8,7.0,126,1,1,485,692,596,0,579,11.16,769.1,526,30.0,32.1,0.8,2.8,2067.6,0,16.83,19.9,45.3,48.0,48.4,47.1,47.1,49.5,55.7,47.4,53.7,53.3,25.2,27.0,26.9,28.6,37,32,25,0.0,-0.2,0.4,6,6,4,0,24,24,24,57,55,56,27,27,300,0,0,0,0,0,0,0,0,0
10.65,259.88,0.51,0.58,0.59,7.18,5.8,8.52,10.66,7.1,-0.19,-0.14,171.8,6.0,125,1,1,417,691,513,0,501,10.64,689.9,470,30.0,30.5,0.8,2.8,2067.6,0,16.83,19.9,45.1,47.7,48.8,46.8,46.8,49.2,55.6,47.3,53.7,53.3,25.2,27.0,27.0,28.5,34,30,25,0.0,0.0,0.0,6,6,4,0,24,24,24,56,56,56,27,27,300,0,0,0,0,0,0,0,0,0
11.63,107.39,0.51,0.58,0.59,8.0,7.5,8.06,11.63,-2.6,-0.2,-0.19,171.7,6.4,128,1,1,555,692,681,0,672,11.62,850.0,580,29.2,30.7,0.8,2.8,2067.6,0,16.83,19.8,44.6,47.3,46.3,46.3,46.3,48.6,55.0,46.8,53.7,53.3,25.2,27.0,27.1,28.8,36,31,25,0.0,0.2,0.0,6,6,4,0,24,24,24,56,57,56,27,27,300,0,0,0,0,0,0,0,0,0
10.78,200.12,0.51,0.58,0.59,6.84,6.02,8.04,10.78,-0.7,-0.14,-0.04,171.8,7.2,125,1,1,429,691,529,0,521,10.76,702.0,480,31.6,31.3,0.8,2.8,2067.6,0,16.83,19.9,44.9,47.6,48.5,46.7,46.6,49.0,55.5,47.3,53.7,53.3,25.2,27.0,27.0,28.7,35,30,25,0.0,0.0,0.4,6,6,4,0,24,24,24,57,56,55,27,27,300,0,0,0,0,0,0,0,0,0
11.19,301.86,0.51,0.58,0.59,9.42,6.76,9.7,11.21,-0.1,-0.18,-0.14,171.8,6.7,127,1,1,486,691,598,0,584,11.18,771.9,529,31.8,32.1,0.8,2.8,2067.6,0,16.83,19.9,45.3,48.0,47.2,47.0,47.0,49.4,55.7,47.4,53.7,53.2,25.2,27.0,26.9,28.6,37,32,25,0.0,0.0,0.0,6,6,4,0,24,24,24,57,55,56,27,27,300,0,0,0,0,0,0,0,0,0
11.39,238.39,0.51,0.58,0.59,8.32,6.72,9.58,11.4,1.0,-0.13,-0.15,171.6,6.9,127,1,1,521,691,636,0,635,11.4,810.9,554,29.9,31.1,0.8,2.8,2067.6,0,16.83,19.8,44.7,47.3,48.1,46.4,46.4,48.7,55.0,46.8,53.7,53.3,25.2,27.0,27.1,28.8,36,31,25,0.2,-0.1,0.4,6,6,4,0,24,24,24,56,57,56,27,27,300,0,0,0,0,0,0,0,0,0
11.4,63.25,0.51,0.58,0.59,9.8,8.78,10.02,11.39,5.1,-0.18,-0.17,171.7,5.8,126,1,1,523,691,636,0,637,11.42,811.4,554,31.3,31.6,0.8,2.8,2067.6,0,16.83,19.9,44.7,47.3,48.5,46.4,46.4,48.7,55.1,46.9,53.7,53.3,25.2,27.0,27.1,28.8,36,32,25,0.0,0.0,-0.4,6,6,4,0,24,24,24,56,57,56,27,27,300,0,0,0,0,0,0,0,0,0
11.55,9.5,0.51,0.58,0.59,10.14,8.2,11.14,11.56,-0.1,-0.18,-0.12,171.6,7.2,127,1,1,540,692,663,0,649,11.54,833.8,570,30.6,30.8,0.8,2.8,2067.6,0,16.83,19.8,44.7,47.3,48.5,46.4,46.4,48.7,55.0,46.8,53.7,53.3,25.2,27.0,27.2,28.8,36,31,25,0.0,0.0,0.0,6,6,4,0,24,24,24,56,57,55,27,27,300,0,0,0,0,0,0,0,0,0
11.28,125.64,0.51,0.58,0.59,8.48,7.78,9.5,11.32,-1.2,-0.18,-0.12,171.7,5.5,128,1,1,502,691,614,0,604,11.28,787.8,539,29.8,31.7,0.8,2.8,2067.6,0,16.83,19.9,44.7,47.3,46.5,46.4,46.4,48.7,55.2,47.0,53.7,53.3,25.2,27.0,27.2,28.8,36,32,25,0.0,0.0,0.0,6,6,4,0,24,24,24,56,57,56,27,27,300,0,0,0,0,0,0,0,0,0
11.64,48.64,0.51,0.58,0.59,8.58,7.8,9.88,11.66,-2.0,-0.18,-0.14,171.7,6.6,128,1,1,559,692,681,0,674,11.64,852.7,582,30.5,30.7,0.8,2.8,2067.6,0,16.83,19.8,44.6,47.3,47.0,46.4,46.3,48.7,55.0,46.8,53.7,53.3,25.2,27.0,27.2,28.8,36,31,25,0.0,0.2,0.0,6,6,4,0,24,24,24,56,57,56,27,27,300,0,0,0,0,0,0,0,0,0
10.76,326.27,0.51,0.58,0.59,8.86,7.06,10.18,10.76,0.3,-0.2,-0.12,171.8,6.7,127,1,1,425,691,525,0,519,10.74,701.6,479,30.1,31.4,0.8,2.8,2067.6,0,16.83,19.9,44.9,47.6,46.0,46.6,46.6,49.0,55.5,47.3,53.7,53.3,25.2,27.0,27.0,28.7,35,31,25,0.0,0.0,0.0,6,6,4,0,24,24,24,56,56,56,27,27,300,0,0,0,0,0,0,0,0,0
10.85,188.89,0.51,0.58,0.59,7.9,7.1,8.44,10.84,1.8,-0.17,-0.11,171.7,6.2,126,1,1,437,691,528,0,516,10.82,710.7,486,30.3,31.6,0.8,2.8,2067.6,0,16.83,19.9,44.9,47.5,46.4,46.6,46.6,49.0,55.5,47.2,53.7,53.3,25.2,27.0,27.0,28.7,35,31,25,0.0,0.0,0.0,6,6,4,0,24,24,24,56,56,56,27,27,300,0,0,0,0,0,0,0,0,0
11.58,135.36,0.51,0.58,0.59,7.98,7.6,8.34,11.61,-9.2,-0.19,-0.12,171.6,7.1,129,1,1,551,692,667,0,658,11.58,839.6,575,30.8,31.6,0.8,2.8,2067.6,0,16.83,19.8,44.6,47.3,46.2,46.4,46.3,48.7,54.9,46.8,53.7,53.3,25.2,27.0,27.1,28.7,37,32,25,0.0,0.2,0.2,6,6,4,0,24,24,24,56,58,56,27,27,300,0,0,0,0,0,0,0,0,0
11.2,100.37,0.51,0.58,0.59,8.96,7.48,8.88,11.22,-0.7,-0.16,-0.19,171.8,6.1,127,1,1,487,692,596,0,584,11.2,773.2,528,30.2,32.0,0.8,2.8,2067.6,0,16.83,19.9,45.3,48.0,49.1,47.1,47.1,49.5,55.7,47.4,53.7,53.3,25.2,27.0,26.9,28.5,37,32,25,0.0,0.0,0.0,6,6,4,0,24,24,24,57,55,56,27,27,300,0,0,0,0,0,0,0,0,0
10.73,130.61,0.51,0.58,0.59,8.42,7.06,8.62,10.74,3.6,-0.19,-0.16,171.7,5.8,125,1,1,422,690,516,0,510,10.7,692.3,475,31.8,32.5,0.8,2.8,2067.6,0,16.83,19.9,44.8,47.5,45.6,46.6,46.5,48.9,55.5,47.2,53.7,53.3,25.2,27.0,27.0,28.7,36,32,25,0.0,0.0,0.0,6,6,4,0,24,24,24,56,56,56,27,27,300,0,0,0,0,0,0,0,0,0
10.86,284.62,0.51,0.58,0.59,7.92,6.4,8.68,10.87,1.1,-0.23,-0.1,171.8,6.1,126,1,1,438,691,541,0,524,10.84,718.1,491,31.5,31.7,0.8,2.8,2067.6,0,16.83,19.9,44.9,47.5,48.9,46.6,46.6,49.0,55.5,47.2,53.7,53.3,25.2,27.0,27.0,28.7,35,31,25,0.2,0.0,0.0,6,6,4,0,24,24,24,56,56,56,27,27,300,0,0,0,0,0,0,0,0,0
11.09,317.27,0.51,0.58,0.59,8.02,6.22,9.16,11.1,-1.5,-0.2,-0.12,171.8,6.3,128,1,1,475,692,581,0,580,11.1,758.1,518,29.4,31.3,0.8,2.8,2067.6,0,16.83,19.9,45.2,47.9,47.4,47.0,47.0,49.3,55.7,47.4,53.7,53.3,25.2,27.0,26.9,28.7,36,31,25,0.0,0.0,0.2,6,6,4,0,24,24,24,57,56,56,27,27,300,0,0,0,0,0,0,0,0,0
10.94,354.64,0.51,0.58,0.59,8.8,7.1,9.76,10.98,3.6,-0.19,-0.1,171.7,6.5,128,1,1,450,691,559,0,545,10.94,737.2,500,31.5,33.2,0.8,2.8,2067.6,0,16.83,19.8,44.7,47.4,46.2,46.5,46.4,48.8,55.3,47.1,53.7,53.2,25.2,26.9,27.0,28.7,37,33,25,0.0,0.0,0.0,6,6,4,0,24,24,24,56,57,56,26,26,300,0,0,0,0,0,0,0,0,0
11.55,286.74,0.51,0.58,0.59,8.12,6.62,9.36,11.56,-3.9,-0.17,-0.19,171.5,6.9,128,1,1,544,692,667,0,653,11.54,836.6,572,28.3,30.4,0.8,2.8,2067.6,0,16.83,19.8,44.6,47.3,47.4,46.4,46.3,48.7,55.0,46.8,53.7,53.3,25.2,27.0,27.1,28.8,36,31,25,0.0,0.0,0.2,6,6,4,0,24,24,24,57,57,55,27,27,300,0,0,0,0,0,0,0,0,0
11.19,68.26,0.51,0.58,0.59,8.34,7.04,8.94,11.19,4.8,-0.21,-0.16,171.7,5.9,126,1,1,481,692,581,0,571,11.16,764.5,523,32.3,32.6,0.8,2.8,2067.6,0,16.83,19.8,44.7,47.4,46.4,46.4,46.4,48.8,55.2,47.0,53.7,53.3,25.2,27.0,27.1,28.7,37,32,25,0.0,0.0,0.0,6,6,4,0,24,24,24,56,57,56,27,27,300,0,0,0,0,0,0,0,0,0
11.73,283.61,0.51,0.58,0.59,8.84,6.64,9.86,11.75,-0.1,-0.23,-0.21,171.5,6.8,128,1,1,575,692,700,0,701,11.74,867.8,594,28.4,30.2,0.8,2.8,2067.6,0,16.83,19.8,44.6,47.3,46.5,46.4,46.3,48.7,54.9,46.8,53.7,53.3,25.2,27.0,27.1,28.8,36,31,25,0.2,0.0,0.0,6,6,4,0,24,24,24,56,57,56,27,27,300,0,0,0,0,0,0,0,0,0
11.7,159.52,0.51,0.58,0.59,9.38,8.9,9.34,11.68,3.8,-0.21,-0.16,171.5,7.0,128,1,1,560,692,681,0,679,11.66,854.6,584,28.4,30.3,0.8,2.8,2067.6,0,16.83,19.8,44.6,47.3,47.7,46.4,46.3,48.7,55.0,46.8,53.7,53.3,25.2,27.0,27.1,28.8,36,31,25,0.0,0.0,0.0,6,6,4,0,24,24,24,56,57,56,27,27,300,0,0,0,0,0,0,0,0,0
10.78,29.02,0.51,0.58,0.59,8.24,6.4,8.56,10.78,4.1,-0.19,-0.15,171.8,6.2,125,1,1,427,691,525,0,523,10.78,705.4,482,29.8,30.3,0.8,2.8,2067.6,0,16.83,19.9,45.0,47.7,47.3,46.8,46.8,49.1,55.6,47.3,53.7,53.3,25.2,27.0,27.0,28.7,34,30,25,0.0,0.0,0.0,6,6,4,0,24,24,24,57,56,56,27,27,300,0,0,0,0,0,0,0,0,0
11.27,329.36,0.51,0.58,0.59,9.98,8.3,11.06,11.28,4.6,-0.14,-0.11,171.8,6.5,125,1,1,504,692,624,0,614,11.28,796.5,543,30.7,32.5,0.8,2.8,2067.6,0,16.83,20.0,45.3,48.0,48.4,47.1,47.1,49.5,55.7,47.4,53.7,53.2,25.2,27.0,26.9,28.7,38,33,25,-0.2,0.0,0.0,6,6,4,0,24,24,24,57,55,56,27,27,300,0,0,0,0,0,0,0,0,0
10.83,318.89,0.51,0.58,0.59,8.36,6.7,8.96,10.84,3.1,-0.2,-0.11,171.8,6.6,126,1,1,439,691,537,0,521,10.84,713.0,488,31.5,31.9,0.8,2.8,2067.6,0,16.83,19.9,44.9,47.6,48.2,46.6,46.6,49.0,55.5,47.2,53.7,53.3,25.2,27.0,27.0,28.7,35,31,25,0.0,0.0,0.0,6,6,4,0,24,24,24,56,56,56,27,27,300,0,0,0,0,0,0,0,0,0
11.58,65.48,0.51,0.58,0.59,9.08,8.02,9.58,11.57,1.4,-0.18,-0.09,171.7,6.3,127,1,1,544,692,666,0,654,11.56,837.3,572,28.9,30.7,0.8,2.8,2067.6,0,16.83,19.8,44.6,47.3,47.7,46.4,46.4,48.7,55.0,46.8,53.7,53.3,25.2,27.0,27.1,28.8,36,31,25,0.0,0.0,-0.4,6,6,4,0,24,24,24,57,57,55,27,27,300,0,0,0,0,0,0,0,0,0
11.39,181.76,0.51,0.58,0.59,8.0,7.62,8.58,11.4,0.3,-0.23,-0.11,171.6,6.2,126,1,1,518,691,633,0,631,11.38,808.4,552,30.0,31.3,0.8,2.8,2067.6,0,16.83,19.8,44.7,47.3,46.0,46.4,46.3,48.7,55.0,46.9,53.7,53.3,25.2,27.0,27.1,28.8,36,32,25,0.0,0.0,0.0,6,6,4,0,24,24,24,56,57,56,27,27,300,0,0,0,0,0,0,0,0,0
11.44,6.01,0.51,0.58,0.59,8.54,7.42,9.74,11.47,1.5,-0.18,-0.11,171.7,6.8,127,1,1,528,691,648,0,630,11.44,820.5,560,29.6,31.0,0.8,2.8,2067.6,0,16.83,19.8,44.6,47.3,46.4,46.4,46.3,48.7,55.0,46.9,53.7,53.2,25.2,27.0,27.2,28.8,36,31,25,0.0,0.3,0.2,6,6,4,0,24,24,24,56,57,55,27,27,300,0,0,0,0,0,0,0,0,0
10.81,144.36,0.51,0.58,0.59,8.34,7.46,8.46,10.83,5.3,-0.22,-0.15,171.8,6.3,127,1,1,432,691,532,0,515,10.8,710.3,485,29.4,30.8,0.8,2.8,2067.6,0,16.83,19.9,45.1,47.8,48.4,46.9,46.9,49.2,55.6,47.4,53.6,53.2,25.2,27.0,26.9,28.5,35,30,25,-0.2,0.0,0.0,6,6,4,0,24,24,24,56,56,56,27,27,300,0,0,0,0,0,0,0,0,0
10.78,193.39,0.51,0.58,0.59,7.86,6.98,8.76,10.83,1.3,-0.18,-0.15,171.8,6.8,125,1,1,437,691,529,0,527,10.8,705.6,483,30.5,30.7,0.8,2.8,2067.6,0,16.83,19.9,45.0,47.7,48.5,46.7,46.7,49.1,55.5,47.3,53.7,53.3,25.2,27.0,27.0,28.7,34,30,25,0.0,0.0,0.0,6,6,4,0,24,24,24,56,56,56,27,27,300,0,0,0,0,0,0,0,0,0
10.94,26.24,0.51,0.58,0.59,8.22,6.84,9.14,10.97,-2.3,-0.17,-0.09,171.7,6.0,129,1,1,452,690,549,-2,541,10.94,730.2,500,33.0,33.4,0.8,2.8,2067.6,0,16.83,19.9,44.7,47.4,46.1,46.5,46.4,48.8,55.3,47.1,53.7,53.3,25.2,26.9,27.0,28.7,37,33,25,0.0,0.0,0.0,6,6,4,0,24,24,24,56,57,56,26,26,300,0,0,0,0,0,0,0,0,0
10.95,60.37,0.51,0.58,0.59,8.1,6.86,8.72,10.97,4.0,-0.18,-0.09,171.7,6.3,128,1,1,456,691,553,0,544,10.94,733.1,500,32.2,33.5,0.8,2.8,2067.6,0,16.83,19.9,44.7,47.4,47.4,46.5,46.4,48.8,55.3,47.1,53.7,53.2,25.2,26.9,27.0,28.7,37,33,25,0.0,0.2,0.0,6,6,4,0,24,24,24,56,57,55,26,26,300,0,0,0,0,0,0,0,0,0
10.81,150.88,0.51,0.58,0.59,8.1,7.02,8.56,10.81,0.1,-0.2,-0.09,171.7,6.5,125,1,1,436,691,532,2,529,10.8,705.8,483,29.6,30.9,0.8,2.8,2067.6,0,16.83,19.9,44.9,47.6,47.6,46.7,46.7,49.1,55.5,47.3,53.7,53.3,25.2,27.0,27.0,28.7,34,30,25,0.0,0.0,0.0,6,6,4,0,24,24,24,57,56,56,27,27,300,0,0,0,0,0,0,0,0,0
10.8,79.49,0.51,0.58,0.59,9.34,7.86,9.0,10.82,4.1,-0.17,-0.12,171.8,6.6,127,1,1,439,691,537,0,517,10.8,707.7,485,29.0,30.6,0.8,2.8,2067.6,0,16.83,19.9,45.1,47.8,47.0,46.9,46.9,49.2,55.6,47.4,53.6,53.3,25.2,27.0,26.9,28.5,35,30,25,0.0,0.0,-0.2,6,6,4,0,24,24,24,56,56,56,27,27,300,0,0,0,0,0,0,0,0,0
10.66,61.24,0.51,0.58,0.59,7.64,6.12,8.0,10.71,0.8,-0.19,-0.14,171.8,6.0,126,1,1,424,691,513,0,506,10.68,694.1,472,28.5,30.3,0.8,2.8,2067.6,0,16.83,19.9,45.1,47.7,47.1,46.8,46.8,49.2,55.6,47.3,53.7,53.3,25.2,27.0,26.9,28.5,34,30,25,0.0,0.0,0.0,6,6,4,0,24,24,24,57,56,56,27,27,300,0,0,0,0,0,0,0,0,0
11.1,11.63,0.51,0.58,0.59,9.18,7.74,10.3,11.1,-2.1,-0.19,-0.13,171.8,6.5,128,1,1,472,692,584,0,578,11.1,759.3,518,31.1,31.8,0.8,2.8,2067.6,0,16.83,19.9,45.2,47.9,46.6,47.0,47.0,49.4,55.7,47.4,53.7,53.2,25.2,27.0,26.9,28.7,36,32,25,0.0,0.0,0.0,6,6,4,0,24,24,24,57,56,56,27,27,300,0,0,0,0,0,0,0,0,0
11.44,306.76,0.51,0.58,0.59,9.58,7.64,10.52,11.42,0.0,-0.25,-0.16,171.6,7.5,127,1,1,524,691,635,0,637,11.42,814.3,555,30.7,31.2,0.8,2.8,2067.6,0,16.83,19.8,44.7,47.3,47.0,46.4,46.4,48.7,55.0,46.9,53.7,53.3,25.2,27.0,27.1,28.8,36,31,25,0.0,0.0,0.0,6,6,4,0,24,24,24,56,57,56,27,27,300,0,0,0,0,0,0,0,0,0
11.16,283.61,0.51,0.58,0.59,9.98,7.9,10.58,11.19,-0.4,-0.2,-0.12,171.8,6.5,126,1,1,488,692,590,0,579,11.16,770.1,527,30.7,32.4,0.8,2.8,2067.6,0,16.83,19.9,45.3,48.0,47.0,47.1,47.1,49.4,55.7,47.4,53.7,53.3,25.2,27.0,26.9,28.6,37,32,25,0.0,-0.4,-0.2,6,6,4,0,24,24,24,57,55,56,27,27,300,0,0,0,0,0,0,0,0,0
11.58,53.75,0.51,0.58,0.59,9.72,8.24,10.6,11.61,-10.0,-0.14,-0.16,171.7,7.1,130,1,1,551,692,673,0,664,11.58,843.8,578,31.0,31.4,0.8,2.8,2067.6,0,16.83,19.8,44.6,47.3,46.6,46.4,46.4,48.7,54.9,46.8,53.7,53.3,25.2,27.0,27.1,28.7,37,32,25,-0.2,0.2,-0.5,6,6,4,0,24,24,24,57,57,55,27,27,300,0,0,0,0,0,0,0,0,0
11.22,124.49,0.51,0.58,0.59,7.7,7.02,8.08,11.2,-3.3,-0.2,-0.17,171.8,4.7,126,1,1,486,692,601,0,585,11.2,774.7,529,32.0,32.6,0.8,2.8,2067.6,0,16.83,19.9,45.3,48.0,46.9,47.1,47.1,49.5,55.7,47.5,53.7,53.2,25.2,27.0,26.9,28.7,37,33,25,0.0,0.2,0.0,6,6,4,0,24,24,24,57,55,56,27,27,300,0,0,0,0,0,0,0,0,0
10.92,18.61,0.51,0.58,0.59,9.06,7.56,9.88,10.92,-2.5,-0.17,-0.14,171.7,6.0,129,1,1,452,690,547,0,540,10.92,724.7,498,33.4,33.3,0.8,2.8,2067.6,0,16.83,19.9,44.8,47.4,47.7,46.5,46.5,48.8,55.3,47.1,53.7,53.3,25.2,26.9,27.0,28.7,36,32,25,0.0,0.0,0.0,6,6,4,0,24,24,24,56,56,56,26,26,300,0,0,0,0,0,0,0,0,0
10.86,247.86,0.51,0.58,0.59,8.62,7.24,9.64,10.88,-1.6,-0.17,-0.11,171.7,6.7,128,1,1,442,690,543,0,526,10.86,717.7,491,32.3,33.0,0.8,2.8,2067.6,0,16.83,19.9,44.8,47.4,45.8,46.5,46.5,48.8,55.4,47.1,53.7,53.2,25.2,27.0,27.0,28.7,36,32,25,0.0,0.0,0.0,6,6,4,0,24,24,24,56,56,56,27,27,300,0,0,0,0,0,0,0,0,0
11.25,275.76,0.51,0.58,0.59,9.66,7.64,10.52,11.27,-1.2,-0.19,-0.17,171.7,6.4,128,1,1,499,691,615,0,604,11.26,787.2,539,31.9,32.1,0.8,2.8,2067.6,0,16.83,19.9,44.7,47.3,47.4,46.4,46.4,48.7,55.2,47.0,53.7,53.3,25.2,27.0,27.2,28.8,37,32,25,0.0,-0.2,0.0,6,6,4,0,24,24,24,56,57,55,27,27,300,0,0,0,0,0,0,0,0,0
11.09,277.74,0.51,0.58,0.59,7.78,6.1,8.78,11.09,0.9,-0.17,-0.14,171.8,6.4,128,1,1,476,692,581,0,577,11.08,754.3,517,29.3,31.4,0.8,2.8,2067.6,0,16.83,19.9,45.2,47.9,47.2,47.0,47.0,49.4,55.7,47.4,53.7,53.3,25.2,27.0,26.9,28.7,36,32,25,0.2,0.0,0.2,6,6,4,0,24,24,24,56,56,56,27,27,300,0,0,0,0,0,0,0,0,0
11.4,169.74,0.51,0.58,0.59,8.12,8.0,8.64,11.43,0.1,-0.24,-0.1,171.6,5.7,127,1,1,521,691,632,0,635,11.42,808.5,554,29.1,31.0,0.8,2.8,2067.6,0,16.83,19.8,44.7,47.3,47.6,46.4,46.4,48.7,55.0,46.9,53.7,53.3,25.2,27.0,27.1,28.8,36,31,25,0.0,0.0,0.0,6,6,4,0,24,24,24,56,57,56,27,27,300,0,0,0,0,0,0,0,0,0
11.6,335.27,0.51,0.58,0.59,8.62,6.8,10.14,11.62,-0.9,-0.22,-0.07,171.7,6.4,128,1,1,556,692,682,0,674,11.58,848.7,579,31.0,31.0,0.8,2.8,2067.6,0,16.83,19.8,44.6,47.3,47.2,46.3,46.3,48.7,54.9,46.8,53.7,53.3,25.2,27.0,27.2,28.7,36,31,25,0.0,0.2,0.2,6,6,4,0,24,24,24,56,57,56,27,27,300,0,0,0,0,0,0,0,0,0
11.16,301.61,0.51,0.58,0.59,8.14,6.5,9.02,11.2,1.1,-0.2,-0.1,171.8,6.2,126,1,1,485,692,596,0,583,11.18,769.2,528,32.3,32.5,0.8,2.8,2067.6,0,16.83,19.9,45.3,48.0,47.4,47.1,47.1,49.5,55.7,47.4,53.7,53.2,25.2,27.0,26.9,28.6,37,32,25,0.0,0.0,0.2,6,6,4,0,24,24,24,57,55,56,27,27,300,0,0,0,0,0,0,0,0,0
11.6,204.37,0.51,0.58,0.59,9.26,8.22,9.42,11.6,-1.8,-0.22,-0.13,171.6,7.7,128,1,1,546,692,669,0,657,11.58,838.2,573,30.5,30.9,0.8,2.8,2067.6,0,16.83,19.8,44.6,47.3,46.6,46.3,46.3,48.6,55.0,46.8,53.7,53.3,25.2,27.0,27.1,28.8,36,31,25,0.0,-0.2,0.2,6,6,4,0,24,24,24,57,57,55,27,27,300,0,0,0,0,0,0,0,0,0
10.78,114.01,0.51,0.58,0.59,9.28,7.62,9.62,10.79,1.9,-0.2,-0.14,171.8,6.5,125,1,1,432,691,528,0,521,10.76,705.1,480,31.3,31.1,0.8,2.8,2067.6,0,16.83,19.9,44.9,47.6,46.8,46.7,46.7,49.1,55.5,47.3,53.7,53.3,25.2,27.0,27.0,28.7,34,30,25,-0.2,0.0,0.0,6,6,4,0,24,24,24,57,56,55,27,27,300,0,0,0,0,0,0,0,0,0
10.85,279.36,0.51,0.58,0.59,8.36,7.02,8.96,10.85,-1.3,-0.2,-0.11,171.8,6.2,128,1,1,443,691,543,0,528,10.86,723.5,492,29.4,30.8,0.8,2.8,2067.6,0,16.83,19.9,45.1,47.8,48.9,46.9,46.9,49.3,55.6,47.4,53.7,53.3,25.2,27.0,26.9,28.6,35,31,25,0.0,0.0,0.0,6,6,4,0,24,24,24,56,56,56,27,27,300,0,0,0,0,0,0,0,0,0
11.15,227.88,0.51,0.58,0.59,7.86,6.42,8.94,11.12,5.0,-0.15,-0.16,171.7,6.3,126,1,1,472,691,572,0,574,11.1,751.5,516,31.3,32.7,0.8,2.8,2067.6,0,16.83,19.8,44.7,47.4,47.6,46.4,46.4,48.8,55.2,47.0,53.7,53.3,25.2,27.0,27.1,28.7,37,32,25,0.2,0.0,0.6,6,6,4,0,24,24,24,56,57,56,27,27,300,0,0,0,0,0,0,0,0,0
11.4,318.24,0.51,0.58,0.59,9.68,7.56,10.76,11.39,-2.2,-0.29,-0.16,171.7,7.2,127,1,1,519,691,635,0,630,11.36,807.8,551,28.8,31.3,0.8,2.8,2067.6,0,16.83,19.8,44.7,47.3,48.1,46.4,46.3,48.7,55.1,46.9,53.7,53.3,25.2,27.0,27.1,28.8,36,32,25,0.0,0.0,0.0,6,6,4,0,24,24,24,56,57,55,27,27,300,0,0,0,0,0,0,0,0,0
11.2,215.89,0.51,0.58,0.59,8.66,7.7,9.3,11.2,2.8,-0.18,-0.15,171.8,6.6,125,1,1,493,692,604,0,589,11.2,777.2,531,30.7,32.6,0.8,2.8,2067.6,0,16.83,20.0,45.3,48.0,47.7,47.1,47.1,49.5,55.7,47.4,53.7,53.2,25.2,27.0,26.9,28.7,37,33,25,0.0,-0.2,0.4,6,6,4,0,24,24,24,57,55,56,27,27,300,0,0,0,0,0,0,0,0,0
10.78,63.76,0.51,0.58,0.59,8.8,7.16,9.16,10.81,2.2,-0.19,-0.08,171.8,6.1,125,1,1,435,691,522,0,526,10.8,707.6,483,29.6,30.5,0.8,2.8,2067.6,0,16.83,19.9,45.0,47.6,46.2,46.7,46.7,49.1,55.5,47.3,53.7,53.3,25.2,27.0,27.0,28.7,34,30,25,0.0,0.0,-0.2,6,6,4,0,24,24,24,57,56,56,27,27,300,0,0,0,0,0,0,0,0,0
11.07,148.5,0.51,0.58,0.59,8.3,7.52,8.5,11.07,1.7,-0.2,-0.13,171.8,5.2,127,1,1,472,692,572,0,570,11.04,754.0,513,29.6,31.1,0.8,2.8,2067.6,0,16.83,19.9,45.2,47.9,47.3,46.9,46.9,49.3,55.7,47.4,53.7,53.2,25.2,27.0,26.9,28.8,36,31,25,-0.2,0.0,0.0,6,6,4,0,24,24,24,57,56,56,27,27,300,0,0,0,0,0,0,0,0,0
10.92,182.02,0.51,0.58,0.59,7.64,6.98,8.32,10.93,-8.4,-0.19,-0.14,171.7,7.2,129,1,1,451,690,553,0,539,10.92,727.8,498,31.8,32.9,0.8,2.8,2067.6,0,16.83,19.9,44.8,47.4,46.4,46.5,46.5,48.8,55.3,47.1,53.7,53.3,25.2,26.9,27.0,28.7,36,32,25,0.0,0.0,0.0,6,6,4,0,24,24,24,56,57,56,26,26,300,0,0,0,0,0,0,0,0,0
10.73,323.5,0.51,0.58,0.59,8.16,6.32,9.28,10.74,0.8,-0.19,-0.11,171.7,6.4,126,1,1,424,691,516,0,509,10.72,695.5,474,32.2,32.5,0.8,2.8,2067.6,0,16.83,19.9,44.8,47.5,48.2,46.6,46.6,48.9,55.4,47.2,53.7,53.3,25.2,27.0,27.0,28.7,36,32,25,0.0,0.0,0.2,6,6,4,0,24,24,24,56,56,56,27,27,300,0,0,0,0,0,0,0,0,0
10.86,312.98,0.51,0.58,0.59,8.02,6.26,8.86,10.88,-4.0,-0.22,-0.09,171.8,5.8,128,1,1,440,690,538,0,528,10.88,720.6,492,33.4,33.1,0.8,2.8,2067.6,0,16.83,19.9,44.8,47.4,46.5,46.5,46.5,48.8,55.4,47.1,53.7,53.3,25.2,27.0,27.0,28.7,36,32,25,0.0,0.0,0.2,6,6,4,0,24,24,24,57,56,56,27,27,300,0,0,0,0,0,0,0,0,0
10.78,130.25,0.51,0.58,0.59,8.72,7.46,9.14,10.8,0.1,-0.19,-0.16,171.8,6.6,126,1,1,428,691,531,0,523,10.76,702.3,481,30.8,30.2,0.8,2.8,2067.6,0,16.83,19.9,45.0,47.7,46.8,46.7,46.7,49.1,55.6,47.3,53.7,53.3,25.2,27.0,27.0,28.7,34,30,25,-0.2,0.0,0.0,6,6,4,0,24,24,24,57,56,56,27,27,300,0,0,0,0,0,0,0,0,0
11.55,31.0,0.51,0.58,0.59,9.26,8.08,10.56,11.54,3.8,-0.17,-0.1,171.6,6.9,127,1,1,539,692,664,0,650,11.52,834.1,569,31.5,31.3,0.8,2.8,2067.6,0,16.83,19.8,44.7,47.3,48.6,46.4,46.4,48.7,54.9,46.8,53.7,53.3,25.2,27.0,27.2,28.7,36,31,25,0.0,0.0,0.0,6,6,4,0,24,24,24,56,57,56,27,27,300,0,0,0,0,0,0,0,0,0
10.92,345.38,0.51,0.58,0.59,8.46,6.94,9.52,10.92,-1.8,-0.19,-0.12,171.8,6.7,128,1,1,452,690,541,0,534,10.9,724.3,496,33.4,33.1,0.8,2.8,2067.6,0,16.83,19.9,44.8,47.4,48.4,46.5,46.5,48.8,55.3,47.1,53.7,53.3,25.2,26.9,27.0,28.7,36,32,25,0.0,0.0,0.0,6,6,4,0,24,24,24,56,56,56,26,26,300,0,0,0,0,0,0,0,0,0
10.76,95.36,0.51,0.58,0.59,9.02,7.28,8.8,10.76,2.8,-0.19,-0.15,171.8,6.5,126,1,1,427,690,525,0,518,10.74,699.2,479,31.1,31.7,0.8,2.8,2067.6,0,16.83,19.9,44.9,47.6,48.9,46.7,46.6,49.0,55.5,47.2,53.7,53.3,25.2,27.0,27.0,28.7,35,31,25,0.0,0.0,-0.2,6,6,4,0,24,24,24,56,56,56,27,27,300,0,0,0,0,0,0,0,0,0
10.77,159.98,0.51,0.58,0.59,7.74,6.62,7.9,10.79,4.6,-0.18,-0.17,171.7,6.5,126,1,1,425,691,523,0,520,10.78,699.6,479,32.2,31.8,0.8,2.8,2067.6,0,16.83,19.9,44.9,47.6,48.2,46.7,46.6,49.0,55.5,47.2,53.7,53.3,25.2,27.0,27.0,28.7,35,31,25,0.0,0.1,0.0,6,6,4,0,24,24,24,56,56,56,27,27,300,0,0,0,0,0,0,0,0,0
10.94,117.11,0.51,0.58,0.59,8.12,6.92,8.48,10.94,-2.4,-0.16,-0.14,171.7,5.2,129,1,1,451,690,546,0,538,10.92,729.6,497,34.0,33.5,0.8,2.8,2067.6,0,16.83,19.9,44.7,47.4,47.1,46.5,46.5,48.8,55.3,47.1,53.7,53.3,25.2,26.9,27.0,28.7,37,32,25,0.0,0.0,0.0,6,6,4,0,24,24,24,56,57,56,26,26,300,0,0,0,0,0,0,0,0,0
11.51,177.12,0.51,0.58,0.59,7.78,7.5,7.94,11.49,0.0,-0.17,-0.08,171.6,6.2,127,1,1,529,692,642,0,629,11.48,819.9,561,29.4,30.8,0.8,2.8,2067.6,0,16.83,19.8,44.6,47.3,47.8,46.4,46.4,48.7,55.0,46.8,53.7,53.2,25.2,27.0,27.2,28.8,36,31,25,0.2,0.0,0.0,6,6,4,0,24,24,24,56,57,56,27,27,300,0,0,0,0,0,0,0,0,0
10.78,93.64,0.51,0.58,0.59,8.22,6.8,8.06,10.8,5.4,-0.16,-0.09,171.8,6.4,125,1,1,431,691,522,0,524,10.78,705.8,481,30.1,30.5,0.8,2.8,2067.6,0,16.83,19.9,45.0,47.6,45.9,46.7,46.7,49.1,55.6,47.3,53.7,53.3,25.2,27.0,27.0,28.7,34,30,25,0.0,0.0,0.0,6,6,4,0,24,24,24,57,56,56,27,27,300,0,0,0,0,0,0,0,0,0
11.07,94.75,0.51,0.58,0.59,8.46,7.32,8.6,11.09,4.6,-0.17,-0.14,171.7,6.0,127,1,1,468,691,568,0,566,11.06,747.8,512,30.7,32.6,0.8,2.8,2067.6,0,16.83,19.8,44.7,47.4,46.8,46.4,46.4,48.8,55.2,47.0,53.7,53.3,25.2,27.0,27.1,28.7,37,32,25,0.0,0.2,0.0,6,6,4,0,24,24,24,56,57,56,27,27,300,0,0,0,0,0,0,0,0,0
11.67,56.02,0.51,0.58,0.59,8.96,8.0,9.9,11.71,-0.7,-0.2,-0.1,171.7,6.4,128,1,1,569,692,697,0,693,11.68,863.7,589,29.3,30.5,0.8,2.8,2067.6,0,16.83,19.8,44.7,47.3,48.2,46.4,46.4,48.7,54.9,46.8,53.7,53.2,25.2,27.0,27.2,28.7,36,31,25,0.0,0.2,-0.2,6,6,4,0,24,24,24,56,57,56,27,27,300,0,0,0,0,0,0,0,0,0
11.76,142.74,0.51,0.58,0.59,8.66,8.48,8.7,11.77,0.4,-0.2,-0.12,171.6,7.2,128,1,1,573,692,700,0,702,11.74,869.6,595,30.4,30.4,0.8,2.8,2067.6,0,16.83,19.8,44.6,47.3,48.3,46.4,46.4,48.7,55.0,46.8,53.7,53.2,25.2,27.0,27.1,28.8,36,31,25,0.0,0.0,0.0,6,6,4,0,24,24,24,56,57,56,27,27,300,0,0,0,0,0,0,0,0,0
11.22,51.01,0.51,0.58,0.59,7.92,6.88,8.96,11.23,3.9,-0.18,-0.14,171.8,6.0,126,1,1,489,691,604,2,588,11.22,776.3,531,31.5,32.5,0.8,2.8,2067.6,0,16.83,19.8,44.7,47.4,46.2,46.4,46.4,48.7,55.2,47.0,53.7,53.3,25.2,26.9,27.2,28.7,37,32,25,0.0,0.0,0.0,6,6,4,0,24,24,24,57,57,55,26,26,300,0,0,0,0,0,0,0,0,0
11.4,5.76,0.51,0.58,0.59,9.86,8.06,10.86,11.41,4.9,-0.19,-0.11,171.7,7.0,126,1,1,522,691,638,0,635,11.38,808.6,553,31.3,31.6,0.8,2.8,2067.6,0,16.83,19.9,44.7,47.3,47.1,46.4,46.3,48.7,55.1,46.9,53.7,53.3,25.2,27.0,27.1,28.8,36,32,25,0.0,0.0,0.0,6,6,4,0,24,24,24,56,57,55,27,27,300,0,0,0,0,0,0,0,0,0
10.76,253.87,0.51,0.58,0.59,7.62,6.2,8.82,10.76,-0.3,-0.19,-0.13,171.6,6.7,126,1,1,427,691,514,0,514,10.74,696.2,478,33.1,32.9,0.8,2.8,2067.6,0,16.83,19.8,44.8,47.5,47.5,46.5,46.5,48.9,55.4,47.1,53.7,53.2,25.2,27.0,27.0,28.7,36,32,25,0.0,0.0,0.0,6,6,4,0,24,24,24,56,56,56,27,27,300,0,0,0,0,0,0,0,0,0
10.88,217.62,0.51,0.58,0.59,8.0,6.84,9.36,10.91,0.6,-0.19,-0.16,171.8,6.7,128,1,1,443,691,547,0,534,10.88,724.5,494,30.8,31.1,0.8,2.8,2067.6,0,16.83,19.9,45.2,47.9,48.3,46.9,47.0,49.3,55.6,47.4,53.7,53.3,25.2,27.0,26.9,28.7,35,31,25,0.0,0.0,0.4,6,6,4,0,24,24,24,57,56,56,27,27,300,0,0,0,0,0,0,0,0,0
10.83,109.01,0.51,0.58,0.59,8.26,6.96,8.94,10.83,5.7,-0.2,-0.14,171.8,6.1,126,1,1,436,691,537,0,517,10.8,712.9,486,28.7,30.5,0.8,2.8,2067.6,0,16.83,19.9,45.1,47.8,49.0,46.9,46.9,49.2,55.6,47.4,53.6,53.2,25.2,27.0,27.0,28.5,35,30,25,0.0,0.0,0.0,6,6,4,0,24,24,24,57,56,56,27,27,300,0,0,0,0,0,0,0,0,0
10.88,45.25,0.51,0.58,0.59,8.52,6.98,9.02,10.9,-3.4,-0.15,-0.12,171.8,6.6,129,1,1,445,692,544,0,531,10.88,723.3,493,29.6,31.0,0.8,2.8,2067.6,0,16.83,19.9,45.2,47.8,48.1,46.9,46.9,49.3,55.6,47.4,53.7,53.3,25.2,27.0,26.9,28.7,35,31,25,0.0,0.0,0.0,6,6,4,0,24,24,24,57,56,56,27,27,300,0,0,0,0,0,0,0,0,0
10.76,19.01,0.51,0.58,0.59,8.16,6.28,8.42,10.78,-2.9,-0.16,-0.11,171.8,5.7,127,1,1,430,691,528,0,522,10.76,705.6,481,31.1,32.2,0.8,2.8,2067.6,0,16.83,19.9,44.8,47.5,47.0,46.6,46.6,48.9,55.4,47.2,53.7,53.3,25.2,27.0,27.0,28.7,35,31,25,0.2,0.0,0.0,6,6,4,0,24,24,24,57,56,56,27,27,300,0,0,0,0,0,0,0,0,0
10.83,253.87,0.51,0.58,0.59,8.16,6.94,9.36,10.84,3.5,-0.16,-0.11,171.8,6.5,126,1,1,438,691,532,0,517,10.82,716.2,487,31.0,31.7,0.8,2.8,2067.6,0,16.83,19.9,44.9,47.5,46.9,46.6,46.6,49.0,55.5,47.2,53.7,53.3,25.2,27.0,27.0,28.7,35,31,25,0.0,0.0,0.0,6,6,4,0,24,24,24,56,56,56,27,27,300,0,0,0,0,0,0,0,0,0
11.37,209.38,0.51,0.58,0.59,8.02,7.04,8.9,11.36,-1.4,-0.17,-0.16,171.5,7.1,131,1,1,515,692,638,0,630,11.34,806.1,550,31.1,32.1,0.8,2.8,2067.6,0,16.83,19.8,44.7,47.3,47.4,46.4,46.4,48.7,54.9,46.7,53.7,53.3,25.2,27.0,27.1,28.7,37,32,25,0.2,0.0,0.4,6,6,4,0,24,24,24,56,57,56,27,27,300,0,0,0,0,0,0,0,0,0
10.76,68.0,0.51,0.58,0.59,9.04,7.14,8.84,10.78,-13.6,-0.15,-0.12,171.8,5.5,128,1,1,427,691,529,0,521,10.76,702.8,481,31.8,31.5,0.8,2.8,2067.6,0,16.83,19.9,44.9,47.6,46.7,46.6,46.6,49.0,55.5,47.3,53.7,53.3,25.2,27.0,27.0,28.7,35,31,25,0.0,0.0,-0.2,6,6,4,0,24,24,24,57,56,56,27,27,300,0,0,0,0,0,0,0,0,0
11.55,356.11,0.51,0.58,0.59,8.96,7.5,10.34,11.56,-1.5,-0.2,-0.15,171.7,7.2,128,1,1,542,691,670,0,655,11.56,837.6,572,28.9,30.6,0.8,2.8,2067.6,0,16.83,19.8,44.7,47.3,48.6,46.4,46.4,48.7,55.0,46.8,53.7,53.3,25.2,27.0,27.1,28.8,36,31,25,0.0,0.0,0.0,6,6,4,0,24,24,24,57,57,55,27,27,300,0,0,0,0,0,0,0,0,0
10.85,114.77,0.51,0.58,0.59,8.62,7.28,8.58,10.86,-0.2,-0.21,-0.14,171.8,6.8,128,1,1,440,691,543,0,525,10.84,713.3,490,30.4,30.8,0.8,2.8,2067.6,0,16.83,19.9,45.1,47.8,46.9,46.9,46.9,49.2,55.6,47.4,53.7,53.2,25.2,27.0,26.9,28.6,35,31,25,0.0,0.0,0.0,6,6,4,0,24,24,24,57,56,56,27,27,300,0,0,0,0,0,0,0,0,0
11.55,155.38,0.51,0.58,0.59,8.52,8.44,8.72,11.54,3.8,-0.19,-0.16,171.6,6.1,127,1,1,539,692,663,0,648,11.52,833.1,569,30.5,31.3,0.8,2.8,2067.6,0,16.83,19.8,44.6,47.3,46.0,46.3,46.3,48.7,54.9,46.8,53.7,53.3,25.2,27.0,27.1,28.7,36,32,25,0.0,0.0,0.0,6,6,4,0,24,24,24,56,57,56,27,27,300,0,0,0,0,0,0,0,0,0
11.43,177.88,0.51,0.58,0.59,9.52,9.02,9.68,11.47,-0.6,-0.18,-0.17,171.6,5.4,127,1,1,521,691,641,0,637,11.42,814.5,556,30.7,31.7,0.8,2.8,2067.6,0,16.83,19.9,44.7,47.3,48.4,46.4,46.4,48.7,55.1,46.9,53.7,53.3,25.2,27.0,27.2,28.8,36,32,25,0.0,-0.2,0.0,6,6,4,0,24,24,24,56,57,56,27,27,300,0,0,0,0,0,0,0,0,0
11.28,162.36,0.51,0.58,0.59,9.04,8.82,9.46,11.27,-0.2,-0.17,-0.13,171.7,6.8,128,1,1,497,691,605,0,596,11.26,783.2,535,30.6,32.1,0.8,2.8,2067.6,0,16.83,19.9,44.7,47.3,47.2,46.4,46.4,48.7,55.2,47.0,53.7,53.2,25.2,26.9,27.2,28.8,37,32,25,-0.2,0.0,0.0,6,6,4,0,24,24,24,56,57,55,26,26,300,0,0,0,0,0,0,0,0,0
10.83,315.25,0.51,0.58,0.59,8.14,6.52,8.82,10.84,3.2,-0.22,-0.09,171.8,5.8,126,1,1,443,691,534,0,521,10.82,716.7,488,32.2,32.1,0.8,2.8,2067.6,0,16.83,19.9,44.9,47.5,48.0,46.6,46.6,49.0,55.4,47.2,53.7,53.3,25.2,27.0,27.0,28.7,35,31,25,0.0,0.0,0.0,6,6,4,0,24,24,24,57,56,56,27,27,300,0,0,0,0,0,0,0,0,0
10.78,1.01,0.51,0.58,0.59,8.04,6.34,8.78,10.78,0.8,-0.18,-0.14,171.8,6.4,125,1,1,428,690,528,0,524,10.78,704.0,482,29.4,30.2,0.8,2.8,2067.6,0,16.83,19.9,45.0,47.7,49.2,46.8,46.8,49.1,55.6,47.3,53.7,53.3,25.2,27.0,27.0,28.7,34,30,25,0.0,0.0,0.0,6,6,4,0,24,24,24,57,56,56,27,27,300,0,0,0,0,0,0,0,0,0
10.86,344.63,0.51,0.58,0.59,8.14,6.7,8.64,10.87,-0.9,-0.19,-0.16,171.8,6.5,128,1,1,446,691,537,-2,527,10.84,717.0,491,30.2,30.8,0.8,2.8,2067.6,0,16.83,19.9,45.1,47.8,47.9,46.9,46.9,49.3,55.6,47.4,53.7,53.3,25.2,27.0,26.9,28.6,35,31,25,0.0,0.0,0.0,6,6,4,0,24,24,24,57,56,56,27,27,300,0,0,0,0,0,0,0,0,0
11.09,304.99,0.51,0.58,0.59,8.94,7.12,9.82,11.09,-3.1,-0.19,-0.12,171.8,6.6,128,1,1,472,692,583,0,578,11.1,761.6,518,30.4,31.8,0.8,2.8,2067.6,0,16.83,19.9,45.2,47.9,47.3,47.0,47.0,49.4,55.7,47.4,53.7,53.2,25.2,27.0,26.9,28.7,36,32,25,0.0,0.0,0.0,6,6,4,0,24,24,24,57,56,56,27,27,300,0,0,0,0,0,0,0,0,0
11.63,37.76,0.51,0.58,0.59,9.52,8.08,10.76,11.64,-6.3,-0.17,-0.11,171.6,6.5,129,1,1,557,692,682,0,674,11.62,851.8,581,28.4,30.3,0.8,2.8,2067.6,0,16.83,19.8,44.6,47.3,46.6,46.4,46.3,48.7,55.0,46.8,53.7,53.3,25.2,27.0,27.1,28.8,36,31,25,0.0,0.0,-0.2,6,6,4,0,24,24,24,56,57,56,27,27,300,0,0,0,0,0,0,0,0,0
11.11,344.38,0.51,0.58,0.59,7.76,6.3,8.86,11.07,-0.4,-0.21,-0.12,171.8,6.7,128,1,1,475,692,580,0,578,11.08,754.7,516,29.6,31.5,0.8,2.8,2067.6,0,16.83,19.9,45.2,47.9,47.2,47.0,47.0,49.3,55.7,47.4,53.7,53.3,25.2,27.0,26.9,28.7,36,32,25,0.0,0.1,0.2,6,6,4,0,24,24,24,56,56,56,27,27,300,0,0,0,0,0,0,0,0,0
11.44,15.52,0.51,0.58,0.59,8.28,7.3,9.48,11.45,3.0,-0.15,-0.06,171.7,7.0,127,1,1,525,691,636,0,638,11.42,813.4,557,30.8,31.2,0.8,2.8,2067.6,0,16.83,19.8,44.6,47.3,46.1,46.3,46.3,48.7,55.0,46.9,53.7,53.3,25.2,27.0,27.1,28.8,36,31,25,0.0,0.3,0.0,6,6,4,0,24,24,24,56,57,56,27,27,300,0,0,0,0,0,0,0,0,0
11.13,223.99,0.51,0.58,0.59,8.58,7.42,9.52,11.11,0.4,-0.15,-0.12,171.8,6.5,128,1,1,478,691,583,0,582,11.1,758.8,519,30.4,31.5,0.8,2.8,2067.6,0,16.83,19.9,45.2,47.9,46.8,47.0,47.0,49.3,55.7,47.4,53.7,53.3,25.2,27.0,26.9,28.8,36,31,25,0.0,-0.2,0.2,6,6,4,0,24,24,24,57,56,56,27,27,300,0,0,0,0,0,0,0,0,0
11.73,150.62,0.51,0.58,0.59,8.6,8.5,8.8,11.73,-1.5,-0.17,-0.17,171.6,6.7,128,1,1,569,691,696,0,693,11.72,863.8,591,29.1,30.3,0.8,2.8,2067.6,0,16.83,19.8,44.6,47.3,48.0,46.4,46.4,48.7,55.0,46.8,53.7,53.2,25.2,27.0,27.1,28.8,36,31,25,0.0,0.0,0.0,6,6,4,0,24,24,24,56,57,55,27,27,300,0,0,0,0,0,0,0,0,0
11.74,72.25,0.51,0.58,0.59,9.4,8.78,9.92,11.75,1.5,-0.19,-0.16,171.6,6.2,128,1,1,573,692,705,0,702,11.74,867.6,594,30.2,30.5,0.8,2.8,2067.6,0,16.83,19.8,44.6,47.3,47.0,46.4,46.3,48.7,55.0,46.8,53.7,53.2,25.2,27.0,27.1,28.8,36,31,25,0.0,0.2,-0.2,6,6,4,0,24,24,24,56,57,56,27,27,300,0,0,0,0,0,0,0,0,0
11.39,56.99,0.51,0.58,0.59,8.08,7.5,8.98,11.41,1.2,-0.14,-0.16,171.7,6.1,127,1,1,524,691,636,0,634,11.36,809.4,554,29.3,30.8,0.8,2.8,2067.6,0,16.83,19.8,44.7,47.3,48.0,46.4,46.4,48.7,55.0,46.8,53.7,53.2,25.2,27.0,27.2,28.8,36,31,25,0.0,0.3,-0.2,6,6,4,0,24,24,24,56,57,56,27,27,300,0,0,0,0,0,0,0,0,0
11.43,336.74,0.51,0.58,0.59,8.54,6.8,9.7,11.39,0.9,-0.21,-0.12,171.8,7.7,126,1,1,518,691,635,0,632,11.38,808.7,552,29.7,31.3,0.8,2.8,2067.6,0,16.83,19.9,44.7,47.3,47.7,46.4,46.3,48.7,55.1,46.9,53.7,53.3,25.2,27.0,27.1,28.8,36,32,25,0.0,0.2,0.2,6,6,4,0,24,24,24,56,57,55,27,27,300,0,0,0,0,0,0,0,0,0
11.55,169.38,0.51,0.58,0.59,9.32,9.14,9.48,11.56,3.1,-0.21,-0.11,171.6,6.4,127,1,1,540,692,663,0,650,11.54,831.3,569,29.4,31.0,0.8,2.8,2067.6,0,16.83,19.8,44.6,47.3,46.2,46.3,46.3,48.7,54.9,46.8,53.7,53.3,25.2,27.0,27.2,28.7,36,32,25,0.0,0.0,-0.2,6,6,4,0,24,24,24,56,57,55,27,27,300,0,0,0,0,0,0,0,0,0
10.77,72.86,0.51,0.58,0.59,8.02,6.58,8.36,10.81,0.7,-0.12,-0.13,171.8,6.4,127,1,1,433,691,525,0,526,10.78,707.8,482,30.0,30.6,0.8,2.8,2067.6,0,16.83,19.9,45.1,47.8,48.8,46.9,46.9,49.3,55.6,47.4,53.7,53.3,25.2,27.0,27.0,28.5,34,30,25,0.0,0.0,0.0,6,6,4,0,24,24,24,57,56,56,27,27,300,0,0,0,0,0,0,0,0,0
10.88,154.37,0.51,0.58,0.59,7.74,6.9,8.28,10.87,4.0,-0.17,-0.16,171.8,6.4,126,1,1,444,691,535,0,524,10.86,718.2,490,32.1,31.9,0.8,2.8,2067.6,0,16.83,19.9,44.8,47.5,46.5,46.6,46.6,49.0,55.5,47.2,53.7,53.3,25.2,27.0,27.0,28.7,35,31,25,0.0,0.0,0.0,6,6,4,0,24,24,24,57,56,56,27,27,300,0,0,0,0,0,0,0,0,0
10.8,8.14,0.51,0.58,0.59,9.46,7.98,10.1,10.81,2.2,-0.18,-0.11,171.8,6.3,127,1,1,432,691,529,0,526,10.76,711.5,483,30.1,30.7,0.8,2.8,2067.6,0,16.83,19.9,45.1,47.7,47.8,46.8,46.8,49.2,55.6,47.4,53.7,53.3,25.2,27.0,27.0,28.5,35,30,25,0.0,0.0,-0.2,6,6,4,0,24,24,24,57,56,56,27,27,300,0,0,0,0,0,0,0,0,0
10.77,12.64,0.51,0.58,0.59,9.06,7.64,10.1,10.79,4.1,-0.15,-0.08,171.8,6.1,125,1,1,429,691,528,0,521,10.76,700.3,481,30.2,31.1,0.8,2.8,2067.6,0,16.83,19.9,44.9,47.6,48.1,46.7,46.7,49.1,55.5,47.3,53.7,53.3,25.2,27.0,27.0,28.7,35,30,25,0.0,0.0,0.0,6,6,4,0,24,24,24,57,56,55,27,27,300,0,0,0,0,0,0,0,0,0
10.76,261.76,0.51,0.58,0.59,8.46,7.08,9.7,10.77,-0.7,-0.18,-0.12,171.7,6.6,127,1,1,427,691,525,0,519,10.74,701.6,480,30.1,31.4,0.8,2.8,2067.6,0,16.83,19.9,44.9,47.6,46.8,46.7,46.7,49.0,55.5,47.3,53.7,53.3,25.2,27.0,27.0,28.7,35,31,25,0.0,0.0,0.0,6,6,4,0,24,24,24,57,56,56,27,27,300,0,0,0,0,0,0,0,0,0
11.48,227.63,0.51,0.58,0.59,8.06,6.98,9.18,11.46,-8.7,-0.19,-0.12,171.6,6.9,132,1,1,532,692,650,0,636,11.44,820.6,561,32.0,32.0,0.8,2.8,2067.6,0,16.83,19.8,44.7,47.3,47.9,46.4,46.4,48.7,54.9,46.7,53.7,53.3,25.2,27.0,27.1,28.7,37,32,25,0.2,0.0,0.4,6,6,4,0,24,24,24,56,57,56,27,27,300,0,0,0,0,0,0,0,0,0
10.89,149.0,0.51,0.58,0.59,8.66,8.26,9.5,10.89,0.7,-0.17,-0.18,171.8,6.0,128,1,1,445,691,541,0,531,10.88,721.6,493,28.4,30.7,0.8,2.8,2067.6,0,16.83,19.9,45.1,47.8,46.5,46.9,46.9,49.3,55.6,47.4,53.7,53.3,25.2,27.0,26.9,28.6,35,31,25,-0.4,0.0,-0.2,6,6,4,0,24,24,24,56,56,56,27,27,300,0,0,0,0,0,0,0,0,0
11.34,277.49,0.51,0.58,0.59,8.34,6.78,9.42,11.35,3.2,-0.19,-0.12,171.5,6.6,131,1,1,516,692,632,0,628,11.34,802.9,549,31.9,32.2,0.8,2.8,2067.6,0,16.83,19.7,44.6,47.3,46.0,46.4,46.4,48.7,54.9,46.7,53.7,53.3,25.2,27.0,27.1,28.7,37,32,25,0.2,0.0,0.0,6,6,4,0,24,24,24,56,57,56,27,27,300,0,0,0,0,0,0,0,0,0
11.27,5.11,0.51,0.58,0.59,9.02,7.48,10.02,11.29,-0.9,-0.18,-0.12,171.8,7.0,128,1,1,497,691,615,0,601,11.26,789.2,538,29.9,32.0,0.8,2.8,2067.6,0,16.83,19.9,44.7,47.4,48.4,46.4,46.4,48.7,55.2,47.0,53.7,53.3,25.2,27.0,27.2,28.9,37,32,25,0.0,0.0,0.0,6,6,4,0,24,24,24,56,57,56,27,27,300,0,0,0,0,0,0,0,0,0
11.48,108.25,0.51,0.58,0.59,7.98,7.66,8.06,11.51,1.1,-0.26,-0.16,171.7,7.0,127,1,1,525,692,639,0,627,11.48,815.2,558,28.7,30.7,0.8,2.8,2067.6,0,16.83,19.8,44.7,47.3,48.8,46.4,46.4,48.7,55.0,46.8,53.7,53.2,25.2,27.0,27.2,28.8,36,31,25,0.0,0.2,0.0,6,6,4,0,24,24,24,56,57,56,27,27,300,0,0,0,0,0,0,0,0,0
11.22,275.76,0.51,0.58,0.59,9.56,7.52,10.44,11.24,-2.8,-0.17,-0.13,171.7,6.8,128,1,1,496,691,608,0,595,11.22,784.0,535,31.0,32.3,0.8,2.8,2067.6,0,16.83,19.9,44.7,47.3,46.4,46.4,46.4,48.7,55.2,47.0,53.7,53.2,25.2,26.9,27.2,28.8,37,32,25,0.0,-0.2,-0.2,6,6,4,0,24,24,24,56,57,56,26,26,300,0,0,0,0,0,0,0,0,0
11.52,321.88,0.51,0.58,0.59,9.04,7.2,10.32,11.55,1.5,-0.22,-0.11,171.7,6.8,128,1,1,542,692,664,0,652,11.52,833.2,570,31.5,31.3,0.8,2.8,2067.6,0,16.83,19.8,44.7,47.3,47.3,46.4,46.3,48.7,54.9,46.8,53.7,53.3,25.2,27.0,27.2,28.7,36,31,25,0.0,0.0,0.2,6,6,4,0,24,24,24,56,57,56,27,27,300,0,0,0,0,0,0,0,0,0
11.1,263.74,0.51,0.58,0.59,8.96,7.4,9.88,11.11,-0.2,-0.2,-0.13,171.8,6.6,128,1,1,472,691,584,0,577,11.08,758.6,518,30.9,31.5,0.8,2.8,2067.6,0,16.83,19.9,45.2,47.9,48.1,47.0,47.0,49.3,55.6,47.4,53.7,53.3,25.2,27.0,26.9,28.8,36,31,25,0.0,-0.2,0.0,6,6,4,0,24,24,24,57,56,56,27,27,300,0,0,0,0,0,0,0,0,0
11.22,185.26,0.51,0.58,0.59,7.6,6.9,7.96,11.22,-6.1,-0.21,-0.14,171.7,7.3,128,1,1,498,691,599,0,593,11.22,780.0,532,30.7,32.4,0.8,2.8,2067.6,0,16.83,19.9,44.7,47.3,47.3,46.4,46.4,48.7,55.2,47.0,53.7,53.2,25.2,26.9,27.2,28.8,37,32,25,0.0,0.0,0.2,6,6,4,0,24,24,24,56,57,56,26,26,300,0,0,0,0,0,0,0,0,0
11.1,157.25,0.51,0.58,0.59,8.0,7.48,8.06,11.14,0.4,-0.21,-0.14,171.8,6.6,128,1,1,478,691,583,0,582,11.1,757.6,519,30.5,31.4,0.8,2.8,2067.6,0,16.83,19.9,45.2,47.9,48.1,47.0,47.0,49.4,55.7,47.4,53.7,53.3,25.2,27.0,26.9,28.7,36,31,25,-0.2,0.0,0.0,6,6,4,0,24,24,24,57,56,56,27,27,300,0,0,0,0,0,0,0,0,0
10.81,274.25,0.51,0.58,0.59,7.64,6.28,8.66,10.82,7.2,-0.2,-0.12,171.8,6.1,126,1,1,434,691,529,-2,516,10.82,712.2,486,30.2,30.7,0.8,2.8,2067.6,0,16.83,19.9,45.1,47.8,47.6,46.9,46.9,49.2,55.6,47.4,53.7,53.2,25.2,27.0,26.9,28.5,35,30,25,0.2,0.0,0.0,6,6,4,0,24,24,24,57,56,56,27,27,300,0,0,0,0,0,0,0,0,0
11.35,299.38,0.51,0.58,0.59,9.86,7.7,10.76,11.39,-5.3,-0.24,-0.13,171.6,7.3,128,1,1,517,691,629,0,627,11.36,805.9,550,29.7,31.3,0.8,2.8,2067.6,0,16.83,19.8,44.7,47.3,48.4,46.4,46.3,48.7,55.1,46.9,53.7,53.3,25.2,27.0,27.1,28.8,36,32,25,0.0,0.0,0.0,6,6,4,0,24,24,24,56,57,55,27,27,300,0,0,0,0,0,0,0,0,0
11.32,78.12,0.51,0.58,0.59,8.82,8.04,9.38,11.37,1.7,-0.19,-0.17,171.7,6.0,128,1,1,512,691,621,0,619,11.34,797.3,546,30.8,31.8,0.8,2.8,2067.6,0,16.83,19.9,44.7,47.3,46.0,46.4,46.3,48.7,55.1,47.0,53.7,53.3,25.2,27.0,27.2,28.8,36,32,25,0.0,0.0,-0.2,6,6,4,0,24,24,24,56,57,56,27,27,300,0,0,0,0,0,0,0,0,0
11.18,191.74,0.51,0.58,0.59,9.08,8.36,9.32,11.18,-3.6,-0.17,-0.14,171.8,6.2,126,1,1,488,692,596,0,584,11.2,773.2,529,31.0,32.5,0.8,2.8,2067.6,0,16.83,19.9,45.3,48.0,48.2,47.1,47.1,49.5,55.7,47.4,53.7,53.2,25.2,27.0,26.9,28.7,37,33,25,0.0,-0.2,0.0,6,6,4,0,24,24,24,57,55,56,27,27,300,0,0,0,0,0,0,0,0,0
10.97,184.86,0.51,0.58,0.59,8.7,8.08,9.3,10.98,-2.6,-0.18,-0.12,171.8,6.6,128,1,1,458,692,563,0,555,10.96,739.8,504,29.9,31.0,0.8,2.8,2067.6,0,16.83,19.9,45.2,47.9,49.1,46.9,47.0,49.3,55.6,47.4,53.7,53.2,25.2,27.0,26.9,28.8,36,31,25,0.0,0.0,0.0,6,6,4,0,24,24,24,57,56,56,27,27,300,0,0,0,0,0,0,0,0,0
11.09,105.12,0.51,0.58,0.59,8.0,6.96,7.62,11.09,-2.8,-0.17,-0.11,171.8,7.5,128,1,1,473,692,581,0,575,11.08,757.1,517,29.3,31.6,0.8,2.8,2067.6,0,16.83,19.9,45.2,47.9,47.6,47.0,47.0,49.4,55.7,47.4,53.7,53.2,25.2,27.0,26.9,28.7,36,32,25,0.0,0.2,-0.2,6,6,4,0,24,24,24,57,56,56,27,27,300,0,0,0,0,0,0,0,0,0
10.88,182.63,0.51,0.58,0.59,7.56,6.9,8.38,10.88,-3.2,-0.18,-0.15,171.7,6.9,128,1,1,442,690,535,0,524,10.86,717.1,490,31.6,32.8,0.8,2.8,2067.6,0,16.83,19.8,44.8,47.4,47.2,46.5,46.5,48.9,55.4,47.1,53.7,53.2,25.2,27.0,27.0,28.7,36,32,25,0.0,0.0,0.0,6,6,4,0,24,24,24,56,56,56,27,27,300,0,0,0,0,0,0,0,0,0
11.76,283.39,0.51,0.58,0.59,9.68,7.74,10.92,11.78,-5.9,-0.23,-0.16,171.6,6.7,129,1,1,577,692,706,0,705,11.76,873.7,597,30.2,30.3,0.8,2.8,2067.6,0,16.83,19.8,44.6,47.3,46.3,46.4,46.3,48.7,54.9,46.8,53.7,53.2,25.2,27.0,27.2,28.8,36,31,25,0.0,0.0,0.0,6,6,4,0,24,24,24,56,57,56,27,27,300,0,0,0,0,0,0,0,0,0
10.8,138.74,0.51,0.58,0.59,8.82,7.78,9.26,10.79,3.0,-0.19,-0.14,171.8,6.6,125,1,1,431,691,525,0,521,10.78,704.7,480,28.9,30.2,0.8,2.8,2067.6,0,16.83,19.9,45.1,47.7,49.2,46.8,46.8,49.2,55.6,47.3,53.7,53.3,25.2,27.0,27.0,28.6,34,30,25,-0.2,0.0,-0.2,6,6,4,0,24,24,24,56,56,56,27,27,300,0,0,0,0,0,0,0,0,0
11.07,103.25,0.51,0.58,0.59,7.92,6.88,7.78,11.1,-2.0,-0.17,-0.14,171.8,6.9,128,1,1,474,691,581,0,576,11.08,754.9,516,29.3,31.2,0.8,2.8,2067.6,0,16.83,19.9,45.2,47.9,47.2,47.0,47.0,49.3,55.6,47.4,53.7,53.3,25.2,27.0,26.9,28.8,36,31,25,0.0,0.2,0.0,6,6,4,0,24,24,24,57,56,56,27,27,300,0,0,0,0,0,0,0,0,0
10.88,78.77,0.51,0.58,0.59,9.08,7.68,8.94,10.89,-2.1,-0.17,-0.17,171.8,6.3,128,1,1,442,691,541,0,530,10.88,721.6,493,29.6,30.8,0.8,2.8,2067.6,0,16.83,19.9,45.2,47.8,48.3,46.9,46.9,49.3,55.6,47.4,53.7,53.3,25.2,27.0,26.9,28.7,35,31,25,0.0,0.0,-0.2,6,6,4,0,24,24,24,56,56,56,27,27,300,0,0,0,0,0,0,0,0,0
10.74,349.63,0.51,0.58,0.59,9.26,7.2,10.02,10.76,4.0,-0.2,-0.13,171.7,6.3,126,1,1,422,691,522,0,512,10.72,692.2,476,32.4,32.6,0.8,2.8,2067.6,0,16.83,19.8,44.8,47.5,46.9,46.5,46.5,48.9,55.4,47.2,53.7,53.2,25.2,27.0,27.0,28.7,36,32,25,0.0,0.1,0.0,6,6,4,0,24,24,24,56,56,56,27,27,300,0,0,0,0,0,0,0,0,0
11.27,320.62,0.51,0.58,0.59,9.28,7.5,10.02,11.27,-1.4,-0.21,-0.11,171.7,7.0,127,1,1,498,691,602,0,594,11.24,782.8,534,31.5,32.3,0.8,2.8,2067.6,0,16.83,19.8,44.7,47.4,47.1,46.4,46.4,48.8,55.2,47.0,53.7,53.3,25.2,26.9,27.2,28.7,37,32,25,0.0,0.0,0.0,6,6,4,0,24,24,24,57,57,55,26,26,300,0,0,0,0,0,0,0,0,0
11.49,314.75,0.51,0.58,0.59,8.4,6.54,9.74,11.51,0.5,-0.19,-0.12,171.6,6.3,127,1,1,531,692,647,0,634,11.48,824.8,562,30.1,30.7,0.8,2.8,2067.6,0,16.83,19.8,44.6,47.3,47.3,46.4,46.3,48.7,55.0,46.8,53.7,53.3,25.2,27.0,27.2,28.8,36,31,25,0.0,0.0,0.4,6,6,4,0,24,24,24,56,57,56,27,27,300,0,0,0,0,0,0,0,0,0
11.02,256.0,0.51,0.58,0.59,8.08,6.46,9.32,11.02,-1.1,-0.19,-0.12,171.7,6.2,127,1,1,461,691,562,0,557,11.02,741.4,507,32.5,33.1,0.8,2.8,2067.6,0,16.83,19.8,44.7,47.4,47.2,46.4,46.4,48.8,55.2,47.0,53.7,53.3,25.2,27.0,27.1,28.7,37,33,25,0.0,-0.1,0.0,6,6,4,0,24,24,24,56,57,55,27,27,300,0,0,0,0,0,0,0,0,0
11.41,281.02,0.51,0.58,0.59,9.7,7.64,10.68,11.4,-3.0,-0.2,-0.11,171.6,6.9,128,1,1,523,691,630,0,631,11.38,806.9,553,30.2,31.2,0.8,2.8,2067.6,0,16.83,19.8,44.7,47.3,48.8,46.4,46.4,48.7,55.0,46.9,53.7,53.2,25.2,27.0,27.1,28.8,36,31,25,0.0,0.0,-0.2,6,6,4,0,24,24,24,56,57,55,27,27,300,0,0,0,0,0,0,0,0,0
10.76,124.88,0.51,0.58,0.59,9.14,7.5,9.3,10.77,6.2,-0.16,-0.16,171.8,5.5,125,1,1,427,691,519,0,513,10.74,698.8,477,31.3,32.6,0.8,2.8,2067.6,0,16.83,19.8,44.8,47.4,46.8,46.5,46.5,48.9,55.4,47.2,53.7,53.2,25.2,27.0,27.0,28.7,36,32,25,-0.2,0.0,0.0,6,6,4,0,24,24,24,56,56,56,27,27,300,0,0,0,0,0,0,0,0,0
11.11,171.86,0.51,0.58,0.59,8.1,7.6,8.12,11.11,-5.4,-0.2,-0.12,171.8,8.2,129,1,1,472,692,581,0,576,11.1,757.3,517,29.6,31.6,0.8,2.8,2067.6,0,16.83,19.9,45.3,47.9,48.9,47.0,47.0,49.4,55.7,47.4,53.6,53.2,25.2,27.0,26.9,28.7,36,32,25,0.0,0.0,0.0,6,6,4,0,24,24,24,57,56,56,27,27,300,0,0,0,0,0,0,0,0,0
10.97,126.11,0.51,0.58,0.59,7.66,6.88,8.06,10.97,3.1,-0.21,-0.18,171.7,6.4,128,1,1,451,690,556,0,544,10.94,736.1,501,33.3,33.6,0.8,2.8,2067.6,0,16.83,19.9,44.8,47.4,48.7,46.5,46.5,48.8,55.3,47.1,53.7,53.3,25.2,26.9,27.0,28.7,37,33,25,0.0,0.0,0.0,6,6,4,0,24,24,24,56,57,55,26,26,300,0,0,0,0,0,0,0,0,0
10.8,157.39,0.51,0.58,0.59,8.06,7.08,8.54,10.81,1.9,-0.18,-0.12,171.8,6.7,125,1,1,433,690,525,0,527,10.78,708.8,484,30.5,31.0,0.8,2.8,2067.6,0,16.83,19.9,45.0,47.7,49.1,46.7,46.7,49.1,55.5,47.3,53.7,53.3,25.2,27.0,27.0,28.7,34,30,25,0.0,0.0,0.2,6,6,4,0,24,24,24,56,56,56,27,27,300,0,0,0,0,0,0,0,0,0
11.11,23.87,0.51,0.58,0.59,8.02,6.68,9.06,11.11,0.1,-0.2,-0.1,171.8,6.4,128,1,1,475,691,583,0,581,11.1,755.3,518,29.3,31.3,0.8,2.8,2067.6,0,16.83,19.9,45.2,47.9,48.7,47.0,47.0,49.4,55.7,47.4,53.7,53.3,25.2,27.0,26.9,28.7,36,31,25,0.0,0.1,0.0,6,6,4,0,24,24,24,57,56,56,27,27,300,0,0,0,0,0,0,0,0,0
10.77,195.01,0.51,0.58,0.59,7.34,6.6,8.26,10.78,0.8,-0.18,-0.12,171.8,6.5,126,1,1,428,691,528,0,522,10.76,704.2,481,30.2,30.2,0.8,2.8,2067.6,0,16.83,19.9,45.0,47.7,46.9,46.7,46.7,49.1,55.6,47.3,53.7,53.3,25.2,27.0,27.0,28.7,34,30,25,0.0,0.0,0.2,6,6,4,0,24,24,24,56,56,56,27,27,300,0,0,0,0,0,0,0,0,0
11.11,319.14,0.51,0.58,0.59,9.04,7.0,9.44,11.12,-2.7,-0.17,-0.12,171.8,6.7,128,1,1,483,692,589,0,574,11.12,767.4,523,30.0,31.7,0.8,2.8,2067.6,0,16.83,19.9,45.3,48.0,49.0,47.0,47.1,49.4,55.7,47.4,53.7,53.2,25.2,27.0,26.9,28.7,36,32,25,0.0,0.0,0.0,6,6,4,0,24,24,24,57,56,55,27,27,300,0,0,0,0,0,0,0,0,0
11.55,273.74,0.51,0.58,0.59,8.94,7.38,9.6,11.59,1.2,-0.14,-0.11,171.6,7.2,127,1,1,547,692,666,0,659,11.58,839.4,574,30.1,30.7,0.8,2.8,2067.6,0,16.83,19.8,44.6,47.3,47.8,46.3,46.3,48.7,55.0,46.8,53.7,53.3,25.2,27.0,27.1,28.8,36,31,25,0.0,0.0,0.0,6,6,4,0,24,24,24,57,57,55,27,27,300,0,0,0,0,0,0,0,0,0
10.78,21.38,0.51,0.58,0.59,8.7,7.02,8.78,10.81,1.6,-0.16,-0.12,171.8,6.1,125,1,1,440,691,529,0,530,10.78,708.4,485,31.0,31.0,0.8,2.8,2067.6,0,16.83,19.9,45.0,47.6,48.6,46.7,46.7,49.0,55.5,47.3,53.7,53.3,25.2,27.0,27.0,28.7,34,30,25,0.0,0.0,0.0,6,6,4,0,24,24,24,56,56,56,27,27,300,0,0,0,0,0,0,0,0,0
11.56,141.37,0.51,0.58,0.59,7.96,8.08,8.12,11.57,1.8,-0.17,-0.16,171.6,7.0,127,1,1,543,692,660,0,650,11.54,835.5,570,31.6,31.5,0.8,2.8,2067.6,0,16.83,19.8,44.6,47.3,46.2,46.3,46.3,48.7,54.9,46.8,53.7,53.3,25.2,27.0,27.1,28.7,36,32,25,0.0,0.2,0.0,6,6,4,0,24,24,24,56,57,56,27,27,300,0,0,0,0,0,0,0,0,0
11.19,82.37,0.51,0.58,0.59,9.66,8.5,9.2,11.21,1.6,-0.17,-0.14,171.9,5.6,126,1,1,490,692,593,0,582,11.16,772.3,527,31.1,32.1,0.8,2.8,2067.6,0,16.83,19.9,45.3,48.0,47.6,47.1,47.1,49.4,55.7,47.4,53.7,53.3,25.2,27.0,26.9,28.6,37,32,25,0.0,0.0,-0.8,6,6,4,0,24,24,24,57,55,56,27,27,300,0,0,0,0,0,0,0,0,0
10.8,316.51,0.51,0.58,0.59,8.2,6.58,8.7,10.84,0.2,-0.2,-0.08,171.8,6.4,125,1,1,437,690,529,-2,516,10.8,713.2,486,31.4,31.2,0.8,2.8,2067.6,0,16.83,19.9,44.9,47.6,46.9,46.7,46.7,49.0,55.5,47.3,53.7,53.3,25.2,27.0,27.0,28.8,34,30,25,0.0,0.0,0.0,6,6,4,0,24,24,24,56,56,56,27,27,300,0,0,0,0,0,0,0,0,0
11.34,249.98,0.51,0.58,0.59,8.84,7.32,9.68,11.39,0.0,-0.11,-0.14,171.6,6.3,126,1,1,521,691,632,0,631,11.38,809.6,552,29.2,31.1,0.8,2.8,2067.6,0,16.83,19.9,44.7,47.3,46.5,46.3,46.3,48.7,55.0,46.9,53.7,53.3,25.2,27.0,27.1,28.8,36,32,25,0.2,0.0,0.0,6,6,4,0,24,24,24,56,57,56,27,27,300,0,0,0,0,0,0,0,0,0
10.8,258.26,0.51,0.58,0.59,7.7,6.28,8.7,10.81,1.4,-0.2,-0.14,171.7,6.5,125,1,1,433,690,531,0,527,10.8,706.8,484,30.8,30.7,0.8,2.8,2067.6,0,16.83,19.9,45.0,47.6,48.3,46.7,46.8,49.1,55.5,47.3,53.7,53.3,25.2,27.0,27.0,28.7,34,30,25,0.0,0.0,0.0,6,6,4,0,24,24,24,57,56,56,27,27,300,0,0,0,0,0,0,0,0,0
11.09,59.26,0.51,0.58,0.59,7.8,6.72,8.46,11.13,0.8,-0.17,-0.16,171.8,6.2,128,1,1,473,692,583,0,578,11.1,756.3,518,29.7,31.6,0.8,2.8,2067.6,0,16.83,19.9,45.2,47.9,46.5,47.0,47.0,49.4,55.7,47.4,53.7,53.2,25.2,27.0,26.9,28.7,36,32,25,0.0,0.0,0.0,6,6,4,0,24,24,24,57,55,56,27,27,300,0,0,0,0,0,0,0,0,0
10.81,128.48,0.51,0.58,0.59,8.74,7.3,9.16,10.81,3.0,-0.21,-0.11,171.8,5.7,125,1,1,436,691,528,0,524,10.78,708.0,483,30.4,30.7,0.8,2.8,2067.6,0,16.83,19.9,45.0,47.6,47.1,46.7,46.7,49.1,55.5,47.3,53.7,53.3,25.2,27.0,27.0,28.7,34,30,25,-0.2,0.0,0.0,6,6,4,0,24,24,24,57,56,56,27,27,300,0,0,0,0,0,0,0,0,0
11.55,183.49,0.51,0.58,0.59,8.26,8.0,8.64,11.56,1.4,-0.18,-0.13,171.6,6.2,128,1,1,547,692,672,0,659,11.54,842.2,573,29.7,31.0,0.8,2.8,2067.6,0,16.83,19.8,44.6,47.3,46.8,46.4,46.4,48.7,54.9,46.8,53.7,53.3,25.2,27.0,27.2,28.7,36,31,25,0.0,0.0,0.0,6,6,4,0,24,24,24,56,57,55,27,27,300,0,0,0,0,0,0,0,0,0
10.76,331.13,0.51,0.58,0.59,8.62,7.06,9.52,10.78,-2.7,-0.19,-0.08,171.8,6.3,128,1,1,429,691,519,0,520,10.76,701.1,479,28.9,30.5,0.8,2.8,2067.6,0,16.83,19.9,45.1,47.7,48.2,46.8,46.8,49.2,55.6,47.3,53.7,53.3,25.2,27.0,27.0,28.5,34,30,25,0.0,0.0,0.0,6,6,4,0,24,24,24,57,56,55,27,27,300,0,0,0,0,0,0,0,0,0
11.39,231.26,0.51,0.58,0.59,8.66,7.64,9.66,11.38,-4.5,-0.16,-0.11,171.6,6.7,127,1,1,517,691,632,0,628,11.38,805.1,550,30.2,31.3,0.8,2.8,2067.6,0,16.83,19.8,44.6,47.3,46.9,46.4,46.3,48.7,55.0,46.9,53.7,53.3,25.2,27.0,27.1,28.8,36,32,25,0.2,0.0,0.2,6,6,4,0,24,24,24,56,57,55,27,27,300,0,0,0,0,0,0,0,0,0
11.7,299.74,0.51,0.58,0.59,8.72,6.4,10.32,11.69,1.3,-0.3,-0.11,171.6,8.1,128,1,1,561,691,688,0,686,11.68,857.4,587,29.5,30.6,0.8,2.8,2067.6,0,16.83,19.8,44.6,47.3,47.4,46.4,46.4,48.7,54.9,46.8,53.7,53.2,25.2,27.0,27.1,28.8,36,31,25,0.0,0.0,0.2,6,6,4,0,24,24,24,56,57,56,27,27,300,0,0,0,0,0,0,0,0,0
11.13,51.52,0.51,0.58,0.59,8.84,7.42,9.68,11.18,-1.8,-0.17,-0.13,171.8,6.3,128,1,1,483,692,598,0,580,11.16,767.7,526,32.0,32.2,0.8,2.8,2067.6,0,16.83,19.9,45.3,48.0,48.8,47.0,47.1,49.4,55.7,47.4,53.7,53.2,25.2,27.0,26.9,28.6,36,32,25,0.0,0.0,0.0,6,6,4,0,24,24,24,57,55,56,27,27,300,0,0,0,0,0,0,0,0,0
11.44,109.26,0.51,0.58,0.59,8.76,8.36,9.02,11.45,-1.0,-0.15,-0.14,171.8,5.8,128,1,1,522,691,641,2,635,11.4,811.3,555,29.6,31.5,0.8,2.8,2067.6,0,16.83,19.9,44.7,47.3,47.3,46.4,46.4,48.7,55.1,46.9,53.7,53.3,25.2,27.0,27.2,28.8,36,32,25,0.0,0.2,0.0,6,6,4,0,24,24,24,56,57,56,27,27,300,0,0,0,0,0,0,0,0,0
10.71,239.76,0.51,0.58,0.59,7.54,6.5,9.1,10.74,0.9,-0.14,-0.13,171.8,6.4,126,1,1,429,691,519,0,515,10.72,701.0,478,33.2,32.5,0.8,2.8,2067.6,0,16.83,19.9,44.8,47.5,45.8,46.6,46.5,48.9,55.5,47.2,53.7,53.2,25.2,27.0,27.0,28.7,36,32,25,0.0,0.0,0.2,6,6,4,0,24,24,24,57,56,56,27,27,300,0,0,0,0,0,0,0,0,0
11.63,258.26,0.51,0.58,0.59,9.96,7.92,10.6,11.64,-3.0,-0.16,-0.2,171.6,7.4,128,1,1,559,692,682,0,678,11.62,852.7,582,29.5,30.4,0.8,2.8,2067.6,0,16.83,19.8,44.6,47.3,48.4,46.4,46.3,48.7,55.0,46.8,53.7,53.3,25.2,27.0,27.1,28.8,36,31,25,0.0,-0.2,0.0,6,6,4,0,24,24,24,56,57,56,27,27,300,0,0,0,0,0,0,0,0,0
11.56,262.51,0.51,0.58,0.59,9.72,8.0,10.54,11.61,-6.9,-0.18,-0.17,171.6,6.8,130,1,1,550,692,676,0,664,11.58,844.0,576,30.7,31.6,0.8,2.8,2067.6,0,16.83,19.8,44.7,47.3,48.7,46.4,46.4,48.7,54.9,46.7,53.7,53.3,25.2,27.0,27.1,28.7,37,32,25,0.0,-0.2,0.0,6,6,4,0,24,24,24,56,57,55,27,27,300,0,0,0,0,0,0,0,0,0
11.09,238.39,0.51,0.58,0.59,8.82,7.5,9.84,11.11,-3.6,-0.18,-0.12,171.8,7.4,129,1,1,473,692,583,0,576,11.08,756.0,517,29.9,31.6,0.8,2.8,2067.6,0,16.83,19.9,45.2,47.9,48.4,47.0,47.0,49.4,55.7,47.4,53.6,53.2,25.2,27.0,26.9,28.7,36,32,25,0.0,-0.2,0.0,6,6,4,0,24,24,24,57,56,56,27,27,300,0,0,0,0,0,0,0,0,0
11.61,247.0,0.51,0.58,0.59,8.62,7.28,9.86,11.63,-3.0,-0.15,-0.13,171.6,7.1,129,1,1,552,692,682,0,672,11.6,846.3,580,30.0,30.7,0.8,2.8,2067.6,0,16.83,19.8,44.6,47.3,48.4,46.4,46.4,48.7,55.0,46.8,53.7,53.3,25.2,27.0,27.1,28.8,36,31,25,0.0,0.0,0.0,6,6,4,0,24,24,24,56,57,56,27,27,300,0,0,0,0,0,0,0,0,0
11.07,28.37,0.51,0.58,0.59,9.46,7.84,10.34,11.06,1.7,-0.17,-0.12,171.8,6.6,127,1,1,464,691,569,0,562,11.04,746.3,510,31.7,32.7,0.8,2.8,2067.6,0,16.83,19.8,44.7,47.4,48.2,46.5,46.4,48.8,55.2,47.0,53.7,53.2,25.2,27.0,27.1,28.7,37,32,25,0.0,0.0,-0.2,6,6,4,0,24,24,24,56,57,56,27,27,300,0,0,0,0,0,0,0,0,0
11.19,81.36,0.51,0.58,0.59,9.94,8.88,9.42,11.22,1.0,-0.16,-0.15,171.8,7.1,125,1,1,491,693,604,0,592,11.2,776.1,532,30.6,32.4,0.8,2.8,2067.6,0,16.83,20.0,45.3,48.0,47.0,47.1,47.1,49.5,55.7,47.4,53.6,53.2,25.2,27.0,26.9,28.7,37,33,25,0.0,0.0,-0.6,6,6,4,0,24,24,24,57,55,56,27,27,300,0,0,0,0,0,0,0,0,0
11.19,326.02,0.51,0.58,0.59,9.1,7.36,9.84,11.21,-2.8,-0.17,-0.08,171.8,5.8,126,1,1,488,692,598,0,584,11.18,774.7,529,30.3,32.4,0.8,2.8,2067.6,0,16.83,19.9,45.3,48.0,47.9,47.1,47.1,49.5,55.7,47.4,53.6,53.2,25.2,27.0,26.9,28.7,37,33,25,0.0,0.0,0.0,6,6,4,0,24,24,24,57,55,56,27,27,300,0,0,0,0,0,0,0,0,0
10.99,351.86,0.51,0.58,0.59,8.08,6.66,9.14,10.99,4.4,-0.19,-0.12,171.8,6.7,127,1,1,460,691,558,0,550,10.96,738.1,503,31.6,33.1,0.8,2.8,2067.6,0,16.83,19.8,44.7,47.4,48.3,46.5,46.4,48.8,55.3,47.1,53.7,53.3,25.2,26.9,27.0,28.7,37,33,25,0.0,0.1,0.2,6,6,4,0,24,24,24,56,57,56,26,26,300,0,0,0,0,0,0,0,0,0
11.52,86.11,0.51,0.58,0.59,9.1,8.56,9.04,11.54,2.7,-0.17,-0.15,171.7,6.1,127,1,1,541,692,660,0,648,11.52,832.5,569,31.7,31.5,0.8,2.8,2067.6,0,16.83,19.8,44.7,47.3,47.3,46.4,46.4,48.7,54.9,46.8,53.7,53.3,25.2,27.0,27.2,28.7,36,32,25,0.0,0.0,-0.4,6,6,4,0,24,24,24,56,57,56,27,27,300,0,0,0,0,0,0,0,0,0
10.9,11.88,0.51,0.58,0.59,8.96,7.4,9.6,10.89,-0.6,-0.18,-0.09,171.8,6.1,128,1,1,448,691,541,0,531,10.88,721.5,494,29.7,30.7,0.8,2.8,2067.6,0,16.83,19.9,45.2,47.8,47.9,46.9,46.9,49.3,55.6,47.4,53.7,53.3,25.2,27.0,26.9,28.6,35,31,25,0.0,0.0,0.0,6,6,4,0,24,24,24,57,56,56,27,27,300,0,0,0,0,0,0,0,0,0
10.95,223.38,0.51,0.58,0.59,8.04,6.96,9.3,10.97,0.5,-0.16,-0.12,171.7,6.6,129,1,1,453,691,556,0,545,10.94,731.3,500,32.6,33.3,0.8,2.8,2067.6,0,16.83,19.9,44.7,47.4,48.1,46.5,46.5,48.8,55.3,47.1,53.7,53.2,25.2,26.9,27.0,28.7,37,33,25,0.0,0.0,0.4,6,6,4,0,24,24,24,56,57,56,26,26,300,0,0,0,0,0,0,0,0,0
11.65,26.64,0.51,0.58,0.59,10.06,8.42,11.36,11.66,2.0,-0.14,-0.11,171.6,7.0,128,1,1,555,692,684,2,675,11.64,849.0,582,29.0,30.5,0.8,2.8,2067.6,0,16.83,19.8,44.6,47.3,46.3,46.3,46.3,48.7,55.0,46.8,53.7,53.3,25.2,27.0,27.2,28.8,36,31,25,0.0,0.0,-0.3,6,6,4,0,24,24,24,56,57,56,27,27,300,0,0,0,0,0,0,0,0,0
10.78,166.86,0.51,0.58,0.59,8.36,7.56,9.1,10.8,2.6,-0.19,-0.15,171.8,6.2,125,1,1,434,690,529,0,524,10.78,702.5,482,29.6,30.1,0.8,2.8,2067.6,0,16.83,19.9,45.0,47.7,47.1,46.8,46.8,49.1,55.6,47.3,53.7,53.3,25.2,27.0,27.0,28.6,34,30,25,0.0,0.0,0.0,6,6,4,0,24,24,24,56,56,56,27,27,300,0,0,0,0,0,0,0,0,0
10.77,22.86,0.51,0.58,0.59,8.6,6.78,9.24,10.79,-0.4,-0.15,-0.13,171.8,6.9,126,1,1,429,691,519,0,517,10.76,701.1,479,32.2,32.6,0.8,2.8,2067.6,0,16.83,19.8,44.8,47.4,45.6,46.5,46.5,48.9,55.4,47.2,53.7,53.2,25.2,27.0,27.0,28.7,36,32,25,0.0,0.0,0.0,6,6,4,0,24,24,24,56,56,56,27,27,300,0,0,0,0,0,0,0,0,0
10.74,189.36,0.51,0.58,0.59,7.46,6.54,8.44,10.76,3.4,-0.18,-0.11,171.7,5.4,126,1,1,427,691,520,0,514,10.74,694.8,476,32.1,32.7,0.8,2.8,2067.6,0,16.83,19.8,44.8,47.5,48.2,46.5,46.5,48.9,55.4,47.1,53.7,53.2,25.2,27.0,27.0,28.7,36,32,25,0.0,0.0,0.2,6,6,4,0,24,24,24,56,56,56,27,27,300,0,0,0,0,0,0,0,0,0
11.18,135.36,0.51,0.58,0.59,8.2,7.32,8.44,11.21,2.4,-0.21,-0.12,171.7,6.0,126,1,1,482,692,590,2,574,11.16,766.6,525,31.6,32.6,0.8,2.8,2067.6,0,16.83,19.8,44.7,47.4,46.6,46.4,46.4,48.7,55.2,47.0,53.7,53.3,25.2,27.0,27.1,28.7,37,32,25,0.0,0.2,0.0,6,6,4,0,24,24,24,57,57,55,27,27,300,0,0,0,0,0,0,0,0,0
11.67,229.75,0.51,0.58,0.59,9.78,7.96,10.18,11.7,3.8,-0.11,-0.15,171.6,7.3,127,1,1,562,692,687,0,683,11.68,855.3,586,28.9,30.5,0.8,2.8,2067.6,0,16.83,19.8,44.6,47.3,48.4,46.4,46.4,48.7,54.9,46.8,53.7,53.2,25.2,27.0,27.1,28.8,36,31,25,0.0,-0.5,0.0,6,6,4,0,24,24,24,56,57,56,27,27,300,0,0,0,0,0,0,0,0,0
11.56,44.75,0.51,0.58,0.59,8.74,7.78,10.08,11.59,3.6,-0.15,-0.17,171.7,6.6,128,1,1,553,692,679,0,669,11.58,843.1,577,30.3,30.9,0.8,2.8,2067.6,0,16.83,19.8,44.7,47.3,48.3,46.4,46.4,48.7,54.9,46.8,53.7,53.3,25.2,27.0,27.2,28.7,36,31,25,0.0,0.2,0.0,6,6,4,0,24,24,24,56,57,56,27,27,300,0,0,0,0,0,0,0,0,0
11.02,214.74,0.51,0.58,0.59,8.52,7.54,9.3,11.07,-0.1,-0.16,-0.14,171.8,6.1,128,1,1,471,692,571,0,569,11.04,748.3,512,29.7,31.1,0.8,2.8,2067.6,0,16.83,19.9,45.2,47.9,48.7,47.0,47.0,49.3,55.6,47.4,53.7,53.2,25.2,27.0,26.9,28.8,36,31,25,0.0,-0.2,0.2,6,6,4,0,24,24,24,56,56,56,27,27,300,0,0,0,0,0,0,0,0,0
10.76,240.26,0.51,0.58,0.59,7.34,5.84,8.68,10.78,2.4,-0.14,-0.16,171.8,6.9,125,1,1,429,690,520,0,516,10.74,702.6,479,28.5,30.2,0.8,2.8,2067.6,0,16.83,19.9,45.1,47.7,48.1,46.8,46.8,49.2,55.6,47.3,53.7,53.3,25.2,27.0,27.0,28.5,34,30,25,0.2,0.0,0.4,6,6,4,0,24,24,24,57,56,56,27,27,300,0,0,0,0,0,0,0,0,0
11.51,238.61,0.51,0.58,0.59,9.42,7.92,10.34,11.55,2.4,-0.19,-0.14,171.6,7.0,127,1,1,537,692,666,0,649,11.52,832.3,569,29.3,31.1,0.8,2.8,2067.6,0,16.83,19.8,44.6,47.3,46.3,46.3,46.3,48.7,54.9,46.8,53.7,53.3,25.2,27.0,27.2,28.7,36,32,25,0.0,-0.4,0.0,6,6,4,0,24,24,24,56,57,55,27,27,300,0,0,0,0,0,0,0,0,0
10.81,152.39,0.51,0.58,0.59,7.62,6.84,8.14,10.8,-10.7,-0.19,-0.17,171.7,6.7,128,1,1,432,690,519,-2,522,10.8,708.0,482,31.4,32.7,0.8,2.8,2067.6,0,16.83,19.8,44.8,47.5,47.7,46.5,46.5,48.9,55.4,47.1,53.7,53.2,25.2,27.0,27.0,28.7,36,32,25,-0.2,0.2,0.0,6,6,4,0,24,24,24,57,56,56,27,27,300,0,0,0,0,0,0,0,0,0
10.81,287.14,0.51,0.58,0.59,7.8,6.12,8.42,10.83,2.1,-0.23,-0.1,171.7,6.2,125,1,1,435,690,528,0,528,10.8,709.7,484,31.0,30.9,0.8,2.8,2067.6,0,16.83,19.9,45.0,47.6,46.7,46.7,46.7,49.1,55.5,47.3,53.7,53.3,25.2,27.0,27.0,28.8,34,30,25,0.2,0.0,-0.2,6,6,4,0,24,24,24,57,56,56,27,27,300,0,0,0,0,0,0,0,0,0
11.76,353.88,0.51,0.58,0.59,9.84,8.02,11.58,11.78,-4.0,-0.21,-0.14,171.7,7.1,129,1,1,576,692,705,0,706,11.74,874.9,597,29.6,30.2,0.8,2.8,2067.6,0,16.83,19.8,44.6,47.3,46.5,46.3,46.3,48.7,54.9,46.8,53.7,53.2,25.2,27.0,27.2,28.7,36,31,25,0.0,0.2,0.0,6,6,4,0,24,24,24,56,57,56,27,27,300,0,0,0,0,0,0,0,0,0
10.92,346.14,0.51,0.58,0.59,8.02,6.52,9.02,10.92,-2.6,-0.17,-0.09,171.8,6.3,129,1,1,451,690,546,0,537,10.9,726.1,496,32.7,33.3,0.8,2.8,2067.6,0,16.83,19.9,44.8,47.4,47.8,46.5,46.5,48.8,55.3,47.1,53.7,53.3,25.2,26.9,27.0,28.7,37,32,25,0.0,0.0,0.0,6,6,4,0,24,24,24,56,57,56,26,26,300,0,0,0,0,0,0,0,0,0
10.83,121.75,0.51,0.58,0.59,8.3,6.86,8.36,10.85,2.4,-0.2,-0.09,171.8,6.2,125,1,1,436,690,535,0,516,10.82,707.5,486,29.5,30.9,0.8,2.8,2067.6,0,16.83,19.9,45.0,47.6,49.2,46.7,46.7,49.1,55.5,47.3,53.7,53.3,25.2,27.0,27.0,28.8,34,30,25,0.0,0.0,0.2,6,6,4,0,24,24,24,57,56,56,27,27,300,0,0,0,0,0,0,0,0,0
11.73,291.38,0.51,0.58,0.59,8.94,6.7,10.06,11.75,-1.0,-0.22,-0.12,171.6,7.2,128,1,1,570,692,699,0,699,11.74,868.3,594,28.6,30.3,0.8,2.8,2067.6,0,16.83,19.8,44.6,47.3,47.0,46.4,46.4,48.7,55.0,46.8,53.7,53.2,25.2,27.0,27.1,28.8,36,31,25,0.0,-0.1,0.0,6,6,4,0,24,24,24,56,57,56,27,27,300,0,0,0,0,0,0,0,0,0
11.56,134.89,0.51,0.58,0.59,9.06,8.24,9.36,11.59,-0.6,-0.16,-0.15,171.6,6.3,127,1,1,549,692,664,0,657,11.56,839.7,573,29.7,30.7,0.8,2.8,2067.6,0,16.83,19.8,44.6,47.3,46.1,46.3,46.3,48.7,55.0,46.8,53.7,53.3,25.2,27.0,27.1,28.8,36,31,25,0.0,0.0,-0.2,6,6,4,0,24,24,24,57,57,55,27,27,300,0,0,0,0,0,0,0,0,0
10.81,309.74,0.51,0.58,0.59,8.88,7.2,9.28,10.83,3.6,-0.23,-0.1,171.8,6.1,127,1,1,441,691,535,0,520,10.8,712.7,487,28.8,30.5,0.8,2.8,2067.6,0,16.83,19.9,45.1,47.8,47.5,46.9,46.9,49.3,55.6,47.4,53.7,53.2,25.2,27.0,26.9,28.6,35,30,25,0.0,0.0,0.0,6,6,4,0,24,24,24,56,56,56,27,27,300,0,0,0,0,0,0,0,0,0
11.18,167.62,0.51,0.58,0.59,8.82,7.62,8.66,11.22,0.9,-0.18,-0.16,171.8,5.5,127,1,1,490,692,593,0,585,11.2,772.8,529,30.8,32.2,0.8,2.8,2067.6,0,16.83,19.9,45.3,48.0,48.0,47.0,47.1,49.4,55.7,47.4,53.7,53.2,25.2,27.0,26.9,28.6,37,32,25,0.0,0.0,0.0,6,6,4,0,24,24,24,57,55,56,27,27,300,0,0,0,0,0,0,0,0,0
11.52,92.74,0.51,0.58,0.59,8.04,7.7,8.0,11.54,3.6,-0.23,-0.19,171.7,6.2,127,1,1,532,691,656,0,639,11.5,830.1,564,29.6,30.6,0.8,2.8,2067.6,0,16.83,19.8,44.6,47.3,48.3,46.4,46.4,48.7,55.0,46.8,53.7,53.3,25.2,27.0,27.2,28.8,36,31,25,0.0,0.3,0.0,6,6,4,0,24,24,24,56,57,56,27,27,300,0,0,0,0,0,0,0,0,0
11.25,5.87,0.51,0.58,0.59,8.58,7.04,9.64,11.27,-1.5,-0.18,-0.14,171.7,6.0,127,1,1,501,692,607,0,600,11.26,786.3,536,32.2,32.6,0.8,2.8,2067.6,0,16.83,19.9,44.7,47.4,46.1,46.4,46.4,48.7,55.2,47.0,53.7,53.2,25.2,27.0,27.2,28.8,37,32,25,0.0,0.0,0.0,6,6,4,0,24,24,24,57,57,55,27,27,300,0,0,0,0,0,0,0,0,0
10.94,149.62,0.51,0.58,0.59,8.76,7.82,9.34,10.93,-3.1,-0.19,-0.11,171.7,6.5,129,1,1,448,690,550,0,539,10.92,728.4,497,32.8,33.1,0.8,2.8,2067.6,0,16.83,19.9,44.7,47.4,46.6,46.5,46.5,48.8,55.3,47.1,53.7,53.3,25.2,26.9,27.0,28.7,37,32,25,-0.2,0.0,0.0,6,6,4,0,24,24,24,56,57,56,26,26,300,0,0,0,0,0,0,0,0,0
11.1,332.14,0.51,0.58,0.59,9.18,7.36,10.14,11.1,-0.6,-0.19,-0.12,171.9,6.5,128,1,1,473,692,581,0,575,11.08,756.7,517,31.2,31.9,0.8,2.8,2067.6,0,16.83,19.9,45.2,47.9,47.6,47.0,47.0,49.4,55.7,47.4,53.7,53.2,25.2,27.0,26.9,28.7,36,32,25,0.0,0.0,0.0,6,6,4,0,24,24,24,57,56,56,27,27,300,0,0,0,0,0,0,0,0,0
11.2,253.26,0.51,0.58,0.59,8.04,6.9,8.92,11.23,-2.2,-0.19,-0.18,171.7,6.9,127,1,1,491,692,607,2,592,11.22,780.0,534,32.3,32.6,0.8,2.8,2067.6,0,16.83,19.8,44.7,47.4,48.3,46.4,46.4,48.8,55.2,47.0,53.7,53.3,25.2,26.9,27.2,28.7,37,32,25,0.2,0.0,0.2,6,6,4,0,24,24,24,57,57,55,26,26,300,0,0,0,0,0,0,0,0,0
10.76,83.48,0.51,0.58,0.59,8.42,6.8,8.34,10.79,5.1,-0.18,-0.17,171.7,5.1,126,1,1,429,691,529,0,521,10.76,701.5,480,31.5,32.3,0.8,2.8,2067.6,0,16.83,19.9,44.9,47.5,48.1,46.6,46.6,48.9,55.4,47.2,53.7,53.3,25.2,27.0,27.0,28.7,35,31,25,0.0,0.0,0.0,6,6,4,0,24,24,24,57,56,55,27,27,300,0,0,0,0,0,0,0,0,0
11.44,228.64,0.51,0.58,0.59,8.92,7.74,9.82,11.47,-0.8,-0.11,-0.08,171.6,7.0,128,1,1,527,691,650,0,628,11.44,817.6,560,28.6,30.8,0.8,2.8,2067.6,0,16.83,19.8,44.7,47.3,48.4,46.4,46.4,48.7,55.0,46.8,53.7,53.3,25.2,27.0,27.2,28.8,36,31,25,0.0,-0.2,0.0,6,6,4,0,24,24,24,56,57,55,27,27,300,0,0,0,0,0,0,0,0,0
10.77,280.26,0.51,0.58,0.59,7.5,5.8,8.2,10.79,2.9,-0.2,-0.17,171.7,5.9,125,1,1,433,691,528,0,525,10.78,706.8,482,30.2,31.1,0.8,2.8,2067.6,0,16.83,19.9,44.9,47.6,47.1,46.7,46.7,49.0,55.5,47.3,53.7,53.3,25.2,27.0,27.0,28.7,34,30,25,0.2,0.0,0.0,6,6,4,0,24,24,24,57,56,56,27,27,300,0,0,0,0,0,0,0,0,0
11.02,281.02,0.51,0.58,0.59,8.62,6.9,9.52,11.04,2.6,-0.21,-0.13,171.7,6.0,128,1,1,467,692,574,0,566,11.02,747.3,511,29.7,31.2,0.8,2.8,2067.6,0,16.83,19.9,45.2,47.9,49.1,47.0,47.0,49.4,55.6,47.4,53.7,53.3,25.2,27.0,26.9,28.8,36,31,25,0.0,-0.2,-0.2,6,6,4,0,24,24,24,56,56,56,27,27,300,0,0,0,0,0,0,0,0,0
11.06,309.38,0.51,0.58,0.59,9.52,7.54,10.32,11.07,0.1,-0.19,-0.1,171.8,6.4,128,1,1,472,691,580,0,575,11.06,751.9,515,31.3,31.3,0.8,2.8,2067.6,0,16.83,19.9,45.2,47.9,49.1,47.0,47.0,49.4,55.6,47.4,53.7,53.3,25.2,27.0,26.9,28.8,36,31,25,0.0,0.0,0.0,6,6,4,0,24,24,24,57,56,56,27,27,300,0,0,0,0,0,0,0,0,0
10.97,22.61,0.51,0.58,0.59,7.86,6.52,8.76,10.98,0.7,-0.16,-0.12,171.7,7.0,128,1,1,457,691,552,0,548,10.96,734.3,502,31.4,33.4,0.8,2.8,2067.6,0,16.83,19.9,44.7,47.4,47.8,46.5,46.4,48.8,55.3,47.1,53.7,53.2,25.2,26.9,27.0,28.7,37,33,25,0.0,0.1,0.0,6,6,4,0,24,24,24,56,57,56,26,26,300,0,0,0,0,0,0,0,0,0
10.89,279.86,0.51,0.58,0.59,8.16,6.68,9.04,10.91,-1.6,-0.19,-0.11,171.7,6.4,128,1,1,446,690,546,0,534,10.9,726.6,495,32.6,33.0,0.8,2.8,2067.6,0,16.83,19.9,44.8,47.4,47.2,46.5,46.5,48.8,55.4,47.1,53.7,53.3,25.2,27.0,27.0,28.7,36,32,25,0.0,0.0,0.0,6,6,4,0,24,24,24,56,56,56,27,27,300,0,0,0,0,0,0,0,0,0
11.65,96.52,0.51,0.58,0.59,9.56,8.88,9.56,11.69,2.0,-0.18,-0.13,171.7,6.6,128,1,1,559,692,678,0,677,11.66,850.5,582,28.2,30.4,0.8,2.8,2067.6,0,16.83,19.8,44.6,47.3,46.6,46.3,46.3,48.6,55.0,46.8,53.7,53.3,25.2,27.0,27.2,28.8,36,31,25,0.0,0.0,-0.6,6,6,4,0,24,24,24,56,57,56,27,27,300,0,0,0,0,0,0,0,0,0
11.1,169.74,0.51,0.58,0.59,8.4,7.64,8.44,11.1,-0.3,-0.2,-0.14,171.8,6.5,128,1,1,473,691,580,0,576,11.08,758.7,516,28.8,31.1,0.8,2.8,2067.6,0,16.83,19.9,45.2,47.9,47.2,46.9,46.9,49.3,55.6,47.4,53.7,53.3,25.2,27.0,26.9,28.8,36,31,25,0.0,0.0,0.0,6,6,4,0,24,24,24,57,56,56,27,27,300,0,0,0,0,0,0,0,0,0
10.88,209.38,0.51,0.58,0.59,8.42,7.58,9.22,10.89,-4.8,-0.14,-0.09,171.8,6.2,129,1,1,444,692,546,0,531,10.88,722.1,493,29.2,30.7,0.8,2.8,2067.6,0,16.83,19.9,45.1,47.8,45.9,46.9,46.9,49.3,55.6,47.4,53.7,53.3,25.2,27.0,26.9,28.7,35,31,25,0.0,0.0,0.2,6,6,4,0,24,24,24,56,56,56,27,27,300,0,0,0,0,0,0,0,0,0
11.69,9.86,0.51,0.58,0.59,9.44,7.58,10.94,11.7,0.9,-0.13,-0.16,171.6,7.8,128,1,1,563,691,693,0,686,11.68,862.6,589,29.6,30.6,0.8,2.8,2067.6,0,16.83,19.8,44.6,47.3,46.0,46.4,46.3,48.7,54.9,46.8,53.7,53.2,25.2,27.0,27.1,28.8,36,31,25,0.0,0.0,0.0,6,6,4,0,24,24,24,56,57,56,27,27,300,0,0,0,0,0,0,0,0,0
10.73,220.14,0.51,0.58,0.59,7.12,5.9,8.82,10.73,0.4,-0.16,-0.1,171.8,6.8,126,1,1,413,690,507,0,502,10.7,685.9,470,29.3,30.5,0.8,2.8,2067.6,0,16.83,19.9,45.1,47.7,48.6,46.8,46.8,49.2,55.6,47.3,53.7,53.3,25.2,27.0,27.0,28.5,34,30,25,0.0,0.0,0.6,6,6,4,0,24,24,24,57,56,56,27,27,300,0,0,0,0,0,0,0,0,0
11.61,123.37,0.51,0.58,0.59,9.18,8.74,9.74,11.63,-8.2,-0.23,-0.13,171.7,7.5,130,1,1,552,692,673,0,667,11.6,841.1,577,29.6,31.3,0.8,2.8,2067.6,0,16.83,19.8,44.6,47.3,46.8,46.4,46.4,48.7,54.9,46.8,53.7,53.3,25.2,27.0,27.1,28.7,37,32,25,0.0,0.0,-0.2,6,6,4,0,24,24,24,57,57,55,27,27,300,0,0,0,0,0,0,0,0,0
10.78,332.75,0.51,0.58,0.59,8.36,6.56,9.12,10.8,3.4,-0.21,-0.14,171.8,6.6,125,1,1,433,690,526,2,523,10.78,707.1,481,28.8,30.2,0.8,2.8,2067.6,0,16.83,19.9,45.0,47.7,47.4,46.8,46.8,49.1,55.6,47.3,53.7,53.3,25.2,27.0,27.0,28.6,34,30,25,0.0,0.0,0.0,6,6,4,0,24,24,24,57,56,56,27,27,300,0,0,0,0,0,0,0,0,0
10.78,350.89,0.51,0.58,0.59,9.1,7.68,9.96,10.81,-1.7,-0.16,-0.11,171.8,6.5,126,1,1,436,691,528,-2,528,10.78,710.9,484,31.3,32.2,0.8,2.8,2067.6,0,16.83,19.9,44.8,47.5,46.4,46.6,46.6,48.9,55.4,47.2,53.7,53.3,25.2,27.0,27.0,28.7,35,31,25,0.0,0.0,0.0,6,6,4,0,24,24,24,57,56,56,27,27,300,0,0,0,0,0,0,0,0,0
10.81,173.88,0.51,0.58,0.59,8.68,7.82,9.68,10.83,1.5,-0.19,-0.13,171.7,6.6,127,1,1,434,691,537,0,517,10.8,709.0,486,28.2,30.5,0.8,2.8,2067.6,0,16.83,19.9,45.1,47.8,48.7,46.9,46.9,49.3,55.6,47.4,53.6,53.2,25.2,27.0,27.0,28.5,35,30,25,0.0,0.0,0.0,6,6,4,0,24,24,24,57,56,56,27,27,300,0,0,0,0,0,0,0,0,0
10.69,195.98,0.51,0.58,0.59,7.2,6.42,8.36,10.68,6.7,-0.17,-0.1,171.7,5.9,125,1,1,415,691,516,0,504,10.68,687.4,471,30.2,30.5,0.8,2.8,2067.6,0,16.83,19.9,45.1,47.7,47.6,46.8,46.8,49.2,55.6,47.3,53.7,53.3,25.2,27.0,26.9,28.5,34,30,25,0.0,0.0,0.2,6,6,4,0,24,24,24,56,56,56,27,27,300,0,0,0,0,0,0,0,0,0
10.77,308.02,0.51,0.58,0.59,9.08,7.56,10.2,10.8,2.3,-0.23,-0.14,171.8,5.9,125,1,1,431,691,526,0,521,10.76,705.4,481,29.7,31.0,0.8,2.8,2067.6,0,16.83,19.9,45.0,47.6,48.8,46.7,46.7,49.1,55.5,47.3,53.7,53.3,25.2,27.0,27.0,28.7,35,30,25,0.0,0.0,0.0,6,6,4,0,24,24,24,57,56,55,27,27,300,0,0,0,0,0,0,0,0,0
11.4,332.24,0.51,0.58,0.59,9.22,7.4,10.38,11.43,0.7,-0.22,-0.16,171.7,7.4,127,1,1,518,691,635,0,631,11.38,810.1,553,30.4,31.6,0.8,2.8,2067.6,0,16.83,19.9,44.7,47.3,46.1,46.4,46.4,48.7,55.1,46.9,53.7,53.3,25.2,27.0,27.2,28.8,36,32,25,0.0,0.0,0.0,6,6,4,0,24,24,24,56,57,55,27,27,300,0,0,0,0,0,0,0,0,0
10.68,91.76,0.51,0.58,0.58,7.94,6.32,7.62,10.68,4.2,-0.22,-0.15,171.8,6.1,125,1,1,413,691,510,0,499,10.66,687.0,468,28.9,30.2,0.8,2.8,2067.6,0,16.83,19.9,45.1,47.7,46.5,46.8,46.8,49.2,55.6,47.3,53.7,53.3,25.2,27.0,27.0,28.5,34,30,25,0.0,0.0,-0.2,6,6,4,0,24,24,24,56,56,56,27,27,300,0,0,0,0,0,0,0,0,0
10.71,285.26,0.51,0.58,0.59,8.3,6.78,9.44,10.74,3.8,-0.23,-0.17,171.6,6.3,126,1,1,421,691,522,0,511,10.72,697.4,476,33.5,32.7,0.8,2.8,2067.6,0,16.83,19.9,44.8,47.5,48.3,46.6,46.6,48.9,55.4,47.1,53.7,53.2,25.2,27.0,27.0,28.7,36,32,25,0.0,0.0,0.0,6,6,4,0,24,24,24,56,56,56,27,27,300,0,0,0,0,0,0,0,0,0
11.28,37.01,0.51,0.58,0.59,9.34,8.1,10.1,11.28,7.5,-0.2,-0.14,171.8,6.5,125,1,1,507,692,615,-2,609,11.26,794.0,540,30.4,32.5,0.8,2.8,2067.6,0,16.83,20.0,45.3,48.0,48.5,47.1,47.1,49.5,55.7,47.4,53.6,53.2,25.2,27.0,26.9,28.7,38,33,25,0.0,0.0,-0.2,6,6,4,0,24,24,24,57,55,56,27,27,300,0,0,0,0,0,0,0,0,0
11.43,84.13,0.51,0.58,0.59,9.54,8.68,9.74,11.46,0.2,-0.18,-0.12,171.7,5.8,127,1,1,526,691,642,0,641,11.44,815.6,558,29.7,31.0,0.8,2.8,2067.6,0,16.83,19.8,44.6,47.3,47.1,46.4,46.3,48.7,55.0,46.9,53.7,53.3,25.2,27.0,27.1,28.8,36,31,25,0.0,0.0,-0.7,6,6,4,0,24,24,24,56,57,56,27,27,300,0,0,0,0,0,0,0,0,0
10.77,104.87,0.51,0.58,0.59,7.52,6.18,7.7,10.79,0.2,-0.18,-0.14,171.8,5.9,126,1,1,430,691,526,0,520,10.76,703.4,480,30.7,31.1,0.8,2.8,2067.6,0,16.83,19.9,44.9,47.6,47.2,46.7,46.6,49.0,55.5,47.3,53.7,53.3,25.2,27.0,27.0,28.7,35,31,25,0.0,0.1,0.0,6,6,4,0,24,24,24,56,56,56,27,27,300,0,0,0,0,0,0,0,0,0
11.2,350.24,0.51,0.58,0.59,9.02,7.56,9.52,11.2,1.1,-0.21,-0.11,171.8,6.9,125,1,1,492,693,596,0,586,11.18,776.4,530,32.5,32.8,0.8,2.8,2067.6,0,16.83,19.9,45.3,48.0,48.2,47.1,47.1,49.5,55.7,47.4,53.7,53.2,25.2,27.0,26.9,28.7,37,33,25,0.0,0.0,0.0,6,6,4,0,24,24,24,57,55,56,27,27,300,0,0,0,0,0,0,0,0,0
10.85,24.01,0.51,0.58,0.59,8.3,6.76,8.92,10.86,3.2,-0.17,-0.17,171.8,6.4,126,1,1,435,691,537,0,521,10.84,716.6,489,32.1,32.0,0.8,2.8,2067.6,0,16.83,19.9,44.9,47.6,48.7,46.6,46.6,49.0,55.5,47.2,53.7,53.3,25.2,27.0,27.0,28.7,35,31,25,0.0,0.0,0.0,6,6,4,0,24,24,24,56,56,56,27,27,300,0,0,0,0,0,0,0,0,0
10.8,238.75,0.51,0.58,0.59,7.82,6.84,9.06,10.84,1.8,-0.14,-0.13,171.7,6.5,127,1,1,432,691,529,0,531,10.8,712.4,485,29.3,30.6,0.8,2.8,2067.6,0,16.83,19.9,45.1,47.7,47.3,46.8,46.9,49.2,55.6,47.4,53.6,53.2,25.2,27.0,27.0,28.5,35,30,25,0.0,0.0,0.0,6,6,4,0,24,24,24,57,56,56,27,27,300,0,0,0,0,0,0,0,0,0
10.74,46.62,0.51,0.58,0.59,8.46,6.74,9.04,10.75,10.8,-0.13,-0.07,171.7,5.7,124,1,1,424,691,519,2,509,10.74,696.9,476,29.0,30.3,0.8,2.8,2067.6,0,16.83,19.9,45.0,47.7,46.6,46.8,46.8,49.2,55.6,47.3,53.7,53.3,25.2,27.0,27.0,28.5,34,30,25,0.0,0.0,0.0,6,6,4,0,24,24,24,57,56,56,27,27,300,0,0,0,0,0,0,0,0,0
11.61,265.75,0.51,0.58,0.59,9.32,7.58,10.4,11.63,-1.8,-0.2,-0.13,171.6,6.9,129,1,1,560,692,684,-2,681,11.62,853.7,582,31.3,31.0,0.8,2.8,2067.6,0,16.83,19.8,44.6,47.3,46.1,46.3,46.3,48.7,54.9,46.8,53.7,53.3,25.2,27.0,27.2,28.7,36,31,25,0.0,0.0,0.2,6,6,4,0,24,24,24,56,57,56,27,27,300,0,0,0,0,0,0,0,0,0
11.25,343.51,0.51,0.58,0.59,7.78,6.46,9.06,11.28,-2.3,-0.22,-0.12,171.7,5.8,128,1,1,503,691,612,0,603,11.26,787.1,538,31.2,31.9,0.8,2.8,2067.6,0,16.83,19.9,44.7,47.4,48.7,46.4,46.4,48.7,55.2,47.0,53.7,53.3,25.2,27.0,27.2,28.8,37,32,25,0.0,0.3,0.2,6,6,4,0,24,24,24,56,57,56,27,27,300,0,0,0,0,0,0,0,0,0
10.78,268.13,0.51,0.58,0.59,9.0,7.2,9.86,10.78,4.5,-0.19,-0.17,171.7,6.1,125,1,1,435,691,523,0,522,10.78,710.6,481,28.2,30.1,0.8,2.8,2067.6,0,16.83,19.9,45.0,47.7,46.5,46.8,46.8,49.2,55.6,47.3,53.7,53.3,25.2,27.0,27.0,28.6,34,30,25,0.0,-0.2,0.0,6,6,4,0,24,24,24,57,56,56,27,27,300,0,0,0,0,0,0,0,0,0
11.44,229.0,0.51,0.58,0.59,8.28,6.94,9.52,11.45,4.5,-0.18,-0.14,171.6,6.3,126,1,1,523,691,641,0,637,11.4,813.8,554,30.0,31.6,0.8,2.8,2067.6,0,16.83,19.9,44.7,47.3,47.6,46.4,46.4,48.7,55.1,46.9,53.7,53.3,25.2,27.0,27.1,28.8,36,32,25,0.0,0.0,0.7,6,6,4,0,24,24,24,56,57,56,27,27,300,0,0,0,0,0,0,0,0,0
11.27,230.87,0.51,0.58,0.59,9.44,7.74,10.48,11.26,-0.7,-0.15,-0.12,171.7,6.7,127,1,1,501,691,607,0,600,11.26,782.5,537,31.2,32.6,0.8,2.8,2067.6,0,16.83,19.9,44.7,47.4,48.0,46.4,46.4,48.8,55.2,47.0,53.7,53.3,25.2,27.0,27.2,28.8,37,32,25,0.0,-0.3,0.0,6,6,4,0,24,24,24,56,57,56,27,27,300,0,0,0,0,0,0,0,0,0
11.13,184.14,0.51,0.58,0.59,8.68,8.06,8.74,11.13,-3.0,-0.19,-0.12,171.8,7.3,129,1,1,475,691,581,0,580,11.1,754.4,518,31.2,31.6,0.8,2.8,2067.6,0,16.83,19.9,45.2,47.9,48.3,47.0,47.0,49.4,55.7,47.4,53.7,53.3,25.2,27.0,26.9,28.7,36,31,25,0.0,0.0,0.0,6,6,4,0,24,24,24,57,56,56,27,27,300,0,0,0,0,0,0,0,0,0
11.4,94.75,0.51,0.58,0.59,9.12,8.46,9.54,11.39,0.7,-0.22,-0.14,171.8,5.8,126,1,1,516,691,636,0,630,11.38,805.3,550,30.7,31.4,0.8,2.8,2067.6,0,16.83,19.8,44.7,47.3,47.4,46.4,46.3,48.7,55.0,46.9,53.7,53.3,25.2,27.0,27.1,28.8,36,32,25,0.0,0.0,0.0,6,6,4,0,24,24,24,56,57,55,27,27,300,0,0,0,0,0,0,0,0,0
11.07,50.87,0.51,0.58,0.59,7.82,6.7,8.74,11.09,-1.7,-0.16,-0.19,171.8,6.3,128,1,1,474,691,580,0,578,11.08,758.1,517,30.2,31.7,0.8,2.8,2067.6,0,16.83,19.9,45.2,47.9,48.4,47.0,47.0,49.3,55.7,47.4,53.7,53.2,25.2,27.0,26.9,28.7,36,32,25,0.0,0.1,0.0,6,6,4,0,24,24,24,56,56,56,27,27,300,0,0,0,0,0,0,0,0,0
11.1,286.13,0.51,0.58,0.59,9.68,7.56,10.6,11.13,-1.5,-0.19,-0.12,171.8,6.3,128,1,1,475,692,586,0,581,11.1,759.9,520,30.9,31.8,0.8,2.8,2067.6,0,16.83,19.9,45.3,48.0,48.9,47.0,47.1,49.4,55.7,47.4,53.7,53.2,25.2,27.0,26.9,28.7,36,32,25,0.0,-0.2,0.0,6,6,4,0,24,24,24,57,55,56,27,27,300,0,0,0,0,0,0,0,0,0
10.76,298.76,0.51,0.58,0.59,9.06,7.12,9.72,10.78,0.1,-0.21,-0.18,171.8,5.6,126,1,1,431,691,523,0,521,10.76,706.3,481,31.2,31.6,0.8,2.8,2067.6,0,16.83,19.9,44.9,47.6,47.2,46.7,46.7,49.0,55.5,47.3,53.7,53.3,25.2,27.0,27.0,28.7,35,31,25,0.0,0.0,0.0,6,6,4,0,24,24,24,56,56,56,27,27,300,0,0,0,0,0,0,0,0,0
11.19,9.11,0.51,0.58,0.59,7.94,6.7,8.96,11.2,1.1,-0.2,-0.13,171.8,6.7,127,1,1,492,692,593,0,585,11.2,776.4,529,31.5,32.1,0.8,2.8,2067.6,0,16.83,19.9,45.3,48.0,48.8,47.0,47.1,49.4,55.7,47.4,53.7,53.2,25.2,27.0,26.9,28.6,37,32,25,0.0,0.1,0.0,6,6,4,0,24,24,24,57,55,56,27,27,300,0,0,0,0,0,0,0,0,0
11.3,72.76,0.51,0.58,0.59,8.64,7.54,8.92,11.3,0.5,-0.2,-0.12,171.8,6.1,128,1,1,502,691,608,0,603,11.28,786.2,538,30.3,31.9,0.8,2.8,2067.6,0,16.83,19.9,44.7,47.4,47.9,46.4,46.4,48.7,55.2,47.0,53.7,53.3,25.2,27.0,27.2,28.9,37,32,25,0.0,0.2,-0.2,6,6,4,0,24,24,24,56,57,55,27,27,300,0,0,0,0,0,0,0,0,0
10.77,40.25,0.51,0.58,0.59,9.6,7.66,9.78,10.79,0.7,-0.18,-0.1,171.8,6.4,125,1,1,426,691,526,0,520,10.76,702.3,480,30.2,31.1,0.8,2.8,2067.6,0,16.83,19.9,44.9,47.6,46.8,46.7,46.6,49.0,55.5,47.3,53.7,53.3,25.2,27.0,27.0,28.7,35,31,25,-0.2,0.0,-0.2,6,6,4,0,24,24,24,57,56,56,27,27,300,0,0,0,0,0,0,0,0,0
10.77,318.38,0.51,0.58,0.59,8.18,6.4,9.16,10.77,-1.5,-0.18,-0.12,171.7,7.2,126,1,1,428,691,516,-2,516,10.76,704.2,478,33.2,32.9,0.8,2.8,2067.6,0,16.83,19.8,44.8,47.4,46.0,46.5,46.5,48.9,55.4,47.1,53.7,53.2,25.2,27.0,27.0,28.7,36,32,25,0.0,0.0,0.2,6,6,4,0,24,24,24,56,56,56,27,27,300,0,0,0,0,0,0,0,0,0
10.94,257.62,0.51,0.58,0.59,9.42,7.64,10.34,10.96,0.5,-0.14,-0.11,171.7,7.2,128,1,1,455,691,552,0,546,10.94,730.7,502,32.4,33.5,0.8,2.8,2067.6,0,16.83,19.8,44.7,47.4,46.4,46.5,46.4,48.8,55.3,47.1,53.7,53.2,25.2,26.9,27.0,28.7,37,33,25,0.0,-0.2,0.0,6,6,4,0,24,24,24,56,57,56,26,26,300,0,0,0,0,0,0,0,0,0
10.78,185.11,0.51,0.58,0.59,9.1,8.16,9.92,10.8,-4.2,-0.18,-0.11,171.7,7.2,127,1,1,434,691,531,0,525,10.78,706.7,482,31.8,32.1,0.8,2.8,2067.6,0,16.83,19.9,44.9,47.5,48.9,46.6,46.6,49.0,55.4,47.2,53.7,53.3,25.2,27.0,27.0,28.7,35,31,25,-0.2,-0.2,0.0,6,6,4,0,24,24,24,56,57,56,27,27,300,0,0,0,0,0,0,0,0,0
11.64,338.76,0.51,0.58,0.59,8.36,7.2,9.72,11.64,-2.0,-0.22,-0.09,171.7,7.2,128,1,1,559,692,676,0,671,11.64,850.7,581,29.6,30.8,0.8,2.8,2067.6,0,16.83,19.8,44.7,47.3,48.1,46.4,46.4,48.7,55.0,46.8,53.7,53.3,25.2,27.0,27.2,28.8,36,31,25,0.0,0.0,0.0,6,6,4,0,24,24,24,56,57,56,27,27,300,0,0,0,0,0,0,0,0,0
10.71,277.88,0.51,0.58,0.59,7.34,5.76,8.36,10.71,3.2,-0.2,-0.17,171.7,6.1,126,1,1,414,690,511,0,503,10.7,688.2,473,29.7,30.3,0.8,2.8,2067.6,0,16.83,19.9,45.1,47.7,47.6,46.8,46.8,49.2,55.6,47.3,53.7,53.3,25.2,27.0,27.0,28.5,34,30,25,0.2,0.0,0.0,6,6,4,0,24,24,24,57,56,56,27,27,300,0,0,0,0,0,0,0,0,0
11.58,173.48,0.51,0.58,0.59,8.78,8.24,9.18,11.57,-11.2,-0.19,-0.11,171.6,6.1,131,1,1,550,692,672,0,661,11.56,841.2,574,31.1,31.7,0.8,2.8,2067.6,0,16.83,19.8,44.7,47.3,48.2,46.4,46.4,48.7,54.9,46.7,53.7,53.3,25.2,27.0,27.1,28.7,37,32,25,0.0,0.0,0.0,6,6,4,0,24,24,24,56,57,56,27,27,300,0,0,0,0,0,0,0,0,0
11.3,140.51,0.51,0.58,0.59,8.64,8.02,8.9,11.29,-2.0,-0.18,-0.13,171.7,5.7,128,1,1,499,691,617,0,604,11.28,787.1,539,30.8,32.1,0.8,2.8,2067.6,0,16.83,19.9,44.7,47.3,46.6,46.4,46.4,48.7,55.2,47.0,53.7,53.3,25.2,27.0,27.2,28.8,37,32,25,0.0,0.0,0.0,6,6,4,0,24,24,24,56,57,55,27,27,300,0,0,0,0,0,0,0,0,0
11.7,275.76,0.51,0.58,0.59,9.32,6.98,10.42,11.74,-1.4,-0.2,-0.14,171.6,7.3,128,1,1,575,692,700,0,700,11.72,870.5,593,31.3,30.7,0.8,2.8,2067.6,0,16.83,19.8,44.6,47.3,46.2,46.3,46.3,48.7,54.9,46.8,53.7,53.2,25.2,27.0,27.2,28.7,36,31,25,0.0,-0.2,0.0,6,6,4,0,24,24,24,56,57,56,27,27,300,0,0,0,0,0,0,0,0,0
10.89,21.49,0.51,0.58,0.59,8.1,6.7,9.04,10.92,-3.4,-0.18,-0.13,171.8,6.4,128,1,1,453,691,556,0,542,10.9,732.3,497,29.2,31.1,0.8,2.8,2067.6,0,16.83,19.9,45.2,47.8,46.8,46.9,46.9,49.3,55.6,47.4,53.7,53.3,25.2,27.0,26.9,28.8,35,31,25,0.0,0.0,0.0,6,6,4,0,24,24,24,57,56,56,27,27,300,0,0,0,0,0,0,0,0,0
10.81,339.12,0.51,0.58,0.59,8.3,6.96,9.2,10.82,4.8,-0.21,-0.09,171.8,6.3,127,1,1,438,691,529,0,516,10.8,712.7,486,29.6,30.6,0.8,2.8,2067.6,0,16.83,19.9,45.1,47.7,46.6,46.8,46.9,49.2,55.6,47.4,53.7,53.2,25.2,27.0,26.9,28.5,35,30,25,0.0,0.0,0.0,6,6,4,0,24,24,24,57,56,56,27,27,300,0,0,0,0,0,0,0,0,0
10.73,342.11,0.51,0.58,0.59,7.74,6.26,8.62,10.74,6.7,-0.18,-0.12,171.8,5.8,125,1,1,418,691,514,0,506,10.72,690.9,474,30.0,30.4,0.8,2.8,2067.6,0,16.83,19.9,45.0,47.7,46.4,46.8,46.8,49.2,55.6,47.3,53.7,53.3,25.2,27.0,27.0,28.5,34,30,25,0.2,0.0,0.2,6,6,4,0,24,24,24,57,56,56,27,27,300,0,0,0,0,0,0,0,0,0
11.64,118.51,0.51,0.58,0.59,9.14,8.52,9.68,11.66,-2.5,-0.19,-0.15,171.6,6.9,128,1,1,557,691,681,0,677,11.64,853.0,582,30.4,30.7,0.8,2.8,2067.6,0,16.83,19.8,44.6,47.3,46.1,46.3,46.3,48.6,55.0,46.8,53.7,53.3,25.2,27.0,27.2,28.8,36,31,25,0.0,0.0,0.0,6,6,4,0,24,24,24,56,57,56,27,27,300,0,0,0,0,0,0,0,0,0
10.81,92.48,0.51,0.58,0.59,8.56,6.94,8.42,10.81,3.8,-0.15,-0.08,171.8,6.0,125,1,1,430,690,531,0,527,10.8,708.4,484,29.8,30.8,0.8,2.8,2067.6,0,16.83,19.9,45.0,47.6,47.7,46.7,46.7,49.1,55.5,47.3,53.7,53.3,25.2,27.0,27.0,28.7,34,30,25,0.0,0.0,0.0,6,6,4,0,24,24,24,57,56,56,27,27,300,0,0,0,0,0,0,0,0,0
10.81,58.86,0.51,0.58,0.59,8.1,6.5,8.2,10.82,3.1,-0.16,-0.13,171.8,6.3,126,1,1,428,691,531,0,526,10.8,709.2,484,31.1,31.7,0.8,2.8,2067.6,0,16.83,19.9,44.9,47.6,49.1,46.6,46.6,49.0,55.5,47.2,53.7,53.3,25.2,27.0,27.0,28.7,35,31,25,0.0,0.0,0.0,6,6,4,0,24,24,24,57,56,56,27,27,300,0,0,0,0,0,0,0,0,0
10.78,224.64,0.51,0.58,0.59,8.72,7.26,9.28,10.78,3.6,-0.19,-0.09,171.7,6.4,126,1,1,428,690,525,0,520,10.78,701.5,480,31.5,31.8,0.8,2.8,2067.6,0,16.83,19.9,44.9,47.5,47.0,46.6,46.6,49.0,55.5,47.3,53.7,53.3,25.2,27.0,27.0,28.7,35,31,25,0.0,0.0,0.0,6,6,4,0,24,24,24,56,56,56,27,27,300,0,0,0,0,0,0,0,0,0
11.15,277.49,0.51,0.58,0.59,9.84,7.46,10.02,11.18,-3.9,-0.19,-0.12,171.8,7.1,128,1,1,490,692,590,0,582,11.16,773.5,528,30.2,32.0,0.8,2.8,2067.6,0,16.83,19.9,45.3,47.9,47.7,47.0,47.0,49.4,55.7,47.4,53.6,53.2,25.2,27.0,26.9,28.6,37,32,25,0.0,0.0,0.0,6,6,4,0,24,24,24,57,55,56,27,27,300,0,0,0,0,0,0,0,0,0
11.18,283.14,0.51,0.58,0.59,9.1,7.5,9.6,11.22,0.8,-0.21,-0.15,171.8,6.6,125,1,1,489,693,601,0,588,11.2,776.1,530,31.3,32.7,0.8,2.8,2067.6,0,16.83,20.0,45.3,48.0,48.9,47.1,47.1,49.5,55.7,47.4,53.7,53.2,25.2,27.0,26.9,28.7,37,33,25,0.0,0.0,0.0,6,6,4,0,24,24,24,57,55,56,27,27,300,0,0,0,0,0,0,0,0,0
10.95,191.88,0.51,0.58,0.59,8.24,7.12,8.72,10.99,4.7,-0.19,-0.11,171.7,6.4,127,1,1,459,691,552,0,546,10.96,731.6,501,33.5,33.6,0.8,2.8,2067.6,0,16.83,19.9,44.7,47.4,47.8,46.5,46.5,48.8,55.3,47.1,53.7,53.2,25.2,26.9,27.0,28.7,37,33,25,0.0,-0.2,0.2,6,6,4,0,24,24,24,56,57,55,26,26,300,0,0,0,0,0,0,0,0,0
10.74,35.64,0.51,0.58,0.59,9.46,7.74,9.96,10.76,1.2,-0.19,-0.14,171.8,6.0,127,1,1,429,691,517,-2,518,10.74,701.9,478,29.4,30.7,0.8,2.8,2067.6,0,16.83,19.9,45.1,47.7,48.8,46.9,46.9,49.2,55.6,47.3,53.7,53.3,25.2,27.0,26.9,28.5,34,30,25,0.0,0.0,-0.2,6,6,4,0,24,24,24,57,56,55,27,27,300,0,0,0,0,0,0,0,0,0
10.77,3.38,0.51,0.58,0.59,7.78,6.12,8.24,10.78,0.8,-0.18,-0.14,171.8,6.0,126,1,1,428,691,528,0,521,10.76,702.4,480,31.9,31.6,0.8,2.8,2067.6,0,16.83,19.9,44.9,47.6,45.9,46.6,46.6,49.0,55.5,47.3,53.7,53.3,25.2,27.0,27.0,28.7,35,31,25,0.2,0.0,0.0,6,6,4,0,24,24,24,56,56,56,27,27,300,0,0,0,0,0,0,0,0,0
10.8,158.36,0.51,0.58,0.59,8.42,7.42,8.96,10.79,7.4,-0.19,-0.15,171.7,6.4,124,1,1,429,690,523,0,524,10.78,704.9,482,30.5,30.5,0.8,2.8,2067.6,0,16.83,19.9,45.0,47.6,46.7,46.7,46.7,49.1,55.6,47.3,53.7,53.3,25.2,27.0,27.0,28.7,34,30,25,-0.2,0.0,0.0,6,6,4,0,24,24,24,56,56,56,27,27,300,0,0,0,0,0,0,0,0,0
10.89,308.12,0.51,0.58,0.59,7.68,6.7,8.74,10.89,-0.6,-0.19,-0.13,171.8,6.9,128,1,1,445,692,541,-2,530,10.88,725.1,493,30.1,31.1,0.8,2.8,2067.6,0,16.83,19.9,45.2,47.8,46.4,46.9,46.9,49.3,55.6,47.4,53.7,53.3,25.2,27.0,26.9,28.7,35,31,25,0.0,0.0,0.0,6,6,4,0,24,24,24,56,56,56,27,27,300,0,0,0,0,0,0,0,0,0
11.58,350.24,0.51,0.58,0.59,8.9,7.26,9.82,11.6,0.5,-0.24,-0.16,171.8,7.4,127,1,1,548,692,672,0,659,11.58,843.2,574,29.9,30.7,0.8,2.8,2067.6,0,16.83,19.8,44.7,47.3,48.4,46.4,46.4,48.7,55.0,46.8,53.7,53.3,25.2,27.0,27.1,28.8,36,31,25,0.0,0.0,0.0,6,6,4,0,24,24,24,57,57,55,27,27,300,0,0,0,0,0,0,0,0,0
10.89,144.11,0.51,0.58,0.59,7.84,6.9,7.92,10.93,-5.9,-0.19,-0.12,171.8,5.3,129,1,1,446,692,538,0,530,10.88,722.0,493,28.8,30.9,0.8,2.8,2067.6,0,16.83,19.9,45.2,47.8,47.3,46.9,46.9,49.3,55.6,47.4,53.7,53.3,25.2,27.0,26.9,28.7,35,31,25,0.0,0.2,0.0,6,6,4,0,24,24,24,56,56,56,27,27,300,0,0,0,0,0,0,0,0,0
11.13,152.75,0.51,0.58,0.59,7.56,7.2,7.78,11.15,-1.3,-0.2,-0.14,171.8,5.9,128,1,1,480,692,590,0,586,11.12,763.0,521,31.6,32.1,0.8,2.8,2067.6,0,16.83,19.9,45.2,47.9,46.9,47.0,47.0,49.4,55.7,47.4,53.7,53.2,25.2,27.0,26.9,28.7,36,32,25,0.0,0.2,0.0,6,6,4,0,24,24,24,57,56,55,27,27,300,0,0,0,0,0,0,0,0,0
11.25,28.12,0.51,0.58,0.59,9.9,8.28,10.56,11.27,1.8,-0.19,-0.12,171.7,6.4,127,1,1,493,691,607,0,595,11.22,784.1,535,30.1,32.3,0.8,2.8,2067.6,0,16.83,19.8,44.7,47.3,45.9,46.4,46.4,48.7,55.2,47.0,53.7,53.3,25.2,26.9,27.2,28.7,37,32,25,0.0,0.0,-0.2,6,6,4,0,24,24,24,57,57,55,26,26,300,0,0,0,0,0,0,0,0,0
10.92,280.62,0.51,0.58,0.59,9.14,7.34,9.9,10.92,-2.1,-0.2,-0.16,171.7,6.4,129,1,1,447,690,550,0,537,10.9,725.1,496,32.1,33.0,0.8,2.8,2067.6,0,16.83,19.9,44.8,47.4,48.8,46.5,46.5,48.8,55.3,47.1,53.7,53.3,25.2,26.9,27.0,28.7,37,32,25,0.0,0.0,0.0,6,6,4,0,24,24,24,56,57,56,26,26,300,0,0,0,0,0,0,0,0,0
11.41,263.02,0.51,0.58,0.59,9.64,7.36,10.84,11.42,1.1,-0.16,-0.16,171.6,6.8,127,1,1,520,691,638,0,633,11.38,808.9,554,30.1,31.1,0.8,2.8,2067.6,0,16.83,19.8,44.7,47.3,48.6,46.4,46.4,48.7,55.0,46.9,53.7,53.2,25.2,27.0,27.1,28.8,36,31,25,0.0,-0.2,0.0,6,6,4,0,24,24,24,56,57,56,27,27,300,0,0,0,0,0,0,0,0,0
11.04,322.13,0.51,0.58,0.59,9.06,6.88,10.4,11.06,-1.5,-0.19,-0.12,171.7,7.3,128,1,1,460,691,568,0,558,11.02,743.2,508,32.3,33.0,0.8,2.8,2067.6,0,16.83,19.8,44.7,47.4,48.6,46.5,46.4,48.8,55.2,47.0,53.7,53.3,25.2,27.0,27.1,28.7,37,33,25,0.0,0.0,0.0,6,6,4,0,24,24,24,56,57,55,27,27,300,0,0,0,0,0,0,0,0,0
11.48,23.76,0.51,0.58,0.59,8.14,6.82,9.38,11.52,3.4,-0.18,-0.12,171.7,6.7,127,1,1,531,692,654,0,636,11.48,823.9,564,29.8,30.7,0.8,2.8,2067.6,0,16.83,19.8,44.6,47.3,48.4,46.4,46.4,48.7,55.0,46.8,53.7,53.3,25.2,27.0,27.2,28.8,36,31,25,0.0,0.2,0.4,6,6,4,0,24,24,24,56,57,56,27,27,300,0,0,0,0,0,0,0,0,0
11.07,199.01,0.51,0.58,0.59,7.66,6.9,8.12,11.08,-2.0,-0.15,-0.15,171.7,7.0,128,1,1,471,692,583,0,576,11.08,758.2,517,30.7,32.0,0.8,2.8,2067.6,0,16.83,19.9,45.3,47.9,48.5,47.0,47.0,49.4,55.7,47.4,53.7,53.2,25.2,27.0,26.9,28.7,36,32,25,0.0,0.0,0.4,6,6,4,0,24,24,24,57,55,56,27,27,300,0,0,0,0,0,0,0,0,0
10.95,289.01,0.51,0.58,0.59,8.52,6.68,9.46,10.98,3.3,-0.21,-0.16,171.7,6.4,128,1,1,455,690,550,0,544,10.92,732.2,500,32.0,33.3,0.8,2.8,2067.6,0,16.83,19.8,44.7,47.4,46.6,46.5,46.4,48.8,55.3,47.1,53.7,53.2,25.2,26.9,27.0,28.7,37,33,25,0.0,0.0,0.0,6,6,4,0,24,24,24,56,57,56,26,26,300,0,0,0,0,0,0,0,0,0
11.69,345.89,0.51,0.58,0.59,8.54,7.04,10.18,11.72,-1.1,-0.2,-0.16,171.6,6.9,128,1,1,570,692,700,0,696,11.68,869.3,591,30.4,30.6,0.8,2.8,2067.6,0,16.83,19.8,44.6,47.3,46.9,46.3,46.3,48.7,54.9,46.8,53.7,53.2,25.2,27.0,27.2,28.7,36,31,25,0.0,0.2,0.2,6,6,4,0,24,24,24,56,57,56,27,27,300,0,0,0,0,0,0,0,0,0
10.85,119.99,0.51,0.58,0.59,8.92,7.34,9.24,10.87,1.3,-0.17,-0.09,171.7,5.2,126,1,1,442,690,543,0,525,10.84,715.0,490,31.1,31.9,0.8,2.8,2067.6,0,16.83,19.9,44.9,47.5,46.3,46.6,46.6,49.0,55.5,47.2,53.7,53.3,25.2,27.0,27.0,28.7,35,31,25,-0.4,0.0,0.0,6,6,4,0,24,24,24,56,56,56,27,27,300,0,0,0,0,0,0,0,0,0
10.66,323.89,0.51,0.58,0.59,7.46,6.02,8.36,10.66,5.4,-0.19,-0.11,171.8,6.2,125,1,1,421,691,510,0,500,10.64,689.0,468,29.2,30.3,0.8,2.8,2067.6,0,16.83,19.9,45.1,47.7,48.2,46.8,46.8,49.2,55.6,47.3,53.7,53.3,25.2,27.0,27.0,28.5,34,30,25,0.2,0.0,0.0,6,6,4,0,24,24,24,56,56,56,27,27,300,0,0,0,0,0,0,0,0,0
10.8,102.13,0.51,0.58,0.59,8.56,6.98,8.46,10.81,5.5,-0.18,-0.15,171.8,5.9,125,1,1,432,690,526,0,523,10.78,707.1,482,30.3,30.2,0.8,2.8,2067.6,0,16.83,19.9,45.0,47.7,48.2,46.8,46.8,49.2,55.6,47.3,53.7,53.3,25.2,27.0,27.0,28.6,34,30,25,0.0,0.0,0.0,6,6,4,0,24,24,24,57,56,56,27,27,300,0,0,0,0,0,0,0,0,0
11.56,349.49,0.51,0.58,0.59,10.34,7.58,11.64,11.56,-2.3,-0.2,-0.12,171.6,7.5,128,1,1,545,692,663,0,655,11.56,837.1,573,29.4,31.1,0.8,2.8,2067.6,0,16.83,19.8,44.7,47.3,48.1,46.4,46.4,48.7,54.9,46.8,53.7,53.3,25.2,27.0,27.1,28.7,36,32,25,0.0,0.3,0.0,6,6,4,0,24,24,24,56,58,56,27,27,300,0,0,0,0,0,0,0,0,0
11.52,312.01,0.51,0.58,0.59,9.92,8.0,10.98,11.53,-12.6,-0.22,-0.15,171.7,8.2,132,1,1,547,692,664,-2,655,11.52,836.0,571,30.7,31.6,0.8,2.8,2067.6,0,16.83,19.8,44.7,47.3,47.5,46.4,46.4,48.7,54.9,46.7,53.7,53.3,25.2,27.0,27.1,28.7,37,32,25,0.0,0.0,0.0,6,6,4,0,24,24,24,56,57,56,27,27,300,0,0,0,0,0,0,0,0,0
10.92,254.88,0.51,0.58,0.59,8.36,6.98,9.3,10.95,-3.5,-0.17,-0.15,171.7,7.0,129,1,1,450,690,552,0,540,10.92,732.5,499,32.1,33.1,0.8,2.8,2067.6,0,16.83,19.9,44.8,47.4,48.3,46.5,46.5,48.8,55.3,47.1,53.7,53.2,25.2,26.9,27.0,28.7,37,32,25,0.2,0.0,0.0,6,6,4,0,24,24,24,56,57,56,26,26,300,0,0,0,0,0,0,0,0,0
11.13,130.5,0.51,0.58,0.59,8.08,7.1,8.08,11.14,-0.5,-0.2,-0.12,171.8,6.0,128,1,1,473,691,586,0,579,11.1,761.2,518,29.5,31.3,0.8,2.8,2067.6,0,16.83,19.9,45.2,47.9,47.7,47.0,47.0,49.3,55.6,47.4,53.7,53.3,25.2,27.0,26.9,28.8,36,31,25,0.0,0.2,0.0,6,6,4,0,24,24,24,57,56,56,27,27,300,0,0,0,0,0,0,0,0,0
11.52,307.76,0.51,0.58,0.59,9.44,7.52,10.34,11.53,-1.8,-0.18,-0.16,171.6,6.7,128,1,1,540,692,663,0,648,11.52,834.1,569,30.4,31.4,0.8,2.8,2067.6,0,16.83,19.8,44.7,47.3,47.7,46.4,46.4,48.7,54.9,46.8,53.7,53.3,25.2,27.0,27.2,28.7,36,32,25,0.0,0.0,0.0,6,6,4,0,24,24,24,56,57,56,27,27,300,0,0,0,0,0,0,0,0,0
11.39,126.25,0.51,0.58,0.59,8.44,8.14,8.9,11.42,-1.1,-0.18,-0.15,171.6,6.8,128,1,1,521,691,636,0,634,11.4,812.0,554,29.5,31.1,0.8,2.8,2067.6,0,16.83,19.8,44.6,47.3,46.0,46.4,46.3,48.7,55.0,46.9,53.7,53.2,25.2,27.0,27.1,28.8,36,31,25,0.0,0.0,0.0,6,6,4,0,24,24,24,56,57,56,27,27,300,0,0,0,0,0,0,0,0,0
11.41,142.63,0.51,0.58,0.59,8.7,8.6,9.14,11.42,1.5,-0.21,-0.11,171.7,6.2,126,1,1,524,691,636,0,635,11.4,812.0,554,28.9,31.3,0.8,2.8,2067.6,0,16.83,19.9,44.7,47.3,48.2,46.4,46.4,48.7,55.1,46.9,53.7,53.3,25.2,27.0,27.1,28.8,36,32,25,-0.2,0.0,0.0,6,6,4,0,24,24,24,56,57,56,27,27,300,0,0,0,0,0,0,0,0,0
10.81,91.62,0.51,0.58,0.59,9.16,6.94,8.94,10.84,1.8,-0.2,-0.15,171.8,6.2,126,1,1,437,691,537,0,520,10.82,711.2,487,31.7,31.9,0.8,2.8,2067.6,0,16.83,19.9,44.8,47.5,46.7,46.6,46.6,48.9,55.5,47.2,53.7,53.3,25.2,27.0,27.0,28.7,35,31,25,0.0,0.0,-0.2,6,6,4,0,24,24,24,57,56,56,27,27,300,0,0,0,0,0,0,0,0,0
10.76,110.88,0.51,0.58,0.59,8.24,6.62,8.34,10.77,5.2,-0.15,-0.17,171.7,5.8,125,1,1,429,691,525,0,517,10.74,700.4,479,31.6,32.4,0.8,2.8,2067.6,0,16.83,19.9,44.9,47.5,47.6,46.6,46.6,48.9,55.4,47.2,53.7,53.2,25.2,27.0,27.0,28.7,36,31,25,0.0,0.0,0.0,6,6,4,0,24,24,24,56,56,56,27,27,300,0,0,0,0,0,0,0,0,0
10.88,282.89,0.51,0.58,0.59,9.04,7.52,9.88,10.88,2.8,-0.17,-0.16,171.8,6.0,128,1,1,446,691,540,0,533,10.88,724.5,494,29.8,30.9,0.8,2.8,2067.6,0,16.83,19.9,45.2,47.8,46.7,46.9,46.9,49.3,55.6,47.4,53.7,53.3,25.2,27.0,26.9,28.7,35,31,25,0.0,-0.2,-0.2,6,6,4,0,24,24,24,57,56,56,27,27,300,0,0,0,0,0,0,0,0,0
11.2,100.26,0.51,0.58,0.59,8.64,7.68,8.58,11.2,1.1,-0.17,-0.18,171.8,5.4,126,1,1,488,692,595,0,584,11.18,774.4,529,30.9,32.5,0.8,2.8,2067.6,0,16.83,19.9,45.3,48.0,47.4,47.1,47.1,49.4,55.7,47.4,53.6,53.2,25.2,27.0,26.9,28.7,37,33,25,0.0,0.0,0.0,6,6,4,0,24,24,24,57,55,56,27,27,300,0,0,0,0,0,0,0,0,0
10.76,304.88,0.51,0.58,0.59,8.28,6.4,8.84,10.8,0.7,-0.21,-0.1,171.7,7.1,125,1,1,430,691,523,0,519,10.76,705.6,480,28.9,30.4,0.8,2.8,2067.6,0,16.83,19.9,45.0,47.7,46.9,46.8,46.8,49.2,55.6,47.3,53.7,53.3,25.2,27.0,27.0,28.6,34,30,25,0.0,0.0,0.0,6,6,4,0,24,24,24,57,56,56,27,27,300,0,0,0,0,0,0,0,0,0
10.78,37.51,0.51,0.58,0.59,8.54,6.72,9.02,10.79,6.0,-0.14,-0.14,171.8,6.5,125,1,1,430,690,529,0,522,10.78,702.6,482,30.3,30.2,0.8,2.8,2067.6,0,16.83,19.9,45.1,47.7,48.6,46.8,46.8,49.2,55.6,47.3,53.7,53.3,25.2,27.0,27.0,28.6,34,30,25,0.0,0.0,0.0,6,6,4,0,24,24,24,57,56,56,27,27,300,0,0,0,0,0,0,0,0,0
11.1,265.61,0.51,0.58,0.59,8.4,7.0,9.46,11.09,-0.3,-0.2,-0.13,171.8,6.6,128,1,1,470,692,584,0,575,11.08,757.5,517,31.3,31.9,0.8,2.8,2067.6,0,16.83,19.9,45.3,47.9,48.8,47.0,47.0,49.4,55.7,47.4,53.7,53.2,25.2,27.0,26.9,28.7,36,32,25,0.0,0.0,0.0,6,6,4,0,24,24,24,57,56,56,27,27,300,0,0,0,0,0,0,0,0,0
11.49,159.77,0.51,0.58,0.59,8.02,7.9,8.26,11.48,-1.1,-0.2,-0.18,171.6,7.2,128,1,1,526,691,642,0,627,11.46,818.6,560,28.5,30.8,0.8,2.8,2067.6,0,16.83,19.8,44.7,47.3,48.5,46.4,46.4,48.7,55.0,46.9,53.7,53.3,25.2,27.0,27.1,28.8,36,31,25,0.0,0.2,0.0,6,6,4,0,24,24,24,56,57,55,27,27,300,0,0,0,0,0,0,0,0,0
11.39,268.38,0.51,0.58,0.59,8.3,6.58,9.3,11.39,2.1,-0.16,-0.19,171.6,7.9,126,1,1,518,691,639,0,634,11.4,812.3,553,29.0,31.3,0.8,2.8,2067.6,0,16.83,19.9,44.6,47.3,46.4,46.4,46.3,48.7,55.1,46.9,53.7,53.3,25.2,27.0,27.1,28.8,36,32,25,0.0,-0.1,0.2,6,6,4,0,24,24,24,56,57,56,27,27,300,0,0,0,0,0,0,0,0,0
11.46,143.24,0.51,0.58,0.59,9.1,8.92,9.38,11.48,-0.2,-0.23,-0.15,171.6,6.5,127,1,1,528,691,645,0,646,11.44,816.5,558,30.4,31.0,0.8,2.8,2067.6,0,16.83,19.8,44.7,47.3,48.8,46.4,46.4,48.7,55.0,46.8,53.7,53.2,25.2,27.0,27.2,28.8,36,31,25,0.0,0.0,0.0,6,6,4,0,24,24,24,56,57,56,27,27,300,0,0,0,0,0,0,0,0,0
10.78,335.74,0.51,0.58,0.59,7.9,6.38,8.86,10.78,-1.6,-0.19,-0.09,171.8,6.9,126,1,1,428,691,528,0,520,10.76,701.6,480,30.8,31.2,0.8,2.8,2067.6,0,16.83,19.9,44.9,47.6,48.2,46.7,46.7,49.0,55.5,47.3,53.7,53.3,25.2,27.0,27.0,28.7,35,31,25,0.0,0.0,0.0,6,6,4,0,24,24,24,57,56,56,27,27,300,0,0,0,0,0,0,0,0,0
11.19,191.99,0.51,0.58,0.59,8.1,7.64,8.16,11.2,-5.9,-0.17,-0.12,171.8,7.7,128,1,1,487,692,596,0,582,11.18,775.0,528,31.5,32.1,0.8,2.8,2067.6,0,16.83,19.9,45.3,48.0,48.2,47.1,47.1,49.4,55.7,47.4,53.7,53.3,25.2,27.0,26.9,28.5,37,32,25,0.0,0.0,0.0,6,6,4,0,24,24,24,57,56,56,27,27,300,0,0,0,0,0,0,0,0,0
11.39,280.26,0.51,0.58,0.59,8.34,6.64,9.4,11.43,-0.5,-0.18,-0.09,171.6,6.9,127,1,1,524,691,641,0,641,11.42,814.9,556,28.6,30.6,0.8,2.8,2067.6,0,16.83,19.8,44.6,47.3,47.1,46.4,46.4,48.7,55.0,46.8,53.7,53.2,25.2,27.0,27.2,28.8,36,31,25,0.2,0.0,0.2,6,6,4,0,24,24,24,56,57,56,27,27,300,0,0,0,0,0,0,0,0,0
11.25,95.76,0.51,0.58,0.59,8.46,7.36,8.94,11.27,0.0,-0.17,-0.12,171.8,5.8,127,1,1,498,691,605,0,599,11.28,784.6,536,31.0,32.4,0.8,2.8,2067.6,0,16.83,19.9,44.7,47.4,46.8,46.4,46.4,48.7,55.2,47.0,53.7,53.3,25.2,26.9,27.2,28.8,37,32,25,0.0,0.2,0.0,6,6,4,0,24,24,24,56,57,55,26,26,300,0,0,0,0,0,0,0,0,0
10.76,212.87,0.51,0.58,0.59,7.94,7.1,9.38,10.78,4.0,-0.14,-0.13,171.7,5.8,126,1,1,431,691,526,0,520,10.76,705.2,480,32.5,32.3,0.8,2.8,2067.6,0,16.83,19.9,44.8,47.5,46.6,46.6,46.6,48.9,55.4,47.2,53.7,53.3,25.2,27.0,27.0,28.7,35,31,25,0.0,0.0,0.2,6,6,4,0,24,24,24,57,56,56,27,27,300,0,0,0,0,0,0,0,0,0
10.74,304.13,0.51,0.58,0.59,8.58,6.76,9.3,10.74,1.3,-0.24,-0.15,171.7,5.9,126,1,1,430,691,517,0,514,10.72,702.7,477,32.0,32.4,0.8,2.8,2067.6,0,16.83,19.9,44.8,47.5,47.0,46.6,46.5,48.9,55.5,47.2,53.7,53.3,25.2,27.0,27.0,28.7,36,32,25,0.0,0.0,0.0,6,6,4,0,24,24,24,57,56,56,27,27,300,0,0,0,0,0,0,0,0,0
11.18,143.39,0.51,0.58,0.59,8.94,7.86,9.18,11.21,-1.4,-0.2,-0.16,171.7,6.7,127,1,1,488,692,599,0,583,11.16,774.0,529,29.7,31.8,0.8,2.8,2067.6,0,16.83,19.9,45.3,48.0,47.7,47.0,47.1,49.4,55.7,47.4,53.7,53.2,25.2,27.0,26.9,28.6,37,32,25,0.0,0.0,0.0,6,6,4,0,24,24,24,57,55,56,27,27,300,0,0,0,0,0,0,0,0,0
11.1,38.63,0.51,0.58,0.59,9.76,8.16,10.34,11.1,1.0,-0.19,-0.15,171.8,6.4,128,1,1,473,692,581,0,575,11.08,754.5,517,30.5,31.7,0.8,2.8,2067.6,0,16.83,19.9,45.2,47.9,46.6,47.0,47.0,49.4,55.7,47.4,53.7,53.2,25.2,27.0,26.9,28.7,36,32,25,0.0,0.0,-0.2,6,6,4,0,24,24,24,57,56,56,27,27,300,0,0,0,0,0,0,0,0,0
11.27,94.75,0.51,0.58,0.59,7.62,6.8,7.84,11.27,-1.3,-0.21,-0.13,171.7,7.3,128,1,1,493,691,605,0,594,11.24,779.6,534,31.5,32.2,0.8,2.8,2067.6,0,16.83,19.9,44.7,47.4,48.2,46.4,46.4,48.7,55.2,47.0,53.7,53.2,25.2,26.9,27.2,28.8,37,32,25,0.0,0.2,0.0,6,6,4,0,24,24,24,56,57,55,26,26,300,0,0,0,0,0,0,0,0,0
11.63,195.98,0.51,0.58,0.59,8.26,7.62,8.66,11.66,-3.9,-0.2,-0.16,171.6,7.6,129,1,1,564,692,688,-2,686,11.64,856.3,585,30.7,30.9,0.8,2.8,2067.6,0,16.83,19.8,44.6,47.3,47.1,46.4,46.4,48.7,54.9,46.8,53.7,53.2,25.2,27.0,27.2,28.7,36,31,25,0.0,-0.2,0.2,6,6,4,0,24,24,24,56,57,55,27,27,300,0,0,0,0,0,0,0,0,0
10.73,92.12,0.51,0.58,0.59,8.08,6.46,8.04,10.75,-2.6,-0.2,-0.15,171.8,7.2,127,1,1,422,691,513,0,511,10.72,693.2,475,30.9,32.4,0.8,2.8,2067.6,0,16.83,19.9,44.8,47.5,46.2,46.5,46.5,48.9,55.4,47.2,53.7,53.3,25.2,27.0,27.0,28.7,36,32,25,0.0,0.0,0.0,6,6,4,0,24,24,24,57,56,56,27,27,300,0,0,0,0,0,0,0,0,0
10.69,131.87,0.51,0.58,0.59,7.6,6.2,8.04,10.71,6.9,-0.19,-0.14,171.8,5.2,126,1,1,417,691,510,0,505,10.68,691.7,472,29.6,30.5,0.8,2.8,2067.6,0,16.83,19.9,45.1,47.7,46.4,46.8,46.8,49.2,55.6,47.3,53.7,53.3,25.2,27.0,26.9,28.5,34,30,25,0.0,0.0,0.2,6,6,4,0,24,24,24,57,56,56,27,27,300,0,0,0,0,0,0,0,0,0
11.19,326.12,0.51,0.58,0.59,9.72,7.74,10.1,11.2,-4.3,-0.18,-0.07,171.8,7.0,128,1,1,487,691,599,0,583,11.18,773.3,528,29.8,31.9,0.8,2.8,2067.6,0,16.83,19.9,45.3,48.0,47.2,47.0,47.0,49.4,55.7,47.4,53.7,53.3,25.2,27.0,26.9,28.5,37,32,25,0.0,0.0,0.0,6,6,4,0,24,24,24,57,55,56,27,27,300,0,0,0,0,0,0,0,0,0
11.22,73.37,0.51,0.58,0.59,7.86,6.84,8.58,11.27,-1.2,-0.21,-0.17,171.7,5.9,127,1,1,502,691,608,0,598,11.24,783.4,536,32.4,32.6,0.8,2.8,2067.6,0,16.83,19.9,44.7,47.4,47.2,46.4,46.4,48.7,55.2,47.0,53.7,53.2,25.2,27.0,27.2,28.8,37,32,25,0.0,0.2,0.0,6,6,4,0,24,24,24,57,57,55,27,27,300,0,0,0,0,0,0,0,0,0
10.86,89.14,0.51,0.58,0.59,8.2,6.8,8.36,10.87,2.2,-0.19,-0.13,171.8,6.7,126,1,1,438,691,538,0,523,10.84,713.4,489,31.6,32.0,0.8,2.8,2067.6,0,16.83,19.9,44.9,47.5,47.7,46.6,46.6,49.0,55.5,47.2,53.7,53.3,25.2,27.0,27.0,28.7,35,31,25,0.0,0.0,0.0,6,6,4,0,24,24,24,56,56,56,27,27,300,0,0,0,0,0,0,0,0,0
10.92,214.49,0.51,0.58,0.59,8.32,7.1,9.34,10.92,-3.6,-0.17,-0.12,171.7,7.2,128,1,1,449,690,541,0,533,10.9,722.5,494,31.6,32.8,0.8,2.8,2067.6,0,16.83,19.9,44.8,47.4,46.1,46.5,46.5,48.8,55.4,47.1,53.7,53.3,25.2,27.0,27.0,28.7,36,32,25,0.0,-0.2,0.2,6,6,4,0,24,24,24,56,56,56,27,27,300,0,0,0,0,0,0,0,0,0
11.43,74.63,0.51,0.58,0.59,8.88,8.28,9.48,11.46,1.2,-0.14,-0.11,171.7,6.8,127,1,1,527,692,650,0,646,11.42,821.9,559,30.3,31.2,0.8,2.8,2067.6,0,16.83,19.8,44.6,47.3,47.5,46.4,46.4,48.7,55.0,46.9,53.7,53.2,25.2,27.0,27.2,28.8,36,31,25,0.0,0.0,-0.2,6,6,4,0,24,24,24,56,57,56,27,27,300,0,0,0,0,0,0,0,0,0
10.78,141.88,0.51,0.58,0.59,7.64,6.52,8.16,10.81,0.2,-0.18,-0.16,171.8,6.4,125,1,1,428,691,528,0,522,10.78,704.4,481,32.0,31.3,0.8,2.8,2067.6,0,16.83,19.9,44.9,47.6,47.2,46.7,46.6,49.0,55.5,47.3,53.7,53.3,25.2,27.0,27.0,28.7,35,30,25,0.0,0.1,0.0,6,6,4,0,24,24,24,57,56,55,27,27,300,0,0,0,0,0,0,0,0,0
10.78,231.62,0.51,0.58,0.59,8.52,7.34,9.86,10.8,2.3,-0.17,-0.12,171.8,6.5,125,1,1,427,690,528,0,523,10.78,705.9,482,29.1,30.0,0.8,2.8,2067.6,0,16.83,19.9,45.0,47.7,46.6,46.7,46.8,49.1,55.6,47.3,53.7,53.3,25.2,27.0,27.0,28.6,34,30,25,0.0,-0.2,0.0,6,6,4,0,24,24,24,56,56,56,27,27,300,0,0,0,0,0,0,0,0,0
10.89,341.75,0.51,0.58,0.59,8.36,6.98,9.34,10.9,2.5,-0.22,-0.11,171.8,6.4,128,1,1,446,691,546,0,532,10.88,721.6,493,29.0,31.0,0.8,2.8,2067.6,0,16.83,19.9,45.2,47.8,46.5,46.9,46.9,49.3,55.6,47.4,53.7,53.3,25.2,27.0,26.9,28.7,35,31,25,0.0,0.0,0.0,6,6,4,0,24,24,24,57,56,56,27,27,300,0,0,0,0,0,0,0,0,0
11.73,213.26,0.51,0.58,0.59,9.08,8.14,9.44,11.75,0.2,-0.15,-0.12,171.6,7.5,128,1,1,575,692,699,0,703,11.74,869.4,594,29.1,30.2,0.8,2.8,2067.6,0,16.83,19.8,44.6,47.3,47.8,46.4,46.4,48.7,54.9,46.8,53.7,53.3,25.2,27.0,27.1,28.8,36,31,25,0.0,-0.4,0.0,6,6,4,0,24,24,24,56,57,55,27,27,300,0,0,0,0,0,0,0,0,0
11.41,141.12,0.51,0.58,0.59,9.56,9.0,9.82,11.4,-4.1,-0.19,-0.17,171.5,6.8,132,1,1,520,692,633,-2,635,11.38,805.9,552,30.5,31.9,0.8,2.8,2067.6,0,16.83,19.8,44.7,47.3,48.0,46.4,46.4,48.7,54.9,46.7,53.7,53.3,25.2,27.0,27.1,28.7,37,32,25,-0.2,0.0,0.0,6,6,4,0,24,24,24,56,57,56,27,27,300,0,0,0,0,0,0,0,0,0
10.83,186.77,0.51,0.58,0.59,8.32,7.78,9.3,10.85,2.5,-0.17,-0.12,171.7,6.1,125,1,1,435,691,532,0,517,10.82,713.6,487,30.4,31.0,0.8,2.8,2067.6,0,16.83,19.9,45.0,47.6,48.0,46.7,46.7,49.1,55.5,47.3,53.7,53.3,25.2,27.0,27.0,28.8,34,30,25,-0.2,0.0,0.0,6,6,4,0,24,24,24,57,56,56,27,27,300,0,0,0,0,0,0,0,0,0
10.78,221.36,0.51,0.58,0.59,7.2,6.62,9.08,10.83,-1.2,-0.15,-0.15,171.7,6.7,126,1,1,438,691,529,-2,532,10.8,712.6,485,30.5,31.9,0.8,2.8,2067.6,0,16.83,19.9,44.9,47.5,48.6,46.6,46.6,49.0,55.4,47.2,53.7,53.3,25.2,27.0,27.0,28.7,35,31,25,0.0,0.0,0.2,6,6,4,0,24,24,24,57,56,56,27,27,300,0,0,0,0,0,0,0,0,0
11.6,344.12,0.51,0.58,0.59,8.22,6.7,9.5,11.63,-11.2,-0.26,-0.12,171.7,7.8,130,1,1,549,692,676,0,664,11.6,845.9,577,31.9,31.4,0.8,2.8,2067.6,0,16.83,19.8,44.7,47.3,47.9,46.4,46.4,48.7,54.9,46.8,53.7,53.3,25.2,27.0,27.1,28.7,37,32,25,0.0,0.1,0.4,6,6,4,0,24,24,24,57,57,55,27,27,300,0,0,0,0,0,0,0,0,0
11.77,205.74,0.51,0.58,0.59,8.52,7.72,8.82,11.8,-5.1,-0.15,-0.09,171.6,7.6,129,1,1,577,692,700,0,686,11.76,871.0,596,30.8,30.4,0.8,2.8,2067.6,0,16.83,19.8,44.6,47.3,47.6,46.4,46.4,48.7,54.9,46.8,53.7,53.3,25.2,27.0,27.2,28.8,36,31,25,0.2,-0.2,0.4,6,6,4,0,24,24,24,56,57,55,27,27,300,0,0,0,0,0,0,0,0,0
10.74,164.48,0.51,0.58,0.59,8.4,7.24,8.94,10.76,6.3,-0.19,-0.09,171.8,5.6,126,1,1,421,691,520,0,516,10.74,696.6,477,30.3,30.5,0.8,2.8,2067.6,0,16.83,19.9,45.1,47.7,46.5,46.8,46.8,49.2,55.6,47.3,53.7,53.3,25.2,27.0,26.9,28.5,34,30,25,-0.2,0.0,0.0,6,6,4,0,24,24,24,57,56,55,27,27,300,0,0,0,0,0,0,0,0,0
11.18,350.64,0.51,0.58,0.59,8.16,6.9,9.04,11.19,-1.7,-0.19,-0.13,171.8,6.8,126,1,1,489,692,590,0,580,11.16,770.1,527,31.2,32.5,0.8,2.8,2067.6,0,16.83,19.9,45.3,48.0,46.6,47.0,47.0,49.4,55.7,47.4,53.7,53.3,25.2,27.0,26.9,28.6,37,32,25,0.0,0.2,0.0,6,6,4,0,24,24,24,57,56,56,27,27,300,0,0,0,0,0,0,0,0,0
11.4,349.38,0.51,0.58,0.59,9.56,7.24,10.86,11.38,-3.7,-0.16,-0.11,171.7,6.5,128,1,1,522,691,630,0,631,11.36,810.4,553,29.6,31.0,0.8,2.8,2067.6,0,16.83,19.8,44.7,47.3,48.0,46.4,46.4,48.7,55.0,46.9,53.7,53.2,25.2,27.0,27.1,28.8,36,31,25,0.0,0.0,0.0,6,6,4,0,24,24,24,56,57,55,27,27,300,0,0,0,0,0,0,0,0,0
11.56,58.86,0.51,0.58,0.59,8.66,7.68,9.62,11.57,-2.8,-0.18,-0.16,171.7,6.5,128,1,1,545,692,667,0,657,11.56,840.1,573,29.6,31.3,0.8,2.8,2067.6,0,16.83,19.8,44.6,47.3,46.8,46.4,46.4,48.7,54.9,46.8,53.7,53.3,25.2,27.0,27.1,28.7,36,32,25,0.0,0.3,-0.2,6,6,4,0,24,24,24,56,58,56,27,27,300,0,0,0,0,0,0,0,0,0
11.41,92.02,0.51,0.58,0.59,9.02,8.66,9.22,11.43,4.4,-0.14,-0.09,171.7,5.7,126,1,1,525,691,641,0,640,11.42,814.5,556,28.8,31.3,0.8,2.8,2067.6,0,16.83,19.9,44.7,47.3,48.4,46.4,46.4,48.7,55.1,46.9,53.7,53.3,25.2,27.0,27.2,28.8,36,32,25,0.0,0.2,-0.2,6,6,4,0,24,24,24,56,57,56,27,27,300,0,0,0,0,0,0,0,0,0
11.51,161.89,0.51,0.58,0.59,7.7,7.84,7.82,11.54,0.0,-0.15,-0.11,171.5,7.4,127,1,1,536,692,654,0,642,11.52,828.9,566,28.1,30.6,0.8,2.8,2067.6,0,16.83,19.8,44.6,47.3,47.0,46.4,46.4,48.7,55.0,46.8,53.7,53.3,25.2,27.0,27.2,28.8,36,31,25,0.0,0.0,0.0,6,6,4,0,24,24,24,56,57,56,27,27,300,0,0,0,0,0,0,0,0,0
10.89,110.48,0.51,0.58,0.59,7.86,6.64,7.92,10.91,-2.0,-0.22,-0.19,171.8,6.8,128,1,1,446,692,538,0,531,10.88,719.4,493,30.7,31.0,0.8,2.8,2067.6,0,16.83,19.9,45.1,47.8,46.9,46.9,46.9,49.3,55.6,47.4,53.7,53.3,25.2,27.0,26.9,28.7,35,31,25,0.0,0.1,0.2,6,6,4,0,24,24,24,57,56,56,27,27,300,0,0,0,0,0,0,0,0,0
11.56,217.51,0.51,0.58,0.59,9.9,8.44,10.1,11.58,-4.1,-0.21,-0.12,171.6,7.6,128,1,1,541,692,667,0,654,11.56,837.4,571,29.2,30.6,0.8,2.8,2067.6,0,16.83,19.8,44.6,47.3,46.3,46.3,46.3,48.6,55.0,46.8,53.7,53.3,25.2,27.0,27.2,28.8,36,31,25,0.0,-0.2,0.0,6,6,4,0,24,24,24,57,57,55,27,27,300,0,0,0,0,0,0,0,0,0
11.23,202.5,0.51,0.58,0.59,8.4,7.74,8.84,11.23,0.7,-0.16,-0.13,171.7,7.1,126,1,1,483,691,595,0,578,11.18,773.2,527,30.6,32.3,0.8,2.8,2067.6,0,16.83,19.8,44.7,47.4,47.8,46.4,46.4,48.8,55.2,47.0,53.7,53.3,25.2,26.9,27.1,28.7,37,32,25,0.0,-0.2,0.0,6,6,4,0,24,24,24,57,57,55,26,26,300,0,0,0,0,0,0,0,0,0
10.76,197.24,0.51,0.58,0.59,7.52,6.62,8.36,10.78,-3.9,-0.18,-0.07,171.7,6.6,127,1,1,428,691,525,0,520,10.76,700.3,480,31.1,31.4,0.8,2.8,2067.6,0,16.83,19.9,44.9,47.6,48.0,46.7,46.7,49.0,55.5,47.3,53.7,53.3,25.2,27.0,27.0,28.7,35,31,25,0.0,0.0,0.2,6,6,4,0,24,24,24,57,56,56,27,27,300,0,0,0,0,0,0,0,0,0
10.88,306.5,0.51,0.58,0.59,7.62,6.04,8.72,10.89,-2.6,-0.17,-0.15,171.8,6.2,129,1,1,445,691,540,0,531,10.88,720.7,493,30.1,30.8,0.8,2.8,2067.6,0,16.83,19.9,45.2,47.8,48.4,46.9,46.9,49.3,55.6,47.4,53.7,53.3,25.2,27.0,26.9,28.7,35,31,25,0.0,0.0,0.0,6,6,4,0,24,24,24,57,56,56,27,27,300,0,0,0,0,0,0,0,0,0
11.1,290.63,0.51,0.58,0.59,8.1,6.34,8.74,11.12,1.0,-0.2,-0.17,171.8,6.3,128,1,1,475,691,584,0,581,11.1,759.2,519,30.7,31.3,0.8,2.8,2067.6,0,16.83,19.9,45.2,47.9,47.7,47.0,47.0,49.3,55.7,47.4,53.7,53.3,25.2,27.0,26.9,28.8,36,31,25,0.2,0.0,0.0,6,6,4,0,24,24,24,57,56,56,27,27,300,0,0,0,0,0,0,0,0,0
11.18,258.88,0.51,0.58,0.59,7.86,6.68,8.74,11.21,-2.1,-0.19,-0.13,171.8,6.5,126,1,1,489,692,596,0,584,11.18,773.3,528,30.3,32.4,0.8,2.8,2067.6,0,16.83,19.9,45.3,48.0,49.1,47.1,47.1,49.5,55.7,47.4,53.6,53.2,25.2,27.0,26.9,28.7,37,33,25,0.2,0.0,0.0,6,6,4,0,24,24,24,57,55,56,27,27,300,0,0,0,0,0,0,0,0,0
11.19,124.74,0.51,0.58,0.59,8.36,7.5,8.26,11.21,-4.9,-0.2,-0.18,171.8,7.2,127,1,1,484,692,599,0,582,11.18,770.4,527,31.6,32.2,0.8,2.8,2067.6,0,16.83,19.9,45.3,48.0,49.0,47.1,47.1,49.4,55.7,47.4,53.7,53.3,25.2,27.0,26.9,28.6,37,32,25,0.0,0.0,0.0,6,6,4,0,24,24,24,56,56,56,27,27,300,0,0,0,0,0,0,0,0,0
10.98,157.61,0.51,0.58,0.59,7.72,6.98,8.36,10.97,-0.2,-0.18,-0.14,171.7,6.1,129,1,1,456,690,549,-2,545,10.94,731.0,500,33.5,33.4,0.8,2.8,2067.6,0,16.83,19.9,44.8,47.4,48.7,46.5,46.5,48.8,55.3,47.1,53.7,53.2,25.2,26.9,27.0,28.7,37,33,25,-0.2,0.0,0.0,6,6,4,0,24,24,24,56,57,56,26,26,300,0,0,0,0,0,0,0,0,0
11.52,300.13,0.51,0.58,0.59,8.44,6.62,9.58,11.53,-1.3,-0.18,-0.18,171.6,7.0,127,1,1,538,691,657,0,645,11.52,831.1,569,29.3,30.7,0.8,2.8,2067.6,0,16.83,19.8,44.6,47.3,47.3,46.4,46.3,48.6,55.0,46.8,53.7,53.3,25.2,27.0,27.2,28.8,36,31,25,0.0,0.0,0.4,6,6,4,0,24,24,24,56,57,55,27,27,300,0,0,0,0,0,0,0,0,0
10.77,74.02,0.51,0.58,0.59,7.94,6.4,8.02,10.77,1.2,-0.16,-0.14,171.8,6.5,126,1,1,432,691,520,0,521,10.78,703.6,480,29.6,30.2,0.8,2.8,2067.6,0,16.83,19.9,45.1,47.7,49.0,46.8,46.8,49.2,55.6,47.3,53.7,53.3,25.2,27.0,27.0,28.6,34,30,25,0.0,0.0,0.0,6,6,4,0,24,24,24,56,56,56,27,27,300,0,0,0,0,0,0,0,0,0
10.85,347.11,0.51,0.58,0.59,8.72,7.04,9.44,10.85,-4.0,-0.16,-0.14,171.7,6.9,128,1,1,436,691,532,2,515,10.82,709.1,486,33.7,33.0,0.8,2.8,2067.6,0,16.83,19.8,44.8,47.4,46.0,46.5,46.5,48.8,55.4,47.1,53.7,53.2,25.2,27.0,27.0,28.7,36,32,25,0.0,0.0,0.0,6,6,4,0,24,24,24,56,56,56,27,27,300,0,0,0,0,0,0,0,0,0
10.77,289.37,0.51,0.58,0.59,8.24,6.44,8.58,10.79,1.6,-0.2,-0.16,171.7,6.8,126,1,1,428,691,525,2,521,10.78,705.4,482,31.7,31.7,0.8,2.8,2067.6,0,16.83,19.9,44.9,47.5,46.8,46.6,46.6,49.0,55.5,47.3,53.7,53.3,25.2,27.0,27.0,28.7,35,31,25,0.0,0.0,0.0,6,6,4,0,24,24,24,56,56,56,27,27,300,0,0,0,0,0,0,0,0,0
10.89,13.5,0.51,0.58,0.59,9.92,8.44,10.42,10.9,-1.0,-0.17,-0.12,171.8,6.4,128,1,1,444,692,547,2,531,10.88,720.3,493,30.4,31.0,0.8,2.8,2067.6,0,16.83,19.9,45.2,47.8,47.7,46.9,46.9,49.3,55.6,47.4,53.7,53.3,25.2,27.0,26.9,28.7,35,31,25,0.0,-0.2,-0.2,6,6,4,0,24,24,24,56,56,56,27,27,300,0,0,0,0,0,0,0,0,0
11.4,163.01,0.51,0.58,0.59,8.36,8.08,8.66,11.36,-4.2,-0.19,-0.2,171.6,7.1,127,1,1,515,691,632,0,629,11.36,803.9,550,30.7,31.4,0.8,2.8,2067.6,0,16.83,19.8,44.6,47.3,46.0,46.4,46.3,48.7,55.0,46.9,53.7,53.3,25.2,27.0,27.1,28.8,36,32,25,0.0,0.0,-0.2,6,6,4,0,24,24,24,56,57,56,27,27,300,0,0,0,0,0,0,0,0,0
10.89,83.63,0.51,0.58,0.59,8.8,7.2,8.54,10.9,-1.8,-0.17,-0.12,171.7,5.7,128,1,1,444,690,544,0,530,10.88,720.9,493,32.7,32.9,0.8,2.8,2067.6,0,16.83,19.9,44.8,47.4,48.2,46.5,46.5,48.9,55.4,47.1,53.7,53.2,25.2,27.0,27.0,28.7,36,32,25,0.0,0.0,-0.2,6,6,4,0,24,24,24,56,56,56,27,27,300,0,0,0,0,0,0,0,0,0
11.37,200.12,0.51,0.58,0.59,8.0,7.4,8.88,11.41,6.1,-0.2,-0.07,171.6,6.6,125,1,1,521,691,636,0,635,11.4,810.2,553,29.2,31.2,0.8,2.8,2067.6,0,16.83,19.9,44.6,47.3,46.4,46.4,46.3,48.7,55.0,46.9,53.7,53.3,25.2,27.0,27.1,28.8,36,32,25,0.0,-0.2,0.2,6,6,4,0,24,24,24,56,57,56,27,27,300,0,0,0,0,0,0,0,0,0
10.89,177.62,0.51,0.58,0.59,7.22,6.84,7.82,10.91,2.1,-0.17,-0.09,171.8,6.4,127,1,1,447,692,544,0,531,10.88,720.6,493,29.9,31.0,0.8,2.8,2067.6,0,16.83,19.9,45.2,47.8,47.7,46.9,46.9,49.3,55.6,47.4,53.7,53.3,25.2,27.0,26.9,28.7,35,31,25,0.0,0.0,0.0,6,6,4,0,24,24,24,56,56,56,27,27,300,0,0,0,0,0,0,0,0,0
11.16,167.36,0.51,0.58,0.59,9.28,8.76,9.54,11.19,-1.6,-0.16,-0.09,171.8,6.0,126,1,1,490,692,598,0,585,11.2,772.3,529,31.4,32.6,0.8,2.8,2067.6,0,16.83,19.9,45.3,48.0,48.7,47.1,47.1,49.5,55.7,47.4,53.7,53.2,25.2,27.0,26.9,28.6,37,33,25,0.0,0.0,0.0,6,6,4,0,24,24,24,57,55,56,27,27,300,0,0,0,0,0,0,0,0,0
11.51,21.13,0.51,0.58,0.59,7.86,6.92,9.4,11.51,-10.8,-0.14,-0.1,171.7,7.5,132,1,1,544,692,663,0,651,11.5,834.2,569,30.6,31.8,0.8,2.8,2067.6,0,16.83,19.8,44.6,47.3,46.2,46.4,46.3,48.7,54.9,46.7,53.7,53.3,25.2,27.0,27.1,28.7,37,32,25,0.0,0.2,0.2,6,6,4,0,24,24,24,56,57,56,27,27,300,0,0,0,0,0,0,0,0,0
10.88,241.24,0.51,0.58,0.59,8.38,7.36,9.8,10.92,-2.6,-0.17,-0.12,171.8,6.8,129,1,1,440,691,547,0,531,10.88,724.0,494,30.3,30.8,0.8,2.8,2067.6,0,16.83,19.9,45.1,47.8,47.2,46.9,46.9,49.3,55.6,47.4,53.7,53.3,25.2,27.0,26.9,28.7,35,31,25,0.0,0.0,0.0,6,6,4,0,24,24,24,57,56,56,27,27,300,0,0,0,0,0,0,0,0,0
10.9,50.87,0.51,0.58,0.59,8.24,6.74,8.92,10.92,-3.9,-0.16,-0.18,171.8,6.4,128,1,1,449,691,550,0,537,10.92,725.2,497,33.7,33.2,0.8,2.8,2067.6,0,16.83,19.9,44.8,47.4,48.1,46.5,46.5,48.9,55.3,47.1,53.7,53.3,25.2,26.9,27.0,28.7,36,32,25,0.0,0.0,0.0,6,6,4,0,24,24,24,56,56,56,26,26,300,0,0,0,0,0,0,0,0,0
10.86,219.49,0.51,0.58,0.59,7.5,6.7,8.72,10.86,3.2,-0.16,-0.13,171.7,6.6,126,1,1,441,691,543,0,525,10.86,719.7,490,31.6,31.8,0.8,2.8,2067.6,0,16.83,19.9,44.8,47.5,47.2,46.6,46.6,49.0,55.5,47.2,53.7,53.3,25.2,27.0,27.0,28.7,35,31,25,0.0,0.0,0.4,6,6,4,0,24,24,24,57,56,56,27,27,300,0,0,0,0,0,0,0,0,0
11.23,319.86,0.51,0.58,0.59,9.18,7.44,10.34,11.25,-2.5,-0.24,-0.12,171.8,6.6,128,1,1,494,691,602,0,592,11.22,780.6,532,31.7,32.5,0.8,2.8,2067.6,0,16.83,19.9,44.7,47.3,46.7,46.4,46.4,48.7,55.2,47.0,53.7,53.3,25.2,26.9,27.2,28.8,37,32,25,0.0,0.0,0.0,6,6,4,0,24,24,24,56,57,56,26,26,300,0,0,0,0,0,0,0,0,0
10.77,55.62,0.51,0.58,0.59,7.88,6.6,8.26,10.8,-0.1,-0.17,-0.19,171.7,6.0,126,1,1,435,691,528,0,526,10.78,706.6,483,32.7,32.2,0.8,2.8,2067.6,0,16.83,19.9,44.8,47.5,46.8,46.6,46.6,48.9,55.4,47.2,53.7,53.3,25.2,27.0,27.0,28.7,35,31,25,0.0,0.0,0.0,6,6,4,0,24,24,24,57,57,56,27,27,300,0,0,0,0,0,0,0,0,0
11.25,297.5,0.51,0.58,0.59,9.4,7.38,10.22,11.29,-1.4,-0.21,-0.13,171.6,7.3,128,1,1,499,691,607,0,600,11.26,790.3,538,30.5,32.0,0.8,2.8,2067.6,0,16.83,19.9,44.7,47.3,46.9,46.4,46.3,48.7,55.2,47.0,53.7,53.2,25.2,26.9,27.2,28.9,37,32,25,0.0,-0.2,0.0,6,6,4,0,24,24,24,56,57,56,26,26,300,0,0,0,0,0,0,0,0,0
11.56,210.74,0.51,0.58,0.59,8.26,7.68,9.04,11.57,0.0,-0.21,-0.16,171.6,7.1,127,1,1,541,692,664,0,653,11.56,835.6,571,31.7,31.5,0.8,2.8,2067.6,0,16.83,19.8,44.6,47.3,47.1,46.4,46.4,48.7,54.9,46.8,53.7,53.3,25.2,27.0,27.1,28.7,36,32,25,0.0,-0.2,0.2,6,6,4,0,24,24,24,56,57,56,27,27,300,0,0,0,0,0,0,0,0,0
10.85,179.89,0.51,0.58,0.59,9.1,8.22,9.46,10.86,0.4,-0.2,-0.16,171.8,6.4,128,1,1,439,691,535,-2,525,10.84,717.7,489,29.7,30.7,0.8,2.8,2067.6,0,16.83,19.9,45.1,47.8,48.2,46.9,46.9,49.2,55.6,47.4,53.7,53.2,25.2,27.0,26.9,28.6,35,30,25,-0.2,0.0,0.0,6,6,4,0,24,24,24,57,56,56,27,27,300,0,0,0,0,0,0,0,0,0
11.39,350.64,0.51,0.58,0.59,8.28,6.66,9.68,11.37,4.4,-0.18,-0.08,171.7,6.2,127,1,1,514,691,627,0,622,11.34,801.0,548,29.7,31.5,0.8,2.8,2067.6,0,16.83,19.9,44.7,47.3,46.8,46.4,46.4,48.7,55.1,46.9,53.7,53.3,25.2,27.0,27.2,28.8,36,32,25,0.0,0.1,0.2,6,6,4,0,24,24,24,56,57,56,27,27,300,0,0,0,0,0,0,0,0,0
11.74,205.38,0.51,0.58,0.59,9.26,8.3,9.5,11.76,-2.7,-0.19,-0.16,171.6,7.6,129,1,1,575,692,702,0,705,11.74,870.9,594,31.2,30.7,0.8,2.8,2067.6,0,16.83,19.8,44.6,47.3,47.4,46.4,46.4,48.7,54.9,46.8,53.7,53.2,25.2,27.0,27.2,28.7,36,31,25,0.0,-0.2,0.0,6,6,4,0,24,24,24,56,57,55,27,27,300,0,0,0,0,0,0,0,0,0
11.11,90.5,0.51,0.58,0.59,8.9,7.56,8.86,11.14,-0.5,-0.15,-0.14,171.8,6.9,128,1,1,478,691,583,0,581,11.1,760.1,518,30.0,31.5,0.8,2.8,2067.6,0,16.83,19.9,45.2,47.9,49.1,47.0,47.0,49.4,55.7,47.4,53.7,53.3,25.2,27.0,26.9,28.7,36,31,25,0.0,0.0,-0.2,6,6,4,0,24,24,24,57,56,56,27,27,300,0,0,0,0,0,0,0,0,0
10.77,344.88,0.51,0.58,0.59,9.48,7.7,10.26,10.79,3.4,-0.17,-0.06,171.8,6.0,125,1,1,432,691,531,0,523,10.76,700.3,481,31.3,31.2,0.8,2.8,2067.6,0,16.83,19.9,45.0,47.6,48.2,46.7,46.7,49.1,55.5,47.3,53.7,53.3,25.2,27.0,27.0,28.7,34,30,25,0.0,0.0,0.0,6,6,4,0,24,24,24,57,56,55,27,27,300,0,0,0,0,0,0,0,0,0
