轮毂转速,轮毂角度,叶片1角度,叶片2角度,叶片3角度,变桨电机1电流,变桨电机2电流,变桨电机3电流,超速传感器转速检测值,5秒偏航对风平均值,x方向振动值,y方向振动值,液压制动压力,机舱气象站风速,风向绝对值,大气压力,无功功率控制状态,变频器电网侧电流,变频器电网侧电压,变频器电网侧有功功率,变频器电网侧无功功率,变频器发电机侧功率,发电机运行频率,发电机电流,发电机转矩,变频器入口温度,变频器出口温度,变频器入口压力,变频器出口压力,发电机功率限幅值,无功功率设定值,额定的轮毂转速,测风塔环境温度,发电机定子温度1,发电机定子温度2,发电机定子温度3,发电机定子温度4,发电机定子温度5,发电机定子温度6,发电机空气温度1,发电机空气温度2,主轴承温度1,主轴承温度2,轮毂温度,轮毂控制柜温度,机舱温度,机舱控制柜温度,变频器INU温度,变频器ISU温度,变频器INU RMIO温度,变桨电机1功率估算,变桨电机2功率估算,变桨电机3功率估算,风机当前状态值,轮毂当前状态值,偏航状态值,偏航要求值,叶片1电池箱温度,叶片2电池箱温度,叶片3电池箱温度,叶片1变桨电机温度,叶片2变桨电机温度,叶片3变桨电机温度,叶片1变频器箱温度,叶片2变频器箱温度,叶片3变频器箱温度,叶片1超级电容电压,叶片2超级电容电压,叶片3超级电容电压,驱动1晶闸管温度,驱动2晶闸管温度,驱动3晶闸管温度,驱动1输出扭矩,驱动2输出扭矩,驱动3输出扭矩
11.48,156,0.24,0.25,0.25,11.2,11.3,11.1,0,5.0,0.03,0.11,207.4,4.7,188,1,1,562,698,476,1,467,11.2,56.2,406,27.1,26.9,0.5,3.7,2067.6,0,16.83,0,22.3,17.9,19.2,17.9,21.3,18.2,17.5,18.2,46,49.0,17,32,9.6,15.8,34,34,25,0,0,0,6,6,4,0,28,20,11,27,23,26,32,32,32,45.02,45.05,44.42,46,370,3.5,0,0,0
10.57,240,0.24,0.25,0.25,11.0,11.1,11.2,0,4.6,0.03,0.13,207.5,5.4,184,1,1,494,697,370,0,372,10.3,47.9,342,32.6,30.7,0.6,3.8,1764.8,0,16.38,0,22.1,17.6,18.9,17.6,20.9,17.8,17.3,18.1,46,48.9,17,32,9.7,15.8,37,37,25,0,0,0,6,6,4,0,27,22,11,27,23,25,32,32,32,45.02,45.05,44.43,46,360,3.6,0,0,0
11.27,68,0.24,0.25,0.25,11.1,10.8,11.0,0,2.0,0.03,0.11,207.5,6.1,186,1,1,547,698,457,-1,470,11.1,53.1,394,28.7,27.6,0.9,4.0,2067.6,0,16.83,0,22.3,17.9,19.2,17.9,21.3,18.2,17.3,18.2,46,49.0,18,32,9.6,15.8,35,35,25,0,0,0,6,6,4,0,27,20,11,27,23,25,32,32,32,45.02,45.04,44.42,46,370,3.6,0,0,0
11.58,148,0.24,0.25,0.25,11.1,10.7,11.1,0,-3.3,0.01,0.1,207.5,6.5,186,1,1,563,698,493,1,497,11.4,57.5,417,28.6,26.9,0.3,3.9,2067.6,0,16.83,0,22.3,17.9,19.2,17.9,21.3,18.3,17.4,18.2,46,49.0,18,32,9.6,15.8,34,35,25,0,0,0,6,6,4,0,28,20,11,27,23,26,32,32,32,45.02,45.05,44.42,46,370,3.6,0,0,0
9.9,172,0.24,0.25,0.25,10.9,10.8,10.8,0,2.9,0.0,0.1,207.1,3.8,181,1,1,465,696,310,-1,316,9.8,42.9,305,31.8,30.0,0.6,3.8,1912.6,0,16.6,0,22.0,17.7,19.0,17.6,21.0,18.1,17.4,18.2,46,49.0,18,32,9.7,15.8,37,36,25,0,0,0,6,6,4,0,27,21,11,27,23,25,32,32,32,45.02,45.05,44.43,46,370,3.6,0,0,0
11.27,188,0.24,0.25,0.25,11.1,10.9,11.0,0,-8.5,0.01,0.1,207.5,5.3,192,1,1,547,697,459,-1,465,11.1,55.0,396,31.8,30.1,0.6,3.8,2067.6,0,16.83,0,22.4,18.0,19.3,18.0,21.4,18.2,17.5,18.2,46,49.0,17,32,9.6,15.8,37,37,25,0,0,0,6,6,4,0,27,19,11,27,23,25,32,32,32,45.02,45.05,44.43,46,380,3.6,0,0,0
11.31,336,0.24,0.25,0.25,11.1,10.8,11.0,0,-3.3,0.03,0.13,207.4,6.0,190,1,1,547,697,464,1,470,11.1,54.5,398,31.4,29.6,0.6,3.8,2067.6,0,16.83,0,22.3,18.1,19.3,18.0,21.4,18.5,17.7,18.2,46,49.1,18,32,9.6,15.8,37,37,25,0,0,0,6,6,4,0,27,19,11,27,23,26,32,32,32,45.02,45.05,44.43,46,370,3.6,0,0,0
11.41,164,0.24,0.25,0.25,11.1,11.0,11.1,0,-1.6,0.05,0.14,207.5,6.4,189,1,1,561,697,477,1,477,11.3,55.1,408,33.3,31.6,0.6,3.8,2067.6,0,16.83,0,22.3,17.9,19.2,17.9,21.3,18.1,17.6,18.2,46,49.0,17,32,9.6,15.8,39,39,25,0,0,0,6,6,4,0,27,20,11,27,23,26,32,32,32,45.01,45.04,44.42,46,380,3.5,0,0,0
11.47,240,0.24,0.25,0.25,11.1,10.9,11.0,0,-0.3,0.01,0.1,207.6,6.0,191,1,1,557,697,481,-1,488,11.2,55.7,409,32.8,31.2,0.7,3.9,2067.6,0,16.83,0,22.4,17.9,19.2,17.9,21.3,18.2,17.5,18.2,46,49.0,18,32,9.6,15.8,38,38,25,0,0,0,6,6,4,0,27,19,11,27,23,26,32,32,32,45.02,45.05,44.42,45,370,3.6,0,0,0
10.43,328,0.24,0.25,0.25,11.0,10.8,10.8,0,5.2,0.02,0.1,207.4,4.9,184,1,1,492,697,358,0,364,10.2,47.2,336,31.4,29.9,0.6,3.8,2067.6,0,16.83,0,22.2,17.8,19.0,17.7,21.1,18.2,17.4,18.2,46,49.0,17,32,9.6,15.8,36,36,25,0,0,0,6,6,4,0,27,21,11,27,23,26,32,32,32,45.02,45.05,44.43,46,370,3.5,0,0,0
10.96,248,0.24,0.25,0.25,11.0,11.0,11.0,0,-2.8,0.1,0.08,207.4,5.5,192,1,1,522,697,413,1,411,10.8,51.8,370,32.5,31.2,0.6,3.8,2067.6,0,16.83,0,22.3,18.0,19.3,17.9,21.4,18.2,17.6,18.2,46,49.0,18,32,9.6,15.8,38,38,25,0,0,0,6,6,4,0,27,19,11,27,23,25,32,32,32,45.02,45.05,44.42,46,370,3.6,0,0,0
11.59,24,0.24,0.25,0.25,11.1,10.6,11.0,0,2.4,0.04,0.08,207.4,5.9,188,1,1,563,697,494,-1,507,11.4,57.7,416,32.9,31.5,0.7,3.8,2067.6,0,16.83,0,22.3,18.0,19.2,17.9,21.3,18.2,17.6,18.2,46,49.0,18,32,9.6,15.8,39,39,25,0,0,0,6,6,4,0,27,20,11,27,23,26,32,32,32,45.02,45.04,44.43,46,370,3.5,0,0,0
11.58,312,0.24,0.25,0.25,11.2,10.9,11.0,0,3.9,0.0,0.14,207.7,5.6,188,1,1,565,697,495,-1,499,11.3,55.8,417,32.9,31.2,0.7,3.8,2067.6,0,16.83,0,22.3,18.0,19.2,17.9,21.3,18.2,17.6,18.2,46,48.9,18,32,9.6,15.8,39,39,25,0,0,0,6,6,4,0,27,20,11,27,23,25,32,32,32,45.02,45.04,44.43,46,370,3.6,0,0,0
11.46,0,0.24,0.25,0.25,11.2,11.1,11.0,0,-2.2,0.0,0.13,207.7,5.3,186,1,1,555,698,479,0,483,11.3,55.0,408,29.7,28.2,0.2,3.4,2067.6,0,16.83,0,22.3,17.9,19.2,17.9,21.3,18.3,17.3,18.2,46,49.0,18,32,9.6,15.8,36,36,25,0,0,0,6,6,4,0,28,20,11,27,23,25,32,32,32,45.02,45.04,44.43,46,360,3.6,0,0,0
11.27,188,0.24,0.25,0.25,11.1,11.1,11.0,0,-8.4,0.01,0.12,207.6,5.2,191,1,1,541,697,455,0,458,11.1,53.8,395,32.0,30.3,0.6,3.8,2067.6,0,16.83,0,22.4,18.0,19.3,18.0,21.4,18.3,17.6,18.2,46,49.1,17,32,9.6,15.8,37,37,25,0,0,0,6,6,4,0,27,19,11,27,23,26,32,32,32,45.02,45.05,44.42,45,370,3.6,0,0,0
11.21,324,0.24,0.25,0.25,11.1,10.9,11.0,0,-7.0,0.06,0.1,207.5,6.1,192,1,1,538,697,446,0,451,11.0,53.5,388,31.8,30.1,0.6,3.8,2067.6,0,16.83,0,22.4,18.0,19.3,18.0,21.4,18.2,17.5,18.2,46,49.0,18,32,9.6,15.8,38,38,25,0,0,0,6,6,4,0,27,19,11,27,23,26,32,32,32,45.02,45.04,44.42,46,370,3.6,0,0,0
10.43,52,0.24,0.25,0.25,11.0,10.8,10.9,0,4.4,-0.05,0.13,207.4,5.6,182,1,1,489,697,353,0,353,10.1,45.8,331,30.4,28.6,0.7,3.8,1960.1,0,16.67,0,22.3,17.8,19.1,17.9,21.2,17.9,17.4,18.2,46,49.0,18,32,9.6,15.8,35,35,25,0,0,0,6,6,4,0,27,21,11,27,23,26,32,32,32,45.02,45.04,44.43,45,370,3.5,0,0,0
10.54,108,0.24,0.25,0.25,11.0,10.7,10.8,0,6.2,0.04,0.08,207.6,5.0,182,1,1,498,698,364,1,363,10.3,46.0,340,31.6,30.1,0.6,3.8,2067.6,0,16.83,0,22.2,17.7,19.0,17.7,21.0,18.0,17.5,18.2,46,49.0,18,32,9.6,15.8,36,36,25,0,0,0,6,6,4,0,27,21,11,27,23,25,32,32,32,45.02,45.05,44.43,46,370,3.6,0,0,0
10.39,132,0.24,0.25,0.25,11.0,11.1,10.9,0,9.7,0.03,0.1,207.6,4.2,180,1,1,484,697,356,0,360,10.3,45.2,336,29.9,28.3,0.7,3.9,2067.6,0,16.83,0,22.3,17.9,19.2,17.9,21.3,18.4,17.5,18.2,46,49.0,17,32,9.6,15.8,35,35,25,0,0,0,6,6,4,0,27,21,11,27,23,26,32,32,32,45.02,45.04,44.43,46,360,3.5,0,0,0
10.23,44,0.24,0.25,0.25,10.9,11.1,10.9,0,1.2,0.07,0.1,207.4,5.1,183,1,1,481,697,340,1,339,10.0,44.0,327,30.7,29.1,0.6,3.8,1958.1,0,16.67,0,22.2,17.8,19.1,17.8,21.2,18.1,17.4,18.2,46,48.8,17,32,9.6,15.8,35,35,25,0,0,0,6,6,4,0,27,21,11,27,23,26,32,32,32,45.02,45.04,44.42,46,370,3.6,0,0,0
10.07,176,0.24,0.25,0.25,11.0,10.8,10.8,0,3.7,0.05,0.13,207.5,5.4,180,1,1,474,697,324,1,330,9.9,43.0,315,31.6,29.8,0.6,3.8,1912.6,0,16.6,0,22.1,17.7,19.0,17.6,21.0,18.0,17.4,18.2,46,48.8,18,32,9.7,15.8,36,36,25,0,0,0,6,6,4,0,27,21,11,27,23,26,32,32,32,45.02,45.04,44.43,46,370,3.5,0,0,0
11.36,176,0.24,0.25,0.25,11.0,10.9,11.0,0,-4.7,0.05,0.13,207.7,6.1,192,1,1,547,697,467,-2,459,11.2,54.5,399,33.1,31.1,0.7,3.9,2067.6,0,16.83,0,22.3,18.0,19.2,17.9,21.3,18.2,17.5,18.2,46,48.9,17,32,9.6,15.8,38,38,25,0,0,0,6,6,4,0,27,19,11,27,23,26,32,32,32,45.02,45.05,44.42,45,360,3.6,0,0,0
11.57,216,0.24,0.25,0.25,11.1,10.7,11.0,0,0.0,0.01,0.1,207.4,5.7,185,1,1,564,699,488,-1,491,11.2,57.7,413,30.1,28.2,0.2,3.4,2067.6,0,16.83,0,22.3,17.9,19.2,17.9,21.3,18.3,17.4,18.2,46,49.0,18,32,9.6,15.8,35,36,25,0,0,0,6,6,4,0,28,20,11,27,23,26,32,32,32,45.02,45.04,44.43,46,370,3.5,0,0,0
10.33,112,0.24,0.25,0.25,11.0,10.8,10.8,0,1.1,0.02,0.11,207.4,5.9,185,1,1,488,697,353,1,355,10.1,45.8,331,31.3,29.8,0.7,3.9,1976.7,0,16.69,0,22.2,17.8,19.0,17.7,21.1,18.1,17.5,18.2,46,49.1,18,32,9.6,15.8,36,36,25,0,0,0,6,6,4,0,27,21,11,27,23,26,32,32,32,45.01,45.04,44.42,46,370,3.5,0,0,0
11.48,148,0.24,0.25,0.25,11.1,10.7,11.1,0,-1.6,0.03,0.1,207.5,5.0,186,1,1,565,697,493,0,492,11.4,57.5,414,28.8,26.7,0.4,3.9,2067.6,0,16.83,0,22.3,17.9,19.1,17.9,21.3,18.2,17.5,18.2,46,49.1,18,32,9.6,15.8,34,34,25,0,0,0,6,6,4,0,28,20,11,27,23,26,32,32,32,45.02,45.05,44.42,45,360,3.5,0,0,0
10.95,172,0.24,0.25,0.25,11.0,10.8,11.0,0,-4.8,0.04,0.1,207.4,5.6,192,1,1,521,697,416,-1,426,10.7,51.8,373,32.7,31.4,0.7,3.9,2067.6,0,16.83,0,22.3,18.0,19.3,17.9,21.4,18.4,17.8,18.2,46,48.9,17,32,9.6,15.8,38,38,25,0,0,0,6,6,4,0,27,19,11,27,23,26,32,32,32,45.02,45.04,44.43,45,380,3.6,0,0,0
11.53,288,0.24,0.25,0.25,11.2,10.8,11.0,0,-1.8,0.08,0.08,207.4,5.3,186,1,1,559,698,482,-1,487,11.3,55.5,410,29.8,28.1,0.2,3.4,2067.6,0,16.83,0,22.3,17.9,19.2,17.9,21.3,18.3,17.3,18.2,46,49.0,18,32,9.6,15.8,35,36,25,0,0,0,6,6,4,0,28,20,11,27,23,26,32,32,32,45.02,45.04,44.43,46,370,3.6,0,0,0
10.43,92,0.24,0.25,0.25,10.9,10.8,10.9,0,-0.4,0.1,0.1,207.6,6.0,184,1,1,487,697,358,-1,361,10.2,45.9,335,32.4,30.7,0.6,3.8,1764.8,0,16.38,0,22.0,17.6,18.9,17.6,20.9,17.9,17.3,18.1,46,48.9,17,32,9.7,15.8,37,37,25,0,0,0,6,6,4,0,27,22,11,27,23,26,32,32,32,45.02,45.04,44.42,46,370,3.6,0,0,0
11.05,324,0.24,0.25,0.25,11.0,10.7,11.0,0,-6.3,0.0,0.1,207.3,5.5,192,1,1,526,697,425,1,425,10.8,50.8,379,32.6,30.6,0.7,3.8,2067.6,0,16.83,0,22.3,18.0,19.3,17.9,21.4,18.3,17.6,18.2,46,48.9,17,32,9.6,15.8,38,38,25,0,0,0,6,6,4,0,27,19,11,27,23,25,32,32,32,45.02,45.05,44.42,45,370,3.6,0,0,0
10.32,24,0.24,0.25,0.25,11.0,10.9,11.1,0,3.4,0.03,0.14,207.6,4.7,182,1,1,486,696,350,-2,351,10.1,45.1,329,32.5,30.5,0.6,3.8,1764.8,0,16.38,0,22.0,17.6,18.9,17.6,20.9,18.1,17.3,18.2,46,49.1,18,32,9.6,15.8,37,36,25,0,0,0,6,6,4,0,27,21,11,27,23,26,32,32,32,45.02,45.04,44.42,45,370,3.6,0,0,0
11.09,48,0.24,0.25,0.25,11.0,11.0,11.0,0,-5.4,0.03,0.1,207.6,4.8,191,1,1,530,697,434,-2,437,10.9,51.1,381,31.4,30.0,0.6,3.8,2067.6,0,16.83,0,22.4,18.1,19.3,18.0,21.4,18.3,17.6,18.2,46,49.0,18,32,9.6,15.8,36,37,25,0,0,0,6,6,4,0,27,19,11,27,23,26,32,32,32,45.02,45.05,44.42,46,370,3.6,0,0,0
11.0,252,0.24,0.25,0.25,11.0,11.1,11.0,0,-4.3,0.03,0.12,207.3,4.8,192,1,1,527,697,426,-2,430,10.8,52.5,377,32.6,30.7,0.7,3.8,2067.6,0,16.83,0,22.3,18.1,19.3,17.9,21.4,18.4,17.6,18.2,46,49.0,17,32,9.6,15.8,38,38,25,0,0,0,6,6,4,0,27,19,11,27,23,26,32,32,32,45.02,45.04,44.42,46,370,3.6,0,0,0
10.33,52,0.24,0.25,0.25,11.0,10.7,10.9,0,4.4,0.09,0.11,207.3,4.4,182,1,1,485,697,351,1,360,10.1,45.1,334,30.3,28.6,0.7,3.9,1960.1,0,16.67,0,22.2,17.9,19.1,17.8,21.2,18.1,17.4,18.2,46,49.0,17,32,9.6,15.8,35,35,25,0,0,0,6,6,4,0,27,21,11,27,23,25,32,32,32,45.02,45.04,44.42,46,370,3.6,0,0,0
11.31,0,0.24,0.25,0.25,11.1,10.7,11.0,0,-0.2,0.03,0.1,207.4,5.5,186,1,1,545,697,466,0,473,11.2,53.9,402,28.9,28.3,0.9,4.1,2067.6,0,16.83,0,22.3,17.9,19.2,17.9,21.3,18.2,17.3,18.2,46,48.9,17,32,9.6,15.8,35,35,25,0,0,0,6,6,4,0,28,20,11,27,23,26,32,32,32,45.02,45.04,44.43,46,370,3.5,0,0,0
11.37,76,0.24,0.25,0.25,11.1,10.6,11.1,0,5.4,0.01,0.1,207.5,5.4,185,1,1,550,698,466,-2,467,11.1,54.2,400,27.7,26.5,0.4,4.0,2067.6,0,16.83,0,22.2,17.9,19.2,17.9,21.3,18.1,17.6,18.2,46,49.1,17,32,9.6,15.8,34,34,25,0,0,0,6,6,4,0,28,20,11,27,23,26,32,32,32,45.02,45.05,44.42,46,360,3.6,0,0,0
10.43,44,0.24,0.25,0.25,11.0,10.8,10.9,0,1.6,0.01,0.1,207.4,4.9,185,1,1,491,697,356,0,359,10.2,46.8,334,31.3,29.3,0.6,3.8,1976.7,0,16.69,0,22.2,17.8,19.0,17.7,21.1,18.2,17.4,18.2,46,49.1,17,32,9.6,15.8,36,36,25,0,0,0,6,6,4,0,27,21,11,27,23,25,32,32,32,45.02,45.05,44.43,46,360,3.6,0,0,0
11.32,284,0.24,0.25,0.25,11.1,10.9,11.0,0,-0.3,0.0,0.1,207.6,6.5,186,1,1,550,698,465,-1,461,11.1,54.5,400,28.6,27.9,0.9,4.1,2067.6,0,16.83,0,22.3,17.9,19.2,17.9,21.3,18.2,17.3,18.2,46,49.0,17,32,9.6,15.8,35,35,25,0,0,0,6,6,4,0,28,20,11,27,23,25,32,32,32,45.02,45.04,44.42,45,370,3.6,0,0,0
11.58,220,0.24,0.25,0.25,11.1,10.9,11.1,0,-3.6,0.08,0.1,207.6,6.7,186,1,1,569,698,496,1,504,11.5,56.0,417,28.9,26.6,0.3,3.9,2067.6,0,16.83,0,22.3,17.9,19.2,17.9,21.3,18.3,17.4,18.2,46,49.0,17,32,9.6,15.8,34,35,25,0,0,0,6,6,4,0,28,20,11,27,23,25,32,32,32,45.02,45.04,44.42,46,370,3.6,0,0,0
11.48,296,0.24,0.25,0.25,11.1,11.0,11.1,0,8.1,0.01,0.1,207.6,5.2,186,1,1,558,698,483,1,489,11.4,55.6,411,27.3,26.9,0.4,4.0,2067.6,0,16.83,0,22.3,17.9,19.2,17.9,21.3,18.0,17.3,18.2,46,49.1,17,32,9.6,15.8,33,34,25,0,0,0,6,6,4,0,28,20,11,27,23,26,32,32,32,45.02,45.04,44.43,45,370,3.5,0,0,0
11.36,28,0.24,0.25,0.25,11.0,11.1,11.1,0,-6.7,0.03,0.14,207.8,5.2,192,1,1,544,696,462,0,463,11.1,54.3,399,32.8,30.7,0.7,3.9,2067.6,0,16.83,0,22.3,18.0,19.3,17.9,21.4,18.3,17.5,18.2,46,49.0,17,32,9.6,15.8,38,38,25,0,0,0,6,6,4,0,27,19,11,27,23,25,32,32,32,45.01,45.04,44.43,46,360,3.6,0,0,0
11.24,180,0.24,0.25,0.25,11.1,10.9,10.9,0,-3.8,0.03,0.1,207.5,5.7,191,1,1,544,697,448,-1,456,11.1,54.0,391,32.3,30.5,0.6,3.8,2067.6,0,16.83,0,22.3,18.0,19.3,18.0,21.4,18.2,17.5,18.2,46,49.1,18,32,9.6,15.8,38,38,25,0,0,0,6,6,4,0,27,19,11,27,23,26,32,32,32,45.02,45.04,44.42,46,370,3.6,0,0,0
10.46,36,0.24,0.25,0.25,11.0,10.9,10.8,0,6.6,0.03,0.12,207.4,4.9,182,1,1,492,697,368,0,369,10.3,47.1,343,31.1,29.7,0.6,3.8,2067.6,0,16.83,0,22.2,17.8,19.0,17.7,21.1,18.1,17.5,18.2,46,49.0,17,32,9.6,15.8,36,36,25,0,0,0,6,6,4,0,27,21,11,27,23,26,32,32,32,45.02,45.04,44.43,46,370,3.6,0,0,0
11.53,316,0.24,0.25,0.25,11.2,10.8,11.0,0,-0.1,0.06,0.08,207.4,6.5,190,1,1,560,697,485,1,493,11.3,57.0,411,32.7,31.2,0.7,3.9,2067.6,0,16.83,0,22.4,17.9,19.2,17.9,21.3,18.0,17.5,18.2,46,49.0,18,32,9.6,15.8,38,39,25,0,0,0,6,6,4,0,27,19,11,27,23,25,32,32,32,45.02,45.04,44.42,46,370,3.6,0,0,0
10.49,168,0.24,0.25,0.25,11.0,11.0,11.0,0,-0.3,0.03,0.1,207.6,5.8,185,1,1,494,697,369,1,373,10.3,46.4,343,32.6,30.5,0.6,3.9,1764.8,0,16.38,0,22.1,17.6,18.9,17.6,20.9,17.8,17.3,18.1,46,49.0,17,32,9.7,15.8,37,37,25,0,0,0,6,6,4,0,27,22,11,27,23,26,32,32,32,45.02,45.04,44.43,45,360,3.6,0,0,0
10.38,332,0.24,0.25,0.25,11.0,10.7,10.9,0,0.8,0.08,0.08,207.3,4.2,185,1,1,489,697,361,-1,372,10.3,45.4,339,31.2,29.5,0.6,3.8,1976.7,0,16.69,0,22.2,17.8,19.0,17.7,21.1,18.2,17.4,18.2,46,49.0,17,32,9.6,15.8,36,36,25,0,0,0,6,6,4,0,27,21,11,27,23,25,32,32,32,45.02,45.05,44.43,46,360,3.6,0,0,0
11.32,104,0.24,0.25,0.25,11.0,11.1,11.1,0,-4.7,0.02,0.1,207.4,5.3,192,1,1,547,697,460,0,468,11.1,55.3,398,33.0,31.2,0.7,3.9,2067.6,0,16.83,0,22.3,18.0,19.2,17.9,21.3,18.2,17.5,18.2,46,48.9,18,32,9.6,15.8,38,38,25,0,0,0,6,6,4,0,27,19,11,27,23,26,32,32,32,45.02,45.05,44.42,45,360,3.6,0,0,0
11.17,36,0.24,0.25,0.25,11.1,11.0,11.0,0,-4.4,0.03,0.12,207.6,4.7,191,1,1,534,697,443,0,446,11.1,53.5,388,32.1,30.5,0.6,3.8,2067.6,0,16.83,0,22.4,18.0,19.3,18.0,21.4,18.2,17.5,18.2,46,49.0,18,32,9.6,15.8,38,38,25,0,0,0,6,6,4,0,27,19,11,27,23,26,32,32,32,45.02,45.04,44.42,45,360,3.5,0,0,0
11.16,192,0.24,0.25,0.25,11.0,11.0,11.0,0,-3.9,0.02,0.17,207.6,5.6,191,1,1,532,696,441,-2,453,11.0,52.4,385,31.5,29.9,0.6,3.8,2067.6,0,16.83,0,22.4,18.1,19.3,18.0,21.4,18.3,17.6,18.2,46,49.0,17,32,9.6,15.8,37,37,25,0,0,0,6,6,4,0,27,19,11,27,23,25,32,32,32,45.02,45.05,44.42,46,370,3.5,0,0,0
11.43,100,0.24,0.25,0.25,11.0,11.3,11.1,0,-5.6,0.06,0.1,207.6,5.6,192,1,1,551,697,465,1,467,11.2,55.7,399,33.0,31.3,0.7,3.8,2067.6,0,16.83,0,22.3,18.0,19.3,17.9,21.3,18.3,17.5,18.2,46,49.0,18,32,9.6,15.8,38,38,25,0,0,0,6,6,4,0,27,19,11,27,23,26,32,32,32,45.01,45.05,44.42,46,370,3.5,0,0,0
11.36,264,0.24,0.25,0.25,11.1,11.1,11.0,0,-3.1,0.03,0.1,207.4,5.5,190,1,1,551,698,465,0,469,11.1,55.7,400,31.4,30.0,0.6,3.8,2067.6,0,16.83,0,22.3,18.1,19.3,18.0,21.4,18.5,17.6,18.3,46,49.1,18,32,9.6,15.8,37,37,25,0,0,0,6,6,4,0,27,19,11,27,23,26,32,32,32,45.02,45.05,44.42,46,370,3.5,0,0,0
10.43,252,0.24,0.25,0.25,11.0,10.7,10.9,0,7.1,0.04,0.11,207.3,3.7,182,1,1,491,697,355,-1,359,10.1,46.2,334,31.6,30.0,0.6,3.8,2067.6,0,16.83,0,22.1,17.7,19.0,17.7,21.0,17.9,17.3,18.2,46,49.1,18,32,9.6,15.8,36,36,25,0,0,0,6,6,4,0,27,21,11,27,23,26,32,32,32,45.02,45.05,44.42,46,370,3.6,0,0,0
10.32,40,0.24,0.25,0.25,11.0,10.8,10.8,0,8.0,0.07,0.08,207.4,4.2,184,1,1,490,696,359,0,367,10.3,46.8,336,31.0,29.5,0.6,3.8,2067.6,0,16.83,0,22.2,17.8,19.0,17.7,21.1,18.2,17.4,18.2,46,49.0,18,32,9.6,15.8,36,36,25,0,0,0,6,6,4,0,27,21,11,27,23,25,32,32,32,45.02,45.04,44.43,45,370,3.6,0,0,0
10.64,64,0.24,0.25,0.25,11.0,11.3,11.0,0,4.5,0.14,0.1,207.4,6.3,181,1,1,500,698,377,1,383,10.5,49.0,351,30.1,28.6,0.6,3.8,2067.6,0,16.83,0,22.3,17.9,19.1,17.9,21.3,18.2,17.5,18.2,46,48.9,17,32,9.6,15.8,35,35,25,0,0,0,6,6,4,0,27,21,11,27,23,25,32,32,32,45.02,45.05,44.42,46,370,3.6,0,0,0
10.38,272,0.24,0.25,0.25,11.0,11.1,10.9,0,6.4,0.02,0.13,207.6,4.2,181,1,1,484,697,354,1,355,10.1,44.9,334,29.8,28.0,0.5,3.7,2048.0,0,16.8,0,22.3,17.9,19.1,17.9,21.3,18.2,17.4,18.2,46,48.9,17,32,9.6,15.8,35,35,25,0,0,0,6,6,4,0,27,21,11,27,23,26,32,32,32,45.02,45.04,44.43,46,370,3.6,0,0,0
10.47,40,0.24,0.25,0.25,11.0,10.7,10.9,0,11.9,0.03,0.1,207.3,5.4,182,1,1,489,697,362,2,360,10.3,45.5,337,31.2,30.0,0.6,3.8,2067.6,0,16.83,0,22.1,17.8,19.0,17.7,21.1,18.1,17.4,18.2,46,49.1,18,32,9.6,15.8,36,36,25,0,0,0,6,6,4,0,27,21,11,27,23,25,32,32,32,45.02,45.04,44.43,46,370,3.6,0,0,0
10.38,308,0.24,0.25,0.25,10.9,10.8,10.9,0,0.8,0.09,0.1,207.3,5.6,183,1,1,494,697,355,0,363,10.3,46.6,336,32.2,30.2,0.6,3.8,1764.8,0,16.38,0,22.0,17.6,18.9,17.6,20.9,18.0,17.2,18.1,46,49.0,17,32,9.7,15.8,37,37,25,0,0,0,6,6,4,0,27,21,11,27,23,25,32,32,32,45.02,45.05,44.42,45,370,3.6,0,0,0
11.36,212,0.24,0.25,0.25,11.1,11.3,11.0,0,1.2,0.07,0.11,207.3,5.5,186,1,1,550,698,462,1,473,11.0,55.7,399,28.6,28.0,0.9,4.1,2067.6,0,16.83,0,22.3,17.9,19.2,17.9,21.3,18.2,17.3,18.2,46,49.1,17,32,9.6,15.8,35,35,25,0,0,0,6,6,4,0,28,20,11,27,23,26,32,32,32,45.02,45.04,44.43,46,370,3.6,0,0,0
10.17,32,0.24,0.25,0.25,10.9,10.8,10.8,0,5.0,0.07,0.1,207.4,5.1,180,1,1,474,696,326,1,335,10.0,44.2,317,32.0,30.1,0.6,3.8,1912.6,0,16.6,0,22.1,17.7,19.0,17.6,21.0,18.1,17.4,18.2,46,48.8,18,32,9.7,15.8,36,36,25,0,0,0,6,6,4,0,27,21,11,27,23,25,32,32,32,45.01,45.04,44.43,45,360,3.5,0,0,0
10.22,184,0.24,0.25,0.25,11.0,11.0,10.9,0,14.8,0.03,0.11,207.6,4.8,179,1,1,481,697,343,0,341,10.1,45.4,329,31.6,29.9,0.7,3.8,2067.6,0,16.83,0,22.1,17.7,19.0,17.7,21.1,18.0,17.4,18.2,46,48.8,18,32,9.7,15.8,36,36,25,0,0,0,6,6,4,0,27,21,11,27,23,25,32,32,32,45.02,45.04,44.42,46,370,3.6,0,0,0
11.05,280,0.24,0.25,0.25,11.1,11.3,11.0,0,16.0,0.04,0.1,207.4,4.8,183,1,1,524,698,421,1,419,10.9,50.9,377,29.6,28.0,0.5,3.6,2067.6,0,16.83,0,22.3,17.9,19.2,17.9,21.3,18.2,17.3,18.2,46,49.0,17,32,9.6,15.8,35,35,25,0,0,0,6,6,4,0,27,21,11,27,23,25,32,32,32,45.02,45.04,44.43,46,370,3.6,0,0,0
10.38,200,0.24,0.25,0.25,11.0,10.9,11.0,0,0.4,0.01,0.1,207.6,6.0,182,1,1,492,697,358,-1,363,10.2,45.2,335,30.4,28.9,0.6,3.8,1960.1,0,16.67,0,22.3,17.8,19.1,17.9,21.2,18.0,17.4,18.2,46,49.1,17,32,9.6,15.8,35,35,25,0,0,0,6,6,4,0,27,21,11,27,23,26,32,32,32,45.02,45.04,44.42,46,370,3.6,0,0,0
10.32,188,0.24,0.25,0.25,11.0,10.7,10.7,0,-1.8,0.04,0.1,207.3,6.7,185,1,1,479,697,347,0,351,10.1,44.4,330,31.0,29.2,0.7,3.9,1917.8,0,16.61,0,22.2,17.8,19.0,17.7,21.1,18.1,17.5,18.2,46,49.1,17,32,9.6,15.8,36,36,25,0,0,0,6,6,4,0,27,21,11,27,23,25,32,32,32,45.02,45.05,44.42,45,360,3.6,0,0,0
10.37,40,0.24,0.25,0.25,10.9,11.1,10.9,0,1.7,0.06,0.1,207.4,4.9,184,1,1,486,697,351,1,358,10.1,46.6,332,31.6,29.3,0.7,3.8,1976.7,0,16.69,0,22.2,17.8,19.0,17.7,21.1,18.1,17.5,18.2,46,49.1,17,32,9.6,15.8,36,36,25,0,0,0,6,6,4,0,27,21,11,27,23,25,32,32,32,45.02,45.04,44.42,46,370,3.5,0,0,0
10.23,264,0.24,0.25,0.25,11.0,10.8,10.9,0,2.0,0.01,0.1,207.3,5.6,184,1,1,474,697,338,1,336,10.1,44.7,324,31.0,29.3,0.5,3.7,1917.8,0,16.61,0,22.2,17.9,19.1,17.7,21.2,18.2,17.5,18.2,46,48.9,17,32,9.6,15.8,36,35,25,0,0,0,6,6,4,0,27,21,11,27,23,25,32,32,32,45.02,45.04,44.42,46,370,3.5,0,0,0
11.03,208,0.24,0.25,0.25,11.1,11.3,11.0,0,13.6,0.03,0.1,207.6,4.7,183,1,1,521,698,429,1,435,10.8,50.9,379,29.3,27.3,0.5,3.7,2067.6,0,16.83,0,22.3,17.9,19.2,17.9,21.3,18.2,17.4,18.2,46,49.0,18,32,9.6,15.8,35,35,25,0,0,0,6,6,4,0,27,21,11,27,23,26,32,32,32,45.02,45.05,44.42,46,360,3.6,0,0,0
10.42,132,0.24,0.25,0.25,11.0,11.2,11.0,0,12.9,0.06,0.1,207.3,5.4,180,1,1,495,697,363,0,370,10.2,47.2,340,30.2,28.3,0.8,4.0,2067.6,0,16.83,0,22.3,17.9,19.1,17.9,21.3,18.4,17.6,18.2,46,49.1,18,32,9.6,15.8,35,35,25,0,0,0,6,6,4,0,27,21,11,27,23,26,32,32,32,45.02,45.05,44.42,45,370,3.6,0,0,0
11.48,44,0.24,0.25,0.25,11.1,11.0,11.0,0,-3.4,0.01,0.13,207.3,5.9,191,1,1,555,697,481,2,495,11.3,55.4,409,32.0,30.2,0.6,3.8,2067.6,0,16.83,0,22.4,18.0,19.3,18.0,21.4,18.4,17.5,18.2,46,49.0,18,32,9.6,15.8,37,37,25,0,0,0,6,6,4,0,27,19,11,27,23,26,32,32,32,45.02,45.04,44.43,46,360,3.6,0,0,0
9.92,248,0.24,0.25,0.25,10.9,10.8,10.9,0,5.1,0.02,0.11,207.4,5.7,181,1,1,462,696,309,1,308,9.7,41.3,304,32.1,30.1,0.6,3.8,1912.6,0,16.6,0,22.0,17.7,19.0,17.6,21.0,18.2,17.5,18.1,46,49.1,18,32,9.7,15.8,37,36,25,0,0,0,6,6,4,0,27,21,11,27,23,25,32,32,32,45.02,45.05,44.42,46,360,3.5,0,0,0
10.68,308,0.24,0.25,0.25,11.0,10.9,10.8,0,2.2,0.03,0.07,207.5,5.5,184,1,1,506,697,386,-3,394,10.5,48.2,352,32.4,30.7,0.7,3.9,1991.1,0,16.72,0,22.0,17.6,18.9,17.6,20.9,17.7,17.4,18.1,46,48.8,18,32,9.7,15.8,37,37,25,0,0,0,6,6,4,0,27,22,11,27,23,26,32,32,32,45.02,45.04,44.42,46,370,3.6,0,0,0
10.27,264,0.24,0.25,0.25,11.0,10.9,10.9,0,-1.0,0.05,0.08,207.6,5.3,183,1,1,488,698,342,0,345,10.1,43.9,325,30.6,28.9,0.6,3.8,1958.1,0,16.67,0,22.2,17.8,19.1,17.8,21.2,18.1,17.4,18.2,46,48.8,18,32,9.6,15.8,35,35,25,0,0,0,6,6,4,0,27,21,11,27,23,26,32,32,32,45.02,45.04,44.42,46,370,3.5,0,0,0
11.34,304,0.24,0.25,0.25,11.1,10.7,11.0,0,3.0,0.04,0.12,207.3,5.3,190,1,1,547,697,466,-1,461,11.2,54.8,400,27.2,27.5,0.5,3.7,2067.6,0,16.83,0,22.3,17.9,19.2,17.9,21.3,18.3,17.5,18.2,46,49.1,18,32,9.6,15.8,34,34,25,0,0,0,6,6,4,0,28,20,11,27,23,26,32,32,32,45.01,45.04,44.42,46,370,3.5,0,0,0
11.43,152,0.24,0.25,0.25,11.1,10.8,11.0,0,-0.9,0.03,0.1,207.4,6.4,186,1,1,552,698,469,1,463,11.2,55.9,402,27.9,26.3,0.4,4.0,2067.6,0,16.83,0,22.2,17.9,19.2,17.9,21.3,18.2,17.6,18.2,46,49.0,18,32,9.6,15.8,34,34,25,0,0,0,6,6,4,0,28,20,11,27,23,25,32,32,32,45.02,45.05,44.43,46,370,3.6,0,0,0
10.71,96,0.24,0.25,0.25,11.0,10.7,10.8,0,1.7,0.03,0.08,207.4,6.1,184,1,1,501,697,379,1,388,10.5,48.4,349,32.2,30.8,0.7,3.9,1991.1,0,16.72,0,22.0,17.6,18.9,17.6,20.9,17.9,17.3,18.1,46,48.8,17,32,9.8,15.8,37,37,25,0,0,0,6,6,4,0,27,22,11,27,23,25,32,32,32,45.02,45.04,44.42,46,360,3.6,0,0,0
10.43,204,0.24,0.25,0.25,11.0,10.9,11.0,0,12.9,-0.02,0.12,207.4,4.4,180,1,1,493,697,361,-1,370,10.3,45.7,339,29.6,28.1,0.8,4.0,2067.6,0,16.83,0,22.3,17.9,19.2,17.9,21.3,18.4,17.6,18.2,46,49.0,18,32,9.6,15.8,35,35,25,0,0,0,6,6,4,0,27,21,11,27,23,25,32,32,32,45.02,45.04,44.42,46,370,3.6,0,0,0
10.53,352,0.24,0.25,0.25,11.0,10.9,11.0,0,7.8,0.05,0.11,207.2,5.5,181,1,1,494,697,363,0,368,10.3,46.2,340,29.9,28.3,0.7,3.9,2067.6,0,16.83,0,22.2,17.9,19.1,17.9,21.3,18.3,17.6,18.2,46,49.0,18,32,9.6,15.8,35,35,25,0,0,0,6,6,4,0,27,21,11,27,23,26,32,32,32,45.02,45.05,44.42,46,370,3.5,0,0,0
10.42,56,0.24,0.25,0.25,11.0,10.7,10.9,0,1.9,0.13,0.08,207.3,5.3,182,1,1,491,697,355,1,352,10.2,46.4,336,29.7,28.4,0.5,3.7,2048.0,0,16.8,0,22.3,17.9,19.1,17.9,21.3,18.2,17.4,18.2,46,49.1,18,32,9.6,15.8,35,35,25,0,0,0,6,6,4,0,27,21,11,27,23,26,32,32,32,45.02,45.05,44.42,46,370,3.5,0,0,0
11.15,184,0.24,0.25,0.25,11.0,11.1,11.0,0,-7.4,0.0,0.1,207.4,4.8,192,1,1,535,696,444,-3,437,10.9,54.0,387,31.8,30.4,0.6,3.8,2067.6,0,16.83,0,22.4,18.0,19.3,17.9,21.4,18.1,17.6,18.2,46,48.9,18,32,9.6,15.8,38,38,25,0,0,0,6,6,4,0,27,19,11,27,23,26,32,32,32,45.02,45.04,44.42,45,370,3.5,0,0,0
9.98,104,0.24,0.25,0.25,10.9,10.7,10.9,0,4.7,-0.07,0.08,207.6,5.1,181,1,1,472,697,317,0,314,9.8,43.4,307,31.8,30.2,0.7,3.8,1805.1,0,16.44,0,22.1,17.6,18.9,17.6,20.9,17.9,17.4,18.2,46,49.1,18,32,9.6,15.8,37,36,25,0,0,0,6,6,4,0,27,21,11,27,23,26,32,32,32,45.02,45.04,44.42,46,370,3.6,0,0,0
10.05,32,0.24,0.25,0.25,11.0,10.9,10.8,0,5.9,0.02,0.1,207.3,4.6,180,1,1,472,697,322,2,328,9.8,42.6,315,32.0,30.2,0.6,3.8,1912.6,0,16.6,0,22.1,17.7,19.0,17.6,21.0,18.0,17.4,18.2,46,48.7,18,32,9.7,15.8,36,36,25,0,0,0,6,6,4,0,27,21,11,27,23,26,32,32,32,45.02,45.05,44.43,46,370,3.6,0,0,0
10.43,60,0.24,0.25,0.25,11.0,11.1,11.0,0,11.8,0.03,0.1,207.5,4.9,180,1,1,494,697,364,0,368,10.3,47.8,340,30.2,28.6,0.8,4.0,2067.6,0,16.83,0,22.2,17.9,19.1,17.9,21.3,18.3,17.6,18.2,46,49.1,17,32,9.6,15.8,35,35,25,0,0,0,6,6,4,0,27,21,11,27,23,25,32,32,32,45.02,45.05,44.42,45,380,3.6,0,0,0
11.59,0,0.24,0.25,0.25,11.1,11.1,11.1,0,3.0,0.03,0.12,207.9,5.4,185,1,1,566,698,495,-1,496,11.4,57.9,417,30.2,28.1,0.2,3.7,2067.6,0,16.83,0,22.3,17.9,19.2,17.9,21.3,18.3,17.4,18.2,46,49.0,17,32,9.6,15.8,35,36,25,0,0,0,6,6,4,0,28,20,11,27,23,26,32,32,32,45.02,45.05,44.41,46,370,3.6,0,0,0
9.91,104,0.24,0.25,0.25,10.9,10.8,10.8,0,4.5,0.1,0.1,207.6,5.5,181,1,1,460,696,304,1,304,9.7,42.3,301,31.9,30.4,0.7,3.8,1805.1,0,16.44,0,22.0,17.7,19.0,17.6,21.0,18.1,17.5,18.1,46,49.0,18,32,9.6,15.8,37,36,25,0,0,0,6,6,4,0,27,21,11,27,23,25,32,32,32,45.02,45.05,44.42,46,370,3.6,0,0,0
10.37,24,0.24,0.25,0.25,10.9,10.9,11.0,0,-0.6,0.06,0.1,207.3,5.3,183,1,1,485,697,348,0,354,10.2,45.0,331,32.3,30.3,0.6,3.8,1764.8,0,16.38,0,22.0,17.6,18.9,17.6,20.9,18.0,17.2,18.2,46,48.9,17,32,9.6,15.8,37,37,25,0,0,0,6,6,4,0,27,21,11,27,23,26,32,32,32,45.02,45.04,44.43,46,370,3.5,0,0,0
10.12,320,0.24,0.25,0.25,10.9,10.9,10.8,0,4.3,0.03,0.1,207.3,4.6,180,1,1,475,696,328,1,332,10.0,44.3,320,32.1,30.1,0.6,3.8,1912.6,0,16.6,0,22.1,17.7,19.0,17.7,21.0,18.1,17.4,18.2,46,48.8,18,32,9.7,15.8,36,36,25,0,0,0,6,6,4,0,27,21,11,27,23,26,32,32,32,45.01,45.05,44.43,45,360,3.6,0,0,0
10.23,336,0.24,0.25,0.25,11.0,10.6,10.9,0,2.2,0.05,0.13,207.5,5.4,184,1,1,482,697,339,1,341,10.1,44.9,325,30.7,28.9,0.5,3.7,1917.8,0,16.61,0,22.2,17.9,19.1,17.7,21.2,18.2,17.5,18.2,46,48.9,18,32,9.6,15.8,36,36,25,0,0,0,6,6,4,0,27,21,11,27,23,26,32,32,32,45.02,45.04,44.42,46,370,3.5,0,0,0
10.01,244,0.24,0.25,0.25,10.9,11.0,11.1,0,8.0,-0.05,0.08,207.5,5.1,181,1,1,470,697,316,0,325,9.8,42.5,310,31.9,30.2,0.7,3.8,1805.1,0,16.44,0,22.1,17.6,18.9,17.6,20.9,17.9,17.4,18.2,46,49.0,17,32,9.6,15.8,37,36,25,0,0,0,6,6,4,0,27,21,11,27,23,26,32,32,32,45.02,45.04,44.43,46,360,3.5,0,0,0
11.06,328,0.24,0.25,0.25,11.0,10.8,11.0,0,-9.1,0.04,0.11,207.4,4.9,192,1,1,533,697,439,0,441,10.9,53.8,385,32.3,30.7,0.7,3.8,2067.6,0,16.83,0,22.3,18.0,19.3,17.9,21.4,18.2,17.6,18.2,46,49.0,18,32,9.6,15.8,38,38,25,0,0,0,6,6,4,0,27,19,11,27,23,26,32,32,32,45.02,45.05,44.42,46,360,3.6,0,0,0
10.32,344,0.24,0.25,0.25,11.0,10.9,10.9,0,3.5,0.07,0.1,207.6,3.9,181,1,1,488,697,351,0,351,10.1,46.3,332,30.6,28.3,0.5,3.7,2048.0,0,16.8,0,22.2,17.9,19.1,17.9,21.3,18.3,17.4,18.2,46,49.0,17,32,9.6,15.8,35,35,25,0,0,0,6,6,4,0,27,21,11,27,23,26,32,32,32,45.02,45.04,44.42,46,370,3.6,0,0,0
10.43,240,0.24,0.25,0.25,10.9,10.7,10.7,0,2.0,0.03,0.1,207.5,4.9,183,1,1,489,697,355,0,358,10.2,46.8,335,32.1,30.5,0.6,3.8,1764.8,0,16.38,0,22.0,17.6,18.9,17.6,20.9,18.0,17.2,18.1,46,49.0,18,32,9.6,15.8,37,37,25,0,0,0,6,6,4,0,27,21,11,27,23,26,32,32,32,45.02,45.05,44.43,45,360,3.6,0,0,0
10.47,116,0.24,0.25,0.25,11.0,11.2,11.1,0,1.2,0.06,0.1,207.6,5.3,185,1,1,489,697,358,1,366,10.2,45.1,335,31.1,29.5,0.6,3.8,1976.7,0,16.69,0,22.2,17.8,19.0,17.7,21.1,18.2,17.4,18.2,46,49.0,18,32,9.6,15.8,36,36,25,0,0,0,6,6,4,0,27,21,11,27,23,26,32,32,32,45.02,45.04,44.42,46,370,3.5,0,0,0
11.78,212,0.24,0.25,0.25,11.2,10.8,11.2,0,6.0,0.03,0.13,207.5,5.2,185,1,1,586,699,528,-2,534,11.7,58.1,434,29.4,27.3,0.2,3.8,2067.6,0,16.83,0,22.3,17.9,19.1,17.9,21.3,18.2,17.5,18.2,46,48.9,17,32,9.6,15.8,35,35,25,0,0,0,6,6,4,0,28,20,11,27,23,26,32,32,32,45.01,45.05,44.43,46,370,3.6,0,0,0
10.32,196,0.24,0.25,0.25,11.0,11.0,11.0,0,9.0,0.08,0.1,207.3,4.6,182,1,1,487,697,350,1,358,10.1,45.5,332,30.8,29.0,0.7,3.9,1960.1,0,16.67,0,22.2,17.9,19.1,17.8,21.2,18.1,17.5,18.2,46,49.1,18,32,9.6,15.8,35,35,25,0,0,0,6,6,4,0,27,21,11,27,23,26,32,32,32,45.02,45.04,44.43,45,370,3.6,0,0,0
11.07,108,0.24,0.25,0.25,11.0,10.9,11.0,0,-3.7,0.03,0.1,207.6,5.9,192,1,1,529,696,430,-2,438,10.9,51.3,379,32.4,30.9,0.7,3.9,2067.6,0,16.83,0,22.3,18.0,19.3,17.9,21.4,18.4,17.7,18.2,46,49.1,17,32,9.6,15.8,38,38,25,0,0,0,6,6,4,0,27,19,11,27,23,26,32,32,32,45.02,45.04,44.42,46,370,3.6,0,0,0
11.47,72,0.24,0.25,0.25,11.1,11.3,11.0,0,-3.4,0.08,0.1,207.2,5.2,186,1,1,556,698,478,0,479,11.2,56.6,407,29.8,28.1,0.2,3.4,2067.6,0,16.83,0,22.3,17.9,19.2,17.9,21.3,18.3,17.3,18.2,46,49.0,17,32,9.6,15.8,36,36,25,0,0,0,6,6,4,0,28,20,11,27,23,26,32,32,32,45.02,45.04,44.43,46,370,3.6,0,0,0
11.48,156,0.24,0.25,0.25,11.2,11.3,11.1,0,2.9,0.05,0.13,207.4,5.7,189,1,1,547,698,466,-2,463,11.2,55.0,399,27.2,27.3,0.5,3.7,2067.6,0,16.83,0,22.3,18.0,19.2,17.9,21.3,18.3,17.5,18.2,46,49.0,18,32,9.6,15.8,34,34,25,0,0,0,6,6,4,0,28,20,11,27,23,26,32,32,32,45.02,45.04,44.42,46,360,3.6,0,0,0
11.58,220,0.24,0.25,0.25,11.1,10.8,11.1,0,-0.4,0.03,0.11,207.5,6.0,185,1,1,559,698,484,1,486,11.3,55.0,410,28.8,27.0,0.3,3.9,2067.6,0,16.83,0,22.3,17.9,19.2,17.9,21.3,18.2,17.5,18.2,46,49.1,18,32,9.6,15.8,34,35,25,0,0,0,6,6,4,0,28,20,11,27,23,26,32,32,32,45.02,45.05,44.42,46,370,3.5,0,0,0
10.11,100,0.24,0.25,0.25,11.0,10.6,10.8,0,5.3,0.05,0.06,207.4,6.0,181,1,1,476,697,327,-1,334,9.9,42.4,317,32.1,30.6,0.7,3.8,1805.1,0,16.44,0,22.1,17.6,18.9,17.6,20.9,17.9,17.3,18.2,46,48.9,18,32,9.6,15.8,37,36,25,0,0,0,6,6,4,0,27,21,11,27,23,26,32,32,32,45.01,45.04,44.43,46,370,3.6,0,0,0
11.49,228,0.24,0.25,0.25,11.1,11.3,11.0,0,3.7,0.04,0.11,207.4,5.1,188,1,1,560,698,478,1,475,11.3,54.4,408,27.0,26.9,0.5,3.7,2067.6,0,16.83,0,22.3,17.9,19.2,17.9,21.3,18.2,17.4,18.2,46,49.0,18,32,9.6,15.8,34,34,25,0,0,0,6,6,4,0,28,20,11,27,23,25,32,32,32,45.02,45.04,44.42,45,370,3.6,0,0,0
11.35,20,0.24,0.25,0.25,11.1,11.3,11.0,0,-6.3,0.08,0.12,207.4,6.4,191,1,1,544,697,462,-1,457,11.1,55.4,397,30.9,31.1,0.5,3.7,2067.6,0,16.83,0,22.3,18.0,19.2,17.9,21.4,18.3,17.5,18.2,46,49.0,18,32,9.6,15.8,37,37,25,0,0,0,6,6,4,0,28,20,11,27,23,26,32,32,32,45.01,45.05,44.42,46,370,3.5,0,0,0
10.52,324,0.24,0.25,0.25,11.0,11.1,11.0,0,11.0,0.03,0.1,207.7,4.8,182,1,1,492,697,363,2,360,10.3,47.6,340,31.5,29.7,0.6,3.8,2067.6,0,16.83,0,22.1,17.8,19.0,17.7,21.1,18.1,17.5,18.2,46,48.9,18,32,9.6,15.8,36,36,25,0,0,0,6,6,4,0,27,21,11,27,23,26,32,32,32,45.02,45.04,44.43,45,370,3.6,0,0,0
10.22,48,0.24,0.25,0.25,11.0,10.8,10.9,0,1.2,0.08,0.08,207.6,4.9,184,1,1,476,697,337,-2,333,10.1,43.4,322,30.9,29.1,0.5,3.7,1917.8,0,16.61,0,22.2,17.9,19.1,17.7,21.2,18.2,17.5,18.2,46,48.8,18,32,9.6,15.8,36,35,25,0,0,0,6,6,4,0,27,21,11,27,23,25,32,32,32,45.02,45.04,44.43,46,370,3.6,0,0,0
10.43,340,0.24,0.25,0.25,11.0,10.8,11.0,0,4.0,0.0,0.11,207.3,5.5,182,1,1,486,697,348,0,356,10.2,46.0,330,30.4,28.5,0.7,3.9,1960.1,0,16.67,0,22.2,17.9,19.1,17.8,21.2,18.0,17.4,18.2,46,49.0,18,32,9.6,15.8,35,35,25,0,0,0,6,6,4,0,27,21,11,27,23,26,32,32,32,45.02,45.04,44.42,46,380,3.6,0,0,0
10.43,196,0.24,0.25,0.25,10.9,11.1,11.0,0,4.2,0.0,0.14,207.5,4.6,182,1,1,484,697,351,1,358,10.2,45.9,333,30.5,28.6,0.7,3.9,1960.1,0,16.67,0,22.3,17.8,19.1,17.8,21.2,17.9,17.4,18.2,46,48.9,18,32,9.6,15.8,35,35,25,0,0,0,6,6,4,0,27,21,11,27,23,26,32,32,32,45.02,45.04,44.42,46,360,3.6,0,0,0
11.69,4,0.24,0.25,0.25,11.1,11.3,11.1,0,-2.4,0.08,0.1,207.4,6.9,186,1,1,573,698,500,0,506,11.4,56.2,421,28.9,27.0,0.3,3.9,2067.6,0,16.83,0,22.3,18.0,19.2,17.9,21.4,18.4,17.5,18.2,46,49.1,17,32,9.6,15.8,35,35,25,0,0,0,6,6,4,0,28,20,11,27,23,26,32,32,32,45.02,45.04,44.42,46,370,3.5,0,0,0
9.81,32,0.24,0.25,0.25,10.9,10.7,10.8,0,5.1,-0.02,0.06,207.6,4.7,181,1,1,466,697,308,1,306,9.7,41.5,301,32.1,30.2,0.6,3.8,1805.1,0,16.44,0,22.0,17.7,19.0,17.6,21.0,18.2,17.5,18.1,46,49.0,17,32,9.7,15.8,37,36,25,0,0,0,6,6,4,0,27,21,11,27,23,26,32,32,32,45.02,45.05,44.42,46,370,3.5,0,0,0
11.59,172,0.24,0.25,0.25,11.2,11.2,11.1,0,4.5,0.05,0.1,207.4,5.3,190,1,1,566,697,487,0,493,11.3,57.4,412,32.8,31.2,0.7,3.9,2067.6,0,16.83,0,22.3,18.0,19.2,17.9,21.3,18.1,17.5,18.2,46,48.9,17,32,9.6,15.8,38,39,25,0,0,0,6,6,4,0,27,19,11,27,23,25,32,32,32,45.02,45.04,44.42,46,370,3.6,0,0,0
10.33,128,0.24,0.25,0.25,11.0,11.1,11.0,0,2.5,0.05,0.11,207.4,4.8,181,1,1,485,698,353,0,358,10.1,45.8,334,30.2,28.6,0.5,3.7,1960.1,0,16.67,0,22.2,17.9,19.1,17.9,21.3,18.3,17.5,18.2,46,49.1,18,32,9.6,15.8,35,35,25,0,0,0,6,6,4,0,27,21,11,27,23,26,32,32,32,45.02,45.04,44.42,46,370,3.5,0,0,0
11.15,108,0.24,0.25,0.25,11.1,11.2,11.0,0,-3.9,0.07,0.12,207.4,5.3,191,1,1,540,697,446,0,452,11.1,53.4,389,32.1,30.3,0.6,3.8,2067.6,0,16.83,0,22.3,18.0,19.3,18.0,21.4,18.2,17.5,18.2,46,49.0,17,32,9.6,15.8,38,38,25,0,0,0,6,6,4,0,27,19,11,27,23,26,32,32,32,45.02,45.04,44.42,46,360,3.6,0,0,0
10.22,36,0.24,0.25,0.25,11.0,10.9,10.8,0,11.7,-0.02,0.13,207.3,5.1,179,1,1,480,697,338,1,338,10.0,43.6,323,31.7,29.8,0.6,3.8,2067.6,0,16.83,0,22.1,17.7,19.0,17.7,21.1,18.0,17.5,18.2,46,48.8,18,32,9.7,15.8,36,36,25,0,0,0,6,6,4,0,27,21,11,27,23,25,32,32,32,45.02,45.04,44.43,46,360,3.6,0,0,0
10.95,196,0.24,0.25,0.25,11.0,10.7,11.0,0,-1.3,0.03,0.1,207.3,5.8,191,1,1,524,697,418,0,418,10.8,51.9,372,30.9,29.3,0.6,3.8,2067.6,0,16.83,0,22.4,18.1,19.3,18.0,21.4,18.2,17.7,18.2,46,49.0,17,32,9.6,15.8,36,36,25,0,0,0,6,6,4,0,27,19,11,27,23,26,32,32,32,45.02,45.05,44.42,46,360,3.5,0,0,0
11.68,292,0.24,0.25,0.25,11.2,11.3,11.1,0,-3.5,0.0,0.12,207.5,6.9,186,1,1,570,698,497,1,507,11.4,58.0,419,28.6,27.0,0.3,3.9,2067.6,0,16.83,0,22.3,17.9,19.2,17.9,21.3,18.3,17.5,18.2,46,49.0,18,32,9.6,15.8,34,35,25,0,0,0,6,6,4,0,28,20,11,27,23,26,32,32,32,45.02,45.04,44.42,45,370,3.6,0,0,0
11.48,152,0.24,0.25,0.25,11.1,10.7,11.0,0,4.3,0.0,0.11,207.6,5.9,185,1,1,565,698,482,0,479,11.3,55.3,410,28.4,26.4,0.4,4.0,2067.6,0,16.83,0,22.3,17.9,19.2,17.9,21.3,18.3,17.6,18.2,46,49.1,17,32,9.6,15.8,34,34,25,0,0,0,6,6,4,0,28,20,11,27,23,26,32,32,32,45.02,45.04,44.42,46,380,3.6,0,0,0
11.33,300,0.24,0.25,0.25,11.1,10.8,11.0,0,-1.6,0.03,0.08,207.4,4.9,192,1,1,548,697,465,1,459,11.1,54.1,400,28.3,29.1,0.5,3.6,2067.6,0,16.83,0,22.3,17.9,19.2,17.9,21.3,18.3,17.4,18.2,46,49.1,17,32,9.6,15.8,35,35,25,0,0,0,6,6,4,0,28,20,11,27,23,25,32,32,32,45.01,45.04,44.42,46,370,3.6,0,0,0
10.95,36,0.24,0.25,0.25,11.0,10.8,11.0,0,-6.4,0.04,0.1,207.3,4.6,192,1,1,524,696,424,-2,428,10.8,51.1,375,32.6,31.1,0.6,3.8,2067.6,0,16.83,0,22.3,18.0,19.3,17.9,21.4,18.4,17.7,18.2,46,49.0,17,32,9.6,15.8,38,38,25,0,0,0,6,6,4,0,27,19,11,27,23,26,32,32,32,45.02,45.04,44.42,46,370,3.6,0,0,0
11.16,48,0.24,0.25,0.25,11.0,10.8,11.0,0,-2.6,-0.02,0.17,207.4,5.4,191,1,1,532,697,442,-1,453,11.0,52.8,384,31.2,29.7,0.6,3.8,2067.6,0,16.83,0,22.4,18.1,19.3,18.0,21.4,18.3,17.7,18.2,46,49.1,17,32,9.6,15.8,37,37,25,0,0,0,6,6,4,0,27,19,11,27,23,26,32,32,32,45.02,45.05,44.42,46,370,3.6,0,0,0
10.84,64,0.24,0.25,0.25,11.1,10.7,11.0,0,17.9,0.06,0.1,207.2,4.7,182,1,1,521,698,415,0,418,10.7,51.9,371,29.7,27.8,0.4,3.6,2067.6,0,16.83,0,22.3,17.9,19.2,17.9,21.3,18.2,17.3,18.2,46,49.0,18,32,9.6,15.8,35,35,25,0,0,0,6,6,4,0,27,21,11,27,23,26,32,32,32,45.02,45.04,44.42,46,370,3.5,0,0,0
11.79,216,0.24,0.25,0.25,11.1,10.8,11.1,0,-1.2,0.03,0.1,207.3,5.9,186,1,1,584,699,511,-1,523,11.6,59.0,425,29.0,27.1,0.3,3.9,2067.6,0,16.83,0,22.2,18.0,19.2,17.9,21.4,18.5,17.6,18.2,46,49.0,17,32,9.6,15.8,35,35,25,0,0,0,6,6,4,0,28,20,11,27,23,25,32,32,32,45.02,45.05,44.42,46,380,3.6,0,0,0
10.89,104,0.24,0.25,0.25,11.0,10.7,11.0,0,-6.4,0.02,0.08,207.2,5.3,192,1,1,523,697,413,0,420,10.8,49.7,371,32.6,31.0,0.7,3.8,2067.6,0,16.83,0,22.3,18.0,19.3,17.9,21.4,18.3,17.6,18.3,46,48.9,17,32,9.6,15.8,38,38,25,0,0,0,6,6,4,0,27,19,11,27,23,26,32,32,32,45.02,45.05,44.42,46,370,3.5,0,0,0
10.43,188,0.24,0.25,0.25,10.9,11.1,11.1,0,2.1,0.03,0.1,207.7,4.1,185,1,1,489,696,356,0,365,10.2,45.2,335,31.1,29.4,0.6,3.8,1976.7,0,16.69,0,22.2,17.8,19.0,17.7,21.1,18.2,17.4,18.2,46,49.1,17,32,9.6,15.8,36,36,25,0,0,0,6,6,4,0,27,21,11,27,23,25,32,32,32,45.02,45.05,44.43,46,370,3.6,0,0,0
11.21,340,0.24,0.25,0.25,11.0,10.8,11.0,0,-0.3,0.03,0.06,207.6,5.3,190,1,1,544,697,456,1,459,11.0,53.6,394,31.4,29.7,0.6,3.8,2067.6,0,16.83,0,22.4,18.1,19.3,18.0,21.4,18.3,17.7,18.2,46,49.0,18,32,9.6,15.8,37,37,25,0,0,0,6,6,4,0,27,19,11,27,23,25,32,32,32,45.02,45.05,44.42,46,370,3.6,0,0,0
11.47,156,0.24,0.25,0.25,11.2,11.2,11.1,0,5.6,0.02,0.09,207.7,4.6,187,1,1,559,698,479,0,479,11.3,55.3,409,27.2,26.9,0.4,3.9,2067.6,0,16.83,0,22.3,17.9,19.2,17.9,21.3,18.0,17.4,18.2,46,49.1,18,32,9.6,15.8,34,34,25,0,0,0,6,6,4,0,28,20,11,27,23,26,32,32,32,45.02,45.04,44.42,46,370,3.6,0,0,0
10.64,236,0.24,0.25,0.25,11.0,10.8,10.8,0,4.3,0.04,0.08,207.4,5.7,184,1,1,499,697,377,0,386,10.4,48.1,349,32.6,30.6,0.7,3.9,1991.1,0,16.72,0,22.0,17.6,18.9,17.6,20.9,17.9,17.3,18.1,46,48.9,18,32,9.8,15.8,37,37,25,0,0,0,6,6,4,0,27,22,11,27,23,26,32,32,32,45.02,45.04,44.43,46,370,3.6,0,0,0
11.36,260,0.24,0.25,0.25,11.1,11.1,11.0,0,-7.6,0.1,0.12,207.3,5.6,192,1,1,548,697,464,-1,455,11.1,54.7,398,32.1,30.3,0.6,3.8,2067.6,0,16.83,0,22.4,18.0,19.3,18.0,21.4,18.3,17.5,18.2,46,49.0,18,32,9.6,15.8,37,37,25,0,0,0,6,6,4,0,27,19,11,27,23,26,32,32,32,45.02,45.05,44.43,46,370,3.5,0,0,0
10.32,268,0.24,0.25,0.25,11.0,11.2,11.0,0,8.9,0.03,0.12,207.4,5.5,181,1,1,485,697,347,-1,353,10.1,46.2,330,31.0,29.1,0.7,3.9,1960.1,0,16.67,0,22.2,17.9,19.1,17.8,21.3,18.2,17.5,18.2,46,49.0,17,32,9.6,15.8,35,35,25,0,0,0,6,6,4,0,27,21,11,27,23,25,32,32,32,45.02,45.04,44.43,45,370,3.5,0,0,0
11.36,80,0.24,0.25,0.25,11.1,10.7,11.1,0,2.9,0.03,0.1,207.6,5.2,186,1,1,549,697,473,-1,471,11.2,54.7,404,27.4,26.3,0.4,4.0,2067.6,0,16.83,0,22.3,17.9,19.2,17.9,21.3,18.1,17.6,18.2,46,49.1,17,32,9.6,15.8,34,34,25,0,0,0,6,6,4,0,28,20,11,27,23,26,32,32,32,45.02,45.05,44.43,45,370,3.5,0,0,0
10.96,108,0.24,0.25,0.25,11.0,10.9,11.0,0,-5.5,-0.02,0.1,207.3,5.2,192,1,1,526,697,421,1,426,10.8,50.9,375,32.3,30.7,0.7,3.8,2067.6,0,16.83,0,22.3,18.0,19.3,17.9,21.4,18.3,17.6,18.2,46,49.0,18,32,9.6,15.8,38,38,25,0,0,0,6,6,4,0,27,19,11,27,23,26,32,32,32,45.02,45.05,44.42,46,370,3.5,0,0,0
11.26,164,0.24,0.25,0.25,11.1,10.6,11.0,0,-6.3,0.03,0.11,207.4,6.6,191,1,1,543,697,455,0,452,11.1,53.1,394,31.4,31.6,0.6,3.7,2067.6,0,16.83,0,22.3,18.0,19.2,17.9,21.4,18.3,17.4,18.2,46,49.1,18,32,9.6,15.8,38,38,25,0,0,0,6,6,4,0,28,20,11,27,23,26,32,32,32,45.01,45.04,44.43,46,370,3.6,0,0,0
11.27,160,0.24,0.25,0.25,11.1,10.8,11.0,0,-8.8,0.04,0.09,207.6,6.2,191,1,1,539,697,448,0,457,11.1,54.6,389,33.1,31.5,0.6,3.8,2067.6,0,16.83,0,22.3,18.0,19.2,17.9,21.3,18.2,17.6,18.2,46,49.0,18,32,9.6,15.8,39,39,25,0,0,0,6,6,4,0,27,20,11,27,23,26,32,32,32,45.02,45.05,44.42,46,370,3.6,0,0,0
11.79,216,0.24,0.25,0.25,11.2,10.7,11.1,0,3.9,0.01,0.11,207.6,5.9,185,1,1,584,698,527,-1,526,11.6,59.1,434,29.4,27.2,0.3,3.8,2067.6,0,16.83,0,22.3,17.9,19.1,17.9,21.3,18.4,17.6,18.2,46,49.1,17,32,9.6,15.8,35,35,25,0,0,0,6,6,4,0,28,20,11,27,23,25,32,32,32,45.02,45.05,44.43,46,360,3.6,0,0,0
11.58,72,0.24,0.25,0.25,11.1,11.4,11.1,0,3.0,0.05,0.08,207.2,6.0,185,1,1,567,698,492,-1,497,11.4,56.1,416,29.9,28.1,0.2,3.6,2067.6,0,16.83,0,22.3,17.9,19.2,17.9,21.3,18.4,17.4,18.2,46,48.9,18,32,9.6,15.8,35,36,25,0,0,0,6,6,4,0,28,20,11,27,23,26,32,32,32,45.02,45.05,44.41,45,370,3.6,0,0,0
10.22,124,0.24,0.25,0.25,11.0,11.1,11.0,0,1.1,0.03,0.11,207.2,5.5,184,1,1,481,697,338,-1,336,10.0,44.3,323,31.0,29.3,0.5,3.7,1958.1,0,16.67,0,22.2,17.9,19.1,17.7,21.2,18.1,17.5,18.2,46,48.7,17,32,9.6,15.8,36,35,25,0,0,0,6,6,4,0,27,21,11,27,23,26,32,32,32,45.02,45.05,44.42,46,370,3.5,0,0,0
11.41,68,0.24,0.25,0.25,11.1,11.2,11.1,0,-5.7,0.04,0.11,207.6,4.4,187,1,1,552,698,468,1,474,11.2,55.1,401,29.7,28.3,0.1,3.4,2067.6,0,16.83,0,22.3,17.9,19.1,17.9,21.3,18.3,17.3,18.2,46,49.0,17,32,9.6,15.8,36,36,25,0,0,0,6,6,4,0,28,20,11,27,23,26,32,32,32,45.02,45.04,44.42,46,370,3.5,0,0,0
11.37,292,0.24,0.25,0.25,11.1,11.3,11.1,0,5.8,0.06,0.11,207.5,5.1,185,1,1,553,698,469,-1,465,11.2,56.1,402,27.5,26.4,0.4,4.0,2067.6,0,16.83,0,22.2,17.9,19.2,17.9,21.3,18.1,17.6,18.2,46,49.0,17,32,9.6,15.8,34,34,25,0,0,0,6,6,4,0,28,20,11,27,23,25,32,32,32,45.02,45.05,44.42,46,370,3.6,0,0,0
10.42,272,0.24,0.25,0.25,11.0,10.7,10.9,0,1.1,-0.02,0.12,207.6,6.1,182,1,1,484,697,356,0,363,10.2,45.2,334,30.6,28.7,0.6,3.8,1960.1,0,16.67,0,22.3,17.8,19.1,17.9,21.2,18.0,17.4,18.2,46,49.1,17,32,9.6,15.8,35,35,25,0,0,0,6,6,4,0,27,21,11,27,23,26,32,32,32,45.02,45.04,44.42,46,370,3.6,0,0,0
11.22,284,0.24,0.25,0.25,11.1,11.1,11.0,0,4.1,0.01,0.11,207.4,4.9,185,1,1,543,697,453,-1,459,11.0,54.1,393,29.1,27.9,0.7,3.8,2067.6,0,16.83,0,22.3,17.9,19.2,17.9,21.3,18.2,17.3,18.2,46,49.0,18,32,9.6,15.8,35,35,25,0,0,0,6,6,4,0,27,20,11,27,23,25,32,32,32,45.02,45.04,44.42,46,370,3.6,0,0,0
10.43,44,0.24,0.25,0.25,11.0,10.9,11.1,0,1.2,0.04,0.12,207.6,4.7,185,1,1,492,697,359,1,360,10.2,45.5,336,31.1,29.3,0.6,3.8,1976.7,0,16.69,0,22.2,17.8,19.0,17.7,21.1,18.2,17.4,18.2,46,49.1,17,32,9.6,15.8,36,36,25,0,0,0,6,6,4,0,27,21,11,27,23,26,32,32,32,45.02,45.04,44.42,46,370,3.5,0,0,0
10.48,280,0.24,0.25,0.25,11.0,10.6,11.0,0,6.7,-0.02,0.1,207.3,5.6,181,1,1,496,698,371,1,376,10.3,47.6,346,30.2,28.4,0.7,3.9,2067.6,0,16.83,0,22.2,17.9,19.1,17.9,21.3,18.3,17.6,18.2,46,49.0,18,32,9.6,15.8,35,35,25,0,0,0,6,6,4,0,27,21,11,27,23,26,32,32,32,45.02,45.05,44.43,46,370,3.5,0,0,0
11.05,336,0.24,0.25,0.25,11.0,10.8,11.0,0,-8.2,0.04,0.14,207.3,5.9,192,1,1,528,697,432,-3,433,10.9,51.0,380,31.7,30.0,0.6,3.8,2067.6,0,16.83,0,22.4,18.1,19.3,18.0,21.4,18.3,17.7,18.2,46,49.1,17,32,9.6,15.8,36,37,25,0,0,0,6,6,4,0,27,19,11,27,23,25,32,32,32,45.02,45.04,44.42,45,380,3.6,0,0,0
11.27,36,0.24,0.25,0.25,11.1,11.1,11.0,0,-4.3,0.07,0.14,207.6,5.9,191,1,1,536,697,451,0,456,11.1,52.7,393,32.0,30.4,0.6,3.8,2067.6,0,16.83,0,22.4,18.0,19.3,18.0,21.4,18.2,17.4,18.2,46,49.0,18,32,9.6,15.8,38,38,25,0,0,0,6,6,4,0,27,19,11,27,23,26,32,32,32,45.02,45.05,44.42,46,380,3.6,0,0,0
10.43,112,0.24,0.25,0.25,11.0,10.7,10.9,0,11.9,0.06,0.1,207.6,4.1,182,1,1,491,697,365,0,370,10.3,47.6,340,31.3,29.7,0.6,3.8,2067.6,0,16.83,0,22.1,17.8,19.0,17.7,21.1,18.1,17.5,18.2,46,49.0,17,32,9.6,15.8,36,36,25,0,0,0,6,6,4,0,27,21,11,27,23,25,32,32,32,45.02,45.04,44.43,46,370,3.5,0,0,0
11.38,64,0.24,0.25,0.25,11.2,11.0,11.0,0,2.3,0.03,0.1,207.6,5.1,186,1,1,551,698,463,1,470,11.2,53.4,401,29.2,28.6,0.7,3.9,2067.6,0,16.83,0,22.3,17.9,19.2,17.9,21.3,18.1,17.3,18.2,46,49.1,18,32,9.6,15.8,35,35,25,0,0,0,6,6,4,0,28,20,11,27,23,26,32,32,32,45.02,45.04,44.43,46,370,3.6,0,0,0
11.16,356,0.24,0.25,0.25,11.1,10.7,11.0,0,6.0,0.03,0.1,207.3,5.6,185,1,1,535,698,441,0,446,11.0,53.3,387,29.2,28.0,0.7,3.8,2067.6,0,16.83,0,22.3,17.9,19.2,17.9,21.3,18.2,17.4,18.2,46,49.0,18,32,9.6,15.8,35,35,25,0,0,0,6,6,4,0,27,21,11,27,23,26,32,32,32,45.02,45.05,44.42,46,370,3.6,0,0,0
10.11,108,0.24,0.25,0.25,11.0,10.8,10.9,0,5.8,0.01,0.13,207.6,5.1,179,1,1,477,697,331,1,325,9.9,43.7,319,31.9,30.2,0.6,3.8,2067.6,0,16.83,0,22.1,17.7,19.0,17.7,21.1,18.1,17.5,18.2,46,48.9,18,32,9.7,15.8,36,36,25,0,0,0,6,6,4,0,27,21,11,27,23,26,32,32,32,45.02,45.04,44.43,46,370,3.6,0,0,0
10.38,128,0.24,0.25,0.25,11.0,10.7,10.9,0,3.1,-0.04,0.13,207.6,4.5,182,1,1,488,697,355,0,355,10.3,47.1,333,30.2,28.5,0.5,3.7,2048.0,0,16.8,0,22.3,17.9,19.1,17.9,21.3,18.2,17.4,18.2,46,49.1,18,32,9.6,15.8,35,35,25,0,0,0,6,6,4,0,27,21,11,27,23,26,32,32,32,45.02,45.04,44.42,45,370,3.5,0,0,0
10.27,260,0.24,0.25,0.25,10.9,11.0,10.9,0,0.0,0.03,0.13,207.6,5.5,185,1,1,482,697,345,0,348,10.1,44.9,329,31.0,29.0,0.7,3.9,1917.8,0,16.61,0,22.2,17.8,19.0,17.7,21.1,18.1,17.5,18.2,46,49.1,17,32,9.6,15.8,36,36,25,0,0,0,6,6,4,0,27,21,11,27,23,25,32,32,32,45.02,45.05,44.42,45,360,3.6,0,0,0
11.36,192,0.24,0.25,0.25,11.1,11.3,11.0,0,-0.4,0.09,0.1,207.4,6.0,189,1,1,545,698,463,1,469,11.2,55.4,398,31.8,30.2,0.6,3.8,2067.6,0,16.83,0,22.3,18.1,19.3,18.0,21.4,18.5,17.6,18.3,46,49.0,18,32,9.6,15.8,37,37,25,0,0,0,6,6,4,0,27,19,11,27,23,25,32,32,32,45.02,45.04,44.42,46,370,3.5,0,0,0
11.37,92,0.24,0.25,0.25,11.1,11.0,11.0,0,-6.5,0.01,0.12,207.4,6.7,191,1,1,550,697,464,1,468,11.2,54.3,400,30.6,31.3,0.5,3.7,2067.6,0,16.83,0,22.3,18.0,19.2,17.9,21.3,18.2,17.5,18.2,46,49.0,18,32,9.6,15.8,37,37,25,0,0,0,6,6,4,0,28,20,11,27,23,26,32,32,32,45.02,45.05,44.42,46,370,3.6,0,0,0
11.44,120,0.24,0.25,0.25,11.1,10.7,11.0,0,-4.5,0.01,0.1,207.3,6.6,191,1,1,555,697,476,-1,474,11.2,56.0,405,31.6,29.9,0.6,3.8,2067.6,0,16.83,0,22.4,18.0,19.3,18.0,21.4,18.4,17.5,18.2,46,49.1,18,32,9.6,15.8,37,37,25,0,0,0,6,6,4,0,27,19,11,27,23,26,32,32,32,45.02,45.05,44.42,46,370,3.5,0,0,0
10.32,260,0.24,0.25,0.25,10.9,11.1,11.1,0,-1.6,0.01,0.15,207.4,5.6,185,1,1,480,697,343,1,343,10.2,45.4,327,31.2,29.1,0.6,3.8,1917.8,0,16.61,0,22.2,17.8,19.0,17.7,21.2,18.3,17.5,18.2,46,49.1,17,32,9.6,15.8,36,36,25,0,0,0,6,6,4,0,27,21,11,27,23,26,32,32,32,45.02,45.04,44.42,46,370,3.5,0,0,0
10.22,192,0.24,0.25,0.25,11.0,11.1,10.9,0,2.1,0.03,0.11,207.3,5.3,184,1,1,483,697,339,-1,339,10.0,43.5,324,30.4,28.9,0.5,3.7,1917.8,0,16.61,0,22.2,17.9,19.1,17.7,21.2,18.2,17.5,18.2,46,48.8,17,32,9.6,15.8,36,35,25,0,0,0,6,6,4,0,27,21,11,27,23,25,32,32,32,45.02,45.04,44.42,45,370,3.6,0,0,0
11.26,116,0.24,0.25,0.25,11.1,10.9,11.0,0,-7.5,0.1,0.08,207.6,5.8,191,1,1,542,697,454,1,452,11.2,54.8,394,31.9,30.0,0.6,3.8,2067.6,0,16.83,0,22.4,18.0,19.3,18.0,21.4,18.4,17.6,18.2,46,49.1,17,32,9.6,15.8,37,37,25,0,0,0,6,6,4,0,27,19,11,27,23,26,32,32,32,45.02,45.05,44.43,46,370,3.5,0,0,0
10.94,108,0.24,0.25,0.25,11.0,10.8,11.0,0,-6.4,0.03,0.13,207.6,5.6,192,1,1,517,697,416,-2,426,10.9,49.9,371,32.6,31.0,0.7,3.9,2067.6,0,16.83,0,22.3,18.0,19.3,17.9,21.4,18.3,17.7,18.2,46,48.9,17,32,9.6,15.8,38,38,25,0,0,0,6,6,4,0,27,19,11,27,23,25,32,32,32,45.02,45.05,44.42,46,380,3.6,0,0,0
10.53,260,0.24,0.25,0.25,11.1,10.8,10.8,0,-0.3,0.03,0.11,207.3,5.2,185,1,1,491,697,359,1,356,10.2,46.9,336,31.2,29.5,0.6,3.8,1976.7,0,16.69,0,22.2,17.8,19.0,17.7,21.1,18.2,17.4,18.2,46,49.0,18,32,9.6,15.8,36,36,25,0,0,0,6,6,4,0,27,21,11,27,23,26,32,32,32,45.02,45.05,44.42,45,370,3.6,0,0,0
11.42,24,0.24,0.25,0.25,11.1,10.8,11.0,0,-4.5,0.03,0.1,207.4,6.1,192,1,1,543,696,463,0,460,11.2,55.4,400,32.8,31.0,0.7,3.9,2067.6,0,16.83,0,22.3,18.0,19.3,17.9,21.3,18.3,17.5,18.2,46,49.0,18,32,9.6,15.8,38,38,25,0,0,0,6,6,4,0,27,19,11,27,23,25,32,32,32,45.02,45.05,44.42,45,370,3.6,0,0,0
10.32,124,0.24,0.25,0.25,11.0,10.6,10.9,0,5.8,0.07,0.11,207.5,4.8,181,1,1,485,698,355,0,356,10.1,45.9,335,30.3,28.6,0.5,3.7,2048.0,0,16.8,0,22.3,17.9,19.1,17.9,21.3,18.1,17.4,18.2,46,49.0,17,32,9.6,15.8,35,35,25,0,0,0,6,6,4,0,27,21,11,27,23,26,32,32,32,45.02,45.05,44.42,46,370,3.6,0,0,0
10.42,344,0.24,0.25,0.25,11.0,11.1,10.9,0,7.2,0.04,0.11,207.4,4.6,181,1,1,487,697,354,0,363,10.3,46.2,335,30.2,28.5,0.5,3.7,2048.0,0,16.8,0,22.3,17.9,19.1,17.9,21.3,18.1,17.4,18.2,46,48.9,18,32,9.6,15.8,35,35,25,0,0,0,6,6,4,0,27,21,11,27,23,25,32,32,32,45.02,45.04,44.43,46,370,3.6,0,0,0
11.41,12,0.24,0.25,0.25,11.2,11.0,11.0,0,-6.3,0.02,0.14,207.6,5.1,192,1,1,552,698,463,1,465,11.2,54.0,400,28.2,29.2,0.5,3.7,2067.6,0,16.83,0,22.3,18.0,19.2,17.9,21.3,18.3,17.4,18.2,46,49.0,17,32,9.6,15.8,35,35,25,0,0,0,6,6,4,0,28,20,11,27,23,26,32,32,32,45.02,45.04,44.43,46,360,3.5,0,0,0
11.2,252,0.24,0.25,0.25,11.1,10.8,11.0,0,-4.6,0.01,0.12,207.3,5.6,191,1,1,537,697,446,0,451,11.0,54.1,389,32.0,30.3,0.6,3.8,2067.6,0,16.83,0,22.3,18.0,19.3,18.0,21.4,18.2,17.5,18.2,46,49.1,17,32,9.6,15.8,38,38,25,0,0,0,6,6,4,0,27,19,11,27,23,26,32,32,32,45.02,45.05,44.42,46,370,3.6,0,0,0
11.58,168,0.24,0.25,0.25,11.2,11.1,11.0,0,2.7,0.02,0.12,207.7,4.9,189,1,1,567,697,491,-1,501,11.4,56.5,413,33.0,31.4,0.7,3.8,2067.6,0,16.83,0,22.3,18.0,19.3,17.9,21.3,18.2,17.6,18.2,46,49.1,18,32,9.6,15.8,38,39,25,0,0,0,6,6,4,0,27,20,11,27,23,25,32,32,32,45.02,45.04,44.43,45,370,3.6,0,0,0
11.35,112,0.24,0.25,0.25,11.1,10.9,11.0,0,-6.5,0.06,0.14,207.4,6.6,192,1,1,558,697,472,-1,474,11.2,54.8,403,32.0,30.4,0.6,3.8,2067.6,0,16.83,0,22.4,18.0,19.3,18.0,21.4,18.3,17.6,18.2,46,49.0,17,32,9.6,15.8,37,38,25,0,0,0,6,6,4,0,27,19,11,27,23,26,32,32,32,45.02,45.05,44.42,45,370,3.6,0,0,0
10.69,200,0.24,0.25,0.25,11.0,10.6,11.0,0,6.8,0.1,0.09,207.3,5.0,181,1,1,511,698,394,0,396,10.5,48.6,358,30.0,28.2,0.5,3.7,2067.6,0,16.83,0,22.3,17.9,19.1,17.9,21.3,18.2,17.5,18.2,46,49.0,17,32,9.6,15.8,35,35,25,0,0,0,6,6,4,0,27,21,11,27,23,26,32,32,32,45.02,45.04,44.43,46,370,3.6,0,0,0
10.31,268,0.24,0.25,0.25,11.0,11.1,10.9,0,4.1,0.06,0.11,207.6,4.5,182,1,1,493,697,356,2,364,10.2,47.2,336,30.5,28.7,0.7,3.9,1960.1,0,16.67,0,22.2,17.8,19.1,17.8,21.2,18.0,17.4,18.2,46,49.0,18,32,9.6,15.8,35,35,25,0,0,0,6,6,4,0,27,21,11,27,23,26,32,32,32,45.02,45.04,44.42,46,370,3.6,0,0,0
11.31,256,0.24,0.25,0.25,11.1,10.8,11.0,0,-5.7,0.08,0.1,207.4,5.1,192,1,1,547,697,465,-1,463,11.1,54.4,399,32.2,30.5,0.6,3.8,2067.6,0,16.83,0,22.4,18.0,19.3,18.0,21.4,18.2,17.6,18.2,46,49.0,17,32,9.6,15.8,37,38,25,0,0,0,6,6,4,0,27,19,11,27,23,26,32,32,32,45.02,45.05,44.42,46,370,3.6,0,0,0
10.63,136,0.24,0.25,0.25,11.0,11.0,11.0,0,7.6,-0.09,0.11,207.2,4.7,181,1,1,498,697,381,-2,385,10.4,47.4,351,29.8,28.1,0.6,3.9,2067.6,0,16.83,0,22.2,17.9,19.1,17.9,21.3,18.2,17.5,18.2,46,48.9,18,32,9.6,15.8,35,35,25,0,0,0,6,6,4,0,27,21,11,27,23,26,32,32,32,45.02,45.05,44.43,46,360,3.6,0,0,0
10.33,96,0.24,0.25,0.25,11.0,11.0,11.1,0,4.2,0.06,0.15,207.6,5.4,182,1,1,485,697,347,1,344,10.2,44.1,329,32.1,30.2,0.6,3.8,1764.8,0,16.38,0,22.0,17.6,18.9,17.6,20.9,18.1,17.3,18.2,46,49.1,17,32,9.6,15.8,37,36,25,0,0,0,6,6,4,0,27,21,11,27,23,25,32,32,32,45.02,45.04,44.42,45,370,3.6,0,0,0
10.23,120,0.24,0.25,0.25,11.0,11.1,10.9,0,1.2,0.01,0.14,207.5,4.0,184,1,1,478,697,339,-1,336,10.2,43.3,322,30.5,28.8,0.5,3.7,1917.8,0,16.61,0,22.2,17.9,19.1,17.7,21.2,18.2,17.5,18.2,46,48.8,17,32,9.6,15.8,36,35,25,0,0,0,6,6,4,0,27,21,11,27,23,26,32,32,32,45.02,45.04,44.42,45,370,3.6,0,0,0
11.59,288,0.24,0.25,0.25,11.1,10.8,11.1,0,1.8,0.06,0.1,207.6,5.2,185,1,1,567,698,495,-1,498,11.4,56.0,417,29.9,28.0,0.2,3.7,2067.6,0,16.83,0,22.3,17.9,19.2,17.9,21.3,18.3,17.4,18.2,46,49.0,17,32,9.6,15.8,35,36,25,0,0,0,6,6,4,0,28,20,11,27,23,25,32,32,32,45.02,45.05,44.43,46,370,3.6,0,0,0
11.73,4,0.24,0.25,0.25,11.2,11.1,11.1,0,1.9,0.05,0.1,207.7,5.0,185,1,1,573,699,507,0,514,11.4,57.2,424,29.9,28.0,0.2,3.8,2067.6,0,16.83,0,22.3,17.9,19.2,17.9,21.3,18.2,17.4,18.2,46,48.9,17,32,9.6,15.8,35,36,25,0,0,0,6,6,4,0,28,20,11,27,23,26,32,32,32,45.02,45.05,44.43,46,370,3.6,0,0,0
11.41,352,0.24,0.25,0.25,11.2,10.8,11.0,0,1.2,0.04,0.1,207.3,5.3,186,1,1,551,698,474,0,468,11.2,55.6,403,28.8,28.3,0.6,3.9,2067.6,0,16.83,0,22.3,17.9,19.2,17.9,21.3,18.1,17.4,18.2,46,49.1,18,32,9.6,15.8,35,35,25,0,0,0,6,6,4,0,28,20,11,27,23,26,32,32,32,45.02,45.04,44.42,46,370,3.6,0,0,0
10.39,20,0.24,0.25,0.25,11.0,10.8,10.9,0,-1.1,-0.04,0.16,207.6,5.8,184,1,1,494,697,358,-2,367,10.4,45.0,334,32.1,30.3,0.6,3.8,1764.8,0,16.38,0,22.0,17.6,18.9,17.6,20.9,17.9,17.2,18.1,46,48.9,17,32,9.7,15.8,37,37,25,0,0,0,6,6,4,0,27,21,11,27,23,25,32,32,32,45.02,45.05,44.42,46,370,3.6,0,0,0
10.43,348,0.24,0.25,0.25,11.0,10.7,10.9,0,4.3,0.05,0.08,207.4,5.7,180,1,1,497,698,358,1,354,10.2,45.6,336,30.1,28.8,0.7,3.8,2048.0,0,16.8,0,22.3,17.9,19.1,17.9,21.3,18.3,17.5,18.2,46,49.0,17,32,9.6,15.8,35,35,25,0,0,0,6,6,4,0,27,21,11,27,23,26,32,32,32,45.02,45.05,44.43,45,370,3.6,0,0,0
10.28,44,0.24,0.25,0.25,11.0,10.6,10.9,0,1.7,0.07,0.13,207.3,5.7,184,1,1,483,697,345,-3,345,10.0,44.2,328,30.9,29.1,0.6,3.8,1917.8,0,16.61,0,22.2,17.8,19.1,17.7,21.2,18.3,17.5,18.2,46,49.0,18,32,9.6,15.8,36,36,25,0,0,0,6,6,4,0,27,21,11,27,23,26,32,32,32,45.02,45.05,44.42,45,370,3.6,0,0,0
11.36,228,0.24,0.25,0.25,11.1,10.8,11.0,0,-5.1,0.03,0.11,207.3,5.9,192,1,1,550,698,463,0,463,11.2,55.1,401,28.4,28.9,0.4,3.7,2067.6,0,16.83,0,22.3,17.9,19.2,17.9,21.3,18.4,17.4,18.2,46,49.1,17,32,9.6,15.8,35,35,25,0,0,0,6,6,4,0,28,20,11,27,23,26,32,32,32,45.02,45.04,44.42,46,370,3.6,0,0,0
10.37,196,0.24,0.25,0.25,11.0,10.7,10.9,0,8.1,-0.02,0.13,207.4,4.0,181,1,1,487,697,354,-1,349,10.3,44.9,331,30.3,28.8,0.5,3.7,2048.0,0,16.8,0,22.3,17.9,19.1,17.9,21.3,18.1,17.4,18.2,46,49.0,17,32,9.6,15.8,35,35,25,0,0,0,6,6,4,0,27,21,11,27,23,25,32,32,32,45.02,45.05,44.42,46,370,3.6,0,0,0
11.35,220,0.24,0.25,0.25,11.1,11.3,11.0,0,-1.9,-0.01,0.12,207.9,5.1,186,1,1,550,698,466,-1,463,11.1,54.6,399,27.9,26.3,0.4,4.0,2067.6,0,16.83,0,22.2,17.9,19.2,17.9,21.3,18.1,17.6,18.2,46,49.1,18,32,9.6,15.8,34,34,25,0,0,0,6,6,4,0,28,20,11,27,23,26,32,32,32,45.02,45.05,44.42,45,370,3.5,0,0,0
11.43,280,0.24,0.25,0.25,11.1,10.7,11.0,0,1.0,0.03,0.1,207.3,5.8,186,1,1,552,698,469,0,468,11.2,56.0,404,29.0,28.3,0.5,3.8,2067.6,0,16.83,0,22.3,17.9,19.2,17.9,21.3,18.1,17.4,18.2,46,49.0,17,32,9.6,15.8,35,35,25,0,0,0,6,6,4,0,28,20,11,27,23,26,32,32,32,45.02,45.05,44.42,46,370,3.6,0,0,0
10.41,260,0.24,0.25,0.25,11.0,11.0,10.9,0,5.0,0.05,0.1,207.4,4.1,184,1,1,493,697,360,-1,368,10.2,45.7,337,31.4,30.0,0.6,3.7,2067.6,0,16.83,0,22.2,17.8,19.0,17.7,21.1,18.2,17.4,18.2,46,49.1,18,32,9.6,15.8,36,36,25,0,0,0,6,6,4,0,27,21,11,27,23,26,32,32,32,45.02,45.05,44.43,46,370,3.5,0,0,0
11.43,328,0.24,0.25,0.25,11.1,11.3,11.0,0,-4.0,0.05,0.13,207.2,5.3,191,1,1,550,697,467,1,468,11.1,53.8,402,31.6,29.9,0.6,3.8,2067.6,0,16.83,0,22.4,18.0,19.3,18.0,21.4,18.4,17.6,18.2,46,49.0,18,32,9.6,15.8,37,37,25,0,0,0,6,6,4,0,27,19,11,27,23,25,32,32,32,45.02,45.05,44.42,46,370,3.6,0,0,0
11.58,216,0.24,0.25,0.25,11.1,10.8,11.1,0,2.9,0.03,0.1,207.7,5.6,185,1,1,569,698,504,-1,507,11.4,58.5,422,30.0,28.0,0.2,3.8,2067.6,0,16.83,0,22.3,17.9,19.2,17.9,21.3,18.3,17.4,18.2,46,49.0,18,32,9.6,15.8,35,36,25,0,0,0,6,6,4,0,28,20,11,27,23,26,32,32,32,45.02,45.05,44.43,46,370,3.6,0,0,0
11.48,296,0.24,0.25,0.25,11.1,11.1,11.1,0,4.0,0.03,0.12,207.5,5.4,186,1,1,554,698,478,0,480,11.2,56.5,408,27.2,26.1,0.4,4.0,2067.6,0,16.83,0,22.3,17.9,19.2,17.9,21.3,18.0,17.4,18.2,46,49.1,18,32,9.6,15.8,33,34,25,0,0,0,6,6,4,0,28,20,11,27,23,26,32,32,32,45.02,45.05,44.43,46,370,3.6,0,0,0
11.2,196,0.24,0.25,0.25,11.0,11.1,11.0,0,2.7,-0.02,0.13,207.4,5.2,190,1,1,539,697,448,0,445,11.0,52.1,391,31.4,29.5,0.6,3.8,2067.6,0,16.83,0,22.4,18.1,19.3,18.0,21.4,18.3,17.7,18.2,46,49.1,18,32,9.6,15.8,37,37,25,0,0,0,6,6,4,0,27,19,11,27,23,25,32,32,32,45.02,45.05,44.42,46,380,3.6,0,0,0
10.65,312,0.24,0.25,0.25,11.0,11.2,11.1,0,7.1,0.04,0.15,207.2,5.0,183,1,1,496,697,377,0,383,10.4,48.9,348,32.3,30.5,0.7,3.8,1991.1,0,16.72,0,22.0,17.6,18.9,17.6,20.9,17.9,17.3,18.2,46,48.9,17,32,9.8,15.8,37,37,25,0,0,0,6,6,4,0,27,22,11,27,23,26,32,32,32,45.02,45.04,44.42,45,370,3.6,0,0,0
11.11,184,0.24,0.25,0.25,11.0,11.2,11.0,0,-7.7,0.03,0.13,207.4,5.2,192,1,1,525,697,429,1,438,10.9,52.4,381,32.2,30.6,0.7,3.9,2067.6,0,16.83,0,22.3,18.0,19.3,17.9,21.4,18.2,17.6,18.2,46,49.0,17,32,9.6,15.8,38,38,25,0,0,0,6,6,4,0,27,19,11,27,23,26,32,32,32,45.02,45.05,44.42,46,370,3.6,0,0,0
11.26,116,0.24,0.25,0.25,11.1,10.8,11.1,0,-8.7,0.06,0.11,207.2,5.4,192,1,1,547,697,460,0,467,11.1,55.1,396,32.0,30.1,0.6,3.8,2067.6,0,16.83,0,22.4,18.0,19.3,18.0,21.4,18.2,17.5,18.2,46,49.0,18,32,9.6,15.8,37,37,25,0,0,0,6,6,4,0,27,19,11,27,23,26,32,32,32,45.02,45.05,44.43,46,370,3.6,0,0,0
11.38,220,0.24,0.25,0.25,11.1,11.3,11.1,0,3.8,0.03,0.1,207.4,4.7,186,1,1,556,698,468,-3,467,11.2,55.6,401,27.6,26.3,0.4,4.0,2067.6,0,16.83,0,22.3,17.9,19.2,17.9,21.3,18.1,17.6,18.2,46,49.0,18,32,9.6,15.8,34,34,25,0,0,0,6,6,4,0,28,20,11,27,23,26,32,32,32,45.02,45.05,44.43,46,370,3.6,0,0,0
10.94,268,0.24,0.25,0.25,11.0,10.9,11.0,0,-1.5,0.04,0.14,207.3,6.0,191,1,1,521,697,416,0,423,10.8,51.4,371,30.8,29.5,0.6,3.8,2067.6,0,16.83,0,22.4,18.1,19.3,18.0,21.4,18.2,17.7,18.2,46,49.1,18,32,9.6,15.8,36,36,25,0,0,0,6,6,4,0,27,19,11,27,23,26,32,32,32,45.02,45.05,44.42,46,370,3.6,0,0,0
10.32,56,0.24,0.25,0.25,11.0,11.1,11.0,0,0.4,0.04,0.11,207.4,4.7,182,1,1,484,697,355,0,352,10.1,46.9,333,30.4,28.6,0.6,3.8,1960.1,0,16.67,0,22.3,17.8,19.1,17.9,21.2,18.1,17.4,18.2,46,48.9,17,32,9.6,15.8,35,35,25,0,0,0,6,6,4,0,27,21,11,27,23,26,32,32,32,45.02,45.04,44.42,46,370,3.6,0,0,0
11.47,20,0.24,0.25,0.25,11.1,10.8,11.0,0,-4.5,0.03,0.12,207.6,6.4,189,1,1,552,697,472,1,476,11.2,55.1,405,33.5,31.9,0.6,3.8,2067.6,0,16.83,0,22.3,17.9,19.2,17.9,21.3,18.2,17.6,18.2,46,49.0,17,32,9.6,15.8,39,39,25,0,0,0,6,6,4,0,27,20,11,27,23,26,32,32,32,45.02,45.04,44.43,46,370,3.6,0,0,0
9.92,28,0.24,0.25,0.25,10.9,11.1,11.3,0,-1.4,0.0,0.15,207.6,4.3,182,1,1,469,697,314,-2,319,9.7,41.7,306,32.1,30.5,0.6,3.8,1912.6,0,16.6,0,22.1,17.7,19.0,17.6,21.0,18.0,17.4,18.2,46,49.0,17,32,9.7,15.8,37,36,25,0,0,0,6,6,4,0,27,21,11,27,23,25,32,32,32,45.02,45.05,44.42,46,360,3.5,0,0,0
9.96,32,0.24,0.25,0.25,10.9,10.6,10.8,0,3.0,0.11,0.08,207.3,6.0,182,1,1,466,697,311,0,312,9.8,42.7,307,31.9,30.3,0.7,3.9,1805.1,0,16.44,0,22.1,17.7,18.9,17.6,20.9,18.0,17.4,18.1,46,49.1,17,32,9.6,15.8,37,36,25,0,0,0,6,6,4,0,27,21,11,27,23,25,32,32,32,45.02,45.04,44.43,45,370,3.6,0,0,0
11.47,84,0.24,0.25,0.25,11.1,10.8,11.1,0,7.0,0.05,0.11,207.5,5.1,187,1,1,562,698,478,0,479,11.3,55.1,408,26.9,26.7,0.5,3.8,2067.6,0,16.83,0,22.3,17.9,19.2,17.9,21.3,18.0,17.4,18.2,46,49.1,18,32,9.6,15.8,34,34,25,0,0,0,6,6,4,0,28,20,11,27,23,26,32,32,32,45.02,45.04,44.42,46,370,3.6,0,0,0
10.33,332,0.24,0.25,0.25,10.9,11.1,11.2,0,0.0,0.03,0.14,207.4,4.5,185,1,1,489,698,347,2,351,10.1,46.2,330,30.9,29.4,0.7,3.9,1976.7,0,16.69,0,22.2,17.8,19.0,17.7,21.1,18.1,17.5,18.2,46,49.2,17,32,9.6,15.8,36,36,25,0,0,0,6,6,4,0,27,21,11,27,23,25,32,32,32,45.02,45.04,44.42,46,370,3.6,0,0,0
11.58,96,0.24,0.25,0.25,11.1,10.9,11.0,0,1.9,0.05,0.12,207.3,5.3,189,1,1,561,697,487,-1,494,11.3,55.3,411,32.9,31.1,0.7,3.9,2067.6,0,16.83,0,22.3,18.0,19.3,17.9,21.3,18.2,17.6,18.2,46,49.1,18,32,9.6,15.8,38,39,25,0,0,0,6,6,4,0,27,20,11,27,23,25,32,32,32,45.02,45.04,44.43,46,360,3.6,0,0,0
11.47,96,0.24,0.25,0.25,11.1,11.1,11.1,0,-4.1,0.03,0.13,207.5,5.9,192,1,1,549,697,469,0,467,11.2,56.0,403,32.7,31.4,0.7,3.9,2067.6,0,16.83,0,22.3,18.0,19.2,17.9,21.3,18.3,17.5,18.2,46,49.0,17,32,9.6,15.8,38,38,25,0,0,0,6,6,4,0,27,19,11,27,23,26,32,32,32,45.02,45.05,44.42,45,370,3.6,0,0,0
10.43,256,0.24,0.25,0.25,11.0,11.1,11.0,0,12.3,0.03,0.1,207.4,4.6,183,1,1,492,697,358,-1,359,10.2,47.1,336,31.5,29.9,0.6,3.7,2067.6,0,16.83,0,22.1,17.8,19.0,17.7,21.1,18.1,17.4,18.2,46,49.1,18,32,9.6,15.8,36,36,25,0,0,0,6,6,4,0,27,21,11,27,23,26,32,32,32,45.02,45.04,44.42,46,370,3.6,0,0,0
11.42,88,0.24,0.25,0.25,11.1,11.2,11.0,0,-7.2,0.01,0.14,207.4,5.5,192,1,1,549,698,474,-1,472,11.3,54.1,406,29.5,30.6,0.5,3.7,2067.6,0,16.83,0,22.3,17.9,19.2,17.9,21.3,18.2,17.5,18.2,46,49.0,18,32,9.6,15.8,36,36,25,0,0,0,6,6,4,0,28,20,11,27,23,25,32,32,32,45.02,45.04,44.43,46,360,3.6,0,0,0
10.75,352,0.24,0.25,0.25,11.0,11.1,10.9,0,13.4,0.03,0.12,207.6,4.4,181,1,1,516,698,399,1,409,10.5,49.4,363,29.6,27.3,0.3,3.5,2067.6,0,16.83,0,22.3,17.9,19.2,17.9,21.3,18.2,17.5,18.2,46,49.0,17,32,9.6,15.8,35,35,25,0,0,0,6,6,4,0,27,21,11,27,23,26,32,32,32,45.02,45.05,44.43,46,360,3.6,0,0,0
10.42,188,0.24,0.25,0.25,11.0,11.1,10.7,0,-0.4,0.04,0.1,207.4,4.6,185,1,1,494,697,363,0,368,10.3,47.1,340,30.9,29.1,0.6,3.8,1976.7,0,16.69,0,22.2,17.8,19.0,17.7,21.1,18.2,17.4,18.2,46,49.0,18,32,9.6,15.8,36,36,25,0,0,0,6,6,4,0,27,21,11,27,23,26,32,32,32,45.02,45.04,44.42,45,370,3.6,0,0,0
10.22,324,0.24,0.25,0.25,11.0,10.8,10.8,0,11.5,0.03,0.1,207.4,5.5,179,1,1,479,696,337,1,340,10.0,43.5,324,31.9,30.2,0.6,3.8,2067.6,0,16.83,0,22.1,17.8,19.0,17.7,21.1,18.1,17.5,18.2,46,48.9,17,32,9.7,15.8,36,36,25,0,0,0,6,6,4,0,27,21,11,27,23,25,32,32,32,45.01,45.04,44.43,46,370,3.6,0,0,0
11.37,196,0.24,0.25,0.25,11.0,11.2,11.0,0,1.4,0.03,0.05,207.2,5.4,190,1,1,548,698,458,0,471,11.1,55.0,397,31.2,29.6,0.6,3.8,2067.6,0,16.83,0,22.4,18.1,19.3,18.0,21.4,18.2,17.6,18.2,46,49.1,18,32,9.6,15.8,37,37,25,0,0,0,6,6,4,0,27,19,11,27,23,26,32,32,32,45.02,45.05,44.42,46,360,3.6,0,0,0
11.37,304,0.24,0.25,0.25,11.1,10.9,11.0,0,-7.0,0.01,0.11,207.5,5.6,192,1,1,556,698,470,-1,472,11.2,55.9,401,30.0,30.7,0.5,3.7,2067.6,0,16.83,0,22.3,18.0,19.2,17.9,21.4,18.2,17.5,18.2,46,49.1,18,32,9.6,15.8,37,37,25,0,0,0,6,6,4,0,28,20,11,27,23,25,32,32,32,45.01,45.05,44.43,46,370,3.6,0,0,0
10.75,204,0.24,0.25,0.25,11.0,10.7,10.9,0,8.9,-0.02,0.1,207.5,5.6,181,1,1,510,697,394,0,399,10.6,48.1,358,30.1,27.6,0.4,3.6,2067.6,0,16.83,0,22.3,17.9,19.2,17.9,21.3,18.2,17.5,18.2,46,48.9,17,32,9.6,15.8,35,35,25,0,0,0,6,6,4,0,27,21,11,27,23,25,32,32,32,45.02,45.04,44.42,46,370,3.6,0,0,0
10.48,324,0.24,0.25,0.25,11.0,11.1,11.2,0,6.8,0.03,0.1,207.6,4.5,182,1,1,496,697,364,-1,369,10.2,45.6,339,31.3,29.7,0.6,3.8,2067.6,0,16.83,0,22.2,17.7,19.0,17.7,21.0,18.0,17.4,18.2,46,49.0,18,32,9.6,15.8,36,36,25,0,0,0,6,6,4,0,27,21,11,27,23,25,32,32,32,45.01,45.05,44.42,46,360,3.6,0,0,0
11.57,300,0.24,0.25,0.25,11.1,10.9,11.0,0,3.1,0.03,0.1,207.5,6.3,188,1,1,559,697,478,1,484,11.3,55.8,408,26.8,26.7,0.5,3.7,2067.6,0,16.83,0,22.3,17.9,19.2,17.9,21.3,18.1,17.4,18.2,46,49.0,17,32,9.6,15.8,34,34,25,0,0,0,6,6,4,0,28,20,11,27,23,26,32,32,32,45.02,45.04,44.43,46,360,3.6,0,0,0
11.32,268,0.24,0.25,0.25,11.0,10.9,11.0,0,2.0,0.06,0.13,207.5,6.1,190,1,1,543,697,453,-1,448,11.0,52.7,392,31.5,29.9,0.6,3.8,2067.6,0,16.83,0,22.4,18.1,19.3,18.0,21.4,18.3,17.7,18.2,46,49.0,18,32,9.6,15.8,37,37,25,0,0,0,6,6,4,0,27,19,11,27,23,26,32,32,32,45.02,45.05,44.43,46,370,3.6,0,0,0
10.32,312,0.24,0.25,0.25,10.9,10.7,10.9,0,-0.8,-0.02,0.16,207.6,4.3,183,1,1,479,696,349,0,355,10.2,46.2,332,32.0,30.3,0.6,3.8,1764.8,0,16.38,0,22.0,17.6,18.9,17.6,20.9,18.1,17.2,18.1,46,48.9,17,32,9.6,15.8,37,37,25,0,0,0,6,6,4,0,27,21,11,27,23,25,32,32,32,45.02,45.04,44.42,46,370,3.6,0,0,0
11.37,228,0.24,0.25,0.25,11.1,11.2,11.1,0,2.0,0.03,0.1,207.4,5.3,189,1,1,552,698,472,-2,468,11.2,56.1,403,27.1,26.9,0.5,3.7,2067.6,0,16.83,0,22.3,18.0,19.2,17.9,21.3,18.3,17.5,18.2,46,49.1,18,32,9.6,15.8,34,34,25,0,0,0,6,6,4,0,28,20,11,27,23,25,32,32,32,45.02,45.04,44.42,46,370,3.6,0,0,0
11.38,68,0.24,0.25,0.25,11.1,10.9,11.0,0,-0.1,0.04,0.12,207.4,5.7,186,1,1,549,698,458,1,469,11.1,54.5,398,28.7,28.0,0.9,4.1,2067.6,0,16.83,0,22.3,17.9,19.2,17.9,21.3,18.2,17.3,18.2,46,49.0,18,32,9.6,15.8,35,35,25,0,0,0,6,6,4,0,28,20,11,27,23,26,32,32,32,45.02,45.04,44.43,46,370,3.5,0,0,0
10.29,120,0.24,0.25,0.25,11.0,10.6,10.9,0,3.9,0.03,0.11,207.2,4.4,182,1,1,487,697,350,0,356,10.1,44.5,331,30.6,29.3,0.7,3.8,1958.1,0,16.67,0,22.2,17.9,19.1,17.8,21.2,18.2,17.5,18.2,46,49.1,18,32,9.6,15.8,35,35,25,0,0,0,6,6,4,0,27,21,11,27,23,26,32,32,32,45.02,45.05,44.42,46,370,3.6,0,0,0
11.37,16,0.24,0.25,0.25,11.1,10.9,11.0,0,0.3,0.04,0.1,207.6,5.6,191,1,1,545,698,456,1,462,11.1,53.2,395,27.8,27.9,0.5,3.7,2067.6,0,16.83,0,22.3,17.9,19.2,17.9,21.3,18.3,17.5,18.2,46,49.1,17,32,9.6,15.8,34,34,25,0,0,0,6,6,4,0,28,20,11,27,23,26,32,32,32,45.02,45.05,44.43,46,370,3.6,0,0,0
11.37,28,0.24,0.25,0.25,11.0,11.1,11.0,0,-2.8,0.03,0.14,207.6,5.1,191,1,1,548,697,462,0,461,11.2,54.8,398,32.5,31.0,0.7,3.9,2067.6,0,16.83,0,22.3,18.0,19.2,17.9,21.3,18.2,17.5,18.2,46,49.1,18,32,9.6,15.8,38,38,25,0,0,0,6,6,4,0,27,19,11,27,23,26,32,32,32,45.02,45.05,44.42,46,370,3.6,0,0,0
10.37,180,0.24,0.25,0.25,11.1,10.6,10.9,0,5.8,0.05,0.08,207.4,4.8,182,1,1,488,697,358,-1,363,10.2,45.2,337,31.5,29.6,0.6,3.8,2067.6,0,16.83,0,22.1,17.7,19.0,17.7,21.0,17.9,17.3,18.2,46,49.0,18,32,9.7,15.8,36,36,25,0,0,0,6,6,4,0,27,21,11,27,23,25,32,32,32,45.02,45.04,44.42,45,370,3.6,0,0,0
9.91,172,0.24,0.25,0.25,10.9,10.9,10.9,0,9.6,0.06,0.08,207.4,4.7,180,1,1,457,696,307,-1,312,9.7,42.5,304,32.1,30.4,0.7,3.8,1912.6,0,16.6,0,22.0,17.7,19.0,17.6,21.0,18.2,17.5,18.2,46,49.1,17,32,9.7,15.8,37,36,25,0,0,0,6,6,4,0,27,21,11,27,23,26,32,32,32,45.02,45.05,44.42,45,370,3.6,0,0,0
11.42,240,0.24,0.25,0.25,11.1,10.8,11.0,0,-6.0,0.02,0.1,207.6,6.1,192,1,1,556,697,472,-1,464,11.2,54.2,405,33.1,31.5,0.7,3.9,2067.6,0,16.83,0,22.3,18.0,19.2,17.9,21.3,18.3,17.5,18.2,46,48.9,18,32,9.6,15.8,38,38,25,0,0,0,6,6,4,0,27,19,11,27,23,26,32,32,32,45.02,45.05,44.42,46,360,3.5,0,0,0
11.46,152,0.24,0.25,0.25,11.2,11.0,11.1,0,9.3,0.06,0.11,207.7,4.9,186,1,1,558,698,480,1,481,11.2,56.0,408,27.3,26.1,0.4,4.0,2067.6,0,16.83,0,22.3,17.9,19.2,17.9,21.3,18.0,17.4,18.2,46,49.1,18,32,9.6,15.8,33,34,25,0,0,0,6,6,4,0,28,20,11,27,23,25,32,32,32,45.02,45.05,44.43,46,360,3.6,0,0,0
10.85,280,0.24,0.25,0.25,11.0,11.4,10.9,0,15.6,0.04,0.1,207.6,4.8,181,1,1,512,697,397,0,407,10.5,50.8,362,29.3,27.5,0.3,3.6,2067.6,0,16.83,0,22.3,17.9,19.2,17.9,21.3,18.2,17.4,18.2,46,49.1,18,32,9.6,15.8,35,35,25,0,0,0,6,6,4,0,27,21,11,27,23,25,32,32,32,45.02,45.05,44.43,46,370,3.6,0,0,0
11.47,8,0.24,0.25,0.25,11.1,10.7,11.1,0,8.8,0.05,0.1,207.4,5.2,186,1,1,559,698,482,1,484,11.3,55.3,411,27.4,26.5,0.4,4.0,2067.6,0,16.83,0,22.3,17.9,19.2,17.9,21.3,18.0,17.3,18.2,46,49.0,18,32,9.6,15.8,33,34,25,0,0,0,6,6,4,0,28,20,11,27,23,25,32,32,32,45.02,45.04,44.43,46,370,3.6,0,0,0
10.27,256,0.24,0.25,0.25,11.0,10.7,10.8,0,11.1,0.04,0.1,207.5,5.0,181,1,1,483,697,348,-1,350,10.1,44.7,331,31.8,30.0,0.7,3.9,2067.6,0,16.83,0,22.1,17.7,19.0,17.7,21.1,17.9,17.3,18.2,46,48.9,18,32,9.7,15.8,36,36,25,0,0,0,6,6,4,0,27,21,11,27,23,26,32,32,32,45.02,45.05,44.42,45,370,3.5,0,0,0
11.26,304,0.24,0.25,0.25,11.1,11.3,11.0,0,-8.6,0.06,0.1,207.3,5.8,190,1,1,546,698,457,0,466,11.1,55.4,397,32.9,31.4,0.6,3.8,2067.6,0,16.83,0,22.3,18.0,19.2,17.9,21.3,18.2,17.7,18.2,46,49.0,17,32,9.6,15.8,39,39,25,0,0,0,6,6,4,0,27,20,11,27,23,26,32,32,32,45.02,45.05,44.42,46,370,3.5,0,0,0
10.42,60,0.24,0.25,0.25,10.9,10.8,10.9,0,11.6,0.07,0.1,207.4,5.1,179,1,1,492,697,355,-1,361,10.1,46.2,334,30.2,28.4,0.8,3.9,2067.6,0,16.83,0,22.3,17.9,19.2,17.9,21.3,18.3,17.6,18.2,46,49.0,18,32,9.6,15.8,35,35,25,0,0,0,6,6,4,0,27,21,11,27,23,25,32,32,32,45.02,45.04,44.42,46,360,3.6,0,0,0
11.37,328,0.24,0.25,0.25,11.1,10.9,11.0,0,-3.4,0.03,0.15,207.6,5.1,191,1,1,551,698,464,-2,461,11.2,55.2,399,32.2,30.6,0.6,3.8,2067.6,0,16.83,0,22.4,18.0,19.3,18.0,21.4,18.2,17.6,18.2,46,49.0,18,32,9.6,15.8,37,38,25,0,0,0,6,6,4,0,27,19,11,27,23,25,32,32,32,45.02,45.05,44.42,46,370,3.6,0,0,0
11.79,76,0.24,0.25,0.25,11.2,11.2,11.1,0,5.3,0.01,0.14,207.4,5.7,185,1,1,581,698,521,-2,524,11.6,58.6,432,29.9,27.9,0.2,3.8,2067.6,0,16.83,0,22.3,17.9,19.1,17.9,21.3,18.2,17.5,18.2,46,49.0,18,32,9.6,15.8,35,36,25,0,0,0,6,6,4,0,28,20,11,27,23,26,32,32,32,45.02,45.05,44.42,46,370,3.6,0,0,0
11.36,332,0.24,0.25,0.25,11.1,11.1,11.0,0,-6.4,0.0,0.11,207.2,5.1,192,1,1,550,698,465,-1,463,11.2,53.4,400,31.7,29.9,0.6,3.8,2067.6,0,16.83,0,22.4,18.0,19.3,18.0,21.4,18.3,17.5,18.2,46,49.1,18,32,9.6,15.8,37,37,25,0,0,0,6,6,4,0,27,19,11,27,23,26,32,32,32,45.02,45.05,44.42,45,370,3.6,0,0,0
11.67,72,0.24,0.25,0.25,11.1,11.3,11.1,0,0.7,0.03,0.11,207.3,5.8,185,1,1,571,698,507,-1,508,11.4,58.5,424,29.6,27.8,0.2,3.8,2067.6,0,16.83,0,22.3,17.9,19.2,17.9,21.3,18.2,17.4,18.2,46,49.0,18,32,9.6,15.8,35,36,25,0,0,0,6,6,4,0,28,20,11,27,23,26,32,32,32,45.02,45.05,44.43,46,370,3.5,0,0,0
11.27,180,0.24,0.25,0.25,11.1,10.9,11.0,0,-4.6,0.03,0.12,207.4,5.6,191,1,1,539,697,451,0,450,11.0,53.6,392,32.0,30.6,0.6,3.8,2067.6,0,16.83,0,22.4,18.0,19.3,18.0,21.4,18.2,17.4,18.2,46,49.0,17,32,9.6,15.8,38,38,25,0,0,0,6,6,4,0,27,19,11,27,23,26,32,32,32,45.02,45.05,44.42,46,370,3.6,0,0,0
11.35,148,0.24,0.25,0.25,11.1,10.9,11.0,0,5.8,0.1,0.1,207.6,6.5,185,1,1,548,697,466,-2,461,11.1,53.5,399,27.6,26.0,0.4,4.0,2067.6,0,16.83,0,22.2,17.9,19.2,17.9,21.3,18.1,17.6,18.2,46,49.1,18,32,9.6,15.8,34,34,25,0,0,0,6,6,4,0,28,20,11,27,23,25,32,32,32,45.02,45.05,44.43,46,370,3.6,0,0,0
11.59,240,0.24,0.25,0.25,11.1,11.3,11.0,0,3.7,0.06,0.09,207.3,5.5,189,1,1,565,697,491,0,490,11.3,56.9,414,32.9,31.4,0.7,3.8,2067.6,0,16.83,0,22.3,18.0,19.2,17.9,21.3,18.2,17.6,18.2,46,49.0,18,32,9.6,15.8,39,39,25,0,0,0,6,6,4,0,27,20,11,27,23,26,32,32,32,45.02,45.04,44.43,46,370,3.6,0,0,0
10.01,248,0.24,0.25,0.25,10.9,10.8,10.8,0,-0.2,0.01,0.12,207.4,5.5,181,1,1,469,696,315,0,320,9.8,43.6,307,31.8,30.2,0.6,3.8,1912.6,0,16.6,0,22.1,17.7,19.0,17.6,21.0,17.9,17.4,18.2,46,49.0,18,32,9.7,15.8,37,36,25,0,0,0,6,6,4,0,27,21,11,27,23,26,32,32,32,45.02,45.05,44.42,45,370,3.6,0,0,0
10.94,320,0.24,0.25,0.25,11.0,11.2,11.0,0,-6.6,0.09,0.1,207.3,5.5,192,1,1,523,697,412,1,422,10.7,50.7,369,32.7,31.1,0.7,3.8,2067.6,0,16.83,0,22.3,18.1,19.3,17.9,21.4,18.3,17.7,18.2,46,49.0,18,32,9.6,15.8,38,38,25,0,0,0,6,6,4,0,27,19,11,27,23,26,32,32,32,45.02,45.05,44.42,46,370,3.6,0,0,0
11.27,32,0.24,0.25,0.25,11.0,11.1,11.0,0,-2.2,0.07,0.06,207.4,5.5,191,1,1,531,697,441,-3,451,11.0,51.8,386,32.7,31.2,0.7,3.8,2067.6,0,16.83,0,22.3,18.0,19.2,17.9,21.3,18.4,17.5,18.2,46,48.9,18,32,9.6,15.8,38,38,25,0,0,0,6,6,4,0,27,19,11,27,23,25,32,32,32,45.01,45.05,44.42,46,370,3.6,0,0,0
11.45,16,0.24,0.25,0.25,11.1,11.2,11.0,0,-8.1,0.08,0.08,207.3,5.7,192,1,1,554,698,471,-1,467,11.2,55.1,403,30.0,30.5,0.5,3.7,2067.6,0,16.83,0,22.3,18.0,19.2,17.9,21.4,18.2,17.5,18.2,46,49.1,17,32,9.6,15.8,37,37,25,0,0,0,6,6,4,0,28,20,11,27,23,26,32,32,32,45.02,45.05,44.43,46,370,3.6,0,0,0
11.16,320,0.24,0.25,0.25,11.0,10.9,11.0,0,-2.5,0.03,0.1,207.4,4.9,191,1,1,539,697,437,-2,442,11.0,50.8,382,32.9,31.0,0.7,3.9,2067.6,0,16.83,0,22.3,18.0,19.3,17.9,21.4,18.4,17.6,18.2,46,48.9,18,32,9.6,15.8,38,38,25,0,0,0,6,6,4,0,27,19,11,27,23,26,32,32,32,45.02,45.05,44.42,45,370,3.6,0,0,0
10.23,108,0.24,0.25,0.25,10.9,10.9,11.0,0,10.5,0.11,0.1,207.2,4.7,179,1,1,479,696,338,1,340,10.1,43.4,325,31.8,30.1,0.6,3.8,2067.6,0,16.83,0,22.1,17.7,19.0,17.7,21.1,18.0,17.5,18.2,46,48.8,18,32,9.7,15.8,36,36,25,0,0,0,6,6,4,0,27,21,11,27,23,25,32,32,32,45.02,45.04,44.43,45,360,3.6,0,0,0
11.58,168,0.24,0.25,0.25,11.1,11.1,11.1,0,0.3,0.03,0.15,207.4,5.2,189,1,1,560,697,489,0,489,11.3,56.3,414,32.9,31.4,0.6,3.8,2067.6,0,16.83,0,22.3,18.0,19.2,17.9,21.3,18.2,17.6,18.2,46,49.0,18,32,9.6,15.8,39,39,25,0,0,0,6,6,4,0,27,20,11,27,23,26,32,32,32,45.02,45.04,44.42,46,370,3.6,0,0,0
10.32,40,0.24,0.25,0.25,11.0,10.9,10.9,0,14.9,0.06,0.1,207.4,4.5,180,1,1,481,696,342,0,339,10.0,45.9,328,31.2,29.8,0.7,3.8,2067.6,0,16.83,0,22.1,17.7,19.0,17.7,21.1,17.9,17.4,18.2,46,48.9,18,32,9.7,15.8,36,36,25,0,0,0,6,6,4,0,27,21,11,27,23,25,32,32,32,45.02,45.05,44.42,46,370,3.5,0,0,0
11.48,260,0.24,0.25,0.25,11.1,11.0,11.0,0,-5.7,0.03,0.13,207.5,5.1,191,1,1,552,697,469,0,478,11.2,54.3,402,32.2,30.4,0.6,3.8,2067.6,0,16.83,0,22.4,18.0,19.3,18.0,21.4,18.3,17.6,18.2,46,49.0,18,32,9.6,15.8,37,37,25,0,0,0,6,6,4,0,27,19,11,27,23,26,32,32,32,45.02,45.05,44.43,46,370,3.6,0,0,0
10.22,100,0.24,0.25,0.25,10.9,10.6,10.8,0,2.1,0.02,0.13,207.4,6.2,182,1,1,487,697,341,-2,351,10.1,43.7,324,32.3,30.3,0.7,3.8,1805.1,0,16.44,0,22.1,17.6,18.9,17.6,20.9,18.0,17.4,18.1,46,48.9,17,32,9.6,15.8,37,36,25,0,0,0,6,6,4,0,27,21,11,27,23,26,32,32,32,45.02,45.04,44.42,46,370,3.5,0,0,0
11.37,160,0.24,0.25,0.25,11.1,11.3,11.0,0,1.3,0.04,0.1,207.4,4.9,190,1,1,549,698,463,-2,458,11.1,55.3,398,27.9,28.1,0.5,3.7,2067.6,0,16.83,0,22.3,17.9,19.2,17.9,21.3,18.3,17.5,18.2,46,49.1,18,32,9.6,15.8,34,34,25,0,0,0,6,6,4,0,28,20,11,27,23,26,32,32,32,45.01,45.05,44.43,46,370,3.6,0,0,0
11.43,308,0.24,0.25,0.25,11.1,11.2,11.1,0,-2.9,0.03,0.1,207.3,5.5,189,1,1,555,698,479,0,480,11.2,56.8,409,33.2,31.4,0.6,3.8,2067.6,0,16.83,0,22.3,17.9,19.2,17.9,21.3,18.1,17.6,18.2,46,49.0,17,32,9.6,15.8,39,39,25,0,0,0,6,6,4,0,27,20,11,27,23,26,32,32,32,45.02,45.04,44.43,46,370,3.6,0,0,0
11.37,40,0.24,0.25,0.25,11.1,11.1,11.0,0,-3.5,0.07,0.1,207.3,5.8,191,1,1,550,697,462,-3,455,11.2,55.6,397,32.1,30.4,0.6,3.8,2067.6,0,16.83,0,22.4,18.0,19.3,18.0,21.4,18.2,17.6,18.2,46,49.0,17,32,9.6,15.8,37,38,25,0,0,0,6,6,4,0,27,19,11,27,23,26,32,32,32,45.02,45.05,44.42,46,370,3.6,0,0,0
11.43,12,0.24,0.25,0.25,11.1,10.9,11.0,0,-1.4,-0.02,0.12,207.6,6.4,186,1,1,550,698,468,1,463,11.2,54.3,402,27.9,26.5,0.4,4.0,2067.6,0,16.83,0,22.2,17.9,19.2,17.9,21.3,18.2,17.6,18.2,46,49.0,18,32,9.6,15.8,34,34,25,0,0,0,6,6,4,0,28,20,11,27,23,26,32,32,32,45.02,45.05,44.42,46,370,3.6,0,0,0
11.41,152,0.24,0.25,0.25,11.1,10.9,11.1,0,4.4,0.05,0.12,207.3,5.5,186,1,1,551,698,469,-1,466,11.2,54.0,401,27.8,26.0,0.4,4.0,2067.6,0,16.83,0,22.3,17.9,19.2,17.9,21.3,18.1,17.6,18.2,46,49.0,18,32,9.6,15.8,34,34,25,0,0,0,6,6,4,0,28,20,11,27,23,25,32,32,32,45.02,45.05,44.43,45,370,3.6,0,0,0
10.33,176,0.24,0.25,0.25,11.0,10.9,10.8,0,9.8,0.03,0.08,207.4,5.9,181,1,1,484,697,350,-1,355,10.2,44.7,331,31.6,30.0,0.7,3.8,2067.6,0,16.83,0,22.1,17.7,19.0,17.7,21.1,17.9,17.3,18.2,46,48.9,18,32,9.7,15.8,36,36,25,0,0,0,6,6,4,0,27,21,11,27,23,25,32,32,32,45.02,45.05,44.42,46,360,3.6,0,0,0
11.47,224,0.24,0.25,0.25,11.2,11.1,11.1,0,3.2,0.04,0.13,207.9,5.7,186,1,1,553,698,471,1,473,11.3,55.9,405,28.0,26.6,0.4,4.0,2067.6,0,16.83,0,22.3,17.9,19.2,17.9,21.3,18.3,17.6,18.2,46,49.1,18,32,9.6,15.8,34,34,25,0,0,0,6,6,4,0,28,20,11,27,23,26,32,32,32,45.02,45.05,44.43,46,370,3.6,0,0,0
11.47,244,0.24,0.25,0.25,11.1,10.8,11.1,0,-3.5,0.02,0.12,207.4,6.3,192,1,1,551,697,465,0,466,11.2,53.8,400,32.6,31.1,0.7,3.8,2067.6,0,16.83,0,22.3,18.0,19.3,17.9,21.3,18.3,17.5,18.2,46,49.1,18,32,9.6,15.8,38,38,25,0,0,0,6,6,4,0,27,19,11,27,23,26,32,32,32,45.02,45.05,44.43,46,370,3.6,0,0,0
10.74,276,0.24,0.25,0.25,11.0,11.3,10.9,0,7.6,0.03,0.11,207.7,4.8,181,1,1,509,697,393,1,401,10.5,50.0,357,29.8,27.9,0.3,3.5,2067.6,0,16.83,0,22.3,17.9,19.2,17.9,21.3,18.2,17.6,18.2,46,49.0,18,32,9.6,15.8,35,35,25,0,0,0,6,6,4,0,27,21,11,27,23,26,32,32,32,45.02,45.04,44.43,46,380,3.5,0,0,0
11.11,120,0.24,0.25,0.25,11.0,11.2,11.0,0,-4.9,0.06,0.08,207.3,5.2,191,1,1,529,697,437,-2,434,10.9,51.6,382,31.4,29.7,0.6,3.8,2067.6,0,16.83,0,22.4,18.1,19.3,18.0,21.4,18.3,17.6,18.2,46,49.0,18,32,9.6,15.8,37,37,25,0,0,0,6,6,4,0,27,19,11,27,23,26,32,32,32,45.02,45.05,44.42,46,370,3.6,0,0,0
11.36,80,0.24,0.25,0.25,11.1,10.7,11.1,0,-1.4,0.08,0.1,207.4,6.2,186,1,1,554,698,472,1,470,11.2,54.0,404,28.2,26.2,0.4,4.0,2067.6,0,16.83,0,22.2,17.9,19.2,17.9,21.3,18.2,17.6,18.2,46,49.0,17,32,9.6,15.8,34,34,25,0,0,0,6,6,4,0,28,20,11,27,23,26,32,32,32,45.02,45.05,44.43,46,370,3.6,0,0,0
10.21,268,0.24,0.25,0.25,11.0,10.6,11.0,0,0.9,0.05,0.11,207.3,5.6,184,1,1,480,697,338,-2,336,10.0,44.0,324,30.4,29.0,0.5,3.7,1917.8,0,16.61,0,22.2,17.9,19.1,17.7,21.2,18.2,17.5,18.2,46,48.9,17,32,9.6,15.8,36,35,25,0,0,0,6,6,4,0,27,21,11,27,23,26,32,32,32,45.02,45.04,44.43,46,360,3.6,0,0,0
10.12,28,0.24,0.25,0.25,11.0,10.8,10.7,0,6.0,0.01,0.12,207.3,5.3,181,1,1,479,697,330,-2,336,9.9,42.7,316,31.8,30.4,0.7,3.8,1805.1,0,16.44,0,22.1,17.6,18.9,17.6,20.9,17.9,17.4,18.2,46,48.9,18,32,9.6,15.8,37,36,25,0,0,0,6,6,4,0,27,21,11,27,23,26,32,32,32,45.02,45.04,44.43,46,370,3.6,0,0,0
10.39,348,0.24,0.25,0.25,11.0,10.7,10.9,0,12.7,0.01,0.1,207.6,4.2,179,1,1,488,697,360,0,367,10.2,47.5,337,29.9,28.3,0.8,4.0,2067.6,0,16.83,0,22.3,17.9,19.2,17.9,21.3,18.3,17.6,18.2,46,49.0,17,32,9.6,15.8,35,35,25,0,0,0,6,6,4,0,27,21,11,27,23,26,32,32,32,45.02,45.04,44.42,46,370,3.6,0,0,0
11.28,248,0.24,0.25,0.25,11.0,10.8,11.1,0,-7.0,0.08,0.08,207.4,4.9,192,1,1,542,697,456,-2,466,11.1,52.8,393,32.8,31.1,0.7,3.9,2067.6,0,16.83,0,22.3,18.0,19.2,17.9,21.3,18.3,17.4,18.2,46,49.1,18,32,9.6,15.8,38,38,25,0,0,0,6,6,4,0,27,19,11,27,23,26,32,32,32,45.02,45.04,44.42,46,370,3.6,0,0,0
10.33,324,0.24,0.25,0.25,11.0,10.9,11.0,0,10.1,0.02,0.1,207.3,3.5,181,1,1,487,697,353,0,354,10.2,46.8,333,31.8,29.9,0.7,3.8,2067.6,0,16.83,0,22.1,17.7,19.0,17.7,21.0,17.9,17.3,18.2,46,49.1,18,32,9.7,15.8,36,36,25,0,0,0,6,6,4,0,27,21,11,27,23,25,32,32,32,45.02,45.04,44.42,46,370,3.6,0,0,0
10.43,344,0.24,0.25,0.25,11.0,10.9,10.9,0,-0.6,-0.04,0.1,207.4,5.6,182,1,1,489,698,356,1,356,10.2,45.2,336,29.9,28.5,0.5,3.7,2048.0,0,16.8,0,22.3,17.9,19.1,17.9,21.3,18.2,17.4,18.2,46,49.1,18,32,9.6,15.8,35,35,25,0,0,0,6,6,4,0,27,21,11,27,23,25,32,32,32,45.02,45.05,44.42,46,360,3.6,0,0,0
10.33,340,0.24,0.25,0.25,11.0,11.1,10.9,0,13.1,-0.02,0.12,207.7,4.6,180,1,1,484,697,350,-3,346,10.2,46.3,330,30.5,28.8,0.5,3.7,2048.0,0,16.8,0,22.2,17.9,19.1,17.9,21.3,18.2,17.4,18.2,46,49.1,17,32,9.6,15.8,35,35,25,0,0,0,6,6,4,0,27,21,11,27,23,26,32,32,32,45.02,45.05,44.43,45,360,3.5,0,0,0
10.32,312,0.24,0.25,0.25,11.0,10.8,10.9,0,2.1,0.03,0.1,207.4,5.8,183,1,1,483,697,342,1,333,10.1,45.7,326,32.4,30.4,0.6,3.8,1764.8,0,16.38,0,22.0,17.6,18.9,17.6,20.9,18.0,17.3,18.2,46,49.1,18,32,9.6,15.8,37,36,25,0,0,0,6,6,4,0,27,21,11,27,23,25,32,32,32,45.02,45.04,44.42,46,360,3.6,0,0,0
10.07,316,0.24,0.25,0.25,10.9,11.0,11.1,0,7.1,0.09,0.12,207.5,6.0,181,1,1,474,697,323,-2,325,9.8,42.1,314,31.7,30.2,0.7,3.9,1805.1,0,16.44,0,22.1,17.6,18.9,17.6,20.9,17.9,17.4,18.2,46,48.9,17,32,9.6,15.8,37,36,25,0,0,0,6,6,4,0,27,21,11,27,23,25,32,32,32,45.02,45.04,44.43,46,360,3.5,0,0,0
11.52,100,0.24,0.25,0.25,11.1,11.0,11.1,0,-1.9,0.03,0.1,207.6,5.7,191,1,1,556,697,476,0,483,11.2,56.3,406,32.9,31.2,0.7,3.9,2067.6,0,16.83,0,22.4,17.9,19.2,17.9,21.3,18.0,17.5,18.2,46,48.9,18,32,9.6,15.8,38,39,25,0,0,0,6,6,4,0,27,19,11,27,23,26,32,32,32,45.02,45.04,44.42,46,370,3.5,0,0,0
11.27,248,0.24,0.25,0.25,11.0,10.7,11.0,0,-3.7,0.03,0.08,207.4,5.3,192,1,1,544,696,465,-1,460,11.2,53.5,400,32.5,30.7,0.7,3.9,2067.6,0,16.83,0,22.3,18.0,19.2,17.9,21.3,18.2,17.5,18.2,46,48.9,18,32,9.6,15.8,38,38,25,0,0,0,6,6,4,0,27,19,11,27,23,25,32,32,32,45.02,45.05,44.42,46,370,3.5,0,0,0
11.84,144,0.24,0.25,0.25,11.1,10.8,11.1,0,3.5,0.05,0.1,207.3,6.3,186,1,1,586,698,526,-2,534,11.6,58.0,432,29.3,27.5,0.3,3.9,2067.6,0,16.83,0,22.3,18.0,19.2,17.9,21.3,18.4,17.6,18.2,46,49.1,17,32,9.6,15.8,35,35,25,0,0,0,6,6,4,0,28,20,11,27,23,26,32,32,32,45.02,45.05,44.43,46,360,3.5,0,0,0
10.22,196,0.24,0.25,0.25,11.0,10.8,11.0,0,0.2,0.02,0.08,207.5,5.9,184,1,1,479,697,341,-1,338,10.0,44.2,325,30.5,29.0,0.5,3.7,1958.1,0,16.67,0,22.2,17.9,19.1,17.7,21.2,18.1,17.5,18.2,46,48.8,18,32,9.6,15.8,36,35,25,0,0,0,6,6,4,0,27,21,11,27,23,25,32,32,32,45.02,45.04,44.42,46,370,3.6,0,0,0
10.24,240,0.24,0.25,0.25,11.0,10.8,10.8,0,0.8,0.03,0.17,207.7,5.0,183,1,1,481,697,344,-2,357,10.2,45.4,326,32.0,30.5,0.6,3.8,1805.1,0,16.44,0,22.0,17.6,18.9,17.6,20.9,18.0,17.4,18.2,46,49.0,18,32,9.6,15.8,37,36,25,0,0,0,6,6,4,0,27,21,11,27,23,25,32,32,32,45.02,45.04,44.42,46,360,3.5,0,0,0
9.96,100,0.24,0.25,0.25,10.9,10.9,10.8,0,0.2,0.08,0.08,207.6,4.2,182,1,1,470,697,313,-2,316,9.7,41.5,308,31.8,30.4,0.6,3.8,1912.6,0,16.6,0,22.0,17.7,19.0,17.6,21.0,18.0,17.4,18.2,46,49.0,18,32,9.7,15.8,37,36,25,0,0,0,6,6,4,0,27,21,11,27,23,26,32,32,32,45.02,45.05,44.42,46,370,3.5,0,0,0
10.32,52,0.24,0.25,0.25,11.0,11.1,10.9,0,10.3,0.09,0.11,207.4,5.4,180,1,1,487,698,351,-2,349,10.1,46.5,332,30.1,28.3,0.5,3.6,2048.0,0,16.8,0,22.2,17.9,19.1,17.9,21.3,18.3,17.4,18.2,46,49.0,17,32,9.6,15.8,35,35,25,0,0,0,6,6,4,0,27,21,11,27,23,25,32,32,32,45.02,45.05,44.43,45,370,3.6,0,0,0
11.84,0,0.24,0.25,0.25,11.2,11.4,11.1,0,0.8,0.05,0.1,207.3,5.6,186,1,1,577,698,517,0,522,11.6,58.1,429,28.9,27.0,0.3,3.8,2067.6,0,16.83,0,22.2,18.0,19.2,17.9,21.3,18.4,17.6,18.2,46,49.0,18,32,9.6,15.8,35,35,25,0,0,0,6,6,4,0,28,20,11,27,23,26,32,32,32,45.02,45.05,44.42,46,370,3.6,0,0,0
10.86,136,0.24,0.25,0.25,11.1,10.8,10.9,0,18.9,0.01,0.11,207.4,4.7,181,1,1,519,698,407,1,414,10.7,50.8,366,29.8,27.8,0.4,3.6,2067.6,0,16.83,0,22.3,17.9,19.2,17.9,21.3,18.2,17.4,18.2,46,49.0,17,32,9.6,15.8,35,35,25,0,0,0,6,6,4,0,27,21,11,27,23,26,32,32,32,45.02,45.05,44.42,46,370,3.6,0,0,0
11.36,232,0.24,0.25,0.25,11.1,10.8,11.0,0,-8.3,0.05,0.12,207.4,6.2,192,1,1,553,698,470,0,477,11.3,55.5,401,29.8,30.9,0.5,3.7,2067.6,0,16.83,0,22.3,18.0,19.2,17.9,21.4,18.2,17.5,18.2,46,49.1,18,32,9.6,15.8,37,37,25,0,0,0,6,6,4,0,28,20,11,27,23,26,32,32,32,45.02,45.05,44.43,46,370,3.6,0,0,0
10.92,176,0.24,0.25,0.25,11.0,10.9,11.0,0,-3.8,-0.02,0.1,207.6,5.2,192,1,1,516,696,413,-1,425,10.8,51.3,370,32.7,30.7,0.6,3.8,2067.6,0,16.83,0,22.3,18.0,19.3,17.9,21.4,18.2,17.6,18.2,46,49.0,17,32,9.6,15.8,38,38,25,0,0,0,6,6,4,0,27,19,11,27,23,25,32,32,32,45.02,45.04,44.42,46,370,3.6,0,0,0
10.72,348,0.24,0.25,0.25,11.0,11.2,10.9,0,4.0,0.07,0.1,207.4,4.9,181,1,1,509,698,394,0,404,10.6,48.1,357,30.0,27.9,0.4,3.6,2067.6,0,16.83,0,22.3,17.9,19.1,17.9,21.3,18.2,17.5,18.2,46,48.9,18,32,9.6,15.8,35,35,25,0,0,0,6,6,4,0,27,21,11,27,23,25,32,32,32,45.02,45.04,44.42,46,360,3.6,0,0,0
10.43,332,0.24,0.25,0.25,11.0,10.7,10.8,0,2.1,0.01,0.1,207.4,6.0,185,1,1,487,697,354,0,358,10.2,46.8,332,31.2,29.7,0.6,3.8,1976.7,0,16.69,0,22.2,17.8,19.0,17.7,21.1,18.2,17.4,18.2,46,49.1,17,32,9.6,15.8,36,36,25,0,0,0,6,6,4,0,27,21,11,27,23,25,32,32,32,45.02,45.04,44.42,46,370,3.5,0,0,0
10.42,200,0.24,0.25,0.25,11.0,10.8,11.0,0,2.5,0.02,0.1,207.4,5.7,182,1,1,487,697,351,-1,355,10.1,44.7,332,30.2,28.5,0.5,3.7,1960.1,0,16.67,0,22.2,17.9,19.1,17.9,21.2,18.2,17.5,18.2,46,49.1,17,32,9.6,15.8,35,35,25,0,0,0,6,6,4,0,27,21,11,27,23,26,32,32,32,45.02,45.04,44.42,45,360,3.5,0,0,0
11.27,308,0.24,0.25,0.25,11.1,11.2,11.0,0,-3.7,0.03,0.1,207.6,5.4,191,1,1,540,697,444,0,444,11.1,52.1,390,31.6,31.1,0.6,3.8,2067.6,0,16.83,0,22.3,18.0,19.2,17.9,21.3,18.3,17.4,18.2,46,49.0,18,32,9.6,15.8,38,38,25,0,0,0,6,6,4,0,28,20,11,27,23,26,32,32,32,45.02,45.04,44.42,46,370,3.6,0,0,0
11.05,64,0.24,0.25,0.25,11.1,10.8,11.0,0,5.9,0.04,0.1,207.4,4.7,185,1,1,535,698,441,-1,443,10.8,52.8,386,29.4,27.8,0.6,3.7,2067.6,0,16.83,0,22.3,17.9,19.2,17.9,21.3,18.2,17.3,18.2,46,49.0,17,32,9.6,15.8,35,35,25,0,0,0,6,6,4,0,27,21,11,27,23,25,32,32,32,45.02,45.05,44.42,45,370,3.6,0,0,0
10.28,332,0.24,0.25,0.25,11.0,10.8,10.9,0,0.6,0.0,0.1,207.5,6.3,184,1,1,483,697,343,-1,343,10.0,44.9,326,30.7,29.4,0.6,3.8,1917.8,0,16.61,0,22.2,17.8,19.1,17.7,21.2,18.3,17.5,18.2,46,48.9,17,32,9.6,15.8,36,36,25,0,0,0,6,6,4,0,27,21,11,27,23,26,32,32,32,45.02,45.05,44.42,45,370,3.6,0,0,0
10.32,260,0.24,0.25,0.25,11.1,10.7,10.7,0,1.3,0.08,0.1,207.3,5.1,184,1,1,489,697,358,-1,368,10.3,46.2,336,31.3,29.3,0.6,3.8,1976.7,0,16.69,0,22.2,17.8,19.0,17.7,21.1,18.2,17.4,18.2,46,49.1,17,32,9.6,15.8,36,36,25,0,0,0,6,6,4,0,27,21,11,27,23,25,32,32,32,45.02,45.04,44.42,46,370,3.6,0,0,0
9.92,316,0.24,0.25,0.25,10.9,10.9,11.1,0,1.0,0.11,0.09,207.4,4.6,181,1,1,469,697,316,-2,322,9.9,43.2,310,31.7,30.0,0.6,3.8,1912.6,0,16.6,0,22.1,17.7,19.0,17.6,21.0,18.0,17.4,18.2,46,49.0,18,32,9.7,15.8,37,36,25,0,0,0,6,6,4,0,27,21,11,27,23,25,32,32,32,45.02,45.05,44.42,46,360,3.6,0,0,0
10.43,204,0.24,0.25,0.25,10.9,11.1,10.9,0,9.1,0.03,0.11,207.4,4.7,180,1,1,491,698,357,-1,355,10.2,45.9,335,29.8,28.4,0.7,3.9,2067.6,0,16.83,0,22.3,17.9,19.2,17.9,21.3,18.4,17.5,18.2,46,49.1,18,32,9.6,15.8,35,35,25,0,0,0,6,6,4,0,27,21,11,27,23,26,32,32,32,45.02,45.04,44.43,46,370,3.5,0,0,0
11.36,100,0.24,0.25,0.25,11.0,11.3,11.0,0,-2.7,0.05,0.06,207.6,5.8,191,1,1,548,697,466,0,462,11.2,55.6,399,32.6,31.1,0.7,3.9,2067.6,0,16.83,0,22.3,18.0,19.2,17.9,21.3,18.2,17.5,18.2,46,49.1,18,32,9.6,15.8,38,38,25,0,0,0,6,6,4,0,27,19,11,27,23,26,32,32,32,45.02,45.05,44.42,46,370,3.6,0,0,0
10.32,120,0.24,0.25,0.25,11.0,10.6,11.0,0,1.4,0.08,0.1,207.2,5.6,183,1,1,483,698,345,0,352,10.1,45.7,330,30.7,29.3,0.6,3.8,1958.1,0,16.67,0,22.2,17.9,19.1,17.8,21.2,18.1,17.4,18.2,46,48.8,17,32,9.6,15.8,35,35,25,0,0,0,6,6,4,0,27,21,11,27,23,25,32,32,32,45.02,45.04,44.42,45,370,3.5,0,0,0
11.83,148,0.24,0.25,0.25,11.1,11.0,11.1,0,3.6,0.05,0.1,207.6,6.6,185,1,1,581,698,522,-2,516,11.4,60.2,431,29.7,27.7,0.2,3.8,2067.6,0,16.83,0,22.3,17.9,19.2,17.9,21.3,18.2,17.5,18.2,46,49.0,17,32,9.6,15.8,35,36,25,0,0,0,6,6,4,0,28,20,11,27,23,25,32,32,32,45.02,45.05,44.42,46,380,3.6,0,0,0
11.48,236,0.24,0.25,0.25,11.2,11.3,11.1,0,-2.6,0.02,0.1,207.5,5.8,189,1,1,554,697,478,-2,475,11.2,55.5,407,33.1,31.8,0.6,3.8,2067.6,0,16.83,0,22.3,17.9,19.2,17.9,21.3,18.1,17.6,18.2,46,48.9,18,32,9.6,15.8,39,39,25,0,0,0,6,6,4,0,27,20,11,27,23,26,32,32,32,45.01,45.04,44.43,46,370,3.5,0,0,0
9.91,248,0.24,0.25,0.25,10.9,10.9,10.9,0,1.4,0.04,0.06,207.4,5.8,182,1,1,470,697,306,0,306,9.7,40.7,305,32.3,30.5,0.7,3.9,1805.1,0,16.44,0,22.1,17.7,18.9,17.6,20.9,18.0,17.4,18.1,46,49.1,18,32,9.6,15.8,37,36,25,0,0,0,6,6,4,0,27,21,11,27,23,26,32,32,32,45.02,45.04,44.43,45,370,3.6,0,0,0
11.48,264,0.24,0.25,0.25,11.1,11.0,11.0,0,-3.8,0.03,0.1,207.6,5.5,191,1,1,555,698,477,1,485,11.2,55.1,405,31.8,30.0,0.6,3.8,2067.6,0,16.83,0,22.4,18.0,19.3,18.0,21.4,18.4,17.6,18.2,46,49.1,18,32,9.6,15.8,37,37,25,0,0,0,6,6,4,0,27,19,11,27,23,26,32,32,32,45.02,45.05,44.42,46,370,3.6,0,0,0
11.52,116,0.24,0.25,0.25,11.1,10.7,11.0,0,-4.2,0.03,0.1,207.4,5.7,191,1,1,557,697,478,1,474,11.2,56.8,408,32.1,30.1,0.6,3.8,2067.6,0,16.83,0,22.4,18.0,19.3,18.0,21.4,18.3,17.5,18.2,46,49.0,18,32,9.6,15.8,37,37,25,0,0,0,6,6,4,0,27,19,11,27,23,25,32,32,32,45.02,45.05,44.42,46,370,3.6,0,0,0
11.28,104,0.24,0.25,0.25,11.0,11.0,10.9,0,-4.0,0.02,0.16,207.4,5.1,191,1,1,544,697,451,-2,461,11.1,52.0,390,32.7,31.1,0.7,3.9,2067.6,0,16.83,0,22.3,18.0,19.2,17.9,21.3,18.3,17.5,18.2,46,49.0,18,32,9.6,15.8,38,38,25,0,0,0,6,6,4,0,27,19,11,27,23,26,32,32,32,45.01,45.04,44.42,46,370,3.5,0,0,0
10.42,128,0.24,0.25,0.25,11.0,11.1,10.9,0,-2.1,0.03,0.1,207.5,5.2,182,1,1,484,697,353,0,355,10.3,46.2,334,29.9,28.7,0.6,3.8,2048.0,0,16.8,0,22.3,17.9,19.1,17.9,21.3,18.2,17.4,18.2,46,48.9,18,32,9.6,15.8,35,35,25,0,0,0,6,6,4,0,27,21,11,27,23,25,32,32,32,45.02,45.05,44.43,46,370,3.6,0,0,0
11.84,284,0.24,0.25,0.25,11.2,10.9,11.1,0,5.7,0.03,0.1,207.5,6.2,185,1,1,584,698,523,-2,527,11.6,59.9,431,29.5,28.2,0.2,3.8,2067.6,0,16.83,0,22.3,17.9,19.1,17.9,21.3,18.2,17.5,18.2,46,49.0,18,32,9.6,15.8,35,35,25,0,0,0,6,6,4,0,28,20,11,27,23,26,32,32,32,45.01,45.05,44.42,46,370,3.5,0,0,0
10.1,248,0.24,0.25,0.25,11.0,11.1,10.9,0,4.1,0.03,0.1,207.4,4.4,180,1,1,475,697,324,1,331,9.8,42.4,316,31.8,30.2,0.6,3.8,1912.6,0,16.6,0,22.1,17.7,19.0,17.6,21.0,18.0,17.4,18.2,46,48.8,18,32,9.7,15.8,36,36,25,0,0,0,6,6,4,0,27,21,11,27,23,26,32,32,32,45.02,45.04,44.43,46,370,3.5,0,0,0
11.05,120,0.24,0.25,0.25,11.0,11.1,11.0,0,-5.0,0.03,0.14,207.4,5.2,191,1,1,530,697,426,0,429,10.9,51.2,379,31.2,29.8,0.6,3.8,2067.6,0,16.83,0,22.4,18.1,19.3,18.0,21.4,18.3,17.7,18.2,46,49.1,17,32,9.6,15.8,36,37,25,0,0,0,6,6,4,0,27,19,11,27,23,26,32,32,32,45.01,45.04,44.42,46,370,3.6,0,0,0
11.06,256,0.24,0.25,0.25,11.0,10.9,11.0,0,-7.2,0.05,0.08,207.4,5.0,192,1,1,530,697,432,2,440,10.8,52.0,382,32.4,30.6,0.6,3.9,2067.6,0,16.83,0,22.3,18.0,19.3,17.9,21.4,18.3,17.6,18.2,46,48.9,17,32,9.6,15.8,38,38,25,0,0,0,6,6,4,0,27,19,11,27,23,26,32,32,32,45.02,45.05,44.42,46,370,3.6,0,0,0
11.41,16,0.24,0.25,0.25,11.1,11.1,11.0,0,-7.4,0.05,0.08,207.7,6.2,192,1,1,554,697,472,-2,470,11.3,54.0,404,28.9,29.9,0.5,3.7,2067.6,0,16.83,0,22.3,18.0,19.2,17.9,21.3,18.2,17.5,18.2,46,49.0,18,32,9.6,15.8,36,36,25,0,0,0,6,6,4,0,28,20,11,27,23,26,32,32,32,45.02,45.05,44.42,45,370,3.6,0,0,0
10.75,20,0.24,0.25,0.25,11.0,11.1,11.1,0,4.7,0.03,0.1,207.4,5.1,184,1,1,500,697,388,-1,394,10.4,48.5,353,32.8,31.0,0.7,3.9,1991.1,0,16.72,0,22.0,17.6,18.9,17.6,20.9,17.6,17.4,18.1,46,48.9,18,32,9.7,15.8,37,37,25,0,0,0,6,6,4,0,27,22,11,27,23,25,32,32,32,45.02,45.04,44.42,46,360,3.6,0,0,0
11.48,304,0.24,0.25,0.25,11.1,10.9,11.0,0,-7.9,0.03,0.14,207.6,6.0,192,1,1,552,698,472,-2,468,11.2,55.3,401,29.3,30.3,0.5,3.7,2067.6,0,16.83,0,22.3,18.0,19.2,17.9,21.3,18.2,17.5,18.2,46,49.0,17,32,9.6,15.8,36,36,25,0,0,0,6,6,4,0,28,20,11,27,23,25,32,32,32,45.02,45.05,44.43,45,380,3.6,0,0,0
11.16,192,0.24,0.25,0.25,11.0,10.8,11.0,0,-5.9,0.04,0.1,207.4,6.0,191,1,1,532,697,431,-2,435,10.9,51.4,378,31.3,29.3,0.6,3.8,2067.6,0,16.83,0,22.4,18.1,19.3,18.0,21.4,18.3,17.7,18.2,46,49.2,18,32,9.6,15.8,36,37,25,0,0,0,6,6,4,0,27,19,11,27,23,26,32,32,32,45.01,45.04,44.42,46,370,3.6,0,0,0
11.36,284,0.24,0.25,0.25,11.1,10.7,11.1,0,-3.7,0.03,0.1,207.6,6.0,186,1,1,558,698,476,-1,489,11.2,55.5,405,29.6,28.2,0.2,3.4,2067.6,0,16.83,0,22.3,17.9,19.2,17.9,21.3,18.2,17.2,18.2,46,48.9,17,32,9.6,15.8,36,36,25,0,0,0,6,6,4,0,28,20,11,27,23,26,32,32,32,45.02,45.05,44.42,46,370,3.6,0,0,0
10.63,164,0.24,0.25,0.25,11.0,10.6,10.9,0,2.4,0.1,0.08,207.3,6.0,184,1,1,501,697,383,-2,386,10.4,48.3,351,32.2,30.5,0.7,3.9,1991.1,0,16.72,0,22.0,17.6,18.9,17.6,20.9,17.8,17.3,18.1,46,48.9,17,32,9.8,15.8,37,37,25,0,0,0,6,6,4,0,27,22,11,27,23,25,32,32,32,45.02,45.04,44.42,45,370,3.6,0,0,0
11.21,256,0.24,0.25,0.25,11.0,10.8,11.0,0,-7.8,0.05,0.1,207.3,5.7,192,1,1,535,697,442,0,442,10.9,54.0,386,32.2,30.2,0.7,3.8,2067.6,0,16.83,0,22.3,18.0,19.3,17.9,21.4,18.2,17.6,18.2,46,48.9,18,32,9.6,15.8,38,38,25,0,0,0,6,6,4,0,27,19,11,27,23,26,32,32,32,45.02,45.04,44.42,45,370,3.5,0,0,0
10.23,192,0.24,0.25,0.25,11.0,10.7,10.9,0,-2.2,0.0,0.13,207.6,4.5,183,1,1,482,697,346,1,348,10.1,44.7,328,30.8,29.3,0.6,3.8,1958.1,0,16.67,0,22.2,17.8,19.1,17.8,21.2,18.1,17.4,18.2,46,48.8,18,32,9.6,15.8,35,35,25,0,0,0,6,6,4,0,27,21,11,27,23,26,32,32,32,45.02,45.04,44.42,46,370,3.5,0,0,0
11.54,296,0.24,0.25,0.25,11.1,11.4,11.0,0,4.1,0.03,0.1,207.6,7.2,185,1,1,558,698,484,0,480,11.3,57.5,412,28.6,26.5,0.4,3.9,2067.6,0,16.83,0,22.3,17.9,19.1,17.9,21.3,18.3,17.6,18.2,46,49.0,17,32,9.6,15.8,34,34,25,0,0,0,6,6,4,0,28,20,11,27,23,25,32,32,32,45.02,45.04,44.42,46,370,3.6,0,0,0
10.62,352,0.24,0.25,0.25,11.0,11.2,11.0,0,4.5,0.01,0.11,207.6,6.2,181,1,1,504,697,383,1,381,10.5,47.6,353,29.6,27.9,0.6,3.8,2067.6,0,16.83,0,22.3,17.9,19.1,17.9,21.3,18.2,17.5,18.2,46,49.0,18,32,9.6,15.8,35,35,25,0,0,0,6,6,4,0,27,21,11,27,23,25,32,32,32,45.02,45.05,44.43,46,370,3.6,0,0,0
11.11,136,0.24,0.25,0.25,11.1,10.9,11.0,0,9.4,0.03,0.12,207.4,4.8,184,1,1,526,697,430,0,437,10.9,51.4,379,29.4,28.1,0.6,3.7,2067.6,0,16.83,0,22.3,17.9,19.2,17.9,21.3,18.1,17.3,18.2,46,49.0,17,32,9.6,15.8,35,35,25,0,0,0,6,6,4,0,27,21,11,27,23,26,32,32,32,45.02,45.05,44.42,46,370,3.6,0,0,0
11.59,96,0.24,0.25,0.25,11.1,10.8,11.1,0,1.7,0.03,0.1,207.6,6.2,189,1,1,563,697,494,0,503,11.4,56.2,415,33.0,31.4,0.7,3.8,2067.6,0,16.83,0,22.3,18.0,19.2,17.9,21.3,18.2,17.6,18.2,46,49.0,17,32,9.6,15.8,39,39,25,0,0,0,6,6,4,0,27,20,11,27,23,26,32,32,32,45.02,45.04,44.42,46,370,3.5,0,0,0
11.57,144,0.24,0.25,0.25,11.2,11.1,11.0,0,1.9,0.03,0.13,207.5,6.2,185,1,1,566,698,491,-1,496,11.3,56.2,416,29.9,27.9,0.2,3.5,2067.6,0,16.83,0,22.3,17.9,19.2,17.9,21.3,18.3,17.4,18.2,46,48.9,18,32,9.6,15.8,35,36,25,0,0,0,6,6,4,0,28,20,11,27,23,26,32,32,32,45.02,45.04,44.41,46,370,3.6,0,0,0
11.37,84,0.24,0.25,0.25,11.1,11.2,11.1,0,1.0,0.06,0.1,207.3,4.3,191,1,1,551,698,462,0,460,11.2,54.0,398,27.9,28.3,0.4,3.7,2067.6,0,16.83,0,22.3,17.9,19.2,17.9,21.3,18.3,17.4,18.2,46,49.1,18,32,9.6,15.8,34,34,25,0,0,0,6,6,4,0,28,20,11,27,23,25,32,32,32,45.01,45.04,44.43,46,370,3.6,0,0,0
10.9,176,0.24,0.25,0.25,11.0,10.8,11.0,0,-7.0,0.05,0.15,207.4,5.8,192,1,1,510,697,408,0,413,10.7,50.7,366,32.2,30.9,0.7,3.9,2067.6,0,16.83,0,22.3,18.0,19.3,17.9,21.4,18.3,17.6,18.3,46,49.0,17,32,9.6,15.8,38,38,25,0,0,0,6,6,4,0,27,19,11,27,23,26,32,32,32,45.02,45.05,44.42,46,370,3.6,0,0,0
11.74,292,0.24,0.25,0.25,11.1,10.9,11.1,0,3.7,0.03,0.12,207.6,6.2,185,1,1,583,699,509,-1,520,11.5,59.2,425,29.6,27.9,0.2,3.8,2067.6,0,16.83,0,22.3,17.9,19.2,17.9,21.3,18.2,17.4,18.2,46,48.9,18,32,9.6,15.8,35,36,25,0,0,0,6,6,4,0,28,20,11,27,23,25,32,32,32,45.02,45.05,44.43,45,370,3.6,0,0,0
10.16,252,0.24,0.25,0.25,10.9,11.0,11.1,0,3.4,0.03,0.15,207.4,5.4,180,1,1,475,696,328,0,330,10.0,44.2,318,31.8,29.9,0.6,3.8,2067.6,0,16.83,0,22.1,17.7,19.0,17.7,21.0,18.1,17.4,18.2,46,48.9,17,32,9.7,15.8,36,36,25,0,0,0,6,6,4,0,27,21,11,27,23,25,32,32,32,45.02,45.05,44.43,46,370,3.6,0,0,0
10.32,268,0.24,0.25,0.25,11.0,10.9,10.9,0,11.1,0.13,0.1,207.6,4.6,180,1,1,484,697,353,-1,347,10.1,45.2,332,30.3,28.8,0.4,3.6,2048.0,0,16.8,0,22.2,17.9,19.1,17.9,21.3,18.2,17.4,18.2,46,49.0,18,32,9.6,15.8,35,35,25,0,0,0,6,6,4,0,27,21,11,27,23,26,32,32,32,45.02,45.05,44.42,46,360,3.5,0,0,0
11.05,180,0.24,0.25,0.25,11.0,11.1,11.0,0,-5.9,0.09,0.1,207.4,5.4,192,1,1,520,697,423,0,424,10.7,52.0,376,32.0,30.5,0.7,3.8,2067.6,0,16.83,0,22.3,18.1,19.3,17.9,21.4,18.4,17.6,18.2,46,49.0,18,32,9.6,15.8,38,38,25,0,0,0,6,6,4,0,27,19,11,27,23,26,32,32,32,45.02,45.04,44.42,46,360,3.6,0,0,0
11.06,264,0.24,0.25,0.25,11.0,10.6,11.0,0,-8.2,0.04,0.05,207.4,5.1,191,1,1,527,697,430,-2,431,10.8,50.8,380,31.6,29.8,0.6,3.8,2067.6,0,16.83,0,22.4,18.1,19.3,18.0,21.4,18.3,17.6,18.2,46,49.2,17,32,9.6,15.8,36,37,25,0,0,0,6,6,4,0,27,19,11,27,23,26,32,32,32,45.01,45.04,44.42,46,380,3.6,0,0,0
10.33,272,0.24,0.25,0.25,11.0,10.6,11.0,0,1.6,0.05,0.14,207.3,5.0,182,1,1,487,697,353,-1,356,10.2,44.8,333,30.5,28.3,0.5,3.7,1960.1,0,16.67,0,22.3,17.9,19.1,17.9,21.2,18.2,17.4,18.2,46,49.0,17,32,9.6,15.8,35,35,25,0,0,0,6,6,4,0,27,21,11,27,23,25,32,32,32,45.02,45.04,44.42,45,360,3.6,0,0,0
10.64,272,0.24,0.25,0.25,11.0,10.8,10.9,0,5.4,0.01,0.11,207.4,5.7,181,1,1,502,697,386,1,394,10.5,49.1,353,30.2,28.1,0.5,3.7,2067.6,0,16.83,0,22.3,17.9,19.1,17.9,21.3,18.2,17.5,18.2,46,49.0,17,32,9.6,15.8,35,35,25,0,0,0,6,6,4,0,27,21,11,27,23,26,32,32,32,45.02,45.04,44.43,45,370,3.6,0,0,0
10.22,264,0.24,0.25,0.25,10.9,11.1,11.0,0,4.3,0.05,0.1,207.4,6.1,183,1,1,483,697,343,-1,347,10.1,45.4,326,30.9,29.1,0.6,3.8,1917.8,0,16.61,0,22.2,17.8,19.1,17.7,21.2,18.2,17.5,18.2,46,48.9,18,32,9.6,15.8,36,36,25,0,0,0,6,6,4,0,27,21,11,27,23,25,32,32,32,45.02,45.05,44.42,46,360,3.6,0,0,0
11.17,112,0.24,0.25,0.25,11.0,11.2,11.0,0,-6.4,0.12,0.12,207.5,5.2,192,1,1,536,696,441,-1,445,10.9,54.0,386,32.3,30.8,0.7,3.9,2067.6,0,16.83,0,22.4,18.0,19.3,18.0,21.4,18.1,17.6,18.2,46,48.9,17,32,9.6,15.8,38,38,25,0,0,0,6,6,4,0,27,19,11,27,23,25,32,32,32,45.02,45.04,44.42,46,370,3.6,0,0,0
11.27,52,0.24,0.25,0.25,11.0,10.9,11.0,0,-0.1,0.05,0.11,207.2,5.8,190,1,1,537,697,449,0,454,11.2,54.2,391,31.6,30.2,0.6,3.8,2067.6,0,16.83,0,22.4,18.1,19.3,18.0,21.4,18.2,17.7,18.2,46,49.0,17,32,9.6,15.8,37,37,25,0,0,0,6,6,4,0,27,19,11,27,23,26,32,32,32,45.02,45.05,44.42,46,370,3.5,0,0,0
10.1,320,0.24,0.25,0.25,10.9,11.1,11.2,0,5.5,0.03,0.16,207.5,4.7,180,1,1,476,697,320,1,332,10.0,42.2,313,31.8,30.3,0.6,3.8,1912.6,0,16.6,0,22.1,17.7,19.0,17.6,21.0,18.0,17.4,18.2,46,48.7,18,32,9.7,15.8,36,36,25,0,0,0,6,6,4,0,27,21,11,27,23,25,32,32,32,45.02,45.05,44.43,46,370,3.6,0,0,0
11.48,332,0.24,0.25,0.25,11.1,11.2,11.0,0,-2.6,0.07,0.11,207.4,6.1,191,1,1,556,697,478,2,489,11.3,56.6,406,31.8,29.8,0.6,3.8,2067.6,0,16.83,0,22.4,18.0,19.3,18.0,21.4,18.4,17.5,18.2,46,49.0,18,32,9.6,15.8,37,37,25,0,0,0,6,6,4,0,27,19,11,27,23,25,32,32,32,45.02,45.04,44.42,46,370,3.6,0,0,0
11.36,160,0.24,0.25,0.25,11.1,10.9,11.0,0,-7.6,0.04,0.13,207.6,6.0,192,1,1,556,698,478,-1,470,11.2,56.6,406,29.0,30.0,0.5,3.7,2067.6,0,16.83,0,22.3,18.0,19.2,17.9,21.3,18.2,17.4,18.2,46,49.1,18,32,9.6,15.8,36,36,25,0,0,0,6,6,4,0,28,20,11,27,23,26,32,32,32,45.02,45.05,44.43,46,370,3.6,0,0,0
11.36,332,0.24,0.25,0.25,11.1,11.0,11.0,0,-7.8,0.02,0.08,207.4,5.8,191,1,1,547,698,459,1,457,11.1,53.3,398,32.1,30.0,0.6,3.8,2067.6,0,16.83,0,22.4,18.0,19.3,18.0,21.4,18.3,17.6,18.2,46,49.0,18,32,9.6,15.8,37,37,25,0,0,0,6,6,4,0,27,19,11,27,23,25,32,32,32,45.02,45.05,44.42,46,360,3.6,0,0,0
11.59,292,0.24,0.25,0.25,11.2,11.1,11.1,0,-0.5,0.06,0.1,207.5,5.5,186,1,1,564,698,487,1,490,11.4,57.1,414,28.6,26.7,0.3,3.9,2067.6,0,16.83,0,22.3,17.9,19.1,17.9,21.3,18.2,17.5,18.2,46,49.1,18,32,9.6,15.8,34,35,25,0,0,0,6,6,4,0,28,20,11,27,23,26,32,32,32,45.02,45.05,44.42,46,370,3.6,0,0,0
10.9,104,0.24,0.25,0.25,11.0,10.8,11.0,0,-3.9,0.09,0.12,207.4,4.7,192,1,1,517,696,416,-2,423,10.7,49.9,372,32.4,30.8,0.7,3.9,2067.6,0,16.83,0,22.4,18.0,19.3,17.9,21.4,18.2,17.6,18.2,46,49.0,18,32,9.6,15.8,38,38,25,0,0,0,6,6,4,0,27,19,11,27,23,26,32,32,32,45.02,45.04,44.42,46,360,3.6,0,0,0
10.96,320,0.24,0.25,0.25,11.0,11.1,11.0,0,-5.8,0.05,0.1,207.6,5.7,192,1,1,519,696,418,-2,419,10.7,51.8,372,32.2,30.5,0.7,3.9,2067.6,0,16.83,0,22.4,18.0,19.3,17.9,21.4,18.3,17.7,18.2,46,49.0,18,32,9.6,15.8,38,38,25,0,0,0,6,6,4,0,27,19,11,27,23,26,32,32,32,45.02,45.04,44.43,46,370,3.5,0,0,0
11.05,52,0.24,0.25,0.25,11.0,11.2,11.0,0,-5.1,0.06,0.05,207.5,5.6,191,1,1,525,697,427,-1,426,10.8,51.4,377,31.3,29.6,0.6,3.8,2067.6,0,16.83,0,22.4,18.1,19.3,18.0,21.4,18.4,17.7,18.2,46,49.1,18,32,9.6,15.8,36,37,25,0,0,0,6,6,4,0,27,19,11,27,23,26,32,32,32,45.01,45.04,44.42,46,360,3.5,0,0,0
10.0,176,0.24,0.25,0.25,11.0,10.7,10.7,0,2.2,0.06,0.12,207.4,5.4,181,1,1,468,697,317,0,325,9.8,43.7,312,32.0,30.2,0.6,3.8,1912.6,0,16.6,0,22.1,17.7,19.0,17.6,21.0,17.9,17.4,18.2,46,48.9,18,32,9.7,15.8,37,36,25,0,0,0,6,6,4,0,27,21,11,27,23,25,32,32,32,45.02,45.05,44.43,45,370,3.6,0,0,0
11.05,324,0.24,0.25,0.25,11.0,10.8,11.0,0,-5.2,0.04,0.08,207.4,5.7,192,1,1,528,697,425,-2,430,10.8,52.3,376,32.3,30.7,0.7,3.8,2067.6,0,16.83,0,22.3,18.0,19.3,17.9,21.4,18.4,17.7,18.2,46,49.0,18,32,9.6,15.8,38,38,25,0,0,0,6,6,4,0,27,19,11,27,23,25,32,32,32,45.02,45.04,44.42,46,370,3.6,0,0,0
10.28,264,0.24,0.25,0.25,11.0,11.0,10.9,0,6.2,0.07,0.1,207.6,5.3,182,1,1,483,697,348,1,358,10.2,45.5,330,30.7,28.7,0.6,3.8,1958.1,0,16.67,0,22.2,17.9,19.1,17.8,21.2,18.2,17.5,18.2,46,49.0,17,32,9.6,15.8,35,35,25,0,0,0,6,6,4,0,27,21,11,27,23,25,32,32,32,45.02,45.05,44.42,46,370,3.6,0,0,0
10.75,348,0.24,0.25,0.25,11.0,11.3,10.9,0,8.7,0.07,0.1,207.2,5.4,181,1,1,505,697,390,1,395,10.5,48.1,357,29.7,28.0,0.3,3.5,2067.6,0,16.83,0,22.3,17.9,19.2,17.9,21.3,18.2,17.6,18.2,46,49.0,18,32,9.6,15.8,35,35,25,0,0,0,6,6,4,0,27,21,11,27,23,26,32,32,32,45.02,45.04,44.43,46,370,3.6,0,0,0
11.07,248,0.24,0.25,0.25,11.0,10.8,11.1,0,-2.8,0.03,0.14,207.3,5.7,192,1,1,527,696,431,-3,439,11.0,50.9,379,32.5,31.1,0.6,3.9,2067.6,0,16.83,0,22.3,18.0,19.3,17.9,21.4,18.4,17.6,18.2,46,48.9,17,32,9.6,15.8,38,38,25,0,0,0,6,6,4,0,27,19,11,27,23,25,32,32,32,45.02,45.05,44.43,46,360,3.6,0,0,0
10.75,132,0.24,0.25,0.25,11.0,10.7,10.9,0,9.0,0.12,0.1,207.2,5.3,181,1,1,503,697,394,0,401,10.5,49.7,359,29.9,28.0,0.3,3.6,2067.6,0,16.83,0,22.3,17.9,19.2,17.9,21.3,18.1,17.6,18.2,46,49.0,18,32,9.6,15.8,35,35,25,0,0,0,6,6,4,0,27,21,11,27,23,25,32,32,32,45.02,45.04,44.42,46,370,3.6,0,0,0
11.41,300,0.24,0.25,0.25,11.1,10.8,11.1,0,1.8,0.03,0.11,207.5,6.1,189,1,1,552,698,473,-1,470,11.2,54.9,402,27.0,27.1,0.5,3.7,2067.6,0,16.83,0,22.3,18.0,19.2,17.9,21.3,18.3,17.5,18.2,46,49.1,17,32,9.6,15.8,34,34,25,0,0,0,6,6,4,0,28,20,11,27,23,26,32,32,32,45.02,45.04,44.42,46,370,3.6,0,0,0
11.53,244,0.24,0.25,0.25,11.2,11.1,11.0,0,0.1,-0.02,0.12,207.4,6.3,191,1,1,560,697,484,0,493,11.3,54.8,410,33.0,31.2,0.7,3.9,2067.6,0,16.83,0,22.4,17.9,19.2,17.9,21.3,18.0,17.5,18.2,46,49.0,18,32,9.6,15.8,38,39,25,0,0,0,6,6,4,0,27,19,11,27,23,26,32,32,32,45.02,45.04,44.42,46,370,3.6,0,0,0
11.05,112,0.24,0.25,0.25,11.0,11.2,11.0,0,-8.6,0.05,0.1,207.5,4.6,192,1,1,532,697,434,1,434,10.9,52.9,383,32.5,30.6,0.7,3.8,2067.6,0,16.83,0,22.3,18.0,19.3,17.9,21.4,18.2,17.6,18.2,46,49.1,18,32,9.6,15.8,38,38,25,0,0,0,6,6,4,0,27,19,11,27,23,25,32,32,32,45.02,45.05,44.42,46,370,3.6,0,0,0
11.78,144,0.24,0.25,0.25,11.1,10.7,11.1,0,-0.9,0.03,0.1,207.3,6.0,186,1,1,579,698,509,0,519,11.5,56.8,425,29.1,27.2,0.3,3.9,2067.6,0,16.83,0,22.2,18.0,19.2,17.9,21.4,18.5,17.5,18.2,46,49.0,18,32,9.6,15.8,35,35,25,0,0,0,6,6,4,0,28,20,11,27,23,26,32,32,32,45.02,45.05,44.42,46,380,3.6,0,0,0
11.47,84,0.24,0.25,0.25,11.1,10.9,11.1,0,4.2,0.05,0.1,207.4,5.5,188,1,1,551,698,468,1,463,11.2,55.5,403,27.1,26.9,0.5,3.7,2067.6,0,16.83,0,22.3,18.0,19.2,17.9,21.3,18.3,17.5,18.2,46,49.1,18,32,9.6,15.8,34,34,25,0,0,0,6,6,4,0,28,20,11,27,23,26,32,32,32,45.02,45.05,44.42,46,370,3.5,0,0,0
11.37,184,0.24,0.25,0.25,11.1,10.9,11.0,0,-6.9,0.05,0.1,207.5,5.8,192,1,1,551,698,467,2,465,11.2,55.8,399,32.3,30.5,0.6,3.8,2067.6,0,16.83,0,22.4,18.0,19.3,18.0,21.4,18.4,17.5,18.2,46,49.0,17,32,9.6,15.8,37,37,25,0,0,0,6,6,4,0,27,19,11,27,23,25,32,32,32,45.02,45.05,44.42,46,360,3.6,0,0,0
10.37,104,0.24,0.25,0.25,11.0,11.1,11.0,0,12.9,0.02,0.12,207.5,4.7,180,1,1,487,697,352,0,355,10.1,45.4,333,31.6,29.6,0.7,3.9,2067.6,0,16.83,0,22.1,17.7,19.0,17.7,21.1,17.9,17.3,18.2,46,49.0,18,32,9.7,15.8,36,36,25,0,0,0,6,6,4,0,27,21,11,27,23,25,32,32,32,45.02,45.04,44.42,46,370,3.6,0,0,0
10.17,244,0.24,0.25,0.25,10.9,10.9,11.0,0,-1.0,0.06,0.1,207.2,5.6,182,1,1,481,697,330,-2,343,10.1,42.6,318,31.9,30.2,0.7,3.8,1805.1,0,16.44,0,22.1,17.6,18.9,17.6,20.9,18.0,17.4,18.2,46,48.9,18,32,9.6,15.8,37,36,25,0,0,0,6,6,4,0,27,21,11,27,23,25,32,32,32,45.02,45.04,44.43,45,370,3.6,0,0,0
10.43,180,0.24,0.25,0.25,11.0,10.8,10.8,0,4.6,0.02,0.12,207.6,5.8,182,1,1,496,697,365,0,363,10.2,47.9,340,31.2,29.5,0.6,3.8,2067.6,0,16.83,0,22.2,17.8,19.0,17.7,21.0,18.0,17.4,18.2,46,49.0,18,32,9.6,15.8,36,36,25,0,0,0,6,6,4,0,27,21,11,27,23,25,32,32,32,45.02,45.05,44.42,46,370,3.6,0,0,0
11.38,88,0.24,0.25,0.25,11.1,11.0,11.1,0,3.6,0.03,0.11,207.7,4.9,189,1,1,551,698,467,-1,462,11.2,53.8,399,27.3,27.4,0.5,3.7,2067.6,0,16.83,0,22.3,18.0,19.2,17.9,21.3,18.3,17.5,18.2,46,49.0,17,32,9.6,15.8,34,34,25,0,0,0,6,6,4,0,28,20,11,27,23,26,32,32,32,45.02,45.04,44.42,45,360,3.6,0,0,0
10.13,172,0.24,0.25,0.25,11.0,10.6,10.9,0,-0.4,0.01,0.13,207.4,4.6,182,1,1,479,697,330,-2,341,10.0,42.7,317,32.0,30.3,0.7,3.8,1805.1,0,16.44,0,22.1,17.6,18.9,17.6,20.9,18.0,17.4,18.2,46,48.9,17,32,9.6,15.8,37,36,25,0,0,0,6,6,4,0,27,21,11,27,23,26,32,32,32,45.02,45.04,44.43,45,370,3.6,0,0,0
11.27,140,0.24,0.25,0.25,11.1,11.1,11.0,0,4.8,0.03,0.11,207.7,5.3,186,1,1,544,698,458,0,468,11.1,53.2,395,28.8,27.7,0.8,3.9,2067.6,0,16.83,0,22.3,17.9,19.2,17.9,21.3,18.2,17.3,18.2,46,48.9,18,32,9.6,15.8,35,35,25,0,0,0,6,6,4,0,27,20,11,27,23,26,32,32,32,45.02,45.04,44.42,46,370,3.5,0,0,0
11.48,224,0.24,0.25,0.25,11.1,11.4,11.1,0,9.4,0.03,0.1,207.4,5.5,185,1,1,555,698,476,1,479,11.2,54.6,407,27.1,26.0,0.4,4.0,2067.6,0,16.83,0,22.3,17.9,19.2,17.9,21.3,18.0,17.4,18.2,46,49.1,18,32,9.6,15.8,33,34,25,0,0,0,6,6,4,0,28,20,11,27,23,26,32,32,32,45.02,45.05,44.43,46,360,3.6,0,0,0
10.32,188,0.24,0.25,0.25,11.0,10.9,10.9,0,3.0,0.09,0.11,207.6,4.7,184,1,1,485,697,344,0,350,10.1,43.9,327,31.4,29.6,0.6,3.8,1917.8,0,16.61,0,22.2,17.8,19.1,17.7,21.2,18.2,17.5,18.2,46,49.1,17,32,9.6,15.8,36,36,25,0,0,0,6,6,4,0,27,21,11,27,23,26,32,32,32,45.02,45.04,44.43,46,380,3.5,0,0,0
11.48,12,0.24,0.25,0.25,11.1,10.7,11.1,0,6.5,0.03,0.11,207.3,5.2,188,1,1,563,698,481,1,475,11.2,56.9,409,27.3,26.8,0.5,3.7,2067.6,0,16.83,0,22.3,17.9,19.2,17.9,21.3,18.1,17.4,18.2,46,49.0,17,32,9.6,15.8,34,34,25,0,0,0,6,6,4,0,28,20,11,27,23,25,32,32,32,45.02,45.04,44.42,46,370,3.6,0,0,0
10.33,200,0.24,0.25,0.25,11.0,10.9,10.9,0,5.7,0.09,0.1,207.4,4.4,181,1,1,485,697,353,0,353,10.1,46.0,334,29.7,28.2,0.5,3.7,2048.0,0,16.8,0,22.3,17.9,19.1,17.9,21.3,18.2,17.4,18.2,46,49.0,18,32,9.6,15.8,35,35,25,0,0,0,6,6,4,0,27,21,11,27,23,26,32,32,32,45.02,45.04,44.43,45,370,3.6,0,0,0
11.05,124,0.24,0.25,0.25,11.0,10.9,11.0,0,-3.2,0.01,0.14,207.4,5.4,191,1,1,526,697,425,-1,419,10.8,50.5,376,31.1,29.7,0.6,3.8,2067.6,0,16.83,0,22.4,18.1,19.3,18.0,21.4,18.3,17.7,18.2,46,49.1,18,32,9.6,15.8,36,36,25,0,0,0,6,6,4,0,27,19,11,27,23,25,32,32,32,45.02,45.04,44.42,45,370,3.6,0,0,0
10.74,60,0.24,0.25,0.25,11.0,10.8,10.9,0,8.6,-0.04,0.13,207.6,5.4,181,1,1,511,697,397,-1,401,10.5,48.9,358,29.9,27.7,0.3,3.5,2067.6,0,16.83,0,22.3,17.9,19.2,17.9,21.3,18.2,17.6,18.2,46,49.0,18,32,9.6,15.8,35,35,25,0,0,0,6,6,4,0,27,21,11,27,23,26,32,32,32,45.02,45.04,44.42,45,370,3.6,0,0,0
10.33,48,0.24,0.25,0.25,11.0,10.8,11.0,0,3.0,0.06,0.1,207.5,6.3,182,1,1,489,697,349,0,356,10.1,45.5,331,30.9,28.8,0.7,3.9,1958.1,0,16.67,0,22.2,17.9,19.1,17.8,21.3,18.2,17.5,18.2,46,49.1,17,32,9.6,15.8,35,35,25,0,0,0,6,6,4,0,27,21,11,27,23,26,32,32,32,45.02,45.05,44.42,46,360,3.6,0,0,0
10.23,336,0.24,0.25,0.25,11.0,11.1,10.9,0,-0.1,0.03,0.11,207.6,4.9,183,1,1,483,697,342,1,346,10.1,43.8,327,30.6,29.0,0.6,3.8,1958.1,0,16.67,0,22.2,17.8,19.1,17.8,21.2,18.1,17.4,18.2,46,48.7,18,32,9.6,15.8,35,35,25,0,0,0,6,6,4,0,27,21,11,27,23,25,32,32,32,45.02,45.04,44.42,46,360,3.6,0,0,0
11.47,8,0.24,0.25,0.25,11.2,11.1,11.0,0,5.5,0.02,0.13,207.6,5.8,185,1,1,557,697,479,1,471,11.2,55.6,410,28.4,26.4,0.4,4.0,2067.6,0,16.83,0,22.3,17.9,19.2,17.9,21.3,18.3,17.6,18.2,46,49.1,18,32,9.6,15.8,34,34,25,0,0,0,6,6,4,0,28,20,11,27,23,26,32,32,32,45.02,45.05,44.42,45,370,3.5,0,0,0
11.35,232,0.24,0.25,0.25,11.1,10.7,11.0,0,-8.7,0.03,0.1,207.3,5.5,192,1,1,553,698,477,-2,472,11.2,56.7,406,29.1,30.5,0.5,3.7,2067.6,0,16.83,0,22.3,18.0,19.2,17.9,21.3,18.2,17.5,18.2,46,49.0,18,32,9.6,15.8,36,36,25,0,0,0,6,6,4,0,28,20,11,27,23,26,32,32,32,45.02,45.04,44.43,46,370,3.5,0,0,0
10.63,92,0.24,0.25,0.25,11.0,10.9,11.0,0,2.0,-0.04,0.08,207.4,6.4,184,1,1,505,697,382,-2,387,10.5,48.6,351,32.6,30.8,0.7,3.9,1991.1,0,16.72,0,22.0,17.6,18.9,17.6,20.9,17.8,17.3,18.1,46,49.0,17,32,9.8,15.8,37,37,25,0,0,0,6,6,4,0,27,22,11,27,23,26,32,32,32,45.02,45.04,44.42,45,370,3.5,0,0,0
10.22,48,0.24,0.25,0.25,11.0,10.7,10.9,0,2.9,-0.03,0.11,207.5,6.0,184,1,1,477,697,339,1,339,10.0,45.5,324,30.8,29.1,0.5,3.7,1917.8,0,16.61,0,22.2,17.9,19.1,17.7,21.2,18.2,17.5,18.2,46,48.9,17,32,9.6,15.8,36,36,25,0,0,0,6,6,4,0,27,21,11,27,23,25,32,32,32,45.02,45.04,44.42,46,370,3.5,0,0,0
11.48,312,0.24,0.25,0.25,11.2,10.7,11.0,0,-1.5,0.04,0.09,207.3,6.3,191,1,1,560,698,475,1,483,11.3,56.5,407,32.6,31.1,0.7,3.9,2067.6,0,16.83,0,22.4,17.9,19.2,17.9,21.3,18.1,17.5,18.2,46,48.9,17,32,9.6,15.8,38,39,25,0,0,0,6,6,4,0,27,19,11,27,23,26,32,32,32,45.02,45.05,44.42,46,370,3.6,0,0,0
10.11,36,0.24,0.25,0.25,11.0,10.7,10.9,0,7.8,0.03,0.13,207.2,4.5,179,1,1,481,697,335,0,331,10.0,43.6,323,31.8,30.3,0.6,3.8,2067.6,0,16.83,0,22.1,17.7,19.0,17.7,21.1,18.1,17.5,18.2,46,48.9,17,32,9.7,15.8,36,36,25,0,0,0,6,6,4,0,27,21,11,27,23,25,32,32,32,45.02,45.04,44.43,46,370,3.6,0,0,0
10.01,104,0.24,0.25,0.25,11.0,10.7,10.7,0,4.2,0.03,0.12,207.4,5.1,180,1,1,465,696,318,1,319,9.8,43.2,312,31.9,30.2,0.6,3.8,1912.6,0,16.6,0,22.1,17.7,19.0,17.6,21.0,17.9,17.4,18.2,46,48.8,17,32,9.7,15.8,37,36,25,0,0,0,6,6,4,0,27,21,11,27,23,25,32,32,32,45.02,45.05,44.43,46,370,3.6,0,0,0
10.43,276,0.24,0.25,0.25,11.0,10.7,11.0,0,12.6,0.09,0.1,207.4,5.4,179,1,1,489,697,357,0,368,10.2,46.4,336,29.7,28.3,0.8,3.9,2067.6,0,16.83,0,22.2,17.9,19.2,17.9,21.3,18.3,17.6,18.2,46,48.9,17,32,9.6,15.8,35,35,25,0,0,0,6,6,4,0,27,21,11,27,23,25,32,32,32,45.02,45.04,44.42,46,370,3.6,0,0,0
9.91,28,0.24,0.25,0.25,10.9,11.0,10.9,0,6.9,0.08,0.1,207.7,4.1,181,1,1,462,696,306,-1,304,9.6,40.8,304,32.0,30.2,0.6,3.8,1912.6,0,16.6,0,22.0,17.7,19.0,17.6,21.0,18.2,17.4,18.2,46,49.0,18,32,9.7,15.8,37,36,25,0,0,0,6,6,4,0,27,21,11,27,23,25,32,32,32,45.01,45.05,44.43,45,370,3.6,0,0,0
10.38,256,0.24,0.25,0.25,11.0,10.7,10.9,0,-1.3,0.03,0.1,207.3,6.2,185,1,1,488,698,351,1,356,10.2,45.2,331,31.3,29.5,0.7,3.9,1976.7,0,16.69,0,22.2,17.8,19.0,17.7,21.1,18.1,17.4,18.2,46,49.1,17,32,9.6,15.8,36,36,25,0,0,0,6,6,4,0,27,21,11,27,23,25,32,32,32,45.01,45.04,44.43,46,370,3.6,0,0,0
10.33,340,0.24,0.25,0.25,11.0,11.0,11.0,0,4.3,0.02,0.08,207.3,6.2,182,1,1,484,697,350,0,360,10.0,46.6,332,30.9,29.3,0.7,3.9,1958.1,0,16.67,0,22.2,17.9,19.1,17.8,21.3,18.2,17.5,18.2,46,49.0,18,32,9.6,15.8,35,35,25,0,0,0,6,6,4,0,27,21,11,27,23,26,32,32,32,45.02,45.05,44.43,46,370,3.5,0,0,0
11.26,124,0.24,0.25,0.25,11.0,11.0,11.0,0,0.4,0.12,0.05,207.4,4.9,190,1,1,540,697,443,1,442,11.0,52.2,387,31.2,29.7,0.6,3.8,2067.6,0,16.83,0,22.4,18.1,19.3,18.0,21.4,18.3,17.7,18.2,46,49.1,18,32,9.6,15.8,37,37,25,0,0,0,6,6,4,0,27,19,11,27,23,26,32,32,32,45.02,45.05,44.42,45,370,3.6,0,0,0
10.95,100,0.24,0.25,0.25,11.0,10.8,11.0,0,-6.8,0.04,0.06,207.2,5.9,192,1,1,522,697,416,0,424,10.8,50.6,371,32.6,30.9,0.7,3.8,2067.6,0,16.83,0,22.3,18.0,19.3,17.9,21.4,18.4,17.8,18.2,46,48.9,18,32,9.6,15.8,38,38,25,0,0,0,6,6,4,0,27,19,11,27,23,26,32,32,32,45.02,45.04,44.43,46,370,3.6,0,0,0
10.21,116,0.24,0.25,0.25,11.0,10.8,10.9,0,1.6,0.01,0.08,207.4,4.9,183,1,1,481,697,339,0,335,10.0,44.8,327,30.4,28.7,0.6,3.7,1958.1,0,16.67,0,22.2,17.8,19.1,17.8,21.2,18.1,17.5,18.2,46,48.8,17,32,9.6,15.8,35,35,25,0,0,0,6,6,4,0,27,21,11,27,23,25,32,32,32,45.02,45.04,44.42,46,370,3.6,0,0,0
11.43,8,0.24,0.25,0.25,11.1,10.8,11.1,0,3.8,0.03,0.1,207.4,5.7,186,1,1,551,697,476,0,478,11.2,56.4,407,27.2,26.5,0.4,4.0,2067.6,0,16.83,0,22.3,17.9,19.2,17.9,21.3,18.1,17.5,18.2,46,49.1,17,32,9.6,15.8,33,34,25,0,0,0,6,6,4,0,28,20,11,27,23,25,32,32,32,45.02,45.05,44.42,46,370,3.6,0,0,0
11.26,256,0.24,0.25,0.25,11.1,10.8,11.0,0,-0.7,0.03,0.1,207.4,5.7,191,1,1,544,697,458,0,453,11.1,53.9,395,32.0,30.3,0.6,3.8,2067.6,0,16.83,0,22.4,18.0,19.3,18.0,21.4,18.2,17.5,18.2,46,49.0,18,32,9.6,15.8,38,38,25,0,0,0,6,6,4,0,27,19,11,27,23,26,32,32,32,45.02,45.05,44.42,45,370,3.5,0,0,0
11.33,48,0.24,0.25,0.25,11.0,10.8,11.0,0,0.3,0.09,0.06,207.4,5.2,190,1,1,547,698,460,0,467,11.1,53.6,397,31.6,29.8,0.6,3.8,2067.6,0,16.83,0,22.3,18.1,19.3,18.0,21.4,18.4,17.6,18.3,46,49.0,18,32,9.6,15.8,37,37,25,0,0,0,6,6,4,0,27,19,11,27,23,26,32,32,32,45.02,45.04,44.42,46,380,3.6,0,0,0
11.05,28,0.24,0.25,0.25,11.0,11.1,11.0,0,-3.2,0.04,0.11,207.4,5.4,192,1,1,524,697,425,-2,427,10.8,50.8,376,32.4,30.9,0.7,3.8,2067.6,0,16.83,0,22.3,18.0,19.3,17.9,21.4,18.4,17.7,18.2,46,49.0,17,32,9.6,15.8,38,38,25,0,0,0,6,6,4,0,27,19,11,27,23,26,32,32,32,45.02,45.04,44.42,46,370,3.6,0,0,0
10.22,188,0.24,0.25,0.25,11.0,10.7,10.8,0,1.4,0.08,0.1,207.2,5.4,183,1,1,480,697,339,-1,344,10.0,45.2,325,30.9,29.3,0.5,3.7,1958.1,0,16.67,0,22.2,17.8,19.1,17.7,21.2,18.1,17.5,18.2,46,48.8,17,32,9.6,15.8,35,35,25,0,0,0,6,6,4,0,27,21,11,27,23,25,32,32,32,45.02,45.04,44.42,46,370,3.6,0,0,0
10.33,332,0.24,0.25,0.25,11.0,11.0,11.1,0,0.2,0.04,0.12,207.4,6.0,184,1,1,484,697,348,-2,346,10.1,46.2,330,30.7,29.1,0.6,3.8,1917.8,0,16.61,0,22.2,17.8,19.0,17.7,21.2,18.3,17.5,18.2,46,49.1,18,32,9.6,15.8,36,36,25,0,0,0,6,6,4,0,27,21,11,27,23,26,32,32,32,45.02,45.04,44.42,46,370,3.6,0,0,0
11.0,340,0.24,0.25,0.25,11.0,10.9,11.0,0,-3.8,0.03,0.13,207.6,5.4,191,1,1,526,697,422,0,421,10.8,51.9,374,31.3,29.6,0.6,3.8,2067.6,0,16.83,0,22.4,18.1,19.3,18.0,21.4,18.3,17.7,18.2,46,49.0,18,32,9.6,15.8,36,37,25,0,0,0,6,6,4,0,27,19,11,27,23,25,32,32,32,45.02,45.04,44.42,46,370,3.5,0,0,0
10.98,352,0.24,0.25,0.25,11.1,10.9,11.0,0,17.4,0.01,0.11,207.6,4.7,182,1,1,522,698,421,0,428,10.7,52.3,374,29.3,27.9,0.5,3.6,2067.6,0,16.83,0,22.3,17.9,19.2,17.9,21.3,18.2,17.3,18.2,46,48.9,18,32,9.6,15.8,35,35,25,0,0,0,6,6,4,0,27,21,11,27,23,26,32,32,32,45.02,45.04,44.42,46,370,3.5,0,0,0
11.37,300,0.24,0.25,0.25,11.1,10.8,11.0,0,-6.5,0.07,0.1,207.4,5.4,192,1,1,550,697,466,1,464,11.2,54.0,401,28.8,29.3,0.5,3.7,2067.6,0,16.83,0,22.3,18.0,19.2,17.9,21.3,18.3,17.4,18.2,46,49.0,18,32,9.6,15.8,35,35,25,0,0,0,6,6,4,0,28,20,11,27,23,25,32,32,32,45.02,45.04,44.43,46,360,3.5,0,0,0
10.32,192,0.24,0.25,0.25,10.9,10.8,10.9,0,3.9,0.03,0.1,207.4,5.5,182,1,1,484,697,349,-1,353,10.1,44.4,329,30.6,28.9,0.7,3.8,1958.1,0,16.67,0,22.2,17.9,19.1,17.8,21.2,18.2,17.5,18.2,46,49.0,18,32,9.6,15.8,35,35,25,0,0,0,6,6,4,0,27,21,11,27,23,26,32,32,32,45.02,45.05,44.42,46,370,3.6,0,0,0
11.27,48,0.24,0.25,0.25,11.1,10.8,11.0,0,-5.5,0.06,0.1,207.6,5.1,190,1,1,545,698,459,0,465,11.1,53.4,398,31.7,30.1,0.6,3.8,2067.6,0,16.83,0,22.3,18.1,19.3,18.0,21.4,18.5,17.6,18.2,46,49.0,18,32,9.6,15.8,37,37,25,0,0,0,6,6,4,0,27,19,11,27,23,26,32,32,32,45.02,45.05,44.43,45,360,3.6,0,0,0
11.31,112,0.24,0.25,0.25,11.1,10.7,11.1,0,-9.6,0.03,0.12,207.5,5.1,192,1,1,550,697,468,0,469,11.3,55.1,401,31.8,30.0,0.6,3.8,2067.6,0,16.83,0,22.4,18.0,19.3,18.0,21.4,18.3,17.5,18.2,46,49.1,18,32,9.6,15.8,37,37,25,0,0,0,6,6,4,0,27,19,11,27,23,26,32,32,32,45.02,45.05,44.42,46,370,3.6,0,0,0
11.31,336,0.24,0.25,0.25,11.0,10.7,11.0,0,0.2,0.01,0.1,207.4,5.6,190,1,1,548,698,462,0,474,11.1,53.6,398,31.3,29.8,0.6,3.8,2067.6,0,16.83,0,22.4,18.1,19.3,18.0,21.4,18.3,17.6,18.3,46,49.0,17,32,9.6,15.8,37,37,25,0,0,0,6,6,4,0,27,19,11,27,23,25,32,32,32,45.02,45.04,44.42,46,370,3.6,0,0,0
9.92,176,0.24,0.25,0.25,10.9,11.0,11.1,0,0.3,0.01,0.1,207.7,6.3,182,1,1,461,696,306,1,310,9.8,41.8,303,31.7,30.1,0.7,3.8,1805.1,0,16.44,0,22.0,17.7,18.9,17.6,21.0,18.1,17.4,18.1,46,49.1,17,32,9.6,15.8,37,36,25,0,0,0,6,6,4,0,27,21,11,27,23,25,32,32,32,45.02,45.04,44.42,46,370,3.6,0,0,0
11.42,40,0.24,0.25,0.25,11.1,10.9,11.0,0,-4.0,0.03,0.1,207.4,6.3,191,1,1,556,697,471,1,477,11.2,54.8,406,31.6,29.9,0.6,3.8,2067.6,0,16.83,0,22.4,18.0,19.3,18.0,21.4,18.4,17.5,18.2,46,49.0,17,32,9.6,15.8,37,37,25,0,0,0,6,6,4,0,27,19,11,27,23,26,32,32,32,45.02,45.05,44.42,46,370,3.5,0,0,0
11.48,280,0.24,0.25,0.25,11.2,10.9,11.0,0,2.6,0.03,0.1,207.4,6.2,186,1,1,550,698,468,1,476,11.1,55.3,402,28.5,27.9,0.9,4.1,2067.6,0,16.83,0,22.3,17.9,19.2,17.9,21.3,18.2,17.3,18.2,46,49.0,17,32,9.6,15.8,35,35,25,0,0,0,6,6,4,0,28,20,11,27,23,25,32,32,32,45.02,45.04,44.43,46,370,3.6,0,0,0
11.51,8,0.24,0.25,0.25,11.2,11.3,11.0,0,5.2,0.03,0.11,207.6,5.8,185,1,1,559,697,485,1,477,11.3,55.5,413,28.5,26.8,0.4,3.9,2067.6,0,16.83,0,22.3,17.9,19.1,17.9,21.3,18.3,17.6,18.2,46,49.0,17,32,9.6,15.8,34,34,25,0,0,0,6,6,4,0,28,20,11,27,23,26,32,32,32,45.02,45.04,44.42,46,370,3.6,0,0,0
11.35,120,0.24,0.25,0.25,11.1,11.1,11.0,0,0.5,0.01,0.17,207.7,5.2,189,1,1,549,698,461,0,468,11.1,53.8,397,31.3,29.8,0.6,3.8,2067.6,0,16.83,0,22.3,18.1,19.3,18.0,21.4,18.4,17.6,18.3,46,48.9,17,32,9.6,15.8,37,37,25,0,0,0,6,6,4,0,27,19,11,27,23,26,32,32,32,45.02,45.04,44.42,46,380,3.6,0,0,0
11.51,224,0.24,0.25,0.25,11.1,11.3,11.1,0,7.7,0.05,0.12,207.3,5.0,187,1,1,558,698,480,1,478,11.3,56.9,410,27.5,26.9,0.4,3.9,2067.6,0,16.83,0,22.3,17.9,19.2,17.9,21.3,18.0,17.3,18.2,46,49.1,18,32,9.6,15.8,33,34,25,0,0,0,6,6,4,0,28,20,11,27,23,26,32,32,32,45.02,45.04,44.43,46,370,3.5,0,0,0
10.23,116,0.24,0.25,0.25,11.0,10.7,10.8,0,2.6,-0.02,0.1,207.5,4.3,184,1,1,477,697,341,-2,348,10.2,43.9,324,30.8,29.1,0.6,3.8,1917.8,0,16.61,0,22.2,17.8,19.1,17.7,21.2,18.2,17.5,18.2,46,49.0,17,32,9.6,15.8,36,36,25,0,0,0,6,6,4,0,27,21,11,27,23,25,32,32,32,45.02,45.04,44.42,46,380,3.5,0,0,0
11.69,220,0.24,0.25,0.25,11.1,10.8,11.1,0,4.6,0.03,0.1,207.6,5.5,184,1,1,581,699,518,-1,529,11.6,57.6,430,29.9,27.9,0.2,3.8,2067.6,0,16.83,0,22.3,17.9,19.2,17.9,21.3,18.2,17.5,18.2,46,49.0,18,32,9.6,15.8,35,36,25,0,0,0,6,6,4,0,28,20,11,27,23,26,32,32,32,45.02,45.05,44.43,46,380,3.6,0,0,0
11.38,292,0.24,0.25,0.25,11.1,11.3,11.0,0,-0.8,0.1,0.1,207.4,6.2,186,1,1,552,698,466,0,473,11.2,55.6,399,27.9,26.1,0.4,4.0,2067.6,0,16.83,0,22.2,17.9,19.2,17.9,21.3,18.1,17.6,18.2,46,49.1,17,32,9.6,15.8,34,34,25,0,0,0,6,6,4,0,28,20,11,27,23,26,32,32,32,45.02,45.05,44.42,45,370,3.5,0,0,0
10.43,112,0.24,0.25,0.25,11.0,10.8,10.8,0,8.2,0.01,0.11,207.4,4.2,184,1,1,485,697,353,0,361,10.2,45.2,333,31.0,29.5,0.6,3.8,2067.6,0,16.83,0,22.2,17.8,19.0,17.7,21.1,18.2,17.4,18.2,46,49.0,17,32,9.6,15.8,36,36,25,0,0,0,6,6,4,0,27,21,11,27,23,26,32,32,32,45.02,45.04,44.43,45,370,3.6,0,0,0
11.32,260,0.24,0.25,0.25,11.1,11.3,11.0,0,-8.0,0.07,0.13,207.4,5.9,191,1,1,545,697,456,1,448,11.1,53.0,396,31.6,29.9,0.6,3.8,2067.6,0,16.83,0,22.4,18.0,19.3,18.0,21.4,18.3,17.6,18.2,46,49.1,17,32,9.6,15.8,37,37,25,0,0,0,6,6,4,0,27,19,11,27,23,26,32,32,32,45.02,45.05,44.42,45,370,3.6,0,0,0
11.36,16,0.24,0.25,0.25,11.2,10.8,11.1,0,5.0,0.04,0.08,207.3,6.1,189,1,1,544,697,465,-3,461,11.2,53.8,399,27.6,27.6,0.5,3.7,2067.6,0,16.83,0,22.3,17.9,19.2,17.9,21.3,18.3,17.5,18.2,46,49.0,18,32,9.6,15.8,34,34,25,0,0,0,6,6,4,0,28,20,11,27,23,26,32,32,32,45.02,45.04,44.42,45,370,3.5,0,0,0
11.36,68,0.24,0.25,0.25,11.2,11.2,11.0,0,-1.7,0.03,0.1,207.6,5.6,187,1,1,548,697,470,-1,479,11.2,55.0,403,29.4,28.3,0.3,3.6,2067.6,0,16.83,0,22.3,17.9,19.2,17.9,21.3,18.1,17.4,18.2,46,48.9,17,32,9.6,15.8,35,35,25,0,0,0,6,6,4,0,28,20,11,27,23,26,32,32,32,45.02,45.05,44.42,46,370,3.6,0,0,0
10.42,108,0.24,0.25,0.25,11.1,10.9,10.8,0,4.5,0.01,0.1,207.4,4.7,182,1,1,488,697,358,-1,359,10.2,46.7,337,31.6,30.1,0.6,3.8,2067.6,0,16.83,0,22.2,17.7,19.0,17.7,21.0,17.9,17.3,18.2,46,49.0,18,32,9.6,15.8,36,36,25,0,0,0,6,6,4,0,27,21,11,27,23,25,32,32,32,45.01,45.04,44.42,45,370,3.5,0,0,0
11.26,16,0.24,0.25,0.25,11.1,10.9,11.0,0,-9.0,0.01,0.1,207.4,6.0,190,1,1,541,697,456,0,466,11.0,55.4,395,32.6,31.2,0.6,3.8,2067.6,0,16.83,0,22.3,18.0,19.2,17.9,21.3,18.2,17.7,18.2,46,48.9,17,32,9.6,15.8,39,39,25,0,0,0,6,6,4,0,27,20,11,27,23,26,32,32,32,45.02,45.05,44.42,46,370,3.5,0,0,0
11.82,288,0.24,0.25,0.25,11.2,11.1,11.2,0,5.2,0.06,0.1,207.7,5.9,185,1,1,583,698,525,-2,525,11.6,60.0,432,29.7,27.9,0.3,3.8,2067.6,0,16.83,0,22.3,17.9,19.1,17.9,21.3,18.4,17.5,18.2,46,49.0,18,32,9.6,15.8,35,35,25,0,0,0,6,6,4,0,28,20,11,27,23,26,32,32,32,45.02,45.04,44.43,46,370,3.6,0,0,0
11.54,80,0.24,0.25,0.25,11.2,10.7,11.0,0,5.5,0.07,0.1,207.2,6.3,185,1,1,557,698,478,1,473,11.3,56.8,407,28.4,26.8,0.4,4.0,2067.6,0,16.83,0,22.3,17.9,19.2,17.9,21.3,18.3,17.6,18.2,46,49.1,17,32,9.6,15.8,34,34,25,0,0,0,6,6,4,0,28,20,11,27,23,26,32,32,32,45.02,45.05,44.42,46,370,3.5,0,0,0
11.16,32,0.24,0.25,0.25,11.0,11.0,11.0,0,-4.8,-0.03,0.09,207.5,5.0,191,1,1,536,697,440,0,451,11.0,53.1,386,32.0,30.5,0.6,3.8,2067.6,0,16.83,0,22.4,18.0,19.3,18.0,21.4,18.2,17.6,18.2,46,49.0,18,32,9.6,15.8,38,38,25,0,0,0,6,6,4,0,27,19,11,27,23,26,32,32,32,45.02,45.05,44.42,46,370,3.6,0,0,0
10.07,104,0.24,0.25,0.25,11.0,10.6,10.8,0,4.6,-0.02,0.13,207.3,4.7,180,1,1,477,697,326,0,333,9.8,43.8,318,32.0,29.8,0.6,3.8,1912.6,0,16.6,0,22.1,17.7,19.0,17.6,21.0,18.1,17.4,18.2,46,48.9,18,32,9.7,15.8,36,36,25,0,0,0,6,6,4,0,27,21,11,27,23,25,32,32,32,45.01,45.04,44.43,46,370,3.5,0,0,0
10.48,244,0.24,0.25,0.25,11.0,11.0,11.0,0,0.6,0.03,0.12,207.4,5.8,184,1,1,490,697,366,-1,367,10.3,45.8,339,32.7,30.7,0.6,3.8,1764.8,0,16.38,0,22.1,17.6,18.9,17.6,20.9,17.8,17.3,18.1,46,49.0,18,32,9.7,15.8,37,37,25,0,0,0,6,6,4,0,27,22,11,27,23,25,32,32,32,45.02,45.04,44.42,46,370,3.5,0,0,0
11.37,312,0.24,0.25,0.25,11.1,10.7,11.1,0,-5.8,0.05,0.1,207.3,5.5,192,1,1,552,697,470,1,473,11.2,54.5,403,32.7,31.3,0.7,3.9,2067.6,0,16.83,0,22.3,18.0,19.3,17.9,21.3,18.3,17.5,18.2,46,49.1,17,32,9.6,15.8,38,38,25,0,0,0,6,6,4,0,27,19,11,27,23,26,32,32,32,45.02,45.05,44.43,46,370,3.6,0,0,0
11.32,268,0.24,0.25,0.25,11.1,10.9,11.0,0,0.8,0.03,0.15,207.4,5.9,190,1,1,546,698,463,1,471,11.1,54.6,399,31.7,30.2,0.6,3.8,2067.6,0,16.83,0,22.4,18.1,19.3,18.0,21.4,18.3,17.6,18.2,46,49.0,17,32,9.6,15.8,37,37,25,0,0,0,6,6,4,0,27,19,11,27,23,26,32,32,32,45.02,45.05,44.42,45,370,3.6,0,0,0
11.79,72,0.24,0.25,0.25,11.2,11.3,11.1,0,5.8,0.03,0.13,207.5,5.5,185,1,1,591,699,530,-2,531,11.6,59.9,436,29.7,28.0,0.2,3.8,2067.6,0,16.83,0,22.3,17.9,19.1,17.9,21.3,18.3,17.5,18.2,46,49.0,18,32,9.6,15.8,35,35,25,0,0,0,6,6,4,0,28,20,11,27,23,26,32,32,32,45.02,45.04,44.43,46,370,3.6,0,0,0
11.43,40,0.24,0.25,0.25,11.1,10.8,11.0,0,-7.2,0.06,0.08,207.4,6.3,192,1,1,551,698,467,-2,461,11.2,53.8,400,31.9,30.5,0.6,3.8,2067.6,0,16.83,0,22.4,18.0,19.3,18.0,21.4,18.3,17.5,18.2,46,49.1,17,32,9.6,15.8,37,37,25,0,0,0,6,6,4,0,27,19,11,27,23,26,32,32,32,45.02,45.05,44.42,45,370,3.6,0,0,0
10.95,32,0.24,0.25,0.25,11.0,10.9,11.0,0,-4.2,0.05,0.1,207.4,6.0,192,1,1,517,696,415,1,413,10.7,50.3,371,32.2,30.8,0.7,3.8,2067.6,0,16.83,0,22.3,18.0,19.3,17.9,21.4,18.2,17.6,18.3,46,48.9,18,32,9.6,15.8,38,38,25,0,0,0,6,6,4,0,27,19,11,27,23,25,32,32,32,45.02,45.05,44.42,45,370,3.5,0,0,0
11.73,76,0.24,0.25,0.25,11.2,11.1,11.1,0,-1.6,0.03,0.11,207.5,5.8,186,1,1,573,698,507,0,515,11.4,59.0,424,29.5,27.4,0.3,3.9,2067.6,0,16.83,0,22.2,18.0,19.2,17.9,21.4,18.4,17.5,18.2,46,49.1,18,32,9.6,15.8,35,35,25,0,0,0,6,6,4,0,28,20,11,27,23,26,32,32,32,45.02,45.04,44.42,46,370,3.6,0,0,0
10.94,340,0.24,0.25,0.25,11.0,11.2,11.0,0,-6.8,0.03,0.08,207.9,5.1,191,1,1,523,697,419,-2,416,10.8,50.5,374,31.4,29.5,0.6,3.8,2067.6,0,16.83,0,22.4,18.1,19.3,18.0,21.4,18.3,17.7,18.2,46,49.1,18,32,9.6,15.8,36,36,25,0,0,0,6,6,4,0,27,19,11,27,23,25,32,32,32,45.02,45.04,44.42,46,370,3.6,0,0,0
11.42,192,0.24,0.25,0.25,11.1,10.8,11.0,0,-4.6,0.07,0.14,207.4,6.2,192,1,1,550,697,473,-1,484,11.3,54.1,403,31.6,30.1,0.6,3.8,2067.6,0,16.83,0,22.4,18.0,19.3,18.0,21.4,18.4,17.6,18.2,46,49.1,18,32,9.6,15.8,37,37,25,0,0,0,6,6,4,0,27,19,11,27,23,26,32,32,32,45.02,45.05,44.42,45,370,3.6,0,0,0
11.41,136,0.24,0.25,0.25,11.2,11.4,11.0,0,-0.9,0.05,0.13,207.4,6.1,187,1,1,551,698,471,2,479,11.3,53.8,403,29.0,28.3,0.4,3.6,2067.6,0,16.83,0,22.3,17.9,19.2,17.9,21.3,18.1,17.4,18.2,46,48.9,18,32,9.6,15.8,35,35,25,0,0,0,6,6,4,0,28,20,11,27,23,25,32,32,32,45.02,45.05,44.42,46,370,3.6,0,0,0
11.51,296,0.24,0.25,0.25,11.1,11.4,11.0,0,4.7,0.03,0.1,207.5,6.1,185,1,1,556,697,474,1,466,11.2,54.6,406,28.2,26.2,0.4,4.0,2067.6,0,16.83,0,22.3,17.9,19.2,17.9,21.3,18.3,17.6,18.2,46,49.1,18,32,9.6,15.8,34,34,25,0,0,0,6,6,4,0,28,20,11,27,23,25,32,32,32,45.02,45.05,44.43,46,370,3.6,0,0,0
10.63,24,0.24,0.25,0.25,11.0,10.9,10.9,0,3.2,0.03,0.1,207.3,6.4,184,1,1,507,697,382,0,390,10.4,47.5,352,32.4,30.9,0.7,3.8,1991.1,0,16.72,0,22.0,17.6,18.9,17.6,20.9,17.9,17.3,18.2,46,48.9,17,32,9.8,15.8,37,37,25,0,0,0,6,6,4,0,27,22,11,27,23,26,32,32,32,45.02,45.04,44.42,45,370,3.6,0,0,0
11.25,108,0.24,0.25,0.25,11.1,11.2,11.0,0,-4.7,0.01,0.08,207.4,4.9,191,1,1,540,697,452,1,453,11.1,52.9,393,31.8,30.6,0.6,3.8,2067.6,0,16.83,0,22.4,18.0,19.3,18.0,21.4,18.2,17.5,18.2,46,49.0,18,32,9.6,15.8,38,38,25,0,0,0,6,6,4,0,27,19,11,27,23,25,32,32,32,45.02,45.05,44.42,46,370,3.6,0,0,0
10.84,208,0.24,0.25,0.25,11.1,11.1,10.9,0,19.2,0.06,0.12,207.6,4.3,181,1,1,515,698,400,1,409,10.7,48.9,365,29.4,27.7,0.4,3.6,2067.6,0,16.83,0,22.3,17.9,19.2,17.9,21.3,18.2,17.4,18.2,46,49.0,17,32,9.6,15.8,35,35,25,0,0,0,6,6,4,0,27,21,11,27,23,26,32,32,32,45.02,45.05,44.43,45,370,3.6,0,0,0
11.26,124,0.24,0.25,0.25,11.0,11.0,11.0,0,0.1,0.03,0.16,207.6,5.5,190,1,1,543,697,455,0,461,11.1,54.8,395,31.6,30.0,0.6,3.8,2067.6,0,16.83,0,22.4,18.1,19.3,18.0,21.4,18.2,17.6,18.2,46,49.1,18,32,9.6,15.8,37,37,25,0,0,0,6,6,4,0,27,19,11,27,23,26,32,32,32,45.02,45.05,44.42,46,370,3.5,0,0,0
11.38,172,0.24,0.25,0.25,11.1,11.1,11.1,0,-3.3,0.03,0.1,207.4,5.3,192,1,1,556,697,467,1,462,11.1,55.1,402,32.8,31.1,0.7,3.9,2067.6,0,16.83,0,22.3,18.0,19.3,17.9,21.3,18.3,17.5,18.2,46,49.0,17,32,9.6,15.8,38,38,25,0,0,0,6,6,4,0,27,19,11,27,23,26,32,32,32,45.01,45.05,44.43,46,370,3.5,0,0,0
11.32,88,0.24,0.25,0.25,11.1,11.1,11.0,0,-2.4,0.03,0.13,207.6,4.5,191,1,1,547,698,464,-1,468,11.1,54.1,398,27.4,27.9,0.5,3.7,2067.6,0,16.83,0,22.3,17.9,19.2,17.9,21.3,18.3,17.5,18.2,46,49.1,17,32,9.6,15.8,34,34,25,0,0,0,6,6,4,0,28,20,11,27,23,25,32,32,32,45.01,45.05,44.43,46,370,3.6,0,0,0
11.37,188,0.24,0.25,0.25,11.1,10.8,11.1,0,-7.6,0.03,0.08,207.2,5.1,192,1,1,558,697,478,-2,480,11.2,56.0,408,31.6,30.2,0.6,3.8,2067.6,0,16.83,0,22.4,18.0,19.3,18.0,21.4,18.3,17.5,18.2,46,49.0,18,32,9.6,15.8,37,37,25,0,0,0,6,6,4,0,27,19,11,27,23,26,32,32,32,45.02,45.05,44.43,46,370,3.6,0,0,0
11.49,24,0.24,0.25,0.25,11.1,10.7,11.1,0,2.6,0.03,0.1,207.4,5.1,189,1,1,567,697,492,1,499,11.4,57.9,416,32.6,31.3,0.7,3.9,2067.6,0,16.83,0,22.3,18.0,19.2,17.9,21.3,18.1,17.6,18.2,46,49.0,18,32,9.6,15.8,38,39,25,0,0,0,6,6,4,0,27,20,11,27,24,26,32,32,32,45.02,45.04,44.43,46,360,3.6,0,0,0
10.32,184,0.24,0.25,0.25,11.0,10.7,10.8,0,0.4,0.04,0.14,207.3,6.5,185,1,1,487,697,351,1,354,10.2,44.6,333,31.1,29.6,0.7,3.9,1976.7,0,16.69,0,22.2,17.8,19.0,17.7,21.1,18.1,17.4,18.2,46,49.2,18,32,9.6,15.8,36,36,25,0,0,0,6,6,4,0,27,21,11,27,23,26,32,32,32,45.01,45.04,44.42,46,370,3.5,0,0,0
10.82,64,0.24,0.25,0.25,11.0,10.7,10.9,0,13.5,0.04,0.1,207.4,5.1,181,1,1,510,697,393,0,399,10.6,48.9,359,29.6,28.1,0.3,3.5,2067.6,0,16.83,0,22.3,17.9,19.2,17.9,21.3,18.2,17.5,18.2,46,48.9,17,32,9.6,15.8,35,35,25,0,0,0,6,6,4,0,27,21,11,27,23,26,32,32,32,45.02,45.05,44.43,46,360,3.6,0,0,0
10.39,184,0.24,0.25,0.25,11.1,10.8,10.8,0,3.2,0.0,0.12,207.6,5.4,184,1,1,487,697,356,0,363,10.2,44.9,334,31.2,29.4,0.6,3.8,1976.7,0,16.69,0,22.2,17.8,19.0,17.7,21.1,18.2,17.4,18.2,46,49.0,18,32,9.6,15.8,36,36,25,0,0,0,6,6,4,0,27,21,11,27,23,26,32,32,32,45.01,45.04,44.42,46,370,3.6,0,0,0
10.33,40,0.24,0.25,0.25,11.0,11.1,11.1,0,4.9,0.03,0.14,207.3,4.5,184,1,1,487,697,353,-1,358,10.2,46.2,331,31.3,29.4,0.7,3.8,1976.7,0,16.69,0,22.2,17.8,19.0,17.7,21.1,18.2,17.4,18.2,46,49.0,18,32,9.6,15.8,36,36,25,0,0,0,6,6,4,0,27,21,11,27,23,25,32,32,32,45.01,45.04,44.43,45,370,3.6,0,0,0
11.05,180,0.24,0.25,0.25,11.0,10.7,11.0,0,-3.2,0.05,0.06,207.2,5.4,192,1,1,529,697,434,-2,439,10.9,50.7,380,32.6,30.7,0.7,3.8,2067.6,0,16.83,0,22.3,18.0,19.3,17.9,21.4,18.4,17.6,18.2,46,49.0,17,32,9.6,15.8,38,38,25,0,0,0,6,6,4,0,27,19,11,27,23,26,32,32,32,45.02,45.05,44.42,46,370,3.6,0,0,0
10.17,180,0.24,0.25,0.25,10.9,10.9,10.9,0,4.5,0.06,0.09,207.4,5.5,180,1,1,477,697,331,-1,330,10.0,43.9,319,31.6,30.0,0.6,3.8,2067.6,0,16.83,0,22.1,17.7,19.0,17.7,21.0,18.0,17.5,18.2,46,48.9,17,32,9.7,15.8,36,36,25,0,0,0,6,6,4,0,27,21,11,27,23,25,32,32,32,45.02,45.05,44.42,46,370,3.6,0,0,0
11.52,20,0.24,0.25,0.25,11.1,10.8,11.1,0,-1.9,0.05,0.1,207.4,6.4,189,1,1,563,697,488,0,491,11.3,57.2,414,33.2,31.5,0.6,3.8,2067.6,0,16.83,0,22.3,17.9,19.2,17.9,21.3,18.2,17.6,18.2,46,49.0,18,32,9.6,15.8,39,39,25,0,0,0,6,6,4,0,27,20,11,27,23,26,32,32,32,45.02,45.04,44.42,46,370,3.6,0,0,0
10.32,48,0.24,0.25,0.25,11.0,10.8,10.9,0,2.1,0.01,0.1,207.4,5.2,182,1,1,485,697,350,0,352,10.1,46.2,330,30.8,29.3,0.6,3.8,1958.1,0,16.67,0,22.2,17.9,19.1,17.8,21.2,18.2,17.5,18.2,46,48.9,18,32,9.6,15.8,35,35,25,0,0,0,6,6,4,0,27,21,11,27,23,26,32,32,32,45.02,45.05,44.42,45,370,3.6,0,0,0
11.36,256,0.24,0.25,0.25,11.1,11.1,11.0,0,-4.9,0.05,0.1,207.6,5.3,192,1,1,546,698,467,1,463,11.2,55.1,401,31.9,30.0,0.6,3.8,2067.6,0,16.83,0,22.4,18.0,19.3,18.0,21.4,18.4,17.6,18.2,46,49.0,18,32,9.6,15.8,37,37,25,0,0,0,6,6,4,0,27,19,11,27,23,26,32,32,32,45.02,45.05,44.42,46,360,3.6,0,0,0
10.33,336,0.24,0.25,0.25,10.9,11.2,11.0,0,5.1,0.03,0.11,207.4,5.7,182,1,1,488,697,347,1,354,10.1,46.0,329,30.4,28.7,0.6,3.8,1958.1,0,16.67,0,22.2,17.9,19.1,17.8,21.2,18.2,17.5,18.2,46,49.0,18,32,9.6,15.8,35,35,25,0,0,0,6,6,4,0,27,21,11,27,23,26,32,32,32,45.02,45.05,44.42,46,370,3.6,0,0,0
11.35,228,0.24,0.25,0.25,11.1,10.9,11.0,0,1.8,0.04,0.12,207.6,5.7,191,1,1,549,698,465,1,463,11.1,55.8,400,28.0,28.4,0.5,3.7,2067.6,0,16.83,0,22.3,17.9,19.2,17.9,21.3,18.3,17.5,18.2,46,49.0,18,32,9.6,15.8,34,34,25,0,0,0,6,6,4,0,28,20,11,27,23,26,32,32,32,45.02,45.04,44.42,45,360,3.6,0,0,0
11.47,332,0.24,0.25,0.25,11.1,11.3,11.1,0,-2.3,0.07,0.08,207.4,5.6,191,1,1,554,697,476,1,480,11.3,54.3,406,31.7,30.1,0.6,3.8,2067.6,0,16.83,0,22.4,18.0,19.3,18.0,21.4,18.3,17.5,18.2,46,49.1,18,32,9.6,15.8,37,37,25,0,0,0,6,6,4,0,27,19,11,27,23,25,32,32,32,45.02,45.05,44.42,45,380,3.6,0,0,0
11.48,136,0.24,0.25,0.25,11.1,11.3,11.0,0,3.4,0.03,0.1,207.6,6.2,186,1,1,547,698,468,1,473,11.2,55.1,403,29.0,28.3,0.7,4.0,2067.6,0,16.83,0,22.3,17.9,19.2,17.9,21.3,18.1,17.3,18.2,46,49.0,18,32,9.6,15.8,35,35,25,0,0,0,6,6,4,0,28,20,11,27,23,25,32,32,32,45.02,45.04,44.43,45,360,3.6,0,0,0
11.36,264,0.24,0.25,0.25,11.1,11.1,11.0,0,-4.9,0.01,0.08,207.4,5.2,190,1,1,544,697,458,1,460,11.2,54.3,397,31.6,29.8,0.6,3.8,2067.6,0,16.83,0,22.4,18.1,19.3,18.0,21.4,18.5,17.7,18.2,46,48.9,17,32,9.6,15.8,37,37,25,0,0,0,6,6,4,0,27,19,11,27,23,26,32,32,32,45.02,45.05,44.43,46,370,3.6,0,0,0
11.19,88,0.24,0.25,0.25,11.1,10.7,11.0,0,-8.6,0.03,0.11,207.4,5.5,190,1,1,536,697,451,1,461,11.0,54.5,393,33.0,31.7,0.6,3.8,2067.6,0,16.83,0,22.3,18.0,19.2,17.9,21.3,18.2,17.6,18.2,46,48.9,18,32,9.6,15.8,39,39,25,0,0,0,6,6,4,0,27,20,11,27,23,26,32,32,32,45.02,45.05,44.42,46,370,3.6,0,0,0
11.59,80,0.24,0.25,0.25,11.1,10.9,11.0,0,4.1,0.04,0.1,207.6,6.7,185,1,1,563,698,491,1,489,11.4,56.1,415,28.3,26.5,0.4,3.9,2067.6,0,16.83,0,22.3,17.9,19.1,17.9,21.3,18.3,17.6,18.2,46,49.1,17,32,9.6,15.8,34,34,25,0,0,0,6,6,4,0,28,20,11,27,23,25,32,32,32,45.02,45.05,44.42,46,360,3.6,0,0,0
10.68,276,0.24,0.25,0.25,11.0,10.9,10.9,0,8.2,0.04,0.11,207.6,5.4,181,1,1,510,698,394,0,398,10.5,49.9,357,30.2,27.9,0.4,3.6,2067.6,0,16.83,0,22.3,17.9,19.1,17.9,21.3,18.2,17.5,18.2,46,48.9,17,32,9.6,15.8,35,35,25,0,0,0,6,6,4,0,27,21,11,27,23,26,32,32,32,45.02,45.04,44.42,46,360,3.6,0,0,0
10.47,252,0.24,0.25,0.25,11.0,10.9,10.9,0,6.4,0.07,0.11,207.4,5.3,182,1,1,490,697,359,1,361,10.2,46.4,337,31.6,29.9,0.6,3.8,2067.6,0,16.83,0,22.2,17.8,19.0,17.7,21.0,18.0,17.4,18.2,46,49.0,17,32,9.6,15.8,36,36,25,0,0,0,6,6,4,0,27,21,11,27,23,26,32,32,32,45.01,45.05,44.42,46,360,3.6,0,0,0
10.33,44,0.24,0.25,0.25,11.1,10.8,10.8,0,0.1,0.03,0.1,207.6,6.7,184,1,1,480,697,349,0,346,10.1,45.9,329,31.1,29.1,0.7,3.8,1917.8,0,16.61,0,22.2,17.8,19.0,17.7,21.2,18.2,17.5,18.2,46,49.2,17,32,9.6,15.8,36,36,25,0,0,0,6,6,4,0,27,21,11,27,23,26,32,32,32,45.02,45.05,44.42,46,370,3.6,0,0,0
11.27,92,0.24,0.25,0.25,11.1,10.8,11.0,0,-5.5,0.03,0.08,207.6,7.3,191,1,1,540,697,451,0,456,11.1,52.9,393,31.9,31.7,0.6,3.8,2067.6,0,16.83,0,22.3,18.0,19.2,17.9,21.4,18.3,17.4,18.2,46,49.1,17,32,9.6,15.8,38,38,25,0,0,0,6,6,4,0,28,20,11,27,23,25,32,32,32,45.02,45.04,44.43,46,370,3.6,0,0,0
10.63,208,0.24,0.25,0.25,11.1,10.7,11.0,0,8.2,0.13,0.1,207.6,5.7,181,1,1,498,697,375,1,381,10.3,48.7,348,30.3,28.7,0.7,3.9,2067.6,0,16.83,0,22.2,17.9,19.1,17.9,21.3,18.3,17.5,18.2,46,48.9,18,32,9.6,15.8,35,35,25,0,0,0,6,6,4,0,27,21,11,27,23,25,32,32,32,45.02,45.05,44.43,46,360,3.6,0,0,0
11.55,172,0.24,0.25,0.25,11.1,11.3,11.0,0,-1.3,0.08,0.11,207.4,6.2,191,1,1,554,697,478,1,487,11.2,56.0,407,32.8,31.1,0.7,3.9,2067.6,0,16.83,0,22.4,17.9,19.2,17.9,21.3,18.0,17.5,18.2,46,49.0,18,32,9.6,15.8,38,39,25,0,0,0,6,6,4,0,27,19,11,27,23,25,32,32,32,45.02,45.04,44.42,46,360,3.6,0,0,0
10.63,308,0.24,0.25,0.25,11.0,11.1,11.0,0,4.0,0.02,0.1,207.5,4.8,184,1,1,504,697,379,1,388,10.4,48.5,350,32.6,30.8,0.7,3.9,1991.1,0,16.72,0,22.0,17.6,18.9,17.6,20.9,17.9,17.3,18.1,46,48.9,18,32,9.8,15.8,37,37,25,0,0,0,6,6,4,0,27,22,11,27,23,25,32,32,32,45.02,45.04,44.43,46,370,3.6,0,0,0
11.37,140,0.24,0.25,0.25,11.1,11.1,11.0,0,0.9,0.02,0.1,207.7,4.5,186,1,1,548,698,464,0,471,11.1,55.4,401,29.0,28.2,1.0,4.1,2067.6,0,16.83,0,22.3,17.9,19.2,17.9,21.3,18.2,17.3,18.2,46,49.0,17,32,9.6,15.8,35,35,25,0,0,0,6,6,4,0,28,20,11,27,23,26,32,32,32,45.02,45.04,44.43,46,370,3.6,0,0,0
11.37,156,0.24,0.25,0.25,11.1,11.3,11.0,0,1.9,0.03,0.1,207.4,4.8,191,1,1,551,698,461,0,464,11.2,54.8,400,28.3,28.3,0.5,3.7,2067.6,0,16.83,0,22.3,17.9,19.2,17.9,21.3,18.3,17.5,18.2,46,49.0,17,32,9.6,15.8,34,34,25,0,0,0,6,6,4,0,28,20,11,27,23,26,32,32,32,45.02,45.04,44.42,46,370,3.5,0,0,0
10.94,320,0.24,0.25,0.25,11.0,11.1,11.0,0,-3.2,0.01,0.14,207.3,5.2,192,1,1,517,696,416,-2,414,10.8,51.1,372,32.4,30.7,0.7,3.9,2067.6,0,16.83,0,22.3,18.0,19.3,17.9,21.4,18.2,17.6,18.3,46,48.9,18,32,9.6,15.8,38,38,25,0,0,0,6,6,4,0,27,19,11,27,23,26,32,32,32,45.02,45.05,44.42,45,370,3.6,0,0,0
11.48,28,0.24,0.25,0.25,11.2,10.7,11.1,0,-1.9,0.03,0.12,207.6,5.1,191,1,1,560,697,486,1,495,11.3,56.8,411,32.9,31.4,0.7,3.8,2067.6,0,16.83,0,22.4,17.9,19.2,17.9,21.3,18.0,17.5,18.2,46,49.0,18,32,9.6,15.8,38,39,25,0,0,0,6,6,4,0,27,19,11,27,23,26,32,32,32,45.02,45.04,44.42,45,370,3.6,0,0,0
10.33,252,0.24,0.25,0.25,11.0,10.8,10.8,0,11.3,0.03,0.1,207.3,4.9,179,1,1,484,697,341,0,345,10.0,45.1,326,31.6,30.0,0.7,3.8,2067.6,0,16.83,0,22.1,17.7,19.0,17.7,21.1,18.0,17.5,18.2,46,48.8,17,32,9.7,15.8,36,36,25,0,0,0,6,6,4,0,27,21,11,27,23,25,32,32,32,45.02,45.04,44.42,46,370,3.6,0,0,0
11.27,44,0.24,0.25,0.25,11.1,10.7,11.0,0,-7.8,-0.02,0.13,207.4,5.2,191,1,1,544,697,457,1,455,11.1,55.2,396,31.5,29.8,0.6,3.8,2067.6,0,16.83,0,22.4,18.1,19.3,18.0,21.4,18.4,17.6,18.2,46,49.0,17,32,9.6,15.8,37,37,25,0,0,0,6,6,4,0,27,19,11,27,23,26,32,32,32,45.02,45.05,44.43,46,370,3.5,0,0,0
11.05,36,0.24,0.25,0.25,11.0,10.8,11.0,0,-6.0,0.1,0.12,207.3,5.3,192,1,1,529,697,427,1,434,10.9,50.7,378,32.0,30.4,0.6,3.8,2067.6,0,16.83,0,22.3,18.0,19.3,17.9,21.4,18.3,17.6,18.2,46,48.9,18,32,9.6,15.8,38,38,25,0,0,0,6,6,4,0,27,19,11,27,23,26,32,32,32,45.02,45.05,44.42,45,370,3.5,0,0,0
11.27,236,0.24,0.25,0.25,11.0,10.9,11.0,0,-6.2,0.07,0.1,207.3,6.3,191,1,1,541,697,454,0,451,11.1,53.3,394,31.0,31.4,0.6,3.7,2067.6,0,16.83,0,22.3,18.0,19.2,17.9,21.4,18.3,17.4,18.2,46,49.1,18,32,9.6,15.8,37,38,25,0,0,0,6,6,4,0,28,20,11,27,23,25,32,32,32,45.01,45.04,44.43,46,360,3.6,0,0,0
11.28,296,0.24,0.25,0.25,11.1,10.7,11.0,0,-0.9,0.03,0.1,207.4,4.8,191,1,1,548,698,466,-2,474,11.2,55.3,400,27.8,28.3,0.5,3.7,2067.6,0,16.83,0,22.3,17.9,19.2,17.9,21.3,18.3,17.5,18.2,46,49.0,18,32,9.6,15.8,34,34,25,0,0,0,6,6,4,0,28,20,11,27,23,26,32,32,32,45.02,45.05,44.42,45,370,3.6,0,0,0
10.52,184,0.24,0.25,0.25,11.1,10.8,10.9,0,12.8,0.03,0.11,207.3,5.0,182,1,1,489,697,359,1,354,10.3,45.9,337,31.2,29.4,0.6,3.8,2067.6,0,16.83,0,22.1,17.8,19.0,17.7,21.1,18.1,17.5,18.2,46,49.0,18,32,9.6,15.8,36,36,25,0,0,0,6,6,4,0,27,21,11,27,23,26,32,32,32,45.02,45.04,44.43,46,380,3.5,0,0,0
11.33,308,0.24,0.25,0.25,11.0,11.2,11.0,0,-6.5,0.01,0.1,207.5,5.5,191,1,1,544,697,457,1,462,11.2,55.0,395,30.6,31.1,0.5,3.7,2067.6,0,16.83,0,22.3,18.0,19.2,17.9,21.4,18.3,17.5,18.2,46,49.0,18,32,9.6,15.8,37,37,25,0,0,0,6,6,4,0,28,20,11,27,23,25,32,32,32,45.01,45.05,44.43,46,360,3.5,0,0,0
11.26,328,0.24,0.25,0.25,11.1,10.9,11.0,0,-2.4,0.0,0.1,207.4,5.1,191,1,1,537,697,450,0,454,11.1,52.6,392,32.1,30.3,0.6,3.8,2067.6,0,16.83,0,22.4,18.0,19.3,18.0,21.4,18.2,17.4,18.2,46,49.0,17,32,9.6,15.8,38,38,25,0,0,0,6,6,4,0,27,19,11,27,23,26,32,32,32,45.02,45.05,44.42,46,370,3.6,0,0,0
11.46,212,0.24,0.25,0.25,11.1,10.9,11.0,0,-2.0,0.04,0.11,207.3,6.1,186,1,1,552,698,475,0,475,11.2,54.5,406,29.7,28.1,0.2,3.4,2067.6,0,16.83,0,22.3,17.9,19.2,17.9,21.3,18.2,17.2,18.2,46,49.0,17,32,9.6,15.8,36,36,25,0,0,0,6,6,4,0,28,20,11,27,23,25,32,32,32,45.02,45.04,44.42,45,380,3.6,0,0,0
