轮毂转速,轮毂角度,叶片1角度,叶片2角度,叶片3角度,变桨电机1电流,变桨电机2电流,变桨电机3电流,超速传感器转速检测值,5秒偏航对风平均值,x方向振动值,y方向振动值,液压制动压力,机舱气象站风速,风向绝对值,大气压力,无功功率控制状态,变频器电网侧电流,变频器电网侧电压,变频器电网侧有功功率,变频器电网侧无功功率,变频器发电机侧功率,发电机运行频率,发电机电流,发电机转矩,变频器入口温度,变频器出口温度,变频器入口压力,变频器出口压力,发电机功率限幅值,无功功率设定值,额定的轮毂转速,测风塔环境温度,发电机定子温度1,发电机定子温度2,发电机定子温度3,发电机定子温度4,发电机定子温度5,发电机定子温度6,发电机空气温度1,发电机空气温度2,主轴承温度1,主轴承温度2,轮毂温度,轮毂控制柜温度,机舱温度,机舱控制柜温度,变频器INU温度,变频器ISU温度,变频器INU RMIO温度,变桨电机1功率估算,变桨电机2功率估算,变桨电机3功率估算,风机当前状态值,轮毂当前状态值,偏航状态值,偏航要求值,叶片1电池箱温度,叶片2电池箱温度,叶片3电池箱温度,叶片1变桨电机温度,叶片2变桨电机温度,叶片3变桨电机温度,叶片1变频器箱温度,叶片2变频器箱温度,叶片3变频器箱温度,叶片1超级电容电压,叶片2超级电容电压,叶片3超级电容电压,驱动1晶闸管温度,驱动2晶闸管温度,驱动3晶闸管温度,驱动1输出扭矩,驱动2输出扭矩,驱动3输出扭矩
11.19,32,0.24,0.26,0.26,11.2,10.7,10.8,0,2.9,0.0,0.07,207.6,5.8,51,1,1,535,701,449,0,449,10.9,53.3,392,30.1,29.7,0.2,3.4,2067.6,0,16.83,14.6,36.5,32.0,33.1,32.0,35.4,32.6,32.9,33.4,54.7,57.5,37,47,27.0,32.9,36,36,25,0,0,0,6,6,4,0,31,31,31,38,34,36,47,47,51,45.02,45.01,44.4,67,600,5.7,0,0,0
10.54,32,0.24,0.26,0.26,10.9,10.9,11.2,0,-0.7,0.13,0.09,207.8,5.8,50,1,1,505,702,380,0,384,10.5,48.2,350,30.2,29.9,0.2,3.4,1958.1,0,16.67,14.6,36.7,32.2,33.3,32.1,35.6,32.5,33.1,33.6,54.7,57.4,37,48,27.2,33.0,36,35,25,0,0,0,6,6,4,0,31,31,32,38,34,37,48,48,51,45.01,45.01,44.39,67,590,5.8,0,0,0
11.59,32,0.24,0.26,0.26,11.1,11.1,11.0,0,3.8,0.13,0.14,207.7,5.9,50,1,1,566,701,491,0,501,11.4,58.2,417,32.3,32.1,0.3,3.5,2067.6,0,16.83,14.6,36.6,32.0,33.2,32.0,35.4,32.2,32.9,33.5,54.7,57.5,36,48,27.0,33.0,38,38,25,0,0,0,6,6,4,0,31,31,32,38,34,37,48,48,51,45.02,45.01,44.39,68,600,5.8,0,0,0
10.98,32,0.24,0.26,0.26,11.2,10.7,10.9,0,-2.1,0.08,0.1,207.7,7.4,54,1,1,515,701,407,1,411,10.7,50.3,366,29.5,29.1,0.2,3.4,2067.6,0,16.83,14.6,36.5,32.0,33.1,32.0,35.3,32.4,32.6,33.4,54.7,57.6,37,47,27.0,32.9,35,35,25,0,0,0,6,6,4,0,31,31,32,38,34,37,47,47,51,45.02,45.01,44.4,67,590,5.7,0,0,0
11.07,32,0.24,0.26,0.26,11.1,10.7,10.9,0,7.6,-0.04,0.05,207.9,7.8,48,1,1,521,701,423,-1,419,10.9,51.6,373,30.1,30.5,0.2,3.4,2067.6,0,16.83,14.6,36.7,32.2,33.4,32.2,35.6,32.5,33.0,33.7,54.7,57.6,37,48,27.2,33.0,36,36,25,0,0,0,6,6,4,0,31,31,32,38,34,37,48,48,51,45.02,45.01,44.4,67,600,5.7,0,0,0
10.27,32,0.24,0.26,0.26,10.9,10.7,10.8,0,-7.5,0.03,0.06,207.7,4.8,52,1,1,484,701,341,0,342,10.0,46.3,328,29.1,30.0,0.2,3.3,1990.1,0,16.71,14.6,36.5,32.0,33.1,32.0,35.4,32.4,32.9,33.5,54.6,57.3,37,47,27.0,32.9,35,35,25,0,0,0,6,6,4,0,31,31,32,38,33,37,47,47,51,45.01,45.01,44.4,67,600,5.7,0,0,0
10.57,32,0.24,0.26,0.26,10.9,11.0,11.1,0,2.5,0.01,0.12,207.8,4.7,53,1,1,496,701,369,1,376,10.3,48.3,345,32.8,32.5,0.3,3.5,2067.6,0,16.83,14.6,36.6,32.0,33.2,32.0,35.4,32.3,32.7,33.5,54.6,57.5,37,47,27.0,33.0,38,39,25,0,0,0,6,6,4,0,31,31,32,38,34,37,47,47,51,45.02,45.01,44.39,68,600,5.8,0,0,0
11.33,32,0.24,0.26,0.26,11.0,11.2,11.1,0,-0.3,0.14,0.11,207.9,6.7,50,1,1,535,701,448,1,451,11.0,54.3,390,32.3,32.1,0.3,3.5,2067.6,0,16.83,14.6,36.6,32.0,33.2,32.0,35.4,32.3,32.8,33.5,54.7,57.6,37,48,27.0,33.0,38,38,25,0,0,0,6,6,4,0,31,31,32,38,34,37,48,48,51,45.01,45.01,44.39,68,590,5.7,0,0,0
11.4,32,0.24,0.26,0.26,11.2,11.2,11.2,0,7.2,0.02,0.05,208.0,5.8,52,1,1,548,701,458,0,462,11.1,55.8,396,29.3,29.3,0.2,3.4,2067.6,0,16.83,14.6,36.6,31.9,33.0,32.0,35.3,32.1,32.5,33.5,54.6,57.6,37,47,27.0,32.9,35,35,25,0,0,0,6,6,4,0,31,31,32,38,34,37,47,47,51,45.02,45.01,44.39,67,600,5.8,0,0,0
9.74,32,0.24,0.26,0.26,10.9,10.6,10.8,0,8.9,0.07,0.1,208.0,4.6,48,1,1,458,701,290,1,290,9.4,41.3,294,31.4,30.9,0.3,3.4,2024.2,0,16.77,14.6,36.7,32.1,33.2,32.1,35.5,32.6,33.1,33.5,54.7,57.5,38,48,27.0,33.0,36,36,25,0,0,0,6,6,4,0,31,31,32,38,34,37,48,48,51,45.02,45.01,44.39,68,590,5.8,0,0,0
10.14,32,0.24,0.26,0.26,11.1,10.8,10.8,0,0.0,0.07,0.17,207.6,6.8,49,1,1,473,701,323,0,327,9.8,45.0,314,30.1,30.5,0.2,3.4,1934.3,0,16.63,14.6,36.5,32.0,33.2,32.0,35.4,32.2,32.8,33.5,54.7,57.4,37,47,27.0,32.9,36,35,25,0,0,0,6,6,4,0,31,31,32,38,33,36,47,47,51,45.01,45.01,44.39,67,590,5.7,0,0,0
10.09,32,0.24,0.26,0.26,10.9,10.8,10.9,0,1.5,-0.02,0.1,207.9,5.2,51,1,1,469,700,320,1,328,9.9,43.0,313,30.9,31.7,0.2,3.4,2067.6,0,16.83,14.6,36.7,32.3,33.4,32.2,35.7,32.6,33.2,33.6,54.7,57.6,38,48,27.2,33.0,36,36,25,0,0,0,6,6,4,0,31,31,32,38,35,37,48,48,51,45.02,45.01,44.39,67,580,5.8,0,0,0
10.34,32,0.24,0.26,0.26,11.0,11.0,11.2,0,-4.7,0.08,0.12,207.6,5.0,53,1,1,481,701,345,0,350,10.2,45.8,328,28.8,29.7,0.2,3.3,1990.1,0,16.71,14.6,36.5,32.0,33.2,32.0,35.4,32.4,32.8,33.5,54.6,57.2,37,47,27.0,32.9,35,35,25,0,0,0,6,6,4,0,31,31,32,38,34,37,47,47,51,45.02,45.01,44.4,67,590,5.8,0,0,0
9.94,32,0.24,0.26,0.26,10.8,10.8,10.8,0,5.0,0.1,0.18,207.7,5.6,47,1,1,465,700,313,-1,314,9.7,41.7,307,30.7,31.7,0.2,3.4,1745.1,0,16.35,14.6,36.6,32.0,33.2,32.0,35.4,32.4,32.7,33.5,54.7,57.5,37,47,27.0,32.9,36,36,25,0,0,0,6,6,4,0,31,31,32,38,34,36,47,47,51,45.01,45.01,44.4,67,590,5.7,0,0,0
9.67,32,0.24,0.26,0.26,11.3,10.6,10.6,0,6.9,0.03,0.1,207.8,5.1,48,1,1,459,701,287,1,292,9.4,40.3,291,31.2,31.1,0.3,3.4,2024.2,0,16.77,14.6,36.6,32.1,33.2,32.1,35.5,32.6,33.0,33.5,54.7,57.5,37,48,27.0,33.0,36,36,25,0,0,0,6,6,4,0,31,31,32,38,35,37,48,48,51,45.02,45.01,44.4,67,580,5.8,0,0,0
10.61,32,0.24,0.26,0.26,11.3,10.9,10.8,0,10.8,-0.04,0.01,207.7,5.6,51,1,1,503,701,376,0,376,10.4,49.4,348,28.2,28.8,0.2,3.4,2067.6,0,16.83,14.6,36.5,31.9,33.1,32.0,35.4,32.1,32.5,33.5,54.7,57.5,37,47,27.0,32.9,34,34,25,0,0,0,6,6,4,0,31,31,32,38,34,37,47,47,51,45.02,45.01,44.4,67,600,5.8,0,0,0
9.74,32,0.24,0.26,0.26,10.9,10.8,10.9,0,5.5,0.03,0.1,207.6,5.0,48,1,1,457,701,286,-1,289,9.5,39.3,292,31.8,31.4,0.3,3.5,1747.2,0,16.35,14.6,36.7,32.0,33.2,32.1,35.4,32.2,32.8,33.5,54.7,57.6,37,48,27.0,33.0,37,36,25,0,0,0,6,6,4,0,31,31,32,38,34,37,48,48,51,45.01,45.01,44.4,67,590,5.8,0,0,0
9.95,32,0.24,0.26,0.26,10.8,10.9,10.9,0,11.4,-0.04,0.09,207.7,5.7,46,1,1,464,701,302,1,305,9.7,41.3,300,30.8,32.2,0.2,3.4,1745.1,0,16.35,14.6,36.6,32.1,33.2,32.0,35.4,32.5,32.8,33.4,54.7,57.5,37,47,27.0,32.9,36,36,25,0,0,0,6,6,4,0,31,31,32,38,34,37,47,47,51,45.01,45.01,44.4,67,600,5.8,0,0,0
10.15,32,0.24,0.26,0.26,11.1,10.7,10.8,0,7.9,0.01,0.19,207.8,5.3,50,1,1,480,700,339,-1,336,10.1,44.3,324,30.5,31.5,0.2,3.4,2067.6,0,16.83,14.6,36.7,32.3,33.4,32.2,35.7,32.6,33.2,33.7,54.7,57.5,37,48,27.2,33.0,36,36,25,0,0,0,6,6,4,0,31,31,32,38,33,37,48,48,51,45.01,45.01,44.39,68,600,5.7,0,0,0
10.08,32,0.24,0.26,0.26,11.3,10.8,10.8,0,4.0,0.03,0.11,207.8,6.5,50,1,1,474,701,318,0,315,9.8,44.1,312,29.8,30.3,0.2,3.4,1934.3,0,16.63,14.6,36.5,32.0,33.2,32.0,35.4,32.4,32.9,33.5,54.7,57.5,37,47,27.0,32.9,35,35,25,0,0,0,6,6,4,0,31,31,32,38,34,36,47,47,51,45.02,45.01,44.39,67,590,5.8,0,0,0
10.86,32,0.24,0.26,0.26,11.2,10.6,10.8,0,5.5,0.08,0.13,207.8,5.9,50,1,1,512,700,402,-2,406,10.7,49.5,365,30.0,29.7,0.2,3.4,2067.6,0,16.83,14.6,36.5,32.0,33.1,32.0,35.4,32.5,32.7,33.4,54.7,57.5,38,47,27.0,32.9,36,36,25,0,0,0,6,6,4,0,31,31,32,38,34,37,47,47,51,45.01,45.01,44.4,67,590,5.8,0,0,0
11.6,32,0.24,0.26,0.26,11.3,10.8,11.2,0,6.1,-0.02,0.13,208.0,5.3,50,1,1,564,701,498,-3,500,11.4,57.3,420,32.6,32.3,0.3,3.5,2067.6,0,16.83,14.6,36.5,32.0,33.2,32.0,35.4,32.3,32.9,33.5,54.7,57.5,37,48,27.0,33.0,38,39,25,0,0,0,6,6,4,0,31,31,32,38,34,37,48,48,51,45.02,45.01,44.38,67,590,5.8,0,0,0
11.61,32,0.24,0.26,0.26,11.2,10.8,11.1,0,9.4,0.07,0.08,207.9,5.6,50,1,1,565,701,495,-3,497,11.4,59.3,419,32.6,32.3,0.3,3.5,2067.6,0,16.83,14.6,36.5,32.0,33.2,32.0,35.5,32.3,32.9,33.5,54.7,57.4,37,48,27.0,33.0,38,39,25,0,0,0,6,6,4,0,31,31,32,38,34,37,48,48,51,45.02,45.01,44.4,67,590,5.8,0,0,0
10.35,32,0.24,0.26,0.26,11.1,10.6,10.8,0,12.6,-0.02,0.14,207.7,4.7,49,1,1,485,701,352,0,354,10.2,45.4,333,30.4,31.0,0.2,3.4,2067.6,0,16.83,14.6,36.7,32.3,33.4,32.2,35.7,32.6,33.1,33.7,54.7,57.5,37,48,27.2,33.0,36,36,25,0,0,0,6,6,4,0,31,31,32,38,34,37,48,48,51,45.02,45.01,44.38,67,590,5.8,0,0,0
9.74,32,0.24,0.26,0.26,10.8,10.8,11.1,0,0.4,0.04,0.13,207.9,4.7,49,1,1,457,701,292,-1,285,9.5,40.5,293,32.2,31.6,0.3,3.5,1767.9,0,16.38,14.6,36.5,32.1,33.2,32.1,35.5,32.7,33.1,33.5,54.7,57.6,38,48,27.0,33.0,37,37,25,0,0,0,6,6,4,0,31,31,32,38,34,37,48,48,51,45.02,45.01,44.4,66,600,5.7,0,0,0
10.55,32,0.24,0.26,0.26,11.1,10.9,10.8,0,-1.6,0.04,0.13,208.0,7.0,49,1,1,492,701,363,-1,357,10.3,46.6,340,30.2,29.8,0.2,3.4,1958.1,0,16.67,14.6,36.7,32.2,33.3,32.1,35.6,32.5,33.1,33.7,54.7,57.5,38,48,27.2,33.0,35,35,25,0,0,0,6,6,4,0,31,31,32,38,34,37,48,48,51,45.01,45.01,44.39,67,590,5.7,0,0,0
10.0,32,0.24,0.26,0.26,11.0,10.8,10.6,0,3.4,0.09,0.05,207.9,5.2,47,1,1,470,701,317,0,327,9.9,42.3,311,30.5,31.6,0.2,3.4,1745.1,0,16.35,14.6,36.6,32.0,33.2,32.0,35.4,32.3,32.7,33.5,54.7,57.6,38,47,27.0,32.9,36,36,25,0,0,0,6,6,4,0,31,31,32,38,34,37,47,47,51,45.02,45.01,44.4,67,590,5.8,0,0,0
10.27,32,0.24,0.26,0.26,10.9,10.8,10.8,0,10.0,0.1,0.05,207.8,5.0,48,1,1,480,701,346,0,351,10.1,45.9,329,32.1,31.8,0.3,3.5,1825.8,0,16.47,14.6,36.5,32.1,33.2,32.0,35.4,32.6,32.9,33.5,54.6,57.6,38,48,27.0,33.0,37,37,25,0,0,0,6,6,4,0,31,31,32,38,33,36,48,48,51,45.01,45.01,44.39,67,590,5.8,0,0,0
10.67,32,0.24,0.26,0.26,10.9,10.8,10.9,0,-3.6,-0.02,0.05,207.7,5.3,53,1,1,501,701,377,0,382,10.4,47.3,346,29.1,28.5,0.2,3.4,2067.6,0,16.83,14.6,36.5,32.0,33.1,32.0,35.4,32.3,32.8,33.4,54.7,57.5,38,47,27.0,32.9,35,35,25,0,0,0,6,6,4,0,31,31,32,38,33,36,47,47,51,45.02,45.0,44.39,67,590,5.8,0,0,0
9.64,32,0.24,0.26,0.26,10.8,10.6,11.3,0,4.6,-0.04,0.13,207.6,4.6,48,1,1,455,701,276,-1,282,9.3,39.9,284,31.5,31.5,0.3,3.4,1752.4,0,16.36,14.6,36.7,32.1,33.2,32.1,35.5,32.6,32.9,33.5,54.6,57.5,37,48,27.0,33.0,36,36,25,0,0,0,6,6,4,0,31,31,32,38,34,37,48,48,51,45.02,45.01,44.4,67,590,5.8,0,0,0
9.69,32,0.24,0.26,0.26,10.9,10.8,10.8,0,8.6,-0.02,0.11,207.7,3.7,49,1,1,455,700,291,1,294,9.6,40.7,296,32.5,33.0,0.3,3.5,2067.6,0,16.83,14.6,36.6,32.0,33.2,32.0,35.4,32.4,32.6,33.4,54.7,57.7,38,47,27.0,33.0,38,38,25,0,0,0,6,6,4,0,31,31,32,38,34,36,47,47,51,45.02,45.01,44.38,67,600,5.8,0,0,0
9.74,32,0.24,0.26,0.26,11.1,10.7,10.7,0,15.5,0.01,0.16,207.8,5.3,48,1,1,459,701,290,-1,286,9.4,41.3,291,32.1,33.0,0.3,3.4,2067.6,0,16.83,14.6,36.6,32.1,33.2,32.0,35.4,32.4,32.8,33.4,54.7,57.6,37,47,27.0,33.0,38,38,25,0,0,0,6,6,4,0,31,31,32,38,34,36,47,47,51,45.02,45.01,44.4,67,590,5.7,0,0,0
11.25,32,0.24,0.26,0.26,11.2,10.6,10.9,0,0.5,0.03,0.17,208.0,6.9,50,1,1,533,701,450,0,446,11.1,53.3,391,29.7,30.2,0.2,3.4,2067.6,0,16.83,14.6,36.7,32.2,33.3,32.2,35.6,32.6,33.1,33.6,54.7,57.5,37,48,27.2,33.0,36,36,25,0,0,0,6,6,4,0,31,31,32,38,34,37,48,48,51,45.01,45.01,44.39,68,590,5.8,0,0,0
10.67,32,0.24,0.26,0.26,10.9,11.0,11.2,0,7.3,0.03,0.03,207.7,4.5,52,1,1,499,701,383,-1,378,10.4,50.1,352,33.1,32.8,0.3,3.5,2067.6,0,16.83,14.6,36.6,32.0,33.2,32.0,35.4,32.3,32.7,33.5,54.6,57.6,38,47,27.0,33.0,38,39,25,0,0,0,6,6,4,0,31,31,32,38,34,37,47,47,51,45.02,45.01,44.4,68,590,5.8,0,0,0
11.75,32,0.24,0.26,0.26,11.3,11.1,11.2,0,6.8,-0.06,0.05,207.8,5.6,50,1,1,578,702,507,0,514,11.5,58.5,424,32.6,32.1,0.3,3.5,2067.6,0,16.83,14.6,36.5,32.0,33.2,32.0,35.4,32.3,33.0,33.5,54.7,57.5,37,48,27.0,33.0,38,38,25,0,0,0,6,6,4,0,31,31,32,38,34,37,48,48,51,45.02,45.01,44.4,67,590,5.8,0,0,0
9.63,32,0.24,0.26,0.26,10.9,10.8,10.8,0,12.9,0.04,0.1,207.8,5.3,47,1,1,452,700,281,1,283,9.5,40.8,287,31.7,31.3,0.3,3.4,1747.2,0,16.35,14.6,36.7,32.1,33.2,32.1,35.4,32.3,32.7,33.5,54.7,57.6,38,48,27.0,33.0,37,36,25,0,0,0,6,6,4,0,31,31,32,38,34,37,48,48,51,45.01,45.01,44.39,67,590,5.8,0,0,0
11.27,32,0.24,0.26,0.26,11.1,11.3,11.2,0,4.3,0.03,0.16,207.6,4.9,52,1,1,535,701,448,-1,443,11.1,52.8,389,30.4,30.2,0.2,3.4,2067.6,0,16.83,14.6,36.5,32.0,33.1,32.0,35.4,32.3,32.7,33.4,54.7,57.5,37,47,27.0,32.9,36,36,25,0,0,0,6,6,4,0,31,31,31,38,34,37,47,47,51,45.01,45.01,44.4,67,590,5.8,0,0,0
9.64,32,0.24,0.26,0.26,10.8,10.8,10.9,0,9.4,0.06,0.1,207.9,5.4,48,1,1,451,701,279,1,279,9.4,40.2,284,31.2,31.1,0.3,3.4,1747.2,0,16.35,14.6,36.7,32.1,33.2,32.1,35.4,32.4,32.8,33.5,54.7,57.6,37,48,27.0,33.0,36,36,25,0,0,0,6,6,4,0,31,31,32,38,34,37,48,48,51,45.01,45.01,44.39,67,590,5.8,0,0,0
10.57,32,0.24,0.26,0.26,10.9,11.0,11.1,0,9.4,0.09,0.18,207.8,5.0,52,1,1,497,702,374,0,380,10.4,47.9,346,29.3,28.8,0.2,3.4,2067.6,0,16.83,14.6,36.5,32.0,33.1,32.0,35.4,32.3,32.6,33.5,54.7,57.6,37,47,27.0,32.9,35,35,25,0,0,0,6,6,4,0,31,31,32,38,34,37,47,47,51,45.01,45.01,44.4,68,590,5.7,0,0,0
11.17,32,0.24,0.26,0.26,11.2,10.8,10.9,0,-2.6,0.05,0.14,207.6,6.7,53,1,1,532,701,439,-1,445,10.9,52.4,385,30.2,30.1,0.2,3.4,2067.6,0,16.83,14.6,36.5,32.0,33.1,32.0,35.4,32.4,32.7,33.4,54.7,57.6,37,47,27.0,32.9,36,36,25,0,0,0,6,6,4,0,31,31,32,38,34,37,47,47,51,45.01,45.01,44.39,67,600,5.7,0,0,0
10.17,32,0.24,0.26,0.26,11.1,10.8,10.8,0,8.0,0.0,0.08,207.8,4.6,50,1,1,480,702,338,-1,333,10.1,46.0,324,30.6,30.6,0.2,3.4,2067.6,0,16.83,14.6,36.7,32.2,33.3,32.1,35.5,32.3,32.8,33.6,54.7,57.5,38,48,27.1,33.0,36,36,25,0,0,0,6,6,4,0,31,31,32,38,34,37,48,48,51,45.01,45.01,44.4,67,590,5.7,0,0,0
10.29,32,0.24,0.26,0.26,11.1,10.8,10.7,0,-4.2,-0.02,0.03,207.7,5.5,53,1,1,483,701,347,3,357,10.2,45.2,331,28.7,29.5,0.2,3.3,1990.1,0,16.71,14.6,36.5,32.0,33.1,32.0,35.4,32.5,32.8,33.5,54.6,57.2,37,47,27.0,32.9,35,35,25,0,0,0,6,6,4,0,31,31,32,38,34,36,47,47,51,45.02,45.01,44.4,67,590,5.8,0,0,0
11.29,32,0.24,0.26,0.26,11.2,11.1,11.1,0,0.3,0.11,0.03,208.2,7.2,50,1,1,541,701,450,0,448,11.0,53.4,390,29.7,30.3,0.2,3.4,2067.6,0,16.83,14.6,36.7,32.2,33.3,32.2,35.6,32.5,33.1,33.6,54.7,57.5,38,48,27.2,33.0,36,36,25,0,0,0,6,6,4,0,31,31,32,38,34,37,48,48,51,45.01,45.01,44.39,67,580,5.7,0,0,0
10.16,32,0.24,0.26,0.26,10.9,10.9,11.0,0,9.8,0.07,0.1,207.8,5.0,46,1,1,473,701,326,0,330,9.9,43.2,317,29.9,29.4,0.2,3.4,1958.1,0,16.67,14.6,36.7,32.2,33.3,32.1,35.5,32.4,32.9,33.6,54.7,57.6,37,48,27.2,33.0,35,35,25,0,0,0,6,6,4,0,31,31,32,38,34,37,48,48,51,45.02,45.01,44.39,67,600,5.7,0,0,0
11.71,32,0.24,0.26,0.26,11.2,10.9,11.0,0,4.2,-0.07,0.09,207.9,6.9,51,1,1,569,702,496,0,504,11.4,57.7,417,32.4,32.2,0.3,3.5,2067.6,0,16.83,14.6,36.6,32.0,33.2,32.0,35.4,32.2,32.9,33.5,54.7,57.5,37,48,27.0,33.0,38,38,25,0,0,0,6,6,4,0,31,31,32,38,34,36,48,48,51,45.02,45.01,44.39,68,600,5.8,0,0,0
10.05,32,0.24,0.26,0.26,10.9,10.9,11.0,0,11.1,-0.06,0.11,207.9,5.9,49,1,1,468,701,315,-2,315,9.8,41.7,308,32.1,31.5,0.3,3.5,1825.8,0,16.47,14.6,36.6,32.1,33.2,32.0,35.5,32.5,33.0,33.5,54.7,57.6,37,48,27.0,33.0,37,37,25,0,0,0,6,6,4,0,31,31,32,38,33,37,48,48,51,45.01,45.01,44.4,67,590,5.8,0,0,0
9.94,32,0.24,0.26,0.26,10.9,10.8,10.9,0,4.3,-0.07,0.08,207.6,5.7,47,1,1,467,701,311,-1,319,9.8,43.0,306,30.6,31.6,0.2,3.4,1745.1,0,16.35,14.6,36.6,32.0,33.2,32.0,35.4,32.3,32.7,33.5,54.7,57.5,37,47,27.0,32.9,36,36,25,0,0,0,6,6,4,0,31,31,32,38,34,37,47,47,51,45.01,45.01,44.4,67,590,5.7,0,0,0
10.38,32,0.24,0.26,0.26,11.1,10.7,10.9,0,11.1,0.12,0.17,207.8,6.4,49,1,1,488,701,347,0,348,10.2,46.4,332,30.5,31.1,0.2,3.4,2067.6,0,16.83,14.6,36.7,32.3,33.4,32.2,35.7,32.6,33.1,33.7,54.7,57.6,37,48,27.2,33.0,36,36,25,0,0,0,6,6,4,0,31,31,32,38,34,37,48,48,51,45.02,45.01,44.38,67,590,5.8,0,0,0
10.46,32,0.24,0.26,0.26,11.1,10.8,10.9,0,-1.3,0.04,0.1,207.9,5.9,53,1,1,495,701,354,0,350,10.1,45.5,335,33.0,32.9,0.3,3.5,2067.6,0,16.83,14.6,36.7,32.0,33.2,32.0,35.4,32.3,32.6,33.5,54.7,57.6,37,47,27.0,33.0,38,39,25,0,0,0,6,6,4,0,31,31,32,38,34,37,47,47,51,45.02,45.01,44.38,68,600,5.7,0,0,0
10.14,32,0.24,0.26,0.26,11.0,10.7,10.9,0,2.1,0.03,0.2,207.9,4.3,47,1,1,476,700,338,1,336,10.1,44.6,324,28.5,29.1,0.2,3.4,2067.6,0,16.83,14.6,36.7,32.2,33.3,32.2,35.6,32.5,32.9,33.6,54.6,57.5,38,48,27.2,33.0,34,34,25,0,0,0,6,6,4,0,31,31,32,38,34,37,48,48,51,45.01,45.0,44.4,67,590,5.7,0,0,0
10.46,32,0.24,0.26,0.26,11.2,10.9,10.8,0,12.2,-0.01,0.13,208.0,6.1,43,1,1,492,701,360,-1,359,10.2,48.2,338,29.8,29.5,0.2,3.4,2067.6,0,16.83,14.6,36.7,32.3,33.3,32.2,35.6,32.9,33.1,33.6,54.7,57.5,37,48,27.2,33.0,35,35,25,0,0,0,6,6,4,0,31,31,32,38,34,37,48,48,51,45.01,45.01,44.4,68,600,5.7,0,0,0
10.97,32,0.24,0.26,0.26,11.3,10.7,10.8,0,9.4,0.01,0.16,207.6,4.0,50,1,1,525,702,415,0,411,10.7,51.1,370,30.2,30.0,0.2,3.4,2067.6,0,16.83,14.6,36.4,32.0,33.1,32.0,35.4,32.6,32.7,33.4,54.7,57.5,38,47,27.0,32.9,36,36,25,0,0,0,6,6,4,0,31,31,31,38,34,37,47,47,51,45.02,45.01,44.4,68,590,5.7,0,0,0
10.55,32,0.24,0.26,0.26,11.3,10.8,10.8,0,0.9,0.01,0.08,207.9,5.9,52,1,1,502,701,377,0,370,10.4,49.7,347,28.4,28.4,0.2,3.4,2067.6,0,16.83,14.6,36.6,31.9,33.1,32.0,35.4,32.0,32.7,33.5,54.7,57.5,37,47,27.0,32.9,34,34,25,0,0,0,6,6,4,0,31,31,32,38,34,37,47,47,51,45.02,45.01,44.4,67,590,5.8,0,0,0
10.67,32,0.24,0.26,0.26,11.1,10.8,10.9,0,-1.6,-0.02,0.12,207.6,5.5,52,1,1,508,701,389,0,390,10.5,48.7,355,32.7,32.6,0.3,3.5,2067.6,0,16.83,14.6,36.6,32.0,33.2,32.0,35.4,32.4,32.8,33.4,54.6,57.4,38,48,27.0,33.0,39,39,25,0,0,0,6,6,4,0,31,31,32,38,34,37,48,48,51,45.01,45.01,44.4,68,590,5.8,0,0,0
11.38,32,0.24,0.26,0.26,11.3,11.1,11.1,0,8.9,0.03,0.06,207.9,5.3,51,1,1,547,701,465,0,466,11.2,56.6,401,29.2,29.4,0.2,3.4,2067.6,0,16.83,14.6,36.5,31.9,33.0,32.0,35.3,32.1,32.5,33.5,54.7,57.5,37,47,27.0,32.9,35,35,25,0,0,0,6,6,4,0,31,31,32,38,34,37,47,47,51,45.01,45.01,44.4,67,590,5.8,0,0,0
11.39,32,0.24,0.26,0.26,11.0,11.1,10.9,0,6.2,0.05,0.18,207.5,5.5,51,1,1,554,701,466,-1,467,11.1,55.2,403,29.7,29.4,0.2,3.4,2067.6,0,16.83,14.6,36.5,31.9,33.0,32.0,35.3,32.1,32.5,33.4,54.7,57.5,37,47,27.0,32.9,35,35,25,0,0,0,6,6,4,0,31,31,32,38,34,36,47,47,51,45.02,45.01,44.4,68,590,5.8,0,0,0
11.19,32,0.24,0.26,0.26,11.1,10.8,10.9,0,5.2,0.03,0.11,207.8,6.2,50,1,1,540,701,447,0,457,10.9,53.2,390,32.7,32.2,0.3,3.5,2067.6,0,16.83,14.6,36.6,32.0,33.2,32.0,35.4,32.2,32.7,33.5,54.7,57.6,37,48,27.0,33.0,39,39,25,0,0,0,6,6,4,0,31,31,32,38,34,36,48,48,51,45.01,45.01,44.4,67,600,5.7,0,0,0
10.25,32,0.24,0.26,0.26,11.0,10.8,10.9,0,9.3,0.01,0.06,208.0,6.0,50,1,1,477,700,337,-1,335,10.0,44.7,322,30.5,30.9,0.2,3.4,2067.6,0,16.83,14.6,36.7,32.3,33.4,32.2,35.7,32.7,33.2,33.7,54.7,57.4,37,48,27.2,33.0,36,36,25,0,0,0,6,6,4,0,31,31,32,38,34,37,48,48,51,45.01,45.01,44.4,68,590,5.7,0,0,0
10.32,32,0.24,0.26,0.26,11.1,10.9,10.8,0,6.6,0.03,0.13,207.6,5.1,52,1,1,481,701,345,-1,343,10.0,46.4,329,28.7,29.6,0.2,3.3,2067.6,0,16.83,14.6,36.5,32.0,33.1,32.0,35.4,32.5,32.9,33.5,54.6,57.1,37,47,27.0,32.9,34,34,25,0,0,0,6,6,4,0,31,31,32,38,34,36,47,47,51,45.01,45.01,44.4,67,600,5.7,0,0,0
10.48,32,0.24,0.26,0.26,10.9,10.9,11.1,0,0.6,0.04,0.08,207.7,5.4,52,1,1,491,701,359,2,368,10.1,47.4,338,28.4,28.9,0.2,3.4,2067.6,0,16.83,14.6,36.5,32.0,33.1,32.0,35.4,32.3,32.7,33.5,54.7,57.4,38,47,27.0,32.9,34,34,25,0,0,0,6,6,4,0,31,31,32,38,34,37,47,47,51,45.02,45.01,44.4,67,590,5.8,0,0,0
10.43,32,0.24,0.26,0.26,10.8,11.0,11.1,0,6.5,-0.02,0.15,207.6,5.2,51,1,1,487,701,352,2,350,10.2,47.2,331,28.3,29.6,0.2,3.3,2067.6,0,16.83,14.6,36.5,32.0,33.1,32.0,35.4,32.4,32.8,33.5,54.7,57.0,37,47,27.0,32.9,34,34,25,0,0,0,6,6,4,0,31,31,32,38,34,36,47,47,51,45.02,45.01,44.4,68,580,5.8,0,0,0
11.39,32,0.24,0.26,0.26,11.1,10.9,10.9,0,7.0,0.05,0.06,207.9,6.1,52,1,1,549,701,467,-2,465,11.2,55.0,401,29.1,28.9,0.2,3.4,2067.6,0,16.83,14.6,36.5,31.9,33.0,32.0,35.3,32.1,32.5,33.5,54.7,57.6,36,47,27.0,32.9,35,35,25,0,0,0,6,6,4,0,31,31,32,38,34,36,47,47,51,45.01,45.01,44.39,67,590,5.7,0,0,0
11.38,32,0.24,0.26,0.26,11.1,10.7,10.9,0,7.6,0.08,0.17,207.5,6.5,51,1,1,545,701,465,-2,458,11.2,55.5,399,29.4,29.4,0.2,3.4,2067.6,0,16.83,14.6,36.5,31.9,33.0,32.0,35.3,32.1,32.5,33.5,54.7,57.5,37,47,27.0,32.9,35,35,25,0,0,0,6,6,4,0,31,31,32,38,34,37,47,47,51,45.01,45.01,44.4,67,590,5.7,0,0,0
11.4,32,0.24,0.26,0.26,11.0,10.9,10.9,0,-2.0,-0.04,0.1,207.8,7.8,51,1,1,548,701,462,0,463,11.2,54.2,398,32.3,32.1,0.3,3.5,2067.6,0,16.83,14.6,36.6,32.0,33.2,32.0,35.4,32.3,32.9,33.5,54.7,57.6,37,48,27.0,33.0,38,38,25,0,0,0,6,6,4,0,31,31,32,38,34,37,48,48,51,45.01,45.01,44.4,67,590,5.7,0,0,0
10.56,32,0.24,0.26,0.26,10.9,10.8,10.9,0,7.0,0.03,0.09,208.0,5.5,52,1,1,500,701,373,0,372,10.4,48.2,346,33.1,32.8,0.3,3.5,2067.6,0,16.83,14.6,36.6,32.0,33.2,32.0,35.4,32.4,32.7,33.5,54.7,57.5,37,47,27.0,33.0,39,39,25,0,0,0,6,6,4,0,31,31,32,38,34,37,47,47,51,45.01,45.01,44.4,67,600,5.8,0,0,0
10.25,32,0.24,0.26,0.26,11.1,10.8,10.9,0,3.5,0.04,0.14,207.8,7.4,47,1,1,477,701,334,-1,332,10.1,43.7,323,30.0,29.7,0.2,3.4,1958.1,0,16.67,14.6,36.7,32.2,33.3,32.1,35.5,32.4,32.9,33.6,54.7,57.7,37,48,27.2,33.0,35,35,25,0,0,0,6,6,4,0,31,31,32,38,34,37,48,48,51,45.02,45.01,44.39,67,590,5.8,0,0,0
10.85,32,0.24,0.26,0.26,10.9,11.1,11.1,0,4.1,0.06,0.05,207.6,5.4,50,1,1,511,701,401,-1,404,10.6,50.6,365,30.2,30.0,0.2,3.4,2067.6,0,16.83,14.6,36.5,32.0,33.1,32.0,35.4,32.5,32.6,33.4,54.7,57.5,38,47,27.0,32.9,36,36,25,0,0,0,6,6,4,0,31,31,32,38,34,36,47,47,51,45.02,45.01,44.4,67,590,5.8,0,0,0
10.91,32,0.24,0.26,0.26,10.9,10.6,10.8,0,-2.4,0.03,0.17,207.9,6.4,54,1,1,528,702,415,2,411,10.8,52.3,371,29.6,29.3,0.2,3.4,2067.6,0,16.83,14.6,36.5,32.0,33.0,32.0,35.3,32.4,32.6,33.4,54.7,57.6,37,47,27.0,32.9,35,35,25,0,0,0,6,6,4,0,31,31,32,38,34,37,47,47,51,45.02,45.01,44.4,67,590,5.7,0,0,0
11.34,32,0.24,0.26,0.26,11.2,10.9,10.9,0,8.0,0.05,0.11,207.8,6.7,52,1,1,535,700,454,-2,457,11.1,55.8,394,29.4,29.3,0.2,3.4,2067.6,0,16.83,14.6,36.5,31.9,33.0,32.0,35.3,32.2,32.5,33.5,54.7,57.5,37,47,27.0,32.9,35,35,25,0,0,0,6,6,4,0,31,31,32,38,34,36,47,47,51,45.01,45.01,44.39,68,590,5.8,0,0,0
11.49,32,0.24,0.26,0.26,11.3,11.0,10.9,0,2.6,0.06,0.11,207.7,6.0,51,1,1,556,701,476,0,483,11.3,57.0,406,32.5,32.3,0.3,3.5,2067.6,0,16.83,14.6,36.6,32.0,33.2,32.0,35.4,32.2,32.9,33.5,54.7,57.5,38,48,27.0,33.0,38,38,25,0,0,0,6,6,4,0,31,31,32,38,34,37,48,48,51,45.02,45.01,44.39,67,590,5.8,0,0,0
9.61,32,0.24,0.26,0.26,11.1,10.6,10.7,0,10.0,0.05,0.08,207.9,4.7,49,1,1,451,701,280,1,278,9.5,39.3,286,31.0,30.8,0.3,3.4,2024.2,0,16.77,14.6,36.7,32.1,33.3,32.1,35.5,32.3,33.0,33.6,54.7,57.4,37,48,27.0,33.0,36,36,25,0,0,0,6,6,4,0,31,31,32,38,34,37,48,48,51,45.01,45.01,44.39,67,590,5.7,0,0,0
10.44,32,0.24,0.26,0.26,10.9,10.8,10.9,0,20.8,0.04,0.14,207.9,5.4,43,1,1,491,701,360,1,365,10.4,46.4,339,29.7,29.2,0.2,3.4,2067.6,0,16.83,14.6,36.7,32.3,33.3,32.2,35.5,32.7,33.1,33.6,54.7,57.6,38,48,27.2,33.0,35,35,25,0,0,0,6,6,4,0,31,31,32,38,34,37,48,48,51,45.02,45.01,44.39,68,600,5.8,0,0,0
10.82,32,0.24,0.26,0.26,10.9,10.9,11.1,0,-2.2,-0.02,0.1,208.0,5.4,52,1,1,514,701,404,0,410,10.7,50.1,365,32.8,32.4,0.3,3.5,2067.6,0,16.83,14.6,36.6,32.0,33.2,32.0,35.4,32.3,32.8,33.5,54.6,57.6,37,48,27.0,33.0,39,39,25,0,0,0,6,6,4,0,31,31,32,38,34,37,48,48,51,45.01,45.01,44.4,67,580,5.8,0,0,0
10.45,32,0.24,0.26,0.26,11.1,11.0,11.3,0,11.6,0.15,0.16,207.8,5.2,48,1,1,491,701,357,0,353,10.2,47.4,337,30.3,30.9,0.2,3.4,2035.6,0,16.78,14.6,36.7,32.3,33.4,32.2,35.7,32.6,33.0,33.7,54.7,57.4,38,48,27.2,33.0,36,36,25,0,0,0,6,6,4,0,31,31,32,38,34,37,48,48,51,45.02,45.01,44.4,68,600,5.7,0,0,0
10.76,32,0.24,0.26,0.26,10.9,11.1,10.9,0,0.0,0.03,0.09,207.8,6.9,49,1,1,507,702,390,0,391,10.6,49.4,355,32.4,32.2,0.3,3.5,2067.6,0,16.83,14.6,36.6,32.0,33.2,32.0,35.4,32.3,32.8,33.5,54.7,57.6,37,48,27.0,33.0,37,37,25,0,0,0,6,6,4,0,31,31,32,38,34,37,48,48,51,45.02,45.01,44.4,67,580,5.8,0,0,0
10.6,32,0.24,0.26,0.26,11.4,10.8,10.8,0,5.4,0.01,0.05,207.8,5.1,51,1,1,500,701,378,-1,387,10.4,47.9,350,28.2,28.6,0.2,3.4,2067.6,0,16.83,14.6,36.6,31.9,33.1,32.0,35.4,31.9,32.6,33.5,54.7,57.6,37,47,27.0,32.9,34,34,25,0,0,0,6,6,4,0,31,31,32,38,34,37,47,47,51,45.02,45.01,44.39,67,590,5.7,0,0,0
10.05,32,0.24,0.26,0.26,11.1,10.8,10.7,0,11.5,0.1,0.1,207.7,4.3,50,1,1,476,701,325,0,327,9.9,45.5,318,32.9,32.8,0.3,3.5,2067.6,0,16.83,14.6,36.5,32.0,33.2,32.0,35.4,32.4,32.6,33.5,54.6,57.7,37,47,27.0,33.0,39,39,25,0,0,0,6,6,4,0,31,31,32,38,33,36,47,47,51,45.01,45.01,44.4,67,590,5.8,0,0,0
9.62,32,0.24,0.26,0.26,10.9,10.7,10.8,0,13.8,0.04,0.11,207.6,4.7,47,1,1,449,700,285,2,280,9.4,39.4,289,31.8,31.2,0.3,3.4,1747.2,0,16.35,14.6,36.7,32.1,33.2,32.1,35.4,32.3,32.7,33.5,54.7,57.6,37,48,27.0,33.0,36,36,25,0,0,0,6,6,4,0,31,31,32,38,34,36,48,48,51,45.01,45.01,44.4,67,590,5.8,0,0,0
10.45,32,0.24,0.26,0.26,10.9,10.8,10.9,0,5.7,-0.02,0.1,207.9,5.1,52,1,1,489,701,358,-1,367,10.3,46.2,337,32.8,32.5,0.3,3.5,2067.6,0,16.83,14.6,36.6,32.0,33.2,32.0,35.4,32.2,32.6,33.5,54.6,57.6,37,48,27.0,33.0,38,39,25,0,0,0,6,6,4,0,31,31,32,38,34,37,48,48,51,45.01,45.01,44.4,67,590,5.8,0,0,0
11.26,32,0.24,0.26,0.26,11.0,11.3,11.1,0,4.8,0.03,0.03,207.8,6.5,51,1,1,539,701,448,-1,440,11.0,52.8,388,29.8,29.7,0.2,3.4,2067.6,0,16.83,14.6,36.5,32.0,33.1,32.0,35.4,32.4,32.9,33.4,54.7,57.6,37,47,27.0,32.9,36,36,25,0,0,0,6,6,4,0,31,31,31,38,34,36,47,47,51,45.02,45.01,44.4,67,590,5.8,0,0,0
10.38,32,0.24,0.26,0.26,11.2,10.9,10.9,0,8.9,0.01,0.06,207.7,4.6,51,1,1,485,700,348,0,353,10.1,46.8,331,33.3,33.1,0.3,3.4,2067.6,0,16.83,14.6,36.5,32.0,33.2,32.0,35.4,32.4,32.8,33.5,54.7,57.7,37,47,27.0,33.0,39,39,25,0,0,0,6,6,4,0,31,31,32,38,34,37,47,47,51,45.02,45.01,44.4,67,590,5.7,0,0,0
10.61,32,0.24,0.26,0.26,11.0,10.9,10.9,0,2.4,0.02,0.05,207.6,4.8,52,1,1,503,701,381,-1,380,10.4,49.1,350,28.9,28.4,0.2,3.4,2067.6,0,16.83,14.6,36.5,32.0,33.1,32.0,35.4,32.2,32.8,33.5,54.7,57.4,37,47,27.0,32.9,34,34,25,0,0,0,6,6,4,0,31,31,32,38,34,37,47,47,51,45.02,45.0,44.4,68,590,5.7,0,0,0
10.83,32,0.24,0.26,0.26,10.9,10.9,10.9,0,0.4,0.02,0.08,207.9,5.9,53,1,1,511,701,392,-1,399,10.6,48.6,358,29.1,29.0,0.2,3.4,2067.6,0,16.83,14.6,36.5,32.0,33.1,32.0,35.4,32.4,32.6,33.4,54.7,57.5,37,47,27.0,32.9,35,35,25,0,0,0,6,6,4,0,31,31,32,38,33,36,47,47,51,45.01,45.01,44.4,67,600,5.8,0,0,0
10.42,32,0.24,0.26,0.26,11.1,10.9,10.9,0,14.9,0.01,0.0,207.8,5.9,45,1,1,492,700,361,0,363,10.2,47.8,337,29.2,28.5,0.2,3.4,2067.6,0,16.83,14.6,36.7,32.2,33.3,32.2,35.6,32.5,32.9,33.6,54.6,57.6,38,48,27.2,33.0,35,35,25,0,0,0,6,6,4,0,31,31,32,38,33,37,48,48,51,45.02,45.01,44.4,68,600,5.8,0,0,0
9.73,32,0.24,0.26,0.26,11.2,10.8,10.6,0,3.4,0.11,0.11,207.9,4.0,48,1,1,458,701,295,1,296,9.5,40.5,297,31.8,31.4,0.3,3.5,1767.9,0,16.38,14.6,36.6,32.1,33.2,32.1,35.4,32.4,33.0,33.5,54.6,57.6,37,48,27.0,33.0,37,36,25,0,0,0,6,6,4,0,31,31,32,38,34,37,48,48,51,45.02,45.01,44.4,67,600,5.7,0,0,0
10.57,32,0.24,0.26,0.26,11.0,11.0,10.9,0,-3.2,0.11,0.1,207.6,5.2,54,1,1,494,701,369,-1,376,10.5,48.9,345,29.1,28.8,0.2,3.4,2067.6,0,16.83,14.6,36.5,32.0,33.1,32.0,35.4,32.3,32.7,33.5,54.7,57.6,37,47,27.0,32.9,35,35,25,0,0,0,6,6,4,0,31,31,32,38,33,37,47,47,51,45.01,45.01,44.4,67,600,5.8,0,0,0
10.58,32,0.24,0.26,0.26,10.9,10.6,10.9,0,0.2,0.05,0.15,207.6,5.1,52,1,1,498,701,376,0,376,10.4,47.2,346,28.3,28.3,0.2,3.4,2067.6,0,16.83,14.6,36.6,31.9,33.1,32.0,35.4,32.0,32.7,33.5,54.7,57.6,37,47,27.0,32.9,34,34,25,0,0,0,6,6,4,0,31,31,32,38,34,37,47,47,51,45.02,45.01,44.4,67,590,5.8,0,0,0
10.88,32,0.24,0.26,0.26,10.9,11.1,10.9,0,11.9,0.06,0.18,207.8,6.8,48,1,1,509,701,397,-1,407,10.6,48.7,360,30.2,30.7,0.2,3.4,2067.6,0,16.83,14.6,36.7,32.2,33.4,32.2,35.6,32.4,33.0,33.7,54.7,57.5,37,48,27.2,33.0,36,36,25,0,0,0,6,6,4,0,31,31,32,38,34,37,48,48,51,45.01,45.01,44.4,67,590,5.8,0,0,0
11.47,32,0.24,0.26,0.26,11.1,10.8,10.9,0,-0.6,0.06,0.09,207.8,6.9,51,1,1,552,702,468,0,474,11.2,54.4,403,32.3,32.2,0.3,3.5,2067.6,0,16.83,14.6,36.6,32.0,33.2,32.0,35.4,32.3,32.9,33.5,54.7,57.6,38,48,27.0,33.0,38,38,25,0,0,0,6,6,4,0,31,31,32,38,34,37,48,48,51,45.02,45.01,44.4,67,590,5.8,0,0,0
9.73,32,0.24,0.26,0.26,10.8,10.9,10.9,0,16.1,0.03,0.14,207.6,4.6,47,1,1,457,701,291,-1,295,9.5,41.2,293,31.8,32.9,0.3,3.4,2067.6,0,16.83,14.6,36.5,32.1,33.2,32.0,35.4,32.5,32.9,33.4,54.6,57.7,37,48,27.0,33.0,38,38,25,0,0,0,6,6,4,0,31,31,32,38,34,37,48,48,51,45.01,45.01,44.4,67,590,5.7,0,0,0
10.26,32,0.24,0.26,0.26,11.1,10.7,10.9,0,11.6,0.03,0.17,207.8,5.8,51,1,1,483,701,346,1,355,10.1,44.8,330,28.4,29.3,0.2,3.3,2067.6,0,16.83,14.6,36.5,32.0,33.1,32.0,35.4,32.4,32.9,33.5,54.6,57.2,37,47,27.0,32.9,34,34,25,0,0,0,6,6,4,0,31,31,32,38,34,37,47,47,51,45.02,45.01,44.4,67,590,5.8,0,0,0
10.73,32,0.24,0.26,0.26,11.3,10.8,10.8,0,5.8,0.0,0.09,208.0,5.7,53,1,1,502,701,383,-2,378,10.5,48.2,352,33.2,32.8,0.3,3.5,2067.6,0,16.83,14.6,36.7,32.0,33.2,32.0,35.4,32.2,32.7,33.5,54.7,57.6,37,47,27.0,33.0,38,39,25,0,0,0,6,6,4,0,31,31,32,38,34,37,47,47,51,45.02,45.01,44.4,67,590,5.8,0,0,0
9.63,32,0.24,0.26,0.26,10.9,10.8,10.9,0,10.4,-0.07,0.08,207.8,4.1,48,1,1,459,701,282,-1,281,9.4,41.2,287,31.1,31.1,0.3,3.4,2024.2,0,16.77,14.6,36.7,32.1,33.2,32.1,35.5,32.6,33.0,33.5,54.7,57.6,37,48,27.0,33.0,36,36,25,0,0,0,6,6,4,0,31,31,32,38,34,37,48,48,51,45.02,45.01,44.4,67,590,5.7,0,0,0
9.59,32,0.24,0.26,0.26,11.1,10.6,10.6,0,6.9,-0.02,0.1,208.2,3.8,48,1,1,452,701,279,0,286,9.4,40.5,287,31.4,31.1,0.3,3.4,1752.4,0,16.36,14.6,36.7,32.2,33.2,32.1,35.5,32.6,32.8,33.5,54.7,57.6,38,48,27.0,33.0,36,36,25,0,0,0,6,6,4,0,31,31,32,38,34,37,48,48,51,45.01,45.01,44.4,67,600,5.8,0,0,0
9.74,32,0.24,0.26,0.26,11.1,10.6,10.6,0,6.3,0.09,0.1,208.0,5.5,48,1,1,459,701,289,-1,294,9.6,39.9,293,31.9,31.3,0.3,3.4,1747.2,0,16.35,14.6,36.7,32.1,33.2,32.1,35.4,32.3,32.9,33.5,54.7,57.6,37,48,27.0,33.0,37,36,25,0,0,0,6,6,4,0,31,31,32,38,34,36,48,48,51,45.01,45.01,44.4,67,590,5.8,0,0,0
11.4,32,0.24,0.26,0.26,11.0,11.1,10.9,0,8.9,0.04,0.18,207.7,6.2,51,1,1,547,701,462,-1,468,11.1,55.5,399,29.3,29.1,0.2,3.4,2067.6,0,16.83,14.6,36.6,31.9,33.0,32.0,35.3,32.1,32.5,33.5,54.6,57.6,37,47,27.0,32.9,35,35,25,0,0,0,6,6,4,0,31,31,32,38,33,36,47,47,51,45.01,45.01,44.39,67,600,5.7,0,0,0
10.51,32,0.24,0.26,0.26,10.9,11.0,10.9,0,18.6,0.02,0.06,207.9,6.2,44,1,1,495,700,364,1,361,10.3,46.4,339,29.5,28.8,0.2,3.4,2067.6,0,16.83,14.6,36.7,32.3,33.3,32.2,35.5,32.6,33.0,33.6,54.6,57.6,38,48,27.2,33.0,35,35,25,0,0,0,6,6,4,0,31,31,32,38,34,37,48,48,51,45.02,45.01,44.39,67,590,5.8,0,0,0
10.43,32,0.24,0.26,0.26,10.9,11.0,11.3,0,9.0,0.01,0.1,207.9,4.9,44,1,1,488,702,352,-2,361,10.3,47.4,334,29.9,29.8,0.2,3.4,2067.6,0,16.83,14.6,36.7,32.2,33.3,32.2,35.5,32.7,33.0,33.6,54.7,57.4,38,48,27.2,33.0,35,35,25,0,0,0,6,6,4,0,31,31,32,38,34,37,48,48,51,45.01,45.01,44.39,67,590,5.8,0,0,0
9.53,32,0.24,0.26,0.26,10.9,10.9,11.0,0,5.3,0.1,0.13,207.8,3.9,49,1,1,448,701,275,-1,280,9.3,39.3,282,31.3,30.9,0.3,3.4,1752.4,0,16.36,14.6,36.6,32.2,33.2,32.1,35.5,32.6,32.9,33.5,54.7,57.4,37,48,27.0,33.0,36,36,25,0,0,0,6,6,4,0,31,31,32,38,34,37,48,48,51,45.01,45.01,44.4,67,590,5.7,0,0,0
9.88,32,0.24,0.26,0.26,11.3,10.8,10.7,0,5.4,0.01,0.1,208.0,4.5,46,1,1,465,701,308,-1,310,9.7,43.6,304,29.9,29.7,0.2,3.4,2067.6,0,16.83,14.6,36.7,32.2,33.3,32.1,35.5,32.5,33.0,33.6,54.7,57.5,37,48,27.2,33.0,35,35,25,0,0,0,6,6,4,0,31,31,32,38,34,37,48,48,51,45.01,45.01,44.4,67,600,5.7,0,0,0
10.51,32,0.24,0.26,0.26,10.9,11.0,11.0,0,2.6,0.08,0.1,207.8,5.3,53,1,1,492,701,362,0,365,10.4,47.2,338,33.0,32.7,0.3,3.5,2067.6,0,16.83,14.6,36.7,32.0,33.2,32.0,35.4,32.2,32.6,33.5,54.7,57.6,37,48,27.0,33.0,38,38,25,0,0,0,6,6,4,0,31,31,32,38,34,36,48,48,51,45.01,45.01,44.39,67,590,5.8,0,0,0
9.74,32,0.24,0.26,0.26,10.8,10.8,10.8,0,11.7,0.03,0.11,208.0,5.5,47,1,1,464,702,290,0,285,9.4,41.8,293,32.0,31.6,0.3,3.5,1767.9,0,16.38,14.6,36.6,32.1,33.2,32.1,35.5,32.4,33.0,33.5,54.7,57.6,38,48,27.0,33.0,37,36,25,0,0,0,6,6,4,0,31,31,32,38,34,37,48,48,51,45.02,45.01,44.39,67,600,5.8,0,0,0
10.44,32,0.24,0.26,0.26,11.2,10.8,10.8,0,4.8,-0.04,0.07,207.9,6.1,52,1,1,492,701,354,2,359,10.1,45.5,333,28.4,29.1,0.2,3.4,2067.6,0,16.83,14.6,36.5,32.0,33.1,32.0,35.4,32.4,32.7,33.5,54.7,57.3,38,47,27.0,32.9,34,34,25,0,0,0,6,6,4,0,31,31,32,38,34,37,47,47,51,45.02,45.01,44.4,67,600,5.7,0,0,0
10.27,32,0.24,0.26,0.26,10.9,11.0,11.1,0,6.1,0.08,0.21,207.9,3.9,47,1,1,473,700,330,1,334,9.9,44.4,321,28.2,28.8,0.2,3.4,2067.6,0,16.83,14.6,36.7,32.2,33.3,32.2,35.6,32.5,32.9,33.6,54.6,57.5,37,48,27.2,33.0,34,34,25,0,0,0,6,6,4,0,31,31,32,38,34,37,48,48,51,45.01,45.0,44.4,68,590,5.8,0,0,0
9.93,32,0.24,0.26,0.26,11.1,10.7,10.7,0,9.1,0.07,0.12,207.9,4.6,50,1,1,469,701,316,0,322,9.7,44.3,311,30.9,30.7,0.2,3.4,2067.6,0,16.83,14.6,36.7,32.1,33.2,32.1,35.5,32.2,32.8,33.6,54.7,57.5,38,48,27.1,33.0,36,36,25,0,0,0,6,6,4,0,31,31,32,38,34,37,48,48,51,45.01,45.01,44.4,68,590,5.8,0,0,0
10.39,32,0.24,0.26,0.26,11.1,10.7,10.7,0,11.5,0.07,0.1,208.0,5.3,43,1,1,491,701,360,-1,366,10.2,46.7,339,29.8,29.7,0.2,3.4,2067.6,0,16.83,14.6,36.7,32.3,33.3,32.2,35.5,32.8,33.1,33.6,54.7,57.5,37,48,27.2,33.0,35,35,25,0,0,0,6,6,4,0,31,31,32,38,34,37,48,48,51,45.01,45.01,44.4,67,590,5.7,0,0,0
10.61,32,0.24,0.26,0.26,10.9,10.6,10.8,0,-0.4,0.01,0.14,207.9,5.9,54,1,1,494,701,372,-2,375,10.4,48.7,344,33.0,33.0,0.3,3.5,2067.6,0,16.83,14.6,36.6,32.0,33.2,32.0,35.4,32.2,32.7,33.5,54.6,57.6,37,47,27.0,33.0,38,38,25,0,0,0,6,6,4,0,31,31,32,38,34,37,47,47,51,45.01,45.01,44.38,68,590,5.7,0,0,0
10.04,32,0.24,0.26,0.26,10.9,10.8,10.8,0,8.2,0.09,0.13,207.6,5.9,49,1,1,469,700,317,0,316,9.9,44.4,311,29.5,30.2,0.2,3.4,1934.3,0,16.63,14.6,36.5,32.0,33.2,32.0,35.4,32.4,32.9,33.5,54.7,57.6,37,47,27.0,32.9,35,35,25,0,0,0,6,6,4,0,31,31,32,38,34,37,47,47,51,45.02,45.01,44.4,67,600,5.8,0,0,0
10.53,32,0.24,0.26,0.26,10.9,10.8,10.9,0,4.6,0.06,0.1,207.8,5.4,53,1,1,496,701,371,-1,379,10.3,49.1,344,29.1,28.8,0.2,3.4,2067.6,0,16.83,14.6,36.5,32.0,33.1,32.0,35.4,32.3,32.6,33.5,54.7,57.6,37,47,27.0,32.9,35,35,25,0,0,0,6,6,4,0,31,31,32,38,34,37,47,47,51,45.01,45.01,44.4,67,590,5.7,0,0,0
11.18,32,0.24,0.26,0.26,11.2,10.9,10.9,0,1.6,0.04,0.09,207.7,6.1,52,1,1,530,700,438,1,437,10.9,53.1,384,30.5,30.3,0.2,3.4,2067.6,0,16.83,14.6,36.5,32.0,33.1,32.0,35.4,32.4,32.7,33.4,54.7,57.5,37,47,27.0,32.9,36,36,25,0,0,0,6,6,4,0,31,31,31,38,33,37,47,47,51,45.01,45.01,44.4,67,590,5.8,0,0,0
10.96,32,0.24,0.26,0.26,11.0,11.0,10.8,0,-1.4,0.03,0.05,207.9,6.8,54,1,1,521,700,416,0,414,10.8,52.5,371,29.4,29.4,0.2,3.4,2067.6,0,16.83,14.6,36.5,31.9,33.1,32.0,35.4,32.4,32.6,33.4,54.7,57.6,37,47,27.0,32.9,35,35,25,0,0,0,6,6,4,0,31,31,32,38,34,36,47,47,51,45.02,45.01,44.4,67,580,5.8,0,0,0
10.45,32,0.24,0.26,0.26,11.1,11.0,10.8,0,17.7,0.03,0.1,208.0,6.1,43,1,1,498,701,364,-1,363,10.2,46.4,339,29.7,29.2,0.2,3.4,2067.6,0,16.83,14.6,36.7,32.3,33.3,32.2,35.6,32.8,33.1,33.5,54.6,57.7,38,48,27.2,33.0,35,35,25,0,0,0,6,6,4,0,31,31,32,38,34,37,48,48,51,45.02,45.01,44.4,67,590,5.8,0,0,0
9.72,32,0.24,0.26,0.26,11.3,10.7,10.7,0,-4.2,0.0,0.11,207.6,5.2,50,1,1,457,701,294,-1,293,9.6,42.2,295,32.1,31.5,0.3,3.5,1767.9,0,16.38,14.6,36.5,32.1,33.2,32.0,35.5,32.7,33.0,33.5,54.6,57.6,38,48,27.0,33.0,37,37,25,0,0,0,6,6,4,0,31,31,32,38,34,37,48,48,51,45.02,45.01,44.4,67,590,5.8,0,0,0
10.05,32,0.24,0.26,0.26,10.9,10.8,10.8,0,6.8,0.07,0.05,208.0,5.7,50,1,1,474,701,325,0,325,9.8,44.7,315,30.8,31.0,0.2,3.4,2067.6,0,16.83,14.6,36.7,32.1,33.3,32.1,35.5,32.3,32.7,33.6,54.7,57.6,38,48,27.1,33.0,36,36,25,0,0,0,6,6,4,0,31,31,32,38,34,37,48,48,51,45.01,45.01,44.39,67,590,5.8,0,0,0
10.61,32,0.24,0.26,0.26,10.9,10.9,11.1,0,12.5,0.05,0.12,207.9,5.5,45,1,1,503,701,374,-1,383,10.4,47.6,346,28.8,29.7,0.2,3.4,2067.6,0,16.83,14.6,36.7,32.2,33.3,32.2,35.5,32.5,32.9,33.6,54.6,57.5,38,48,27.2,33.0,35,35,25,0,0,0,6,6,4,0,31,31,32,38,34,37,48,48,51,45.01,45.01,44.39,67,590,5.8,0,0,0
10.08,32,0.24,0.26,0.26,11.0,10.6,10.8,0,6.4,-0.04,0.15,207.8,4.9,50,1,1,472,700,330,0,331,10.0,45.5,320,30.6,30.3,0.2,3.4,2067.6,0,16.83,14.6,36.7,32.2,33.3,32.1,35.5,32.3,32.7,33.6,54.7,57.6,37,48,27.1,33.0,36,36,25,0,0,0,6,6,4,0,31,31,32,38,34,37,48,48,51,45.01,45.01,44.4,67,590,5.8,0,0,0
10.26,32,0.24,0.26,0.26,11.3,10.8,10.8,0,-6.6,-0.09,0.05,207.9,5.2,52,1,1,483,701,342,0,341,10.0,45.8,325,29.4,30.1,0.2,3.3,1990.1,0,16.71,14.6,36.5,32.0,33.2,32.0,35.4,32.4,32.9,33.5,54.7,57.4,37,47,27.0,32.9,35,35,25,0,0,0,6,6,4,0,31,31,32,38,34,36,47,47,51,45.02,45.01,44.4,68,600,5.7,0,0,0
9.72,32,0.24,0.26,0.26,10.8,10.9,10.7,0,10.1,0.0,0.1,207.9,4.9,48,1,1,458,701,286,0,295,9.5,39.3,288,31.3,30.9,0.3,3.4,2024.2,0,16.77,14.6,36.6,32.1,33.3,32.1,35.5,32.6,33.2,33.5,54.7,57.5,38,48,27.0,33.0,36,36,25,0,0,0,6,6,4,0,31,31,32,38,34,37,48,48,51,45.01,45.01,44.4,67,590,5.7,0,0,0
10.36,32,0.24,0.26,0.26,10.9,10.7,10.9,0,8.0,0.06,0.15,207.7,3.9,51,1,1,487,701,355,-2,358,10.1,46.7,335,33.2,32.9,0.3,3.5,2067.6,0,16.83,14.6,36.5,32.0,33.2,32.0,35.4,32.4,32.8,33.5,54.6,57.7,36,47,27.0,33.0,39,39,25,0,0,0,6,6,4,0,31,31,32,38,34,37,47,47,51,45.01,45.01,44.4,67,580,5.7,0,0,0
10.41,32,0.24,0.26,0.26,11.0,10.7,10.9,0,6.9,0.06,0.07,207.8,4.8,52,1,1,491,700,361,-1,358,10.1,46.3,339,33.1,33.0,0.3,3.5,2067.6,0,16.83,14.6,36.6,32.0,33.2,32.0,35.4,32.4,32.8,33.5,54.7,57.6,37,47,27.0,33.0,39,39,25,0,0,0,6,6,4,0,31,31,32,38,34,36,47,47,51,45.02,45.01,44.4,67,590,5.7,0,0,0
10.1,32,0.24,0.26,0.26,10.8,10.8,11.1,0,5.7,-0.04,0.14,207.6,5.1,48,1,1,473,702,316,0,313,9.8,43.4,309,30.4,31.1,0.2,3.4,1934.3,0,16.63,14.6,36.6,32.0,33.2,32.0,35.4,32.2,32.8,33.5,54.7,57.5,37,47,27.0,32.9,36,36,25,0,0,0,6,6,4,0,31,31,32,38,34,37,47,47,51,45.02,45.01,44.39,67,590,5.7,0,0,0
10.45,32,0.24,0.26,0.26,11.0,11.0,11.1,0,15.2,0.07,0.08,208.0,5.2,42,1,1,494,702,361,-2,360,10.2,47.4,340,29.8,29.6,0.2,3.4,2067.6,0,16.83,14.6,36.7,32.3,33.3,32.2,35.6,32.8,33.1,33.5,54.7,57.5,38,48,27.2,33.0,35,35,25,0,0,0,6,6,4,0,31,31,32,38,34,37,48,48,51,45.01,45.01,44.4,68,600,5.8,0,0,0
10.35,32,0.24,0.26,0.26,11.0,10.9,10.7,0,-3.7,0.03,0.13,207.6,5.1,53,1,1,486,701,348,0,346,10.0,45.0,331,28.7,29.6,0.2,3.3,1990.1,0,16.71,14.6,36.5,32.0,33.2,32.0,35.4,32.4,32.8,33.5,54.6,57.2,37,47,27.0,32.9,35,35,25,0,0,0,6,6,4,0,31,31,32,38,34,36,47,47,51,45.02,45.01,44.4,67,590,5.8,0,0,0
10.66,32,0.24,0.26,0.26,11.1,10.7,10.9,0,2.1,0.08,0.11,207.8,5.5,52,1,1,502,701,385,0,382,10.4,48.2,354,30.5,30.2,0.2,3.4,2067.6,0,16.83,14.6,36.7,32.2,33.3,32.1,35.5,32.7,33.1,33.5,54.6,57.4,38,48,27.2,33.0,36,36,25,0,0,0,6,6,4,0,31,31,32,38,34,37,48,48,51,45.01,45.01,44.4,68,600,5.8,0,0,0
11.09,32,0.24,0.26,0.26,11.0,11.1,10.9,0,2.5,0.01,0.12,207.8,5.6,50,1,1,526,701,434,-1,441,10.9,52.8,384,32.7,32.5,0.3,3.5,2067.6,0,16.83,14.6,36.6,32.0,33.2,32.0,35.4,32.2,32.7,33.5,54.6,57.6,38,47,27.0,33.0,39,39,25,0,0,0,6,6,4,0,31,31,32,38,34,37,47,47,51,45.02,45.01,44.4,67,590,5.7,0,0,0
10.65,32,0.24,0.26,0.26,10.9,10.8,10.9,0,-3.0,0.15,0.16,207.9,5.8,51,1,1,506,702,391,0,392,10.5,49.4,357,30.3,30.0,0.2,3.4,2067.6,0,16.83,14.6,36.7,32.2,33.3,32.1,35.6,32.5,33.1,33.6,54.7,57.6,38,48,27.2,33.0,36,36,25,0,0,0,6,6,4,0,31,31,32,38,34,37,48,48,51,45.01,45.01,44.4,67,580,5.8,0,0,0
9.83,32,0.24,0.26,0.26,10.9,10.7,10.8,0,11.2,0.02,0.1,207.8,4.5,49,1,1,469,701,309,-1,310,9.7,43.0,304,32.3,31.7,0.3,3.5,1825.8,0,16.47,14.6,36.5,32.1,33.2,32.0,35.5,32.6,32.9,33.5,54.7,57.6,37,48,27.0,33.0,37,37,25,0,0,0,6,6,4,0,31,31,32,38,34,37,48,48,51,45.02,45.01,44.4,67,600,5.8,0,0,0
10.5,32,0.24,0.26,0.26,11.0,10.7,10.8,0,-1.8,0.1,0.1,208.0,5.9,54,1,1,499,702,370,0,378,10.4,46.8,345,32.8,32.9,0.3,3.5,2067.6,0,16.83,14.6,36.6,32.0,33.2,32.0,35.4,32.2,32.7,33.5,54.6,57.6,37,47,27.0,33.0,38,38,25,0,0,0,6,6,4,0,31,31,32,38,34,36,47,47,51,45.01,45.01,44.38,67,580,5.7,0,0,0
9.64,32,0.24,0.26,0.26,10.8,10.9,11.1,0,12.5,0.03,0.1,207.7,4.2,48,1,1,452,701,280,1,286,9.4,40.8,287,31.2,30.8,0.3,3.4,2024.2,0,16.77,14.6,36.6,32.1,33.3,32.1,35.6,32.5,33.1,33.6,54.7,57.5,38,48,27.0,33.0,36,36,25,0,0,0,6,6,4,0,31,31,32,38,34,37,48,48,51,45.01,45.01,44.4,67,590,5.8,0,0,0
10.9,32,0.24,0.26,0.26,11.1,11.1,11.1,0,4.6,0.11,0.15,207.8,5.5,50,1,1,518,701,407,-3,403,10.8,49.7,365,30.4,30.3,0.2,3.4,2067.6,0,16.83,14.6,36.5,32.0,33.1,32.0,35.4,32.5,32.7,33.4,54.6,57.6,37,47,27.0,32.9,36,36,25,0,0,0,6,6,4,0,31,31,32,38,34,37,47,47,51,45.02,45.01,44.4,67,600,5.7,0,0,0
10.56,32,0.24,0.26,0.26,10.9,11.1,11.3,0,-7.3,0.05,0.15,207.7,4.4,55,1,1,500,702,371,1,382,10.3,47.1,346,29.3,29.0,0.2,3.4,2067.6,0,16.83,14.6,36.5,32.0,33.1,32.0,35.4,32.3,32.7,33.5,54.7,57.7,37,47,27.0,32.9,35,35,25,0,0,0,6,6,4,0,31,31,32,38,34,37,47,47,51,45.01,45.01,44.4,67,600,5.8,0,0,0
10.55,32,0.24,0.26,0.26,10.9,10.8,10.9,0,-1.9,-0.02,0.03,207.6,5.1,54,1,1,496,701,370,0,376,10.3,48.7,344,29.3,28.7,0.2,3.4,2067.6,0,16.83,14.6,36.5,32.0,33.1,32.0,35.4,32.4,32.7,33.5,54.7,57.6,37,47,27.0,32.9,35,35,25,0,0,0,6,6,4,0,31,31,32,38,34,37,47,47,51,45.01,45.01,44.4,67,590,5.7,0,0,0
10.68,32,0.24,0.26,0.26,11.1,10.7,10.9,0,11.2,0.03,0.17,207.7,6.6,48,1,1,498,700,373,-1,372,10.5,49.1,346,30.2,31.1,0.2,3.4,2035.6,0,16.78,14.6,36.7,32.2,33.4,32.2,35.6,32.5,32.9,33.7,54.7,57.6,37,48,27.2,33.0,36,36,25,0,0,0,6,6,4,0,31,31,32,38,34,37,48,48,51,45.01,45.01,44.4,67,590,5.8,0,0,0
11.69,32,0.24,0.26,0.26,11.3,10.8,11.1,0,8.7,0.08,0.13,207.7,6.8,50,1,1,567,701,499,-1,498,11.5,58.2,418,32.3,31.8,0.3,3.5,2067.6,0,16.83,14.6,36.5,32.0,33.2,32.0,35.4,32.2,33.0,33.5,54.7,57.6,37,47,27.0,33.0,38,38,25,0,0,0,6,6,4,0,31,31,32,38,34,37,47,47,51,45.02,45.01,44.4,67,590,5.7,0,0,0
11.13,32,0.24,0.26,0.26,11.1,10.6,10.8,0,5.9,0.08,0.12,207.7,6.1,53,1,1,534,702,435,1,435,10.9,52.3,383,29.3,29.2,0.2,3.4,2067.6,0,16.83,14.6,36.5,31.9,33.0,32.0,35.3,32.4,32.6,33.4,54.7,57.6,37,47,27.0,32.9,35,35,25,0,0,0,6,6,4,0,31,31,32,38,33,37,47,47,51,45.01,45.01,44.4,67,600,5.8,0,0,0
10.51,32,0.24,0.26,0.26,10.9,10.9,11.2,0,21.2,0.03,0.14,208.0,4.9,43,1,1,494,701,362,1,363,10.3,48.1,339,30.1,29.1,0.2,3.4,2067.6,0,16.83,14.6,36.7,32.3,33.3,32.2,35.6,32.7,33.1,33.6,54.7,57.7,37,48,27.2,33.0,35,35,25,0,0,0,6,6,4,0,31,31,32,38,33,37,48,48,51,45.02,45.01,44.39,67,590,5.7,0,0,0
9.82,32,0.24,0.26,0.26,10.9,11.0,11.0,0,12.0,0.08,0.13,207.8,4.5,49,1,1,460,701,303,0,307,9.6,41.6,303,30.7,30.5,0.2,3.4,2067.6,0,16.83,14.6,36.7,32.1,33.3,32.1,35.5,32.2,32.9,33.5,54.7,57.6,38,48,27.1,33.0,36,36,25,0,0,0,6,6,4,0,31,31,32,38,34,37,48,48,51,45.01,45.01,44.4,67,590,5.7,0,0,0
10.58,32,0.24,0.26,0.26,11.1,10.9,11.0,0,8.0,0.01,0.08,208.0,4.6,51,1,1,494,701,373,-3,372,10.4,48.6,346,30.8,30.4,0.2,3.4,2067.6,0,16.83,14.6,36.7,32.2,33.3,32.1,35.5,32.7,33.0,33.5,54.6,57.5,37,48,27.2,33.0,36,36,25,0,0,0,6,6,4,0,31,31,32,38,34,37,48,48,51,45.02,45.01,44.4,67,600,5.8,0,0,0
9.83,32,0.24,0.26,0.26,10.8,11.0,11.3,0,15.0,0.03,0.11,207.7,4.2,49,1,1,469,701,306,0,312,9.7,43.0,304,33.3,33.4,0.3,3.4,2067.6,0,16.83,14.6,36.5,32.0,33.2,32.0,35.4,32.4,32.6,33.5,54.6,57.7,37,47,27.0,33.0,38,38,25,0,0,0,6,6,4,0,31,31,32,38,34,37,47,47,51,45.01,45.01,44.4,67,590,5.8,0,0,0
10.04,32,0.24,0.26,0.26,11.1,10.8,10.6,0,3.1,0.01,0.11,207.8,5.4,47,1,1,468,701,318,-1,323,9.9,42.3,311,30.0,29.9,0.2,3.4,1958.1,0,16.67,14.6,36.7,32.2,33.3,32.1,35.5,32.4,33.0,33.6,54.7,57.6,37,48,27.2,33.0,35,35,25,0,0,0,6,6,4,0,31,31,32,38,34,37,48,48,51,45.02,45.01,44.39,67,590,5.8,0,0,0
10.69,32,0.24,0.26,0.26,10.9,11.0,11.1,0,1.7,0.08,0.17,207.6,5.6,52,1,1,498,701,378,-2,377,10.4,48.4,348,28.8,28.3,0.2,3.4,2067.6,0,16.83,14.6,36.5,32.0,33.1,32.0,35.4,32.1,32.8,33.5,54.7,57.4,37,47,27.0,32.9,34,34,25,0,0,0,6,6,4,0,31,31,32,38,34,37,47,47,51,45.02,45.01,44.4,67,590,5.7,0,0,0
10.67,32,0.24,0.26,0.26,10.9,10.8,10.9,0,-2.9,-0.11,0.1,208.2,7.6,50,1,1,504,702,374,3,380,10.4,48.2,345,30.1,29.8,0.2,3.4,1958.1,0,16.67,14.6,36.7,32.2,33.3,32.1,35.6,32.5,33.1,33.6,54.7,57.5,37,48,27.2,33.0,35,35,25,0,0,0,6,6,4,0,31,31,32,38,33,37,48,48,51,45.01,45.01,44.39,68,600,5.8,0,0,0
10.36,32,0.24,0.26,0.26,10.9,10.7,10.9,0,0.4,0.05,0.13,207.8,4.9,53,1,1,490,701,356,0,355,10.2,46.5,335,33.0,32.8,0.3,3.5,2067.6,0,16.83,14.6,36.7,32.0,33.2,32.0,35.4,32.3,32.6,33.5,54.6,57.7,37,47,27.0,33.0,38,39,25,0,0,0,6,6,4,0,31,31,32,38,33,37,47,47,51,45.02,45.01,44.4,67,600,5.8,0,0,0
9.94,32,0.24,0.26,0.26,11.3,10.8,10.6,0,9.1,0.03,0.1,207.9,4.8,46,1,1,466,700,310,1,315,9.6,43.2,307,30.6,31.7,0.2,3.4,1745.1,0,16.35,14.6,36.6,32.0,33.2,32.0,35.4,32.4,32.7,33.5,54.6,57.6,37,47,27.0,32.9,36,36,25,0,0,0,6,6,4,0,31,31,32,38,34,37,47,47,51,45.02,45.01,44.4,67,590,5.8,0,0,0
9.67,32,0.24,0.26,0.26,10.8,10.8,10.8,0,2.8,0.1,0.08,207.9,4.6,48,1,1,454,701,283,0,287,9.4,41.3,288,31.7,31.7,0.3,3.4,1747.2,0,16.35,14.6,36.7,32.1,33.2,32.1,35.4,32.2,32.8,33.5,54.6,57.7,37,48,27.0,33.0,37,36,25,0,0,0,6,6,4,0,31,31,32,38,34,37,48,48,51,45.01,45.01,44.4,67,600,5.7,0,0,0
10.62,32,0.24,0.26,0.26,11.1,10.8,10.9,0,10.1,-0.02,0.04,207.7,5.1,50,1,1,496,701,373,1,364,10.4,48.3,346,28.0,28.5,0.2,3.4,2067.6,0,16.83,14.6,36.6,31.9,33.1,32.0,35.4,32.0,32.6,33.5,54.7,57.5,37,47,27.0,32.9,34,34,25,0,0,0,6,6,4,0,31,31,32,38,34,37,47,47,51,45.02,45.01,44.4,67,590,5.8,0,0,0
9.78,32,0.24,0.26,0.26,10.8,10.8,11.1,0,9.0,-0.02,0.1,207.9,4.6,48,1,1,453,700,291,1,298,9.6,41.7,295,31.8,31.4,0.3,3.5,1767.9,0,16.38,14.6,36.6,32.1,33.2,32.1,35.4,32.3,33.0,33.5,54.7,57.6,37,48,27.0,33.0,37,36,25,0,0,0,6,6,4,0,31,31,32,38,34,37,48,48,51,45.02,45.01,44.4,67,590,5.7,0,0,0
10.88,32,0.24,0.26,0.26,11.1,11.2,11.3,0,30.6,0.0,0.05,208.0,4.4,43,1,1,519,701,408,0,403,10.6,50.8,369,29.3,30.2,0.2,3.4,2067.6,0,16.83,14.6,36.7,32.2,33.3,32.2,35.6,32.5,32.9,33.6,54.6,57.6,37,48,27.2,33.0,36,36,25,0,0,0,6,6,4,0,31,31,32,38,34,37,48,48,51,45.02,45.01,44.39,68,600,5.8,0,0,0
10.97,32,0.24,0.26,0.26,11.0,11.1,11.0,0,2.8,-0.03,0.05,207.9,7.8,51,1,1,516,701,409,0,413,10.7,50.1,368,30.3,30.2,0.2,3.4,2067.6,0,16.83,14.6,36.5,32.0,33.1,32.0,35.4,32.5,32.7,33.4,54.6,57.6,37,47,27.0,32.9,36,36,25,0,0,0,6,6,4,0,31,31,32,38,33,37,47,47,51,45.02,45.01,44.4,67,590,5.7,0,0,0
10.21,32,0.24,0.26,0.26,11.0,10.9,11.0,0,2.3,0.12,0.16,207.8,6.6,51,1,1,481,701,329,-2,335,10.0,43.4,318,31.1,31.9,0.2,3.4,2067.6,0,16.83,14.6,36.7,32.3,33.4,32.2,35.7,32.6,33.2,33.7,54.7,57.7,37,48,27.2,33.0,36,36,25,0,0,0,6,6,4,0,31,31,32,38,34,37,48,48,51,45.02,45.01,44.4,67,590,5.8,0,0,0
11.56,32,0.24,0.26,0.26,11.1,10.6,10.9,0,7.5,0.03,0.1,207.8,6.0,51,1,1,561,700,485,0,490,11.2,57.5,411,30.6,30.4,0.2,3.4,2067.6,0,16.83,14.6,36.5,32.0,33.1,32.0,35.4,32.2,32.6,33.4,54.7,57.5,37,47,27.0,32.9,36,37,25,0,0,0,6,6,4,0,31,31,31,38,34,37,47,47,51,45.01,45.01,44.4,68,590,5.8,0,0,0
9.64,32,0.24,0.26,0.26,11.0,10.6,10.8,0,12.3,0.03,0.16,208.0,4.1,47,1,1,453,700,277,-1,281,9.5,41.2,285,31.3,31.1,0.3,3.4,1752.4,0,16.36,14.6,36.7,32.1,33.2,32.1,35.5,32.6,33.0,33.5,54.7,57.4,37,48,27.0,33.0,36,36,25,0,0,0,6,6,4,0,31,31,32,38,34,37,48,48,51,45.02,45.01,44.4,68,590,5.7,0,0,0
11.17,32,0.24,0.26,0.26,11.1,10.9,11.0,0,2.7,-0.09,0.05,208.1,6.9,49,1,1,538,701,443,-1,440,11.0,52.3,389,29.8,30.4,0.2,3.4,2067.6,0,16.83,14.6,36.7,32.2,33.4,32.2,35.6,32.6,33.1,33.6,54.7,57.6,37,48,27.2,33.0,36,36,25,0,0,0,6,6,4,0,31,31,32,38,34,37,48,48,51,45.02,45.01,44.4,67,590,5.8,0,0,0
10.56,32,0.24,0.26,0.26,10.9,10.8,10.9,0,4.7,0.02,0.06,207.7,6.2,52,1,1,496,701,366,0,365,10.2,47.8,340,28.0,28.8,0.2,3.4,2067.6,0,16.83,14.6,36.5,32.0,33.1,32.0,35.4,32.2,32.6,33.5,54.7,57.4,37,47,27.0,32.9,34,34,25,0,0,0,6,6,4,0,31,31,32,38,34,36,47,47,51,45.02,45.01,44.4,67,590,5.7,0,0,0
10.55,32,0.24,0.26,0.26,11.1,10.8,10.7,0,2.0,0.02,0.1,207.8,6.9,52,1,1,492,701,365,1,363,10.2,48.0,340,28.2,28.7,0.2,3.4,2067.6,0,16.83,14.6,36.5,32.0,33.1,32.0,35.4,32.2,32.6,33.5,54.7,57.3,37,47,27.0,32.9,34,34,25,0,0,0,6,6,4,0,31,31,32,38,34,37,47,47,51,45.02,45.01,44.39,67,590,5.8,0,0,0
9.85,32,0.24,0.26,0.26,10.8,10.9,11.1,0,12.9,0.1,0.09,207.8,4.8,46,1,1,464,700,306,1,304,9.6,41.5,304,31.1,32.1,0.2,3.4,1745.1,0,16.35,14.6,36.6,32.0,33.2,32.0,35.4,32.5,32.7,33.4,54.7,57.5,38,47,27.0,32.9,36,36,25,0,0,0,6,6,4,0,31,31,32,38,34,37,47,47,51,45.02,45.01,44.4,67,600,5.8,0,0,0
9.62,32,0.24,0.26,0.26,10.9,10.8,11.3,0,5.8,0.02,0.1,207.8,4.3,48,1,1,452,702,274,2,278,9.3,40.0,281,31.5,31.2,0.3,3.4,1752.4,0,16.36,14.6,36.6,32.2,33.2,32.1,35.5,32.6,32.9,33.5,54.7,57.5,37,48,27.0,33.0,36,36,25,0,0,0,6,6,4,0,31,31,32,38,34,37,48,48,51,45.01,45.01,44.4,67,590,5.7,0,0,0
11.27,32,0.24,0.26,0.26,11.1,11.2,11.2,0,9.2,0.1,0.16,207.6,5.6,52,1,1,537,701,444,-2,455,11.0,52.7,388,29.3,29.4,0.2,3.4,2067.6,0,16.83,14.6,36.5,31.9,33.0,32.0,35.3,32.4,32.6,33.5,54.7,57.6,37,47,27.0,32.9,35,35,25,0,0,0,6,6,4,0,31,31,32,38,34,37,47,47,51,45.01,45.01,44.39,67,590,5.7,0,0,0
11.04,32,0.24,0.26,0.26,11.3,10.7,10.9,0,-0.2,0.01,0.07,207.9,7.5,50,1,1,515,701,411,-1,415,10.7,51.2,368,32.6,32.1,0.3,3.5,2067.6,0,16.83,14.6,36.6,32.0,33.2,32.0,35.4,32.3,32.8,33.5,54.7,57.6,37,48,27.0,33.0,37,37,25,0,0,0,6,6,4,0,31,31,32,38,34,37,48,48,51,45.02,45.01,44.4,67,600,5.8,0,0,0
10.03,32,0.24,0.26,0.26,10.9,10.9,10.8,0,3.3,-0.07,0.05,207.8,4.7,48,1,1,468,701,315,1,325,9.8,44.2,307,30.3,31.1,0.2,3.4,1934.3,0,16.63,14.6,36.6,32.0,33.2,32.0,35.4,32.2,32.8,33.5,54.7,57.6,37,47,27.0,32.9,36,36,25,0,0,0,6,6,4,0,31,31,32,38,33,37,47,47,51,45.02,45.01,44.4,67,600,5.8,0,0,0
11.7,32,0.24,0.26,0.26,11.1,11.3,11.1,0,3.3,-0.02,0.1,207.9,5.5,51,1,1,569,702,502,0,506,11.5,58.1,422,32.6,32.0,0.3,3.5,2067.6,0,16.83,14.6,36.5,32.0,33.2,32.0,35.4,32.3,33.0,33.5,54.7,57.7,38,48,27.0,33.0,38,39,25,0,0,0,6,6,4,0,31,31,32,38,34,37,48,48,51,45.02,45.01,44.4,67,600,5.7,0,0,0
10.56,32,0.24,0.26,0.26,10.9,10.8,11.0,0,3.5,0.02,0.05,207.9,5.5,53,1,1,500,701,376,-2,373,10.4,47.7,347,33.1,32.8,0.3,3.5,2067.6,0,16.83,14.6,36.6,32.0,33.2,32.0,35.4,32.2,32.7,33.5,54.6,57.6,37,47,27.0,33.0,38,38,25,0,0,0,6,6,4,0,31,31,32,38,34,37,47,47,51,45.01,45.01,44.38,67,590,5.7,0,0,0
10.69,32,0.24,0.26,0.26,11.1,11.1,10.8,0,-1.0,0.03,0.08,207.9,6.4,51,1,1,502,701,386,-2,387,10.5,49.1,355,30.2,30.0,0.2,3.4,1958.1,0,16.67,14.6,36.7,32.2,33.3,32.1,35.6,32.5,33.1,33.6,54.7,57.5,38,48,27.2,33.0,36,36,25,0,0,0,6,6,4,0,31,31,32,38,34,37,48,48,51,45.01,45.01,44.4,67,590,5.8,0,0,0
11.09,32,0.24,0.26,0.26,11.0,11.1,10.9,0,-1.1,0.03,0.14,207.6,6.1,52,1,1,524,701,424,-2,427,10.9,50.9,377,30.3,30.0,0.2,3.4,2067.6,0,16.83,14.6,36.5,32.0,33.1,32.0,35.4,32.4,32.7,33.4,54.7,57.5,37,47,27.0,32.9,36,36,25,0,0,0,6,6,4,0,31,31,32,38,34,37,47,47,51,45.01,45.01,44.4,68,580,5.8,0,0,0
10.56,32,0.24,0.26,0.26,11.2,10.8,10.8,0,7.6,0.03,0.12,207.8,5.7,48,1,1,493,701,369,0,368,10.3,48.5,344,32.6,31.9,0.3,3.5,2067.6,0,16.83,14.6,36.6,32.0,33.2,32.0,35.4,32.3,32.8,33.5,54.7,57.4,37,48,27.0,33.0,37,37,25,0,0,0,6,6,4,0,31,31,32,38,34,37,48,48,51,45.02,45.01,44.39,67,590,5.8,0,0,0
10.37,32,0.24,0.26,0.26,10.9,10.6,10.9,0,9.1,0.01,0.08,207.7,4.8,47,1,1,489,702,353,-1,353,10.2,45.8,334,32.2,32.1,0.3,3.5,2067.6,0,16.83,14.6,36.6,32.0,33.2,32.0,35.4,32.4,32.8,33.5,54.7,57.5,38,48,27.0,33.0,37,37,25,0,0,0,6,6,4,0,31,31,32,38,34,37,48,48,51,45.01,45.01,44.39,67,590,5.8,0,0,0
9.84,32,0.24,0.26,0.26,11.1,10.8,10.8,0,15.0,0.01,0.1,207.6,4.7,47,1,1,458,700,297,-2,302,9.5,42.3,298,31.7,33.1,0.2,3.4,2067.6,0,16.83,14.6,36.5,32.1,33.2,32.0,35.4,32.6,33.0,33.4,54.6,57.6,37,47,27.0,33.0,38,38,25,0,0,0,6,6,4,0,31,31,32,38,34,37,47,47,51,45.01,45.01,44.4,67,600,5.8,0,0,0
10.5,32,0.24,0.26,0.26,10.9,10.9,11.1,0,10.2,0.05,0.1,208.0,5.4,47,1,1,495,701,363,1,363,10.3,46.1,340,32.2,32.0,0.3,3.5,2067.6,0,16.83,14.6,36.6,32.0,33.2,32.0,35.4,32.3,32.8,33.5,54.7,57.4,37,48,27.0,33.0,37,37,25,0,0,0,6,6,4,0,31,31,32,38,33,37,48,48,51,45.02,45.01,44.4,67,600,5.8,0,0,0
10.37,32,0.24,0.26,0.26,10.8,10.7,10.8,0,-0.2,0.01,0.13,207.8,6.1,48,1,1,485,702,344,0,343,10.1,45.5,327,30.2,29.9,0.2,3.4,1958.1,0,16.67,14.6,36.7,32.2,33.3,32.1,35.6,32.4,32.9,33.6,54.7,57.5,37,48,27.2,33.0,35,35,25,0,0,0,6,6,4,0,31,31,32,38,34,37,48,48,51,45.01,45.01,44.39,68,590,5.8,0,0,0
10.48,32,0.24,0.26,0.26,11.0,10.8,11.0,0,0.6,-0.02,0.1,207.7,5.3,49,1,1,486,701,355,0,355,10.2,47.0,333,30.2,29.8,0.2,3.4,1958.1,0,16.67,14.6,36.7,32.2,33.3,32.1,35.6,32.5,33.0,33.6,54.7,57.4,38,48,27.2,33.0,35,35,25,0,0,0,6,6,4,0,31,31,32,38,34,37,48,48,51,45.01,45.01,44.39,67,590,5.8,0,0,0
10.14,32,0.24,0.26,0.26,10.9,10.9,11.1,0,16.2,0.06,0.14,207.8,4.7,47,1,1,480,701,334,-3,335,9.9,44.2,321,32.1,31.9,0.3,3.5,1825.8,0,16.47,14.6,36.6,32.1,33.2,32.0,35.4,32.5,32.8,33.5,54.6,57.5,38,48,27.0,33.0,37,37,25,0,0,0,6,6,4,0,31,31,32,38,34,37,48,48,51,45.02,45.01,44.39,68,590,5.7,0,0,0
10.76,32,0.24,0.26,0.26,11.2,10.6,10.9,0,-0.3,0.11,0.1,207.6,5.5,52,1,1,509,702,392,-2,390,10.5,51.1,358,30.3,30.3,0.2,3.4,2067.6,0,16.83,14.6,36.7,32.2,33.3,32.1,35.6,32.6,33.0,33.6,54.7,57.5,38,48,27.2,33.0,36,36,25,0,0,0,6,6,4,0,31,31,32,38,34,36,48,48,51,45.02,45.01,44.39,67,590,5.8,0,0,0
11.09,32,0.24,0.26,0.26,11.1,10.9,10.9,0,4.6,0.02,0.12,207.7,5.1,51,1,1,532,701,437,-3,436,10.8,52.7,386,30.1,29.9,0.2,3.4,2067.6,0,16.83,14.6,36.4,32.0,33.1,32.0,35.4,32.6,32.8,33.4,54.7,57.6,37,47,27.0,32.9,36,36,25,0,0,0,6,6,4,0,31,31,31,38,34,37,47,47,51,45.01,45.01,44.4,67,590,5.8,0,0,0
11.36,32,0.24,0.26,0.26,11.1,10.8,11.0,0,7.2,-0.01,0.09,207.7,5.5,51,1,1,545,701,468,-2,471,11.1,54.5,403,29.6,29.5,0.2,3.4,2067.6,0,16.83,14.6,36.5,31.9,33.0,32.0,35.3,32.1,32.5,33.5,54.7,57.5,37,47,27.0,32.9,35,35,25,0,0,0,6,6,4,0,31,31,32,38,34,37,47,47,51,45.01,45.01,44.4,67,590,5.7,0,0,0
10.45,32,0.24,0.26,0.26,11.0,11.1,11.0,0,9.3,0.03,0.1,207.8,4.5,47,1,1,484,700,359,1,361,10.3,47.1,338,32.3,31.7,0.3,3.5,2067.6,0,16.83,14.6,36.6,32.0,33.2,32.0,35.4,32.4,32.8,33.5,54.7,57.5,37,48,27.0,33.0,37,37,25,0,0,0,6,6,4,0,31,31,32,38,34,36,48,48,51,45.02,45.01,44.39,67,600,5.8,0,0,0
11.18,32,0.24,0.26,0.26,11.0,11.1,10.9,0,5.8,0.07,0.18,208.0,5.9,50,1,1,537,701,447,-1,439,11.0,53.1,388,29.9,29.8,0.2,3.4,2067.6,0,16.83,14.6,36.5,32.0,33.1,32.0,35.4,32.3,32.8,33.4,54.7,57.6,37,47,27.0,32.9,36,36,25,0,0,0,6,6,4,0,31,31,31,38,34,37,47,47,51,45.01,45.01,44.4,68,590,5.8,0,0,0
9.63,32,0.24,0.26,0.26,10.8,10.9,10.8,0,12.2,0.03,0.1,208.0,4.5,48,1,1,451,701,278,0,275,9.5,39.0,284,31.3,30.8,0.3,3.4,2024.2,0,16.77,14.6,36.6,32.1,33.3,32.1,35.5,32.5,33.1,33.6,54.7,57.5,37,48,27.0,33.0,36,36,25,0,0,0,6,6,4,0,31,31,32,38,34,37,48,48,51,45.01,45.01,44.4,68,580,5.8,0,0,0
11.61,32,0.24,0.26,0.26,11.2,10.8,11.1,0,8.4,0.07,0.09,207.8,6.3,50,1,1,574,701,502,-2,506,11.4,58.7,421,32.4,32.2,0.3,3.5,2067.6,0,16.83,14.6,36.5,32.0,33.2,32.0,35.4,32.2,33.0,33.5,54.6,57.6,37,47,27.0,33.0,38,38,25,0,0,0,6,6,4,0,31,31,32,38,34,37,47,47,51,45.02,45.01,44.4,67,590,5.7,0,0,0
10.02,32,0.24,0.26,0.26,11.1,10.8,10.7,0,13.9,0.05,0.08,208.0,5.2,48,1,1,467,700,320,-1,323,9.8,42.8,314,32.0,31.6,0.3,3.5,1825.8,0,16.47,14.6,36.6,32.1,33.2,32.0,35.5,32.5,32.9,33.5,54.7,57.7,37,48,27.0,33.0,37,37,25,0,0,0,6,6,4,0,31,31,32,38,34,37,48,48,51,45.01,45.01,44.39,67,590,5.8,0,0,0
9.82,32,0.24,0.26,0.26,10.9,11.0,11.3,0,-0.8,0.04,0.14,208.0,4.0,51,1,1,459,701,299,-1,292,9.5,41.4,297,32.1,31.7,0.3,3.4,1767.9,0,16.38,14.6,36.5,32.1,33.2,32.0,35.5,32.6,32.9,33.5,54.7,57.6,37,48,27.0,33.0,37,37,25,0,0,0,6,6,4,0,31,31,32,38,34,36,48,48,51,45.01,45.01,44.39,67,590,5.8,0,0,0
10.66,32,0.24,0.26,0.26,10.9,11.2,11.2,0,7.5,0.09,0.16,207.7,3.8,52,1,1,503,701,382,-1,378,10.4,47.9,351,33.1,32.8,0.3,3.5,2067.6,0,16.83,14.6,36.6,32.0,33.2,32.0,35.4,32.3,32.7,33.5,54.6,57.6,36,47,27.0,33.0,38,39,25,0,0,0,6,6,4,0,31,31,32,38,34,37,47,47,51,45.02,45.01,44.4,68,590,5.7,0,0,0
9.72,32,0.24,0.26,0.26,11.3,10.6,10.8,0,12.2,0.02,0.1,208.0,5.3,48,1,1,454,701,281,0,288,9.4,39.1,287,31.3,30.8,0.3,3.4,2024.2,0,16.77,14.6,36.6,32.2,33.3,32.1,35.5,32.6,33.2,33.6,54.7,57.4,37,48,27.0,33.0,36,36,25,0,0,0,6,6,4,0,31,31,32,38,34,37,48,48,51,45.01,45.01,44.4,67,600,5.8,0,0,0
11.29,32,0.24,0.26,0.26,11.2,10.8,11.0,0,10.0,0.14,0.18,207.6,4.7,50,1,1,536,700,449,1,444,11.1,55.6,391,29.6,29.3,0.2,3.4,2067.6,0,16.83,14.6,36.5,31.9,33.1,32.0,35.3,32.1,32.6,33.4,54.7,57.6,37,47,27.0,32.9,35,36,25,0,0,0,6,6,4,0,31,31,31,38,34,36,47,47,51,45.02,45.01,44.4,67,590,5.8,0,0,0
10.04,32,0.24,0.26,0.26,10.9,10.9,11.1,0,10.1,0.06,0.12,207.8,3.9,50,1,1,470,701,319,1,324,9.9,42.9,313,30.8,30.6,0.2,3.4,2067.6,0,16.83,14.6,36.7,32.1,33.3,32.1,35.5,32.2,32.8,33.6,54.7,57.4,37,48,27.1,33.0,36,36,25,0,0,0,6,6,4,0,31,31,32,38,34,37,48,48,51,45.01,45.01,44.39,68,600,5.8,0,0,0
9.62,32,0.24,0.26,0.26,11.0,10.7,10.7,0,8.2,0.03,0.1,207.8,5.1,48,1,1,450,700,278,-2,273,9.4,39.5,286,31.5,31.1,0.3,3.4,1752.4,0,16.36,14.6,36.7,32.1,33.2,32.1,35.5,32.5,32.9,33.5,54.7,57.6,37,48,27.0,33.0,36,36,25,0,0,0,6,6,4,0,31,31,32,38,35,36,48,48,51,45.02,45.01,44.39,67,580,5.8,0,0,0
10.7,32,0.24,0.26,0.26,11.0,10.7,10.8,0,6.1,0.1,0.14,207.6,5.7,52,1,1,506,701,386,-2,393,10.4,49.6,354,29.4,29.0,0.2,3.4,2067.6,0,16.83,14.6,36.5,32.0,33.1,32.0,35.4,32.4,32.6,33.5,54.7,57.6,36,47,27.0,32.9,35,35,25,0,0,0,6,6,4,0,31,31,32,38,34,37,47,47,51,45.01,45.01,44.4,67,600,5.8,0,0,0
10.97,32,0.24,0.26,0.26,11.0,10.8,10.8,0,-3.8,0.03,0.08,207.9,7.3,52,1,1,521,701,418,-2,422,10.8,51.9,372,30.5,30.2,0.2,3.4,2067.6,0,16.83,14.6,36.5,32.0,33.1,32.0,35.4,32.4,32.7,33.4,54.7,57.5,37,47,27.0,32.9,36,36,25,0,0,0,6,6,4,0,31,31,32,38,34,36,47,47,51,45.01,45.01,44.4,67,590,5.8,0,0,0
10.15,32,0.24,0.26,0.26,10.8,10.8,10.9,0,16.4,0.03,0.1,207.9,5.7,47,1,1,473,700,326,1,328,10.0,44.0,316,32.3,31.8,0.3,3.5,1825.8,0,16.47,14.6,36.6,32.1,33.2,32.0,35.4,32.4,32.9,33.5,54.7,57.5,36,48,27.0,33.0,37,37,25,0,0,0,6,6,4,0,31,31,32,38,34,37,48,48,51,45.02,45.01,44.39,67,580,5.7,0,0,0
10.98,32,0.24,0.26,0.26,11.1,10.6,10.9,0,9.2,0.17,0.19,207.8,6.2,48,1,1,514,700,416,-2,412,10.8,52.3,371,30.2,30.8,0.2,3.4,2067.6,0,16.83,14.6,36.7,32.2,33.4,32.2,35.6,32.5,33.0,33.7,54.7,57.5,38,48,27.2,33.0,36,36,25,0,0,0,6,6,4,0,31,31,32,38,34,37,48,48,51,45.02,45.01,44.39,67,600,5.7,0,0,0
10.34,32,0.24,0.26,0.26,10.9,10.9,10.8,0,5.7,0.05,0.15,207.8,4.4,46,1,1,484,700,346,-1,344,10.1,47.0,329,28.6,29.4,0.2,3.4,2067.6,0,16.83,14.6,36.7,32.2,33.3,32.2,35.6,32.4,33.0,33.6,54.6,57.4,37,48,27.2,33.0,35,35,25,0,0,0,6,6,4,0,31,31,32,38,34,37,48,48,51,45.02,45.01,44.39,68,590,5.8,0,0,0
11.07,32,0.24,0.26,0.26,11.0,10.8,10.9,0,0.3,0.03,0.1,207.8,6.6,50,1,1,530,701,432,-2,427,10.9,53.3,378,32.2,31.7,0.3,3.5,2067.6,0,16.83,14.6,36.6,32.0,33.2,32.0,35.4,32.3,32.8,33.5,54.7,57.5,37,48,27.0,33.0,38,37,25,0,0,0,6,6,4,0,31,31,32,38,34,37,48,48,51,45.01,45.01,44.4,67,600,5.8,0,0,0
10.26,32,0.24,0.26,0.26,11.1,10.9,10.8,0,10.3,0.11,0.1,207.8,4.9,48,1,1,484,701,341,1,349,10.0,44.3,327,32.1,31.6,0.3,3.5,1825.8,0,16.47,14.6,36.5,32.1,33.2,32.0,35.4,32.5,32.9,33.5,54.6,57.6,37,48,27.0,33.0,37,37,25,0,0,0,6,6,4,0,31,31,32,38,34,37,48,48,51,45.02,45.01,44.39,67,600,5.8,0,0,0
9.64,32,0.24,0.26,0.26,11.0,10.7,10.7,0,11.2,0.07,0.09,208.0,4.2,48,1,1,451,701,283,2,280,9.4,39.4,288,31.6,31.3,0.3,3.4,1747.2,0,16.35,14.6,36.7,32.1,33.2,32.1,35.4,32.3,32.6,33.5,54.7,57.6,38,48,27.0,33.0,36,36,25,0,0,0,6,6,4,0,31,31,32,38,33,37,48,48,51,45.01,45.01,44.4,67,600,5.7,0,0,0
10.41,32,0.24,0.26,0.26,11.1,10.9,10.8,0,8.4,0.03,0.13,208.0,4.4,46,1,1,488,700,357,0,360,10.3,46.1,337,28.7,29.6,0.2,3.4,2067.6,0,16.83,14.6,36.7,32.2,33.3,32.2,35.6,32.5,33.0,33.6,54.6,57.6,37,48,27.2,33.0,35,35,25,0,0,0,6,6,4,0,31,31,32,38,34,37,48,48,51,45.01,45.01,44.4,67,590,5.7,0,0,0
9.93,32,0.24,0.26,0.26,10.9,10.9,11.3,0,8.1,0.09,0.12,207.7,4.0,49,1,1,467,701,312,-2,311,9.7,42.5,307,31.9,31.7,0.3,3.5,1825.8,0,16.47,14.6,36.5,32.1,33.2,32.0,35.5,32.5,32.9,33.5,54.7,57.5,37,48,27.0,33.0,37,37,25,0,0,0,6,6,4,0,31,31,32,38,33,37,48,48,51,45.01,45.01,44.4,67,600,5.8,0,0,0
10.11,32,0.24,0.26,0.26,11.1,10.9,11.0,0,3.0,0.11,0.15,207.7,5.5,48,1,1,472,701,323,0,328,9.8,43.0,315,30.1,30.6,0.2,3.4,1934.3,0,16.63,14.6,36.6,32.0,33.2,32.0,35.4,32.2,32.9,33.5,54.6,57.7,37,47,27.0,32.9,36,36,25,0,0,0,6,6,4,0,31,31,32,38,34,36,47,47,51,45.01,45.01,44.4,67,590,5.8,0,0,0
11.31,32,0.24,0.26,0.26,11.0,10.7,10.8,0,4.1,0.02,0.0,207.8,6.5,52,1,1,546,701,461,0,461,11.1,54.6,399,29.5,29.3,0.2,3.4,2067.6,0,16.83,14.6,36.5,31.9,33.0,32.0,35.3,32.1,32.5,33.4,54.6,57.6,37,47,27.0,32.9,35,35,25,0,0,0,6,6,4,0,31,31,32,38,34,37,47,47,51,45.02,45.01,44.4,67,600,5.8,0,0,0
10.55,32,0.24,0.26,0.26,10.9,11.0,11.0,0,9.9,0.1,0.15,207.6,6.5,51,1,1,496,701,370,3,370,10.4,46.9,345,28.2,28.8,0.2,3.4,2067.6,0,16.83,14.6,36.5,32.0,33.1,32.0,35.4,32.1,32.6,33.5,54.7,57.5,37,47,27.0,32.9,34,34,25,0,0,0,6,6,4,0,31,31,32,38,34,37,47,47,51,45.02,45.01,44.4,66,600,5.7,0,0,0
10.04,32,0.24,0.26,0.26,10.9,10.8,10.9,0,1.5,0.05,0.1,207.7,4.9,50,1,1,468,700,318,-1,317,9.8,43.5,312,30.1,30.7,0.2,3.4,1934.3,0,16.63,14.6,36.5,32.0,33.2,32.0,35.4,32.3,32.8,33.5,54.7,57.7,37,47,27.0,32.9,36,35,25,0,0,0,6,6,4,0,31,31,32,38,34,37,47,47,51,45.02,45.01,44.39,67,590,5.7,0,0,0
10.45,32,0.24,0.26,0.26,10.9,10.8,10.9,0,2.5,-0.01,0.1,207.7,6.5,52,1,1,483,700,352,1,353,10.3,47.4,333,28.3,29.4,0.2,3.3,2067.6,0,16.83,14.6,36.5,32.0,33.1,32.0,35.4,32.3,32.7,33.5,54.7,57.4,38,47,27.0,32.9,34,34,25,0,0,0,6,6,4,0,31,31,32,38,33,36,47,47,51,45.02,45.01,44.4,67,600,5.7,0,0,0
10.56,32,0.24,0.26,0.26,10.9,11.0,10.9,0,7.3,-0.02,0.05,207.6,5.8,53,1,1,498,701,372,-2,374,10.4,47.0,344,29.2,28.8,0.2,3.4,2067.6,0,16.83,14.6,36.5,32.0,33.1,32.0,35.3,32.3,32.6,33.5,54.7,57.6,37,47,27.0,32.9,35,35,25,0,0,0,6,6,4,0,31,31,32,38,34,36,47,47,51,45.01,45.01,44.39,68,590,5.7,0,0,0
9.63,32,0.24,0.26,0.26,11.1,10.6,10.7,0,5.1,0.07,0.1,207.8,4.4,48,1,1,455,701,285,1,287,9.4,41.5,289,31.8,31.4,0.3,3.4,1747.2,0,16.35,14.6,36.7,32.1,33.2,32.1,35.4,32.2,32.7,33.5,54.7,57.6,38,48,27.0,33.0,37,36,25,0,0,0,6,6,4,0,31,31,32,38,34,37,48,48,51,45.01,45.01,44.4,68,590,5.8,0,0,0
9.74,32,0.24,0.26,0.26,10.9,10.8,11.1,0,11.3,0.03,0.1,207.7,4.7,47,1,1,456,701,291,2,286,9.5,40.9,294,32.0,31.7,0.3,3.5,1767.9,0,16.38,14.6,36.6,32.1,33.2,32.1,35.5,32.4,33.0,33.5,54.7,57.7,37,48,27.0,33.0,37,36,25,0,0,0,6,6,4,0,31,31,32,38,34,37,48,48,51,45.01,45.01,44.39,67,590,5.8,0,0,0
9.85,32,0.24,0.26,0.26,10.9,10.9,11.3,0,14.1,0.02,0.08,207.9,4.5,46,1,1,461,701,298,0,290,9.5,40.8,297,31.1,32.4,0.2,3.4,1745.1,0,16.35,14.6,36.6,32.1,33.1,32.0,35.4,32.5,32.9,33.4,54.7,57.6,37,47,27.0,33.0,37,37,25,0,0,0,6,6,4,0,31,31,32,38,34,37,47,47,51,45.01,45.01,44.39,67,590,5.7,0,0,0
10.36,32,0.24,0.26,0.26,10.9,10.8,10.9,0,-1.2,0.08,0.15,207.8,6.2,49,1,1,488,701,350,0,347,10.2,47.1,331,30.3,30.3,0.2,3.4,1958.1,0,16.67,14.6,36.7,32.2,33.3,32.1,35.6,32.4,33.0,33.6,54.7,57.5,38,48,27.2,33.0,35,35,25,0,0,0,6,6,4,0,31,31,32,38,34,36,48,48,51,45.01,45.01,44.39,67,590,5.8,0,0,0
9.67,32,0.24,0.26,0.26,10.9,10.8,11.2,0,8.9,0.0,0.14,207.9,4.9,48,1,1,457,702,286,-2,283,9.6,39.7,289,31.5,31.0,0.3,3.4,2024.2,0,16.77,14.6,36.7,32.1,33.2,32.1,35.5,32.6,33.1,33.5,54.7,57.6,38,48,27.0,33.0,36,36,25,0,0,0,6,6,4,0,31,31,32,38,34,37,48,48,51,45.02,45.01,44.4,68,590,5.7,0,0,0
10.33,32,0.24,0.26,0.26,11.1,10.8,10.8,0,10.2,0.06,0.13,208.0,5.8,46,1,1,483,700,342,0,347,10.1,46.4,325,28.9,28.7,0.2,3.4,2067.6,0,16.83,14.6,36.7,32.2,33.3,32.2,35.6,32.5,33.0,33.6,54.7,57.7,37,48,27.2,33.0,34,34,25,0,0,0,6,6,4,0,31,31,32,38,34,37,48,48,51,45.01,45.01,44.39,68,590,5.8,0,0,0
10.71,32,0.24,0.26,0.26,11.1,10.8,10.9,0,-1.0,0.09,0.1,207.9,5.6,52,1,1,499,700,392,1,400,10.6,51.2,359,32.7,32.6,0.3,3.5,2067.6,0,16.83,14.6,36.6,32.0,33.2,32.0,35.4,32.3,32.8,33.4,54.6,57.5,38,47,27.0,33.0,39,39,25,0,0,0,6,6,4,0,31,31,32,38,33,37,47,47,51,45.01,45.01,44.38,68,600,5.7,0,0,0
10.93,32,0.24,0.26,0.26,11.2,10.7,11.0,0,10.6,-0.02,0.06,207.9,5.9,48,1,1,517,700,410,-1,407,10.7,51.6,367,30.0,30.5,0.2,3.4,2067.6,0,16.83,14.6,36.7,32.2,33.4,32.2,35.6,32.4,33.0,33.7,54.7,57.5,38,48,27.2,33.0,36,36,25,0,0,0,6,6,4,0,31,31,32,38,34,37,48,48,51,45.02,45.01,44.39,68,590,5.7,0,0,0
9.64,32,0.24,0.26,0.26,11.0,10.7,10.7,0,5.9,0.03,0.1,207.8,4.6,49,1,1,451,701,279,-1,283,9.4,40.2,284,31.4,31.2,0.3,3.4,1752.4,0,16.36,14.6,36.7,32.1,33.2,32.1,35.5,32.6,32.9,33.5,54.7,57.5,38,48,27.0,33.0,36,36,25,0,0,0,6,6,4,0,31,31,32,38,34,37,48,48,51,45.02,45.01,44.39,67,590,5.8,0,0,0
9.62,32,0.24,0.26,0.26,10.9,10.7,10.6,0,10.0,0.01,0.09,208.0,4.1,47,1,1,458,701,287,-2,289,9.4,39.4,291,31.6,31.4,0.3,3.4,1747.2,0,16.35,14.6,36.7,32.1,33.2,32.1,35.4,32.2,32.7,33.5,54.7,57.5,37,48,27.0,33.0,37,36,25,0,0,0,6,6,4,0,31,31,32,38,34,37,48,48,51,45.01,45.01,44.39,67,590,5.8,0,0,0
10.54,32,0.24,0.26,0.26,10.9,10.6,10.9,0,1.7,0.02,0.13,208.0,6.1,49,1,1,503,702,377,-1,377,10.5,48.0,346,32.2,31.9,0.3,3.5,2067.6,0,16.83,14.6,36.6,32.0,33.2,32.0,35.4,32.3,32.7,33.5,54.7,57.5,37,48,27.0,33.0,37,37,25,0,0,0,6,6,4,0,31,31,32,38,34,37,48,48,51,45.01,45.01,44.39,68,590,5.7,0,0,0
10.46,32,0.24,0.26,0.26,11.0,10.8,10.9,0,6.6,-0.04,0.13,207.8,3.9,46,1,1,491,700,358,0,362,10.2,48.1,337,29.0,29.8,0.2,3.4,2067.6,0,16.83,14.6,36.7,32.2,33.3,32.2,35.6,32.5,32.9,33.6,54.6,57.6,37,48,27.2,33.0,35,35,25,0,0,0,6,6,4,0,31,31,32,38,33,37,48,48,51,45.02,45.01,44.39,67,590,5.8,0,0,0
11.18,32,0.24,0.26,0.26,11.1,10.6,10.9,0,9.6,-0.02,0.01,207.8,5.7,51,1,1,539,700,455,-3,468,11.1,56.0,395,29.7,29.3,0.2,3.4,2067.6,0,16.83,14.6,36.5,31.9,33.1,32.0,35.3,32.1,32.6,33.4,54.7,57.5,37,47,27.0,32.9,35,36,25,0,0,0,6,6,4,0,31,31,31,38,34,37,47,47,51,45.01,45.01,44.4,68,580,5.8,0,0,0
11.19,32,0.24,0.26,0.26,11.1,10.9,11.1,0,1.8,0.03,0.1,207.6,9.0,51,1,1,540,701,451,-1,447,11.0,53.1,393,29.9,29.5,0.2,3.4,2067.6,0,16.83,14.6,36.5,32.0,33.1,32.0,35.4,32.4,32.9,33.4,54.7,57.6,37,47,27.0,32.9,36,36,25,0,0,0,6,6,4,0,31,31,31,38,34,37,47,47,51,45.02,45.01,44.4,67,590,5.8,0,0,0
9.84,32,0.24,0.26,0.26,10.9,10.8,10.9,0,14.3,0.03,0.14,207.7,4.9,46,1,1,463,701,299,1,305,9.6,42.7,299,31.1,32.3,0.2,3.4,1745.1,0,16.35,14.6,36.6,32.1,33.2,32.0,35.4,32.5,32.9,33.4,54.7,57.7,38,47,27.0,33.0,37,37,25,0,0,0,6,6,4,0,31,31,32,38,34,37,47,47,51,45.01,45.01,44.4,66,590,5.7,0,0,0
11.38,32,0.24,0.26,0.26,11.1,10.8,11.1,0,8.5,0.12,0.1,207.8,5.0,49,1,1,555,701,478,0,485,11.2,56.3,410,32.7,32.5,0.3,3.5,2067.6,0,16.83,14.6,36.5,32.0,33.2,32.0,35.4,32.3,32.8,33.5,54.6,57.6,37,48,27.0,33.0,38,39,0,0,0,0,6,6,4,0,31,31,32,38,34,37,48,48,51,45.02,45.01,44.4,67,590,5.7,0,0,0
9.59,32,0.24,0.26,0.26,10.9,10.8,10.9,0,7.6,0.03,0.14,207.8,4.5,48,1,1,451,701,276,-1,280,9.3,38.4,285,31.7,31.5,0.3,3.4,1752.4,0,16.36,14.6,36.6,32.1,33.2,32.1,35.5,32.6,32.9,33.5,54.7,57.6,37,48,27.0,33.0,36,36,25,0,0,0,6,6,4,0,31,31,32,38,34,37,48,48,51,45.01,45.01,44.39,67,590,5.8,0,0,0
10.36,32,0.24,0.26,0.26,10.9,10.8,10.8,0,8.9,0.03,0.1,207.8,6.3,51,1,1,489,702,346,0,339,10.1,45.7,327,28.6,29.3,0.2,3.3,2067.6,0,16.83,14.6,36.5,32.0,33.1,32.0,35.4,32.4,32.9,33.5,54.6,57.2,37,47,27.0,32.9,34,34,25,0,0,0,6,6,4,0,31,31,32,38,34,36,47,47,51,45.02,45.01,44.4,67,590,5.8,0,0,0
10.16,32,0.24,0.26,0.26,10.9,11.0,11.1,0,2.1,0.05,0.1,208.2,4.6,51,1,1,476,700,327,0,331,9.9,43.4,316,30.8,32.2,0.2,3.4,2067.6,0,16.83,14.6,36.7,32.3,33.4,32.2,35.7,32.6,33.2,33.7,54.7,57.6,37,48,27.2,33.0,36,36,25,0,0,0,6,6,4,0,31,31,32,38,34,37,48,48,51,45.02,45.01,44.39,67,590,5.8,0,0,0
11.28,32,0.24,0.26,0.26,11.1,10.6,11.0,0,6.7,0.05,0.1,207.6,6.7,50,1,1,539,701,449,-2,443,11.0,53.5,391,29.8,29.5,0.2,3.4,2067.6,0,16.83,14.6,36.5,32.0,33.1,32.0,35.3,32.3,32.8,33.4,54.7,57.5,37,47,27.0,32.9,36,36,25,0,0,0,6,6,4,0,31,31,31,38,34,37,47,47,51,45.01,45.01,44.4,67,590,5.7,0,0,0
10.36,32,0.24,0.26,0.26,11.2,10.7,10.9,0,9.0,0.02,0.1,207.6,5.2,48,1,1,488,702,351,1,357,10.2,45.4,332,32.5,32.2,0.3,3.5,2067.6,0,16.83,14.6,36.6,32.0,33.2,32.0,35.4,32.4,32.9,33.5,54.7,57.4,38,48,27.0,33.0,37,37,25,0,0,0,6,6,4,0,31,31,32,38,34,37,48,48,51,45.01,45.01,44.4,68,590,5.7,0,0,0
9.75,32,0.24,0.26,0.26,10.9,10.9,11.1,0,9.0,0.03,0.11,207.8,5.3,48,1,1,458,701,288,0,285,9.6,41.3,292,32.1,31.7,0.3,3.4,1767.9,0,16.38,14.6,36.5,32.1,33.2,32.0,35.5,32.5,33.0,33.5,54.7,57.7,37,48,27.0,33.0,37,36,25,0,0,0,6,6,4,0,31,31,32,38,34,37,48,48,51,45.01,45.01,44.39,68,590,5.8,0,0,0
10.45,32,0.24,0.26,0.26,10.9,10.8,10.9,0,2.0,0.01,0.1,207.6,5.0,53,1,1,485,701,354,0,353,10.2,47.5,335,33.0,32.7,0.3,3.5,2067.6,0,16.83,14.6,36.7,32.0,33.2,32.0,35.4,32.3,32.6,33.5,54.6,57.6,37,48,27.0,33.0,38,38,25,0,0,0,6,6,4,0,31,31,32,38,34,37,48,48,51,45.02,45.01,44.39,67,590,5.8,0,0,0
9.61,32,0.24,0.26,0.26,11.1,10.7,10.6,0,10.4,0.07,0.13,207.8,3.6,48,1,1,453,701,281,1,274,9.3,39.7,289,31.3,31.1,0.3,3.4,1752.4,0,16.36,14.6,36.7,32.1,33.3,32.1,35.5,32.6,33.0,33.5,54.7,57.6,37,48,27.0,33.0,36,36,25,0,0,0,6,6,4,0,31,31,32,38,34,37,48,48,51,45.02,45.01,44.4,67,590,5.7,0,0,0
9.64,32,0.24,0.26,0.26,10.8,10.9,10.9,0,4.4,0.0,0.12,207.9,4.9,48,1,1,450,700,283,-1,288,9.5,39.2,288,31.6,31.5,0.3,3.5,1747.2,0,16.35,14.6,36.7,32.0,33.2,32.1,35.4,32.2,32.8,33.5,54.7,57.6,37,48,27.0,33.0,37,36,25,0,0,0,6,6,4,0,31,31,32,38,33,37,48,48,51,45.01,45.01,44.4,67,600,5.7,0,0,0
10.94,32,0.24,0.26,0.26,11.3,10.8,10.8,0,0.8,0.07,0.15,207.7,7.6,51,1,1,522,701,414,-1,403,10.6,52.1,370,30.2,30.1,0.2,3.4,2067.6,0,16.83,14.6,36.5,32.0,33.1,32.0,35.4,32.4,32.7,33.4,54.7,57.5,37,47,27.0,32.9,36,36,25,0,0,0,6,6,4,0,31,31,32,38,34,37,47,47,51,45.02,45.01,44.4,67,590,5.8,0,0,0
9.95,32,0.24,0.26,0.26,10.9,10.8,10.8,0,12.1,0.05,0.08,207.9,5.3,49,1,1,462,701,305,-1,307,9.8,42.9,302,31.9,31.8,0.3,3.5,1825.8,0,16.47,14.6,36.5,32.1,33.2,32.0,35.5,32.5,32.9,33.5,54.7,57.5,37,48,27.0,33.0,37,37,25,0,0,0,6,6,4,0,31,31,32,38,34,37,48,48,51,45.01,45.01,44.4,68,600,5.8,0,0,0
10.5,32,0.24,0.26,0.26,11.1,10.9,10.9,0,3.0,0.04,0.12,207.7,4.4,53,1,1,496,701,371,-1,375,10.3,47.5,347,33.1,32.6,0.3,3.5,2067.6,0,16.83,14.6,36.6,32.0,33.2,32.0,35.4,32.3,32.6,33.5,54.6,57.6,38,47,27.0,33.0,38,39,25,0,0,0,6,6,4,0,31,31,32,38,34,37,47,47,51,45.02,45.01,44.39,67,590,5.8,0,0,0
9.72,32,0.24,0.26,0.26,11.0,10.8,10.6,0,4.9,0.02,0.1,207.8,5.8,48,1,1,458,701,289,0,292,9.5,41.0,294,32.0,31.7,0.3,3.5,1767.9,0,16.38,14.6,36.5,32.1,33.2,32.0,35.5,32.6,33.0,33.5,54.7,57.6,38,48,27.0,33.0,37,37,25,0,0,0,6,6,4,0,31,31,32,38,34,37,48,48,51,45.02,45.01,44.4,67,590,5.8,0,0,0
10.41,32,0.24,0.26,0.26,11.1,10.8,10.7,0,16.3,0.03,0.05,208.2,4.9,45,1,1,490,700,362,2,358,10.2,46.1,338,29.1,28.8,0.2,3.4,2067.6,0,16.83,14.6,36.7,32.2,33.3,32.2,35.6,32.6,33.0,33.6,54.6,57.7,38,48,27.2,33.0,35,35,25,0,0,0,6,6,4,0,31,31,32,38,34,37,48,48,51,45.02,45.01,44.4,68,590,5.7,0,0,0
10.26,32,0.24,0.26,0.26,11.1,10.9,10.8,0,-5.1,0.21,0.17,207.9,4.7,51,1,1,480,701,339,0,335,10.0,44.9,326,29.3,30.0,0.2,3.4,1990.1,0,16.71,14.6,36.5,32.0,33.2,32.0,35.4,32.4,32.9,33.5,54.7,57.5,37,47,27.0,32.9,35,35,25,0,0,0,6,6,4,0,31,31,32,38,34,36,47,47,51,45.02,45.01,44.4,67,600,5.8,0,0,0
11.16,32,0.24,0.26,0.26,11.1,10.8,11.0,0,3.8,-0.09,0.07,207.6,6.7,53,1,1,529,701,430,0,424,10.8,51.7,381,29.3,29.3,0.2,3.4,2067.6,0,16.83,14.6,36.5,31.9,33.0,32.0,35.3,32.4,32.6,33.4,54.7,57.5,37,47,27.0,32.9,35,35,25,0,0,0,6,6,4,0,31,31,32,38,34,36,47,47,51,45.01,45.01,44.4,67,600,5.8,0,0,0
10.1,32,0.24,0.26,0.26,11.1,10.8,10.8,0,14.7,0.02,0.15,207.7,5.5,48,1,1,469,701,320,-1,324,9.9,43.4,313,32.1,31.9,0.3,3.5,1825.8,0,16.47,14.6,36.6,32.1,33.2,32.0,35.4,32.5,32.9,33.5,54.6,57.6,38,48,27.0,33.0,37,37,25,0,0,0,6,6,4,0,31,31,32,38,34,37,48,48,51,45.02,45.01,44.39,67,590,5.8,0,0,0
11.29,32,0.24,0.26,0.26,11.0,11.3,10.9,0,7.7,0.06,0.13,207.7,5.8,51,1,1,543,701,456,-1,449,11.0,55.5,396,29.6,29.5,0.2,3.4,2067.6,0,16.83,14.6,36.5,31.9,33.0,32.0,35.3,32.1,32.5,33.4,54.7,57.5,38,47,27.0,32.9,35,36,25,0,0,0,6,6,4,0,31,31,32,38,34,36,47,47,51,45.01,45.01,44.4,67,590,5.7,0,0,0
10.35,32,0.24,0.26,0.26,11.1,10.8,10.8,0,4.1,0.03,0.13,207.9,6.3,45,1,1,487,701,349,0,357,10.2,46.5,331,30.0,30.0,0.2,3.4,2067.6,0,16.83,14.6,36.7,32.2,33.3,32.2,35.5,32.7,32.9,33.6,54.6,57.6,38,48,27.2,33.0,35,35,25,0,0,0,6,6,4,0,31,31,32,38,34,37,48,48,51,45.01,45.01,44.39,68,590,5.8,0,0,0
10.56,32,0.24,0.26,0.26,10.9,10.8,10.8,0,11.4,0.03,0.14,207.6,5.6,50,1,1,499,700,374,-1,374,10.4,47.7,347,28.2,28.3,0.2,3.4,2067.6,0,16.83,14.6,36.5,31.9,33.1,32.0,35.4,32.0,32.5,33.5,54.7,57.4,37,47,27.0,32.9,34,34,25,0,0,0,6,6,4,0,31,31,32,38,34,37,47,47,51,45.02,45.01,44.4,67,590,5.8,0,0,0
10.25,32,0.24,0.26,0.26,10.9,10.8,10.8,0,4.5,0.03,0.08,207.7,5.8,51,1,1,480,701,341,-2,350,10.0,45.3,325,30.7,30.7,0.2,3.4,2067.6,0,16.83,14.6,36.7,32.2,33.3,32.1,35.5,32.4,32.7,33.6,54.7,57.5,38,48,27.1,33.0,36,36,25,0,0,0,6,6,4,0,31,31,32,38,34,37,48,48,51,45.01,45.01,44.39,68,590,5.8,0,0,0
10.32,32,0.24,0.26,0.26,10.9,10.9,11.1,0,14.5,0.01,0.17,208.0,5.7,49,1,1,483,701,344,-1,343,10.1,46.2,327,30.8,31.6,0.2,3.4,2067.6,0,16.83,14.6,36.7,32.3,33.4,32.2,35.7,32.7,33.2,33.7,54.7,57.5,38,48,27.2,33.0,36,36,25,0,0,0,6,6,4,0,31,31,32,38,34,37,48,48,51,45.02,45.01,44.4,67,590,5.8,0,0,0
10.66,32,0.24,0.26,0.26,11.0,10.9,10.9,0,1.1,-0.14,0.1,207.9,5.1,53,1,1,500,701,374,-1,385,10.5,47.4,346,32.8,32.7,0.3,3.5,2067.6,0,16.83,14.6,36.6,32.0,33.2,32.0,35.4,32.4,32.8,33.5,54.6,57.6,37,47,27.0,33.0,38,39,25,0,0,0,6,6,4,0,31,31,32,38,34,37,47,47,51,45.02,45.01,44.4,67,600,5.7,0,0,0
11.3,32,0.24,0.26,0.26,11.2,11.2,11.1,0,6.3,0.01,0.09,207.6,5.0,50,1,1,547,701,464,0,469,11.1,55.1,402,32.6,32.5,0.3,3.5,2067.6,0,16.83,14.6,36.6,32.0,33.2,32.0,35.4,32.3,32.7,33.5,54.7,57.5,37,47,27.0,33.0,38,39,0,0,0,0,6,6,4,0,31,31,32,38,34,36,47,47,51,45.01,45.01,44.38,68,590,5.8,0,0,0
10.45,32,0.24,0.26,0.26,10.9,11.0,11.1,0,16.7,0.03,0.11,207.9,5.7,42,1,1,490,701,359,-2,360,10.3,46.0,338,30.2,29.7,0.2,3.4,2067.6,0,16.83,14.6,36.7,32.3,33.3,32.2,35.5,32.9,33.1,33.5,54.6,57.5,37,48,27.2,33.0,35,35,25,0,0,0,6,6,4,0,31,31,32,38,34,37,48,48,51,45.01,45.01,44.4,68,590,5.8,0,0,0
11.28,32,0.24,0.26,0.26,11.1,11.0,11.1,0,9.4,0.03,0.15,207.6,6.5,52,1,1,547,701,453,0,461,11.1,53.3,394,29.4,29.2,0.2,3.4,2067.6,0,16.83,14.6,36.5,31.9,33.0,32.0,35.3,32.3,32.5,33.5,54.7,57.5,38,47,27.0,32.9,35,35,25,0,0,0,6,6,4,0,31,31,32,38,34,37,47,47,51,45.01,45.01,44.4,67,590,5.8,0,0,0
9.84,32,0.24,0.26,0.26,11.1,10.8,10.6,0,12.2,-0.05,0.05,207.6,3.9,49,1,1,464,701,301,1,307,9.5,41.1,300,32.8,33.0,0.3,3.4,2067.6,0,16.83,14.6,36.6,32.0,33.2,32.0,35.4,32.4,32.6,33.5,54.7,57.5,37,47,27.0,33.0,38,38,25,0,0,0,6,6,4,0,31,31,32,38,34,37,47,47,51,45.01,45.01,44.38,67,590,5.7,0,0,0
10.35,32,0.24,0.26,0.26,11.1,10.8,10.9,0,13.0,0.03,0.03,208.0,6.3,46,1,1,484,700,346,1,357,10.1,45.3,327,29.2,28.8,0.2,3.4,2067.6,0,16.83,14.6,36.7,32.3,33.3,32.2,35.6,32.5,33.0,33.6,54.7,57.7,38,48,27.2,33.0,35,35,25,0,0,0,6,6,4,0,31,31,32,38,34,37,48,48,51,45.02,45.01,44.4,67,590,5.8,0,0,0
10.88,32,0.24,0.26,0.26,11.2,10.9,10.9,0,5.1,0.0,0.11,207.9,6.1,50,1,1,513,700,402,-2,398,10.7,51.3,363,30.3,30.1,0.2,3.4,2067.6,0,16.83,14.6,36.5,32.0,33.1,32.0,35.4,32.5,32.6,33.4,54.6,57.5,37,47,27.0,32.9,36,36,25,0,0,0,6,6,4,0,31,31,32,38,34,37,47,47,51,45.01,45.01,44.4,67,600,5.7,0,0,0
9.68,32,0.24,0.26,0.26,10.9,11.0,11.1,0,15.1,0.03,0.1,207.7,4.9,47,1,1,453,701,282,1,272,9.4,39.5,287,31.6,31.4,0.3,3.4,1747.2,0,16.35,14.6,36.7,32.1,33.2,32.1,35.4,32.3,32.7,33.5,54.7,57.6,37,48,27.0,33.0,37,36,25,0,0,0,6,6,4,0,31,31,32,38,34,37,48,48,51,45.01,45.01,44.39,67,590,5.8,0,0,0
10.86,32,0.24,0.26,0.26,10.9,10.8,10.8,0,-1.1,0.1,0.13,207.8,6.2,51,1,1,520,701,415,-1,419,10.7,53.2,372,32.6,32.3,0.3,3.5,2067.6,0,16.83,14.6,36.6,32.0,33.2,32.0,35.4,32.3,32.7,33.5,54.6,57.5,38,48,27.0,33.0,39,39,25,0,0,0,6,6,4,0,31,31,32,38,34,37,48,48,51,45.01,45.01,44.4,67,590,5.8,0,0,0
9.94,32,0.24,0.26,0.26,10.8,11.0,11.2,0,2.5,0.03,0.06,207.8,4.2,47,1,1,464,701,306,1,312,9.7,41.9,305,29.7,29.9,0.2,3.4,2067.6,0,16.83,14.6,36.7,32.2,33.3,32.1,35.5,32.5,32.9,33.6,54.6,57.7,37,48,27.2,33.0,35,35,25,0,0,0,6,6,4,0,31,31,32,38,34,37,48,48,51,45.01,45.01,44.4,67,590,5.8,0,0,0
9.71,32,0.24,0.26,0.26,11.1,10.6,10.6,0,11.7,-0.02,0.1,207.8,5.0,47,1,1,458,701,279,1,286,9.4,41.0,286,31.8,31.4,0.3,3.5,1747.2,0,16.35,14.6,36.7,32.1,33.2,32.1,35.4,32.3,32.6,33.5,54.7,57.6,38,48,27.0,33.0,36,36,25,0,0,0,6,6,4,0,31,31,32,38,34,36,48,48,51,45.01,45.01,44.4,67,590,5.7,0,0,0
11.23,32,0.24,0.26,0.26,11.1,10.6,10.8,0,4.1,0.04,0.15,207.9,5.8,51,1,1,545,701,458,2,455,11.1,54.3,397,29.3,29.6,0.2,3.4,2067.6,0,16.83,14.6,36.5,31.9,33.0,32.0,35.3,32.1,32.5,33.4,54.6,57.6,37,47,27.0,32.9,35,35,25,0,0,0,6,6,4,0,31,31,32,38,33,36,47,47,51,45.02,45.01,44.4,67,600,5.7,0,0,0
11.09,32,0.24,0.26,0.26,11.0,11.0,11.1,0,2.7,0.18,0.15,207.6,6.9,54,1,1,524,701,426,0,424,10.8,51.6,378,29.3,29.1,0.2,3.4,2067.6,0,16.83,14.6,36.5,31.9,33.0,32.0,35.3,32.4,32.6,33.4,54.7,57.5,37,47,27.0,32.9,35,35,25,0,0,0,6,6,4,0,31,31,32,38,34,37,47,47,51,45.01,45.01,44.4,67,590,5.8,0,0,0
10.31,32,0.24,0.26,0.26,11.1,10.7,10.8,0,10.1,-0.04,0.14,207.8,5.5,48,1,1,485,701,340,0,345,10.2,44.5,326,32.1,31.8,0.3,3.5,1825.8,0,16.47,14.6,36.5,32.1,33.2,32.0,35.4,32.6,32.9,33.5,54.7,57.6,38,48,27.0,33.0,37,37,25,0,0,0,6,6,4,0,31,31,32,38,34,37,48,48,51,45.02,45.01,44.39,67,600,5.8,0,0,0
11.35,32,0.24,0.26,0.26,11.0,11.3,11.0,0,1.4,0.2,0.18,207.9,6.7,50,1,1,545,701,461,-1,455,11.1,56.5,399,29.8,30.4,0.2,3.4,2067.6,0,16.83,14.6,36.7,32.2,33.3,32.2,35.6,32.5,33.0,33.6,54.7,57.7,38,48,27.2,33.0,36,36,25,0,0,0,6,6,4,0,31,31,32,38,34,37,48,48,51,45.01,45.01,44.4,67,600,5.7,0,0,0
10.26,32,0.24,0.26,0.26,10.9,10.9,11.1,0,15.2,-0.02,0.09,207.8,5.1,47,1,1,477,701,335,0,332,10.0,43.7,321,32.3,31.9,0.3,3.5,1825.8,0,16.47,14.6,36.5,32.1,33.2,32.0,35.4,32.5,32.9,33.5,54.6,57.6,38,48,27.0,33.0,37,37,25,0,0,0,6,6,4,0,31,31,32,38,34,37,48,48,51,45.02,45.01,44.39,68,590,5.8,0,0,0
9.53,32,0.24,0.26,0.26,10.7,10.8,10.8,0,14.8,0.09,0.1,207.8,3.5,47,1,1,454,701,279,-1,283,9.4,39.3,287,31.6,31.0,0.3,3.4,1752.4,0,16.36,14.6,36.7,32.1,33.2,32.1,35.5,32.6,33.0,33.5,54.7,57.5,37,48,27.0,33.0,36,36,25,0,0,0,6,6,4,0,31,31,32,38,34,37,48,48,51,45.02,45.01,44.4,67,590,5.8,0,0,0
10.25,32,0.24,0.26,0.26,11.1,10.6,10.7,0,4.6,0.03,0.16,207.9,5.0,51,1,1,483,701,346,-1,350,10.1,45.2,331,30.7,30.6,0.2,3.4,2067.6,0,16.83,14.6,36.7,32.2,33.3,32.1,35.5,32.5,32.8,33.6,54.7,57.5,37,48,27.1,33.0,36,36,25,0,0,0,6,6,4,0,31,31,32,38,33,36,48,48,51,45.02,45.01,44.39,67,600,5.8,0,0,0
10.57,32,0.24,0.26,0.26,10.9,10.7,10.9,0,11.5,0.09,0.1,207.8,4.9,50,1,1,498,701,377,-1,375,10.4,48.9,348,28.3,28.8,0.2,3.4,2067.6,0,16.83,14.6,36.5,31.9,33.1,32.0,35.4,32.0,32.6,33.5,54.7,57.5,37,47,27.0,32.9,34,34,25,0,0,0,6,6,4,0,31,31,32,38,34,36,47,47,51,45.02,45.01,44.4,68,590,5.8,0,0,0
10.83,32,0.24,0.26,0.26,11.0,11.1,11.3,0,4.0,0.04,0.19,207.8,4.9,50,1,1,515,701,401,-1,411,10.8,49.7,365,30.1,29.7,0.2,3.4,2067.6,0,16.83,14.6,36.4,32.0,33.1,32.0,35.4,32.5,32.6,33.4,54.6,57.6,37,47,27.0,32.9,36,36,25,0,0,0,6,6,4,0,31,31,31,38,34,37,47,47,51,45.02,45.01,44.39,67,590,5.8,0,0,0
9.67,32,0.24,0.26,0.26,10.9,10.8,11.1,0,14.9,0.04,0.12,207.9,4.4,46,1,1,454,701,281,0,279,9.5,41.0,287,31.6,31.4,0.3,3.4,1747.2,0,16.35,14.6,36.7,32.1,33.2,32.1,35.4,32.3,32.7,33.5,54.7,57.5,37,48,27.0,33.0,37,36,25,0,0,0,6,6,4,0,31,31,32,38,35,37,48,48,51,45.01,45.01,44.39,67,590,5.8,0,0,0
10.55,32,0.24,0.26,0.26,10.9,10.7,10.9,0,-0.6,0.03,0.06,207.8,5.8,52,1,1,498,701,376,1,374,10.3,49.0,346,28.6,28.3,0.2,3.4,2067.6,0,16.83,14.6,36.5,31.9,33.1,32.0,35.4,32.1,32.7,33.5,54.7,57.5,37,47,27.0,32.9,34,34,25,0,0,0,6,6,4,0,31,31,32,38,34,36,47,47,51,45.02,45.01,44.4,67,580,5.7,0,0,0
9.74,32,0.24,0.26,0.26,10.9,10.6,10.6,0,-6.2,0.12,0.1,207.8,4.6,51,1,1,459,701,296,-1,291,9.5,40.0,296,32.0,31.6,0.3,3.5,1767.9,0,16.38,14.6,36.5,32.1,33.2,32.0,35.5,32.7,33.0,33.5,54.7,57.5,38,48,27.0,33.0,37,37,25,0,0,0,6,6,4,0,31,31,32,38,34,36,48,48,51,45.02,45.01,44.4,67,590,5.8,0,0,0
11.3,32,0.24,0.26,0.26,11.1,11.3,11.1,0,7.5,0.03,0.03,207.7,5.4,51,1,1,541,701,456,1,460,11.1,54.7,396,29.7,29.6,0.2,3.4,2067.6,0,16.83,14.6,36.5,31.9,33.0,32.0,35.3,32.1,32.5,33.4,54.7,57.5,37,47,27.0,32.9,35,36,25,0,0,0,6,6,4,0,31,31,32,38,34,37,47,47,51,45.01,45.01,44.4,67,590,5.7,0,0,0
10.58,32,0.24,0.26,0.26,10.9,10.8,10.8,0,2.0,0.1,0.09,207.7,6.1,51,1,1,502,701,378,-1,374,10.3,47.4,347,28.3,28.4,0.2,3.4,2067.6,0,16.83,14.6,36.6,31.9,33.1,32.0,35.4,31.9,32.7,33.5,54.7,57.5,37,47,27.0,32.9,34,34,25,0,0,0,6,6,4,0,31,31,32,38,34,37,47,47,51,45.01,45.01,44.4,67,600,5.7,0,0,0
10.14,32,0.24,0.26,0.26,11.1,10.8,10.8,0,6.8,-0.02,0.09,207.8,5.6,49,1,1,472,700,328,0,328,10.0,43.3,318,29.4,30.3,0.2,3.4,1990.1,0,16.71,14.6,36.5,32.0,33.2,32.0,35.4,32.4,32.8,33.5,54.7,57.5,37,47,27.0,32.9,35,35,25,0,0,0,6,6,4,0,31,31,32,38,34,36,47,47,51,45.01,45.02,44.4,67,590,5.7,0,0,0
10.56,32,0.24,0.26,0.26,11.3,10.8,10.8,0,-0.5,-0.04,0.05,207.9,4.6,54,1,1,497,701,372,0,380,10.4,48.1,346,29.2,28.8,0.2,3.4,2067.6,0,16.83,14.6,36.5,32.0,33.1,32.0,35.4,32.3,32.7,33.5,54.7,57.6,38,47,27.0,32.9,35,35,25,0,0,0,6,6,4,0,31,31,32,38,33,36,47,47,51,45.01,45.01,44.4,67,590,5.8,0,0,0
10.45,32,0.24,0.26,0.26,11.1,10.8,10.9,0,11.4,0.02,0.05,207.9,5.6,49,1,1,485,700,351,0,351,10.3,45.4,332,30.3,31.1,0.2,3.4,2035.6,0,16.78,14.6,36.7,32.3,33.4,32.2,35.7,32.6,33.1,33.7,54.7,57.4,37,48,27.2,33.0,36,36,25,0,0,0,6,6,4,0,31,31,32,38,34,36,48,48,51,45.02,45.01,44.39,68,590,5.8,0,0,0
10.57,32,0.24,0.26,0.26,11.0,10.9,10.9,0,4.5,-0.04,0.1,208.0,5.1,52,1,1,495,701,372,-1,368,10.3,49.0,345,30.8,30.5,0.3,3.4,2067.6,0,16.83,14.6,36.7,32.2,33.3,32.1,35.5,32.7,33.0,33.5,54.6,57.5,37,48,27.2,33.0,36,36,25,0,0,0,6,6,4,0,31,31,32,38,34,37,48,48,51,45.02,45.01,44.39,67,590,5.8,0,0,0
10.24,32,0.24,0.26,0.26,11.4,10.8,10.7,0,0.2,0.04,0.1,207.8,7.7,48,1,1,478,702,343,1,338,10.1,44.7,326,30.0,29.8,0.2,3.4,1958.1,0,16.67,14.6,36.7,32.2,33.3,32.1,35.5,32.4,32.9,33.6,54.7,57.6,37,48,27.2,33.0,35,35,25,0,0,0,6,6,4,0,31,31,32,38,34,37,48,48,51,45.01,45.01,44.39,68,590,5.8,0,0,0
10.26,32,0.24,0.26,0.26,11.1,10.8,10.8,0,8.6,0.09,0.1,207.8,5.2,47,1,1,480,700,332,0,337,10.0,44.6,322,28.5,29.0,0.2,3.4,2067.6,0,16.83,14.6,36.7,32.2,33.3,32.2,35.6,32.6,33.0,33.6,54.6,57.6,38,48,27.2,33.0,34,34,25,0,0,0,6,6,4,0,31,31,32,38,34,36,48,48,51,45.01,45.01,44.4,67,600,5.8,0,0,0
9.66,32,0.24,0.26,0.26,10.9,10.6,10.7,0,6.3,-0.02,0.1,207.9,4.8,48,1,1,455,701,291,-1,295,9.5,41.8,292,31.8,31.6,0.3,3.4,1747.2,0,16.35,14.6,36.6,32.1,33.2,32.1,35.4,32.3,32.9,33.5,54.6,57.7,37,48,27.0,33.0,37,36,25,0,0,0,6,6,4,0,31,31,32,38,34,36,48,48,51,45.01,45.01,44.39,67,590,5.8,0,0,0
9.69,32,0.24,0.26,0.26,10.9,11.0,10.9,0,4.8,-0.07,0.08,208.0,4.5,49,1,1,457,702,282,1,282,9.4,41.0,287,31.3,31.0,0.3,3.4,2024.2,0,16.77,14.6,36.6,32.1,33.3,32.1,35.5,32.6,33.0,33.5,54.7,57.4,37,48,27.0,33.0,36,36,25,0,0,0,6,6,4,0,31,31,32,38,34,37,48,48,51,45.01,45.01,44.4,67,600,5.8,0,0,0
10.56,32,0.24,0.26,0.26,10.9,10.8,10.9,0,-0.5,0.23,0.14,207.8,4.6,53,1,1,503,701,381,0,391,10.4,49.9,353,32.9,32.6,0.3,3.5,2067.6,0,16.83,14.6,36.6,32.0,33.2,32.0,35.4,32.4,32.8,33.5,54.6,57.6,37,47,27.0,33.0,38,39,25,0,0,0,6,6,4,0,31,31,32,38,34,36,47,47,51,45.02,45.01,44.39,67,590,5.7,0,0,0
10.36,32,0.24,0.26,0.26,10.9,11.0,11.1,0,10.5,0.08,0.13,207.9,4.5,43,1,1,487,701,353,-1,355,10.2,46.2,335,30.2,29.6,0.2,3.4,2067.6,0,16.83,14.6,36.7,32.3,33.3,32.2,35.5,32.8,33.0,33.6,54.7,57.4,38,48,27.2,33.0,35,35,25,0,0,0,6,6,4,0,31,31,32,38,34,37,48,48,51,45.01,45.01,44.4,67,590,5.8,0,0,0
9.85,32,0.24,0.26,0.26,10.9,10.9,10.9,0,1.3,0.03,0.06,208.0,5.2,51,1,1,462,701,302,-1,295,9.7,42.5,300,31.9,31.7,0.3,3.5,1825.8,0,16.47,14.6,36.5,32.1,33.2,32.0,35.5,32.6,32.9,33.5,54.7,57.6,37,48,27.0,33.0,37,37,25,0,0,0,6,6,4,0,31,31,32,38,34,37,48,48,51,45.02,45.01,44.39,67,590,5.7,0,0,0
10.21,32,0.24,0.26,0.26,10.9,10.8,10.8,0,2.2,0.05,0.1,207.9,6.0,45,1,1,477,700,339,-1,335,10.1,44.5,324,29.6,29.5,0.2,3.4,2067.6,0,16.83,14.6,36.7,32.2,33.3,32.1,35.5,32.6,32.9,33.6,54.6,57.7,38,48,27.2,33.0,35,35,25,0,0,0,6,6,4,0,31,31,32,38,34,37,48,48,51,45.01,45.01,44.39,67,600,5.8,0,0,0
9.63,32,0.24,0.26,0.26,11.0,10.9,11.3,0,8.1,0.13,0.18,207.7,3.7,48,1,1,457,701,284,0,289,9.5,39.4,289,31.3,31.0,0.3,3.4,2024.2,0,16.77,14.6,36.6,32.1,33.2,32.1,35.5,32.6,33.0,33.5,54.7,57.5,37,48,27.0,33.0,36,36,25,0,0,0,6,6,4,0,31,31,32,38,34,37,48,48,51,45.02,45.01,44.4,67,600,5.8,0,0,0
10.06,32,0.24,0.26,0.26,10.8,10.7,10.8,0,4.8,0.12,0.12,207.6,5.6,48,1,1,468,700,321,0,326,9.9,42.9,316,30.4,31.1,0.2,3.4,1934.3,0,16.63,14.6,36.6,32.0,33.2,32.0,35.4,32.2,32.9,33.5,54.6,57.6,37,47,27.0,32.9,36,36,25,0,0,0,6,6,4,0,31,31,32,38,34,36,47,47,51,45.01,45.01,44.4,67,580,5.8,0,0,0
10.77,32,0.24,0.26,0.26,11.1,11.2,11.3,0,1.7,0.06,0.13,207.8,4.4,52,1,1,505,701,391,-2,395,10.6,50.7,358,30.6,30.2,0.2,3.4,2067.6,0,16.83,14.6,36.7,32.2,33.3,32.1,35.5,32.6,33.0,33.6,54.6,57.5,37,48,27.2,33.0,36,36,25,0,0,0,6,6,4,0,31,31,32,38,34,37,48,48,51,45.01,45.01,44.38,67,590,5.8,0,0,0
10.05,32,0.24,0.26,0.26,10.9,10.9,11.1,0,5.7,-0.02,0.18,207.9,4.9,47,1,1,467,701,314,-1,316,9.7,43.1,307,30.7,31.5,0.2,3.4,1745.1,0,16.35,14.6,36.6,32.0,33.2,32.0,35.4,32.3,32.7,33.5,54.7,57.6,37,47,27.0,32.9,36,36,25,0,0,0,6,6,4,0,31,31,32,38,34,37,47,47,51,45.01,45.01,44.4,68,590,5.8,0,0,0
10.02,32,0.24,0.26,0.26,10.9,10.8,10.9,0,7.0,-0.07,0.09,207.8,6.3,48,1,1,472,701,320,0,325,9.8,42.6,311,30.3,31.3,0.2,3.4,1934.3,0,16.63,14.6,36.6,32.0,33.2,32.0,35.4,32.2,32.9,33.5,54.7,57.6,37,47,27.0,32.9,36,36,25,0,0,0,6,6,4,0,31,31,32,38,34,37,47,47,51,45.01,45.01,44.4,67,580,5.8,0,0,0
10.14,32,0.24,0.26,0.26,11.0,10.8,10.8,0,5.6,0.09,0.06,207.8,5.0,49,1,1,475,700,330,-3,329,9.9,43.3,320,29.1,30.3,0.2,3.4,1990.1,0,16.71,14.6,36.5,32.0,33.2,32.0,35.4,32.4,32.8,33.5,54.7,57.4,37,47,27.0,32.9,35,35,25,0,0,0,6,6,4,0,31,31,32,38,34,37,47,47,51,45.01,45.01,44.4,67,590,5.8,0,0,0
10.25,32,0.24,0.26,0.26,11.0,10.9,10.8,0,8.9,-0.02,0.0,208.0,4.3,46,1,1,480,700,344,1,347,10.0,46.5,327,28.6,28.5,0.2,3.4,2067.6,0,16.83,14.6,36.7,32.2,33.3,32.2,35.6,32.5,33.0,33.6,54.6,57.6,37,48,27.2,33.0,34,34,25,0,0,0,6,6,4,0,31,31,32,38,34,37,48,48,51,45.01,45.01,44.39,68,590,5.7,0,0,0
10.66,32,0.24,0.26,0.26,10.9,11.1,11.1,0,2.1,0.03,0.17,207.9,4.8,50,1,1,504,702,382,-1,385,10.5,48.8,351,30.2,30.0,0.2,3.4,1958.1,0,16.67,14.6,36.7,32.2,33.3,32.1,35.6,32.5,33.1,33.6,54.7,57.5,37,48,27.2,33.0,36,36,25,0,0,0,6,6,4,0,31,31,32,38,34,37,48,48,51,45.01,45.01,44.4,67,590,5.8,0,0,0
10.76,32,0.24,0.26,0.26,11.1,10.8,10.8,0,21.7,0.03,0.0,207.8,5.0,44,1,1,503,700,396,2,393,10.5,50.8,360,29.1,30.1,0.2,3.4,2067.6,0,16.83,14.6,36.7,32.2,33.3,32.2,35.5,32.5,32.9,33.6,54.6,57.5,37,48,27.2,33.0,36,36,25,0,0,0,6,6,4,0,31,31,32,38,34,37,48,48,51,45.01,45.01,44.39,67,590,5.8,0,0,0
11.44,32,0.24,0.26,0.26,11.1,11.0,11.1,0,8.0,-0.02,0.1,207.6,5.7,49,1,1,545,701,468,0,473,11.2,57.2,403,32.6,32.3,0.3,3.5,2067.6,0,16.83,14.6,36.5,32.0,33.2,32.0,35.4,32.3,32.7,33.5,54.6,57.5,37,47,27.0,33.0,38,39,0,0,0,0,6,6,4,0,31,31,32,38,34,37,47,47,51,45.02,45.01,44.4,67,590,5.8,0,0,0
11.2,32,0.24,0.26,0.26,11.0,11.1,11.1,0,4.5,0.04,0.05,207.6,6.0,51,1,1,531,701,440,-3,444,11.0,52.7,388,30.0,29.7,0.2,3.4,2067.6,0,16.83,14.6,36.4,32.0,33.1,32.0,35.4,32.6,32.9,33.4,54.7,57.6,37,47,27.0,32.9,36,36,25,0,0,0,6,6,4,0,31,31,31,38,34,37,47,47,51,45.01,45.01,44.4,67,590,5.7,0,0,0
9.83,32,0.24,0.26,0.26,11.1,10.8,10.7,0,6.1,0.05,0.1,207.8,3.9,50,1,1,468,702,304,0,300,9.6,41.8,301,32.2,31.7,0.3,3.4,1825.8,0,16.47,14.6,36.5,32.1,33.2,32.0,35.5,32.6,32.8,33.5,54.7,57.6,37,48,27.0,33.0,37,37,25,0,0,0,6,6,4,0,31,31,32,38,34,37,48,48,51,45.02,45.01,44.39,66,590,5.7,0,0,0
10.61,32,0.24,0.26,0.26,10.9,10.6,10.7,0,3.8,0.09,0.1,207.6,4.8,53,1,1,504,701,387,-2,381,10.5,50.3,354,33.1,32.8,0.3,3.5,2067.6,0,16.83,14.6,36.7,32.0,33.2,32.0,35.4,32.2,32.7,33.5,54.7,57.5,37,47,27.0,33.0,38,39,25,0,0,0,6,6,4,0,31,31,32,38,34,36,47,47,51,45.02,45.01,44.4,67,590,5.8,0,0,0
9.8,32,0.24,0.26,0.26,10.9,10.9,10.8,0,-0.6,0.02,0.09,208.0,4.3,50,1,1,455,701,293,-2,288,9.5,41.0,297,32.2,31.8,0.3,3.4,1767.9,0,16.38,14.6,36.5,32.1,33.2,32.0,35.5,32.7,33.1,33.5,54.7,57.7,37,48,27.0,33.0,37,37,25,0,0,0,6,6,4,0,31,31,32,38,33,37,48,48,51,45.02,45.01,44.4,67,600,5.8,0,0,0
10.57,32,0.24,0.26,0.26,10.9,10.9,11.1,0,8.8,0.01,0.09,207.7,5.6,51,1,1,495,701,369,1,369,10.3,48.4,344,27.9,28.8,0.2,3.4,2067.6,0,16.83,14.6,36.5,32.0,33.1,32.0,35.4,32.1,32.6,33.5,54.7,57.5,38,47,27.0,32.9,34,34,25,0,0,0,6,6,4,0,31,31,32,38,34,37,47,47,51,45.02,45.01,44.4,67,590,5.7,0,0,0
10.21,32,0.24,0.26,0.26,11.1,10.8,10.6,0,5.0,-0.07,0.1,207.9,5.6,51,1,1,480,701,333,-2,333,10.1,43.5,321,30.6,31.7,0.2,3.4,2067.6,0,16.83,14.6,36.7,32.3,33.4,32.2,35.7,32.6,33.2,33.7,54.7,57.6,38,48,27.2,33.0,36,36,25,0,0,0,6,6,4,0,31,31,32,38,34,36,48,48,51,45.01,45.01,44.4,67,600,5.7,0,0,0
10.36,32,0.24,0.26,0.26,11.1,10.9,10.8,0,6.7,0.09,0.1,207.7,5.4,51,1,1,483,701,354,2,354,10.1,46.5,336,28.4,29.3,0.2,3.4,2067.6,0,16.83,14.6,36.5,32.0,33.1,32.0,35.4,32.4,32.8,33.5,54.7,57.1,38,47,27.0,32.9,34,34,25,0,0,0,6,6,4,0,31,31,32,38,34,36,47,47,51,45.02,45.01,44.4,67,590,5.7,0,0,0
10.05,32,0.24,0.26,0.26,11.0,10.8,11.0,0,11.7,0.03,0.1,207.8,6.0,49,1,1,474,701,320,0,316,9.8,43.9,313,29.7,30.5,0.2,3.4,1990.1,0,16.71,14.6,36.5,32.0,33.2,32.0,35.4,32.4,32.9,33.5,54.7,57.7,37,47,27.0,32.9,35,35,25,0,0,0,6,6,4,0,31,31,32,38,33,36,47,47,51,45.02,45.02,44.4,68,600,5.7,0,0,0
10.43,32,0.24,0.26,0.26,11.0,10.9,10.9,0,21.2,0.03,0.06,207.9,5.6,42,1,1,494,700,366,0,367,10.2,47.9,340,29.7,29.1,0.2,3.4,2067.6,0,16.83,14.6,36.7,32.3,33.3,32.2,35.6,32.8,33.1,33.5,54.7,57.7,38,48,27.2,33.0,35,35,25,0,0,0,6,6,4,0,31,31,32,38,34,37,48,48,51,45.02,45.01,44.4,67,590,5.7,0,0,0
11.38,32,0.24,0.26,0.26,11.1,11.4,11.2,0,-0.9,-0.09,0.1,207.9,7.7,50,1,1,545,701,458,1,455,11.1,54.9,395,29.7,30.5,0.2,3.4,2067.6,0,16.83,14.6,36.7,32.2,33.3,32.2,35.6,32.5,33.1,33.6,54.7,57.6,38,48,27.2,33.0,36,36,25,0,0,0,6,6,4,0,31,31,32,38,34,37,48,48,51,45.01,45.01,44.39,67,590,5.7,0,0,0
9.75,32,0.24,0.26,0.26,10.8,10.7,10.7,0,6.7,0.01,0.1,208.0,4.9,48,1,1,454,701,285,0,280,9.4,41.0,291,31.6,30.7,0.3,3.5,2024.2,0,16.77,14.6,36.7,32.1,33.2,32.1,35.5,32.6,33.0,33.5,54.7,57.5,38,48,27.0,33.0,36,36,25,0,0,0,6,6,4,0,31,31,32,38,34,37,48,48,51,45.01,45.01,44.4,67,590,5.8,0,0,0
10.44,32,0.24,0.26,0.26,10.9,10.9,11.1,0,13.7,0.06,0.13,207.9,5.8,45,1,1,486,700,354,1,364,10.2,45.4,332,29.0,28.5,0.2,3.4,2067.6,0,16.83,14.6,36.7,32.2,33.3,32.2,35.6,32.5,32.9,33.7,54.7,57.7,37,48,27.2,33.0,35,35,25,0,0,0,6,6,4,0,31,31,32,38,34,37,48,48,51,45.02,45.01,44.4,67,600,5.8,0,0,0
9.72,32,0.24,0.26,0.26,10.8,10.7,10.8,0,9.8,0.06,0.12,208.0,4.1,48,1,1,458,701,290,1,296,9.6,40.3,295,31.7,31.5,0.3,3.5,1767.9,0,16.38,14.6,36.6,32.1,33.2,32.1,35.5,32.4,33.0,33.5,54.7,57.6,38,48,27.0,33.0,37,36,25,0,0,0,6,6,4,0,31,31,32,38,33,36,48,48,51,45.02,45.01,44.4,67,600,5.7,0,0,0
11.19,32,0.24,0.26,0.26,11.2,11.0,10.9,0,-1.5,-0.02,0.09,207.7,5.9,50,1,1,538,702,444,0,440,11.0,54.1,386,32.4,32.1,0.3,3.5,2067.6,0,16.83,14.6,36.6,32.0,33.2,32.0,35.4,32.3,32.8,33.5,54.7,57.5,38,48,27.0,33.0,38,38,25,0,0,0,6,6,4,0,31,31,32,38,33,37,48,48,51,45.01,45.01,44.4,68,600,5.7,0,0,0
11.29,32,0.24,0.26,0.26,11.0,10.7,10.8,0,8.6,0.03,0.15,207.8,5.5,52,1,1,542,701,457,1,462,11.0,55.6,397,29.5,29.3,0.2,3.4,2067.6,0,16.83,14.6,36.5,31.9,33.0,32.0,35.3,32.2,32.5,33.5,54.7,57.4,37,47,27.0,32.9,35,35,25,0,0,0,6,6,4,0,31,31,32,38,34,37,47,47,51,45.01,45.01,44.4,67,590,5.8,0,0,0
10.26,32,0.24,0.26,0.26,10.9,11.1,11.2,0,13.2,0.12,0.13,207.8,5.6,49,1,1,479,700,340,-1,333,10.0,45.2,326,30.4,31.2,0.2,3.4,2067.6,0,16.83,14.6,36.7,32.3,33.4,32.2,35.7,32.7,33.2,33.7,54.7,57.5,37,48,27.2,33.0,36,36,25,0,0,0,6,6,4,0,31,31,32,38,34,37,48,48,51,45.02,45.01,44.4,67,590,5.8,0,0,0
11.39,32,0.24,0.26,0.26,11.1,10.7,10.9,0,6.9,-0.01,0.1,207.6,7.0,51,1,1,548,701,462,0,467,11.2,56.4,397,30.0,29.7,0.2,3.4,2067.6,0,16.83,14.6,36.5,32.0,33.1,32.0,35.4,32.2,32.6,33.4,54.6,57.6,38,47,27.0,32.9,36,36,25,0,0,0,6,6,4,0,31,31,31,38,34,36,47,47,51,45.02,45.01,44.4,67,590,5.7,0,0,0
11.77,32,0.24,0.26,0.26,10.9,11.3,11.1,0,8.3,0.13,0.1,207.6,5.8,50,1,1,573,702,507,-2,505,11.5,58.5,425,32.6,32.3,0.3,3.5,2067.6,0,16.83,14.6,36.5,32.0,33.2,32.0,35.4,32.3,33.1,33.5,54.7,57.5,37,48,27.0,33.0,38,38,25,0,0,0,6,6,4,0,31,31,32,38,34,37,48,48,51,45.02,45.01,44.4,67,590,5.8,0,0,0
9.94,32,0.24,0.26,0.26,11.0,10.7,10.7,0,2.4,0.11,0.13,207.8,4.7,48,1,1,471,701,319,0,321,9.8,43.7,310,30.5,31.1,0.2,3.4,1934.3,0,16.63,14.6,36.6,32.0,33.2,32.0,35.4,32.3,32.8,33.5,54.7,57.7,37,47,27.0,32.9,36,36,25,0,0,0,6,6,4,0,31,31,32,38,34,36,47,47,51,45.02,45.01,44.4,67,600,5.8,0,0,0
11.61,32,0.24,0.26,0.26,11.2,11.0,11.0,0,9.6,0.08,0.14,207.8,4.9,50,1,1,563,701,490,-4,502,11.4,57.5,415,32.6,32.3,0.3,3.5,2067.6,0,16.83,14.6,36.5,32.0,33.2,32.0,35.5,32.3,32.8,33.5,54.7,57.5,37,48,27.0,33.0,38,39,25,0,0,0,6,6,4,0,31,31,32,38,34,36,48,48,51,45.02,45.01,44.4,68,590,5.8,0,0,0
10.01,32,0.24,0.26,0.26,10.9,10.7,10.8,0,7.4,0.02,0.07,208.0,5.9,49,1,1,473,701,320,0,314,9.8,44.7,313,29.6,30.4,0.2,3.4,1934.3,0,16.63,14.6,36.5,32.0,33.2,32.0,35.4,32.4,32.9,33.5,54.7,57.5,37,47,27.0,32.9,35,35,25,0,0,0,6,6,4,0,31,31,32,38,34,36,47,47,51,45.02,45.01,44.4,67,600,5.8,0,0,0
9.72,32,0.24,0.26,0.26,10.9,10.8,10.8,0,16.4,0.06,0.1,207.7,5.3,47,1,1,454,700,288,-1,294,9.6,40.9,292,32.2,32.9,0.3,3.4,2067.6,0,16.83,14.6,36.5,32.1,33.2,32.0,35.4,32.5,32.9,33.4,54.7,57.6,37,48,27.0,33.0,38,38,25,0,0,0,6,6,4,0,31,31,32,38,34,37,48,48,51,45.01,45.01,44.4,67,580,5.7,0,0,0
10.66,32,0.24,0.26,0.26,11.1,10.9,10.9,0,1.3,0.0,0.09,207.5,5.0,52,1,1,500,701,373,0,379,10.5,48.1,347,28.5,28.2,0.2,3.4,2067.6,0,16.83,14.6,36.5,32.0,33.1,32.0,35.4,32.1,32.7,33.5,54.7,57.4,37,47,27.0,32.9,34,34,25,0,0,0,6,6,4,0,31,31,32,38,34,37,47,47,51,45.02,45.01,44.4,67,580,5.7,0,0,0
10.68,32,0.24,0.26,0.26,11.2,10.7,10.8,0,2.7,0.01,0.1,207.8,5.2,52,1,1,505,702,381,0,391,10.4,48.0,350,28.9,28.5,0.2,3.4,2067.6,0,16.83,14.6,36.5,32.0,33.1,32.0,35.4,32.2,32.8,33.5,54.7,57.5,37,47,27.0,32.9,34,34,25,0,0,0,6,6,4,0,31,31,32,38,34,37,47,47,51,45.02,45.0,44.39,67,600,5.8,0,0,0
10.24,32,0.24,0.26,0.26,10.8,10.9,11.2,0,5.9,0.01,0.14,208.0,5.6,47,1,1,472,701,330,0,336,9.9,43.5,319,29.9,29.7,0.2,3.4,1958.1,0,16.67,14.6,36.7,32.2,33.3,32.1,35.5,32.4,32.9,33.6,54.7,57.7,37,48,27.2,33.0,35,35,25,0,0,0,6,6,4,0,31,31,32,38,33,37,48,48,51,45.02,45.01,44.39,67,600,5.7,0,0,0
10.65,32,0.24,0.26,0.26,11.3,10.8,10.7,0,6.3,0.0,0.1,207.6,5.8,53,1,1,501,701,385,2,386,10.5,48.4,353,29.4,29.1,0.2,3.4,2067.6,0,16.83,14.6,36.5,32.0,33.1,32.0,35.4,32.4,32.6,33.5,54.7,57.6,37,47,27.0,32.9,35,35,25,0,0,0,6,6,4,0,31,31,32,38,34,37,47,47,51,45.01,45.01,44.4,67,590,5.8,0,0,0
11.02,32,0.24,0.26,0.26,11.1,11.2,11.0,0,-0.4,-0.02,0.11,207.9,5.9,54,1,1,522,701,422,1,425,10.9,52.0,375,29.3,28.8,0.2,3.4,2067.6,0,16.83,14.6,36.5,31.9,33.0,32.0,35.3,32.4,32.6,33.4,54.7,57.5,37,47,27.0,32.9,35,35,25,0,0,0,6,6,4,0,31,31,32,38,34,37,47,47,51,45.02,45.01,44.4,67,590,5.8,0,0,0
10.86,32,0.24,0.26,0.26,10.9,10.9,10.9,0,-0.5,0.03,0.12,207.9,6.4,49,1,1,514,701,405,-1,399,10.6,48.9,363,32.3,32.0,0.3,3.5,2067.6,0,16.83,14.6,36.6,32.0,33.2,32.0,35.4,32.3,32.8,33.5,54.7,57.6,37,48,27.0,33.0,37,37,25,0,0,0,6,6,4,0,31,31,32,38,34,37,48,48,51,45.02,45.01,44.4,67,590,5.8,0,0,0
10.99,32,0.24,0.26,0.26,11.3,10.9,10.9,0,7.5,0.03,0.16,207.8,4.8,50,1,1,519,701,419,-2,428,10.8,53.1,374,30.2,29.7,0.2,3.4,2067.6,0,16.83,14.6,36.4,32.0,33.1,32.0,35.4,32.6,32.8,33.4,54.7,57.5,38,47,27.0,32.9,36,36,25,0,0,0,6,6,4,0,31,31,31,38,34,37,47,47,51,45.01,45.01,44.4,67,590,5.8,0,0,0
11.07,32,0.24,0.26,0.26,11.1,10.8,10.8,0,6.4,0.03,0.12,207.6,5.2,51,1,1,529,701,434,1,443,10.9,52.1,381,30.2,29.7,0.2,3.4,2067.6,0,16.83,14.6,36.4,32.0,33.1,32.0,35.4,32.6,32.8,33.4,54.7,57.6,37,47,27.0,32.9,36,36,25,0,0,0,6,6,4,0,31,31,31,38,34,36,47,47,51,45.01,45.01,44.4,67,590,5.8,0,0,0
9.72,32,0.24,0.26,0.26,10.9,10.8,10.8,0,3.2,0.04,0.1,208.0,5.2,48,1,1,459,701,291,-1,298,9.5,41.9,293,31.8,31.4,0.3,3.5,1767.9,0,16.38,14.6,36.5,32.1,33.2,32.0,35.5,32.7,33.0,33.5,54.7,57.6,37,48,27.0,33.0,37,37,25,0,0,0,6,6,4,0,31,31,32,38,34,36,48,48,51,45.02,45.01,44.4,67,580,5.8,0,0,0
10.15,32,0.24,0.26,0.26,11.1,10.9,11.1,0,5.7,0.03,0.11,207.8,5.3,45,1,1,478,701,334,-1,333,10.0,43.9,323,29.7,29.7,0.2,3.4,2067.6,0,16.83,14.6,36.7,32.2,33.3,32.1,35.5,32.6,32.9,33.6,54.6,57.7,38,48,27.2,33.0,35,35,25,0,0,0,6,6,4,0,31,31,32,38,34,37,48,48,51,45.02,45.01,44.39,67,600,5.7,0,0,0
10.65,32,0.24,0.26,0.26,11.0,10.8,10.8,0,16.6,0.04,0.17,208.2,4.1,44,1,1,506,702,381,1,387,10.4,49.2,350,29.0,29.8,0.2,3.4,2067.6,0,16.83,14.6,36.7,32.2,33.3,32.2,35.5,32.5,32.9,33.6,54.6,57.6,38,48,27.2,33.0,35,35,25,0,0,0,6,6,4,0,31,31,32,38,34,37,48,48,51,45.01,45.01,44.39,67,590,5.7,0,0,0
10.06,32,0.24,0.26,0.26,10.8,11.0,11.1,0,-4.5,0.03,0.07,207.6,5.5,51,1,1,470,700,316,0,320,9.8,42.3,311,29.8,30.4,0.2,3.4,1934.3,0,16.63,14.6,36.5,32.0,33.2,32.0,35.4,32.3,32.9,33.5,54.7,57.5,37,47,27.0,32.9,36,35,25,0,0,0,6,6,4,0,31,31,32,38,34,37,47,47,51,45.02,45.01,44.39,67,590,5.8,0,0,0
10.56,32,0.24,0.26,0.26,11.1,10.6,10.8,0,2.8,0.12,0.15,207.6,5.4,54,1,1,498,701,370,-1,370,10.4,47.2,345,29.1,28.8,0.2,3.4,2067.6,0,16.83,14.6,36.5,32.0,33.1,32.0,35.4,32.3,32.7,33.5,54.7,57.6,37,47,27.0,32.9,35,35,25,0,0,0,6,6,4,0,31,31,32,38,34,37,47,47,51,45.01,45.01,44.4,67,590,5.8,0,0,0
11.46,32,0.24,0.26,0.26,11.1,10.7,10.9,0,0.7,0.06,0.1,207.8,7.3,51,1,1,555,701,475,1,480,11.2,56.7,405,32.5,32.4,0.3,3.5,2067.6,0,16.83,14.6,36.6,32.0,33.2,32.0,35.4,32.2,32.9,33.5,54.7,57.5,37,48,27.0,33.0,38,38,25,0,0,0,6,6,4,0,31,31,32,38,34,37,48,48,51,45.02,45.01,44.4,67,590,5.8,0,0,0
11.19,32,0.24,0.26,0.26,11.2,10.7,10.8,0,6.5,0.04,0.16,207.8,5.7,53,1,1,531,701,436,0,435,11.0,52.2,382,29.3,29.3,0.2,3.4,2067.6,0,16.83,14.6,36.5,31.9,33.0,32.0,35.3,32.4,32.6,33.4,54.7,57.6,37,47,27.0,32.9,35,35,25,0,0,0,6,6,4,0,31,31,32,38,34,36,47,47,51,45.01,45.01,44.4,68,590,5.8,0,0,0
11.22,32,0.24,0.26,0.26,11.2,10.7,10.9,0,2.4,0.14,0.1,207.8,7.3,49,1,1,541,701,446,-1,442,11.0,52.6,388,30.0,30.6,0.2,3.4,2067.6,0,16.83,14.6,36.7,32.2,33.3,32.2,35.6,32.6,33.1,33.6,54.7,57.5,37,48,27.2,33.0,36,36,25,0,0,0,6,6,4,0,31,31,32,38,34,37,48,48,51,45.02,45.01,44.39,68,590,5.8,0,0,0
9.74,32,0.24,0.26,0.26,10.8,10.9,11.3,0,8.9,0.08,0.1,207.9,4.0,48,1,1,456,701,291,-2,289,9.7,41.1,293,32.0,31.5,0.3,3.4,1767.9,0,16.38,14.6,36.6,32.1,33.2,32.1,35.4,32.3,33.0,33.5,54.6,57.6,38,48,27.0,33.0,37,36,25,0,0,0,6,6,4,0,31,31,32,38,34,37,48,48,51,45.02,45.01,44.39,67,580,5.8,0,0,0
11.29,32,0.24,0.26,0.26,11.2,10.9,11.0,0,5.3,0.03,0.13,207.9,5.6,51,1,1,541,701,452,0,452,11.1,54.2,393,29.5,29.5,0.2,3.4,2067.6,0,16.83,14.6,36.6,31.9,33.0,32.0,35.3,32.1,32.5,33.4,54.7,57.5,37,47,27.0,32.9,35,36,25,0,0,0,6,6,4,0,31,31,32,38,33,36,47,47,51,45.02,45.01,44.4,67,590,5.7,0,0,0
10.46,32,0.24,0.26,0.26,10.9,10.9,11.3,0,17.7,0.08,0.15,207.9,5.7,44,1,1,490,700,361,0,366,10.2,48.2,338,29.6,28.8,0.2,3.4,2067.6,0,16.83,14.6,36.7,32.3,33.3,32.2,35.6,32.5,33.0,33.6,54.6,57.7,37,48,27.2,33.0,35,35,25,0,0,0,6,6,4,0,31,31,32,38,34,37,48,48,51,45.02,45.01,44.39,67,590,5.8,0,0,0
9.94,32,0.24,0.26,0.26,10.9,10.8,10.9,0,13.1,0.04,0.07,207.6,4.6,49,1,1,466,701,308,1,314,9.7,42.3,305,30.8,30.6,0.3,3.4,2067.6,0,16.83,14.6,36.7,32.1,33.3,32.1,35.5,32.2,32.9,33.5,54.7,57.6,38,48,27.1,33.0,36,36,25,0,0,0,6,6,4,0,31,31,32,38,34,36,48,48,51,45.01,45.01,44.4,67,590,5.7,0,0,0
9.79,32,0.24,0.26,0.26,10.9,10.8,10.9,0,8.4,0.06,0.08,207.8,4.5,49,1,1,466,702,301,-2,308,9.6,41.8,300,30.9,30.5,0.2,3.4,2067.6,0,16.83,14.6,36.7,32.1,33.3,32.1,35.5,32.2,33.0,33.5,54.7,57.4,38,48,27.1,33.0,36,36,25,0,0,0,6,6,4,0,31,31,32,38,34,37,48,48,51,45.02,45.01,44.4,67,590,5.8,0,0,0
9.74,32,0.24,0.26,0.26,10.8,10.8,11.0,0,1.4,0.03,0.1,207.6,4.7,49,1,1,460,701,290,-1,295,9.5,41.4,293,31.9,31.6,0.3,3.4,1767.9,0,16.38,14.6,36.5,32.1,33.2,32.0,35.5,32.7,33.1,33.5,54.7,57.6,37,48,27.0,33.0,37,37,25,0,0,0,6,6,4,0,31,31,32,38,34,37,48,48,51,45.02,45.01,44.4,67,590,5.7,0,0,0
10.66,32,0.24,0.26,0.26,11.2,10.9,10.8,0,-1.1,0.14,0.13,207.7,4.6,53,1,1,507,701,387,1,398,10.4,49.7,357,33.0,32.6,0.3,3.5,2067.6,0,16.83,14.6,36.6,32.0,33.2,32.0,35.4,32.4,32.8,33.4,54.6,57.6,37,48,27.0,33.0,38,39,25,0,0,0,6,6,4,0,31,31,32,38,34,37,48,48,51,45.01,45.01,44.39,67,590,5.8,0,0,0
10.35,32,0.24,0.26,0.26,10.9,10.9,10.8,0,10.2,-0.04,0.13,207.6,4.9,48,1,1,483,701,343,1,349,10.0,45.9,326,32.1,31.7,0.3,3.5,1825.8,0,16.47,14.6,36.5,32.1,33.2,32.0,35.4,32.5,32.9,33.5,54.7,57.5,37,48,27.0,33.0,37,37,25,0,0,0,6,6,4,0,31,31,32,38,34,37,48,48,51,45.01,45.01,44.39,67,590,5.8,0,0,0
10.68,32,0.24,0.26,0.26,11.0,10.9,10.9,0,8.9,0.03,0.06,207.6,5.0,52,1,1,500,701,377,0,383,10.4,48.9,349,29.5,28.9,0.2,3.4,2067.6,0,16.83,14.6,36.5,32.0,33.1,32.0,35.4,32.3,32.6,33.5,54.7,57.6,37,47,27.0,32.9,35,35,25,0,0,0,6,6,4,0,31,31,32,38,34,37,47,47,51,45.01,45.01,44.4,67,590,5.7,0,0,0
10.57,32,0.24,0.26,0.26,10.9,11.0,10.9,0,0.3,0.03,0.11,207.6,6.6,53,1,1,488,700,363,-2,372,10.4,46.1,341,32.8,32.8,0.3,3.5,2067.6,0,16.83,14.6,36.6,32.0,33.2,32.0,35.4,32.2,32.6,33.5,54.6,57.5,38,47,27.0,33.0,38,38,25,0,0,0,6,6,4,0,31,31,32,38,34,37,47,47,51,45.01,45.01,44.39,67,590,5.8,0,0,0
10.46,32,0.24,0.26,0.26,10.9,11.1,11.1,0,6.5,0.05,0.17,208.2,5.1,46,1,1,488,700,355,1,358,10.2,46.0,335,28.8,29.7,0.2,3.4,2067.6,0,16.83,14.6,36.7,32.2,33.3,32.2,35.6,32.5,33.0,33.6,54.6,57.6,38,48,27.2,33.0,35,35,25,0,0,0,6,6,4,0,31,31,32,38,34,37,48,48,51,45.02,45.01,44.4,67,590,5.7,0,0,0
10.77,32,0.24,0.26,0.26,11.3,10.7,10.8,0,-2.7,-0.04,0.1,207.9,7.3,51,1,1,511,702,388,0,392,10.5,49.1,353,30.5,30.0,0.2,3.4,1958.1,0,16.67,14.6,36.7,32.2,33.3,32.1,35.6,32.5,33.1,33.6,54.7,57.6,38,48,27.2,33.0,36,36,25,0,0,0,6,6,4,0,31,31,32,38,34,37,48,48,51,45.01,45.01,44.4,67,590,5.8,0,0,0
9.84,32,0.24,0.26,0.26,10.8,10.8,10.8,0,5.9,0.04,0.1,208.0,4.8,46,1,1,468,701,307,-2,311,9.7,42.0,304,29.8,29.8,0.2,3.4,2067.6,0,16.83,14.6,36.7,32.2,33.3,32.1,35.5,32.5,32.9,33.6,54.7,57.6,37,48,27.2,33.0,35,35,25,0,0,0,6,6,4,0,31,31,32,38,34,37,48,48,51,45.02,45.01,44.4,67,590,5.7,0,0,0
10.1,32,0.24,0.26,0.26,11.1,10.8,10.8,0,4.2,0.05,0.13,207.8,5.4,47,1,1,473,701,324,-2,322,9.8,42.5,314,30.2,29.9,0.2,3.4,1958.1,0,16.67,14.6,36.7,32.2,33.3,32.1,35.5,32.4,32.9,33.6,54.7,57.6,38,48,27.2,33.0,35,35,25,0,0,0,6,6,4,0,31,31,32,38,34,37,48,48,51,45.02,45.01,44.4,67,590,5.8,0,0,0
10.4,32,0.24,0.26,0.26,10.9,10.9,11.1,0,9.1,0.08,0.15,207.8,4.7,51,1,1,487,701,353,-1,351,10.2,47.0,334,30.6,30.3,0.2,3.4,2067.6,0,16.83,14.6,36.7,32.2,33.3,32.1,35.5,32.6,32.9,33.6,54.6,57.6,38,48,27.1,33.0,36,36,25,0,0,0,6,6,4,0,31,31,32,38,34,37,48,48,51,45.02,45.0,44.39,67,590,5.8,0,0,0
10.45,32,0.24,0.26,0.26,11.2,10.8,10.8,0,15.4,0.05,0.16,207.9,6.5,45,1,1,489,700,359,0,356,10.2,47.4,336,29.3,28.7,0.2,3.4,2067.6,0,16.83,14.6,36.7,32.2,33.3,32.2,35.6,32.5,32.9,33.6,54.6,57.6,37,48,27.2,33.0,35,35,25,0,0,0,6,6,4,0,31,31,32,38,34,37,48,48,51,45.02,45.01,44.4,68,600,5.7,0,0,0
10.2,32,0.24,0.26,0.26,10.9,10.8,10.8,0,1.7,0.03,0.08,207.9,4.0,47,1,1,475,700,331,1,336,10.0,44.4,320,28.6,29.0,0.2,3.4,2067.6,0,16.83,14.6,36.7,32.2,33.3,32.2,35.6,32.5,32.9,33.6,54.6,57.4,37,48,27.2,33.0,34,34,25,0,0,0,6,6,4,0,31,31,32,38,34,37,48,48,51,45.01,45.0,44.4,68,590,5.7,0,0,0
10.36,32,0.24,0.26,0.26,11.1,10.9,11.0,0,14.7,0.03,0.14,208.0,5.4,45,1,1,485,700,352,1,354,10.1,45.0,331,29.1,28.8,0.2,3.4,2067.6,0,16.83,14.6,36.7,32.3,33.3,32.2,35.6,32.5,32.9,33.6,54.7,57.6,37,48,27.2,33.0,35,35,25,0,0,0,6,6,4,0,31,31,32,38,34,36,48,48,51,45.02,45.01,44.4,67,600,5.8,0,0,0
9.58,32,0.24,0.26,0.26,10.9,11.1,10.8,0,6.6,-0.05,0.15,208.0,3.2,48,1,1,452,702,276,-1,271,9.5,40.6,283,31.4,31.4,0.3,3.4,1752.4,0,16.36,14.6,36.7,32.1,33.2,32.1,35.5,32.6,32.9,33.5,54.7,57.5,37,48,27.0,33.0,36,36,25,0,0,0,6,6,4,0,31,31,32,38,34,37,48,48,51,45.02,45.01,44.4,67,590,5.8,0,0,0
11.6,32,0.24,0.26,0.26,11.1,10.7,11.0,0,7.0,0.05,0.13,207.7,6.6,51,1,1,566,700,492,-3,496,11.5,56.1,414,30.3,30.4,0.2,3.4,2067.6,0,16.83,14.6,36.5,32.0,33.1,32.0,35.4,32.2,32.6,33.4,54.6,57.5,37,47,27.0,32.9,36,37,25,0,0,0,6,6,4,0,31,31,31,38,34,36,47,47,51,45.01,45.01,44.4,67,590,5.8,0,0,0
10.42,32,0.24,0.26,0.26,11.1,10.9,10.8,0,7.6,0.07,0.09,208.0,4.8,51,1,1,487,701,357,-2,351,10.2,47.9,337,30.8,30.3,0.2,3.4,2067.6,0,16.83,14.6,36.7,32.2,33.3,32.1,35.5,32.6,33.0,33.5,54.7,57.4,37,48,27.1,33.0,36,36,25,0,0,0,6,6,4,0,31,31,32,38,34,37,48,48,51,45.02,45.0,44.39,68,580,5.7,0,0,0
10.56,32,0.24,0.26,0.26,11.1,10.8,10.9,0,-3.0,0.18,0.14,208.0,6.8,50,1,1,496,701,370,0,369,10.3,47.4,345,30.0,29.8,0.2,3.4,1958.1,0,16.67,14.6,36.7,32.2,33.3,32.1,35.6,32.5,33.1,33.6,54.7,57.5,37,48,27.2,33.0,35,35,25,0,0,0,6,6,4,0,31,31,32,38,34,37,48,48,51,45.01,45.01,44.39,68,600,5.7,0,0,0
10.94,32,0.24,0.26,0.26,11.2,11.1,11.0,0,27.8,0.06,0.09,207.8,4.5,44,1,1,519,702,414,1,425,10.7,51.5,371,29.6,30.1,0.2,3.4,2067.6,0,16.83,14.6,36.7,32.2,33.3,32.2,35.6,32.5,32.9,33.6,54.6,57.6,38,48,27.2,33.0,36,36,25,0,0,0,6,6,4,0,31,31,32,38,34,37,48,48,51,45.02,45.01,44.39,67,600,5.8,0,0,0
10.45,32,0.24,0.26,0.26,11.0,10.8,10.9,0,16.3,0.03,0.07,207.9,6.0,45,1,1,484,701,356,1,363,10.2,46.5,337,29.6,28.8,0.2,3.4,2067.6,0,16.83,14.6,36.7,32.2,33.3,32.2,35.6,32.5,33.0,33.6,54.6,57.7,37,48,27.2,33.0,35,35,25,0,0,0,6,6,4,0,31,31,32,38,34,37,48,48,51,45.02,45.01,44.4,67,590,5.7,0,0,0
10.77,32,0.24,0.26,0.26,10.9,11.0,11.1,0,-1.7,-0.01,0.13,207.8,5.2,53,1,1,507,701,389,-1,387,10.5,49.1,354,33.3,32.7,0.3,3.5,2067.6,0,16.83,14.6,36.6,32.0,33.2,32.0,35.4,32.4,32.8,33.4,54.6,57.6,37,48,27.0,33.0,39,39,25,0,0,0,6,6,4,0,31,31,32,38,34,37,48,48,51,45.01,45.01,44.4,68,590,5.8,0,0,0
10.24,32,0.24,0.26,0.26,10.8,10.8,10.9,0,2.9,0.01,0.05,208.0,5.5,45,1,1,486,701,345,-1,352,10.0,45.2,330,29.9,29.8,0.2,3.4,2067.6,0,16.83,14.6,36.7,32.2,33.3,32.2,35.5,32.6,32.9,33.6,54.6,57.7,38,48,27.2,33.0,35,35,25,0,0,0,6,6,4,0,31,31,32,38,34,37,48,48,51,45.01,45.01,44.39,68,600,5.8,0,0,0
10.46,32,0.24,0.26,0.26,11.1,10.6,10.8,0,7.0,0.01,0.15,207.7,4.9,51,1,1,492,702,361,0,363,10.3,46.6,339,30.7,30.3,0.2,3.4,2067.6,0,16.83,14.6,36.7,32.2,33.3,32.1,35.5,32.6,33.0,33.6,54.6,57.5,37,48,27.2,33.0,36,36,25,0,0,0,6,6,4,0,31,31,32,38,34,37,48,48,51,45.02,45.01,44.39,68,590,5.7,0,0,0
10.87,32,0.24,0.26,0.26,11.1,10.9,11.0,0,-2.0,-0.06,0.08,207.8,7.2,54,1,1,515,701,405,0,408,10.7,49.9,366,29.2,29.3,0.2,3.4,2067.6,0,16.83,14.6,36.5,32.0,33.1,32.0,35.3,32.4,32.6,33.4,54.7,57.6,38,47,27.0,32.9,35,35,25,0,0,0,6,6,4,0,31,31,32,38,34,36,47,47,51,45.01,45.01,44.4,68,590,5.7,0,0,0
11.18,32,0.24,0.26,0.26,10.9,11.3,11.1,0,11.9,0.14,0.06,207.7,6.3,50,1,1,535,700,451,-3,448,11.0,54.5,394,29.9,29.4,0.2,3.4,2067.6,0,16.83,14.6,36.5,31.9,33.1,32.0,35.3,32.2,32.8,33.4,54.7,57.5,37,47,27.0,32.9,36,36,25,0,0,0,6,6,4,0,31,31,31,38,33,36,47,47,51,45.02,45.01,44.4,67,600,5.7,0,0,0
9.74,32,0.24,0.26,0.26,10.9,10.8,11.1,0,5.4,0.07,0.1,208.0,5.0,48,1,1,458,701,283,-1,288,9.4,41.2,288,31.7,31.3,0.3,3.4,1747.2,0,16.35,14.6,36.7,32.1,33.2,32.1,35.4,32.2,32.8,33.5,54.7,57.6,37,48,27.0,33.0,37,36,25,0,0,0,6,6,4,0,31,31,32,38,34,37,48,48,51,45.01,45.01,44.4,67,600,5.7,0,0,0
9.58,32,0.24,0.26,0.26,10.9,10.7,10.8,0,12.8,0.03,0.1,207.8,4.1,48,1,1,453,701,282,-1,286,9.4,40.9,286,31.2,30.7,0.3,3.4,2024.2,0,16.77,14.6,36.7,32.1,33.3,32.1,35.5,32.4,33.0,33.6,54.7,57.5,38,48,27.0,33.0,36,36,25,0,0,0,6,6,4,0,31,31,32,38,34,37,48,48,51,45.01,45.01,44.4,68,580,5.7,0,0,0
9.93,32,0.24,0.26,0.26,11.1,10.6,10.8,0,12.1,0.01,0.12,207.9,4.7,49,1,1,471,701,311,0,316,9.7,44.2,309,30.9,31.0,0.2,3.4,2067.6,0,16.83,14.6,36.7,32.1,33.3,32.1,35.5,32.2,32.8,33.6,54.7,57.6,37,48,27.1,33.0,36,36,25,0,0,0,6,6,4,0,31,31,32,38,34,36,48,48,51,45.01,45.01,44.4,67,590,5.8,0,0,0
10.07,32,0.24,0.26,0.26,10.9,10.9,10.7,0,5.4,0.08,0.12,207.9,6.1,45,1,1,477,701,331,1,328,9.9,43.5,320,29.8,29.8,0.2,3.4,2067.6,0,16.83,14.6,36.7,32.2,33.3,32.1,35.5,32.6,32.9,33.6,54.7,57.7,37,48,27.2,33.0,35,35,25,0,0,0,6,6,4,0,31,31,32,38,34,37,48,48,51,45.02,45.01,44.39,67,590,5.8,0,0,0
11.5,32,0.24,0.26,0.26,11.3,10.9,11.1,0,9.5,-0.04,0.12,207.9,5.6,49,1,1,559,701,482,2,487,11.3,56.3,411,32.9,32.3,0.3,3.5,2067.6,0,16.83,14.6,36.5,32.0,33.2,32.0,35.5,32.3,32.8,33.5,54.6,57.6,37,48,27.0,33.0,38,39,0,0,0,0,6,6,4,0,31,31,32,38,34,37,48,48,51,45.02,45.01,44.4,67,600,5.7,0,0,0
11.28,32,0.24,0.26,0.26,11.1,10.7,10.9,0,0.5,0.03,0.14,207.8,8.2,51,1,1,540,701,451,-1,447,10.9,53.3,391,29.8,29.5,0.2,3.4,2067.6,0,16.83,14.6,36.5,32.0,33.1,32.0,35.4,32.5,32.9,33.4,54.7,57.6,37,47,27.0,32.9,36,36,25,0,0,0,6,6,4,0,31,31,31,38,34,37,47,47,51,45.02,45.01,44.39,67,600,5.8,0,0,0
10.35,32,0.24,0.26,0.26,11.0,10.8,10.9,0,8.9,0.0,0.1,207.9,4.4,51,1,1,486,701,352,0,349,10.1,45.5,334,30.7,30.5,0.2,3.4,2067.6,0,16.83,14.6,36.7,32.2,33.3,32.1,35.5,32.5,32.9,33.6,54.6,57.7,37,48,27.1,33.0,36,36,25,0,0,0,6,6,4,0,31,31,32,38,34,37,48,48,51,45.02,45.01,44.39,67,600,5.8,0,0,0
10.5,32,0.24,0.26,0.26,11.0,10.8,10.9,0,17.2,0.02,0.16,207.8,5.3,44,1,1,489,700,364,1,363,10.3,48.5,341,29.7,29.0,0.2,3.4,2067.6,0,16.83,14.6,36.7,32.2,33.3,32.2,35.5,32.6,33.0,33.6,54.7,57.5,37,48,27.2,33.0,35,35,25,0,0,0,6,6,4,0,31,31,32,38,34,37,48,48,51,45.02,45.01,44.39,67,600,5.8,0,0,0
10.09,32,0.24,0.26,0.26,10.9,10.9,11.1,0,14.3,0.03,0.07,207.8,5.2,48,1,1,472,701,320,0,321,9.8,43.0,313,29.7,30.6,0.2,3.4,1990.1,0,16.71,14.6,36.5,32.0,33.2,32.0,35.4,32.4,32.9,33.5,54.7,57.7,37,47,27.0,32.9,35,35,25,0,0,0,6,6,4,0,31,31,32,38,34,37,47,47,51,45.02,45.02,44.4,68,590,5.7,0,0,0
10.48,32,0.24,0.26,0.26,11.0,10.9,10.9,0,8.9,0.08,0.12,207.8,5.5,48,1,1,486,701,355,0,360,10.2,47.4,334,32.3,31.9,0.3,3.5,2067.6,0,16.83,14.6,36.6,32.0,33.2,32.0,35.4,32.4,32.8,33.5,54.7,57.5,38,48,27.0,33.0,37,37,25,0,0,0,6,6,4,0,31,31,32,38,34,37,48,48,51,45.02,45.01,44.39,67,600,5.8,0,0,0
9.84,32,0.24,0.26,0.26,11.1,10.7,10.8,0,13.0,-0.04,0.06,207.8,5.4,46,1,1,461,701,300,1,305,9.6,41.3,300,31.4,32.3,0.2,3.4,1745.1,0,16.35,14.6,36.6,32.1,33.2,32.0,35.4,32.5,32.8,33.4,54.7,57.5,37,47,27.0,33.0,36,37,25,0,0,0,6,6,4,0,31,31,32,38,34,36,47,47,51,45.01,45.01,44.4,67,580,5.7,0,0,0
10.65,32,0.24,0.26,0.26,11.1,11.1,11.0,0,6.7,0.01,0.1,207.8,5.0,52,1,1,500,700,383,-2,377,10.3,49.5,352,33.1,32.7,0.3,3.5,2067.6,0,16.83,14.6,36.7,32.0,33.2,32.0,35.4,32.2,32.8,33.5,54.7,57.6,38,47,27.0,33.0,38,39,25,0,0,0,6,6,4,0,31,31,32,38,33,37,47,47,51,45.02,45.01,44.4,67,600,5.8,0,0,0
10.27,32,0.24,0.26,0.26,11.1,10.7,10.9,0,6.1,0.06,0.06,208.0,4.8,47,1,1,479,701,337,-2,336,10.0,44.3,324,28.6,29.1,0.2,3.4,2067.6,0,16.83,14.6,36.7,32.2,33.3,32.2,35.6,32.5,32.9,33.6,54.6,57.6,37,48,27.2,33.0,34,34,25,0,0,0,6,6,4,0,31,31,32,38,34,37,48,48,51,45.01,45.01,44.4,67,590,5.8,0,0,0
10.25,32,0.24,0.26,0.26,11.0,11.1,10.9,0,8.0,0.07,0.1,207.6,3.9,51,1,1,481,700,343,0,349,9.9,47.2,328,33.1,33.0,0.3,3.5,2067.6,0,16.83,14.6,36.5,32.0,33.2,32.0,35.4,32.4,32.7,33.5,54.7,57.7,38,47,27.0,33.0,39,39,25,0,0,0,6,6,4,0,31,31,32,38,34,37,47,47,51,45.02,45.01,44.4,67,590,5.7,0,0,0
10.67,32,0.24,0.26,0.26,10.9,11.0,11.1,0,-1.7,0.05,0.16,207.8,5.5,53,1,1,503,701,378,-2,383,10.4,48.1,349,28.8,28.3,0.2,3.4,2067.6,0,16.83,14.6,36.5,32.0,33.1,32.0,35.4,32.3,32.8,33.4,54.7,57.5,38,47,27.0,32.9,35,35,25,0,0,0,6,6,4,0,31,31,32,38,34,37,47,47,51,45.02,45.01,44.4,67,590,5.8,0,0,0
10.43,32,0.24,0.26,0.26,10.9,10.8,10.9,0,18.1,0.03,0.05,208.0,5.4,42,1,1,494,701,361,0,360,10.4,48.2,336,30.0,29.3,0.2,3.4,2067.6,0,16.83,14.6,36.7,32.3,33.3,32.2,35.5,32.8,33.1,33.5,54.6,57.5,38,48,27.2,33.0,35,35,25,0,0,0,6,6,4,0,31,31,32,38,34,37,48,48,51,45.02,45.01,44.4,67,590,5.8,0,0,0
10.47,32,0.24,0.26,0.26,11.1,10.9,10.9,0,18.0,0.03,0.15,208.0,5.5,42,1,1,494,701,362,-1,357,10.2,46.7,339,29.8,28.9,0.2,3.4,2067.6,0,16.83,14.6,36.7,32.3,33.3,32.2,35.6,32.8,33.1,33.5,54.7,57.5,37,48,27.2,33.0,35,35,25,0,0,0,6,6,4,0,31,31,32,38,34,37,48,48,51,45.02,45.01,44.4,67,590,5.8,0,0,0
11.28,32,0.24,0.26,0.26,11.2,10.7,11.0,0,6.9,0.1,0.15,208.0,6.7,49,1,1,543,701,459,-1,459,11.1,55.3,399,29.7,30.6,0.2,3.4,2067.6,0,16.83,14.6,36.7,32.2,33.3,32.3,35.6,32.6,33.0,33.6,54.7,57.6,37,48,27.2,33.0,36,36,25,0,0,0,6,6,4,0,31,31,32,38,34,37,48,48,51,45.02,45.01,44.4,67,600,5.8,0,0,0
10.47,32,0.24,0.26,0.26,11.2,10.9,10.8,0,16.3,0.05,0.08,207.8,5.6,44,1,1,495,701,366,0,365,10.3,47.2,341,29.5,28.9,0.2,3.4,2067.6,0,16.83,14.6,36.7,32.3,33.3,32.2,35.5,32.6,33.0,33.6,54.7,57.6,37,48,27.2,33.0,35,35,25,0,0,0,6,6,4,0,31,31,32,38,34,37,48,48,51,45.02,45.01,44.39,67,590,5.8,0,0,0
9.75,32,0.24,0.26,0.26,10.8,10.8,10.7,0,17.1,0.05,0.13,207.6,5.4,46,1,1,463,701,294,0,298,9.6,42.6,295,31.5,32.7,0.2,3.4,1745.1,0,16.35,14.6,36.5,32.1,33.2,32.0,35.4,32.6,33.0,33.4,54.6,57.6,37,47,27.0,33.0,37,37,25,0,0,0,6,6,4,0,31,31,32,38,33,36,47,47,51,45.01,45.01,44.39,67,590,5.8,0,0,0
11.75,32,0.24,0.26,0.26,11.3,10.9,10.9,0,7.7,-0.02,0.11,207.8,6.0,50,1,1,572,701,510,-1,519,11.5,59.0,426,32.7,32.3,0.3,3.5,2067.6,0,16.83,14.6,36.5,32.0,33.2,32.0,35.4,32.3,33.1,33.5,54.7,57.5,37,48,27.0,33.0,38,38,25,0,0,0,6,6,4,0,31,31,32,38,34,36,48,48,51,45.01,45.01,44.39,67,590,5.8,0,0,0
10.07,32,0.24,0.26,0.26,10.9,10.9,10.9,0,9.9,0.02,0.13,208.0,5.0,50,1,1,474,702,323,0,321,9.8,43.6,316,30.8,30.7,0.3,3.4,2067.6,0,16.83,14.6,36.7,32.1,33.3,32.1,35.5,32.2,32.8,33.6,54.7,57.4,37,48,27.1,33.0,36,36,25,0,0,0,6,6,4,0,31,31,32,38,34,37,48,48,51,45.01,45.01,44.39,67,600,5.8,0,0,0
10.69,32,0.24,0.26,0.26,11.0,11.0,11.0,0,0.2,0.1,0.11,208.2,4.8,51,1,1,505,701,391,-3,395,10.5,48.8,358,30.2,29.8,0.2,3.4,2067.6,0,16.83,14.6,36.7,32.2,33.3,32.1,35.6,32.5,33.1,33.6,54.7,57.5,37,48,27.2,33.0,36,36,25,0,0,0,6,6,4,0,31,31,32,38,34,37,48,48,51,45.02,45.01,44.4,68,600,5.7,0,0,0
9.78,32,0.24,0.26,0.26,10.9,10.7,10.7,0,15.3,-0.02,0.03,207.7,5.1,46,1,1,462,700,300,1,305,9.6,41.3,299,31.6,32.7,0.3,3.4,1745.1,0,16.35,14.6,36.5,32.1,33.2,32.0,35.4,32.6,33.0,33.4,54.6,57.5,37,47,27.0,33.0,37,37,25,0,0,0,6,6,4,0,31,31,32,38,33,36,47,47,51,45.01,45.01,44.39,67,600,5.8,0,0,0
10.67,32,0.24,0.26,0.26,10.9,11.1,11.2,0,5.9,0.07,0.13,207.5,6.1,53,1,1,499,700,379,-1,374,10.4,48.1,349,32.9,32.9,0.3,3.5,2067.6,0,16.83,14.6,36.7,32.0,33.2,32.0,35.4,32.2,32.8,33.5,54.6,57.7,37,47,27.0,33.0,38,38,25,0,0,0,6,6,4,0,31,31,32,38,34,37,47,47,51,45.01,45.01,44.4,67,600,5.7,0,0,0
10.15,32,0.24,0.26,0.26,10.8,11.0,11.2,0,-4.6,0.17,0.08,207.6,4.6,51,1,1,476,701,331,-1,336,10.0,43.3,320,29.5,30.0,0.2,3.4,1990.1,0,16.71,14.6,36.5,32.0,33.2,32.0,35.4,32.4,32.8,33.5,54.7,57.3,37,47,27.0,32.9,35,35,25,0,0,0,6,6,4,0,31,31,32,38,34,36,47,47,51,45.02,45.01,44.4,66,580,5.8,0,0,0
9.73,32,0.24,0.26,0.26,10.8,10.8,10.8,0,8.1,0.05,0.12,207.9,5.1,48,1,1,461,701,287,-1,286,9.5,40.0,291,31.8,31.6,0.3,3.5,1767.9,0,16.38,14.6,36.6,32.1,33.2,32.1,35.4,32.3,33.0,33.5,54.6,57.7,38,48,27.0,33.0,37,36,25,0,0,0,6,6,4,0,31,31,32,38,34,37,48,48,51,45.02,45.01,44.39,68,580,5.8,0,0,0
11.59,32,0.24,0.26,0.26,11.1,11.2,11.0,0,3.3,0.0,0.05,207.7,6.5,50,1,1,563,701,486,1,493,11.3,55.8,411,32.5,32.3,0.3,3.5,2067.6,0,16.83,14.6,36.6,32.0,33.2,32.0,35.4,32.2,32.9,33.5,54.7,57.5,37,48,27.0,33.0,38,38,25,0,0,0,6,6,4,0,31,31,32,38,34,36,48,48,51,45.02,45.01,44.39,67,590,5.8,0,0,0
10.87,32,0.24,0.26,0.26,11.1,10.8,10.8,0,4.1,-0.02,0.14,207.8,4.7,50,1,1,514,701,403,-1,407,10.7,51.8,366,30.1,30.0,0.2,3.4,2067.6,0,16.83,14.6,36.5,32.0,33.1,32.0,35.4,32.5,32.6,33.5,54.7,57.5,37,47,27.0,32.9,36,36,25,0,0,0,6,6,4,0,31,31,32,38,34,37,47,47,51,45.01,45.01,44.4,67,590,5.8,0,0,0
10.07,32,0.24,0.26,0.26,11.1,10.9,10.8,0,2.4,-0.05,0.1,207.8,6.1,46,1,1,474,701,325,1,320,9.8,44.0,314,29.9,29.7,0.2,3.4,2067.6,0,16.83,14.6,36.7,32.2,33.3,32.1,35.5,32.6,32.9,33.6,54.6,57.7,38,48,27.2,33.0,35,35,25,0,0,0,6,6,4,0,31,31,32,38,34,37,48,48,51,45.02,45.01,44.39,67,590,5.8,0,0,0
11.19,32,0.24,0.26,0.26,11.2,10.9,10.8,0,4.7,0.06,0.1,207.9,6.4,51,1,1,533,701,442,-1,439,11.0,53.1,387,30.0,30.0,0.2,3.4,2067.6,0,16.83,14.6,36.4,32.0,33.1,32.0,35.4,32.6,32.9,33.4,54.7,57.5,37,47,27.0,32.9,36,36,25,0,0,0,6,6,4,0,31,31,31,38,33,37,47,47,51,45.01,45.01,44.4,67,600,5.7,0,0,0
11.19,32,0.24,0.26,0.26,11.1,10.8,10.8,0,5.0,0.06,0.1,208.0,5.9,50,1,1,537,700,452,-1,462,11.0,54.0,394,32.6,32.6,0.3,3.5,2067.6,0,16.83,14.6,36.6,32.0,33.2,32.0,35.4,32.2,32.7,33.5,54.7,57.6,37,48,27.0,33.0,39,39,0,0,0,0,6,6,4,0,31,31,32,38,34,37,48,48,51,45.01,45.01,44.39,67,600,5.8,0,0,0
10.61,32,0.24,0.26,0.26,11.1,10.8,10.8,0,6.5,0.03,0.12,207.9,4.9,51,1,1,500,702,381,-2,380,10.4,50.1,350,30.3,30.2,0.3,3.4,2067.6,0,16.83,14.6,36.7,32.2,33.3,32.1,35.5,32.7,33.0,33.5,54.6,57.5,38,48,27.2,33.0,36,36,25,0,0,0,6,6,4,0,31,31,32,38,34,37,48,48,51,45.02,45.01,44.4,67,600,5.8,0,0,0
9.62,32,0.24,0.26,0.26,10.9,10.8,10.9,0,7.7,0.03,0.1,207.8,4.7,49,1,1,450,701,281,0,292,9.4,39.1,287,31.1,30.7,0.3,3.4,2024.2,0,16.77,14.6,36.7,32.1,33.3,32.1,35.5,32.2,33.0,33.5,54.7,57.5,37,48,27.1,33.0,36,36,25,0,0,0,6,6,4,0,31,31,32,38,34,37,48,48,51,45.02,45.01,44.39,67,590,5.7,0,0,0
9.84,32,0.24,0.26,0.26,10.9,10.8,10.8,0,11.5,0.11,0.15,207.6,5.0,46,1,1,468,701,304,0,305,9.6,43.3,302,31.2,32.3,0.2,3.4,1745.1,0,16.35,14.6,36.6,32.1,33.2,32.0,35.4,32.5,32.8,33.4,54.7,57.5,38,47,27.0,32.9,36,36,25,0,0,0,6,6,4,0,31,31,32,38,34,36,47,47,51,45.01,45.01,44.4,68,590,5.8,0,0,0
9.99,32,0.24,0.26,0.26,10.9,10.8,10.8,0,4.3,0.01,0.11,207.8,3.9,46,1,1,468,701,316,0,313,9.8,44.5,308,29.6,29.7,0.2,3.4,2067.6,0,16.83,14.6,36.7,32.2,33.3,32.1,35.5,32.5,33.0,33.6,54.6,57.7,37,48,27.2,33.0,35,35,25,0,0,0,6,6,4,0,31,31,32,38,35,37,48,48,51,45.02,45.01,44.38,68,590,5.8,0,0,0
11.33,32,0.24,0.26,0.26,11.0,10.8,10.9,0,6.6,0.06,0.12,207.7,6.3,51,1,1,547,701,456,-2,459,11.1,56.0,396,30.0,29.4,0.2,3.4,2067.6,0,16.83,14.6,36.5,31.9,33.1,32.0,35.3,32.1,32.6,33.4,54.7,57.5,37,47,27.0,32.9,35,36,25,0,0,0,6,6,4,0,31,31,32,38,34,37,47,47,51,45.01,45.01,44.4,68,590,5.8,0,0,0
10.6,32,0.24,0.26,0.26,10.9,10.6,10.7,0,4.8,0.03,0.14,207.8,5.8,51,1,1,500,701,378,0,380,10.4,49.6,349,28.1,28.6,0.2,3.4,2067.6,0,16.83,14.6,36.6,31.9,33.1,32.0,35.4,31.9,32.6,33.5,54.7,57.5,38,47,27.0,32.9,34,34,25,0,0,0,6,6,4,0,31,31,32,38,34,37,47,47,51,45.02,45.01,44.4,67,590,5.7,0,0,0
10.99,32,0.24,0.26,0.26,11.1,10.6,10.8,0,-3.0,0.0,0.1,207.7,6.3,52,1,1,524,701,418,-1,421,10.8,52.5,372,30.3,30.4,0.2,3.4,2067.6,0,16.83,14.6,36.5,32.0,33.1,32.0,35.4,32.4,32.7,33.4,54.7,57.5,37,47,27.0,32.9,36,36,25,0,0,0,6,6,4,0,31,31,32,38,34,37,47,47,51,45.01,45.01,44.4,67,590,5.8,0,0,0
10.1,32,0.24,0.26,0.26,11.0,10.6,10.8,0,-2.4,0.09,0.05,208.2,5.7,51,1,1,473,700,318,0,320,9.8,43.2,312,30.8,31.9,0.2,3.4,2067.6,0,16.83,14.6,36.7,32.3,33.4,32.2,35.7,32.6,33.2,33.6,54.7,57.6,38,48,27.2,33.0,37,36,25,0,0,0,6,6,4,0,31,31,32,38,34,37,48,48,51,45.01,45.01,44.39,68,590,5.8,0,0,0
10.29,32,0.24,0.26,0.26,10.9,10.9,11.2,0,5.1,0.03,0.12,207.8,4.6,52,1,1,478,701,341,2,344,10.0,46.9,327,28.9,29.8,0.2,3.3,2067.6,0,16.83,14.6,36.5,32.0,33.1,32.0,35.4,32.5,32.9,33.5,54.7,57.1,37,47,27.0,32.9,34,35,25,0,0,0,6,6,4,0,31,31,32,38,33,37,47,47,51,45.01,45.01,44.39,67,600,5.7,0,0,0
11.07,32,0.24,0.26,0.26,11.1,10.8,11.0,0,24.7,0.05,0.0,207.9,5.7,46,1,1,532,701,432,-2,429,10.7,54.2,382,29.2,30.0,0.2,3.4,2067.6,0,16.83,14.6,36.7,32.2,33.3,32.3,35.6,32.6,32.9,33.6,54.7,57.7,38,48,27.2,33.0,36,36,25,0,0,0,6,6,4,0,31,31,32,38,34,37,48,48,51,45.01,45.01,44.39,67,590,5.7,0,0,0
9.84,32,0.24,0.26,0.26,11.1,10.7,10.7,0,4.6,-0.04,0.1,208.0,5.0,49,1,1,457,701,291,1,285,9.5,42.1,293,31.9,31.5,0.3,3.5,1767.9,0,16.38,14.6,36.6,32.1,33.2,32.1,35.5,32.4,33.0,33.5,54.7,57.6,37,48,27.0,33.0,37,36,25,0,0,0,6,6,4,0,31,31,32,38,34,37,48,48,51,45.02,45.01,44.4,67,600,5.7,0,0,0
10.45,32,0.24,0.26,0.26,11.0,10.8,10.7,0,4.2,0.08,0.13,208.0,4.9,52,1,1,492,701,364,0,374,10.3,47.7,342,33.1,32.6,0.3,3.5,2067.6,0,16.83,14.6,36.6,32.0,33.2,32.0,35.4,32.3,32.6,33.5,54.6,57.6,37,48,27.0,33.0,38,39,25,0,0,0,6,6,4,0,31,31,32,38,34,36,48,48,51,45.01,45.01,44.4,67,590,5.8,0,0,0
9.94,32,0.24,0.26,0.26,10.9,10.8,10.6,0,15.4,0.0,0.14,207.6,4.2,49,1,1,469,700,319,2,321,9.8,44.0,311,33.2,33.0,0.3,3.5,2067.6,0,16.83,14.6,36.5,32.0,33.2,32.0,35.4,32.4,32.6,33.5,54.6,57.8,37,47,27.0,33.0,39,39,25,0,0,0,6,6,4,0,31,31,32,38,34,37,47,47,51,45.01,45.01,44.4,68,590,5.8,0,0,0
10.97,32,0.24,0.26,0.26,10.8,11.1,11.3,0,8.1,0.05,0.12,207.7,4.3,50,1,1,526,701,418,-1,426,10.8,53.0,373,29.6,29.8,0.2,3.4,2067.6,0,16.83,14.6,36.4,32.0,33.1,32.0,35.4,32.6,32.7,33.4,54.7,57.5,37,47,27.0,32.9,36,36,25,0,0,0,6,6,4,0,31,31,31,38,34,36,47,47,51,45.02,45.01,44.4,67,590,5.8,0,0,0
10.61,32,0.24,0.26,0.26,11.1,10.8,10.8,0,-5.8,-0.02,0.12,207.7,5.3,54,1,1,503,701,373,-1,365,10.3,48.9,347,29.1,28.3,0.2,3.4,2067.6,0,16.83,14.6,36.5,32.0,33.1,32.0,35.4,32.4,32.8,33.4,54.7,57.5,37,47,27.0,32.9,35,35,25,0,0,0,6,6,4,0,31,31,32,38,34,37,47,47,51,45.01,45.01,44.4,67,580,5.7,0,0,0
11.19,32,0.24,0.26,0.26,10.9,11.1,11.2,0,-0.8,0.06,0.12,207.6,6.6,52,1,1,530,701,432,-2,429,10.8,51.3,380,30.2,30.1,0.2,3.4,2067.6,0,16.83,14.6,36.5,32.0,33.1,32.0,35.4,32.4,32.7,33.4,54.7,57.6,37,47,27.0,32.9,36,36,25,0,0,0,6,6,4,0,31,31,32,38,34,36,47,47,51,45.01,45.01,44.39,67,590,5.8,0,0,0
11.29,32,0.24,0.26,0.26,11.0,11.2,11.0,0,6.6,0.07,0.1,207.5,5.6,52,1,1,541,701,452,0,452,11.1,52.9,392,30.4,30.2,0.2,3.4,2067.6,0,16.83,14.6,36.5,32.0,33.1,32.0,35.4,32.3,32.6,33.4,54.7,57.5,37,47,27.0,32.9,36,36,25,0,0,0,6,6,4,0,31,31,31,38,34,36,47,47,51,45.01,45.01,44.4,68,590,5.8,0,0,0
11.26,32,0.24,0.26,0.26,11.2,11.2,10.9,0,14.9,0.01,0.03,208.2,5.7,48,1,1,539,701,451,-2,458,11.0,54.1,395,29.6,30.2,0.2,3.4,2067.6,0,16.83,14.6,36.7,32.2,33.3,32.2,35.6,32.6,32.9,33.6,54.7,57.5,37,48,27.2,33.0,36,36,25,0,0,0,6,6,4,0,31,31,32,38,34,37,48,48,51,45.02,45.01,44.4,68,590,5.8,0,0,0
11.12,32,0.24,0.26,0.26,11.1,10.9,11.0,0,-2.7,-0.02,0.08,207.8,6.3,52,1,1,537,701,440,-3,447,11.0,52.3,385,30.2,30.0,0.2,3.4,2067.6,0,16.83,14.6,36.5,32.0,33.1,32.0,35.4,32.4,32.7,33.4,54.7,57.7,37,47,27.0,32.9,36,36,25,0,0,0,6,6,4,0,31,31,32,38,34,37,47,47,51,45.01,45.01,44.39,67,590,5.7,0,0,0
10.26,32,0.24,0.26,0.26,11.0,10.7,10.8,0,-2.5,0.09,0.13,207.6,5.1,53,1,1,488,702,347,2,349,10.0,45.9,331,28.8,29.8,0.2,3.4,1990.1,0,16.71,14.6,36.5,32.0,33.1,32.0,35.4,32.5,32.8,33.5,54.6,57.2,37,47,27.0,32.9,35,35,25,0,0,0,6,6,4,0,31,31,32,38,34,37,47,47,51,45.02,45.01,44.39,67,590,5.8,0,0,0
10.1,32,0.24,0.26,0.26,10.9,10.7,10.9,0,17.4,0.02,0.08,207.8,4.9,48,1,1,475,701,326,-1,329,9.9,44.2,316,32.2,32.0,0.3,3.4,1825.8,0,16.47,14.6,36.6,32.0,33.2,32.0,35.4,32.5,32.9,33.5,54.6,57.6,37,48,27.0,33.0,37,37,25,0,0,0,6,6,4,0,31,31,32,38,34,37,48,48,51,45.02,45.01,44.39,67,590,5.7,0,0,0
10.66,32,0.24,0.26,0.26,11.1,10.7,10.9,0,11.4,0.01,0.1,207.9,6.6,48,1,1,508,701,385,0,381,10.5,47.9,352,30.3,31.1,0.2,3.4,2035.6,0,16.78,14.6,36.7,32.2,33.4,32.2,35.6,32.4,32.9,33.7,54.7,57.6,37,48,27.2,33.0,36,36,25,0,0,0,6,6,4,0,31,31,32,38,34,37,48,48,51,45.02,45.01,44.4,67,590,5.8,0,0,0
10.16,32,0.24,0.26,0.26,10.9,11.0,11.1,0,3.4,0.01,0.12,207.6,5.4,48,1,1,474,701,323,-1,330,9.9,44.0,313,29.9,30.7,0.2,3.4,1934.3,0,16.63,14.6,36.6,32.0,33.2,32.0,35.4,32.2,32.8,33.5,54.7,57.6,37,47,27.0,32.9,36,36,25,0,0,0,6,6,4,0,31,31,32,38,34,36,47,47,51,45.01,45.01,44.4,67,590,5.8,0,0,0
10.57,32,0.24,0.26,0.26,11.1,11.0,11.2,0,1.2,0.12,0.14,207.8,4.6,52,1,1,499,702,371,-1,363,10.4,47.4,345,30.6,30.4,0.2,3.4,2067.6,0,16.83,14.6,36.7,32.2,33.3,32.1,35.5,32.7,33.1,33.5,54.7,57.5,38,48,27.2,33.0,36,36,25,0,0,0,6,6,4,0,31,31,32,38,33,37,48,48,51,45.02,45.01,44.4,67,600,5.8,0,0,0
11.18,32,0.24,0.26,0.26,11.0,11.2,11.1,0,19.7,0.1,0.2,208.0,4.5,47,1,1,538,700,447,-2,459,11.0,53.6,390,29.4,30.3,0.2,3.4,2067.6,0,16.83,14.6,36.7,32.2,33.3,32.3,35.6,32.6,32.9,33.6,54.7,57.6,38,48,27.2,33.0,36,36,25,0,0,0,6,6,4,0,31,31,32,38,34,37,48,48,51,45.01,45.01,44.4,67,590,5.8,0,0,0
10.05,32,0.24,0.26,0.26,10.9,10.7,10.9,0,0.5,0.03,0.05,208.0,5.0,49,1,1,472,701,323,-1,327,9.9,44.5,315,30.1,30.7,0.2,3.4,1934.3,0,16.63,14.6,36.5,32.0,33.2,32.0,35.4,32.3,32.8,33.5,54.7,57.6,37,47,27.0,32.9,36,35,25,0,0,0,6,6,4,0,31,31,32,38,34,36,47,47,51,45.02,45.01,44.39,67,590,5.7,0,0,0
9.67,32,0.24,0.26,0.26,10.8,10.8,11.1,0,12.4,0.03,0.12,208.0,4.1,48,1,1,453,701,279,1,287,9.5,39.1,286,31.2,30.6,0.3,3.4,2024.2,0,16.77,14.6,36.6,32.1,33.3,32.1,35.5,32.6,33.1,33.6,54.7,57.5,37,48,27.0,33.0,36,36,25,0,0,0,6,6,4,0,31,31,32,38,34,37,48,48,51,45.01,45.01,44.4,67,600,5.8,0,0,0
10.55,32,0.24,0.26,0.26,10.9,10.6,10.8,0,6.5,0.07,0.13,207.8,5.1,52,1,1,502,701,378,-1,377,10.4,49.6,349,33.2,32.9,0.3,3.5,2067.6,0,16.83,14.6,36.6,32.0,33.2,32.0,35.4,32.4,32.7,33.5,54.7,57.5,38,47,27.0,33.0,39,39,25,0,0,0,6,6,4,0,31,31,32,38,34,37,47,47,51,45.01,45.01,44.39,67,600,5.8,0,0,0
10.4,32,0.24,0.26,0.26,11.1,11.1,11.0,0,8.1,0.03,0.07,208.0,4.7,51,1,1,492,701,358,-1,362,10.2,48.1,337,30.6,30.2,0.2,3.4,2067.6,0,16.83,14.6,36.7,32.2,33.3,32.1,35.5,32.6,33.0,33.6,54.7,57.5,37,48,27.1,33.0,36,36,25,0,0,0,6,6,4,0,31,31,32,38,34,37,48,48,51,45.02,45.0,44.39,67,590,5.7,0,0,0
10.78,32,0.24,0.26,0.26,11.0,11.1,10.9,0,28.9,0.08,0.21,208.0,4.8,43,1,1,519,701,404,-3,405,10.6,52.1,366,29.4,30.1,0.2,3.4,2067.6,0,16.83,14.6,36.7,32.2,33.3,32.2,35.6,32.5,32.9,33.6,54.7,57.5,37,48,27.2,33.0,36,36,25,0,0,0,6,6,4,0,31,31,32,38,34,37,48,48,51,45.02,45.01,44.39,68,600,5.8,0,0,0
10.05,32,0.24,0.26,0.26,11.2,10.7,10.8,0,2.2,0.03,0.11,207.7,5.1,48,1,1,468,701,317,-1,322,9.8,42.7,309,30.4,31.1,0.2,3.4,1934.3,0,16.63,14.6,36.6,32.0,33.2,32.0,35.4,32.3,32.8,33.5,54.7,57.6,37,47,27.0,32.9,36,36,25,0,0,0,6,6,4,0,31,31,32,38,34,36,47,47,51,45.02,45.01,44.4,67,600,5.8,0,0,0
9.62,32,0.24,0.26,0.26,10.8,10.7,10.6,0,6.8,0.04,0.08,207.6,4.5,49,1,1,453,701,288,0,293,9.4,40.3,291,31.1,30.7,0.3,3.4,2024.2,0,16.77,14.6,36.7,32.1,33.3,32.1,35.5,32.1,33.0,33.5,54.7,57.6,37,48,27.0,33.0,36,36,25,0,0,0,6,6,4,0,31,31,32,38,34,36,48,48,51,45.01,45.01,44.39,67,600,5.8,0,0,0
10.74,32,0.24,0.26,0.26,11.1,10.9,10.9,0,0.5,0.03,0.05,208.0,5.3,52,1,1,508,702,388,2,395,10.5,49.1,356,30.6,30.2,0.2,3.4,2067.6,0,16.83,14.6,36.7,32.2,33.3,32.1,35.5,32.6,33.1,33.6,54.6,57.6,37,48,27.2,33.0,36,36,25,0,0,0,6,6,4,0,31,31,32,38,34,37,48,48,51,45.01,45.01,44.39,67,590,5.8,0,0,0
9.73,32,0.24,0.26,0.26,11.0,10.6,10.6,0,4.7,-0.03,0.1,207.9,5.3,48,1,1,460,701,291,-1,290,9.5,41.8,293,31.6,31.4,0.3,3.5,1747.2,0,16.35,14.6,36.7,32.1,33.2,32.1,35.4,32.3,32.9,33.5,54.7,57.5,38,48,27.0,33.0,37,36,25,0,0,0,6,6,4,0,31,31,32,38,34,37,48,48,51,45.01,45.01,44.4,67,590,5.8,0,0,0
9.96,32,0.24,0.26,0.26,10.8,10.8,10.8,0,11.8,0.03,0.14,208.1,3.8,46,1,1,465,701,305,-2,302,9.7,41.5,302,29.8,29.7,0.2,3.4,2067.6,0,16.83,14.6,36.7,32.2,33.3,32.1,35.5,32.5,33.0,33.6,54.7,57.7,37,48,27.2,33.0,35,35,25,0,0,0,6,6,4,0,31,31,32,38,34,37,48,48,51,45.01,45.01,44.4,67,590,5.7,0,0,0
10.76,32,0.24,0.26,0.26,10.9,11.1,11.0,0,-0.1,0.08,0.16,207.7,5.8,51,1,1,507,702,390,1,396,10.6,50.4,356,30.4,30.1,0.2,3.4,2067.6,0,16.83,14.6,36.7,32.2,33.3,32.1,35.6,32.6,33.0,33.6,54.7,57.5,37,48,27.2,33.0,36,36,25,0,0,0,6,6,4,0,31,31,32,38,34,37,48,48,51,45.02,45.01,44.4,68,600,5.8,0,0,0
11.28,32,0.24,0.26,0.26,11.0,10.6,10.8,0,8.3,0.14,0.15,207.6,6.4,51,1,1,545,701,461,0,467,11.1,55.7,399,30.5,30.2,0.2,3.4,2067.6,0,16.83,14.6,36.5,32.0,33.1,32.0,35.4,32.2,32.6,33.4,54.6,57.6,37,47,27.0,32.9,36,36,25,0,0,0,6,6,4,0,31,31,31,38,34,37,47,47,51,45.02,45.01,44.4,67,590,5.8,0,0,0
10.15,32,0.24,0.26,0.26,10.9,10.9,11.1,0,5.6,0.03,0.06,208.0,4.0,47,1,1,472,700,332,1,336,9.9,44.6,322,28.4,28.9,0.2,3.4,2067.6,0,16.83,14.6,36.7,32.2,33.3,32.2,35.6,32.5,32.9,33.6,54.6,57.4,37,48,27.2,33.0,34,34,25,0,0,0,6,6,4,0,31,31,32,38,34,37,48,48,51,45.01,45.0,44.4,68,590,5.7,0,0,0
10.56,32,0.24,0.26,0.26,11.1,10.9,10.8,0,11.4,0.1,0.05,207.9,6.7,48,1,1,495,700,372,0,368,10.3,46.7,346,30.3,31.0,0.2,3.4,2035.6,0,16.78,14.6,36.7,32.2,33.4,32.2,35.7,32.5,33.0,33.7,54.7,57.5,37,48,27.2,33.0,36,36,25,0,0,0,6,6,4,0,31,31,32,38,34,37,48,48,51,45.01,45.01,44.4,67,600,5.8,0,0,0
10.56,32,0.24,0.26,0.26,10.9,11.0,11.0,0,11.9,-0.09,0.14,208.0,6.6,48,1,1,495,701,363,0,354,10.2,47.4,339,30.3,31.0,0.2,3.4,2035.6,0,16.78,14.6,36.7,32.2,33.4,32.2,35.7,32.5,33.0,33.7,54.7,57.4,37,48,27.2,33.0,36,36,25,0,0,0,6,6,4,0,31,31,32,38,33,37,48,48,51,45.01,45.01,44.4,67,600,5.7,0,0,0
9.72,32,0.24,0.26,0.26,10.9,10.8,10.8,0,17.3,0.01,0.08,207.6,4.8,47,1,1,456,701,291,-1,288,9.5,40.3,293,32.1,33.0,0.3,3.4,2067.6,0,16.83,14.6,36.5,32.1,33.2,32.0,35.4,32.4,32.8,33.4,54.7,57.5,38,48,27.0,33.0,38,38,25,0,0,0,6,6,4,0,31,31,32,38,34,36,48,48,51,45.02,45.01,44.4,67,590,5.7,0,0,0
10.8,32,0.24,0.26,0.26,11.1,11.0,10.9,0,-0.9,0.01,0.12,207.8,4.6,52,1,1,514,701,401,-1,402,10.5,51.3,364,32.8,32.6,0.3,3.5,2067.6,0,16.83,14.6,36.6,32.0,33.2,32.0,35.4,32.3,32.8,33.5,54.6,57.6,38,48,27.0,33.0,39,39,25,0,0,0,6,6,4,0,31,31,32,38,34,37,48,48,51,45.01,45.01,44.39,67,600,5.7,0,0,0
10.4,32,0.24,0.26,0.26,11.0,11.0,11.0,0,1.6,0.0,0.13,207.6,5.3,53,1,1,492,701,355,0,351,10.2,47.9,336,32.8,32.7,0.3,3.5,2067.6,0,16.83,14.6,36.7,32.0,33.2,32.0,35.4,32.2,32.6,33.5,54.6,57.5,37,47,27.0,33.0,38,39,25,0,0,0,6,6,4,0,31,31,32,38,34,37,47,47,51,45.01,45.01,44.38,67,590,5.7,0,0,0
10.0,32,0.24,0.26,0.26,10.9,10.6,10.7,0,7.6,0.01,0.08,207.7,5.5,46,1,1,464,700,308,-2,313,9.7,41.8,305,30.8,31.8,0.2,3.4,1745.1,0,16.35,14.6,36.6,32.0,33.1,32.0,35.4,32.4,32.7,33.5,54.7,57.6,37,47,27.0,32.9,36,36,25,0,0,0,6,6,4,0,31,31,32,38,34,36,47,47,51,45.02,45.01,44.4,67,590,5.8,0,0,0
10.49,32,0.24,0.26,0.26,11.0,11.0,11.2,0,1.3,0.05,0.19,207.6,5.9,52,1,1,487,701,359,0,367,10.3,46.3,337,28.3,29.0,0.2,3.3,2067.6,0,16.83,14.6,36.5,32.0,33.1,32.0,35.4,32.3,32.7,33.5,54.7,57.3,37,47,27.0,32.9,34,34,25,0,0,0,6,6,4,0,31,31,32,38,34,37,47,47,51,45.02,45.01,44.39,67,590,5.8,0,0,0
10.62,32,0.24,0.26,0.26,11.1,10.7,10.9,0,22.0,0.04,0.1,208.0,5.3,44,1,1,504,700,389,1,396,10.5,50.1,358,29.1,30.0,0.2,3.4,2067.6,0,16.83,14.6,36.7,32.2,33.3,32.2,35.5,32.5,32.9,33.6,54.6,57.5,37,48,27.2,33.0,36,36,25,0,0,0,6,6,4,0,31,31,32,38,34,37,48,48,51,45.01,45.01,44.39,67,590,5.8,0,0,0
9.83,32,0.24,0.26,0.26,10.9,10.9,11.1,0,14.5,0.06,0.15,207.7,4.0,49,1,1,462,700,300,1,306,9.7,42.9,302,33.1,33.1,0.3,3.4,2067.6,0,16.83,14.6,36.6,32.0,33.2,32.0,35.4,32.4,32.6,33.5,54.7,57.6,37,47,27.0,33.0,38,38,25,0,0,0,6,6,4,0,31,31,32,38,34,37,47,47,51,45.01,45.01,44.4,67,590,5.7,0,0,0
10.73,32,0.24,0.26,0.26,11.1,10.7,10.7,0,-3.1,-0.02,0.08,207.8,5.7,53,1,1,501,701,388,-2,390,10.5,50.8,356,30.2,30.1,0.2,3.4,2067.6,0,16.83,14.6,36.7,32.2,33.3,32.1,35.5,32.7,33.1,33.5,54.6,57.5,38,48,27.2,33.0,36,36,25,0,0,0,6,6,4,0,31,31,32,38,34,37,48,48,51,45.01,45.01,44.38,68,590,5.7,0,0,0
9.95,32,0.24,0.26,0.26,10.8,10.9,10.9,0,11.7,0.05,0.06,207.8,4.5,50,1,1,458,700,309,2,311,9.7,42.0,307,33.1,33.3,0.3,3.5,2067.6,0,16.83,14.6,36.5,32.0,33.2,32.0,35.4,32.4,32.6,33.5,54.6,57.7,37,47,27.0,33.0,39,39,25,0,0,0,6,6,4,0,31,31,32,38,34,37,47,47,51,45.01,45.01,44.4,67,590,5.8,0,0,0
9.64,32,0.24,0.26,0.26,10.9,10.9,10.9,0,9.9,0.03,0.12,207.9,4.8,49,1,1,452,701,285,0,287,9.4,40.4,289,31.1,30.4,0.3,3.4,2024.2,0,16.77,14.6,36.7,32.1,33.3,32.1,35.5,32.1,33.0,33.5,54.7,57.5,38,48,27.0,33.0,36,36,25,0,0,0,6,6,4,0,31,31,32,38,33,37,48,48,51,45.01,45.01,44.39,67,600,5.8,0,0,0
10.26,32,0.24,0.26,0.26,11.1,10.6,10.8,0,5.7,0.14,0.08,208.1,6.9,51,1,1,480,701,335,-2,333,10.1,43.8,321,30.3,31.6,0.2,3.4,2067.6,0,16.83,14.6,36.7,32.3,33.4,32.2,35.7,32.6,33.2,33.7,54.7,57.7,38,48,27.2,33.0,36,36,25,0,0,0,6,6,4,0,31,31,32,38,33,37,48,48,51,45.01,45.01,44.4,67,600,5.7,0,0,0
10.21,32,0.24,0.26,0.26,10.9,10.9,10.8,0,7.7,-0.02,0.03,208.0,3.8,47,1,1,479,701,336,0,341,10.0,44.7,324,28.5,29.0,0.2,3.4,2067.6,0,16.83,14.6,36.7,32.2,33.3,32.2,35.6,32.5,33.0,33.6,54.6,57.5,37,48,27.2,33.0,34,34,25,0,0,0,6,6,4,0,31,31,32,38,34,37,48,48,51,45.01,45.01,44.4,68,590,5.8,0,0,0
10.56,32,0.24,0.26,0.26,11.1,10.9,10.9,0,1.0,-0.04,0.05,207.9,5.8,51,1,1,496,701,373,-1,370,10.4,48.8,346,28.3,28.5,0.2,3.4,2067.6,0,16.83,14.6,36.6,31.9,33.1,32.0,35.4,31.9,32.7,33.5,54.7,57.4,38,47,27.0,32.9,34,34,25,0,0,0,6,6,4,0,31,31,32,38,34,37,47,47,51,45.01,45.01,44.4,68,600,5.8,0,0,0
10.3,32,0.24,0.26,0.26,10.9,10.7,10.8,0,6.9,0.07,0.19,208.0,4.2,46,1,1,487,701,351,-1,352,10.2,47.5,333,28.5,29.3,0.2,3.4,2067.6,0,16.83,14.6,36.7,32.2,33.3,32.2,35.6,32.5,33.0,33.6,54.6,57.4,37,48,27.2,33.0,35,35,25,0,0,0,6,6,4,0,31,31,32,38,34,37,48,48,51,45.01,45.01,44.39,68,590,5.8,0,0,0
9.63,32,0.24,0.26,0.26,10.9,10.8,11.1,0,10.7,0.03,0.12,207.8,5.3,48,1,1,457,701,280,1,278,9.4,41.0,287,31.5,31.2,0.3,3.4,1747.2,0,16.35,14.6,36.7,32.1,33.2,32.1,35.4,32.4,32.7,33.5,54.7,57.5,38,48,27.0,33.0,36,36,25,0,0,0,6,6,4,0,31,31,32,38,34,37,48,48,51,45.01,45.01,44.39,68,600,5.7,0,0,0
10.36,32,0.24,0.26,0.26,10.9,10.8,11.0,0,17.9,0.04,0.15,207.8,5.2,42,1,1,487,702,356,1,362,10.2,47.2,337,30.0,29.6,0.2,3.4,2067.6,0,16.83,14.6,36.7,32.3,33.3,32.2,35.6,32.9,33.1,33.5,54.6,57.5,38,48,27.2,33.0,35,35,25,0,0,0,6,6,4,0,31,31,32,38,34,36,48,48,51,45.02,45.01,44.4,67,590,5.8,0,0,0
9.58,32,0.24,0.26,0.26,10.8,10.9,10.8,0,3.9,0.03,0.12,207.9,3.3,48,1,1,449,701,274,0,277,9.3,39.1,282,31.5,31.0,0.3,3.4,1752.4,0,16.36,14.6,36.6,32.2,33.2,32.1,35.5,32.6,32.8,33.5,54.7,57.4,38,48,27.0,33.0,36,36,25,0,0,0,6,6,4,0,31,31,32,38,33,37,48,48,51,45.01,45.01,44.4,68,600,5.7,0,0,0
10.93,32,0.24,0.26,0.26,11.1,11.0,10.9,0,9.5,0.03,0.09,207.8,3.8,50,1,1,525,701,414,3,419,10.7,50.7,373,30.1,29.7,0.2,3.4,2067.6,0,16.83,14.6,36.4,32.0,33.1,32.0,35.4,32.6,32.7,33.4,54.7,57.5,37,47,27.0,32.9,36,36,25,0,0,0,6,6,4,0,31,31,31,38,33,37,47,47,51,45.02,45.01,44.4,68,600,5.7,0,0,0
9.66,32,0.24,0.26,0.26,10.9,10.8,10.6,0,16.3,0.08,0.08,207.6,5.1,48,1,1,453,700,289,-1,297,9.5,40.1,294,32.4,33.1,0.3,3.4,2067.6,0,16.83,14.6,36.6,32.1,33.2,32.0,35.4,32.4,32.7,33.4,54.7,57.6,37,47,27.0,33.0,38,38,25,0,0,0,6,6,4,0,31,31,32,38,34,37,47,47,51,45.02,45.01,44.4,67,590,5.8,0,0,0
10.66,32,0.24,0.26,0.26,10.9,10.8,10.9,0,1.1,0.03,0.1,207.8,6.4,49,1,1,504,702,380,0,376,10.5,48.8,349,32.3,32.1,0.3,3.5,2067.6,0,16.83,14.6,36.6,32.0,33.2,32.0,35.4,32.3,32.8,33.5,54.7,57.5,37,48,27.0,33.0,37,37,25,0,0,0,6,6,4,0,31,31,32,38,34,37,48,48,51,45.01,45.01,44.4,68,590,5.7,0,0,0
10.46,32,0.24,0.26,0.26,11.0,10.7,10.7,0,9.3,0.01,0.09,207.6,5.6,43,1,1,483,701,356,-1,355,10.2,45.9,334,29.7,29.4,0.2,3.4,2067.6,0,16.83,14.6,36.7,32.3,33.3,32.2,35.5,32.8,33.0,33.6,54.7,57.4,37,48,27.2,33.0,35,35,25,0,0,0,6,6,4,0,31,31,32,38,34,37,48,48,51,45.01,45.01,44.4,67,590,5.7,0,0,0
10.07,32,0.24,0.26,0.26,10.8,10.9,10.9,0,-4.7,0.05,0.12,208.0,4.7,50,1,1,470,701,320,-2,319,9.9,42.7,313,30.1,30.7,0.2,3.4,1934.3,0,16.63,14.6,36.5,32.0,33.2,32.0,35.4,32.3,32.9,33.5,54.7,57.6,37,47,27.0,32.9,36,35,25,0,0,0,6,6,4,0,31,31,32,38,34,37,47,47,51,45.02,45.01,44.39,67,590,5.7,0,0,0
10.58,32,0.24,0.26,0.26,10.9,11.0,11.1,0,-1.2,0.05,0.1,207.6,4.7,53,1,1,501,701,380,0,391,10.5,49.6,351,28.6,28.3,0.2,3.4,2067.6,0,16.83,14.6,36.5,32.0,33.1,32.0,35.4,32.3,32.8,33.4,54.7,57.6,37,47,27.0,32.9,35,35,25,0,0,0,6,6,4,0,31,31,32,38,34,36,47,47,51,45.02,45.01,44.4,67,590,5.8,0,0,0
10.45,32,0.24,0.26,0.26,11.1,10.9,10.8,0,1.2,0.02,0.05,207.7,5.3,52,1,1,502,701,367,-3,367,10.2,47.7,342,28.1,28.5,0.2,3.4,2067.6,0,16.83,14.6,36.5,32.0,33.1,32.0,35.4,32.2,32.7,33.5,54.7,57.3,38,47,27.0,32.9,34,34,25,0,0,0,6,6,4,0,31,31,32,38,34,37,47,47,51,45.02,45.01,44.39,67,590,5.8,0,0,0
10.35,32,0.24,0.26,0.26,11.3,10.6,10.7,0,7.4,0.07,0.08,207.9,5.6,51,1,1,484,702,346,-1,345,10.0,45.3,331,30.6,30.5,0.2,3.4,2067.6,0,16.83,14.6,36.7,32.2,33.3,32.1,35.5,32.5,32.8,33.6,54.7,57.6,37,48,27.1,33.0,36,36,25,0,0,0,6,6,4,0,31,31,32,38,34,37,48,48,51,45.02,45.01,44.39,67,600,5.8,0,0,0
