轮毂转速,轮毂角度,叶片1角度,叶片2角度,叶片3角度,变桨电机1电流,变桨电机2电流,变桨电机3电流,超速传感器转速检测值,5秒偏航对风平均值,x方向振动值,y方向振动值,液压制动压力,机舱气象站风速,风向绝对值,大气压力,无功功率控制状态,变频器电网侧电流,变频器电网侧电压,变频器电网侧有功功率,变频器电网侧无功功率,变频器发电机侧功率,发电机运行频率,发电机电流,发电机转矩,变频器入口温度,变频器出口温度,变频器入口压力,变频器出口压力,发电机功率限幅值,无功功率设定值,额定的轮毂转速,测风塔环境温度,发电机定子温度1,发电机定子温度2,发电机定子温度3,发电机定子温度4,发电机定子温度5,发电机定子温度6,发电机空气温度1,发电机空气温度2,主轴承温度1,主轴承温度2,轮毂温度,轮毂控制柜温度,机舱温度,机舱控制柜温度,变频器INU温度,变频器ISU温度,变频器INU RMIO温度,变桨电机1功率估算,变桨电机2功率估算,变桨电机3功率估算,风机当前状态值,轮毂当前状态值,偏航状态值,偏航要求值,叶片1电池箱温度,叶片2电池箱温度,叶片3电池箱温度,叶片1变桨电机温度,叶片2变桨电机温度,叶片3变桨电机温度,叶片1变频器箱温度,叶片2变频器箱温度,叶片3变频器箱温度,叶片1超级电容电压,叶片2超级电容电压,叶片3超级电容电压,驱动1晶闸管温度,驱动2晶闸管温度,驱动3晶闸管温度,驱动1输出扭矩,驱动2输出扭矩,驱动3输出扭矩
11.28,180,21.8,21.76,21.77,12.1,11.8,12.8,0,-4.2,0.01,-0.01,212.9,13.4,283,1,1,614,685,570,1,576,11.0,68.7,493,29.3,29.3,0.7,3.8,638.7,0,12.54,10.1,39.2,38.2,35.9,33.3,38.0,38.5,33.6,37.3,55.6,58.6,26,40,20.6,25.3,36,37,25,0,0,0,6,6,4,0,20,20,19,33,29,32,40,40,39,45.03,45.04,44.41,54,450,4.4,0,0,0
12.33,346,20.03,19.99,19.98,10.8,10.9,11.4,0,5.9,0.11,0.1,213.1,16.2,279,1,1,645,685,618,1,624,12.1,68.8,491,29.5,30.7,0.6,3.8,638.7,0,12.54,10.1,39.4,38.4,36.2,33.4,38.3,38.7,34.1,37.3,55.7,58.7,26,40,20.6,25.3,37,38,25,0,0,0,6,6,4,0,20,20,19,33,29,32,40,40,39,45.03,45.04,44.41,54,460,4.4,0,0,0
12.02,96,17.06,17.03,17.02,11.3,11.1,10.9,0,-6.6,0.03,0.11,212.7,14.0,289,1,1,651,686,615,1,625,11.8,68.6,499,32.9,32.8,0.8,4.0,638.7,0,12.54,10.0,39.6,38.7,36.4,33.6,38.4,39.1,34.3,37.3,55.7,58.7,26,40,20.6,25.3,40,40,25,0,0,0,6,6,4,0,20,20,19,33,30,32,40,40,39,45.04,45.04,44.41,54,440,4.4,0,0,0
12.12,202,20.03,19.99,19.98,10.8,11.1,11.0,0,8.5,0.03,0.07,212.9,11.4,279,1,1,651,686,619,1,616,11.9,70.1,497,29.6,30.4,0.6,3.8,638.7,0,12.54,10.1,39.4,38.4,36.2,33.4,38.3,38.6,34.1,37.3,55.7,58.7,26,40,20.6,25.3,37,38,25,0,0,0,6,6,4,0,20,20,19,33,30,32,40,40,39,45.03,45.05,44.41,52,440,4.3,0,0,0
12.55,128,20.03,19.99,19.98,11.7,11.0,10.8,0,9.0,0.07,0.17,212.5,14.5,278,1,1,653,686,624,0,626,12.2,66.9,488,29.7,30.7,0.6,3.8,638.7,0,12.54,10.1,39.4,38.4,36.2,33.4,38.3,38.7,34.2,37.3,55.7,58.7,26,40,20.6,25.3,37,38,25,0,0,0,6,6,4,0,20,20,19,33,29,32,40,40,39,45.04,45.04,44.41,54,450,4.4,0,0,0
11.69,170,21.18,21.14,21.15,10.7,10.6,11.3,0,-6.0,0.04,0.1,213.2,15.4,287,1,1,634,686,598,-2,594,11.4,69.3,501,30.2,30.2,0.7,3.9,638.7,0,12.54,10.1,39.2,38.2,35.9,33.3,37.9,38.4,33.7,37.1,55.6,58.6,26,40,20.6,25.3,37,38,25,0,0,0,6,6,4,0,20,20,19,33,29,32,40,40,39,45.04,45.04,44.41,53,450,4.3,0,0,0
11.82,28,21.3,21.26,21.26,12.5,12.9,12.8,0,-5.2,-0.07,0.08,213.0,15.7,287,1,1,634,686,597,1,598,11.5,67.7,495,30.2,30.4,0.7,3.9,638.7,0,12.54,10.1,39.2,38.2,35.9,33.3,37.9,38.4,33.7,37.1,55.6,58.5,26,40,20.6,25.3,37,38,25,0,0,0,6,6,4,0,20,20,19,33,29,32,40,40,39,45.03,45.04,44.41,53,450,4.4,0,0,0
12.42,102,22.03,21.97,21.98,10.8,10.9,10.9,0,-2.5,-0.01,0.26,213.0,18.3,285,1,1,653,687,623,-1,619,12.2,66.7,488,29.5,29.7,0.7,3.8,638.7,0,12.54,10.1,39.2,38.2,35.9,33.3,38.0,38.6,33.6,37.3,55.6,58.8,26,40,20.6,25.3,37,37,25,0,0,0,6,6,4,0,20,20,19,33,29,32,40,40,39,45.03,45.04,44.41,52,450,4.3,0,0,0
12.02,24,20.35,20.32,20.33,11.0,10.9,11.0,0,-3.8,0.07,0.0,212.8,13.4,288,1,1,639,686,611,1,606,11.8,67.4,496,30.6,30.5,0.7,3.9,638.7,0,12.54,10.1,39.1,38.1,35.9,33.2,38.0,38.4,33.6,37.1,55.6,58.6,26,40,20.6,25.3,37,38,25,0,0,0,6,6,4,0,20,20,19,33,29,32,40,40,39,45.03,45.04,44.41,54,450,4.4,0,0,0
13.31,236,21.92,21.87,21.87,10.8,11.0,11.1,0,3.6,0.0,0.11,212.9,16.6,282,1,1,649,687,618,2,615,12.9,62.3,460,32.3,32.2,0.8,3.9,638.7,0,12.54,10.1,39.0,37.9,35.7,33.0,37.6,38.1,33.3,36.9,55.6,58.5,26,40,20.6,25.3,39,40,25,0,0,0,6,6,4,0,20,20,19,33,29,32,40,40,39,45.03,45.04,44.41,54,440,4.4,0,0,0
12.69,236,17.74,17.7,17.69,11.1,10.9,11.1,0,0.5,0.02,0.12,212.6,11.0,288,1,1,656,687,630,0,637,12.5,65.8,485,33.0,33.0,0.8,4.0,638.7,0,12.54,10.1,39.7,38.6,36.4,33.6,38.3,39.0,34.1,37.3,55.7,58.7,26,40,20.6,25.3,40,40,25,0,0,0,6,6,4,0,20,20,19,33,29,32,40,40,39,45.04,45.04,44.41,52,450,4.3,0,0,0
14.0,288,23.72,23.64,23.64,10.6,10.6,10.4,0,7.4,-0.17,0.16,213.0,20.5,278,1,1,656,686,630,0,635,13.7,61.7,443,28.7,28.6,0.6,3.8,638.7,0,12.54,10.1,39.3,38.3,36.0,33.3,38.1,38.7,33.8,37.2,55.7,58.7,26,40,20.6,25.3,36,36,25,0,0,0,6,6,4,0,20,20,19,33,29,32,40,40,39,45.03,45.04,44.41,54,450,4.4,0,0,0
14.09,286,24.33,24.25,24.25,10.4,10.6,10.6,0,2.4,-0.09,0.21,213.0,14.0,278,1,1,660,687,636,0,644,13.8,61.4,440,28.7,28.5,0.6,3.8,638.7,0,12.54,10.1,39.3,38.3,36.0,33.3,38.1,38.8,33.8,37.2,55.7,58.7,26,40,20.6,25.3,36,36,25,0,0,0,6,6,4,0,20,20,19,33,29,32,40,40,39,45.04,45.04,44.41,54,440,4.4,0,0,0
12.75,140,21.36,21.29,21.28,11.4,12.2,11.3,0,11.4,0.0,0.11,212.8,11.6,279,1,1,648,685,624,-1,620,12.5,67.1,479,32.7,33.3,0.7,3.9,638.7,0,12.54,10.1,39.6,38.6,36.2,33.5,38.3,38.9,34.0,37.2,55.7,58.7,26,40,20.6,25.3,40,40,25,0,0,0,6,6,4,0,20,20,19,33,29,32,40,40,39,45.04,45.04,44.41,53,450,4.4,0,0,0
13.85,290,24.56,24.48,24.48,10.8,10.7,10.7,0,7.2,0.07,0.16,212.9,19.5,278,1,1,663,686,631,1,627,13.5,62.5,447,29.1,28.7,0.6,3.8,638.7,0,12.54,10.1,39.2,38.3,36.0,33.3,38.1,38.8,33.9,37.2,55.7,58.6,27,40,20.6,25.3,36,36,25,0,0,0,6,6,4,0,20,20,19,33,29,32,40,40,39,45.03,45.04,44.41,53,450,4.4,0,0,0
11.9,34,16.02,15.99,15.98,10.8,11.0,10.8,0,-10.3,0.05,0.05,212.9,12.1,287,1,1,644,686,610,1,609,11.8,70.0,497,32.2,32.2,0.8,3.9,638.7,0,12.54,10.0,39.7,38.7,36.4,33.6,38.4,39.1,34.0,37.4,55.7,58.8,26,40,20.6,25.3,39,40,25,0,0,0,6,6,4,0,20,20,19,33,29,32,40,40,39,45.03,45.04,44.41,52,460,4.4,0,0,0
11.82,164,20.72,20.69,20.7,10.6,10.7,11.0,0,-9.8,0.07,0.05,212.8,16.5,288,1,1,635,686,602,0,609,11.6,67.2,497,30.5,30.5,0.7,3.9,638.7,0,12.54,10.1,39.2,38.1,35.9,33.2,37.9,38.2,33.4,37.1,55.6,58.6,26,40,20.6,25.3,37,38,25,0,0,0,6,6,4,0,20,20,19,33,29,31,40,40,39,45.03,45.04,44.41,54,450,4.4,0,0,0
11.91,172,21.99,21.94,21.94,10.8,10.8,11.0,0,-4.2,0.02,0.14,213.3,17.5,285,1,1,638,686,603,-2,599,11.6,69.3,497,29.8,29.8,0.7,3.9,638.7,0,12.54,10.1,39.2,38.2,35.9,33.3,37.9,38.6,33.4,37.2,55.6,58.7,26,40,20.6,25.3,37,38,25,0,0,0,6,6,4,0,20,20,19,33,30,31,40,40,39,45.04,45.05,44.41,52,440,4.4,0,0,0
11.93,244,21.27,21.23,21.23,10.8,10.7,10.8,0,-2.3,0.19,0.22,213.0,17.5,283,1,1,646,686,615,0,618,11.7,70.6,500,32.2,32.1,0.7,3.9,638.7,0,12.54,10.1,39.0,37.9,35.7,33.0,37.7,38.3,33.4,36.9,55.6,58.6,27,40,20.6,25.3,39,40,25,0,0,0,6,6,4,0,20,20,19,33,29,32,40,40,39,45.03,45.04,44.41,53,450,4.4,0,0,0
12.89,328,24.65,24.58,24.59,10.5,10.9,10.6,0,3.5,0.07,-0.01,213.0,18.4,278,1,1,644,686,618,-1,610,12.7,63.9,471,29.2,29.3,0.6,3.8,638.7,0,12.54,10.1,39.2,38.3,36.0,33.3,38.1,38.8,34.0,37.1,55.7,58.6,26,40,20.6,25.3,36,37,25,0,0,0,6,6,4,0,20,20,19,33,29,32,40,40,39,45.03,45.04,44.41,54,450,4.4,0,0,0
12.43,102,20.95,20.87,20.86,10.9,10.8,11.1,0,0.9,0.01,0.07,212.6,14.1,282,1,1,652,686,621,1,627,12.3,67.8,486,30.9,30.8,0.7,3.9,638.7,0,12.54,9.9,39.9,38.9,36.6,33.8,38.6,39.3,34.2,37.6,55.8,58.8,26,40,20.6,25.3,38,38,25,0,0,0,6,6,4,0,20,20,19,33,29,32,40,40,39,45.03,45.04,44.41,54,450,4.3,0,0,0
11.77,252,23.63,23.58,23.59,11.4,10.7,10.8,0,-1.7,0.13,0.07,212.9,15.0,280,1,1,620,686,577,0,570,11.4,67.6,482,29.1,29.4,0.6,3.8,638.7,0,12.54,10.1,39.3,38.3,36.0,33.3,38.0,38.8,33.8,37.1,55.7,58.7,26,40,20.6,25.3,36,37,25,0,0,0,6,6,4,0,20,20,19,33,29,32,40,40,39,45.03,45.04,44.41,54,450,4.4,0,0,0
12.7,208,21.36,21.29,21.28,10.6,11.0,11.0,0,6.8,-0.02,0.08,213.3,14.9,279,1,1,653,685,623,0,616,12.4,67.6,482,31.7,33.0,0.7,3.9,638.7,0,12.54,10.1,39.6,38.5,36.2,33.5,38.3,38.8,34.1,37.2,55.7,58.7,25,40,20.6,25.3,39,39,25,0,0,0,6,6,4,0,20,20,19,33,29,32,40,40,39,45.03,45.04,44.41,54,450,4.4,0,0,0
12.03,322,23.63,23.58,23.59,11.0,11.1,10.8,0,-2.4,0.02,0.16,212.9,21.3,281,1,1,647,686,615,0,624,11.9,69.7,498,29.2,29.6,0.6,3.8,638.7,0,12.54,10.1,39.3,38.3,36.0,33.3,38.0,38.6,33.7,37.2,55.6,58.6,25,40,20.6,25.3,36,37,25,0,0,0,6,6,4,0,20,20,19,34,29,32,40,40,39,45.04,45.04,44.41,54,450,4.3,0,0,0
12.31,134,21.32,21.25,21.24,11.1,11.0,11.1,0,5.0,0.11,0.17,212.9,17.2,279,1,1,643,686,612,0,626,12.0,68.4,488,31.3,32.8,0.7,3.8,638.7,0,12.54,10.1,39.6,38.5,36.2,33.5,38.3,38.7,34.2,37.2,55.7,58.6,26,40,20.6,25.3,39,39,25,0,0,0,6,6,4,0,20,20,19,33,29,32,40,40,39,45.03,45.04,44.41,54,440,4.4,0,0,0
12.14,350,21.32,21.25,21.24,10.8,11.3,10.9,0,5.2,0.06,0.1,213.0,13.7,279,1,1,646,686,611,1,619,11.9,67.9,492,31.0,32.4,0.7,3.8,638.7,0,12.54,10.1,39.6,38.4,36.2,33.5,38.3,38.7,34.2,37.2,55.7,58.7,27,40,20.6,25.3,38,39,25,0,0,0,6,6,4,0,20,20,19,33,30,32,40,40,39,45.03,45.04,44.41,53,440,4.4,0,0,0
12.33,104,22.03,21.97,21.98,11.0,10.9,11.1,0,-4.2,0.19,0.07,212.9,15.9,284,1,1,649,686,622,-2,633,12.1,67.2,492,29.7,29.7,0.7,3.8,638.7,0,12.54,10.1,39.2,38.2,35.9,33.3,38.0,38.6,33.6,37.3,55.7,58.6,26,40,20.6,25.3,36,37,25,0,0,0,6,6,4,0,20,20,19,34,29,32,40,40,39,45.03,45.04,44.41,54,440,4.4,0,0,0
13.69,200,23.23,23.16,23.15,10.8,10.7,11.3,0,7.5,0.15,0.11,212.7,18.8,278,1,1,651,686,622,0,624,13.4,62.2,446,28.3,28.5,0.6,3.8,638.7,0,12.54,10.1,39.3,38.4,36.1,33.3,38.2,38.7,34.0,37.2,55.7,58.7,26,40,20.6,25.3,36,36,25,0,0,0,6,6,4,0,20,20,19,33,29,32,40,40,39,45.04,45.04,44.41,53,440,4.4,0,0,0
12.54,22,17.74,17.7,17.69,11.4,11.4,11.5,0,-4.5,-0.02,0.12,213.0,9.7,289,1,1,656,686,629,-1,635,12.3,66.9,487,32.9,32.7,0.8,4.0,638.7,0,12.54,10.1,39.7,38.7,36.4,33.6,38.3,39.1,34.2,37.3,55.7,58.6,27,40,20.6,25.3,40,40,25,0,0,0,6,6,4,0,20,20,19,33,29,32,40,40,39,45.03,45.04,44.41,53,450,4.4,0,0,0
12.02,316,19.97,19.91,19.9,11.6,10.7,10.8,0,2.3,0.14,0.11,213.3,14.3,280,1,1,649,686,613,-2,607,11.8,68.5,496,30.6,30.6,0.7,3.9,638.7,0,12.54,9.9,39.9,38.9,36.6,33.9,38.6,39.2,34.0,37.6,55.8,58.9,26,40,20.6,25.3,37,38,25,0,0,0,6,6,4,0,20,20,19,33,29,32,40,40,39,45.03,45.04,44.41,52,440,4.4,0,0,0
12.02,322,20.62,20.54,20.54,11.1,10.8,11.0,0,12.9,-0.12,0.23,212.7,11.7,277,1,1,640,685,612,-1,612,11.7,69.8,499,30.3,30.2,0.7,3.9,638.7,0,12.54,9.9,39.9,39.0,36.7,34.0,38.7,39.5,34.3,37.7,55.8,58.9,26,40,20.6,25.3,37,37,25,0,0,0,6,6,4,0,20,20,19,33,29,32,40,40,39,45.04,45.04,44.41,54,450,4.4,0,0,0
12.95,312,21.32,21.27,21.28,10.9,10.9,11.5,0,4.6,-0.03,0.11,213.2,12.4,281,1,1,661,686,632,-2,632,12.7,66.1,476,32.3,32.2,0.8,3.9,638.7,0,12.54,10.1,39.0,37.9,35.7,33.0,37.6,38.3,33.3,36.9,55.6,58.6,27,40,20.6,25.3,39,40,25,0,0,0,6,6,4,0,20,20,19,33,29,32,40,40,39,45.04,45.04,44.41,53,460,4.4,0,0,0
12.82,282,21.36,21.29,21.28,10.7,10.8,11.3,0,6.7,0.11,0.12,213.2,15.8,279,1,1,658,686,628,0,637,12.6,65.9,482,32.1,33.0,0.7,3.9,638.7,0,12.54,10.1,39.6,38.5,36.2,33.5,38.3,38.8,34.0,37.2,55.7,58.7,26,40,20.6,25.3,40,40,25,0,0,0,6,6,4,0,20,20,19,33,29,32,40,40,39,45.04,45.04,44.41,52,450,4.4,0,0,0
11.82,22,20.18,20.16,20.16,11.4,11.2,11.0,0,3.3,0.05,0.0,213.0,10.3,287,1,1,636,686,603,-2,610,11.5,68.9,501,30.7,30.8,0.7,3.9,638.7,0,12.54,10.1,39.1,38.2,35.9,33.2,38.0,38.5,33.7,37.1,55.6,58.7,26,40,20.6,25.3,37,38,25,0,0,0,6,6,4,0,20,20,19,33,29,32,40,40,39,45.03,45.04,44.41,52,450,4.4,0,0,0
13.05,168,21.32,21.27,21.28,10.9,11.1,10.8,0,-0.6,0.09,0.13,213.1,15.8,282,1,1,653,686,629,1,619,12.7,64.3,474,32.5,32.5,0.8,3.9,638.7,0,12.54,10.1,39.0,37.9,35.7,33.0,37.6,38.2,33.3,36.9,55.6,58.6,26,40,20.6,25.3,39,40,25,0,0,0,6,6,4,0,20,20,19,34,29,32,40,40,39,45.03,45.04,44.41,54,440,4.4,0,0,0
11.82,32,22.07,22.04,22.04,13.6,12.7,11.5,0,1.1,0.19,0.1,213.0,16.7,282,1,1,636,686,600,-2,616,11.6,67.8,496,32.1,32.3,0.7,3.9,638.7,0,12.54,10.1,39.0,37.9,35.7,33.0,37.7,38.2,33.4,36.9,55.6,58.6,26,40,20.6,25.3,39,40,25,0,0,0,6,6,4,0,20,20,19,33,29,32,40,40,39,45.03,45.04,44.41,52,450,4.4,0,0,0
13.68,18,23.23,23.16,23.15,11.1,11.4,10.7,0,8.6,-0.09,0.05,212.9,18.6,278,1,1,656,686,631,1,638,13.5,62.5,448,28.3,28.7,0.6,3.8,638.7,0,12.54,10.1,39.3,38.4,36.0,33.3,38.1,38.7,33.9,37.2,55.7,58.7,26,40,20.6,25.3,36,36,25,0,0,0,6,6,4,0,20,20,19,33,30,32,40,40,39,45.04,45.04,44.41,54,440,4.4,0,0,0
12.76,24,18.88,18.83,18.83,12.3,11.0,10.9,0,5.5,0.05,0.03,212.9,14.9,285,1,1,656,687,626,1,633,12.5,66.7,480,33.0,32.9,0.8,4.0,638.7,0,12.54,10.1,39.7,38.6,36.3,33.5,38.3,38.8,33.9,37.3,55.7,58.7,27,40,20.6,25.3,40,40,25,0,0,0,6,6,4,0,20,20,19,33,29,32,40,40,39,45.03,45.04,44.41,54,440,4.4,0,0,0
12.22,254,24.08,24.02,24.03,13.6,11.9,12.6,0,1.5,0.13,0.31,213.0,12.2,279,1,1,631,686,599,1,592,11.9,65.6,481,29.4,29.5,0.6,3.8,638.7,0,12.54,10.1,39.2,38.3,36.0,33.3,38.1,38.8,34.0,37.1,55.7,58.6,26,40,20.6,25.3,36,37,25,0,0,0,6,6,4,0,20,20,19,33,29,32,40,40,39,45.03,45.04,44.41,54,450,4.4,0,0,0
12.23,30,20.62,20.54,20.54,10.7,11.4,10.7,0,6.6,0.03,0.16,212.6,15.9,277,1,1,646,685,614,1,611,11.9,67.1,493,30.4,30.3,0.7,3.9,638.7,0,12.54,9.9,39.9,39.0,36.7,34.0,38.7,39.5,34.4,37.6,55.8,58.8,26,40,20.6,25.3,37,38,25,0,0,0,6,6,4,0,20,20,19,33,30,32,40,40,39,45.03,45.04,44.41,53,440,4.4,0,0,0
11.55,240,20.72,20.69,20.69,10.8,10.9,11.1,0,-1.9,0.12,-0.05,213.0,12.7,287,1,1,632,686,590,1,583,11.3,67.9,501,30.2,30.2,0.7,3.9,638.7,0,12.54,10.1,39.2,38.2,35.9,33.2,37.9,38.3,33.4,37.1,55.6,58.6,26,40,20.6,25.3,37,38,25,0,0,0,6,6,4,0,20,20,19,33,29,32,40,40,39,45.03,45.04,44.41,54,450,4.4,0,0,0
12.85,320,23.1,23.05,23.05,10.8,10.9,11.1,0,4.3,0.01,0.11,213.0,15.9,281,1,1,654,686,627,1,632,12.6,65.6,481,31.7,31.7,0.7,3.9,638.7,0,12.54,10.1,39.0,38.0,35.8,33.1,37.7,38.5,33.7,36.9,55.6,58.7,27,40,20.6,25.3,39,39,25,0,0,0,6,6,4,0,20,20,19,33,29,32,40,40,39,45.03,45.05,44.41,53,460,4.4,0,0,0
12.02,98,17.11,17.07,17.07,11.2,11.0,11.1,0,-6.2,0.04,0.18,212.7,11.3,288,1,1,640,685,607,1,613,11.7,68.8,496,32.8,32.6,0.8,3.9,638.7,0,12.54,10.0,39.6,38.7,36.4,33.6,38.4,39.1,34.3,37.4,55.7,58.7,26,40,20.6,25.3,40,40,25,0,0,0,6,6,4,0,20,20,19,34,30,32,40,40,39,45.03,45.04,44.41,54,440,4.4,0,0,0
12.72,318,17.09,17.04,17.03,10.6,10.4,10.4,0,-5.9,-0.06,0.0,212.6,14.0,288,1,1,661,686,633,0,630,12.5,68.1,485,32.6,32.3,0.8,3.9,638.7,0,12.54,10.0,39.6,38.7,36.4,33.6,38.4,39.1,34.0,37.4,55.7,58.7,26,40,20.6,25.3,39,40,25,0,0,0,6,6,4,0,20,20,19,33,29,32,40,40,39,45.04,45.04,44.41,53,450,4.4,0,0,0
11.5,350,20.74,20.69,20.68,14.4,12.0,11.7,0,2.1,0.04,0.04,212.6,14.6,279,1,1,624,685,584,-2,581,11.1,69.6,500,30.1,31.1,0.6,3.8,638.7,0,12.54,10.1,39.5,38.4,36.2,33.4,38.2,38.6,33.8,37.3,55.7,58.7,26,40,20.6,25.3,38,38,25,0,0,0,6,6,4,0,20,20,19,33,29,32,40,40,39,45.03,45.04,44.41,54,450,4.4,0,0,0
11.8,104,21.99,21.95,21.95,10.7,10.9,10.8,0,1.7,-0.03,0.09,213.2,14.4,282,1,1,636,685,603,-2,599,11.5,70.1,501,32.1,32.2,0.7,3.9,638.7,0,12.54,10.1,39.0,37.9,35.7,33.0,37.7,38.2,33.4,37.0,55.6,58.6,26,40,20.6,25.3,39,40,25,0,0,0,6,6,4,0,20,20,19,33,30,32,40,40,39,45.03,45.04,44.41,53,450,4.4,0,0,0
13.06,358,22.09,22.01,22.01,13.2,14.6,14.5,0,9.6,0.09,0.18,213.0,14.4,280,1,1,645,685,614,-1,615,12.7,63.2,463,32.8,32.8,0.7,3.9,638.7,0,12.54,10.1,39.6,38.6,36.2,33.5,38.3,38.9,34.0,37.2,55.7,58.7,26,40,20.6,25.3,40,40,25,0,0,0,6,6,4,0,20,20,19,33,29,32,40,40,39,45.03,45.04,44.41,52,450,4.4,0,0,0
12.15,320,21.67,21.63,21.63,11.3,10.9,10.8,0,-4.8,0.03,0.02,212.9,15.5,286,1,1,642,686,613,1,610,11.8,67.6,497,30.1,30.0,0.7,3.9,638.7,0,12.54,10.1,39.2,38.2,35.9,33.3,37.9,38.4,33.6,37.2,55.6,58.6,26,40,20.6,25.3,37,38,25,0,0,0,6,6,4,0,20,20,19,33,29,32,40,40,39,45.03,45.04,44.41,52,450,4.3,0,0,0
12.74,158,15.35,15.32,15.31,11.1,11.0,11.3,0,-6.4,0.06,0.16,212.9,13.8,283,1,1,652,685,627,0,636,12.4,65.8,485,32.3,32.2,0.8,3.9,638.7,0,12.54,9.9,39.8,38.7,36.4,33.6,38.5,39.0,34.0,37.5,55.7,58.7,26,40,20.6,25.3,39,40,25,0,0,0,6,6,4,0,20,20,19,33,29,32,40,40,39,45.04,45.04,44.41,54,450,4.3,0,0,0
13.9,116,20.23,20.18,20.17,10.6,10.6,10.9,0,5.0,-0.07,0.0,212.5,14.0,283,1,1,663,686,641,2,637,13.6,62.9,456,33.2,33.1,0.8,4.0,638.7,0,12.54,10.1,39.6,38.6,36.4,33.5,38.3,38.9,34.1,37.3,55.7,58.6,26,40,20.6,25.3,40,40,25,0,0,0,6,6,4,0,20,20,19,33,29,32,40,40,39,45.04,45.04,44.41,53,450,4.4,0,0,0
12.43,174,22.03,21.97,21.98,10.6,10.9,11.5,0,-1.7,0.03,-0.1,212.8,15.9,285,1,1,645,686,617,-2,615,12.1,66.2,489,29.8,29.8,0.7,3.9,638.7,0,12.54,10.1,39.2,38.2,35.9,33.3,38.0,38.6,33.6,37.2,55.6,58.8,27,40,20.6,25.3,37,38,25,0,0,0,6,6,4,0,20,20,19,33,29,32,40,40,39,45.04,45.04,44.41,52,450,4.4,0,0,0
13.79,294,22.08,22.01,22.0,10.8,10.7,11.6,0,6.9,0.03,0.0,213.2,17.5,282,1,1,658,686,626,0,628,13.4,62.4,446,33.2,32.8,0.7,3.9,638.7,0,12.54,10.1,39.6,38.6,36.3,33.5,38.3,38.9,34.1,37.2,55.7,58.7,26,40,20.6,25.3,40,40,25,0,0,0,6,6,4,0,20,20,19,34,29,32,40,40,39,45.03,45.04,44.41,52,440,4.4,0,0,0
11.84,94,20.72,20.69,20.7,10.6,11.1,10.9,0,-4.5,0.14,0.02,212.9,16.2,287,1,1,634,686,604,0,596,11.6,70.1,501,30.3,30.5,0.7,3.9,638.7,0,12.54,10.1,39.2,38.1,35.9,33.2,37.9,38.2,33.4,37.1,55.6,58.6,27,40,20.6,25.3,37,38,25,0,0,0,6,6,4,0,20,20,19,33,29,32,40,40,39,45.03,45.04,44.41,53,450,4.4,0,0,0
12.6,242,21.27,21.23,21.23,10.8,11.0,10.9,0,5.3,0.02,0.23,213.0,14.6,282,1,1,655,686,628,0,636,12.5,66.6,487,32.4,32.2,0.8,3.9,638.7,0,12.54,10.1,39.0,37.9,35.7,33.0,37.7,38.3,33.4,36.9,55.6,58.6,27,40,20.6,25.3,39,40,25,0,0,0,6,6,4,0,20,20,19,33,29,32,40,40,39,45.04,45.04,44.41,54,450,4.4,0,0,0
12.81,210,21.36,21.29,21.28,10.8,11.4,10.8,0,7.1,0.09,0.11,212.9,15.0,279,1,1,657,685,628,1,628,12.5,67.8,483,32.1,33.0,0.7,3.9,638.7,0,12.54,10.1,39.6,38.5,36.2,33.5,38.3,38.8,34.0,37.2,55.7,58.7,26,40,20.6,25.3,40,40,25,0,0,0,6,6,4,0,20,20,19,33,29,32,40,40,39,45.03,45.04,44.41,53,440,4.4,0,0,0
11.29,310,19.53,19.47,19.46,11.1,10.8,10.8,0,0.7,0.04,0.18,212.7,14.0,281,1,1,621,686,575,1,579,11.1,70.7,501,31.5,31.1,0.7,3.9,638.7,0,12.54,9.9,39.9,38.8,36.5,33.8,38.5,39.0,33.9,37.6,55.8,58.8,26,40,20.6,25.3,38,39,25,0,0,0,6,6,4,0,20,20,19,33,29,32,40,40,39,45.03,45.04,44.41,53,450,4.3,0,0,0
12.49,108,21.48,21.41,21.4,10.8,10.8,11.1,0,4.4,-0.02,0.1,212.9,16.5,279,1,1,648,685,618,0,626,12.2,66.1,484,30.0,29.9,0.7,3.9,638.7,0,12.54,9.9,39.9,39.0,36.7,34.0,38.7,39.5,34.2,37.6,55.8,58.9,26,40,20.6,25.3,37,37,25,0,0,0,6,6,4,0,20,20,19,33,29,32,40,40,39,45.04,45.05,44.41,52,440,4.4,0,0,0
11.91,166,20.72,20.69,20.7,10.9,10.7,11.2,0,-5.2,-0.04,0.13,213.0,14.6,287,1,1,645,686,612,-1,610,11.8,67.9,500,30.6,30.6,0.7,3.9,638.7,0,12.54,10.1,39.2,38.1,35.9,33.2,37.9,38.2,33.4,37.1,55.6,58.6,26,40,20.6,25.3,37,38,25,0,0,0,6,6,4,0,20,20,19,33,29,32,40,40,39,45.03,45.04,44.41,52,450,4.4,0,0,0
13.58,142,23.1,23.05,23.05,11.2,10.9,11.1,0,4.4,-0.03,0.12,213.2,15.7,284,1,1,655,686,629,-2,638,13.3,62.9,455,31.5,31.3,0.7,3.9,638.7,0,12.54,10.1,39.1,38.1,35.8,33.1,37.8,38.4,33.6,36.9,55.6,58.6,26,40,20.6,25.3,38,39,25,0,0,0,6,6,4,0,20,20,19,33,29,32,40,40,39,45.03,45.04,44.41,54,450,4.4,0,0,0
12.75,40,24.65,24.59,24.59,10.6,11.1,11.0,0,4.5,-0.1,0.21,213.3,15.6,278,1,1,653,687,622,-2,619,12.6,65.7,477,29.2,29.1,0.6,3.8,638.7,0,12.54,10.1,39.2,38.3,36.0,33.3,38.1,38.8,34.0,37.1,55.7,58.6,27,40,20.6,25.3,36,37,25,0,0,0,6,6,4,0,20,20,19,33,29,32,40,40,39,45.03,45.04,44.41,54,450,4.4,0,0,0
12.54,24,20.95,20.87,20.86,10.8,11.1,10.8,0,-1.7,0.03,0.12,212.6,16.6,282,1,1,651,686,622,1,622,12.3,67.2,485,30.7,30.9,0.7,3.9,638.7,0,12.54,9.9,39.9,38.9,36.6,33.8,38.6,39.2,34.2,37.6,55.8,58.8,26,40,20.6,25.3,38,38,25,0,0,0,6,6,4,0,20,20,19,33,29,32,40,40,39,45.03,45.04,44.41,54,450,4.3,0,0,0
12.73,272,21.29,21.24,21.23,10.8,10.7,11.0,0,4.8,0.0,0.13,213.0,16.0,280,1,1,653,686,624,2,630,12.4,66.5,481,28.0,29.6,0.6,3.8,638.7,0,12.54,10.1,39.4,38.4,36.1,33.3,38.2,38.6,34.0,37.3,55.7,58.7,26,40,20.6,25.3,36,36,25,0,0,0,6,6,4,0,20,20,19,33,30,32,40,40,39,45.03,45.04,44.41,53,440,4.4,0,0,0
12.16,244,20.95,20.87,20.86,11.1,10.8,10.7,0,10.2,0.02,0.11,212.9,15.9,280,1,1,645,686,612,2,620,12.0,68.8,492,31.2,31.0,0.7,3.9,638.7,0,12.54,9.9,39.9,38.9,36.6,33.8,38.6,39.3,34.2,37.6,55.8,58.7,26,40,20.6,25.3,38,39,25,0,0,0,6,6,4,0,20,20,19,33,30,32,40,40,39,45.03,45.04,44.41,52,440,4.4,0,0,0
12.85,22,21.56,21.51,21.52,10.6,11.1,10.8,0,6.8,0.02,0.05,213.2,14.5,279,1,1,654,686,624,0,633,12.5,65.7,477,32.5,32.2,0.8,3.9,638.7,0,12.54,10.1,39.0,37.9,35.7,33.0,37.6,38.1,33.4,36.9,55.6,58.6,26,40,20.6,25.3,40,40,25,0,0,0,6,6,4,0,20,20,19,33,30,32,40,40,39,45.04,45.04,44.41,54,440,4.4,0,0,0
11.66,36,21.74,21.7,21.71,10.8,11.3,10.8,0,-4.8,0.09,0.0,212.8,15.2,284,1,1,630,685,599,0,617,11.5,68.4,501,29.6,29.6,0.6,3.8,638.7,0,12.54,10.1,39.2,38.2,35.9,33.3,38.0,38.5,33.6,37.3,55.6,58.5,26,40,20.6,25.3,36,37,25,0,0,0,6,6,4,0,20,20,19,33,29,32,40,40,39,45.03,45.04,44.41,53,460,4.4,0,0,0
14.03,296,21.74,21.67,21.66,10.4,10.6,10.5,0,5.3,0.13,0.15,213.3,13.2,283,1,1,660,686,631,0,638,13.8,60.5,440,33.2,33.2,0.8,3.9,638.7,0,12.54,10.1,39.6,38.6,36.3,33.5,38.3,38.9,34.1,37.2,55.7,58.7,26,40,20.6,25.3,40,40,25,0,0,0,6,6,4,0,20,20,19,33,29,32,40,40,39,45.03,45.04,44.41,53,440,4.4,0,0,0
12.07,166,20.95,20.87,20.86,10.7,10.6,11.3,0,3.3,0.03,0.08,213.2,14.3,280,1,1,644,685,608,0,603,11.7,68.2,496,31.1,31.0,0.7,3.9,638.7,0,12.54,9.9,39.9,38.9,36.6,33.8,38.6,39.1,34.2,37.6,55.8,58.7,26,40,20.6,25.3,38,39,25,0,0,0,6,6,4,0,20,20,19,33,29,32,40,40,39,45.04,45.04,44.41,53,450,4.4,0,0,0
13.32,82,21.88,21.84,21.84,11.0,10.6,10.9,0,0.3,-0.22,0.09,213.2,11.6,285,1,1,649,686,620,1,621,13.1,61.9,457,31.2,31.1,0.7,3.9,638.7,0,12.54,10.1,39.1,38.1,35.8,33.1,37.9,38.3,33.7,37.0,55.6,58.7,26,40,20.6,25.3,38,39,25,0,0,0,6,6,4,0,20,20,19,33,29,32,40,40,39,45.03,45.04,44.41,52,440,4.4,0,0,0
12.08,310,20.72,20.69,20.69,11.2,10.9,10.8,0,-7.3,0.0,0.11,212.9,15.4,288,1,1,642,686,610,0,602,11.8,68.9,496,30.4,30.7,0.7,3.9,638.7,0,12.54,10.1,39.2,38.1,35.9,33.2,37.9,38.2,33.3,37.1,55.6,58.5,26,40,20.6,25.3,37,38,25,0,0,0,6,6,4,0,20,20,19,34,30,31,40,40,39,45.03,45.05,44.41,53,440,4.4,0,0,0
13.06,170,21.56,21.51,21.52,10.9,10.8,11.1,0,7.6,-0.02,0.12,213.0,9.3,281,1,1,655,687,632,-1,639,12.8,64.5,473,32.6,32.2,0.8,3.9,638.7,0,12.54,10.1,39.0,37.9,35.7,33.0,37.6,38.2,33.4,36.9,55.6,58.6,27,40,20.6,25.3,39,40,25,0,0,0,6,6,4,0,20,20,19,33,29,31,40,40,39,45.03,45.05,44.41,54,460,4.4,0,0,0
11.9,304,15.24,15.22,15.21,10.7,10.8,10.7,0,2.5,-0.02,0.02,212.9,7.7,281,1,1,645,686,608,-3,606,11.6,70.8,501,32.1,31.6,0.7,3.9,638.7,0,12.54,9.9,39.8,38.8,36.5,33.7,38.5,39.1,34.1,37.6,55.7,58.7,26,40,20.6,25.3,38,39,25,0,0,0,6,6,4,0,20,20,19,34,29,32,40,40,39,45.03,45.05,44.41,54,460,4.4,0,0,0
11.81,36,23.63,23.58,23.59,10.8,11.2,10.6,0,-3.0,0.1,0.11,212.9,17.7,281,1,1,631,686,599,0,592,11.5,68.9,499,29.2,29.4,0.6,3.8,638.7,0,12.54,10.1,39.3,38.3,36.0,33.3,38.0,38.7,33.7,37.2,55.7,58.6,26,40,20.6,25.3,36,37,25,0,0,0,6,6,4,0,20,20,19,33,29,32,40,40,39,45.03,45.04,44.41,53,460,4.4,0,0,0
11.9,36,20.62,20.54,20.54,10.9,11.2,10.7,0,-1.9,0.09,0.21,212.9,14.0,279,1,1,640,686,601,0,597,11.7,69.4,496,30.5,30.3,0.7,3.9,638.7,0,12.54,9.9,39.9,39.0,36.7,34.0,38.7,39.5,34.4,37.6,55.8,58.9,27,40,20.6,25.3,37,38,25,0,0,0,6,6,4,0,20,20,19,33,29,32,40,40,39,45.03,45.04,44.41,53,450,4.4,0,0,0
11.68,14,16.81,16.77,16.76,10.9,11.1,10.9,0,3.6,-0.04,0.05,212.7,10.2,282,1,1,633,685,596,1,604,11.4,67.9,501,31.8,31.7,0.7,3.9,638.7,0,12.54,9.9,39.8,38.8,36.5,33.8,38.6,39.1,34.2,37.6,55.7,58.7,26,40,20.6,25.3,38,39,25,0,0,0,6,6,4,0,20,20,19,33,29,32,40,40,39,45.04,45.04,44.41,54,440,4.3,0,0,0
13.06,202,21.29,21.24,21.23,10.6,11.4,11.0,0,4.9,0.14,0.04,212.9,14.5,279,1,1,653,686,627,-1,625,12.7,65.5,469,28.7,30.0,0.6,3.8,638.7,0,12.54,10.1,39.4,38.4,36.1,33.3,38.2,38.7,34.1,37.3,55.7,58.7,26,40,20.6,25.3,36,37,25,0,0,0,6,6,4,0,20,20,19,33,29,32,40,40,39,45.03,45.04,44.41,52,450,4.3,0,0,0
11.91,30,19.97,19.91,19.9,10.9,10.9,10.8,0,3.0,0.18,0.12,213.0,15.9,280,1,1,642,686,612,0,610,11.7,70.5,499,30.8,30.7,0.7,3.9,638.7,0,12.54,9.9,39.9,38.9,36.6,33.9,38.6,39.2,33.9,37.6,55.8,58.9,27,40,20.6,25.3,37,38,25,0,0,0,6,6,4,0,20,20,19,33,29,32,40,40,39,45.03,45.04,44.41,54,460,4.4,0,0,0
12.63,312,20.95,20.87,20.86,11.2,10.8,11.0,0,-0.5,0.02,0.14,212.6,12.8,282,1,1,655,686,622,0,618,12.3,68.2,485,30.8,31.1,0.7,3.9,638.7,0,12.54,9.9,39.9,38.9,36.6,33.8,38.6,39.3,34.2,37.6,55.8,58.8,26,40,20.6,25.3,38,38,25,0,0,0,6,6,4,0,20,20,19,33,30,32,40,40,39,45.03,45.04,44.41,52,440,4.4,0,0,0
11.7,320,19.97,19.91,19.9,10.9,10.8,10.9,0,0.0,-0.04,0.13,212.5,11.6,280,1,1,641,686,601,-2,596,11.4,68.6,501,30.6,30.7,0.7,3.9,638.7,0,12.54,9.9,39.9,39.0,36.7,33.9,38.6,39.3,34.1,37.6,55.8,58.8,27,40,20.6,25.3,37,38,25,0,0,0,6,6,4,0,20,20,19,33,29,32,40,40,39,45.03,45.05,44.41,53,450,4.3,0,0,0
12.78,196,19.06,19.01,19.0,10.6,10.8,10.8,0,-2.6,0.05,0.22,213.0,16.8,280,1,1,671,686,645,2,641,12.6,69.1,488,28.9,29.9,0.6,3.8,638.7,0,12.54,10.1,39.4,38.4,36.1,33.3,38.2,38.8,34.2,37.3,55.7,58.6,26,40,20.6,25.3,36,37,25,0,0,0,6,6,4,0,20,20,19,33,29,32,40,40,39,45.03,45.04,44.41,54,450,4.4,0,0,0
12.64,164,17.74,17.7,17.69,11.1,11.3,11.1,0,-1.2,-0.12,0.11,212.8,14.4,288,1,1,655,686,629,-2,640,12.4,67.9,485,33.0,32.7,0.8,4.0,638.7,0,12.54,10.1,39.7,38.7,36.4,33.6,38.3,39.0,34.2,37.3,55.7,58.7,26,40,20.6,25.3,40,40,25,0,0,0,6,6,4,0,20,20,19,33,29,32,40,40,39,45.03,45.04,44.41,53,450,4.4,0,0,0
12.07,324,20.69,20.62,20.61,13.1,13.1,12.9,0,10.8,-0.04,0.06,212.6,11.6,278,1,1,627,685,588,0,583,11.8,66.4,478,30.0,29.9,0.7,3.9,638.7,0,12.54,9.9,39.9,39.0,36.7,34.0,38.7,39.5,34.3,37.6,55.8,58.8,26,40,20.6,25.3,37,37,25,0,0,0,6,6,4,0,20,20,19,33,29,32,40,40,39,45.03,45.04,44.41,53,440,4.4,0,0,0
13.25,8,21.77,21.73,21.74,10.6,11.7,11.5,0,1.2,-0.13,0.33,213.1,13.6,284,1,1,663,686,637,-2,648,13.1,64.3,467,31.1,31.0,0.7,3.9,638.7,0,12.54,10.1,39.0,38.1,35.8,33.1,37.9,38.3,33.7,36.9,55.6,58.7,26,40,20.6,25.3,38,39,25,0,0,0,6,6,4,0,20,20,19,33,29,32,40,40,39,45.03,45.05,44.41,53,450,4.4,0,0,0
13.58,100,21.48,21.44,21.45,11.8,10.8,10.5,0,1.9,0.08,0.1,213.2,14.4,285,1,1,656,686,631,0,634,13.3,61.6,457,31.1,31.1,0.7,3.9,638.7,0,12.54,10.1,39.1,38.1,35.8,33.1,37.9,38.3,33.6,37.0,55.6,58.7,27,40,20.6,25.3,38,39,25,0,0,0,6,6,4,0,20,20,19,33,29,32,40,40,39,45.04,45.04,44.41,52,450,4.4,0,0,0
12.74,318,17.58,17.53,17.52,14.2,12.8,14.5,0,-8.3,0.11,0.02,212.7,13.9,285,1,1,652,686,622,-1,628,12.4,64.7,478,32.2,32.2,0.8,3.9,638.7,0,12.54,9.9,39.7,38.7,36.4,33.6,38.5,39.0,34.2,37.5,55.7,58.7,26,40,20.6,25.3,39,40,25,0,0,0,6,6,4,0,20,20,19,33,29,32,40,40,39,45.03,45.04,44.41,52,450,4.4,0,0,0
12.17,316,22.45,22.41,22.41,10.8,10.7,11.0,0,3.3,0.19,0.04,212.8,11.5,281,1,1,641,686,614,-1,609,12.0,67.3,493,32.0,31.9,0.7,3.9,638.7,0,12.54,10.1,39.1,37.9,35.8,33.0,37.7,38.2,33.4,36.9,55.6,58.6,26,40,20.6,25.3,39,39,25,0,0,0,6,6,4,0,20,20,19,34,29,32,40,40,39,45.03,45.04,44.41,52,460,4.4,0,0,0
11.99,176,21.67,21.63,21.63,10.6,10.7,11.4,0,-5.7,0.14,0.24,213.0,16.6,286,1,1,638,686,604,2,611,11.8,68.9,496,30.1,30.1,0.7,3.8,638.7,0,12.54,10.1,39.2,38.2,35.9,33.3,37.9,38.4,33.5,37.2,55.6,58.7,26,40,20.6,25.3,37,38,25,0,0,0,6,6,4,0,20,20,19,33,29,32,40,40,39,45.03,45.04,44.41,53,460,4.4,0,0,0
11.3,238,19.53,19.47,19.46,10.8,10.8,11.2,0,3.1,0.08,0.07,212.6,11.7,280,1,1,622,685,578,0,567,11.1,70.4,501,31.3,31.4,0.7,3.9,638.7,0,12.54,9.9,39.9,38.8,36.5,33.8,38.5,39.0,33.9,37.6,55.8,58.8,26,40,20.6,25.3,38,39,25,0,0,0,6,6,4,0,20,20,19,33,29,32,40,40,39,45.03,45.04,44.41,52,450,4.4,0,0,0
12.33,316,16.73,16.69,16.69,10.9,10.9,11.1,0,-5.1,-0.02,0.09,212.9,10.7,285,1,1,644,686,618,2,614,12.1,66.4,490,32.4,32.1,0.8,3.9,638.7,0,12.54,10.0,39.7,38.7,36.4,33.6,38.5,39.1,34.2,37.4,55.7,58.7,27,40,20.6,25.3,39,40,25,0,0,0,6,6,4,0,20,20,19,33,30,32,40,40,39,45.03,45.04,44.41,54,440,4.4,0,0,0
12.58,30,17.37,17.31,17.31,10.5,10.8,10.7,0,-5.3,0.03,0.14,212.6,9.3,285,1,1,647,686,617,1,617,12.4,65.2,483,32.2,32.3,0.7,3.9,638.7,0,12.54,9.9,39.7,38.7,36.4,33.6,38.5,39.0,34.1,37.5,55.7,58.7,26,40,20.6,25.3,39,40,25,0,0,0,6,6,4,0,20,20,19,33,29,32,40,40,39,45.03,45.04,44.41,53,450,4.4,0,0,0
11.97,308,20.95,20.87,20.86,11.3,10.8,10.8,0,5.8,0.0,0.03,212.7,14.1,280,1,1,634,685,606,-1,618,11.7,69.1,497,31.1,31.1,0.7,3.9,638.7,0,12.54,9.9,39.9,38.9,36.6,33.8,38.6,39.1,34.2,37.6,55.7,58.9,26,40,20.6,25.3,38,39,25,0,0,0,6,6,4,0,20,20,19,33,29,32,40,40,39,45.04,45.04,44.41,53,450,4.4,0,0,0
12.32,172,16.74,16.7,16.69,12.8,12.8,12.4,0,-2.8,0.15,0.07,212.9,13.8,285,1,1,646,686,615,0,609,12.1,67.3,487,32.2,32.1,0.8,3.9,638.7,0,12.54,9.9,39.7,38.7,36.4,33.6,38.5,39.0,34.2,37.5,55.7,58.8,26,40,20.6,25.3,39,40,25,0,0,0,6,6,4,0,20,20,19,33,29,32,40,40,39,45.03,45.05,44.41,53,450,4.4,0,0,0
12.22,318,22.03,21.97,21.98,11.3,10.8,10.9,0,-3.0,-0.22,0.09,212.8,12.9,285,1,1,639,686,610,-2,605,11.9,66.4,490,29.8,29.9,0.7,3.8,638.7,0,12.54,10.1,39.2,38.2,35.9,33.3,37.9,38.6,33.5,37.3,55.6,58.6,26,40,20.6,25.3,37,38,25,0,0,0,6,6,4,0,20,20,19,33,29,32,40,40,39,45.04,45.04,44.41,53,440,4.4,0,0,0
12.12,100,19.97,19.91,19.9,10.8,11.7,10.9,0,1.0,0.03,0.06,213.2,11.8,280,1,1,645,686,616,-1,610,11.9,69.7,496,30.7,30.7,0.7,3.9,638.7,0,12.54,9.9,39.9,38.9,36.6,33.8,38.6,39.2,34.0,37.6,55.8,58.9,26,40,20.6,25.3,37,38,25,0,0,0,6,6,4,0,20,20,19,33,30,31,40,40,39,45.04,45.04,44.41,54,440,4.4,0,0,0
11.66,86,16.81,16.77,16.76,11.2,11.0,10.9,0,2.5,0.08,0.07,212.9,13.4,282,1,1,636,685,597,1,600,11.5,70.7,501,31.6,31.3,0.7,3.9,638.7,0,12.54,9.9,39.8,38.8,36.5,33.8,38.6,39.1,34.2,37.6,55.7,58.6,27,40,20.6,25.3,38,39,25,0,0,0,6,6,4,0,20,20,19,33,30,32,40,40,39,45.03,45.04,44.41,54,440,4.4,0,0,0
13.9,110,23.19,23.13,23.12,10.5,10.5,10.5,0,6.0,-0.15,0.12,213.2,19.3,278,1,1,656,686,632,1,630,13.6,60.6,447,28.1,28.5,0.6,3.8,638.7,0,12.54,10.1,39.3,38.4,36.1,33.3,38.2,38.7,34.0,37.2,55.7,58.7,27,40,20.6,25.3,36,36,25,0,0,0,6,6,4,0,20,20,19,33,29,32,40,40,39,45.03,45.04,44.41,53,440,4.4,0,0,0
11.91,270,18.49,18.45,18.44,10.8,10.8,10.9,0,4.0,0.08,0.05,212.7,10.2,278,1,1,620,686,578,1,578,11.7,66.9,479,29.3,30.3,0.6,3.8,638.7,0,12.54,10.1,39.4,38.4,36.2,33.4,38.2,38.8,34.2,37.3,55.7,58.7,26,40,20.6,25.3,37,37,25,0,0,0,6,6,4,0,20,20,19,33,29,32,40,40,39,45.03,45.04,44.41,54,450,4.4,0,0,0
13.15,268,19.96,19.91,19.9,10.6,10.8,10.8,0,0.1,0.0,0.12,212.7,12.3,280,1,1,664,685,646,1,655,12.9,67.4,480,28.6,30.0,0.6,3.8,638.7,0,12.54,10.1,39.4,38.4,36.1,33.3,38.2,38.8,34.1,37.3,55.7,58.6,26,40,20.6,25.3,36,37,25,0,0,0,6,6,4,0,20,20,19,33,29,32,40,40,39,45.03,45.04,44.41,54,450,4.4,0,0,0
11.23,20,19.53,19.47,19.46,11.1,10.8,10.9,0,-2.5,0.15,0.21,212.8,15.2,282,1,1,617,685,567,0,559,11.0,67.3,493,31.9,31.7,0.7,3.9,638.7,0,12.54,9.9,39.9,38.8,36.5,33.8,38.6,38.9,33.8,37.6,55.7,58.8,27,40,20.6,25.3,38,39,25,0,0,0,6,6,4,0,20,20,19,33,29,32,40,40,39,45.03,45.04,44.41,53,460,4.4,0,0,0
13.55,52,23.1,23.05,23.05,11.3,10.8,10.9,0,2.6,0.0,0.1,213.0,19.4,284,1,1,657,686,626,0,641,13.3,61.6,453,31.5,31.2,0.7,3.9,638.7,0,12.54,10.1,39.1,38.1,35.8,33.1,37.8,38.4,33.7,36.9,55.6,58.6,26,40,20.6,25.3,38,39,25,0,0,0,6,6,4,0,20,20,19,33,29,32,40,40,39,45.04,45.04,44.41,54,450,4.4,0,0,0
13.01,24,21.32,21.27,21.28,11.2,10.9,10.8,0,3.1,0.03,0.04,213.1,16.2,281,1,1,661,686,632,-2,626,12.8,66.8,476,32.4,32.4,0.8,3.9,638.7,0,12.54,10.1,39.0,37.9,35.7,33.0,37.6,38.3,33.4,36.9,55.6,58.6,27,40,20.6,25.3,39,40,25,0,0,0,6,6,4,0,20,20,19,33,29,32,40,40,39,45.03,45.04,44.41,53,450,4.3,0,0,0
12.22,246,21.67,21.63,21.63,11.1,11.1,11.2,0,-8.1,0.11,0.17,213.0,14.6,287,1,1,646,686,613,0,621,12.0,66.9,491,30.2,30.2,0.7,3.9,638.7,0,12.54,10.1,39.2,38.2,35.9,33.3,37.9,38.4,33.7,37.2,55.6,58.6,26,40,20.6,25.3,37,38,25,0,0,0,6,6,4,0,20,20,19,34,30,32,40,40,39,45.03,45.04,44.41,54,440,4.4,0,0,0
12.13,176,20.62,20.54,20.54,10.8,11.0,11.2,0,10.5,-0.04,0.16,212.9,13.4,277,1,1,642,685,617,-1,611,11.9,67.4,495,30.2,30.0,0.7,3.9,638.7,0,12.54,9.9,39.9,39.0,36.7,34.0,38.7,39.5,34.4,37.6,55.8,58.9,26,40,20.6,25.3,37,38,25,0,0,0,6,6,4,0,20,20,19,33,29,32,40,40,39,45.03,45.04,44.41,53,450,4.4,0,0,0
13.68,18,24.97,24.9,24.91,10.8,11.3,10.8,0,8.2,0.2,0.16,212.8,16.7,278,1,1,650,686,621,-2,621,13.3,62.2,446,29.3,29.0,0.6,3.8,638.7,0,12.54,10.1,39.2,38.3,36.0,33.3,38.1,38.8,34.0,37.2,55.7,58.7,26,40,20.6,25.3,36,36,25,0,0,0,6,6,4,0,20,20,19,33,29,32,40,40,39,45.03,45.04,44.41,54,440,4.4,0,0,0
13.14,96,18.93,18.88,18.87,10.6,10.9,11.1,0,9.2,-0.03,0.26,212.7,10.1,285,1,1,657,686,629,-2,627,12.9,64.6,469,33.0,32.9,0.8,4.0,638.7,0,12.54,10.1,39.7,38.6,36.4,33.6,38.3,38.8,34.0,37.3,55.7,58.7,26,40,20.6,25.3,40,40,25,0,0,0,6,6,4,0,20,20,19,33,29,32,40,40,39,45.03,45.04,44.41,52,450,4.3,0,0,0
11.59,168,20.96,20.93,20.94,13.2,13.1,13.4,0,-0.7,-0.07,0.29,212.9,14.3,287,1,1,635,686,591,1,586,11.3,70.1,500,30.2,30.2,0.7,3.9,638.7,0,12.54,10.1,39.2,38.1,35.9,33.2,37.9,38.3,33.5,37.1,55.6,58.5,26,40,20.6,25.3,37,38,25,0,0,0,6,6,4,0,20,20,19,34,29,32,40,40,39,45.04,45.04,44.41,54,440,4.4,0,0,0
12.44,64,21.32,21.25,21.24,11.2,11.4,11.1,0,6.6,-0.1,0.12,212.8,15.9,279,1,1,646,685,619,1,627,12.2,67.9,487,31.1,32.8,0.7,3.9,638.7,0,12.54,10.1,39.6,38.5,36.2,33.5,38.3,38.7,34.2,37.2,55.7,58.6,26,40,20.6,25.3,39,39,25,0,0,0,6,6,4,0,20,20,19,33,29,32,40,40,39,45.03,45.04,44.41,53,440,4.4,0,0,0
13.27,340,20.78,20.73,20.72,10.6,10.6,10.4,0,-2.3,0.1,0.0,213.0,18.0,280,1,1,664,686,639,1,640,13.0,66.1,468,28.7,30.1,0.6,3.8,638.7,0,12.54,10.1,39.4,38.4,36.1,33.3,38.2,38.7,34.1,37.3,55.7,58.6,26,40,20.6,25.3,36,37,25,0,0,0,6,6,4,0,20,20,19,33,29,32,40,40,39,45.03,45.04,44.41,54,450,4.4,0,0,0
11.97,276,21.32,21.25,21.24,10.8,10.6,11.3,0,6.5,0.05,0.07,212.8,15.8,279,1,1,638,686,606,1,615,11.8,67.4,496,30.7,32.1,0.7,3.8,638.7,0,12.54,10.1,39.6,38.4,36.2,33.5,38.2,38.7,34.0,37.2,55.7,58.6,26,40,20.6,25.3,38,39,25,0,0,0,6,6,4,0,20,20,19,33,29,32,40,40,39,45.03,45.04,44.41,52,450,4.3,0,0,0
11.6,252,20.34,20.27,20.27,12.7,12.3,12.2,0,-1.0,0.03,0.11,212.7,15.3,280,1,1,631,686,590,1,588,11.4,69.9,500,30.5,30.4,0.7,3.9,638.7,0,12.54,9.9,39.9,39.0,36.7,34.0,38.7,39.4,34.3,37.6,55.8,58.8,26,40,20.6,25.3,37,38,25,0,0,0,6,6,4,0,20,20,19,33,29,32,40,40,39,45.03,45.04,44.41,52,440,4.4,0,0,0
13.16,52,21.33,21.28,21.27,10.8,10.8,10.9,0,12.1,-0.09,0.14,212.8,12.3,277,1,1,663,686,638,-1,649,13.0,66.4,471,27.9,28.6,0.6,3.8,638.7,0,12.54,10.1,39.3,38.4,36.1,33.3,38.2,38.7,34.1,37.2,55.7,58.7,25,40,20.6,25.3,36,36,25,0,0,0,6,6,4,0,20,20,19,33,29,32,40,40,39,45.03,45.04,44.41,54,440,4.3,0,0,0
12.0,100,21.67,21.63,21.63,10.9,11.3,10.9,0,-0.6,0.17,0.03,213.2,13.8,285,1,1,639,686,612,1,616,11.8,67.9,499,30.0,29.9,0.7,3.8,638.7,0,12.54,10.1,39.2,38.2,35.9,33.3,37.9,38.4,33.4,37.2,55.6,58.7,26,40,20.6,25.3,37,38,25,0,0,0,6,6,4,0,20,20,19,34,29,32,40,40,39,45.03,45.04,44.41,52,450,4.3,0,0,0
12.81,314,21.27,21.23,21.23,10.8,10.9,11.3,0,4.9,0.09,0.09,212.9,15.4,282,1,1,657,686,632,1,641,12.4,68.1,485,32.1,32.4,0.7,3.9,638.7,0,12.54,10.1,39.0,37.9,35.7,33.0,37.7,38.3,33.4,36.9,55.6,58.5,26,40,20.6,25.3,39,40,25,0,0,0,6,6,4,0,20,20,19,33,29,32,40,40,39,45.04,45.04,44.41,54,460,4.4,0,0,0
11.28,308,19.53,19.47,19.46,11.1,11.0,10.9,0,-2.2,-0.08,0.08,213.1,13.8,282,1,1,621,686,573,0,562,11.1,67.8,496,31.7,31.3,0.7,3.9,638.7,0,12.54,9.9,39.9,38.8,36.5,33.8,38.6,39.0,33.8,37.6,55.7,58.8,27,40,20.6,25.3,38,39,25,0,0,0,6,6,4,0,20,20,19,33,29,32,40,40,39,45.03,45.04,44.41,53,460,4.4,0,0,0
13.0,164,18.88,18.83,18.83,11.1,11.1,11.1,0,2.7,0.17,0.13,212.7,12.9,284,1,1,655,686,634,-1,645,12.7,66.0,476,33.1,32.9,0.8,4.0,638.7,0,12.54,10.1,39.6,38.6,36.3,33.5,38.3,38.9,34.1,37.3,55.7,58.7,26,40,20.6,25.3,40,40,25,0,0,0,6,6,4,0,20,20,19,33,29,32,40,40,39,45.03,45.04,44.41,53,450,4.3,0,0,0
12.18,28,21.27,21.23,21.23,11.1,10.9,10.8,0,0.2,0.03,0.19,213.2,18.0,283,1,1,652,686,623,-1,622,12.0,69.1,495,32.2,32.1,0.7,3.9,638.7,0,12.54,10.1,39.0,37.9,35.7,33.0,37.7,38.4,33.4,36.9,55.6,58.6,27,40,20.6,25.3,39,40,25,0,0,0,6,6,4,0,20,20,19,34,29,32,40,40,39,45.03,45.04,44.41,54,440,4.4,0,0,0
11.91,348,21.32,21.25,21.24,10.9,10.7,11.1,0,9.1,0.0,0.11,213.0,11.4,278,1,1,640,686,604,1,609,11.7,68.5,497,30.7,32.1,0.7,3.8,638.7,0,12.54,10.1,39.6,38.4,36.2,33.5,38.2,38.7,34.0,37.3,55.7,58.6,26,40,20.6,25.3,38,39,25,0,0,0,6,6,4,0,20,20,19,33,29,32,40,40,39,45.03,45.04,44.41,53,450,4.4,0,0,0
12.31,28,20.95,20.87,20.86,10.6,11.3,10.8,0,4.0,0.08,0.11,213.0,17.0,282,1,1,648,686,615,1,622,12.0,67.8,490,31.1,30.8,0.7,3.9,638.7,0,12.54,9.9,39.9,38.9,36.6,33.8,38.6,39.3,34.2,37.6,55.8,58.9,26,40,20.6,25.3,38,38,25,0,0,0,6,6,4,0,20,20,19,33,29,32,40,40,39,45.03,45.04,44.41,53,450,4.4,0,0,0
11.85,60,20.03,19.99,19.98,10.9,11.0,10.7,0,2.4,-0.04,0.11,213.1,13.7,280,1,1,641,685,609,0,613,11.6,68.3,501,29.7,30.8,0.6,3.8,638.7,0,12.54,10.1,39.4,38.4,36.1,33.4,38.3,38.6,34.0,37.3,55.7,58.8,26,40,20.6,25.3,37,38,25,0,0,0,6,6,4,0,20,20,19,33,29,32,40,40,39,45.03,45.05,44.41,53,450,4.4,0,0,0
11.33,306,19.97,19.91,19.9,13.1,13.3,12.4,0,0.8,0.09,0.11,212.8,15.0,280,1,1,619,685,582,-2,576,11.1,69.8,501,31.4,31.1,0.7,3.9,638.7,0,12.54,9.9,39.9,38.9,36.5,33.8,38.6,39.0,34.0,37.6,55.8,58.7,26,40,20.6,25.3,38,39,25,0,0,0,6,6,4,0,20,20,19,33,29,32,40,40,39,45.03,45.04,44.41,54,440,4.4,0,0,0
13.01,274,21.29,21.24,21.23,10.7,10.8,11.1,0,2.7,0.02,0.21,212.7,14.5,280,1,1,652,686,628,0,620,12.8,65.8,471,28.5,29.9,0.6,3.8,638.7,0,12.54,10.1,39.4,38.4,36.1,33.3,38.2,38.7,34.0,37.3,55.7,58.7,26,40,20.6,25.3,36,37,25,0,0,0,6,6,4,0,20,20,19,33,29,32,40,40,39,45.03,45.04,44.41,52,460,4.4,0,0,0
12.64,100,17.17,17.12,17.12,10.5,11.0,11.1,0,-5.5,0.04,0.06,212.9,10.4,288,1,1,650,686,624,-2,632,12.4,67.2,483,32.5,32.3,0.8,3.9,638.7,0,12.54,10.0,39.6,38.7,36.4,33.6,38.4,39.2,34.1,37.4,55.7,58.8,26,40,20.6,25.3,39,40,25,0,0,0,6,6,4,0,20,20,19,33,29,32,40,40,39,45.04,45.04,44.41,53,460,4.4,0,0,0
12.12,170,20.35,20.32,20.33,10.9,10.9,11.1,0,-0.6,-0.07,0.11,213.0,12.6,287,1,1,644,686,614,-1,611,11.8,69.3,497,30.7,30.7,0.7,3.9,638.7,0,12.54,10.1,39.1,38.1,35.9,33.2,37.9,38.3,33.5,37.1,55.6,58.6,26,40,20.6,25.3,37,38,25,0,0,0,6,6,4,0,20,20,19,33,29,32,40,40,39,45.04,45.04,44.41,53,440,4.4,0,0,0
12.03,106,20.61,20.54,20.54,10.8,10.8,11.1,0,10.1,-0.04,0.26,212.8,16.3,278,1,1,626,684,593,0,586,11.8,68.0,485,30.2,30.0,0.7,3.9,638.7,0,12.54,9.9,39.9,39.0,36.7,34.0,38.7,39.5,34.3,37.6,55.8,58.9,26,40,20.6,25.3,37,37,25,0,0,0,6,6,4,0,20,20,19,33,30,32,40,40,39,45.03,45.04,44.41,53,440,4.3,0,0,0
12.74,212,21.36,21.29,21.28,10.7,11.1,10.9,0,9.6,-0.03,0.13,213.0,16.7,279,1,1,660,686,631,-1,625,12.5,65.4,482,32.9,33.2,0.7,3.9,638.7,0,12.54,10.1,39.6,38.5,36.2,33.5,38.3,38.8,34.0,37.2,55.7,58.6,26,40,20.6,25.3,40,40,25,0,0,0,6,6,4,0,20,20,19,33,29,32,40,40,39,45.04,45.04,44.41,54,460,4.4,0,0,0
13.1,96,21.56,21.51,21.52,10.7,11.1,10.9,0,12.4,0.09,0.21,213.0,13.1,279,1,1,655,687,629,0,626,12.8,63.7,469,32.5,32.4,0.8,3.9,638.7,0,12.54,10.1,39.0,37.9,35.7,33.0,37.6,38.2,33.4,36.9,55.6,58.6,26,40,20.6,25.3,39,40,25,0,0,0,6,6,4,0,20,20,19,34,29,32,40,40,39,45.04,45.04,44.41,54,440,4.4,0,0,0
13.5,108,24.97,24.9,24.91,10.6,10.4,11.3,0,6.1,0.17,-0.06,213.3,19.5,278,1,1,643,686,618,-2,613,13.2,60.7,450,29.3,29.2,0.6,3.8,638.7,0,12.54,10.1,39.2,38.3,36.0,33.3,38.1,38.8,34.1,37.2,55.7,58.6,26,40,20.6,25.3,36,36,25,0,0,0,6,6,4,0,20,20,19,33,29,32,40,40,39,45.03,45.04,44.41,54,450,4.4,0,0,0
12.53,352,21.36,21.29,21.28,10.9,10.7,11.1,0,7.8,-0.02,0.01,213.2,13.8,278,1,1,646,685,622,-1,635,12.3,65.6,485,31.6,32.6,0.7,3.9,638.7,0,12.54,10.1,39.6,38.5,36.2,33.5,38.3,38.7,34.2,37.2,55.7,58.7,26,40,20.6,25.3,39,39,25,0,0,0,6,6,4,0,20,20,19,33,29,32,40,40,39,45.03,45.04,44.41,53,440,4.4,0,0,0
11.19,88,17.17,17.12,17.11,11.0,10.8,10.8,0,6.2,0.11,0.04,212.8,7.3,281,1,1,544,685,451,0,458,11.0,54.1,396,31.7,31.7,0.7,3.9,638.7,0,12.54,9.9,39.8,38.8,36.5,33.8,38.6,39.0,34.0,37.6,55.8,58.7,26,40,20.6,25.3,38,39,25,0,0,0,6,6,4,0,20,20,19,33,29,32,40,40,39,45.04,45.04,44.41,52,450,4.4,0,0,0
11.91,26,20.35,20.32,20.33,11.0,11.1,11.3,0,-4.7,0.04,0.0,212.8,11.6,288,1,1,643,686,611,-3,606,11.7,68.6,501,30.7,30.6,0.7,3.9,638.7,0,12.54,10.1,39.1,38.1,35.9,33.2,37.9,38.2,33.4,37.1,55.6,58.6,26,40,20.6,25.3,37,38,25,0,0,0,6,6,4,0,20,20,19,33,29,32,40,40,39,45.04,45.04,44.41,52,450,4.4,0,0,0
12.12,18,18.34,18.32,18.32,10.4,10.4,10.6,0,4.1,-0.07,-0.1,212.9,13.2,285,1,1,648,686,617,2,621,12.0,69.8,496,30.9,30.8,0.7,3.9,638.7,0,12.54,10.1,39.1,38.1,35.8,33.1,37.9,38.3,33.6,37.0,55.6,58.7,27,40,20.6,25.3,37,39,25,0,0,0,6,6,4,0,20,20,19,33,29,32,40,40,39,45.03,45.04,44.41,53,450,4.4,0,0,0
12.2,98,20.95,20.87,20.86,10.8,10.8,10.9,0,11.2,0.04,0.14,212.9,11.5,279,1,1,649,686,617,2,623,12.0,69.2,491,30.9,30.9,0.7,3.9,638.7,0,12.54,9.9,39.9,38.9,36.6,33.8,38.6,39.2,34.1,37.6,55.8,58.7,26,40,20.6,25.3,38,39,25,0,0,0,6,6,4,0,20,20,19,33,29,32,40,40,39,45.03,45.04,44.41,54,450,4.3,0,0,0
12.96,6,21.77,21.73,21.74,10.8,10.8,11.4,0,-2.4,-0.01,0.11,213.2,17.9,285,1,1,660,686,634,0,634,12.7,65.6,475,31.4,31.2,0.7,3.9,638.7,0,12.54,10.1,39.1,38.1,35.8,33.1,37.9,38.4,33.7,36.9,55.6,58.6,26,40,20.6,25.3,38,39,25,0,0,0,6,6,4,0,20,20,19,34,29,32,40,40,39,45.04,45.04,44.41,53,450,4.3,0,0,0
12.74,228,15.35,15.32,15.31,10.8,11.2,11.0,0,-5.9,0.03,-0.02,213.0,13.4,283,1,1,661,685,632,0,637,12.6,67.9,483,32.0,32.0,0.8,3.9,638.7,0,12.54,9.9,39.8,38.7,36.4,33.6,38.5,38.9,34.1,37.5,55.7,58.8,26,40,20.6,25.3,39,40,25,0,0,0,6,6,4,0,20,20,19,33,29,32,40,40,39,45.03,45.04,44.41,54,440,4.3,0,0,0
12.13,242,17.11,17.07,17.07,10.8,10.5,10.9,0,-4.0,0.12,0.19,212.7,11.6,288,1,1,646,686,612,0,611,11.9,67.7,493,32.5,32.6,0.8,3.9,638.7,0,12.54,10.0,39.6,38.7,36.3,33.6,38.4,39.2,34.3,37.4,55.7,58.8,26,40,20.6,25.3,40,40,25,0,0,0,6,6,4,0,20,20,19,34,29,32,40,40,39,45.03,45.04,44.41,52,450,4.3,0,0,0
13.16,94,21.56,21.51,21.52,11.0,10.9,11.1,0,7.5,0.01,0.26,213.2,14.0,279,1,1,649,686,624,1,627,12.8,65.2,466,32.6,32.6,0.8,3.9,638.7,0,12.54,10.1,39.0,37.9,35.7,33.0,37.6,38.2,33.4,36.9,55.6,58.5,26,40,20.6,25.3,40,40,25,0,0,0,6,6,4,0,20,20,19,33,29,32,40,40,39,45.04,45.04,44.41,53,450,4.3,0,0,0
13.79,22,24.52,24.45,24.45,10.5,10.7,11.1,0,5.0,-0.01,0.23,212.8,21.8,278,1,1,656,686,626,2,627,13.6,59.9,445,28.9,28.8,0.6,3.8,638.7,0,12.54,10.1,39.3,38.3,36.0,33.3,38.1,38.8,33.8,37.2,55.7,58.7,27,40,20.6,25.3,36,36,25,0,0,0,6,6,4,0,20,20,19,33,29,32,40,40,39,45.03,45.04,44.41,54,450,4.4,0,0,0
12.94,96,21.32,21.27,21.28,10.9,11.0,10.9,0,-1.2,0.06,0.16,213.5,18.1,282,1,1,656,687,628,1,638,12.7,65.9,475,32.3,32.4,0.7,3.9,638.7,0,12.54,10.1,39.0,37.9,35.7,33.0,37.6,38.2,33.4,36.9,55.6,58.5,26,40,20.6,25.3,39,40,25,0,0,0,6,6,4,0,20,20,19,33,29,32,40,40,39,45.03,45.04,44.41,53,450,4.3,0,0,0
13.48,92,20.43,20.39,20.4,10.4,10.7,10.6,0,1.4,-0.13,0.14,213.0,13.1,285,1,1,667,686,642,0,652,13.2,65.8,466,31.2,31.0,0.7,3.9,638.7,0,12.54,10.1,39.1,38.1,35.8,33.2,37.9,38.3,33.6,37.0,55.6,58.7,27,40,20.6,25.3,38,39,25,0,0,0,6,6,4,0,20,20,19,33,29,32,40,40,39,45.03,45.05,44.41,53,450,4.4,0,0,0
11.71,322,19.97,19.91,19.9,11.6,12.5,11.0,0,1.9,-0.09,0.11,212.7,10.9,279,1,1,634,686,597,1,594,11.5,69.3,501,30.5,30.4,0.7,3.8,638.7,0,12.54,9.9,39.9,39.0,36.7,34.0,38.7,39.5,34.2,37.6,55.8,58.8,26,40,20.6,25.3,37,38,25,0,0,0,6,6,4,0,20,20,19,33,29,32,40,40,39,45.03,45.04,44.41,53,440,4.4,0,0,0
12.33,246,23.07,23.02,23.03,12.1,10.6,11.1,0,1.4,0.17,0.1,213.0,17.1,281,1,1,640,686,611,0,612,12.1,68.1,486,31.8,31.9,0.7,3.9,638.7,0,12.54,10.1,39.0,38.0,35.8,33.1,37.7,38.4,33.5,36.9,55.6,58.6,26,40,20.6,25.3,39,39,25,0,0,0,6,6,4,0,20,20,19,34,29,32,40,40,39,45.03,45.04,44.41,53,450,4.4,0,0,0
12.81,52,21.29,21.24,21.23,11.0,10.9,10.8,0,8.0,0.07,0.02,212.6,12.8,279,1,1,652,686,630,0,638,12.6,66.2,482,28.0,29.1,0.6,3.8,638.7,0,12.54,10.1,39.3,38.4,36.1,33.3,38.2,38.7,34.0,37.2,55.7,58.7,26,40,20.6,25.3,36,36,25,0,0,0,6,6,4,0,20,20,19,33,29,32,40,40,39,45.03,45.04,44.41,54,450,4.4,0,0,0
11.48,324,21.74,21.7,21.71,11.2,10.9,11.1,0,-4.7,0.02,0.23,212.9,14.2,284,1,1,621,685,579,0,592,11.3,68.7,494,29.5,29.5,0.6,3.8,638.7,0,12.54,10.1,39.2,38.2,35.9,33.3,38.0,38.5,33.6,37.3,55.6,58.6,26,40,20.6,25.3,36,37,25,0,0,0,6,6,4,0,20,20,19,33,29,32,40,40,39,45.03,45.04,44.41,54,460,4.4,0,0,0
11.48,164,18.43,18.43,18.43,10.8,11.4,10.9,0,6.6,0.09,0.16,213.1,10.4,285,1,1,622,686,585,-1,598,11.2,67.4,501,30.7,30.7,0.7,3.9,638.7,0,12.54,10.1,39.1,38.2,35.9,33.2,37.9,38.5,33.7,37.0,55.6,58.7,25,40,20.6,25.3,38,39,25,0,0,0,6,6,4,0,20,20,19,33,29,31,40,40,39,45.04,45.04,44.41,53,460,4.4,0,0,0
12.03,250,22.03,21.97,21.98,10.9,10.9,11.0,0,-5.4,0.0,0.05,213.0,17.7,284,1,1,652,686,617,-1,619,11.8,67.7,498,29.4,29.6,0.7,3.8,638.7,0,12.54,10.1,39.2,38.2,35.9,33.3,38.0,38.6,33.6,37.3,55.7,58.6,26,40,20.6,25.3,36,37,25,0,0,0,6,6,4,0,20,20,19,33,29,32,40,40,39,45.04,45.04,44.41,52,450,4.4,0,0,0
13.22,22,21.32,21.27,21.28,11.1,11.0,11.0,0,1.4,0.12,0.13,213.2,17.0,282,1,1,661,687,634,0,630,12.9,65.1,470,32.1,32.1,0.8,3.9,638.7,0,12.54,10.1,39.0,37.9,35.7,33.0,37.6,38.1,33.3,36.9,55.6,58.6,26,40,20.6,25.3,39,40,25,0,0,0,6,6,4,0,20,20,19,33,29,32,40,40,39,45.03,45.04,44.41,54,450,4.4,0,0,0
11.59,346,20.96,20.89,20.88,10.9,10.9,11.1,0,5.6,0.06,0.12,212.9,10.9,279,1,1,633,685,592,-1,594,11.3,70.0,501,30.3,31.7,0.6,3.8,638.7,0,12.54,10.1,39.6,38.4,36.2,33.5,38.2,38.6,33.8,37.3,55.7,58.6,27,40,20.6,25.3,38,38,25,0,0,0,6,6,4,0,20,20,19,33,30,32,40,40,39,45.03,45.04,44.41,53,440,4.4,0,0,0
11.27,92,19.53,19.47,19.46,10.9,11.1,10.8,0,-2.8,0.1,0.02,212.9,14.3,282,1,1,608,684,564,0,558,11.0,67.1,495,31.6,31.3,0.7,3.9,638.7,0,12.54,9.9,39.9,38.8,36.5,33.8,38.6,38.9,33.8,37.6,55.8,58.8,26,40,20.6,25.3,38,39,25,0,0,0,6,6,4,0,20,20,19,33,29,32,40,40,39,45.03,45.04,44.41,52,450,4.4,0,0,0
12.85,166,18.88,18.83,18.83,10.8,11.3,10.9,0,7.9,0.03,0.12,212.9,12.6,284,1,1,660,686,632,0,639,12.7,66.1,481,33.2,32.8,0.8,4.0,638.7,0,12.54,10.1,39.7,38.6,36.3,33.5,38.3,38.8,34.0,37.3,55.7,58.7,26,40,20.6,25.3,40,40,25,0,0,0,6,6,4,0,20,20,19,33,30,32,40,40,39,45.04,45.04,44.41,54,440,4.4,0,0,0
11.91,176,16.02,15.99,15.98,10.9,10.8,11.1,0,-9.8,0.02,0.17,213.2,11.4,288,1,1,636,686,604,1,609,11.6,67.9,499,32.6,32.5,0.8,3.9,638.7,0,12.54,10.0,39.7,38.7,36.4,33.6,38.4,39.2,33.9,37.4,55.7,58.7,26,40,20.6,25.3,39,40,25,0,0,0,6,6,4,0,20,20,19,34,29,32,40,40,39,45.03,45.04,44.41,54,450,4.3,0,0,0
13.62,320,23.1,23.05,23.05,10.9,11.2,11.3,0,5.7,0.07,0.07,213.2,19.5,283,1,1,656,686,629,1,632,13.3,61.2,452,31.5,31.3,0.7,3.9,638.7,0,12.54,10.1,39.1,38.0,35.8,33.1,37.8,38.4,33.6,36.9,55.6,58.8,26,40,20.6,25.3,38,39,25,0,0,0,6,6,4,0,20,20,19,33,29,32,40,40,39,45.03,45.04,44.41,54,450,4.4,0,0,0
11.48,162,15.18,15.17,15.16,11.2,10.9,10.7,0,4.4,0.01,0.07,212.6,5.2,281,1,1,632,685,591,0,595,11.4,70.8,501,31.9,31.9,0.7,3.9,638.7,0,12.54,9.9,39.8,38.8,36.5,33.7,38.5,39.1,34.2,37.6,55.7,58.8,26,40,20.6,25.3,38,39,25,0,0,0,6,6,4,0,20,20,19,33,29,32,40,40,39,45.04,45.04,44.41,54,450,4.4,0,0,0
12.12,326,23.87,23.82,23.83,10.6,11.1,10.7,0,-0.5,0.07,0.04,212.9,17.0,279,1,1,631,686,591,0,596,11.9,65.2,480,29.1,29.2,0.6,3.8,638.7,0,12.54,10.1,39.2,38.3,36.0,33.3,38.0,38.7,34.0,37.1,55.7,58.6,26,40,20.6,25.3,36,37,25,0,0,0,6,6,4,0,20,20,19,33,29,32,40,40,39,45.03,45.04,44.42,54,450,4.4,0,0,0
11.66,24,20.72,20.69,20.7,10.8,10.9,11.1,0,-3.8,0.01,0.23,212.9,15.4,287,1,1,635,686,597,0,603,11.5,68.8,501,30.4,30.3,0.7,3.9,638.7,0,12.54,10.1,39.2,38.1,35.9,33.2,37.9,38.3,33.4,37.1,55.6,58.6,26,40,20.6,25.3,37,38,25,0,0,0,6,6,4,0,20,20,19,33,29,32,40,40,39,45.03,45.04,44.41,53,450,4.3,0,0,0
12.31,102,16.02,15.99,15.98,11.2,11.1,10.9,0,-3.6,0.02,0.09,212.9,14.2,287,1,1,651,686,624,1,618,12.1,69.5,494,32.6,32.2,0.8,4.0,638.7,0,12.54,10.0,39.7,38.7,36.4,33.6,38.4,39.2,33.9,37.4,55.7,58.9,26,40,20.6,25.3,39,40,25,0,0,0,6,6,4,0,20,20,19,33,29,32,40,40,39,45.03,45.04,44.41,54,440,4.4,0,0,0
13.57,182,21.06,21.02,21.03,10.6,10.5,10.4,0,1.6,0.12,0.29,213.7,17.7,285,1,1,663,686,636,0,637,13.3,63.0,458,31.0,31.1,0.7,3.9,638.7,0,12.54,10.1,39.1,38.1,35.8,33.1,37.9,38.2,33.6,37.0,55.6,58.7,27,40,20.6,25.3,38,39,25,0,0,0,6,6,4,0,20,20,19,33,29,32,40,40,39,45.03,45.05,44.41,53,450,4.4,0,0,0
11.48,90,17.57,17.57,17.58,11.0,11.3,11.2,0,-2.9,0.0,0.11,212.9,10.8,286,1,1,618,686,574,-1,568,11.2,68.1,489,30.8,30.8,0.7,3.9,638.7,0,12.54,10.1,39.1,38.1,35.9,33.2,37.9,38.4,33.6,37.0,55.6,58.6,26,40,20.6,25.3,37,39,25,0,0,0,6,6,4,0,20,20,19,33,29,32,40,40,39,45.04,45.04,44.41,53,450,4.4,0,0,0
13.17,170,18.72,18.67,18.67,10.8,10.5,10.5,0,5.6,0.15,0.03,212.8,14.3,286,1,1,654,686,630,1,639,12.8,65.4,469,32.6,32.6,0.8,4.0,638.7,0,12.54,10.1,39.7,38.6,36.4,33.6,38.3,39.0,34.0,37.3,55.7,58.7,26,40,20.6,25.3,40,40,25,0,0,0,6,6,4,0,20,20,19,33,29,32,40,40,39,45.03,45.04,44.41,53,440,4.4,0,0,0
12.27,170,20.95,20.87,20.86,10.7,10.8,11.4,0,9.2,0.12,0.03,212.9,10.2,279,1,1,647,686,612,1,611,11.8,69.1,491,31.1,30.7,0.7,3.9,638.7,0,12.54,9.9,39.9,38.9,36.6,33.8,38.6,39.2,34.1,37.6,55.8,58.8,26,40,20.6,25.3,38,39,25,0,0,0,6,6,4,0,20,20,19,33,29,32,40,40,39,45.03,45.04,44.41,53,460,4.4,0,0,0
12.55,112,24.65,24.59,24.59,10.4,10.9,11.3,0,2.6,0.3,0.13,213.2,15.8,279,1,1,645,686,616,0,612,12.2,66.7,482,29.2,29.4,0.6,3.8,638.7,0,12.54,10.1,39.2,38.3,36.0,33.3,38.1,38.8,34.1,37.1,55.7,58.7,26,40,20.6,25.3,36,37,25,0,0,0,6,6,4,0,20,20,19,33,29,32,40,40,39,45.03,45.04,44.41,54,460,4.4,0,0,0
11.5,84,16.66,16.63,16.62,15.6,15.0,13.4,0,7.3,0.0,0.07,212.6,10.8,281,1,1,629,685,590,0,590,11.2,68.2,500,31.9,31.8,0.7,3.9,638.7,0,12.54,9.9,39.8,38.8,36.5,33.7,38.6,39.1,34.3,37.6,55.7,58.7,27,40,20.6,25.3,38,39,25,0,0,0,6,6,4,0,20,20,19,33,29,31,40,40,39,45.03,45.04,44.41,53,450,4.4,0,0,0
12.74,284,21.36,21.29,21.28,10.8,10.9,11.2,0,9.1,0.07,0.11,213.2,16.7,279,1,1,654,685,626,0,622,12.5,67.2,482,32.6,33.1,0.7,3.9,638.7,0,12.54,10.1,39.6,38.5,36.2,33.5,38.3,38.8,33.9,37.2,55.7,58.6,27,40,20.6,25.3,40,40,25,0,0,0,6,6,4,0,20,20,19,33,29,32,40,40,39,45.04,45.04,44.41,54,460,4.4,0,0,0
13.16,314,18.93,18.88,18.87,10.9,11.0,11.4,0,4.3,0.0,0.03,212.9,13.0,286,1,1,656,686,630,0,632,12.9,63.5,469,33.1,32.7,0.8,4.0,638.7,0,12.54,10.1,39.7,38.6,36.4,33.6,38.3,38.9,34.0,37.3,55.7,58.7,26,40,20.6,25.3,40,40,25,0,0,0,6,6,4,0,20,20,19,33,29,32,40,40,39,45.03,45.04,44.41,53,450,4.4,0,0,0
11.92,56,19.47,19.43,19.42,13.2,13.2,12.7,0,12.7,0.03,0.07,213.0,12.1,277,1,1,623,686,586,1,587,11.7,68.1,479,29.1,30.3,0.6,3.8,638.7,0,12.54,10.1,39.4,38.4,36.2,33.4,38.3,38.8,34.2,37.3,55.7,58.7,26,40,20.6,25.3,37,37,25,0,0,0,6,6,4,0,20,20,19,33,30,32,40,40,39,45.03,45.04,44.41,53,440,4.4,0,0,0
13.03,268,21.29,21.24,21.23,10.7,10.8,11.3,0,10.1,0.12,0.07,212.7,16.9,278,1,1,656,686,632,0,630,12.7,66.0,477,28.0,29.1,0.6,3.8,638.7,0,12.54,10.1,39.3,38.4,36.1,33.3,38.2,38.7,34.0,37.2,55.7,58.6,26,40,20.6,25.3,36,36,25,0,0,0,6,6,4,0,20,20,19,33,29,32,40,40,39,45.03,45.04,44.41,53,440,4.4,0,0,0
12.64,242,20.95,20.87,20.86,10.9,10.9,11.1,0,-3.8,0.0,0.17,212.9,14.5,282,1,1,652,685,624,0,631,12.5,67.9,484,30.7,30.8,0.7,3.9,638.7,0,12.54,9.9,39.9,38.9,36.6,33.8,38.6,39.2,34.2,37.6,55.8,58.8,26,40,20.6,25.3,38,38,25,0,0,0,6,6,4,0,20,20,19,33,29,32,40,40,39,45.03,45.04,44.41,54,460,4.4,0,0,0
12.08,176,22.45,22.41,22.41,10.6,11.3,10.9,0,1.2,0.1,0.16,213.1,14.3,282,1,1,638,686,609,1,602,11.8,67.1,496,31.9,31.9,0.7,3.9,638.7,0,12.54,10.1,39.0,37.9,35.7,33.0,37.7,38.2,33.3,37.0,55.6,58.7,26,40,20.6,25.3,39,40,25,0,0,0,6,6,4,0,20,20,19,33,29,32,40,40,39,45.03,45.04,44.41,52,460,4.4,0,0,0
12.44,244,16.73,16.69,16.68,11.1,10.9,10.6,0,-3.5,-0.12,0.2,212.9,11.4,285,1,1,648,686,622,1,622,12.2,66.4,490,32.2,31.7,0.8,3.9,638.7,0,12.54,9.9,39.7,38.7,36.4,33.6,38.5,39.0,34.2,37.5,55.7,58.8,25,40,20.6,25.3,39,40,25,0,0,0,6,6,4,0,20,20,19,33,29,32,40,40,39,45.03,45.05,44.41,54,440,4.4,0,0,0
12.96,308,21.92,21.87,21.87,10.9,10.9,10.9,0,4.7,0.05,0.01,213.2,14.8,281,1,1,651,687,618,1,615,12.8,63.7,465,32.4,32.3,0.8,3.9,638.7,0,12.54,10.1,39.0,37.9,35.7,33.0,37.6,38.1,33.3,36.9,55.6,58.6,27,40,20.6,25.3,39,40,25,0,0,0,6,6,4,0,20,20,19,33,29,31,40,40,39,45.03,45.04,44.41,54,440,4.4,0,0,0
12.75,94,21.56,21.51,21.52,10.9,10.8,10.9,0,7.0,0.07,0.1,213.0,13.2,279,1,1,649,686,625,-2,638,12.5,66.4,480,32.7,32.5,0.8,3.9,638.7,0,12.54,10.1,39.0,37.8,35.7,33.0,37.6,38.1,33.4,36.9,55.6,58.5,26,40,20.6,25.3,40,40,25,0,0,0,6,6,4,0,20,20,19,33,29,32,40,40,39,45.03,45.04,44.41,54,440,4.4,0,0,0
12.75,326,21.48,21.41,21.4,11.1,10.8,11.0,0,9.2,0.06,0.0,213.0,14.2,278,1,1,653,685,626,0,627,12.5,65.4,483,29.7,29.7,0.7,3.9,638.7,0,12.54,9.9,39.9,39.0,36.7,34.0,38.7,39.5,34.2,37.6,55.8,58.8,26,40,20.6,25.3,37,37,25,0,0,0,6,6,4,0,20,20,19,33,29,32,40,40,39,45.04,45.05,44.41,53,450,4.4,0,0,0
11.35,92,18.43,18.43,18.43,10.6,11.0,10.8,0,5.9,-0.04,0.01,213.2,6.9,285,1,1,606,686,552,-1,559,11.1,62.7,477,30.6,30.8,0.7,3.9,638.7,0,12.54,10.1,39.1,38.2,35.9,33.2,37.9,38.5,33.7,37.0,55.6,58.7,26,40,20.6,25.3,38,39,25,0,0,0,6,6,4,0,20,20,19,33,29,32,40,40,39,45.04,45.04,44.41,53,460,4.4,0,0,0
13.59,208,22.16,22.08,22.07,10.6,11.1,10.5,0,12.3,0.04,0.16,213.0,18.0,280,1,1,653,686,624,0,626,13.2,62.4,453,33.0,33.0,0.8,3.9,638.7,0,12.54,10.1,39.6,38.6,36.3,33.5,38.3,38.9,34.0,37.2,55.7,58.7,26,40,20.6,25.3,40,40,25,0,0,0,6,6,4,0,20,20,19,33,29,32,40,40,39,45.03,45.05,44.41,53,440,4.4,0,0,0
12.22,242,22.45,22.41,22.41,10.8,10.8,11.2,0,1.8,0.06,0.13,213.2,16.4,281,1,1,645,686,615,1,610,12.0,66.9,492,32.0,31.7,0.7,3.9,638.7,0,12.54,10.1,39.0,37.9,35.7,33.0,37.7,38.2,33.3,36.9,55.6,58.6,26,40,20.6,25.3,39,39,25,0,0,0,6,6,4,0,20,20,19,33,30,32,40,40,39,45.04,45.04,44.41,54,440,4.3,0,0,0
12.95,240,18.93,18.88,18.87,11.0,10.8,11.1,0,3.8,0.05,0.13,213.0,15.6,285,1,1,648,686,621,1,621,12.7,66.0,472,33.0,32.9,0.8,4.0,638.7,0,12.54,10.1,39.7,38.6,36.3,33.5,38.3,38.8,34.0,37.3,55.7,58.7,27,40,20.6,25.3,40,40,25,0,0,0,6,6,4,0,20,20,19,33,30,32,40,40,39,45.04,45.04,44.41,53,440,4.4,0,0,0
13.04,32,23.1,23.05,23.05,10.8,10.9,11.1,0,5.1,0.04,0.16,212.9,13.3,282,1,1,656,685,626,-1,628,12.8,63.6,471,31.6,31.3,0.7,3.9,638.7,0,12.54,10.1,39.0,38.0,35.8,33.1,37.8,38.4,33.6,36.9,55.6,58.6,26,40,20.6,25.3,39,39,25,0,0,0,6,6,4,0,20,20,19,33,30,32,40,40,39,45.03,45.04,44.41,53,440,4.3,0,0,0
12.34,34,22.03,21.97,21.98,10.6,11.6,10.9,0,-4.1,-0.04,0.18,212.9,18.6,284,1,1,653,686,624,-1,627,12.1,68.1,494,29.7,29.7,0.7,3.8,638.7,0,12.54,10.1,39.2,38.2,35.9,33.3,38.0,38.6,33.7,37.3,55.7,58.7,26,40,20.6,25.3,36,37,25,0,0,0,6,6,4,0,20,20,19,34,29,32,40,40,39,45.03,45.04,44.41,54,440,4.4,0,0,0
12.02,16,15.24,15.22,15.21,10.9,10.8,11.6,0,2.0,0.05,0.1,213.2,13.0,281,1,1,649,686,613,1,618,11.8,70.1,500,32.1,31.8,0.8,3.9,638.7,0,12.54,9.9,39.8,38.8,36.5,33.7,38.5,39.0,34.1,37.6,55.8,58.8,26,40,20.6,25.3,39,40,25,0,0,0,6,6,4,0,20,20,19,33,29,32,40,40,39,45.03,45.05,44.41,54,440,4.4,0,0,0
11.6,250,19.97,19.91,19.9,11.0,10.8,11.1,0,0.3,0.11,0.14,212.9,15.7,280,1,1,634,685,596,0,602,11.5,70.5,501,30.4,30.3,0.7,3.9,638.7,0,12.54,9.9,39.9,39.0,36.7,33.9,38.6,39.3,34.1,37.6,55.8,58.9,26,40,20.6,25.3,37,38,25,0,0,0,6,6,4,0,20,20,19,33,29,31,40,40,39,45.03,45.05,44.41,53,450,4.4,0,0,0
12.02,134,21.32,21.25,21.24,10.9,11.1,10.8,0,6.8,0.03,0.16,212.7,14.8,279,1,1,641,685,610,1,618,11.9,69.8,495,31.1,32.3,0.7,3.8,638.7,0,12.54,10.1,39.6,38.4,36.2,33.5,38.2,38.7,34.2,37.2,55.7,58.6,26,40,20.6,25.3,38,39,25,0,0,0,6,6,4,0,20,20,19,33,29,32,40,40,39,45.03,45.04,44.41,52,440,4.4,0,0,0
12.64,314,20.95,20.87,20.86,11.4,10.7,10.9,0,-3.9,0.05,0.04,212.8,15.3,282,1,1,652,686,623,2,622,12.3,65.9,485,30.8,31.0,0.7,3.9,638.7,0,12.54,9.9,39.9,38.9,36.6,33.8,38.6,39.2,34.1,37.6,55.8,58.8,26,40,20.6,25.3,38,38,25,0,0,0,6,6,4,0,20,20,19,33,29,32,40,40,39,45.03,45.04,44.41,54,460,4.3,0,0,0
12.05,30,22.67,22.63,22.63,14.1,12.8,11.8,0,1.6,0.03,0.21,213.0,16.1,281,1,1,634,686,590,-1,598,11.9,67.9,480,31.7,31.7,0.7,3.9,638.7,0,12.54,10.1,39.0,38.0,35.8,33.1,37.7,38.3,33.5,36.9,55.6,58.6,26,40,20.6,25.3,39,39,25,0,0,0,6,6,4,0,20,20,19,34,29,31,40,40,39,45.03,45.04,44.41,53,450,4.4,0,0,0
12.08,170,21.67,21.63,21.63,10.6,10.6,11.3,0,-2.1,0.01,0.13,213.2,16.9,285,1,1,644,687,607,1,604,11.7,67.6,497,29.9,29.9,0.7,3.8,638.7,0,12.54,10.1,39.2,38.2,35.9,33.3,37.9,38.4,33.4,37.2,55.6,58.7,26,40,20.6,25.3,37,38,25,0,0,0,6,6,4,0,20,20,19,34,29,32,40,40,39,45.03,45.04,44.41,52,450,4.4,0,0,0
13.89,110,24.79,24.72,24.69,11.4,10.5,11.4,0,7.8,-0.05,0.14,212.9,13.1,278,1,1,656,686,633,2,633,13.6,61.5,443,29.0,28.9,0.6,3.8,638.7,0,12.54,10.1,39.2,38.3,36.0,33.3,38.1,38.8,33.9,37.2,55.7,58.6,26,40,20.6,25.3,36,36,25,0,0,0,6,6,4,0,20,20,19,33,29,32,40,40,39,45.04,45.04,44.41,53,450,4.4,0,0,0
12.03,178,22.03,21.97,21.98,10.9,10.9,11.2,0,-5.9,0.03,0.16,213.2,17.9,284,1,1,646,686,613,-1,621,11.7,68.0,500,29.5,29.7,0.7,3.8,638.7,0,12.54,10.1,39.2,38.2,35.9,33.3,38.0,38.5,33.6,37.3,55.7,58.5,26,40,20.6,25.3,36,37,25,0,0,0,6,6,4,0,20,20,19,33,29,32,40,40,39,45.04,45.04,44.41,52,450,4.4,0,0,0
12.12,32,16.02,15.99,15.98,10.8,11.0,10.6,0,-4.6,0.03,0.16,213.0,8.9,287,1,1,647,686,616,0,609,11.9,69.4,496,32.8,32.5,0.8,3.9,638.7,0,12.54,10.0,39.7,38.7,36.4,33.6,38.4,39.2,33.9,37.4,55.7,58.8,26,40,20.6,25.3,39,40,25,0,0,0,6,6,4,0,20,20,19,33,30,32,40,40,39,45.03,45.04,44.41,54,440,4.4,0,0,0
13.25,122,21.42,21.36,21.34,11.7,11.1,10.8,0,8.6,0.17,0.05,212.9,16.8,278,1,1,660,686,636,1,634,13.0,64.8,468,28.3,29.1,0.6,3.8,638.7,0,12.54,10.1,39.3,38.4,36.1,33.3,38.2,38.7,34.1,37.2,55.7,58.7,26,40,20.6,25.3,36,36,25,0,0,0,6,6,4,0,20,20,19,33,29,32,40,40,39,45.03,45.04,44.41,53,440,4.3,0,0,0
12.37,238,17.17,17.12,17.11,10.8,11.1,10.9,0,-6.0,0.04,0.1,212.9,13.6,289,1,1,653,686,625,-2,627,12.1,68.9,493,32.6,32.5,0.8,4.0,638.7,0,12.54,10.1,39.6,38.7,36.4,33.6,38.3,39.1,34.2,37.3,55.7,58.6,26,40,20.6,25.3,40,40,25,0,0,0,6,6,4,0,20,20,19,33,29,32,40,40,39,45.04,45.04,44.41,53,450,4.4,0,0,0
12.89,56,21.29,21.24,21.23,11.3,10.9,10.8,0,2.0,0.08,0.13,213.0,15.8,280,1,1,648,686,624,-2,619,12.6,64.0,474,28.4,29.6,0.6,3.8,638.7,0,12.54,10.1,39.4,38.4,36.1,33.3,38.2,38.6,34.0,37.3,55.7,58.6,27,40,20.6,25.3,36,36,25,0,0,0,6,6,4,0,20,20,19,34,29,32,40,40,39,45.03,45.04,44.41,54,450,4.4,0,0,0
13.89,16,24.01,23.94,23.93,10.7,10.6,10.8,0,8.1,0.09,0.08,212.9,13.0,277,1,1,657,686,627,0,638,13.7,59.7,441,28.4,28.7,0.6,3.8,638.7,0,12.54,10.1,39.3,38.4,36.0,33.3,38.1,38.7,33.8,37.2,55.7,58.7,27,40,20.6,25.3,36,36,25,0,0,0,6,6,4,0,20,20,19,33,29,32,40,40,39,45.03,45.04,44.41,53,450,4.4,0,0,0
13.69,232,23.1,23.05,23.05,10.8,11.4,10.9,0,4.3,0.09,0.16,213.0,18.6,284,1,1,656,686,633,-1,643,13.3,62.9,454,31.4,31.3,0.7,3.9,638.7,0,12.54,10.1,39.1,38.1,35.8,33.1,37.8,38.4,33.6,36.9,55.6,58.7,26,40,20.6,25.3,38,39,25,0,0,0,6,6,4,0,20,20,19,33,29,32,40,40,39,45.03,45.04,44.41,54,450,4.4,0,0,0
13.01,20,21.6,21.55,21.55,13.7,12.9,12.9,0,6.8,0.1,0.22,213.2,17.0,281,1,1,651,687,627,1,633,12.7,66.1,473,32.5,32.6,0.8,3.9,638.7,0,12.54,10.1,39.0,37.9,35.7,33.0,37.6,38.2,33.3,36.9,55.6,58.7,26,40,20.6,25.3,39,40,25,0,0,0,6,6,4,0,20,20,19,33,29,32,40,40,39,45.03,45.04,44.41,54,450,4.4,0,0,0
11.81,106,21.96,21.91,21.92,10.6,10.4,10.4,0,-6.2,0.03,0.18,213.2,15.1,284,1,1,644,686,609,-1,615,11.7,70.2,501,29.7,29.6,0.7,3.8,638.7,0,12.54,10.1,39.2,38.2,35.9,33.3,38.0,38.5,33.6,37.3,55.7,58.5,27,40,20.6,25.3,36,37,25,0,0,0,6,6,4,0,20,20,19,33,29,32,40,40,39,45.04,45.04,44.41,53,450,4.4,0,0,0
11.72,98,21.18,21.14,21.15,10.8,10.8,10.9,0,-3.6,0.11,0.17,212.8,12.5,287,1,1,638,687,597,-1,593,11.5,69.2,499,30.2,30.4,0.7,3.9,638.7,0,12.54,10.1,39.2,38.2,35.9,33.2,37.9,38.4,33.7,37.1,55.6,58.6,26,40,20.6,25.3,37,38,25,0,0,0,6,6,4,0,20,20,19,33,29,32,40,40,39,45.04,45.04,44.41,53,450,4.4,0,0,0
11.93,20,20.95,20.87,20.86,10.4,11.1,10.8,0,2.5,0.03,0.19,213.0,15.6,281,1,1,641,686,602,0,611,11.6,70.1,498,31.1,31.1,0.7,3.9,638.7,0,12.54,9.9,39.9,38.9,36.6,33.8,38.6,39.1,34.2,37.5,55.8,58.9,26,40,20.6,25.3,38,39,25,0,0,0,6,6,4,0,20,20,19,33,29,32,40,40,39,45.04,45.04,44.41,52,440,4.4,0,0,0
11.8,198,18.5,18.46,18.45,13.1,13.4,12.6,0,3.9,0.0,0.16,212.7,12.2,278,1,1,614,685,568,0,570,11.7,65.2,469,29.2,30.4,0.6,3.8,638.7,0,12.54,10.1,39.4,38.4,36.2,33.4,38.3,38.8,34.2,37.3,55.7,58.7,26,40,20.6,25.3,37,37,25,0,0,0,6,6,4,0,20,20,19,33,29,32,40,40,39,45.03,45.04,44.41,54,450,4.4,0,0,0
13.8,112,24.53,24.45,24.45,10.9,10.9,11.3,0,7.3,0.07,-0.03,213.2,16.3,278,1,1,652,686,625,1,629,13.6,62.2,446,29.0,28.7,0.6,3.8,638.7,0,12.54,10.1,39.2,38.3,36.0,33.3,38.1,38.8,33.8,37.2,55.7,58.7,26,40,20.6,25.3,36,36,25,0,0,0,6,6,4,0,20,20,19,33,29,32,40,40,39,45.03,45.04,44.41,54,450,4.4,0,0,0
11.7,134,20.81,20.75,20.74,10.9,10.8,10.8,0,5.7,0.03,0.12,212.9,13.4,279,1,1,634,686,597,0,616,11.5,68.2,501,30.3,31.2,0.6,3.8,638.7,0,12.54,10.1,39.5,38.4,36.2,33.4,38.2,38.6,33.7,37.3,55.7,58.6,27,40,20.6,25.3,38,38,25,0,0,0,6,6,4,0,20,20,19,34,29,32,40,40,39,45.03,45.04,44.41,53,460,4.4,0,0,0
12.01,34,20.62,20.54,20.54,10.8,11.0,10.8,0,10.2,0.17,0.05,212.7,13.4,278,1,1,627,686,586,-2,588,11.8,67.4,480,30.0,29.8,0.7,3.9,638.7,0,12.54,9.9,39.9,39.0,36.7,34.0,38.7,39.5,34.3,37.6,55.8,58.9,26,40,20.6,25.3,37,37,25,0,0,0,6,6,4,0,20,20,19,33,29,32,40,40,39,45.03,45.04,44.41,52,440,4.4,0,0,0
11.91,318,19.97,19.91,19.9,11.6,10.8,11.1,0,1.9,-0.07,0.12,212.7,15.2,280,1,1,639,686,612,0,606,11.8,68.9,501,30.4,30.3,0.7,3.9,638.7,0,12.54,9.9,39.9,38.9,36.6,33.9,38.6,39.2,33.9,37.6,55.8,59.0,26,40,20.6,25.3,37,38,25,0,0,0,6,6,4,0,20,20,19,33,29,32,40,40,39,45.03,45.04,44.4,54,450,4.4,0,0,0
13.05,310,21.32,21.27,21.28,10.9,11.1,11.4,0,1.1,0.02,0.14,212.9,12.3,282,1,1,660,687,631,1,630,12.9,65.2,471,32.5,32.1,0.8,3.9,638.7,0,12.54,10.1,39.0,37.9,35.7,33.0,37.6,38.1,33.2,36.9,55.6,58.6,26,40,20.6,25.3,39,40,25,0,0,0,6,6,4,0,20,20,19,33,29,32,40,40,39,45.03,45.04,44.41,54,440,4.4,0,0,0
12.97,112,23.1,23.05,23.05,11.2,10.9,10.8,0,3.9,0.04,0.03,213.3,18.3,282,1,1,653,686,626,1,636,12.6,65.1,474,31.6,31.3,0.7,3.9,638.7,0,12.54,10.1,39.0,38.0,35.8,33.1,37.8,38.4,33.6,36.9,55.6,58.6,26,40,20.6,25.3,39,39,25,0,0,0,6,6,4,0,20,20,19,33,29,32,40,40,39,45.03,45.04,44.41,53,440,4.4,0,0,0
11.64,34,19.97,19.91,19.9,10.6,11.1,10.8,0,1.7,0.2,0.13,212.7,15.4,279,1,1,634,686,597,1,591,11.3,69.1,501,30.4,30.3,0.7,3.9,638.7,0,12.54,9.9,39.9,39.0,36.7,34.0,38.7,39.4,34.2,37.6,55.8,58.8,26,40,20.6,25.3,37,38,25,0,0,0,6,6,4,0,20,20,19,33,29,31,40,40,39,45.03,45.04,44.41,53,450,4.4,0,0,0
12.13,54,18.49,18.45,18.44,11.0,11.1,11.0,0,-0.4,0.03,0.15,212.9,11.7,279,1,1,652,686,619,0,618,12.0,68.4,497,29.1,30.2,0.6,3.8,638.7,0,12.54,10.1,39.4,38.4,36.1,33.3,38.2,38.8,34.2,37.3,55.7,58.8,26,40,20.6,25.3,37,37,25,0,0,0,6,6,4,0,20,20,19,33,29,32,40,40,39,45.03,45.04,44.41,54,450,4.4,0,0,0
12.22,314,22.45,22.41,22.41,10.8,10.8,11.2,0,2.8,0.03,0.21,212.9,12.0,281,1,1,644,686,615,0,613,12.0,66.9,492,31.8,31.8,0.8,3.9,638.7,0,12.54,10.1,39.0,37.9,35.7,33.0,37.7,38.1,33.3,36.9,55.6,58.5,27,40,20.6,25.3,39,39,25,0,0,0,6,6,4,0,20,20,19,33,29,32,40,40,39,45.04,45.04,44.41,53,440,4.4,0,0,0
11.68,236,20.95,20.87,20.86,11.0,11.0,10.8,0,6.9,-0.03,0.16,212.5,13.4,280,1,1,634,685,598,-1,598,11.4,68.8,501,31.4,31.4,0.7,3.9,638.7,0,12.54,9.9,39.9,38.9,36.6,33.8,38.6,39.0,34.1,37.6,55.8,58.7,27,40,20.6,25.3,38,39,25,0,0,0,6,6,4,0,20,20,19,33,30,32,40,40,39,45.04,45.04,44.41,53,440,4.3,0,0,0
12.02,256,23.63,23.58,23.59,11.3,10.8,10.8,0,-2.0,0.03,0.17,213.2,16.7,282,1,1,643,686,608,-2,606,11.7,68.5,495,29.5,29.6,0.6,3.8,638.7,0,12.54,10.1,39.3,38.2,35.9,33.3,38.0,38.4,33.6,37.2,55.7,58.6,26,40,20.6,25.3,36,37,25,0,0,0,6,6,4,0,20,20,19,33,29,32,40,40,39,45.04,45.04,44.41,53,450,4.4,0,0,0
12.18,320,20.62,20.54,20.54,11.1,10.9,10.9,0,8.4,-0.07,0.16,212.6,12.8,277,1,1,649,685,615,-1,613,11.9,67.1,494,30.1,30.0,0.7,3.9,638.7,0,12.54,9.9,39.9,39.0,36.7,34.0,38.7,39.5,34.4,37.6,55.8,58.8,26,40,20.6,25.3,37,38,25,0,0,0,6,6,4,0,20,20,19,33,29,32,40,40,39,45.03,45.04,44.41,52,440,4.3,0,0,0
12.63,178,23.1,23.05,23.05,10.7,11.3,10.8,0,6.9,0.14,0.13,213.2,16.8,281,1,1,652,685,625,1,621,12.4,67.7,484,31.8,31.7,0.7,3.9,638.7,0,12.54,10.1,39.0,38.0,35.8,33.1,37.8,38.6,33.9,36.9,55.6,58.6,26,40,20.6,25.3,39,39,25,0,0,0,6,6,4,0,20,20,19,33,29,32,40,40,39,45.04,45.04,44.41,52,460,4.4,0,0,0
11.75,178,19.97,19.91,19.9,10.6,10.8,11.5,0,1.3,0.04,0.0,212.9,14.8,280,1,1,635,686,597,0,596,11.4,69.6,501,30.3,30.4,0.7,3.9,638.7,0,12.54,9.9,39.9,39.0,36.7,34.0,38.6,39.4,34.1,37.6,55.8,58.9,26,40,20.6,25.3,37,38,25,0,0,0,6,6,4,0,20,20,19,33,29,32,40,40,39,45.03,45.05,44.41,53,460,4.4,0,0,0
12.21,100,17.11,17.07,17.07,10.6,11.0,11.1,0,-5.8,0.1,0.17,212.7,13.4,288,1,1,649,685,616,-2,611,12.0,67.2,491,32.6,32.5,0.8,3.9,638.7,0,12.54,10.0,39.6,38.7,36.3,33.6,38.4,39.2,34.2,37.4,55.7,58.6,27,40,20.6,25.3,40,40,25,0,0,0,6,6,4,0,20,20,19,33,29,32,40,40,39,45.03,45.04,44.41,53,450,4.3,0,0,0
12.74,136,21.36,21.29,21.28,10.9,10.9,10.9,0,7.6,0.11,0.07,212.7,15.7,279,1,1,653,686,624,-1,617,12.4,65.3,481,31.8,32.9,0.7,3.9,638.7,0,12.54,10.1,39.6,38.5,36.2,33.5,38.3,38.8,34.1,37.2,55.7,58.6,26,40,20.6,25.3,39,39,25,0,0,0,6,6,4,0,20,20,19,33,29,32,40,40,39,45.03,45.04,44.41,54,460,4.4,0,0,0
13.89,114,22.08,22.01,22.0,10.6,11.0,10.9,0,6.3,-0.01,0.23,212.9,17.4,283,1,1,650,685,623,0,620,13.6,60.5,440,33.1,32.9,0.8,3.9,638.7,0,12.54,10.1,39.6,38.6,36.3,33.5,38.3,39.0,34.1,37.2,55.7,58.7,26,40,20.6,25.3,40,40,25,0,0,0,6,6,4,0,20,20,19,33,29,32,40,40,39,45.03,45.04,44.41,52,440,4.4,0,0,0
12.53,172,17.17,17.12,17.12,10.8,10.8,11.0,0,-9.7,-0.12,0.11,213.2,8.2,288,1,1,655,686,624,-2,621,12.3,67.5,485,32.6,32.5,0.8,4.0,638.7,0,12.54,10.0,39.6,38.7,36.4,33.6,38.4,39.1,34.1,37.4,55.7,58.8,26,40,20.6,25.3,39,40,25,0,0,0,6,6,4,0,20,20,19,33,29,32,40,40,39,45.04,45.04,44.41,53,460,4.4,0,0,0
13.57,278,21.87,21.83,21.83,10.5,10.5,10.5,0,1.2,0.18,0.12,213.2,12.8,285,1,1,651,685,626,1,626,13.3,62.4,452,31.1,31.0,0.7,3.9,638.7,0,12.54,10.1,39.1,38.1,35.8,33.1,37.9,38.3,33.6,37.0,55.6,58.9,27,40,20.6,25.3,38,39,25,0,0,0,6,6,4,0,20,20,19,33,30,32,40,40,39,45.03,45.04,44.41,53,440,4.4,0,0,0
13.57,20,22.08,22.01,22.0,11.1,10.8,11.2,0,16.0,0.05,0.12,212.6,13.8,280,1,1,659,686,635,0,638,13.3,62.7,456,33.1,33.3,0.7,3.9,638.7,0,12.54,10.1,39.6,38.6,36.3,33.5,38.3,38.9,34.0,37.2,55.7,58.6,26,40,20.6,25.3,40,40,25,0,0,0,6,6,4,0,20,20,19,33,29,32,40,40,39,45.03,45.05,44.41,53,450,4.4,0,0,0
12.07,94,20.95,20.87,20.86,10.9,10.6,11.1,0,3.8,0.03,0.16,212.6,15.1,280,1,1,642,685,610,0,605,11.8,69.6,496,31.1,31.2,0.7,3.9,638.7,0,12.54,9.9,39.9,38.9,36.6,33.8,38.6,39.1,34.1,37.6,55.8,58.7,27,40,20.6,25.3,38,39,25,0,0,0,6,6,4,0,20,20,19,33,29,32,40,40,39,45.03,45.04,44.41,53,450,4.4,0,0,0
12.18,316,21.27,21.23,21.23,10.9,10.8,11.4,0,-1.0,-0.02,-0.03,212.9,16.8,283,1,1,650,686,614,1,611,11.8,68.9,497,32.2,32.2,0.8,3.9,638.7,0,12.54,10.1,39.0,37.9,35.7,33.0,37.7,38.3,33.4,36.9,55.6,58.6,26,40,20.6,25.3,39,40,25,0,0,0,6,6,4,0,20,20,19,33,29,32,40,40,39,45.03,45.04,44.41,54,450,4.4,0,0,0
12.02,102,19.97,19.91,19.9,10.9,11.4,10.8,0,4.2,-0.03,0.13,212.9,13.9,280,1,1,645,686,614,-1,611,11.8,69.3,498,30.6,30.7,0.7,3.9,638.7,0,12.54,9.9,39.9,38.9,36.6,33.9,38.6,39.2,33.9,37.6,55.8,58.8,27,40,20.6,25.3,37,38,25,0,0,0,6,6,4,0,20,20,19,33,29,31,40,40,39,45.03,45.04,44.41,53,460,4.4,0,0,0
13.77,108,23.23,23.16,23.16,10.8,10.9,10.7,0,9.5,0.17,0.08,212.6,14.8,277,1,1,652,686,628,1,629,13.5,60.7,448,28.6,28.7,0.6,3.8,638.7,0,12.54,10.1,39.3,38.4,36.0,33.3,38.1,38.7,33.9,37.2,55.7,58.7,26,40,20.6,25.3,36,36,25,0,0,0,6,6,4,0,20,20,19,33,29,32,40,40,39,45.04,45.04,44.41,54,440,4.4,0,0,0
11.38,162,20.52,20.45,20.45,10.7,10.7,11.1,0,4.6,0.0,-0.05,213.0,15.8,280,1,1,627,686,586,-1,578,11.2,70.8,501,31.3,31.1,0.7,3.9,638.7,0,12.54,9.9,39.9,38.9,36.6,33.8,38.6,39.0,34.1,37.6,55.8,58.8,26,40,20.6,25.3,38,39,25,0,0,0,6,6,4,0,20,20,19,33,29,32,40,40,39,45.04,45.04,44.41,54,440,4.4,0,0,0
12.09,102,21.98,21.94,21.94,10.8,10.8,10.8,0,-4.0,-0.24,0.25,213.2,16.4,285,1,1,637,687,601,-2,600,11.7,68.8,491,29.9,29.8,0.7,3.9,638.7,0,12.54,10.1,39.2,38.2,35.9,33.3,37.9,38.6,33.4,37.2,55.6,58.7,27,40,20.6,25.3,37,38,25,0,0,0,6,6,4,0,20,20,19,33,30,32,40,40,39,45.04,45.04,44.41,53,440,4.4,0,0,0
12.12,252,21.11,21.04,21.03,13.6,12.5,13.2,0,7.0,0.09,0.24,212.7,14.5,278,1,1,634,686,598,-1,604,11.9,65.5,482,30.0,30.1,0.7,3.9,638.7,0,12.54,9.9,39.9,39.0,36.7,34.0,38.7,39.5,34.3,37.6,55.8,58.8,26,40,20.6,25.3,37,37,25,0,0,0,6,6,4,0,20,20,19,33,30,32,40,40,39,45.04,45.04,44.41,52,440,4.4,0,0,0
10.97,90,17.21,17.16,17.16,13.8,12.8,13.9,0,0.1,0.01,0.19,212.9,10.9,282,1,1,517,686,404,2,412,10.8,49.4,363,31.8,31.6,0.8,3.9,638.7,0,12.54,9.9,39.9,38.8,36.5,33.8,38.6,39.0,33.9,37.6,55.7,58.8,26,40,20.6,25.3,38,39,25,0,0,0,6,6,4,0,20,20,19,33,29,32,40,40,39,45.03,45.04,44.41,54,450,4.4,0,0,0
11.92,24,17.06,17.03,17.02,11.1,11.2,10.9,0,-6.6,0.0,0.08,213.0,12.6,289,1,1,643,686,608,1,611,11.8,70.4,499,32.9,32.8,0.8,4.0,638.7,0,12.54,10.0,39.6,38.7,36.4,33.6,38.4,39.1,34.3,37.4,55.7,58.7,26,40,20.6,25.3,40,40,25,0,0,0,6,6,4,0,20,20,19,34,30,32,40,40,39,45.03,45.04,44.41,54,440,4.4,0,0,0
12.03,238,20.95,20.87,20.86,11.0,10.9,10.7,0,5.1,0.05,0.16,212.9,13.6,280,1,1,644,685,610,1,603,11.7,67.4,496,31.1,31.1,0.7,3.9,638.7,0,12.54,9.9,39.9,38.9,36.6,33.8,38.6,39.1,34.2,37.6,55.8,58.8,26,40,20.6,25.3,38,39,25,0,0,0,6,6,4,0,20,20,19,33,29,32,40,40,39,45.04,45.04,44.41,53,450,4.4,0,0,0
12.75,138,21.36,21.29,21.28,11.0,10.9,10.9,0,9.1,0.01,0.14,213.2,11.7,279,1,1,655,685,628,0,634,12.6,65.9,484,32.2,33.1,0.7,3.9,638.7,0,12.54,10.1,39.6,38.5,36.2,33.5,38.3,38.8,34.0,37.2,55.7,58.7,26,40,20.6,25.3,40,40,25,0,0,0,6,6,4,0,20,20,19,33,29,32,40,40,39,45.03,45.04,44.41,53,440,4.4,0,0,0
12.63,86,15.35,15.32,15.31,11.4,11.0,11.2,0,-5.5,-0.05,0.13,213.3,13.8,283,1,1,651,685,625,0,633,12.5,68.4,486,32.1,31.9,0.8,3.9,638.7,0,12.54,10.0,39.8,38.7,36.4,33.6,38.5,39.0,34.0,37.5,55.7,58.7,26,40,20.6,25.3,39,40,25,0,0,0,6,6,4,0,20,20,19,34,29,32,40,40,39,45.04,45.04,44.41,54,450,4.4,0,0,0
11.5,130,20.81,20.75,20.74,10.9,10.9,10.9,0,3.2,0.02,0.14,212.9,11.5,279,1,1,628,685,591,0,597,11.3,67.9,501,30.5,31.5,0.6,3.8,638.7,0,12.54,10.1,39.6,38.4,36.2,33.5,38.2,38.6,33.7,37.3,55.7,58.7,26,40,20.6,25.3,38,38,25,0,0,0,6,6,4,0,20,20,19,33,29,32,40,40,39,45.03,45.05,44.41,53,440,4.4,0,0,0
13.46,244,17.72,17.66,17.65,10.9,10.7,11.3,0,-4.2,-0.02,0.08,212.7,17.5,284,1,1,656,685,633,0,646,13.2,64.3,459,32.0,32.2,0.8,3.9,638.7,0,12.54,9.9,39.7,38.7,36.4,33.6,38.5,39.0,34.1,37.5,55.7,58.5,26,40,20.6,25.3,39,40,25,0,0,0,6,6,4,0,20,20,19,33,29,32,40,40,39,45.03,45.04,44.41,53,450,4.4,0,0,0
12.17,174,22.45,22.41,22.41,10.9,11.0,10.9,0,2.6,-0.07,0.1,213.0,14.4,281,1,1,642,686,607,-1,604,11.9,67.8,494,31.8,31.8,0.7,3.9,638.7,0,12.54,10.1,39.0,37.9,35.8,33.0,37.7,38.3,33.4,36.9,55.6,58.5,26,40,20.6,25.3,39,39,25,0,0,0,6,6,4,0,20,20,19,33,29,32,40,40,39,45.03,45.04,44.41,52,460,4.4,0,0,0
12.58,240,20.95,20.87,20.86,11.0,10.9,11.2,0,-1.5,-0.02,0.09,212.9,17.5,282,1,1,653,685,624,1,619,12.4,68.0,485,30.8,30.6,0.7,3.9,638.7,0,12.54,9.9,39.9,38.9,36.6,33.8,38.6,39.3,34.2,37.6,55.8,58.9,26,40,20.6,25.3,38,38,25,0,0,0,6,6,4,0,20,20,19,33,29,32,40,40,39,45.03,45.04,44.41,52,440,4.4,0,0,0
12.2,274,20.03,19.99,19.98,10.9,11.2,10.8,0,8.2,0.0,0.16,212.7,12.2,279,1,1,648,686,621,1,618,12.0,69.7,494,29.6,30.6,0.6,3.8,638.7,0,12.54,10.1,39.4,38.4,36.2,33.4,38.3,38.6,34.1,37.3,55.7,58.7,27,40,20.6,25.3,37,38,25,0,0,0,6,6,4,0,20,20,19,33,29,32,40,40,39,45.03,45.05,44.41,53,440,4.3,0,0,0
12.84,354,21.36,21.29,21.28,10.9,10.7,11.0,0,8.7,-0.12,0.08,213.0,12.5,279,1,1,657,686,629,0,618,12.6,65.9,480,31.9,33.0,0.7,3.9,638.7,0,12.54,10.1,39.6,38.5,36.2,33.5,38.3,38.7,34.0,37.2,55.7,58.7,27,40,20.6,25.3,40,40,25,0,0,0,6,6,4,0,20,20,19,33,29,32,40,40,39,45.04,45.04,44.41,52,450,4.3,0,0,0
12.02,322,16.02,15.99,15.98,10.8,11.1,11.6,0,-11.6,-0.05,0.16,212.7,11.9,287,1,1,637,686,608,1,601,11.8,68.6,496,32.4,32.2,0.8,3.9,638.7,0,12.54,10.0,39.7,38.7,36.4,33.6,38.4,39.2,34.1,37.4,55.7,58.8,26,40,20.6,25.3,39,40,25,0,0,0,6,6,4,0,20,20,19,33,29,32,40,40,39,45.03,45.04,44.41,52,460,4.4,0,0,0
12.9,126,21.29,21.24,21.23,10.9,11.1,11.1,0,9.1,-0.04,0.23,213.0,11.7,279,1,1,663,686,636,2,632,12.7,67.8,480,28.2,29.3,0.6,3.8,638.7,0,12.54,10.1,39.4,38.4,36.1,33.3,38.2,38.7,33.9,37.3,55.7,58.6,26,40,20.6,25.3,36,36,25,0,0,0,6,6,4,0,20,20,19,33,29,32,40,40,39,45.03,45.04,44.41,52,450,4.4,0,0,0
13.89,204,22.08,22.01,22.0,10.9,10.8,11.1,0,7.2,0.03,0.16,212.7,14.0,282,1,1,652,686,624,1,626,13.6,61.2,444,33.0,32.9,0.8,3.9,638.7,0,12.54,10.1,39.6,38.6,36.3,33.5,38.3,39.0,34.1,37.2,55.7,58.6,26,40,20.6,25.3,40,40,25,0,0,0,6,6,4,0,20,20,19,33,29,32,40,40,39,45.03,45.04,44.41,52,440,4.4,0,0,0
12.96,238,21.56,21.51,21.52,11.1,10.9,10.8,0,3.4,0.04,-0.01,213.3,17.5,280,1,1,652,687,620,1,630,12.8,64.5,469,32.5,32.4,0.7,3.9,638.7,0,12.54,10.1,39.0,37.9,35.7,33.0,37.6,38.2,33.4,36.9,55.6,58.5,26,40,20.6,25.3,40,40,25,0,0,0,6,6,4,0,20,20,19,33,29,32,40,40,39,45.04,45.04,44.41,52,450,4.4,0,0,0
11.59,352,20.81,20.75,20.74,10.7,11.1,11.1,0,5.1,0.03,0.1,212.7,14.6,279,1,1,636,686,596,1,602,11.3,69.1,501,30.3,31.2,0.6,3.8,638.7,0,12.54,10.1,39.6,38.4,36.2,33.4,38.2,38.6,33.7,37.3,55.7,58.7,26,40,20.6,25.3,38,38,25,0,0,0,6,6,4,0,20,20,19,33,29,32,40,40,39,45.03,45.05,44.41,52,440,4.3,0,0,0
11.55,166,20.18,20.16,20.17,10.8,10.8,10.6,0,2.1,0.0,0.26,212.7,6.9,286,1,1,627,686,589,-2,589,11.2,70.4,501,31.0,31.0,0.7,3.9,638.7,0,12.54,10.1,39.1,38.2,35.9,33.2,38.0,38.5,33.8,37.0,55.6,58.6,26,40,20.6,25.3,38,39,25,0,0,0,6,6,4,0,20,20,19,33,29,31,40,40,39,45.03,45.04,44.41,53,440,4.4,0,0,0
13.43,280,21.48,21.45,21.45,11.1,10.4,10.9,0,1.1,0.07,0.02,212.9,17.8,285,1,1,649,686,625,-1,637,13.2,63.7,454,31.2,31.0,0.7,3.9,638.7,0,12.54,10.1,39.1,38.1,35.8,33.1,37.9,38.2,33.6,37.0,55.6,58.7,26,40,20.6,25.3,38,39,25,0,0,0,6,6,4,0,20,20,19,33,29,32,40,40,39,45.03,45.04,44.41,53,450,4.4,0,0,0
11.37,96,19.53,19.47,19.46,10.8,11.2,10.7,0,0.5,0.11,0.16,212.7,13.3,281,1,1,616,685,571,-1,567,11.1,66.9,493,31.6,31.4,0.7,3.9,638.7,0,12.54,9.9,39.9,38.9,36.5,33.8,38.6,39.0,33.9,37.6,55.8,58.7,26,40,20.6,25.3,38,39,25,0,0,0,6,6,4,0,20,20,19,33,29,32,40,40,39,45.03,45.04,44.41,53,450,4.4,0,0,0
11.94,28,21.67,21.63,21.63,10.8,11.2,10.9,0,-3.0,0.06,0.07,212.7,19.1,285,1,1,645,687,612,-1,611,11.6,69.3,500,29.8,30.1,0.7,3.9,638.7,0,12.54,10.1,39.2,38.2,35.9,33.3,37.9,38.5,33.4,37.2,55.6,58.7,26,40,20.6,25.3,37,38,25,0,0,0,6,6,4,0,20,20,19,33,29,32,40,40,39,45.03,45.05,44.41,52,450,4.4,0,0,0
12.74,322,23.1,23.05,23.05,10.7,10.8,11.3,0,6.9,0.08,0.16,212.9,17.0,281,1,1,652,685,628,1,627,12.5,67.4,484,31.9,31.7,0.7,3.9,638.7,0,12.54,10.1,39.0,38.0,35.8,33.1,37.8,38.6,33.8,36.9,55.6,58.6,25,40,20.6,25.3,39,39,25,0,0,0,6,6,4,0,20,20,19,34,29,32,40,40,39,45.03,45.04,44.41,53,450,4.4,0,0,0
11.38,318,21.45,21.42,21.42,12.7,11.8,13.8,0,-1.0,-0.02,0.08,213.0,13.2,282,1,1,611,686,570,-2,579,11.2,69.4,488,31.9,31.9,0.8,3.9,638.7,0,12.54,10.1,39.0,38.0,35.7,33.0,37.7,38.3,33.4,36.9,55.6,58.7,26,40,20.6,25.3,39,40,25,0,0,0,6,6,4,0,20,20,19,33,29,32,40,40,39,45.03,45.04,44.42,53,450,4.4,0,0,0
13.83,288,24.97,24.9,24.91,10.7,11.3,11.1,0,7.6,0.05,0.16,213.2,19.0,278,1,1,650,685,627,0,630,13.6,60.1,444,29.3,29.3,0.6,3.8,638.7,0,12.54,10.1,39.2,38.3,36.0,33.3,38.1,38.8,34.0,37.2,55.7,58.7,26,40,20.6,25.3,36,36,25,0,0,0,6,6,4,0,20,20,19,33,29,32,40,40,39,45.04,45.04,44.41,54,440,4.4,0,0,0
11.66,32,19.97,19.91,19.9,11.0,11.3,10.6,0,-0.1,0.13,0.02,213.0,14.9,280,1,1,627,685,595,0,590,11.3,69.7,501,30.6,30.7,0.7,3.9,638.7,0,12.54,9.9,39.9,39.0,36.7,33.9,38.6,39.3,34.1,37.6,55.8,58.8,26,40,20.6,25.3,37,38,25,0,0,0,6,6,4,0,20,20,19,33,29,32,40,40,39,45.04,45.05,44.41,52,450,4.3,0,0,0
13.0,110,23.1,23.05,23.05,11.1,10.8,10.8,0,5.9,0.03,0.16,213.2,16.8,281,1,1,656,685,632,-2,631,12.7,64.2,475,31.6,31.4,0.7,3.9,638.7,0,12.54,10.1,39.0,38.0,35.8,33.1,37.8,38.5,33.8,36.9,55.6,58.6,26,40,20.6,25.3,39,39,25,0,0,0,6,6,4,0,20,20,19,34,29,32,40,40,39,45.03,45.04,44.41,54,450,4.4,0,0,0
13.18,224,21.77,21.73,21.74,10.7,11.2,10.6,0,1.5,0.24,-0.03,213.1,11.8,284,1,1,649,686,623,0,621,12.9,63.2,467,31.4,31.2,0.7,3.9,638.7,0,12.54,10.1,39.1,38.1,35.8,33.1,37.9,38.4,33.7,36.9,55.6,58.7,27,40,20.6,25.3,38,39,25,0,0,0,6,6,4,0,20,20,19,34,30,32,40,40,39,45.03,45.05,44.41,53,450,4.4,0,0,0
12.55,170,21.27,21.23,21.23,10.6,11.1,10.9,0,3.6,0.04,0.06,213.0,17.2,282,1,1,652,686,625,1,635,12.4,67.2,489,32.3,32.1,0.7,3.9,638.7,0,12.54,10.1,39.0,37.9,35.7,33.0,37.7,38.3,33.4,36.9,55.6,58.6,26,40,20.6,25.3,39,40,25,0,0,0,6,6,4,0,20,20,19,33,30,32,40,40,39,45.03,45.04,44.41,54,440,4.4,0,0,0
12.13,322,22.03,21.97,21.98,10.9,10.8,11.3,0,-3.9,0.08,0.11,213.1,15.5,284,1,1,642,686,615,1,619,11.9,68.7,496,29.5,29.5,0.7,3.8,638.7,0,12.54,10.1,39.2,38.3,35.9,33.3,38.0,38.6,33.6,37.3,55.7,58.7,26,40,20.6,25.3,36,37,25,0,0,0,6,6,4,0,20,20,19,33,29,32,40,40,39,45.04,45.04,44.41,53,450,4.4,0,0,0
12.44,102,17.1,17.04,17.04,13.2,13.3,13.1,0,-4.0,-0.02,0.11,212.6,11.9,285,1,1,656,686,618,-2,618,12.1,68.2,486,32.1,32.2,0.7,3.9,638.7,0,12.54,9.9,39.7,38.7,36.4,33.6,38.5,39.0,34.2,37.5,55.7,58.7,26,40,20.6,25.3,39,40,25,0,0,0,6,6,4,0,20,20,19,33,29,32,40,40,39,45.03,45.05,44.41,52,450,4.4,0,0,0
11.97,110,23.88,23.82,23.83,10.5,10.8,11.4,0,-0.3,0.11,0.26,213.4,17.0,280,1,1,629,686,589,0,600,11.7,68.2,484,29.1,29.3,0.6,3.8,638.7,0,12.54,10.1,39.2,38.3,36.0,33.3,38.0,38.7,33.9,37.1,55.7,58.6,26,40,20.6,25.3,36,37,25,0,0,0,6,6,4,0,20,20,19,33,29,32,40,40,39,45.03,45.04,44.41,54,460,4.4,0,0,0
11.92,250,20.62,20.54,20.54,11.1,10.8,10.8,0,11.8,0.13,0.12,212.7,15.3,277,1,1,638,685,605,-1,603,11.6,67.6,498,30.2,30.2,0.7,3.9,638.7,0,12.54,9.9,39.9,39.0,36.7,34.0,38.7,39.5,34.3,37.7,55.8,59.0,26,40,20.6,25.3,37,37,25,0,0,0,6,6,4,0,20,20,19,34,29,32,40,40,39,45.04,45.04,44.41,54,450,4.4,0,0,0
12.2,28,16.73,16.69,16.68,10.8,10.8,10.8,0,-8.8,0.13,0.04,212.8,8.1,286,1,1,644,686,610,0,603,12.0,66.5,489,32.5,32.1,0.8,3.9,638.7,0,12.54,10.0,39.7,38.7,36.4,33.6,38.5,39.1,34.1,37.4,55.7,58.7,26,40,20.6,25.3,39,40,25,0,0,0,6,6,4,0,20,20,19,33,30,32,40,40,39,45.03,45.04,44.41,54,440,4.4,0,0,0
12.03,240,20.95,20.87,20.86,11.1,10.9,10.8,0,4.1,0.03,0.1,212.7,14.7,280,1,1,637,685,607,1,606,11.8,67.1,495,31.2,31.1,0.7,3.9,638.7,0,12.54,9.9,39.9,38.9,36.6,33.8,38.6,39.1,34.1,37.6,55.8,58.8,26,40,20.6,25.3,38,39,25,0,0,0,6,6,4,0,20,20,19,33,30,32,40,40,39,45.03,45.04,44.41,53,440,4.3,0,0,0
12.9,22,18.88,18.83,18.83,11.4,10.8,11.1,0,6.4,0.07,0.06,212.7,14.6,284,1,1,653,686,626,0,631,12.6,66.5,478,33.0,33.1,0.8,4.0,638.7,0,12.54,10.1,39.6,38.6,36.3,33.5,38.3,38.9,34.0,37.3,55.7,58.6,26,40,20.6,25.3,40,40,25,0,0,0,6,6,4,0,20,20,19,33,29,32,40,40,39,45.04,45.04,44.41,54,450,4.4,0,0,0
12.49,176,23.1,23.05,23.05,10.8,11.4,10.8,0,1.6,-0.07,0.18,213.2,14.2,281,1,1,654,686,620,0,622,12.3,68.1,485,31.8,31.8,0.7,3.9,638.7,0,12.54,10.1,39.0,38.0,35.8,33.1,37.7,38.4,33.5,36.9,55.6,58.6,27,40,20.6,25.3,39,39,25,0,0,0,6,6,4,0,20,20,19,33,29,32,40,40,39,45.03,45.04,44.41,52,450,4.4,0,0,0
12.69,98,20.87,20.79,20.79,10.4,10.4,10.6,0,0.3,0.03,0.09,212.9,13.4,281,1,1,655,686,627,0,623,12.4,67.8,484,30.7,30.6,0.7,3.9,638.7,0,12.54,9.9,39.9,38.9,36.6,33.8,38.6,39.2,34.1,37.6,55.8,58.9,26,40,20.6,25.3,37,38,25,0,0,0,6,6,4,0,20,20,19,33,29,32,40,40,39,45.03,45.04,44.41,53,450,4.4,0,0,0
12.64,168,20.95,20.87,20.86,10.8,10.8,11.3,0,-1.7,0.03,0.11,213.0,17.1,282,1,1,648,685,621,1,621,12.4,65.7,485,30.7,30.7,0.7,3.9,638.7,0,12.54,9.9,39.9,38.9,36.6,33.8,38.6,39.3,34.2,37.6,55.8,58.8,26,40,20.6,25.3,38,38,25,0,0,0,6,6,4,0,20,20,19,33,29,32,40,40,39,45.03,45.04,44.41,53,450,4.4,0,0,0
13.16,166,21.56,21.51,21.52,10.8,10.8,11.3,0,6.6,0.09,0.09,213.0,12.8,279,1,1,654,686,625,1,629,12.9,65.5,468,32.5,32.4,0.8,3.9,638.7,0,12.54,10.1,39.0,37.9,35.7,33.0,37.6,38.2,33.4,36.9,55.6,58.5,26,40,20.6,25.3,40,40,25,0,0,0,6,6,4,0,20,20,19,33,29,32,40,40,39,45.04,45.04,44.41,52,450,4.4,0,0,0
12.84,324,23.1,23.05,23.05,10.6,10.7,11.3,0,3.8,0.09,0.1,213.0,15.9,282,1,1,653,685,626,-2,623,12.5,64.6,479,31.6,31.4,0.7,3.9,638.7,0,12.54,10.1,39.0,38.0,35.8,33.1,37.8,38.6,33.8,36.9,55.6,58.6,26,40,20.6,25.3,39,39,25,0,0,0,6,6,4,0,20,20,19,33,29,32,40,40,39,45.04,45.04,44.41,53,440,4.3,0,0,0
11.55,312,20.72,20.69,20.69,11.1,10.8,10.9,0,-4.1,0.04,0.1,212.9,14.4,287,1,1,630,686,590,1,581,11.3,70.3,501,30.2,30.1,0.7,3.9,638.7,0,12.54,10.1,39.2,38.1,35.9,33.2,37.9,38.3,33.4,37.1,55.6,58.6,26,40,20.6,25.3,37,38,25,0,0,0,6,6,4,0,20,20,19,34,29,32,40,40,39,45.03,45.04,44.41,53,450,4.4,0,0,0
13.28,84,16.73,16.67,16.66,10.6,10.5,10.5,0,-4.8,0.12,0.05,212.5,14.2,284,1,1,663,686,640,0,645,13.0,64.9,467,32.1,32.1,0.7,3.9,638.7,0,12.54,9.9,39.7,38.7,36.4,33.6,38.5,39.0,34.1,37.5,55.7,58.7,26,40,20.6,25.3,39,40,25,0,0,0,6,6,4,0,20,20,19,33,29,32,40,40,39,45.03,45.04,44.41,54,440,4.4,0,0,0
12.98,300,15.52,15.47,15.46,10.9,10.8,11.0,0,-5.3,0.09,0.26,212.9,12.8,283,1,1,663,686,638,1,646,12.8,65.6,481,32.2,32.0,0.8,3.9,638.7,0,12.54,9.9,39.8,38.7,36.4,33.6,38.5,38.9,34.1,37.5,55.7,58.7,26,40,20.6,25.3,39,40,25,0,0,0,6,6,4,0,20,20,19,33,30,32,40,40,39,45.03,45.04,44.41,54,440,4.4,0,0,0
12.47,200,20.03,19.99,19.98,10.8,11.3,11.0,0,11.5,0.02,0.1,212.9,13.2,278,1,1,649,685,623,1,629,12.3,68.6,487,29.5,30.2,0.6,3.8,638.7,0,12.54,10.1,39.4,38.4,36.2,33.4,38.3,38.8,34.2,37.3,55.7,58.8,26,40,20.6,25.3,37,38,25,0,0,0,6,6,4,0,20,20,19,33,29,31,40,40,39,45.04,45.04,44.41,54,450,4.4,0,0,0
12.03,250,21.67,21.63,21.63,11.2,10.7,10.9,0,-1.4,0.02,0.01,213.4,15.1,285,1,1,638,686,610,2,607,11.8,67.2,496,29.7,29.5,0.7,3.8,638.7,0,12.54,10.1,39.2,38.2,35.9,33.3,37.9,38.4,33.4,37.2,55.6,58.8,26,40,20.6,25.3,37,38,25,0,0,0,6,6,4,0,20,20,19,34,29,32,40,40,39,45.04,45.04,44.41,53,440,4.4,0,0,0
13.27,24,21.56,21.51,21.52,10.9,11.3,10.9,0,7.3,-0.04,0.0,213.5,18.2,279,1,1,654,687,629,1,635,13.0,64.8,466,32.6,32.3,0.8,3.9,638.7,0,12.54,10.1,39.0,37.9,35.7,33.0,37.6,38.2,33.5,36.9,55.6,58.5,26,40,20.6,25.3,40,40,25,0,0,0,6,6,4,0,20,20,19,33,29,31,40,40,39,45.04,45.04,44.41,54,460,4.4,0,0,0
13.06,238,21.32,21.27,21.28,10.9,11.0,11.1,0,-1.8,-0.09,0.07,213.2,17.5,282,1,1,662,687,632,1,631,12.7,64.6,474,32.3,32.2,0.8,3.9,638.7,0,12.54,10.1,39.0,37.9,35.7,33.0,37.6,38.2,33.3,36.9,55.6,58.6,27,40,20.6,25.3,39,40,25,0,0,0,6,6,4,0,20,20,19,33,29,32,40,40,39,45.03,45.04,44.41,54,440,4.4,0,0,0
12.03,318,20.61,20.54,20.54,11.1,10.8,11.0,0,-0.7,0.04,0.1,212.6,10.3,279,1,1,644,685,607,0,598,11.8,68.8,495,30.3,30.2,0.7,3.9,638.7,0,12.54,9.9,39.9,39.0,36.7,34.0,38.7,39.5,34.4,37.6,55.8,58.9,26,40,20.6,25.3,37,38,25,0,0,0,6,6,4,0,20,20,19,33,29,32,40,40,39,45.03,45.04,44.41,54,460,4.4,0,0,0
13.06,26,18.93,18.88,18.87,11.1,10.9,10.8,0,7.3,0.16,0.08,212.7,16.1,285,1,1,656,686,628,0,622,12.9,64.3,469,32.9,32.8,0.8,4.0,638.7,0,12.54,10.1,39.7,38.6,36.4,33.6,38.3,38.9,34.0,37.3,55.7,58.8,27,40,20.6,25.3,40,40,25,0,0,0,6,6,4,0,20,20,19,33,29,32,40,40,39,45.03,45.04,44.41,53,450,4.3,0,0,0
11.75,108,23.63,23.58,23.59,10.6,10.7,11.6,0,-3.0,-0.03,0.02,213.3,16.8,281,1,1,636,686,603,0,601,11.5,67.9,501,29.3,29.7,0.6,3.8,638.7,0,12.54,10.1,39.3,38.3,36.0,33.3,38.0,38.7,33.7,37.2,55.7,58.6,26,40,20.6,25.3,36,37,25,0,0,0,6,6,4,0,20,20,19,33,28,32,40,40,39,45.03,45.04,44.41,52,460,4.4,0,0,0
12.11,88,15.3,15.27,15.26,11.1,11.3,11.4,0,0.2,0.06,0.21,213.0,11.0,281,1,1,653,686,619,1,628,12.0,69.1,496,32.0,32.0,0.7,3.9,638.7,0,12.54,9.9,39.8,38.8,36.5,33.7,38.5,39.0,34.1,37.6,55.7,58.8,26,40,20.6,25.3,39,40,25,0,0,0,6,6,4,0,20,20,19,33,29,32,40,40,39,45.03,45.05,44.41,54,450,4.4,0,0,0
11.92,234,17.57,17.57,17.58,11.0,10.7,11.4,0,-1.1,-0.1,0.31,213.0,11.0,286,1,1,642,686,608,0,616,11.6,70.0,501,30.8,30.7,0.7,3.9,638.7,0,12.54,10.1,39.1,38.1,35.8,33.2,37.9,38.4,33.7,37.0,55.6,58.6,26,40,20.6,25.3,37,39,25,0,0,0,6,6,4,0,20,20,19,34,29,32,40,40,39,45.04,45.04,44.41,53,450,4.4,0,0,0
12.22,100,22.45,22.41,22.41,10.9,11.1,10.8,0,2.8,0.16,0.25,213.2,12.0,281,1,1,649,687,619,0,613,12.1,67.2,493,32.1,31.8,0.7,3.9,638.7,0,12.54,10.1,39.0,37.9,35.8,33.0,37.7,38.2,33.3,36.9,55.6,58.6,26,40,20.6,25.3,39,39,25,0,0,0,6,6,4,0,20,20,19,34,29,31,40,40,39,45.04,45.04,44.41,53,450,4.4,0,0,0
11.5,326,22.45,22.41,22.41,10.9,10.8,10.8,0,-2.9,0.0,0.14,213.0,15.7,283,1,1,619,686,573,-1,567,11.3,66.8,491,29.4,29.6,0.6,3.8,638.7,0,12.54,10.1,39.3,38.2,35.9,33.3,38.0,38.5,33.5,37.3,55.6,58.6,26,40,20.6,25.3,36,37,25,0,0,0,6,6,4,0,20,20,19,33,29,32,40,40,39,45.03,45.04,44.41,54,440,4.4,0,0,0
12.03,178,20.62,20.54,20.54,10.8,10.9,11.1,0,10.2,0.03,-0.01,212.7,12.4,278,1,1,639,685,603,0,601,11.6,67.8,495,30.1,29.9,0.7,3.9,638.7,0,12.54,9.9,39.9,39.0,36.7,34.0,38.7,39.5,34.3,37.7,55.8,58.9,26,40,20.6,25.3,37,37,25,0,0,0,6,6,4,0,20,20,19,33,29,32,40,40,39,45.03,45.04,44.41,54,440,4.4,0,0,0
11.76,180,23.81,23.75,23.76,14.0,13.5,13.1,0,-3.1,0.02,0.03,213.3,15.6,280,1,1,624,686,582,-1,587,11.6,65.7,483,29.2,29.4,0.6,3.8,638.7,0,12.54,10.1,39.2,38.3,36.0,33.3,38.0,38.8,33.8,37.1,55.7,58.6,26,40,20.6,25.3,36,37,25,0,0,0,6,6,4,0,20,20,19,33,29,32,40,40,39,45.03,45.04,44.41,54,460,4.4,0,0,0
11.48,302,16.81,16.77,16.76,10.9,10.8,10.9,0,0.8,0.09,0.18,212.8,11.8,282,1,1,609,685,552,1,559,11.2,60.2,501,31.9,31.9,0.7,3.9,638.7,0,12.54,9.9,39.8,38.8,36.5,33.8,38.6,39.0,34.1,37.6,55.7,58.7,26,40,20.6,25.3,38,39,25,0,0,0,6,6,4,0,20,20,19,33,29,32,40,40,39,45.04,45.04,44.41,54,450,4.3,0,0,0
11.5,228,15.88,15.85,15.84,12.9,11.7,11.1,0,5.9,0.12,0.05,212.9,9.2,281,1,1,629,685,587,0,596,11.3,70.8,501,32.1,31.7,0.7,3.9,638.7,0,12.54,9.9,39.8,38.8,36.5,33.7,38.5,39.1,34.2,37.6,55.7,58.7,26,40,20.6,25.3,38,39,25,0,0,0,6,6,4,0,20,20,19,33,29,32,40,40,39,45.03,45.04,44.41,54,450,4.4,0,0,0
12.14,172,21.67,21.63,21.63,10.7,10.7,11.1,0,-5.1,0.06,-0.02,212.7,16.3,287,1,1,639,686,608,0,609,11.8,66.7,493,30.2,30.3,0.7,3.9,638.7,0,12.54,10.1,39.2,38.2,35.9,33.3,37.9,38.5,33.8,37.2,55.6,58.7,26,40,20.6,25.3,37,38,25,0,0,0,6,6,4,0,20,20,19,33,29,32,40,40,39,45.03,45.04,44.41,53,450,4.3,0,0,0
11.97,248,21.67,21.63,21.63,10.9,10.9,10.8,0,-5.9,-0.04,0.07,213.0,17.5,286,1,1,642,686,607,2,606,11.8,67.6,497,30.0,30.0,0.7,3.8,638.7,0,12.54,10.1,39.2,38.2,35.9,33.3,37.9,38.4,33.5,37.2,55.6,58.6,26,40,20.6,25.3,37,38,25,0,0,0,6,6,4,0,20,20,19,33,29,32,40,40,39,45.03,45.04,44.41,53,460,4.3,0,0,0
12.01,130,20.03,19.99,19.98,11.3,10.8,10.9,0,4.6,0.1,0.11,212.8,16.0,280,1,1,644,685,613,0,613,11.8,69.9,499,29.7,30.6,0.6,3.8,638.7,0,12.54,10.1,39.4,38.4,36.1,33.4,38.3,38.6,34.0,37.3,55.7,58.8,26,40,20.6,25.3,37,38,25,0,0,0,6,6,4,0,20,20,19,33,30,32,40,40,39,45.03,45.05,44.41,53,440,4.4,0,0,0
11.61,206,20.81,20.75,20.74,10.6,10.9,10.9,0,4.6,0.01,0.17,212.5,16.1,279,1,1,631,685,596,0,605,11.5,70.6,501,30.2,31.3,0.6,3.8,638.7,0,12.54,10.1,39.5,38.4,36.2,33.4,38.2,38.6,33.7,37.3,55.7,58.6,26,40,20.6,25.3,38,38,25,0,0,0,6,6,4,0,20,20,19,33,29,32,40,40,39,45.03,45.04,44.41,54,450,4.4,0,0,0
11.71,300,16.81,16.77,16.76,10.9,10.6,11.1,0,4.3,-0.02,0.18,212.7,12.3,281,1,1,630,686,598,-2,597,11.5,68.0,501,31.9,31.8,0.7,3.9,638.7,0,12.54,9.9,39.8,38.8,36.5,33.7,38.6,39.1,34.2,37.6,55.7,58.8,26,40,20.6,25.3,38,39,25,0,0,0,6,6,4,0,20,20,19,33,29,32,40,40,39,45.03,45.04,44.41,53,460,4.4,0,0,0
12.06,238,20.72,20.69,20.7,10.8,10.9,10.9,0,-4.8,0.11,0.1,212.9,16.5,287,1,1,646,687,611,1,613,11.8,67.9,497,30.5,30.5,0.7,3.9,638.7,0,12.54,10.1,39.2,38.1,35.9,33.2,37.9,38.2,33.3,37.1,55.6,58.6,26,40,20.6,25.3,37,38,25,0,0,0,6,6,4,0,20,20,19,33,29,32,40,40,39,45.03,45.05,44.41,52,450,4.4,0,0,0
11.86,108,20.61,20.54,20.54,10.9,10.9,11.1,0,-2.5,-0.1,0.08,212.7,12.7,279,1,1,634,685,599,1,598,11.6,68.9,498,30.5,30.4,0.7,3.9,638.7,0,12.54,9.9,39.9,39.0,36.7,34.0,38.7,39.4,34.4,37.6,55.8,58.9,26,40,20.6,25.3,37,38,25,0,0,0,6,6,4,0,20,20,19,33,29,32,40,40,39,45.03,45.04,44.41,52,450,4.3,0,0,0
11.38,90,15.32,15.31,15.31,11.3,10.9,13.2,0,4.9,0.11,0.11,213.0,4.5,281,1,1,625,685,585,1,579,11.2,69.9,501,31.8,31.9,0.7,3.9,638.7,0,12.54,9.9,39.8,38.8,36.5,33.7,38.5,39.1,34.2,37.6,55.7,58.8,27,40,20.6,25.3,38,39,25,0,0,0,6,6,4,0,20,20,19,33,29,32,40,40,39,45.03,45.04,44.41,54,450,4.4,0,0,0
12.97,346,21.29,21.24,21.23,10.8,10.9,11.7,0,3.5,0.02,0.0,213.2,10.2,280,1,1,652,685,626,-2,623,12.7,64.7,471,28.5,29.7,0.6,3.8,638.7,0,12.54,10.1,39.4,38.4,36.1,33.3,38.2,38.7,34.0,37.3,55.7,58.6,26,40,20.6,25.3,36,37,25,0,0,0,6,6,4,0,20,20,19,33,29,32,40,40,39,45.03,45.04,44.41,53,460,4.4,0,0,0
13.43,32,23.1,23.05,23.05,10.6,10.8,11.5,0,3.2,-0.14,0.16,213.2,18.0,283,1,1,661,686,627,1,628,13.1,64.0,459,31.7,31.7,0.7,3.9,638.7,0,12.54,10.1,39.0,38.0,35.8,33.1,37.8,38.4,33.6,36.9,55.6,58.7,26,40,20.6,25.3,38,39,25,0,0,0,6,6,4,0,20,20,19,33,29,32,40,40,39,45.03,45.04,44.41,52,460,4.4,0,0,0
12.2,174,20.62,20.54,20.54,10.8,10.9,11.4,0,4.5,0.01,0.17,212.7,14.9,278,1,1,649,686,612,0,612,11.9,66.9,493,30.4,30.4,0.7,3.9,638.7,0,12.54,9.9,39.9,39.0,36.7,34.0,38.7,39.5,34.4,37.6,55.8,58.8,26,40,20.6,25.3,37,38,25,0,0,0,6,6,4,0,20,20,19,33,29,32,40,40,39,45.03,45.04,44.41,54,450,4.4,0,0,0
12.12,322,21.67,21.63,21.63,11.6,11.0,10.9,0,-2.1,0.08,0.15,213.2,13.2,285,1,1,648,687,612,2,620,11.9,67.8,495,30.0,30.0,0.7,3.8,638.7,0,12.54,10.1,39.2,38.2,35.9,33.3,37.9,38.4,33.5,37.2,55.6,58.8,26,40,20.6,25.3,37,38,25,0,0,0,6,6,4,0,20,20,19,34,30,32,40,40,39,45.04,45.04,44.41,54,440,4.4,0,0,0
12.85,238,18.88,18.83,18.83,10.9,10.7,11.3,0,6.2,0.0,0.07,213.3,16.4,284,1,1,658,686,630,0,635,12.6,67.2,480,33.1,33.1,0.8,3.9,638.7,0,12.54,10.1,39.7,38.6,36.3,33.5,38.3,38.8,34.0,37.3,55.7,58.7,26,40,20.6,25.3,40,40,25,0,0,0,6,6,4,0,20,20,19,34,29,32,40,40,39,45.04,45.04,44.41,54,440,4.4,0,0,0
12.38,176,22.03,21.98,21.98,10.7,10.7,10.8,0,-3.5,-0.02,0.05,212.8,17.5,285,1,1,647,686,620,-1,631,12.2,67.7,490,29.7,29.8,0.6,3.8,638.7,0,12.54,10.1,39.2,38.2,35.9,33.3,38.0,38.6,33.6,37.2,55.7,58.6,25,40,20.6,25.3,36,37,25,0,0,0,6,6,4,0,20,20,19,33,29,31,40,40,39,45.03,45.04,44.41,54,440,4.4,0,0,0
12.55,316,20.15,20.08,20.07,10.6,10.9,10.6,0,-0.6,0.08,-0.01,212.7,16.1,281,1,1,653,686,627,0,623,12.3,67.8,490,30.7,30.8,0.7,3.9,638.7,0,12.54,9.9,39.9,38.9,36.6,33.8,38.6,39.2,34.1,37.6,55.8,58.8,26,40,20.6,25.3,37,38,25,0,0,0,6,6,4,0,20,20,19,33,29,32,40,40,39,45.03,45.04,44.41,54,450,4.3,0,0,0
11.92,316,21.67,21.63,21.63,11.1,11.1,10.9,0,-2.5,-0.09,0.19,213.2,15.7,285,1,1,638,686,603,-2,602,11.6,70.0,498,29.9,30.1,0.7,3.8,638.7,0,12.54,10.1,39.2,38.2,35.9,33.3,37.9,38.5,33.4,37.2,55.6,58.8,26,40,20.6,25.3,37,38,25,0,0,0,6,6,4,0,20,20,19,33,30,32,40,40,39,45.03,45.05,44.41,53,450,4.4,0,0,0
12.54,14,15.35,15.32,15.31,10.9,10.6,11.2,0,-3.9,0.03,-0.02,213.2,12.7,282,1,1,650,685,625,1,633,12.4,66.2,486,32.0,32.0,0.7,3.9,638.7,0,12.54,10.0,39.8,38.7,36.4,33.6,38.5,39.0,34.0,37.5,55.7,58.7,26,40,20.6,25.3,39,40,25,0,0,0,6,6,4,0,20,20,19,33,29,32,40,40,39,45.04,45.04,44.41,54,450,4.4,0,0,0
12.17,106,23.63,23.58,23.59,10.6,10.8,11.4,0,-2.6,-0.08,0.03,213.1,19.2,282,1,1,648,686,616,-2,615,12.0,68.8,494,29.3,29.4,0.6,3.8,638.7,0,12.54,10.1,39.3,38.2,35.9,33.3,38.0,38.5,33.7,37.2,55.6,58.7,27,40,20.6,25.3,36,37,25,0,0,0,6,6,4,0,20,20,19,33,29,32,40,40,39,45.04,45.04,44.41,54,440,4.4,0,0,0
12.9,168,21.32,21.27,21.28,10.6,11.4,10.8,0,9.0,0.12,0.07,213.2,13.9,281,1,1,656,686,630,-1,631,12.6,67.2,480,32.1,32.1,0.7,3.9,638.7,0,12.54,10.1,39.0,37.9,35.7,33.0,37.6,38.3,33.4,36.9,55.6,58.6,26,40,20.6,25.3,39,40,25,0,0,0,6,6,4,0,20,20,19,33,29,31,40,40,39,45.04,45.04,44.41,54,450,4.4,0,0,0
12.11,172,19.97,19.91,19.9,10.8,11.0,11.6,0,1.5,0.18,0.15,213.2,15.4,280,1,1,646,686,615,1,618,12.0,69.6,495,30.8,30.6,0.7,3.9,638.7,0,12.54,9.9,39.9,38.9,36.6,33.8,38.6,39.2,34.0,37.6,55.8,58.8,26,40,20.6,25.3,37,38,25,0,0,0,6,6,4,0,20,20,19,33,29,32,40,40,39,45.04,45.04,44.41,54,450,4.4,0,0,0
12.85,270,21.29,21.24,21.23,10.9,10.6,10.7,0,10.6,0.28,0.03,212.9,13.4,278,1,1,651,687,623,1,616,12.5,66.2,479,28.2,28.9,0.6,3.8,638.7,0,12.54,10.1,39.4,38.4,36.1,33.3,38.2,38.6,34.0,37.2,55.7,58.6,26,40,20.6,25.3,36,36,25,0,0,0,6,6,4,0,20,20,19,33,29,32,40,40,39,45.03,45.04,44.41,53,450,4.4,0,0,0
12.96,180,23.1,23.05,23.05,10.6,11.2,10.9,0,5.6,0.09,0.03,213.2,18.2,281,1,1,653,685,628,-3,623,12.7,65.4,475,31.6,31.8,0.7,3.9,638.7,0,12.54,10.1,39.0,38.0,35.8,33.1,37.8,38.5,33.9,36.9,55.6,58.6,26,40,20.6,25.3,39,39,25,0,0,0,6,6,4,0,20,20,19,33,29,31,40,40,39,45.03,45.04,44.41,54,440,4.4,0,0,0
13.47,112,22.08,22.01,22.0,10.8,10.9,10.6,0,11.3,0.09,0.16,212.9,13.6,281,1,1,654,687,620,0,628,13.3,62.9,452,33.0,32.9,0.8,3.9,638.7,0,12.54,10.1,39.6,38.6,36.3,33.5,38.3,38.9,34.1,37.2,55.7,58.7,26,40,20.6,25.3,40,40,25,0,0,0,6,6,4,0,20,20,19,34,29,31,40,40,39,45.03,45.04,44.41,53,450,4.4,0,0,0
13.11,168,18.93,18.88,18.87,10.8,11.3,10.8,0,6.7,0.03,0.1,212.9,14.6,285,1,1,652,686,626,0,622,12.7,64.9,469,33.0,32.8,0.8,4.0,638.7,0,12.54,10.1,39.7,38.6,36.3,33.6,38.3,38.8,34.0,37.3,55.7,58.6,26,40,20.6,25.3,40,40,25,0,0,0,6,6,4,0,20,20,19,33,29,32,40,40,39,45.03,45.04,44.41,52,440,4.4,0,0,0
12.79,254,21.49,21.41,21.4,11.1,10.8,10.8,0,9.4,0.07,0.09,212.7,16.0,278,1,1,655,686,628,0,628,12.4,67.4,480,29.8,29.9,0.7,3.8,638.7,0,12.54,9.9,39.9,39.0,36.7,34.0,38.7,39.5,34.2,37.6,55.8,58.8,26,40,20.6,25.3,37,37,25,0,0,0,6,6,4,0,20,20,19,33,29,32,40,40,39,45.04,45.05,44.41,54,450,4.4,0,0,0
12.32,206,21.32,21.25,21.24,10.7,10.9,10.9,0,6.9,0.04,0.05,213.1,13.9,279,1,1,647,685,614,0,621,12.0,68.2,490,31.2,32.8,0.7,3.9,638.7,0,12.54,10.1,39.6,38.4,36.2,33.5,38.3,38.7,34.2,37.2,55.7,58.6,26,40,20.6,25.3,38,39,25,0,0,0,6,6,4,0,20,20,19,33,30,32,40,40,39,45.03,45.04,44.41,54,440,4.4,0,0,0
11.72,176,19.97,19.91,19.9,10.8,10.8,11.4,0,1.1,0.1,0.16,212.9,14.6,280,1,1,631,685,598,2,596,11.3,70.7,501,30.5,30.5,0.7,3.9,638.7,0,12.54,9.9,39.9,39.0,36.7,33.9,38.6,39.3,34.0,37.6,55.8,58.9,26,40,20.6,25.3,37,38,25,0,0,0,6,6,4,0,20,20,19,33,30,32,40,40,39,45.04,45.04,44.4,53,440,4.4,0,0,0
13.26,296,21.77,21.73,21.74,10.5,11.1,10.9,0,2.3,-0.22,0.1,213.3,10.7,284,1,1,656,686,627,1,618,12.9,63.2,466,31.5,31.3,0.7,3.9,638.7,0,12.54,10.1,39.1,38.1,35.8,33.1,37.9,38.3,33.7,36.9,55.6,58.6,26,40,20.6,25.3,38,39,25,0,0,0,6,6,4,0,20,20,19,33,29,32,40,40,39,45.03,45.05,44.41,53,450,4.4,0,0,0
12.04,176,23.63,23.58,23.59,10.8,11.0,11.0,0,-1.7,0.14,0.1,213.0,17.3,282,1,1,644,686,612,-2,606,11.8,68.1,494,29.3,29.6,0.7,3.8,638.7,0,12.54,10.1,39.3,38.2,35.9,33.3,38.0,38.5,33.6,37.2,55.7,58.6,26,40,20.6,25.3,36,37,25,0,0,0,6,6,4,0,20,20,19,33,29,32,40,40,39,45.04,45.04,44.41,53,440,4.4,0,0,0
12.74,68,21.36,21.29,21.28,11.3,11.1,10.7,0,8.3,0.12,0.05,212.7,17.6,279,1,1,653,685,625,1,624,12.5,67.4,483,32.4,33.0,0.7,3.9,638.7,0,12.54,10.1,39.6,38.5,36.2,33.5,38.3,38.8,34.0,37.2,55.7,58.7,26,40,20.6,25.3,40,40,25,0,0,0,6,6,4,0,20,20,19,33,29,32,40,40,39,45.03,45.04,44.41,54,450,4.4,0,0,0
13.47,202,21.81,21.75,21.73,10.6,10.5,10.5,0,6.3,0.02,0.19,212.8,17.9,278,1,1,663,686,641,1,643,13.2,65.2,463,28.1,29.0,0.6,3.8,638.7,0,12.54,10.1,39.3,38.4,36.1,33.3,38.2,38.7,34.1,37.2,55.7,58.7,26,40,20.6,25.3,36,36,25,0,0,0,6,6,4,0,20,20,19,33,29,32,40,40,39,45.03,45.04,44.41,53,440,4.3,0,0,0
12.33,102,21.67,21.63,21.63,10.6,11.1,10.8,0,-7.2,0.11,-0.05,213.2,18.4,287,1,1,646,686,616,2,609,12.0,67.6,492,30.1,29.9,0.7,3.8,638.7,0,12.54,10.1,39.2,38.2,35.9,33.3,37.9,38.4,33.7,37.2,55.6,58.7,26,40,20.6,25.3,37,38,25,0,0,0,6,6,4,0,20,20,19,33,29,32,40,40,39,45.03,45.04,44.41,52,450,4.4,0,0,0
12.22,102,20.61,20.54,20.54,10.8,10.8,11.3,0,5.4,0.05,0.04,212.9,16.6,278,1,1,645,686,612,0,611,12.0,66.8,493,30.5,30.2,0.7,3.9,638.7,0,12.54,9.9,39.9,39.0,36.7,34.0,38.7,39.5,34.4,37.6,55.8,58.8,27,40,20.6,25.3,37,38,25,0,0,0,6,6,4,0,20,20,19,33,29,32,40,40,39,45.03,45.04,44.41,54,440,4.4,0,0,0
13.32,94,21.4,21.35,21.35,11.2,11.4,11.1,0,2.6,-0.02,0.02,213.5,16.3,282,1,1,667,687,638,0,635,13.2,64.6,466,32.4,32.1,0.8,3.9,638.7,0,12.54,10.1,39.0,37.9,35.7,33.0,37.6,38.1,33.3,36.9,55.6,58.6,26,40,20.6,25.3,39,40,25,0,0,0,6,6,4,0,20,20,19,33,29,32,40,40,39,45.03,45.04,44.41,54,460,4.4,0,0,0
12.63,232,18.46,18.43,18.44,10.9,10.8,10.6,0,-0.8,0.2,0.1,212.9,12.2,285,1,1,656,686,629,1,640,12.3,66.7,489,31.1,31.0,0.7,3.9,638.7,0,12.54,10.1,39.1,38.1,35.8,33.2,37.9,38.3,33.6,37.0,55.6,58.6,26,40,20.6,25.3,38,39,25,0,0,0,6,6,4,0,20,20,19,33,29,32,40,40,39,45.03,45.04,44.41,53,450,4.4,0,0,0
11.81,348,20.03,19.99,19.98,10.9,10.8,11.2,0,1.3,0.07,0.08,212.7,15.8,280,1,1,642,686,606,0,606,11.5,68.9,501,29.7,31.0,0.6,3.8,638.7,0,12.54,10.1,39.4,38.4,36.2,33.4,38.3,38.6,33.9,37.3,55.7,58.6,27,40,20.6,25.3,37,38,25,0,0,0,6,6,4,0,20,20,19,33,30,32,40,40,39,45.03,45.04,44.41,54,450,4.4,0,0,0
12.84,182,21.49,21.41,21.4,10.7,10.9,11.1,0,8.9,0.01,0.19,212.7,14.2,279,1,1,651,686,623,-1,627,12.6,64.4,476,29.7,29.9,0.7,3.8,638.7,0,12.54,9.9,39.9,39.0,36.7,34.0,38.7,39.4,34.2,37.6,55.8,58.8,26,40,20.6,25.3,37,37,25,0,0,0,6,6,4,0,20,20,19,33,28,32,40,40,39,45.04,45.04,44.41,54,460,4.4,0,0,0
12.81,344,21.29,21.24,21.23,10.9,10.9,11.3,0,7.0,-0.03,0.19,212.7,14.8,279,1,1,657,686,627,-1,629,12.5,66.4,483,28.4,29.6,0.6,3.8,638.7,0,12.54,10.1,39.4,38.4,36.1,33.3,38.2,38.6,33.9,37.3,55.7,58.7,26,40,20.6,25.3,36,36,25,0,0,0,6,6,4,0,20,20,19,33,30,32,40,40,39,45.03,45.04,44.41,53,440,4.3,0,0,0
12.9,252,23.1,23.05,23.05,10.8,11.0,10.9,0,4.2,0.01,0.18,213.0,18.3,282,1,1,652,685,627,-2,622,12.6,66.7,476,31.7,31.6,0.7,3.9,638.7,0,12.54,10.1,39.0,38.0,35.8,33.1,37.8,38.6,33.8,36.9,55.6,58.6,26,40,20.6,25.3,39,39,25,0,0,0,6,6,4,0,20,20,19,33,30,32,40,40,39,45.03,45.04,44.41,53,440,4.3,0,0,0
12.87,312,18.93,18.88,18.87,10.8,11.1,10.8,0,4.5,0.05,0.11,212.7,11.2,285,1,1,650,686,621,1,623,12.7,64.4,475,33.0,32.8,0.8,4.0,638.7,0,12.54,10.1,39.7,38.6,36.3,33.5,38.3,38.8,33.9,37.3,55.7,58.7,26,40,20.6,25.3,40,40,25,0,0,0,6,6,4,0,20,20,19,34,30,32,40,40,39,45.03,45.04,44.41,54,440,4.4,0,0,0
12.64,36,23.1,23.05,23.05,10.9,10.9,11.0,0,3.3,0.07,0.05,213.1,13.6,282,1,1,655,685,627,-1,620,12.5,67.5,481,31.7,32.0,0.7,3.9,638.7,0,12.54,10.1,39.0,38.0,35.8,33.1,37.8,38.6,33.9,36.9,55.6,58.6,25,40,20.6,25.3,39,39,25,0,0,0,6,6,4,0,20,20,19,33,29,32,40,40,39,45.04,45.04,44.41,53,450,4.4,0,0,0
12.31,174,21.67,21.63,21.63,10.9,10.7,11.3,0,-7.5,-0.07,0.17,213.2,16.1,287,1,1,650,687,621,0,631,12.1,66.4,490,30.0,30.1,0.7,3.8,638.7,0,12.54,10.1,39.2,38.2,35.9,33.3,37.9,38.4,33.7,37.2,55.6,58.6,27,40,20.6,25.3,37,38,25,0,0,0,6,6,4,0,20,20,19,33,30,32,40,40,39,45.03,45.04,44.41,53,440,4.4,0,0,0
12.42,100,21.27,21.23,21.23,11.3,10.9,11.0,0,2.8,0.03,0.11,213.1,14.9,282,1,1,651,686,621,1,623,12.1,69.3,492,32.3,32.3,0.7,3.9,638.7,0,12.54,10.1,39.0,37.9,35.7,33.0,37.7,38.4,33.4,36.9,55.6,58.7,26,40,20.6,25.3,39,40,25,0,0,0,6,6,4,0,20,20,19,33,29,32,40,40,39,45.03,45.04,44.41,54,440,4.4,0,0,0
14.0,196,24.02,23.94,23.93,10.5,11.1,11.0,0,5.1,-0.04,0.24,213.3,19.8,278,1,1,652,686,634,-1,648,13.7,61.7,443,28.5,28.5,0.6,3.8,638.7,0,12.54,10.1,39.3,38.3,36.0,33.3,38.1,38.8,33.8,37.2,55.7,58.7,26,40,20.6,25.3,36,36,25,0,0,0,6,6,4,0,20,20,19,33,29,32,40,40,39,45.04,45.04,44.41,54,440,4.4,0,0,0
12.52,30,20.95,20.87,20.86,10.6,11.1,10.8,0,-0.5,0.08,0.11,212.6,16.8,282,1,1,648,686,625,-1,621,12.4,67.3,485,30.8,30.9,0.7,3.9,638.7,0,12.54,9.9,39.9,38.9,36.6,33.8,38.6,39.3,34.2,37.6,55.8,58.8,26,40,20.6,25.3,38,38,25,0,0,0,6,6,4,0,20,20,19,33,30,32,40,40,39,45.03,45.04,44.41,53,440,4.4,0,0,0
13.25,320,17.72,17.66,17.65,11.1,10.8,11.3,0,-5.4,0.19,0.14,213.0,16.3,284,1,1,650,686,622,-1,625,13.0,63.2,459,32.5,32.1,0.7,3.9,638.7,0,12.54,9.9,39.7,38.7,36.4,33.6,38.5,39.0,34.2,37.5,55.7,58.6,27,40,20.6,25.3,39,40,25,0,0,0,6,6,4,0,20,20,19,33,29,32,40,40,39,45.03,45.04,44.41,54,450,4.4,0,0,0
11.71,242,21.18,21.14,21.15,10.9,10.8,10.9,0,-3.1,0.01,-0.02,212.7,13.6,287,1,1,638,686,603,-3,600,11.5,70.1,501,30.4,30.4,0.7,3.9,638.7,0,12.54,10.1,39.2,38.2,35.9,33.3,37.9,38.4,33.6,37.1,55.6,58.6,26,40,20.6,25.3,37,38,25,0,0,0,6,6,4,0,20,20,19,33,29,32,40,40,39,45.04,45.04,44.41,53,450,4.4,0,0,0
12.34,244,19.97,19.91,19.9,10.8,11.0,11.3,0,0.5,-0.07,0.1,213.0,16.9,280,1,1,655,686,624,0,623,12.1,69.6,493,30.7,30.8,0.7,3.9,638.7,0,12.54,9.9,39.9,38.9,36.6,33.8,38.6,39.2,34.0,37.6,55.8,58.7,26,40,20.6,25.3,37,38,25,0,0,0,6,6,4,0,20,20,19,33,29,32,40,40,39,45.04,45.04,44.41,54,460,4.4,0,0,0
11.59,94,20.18,20.16,20.16,10.4,10.8,10.9,0,1.4,0.02,0.12,212.9,10.2,287,1,1,638,687,598,-2,602,11.3,69.2,501,30.7,30.6,0.7,3.9,638.7,0,12.54,10.1,39.1,38.2,35.9,33.2,38.0,38.5,33.8,37.0,55.6,58.7,26,40,20.6,25.3,38,38,25,0,0,0,6,6,4,0,20,20,19,33,29,31,40,40,39,45.03,45.04,44.41,53,450,4.4,0,0,0
13.05,304,18.99,18.96,18.95,10.8,10.6,10.4,0,0.4,-0.03,0.21,213.2,11.8,285,1,1,664,686,642,1,654,12.8,68.1,484,31.3,31.1,0.7,3.9,638.7,0,12.54,10.1,39.1,38.1,35.8,33.2,37.9,38.3,33.6,37.0,55.6,58.7,27,40,20.6,25.3,38,39,25,0,0,0,6,6,4,0,20,20,19,33,29,32,40,40,39,45.03,45.04,44.41,53,450,4.4,0,0,0
12.01,172,16.03,16.0,15.99,13.2,13.6,13.5,0,-10.1,0.09,0.06,213.1,9.1,287,1,1,634,686,600,1,599,11.8,66.1,489,32.5,32.6,0.8,3.9,638.7,0,12.54,10.0,39.7,38.7,36.4,33.6,38.5,39.2,34.1,37.4,55.7,58.7,25,40,20.6,25.3,39,40,25,0,0,0,6,6,4,0,20,20,19,33,29,32,40,40,39,45.03,45.04,44.41,54,450,4.4,0,0,0
12.03,242,16.02,15.99,15.98,10.8,10.7,10.8,0,-11.0,0.05,0.12,212.9,7.4,287,1,1,645,686,610,1,609,11.8,68.2,495,32.4,32.3,0.8,3.9,638.7,0,12.54,10.0,39.7,38.7,36.4,33.6,38.5,39.2,34.1,37.4,55.7,58.7,26,40,20.6,25.3,39,40,25,0,0,0,6,6,4,0,20,20,19,33,29,32,40,40,39,45.03,45.04,44.41,53,460,4.4,0,0,0
12.09,96,20.95,20.87,20.86,10.9,10.7,11.0,0,1.3,-0.11,0.19,212.7,17.4,281,1,1,644,686,611,-1,626,11.9,68.3,495,31.3,31.1,0.7,3.9,638.7,0,12.54,9.9,39.9,38.9,36.6,33.8,38.6,39.2,34.1,37.6,55.8,58.7,26,40,20.6,25.3,38,39,25,0,0,0,6,6,4,0,20,20,19,33,29,32,40,40,39,45.03,45.04,44.41,52,440,4.4,0,0,0
12.49,310,17.59,17.55,17.54,10.5,10.5,10.4,0,-7.2,0.05,0.1,212.9,17.4,289,1,1,651,685,626,-1,621,12.1,68.9,489,32.6,32.7,0.8,3.9,638.7,0,12.54,10.1,39.7,38.7,36.4,33.6,38.3,39.1,34.2,37.3,55.7,58.7,26,40,20.6,25.3,40,40,25,0,0,0,6,6,4,0,20,20,19,33,29,32,40,40,39,45.03,45.04,44.41,54,450,4.4,0,0,0
14.0,198,24.97,24.9,24.91,11.3,10.9,10.6,0,7.5,-0.04,0.0,213.0,23.2,278,1,1,656,687,627,1,639,13.6,61.9,442,29.2,28.9,0.7,3.8,638.7,0,12.54,10.1,39.2,38.3,36.0,33.3,38.1,38.8,34.0,37.2,55.7,58.7,26,40,20.6,25.3,36,36,25,0,0,0,6,6,4,0,20,20,19,33,29,32,40,40,39,45.04,45.04,44.41,54,450,4.4,0,0,0
13.01,340,21.33,21.28,21.27,10.9,11.0,10.9,0,11.4,0.03,0.11,213.2,8.4,278,1,1,659,686,634,-1,633,12.7,66.6,473,27.9,29.0,0.6,3.8,638.7,0,12.54,10.1,39.3,38.4,36.1,33.3,38.2,38.7,34.0,37.2,55.7,58.6,26,40,20.6,25.3,36,36,25,0,0,0,6,6,4,0,20,20,19,33,29,32,40,40,39,45.03,45.04,44.41,53,440,4.4,0,0,0
12.25,172,20.95,20.87,20.86,10.8,10.8,11.3,0,9.1,0.06,0.09,212.9,14.1,281,1,1,646,687,611,2,621,11.9,68.6,491,31.3,31.1,0.7,3.9,638.7,0,12.54,9.9,39.9,38.9,36.6,33.8,38.6,39.3,34.2,37.6,55.8,58.7,26,40,20.6,25.3,38,38,25,0,0,0,6,6,4,0,20,20,19,33,29,32,40,40,39,45.03,45.04,44.41,52,440,4.4,0,0,0
14.03,24,24.52,24.45,24.45,11.5,11.1,11.1,0,2.5,0.03,0.08,212.9,15.7,278,1,1,652,686,626,1,634,13.7,61.4,439,28.8,28.6,0.6,3.8,638.7,0,12.54,10.1,39.3,38.3,36.0,33.3,38.1,38.8,33.8,37.2,55.7,58.7,26,40,20.6,25.3,36,36,25,0,0,0,6,6,4,0,20,20,19,33,29,32,40,40,39,45.04,45.04,44.41,53,440,4.4,0,0,0
12.49,244,17.17,17.12,17.12,10.8,10.5,11.0,0,-7.8,0.08,0.16,212.7,9.2,288,1,1,646,685,618,-1,621,12.1,65.9,486,32.6,32.6,0.8,3.9,638.7,0,12.54,10.0,39.6,38.7,36.4,33.6,38.4,39.1,34.2,37.4,55.7,58.7,26,40,20.6,25.3,39,40,25,0,0,0,6,6,4,0,20,20,19,33,29,32,40,40,39,45.04,45.04,44.41,53,460,4.4,0,0,0
13.48,166,17.35,17.28,17.27,10.6,10.9,10.4,0,-3.3,0.0,0.19,212.7,10.1,283,1,1,654,685,634,0,642,13.2,64.7,461,32.2,32.0,0.8,3.9,638.7,0,12.54,9.9,39.7,38.7,36.4,33.6,38.5,39.0,34.1,37.5,55.7,58.6,26,40,20.6,25.3,39,40,25,0,0,0,6,6,4,0,20,20,19,33,29,32,40,40,39,45.03,45.04,44.41,54,440,4.4,0,0,0
11.71,38,23.53,23.48,23.48,13.1,13.8,12.9,0,-0.6,0.05,0.13,213.0,12.5,282,1,1,627,686,593,-2,590,11.4,70.1,497,29.2,29.7,0.6,3.8,638.7,0,12.54,10.1,39.3,38.2,35.9,33.3,38.0,38.5,33.6,37.3,55.6,58.7,26,40,20.6,25.3,36,37,25,0,0,0,6,6,4,0,20,20,19,33,29,32,40,40,39,45.04,45.04,44.41,52,450,4.4,0,0,0
13.68,290,22.28,22.22,22.2,10.7,10.5,10.5,0,5.7,-0.22,0.07,212.9,14.2,278,1,1,667,687,644,-1,642,13.4,62.4,457,28.1,28.7,0.6,3.8,638.7,0,12.54,10.1,39.3,38.4,36.1,33.3,38.2,38.7,34.0,37.2,55.7,58.8,26,40,20.6,25.3,36,36,25,0,0,0,6,6,4,0,20,20,19,33,29,32,40,40,39,45.03,45.04,44.41,53,440,4.4,0,0,0
11.6,156,16.18,16.15,16.14,13.2,12.8,13.1,0,7.5,0.06,0.19,212.7,8.6,281,1,1,626,685,588,1,589,11.2,69.1,500,31.8,31.7,0.7,3.9,638.7,0,12.54,9.9,39.8,38.8,36.5,33.7,38.6,39.2,34.2,37.6,55.7,58.7,26,40,20.6,25.3,38,39,25,0,0,0,6,6,4,0,20,20,19,33,29,32,40,40,39,45.03,45.04,44.41,53,450,4.4,0,0,0
12.12,32,21.67,21.63,21.63,10.6,11.3,10.9,0,-4.1,-0.01,0.11,212.7,15.3,286,1,1,638,686,609,2,599,11.8,68.3,495,29.8,29.9,0.7,3.8,638.7,0,12.54,10.1,39.2,38.2,35.9,33.3,37.9,38.4,33.5,37.2,55.7,58.7,26,40,20.6,25.3,37,38,25,0,0,0,6,6,4,0,20,20,19,33,30,32,40,40,39,45.04,45.04,44.41,53,440,4.4,0,0,0
11.91,104,16.02,15.99,15.98,10.8,10.9,11.1,0,-8.7,0.07,0.12,212.7,11.1,287,1,1,637,685,605,2,600,11.6,68.2,498,32.5,32.1,0.8,3.9,638.7,0,12.54,10.0,39.7,38.7,36.4,33.6,38.4,39.1,33.9,37.4,55.7,58.7,27,40,20.6,25.3,39,40,25,0,0,0,6,6,4,0,20,20,19,33,29,32,40,40,39,45.03,45.04,44.41,53,450,4.4,0,0,0
12.33,88,18.38,18.35,18.36,11.3,11.3,10.9,0,4.2,0.07,0.26,212.9,10.3,285,1,1,646,686,617,1,623,12.1,69.1,493,31.0,30.9,0.7,3.9,638.7,0,12.54,10.1,39.1,38.1,35.8,33.1,37.9,38.3,33.6,37.0,55.6,58.6,26,40,20.6,25.3,38,39,25,0,0,0,6,6,4,0,20,20,19,33,29,32,40,40,39,45.03,45.04,44.41,53,460,4.4,0,0,0
11.38,232,16.81,16.77,16.76,10.9,10.8,10.9,0,3.3,0.04,0.03,212.9,7.8,282,1,1,544,685,453,1,462,11.2,54.4,392,31.9,31.8,0.7,3.9,638.7,0,12.54,9.9,39.8,38.8,36.5,33.8,38.6,39.0,34.1,37.6,55.7,58.7,26,40,20.6,25.3,38,39,25,0,0,0,6,6,4,0,20,20,19,33,29,32,40,40,39,45.04,45.04,44.41,54,450,4.4,0,0,0
10.75,18,17.74,17.69,17.69,13.9,13.2,13.6,0,-5.8,0.09,0.11,212.7,13.0,283,1,1,514,685,404,2,399,10.5,52.3,366,31.4,31.5,0.7,3.9,638.7,0,12.54,9.9,39.9,38.8,36.5,33.8,38.6,39.0,33.9,37.6,55.7,58.8,26,40,20.6,25.3,38,39,25,0,0,0,6,6,4,0,20,20,19,33,29,32,40,40,39,45.03,45.04,44.41,53,450,4.4,0,0,0
13.1,78,21.77,21.74,21.74,11.6,11.2,11.1,0,-1.4,0.13,0.14,213.3,17.4,285,1,1,660,686,634,0,637,12.8,64.0,474,31.6,31.3,0.7,3.9,638.7,0,12.54,10.1,39.1,38.1,35.8,33.1,37.9,38.4,33.7,36.9,55.6,58.6,26,40,20.6,25.3,38,39,25,0,0,0,6,6,4,0,20,20,19,34,29,32,40,40,39,45.04,45.04,44.41,54,460,4.4,0,0,0
11.39,38,22.45,22.41,22.41,10.6,11.1,10.8,0,-3.1,0.06,-0.02,213.2,14.9,283,1,1,623,686,581,-1,583,11.1,67.7,501,29.4,29.6,0.6,3.8,638.7,0,12.54,10.1,39.3,38.2,35.9,33.3,38.0,38.5,33.5,37.3,55.7,58.5,26,40,20.6,25.3,36,37,25,0,0,0,6,6,4,0,20,20,19,33,29,32,40,40,39,45.03,45.04,44.41,54,440,4.4,0,0,0
11.71,158,16.81,16.77,16.76,10.9,11.0,11.0,0,5.7,0.0,0.19,212.6,8.9,281,1,1,644,686,605,-2,603,11.5,68.0,501,32.0,31.8,0.7,3.9,638.7,0,12.54,9.9,39.8,38.8,36.5,33.8,38.6,39.2,34.2,37.6,55.7,58.6,26,40,20.6,25.3,38,39,25,0,0,0,6,6,4,0,20,20,19,33,29,32,40,40,39,45.03,45.04,44.41,54,450,4.4,0,0,0
11.81,324,23.63,23.58,23.59,10.8,11.0,10.6,0,-2.8,-0.02,0.11,213.2,17.2,281,1,1,626,686,582,-1,600,11.6,65.8,485,29.2,29.4,0.6,3.8,638.7,0,12.54,10.1,39.3,38.3,36.0,33.3,38.0,38.7,33.8,37.1,55.7,58.7,26,40,20.6,25.3,36,37,25,0,0,0,6,6,4,0,20,20,19,33,29,32,40,40,39,45.03,45.04,44.41,54,460,4.4,0,0,0
12.22,30,21.67,21.63,21.63,10.8,11.3,10.9,0,-6.1,0.07,0.29,212.9,18.3,286,1,1,651,687,619,1,613,12.0,68.7,495,29.9,30.0,0.7,3.9,638.7,0,12.54,10.1,39.1,38.2,35.9,33.3,37.9,38.4,33.6,37.2,55.6,58.7,26,40,20.6,25.3,37,38,25,0,0,0,6,6,4,0,20,20,19,33,29,32,40,40,39,45.03,45.04,44.41,52,450,4.4,0,0,0
12.26,160,15.29,15.27,15.26,11.7,10.8,10.8,0,1.4,0.05,-0.05,212.7,12.4,281,1,1,650,686,618,0,629,12.1,69.1,493,32.1,32.0,0.7,3.9,638.7,0,12.54,9.9,39.8,38.8,36.5,33.7,38.5,39.0,34.1,37.6,55.7,58.8,26,40,20.6,25.3,39,40,25,0,0,0,6,6,4,0,20,20,19,33,29,32,40,40,39,45.03,45.04,44.41,54,450,4.4,0,0,0
13.83,106,24.02,23.94,23.94,11.1,10.8,10.7,0,7.7,0.19,0.12,213.0,13.8,278,1,1,655,687,630,0,640,13.6,60.2,442,28.5,28.3,0.6,3.8,638.7,0,12.54,10.1,39.3,38.4,36.0,33.3,38.1,38.7,33.8,37.2,55.7,58.7,27,40,20.6,25.3,36,36,25,0,0,0,6,6,4,0,20,20,19,33,29,32,40,40,39,45.03,45.04,44.41,54,440,4.4,0,0,0
13.58,188,21.48,21.45,21.45,11.1,11.2,10.7,0,1.3,-0.07,0.05,213.0,19.5,285,1,1,657,686,635,1,639,13.4,63.3,455,31.1,31.1,0.7,3.9,638.7,0,12.54,10.1,39.1,38.1,35.8,33.1,37.9,38.3,33.6,37.0,55.6,58.9,26,40,20.6,25.3,38,39,25,0,0,0,6,6,4,0,20,20,19,33,29,32,40,40,39,45.03,45.04,44.41,53,440,4.4,0,0,0
12.2,248,20.62,20.54,20.54,11.2,10.8,10.8,0,7.5,0.25,-0.04,212.7,16.9,277,1,1,645,685,615,-2,612,11.9,67.1,494,30.2,29.9,0.7,3.9,638.7,0,12.54,9.9,39.9,39.0,36.7,34.0,38.7,39.5,34.4,37.6,55.8,58.9,26,40,20.6,25.3,37,38,25,0,0,0,6,6,4,0,20,20,19,33,29,32,40,40,39,45.03,45.04,44.41,52,450,4.3,0,0,0
12.63,246,16.65,16.6,16.59,10.4,10.8,10.6,0,-3.8,0.22,0.14,213.0,14.4,287,1,1,652,685,630,0,633,12.4,66.4,487,32.5,32.3,0.8,4.0,638.7,0,12.54,10.0,39.6,38.7,36.4,33.6,38.4,39.2,34.0,37.4,55.7,58.8,26,40,20.6,25.3,39,40,25,0,0,0,6,6,4,0,20,20,19,33,29,32,40,40,39,45.04,45.04,44.41,53,450,4.4,0,0,0
11.7,202,20.96,20.89,20.88,10.5,11.1,10.8,0,7.0,0.01,0.1,213.2,13.8,278,1,1,640,686,596,1,597,11.3,70.6,501,30.3,31.5,0.7,3.8,638.7,0,12.54,10.1,39.6,38.4,36.2,33.5,38.2,38.6,34.0,37.3,55.7,58.7,26,40,20.6,25.3,38,38,25,0,0,0,6,6,4,0,20,20,19,33,29,32,40,40,39,45.03,45.04,44.41,53,440,4.4,0,0,0
11.29,234,17.17,17.12,17.11,10.8,10.9,11.0,0,3.9,0.03,0.16,212.9,9.9,282,1,1,535,685,438,1,450,11.0,51.6,384,31.6,31.6,0.7,3.9,638.7,0,12.54,9.9,39.9,38.8,36.5,33.8,38.6,39.0,33.9,37.6,55.7,58.8,26,40,20.6,25.3,38,39,25,0,0,0,6,6,4,0,20,20,19,33,29,32,40,40,39,45.03,45.04,44.41,54,460,4.5,0,0,0
13.06,182,23.1,23.05,23.05,10.9,11.0,11.1,0,5.1,0.05,0.17,213.1,16.4,282,1,1,657,686,630,0,627,12.8,64.2,475,31.6,31.8,0.7,3.9,638.7,0,12.54,10.1,39.0,38.0,35.8,33.1,37.8,38.5,33.7,36.9,55.6,58.6,26,40,20.6,25.3,39,39,25,0,0,0,6,6,4,0,20,20,19,33,29,31,40,40,39,45.03,45.04,44.41,52,450,4.4,0,0,0
13.47,230,23.1,23.05,23.05,10.9,11.3,11.3,0,4.5,0.05,0.08,213.2,20.0,283,1,1,652,686,624,0,632,13.3,61.7,453,31.7,31.4,0.7,3.9,638.7,0,12.54,10.1,39.0,38.0,35.8,33.1,37.8,38.4,33.6,36.9,55.6,58.8,25,40,20.6,25.3,38,39,25,0,0,0,6,6,4,0,20,20,19,33,29,32,40,40,39,45.03,45.04,44.41,52,440,4.3,0,0,0
12.02,168,20.35,20.32,20.33,10.9,10.8,11.0,0,-3.5,0.03,0.11,212.9,14.9,288,1,1,637,685,604,1,608,11.7,68.9,497,30.6,30.5,0.7,3.9,638.7,0,12.54,10.1,39.1,38.2,35.9,33.2,38.0,38.4,33.7,37.1,55.6,58.6,26,40,20.6,25.3,37,38,25,0,0,0,6,6,4,0,20,20,19,33,29,32,40,40,39,45.03,45.04,44.41,54,450,4.4,0,0,0
11.86,316,21.63,21.59,21.6,12.7,14.4,10.5,0,-4.3,0.11,0.1,212.7,16.5,287,1,1,637,686,602,1,605,11.5,69.5,494,30.0,30.0,0.7,3.9,638.7,0,12.54,10.1,39.2,38.2,35.9,33.3,37.9,38.5,33.8,37.1,55.7,58.6,26,40,20.6,25.3,37,38,25,0,0,0,6,6,4,0,20,20,19,33,29,32,40,40,39,45.03,45.04,44.41,52,450,4.4,0,0,0
13.06,242,18.93,18.88,18.87,10.9,10.9,11.3,0,3.5,0.01,0.21,212.8,16.0,287,1,1,655,686,628,2,632,12.8,63.4,468,32.8,32.7,0.8,4.0,638.7,0,12.54,10.1,39.7,38.6,36.4,33.6,38.3,39.0,34.0,37.3,55.7,58.7,26,40,20.6,25.3,40,40,25,0,0,0,6,6,4,0,20,20,19,33,29,32,40,40,39,45.03,45.04,44.41,53,450,4.4,0,0,0
12.13,168,20.95,20.87,20.86,10.7,10.7,11.4,0,2.1,0.09,0.11,213.0,15.6,281,1,1,642,685,610,1,620,11.9,67.4,495,31.2,31.2,0.7,3.9,638.7,0,12.54,9.9,39.9,38.9,36.6,33.8,38.6,39.1,34.1,37.6,55.8,58.8,26,40,20.6,25.3,38,39,25,0,0,0,6,6,4,0,20,20,19,33,30,32,40,40,39,45.03,45.04,44.41,52,440,4.4,0,0,0
11.92,328,23.63,23.58,23.59,10.8,11.0,10.8,0,-1.4,0.02,0.03,212.9,17.8,282,1,1,633,686,603,-2,597,11.7,67.3,497,29.3,29.5,0.6,3.8,638.7,0,12.54,10.1,39.3,38.2,35.9,33.3,38.0,38.5,33.6,37.2,55.6,58.7,26,40,20.6,25.3,36,37,25,0,0,0,6,6,4,0,20,20,19,33,29,32,40,40,39,45.04,45.04,44.41,53,460,4.4,0,0,0
11.59,278,20.81,20.75,20.74,10.8,10.8,10.9,0,2.7,0.03,0.1,212.7,15.7,279,1,1,630,686,589,2,582,11.3,68.1,501,30.2,31.2,0.6,3.8,638.7,0,12.54,10.1,39.5,38.4,36.2,33.4,38.2,38.6,33.7,37.3,55.7,58.7,27,40,20.6,25.3,38,38,25,0,0,0,6,6,4,0,20,20,19,33,29,32,40,40,39,45.03,45.04,44.41,54,450,4.4,0,0,0
13.88,198,23.35,23.27,23.27,11.1,11.2,10.9,0,8.5,0.24,0.07,213.4,19.6,277,1,1,655,686,632,1,639,13.6,61.6,446,28.7,28.5,0.6,3.8,638.7,0,12.54,10.1,39.3,38.3,36.0,33.3,38.1,38.7,33.8,37.2,55.7,58.7,27,40,20.6,25.3,36,36,25,0,0,0,6,6,4,0,20,20,19,33,29,32,40,40,39,45.03,45.04,44.41,54,450,4.4,0,0,0
11.6,280,20.81,20.75,20.74,10.8,10.7,11.0,0,4.7,0.03,0.11,212.9,13.6,279,1,1,635,686,594,1,597,11.3,68.3,501,30.2,31.2,0.6,3.8,638.7,0,12.54,10.1,39.6,38.4,36.2,33.4,38.2,38.6,33.7,37.3,55.7,58.7,27,40,20.6,25.3,38,38,25,0,0,0,6,6,4,0,20,20,19,33,29,32,40,40,39,45.03,45.05,44.41,53,440,4.4,0,0,0
12.12,22,20.72,20.69,20.7,10.9,11.1,11.0,0,-8.0,-0.1,0.13,213.0,15.4,288,1,1,646,686,612,2,608,11.8,69.8,496,30.3,30.3,0.7,3.9,638.7,0,12.54,10.1,39.2,38.1,35.9,33.2,37.9,38.2,33.3,37.2,55.6,58.6,26,40,20.6,25.3,37,38,25,0,0,0,6,6,4,0,20,20,19,34,30,32,40,40,39,45.04,45.05,44.41,54,440,4.4,0,0,0
11.71,164,20.95,20.87,20.86,10.6,10.6,11.0,0,5.7,0.17,0.1,212.8,15.8,280,1,1,634,685,596,0,596,11.4,69.3,501,31.4,31.3,0.7,3.9,638.7,0,12.54,9.9,39.9,38.9,36.6,33.8,38.6,39.0,34.1,37.6,55.8,58.8,27,40,20.6,25.3,38,39,25,0,0,0,6,6,4,0,20,20,19,33,30,32,40,40,39,45.04,45.04,44.41,52,440,4.3,0,0,0
10.87,306,18.36,18.31,18.3,13.1,13.2,13.2,0,-4.9,0.02,-0.02,212.7,11.4,283,1,1,541,685,450,-1,452,10.7,59.7,399,31.6,31.5,0.7,3.9,638.7,0,12.54,9.9,39.9,38.8,36.5,33.8,38.6,39.0,33.8,37.6,55.8,58.7,26,40,20.6,25.3,38,39,25,0,0,0,6,6,4,0,20,20,19,33,29,32,40,40,39,45.04,45.04,44.41,53,450,4.4,0,0,0
11.92,244,20.39,20.36,20.37,12.0,12.0,13.0,0,-7.9,-0.1,0.11,213.2,12.0,288,1,1,636,687,598,0,607,11.5,67.6,495,30.4,30.4,0.7,3.9,638.7,0,12.54,10.1,39.1,38.2,35.9,33.2,37.9,38.2,33.4,37.1,55.6,58.6,26,40,20.6,25.3,37,38,25,0,0,0,6,6,4,0,20,20,19,33,29,32,40,40,39,45.03,45.04,44.41,54,450,4.4,0,0,0
12.55,280,21.36,21.29,21.28,10.6,11.0,11.2,0,6.7,0.14,0.23,213.3,17.8,279,1,1,652,685,623,0,624,12.4,67.9,484,31.1,32.8,0.7,3.9,638.7,0,12.54,10.1,39.6,38.5,36.2,33.5,38.3,38.8,34.2,37.2,55.7,58.7,26,40,20.6,25.3,39,39,25,0,0,0,6,6,4,0,20,20,19,33,29,32,40,40,39,45.03,45.04,44.41,54,450,4.4,0,0,0
12.13,100,21.67,21.63,21.63,11.0,10.8,10.9,0,-5.9,0.05,0.17,212.9,12.0,287,1,1,648,687,613,0,613,12.0,67.5,493,30.1,30.2,0.7,3.8,638.7,0,12.54,10.1,39.2,38.2,35.9,33.3,37.9,38.4,33.7,37.2,55.6,58.6,26,40,20.6,25.3,37,38,25,0,0,0,6,6,4,0,20,20,19,33,29,32,40,40,39,45.04,45.04,44.41,54,460,4.3,0,0,0
11.29,304,17.17,17.12,17.11,10.8,11.0,11.4,0,8.2,0.03,0.1,213.2,9.4,281,1,1,543,685,452,-2,461,11.1,53.1,395,31.6,31.5,0.7,3.9,638.7,0,12.54,9.9,39.9,38.8,36.5,33.8,38.6,39.0,34.0,37.6,55.8,58.7,26,40,20.6,25.3,38,39,25,0,0,0,6,6,4,0,20,20,19,33,29,32,40,40,39,45.04,45.04,44.41,54,460,4.4,0,0,0
12.33,272,20.03,19.99,19.98,10.9,10.6,10.9,0,11.0,0.11,0.1,212.7,12.5,278,1,1,644,687,612,1,602,12.0,67.6,487,29.3,30.2,0.6,3.8,638.7,0,12.54,10.1,39.4,38.4,36.2,33.4,38.3,38.8,34.2,37.3,55.7,58.8,27,40,20.6,25.3,37,38,25,0,0,0,6,6,4,0,20,20,19,33,29,32,40,40,39,45.04,45.04,44.41,54,440,4.4,0,0,0
12.95,326,23.1,23.05,23.05,10.8,10.6,11.4,0,4.7,0.03,0.02,213.2,18.4,282,1,1,653,685,627,-1,627,12.7,66.4,473,31.9,31.7,0.7,3.9,638.7,0,12.54,10.1,39.0,38.0,35.8,33.1,37.8,38.5,33.7,36.9,55.6,58.7,26,40,20.6,25.3,39,39,25,0,0,0,6,6,4,0,20,20,19,33,29,32,40,40,39,45.03,45.04,44.41,52,450,4.4,0,0,0
11.53,132,20.03,19.99,19.98,11.1,11.2,10.9,0,4.2,-0.02,0.11,212.7,14.2,279,1,1,631,685,590,0,592,11.3,68.2,501,29.8,30.7,0.6,3.8,638.7,0,12.54,10.1,39.5,38.4,36.2,33.4,38.2,38.6,33.9,37.3,55.7,58.7,27,40,20.6,25.3,37,38,25,0,0,0,6,6,4,0,20,20,19,33,29,32,40,40,39,45.04,45.04,44.41,54,450,4.4,0,0,0
13.89,202,24.52,24.45,24.45,10.9,10.8,11.1,0,4.9,0.11,0.1,212.9,17.0,278,1,1,657,686,631,0,628,13.6,60.6,443,29.0,29.1,0.6,3.8,638.7,0,12.54,10.1,39.3,38.3,36.0,33.3,38.1,38.8,33.8,37.3,55.7,58.6,26,40,20.6,25.3,36,36,25,0,0,0,6,6,4,0,20,20,19,33,29,32,40,40,39,45.04,45.04,44.41,54,440,4.3,0,0,0
12.69,26,20.53,20.46,20.45,10.4,10.4,10.5,0,1.0,-0.01,0.23,213.1,16.1,281,1,1,659,686,630,1,631,12.4,66.5,487,30.6,30.7,0.7,3.9,638.7,0,12.54,9.9,39.9,38.9,36.6,33.8,38.6,39.2,34.1,37.6,55.8,58.8,26,40,20.6,25.3,37,38,25,0,0,0,6,6,4,0,20,20,19,33,29,32,40,40,39,45.03,45.04,44.41,53,450,4.4,0,0,0
12.84,70,21.72,21.65,21.64,13.7,11.4,12.4,0,8.5,0.13,0.05,213.4,17.1,280,1,1,647,685,618,-1,616,12.6,63.3,471,32.9,33.2,0.7,3.9,638.7,0,12.54,10.1,39.6,38.6,36.2,33.5,38.3,38.9,34.1,37.2,55.7,58.7,26,40,20.6,25.3,40,40,25,0,0,0,6,6,4,0,20,20,19,33,29,32,40,40,39,45.04,45.04,44.41,52,450,4.4,0,0,0
11.38,30,21.0,20.97,20.97,13.5,12.2,13.2,0,-3.2,0.15,0.14,213.0,12.2,283,1,1,616,686,565,0,574,11.2,65.5,480,32.0,31.9,0.7,3.9,638.7,0,12.54,10.1,39.0,38.0,35.7,33.0,37.7,38.3,33.4,36.9,55.6,58.6,26,40,20.6,25.3,39,40,25,0,0,0,6,6,4,0,20,20,19,33,29,32,40,40,39,45.04,45.04,44.42,53,450,4.4,0,0,0
12.95,294,21.77,21.73,21.74,10.8,10.8,11.6,0,-2.7,0.13,-0.06,213.5,16.0,285,1,1,652,686,626,0,624,12.7,66.3,474,31.4,31.3,0.7,3.9,638.7,0,12.54,10.1,39.0,38.1,35.8,33.1,37.9,38.4,33.8,36.9,55.6,58.6,26,40,20.6,25.3,38,39,25,0,0,0,6,6,4,0,20,20,19,33,30,32,40,40,39,45.04,45.04,44.41,53,440,4.4,0,0,0
11.7,12,16.81,16.77,16.76,10.8,11.0,11.3,0,4.3,0.07,0.09,212.8,10.9,281,1,1,637,685,599,-1,599,11.4,70.8,501,31.8,31.8,0.7,3.9,638.7,0,12.54,9.9,39.8,38.8,36.5,33.7,38.6,39.2,34.2,37.6,55.7,58.8,26,40,20.6,25.3,38,39,25,0,0,0,6,6,4,0,20,20,19,33,29,32,40,40,39,45.03,45.04,44.41,52,450,4.4,0,0,0
11.38,234,20.31,20.25,20.24,12.5,12.8,13.0,0,1.7,0.01,0.23,212.7,12.1,280,1,1,623,686,582,-2,580,11.0,70.5,501,31.4,31.0,0.7,3.9,638.7,0,12.54,9.9,39.9,38.9,36.6,33.8,38.6,39.0,34.0,37.6,55.8,58.7,26,40,20.6,25.3,38,39,25,0,0,0,6,6,4,0,20,20,19,33,29,32,40,40,39,45.03,45.04,44.41,54,440,4.4,0,0,0
12.28,26,20.95,20.87,20.86,10.6,11.1,10.8,0,13.4,-0.02,0.14,212.6,14.9,279,1,1,646,686,615,0,622,12.1,69.1,492,31.1,31.0,0.7,3.9,638.7,0,12.54,9.9,39.9,38.9,36.6,33.8,38.6,39.2,34.2,37.6,55.8,58.7,26,40,20.6,25.3,38,39,25,0,0,0,6,6,4,0,20,20,19,33,29,32,40,40,39,45.03,45.04,44.41,54,440,4.3,0,0,0
12.11,62,21.32,21.25,21.24,10.9,10.9,10.8,0,4.3,0.07,0.04,212.7,14.5,279,1,1,641,685,610,2,621,11.9,69.2,493,30.8,32.2,0.7,3.8,638.7,0,12.54,10.1,39.6,38.5,36.2,33.5,38.2,38.7,34.2,37.2,55.7,58.7,27,40,20.6,25.3,38,39,25,0,0,0,6,6,4,0,20,20,19,33,30,32,40,40,39,45.03,45.04,44.41,53,440,4.4,0,0,0
13.11,26,21.56,21.51,21.52,10.8,10.9,11.0,0,12.5,0.03,0.16,213.1,11.3,279,1,1,652,687,632,-1,627,12.8,63.6,470,32.6,32.3,0.8,3.9,638.7,0,12.54,10.1,39.0,37.9,35.7,33.0,37.6,38.2,33.4,36.9,55.6,58.6,26,40,20.6,25.3,39,40,25,0,0,0,6,6,4,0,20,20,19,33,29,31,40,40,39,45.04,45.05,44.41,54,450,4.4,0,0,0
12.43,248,22.03,21.97,21.98,11.2,11.0,10.5,0,-4.5,-0.02,0.26,212.7,19.1,285,1,1,649,686,622,0,623,12.3,66.4,489,29.6,29.6,0.6,3.9,638.7,0,12.54,10.1,39.2,38.2,35.9,33.3,38.0,38.6,33.6,37.3,55.7,58.7,26,40,20.6,25.3,36,37,25,0,0,0,6,6,4,0,20,20,19,33,29,32,40,40,39,45.04,45.04,44.41,54,450,4.4,0,0,0
12.8,200,21.29,21.24,21.23,10.8,11.4,10.9,0,1.4,0.13,0.04,212.8,15.6,280,1,1,649,686,624,2,621,12.5,65.4,478,28.2,29.4,0.6,3.8,638.7,0,12.54,10.1,39.4,38.4,36.1,33.3,38.2,38.6,34.0,37.3,55.7,58.8,26,40,20.6,25.3,36,36,25,0,0,0,6,6,4,0,20,20,19,33,29,32,40,40,39,45.03,45.04,44.41,54,450,4.4,0,0,0
11.5,246,21.91,21.88,21.88,12.4,12.7,14.2,0,-1.0,0.03,0.12,213.2,13.9,282,1,1,626,686,586,-1,604,11.3,70.7,500,32.0,32.1,0.7,3.9,638.7,0,12.54,10.1,39.0,37.9,35.7,33.0,37.7,38.2,33.4,36.9,55.6,58.6,26,40,20.6,25.3,39,40,25,0,0,0,6,6,4,0,20,20,19,34,29,32,40,40,39,45.03,45.04,44.41,53,450,4.4,0,0,0
12.74,94,18.88,18.83,18.83,10.6,11.0,11.0,0,7.8,0.06,0.17,212.7,15.9,284,1,1,658,686,629,1,637,12.4,66.2,482,32.9,32.9,0.8,4.0,638.7,0,12.54,10.1,39.7,38.6,36.3,33.5,38.3,38.8,33.9,37.3,55.7,58.7,26,40,20.6,25.3,40,40,25,0,0,0,6,6,4,0,20,20,19,33,29,32,40,40,39,45.03,45.04,44.41,54,440,4.4,0,0,0
11.59,96,21.18,21.14,21.15,10.6,11.3,10.8,0,-0.4,0.14,0.07,213.0,15.0,287,1,1,640,687,591,1,593,11.3,69.6,501,30.4,30.2,0.7,3.9,638.7,0,12.54,10.1,39.2,38.1,35.9,33.2,37.9,38.3,33.5,37.1,55.6,58.6,26,40,20.6,25.3,37,38,25,0,0,0,6,6,4,0,20,20,19,33,30,32,40,40,39,45.04,45.04,44.41,53,440,4.4,0,0,0
11.81,126,18.96,18.92,18.91,13.0,13.2,12.4,0,13.0,0.1,0.11,212.7,10.7,277,1,1,616,686,570,1,579,11.7,65.0,472,29.3,30.4,0.6,3.8,638.7,0,12.54,10.1,39.4,38.4,36.2,33.4,38.3,38.8,34.2,37.3,55.7,58.7,26,40,20.6,25.3,37,37,25,0,0,0,6,6,4,0,20,20,19,33,29,32,40,40,39,45.03,45.04,44.41,54,450,4.4,0,0,0
11.96,94,20.72,20.69,20.7,10.8,11.2,10.8,0,-8.5,0.17,0.16,212.9,14.8,288,1,1,643,686,606,0,601,11.7,68.1,496,30.4,30.3,0.7,3.9,638.7,0,12.54,10.1,39.2,38.1,35.9,33.2,37.9,38.2,33.3,37.2,55.6,58.7,26,40,20.6,25.3,37,38,25,0,0,0,6,6,4,0,20,20,19,33,30,32,40,40,39,45.03,45.05,44.41,54,440,4.4,0,0,0
12.45,32,22.03,21.97,21.98,10.4,11.2,10.6,0,-1.5,0.02,0.12,212.7,17.9,284,1,1,647,687,618,-2,614,12.2,68.3,488,29.7,29.4,0.7,3.9,638.7,0,12.54,10.1,39.2,38.2,35.9,33.3,38.0,38.6,33.6,37.3,55.7,58.7,26,40,20.6,25.3,36,37,25,0,0,0,6,6,4,0,20,20,19,33,29,31,40,40,39,45.03,45.04,44.41,53,460,4.3,0,0,0
12.24,26,22.45,22.41,22.41,11.2,10.8,10.7,0,1.3,-0.03,-0.04,213.2,18.3,281,1,1,641,686,608,0,613,11.9,66.5,493,31.7,31.7,0.7,3.9,638.7,0,12.54,10.1,39.0,37.9,35.7,33.0,37.7,38.1,33.3,36.9,55.6,58.5,27,40,20.6,25.3,39,40,25,0,0,0,6,6,4,0,20,20,19,33,29,32,40,40,39,45.03,45.04,44.41,53,450,4.4,0,0,0
12.69,104,23.1,23.05,23.05,10.8,11.1,10.8,0,2.0,0.08,0.04,213.0,15.6,281,1,1,651,686,620,1,625,12.3,66.2,483,31.9,32.0,0.7,3.9,638.7,0,12.54,10.1,39.0,38.0,35.8,33.1,37.7,38.4,33.6,36.9,55.6,58.5,26,40,20.6,25.3,39,39,25,0,0,0,6,6,4,0,20,20,19,33,29,32,40,40,39,45.03,45.05,44.41,52,460,4.4,0,0,0
13.16,98,18.23,18.18,18.17,10.6,10.5,10.6,0,4.5,0.0,0.08,212.5,13.7,287,1,1,664,686,641,1,645,12.9,66.6,475,32.6,32.8,0.8,4.0,638.7,0,12.54,10.1,39.7,38.6,36.4,33.6,38.3,39.0,34.0,37.3,55.7,58.6,26,40,20.6,25.3,40,40,25,0,0,0,6,6,4,0,20,20,19,33,30,32,40,40,39,45.03,45.04,44.41,53,440,4.4,0,0,0
11.9,240,20.35,20.32,20.33,10.8,10.7,11.0,0,-2.2,0.03,0.0,212.9,14.7,288,1,1,637,686,604,0,602,11.6,70.0,497,30.5,30.7,0.7,3.9,638.7,0,12.54,10.1,39.1,38.2,35.9,33.2,38.0,38.4,33.7,37.1,55.6,58.6,26,40,20.6,25.3,37,38,25,0,0,0,6,6,4,0,20,20,19,33,29,32,40,40,39,45.03,45.04,44.41,53,450,4.4,0,0,0
12.18,100,16.45,16.42,16.41,12.9,13.0,13.5,0,-8.7,-0.02,0.16,212.7,11.6,286,1,1,642,686,607,1,598,11.9,66.4,489,32.5,32.5,0.8,3.9,638.7,0,12.54,10.0,39.7,38.7,36.4,33.6,38.5,39.1,34.1,37.4,55.7,58.7,26,40,20.6,25.3,39,40,25,0,0,0,6,6,4,0,20,20,19,33,29,32,40,40,39,45.04,45.04,44.41,54,450,4.4,0,0,0
11.6,162,17.57,17.57,17.58,10.6,11.2,10.9,0,-4.3,0.12,-0.02,212.7,14.1,286,1,1,634,686,595,1,590,11.4,68.0,501,31.0,31.0,0.7,3.9,638.7,0,12.54,10.1,39.1,38.1,35.9,33.2,37.9,38.4,33.6,37.0,55.6,58.6,26,40,20.6,25.3,37,39,25,0,0,0,6,6,4,0,20,20,19,34,29,32,40,40,39,45.04,45.04,44.41,52,460,4.4,0,0,0
12.32,182,24.45,24.39,24.4,13.3,12.3,12.4,0,-0.3,-0.17,-0.03,213.5,15.6,279,1,1,641,686,609,0,604,12.1,65.6,486,29.4,29.4,0.6,3.8,638.7,0,12.54,10.1,39.2,38.3,36.0,33.3,38.1,38.8,34.1,37.1,55.7,58.7,26,40,20.6,25.3,36,37,25,0,0,0,6,6,4,0,20,20,19,33,29,32,40,40,39,45.03,45.04,44.41,54,460,4.4,0,0,0
13.51,8,21.88,21.84,21.84,10.5,10.4,11.6,0,1.9,0.24,0.0,213.7,13.8,284,1,1,649,686,617,0,612,13.1,61.1,453,31.2,31.0,0.7,3.9,638.7,0,12.54,10.1,39.1,38.1,35.8,33.1,37.9,38.3,33.7,37.0,55.6,58.7,27,40,20.6,25.3,38,39,25,0,0,0,6,6,4,0,20,20,19,33,29,32,40,40,39,45.03,45.04,44.41,52,440,4.4,0,0,0
12.02,22,20.95,20.87,20.86,10.6,11.1,10.8,0,3.7,0.08,0.1,212.9,15.8,280,1,1,641,685,607,0,602,11.7,69.6,496,31.4,31.1,0.7,3.9,638.7,0,12.54,9.9,39.9,38.9,36.6,33.8,38.6,39.1,34.1,37.6,55.7,58.8,26,40,20.6,25.3,38,39,25,0,0,0,6,6,4,0,20,20,19,33,29,32,40,40,39,45.03,45.04,44.41,54,450,4.4,0,0,0
12.95,26,17.78,17.74,17.73,10.9,10.8,10.8,0,3.7,-0.05,0.17,212.6,14.1,287,1,1,661,686,641,-1,648,12.7,67.6,480,32.8,32.8,0.8,4.0,638.7,0,12.54,10.1,39.7,38.6,36.4,33.6,38.3,39.0,34.0,37.3,55.7,58.6,26,40,20.6,25.3,40,40,25,0,0,0,6,6,4,0,20,20,19,33,30,32,40,40,39,45.04,45.04,44.41,53,440,4.4,0,0,0
11.28,20,17.92,17.93,17.93,14.1,12.6,12.8,0,-3.4,0.2,0.29,212.8,9.3,286,1,1,619,686,577,0,577,11.2,70.7,501,30.5,30.9,0.7,3.9,638.7,0,12.54,10.1,39.1,38.2,35.9,33.2,37.9,38.4,33.7,37.0,55.6,58.6,27,40,20.6,25.3,37,39,25,0,0,0,6,6,4,0,20,20,19,33,29,32,40,40,39,45.04,45.04,44.41,53,450,4.4,0,0,0
13.5,26,19.57,19.52,19.51,10.5,10.5,10.6,0,5.6,0.18,0.12,212.9,14.7,283,1,1,667,686,645,1,647,13.3,64.7,465,33.1,33.0,0.8,3.9,638.7,0,12.54,10.1,39.6,38.6,36.3,33.5,38.3,38.9,34.1,37.3,55.7,58.6,26,40,20.6,25.3,40,40,25,0,0,0,6,6,4,0,20,20,19,33,29,32,40,40,39,45.04,45.04,44.41,53,450,4.4,0,0,0
13.46,290,22.08,22.01,22.0,10.8,10.9,11.5,0,13.7,0.04,0.16,213.2,17.4,280,1,1,659,686,632,0,640,13.2,62.2,458,33.3,33.1,0.7,3.9,638.7,0,12.54,10.1,39.6,38.6,36.3,33.5,38.3,38.9,34.0,37.2,55.7,58.8,26,40,20.6,25.3,40,40,25,0,0,0,6,6,4,0,20,20,19,33,29,32,40,40,39,45.03,45.04,44.41,53,450,4.3,0,0,0
13.06,174,17.72,17.66,17.65,10.9,10.7,11.1,0,-6.6,0.04,0.23,212.9,13.8,285,1,1,653,685,624,-1,628,12.7,65.3,468,32.1,31.7,0.7,3.9,638.7,0,12.54,9.9,39.7,38.7,36.4,33.6,38.5,39.0,34.2,37.5,55.7,58.6,26,40,20.6,25.3,39,40,25,0,0,0,6,6,4,0,20,20,19,33,29,32,40,40,39,45.04,45.04,44.41,54,450,4.4,0,0,0
11.3,236,19.53,19.47,19.46,10.6,10.8,11.3,0,-1.3,0.15,0.03,212.7,14.5,281,1,1,614,685,569,0,576,11.1,68.5,496,31.5,31.5,0.7,3.9,638.7,0,12.54,9.9,39.9,38.8,36.5,33.8,38.6,39.0,33.8,37.6,55.7,58.8,26,40,20.6,25.3,38,39,25,0,0,0,6,6,4,0,20,20,19,33,29,32,40,40,39,45.03,45.04,44.41,54,450,4.4,0,0,0
13.26,12,16.03,15.96,15.95,10.5,10.6,10.6,0,-6.1,-0.03,0.01,213.0,13.8,284,1,1,663,686,644,-2,649,13.0,64.9,475,32.2,31.7,0.7,3.9,638.7,0,12.54,9.9,39.8,38.7,36.4,33.6,38.5,39.0,34.1,37.5,55.7,58.7,26,40,20.6,25.3,39,40,25,0,0,0,6,6,4,0,20,20,19,33,29,32,40,40,39,45.03,45.04,44.41,54,440,4.4,0,0,0
12.12,102,22.45,22.41,22.41,10.8,10.9,10.7,0,2.6,0.09,0.11,213.2,14.9,281,1,1,627,685,593,-1,589,11.8,67.4,482,31.6,31.6,0.7,3.9,638.7,0,12.54,10.1,39.0,38.0,35.8,33.1,37.7,38.3,33.5,36.9,55.6,58.6,26,40,20.6,25.3,39,39,25,0,0,0,6,6,4,0,20,20,19,33,29,32,40,40,39,45.03,45.04,44.41,53,450,4.4,0,0,0
12.64,164,21.56,21.51,21.52,10.8,10.9,11.1,0,8.0,0.02,0.1,213.2,13.2,279,1,1,653,687,626,-1,619,12.4,66.6,482,32.7,32.6,0.8,4.0,638.7,0,12.54,10.1,39.0,37.8,35.7,33.0,37.6,38.1,33.3,36.9,55.6,58.4,26,40,20.6,25.3,40,40,25,0,0,0,6,6,4,0,20,20,19,33,29,32,40,40,39,45.03,45.04,44.41,54,450,4.4,0,0,0
12.92,310,21.56,21.51,21.52,11.1,10.8,10.9,0,5.6,0.03,0.18,213.2,12.4,280,1,1,655,687,624,0,633,12.6,63.7,473,32.5,32.5,0.8,4.0,638.7,0,12.54,10.1,39.0,37.9,35.7,33.0,37.6,38.2,33.4,36.9,55.6,58.6,26,40,20.6,25.3,40,40,25,0,0,0,6,6,4,0,20,20,19,33,29,32,40,40,39,45.04,45.04,44.41,54,440,4.4,0,0,0
13.79,200,24.53,24.45,24.45,11.3,10.8,10.9,0,7.5,0.03,0.16,213.0,18.1,278,1,1,656,686,631,0,635,13.6,60.4,448,28.9,28.7,0.6,3.8,638.7,0,12.54,10.1,39.2,38.3,36.0,33.3,38.1,38.8,33.8,37.2,55.7,58.7,26,40,20.6,25.3,36,36,25,0,0,0,6,6,4,0,20,20,19,33,29,32,40,40,39,45.03,45.04,44.41,53,450,4.4,0,0,0
12.96,38,23.1,23.05,23.05,10.9,11.0,11.1,0,6.4,0.03,0.11,212.9,16.5,282,1,1,653,684,629,-1,629,12.7,65.9,474,31.6,31.6,0.7,3.9,638.7,0,12.54,10.1,39.0,38.0,35.8,33.1,37.8,38.5,33.8,36.9,55.6,58.6,26,40,20.6,25.3,39,39,25,0,0,0,6,6,4,0,20,20,19,34,29,32,40,40,39,45.03,45.04,44.41,53,450,4.4,0,0,0
13.9,20,24.72,24.62,24.63,10.6,10.6,10.8,0,6.9,0.14,0.11,213.2,18.7,278,1,1,657,687,632,1,633,13.6,60.8,445,29.0,28.7,0.6,3.8,638.7,0,12.54,10.1,39.2,38.3,36.0,33.3,38.1,38.8,33.9,37.2,55.7,58.6,26,40,20.6,25.3,36,36,25,0,0,0,6,6,4,0,20,20,19,33,29,32,40,40,39,45.04,45.04,44.41,53,450,4.4,0,0,0
13.09,152,21.77,21.73,21.74,11.1,10.8,10.6,0,-0.1,-0.05,0.13,213.0,14.6,284,1,1,649,685,624,0,625,12.8,63.3,467,31.3,31.2,0.7,3.9,638.7,0,12.54,10.1,39.0,38.1,35.8,33.1,37.9,38.4,33.7,36.9,55.6,58.7,26,40,20.6,25.3,38,39,25,0,0,0,6,6,4,0,20,20,19,33,30,32,40,40,39,45.03,45.04,44.41,53,450,4.4,0,0,0
11.13,162,17.17,17.12,17.11,10.6,11.0,10.9,0,-0.3,0.09,0.04,212.8,12.5,282,1,1,526,685,417,1,425,10.9,50.2,370,31.8,31.7,0.7,3.9,638.7,0,12.54,9.9,39.9,38.8,36.5,33.8,38.6,39.0,33.9,37.6,55.7,58.8,26,40,20.6,25.3,38,39,25,0,0,0,6,6,4,0,20,20,19,33,29,32,40,40,39,45.03,45.04,44.41,54,450,4.4,0,0,0
13.64,140,23.1,23.05,23.05,11.3,10.9,10.8,0,4.8,0.0,0.11,213.2,17.8,283,1,1,654,685,629,0,637,13.3,61.5,452,31.6,31.2,0.7,3.9,638.7,0,12.54,10.1,39.0,38.0,35.8,33.1,37.8,38.4,33.6,36.9,55.6,58.8,27,40,20.6,25.3,38,39,25,0,0,0,6,6,4,0,20,20,19,33,30,32,40,40,39,45.03,45.04,44.41,53,440,4.3,0,0,0
12.31,172,22.45,22.41,22.41,10.8,11.1,10.9,0,2.7,-0.02,0.04,213.0,14.7,281,1,1,646,686,614,1,609,12.0,66.8,493,32.0,32.0,0.7,3.9,638.7,0,12.54,10.1,39.0,37.9,35.7,33.0,37.7,38.2,33.3,36.9,55.6,58.5,27,40,20.6,25.3,39,39,25,0,0,0,6,6,4,0,20,20,19,33,29,32,40,40,39,45.04,45.04,44.41,54,440,4.3,0,0,0
11.3,16,17.17,17.12,17.11,11.0,11.2,10.5,0,7.3,-0.05,0.09,213.2,8.0,281,1,1,548,685,459,0,466,11.1,54.0,397,31.6,31.5,0.7,3.9,638.7,0,12.54,9.9,39.8,38.8,36.5,33.8,38.6,39.0,34.0,37.6,55.8,58.7,27,40,20.6,25.3,38,39,25,0,0,0,6,6,4,0,20,20,19,33,29,32,40,40,39,45.04,45.04,44.41,53,460,4.4,0,0,0
12.85,310,18.88,18.83,18.83,10.9,11.2,10.6,0,7.1,0.06,0.21,212.9,14.0,284,1,1,655,686,627,0,634,12.7,64.8,478,33.1,32.9,0.8,4.0,638.7,0,12.54,10.1,39.7,38.6,36.3,33.5,38.3,38.9,34.0,37.3,55.7,58.6,26,40,20.6,25.3,40,40,25,0,0,0,6,6,4,0,20,20,19,33,29,32,40,40,39,45.04,45.04,44.41,54,440,4.4,0,0,0
13.58,108,22.12,22.05,22.04,11.3,10.6,11.0,0,17.5,0.09,0.08,212.8,13.9,279,1,1,657,686,630,0,634,13.2,63.5,454,33.0,33.1,0.7,3.9,638.7,0,12.54,10.1,39.6,38.6,36.3,33.5,38.3,38.9,34.0,37.3,55.7,58.6,26,40,20.6,25.3,40,40,25,0,0,0,6,6,4,0,20,20,19,33,29,32,40,40,39,45.03,45.05,44.41,54,450,4.4,0,0,0
11.59,208,20.81,20.75,20.74,10.8,11.1,10.8,0,3.3,0.04,0.1,212.7,13.2,279,1,1,633,686,593,1,601,11.3,70.8,501,30.5,31.5,0.6,3.8,638.7,0,12.54,10.1,39.6,38.4,36.2,33.5,38.2,38.6,33.7,37.3,55.7,58.7,27,40,20.6,25.3,38,38,25,0,0,0,6,6,4,0,20,20,19,33,30,32,40,40,39,45.03,45.05,44.41,53,440,4.4,0,0,0
13.05,320,23.1,23.05,23.05,10.8,10.8,11.1,0,6.4,0.0,0.13,213.2,17.9,282,1,1,651,686,624,-1,623,12.8,63.8,468,31.5,31.5,0.7,3.9,638.7,0,12.54,10.1,39.0,38.0,35.8,33.1,37.8,38.4,33.6,36.9,55.6,58.7,27,40,20.6,25.3,39,39,25,0,0,0,6,6,4,0,20,20,19,33,29,32,40,40,39,45.03,45.05,44.41,53,440,4.4,0,0,0
13.33,184,24.97,24.9,24.91,11.0,10.7,10.8,0,4.6,-0.13,0.1,213.0,18.5,278,1,1,648,686,624,-3,616,13.2,61.4,455,29.1,29.1,0.6,3.8,638.7,0,12.54,10.1,39.2,38.3,36.0,33.3,38.1,38.8,34.1,37.1,55.7,58.6,26,40,20.6,25.3,36,37,25,0,0,0,6,6,4,0,20,20,19,33,29,32,40,40,39,45.03,45.04,44.41,54,460,4.4,0,0,0
12.04,174,19.97,19.91,19.9,10.7,10.9,11.7,0,5.0,0.0,0.09,213.2,15.9,280,1,1,642,686,613,-1,606,11.8,67.8,496,30.6,30.6,0.7,3.9,638.7,0,12.54,9.9,39.9,38.9,36.6,33.9,38.6,39.2,34.0,37.6,55.8,58.8,26,40,20.6,25.3,37,38,25,0,0,0,6,6,4,0,20,20,19,33,29,32,40,40,39,45.03,45.04,44.41,53,450,4.3,0,0,0
11.19,164,19.48,19.43,19.42,14.3,11.1,10.9,0,-3.2,-0.03,0.09,212.7,13.2,282,1,1,606,685,551,-1,548,10.9,67.1,482,31.5,31.4,0.7,3.9,638.7,0,12.54,9.9,39.9,38.8,36.5,33.8,38.6,38.9,33.8,37.6,55.8,58.7,26,40,20.6,25.3,38,39,25,0,0,0,6,6,4,0,20,20,19,33,29,31,40,40,39,45.04,45.04,44.41,52,450,4.4,0,0,0
11.97,38,23.88,23.82,23.83,10.8,11.0,10.8,0,0.0,-0.02,0.08,213.2,13.8,280,1,1,627,686,590,0,592,11.8,66.4,482,29.2,29.4,0.6,3.8,638.7,0,12.54,10.1,39.2,38.3,36.0,33.3,38.0,38.7,33.9,37.1,55.7,58.6,26,40,20.6,25.3,36,37,25,0,0,0,6,6,4,0,20,20,19,33,29,32,40,40,39,45.03,45.04,44.41,54,450,4.4,0,0,0
12.64,250,23.1,23.05,23.05,10.8,10.8,10.9,0,6.6,0.0,0.1,213.2,16.7,281,1,1,655,685,627,1,623,12.4,66.2,485,31.8,31.9,0.7,3.9,638.7,0,12.54,10.1,39.0,38.0,35.8,33.1,37.8,38.6,33.9,36.9,55.6,58.6,26,40,20.6,25.3,39,39,25,0,0,0,6,6,4,0,20,20,19,33,29,32,40,40,39,45.03,45.04,44.41,52,450,4.4,0,0,0
13.14,240,21.56,21.51,21.52,10.9,11.1,11.1,0,6.2,0.06,0.16,212.9,15.7,280,1,1,660,687,634,1,636,12.9,65.2,468,32.4,32.3,0.8,3.9,638.7,0,12.54,10.1,39.0,37.9,35.7,33.0,37.6,38.2,33.4,36.9,55.6,58.6,26,40,20.6,25.3,39,40,25,0,0,0,6,6,4,0,20,20,19,33,29,32,40,40,39,45.04,45.04,44.41,54,440,4.4,0,0,0
12.73,66,21.36,21.29,21.28,11.3,10.8,11.0,0,7.8,0.11,0.16,212.9,15.1,279,1,1,653,686,625,0,619,12.5,67.3,480,31.9,33.0,0.7,3.9,638.7,0,12.54,10.1,39.6,38.5,36.2,33.5,38.3,38.8,34.1,37.2,55.7,58.6,26,40,20.6,25.3,39,39,25,0,0,0,6,6,4,0,20,20,19,33,29,32,40,40,39,45.04,45.04,44.41,53,460,4.3,0,0,0
12.13,312,20.95,20.87,20.86,11.2,10.8,10.9,0,3.4,0.03,0.1,212.5,16.9,280,1,1,642,686,613,1,627,11.9,69.6,494,30.9,30.8,0.7,3.9,638.7,0,12.54,9.9,39.9,38.9,36.6,33.8,38.6,39.1,34.1,37.6,55.8,58.6,26,40,20.6,25.3,38,39,25,0,0,0,6,6,4,0,20,20,19,33,29,32,40,40,39,45.03,45.04,44.41,53,450,4.4,0,0,0
12.96,246,17.72,17.66,17.65,11.1,10.9,10.8,0,-7.2,-0.04,0.07,212.6,13.7,285,1,1,647,685,620,-2,629,12.6,63.4,471,32.0,32.2,0.8,3.9,638.7,0,12.54,9.9,39.7,38.7,36.4,33.6,38.5,39.0,34.2,37.5,55.7,58.7,26,40,20.6,25.3,39,40,25,0,0,0,6,6,4,0,20,20,19,33,29,32,40,40,39,45.04,45.04,44.41,53,450,4.4,0,0,0
12.63,96,20.95,20.87,20.86,10.9,11.1,10.9,0,0.0,0.03,0.18,213.0,12.6,282,1,1,659,686,625,0,626,12.3,68.2,485,30.8,30.8,0.7,3.9,638.7,0,12.54,9.9,39.9,38.9,36.6,33.8,38.6,39.2,34.2,37.6,55.8,58.8,26,40,20.6,25.3,38,38,25,0,0,0,6,6,4,0,20,20,19,33,29,32,40,40,39,45.03,45.04,44.41,53,450,4.4,0,0,0
11.92,320,22.41,22.37,22.38,14.3,14.1,11.1,0,1.7,0.03,0.21,213.1,12.6,282,1,1,639,686,603,-2,619,11.7,70.1,497,32.2,32.2,0.7,3.9,638.7,0,12.54,10.1,39.0,37.9,35.7,33.0,37.7,38.2,33.4,36.9,55.6,58.6,26,40,20.6,25.3,39,40,25,0,0,0,6,6,4,0,20,20,19,33,30,32,40,40,39,45.03,45.04,44.41,52,450,4.4,0,0,0
12.07,306,17.89,17.86,17.86,10.6,10.5,10.8,0,0.1,0.19,0.13,213.0,14.9,286,1,1,651,686,618,2,627,11.9,70.5,500,30.8,30.7,0.7,3.9,638.7,0,12.54,10.1,39.1,38.1,35.8,33.2,37.9,38.4,33.6,37.0,55.6,58.7,27,40,20.6,25.3,37,39,25,0,0,0,6,6,4,0,20,20,19,34,29,32,40,40,39,45.03,45.04,44.41,53,450,4.4,0,0,0
12.85,54,21.29,21.24,21.23,11.3,11.0,10.8,0,7.3,0.11,0.0,213.0,15.3,279,1,1,661,686,632,1,632,12.6,65.9,483,28.2,29.5,0.6,3.8,638.7,0,12.54,10.1,39.4,38.4,36.1,33.3,38.2,38.6,33.9,37.3,55.7,58.6,26,40,20.6,25.3,36,36,25,0,0,0,6,6,4,0,20,20,19,33,29,32,40,40,39,45.03,45.04,44.41,53,440,4.4,0,0,0
12.44,58,20.03,19.99,19.98,11.1,10.9,11.0,0,9.0,-0.03,0.02,212.9,12.0,279,1,1,650,686,621,1,621,12.2,66.5,490,29.8,30.7,0.6,3.8,638.7,0,12.54,10.1,39.4,38.4,36.2,33.4,38.3,38.7,34.1,37.3,55.7,58.7,26,40,20.6,25.3,37,38,25,0,0,0,6,6,4,0,20,20,19,33,29,32,40,40,39,45.03,45.04,44.41,54,460,4.4,0,0,0
12.27,316,17.17,17.12,17.12,10.9,10.8,10.6,0,-8.1,0.16,0.12,213.2,12.8,288,1,1,640,686,613,0,620,12.0,66.6,488,32.8,32.6,0.8,4.0,638.7,0,12.54,10.0,39.6,38.7,36.4,33.6,38.4,39.1,34.2,37.4,55.7,58.7,27,40,20.6,25.3,39,40,25,0,0,0,6,6,4,0,20,20,19,33,28,32,40,40,39,45.03,45.04,44.41,52,450,4.4,0,0,0
12.76,124,21.29,21.24,21.23,10.8,11.1,11.0,0,9.8,0.22,0.14,213.1,14.2,278,1,1,657,686,632,0,629,12.6,67.6,482,27.9,28.9,0.6,3.8,638.7,0,12.54,10.1,39.3,38.4,36.1,33.3,38.2,38.7,34.0,37.2,55.7,58.7,26,40,20.6,25.3,36,36,25,0,0,0,6,6,4,0,20,20,19,33,30,32,40,40,39,45.03,45.04,44.41,54,440,4.4,0,0,0
11.69,132,20.96,20.89,20.88,10.8,10.9,10.8,0,8.4,0.19,0.13,212.9,14.5,278,1,1,637,686,598,0,604,11.5,67.8,501,30.5,31.7,0.7,3.8,638.7,0,12.54,10.1,39.6,38.4,36.2,33.5,38.2,38.6,34.0,37.3,55.7,58.7,26,40,20.6,25.3,38,38,25,0,0,0,6,6,4,0,20,20,19,33,29,32,40,40,39,45.03,45.04,44.41,53,450,4.4,0,0,0
12.02,204,21.32,21.25,21.24,11.0,11.0,10.9,0,8.0,0.05,0.11,212.7,13.8,278,1,1,645,686,608,0,619,11.7,69.1,496,30.7,32.3,0.7,3.8,638.7,0,12.54,10.1,39.6,38.4,36.2,33.5,38.2,38.7,34.1,37.2,55.7,58.6,27,40,20.6,25.3,38,39,25,0,0,0,6,6,4,0,20,20,19,33,29,32,40,40,39,45.03,45.04,44.41,52,450,4.3,0,0,0
11.7,104,19.97,19.91,19.9,10.8,11.0,10.8,0,1.7,-0.09,0.17,213.0,12.0,280,1,1,631,686,598,-1,589,11.5,68.0,501,30.4,30.6,0.7,3.9,638.7,0,12.54,9.9,39.9,39.0,36.6,33.9,38.6,39.3,34.1,37.6,55.8,58.9,26,40,20.6,25.3,37,38,25,0,0,0,6,6,4,0,20,20,19,33,29,32,40,40,39,45.04,45.04,44.41,52,440,4.4,0,0,0
12.12,24,20.95,20.87,20.86,10.6,11.2,10.8,0,1.6,0.12,0.09,213.1,16.2,281,1,1,638,686,608,1,609,11.8,69.1,494,31.1,31.1,0.7,3.9,638.7,0,12.54,9.9,39.9,38.9,36.6,33.8,38.6,39.1,34.1,37.6,55.8,58.6,26,40,20.6,25.3,38,39,25,0,0,0,6,6,4,0,20,20,19,33,29,31,40,40,39,45.03,45.04,44.41,52,450,4.4,0,0,0
12.75,106,23.1,23.05,23.05,11.1,10.9,10.9,0,7.3,0.0,0.08,213.1,13.7,280,1,1,659,686,629,0,632,12.6,67.6,481,31.6,31.7,0.7,3.9,638.7,0,12.54,10.1,39.0,38.0,35.8,33.1,37.8,38.6,33.8,36.9,55.6,58.6,26,40,20.6,25.3,39,39,25,0,0,0,6,6,4,0,20,20,19,33,29,32,40,40,39,45.04,45.04,44.41,54,440,4.3,0,0,0
12.66,36,21.49,21.41,21.4,10.8,11.1,10.7,0,8.1,0.05,0.24,212.9,13.5,278,1,1,656,686,625,-1,633,12.4,67.9,483,29.8,29.8,0.7,3.8,638.7,0,12.54,9.9,39.9,39.0,36.7,34.0,38.7,39.5,34.2,37.6,55.8,58.9,26,40,20.6,25.3,37,37,25,0,0,0,6,6,4,0,20,20,19,33,29,32,40,40,39,45.03,45.05,44.41,53,450,4.4,0,0,0
