轮毂转速,轮毂角度,叶片1角度,叶片2角度,叶片3角度,变桨电机1电流,变桨电机2电流,变桨电机3电流,超速传感器转速检测值,5秒偏航对风平均值,x方向振动值,y方向振动值,液压制动压力,机舱气象站风速,风向绝对值,大气压力,无功功率控制状态,变频器电网侧电流,变频器电网侧电压,变频器电网侧有功功率,变频器电网侧无功功率,变频器发电机侧功率,发电机运行频率,发电机电流,发电机转矩,变频器入口温度,变频器出口温度,变频器入口压力,变频器出口压力,发电机功率限幅值,无功功率设定值,额定的轮毂转速,测风塔环境温度,发电机定子温度1,发电机定子温度2,发电机定子温度3,发电机定子温度4,发电机定子温度5,发电机定子温度6,发电机空气温度1,发电机空气温度2,主轴承温度1,主轴承温度2,轮毂温度,轮毂控制柜温度,机舱温度,机舱控制柜温度,变频器INU温度,变频器ISU温度,变频器INU RMIO温度,变桨电机1功率估算,变桨电机2功率估算,变桨电机3功率估算,风机当前状态值,轮毂当前状态值,偏航状态值,偏航要求值,叶片1电池箱温度,叶片2电池箱温度,叶片3电池箱温度,叶片1变桨电机温度,叶片2变桨电机温度,叶片3变桨电机温度,叶片1变频器箱温度,叶片2变频器箱温度,叶片3变频器箱温度,叶片1超级电容电压,叶片2超级电容电压,叶片3超级电容电压,驱动1晶闸管温度,驱动2晶闸管温度,驱动3晶闸管温度,驱动1输出扭矩,驱动2输出扭矩,驱动3输出扭矩
7.32,314,0.24,0.25,0.25,11.3,10.5,10.4,0,2.2,0.01,-0.07,209.7,3.5,275,1,1,384,689,78,2,76,7.0,15.0,106,30.1,28.8,0.6,3.8,1815.4,0,16.45,2.0,12.0,13.5,8.1,8.4,11.3,15.1,14.7,14.4,36.2,39.0,15,29,13.5,18.2,35,32,25,0,0,0,6,6,4,0,26,20,9,26,22,25,29,29,28,45.02,45.05,44.43,40,330,3.1,0,0,0
8.4,232,0.24,0.25,0.25,10.6,10.6,11.3,0,3.1,0.01,0.1,209.4,4.0,274,1,1,412,689,188,1,186,8.2,29.8,221,32.9,31.6,0.7,3.9,2067.6,0,16.83,2.0,12.1,13.5,8.2,8.4,11.2,15.0,14.5,14.3,36.2,39.0,15,29,13.5,18.1,37,36,25,0,0,0,6,6,4,0,26,19,9,27,22,25,29,29,28,45.02,45.05,44.43,42,320,3.1,0,0,0
7.23,266,0.24,0.25,0.25,10.5,10.6,11.3,0,7.1,0.18,0.22,209.7,2.3,269,1,1,386,689,49,1,58,7.1,9.8,69,31.4,30.2,0.7,3.8,1154.8,0,15.27,2.0,12.0,13.4,8.1,8.3,11.1,14.9,14.6,14.4,36.3,38.9,14,29,13.5,18.2,36,32,25,0,0,0,6,6,4,0,26,21,9,26,23,25,29,29,28,45.03,45.05,44.43,41,320,3.2,0,0,0
7.18,258,0.24,0.25,0.25,10.5,10.9,10.5,0,26.1,0.05,0.16,209.7,2.7,271,1,1,376,689,49,3,46,6.9,10.2,68,31.9,30.6,0.7,3.8,1607.0,0,16.14,2.0,12.0,13.4,8.1,8.3,11.1,14.8,14.6,14.4,36.3,38.9,14,29,13.3,18.3,37,33,25,0,0,0,6,6,4,0,26,21,9,27,22,25,29,29,28,45.02,45.05,44.43,41,330,3.1,0,0,0
7.32,38,0.24,0.25,0.25,11.1,10.5,10.5,0,-22.4,0.26,0.16,209.1,4.3,285,1,1,379,689,83,2,83,7.3,15.1,112,28.0,26.6,0.4,4.0,1747.2,0,16.35,2.0,12.1,13.5,8.2,8.4,11.3,14.9,14.5,14.4,36.2,38.9,14,29,13.5,18.1,33,30,25,0,0,0,6,6,4,0,26,19,9,26,22,25,29,29,28,45.03,45.05,44.43,40,330,3.2,0,0,0
7.54,118,0.24,0.25,0.25,10.8,10.4,10.9,0,13.0,0.15,0.27,209.6,4.2,269,1,1,393,688,132,-2,137,7.5,24.7,175,31.6,30.7,0.6,3.8,1323.7,0,15.69,2.0,12.0,13.4,8.1,8.3,11.2,14.7,14.8,14.4,36.3,39.0,15,29,13.5,18.2,36,33,25,0,0,0,6,6,4,0,26,21,9,27,23,25,29,29,28,45.02,45.05,44.43,41,320,3.2,0,0,0
7.48,48,0.24,0.25,0.25,10.9,10.6,10.5,0,-1.7,0.03,0.08,209.1,4.5,275,1,1,390,688,111,1,109,7.4,21.0,149,33.2,32.1,0.6,3.8,2067.6,0,16.83,2.0,12.1,13.5,8.2,8.4,11.2,14.8,14.4,14.3,36.2,38.9,15,29,13.5,18.1,38,36,25,0,0,0,6,6,4,0,26,19,9,26,22,25,29,29,28,45.02,45.05,44.43,41,330,3.1,0,0,0
8.76,126,0.24,0.25,0.25,11.3,10.5,10.6,0,0.7,-0.04,0.1,209.2,3.6,270,1,1,424,689,215,0,221,8.6,34.1,240,32.6,31.4,0.7,3.9,2067.6,0,16.83,2.2,12.1,13.4,8.1,8.4,11.2,14.8,14.4,14.3,36.1,38.9,14,29,13.5,18.1,37,36,25,0,0,0,6,6,4,0,26,19,9,27,22,25,29,29,28,45.02,45.05,44.43,40,320,3.1,0,0,0
7.39,320,0.24,0.25,0.25,10.6,10.6,11.3,0,16.0,0.1,0.29,210.0,3.3,279,1,1,385,689,84,2,88,7.1,15.8,116,28.8,28.1,0.8,3.9,2067.6,0,16.83,2.0,12.1,13.5,8.2,8.4,11.2,15.0,14.6,14.4,36.3,38.9,14,29,13.5,18.2,34,31,25,0,0,0,6,6,4,0,26,20,9,27,23,25,29,29,28,45.02,45.05,44.43,42,320,3.2,0,0,0
7.42,118,0.24,0.25,0.25,10.5,10.8,11.3,0,6.2,0.07,0.11,209.4,3.3,274,1,1,388,689,99,1,95,7.1,17.3,134,32.0,31.8,0.6,3.8,2067.6,0,16.83,2.0,12.1,13.4,8.2,8.4,11.2,14.7,14.3,14.4,36.2,38.8,15,29,13.5,18.1,37,35,25,0,0,0,6,6,4,0,26,19,9,26,22,25,29,29,28,45.02,45.05,44.42,41,320,3.1,0,0,0
7.22,42,0.24,0.25,0.25,11.1,10.6,10.4,0,18.8,0.09,0.14,209.6,2.6,265,1,1,383,689,55,0,49,6.9,10.8,78,32.3,30.9,0.7,3.8,907.4,0,14.09,2.0,12.0,13.4,8.1,8.3,11.1,14.8,14.7,14.4,36.3,39.0,14,29,13.5,18.3,37,33,25,0,0,0,6,6,4,0,26,21,9,27,22,25,29,29,28,45.02,45.04,44.43,40,330,3.2,0,0,0
7.48,150,0.24,0.25,0.25,10.6,10.8,11.3,0,-2.3,-0.17,0.17,209.4,4.4,271,1,1,391,689,112,1,111,7.3,19.9,148,28.0,28.1,0.5,3.7,2067.6,0,16.83,2.0,12.0,13.5,8.2,8.4,11.3,15.1,14.6,14.4,36.2,38.9,15,29,13.5,18.1,34,31,25,0,0,0,6,6,4,0,26,19,9,26,22,25,29,29,28,45.02,45.04,44.43,40,320,3.2,0,0,0
8.77,158,0.24,0.25,0.25,11.1,10.5,10.6,0,-6.2,0.04,0.12,209.1,4.9,276,1,1,423,689,214,-1,209,8.7,33.4,238,32.8,31.7,0.7,3.9,2067.6,0,16.83,2.1,12.0,13.5,8.2,8.4,11.2,15.0,14.4,14.3,36.2,38.9,14,29,13.5,18.1,37,36,25,0,0,0,6,6,4,0,26,19,9,27,23,25,29,29,28,45.02,45.05,44.43,40,320,3.1,0,0,0
7.43,252,0.24,0.25,0.25,10.9,10.5,10.9,0,-10.6,0.09,0.11,210.2,4.0,290,1,1,391,690,110,0,104,7.1,20.1,147,30.0,28.8,0.2,3.6,2067.6,0,16.83,2.0,12.0,13.5,8.2,8.4,11.3,14.9,14.6,14.4,36.2,39.0,14,29,13.5,18.1,35,32,25,0,0,0,6,6,4,0,26,20,9,27,23,25,29,29,28,45.02,45.05,44.43,41,320,3.1,0,0,0
7.43,90,0.24,0.25,0.25,10.6,10.5,11.1,0,0.3,0.05,0.19,209.6,3.1,274,1,1,389,688,116,0,117,7.2,21.5,152,30.9,29.7,0.6,3.8,2067.6,0,16.83,2.0,12.0,13.4,8.1,8.3,11.2,14.8,14.6,14.4,36.3,39.1,14,29,13.5,18.2,36,33,25,0,0,0,6,6,4,0,26,20,9,27,22,25,29,29,28,45.02,45.05,44.43,42,320,3.2,0,0,0
7.22,266,0.24,0.25,0.25,10.5,11.0,11.1,0,15.3,-0.07,0.0,209.6,2.4,269,1,1,380,689,34,2,44,7.1,7.3,51,31.4,30.2,0.6,3.8,1154.8,0,15.27,2.0,12.1,13.3,8.1,8.3,11.2,14.9,14.7,14.4,36.3,39.0,15,29,13.5,18.2,36,32,25,0,0,0,6,6,4,0,26,21,9,26,23,25,29,29,28,45.02,45.04,44.43,40,320,3.2,0,0,0
8.76,194,0.24,0.25,0.25,11.2,10.6,10.6,0,-3.1,0.06,0.08,209.4,4.5,275,1,1,422,689,211,0,206,8.8,31.6,237,33.0,31.6,0.7,3.9,2067.6,0,16.83,2.1,12.0,13.5,8.2,8.4,11.3,15.0,14.4,14.3,36.2,38.9,14,29,13.5,18.1,37,36,25,0,0,0,6,6,4,0,26,19,9,27,23,25,29,29,28,45.02,45.05,44.43,41,320,3.1,0,0,0
7.17,256,0.24,0.25,0.25,10.5,11.0,10.8,0,20.2,0.05,0.1,209.8,2.8,267,1,1,376,689,33,0,29,7.0,7.6,46,32.3,31.1,0.7,3.9,907.4,0,14.09,2.0,12.0,13.3,8.1,8.3,11.1,14.7,14.6,14.4,36.3,39.0,15,29,13.4,18.3,37,33,25,0,0,0,6,6,4,0,26,21,9,27,22,25,29,29,28,45.02,45.05,44.42,40,330,3.2,0,0,0
7.44,102,0.24,0.25,0.25,11.2,10.5,10.5,0,13.9,0.06,0.25,209.9,3.0,282,1,1,393,691,106,1,104,7.2,20.4,142,29.0,28.2,1.0,4.1,2067.6,0,16.83,2.0,12.1,13.5,8.2,8.4,11.3,15.0,14.6,14.4,36.2,38.9,14,29,13.4,18.2,34,31,25,0,0,0,6,6,4,0,26,20,9,26,23,25,29,29,28,45.03,45.05,44.43,40,320,3.2,0,0,0
8.75,272,0.24,0.25,0.25,10.8,10.9,10.6,0,3.5,0.05,0.11,209.3,4.9,267,1,1,420,689,207,3,209,8.7,31.1,235,32.4,31.1,0.7,3.9,2067.6,0,16.83,2.2,12.1,13.3,8.1,8.4,11.1,14.7,14.4,14.3,36.2,38.9,15,29,13.5,18.1,37,36,25,0,0,0,6,6,4,0,26,19,9,26,22,25,29,29,28,45.02,45.05,44.43,41,330,3.2,0,0,0
7.22,224,0.24,0.25,0.25,11.3,10.5,10.5,0,1.3,0.15,0.19,209.6,3.1,277,1,1,382,689,66,1,64,7.1,12.6,87,32.0,31.0,0.6,3.8,1607.0,0,16.14,2.0,12.0,13.4,8.1,8.3,11.2,14.9,14.7,14.4,36.3,39.0,14,29,13.3,18.2,37,33,25,0,0,0,6,6,4,0,26,21,9,27,23,25,29,29,28,45.02,45.05,44.43,40,320,3.1,0,0,0
7.34,172,0.24,0.25,0.25,10.6,10.5,11.2,0,10.4,0.08,0.25,209.6,2.3,274,1,1,385,690,55,0,59,7.3,10.5,77,29.7,28.5,0.6,3.8,1359.8,0,15.75,2.0,12.1,13.4,8.2,8.4,11.2,14.7,14.5,14.4,36.3,39.0,14,29,13.5,18.2,35,31,25,0,0,0,6,6,4,0,26,20,9,27,23,25,29,29,28,45.02,45.05,44.43,42,310,3.2,0,0,0
7.32,108,0.24,0.25,0.25,10.5,11.1,10.8,0,-27.3,0.3,0.1,209.3,3.2,289,1,1,384,689,85,1,92,7.3,16.6,118,28.7,27.2,0.4,4.0,1738.9,0,16.34,2.0,12.1,13.4,8.2,8.4,11.2,14.8,14.5,14.4,36.2,38.9,14,29,13.5,18.1,34,31,25,0,0,0,6,6,4,0,26,19,9,27,23,25,29,29,28,45.02,45.04,44.43,40,320,3.2,0,0,0
7.33,190,0.24,0.25,0.25,10.5,11.0,10.9,0,-4.9,-0.17,0.14,209.8,4.1,274,1,1,385,689,81,-1,78,7.3,15.1,113,31.7,30.4,0.7,3.8,2067.6,0,16.83,2.0,12.0,13.4,8.1,8.3,11.2,14.8,14.7,14.4,36.3,39.0,15,29,13.3,18.2,37,34,25,0,0,0,6,6,4,0,26,21,9,27,22,25,29,29,28,45.03,45.05,44.43,41,320,3.1,0,0,0
7.31,278,0.24,0.25,0.25,11.3,10.5,10.6,0,0.9,0.05,0.17,209.8,3.6,275,1,1,391,689,84,-2,88,7.3,16.3,113,30.3,28.9,0.6,3.8,1815.4,0,16.45,2.0,12.0,13.5,8.1,8.3,11.3,15.1,14.7,14.4,36.2,39.0,14,29,13.5,18.2,35,32,25,0,0,0,6,6,4,0,26,20,9,26,22,25,29,29,28,45.02,45.05,44.43,40,330,3.1,0,0,0
7.12,160,0.24,0.25,0.25,10.5,11.0,10.5,0,11.6,0.09,0.14,209.4,2.8,268,1,1,380,689,49,1,49,7.0,10.7,68,31.5,30.0,0.7,3.8,1154.8,0,15.27,2.0,12.0,13.4,8.1,8.3,11.2,14.9,14.6,14.4,36.3,39.0,15,29,13.5,18.2,36,32,25,0,0,0,6,6,4,0,26,21,9,26,22,25,29,29,28,45.02,45.05,44.43,41,330,3.1,0,0,0
7.24,86,0.24,0.25,0.25,10.5,10.8,10.5,0,3.3,-0.07,0.0,209.6,2.9,270,1,1,384,688,73,0,74,7.0,13.8,100,31.6,30.2,0.7,3.8,1154.8,0,15.27,2.0,12.1,13.3,8.1,8.3,11.1,14.8,14.7,14.4,36.3,38.9,14,29,13.5,18.2,36,32,25,0,0,0,6,6,4,0,26,21,9,27,23,25,29,29,28,45.02,45.04,44.43,40,310,3.2,0,0,0
7.22,342,0.24,0.25,0.25,10.6,10.7,10.6,0,16.9,-0.03,0.07,210.0,3.1,270,1,1,378,688,71,1,69,7.2,14.0,99,31.3,29.9,0.7,3.9,1747.2,0,16.35,2.0,12.0,13.4,8.1,8.3,11.2,15.0,14.7,14.4,36.3,39.0,14,29,13.5,18.2,36,33,25,0,0,0,6,6,4,0,26,21,9,26,22,25,29,29,28,45.02,45.05,44.43,40,320,3.2,0,0,0
7.31,244,0.24,0.25,0.25,10.8,10.5,11.0,0,0.8,0.03,0.19,209.8,3.9,275,1,1,382,689,82,1,76,7.0,15.4,109,30.3,28.8,0.6,3.8,1815.4,0,16.45,2.0,12.0,13.5,8.1,8.3,11.3,15.0,14.6,14.5,36.2,39.0,14,29,13.5,18.2,35,32,25,0,0,0,6,6,4,0,26,20,9,26,22,25,29,29,28,45.02,45.05,44.43,40,320,3.1,0,0,0
7.32,208,0.24,0.25,0.25,10.5,10.6,11.3,0,2.4,0.03,-0.08,209.8,3.8,275,1,1,382,689,71,0,70,7.2,13.4,98,30.2,28.9,0.5,3.7,1815.4,0,16.45,2.0,12.0,13.5,8.1,8.3,11.3,15.0,14.6,14.5,36.3,39.1,15,29,13.5,18.2,35,32,25,0,0,0,6,6,4,0,26,20,9,26,23,25,29,29,28,45.02,45.05,44.43,40,320,3.1,0,0,0
7.28,206,0.24,0.25,0.25,10.5,11.0,10.8,0,1.1,0.14,0.31,209.8,3.7,275,1,1,381,689,71,2,67,7.2,14.0,95,29.9,28.7,0.4,3.7,1815.4,0,16.45,2.0,12.0,13.4,8.1,8.4,11.2,15.0,14.7,14.4,36.3,38.9,14,29,13.5,18.2,35,32,25,0,0,0,6,6,4,0,26,20,9,27,23,25,29,29,28,45.02,45.05,44.43,40,320,3.1,0,0,0
7.93,338,0.24,0.25,0.25,10.6,11.1,10.7,0,-2.2,0.09,0.12,209.1,4.6,275,1,1,404,689,161,2,158,7.7,26.9,196,32.9,31.6,0.7,3.9,2067.6,0,16.83,2.0,12.1,13.5,8.2,8.4,11.2,14.9,14.4,14.3,36.2,38.9,14,29,13.5,18.1,38,36,25,0,0,0,6,6,4,0,26,19,9,27,22,25,29,29,28,45.02,45.04,44.43,41,320,3.1,0,0,0
7.35,178,0.24,0.25,0.25,10.7,10.7,10.5,0,13.2,0.11,0.0,209.9,3.8,281,1,1,387,689,103,2,96,7.1,20.0,140,28.8,28.3,0.9,4.1,2067.6,0,16.83,2.0,12.1,13.5,8.2,8.4,11.3,15.1,14.6,14.4,36.2,39.0,14,29,13.5,18.2,34,31,25,0,0,0,6,6,4,0,26,20,9,27,23,25,29,29,28,45.03,45.04,44.42,40,320,3.2,0,0,0
7.22,176,0.24,0.25,0.25,10.5,11.1,10.6,0,15.4,0.02,0.17,209.9,2.9,277,1,1,389,690,73,1,81,7.3,14.6,97,29.3,28.1,0.5,3.6,2067.6,0,16.83,2.0,12.1,13.4,8.1,8.4,11.2,14.9,14.5,14.4,36.2,38.9,15,29,13.5,18.2,34,31,25,0,0,0,6,6,4,0,26,20,9,26,22,25,29,29,28,45.02,45.05,44.43,40,330,3.1,0,0,0
7.43,130,0.24,0.25,0.25,11.3,10.5,10.5,0,7.7,0.11,0.12,209.6,3.5,275,1,1,390,688,111,1,105,7.2,20.4,149,30.1,28.9,0.5,3.7,1723.4,0,16.31,2.0,12.0,13.4,8.1,8.3,11.2,14.9,14.8,14.4,36.2,39.0,15,29,13.5,18.2,35,32,25,0,0,0,6,6,4,0,26,20,9,27,22,25,29,29,28,45.02,45.05,44.43,40,320,3.2,0,0,0
8.76,234,0.24,0.25,0.25,10.6,11.1,10.9,0,7.0,-0.04,0.14,209.4,4.5,266,1,1,421,689,208,-2,213,8.7,33.1,236,32.7,31.0,0.7,3.9,2067.6,0,16.83,2.2,12.1,13.4,8.1,8.4,11.2,14.7,14.4,14.4,36.1,38.9,14,29,13.5,18.1,37,36,25,0,0,0,6,6,4,0,26,19,9,27,22,25,29,29,28,45.03,45.05,44.42,42,330,3.1,0,0,0
8.76,196,0.24,0.25,0.25,10.8,10.5,11.0,0,-8.4,0.02,0.14,209.4,4.9,269,1,1,419,689,209,-1,209,8.6,31.7,237,32.6,31.3,0.7,3.9,2067.6,0,16.83,2.2,12.1,13.4,8.2,8.4,11.2,14.8,14.5,14.3,36.1,39.0,15,29,13.5,18.1,37,36,25,0,0,0,6,6,4,0,26,19,9,27,22,25,29,29,28,45.02,45.05,44.43,41,330,3.1,0,0,0
7.44,334,0.24,0.25,0.25,10.5,11.0,10.5,0,15.1,0.13,0.16,209.2,3.7,271,1,1,394,689,117,-1,122,7.4,22.2,155,31.1,31.6,0.6,3.8,2067.6,0,16.83,2.0,12.1,13.5,8.3,8.4,11.3,14.9,14.5,14.4,36.2,39.0,15,29,13.5,18.1,36,34,25,0,0,0,6,6,4,0,26,19,9,27,23,25,29,29,28,45.02,45.05,44.43,40,320,3.2,0,0,0
7.32,260,0.24,0.25,0.25,10.6,10.5,11.3,0,-4.0,0.1,-0.02,209.6,3.0,274,1,1,386,690,86,0,79,7.2,16.6,114,31.7,30.6,0.7,3.9,2067.6,0,16.83,2.0,12.0,13.4,8.1,8.3,11.2,14.8,14.7,14.4,36.3,38.9,15,29,13.3,18.2,37,34,25,0,0,0,6,6,4,0,26,21,9,27,22,25,29,29,28,45.02,45.05,44.43,41,330,3.2,0,0,0
7.1,266,0.24,0.25,0.25,10.5,10.9,10.5,0,22.6,0.12,0.19,209.7,2.6,270,1,1,382,688,42,1,36,6.9,8.9,59,31.2,30.2,0.6,3.8,1284.6,0,15.63,2.0,12.1,13.3,8.1,8.3,11.1,14.8,14.6,14.4,36.3,39.0,15,29,13.5,18.2,36,33,25,0,0,0,6,6,4,0,26,21,9,26,22,25,29,29,28,45.02,45.04,44.43,40,320,3.2,0,0,0
7.53,264,0.24,0.25,0.25,10.5,11.1,10.6,0,-5.4,0.0,0.1,209.1,3.6,276,1,1,397,688,139,-2,133,7.3,24.5,179,33.2,32.0,0.7,3.9,2067.6,0,16.83,2.0,12.1,13.4,8.2,8.4,11.2,14.8,14.4,14.3,36.2,38.8,15,29,13.5,18.1,38,36,25,0,0,0,6,6,4,0,26,19,9,27,22,25,29,29,28,45.02,45.05,44.42,42,330,3.1,0,0,0
7.82,84,0.24,0.25,0.25,10.7,10.4,11.0,0,-3.4,0.06,0.13,209.1,4.1,275,1,1,403,689,153,0,149,7.7,27.0,191,33.1,31.9,0.7,3.9,2067.6,0,16.83,2.0,12.1,13.4,8.2,8.4,11.2,14.9,14.4,14.3,36.2,38.9,15,29,13.5,18.1,38,36,25,0,0,0,6,6,4,0,26,19,9,26,23,25,29,29,28,45.02,45.04,44.43,40,310,3.2,0,0,0
7.47,190,0.24,0.25,0.25,11.1,10.6,10.4,0,14.8,-0.14,0.06,209.8,3.7,268,1,1,397,689,133,-2,135,7.2,23.7,175,31.7,30.4,0.6,3.8,2067.6,0,16.83,2.0,12.0,13.4,8.1,8.3,11.2,14.8,14.7,14.4,36.3,38.9,15,29,13.5,18.2,36,33,25,0,0,0,6,6,4,0,26,21,9,26,23,25,29,29,28,45.02,45.05,44.43,40,320,3.2,0,0,0
7.32,220,0.24,0.25,0.25,10.9,10.5,10.9,0,-22.6,0.26,0.05,209.1,3.3,289,1,1,385,690,85,1,83,7.3,15.3,114,28.6,27.3,0.4,4.0,1738.9,0,16.34,2.0,12.1,13.4,8.2,8.4,11.2,14.7,14.4,14.4,36.2,38.8,15,29,13.5,18.1,34,31,25,0,0,0,6,6,4,0,26,19,9,27,22,25,29,29,28,45.02,45.05,44.43,40,320,3.2,0,0,0
7.37,204,0.24,0.25,0.25,10.5,10.9,10.8,0,9.4,-0.01,-0.03,209.8,4.1,273,1,1,388,688,88,0,92,7.1,16.2,122,30.5,29.5,0.5,3.7,1946.7,0,16.65,2.0,12.0,13.4,8.1,8.4,11.2,14.9,14.5,14.4,36.2,38.9,15,29,13.5,18.2,35,32,25,0,0,0,6,6,4,0,26,20,9,27,23,25,29,29,28,45.02,45.04,44.43,40,320,3.1,0,0,0
7.42,166,0.24,0.25,0.25,10.5,10.8,11.3,0,13.3,0.03,-0.04,209.8,3.6,271,1,1,393,689,111,-1,117,7.4,20.1,147,30.7,29.2,0.7,3.9,1946.7,0,16.65,2.0,12.1,13.4,8.1,8.4,11.1,14.7,14.6,14.4,36.3,38.9,14,29,13.5,18.2,35,33,25,0,0,0,6,6,4,0,26,20,9,26,22,25,29,29,28,45.03,45.05,44.43,40,320,3.1,0,0,0
7.43,56,0.24,0.25,0.25,10.5,11.0,10.7,0,8.7,0.03,0.26,209.8,2.9,272,1,1,393,688,108,-1,111,7.2,20.5,143,30.7,29.4,0.7,3.9,2067.6,0,16.83,2.0,12.1,13.4,8.1,8.3,11.2,14.7,14.5,14.4,36.3,38.9,15,29,13.5,18.2,36,33,25,0,0,0,6,6,4,0,26,20,9,26,22,25,29,29,28,45.02,45.04,44.43,41,320,3.2,0,0,0
8.64,164,0.24,0.25,0.25,10.7,10.6,10.9,0,7.7,-0.02,0.1,209.1,5.7,266,1,1,420,689,205,-1,205,8.6,31.9,231,32.4,31.2,0.7,3.8,2067.6,0,16.83,2.2,12.1,13.3,8.1,8.4,11.1,14.8,14.4,14.3,36.1,38.9,14,29,13.5,18.0,37,36,25,0,0,0,6,6,4,0,26,19,9,27,22,25,29,29,28,45.02,45.05,44.42,40,330,3.1,0,0,0
8.26,52,0.24,0.25,0.25,10.6,11.1,10.6,0,-0.7,0.04,0.13,209.3,4.6,274,1,1,410,688,178,0,177,8.0,28.7,213,32.9,31.6,0.7,3.9,2067.6,0,16.83,2.0,12.1,13.5,8.2,8.4,11.2,14.9,14.4,14.3,36.2,38.9,14,29,13.5,18.1,37,36,25,0,0,0,6,6,4,0,26,19,9,26,23,25,29,29,28,45.03,45.05,44.42,40,310,3.2,0,0,0
7.49,8,0.24,0.25,0.25,11.2,10.6,10.5,0,-3.2,0.19,0.05,209.1,5.3,270,1,1,399,690,130,1,130,7.2,24.7,172,28.5,28.5,0.5,3.7,2067.6,0,16.83,2.0,12.1,13.5,8.3,8.4,11.3,15.0,14.5,14.4,36.2,38.9,15,29,13.5,18.1,34,31,25,0,0,0,6,6,4,0,26,19,9,27,22,25,29,29,28,45.02,45.05,44.43,41,320,3.1,0,0,0
7.36,320,0.24,0.25,0.25,10.6,10.9,10.7,0,7.8,0.06,-0.08,209.8,3.5,284,1,1,386,690,83,1,84,7.2,16.7,113,28.8,28.3,0.9,4.1,2067.6,0,16.83,2.0,12.1,13.5,8.1,8.4,11.2,15.0,14.6,14.4,36.2,39.0,14,29,13.4,18.2,34,31,25,0,0,0,6,6,4,0,26,20,9,27,22,25,29,29,28,45.02,45.05,44.43,40,330,3.2,0,0,0
7.24,220,0.24,0.25,0.25,10.6,10.9,10.9,0,18.8,0.03,0.03,209.6,3.4,265,1,1,383,689,53,3,49,7.1,9.8,73,32.1,30.8,0.7,3.8,907.4,0,14.09,2.0,12.0,13.4,8.1,8.3,11.1,14.8,14.7,14.4,36.3,39.0,15,29,13.4,18.3,37,33,25,0,0,0,6,6,4,0,26,21,9,27,23,25,29,29,28,45.02,45.05,44.43,41,320,3.1,0,0,0
7.22,50,0.24,0.25,0.25,11.0,10.4,11.0,0,22.1,0.07,0.1,209.7,1.8,268,1,1,380,688,42,1,41,7.1,8.0,63,31.5,30.1,0.6,3.8,1284.6,0,15.63,2.0,12.1,13.3,8.1,8.3,11.1,14.8,14.6,14.4,36.3,38.9,15,29,13.5,18.2,36,32,25,0,0,0,6,6,4,0,26,21,9,27,23,25,29,29,28,45.02,45.05,44.42,40,320,3.2,0,0,0
8.66,14,0.24,0.25,0.25,10.9,10.5,11.0,0,-2.3,0.13,0.13,209.3,4.3,275,1,1,417,688,206,-1,204,8.4,31.4,232,32.8,31.6,0.7,3.9,2067.6,0,16.83,2.1,12.0,13.5,8.2,8.4,11.3,15.0,14.6,14.3,36.2,39.0,15,29,13.5,18.1,38,36,25,0,0,0,6,6,4,0,26,19,9,27,22,25,29,29,28,45.02,45.05,44.43,41,320,3.2,0,0,0
7.25,354,0.24,0.25,0.25,10.5,10.9,10.6,0,3.5,0.07,0.31,210.0,3.2,275,1,1,387,689,79,1,81,7.0,14.8,105,30.0,28.8,0.7,4.0,1359.8,0,15.75,2.0,12.1,13.4,8.1,8.4,11.2,14.8,14.6,14.4,36.3,39.0,14,29,13.5,18.2,35,31,25,0,0,0,6,6,4,0,26,20,9,26,22,25,29,29,28,45.02,45.05,44.43,40,330,3.1,0,0,0
7.32,102,0.24,0.25,0.25,10.6,10.5,11.3,0,8.5,0.08,0.33,209.9,3.6,274,1,1,382,689,86,1,85,7.1,15.3,116,29.6,28.7,0.8,4.0,1359.8,0,15.75,2.0,12.1,13.4,8.1,8.4,11.2,14.8,14.6,14.4,36.3,38.9,15,29,13.5,18.2,35,31,25,0,0,0,6,6,4,0,26,20,9,27,22,25,29,29,28,45.02,45.05,44.43,40,320,3.2,0,0,0
7.28,6,0.24,0.25,0.25,10.6,10.5,11.3,0,-13.3,0.08,0.14,209.3,2.9,280,1,1,385,690,68,1,73,7.1,12.9,94,27.5,26.8,0.4,4.0,1747.2,0,16.35,2.0,12.1,13.5,8.2,8.4,11.2,14.9,14.5,14.4,36.2,38.9,14,29,13.5,18.1,33,30,25,0,0,0,6,6,4,0,26,19,9,27,22,25,29,29,28,45.02,45.05,44.43,39,320,3.2,0,0,0
7.21,28,0.24,0.25,0.25,10.5,10.8,10.4,0,6.0,0.03,0.11,209.8,2.8,275,1,1,384,690,62,2,68,6.9,12.0,86,29.9,28.4,0.4,3.6,1359.8,0,15.75,2.0,12.1,13.4,8.2,8.4,11.2,14.8,14.6,14.4,36.2,39.0,15,29,13.5,18.2,35,31,25,0,0,0,6,6,4,0,26,20,9,27,22,25,29,29,28,45.02,45.05,44.43,41,320,3.2,0,0,0
7.32,280,0.24,0.25,0.25,11.0,10.6,10.6,0,4.2,0.13,0.2,209.8,2.6,275,1,1,386,689,67,1,68,7.1,12.7,93,29.7,28.4,0.7,3.9,1359.8,0,15.75,2.0,12.1,13.4,8.1,8.4,11.2,14.8,14.5,14.4,36.3,38.9,15,29,13.5,18.2,35,31,25,0,0,0,6,6,4,0,26,20,9,26,22,25,29,29,28,45.02,45.05,44.43,41,320,3.1,0,0,0
7.43,298,0.24,0.25,0.25,10.6,10.7,11.3,0,-0.3,0.11,0.05,209.8,3.6,271,1,1,393,689,107,1,109,7.4,20.3,146,31.8,30.6,0.7,3.9,2067.6,0,16.83,2.0,12.0,13.4,8.1,8.3,11.2,14.8,14.7,14.4,36.3,39.0,15,29,13.4,18.2,37,34,25,0,0,0,6,6,4,0,26,21,9,27,23,25,29,29,28,45.02,45.04,44.43,40,320,3.2,0,0,0
7.42,264,0.24,0.25,0.25,10.5,10.9,10.6,0,13.5,-0.03,-0.03,209.6,3.9,268,1,1,395,689,129,1,133,7.2,24.3,168,31.8,30.4,0.6,3.8,2067.6,0,16.83,2.0,12.0,13.4,8.1,8.3,11.2,14.7,14.7,14.4,36.3,39.0,15,29,13.4,18.2,36,33,25,0,0,0,6,6,4,0,26,21,9,27,23,25,29,29,28,45.02,45.05,44.43,41,320,3.2,0,0,0
7.11,230,0.24,0.25,0.25,10.6,11.1,10.6,0,12.3,0.23,0.23,209.8,2.3,269,1,1,377,687,37,1,36,7.0,8.8,50,31.5,30.3,0.6,3.8,1154.8,0,15.27,2.0,12.1,13.3,8.1,8.3,11.2,14.8,14.6,14.4,36.3,39.1,15,29,13.5,18.2,36,32,25,0,0,0,6,6,4,0,26,21,9,26,23,25,29,29,28,45.02,45.04,44.43,41,320,3.2,0,0,0
7.31,292,0.24,0.25,0.25,10.9,10.6,10.4,0,-20.8,0.04,0.21,209.1,3.9,290,1,1,391,691,84,2,87,7.2,16.4,115,28.8,27.4,0.4,4.0,1738.9,0,16.34,2.0,12.1,13.4,8.2,8.4,11.2,14.8,14.4,14.4,36.2,38.8,15,29,13.5,18.1,34,31,25,0,0,0,6,6,4,0,26,19,9,26,23,25,29,29,28,45.02,45.05,44.43,41,320,3.2,0,0,0
7.38,82,0.24,0.25,0.25,10.9,10.6,10.5,0,-4.6,-0.16,0.08,209.6,4.1,273,1,1,390,689,102,0,103,7.3,19.8,133,31.9,30.4,0.7,3.9,2067.6,0,16.83,2.0,12.0,13.4,8.1,8.3,11.2,14.8,14.8,14.4,36.3,39.0,15,29,13.4,18.2,37,34,25,0,0,0,6,6,4,0,26,21,9,27,23,25,29,29,28,45.02,45.04,44.43,41,310,3.1,0,0,0
7.34,206,0.24,0.25,0.25,11.1,10.5,10.8,0,8.6,0.02,0.29,209.8,3.6,274,1,1,384,689,84,0,80,7.0,16.2,112,30.4,29.0,0.7,3.9,1723.4,0,16.31,2.0,12.0,13.5,8.1,8.4,11.2,15.0,14.8,14.4,36.3,39.0,14,29,13.5,18.2,35,32,25,0,0,0,6,6,4,0,26,20,9,26,22,25,29,29,28,45.02,45.05,44.43,41,320,3.2,0,0,0
7.33,234,0.24,0.25,0.25,10.5,10.7,11.3,0,8.0,0.03,0.11,209.8,2.6,272,1,1,383,688,81,2,76,7.1,15.4,109,30.9,29.7,0.6,3.9,1747.2,0,16.35,2.0,12.0,13.4,8.1,8.3,11.2,14.7,14.8,14.4,36.3,38.9,15,29,13.5,18.2,36,33,25,0,0,0,6,6,4,0,26,20,9,27,23,25,29,29,28,45.02,45.05,44.43,42,320,3.1,0,0,0
7.42,54,0.24,0.25,0.25,10.5,10.6,11.3,0,-2.2,0.06,-0.03,209.8,3.2,274,1,1,387,688,106,1,117,7.3,20.2,143,30.6,29.6,0.6,3.8,2067.6,0,16.83,2.0,12.0,13.4,8.1,8.3,11.2,14.8,14.6,14.4,36.3,39.1,15,29,13.5,18.2,36,33,25,0,0,0,6,6,4,0,26,20,9,27,23,25,29,29,28,45.02,45.05,44.42,42,320,3.1,0,0,0
7.43,300,0.24,0.25,0.25,10.5,11.1,10.6,0,11.5,-0.05,0.13,209.6,4.8,269,1,1,390,689,112,1,117,7.2,21.1,149,31.6,30.6,0.6,3.8,2067.6,0,16.83,2.0,12.0,13.4,8.1,8.3,11.2,14.7,14.7,14.4,36.3,39.1,15,29,13.5,18.2,36,33,25,0,0,0,6,6,4,0,26,21,9,27,23,25,29,29,28,45.02,45.05,44.43,41,320,3.1,0,0,0
7.23,174,0.24,0.25,0.25,10.5,10.8,11.3,0,8.2,0.06,0.05,210.0,2.5,275,1,1,379,690,48,1,48,7.1,10.2,69,29.7,28.2,0.3,3.5,2067.6,0,16.83,2.0,12.1,13.4,8.1,8.4,11.2,14.8,14.7,14.4,36.2,39.0,15,29,13.5,18.2,35,31,25,0,0,0,6,6,4,0,26,20,9,27,22,25,29,29,28,45.02,45.04,44.43,41,330,3.1,0,0,0
7.43,130,0.24,0.25,0.25,10.5,11.0,10.7,0,12.0,-0.04,0.13,209.6,3.9,272,1,1,387,689,97,-2,102,7.4,19.2,130,30.3,29.3,0.6,3.8,1946.7,0,16.65,2.0,12.1,13.4,8.1,8.4,11.1,14.8,14.6,14.4,36.3,38.9,14,29,13.5,18.2,35,32,25,0,0,0,6,6,4,0,26,20,9,26,22,25,29,29,28,45.03,45.05,44.43,40,320,3.1,0,0,0
7.43,254,0.24,0.25,0.25,10.9,10.6,10.5,0,-16.3,0.17,0.17,24.9,4.4,290,1,1,390,690,111,0,120,7.3,21.1,146,29.3,27.7,0.3,3.9,1500.0,0,15.98,2.0,12.1,13.5,8.2,8.4,11.3,14.8,14.7,14.4,36.2,38.9,14,29,13.5,18.1,34,31,25,0,0,0,6,6,4,2,26,19,9,27,22,25,29,29,28,45.02,45.05,44.43,41,330,3.2,0,0,0
7.44,324,0.24,0.25,0.25,10.6,10.8,11.3,0,-8.0,0.09,-0.1,25.6,3.7,291,1,1,396,691,119,0,124,7.2,21.4,159,29.8,28.3,0.2,3.8,1500.0,0,15.98,2.0,12.0,13.5,8.2,8.4,11.3,14.9,14.6,14.4,36.2,38.8,14,29,13.5,18.1,34,31,25,0,0,0,6,6,4,2,26,20,9,27,22,25,29,29,28,45.02,45.05,44.43,41,330,3.2,0,0,0
7.26,162,0.24,0.25,0.25,10.8,10.5,10.9,0,3.4,-0.14,0.03,209.8,1.7,272,1,1,383,688,61,-1,57,7.2,11.2,82,31.2,30.0,0.6,3.8,1747.2,0,16.35,2.0,12.0,13.5,8.1,8.3,11.2,14.9,14.8,14.4,36.3,39.1,14,29,13.5,18.2,36,33,25,0,0,0,6,6,4,0,26,21,9,26,22,25,29,29,28,45.03,45.05,44.43,40,330,3.1,0,0,0
7.48,330,0.24,0.25,0.25,10.7,10.7,10.5,0,-8.9,-0.06,0.14,209.4,4.9,273,1,1,391,690,113,1,112,7.2,21.5,151,27.6,28.0,0.5,3.7,2067.6,0,16.83,2.0,12.1,13.5,8.2,8.4,11.2,15.0,14.6,14.4,36.2,38.9,15,29,13.5,18.1,34,31,25,0,0,0,6,6,4,0,26,19,9,26,23,25,29,29,28,45.02,45.05,44.43,41,320,3.2,0,0,0
7.33,68,0.24,0.25,0.25,11.3,10.5,10.5,0,12.6,0.03,0.21,209.9,3.0,278,1,1,386,689,90,1,96,7.1,17.9,119,29.1,27.9,0.6,3.7,2067.6,0,16.83,2.0,12.1,13.5,8.1,8.4,11.2,15.0,14.6,14.4,36.2,39.0,14,29,13.5,18.2,34,31,25,0,0,0,6,6,4,0,26,20,9,26,22,25,29,29,28,45.02,45.05,44.43,41,330,3.1,0,0,0
7.33,348,0.24,0.25,0.25,11.2,10.5,10.4,0,4.9,-0.02,-0.02,209.8,3.1,275,1,1,386,689,79,-2,76,7.1,15.3,108,30.0,28.8,0.5,3.7,1815.4,0,16.45,2.0,12.0,13.4,8.1,8.4,11.3,14.9,14.6,14.4,36.2,39.0,15,29,13.5,18.2,35,32,25,0,0,0,6,6,4,0,26,20,9,27,22,25,29,29,28,45.02,45.04,44.43,41,320,3.2,0,0,0
7.41,334,0.24,0.25,0.25,10.5,10.9,10.5,0,4.1,-0.15,-0.02,209.8,3.3,270,1,1,399,689,132,0,140,7.5,23.2,174,31.6,30.2,0.6,3.8,1323.7,0,15.69,2.0,12.0,13.4,8.1,8.3,11.2,14.7,14.7,14.4,36.3,38.9,15,29,13.5,18.2,36,33,25,0,0,0,6,6,4,0,26,21,9,26,22,25,29,29,28,45.02,45.04,44.42,41,330,3.1,0,0,0
7.33,292,0.24,0.25,0.25,10.6,10.9,10.6,0,-13.4,-0.09,0.12,209.1,4.3,277,1,1,390,689,92,1,90,7.2,17.1,124,27.1,27.4,0.5,3.7,2067.6,0,16.83,2.0,12.1,13.5,8.2,8.4,11.2,14.9,14.6,14.4,36.2,39.0,14,29,13.5,18.1,33,31,25,0,0,0,6,6,4,0,26,19,9,27,22,25,29,29,28,45.02,45.05,44.43,41,320,3.2,0,0,0
7.43,8,0.24,0.25,0.25,10.5,10.6,11.3,0,20.4,-0.05,0.04,209.3,3.7,267,1,1,387,689,105,2,105,7.1,18.8,137,29.3,30.4,0.5,3.7,2067.6,0,16.83,2.0,12.1,13.5,8.2,8.4,11.3,14.9,14.5,14.4,36.2,39.0,15,29,13.5,18.1,35,33,25,0,0,0,6,6,4,0,26,19,9,26,22,25,29,29,28,45.02,45.04,44.43,40,320,3.2,0,0,0
7.42,56,0.24,0.25,0.25,11.3,10.5,10.6,0,10.0,0.11,0.22,209.9,3.5,272,1,1,392,689,109,0,113,7.1,20.0,143,30.9,29.6,0.6,3.8,2067.6,0,16.83,2.0,12.0,13.4,8.1,8.3,11.2,14.8,14.6,14.4,36.3,39.0,15,29,13.5,18.2,36,33,25,0,0,0,6,6,4,0,26,20,9,27,22,25,29,29,28,45.02,45.05,44.42,40,320,3.1,0,0,0
7.43,204,0.24,0.25,0.25,11.2,10.5,10.5,0,0.8,0.03,-0.05,209.8,3.8,276,1,1,394,689,100,0,105,7.3,18.9,137,30.4,29.0,0.6,3.8,1723.4,0,16.31,2.0,12.1,13.4,8.1,8.4,11.2,14.9,14.6,14.4,36.3,38.9,14,29,13.5,18.2,35,32,25,0,0,0,6,6,4,0,26,20,9,27,22,25,29,29,28,45.02,45.05,44.43,41,330,3.2,0,0,0
7.49,0,0.24,0.25,0.25,10.6,10.6,11.3,0,-2.8,0.03,0.08,25.9,3.1,291,1,1,395,690,129,0,130,7.2,22.7,171,29.7,28.3,0.3,3.8,1500.0,0,15.98,2.0,12.1,13.5,8.2,8.4,11.2,14.9,14.6,14.4,36.2,38.9,14,29,13.5,18.1,34,31,25,0,0,0,6,6,4,2,26,20,9,27,22,25,29,29,28,45.02,45.04,44.43,42,330,3.2,0,0,0
7.43,202,0.24,0.25,0.25,10.9,10.6,10.6,0,9.7,0.08,0.23,209.4,3.6,272,1,1,394,689,112,0,111,7.1,20.2,147,30.9,29.9,0.6,3.8,2067.6,0,16.83,2.0,12.0,13.4,8.1,8.3,11.2,14.8,14.7,14.4,36.3,39.0,15,29,13.5,18.2,36,33,25,0,0,0,6,6,4,0,26,20,9,27,22,25,29,29,28,45.02,45.04,44.43,41,330,3.2,0,0,0
7.32,328,0.24,0.25,0.25,10.5,11.1,10.5,0,-13.4,0.0,0.1,209.2,4.4,277,1,1,384,690,83,2,79,7.1,16.1,112,27.3,27.5,0.5,3.7,2067.6,0,16.83,2.0,12.1,13.5,8.2,8.4,11.2,14.9,14.5,14.4,36.2,39.0,15,29,13.5,18.1,33,31,25,0,0,0,6,6,4,0,26,19,9,27,22,25,29,29,28,45.02,45.05,44.43,41,320,3.2,0,0,0
8.76,340,0.24,0.25,0.25,10.7,10.8,10.6,0,-13.0,0.04,0.1,209.1,4.5,275,1,1,419,689,212,-4,221,8.6,31.7,237,33.0,31.9,0.7,3.9,2067.6,0,16.83,2.2,12.0,13.5,8.2,8.4,11.3,15.0,14.4,14.3,36.2,38.9,15,29,13.5,18.1,37,36,25,0,0,0,6,6,4,0,26,19,9,27,23,25,29,29,28,45.02,45.05,44.42,41,320,3.2,0,0,0
7.43,152,0.24,0.25,0.25,10.6,11.1,10.5,0,1.5,0.18,0.0,209.3,5.1,269,1,1,397,690,128,-1,133,7.2,23.0,165,28.6,29.0,0.5,3.7,2067.6,0,16.83,2.0,12.1,13.5,8.3,8.4,11.3,14.8,14.6,14.4,36.2,38.9,15,29,13.5,18.1,34,32,25,0,0,0,6,6,4,0,26,19,9,27,23,24,29,29,28,45.02,45.05,44.43,40,320,3.2,0,0,0
7.32,196,0.24,0.25,0.25,10.6,10.6,11.3,0,1.3,0.05,0.1,209.7,2.7,273,1,1,383,688,72,1,71,7.1,13.5,101,31.0,29.7,0.7,3.9,1747.2,0,16.35,2.0,12.0,13.4,8.1,8.3,11.2,14.8,14.6,14.4,36.3,39.0,14,29,13.5,18.2,36,33,25,0,0,0,6,6,4,0,26,21,9,27,23,25,29,29,28,45.02,45.05,44.42,39,320,3.1,0,0,0
8.76,126,0.24,0.25,0.25,11.2,10.6,10.6,0,10.1,0.03,0.1,209.2,4.3,265,1,1,423,689,213,1,212,8.5,32.8,237,32.3,30.9,0.7,3.9,2067.6,0,16.83,2.2,12.1,13.4,8.1,8.4,11.2,14.6,14.3,14.4,36.1,38.9,15,29,13.5,18.0,37,36,25,0,0,0,6,6,4,0,26,19,9,27,22,25,29,29,28,45.03,45.05,44.43,40,320,3.1,0,0,0
7.21,6,0.24,0.25,0.25,11.3,10.5,10.4,0,17.0,0.01,0.15,209.8,2.8,265,1,1,382,689,56,1,56,7.2,11.1,79,32.5,31.2,0.7,3.9,907.4,0,14.09,2.0,12.0,13.4,8.1,8.3,11.1,14.8,14.7,14.4,36.3,39.1,14,29,13.5,18.3,37,33,25,0,0,0,6,6,4,0,26,21,9,26,22,25,29,29,28,45.02,45.04,44.43,40,330,3.2,0,0,0
7.37,326,0.24,0.25,0.25,10.5,11.1,10.5,0,-16.7,0.02,0.26,25.1,4.4,291,1,1,390,691,108,2,111,7.1,19.7,141,29.3,27.7,0.3,3.9,1500.0,0,15.98,2.0,12.0,13.5,8.2,8.4,11.3,14.8,14.7,14.4,36.2,38.9,15,29,13.5,18.1,34,31,25,0,0,0,6,6,4,2,26,19,9,26,22,25,29,29,28,45.03,45.05,44.43,41,330,3.2,0,0,0
7.31,2,0.24,0.25,0.25,11.1,10.6,10.5,0,-22.5,0.28,0.14,209.1,3.7,288,1,1,387,689,85,-1,89,7.3,16.3,112,28.6,27.2,0.4,4.0,1738.9,0,16.34,2.0,12.1,13.5,8.2,8.4,11.2,14.8,14.6,14.4,36.2,38.9,15,29,13.5,18.1,34,30,25,0,0,0,6,6,4,0,26,19,9,26,23,25,29,29,28,45.02,45.05,44.43,41,310,3.1,0,0,0
7.22,66,0.24,0.25,0.25,10.6,10.8,10.4,0,11.4,0.03,-0.02,209.9,3.0,275,1,1,382,690,69,1,73,7.1,13.1,95,29.7,28.1,0.3,3.5,2067.6,0,16.83,2.0,12.1,13.4,8.1,8.4,11.2,14.9,14.6,14.4,36.2,39.0,14,29,13.5,18.2,35,31,25,0,0,0,6,6,4,0,26,20,9,26,23,25,29,29,28,45.02,45.04,44.43,40,310,3.2,0,0,0
7.26,246,0.24,0.25,0.25,11.0,10.4,10.9,0,6.4,-0.04,0.0,209.8,2.2,275,1,1,384,690,57,1,52,7.0,11.5,78,29.8,28.3,0.3,3.6,1359.8,0,15.75,2.0,12.1,13.4,8.2,8.4,11.2,14.8,14.7,14.4,36.2,39.1,14,29,13.5,18.2,35,31,25,0,0,0,6,6,4,0,26,20,9,27,22,25,29,29,28,45.02,45.05,44.42,41,330,3.1,0,0,0
7.28,116,0.24,0.25,0.25,10.6,11.1,10.6,0,-6.0,-0.07,0.03,209.6,3.8,276,1,1,379,689,57,-1,56,7.0,12.4,78,31.9,30.5,0.7,3.8,2067.6,0,16.83,2.0,12.0,13.4,8.1,8.3,11.2,14.9,14.6,14.4,36.3,38.9,14,29,13.3,18.2,37,34,25,0,0,0,6,6,4,0,26,21,9,27,22,25,29,29,28,45.02,45.05,44.43,42,320,3.2,0,0,0
7.47,84,0.24,0.25,0.25,11.3,10.5,10.6,0,9.9,0.19,0.18,209.7,3.8,269,1,1,396,689,115,-1,109,7.2,20.6,156,31.8,30.6,0.6,3.8,2067.6,0,16.83,2.0,12.0,13.3,8.1,8.3,11.2,14.7,14.7,14.4,36.3,39.0,14,29,13.4,18.2,36,34,25,0,0,0,6,6,4,0,26,21,9,26,22,25,29,29,28,45.02,45.04,44.43,42,330,3.2,0,0,0
7.32,126,0.24,0.25,0.25,10.5,10.9,10.5,0,4.4,0.13,0.15,209.6,2.8,273,1,1,383,687,85,0,82,7.1,15.5,112,31.1,29.7,0.6,3.8,2067.6,0,16.83,2.0,12.0,13.4,8.1,8.3,11.2,14.8,14.9,14.4,36.3,39.0,15,29,13.5,18.2,36,33,25,0,0,0,6,6,4,0,26,20,9,27,22,25,29,29,28,45.02,45.04,44.43,41,320,3.1,0,0,0
7.13,14,0.24,0.25,0.25,10.4,10.6,11.3,0,19.1,0.15,0.21,210.0,2.0,269,1,1,376,688,33,3,31,7.0,6.5,50,31.5,30.2,0.6,3.8,1284.6,0,15.63,2.0,12.1,13.3,8.1,8.3,11.1,14.8,14.6,14.4,36.3,39.0,14,29,13.5,18.2,36,32,25,0,0,0,6,6,4,0,26,21,9,26,23,25,29,29,28,45.02,45.05,44.42,40,320,3.1,0,0,0
7.37,164,0.24,0.25,0.25,10.7,10.8,10.5,0,9.8,0.11,0.21,209.8,3.3,272,1,1,390,689,101,3,101,7.2,18.5,137,31.1,29.7,0.6,3.8,2067.6,0,16.83,2.0,12.0,13.4,8.1,8.3,11.2,14.8,14.6,14.4,36.3,39.0,14,29,13.5,18.2,36,33,25,0,0,0,6,6,4,0,26,20,9,26,23,25,29,29,28,45.02,45.04,44.43,41,320,3.2,0,0,0
7.47,116,0.24,0.25,0.25,10.5,10.8,10.5,0,3.3,0.03,0.13,209.3,4.7,268,1,1,394,690,122,0,125,7.2,21.1,162,28.8,29.1,0.5,3.7,2067.6,0,16.83,2.0,12.1,13.5,8.3,8.4,11.3,14.8,14.6,14.4,36.2,38.9,15,29,13.5,18.1,34,32,25,0,0,0,6,6,4,0,26,19,9,26,22,25,29,29,28,45.02,45.05,44.43,40,320,3.2,0,0,0
7.33,110,0.24,0.25,0.25,10.6,10.6,11.3,0,-18.6,-0.1,0.16,25.0,4.1,290,1,1,383,690,87,2,90,7.1,16.9,117,29.4,27.4,0.3,3.9,1500.0,0,15.98,2.0,12.1,13.5,8.2,8.4,11.2,14.8,14.5,14.4,36.2,38.9,14,29,13.5,18.1,34,31,25,0,0,0,6,6,4,2,26,19,9,26,23,25,29,29,28,45.02,45.05,44.43,40,320,3.1,0,0,0
7.42,178,0.24,0.25,0.25,10.5,10.9,10.5,0,-4.2,0.05,-0.15,210.7,4.2,290,1,1,399,691,131,0,126,7.2,23.7,168,29.9,28.2,0.2,3.8,1807.2,0,16.44,2.0,12.1,13.5,8.2,8.4,11.2,14.8,14.7,14.4,36.2,38.9,14,29,13.5,18.1,34,32,25,0,0,0,6,6,4,0,26,20,9,26,23,25,29,29,28,45.02,45.05,44.42,40,320,3.1,0,0,0
7.43,64,0.24,0.25,0.25,10.8,10.5,11.0,0,6.6,0.11,0.23,209.7,3.8,274,1,1,387,689,94,0,100,7.1,17.0,124,29.7,28.8,0.7,3.8,1851.6,0,16.51,2.0,12.0,13.5,8.1,8.4,11.3,14.8,14.7,14.4,36.2,38.9,15,29,13.5,18.2,35,31,25,0,0,0,6,6,4,0,26,20,9,26,22,25,29,29,28,45.02,45.05,44.43,40,330,3.1,0,0,0
7.43,120,0.24,0.25,0.25,11.3,10.5,10.4,0,7.0,-0.11,-0.05,209.8,4.0,269,1,1,397,689,121,1,114,7.2,23.1,159,31.7,30.5,0.6,3.8,2067.6,0,16.83,2.0,12.0,13.4,8.1,8.3,11.2,14.7,14.7,14.4,36.3,39.0,15,29,13.4,18.2,36,34,25,0,0,0,6,6,4,0,26,21,9,26,22,25,29,29,28,45.02,45.04,44.43,41,330,3.2,0,0,0
7.32,284,0.24,0.25,0.25,10.5,11.0,10.5,0,5.9,-0.07,0.25,210.0,3.3,285,1,1,390,690,97,1,92,7.4,18.0,132,28.8,28.5,0.8,4.0,2067.6,0,16.83,2.0,12.1,13.4,8.1,8.4,11.2,15.0,14.6,14.4,36.2,39.0,14,29,13.4,18.2,34,31,25,0,0,0,6,6,4,0,26,20,9,27,22,25,29,29,28,45.02,45.05,44.43,40,320,3.2,0,0,0
7.37,250,0.24,0.25,0.25,10.4,11.1,10.6,0,4.8,-0.07,0.03,209.9,3.4,281,1,1,385,689,84,0,81,7.3,16.4,111,29.0,28.1,0.9,4.0,2067.6,0,16.83,2.0,12.1,13.5,8.2,8.4,11.3,15.0,14.6,14.4,36.2,38.9,14,29,13.5,18.2,34,31,25,0,0,0,6,6,4,0,26,20,9,27,23,25,29,29,28,45.02,45.05,44.42,42,320,3.2,0,0,0
8.76,198,0.24,0.25,0.25,10.6,11.0,10.6,0,-2.0,0.07,0.09,209.1,4.1,271,1,1,424,689,212,2,216,8.6,32.9,239,32.8,31.3,0.7,3.9,2067.6,0,16.83,2.2,12.1,13.4,8.1,8.4,11.2,14.7,14.5,14.3,36.2,38.9,15,29,13.5,18.1,37,36,25,0,0,0,6,6,4,0,26,19,9,26,23,25,29,29,28,45.02,45.05,44.43,41,310,3.1,0,0,0
7.43,14,0.24,0.25,0.25,11.3,10.5,10.5,0,0.2,0.02,0.11,209.3,3.9,275,1,1,393,688,110,0,119,7.4,20.5,147,33.1,31.9,0.6,3.8,2067.6,0,16.83,2.0,12.1,13.5,8.2,8.4,11.2,14.9,14.4,14.3,36.2,38.8,15,29,13.5,18.1,38,36,25,0,0,0,6,6,4,0,26,19,9,27,22,25,29,29,28,45.02,45.05,44.42,41,330,3.1,0,0,0
7.22,296,0.24,0.25,0.25,10.6,10.8,10.5,0,4.2,0.0,0.11,209.8,3.2,277,1,1,382,689,63,1,55,7.0,12.1,86,32.0,30.7,0.7,3.8,1607.0,0,16.14,2.0,12.0,13.4,8.1,8.3,11.1,14.9,14.7,14.4,36.3,38.9,14,29,13.3,18.2,37,33,25,0,0,0,6,6,4,0,26,21,9,26,23,25,29,29,28,45.03,45.05,44.43,41,320,3.1,0,0,0
8.75,344,0.24,0.25,0.25,10.6,11.1,10.9,0,10.8,0.03,0.08,209.3,3.9,266,1,1,421,689,210,0,212,8.5,31.9,236,32.4,31.0,0.7,3.9,2067.6,0,16.83,2.2,12.1,13.3,8.1,8.4,11.1,14.6,14.4,14.3,36.1,39.0,15,29,13.5,18.1,37,36,25,0,0,0,6,6,4,0,26,19,9,27,22,25,29,29,28,45.02,45.05,44.43,41,320,3.2,0,0,0
7.46,0,0.24,0.25,0.25,11.3,10.5,10.5,0,-8.5,0.01,-0.01,210.4,4.9,290,1,1,391,691,111,2,107,7.2,20.3,149,30.2,28.6,0.2,3.8,2067.6,0,16.83,2.0,12.1,13.4,8.2,8.4,11.2,14.8,14.6,14.4,36.2,39.0,15,29,13.5,18.2,35,32,25,0,0,0,6,6,4,0,26,20,9,27,22,25,29,29,28,45.03,45.04,44.43,40,320,3.2,0,0,0
7.26,170,0.24,0.25,0.25,10.5,11.1,10.5,0,0.0,-0.03,0.0,209.8,3.8,275,1,1,390,689,88,2,87,7.1,16.1,116,29.8,28.7,0.5,3.6,1851.6,0,16.51,2.0,12.0,13.4,8.1,8.4,11.3,15.0,14.7,14.4,36.3,39.0,15,29,13.4,18.2,35,32,25,0,0,0,6,6,4,0,26,20,9,27,23,25,29,29,28,45.02,45.04,44.43,40,320,3.1,0,0,0
7.42,262,0.24,0.25,0.25,10.6,11.0,11.1,0,5.0,0.03,0.25,209.3,4.5,268,1,1,388,690,104,1,104,7.2,19.1,141,29.1,29.7,0.5,3.7,2067.6,0,16.83,2.0,12.1,13.5,8.3,8.4,11.3,14.9,14.6,14.4,36.2,38.9,15,29,13.5,18.1,35,32,25,0,0,0,6,6,4,0,26,19,9,26,22,25,29,29,28,45.03,45.05,44.43,41,320,3.1,0,0,0
7.42,310,0.24,0.25,0.25,11.1,10.4,10.8,0,12.5,-0.02,-0.05,209.6,3.3,272,1,1,388,687,114,-2,121,7.4,20.6,149,30.4,29.0,0.6,3.8,1946.7,0,16.65,2.0,12.0,13.4,8.1,8.4,11.2,14.9,14.6,14.4,36.2,39.0,14,29,13.5,18.2,35,32,25,0,0,0,6,6,4,0,26,20,9,27,22,25,29,29,28,45.02,45.04,44.43,42,330,3.2,0,0,0
7.48,48,0.24,0.25,0.25,10.6,10.5,10.9,0,10.5,0.01,0.17,209.7,4.2,269,1,1,395,689,117,1,113,7.2,21.5,155,31.9,30.5,0.6,3.8,2067.6,0,16.83,2.0,12.0,13.3,8.1,8.3,11.2,14.7,14.7,14.4,36.3,39.0,14,29,13.4,18.2,36,34,25,0,0,0,6,6,4,0,26,21,9,27,22,25,29,29,28,45.02,45.04,44.43,42,330,3.2,0,0,0
7.31,300,0.24,0.25,0.25,11.2,10.4,10.4,0,14.5,-0.07,0.05,209.8,2.7,269,1,1,386,689,81,1,76,7.0,15.8,107,31.7,30.2,0.7,3.8,1323.7,0,15.69,2.0,12.1,13.3,8.1,8.3,11.1,14.6,14.6,14.4,36.3,39.0,15,29,13.5,18.2,36,32,25,0,0,0,6,6,4,0,26,21,9,26,22,25,29,29,28,45.02,45.05,44.43,41,330,3.2,0,0,0
7.43,46,0.24,0.25,0.25,10.5,10.8,11.2,0,16.9,0.03,0.06,209.3,4.9,270,1,1,392,689,112,0,113,7.2,20.6,147,30.8,31.7,0.6,3.8,2067.6,0,16.83,2.0,12.1,13.5,8.3,8.4,11.3,14.9,14.5,14.4,36.2,38.9,14,29,13.5,18.1,36,34,25,0,0,0,6,6,4,0,26,19,9,27,23,25,29,29,28,45.02,45.05,44.43,40,320,3.2,0,0,0
7.28,112,0.24,0.25,0.25,10.9,10.6,10.5,0,23.2,0.03,0.05,209.8,3.2,265,1,1,387,689,57,1,58,7.2,11.2,79,32.6,30.9,0.7,3.9,907.4,0,14.09,2.0,12.0,13.4,8.1,8.3,11.1,14.8,14.6,14.4,36.3,39.1,15,29,13.4,18.3,37,33,25,0,0,0,6,6,4,0,26,21,9,27,23,25,29,29,28,45.02,45.05,44.42,41,320,3.1,0,0,0
7.22,150,0.24,0.25,0.25,11.1,10.6,10.6,0,27.1,0.05,0.1,209.8,2.4,267,1,1,380,689,58,0,58,7.0,11.6,79,32.1,30.8,0.7,3.9,907.4,0,14.09,2.0,12.0,13.3,8.1,8.3,11.1,14.7,14.6,14.4,36.3,39.0,14,29,13.4,18.3,37,33,25,0,0,0,6,6,4,0,26,21,9,26,23,25,29,29,28,45.02,45.05,44.43,41,310,3.2,0,0,0
7.22,116,0.24,0.25,0.25,10.9,10.4,10.9,0,18.0,0.0,0.03,209.7,2.7,274,1,1,382,690,55,4,61,7.0,10.6,77,32.1,31.0,0.7,3.8,1607.0,0,16.14,2.0,12.0,13.4,8.1,8.3,11.1,14.8,14.6,14.4,36.3,39.0,15,29,13.3,18.2,37,33,25,0,0,0,6,6,4,0,26,21,9,27,22,25,29,29,28,45.02,45.04,44.42,41,330,3.2,0,0,0
8.58,58,0.24,0.25,0.25,10.6,11.1,10.6,0,15.3,0.07,0.05,209.2,4.2,265,1,1,414,689,201,1,204,8.4,32.3,228,32.4,31.1,0.7,3.9,2067.6,0,16.83,2.2,12.1,13.3,8.1,8.4,11.1,14.9,14.4,14.3,36.1,38.8,14,29,13.5,18.0,37,36,25,0,0,0,6,6,4,0,26,19,9,26,23,25,29,29,28,45.02,45.05,44.42,40,320,3.1,0,0,0
8.75,88,0.24,0.25,0.25,10.8,10.6,11.4,0,-12.6,0.03,0.09,209.3,5.6,276,1,1,424,690,211,0,210,8.5,31.7,236,32.9,31.7,0.7,3.9,2067.6,0,16.83,2.2,12.0,13.5,8.2,8.4,11.2,14.9,14.3,14.3,36.2,39.0,15,29,13.5,18.1,37,36,25,0,0,0,6,6,4,0,26,19,9,26,22,25,29,29,28,45.02,45.05,44.43,40,320,3.2,0,0,0
7.22,90,0.24,0.25,0.25,10.6,10.8,11.2,0,6.6,0.03,0.1,210.0,2.1,272,1,1,382,688,53,1,56,7.0,10.7,74,31.2,29.9,0.7,3.8,1747.2,0,16.35,2.0,12.0,13.5,8.1,8.3,11.2,15.0,14.8,14.4,36.3,39.0,15,29,13.5,18.2,36,33,25,0,0,0,6,6,4,0,26,21,9,27,22,25,29,29,28,45.02,45.05,44.43,41,320,3.2,0,0,0
7.43,178,0.24,0.25,0.25,10.6,10.5,11.0,0,-7.5,0.03,-0.1,210.2,4.4,290,1,1,388,690,110,-1,107,7.4,20.0,149,29.7,28.7,0.2,3.4,2067.6,0,16.83,2.0,12.0,13.5,8.2,8.4,11.3,15.1,14.7,14.4,36.2,39.0,15,29,13.4,18.2,35,32,25,0,0,0,6,6,4,0,26,20,9,27,22,25,29,29,28,45.02,45.04,44.43,42,330,3.2,0,0,0
8.59,50,0.24,0.25,0.25,11.3,10.5,10.5,0,0.1,-0.03,0.08,209.3,4.1,275,1,1,420,689,205,-1,198,8.6,32.6,232,33.0,31.7,0.7,3.9,2067.6,0,16.83,2.1,12.0,13.5,8.2,8.4,11.2,14.9,14.6,14.3,36.2,38.9,14,29,13.5,18.1,38,36,25,0,0,0,6,6,4,0,26,19,9,26,22,25,29,29,28,45.02,45.05,44.43,40,320,3.1,0,0,0
7.32,70,0.24,0.25,0.25,10.5,11.1,10.6,0,-11.0,-0.06,-0.13,210.1,4.8,290,1,1,387,690,100,1,99,7.1,18.9,129,29.8,28.8,0.2,3.4,2067.6,0,16.83,2.0,12.0,13.5,8.2,8.4,11.3,15.1,14.7,14.4,36.2,38.9,15,29,13.4,18.2,35,32,25,0,0,0,6,6,4,0,26,20,9,27,22,25,29,29,28,45.02,45.04,44.43,41,320,3.2,0,0,0
8.76,88,0.24,0.25,0.25,10.6,10.9,10.5,0,1.5,-0.06,0.1,209.1,4.6,272,1,1,424,689,213,0,217,8.6,31.9,238,32.9,31.7,0.7,3.9,2067.6,0,16.83,2.2,12.0,13.4,8.2,8.4,11.3,14.9,14.5,14.3,36.2,38.9,14,29,13.5,18.1,37,36,25,0,0,0,6,6,4,0,26,19,9,27,22,25,29,29,28,45.02,45.04,44.43,40,320,3.1,0,0,0
7.39,34,0.24,0.25,0.25,10.6,11.1,10.5,0,-11.2,0.03,0.25,210.0,5.2,290,1,1,390,690,108,-2,115,7.2,20.8,141,30.1,28.6,0.2,3.4,2067.6,0,16.83,2.0,12.0,13.5,8.2,8.4,11.3,15.0,14.7,14.4,36.2,38.9,14,29,13.4,18.2,35,32,25,0,0,0,6,6,4,0,26,20,9,27,23,25,29,29,28,45.02,45.05,44.43,41,320,3.2,0,0,0
7.38,270,0.24,0.25,0.25,10.5,10.8,11.3,0,5.3,0.07,0.17,209.8,3.6,272,1,1,384,688,84,-1,79,7.4,16.4,110,30.9,29.6,0.6,3.8,2067.6,0,16.83,2.0,12.0,13.4,8.1,8.3,11.2,14.8,14.7,14.4,36.3,39.0,14,29,13.5,18.2,36,33,25,0,0,0,6,6,4,0,26,20,9,27,22,25,29,29,28,45.02,45.04,44.43,41,330,3.2,0,0,0
7.42,22,0.24,0.25,0.25,10.5,10.6,11.4,0,4.8,0.17,0.18,209.6,3.4,275,1,1,383,688,102,1,102,7.3,18.4,137,30.3,29.2,0.6,3.8,1723.4,0,16.31,2.0,12.0,13.4,8.1,8.3,11.2,14.8,14.7,14.4,36.3,38.9,15,29,13.5,18.2,35,32,25,0,0,0,6,6,4,0,26,20,9,26,23,25,29,29,28,45.02,45.05,44.43,40,310,3.1,0,0,0
7.43,84,0.24,0.25,0.25,11.3,10.6,10.5,0,-1.1,-0.02,0.08,209.1,3.4,275,1,1,390,688,108,0,109,7.3,20.3,144,33.0,31.9,0.7,3.8,2067.6,0,16.83,2.0,12.1,13.5,8.2,8.4,11.3,14.9,14.4,14.3,36.2,38.8,15,29,13.5,18.1,38,36,25,0,0,0,6,6,4,0,26,19,9,26,23,25,29,29,28,45.02,45.05,44.43,41,320,3.2,0,0,0
7.38,210,0.24,0.25,0.25,11.1,10.6,10.5,0,8.8,0.11,0.32,209.8,3.6,274,1,1,388,689,90,0,91,7.1,17.7,119,29.9,28.7,0.8,4.0,1359.8,0,15.75,2.0,12.1,13.4,8.1,8.4,11.3,14.8,14.6,14.4,36.2,38.9,14,29,13.5,18.2,35,31,25,0,0,0,6,6,4,0,26,20,9,26,23,25,29,29,28,45.02,45.05,44.43,41,320,3.2,0,0,0
7.32,350,0.24,0.25,0.25,10.9,10.6,10.5,0,2.9,0.04,0.19,210.0,3.6,275,1,1,386,688,85,-2,89,7.3,15.8,116,30.2,28.7,0.6,3.8,1815.4,0,16.45,2.0,12.0,13.5,8.1,8.4,11.3,15.1,14.7,14.4,36.2,39.0,14,29,13.5,18.2,35,32,25,0,0,0,6,6,4,0,26,20,9,27,22,25,29,29,28,45.02,45.05,44.43,41,330,3.1,0,0,0
7.38,132,0.24,0.25,0.25,10.6,10.7,10.6,0,11.8,0.05,0.1,209.6,3.6,273,1,1,395,689,104,-1,111,7.2,20.0,138,30.5,29.5,0.5,3.7,1946.7,0,16.65,2.0,12.0,13.4,8.1,8.4,11.2,14.9,14.5,14.4,36.2,39.0,15,29,13.5,18.2,35,32,25,0,0,0,6,6,4,0,26,20,9,26,22,25,29,29,28,45.02,45.05,44.43,40,320,3.1,0,0,0
7.32,200,0.24,0.25,0.25,10.5,11.1,10.5,0,5.5,-0.07,0.03,209.8,3.9,272,1,1,388,689,97,1,95,7.1,18.2,124,30.5,29.7,0.6,3.8,2067.6,0,16.83,2.0,12.0,13.4,8.1,8.3,11.2,14.8,14.7,14.4,36.3,39.0,15,29,13.5,18.2,36,33,25,0,0,0,6,6,4,0,26,20,9,26,23,25,29,29,28,45.02,45.04,44.43,40,310,3.2,0,0,0
7.32,336,0.24,0.25,0.25,11.1,10.6,10.5,0,17.5,0.21,0.28,209.9,2.9,268,1,1,390,689,87,-2,87,7.4,16.6,118,31.7,30.1,0.7,3.8,1323.7,0,15.69,2.0,12.1,13.3,8.1,8.3,11.1,14.6,14.6,14.4,36.3,38.9,15,29,13.5,18.2,36,33,25,0,0,0,6,6,4,0,26,21,9,27,22,25,29,29,28,45.02,45.05,44.43,41,330,3.2,0,0,0
7.42,10,0.24,0.25,0.25,10.5,11.1,10.6,0,13.5,-0.02,0.11,209.1,5.1,271,1,1,392,689,113,0,116,7.3,20.3,148,31.0,31.4,0.6,3.8,2067.6,0,16.83,2.0,12.1,13.5,8.3,8.4,11.3,14.9,14.5,14.4,36.2,38.9,15,29,13.5,18.1,36,34,25,0,0,0,6,6,4,0,26,19,9,27,23,25,29,29,28,45.02,45.05,44.43,40,320,3.2,0,0,0
7.43,274,0.24,0.25,0.25,11.3,10.5,10.5,0,5.4,0.1,-0.02,209.6,3.5,272,1,1,392,689,111,-2,116,7.2,21.6,146,30.7,29.5,0.7,3.9,2067.6,0,16.83,2.0,12.1,13.3,8.1,8.3,11.2,14.6,14.6,14.4,36.3,38.9,15,29,13.5,18.2,35,33,25,0,0,0,6,6,4,0,26,20,9,27,23,25,29,29,28,45.02,45.04,44.43,40,310,3.1,0,0,0
7.31,348,0.24,0.25,0.25,10.5,11.0,10.5,0,1.1,0.12,-0.01,209.8,3.4,275,1,1,383,688,86,-1,84,7.2,16.1,115,30.5,29.0,0.7,3.9,1723.4,0,16.31,2.0,12.0,13.4,8.1,8.4,11.2,14.9,14.7,14.4,36.2,39.0,14,29,13.5,18.2,35,32,25,0,0,0,6,6,4,0,26,20,9,26,23,25,29,29,28,45.02,45.04,44.43,40,310,3.1,0,0,0
7.18,304,0.24,0.25,0.25,10.5,10.9,10.4,0,-1.1,0.09,0.11,209.6,1.7,273,1,1,380,688,57,-1,55,7.0,11.7,80,31.2,29.9,0.6,3.8,1284.6,0,15.63,2.0,12.0,13.4,8.1,8.3,11.2,14.9,14.6,14.4,36.3,38.9,15,29,13.5,18.2,36,33,25,0,0,0,6,6,4,0,26,21,9,27,22,25,29,29,28,45.02,45.04,44.43,41,320,3.1,0,0,0
7.43,342,0.24,0.25,0.25,10.5,11.0,10.5,0,1.3,0.08,0.16,209.7,4.0,273,1,1,391,688,113,0,122,7.4,22.2,152,31.0,29.8,0.6,3.8,2067.6,0,16.83,2.0,12.0,13.4,8.1,8.3,11.2,14.9,14.6,14.4,36.3,39.0,14,29,13.5,18.2,36,33,25,0,0,0,6,6,4,0,26,20,9,27,23,25,29,29,28,45.02,45.05,44.42,41,320,3.1,0,0,0
7.32,328,0.24,0.25,0.25,10.8,10.5,11.0,0,-24.8,0.14,0.11,209.4,3.4,285,1,1,384,689,86,1,86,7.1,15.9,118,27.8,26.7,0.4,4.0,1747.2,0,16.35,2.0,12.1,13.5,8.2,8.4,11.3,14.9,14.4,14.4,36.2,39.0,14,29,13.5,18.1,33,30,25,0,0,0,6,6,4,0,26,19,9,27,22,25,29,29,28,45.03,45.05,44.42,40,330,3.2,0,0,0
7.23,198,0.24,0.25,0.25,11.2,10.5,10.5,0,8.5,0.07,0.1,209.6,2.0,271,1,1,380,688,66,-1,64,6.9,12.0,89,31.4,30.2,0.6,3.8,1747.2,0,16.35,2.0,12.0,13.5,8.1,8.3,11.2,14.9,14.8,14.4,36.3,39.0,15,29,13.5,18.2,36,33,25,0,0,0,6,6,4,0,26,21,9,26,22,25,29,29,28,45.03,45.05,44.43,40,330,3.1,0,0,0
7.11,300,0.24,0.25,0.25,10.5,10.7,11.2,0,16.4,-0.07,0.08,209.8,2.5,268,1,1,379,688,45,1,49,7.2,8.8,67,31.3,30.1,0.6,3.8,1154.8,0,15.27,2.0,12.1,13.3,8.1,8.3,11.2,14.9,14.7,14.4,36.3,38.9,15,29,13.5,18.2,36,32,25,0,0,0,6,6,4,0,26,21,9,26,22,25,29,29,28,45.02,45.04,44.43,40,320,3.2,0,0,0
7.48,108,0.24,0.25,0.25,11.2,10.5,10.7,0,-7.7,0.09,0.03,25.3,4.4,290,1,1,398,690,117,1,110,7.3,22.1,159,29.5,28.0,0.3,3.9,1500.0,0,15.98,2.0,12.0,13.5,8.2,8.4,11.3,14.9,14.7,14.4,36.2,38.9,15,29,13.5,18.1,34,31,25,0,0,0,6,6,4,2,26,20,9,26,22,25,29,29,28,45.02,45.05,44.42,41,320,3.1,0,0,0
8.72,270,0.24,0.25,0.25,10.6,10.7,11.3,0,8.9,0.13,0.1,209.4,4.3,266,1,1,422,689,210,0,213,8.6,32.7,236,32.9,31.4,0.7,3.9,2067.6,0,16.83,2.2,12.1,13.4,8.2,8.4,11.2,14.7,14.4,14.4,36.1,39.0,15,29,13.5,18.1,37,36,25,0,0,0,6,6,4,0,26,19,9,26,22,25,29,29,28,45.03,45.04,44.43,42,320,3.1,0,0,0
7.43,336,0.24,0.25,0.25,10.6,10.9,11.1,0,12.5,0.23,0.18,209.6,4.2,269,1,1,391,689,115,1,114,7.2,20.6,152,31.9,30.4,0.6,3.8,2067.6,0,16.83,2.0,12.0,13.4,8.1,8.3,11.2,14.7,14.7,14.4,36.3,39.1,15,29,13.4,18.2,36,33,25,0,0,0,6,6,4,0,26,21,9,27,23,25,29,29,28,45.02,45.05,44.43,42,320,3.1,0,0,0
7.43,286,0.24,0.25,0.25,11.0,10.6,10.5,0,-0.4,0.1,-0.02,210.1,4.4,288,1,1,394,690,113,-2,107,7.1,21.2,149,29.7,28.8,0.2,3.4,2067.6,0,16.83,2.0,12.1,13.5,8.1,8.4,11.2,15.0,14.8,14.4,36.3,38.9,15,29,13.4,18.2,35,32,25,0,0,0,6,6,4,0,26,20,9,26,22,25,29,29,28,45.02,45.05,44.43,41,330,3.1,0,0,0
7.43,236,0.24,0.25,0.25,11.2,10.5,10.5,0,6.5,0.11,0.08,209.6,3.9,272,1,1,393,689,127,2,131,7.2,23.8,164,30.6,29.6,0.7,3.8,2067.6,0,16.83,2.0,12.0,13.4,8.1,8.3,11.2,14.7,14.6,14.4,36.3,38.9,14,29,13.5,18.2,36,33,25,0,0,0,6,6,4,0,26,20,9,26,23,25,29,29,28,45.02,45.05,44.43,40,320,3.1,0,0,0
7.42,252,0.24,0.25,0.25,10.5,11.1,10.5,0,-9.3,0.05,-0.03,25.8,3.5,291,1,1,395,690,123,1,123,7.2,23.0,160,29.7,28.1,0.3,3.9,1500.0,0,15.98,2.0,12.0,13.5,8.2,8.4,11.3,14.9,14.6,14.4,36.2,38.9,15,29,13.5,18.1,34,31,25,0,0,0,6,6,4,2,26,20,9,27,23,25,29,29,28,45.02,45.05,44.43,40,320,3.2,0,0,0
7.33,54,0.24,0.25,0.25,11.1,10.5,10.5,0,4.0,-0.07,0.03,209.7,3.4,273,1,1,386,688,85,0,80,7.1,16.5,112,31.0,29.8,0.6,3.8,2067.6,0,16.83,2.0,12.0,13.4,8.1,8.3,11.2,14.8,14.9,14.4,36.3,39.0,14,29,13.5,18.2,36,33,25,0,0,0,6,6,4,0,26,20,9,27,22,25,29,29,28,45.02,45.05,44.43,40,330,3.1,0,0,0
7.17,124,0.24,0.25,0.25,11.1,10.4,10.7,0,10.1,-0.04,0.01,209.8,2.9,272,1,1,384,688,52,1,49,7.1,10.9,75,31.3,30.3,0.6,3.8,1284.6,0,15.63,2.0,12.1,13.4,8.1,8.3,11.1,14.9,14.5,14.4,36.3,39.0,15,29,13.5,18.2,36,33,25,0,0,0,6,6,4,0,26,21,9,26,23,25,29,29,28,45.02,45.05,44.43,41,310,3.2,0,0,0
7.43,36,0.24,0.25,0.25,11.3,10.6,10.5,0,-9.2,0.03,-0.02,210.7,4.6,290,1,1,393,691,113,0,108,7.1,21.8,151,30.0,28.5,0.2,3.8,2067.6,0,16.83,2.0,12.1,13.4,8.2,8.4,11.3,14.8,14.6,14.4,36.2,39.0,14,29,13.5,18.2,35,32,25,0,0,0,6,6,4,0,26,20,9,27,22,25,29,29,28,45.03,45.05,44.43,41,320,3.2,0,0,0
7.42,262,0.24,0.25,0.25,10.5,10.8,10.9,0,4.1,0.03,0.24,209.8,3.9,270,1,1,387,688,109,-1,114,7.5,19.7,145,31.4,30.3,0.7,3.8,2067.6,0,16.83,2.0,12.0,13.4,8.1,8.3,11.2,14.8,14.7,14.4,36.3,39.0,14,29,13.4,18.2,36,34,25,0,0,0,6,6,4,0,26,21,9,27,23,25,29,29,28,45.02,45.04,44.43,40,330,3.2,0,0,0
8.76,52,0.24,0.25,0.25,10.6,11.1,11.0,0,-12.3,0.07,0.14,209.3,5.5,276,1,1,420,689,207,2,206,8.5,32.9,234,32.7,31.5,0.7,3.9,2067.6,0,16.83,2.2,12.0,13.5,8.2,8.4,11.2,14.9,14.4,14.3,36.2,38.9,15,29,13.5,18.1,37,36,25,0,0,0,6,6,4,0,26,19,9,26,22,25,29,29,28,45.03,45.05,44.43,40,330,3.2,0,0,0
8.75,270,0.24,0.25,0.25,10.6,10.9,10.9,0,-3.8,0.1,0.1,209.4,4.2,272,1,1,422,690,207,1,212,8.5,31.6,235,32.7,31.4,0.7,3.9,2067.6,0,16.83,2.2,12.1,13.4,8.2,8.4,11.2,14.7,14.4,14.3,36.2,38.9,14,29,13.5,18.1,37,36,25,0,0,0,6,6,4,0,26,19,9,26,22,25,29,29,28,45.02,45.05,44.43,41,320,3.1,0,0,0
7.43,336,0.24,0.25,0.25,10.6,10.6,11.3,0,-4.1,0.03,0.1,209.4,3.3,276,1,1,393,689,131,2,135,7.2,23.7,174,33.3,31.9,0.7,3.9,2067.6,0,16.83,2.0,12.1,13.5,8.2,8.4,11.3,14.8,14.4,14.3,36.2,38.9,15,29,13.5,18.1,38,36,25,0,0,0,6,6,4,0,26,19,9,26,22,25,29,29,28,45.02,45.05,44.42,42,320,3.1,0,0,0
7.4,312,0.24,0.25,0.25,10.5,11.1,10.6,0,1.7,-0.02,-0.03,209.9,3.6,276,1,1,389,688,97,1,93,7.2,19.4,130,30.6,29.3,0.6,3.8,1723.4,0,16.31,2.0,12.1,13.4,8.1,8.4,11.2,14.9,14.7,14.4,36.2,39.0,15,29,13.5,18.2,35,32,25,0,0,0,6,6,4,0,26,20,9,26,22,25,29,29,28,45.02,45.05,44.43,41,320,3.2,0,0,0
7.22,210,0.24,0.25,0.25,10.5,10.6,11.3,0,6.9,0.13,0.29,209.8,2.3,275,1,1,385,689,57,0,55,7.2,11.2,80,29.7,28.2,0.3,3.5,1359.8,0,15.75,2.0,12.1,13.4,8.1,8.4,11.2,14.8,14.7,14.4,36.2,39.1,15,29,13.5,18.2,35,31,25,0,0,0,6,6,4,0,26,20,9,27,22,25,29,29,28,45.02,45.05,44.43,41,330,3.1,0,0,0
8.8,90,0.24,0.25,0.25,10.9,10.5,11.0,0,0.7,0.12,0.1,209.4,3.4,270,1,1,425,690,214,2,222,8.6,32.3,239,32.5,31.4,0.7,3.9,2067.6,0,16.83,2.2,12.1,13.4,8.1,8.4,11.2,14.8,14.4,14.3,36.1,38.9,14,29,13.5,18.1,37,36,25,0,0,0,6,6,4,0,26,19,9,26,22,25,29,29,28,45.02,45.05,44.43,40,320,3.1,0,0,0
7.23,330,0.24,0.25,0.25,10.6,10.8,11.3,0,-12.3,0.04,0.1,209.4,3.1,279,1,1,384,689,71,1,68,7.1,13.1,96,27.5,26.7,0.4,3.9,1747.2,0,16.35,2.0,12.1,13.5,8.2,8.4,11.2,15.0,14.5,14.4,36.2,38.9,14,29,13.5,18.1,33,30,25,0,0,0,6,6,4,0,26,19,9,27,22,25,29,29,28,45.02,45.05,44.43,39,320,3.2,0,0,0
7.28,110,0.24,0.25,0.25,10.5,10.9,10.5,0,-18.3,-0.17,0.09,209.1,3.6,285,1,1,391,690,84,-1,86,7.2,16.2,115,28.2,26.9,0.4,4.0,1747.2,0,16.35,2.0,12.1,13.5,8.2,8.4,11.3,14.9,14.5,14.4,36.2,38.8,15,29,13.5,18.1,34,30,25,0,0,0,6,6,4,0,26,19,9,27,22,25,29,29,28,45.02,45.05,44.43,41,330,3.2,0,0,0
7.42,172,0.24,0.25,0.25,10.9,10.6,10.5,0,4.9,0.1,0.23,209.7,3.4,274,1,1,386,689,87,0,92,7.1,16.3,116,29.8,28.9,0.6,3.7,1851.6,0,16.51,2.0,12.0,13.5,8.1,8.4,11.3,14.9,14.7,14.4,36.2,39.0,14,29,13.5,18.2,35,31,25,0,0,0,6,6,4,0,26,20,9,27,22,25,29,29,28,45.02,45.05,44.43,41,330,3.2,0,0,0
7.38,184,0.24,0.25,0.25,11.1,10.5,10.6,0,-12.1,-0.08,0.12,209.2,3.9,276,1,1,393,689,107,1,103,7.1,20.1,141,27.4,27.8,0.5,3.7,2067.6,0,16.83,2.0,12.1,13.5,8.2,8.4,11.2,14.8,14.6,14.4,36.2,38.9,15,29,13.5,18.1,33,31,25,0,0,0,6,6,4,0,26,19,9,26,22,25,29,29,28,45.02,45.05,44.43,40,330,3.2,0,0,0
7.18,232,0.24,0.25,0.25,10.6,10.7,10.5,0,22.4,-0.07,0.0,209.7,2.8,270,1,1,380,688,42,2,37,6.9,8.5,62,31.1,30.2,0.6,3.8,1284.6,0,15.63,2.0,12.1,13.3,8.1,8.3,11.1,14.8,14.5,14.4,36.3,39.0,15,29,13.5,18.2,36,33,25,0,0,0,6,6,4,0,26,21,9,26,22,25,29,29,28,45.02,45.04,44.43,40,320,3.2,0,0,0
7.32,62,0.24,0.25,0.25,11.3,10.5,10.4,0,0.0,-0.04,-0.1,210.0,3.6,275,1,1,385,690,86,1,83,7.3,16.4,115,29.9,28.7,0.5,3.7,1851.6,0,16.51,2.0,12.0,13.5,8.1,8.4,11.3,15.1,14.7,14.4,36.3,39.0,15,29,13.4,18.2,35,32,25,0,0,0,6,6,4,0,26,20,9,26,23,25,29,29,28,45.02,45.04,44.43,41,310,3.1,0,0,0
7.3,162,0.24,0.25,0.25,10.5,11.1,10.6,0,4.7,-0.07,0.03,209.8,3.1,273,1,1,380,688,79,0,74,7.1,14.9,103,31.0,29.9,0.6,3.8,2067.6,0,16.83,2.0,12.0,13.4,8.1,8.3,11.2,14.8,14.9,14.4,36.3,39.0,14,29,13.5,18.2,36,33,25,0,0,0,6,6,4,0,26,20,9,27,22,25,29,29,28,45.02,45.04,44.43,42,320,3.1,0,0,0
7.27,278,0.24,0.25,0.25,10.6,10.6,11.3,0,0.8,0.02,0.03,209.9,2.8,275,1,1,387,689,78,-1,78,7.1,15.3,107,29.9,28.6,0.4,3.6,1815.4,0,16.45,2.0,12.0,13.4,8.1,8.4,11.3,14.9,14.7,14.4,36.3,39.0,14,29,13.5,18.2,35,32,25,0,0,0,6,6,4,0,26,20,9,27,22,25,29,29,28,45.02,45.05,44.43,40,330,3.2,0,0,0
7.16,48,0.24,0.25,0.25,11.1,10.5,10.4,0,16.7,-0.02,0.1,209.8,2.7,268,1,1,381,688,49,2,51,6.9,10.1,69,31.5,30.1,0.7,3.8,1154.8,0,15.27,2.0,12.0,13.4,8.1,8.3,11.2,14.9,14.7,14.4,36.3,39.0,15,29,13.5,18.2,36,32,25,0,0,0,6,6,4,0,26,21,9,26,22,25,29,29,28,45.02,45.04,44.43,40,330,3.1,0,0,0
7.23,222,0.24,0.25,0.25,10.8,10.6,10.5,0,24.9,0.0,0.02,209.8,2.5,272,1,1,382,689,53,2,49,7.0,10.4,75,32.1,30.7,0.7,3.8,1607.0,0,16.14,2.0,12.0,13.4,8.1,8.3,11.1,14.8,14.6,14.4,36.3,38.9,15,29,13.3,18.3,37,33,25,0,0,0,6,6,4,0,26,21,9,27,22,25,29,29,28,45.02,45.04,44.43,41,330,3.2,0,0,0
8.75,306,0.24,0.25,0.25,10.9,10.5,11.0,0,7.6,0.08,0.1,209.4,4.7,266,1,1,416,689,209,1,208,8.5,31.9,235,32.6,31.4,0.7,3.9,2067.6,0,16.83,2.2,12.0,13.4,8.2,8.4,11.2,14.7,14.4,14.4,36.1,39.0,14,29,13.5,18.1,37,36,25,0,0,0,6,6,4,0,26,19,9,26,23,25,29,29,28,45.03,45.04,44.43,41,320,3.2,0,0,0
7.34,96,0.24,0.25,0.25,10.5,10.6,11.3,0,3.3,0.09,-0.05,209.8,3.1,275,1,1,381,689,89,0,86,7.1,15.7,119,30.2,29.0,0.7,3.8,1723.4,0,16.31,2.0,12.0,13.4,8.1,8.4,11.2,14.9,14.6,14.4,36.2,39.0,15,29,13.5,18.2,35,32,25,0,0,0,6,6,4,0,26,20,9,27,22,25,29,29,28,45.02,45.05,44.43,41,330,3.2,0,0,0
7.44,224,0.24,0.25,0.25,10.5,10.7,11.3,0,2.1,0.1,0.1,209.1,4.2,269,1,1,391,690,115,0,118,7.2,20.5,150,28.5,28.8,0.5,3.7,2067.6,0,16.83,2.0,12.1,13.5,8.2,8.4,11.3,14.8,14.6,14.4,36.2,39.0,15,29,13.5,18.1,34,32,25,0,0,0,6,6,4,0,26,19,9,27,23,25,29,29,28,45.02,45.05,44.43,41,320,3.2,0,0,0
7.22,14,0.24,0.25,0.25,11.1,10.5,10.5,0,4.8,0.21,0.25,209.6,2.6,270,1,1,378,688,56,0,56,7.2,11.1,77,31.4,30.0,0.7,3.8,1154.8,0,15.27,2.0,12.1,13.3,8.1,8.3,11.1,14.9,14.7,14.4,36.3,39.0,15,29,13.5,18.2,36,32,25,0,0,0,6,6,4,0,26,21,9,26,22,25,29,29,28,45.02,45.04,44.42,40,320,3.2,0,0,0
7.22,158,0.24,0.25,0.25,11.0,10.6,10.5,0,12.5,0.03,0.08,209.8,2.4,269,1,1,380,688,38,1,31,7.0,8.0,55,31.1,30.1,0.6,3.8,1284.6,0,15.63,2.0,12.1,13.3,8.1,8.3,11.2,14.8,14.6,14.4,36.3,39.0,15,29,13.5,18.2,36,32,25,0,0,0,6,6,4,0,26,21,9,26,23,25,29,29,28,45.02,45.04,44.43,41,320,3.2,0,0,0
7.42,228,0.24,0.25,0.25,10.6,10.6,11.2,0,-0.6,0.01,0.08,209.3,4.0,275,1,1,392,688,114,1,112,7.2,20.6,150,32.6,31.9,0.6,3.8,2067.6,0,16.83,2.0,12.2,13.4,8.2,8.4,11.2,14.7,14.3,14.4,36.2,38.8,15,29,13.5,18.1,38,35,25,0,0,0,6,6,4,0,26,19,9,26,23,25,29,29,28,45.02,45.05,44.43,40,320,3.2,0,0,0
8.45,196,0.24,0.25,0.25,10.6,10.9,11.1,0,3.8,0.15,0.15,209.3,3.9,274,1,1,416,689,189,1,181,8.2,30.4,222,33.0,31.6,0.7,3.9,2067.6,0,16.83,2.0,12.1,13.5,8.2,8.4,11.2,15.0,14.6,14.3,36.2,38.8,15,29,13.5,18.1,38,36,25,0,0,0,6,6,4,0,26,19,9,27,22,25,29,29,28,45.02,45.05,44.43,42,320,3.1,0,0,0
7.43,36,0.24,0.25,0.25,10.5,10.7,11.3,0,-10.3,0.0,-0.08,25.2,3.4,290,1,1,394,691,110,0,109,7.2,20.0,146,29.5,27.9,0.3,3.9,1500.0,0,15.98,2.0,12.0,13.5,8.2,8.4,11.3,14.9,14.7,14.4,36.2,38.9,14,29,13.5,18.1,34,31,25,0,0,0,6,6,4,2,26,19,9,26,22,25,29,29,28,45.03,45.05,44.42,41,320,3.1,0,0,0
7.33,26,0.24,0.25,0.25,10.5,10.9,10.5,0,2.6,0.06,0.19,210.0,3.2,275,1,1,387,689,83,0,91,7.1,16.8,113,29.9,28.8,0.7,3.9,1815.4,0,16.45,2.0,12.0,13.5,8.1,8.4,11.3,15.1,14.7,14.4,36.3,39.0,15,29,13.5,18.2,35,32,25,0,0,0,6,6,4,0,26,20,9,26,22,25,29,29,28,45.02,45.05,44.42,41,330,3.2,0,0,0
7.11,340,0.24,0.25,0.25,10.5,11.1,10.6,0,-5.1,0.09,0.19,209.4,1.4,274,1,1,376,688,49,-1,40,7.0,10.4,61,31.3,30.0,0.6,3.8,1284.6,0,15.63,2.0,12.0,13.4,8.1,8.3,11.2,14.9,14.6,14.4,36.3,39.0,15,29,13.5,18.2,36,33,25,0,0,0,6,6,4,0,26,21,9,27,22,25,29,29,28,45.02,45.04,44.43,42,320,3.1,0,0,0
8.7,18,0.24,0.25,0.25,11.2,10.6,10.6,0,1.5,0.14,0.12,209.1,4.8,267,1,1,420,689,206,1,214,8.7,31.4,233,32.6,31.2,0.7,3.9,2067.6,0,16.83,2.2,12.0,13.4,8.2,8.4,11.2,14.8,14.4,14.4,36.1,39.0,14,29,13.5,18.1,37,36,25,0,0,0,6,6,4,0,26,19,9,26,23,25,29,29,28,45.03,45.05,44.43,40,320,3.2,0,0,0
7.42,324,0.24,0.25,0.25,11.1,10.5,10.8,0,-6.7,0.06,0.37,210.4,3.8,290,1,1,393,690,115,1,117,7.2,21.7,153,29.9,28.5,0.2,3.8,2067.6,0,16.83,2.0,12.1,13.4,8.2,8.4,11.2,14.8,14.6,14.4,36.2,39.0,15,29,13.5,18.1,35,32,25,0,0,0,6,6,4,0,26,20,9,27,22,25,29,29,28,45.03,45.04,44.43,39,320,3.2,0,0,0
7.26,220,0.24,0.25,0.25,10.5,11.1,10.7,0,-26.2,0.16,0.13,209.1,3.1,284,1,1,384,690,64,0,59,7.1,12.4,85,27.7,26.6,0.4,4.0,1747.2,0,16.35,2.0,12.1,13.5,8.2,8.4,11.2,14.9,14.5,14.4,36.2,38.9,15,29,13.5,18.1,33,30,25,0,0,0,6,6,4,0,26,19,9,27,23,25,29,29,28,45.03,45.05,44.43,40,320,3.1,0,0,0
7.54,344,0.24,0.25,0.25,10.8,10.6,10.5,0,5.9,-0.07,0.11,209.7,4.0,273,1,1,389,689,115,-1,120,7.2,21.5,152,30.6,29.3,0.7,3.9,2067.6,0,16.83,2.0,12.1,13.3,8.1,8.3,11.2,14.7,14.6,14.4,36.3,38.9,14,29,13.5,18.2,35,33,25,0,0,0,6,6,4,0,26,20,9,27,23,25,29,29,28,45.02,45.04,44.43,41,310,3.2,0,0,0
7.22,76,0.24,0.25,0.25,11.3,10.5,10.4,0,24.6,0.09,0.19,209.7,2.6,265,1,1,380,689,54,2,53,7.0,10.7,73,32.2,30.9,0.7,3.9,907.4,0,14.09,2.0,12.0,13.4,8.1,8.3,11.1,14.8,14.6,14.4,36.3,39.0,15,29,13.4,18.3,37,33,25,0,0,0,6,6,4,0,26,21,9,26,23,25,29,29,28,45.02,45.05,44.42,41,320,3.1,0,0,0
7.79,120,0.24,0.25,0.25,11.3,10.5,10.6,0,-2.1,0.06,0.11,209.1,3.8,275,1,1,400,688,150,0,145,7.6,25.6,189,33.1,31.8,0.7,3.9,2067.6,0,16.83,2.0,12.1,13.4,8.2,8.4,11.2,14.9,14.4,14.3,36.2,38.9,15,29,13.5,18.1,38,36,25,0,0,0,6,6,4,0,26,19,9,26,23,25,29,29,28,45.02,45.04,44.42,40,310,3.2,0,0,0
7.43,80,0.24,0.25,0.25,11.2,10.5,10.6,0,21.2,0.04,0.09,209.1,4.0,266,1,1,395,690,108,1,106,7.2,20.4,143,29.6,30.4,0.5,3.7,2067.6,0,16.83,2.0,12.1,13.5,8.2,8.4,11.3,14.9,14.5,14.4,36.2,39.0,15,29,13.5,18.1,35,33,25,0,0,0,6,6,4,0,26,19,9,26,22,25,29,29,28,45.02,45.04,44.43,40,320,3.2,0,0,0
7.48,10,0.24,0.25,0.25,10.5,11.0,10.6,0,5.0,0.05,0.24,209.6,4.0,270,1,1,394,689,115,1,123,7.5,22.4,150,31.6,30.2,0.6,3.8,1323.7,0,15.69,2.0,12.0,13.4,8.1,8.3,11.2,14.7,14.7,14.4,36.3,38.9,15,29,13.5,18.2,36,33,25,0,0,0,6,6,4,0,26,21,9,26,22,25,29,29,28,45.02,45.04,44.43,41,330,3.1,0,0,0
7.22,148,0.24,0.25,0.25,10.5,11.0,10.5,0,22.4,-0.02,0.1,209.8,3.1,265,1,1,385,689,62,1,57,7.1,11.9,85,32.3,31.0,0.7,3.9,907.4,0,14.09,2.0,12.0,13.4,8.1,8.3,11.1,14.8,14.6,14.4,36.3,39.1,15,29,13.4,18.3,37,33,25,0,0,0,6,6,4,0,26,21,9,27,23,25,29,29,28,45.02,45.05,44.42,41,320,3.1,0,0,0
7.43,226,0.24,0.25,0.25,11.3,10.5,10.5,0,11.0,0.15,0.15,209.1,3.5,273,1,1,391,688,107,0,101,7.3,21.1,142,31.6,32.0,0.6,3.8,2067.6,0,16.83,2.0,12.1,13.5,8.2,8.4,11.3,14.9,14.4,14.4,36.2,38.9,15,29,13.5,18.1,37,35,25,0,0,0,6,6,4,0,26,19,9,26,23,25,29,29,28,45.02,45.04,44.43,41,320,3.2,0,0,0
7.42,214,0.24,0.25,0.25,10.5,11.0,10.8,0,-4.2,0.03,0.26,210.7,4.1,290,1,1,395,690,120,-1,113,7.2,21.8,157,29.7,28.4,0.2,3.8,1807.2,0,16.44,2.0,12.1,13.5,8.2,8.4,11.2,14.8,14.7,14.4,36.2,38.9,14,29,13.5,18.1,34,32,25,0,0,0,6,6,4,0,26,20,9,26,23,25,29,29,28,45.03,45.05,44.42,40,320,3.1,0,0,0
8.76,232,0.24,0.25,0.25,10.9,10.5,11.1,0,-6.3,0.13,0.1,209.4,4.1,273,1,1,427,690,211,-1,214,8.5,32.4,236,32.8,31.4,0.7,3.9,2067.6,0,16.83,2.2,12.0,13.4,8.2,8.4,11.3,14.9,14.5,14.3,36.2,39.0,14,29,13.5,18.1,37,36,25,0,0,0,6,6,4,0,26,19,9,27,23,25,29,29,28,45.02,45.05,44.43,41,310,3.1,0,0,0
7.34,32,0.24,0.25,0.25,11.1,10.4,10.6,0,15.0,0.13,0.09,209.9,3.3,279,1,1,390,689,96,1,104,7.2,18.5,129,29.2,28.0,0.7,3.8,2067.6,0,16.83,2.0,12.1,13.5,8.1,8.4,11.2,15.0,14.6,14.4,36.2,38.9,15,29,13.5,18.2,34,31,25,0,0,0,6,6,4,0,26,20,9,26,22,25,29,29,28,45.02,45.05,44.43,41,330,3.1,0,0,0
8.76,232,0.24,0.25,0.25,11.1,10.6,10.6,0,-7.0,0.15,0.09,209.2,4.6,270,1,1,424,689,215,-1,212,8.6,32.6,239,32.6,31.1,0.7,3.9,2067.6,0,16.83,2.2,12.1,13.4,8.2,8.4,11.2,14.8,14.5,14.3,36.1,39.0,14,29,13.5,18.1,37,36,25,0,0,0,6,6,4,0,26,19,9,27,22,25,29,29,28,45.02,45.05,44.43,41,330,3.1,0,0,0
7.84,50,0.24,0.25,0.25,10.6,10.7,11.4,0,-3.7,0.03,0.1,209.3,4.2,275,1,1,403,689,153,-2,148,7.7,27.2,192,33.2,32.0,0.7,3.9,2067.6,0,16.83,2.0,12.1,13.5,8.2,8.4,11.2,14.9,14.4,14.3,36.2,39.0,15,29,13.5,18.1,38,36,25,0,0,0,6,6,4,0,26,19,9,27,23,25,29,29,28,45.02,45.04,44.43,40,320,3.2,0,0,0
7.28,258,0.24,0.25,0.25,11.2,10.5,10.5,0,-7.0,0.03,0.19,209.6,3.2,277,1,1,383,689,76,0,78,7.3,14.3,102,32.0,30.6,0.7,3.8,2067.6,0,16.83,2.0,12.0,13.4,8.1,8.3,11.2,15.0,14.7,14.4,36.3,39.0,15,29,13.3,18.2,37,34,25,0,0,0,6,6,4,0,26,21,9,26,22,25,29,29,28,45.02,45.05,44.42,42,310,3.2,0,0,0
7.32,254,0.24,0.25,0.25,10.6,10.5,11.1,0,-20.0,0.27,0.16,209.1,3.7,287,1,1,387,690,82,0,84,7.4,14.8,110,28.4,26.8,0.4,4.0,1738.9,0,16.34,2.0,12.1,13.5,8.2,8.4,11.3,14.9,14.6,14.4,36.2,38.9,14,29,13.5,18.1,34,30,25,0,0,0,6,6,4,0,26,19,9,26,23,25,29,29,28,45.02,45.04,44.42,42,320,3.1,0,0,0
7.21,124,0.24,0.25,0.25,10.6,10.8,10.5,0,14.4,-0.14,-0.03,209.6,3.1,268,1,1,382,688,55,2,63,7.2,11.3,77,31.4,30.1,0.7,3.8,1154.8,0,15.27,2.0,12.0,13.4,8.1,8.3,11.2,14.9,14.6,14.4,36.3,39.0,15,29,13.5,18.2,36,32,25,0,0,0,6,6,4,0,26,21,9,26,22,25,29,29,28,45.02,45.05,44.43,41,330,3.1,0,0,0
7.42,66,0.24,0.25,0.25,10.9,10.5,10.9,0,11.2,0.09,-0.05,209.9,3.2,282,1,1,397,691,112,1,107,7.4,19.6,151,29.1,28.3,1.0,4.1,2067.6,0,16.83,2.0,12.1,13.5,8.1,8.4,11.3,15.0,14.6,14.4,36.2,38.9,15,29,13.4,18.2,34,31,25,0,0,0,6,6,4,0,26,20,9,26,22,25,29,29,28,45.02,45.05,44.43,40,320,3.1,0,0,0
7.24,44,0.24,0.25,0.25,10.5,10.8,11.3,0,11.2,0.03,0.12,209.8,3.2,276,1,1,379,689,58,1,53,7.1,11.5,77,31.8,30.7,0.7,3.8,1607.0,0,16.14,2.0,12.0,13.4,8.1,8.3,11.1,14.8,14.7,14.4,36.3,39.0,15,29,13.3,18.2,37,33,25,0,0,0,6,6,4,0,26,21,9,27,22,25,29,29,28,45.02,45.04,44.42,41,320,3.1,0,0,0
8.14,194,0.24,0.25,0.25,11.3,10.5,10.7,0,1.1,-0.02,0.09,209.1,3.8,274,1,1,409,688,170,1,171,7.9,29.4,206,33.0,31.9,0.7,3.9,2067.6,0,16.83,2.0,12.1,13.5,8.2,8.4,11.2,15.0,14.4,14.3,36.2,39.0,15,29,13.5,18.1,38,36,25,0,0,0,6,6,4,0,26,19,9,27,22,25,29,29,28,45.02,45.04,44.43,40,330,3.1,0,0,0
7.38,238,0.24,0.25,0.25,10.5,11.1,10.6,0,9.4,0.06,0.05,209.8,3.4,274,1,1,389,688,102,-1,104,7.2,19.1,135,30.5,29.1,0.5,3.7,1946.7,0,16.65,2.0,12.0,13.4,8.1,8.4,11.2,14.9,14.8,14.4,36.2,39.0,14,29,13.5,18.2,35,32,25,0,0,0,6,6,4,0,26,20,9,26,22,25,29,29,28,45.02,45.05,44.43,41,330,3.2,0,0,0
7.37,276,0.24,0.25,0.25,10.5,11.0,10.5,0,0.2,0.17,0.24,209.8,3.2,276,1,1,391,688,109,2,107,7.1,20.2,147,30.2,29.2,0.6,3.8,1723.4,0,16.31,2.0,12.1,13.4,8.1,8.4,11.2,14.9,14.6,14.4,36.2,39.0,15,29,13.5,18.2,35,32,25,0,0,0,6,6,4,0,26,20,9,26,22,25,29,29,28,45.02,45.05,44.43,41,320,3.2,0,0,0
7.32,4,0.24,0.25,0.25,11.2,10.4,10.6,0,-21.5,-0.22,0.08,209.1,4.1,285,1,1,385,689,79,1,76,7.1,15.7,108,28.2,26.8,0.4,4.0,1747.2,0,16.35,2.0,12.1,13.5,8.2,8.4,11.3,14.9,14.4,14.4,36.2,39.0,15,29,13.5,18.1,33,30,25,0,0,0,6,6,4,0,26,19,9,26,22,25,29,29,28,45.03,45.05,44.42,40,330,3.2,0,0,0
7.21,318,0.24,0.25,0.25,11.2,10.5,10.5,0,3.8,0.13,0.29,209.9,2.2,276,1,1,384,689,56,0,59,7.2,12.1,78,29.8,28.4,0.4,3.6,1359.8,0,15.75,2.0,12.1,13.4,8.2,8.4,11.2,14.8,14.6,14.4,36.2,39.1,14,29,13.5,18.2,35,31,25,0,0,0,6,6,4,0,26,20,9,27,22,25,29,29,28,45.02,45.05,44.42,40,330,3.1,0,0,0
7.33,2,0.24,0.25,0.25,10.6,11.0,10.5,0,-19.5,-0.14,0.12,26.4,4.0,290,1,1,386,690,91,2,91,7.1,16.7,122,29.2,27.5,0.4,3.9,1500.0,0,15.98,2.0,12.1,13.4,8.2,8.4,11.2,14.8,14.5,14.4,36.2,38.9,15,29,13.5,18.1,34,31,25,0,0,0,6,6,4,2,26,19,9,27,23,25,29,29,28,45.02,45.05,44.43,41,320,3.1,0,0,0
7.42,144,0.24,0.25,0.25,10.5,11.1,10.7,0,-10.1,0.06,0.1,210.3,4.3,290,1,1,392,691,105,0,108,7.4,20.8,138,29.9,28.3,0.2,3.8,2067.6,0,16.83,2.0,12.0,13.5,8.2,8.4,11.3,14.8,14.6,14.4,36.2,38.9,15,29,13.5,18.1,35,32,25,0,0,0,6,6,4,0,26,20,9,26,22,25,29,29,28,45.02,45.05,44.43,40,330,3.2,0,0,0
7.43,120,0.24,0.25,0.25,10.6,11.1,10.5,0,-0.2,-0.01,0.1,209.3,3.7,275,1,1,393,689,117,0,112,7.5,21.0,151,33.1,31.9,0.6,3.8,2067.6,0,16.83,2.0,12.1,13.4,8.2,8.4,11.2,14.8,14.4,14.3,36.2,38.9,14,29,13.5,18.1,38,35,25,0,0,0,6,6,4,0,26,19,9,27,22,25,29,29,28,45.02,45.05,44.43,41,320,3.1,0,0,0
7.42,142,0.24,0.25,0.25,10.6,10.6,11.3,0,-9.8,-0.03,0.13,210.1,4.5,290,1,1,387,690,93,0,95,7.2,17.5,127,29.7,28.8,0.2,3.4,2067.6,0,16.83,2.0,12.0,13.5,8.2,8.4,11.3,15.1,14.7,14.4,36.3,39.0,14,29,13.4,18.2,35,32,25,0,0,0,6,6,4,0,26,20,9,27,22,25,29,29,28,45.02,45.04,44.43,42,330,3.2,0,0,0
7.32,284,0.24,0.25,0.25,10.6,10.5,11.3,0,14.9,0.0,0.16,209.8,2.4,276,1,1,386,690,63,1,63,7.1,12.6,89,29.4,28.0,0.4,3.6,2067.6,0,16.83,2.0,12.1,13.4,8.1,8.4,11.2,14.9,14.5,14.4,36.2,38.9,15,29,13.5,18.2,34,31,25,0,0,0,6,6,4,0,26,20,9,27,22,25,29,29,28,45.02,45.04,44.43,39,320,3.2,0,0,0
7.28,76,0.24,0.25,0.25,11.2,10.4,10.4,0,-19.6,0.05,0.1,209.3,3.4,281,1,1,381,689,75,1,73,7.1,15.0,101,27.7,26.8,0.4,4.0,1747.2,0,16.35,2.0,12.1,13.5,8.2,8.4,11.2,14.9,14.5,14.4,36.2,39.0,15,29,13.5,18.1,33,30,25,0,0,0,6,6,4,0,26,19,9,27,23,25,29,29,28,45.02,45.05,44.43,40,320,3.2,0,0,0
7.43,264,0.24,0.25,0.25,11.0,10.4,10.6,0,0.2,0.03,0.1,209.1,4.6,275,1,1,390,688,112,1,111,7.2,20.3,148,32.8,31.8,0.7,3.8,2067.6,0,16.83,2.0,12.2,13.4,8.2,8.4,11.2,14.7,14.3,14.4,36.2,38.8,15,29,13.5,18.1,38,35,25,0,0,0,6,6,4,0,26,19,9,26,23,25,29,29,28,45.02,45.05,44.43,40,310,3.2,0,0,0
7.18,196,0.24,0.25,0.25,11.0,10.6,10.6,0,18.9,0.06,0.13,209.6,2.9,271,1,1,379,688,41,1,32,7.0,8.3,58,31.3,30.1,0.6,3.8,1284.6,0,15.63,2.0,12.1,13.4,8.1,8.3,11.1,14.8,14.5,14.4,36.3,39.0,14,29,13.5,18.2,36,33,25,0,0,0,6,6,4,0,26,21,9,26,22,25,29,29,28,45.02,45.04,44.43,40,310,3.2,0,0,0
7.42,104,0.24,0.25,0.25,10.6,10.5,11.2,0,-1.2,-0.05,-0.05,209.9,4.4,287,1,1,385,691,103,-1,98,7.2,18.3,141,29.2,28.8,0.4,3.7,2067.6,0,16.83,2.0,12.1,13.4,8.1,8.4,11.2,14.9,14.7,14.4,36.3,38.9,14,29,13.4,18.2,34,31,25,0,0,0,6,6,4,0,26,20,9,27,23,25,29,29,28,45.02,45.05,44.42,39,310,3.2,0,0,0
7.19,294,0.24,0.25,0.25,10.5,11.1,10.5,0,29.3,0.06,0.11,209.6,2.6,270,1,1,377,689,38,2,36,7.0,8.6,53,32.1,30.7,0.7,3.9,1607.0,0,16.14,2.0,12.0,13.4,8.1,8.3,11.1,14.8,14.6,14.4,36.3,39.0,15,29,13.3,18.3,37,33,25,0,0,0,6,6,4,0,26,21,9,27,22,25,29,29,28,45.02,45.05,44.43,42,320,3.2,0,0,0
7.42,332,0.24,0.25,0.25,10.5,10.9,11.2,0,17.2,0.06,0.1,209.4,4.0,267,1,1,391,689,94,1,92,7.4,17.0,126,29.8,30.4,0.5,3.7,2067.6,0,16.83,2.0,12.1,13.5,8.3,8.4,11.3,14.9,14.5,14.4,36.2,38.9,15,29,13.5,18.1,35,33,25,0,0,0,6,6,4,0,26,19,9,26,23,25,29,29,28,45.02,45.04,44.43,40,320,3.2,0,0,0
7.26,124,0.24,0.25,0.25,10.5,10.9,10.9,0,8.5,-0.02,0.05,209.8,3.1,272,1,1,380,688,60,1,53,7.0,12.0,83,31.1,29.8,0.7,3.9,1747.2,0,16.35,2.0,12.0,13.4,8.1,8.3,11.2,14.8,14.6,14.4,36.3,39.0,15,29,13.5,18.2,36,33,25,0,0,0,6,6,4,0,26,21,9,27,22,25,29,29,28,45.02,45.05,44.43,40,330,3.2,0,0,0
7.33,74,0.24,0.25,0.25,10.6,10.9,11.2,0,-17.8,0.14,-0.03,25.0,4.0,290,1,1,388,690,89,2,97,7.2,16.4,118,29.4,27.7,0.3,3.9,1500.0,0,15.98,2.0,12.1,13.5,8.2,8.4,11.2,14.8,14.5,14.4,36.2,38.9,14,29,13.5,18.1,34,31,25,0,0,0,6,6,4,2,26,19,9,26,23,25,29,29,28,45.02,45.05,44.43,40,320,3.1,0,0,0
8.57,346,0.24,0.25,0.25,11.1,10.6,10.6,0,5.9,0.03,0.12,209.1,5.7,266,1,1,418,688,199,0,203,8.4,32.0,227,32.2,31.3,0.7,3.9,2067.6,0,16.83,2.2,12.0,13.4,8.1,8.4,11.2,14.9,14.4,14.3,36.1,38.8,15,29,13.5,18.0,37,36,25,0,0,0,6,6,4,0,26,19,9,26,22,25,29,29,28,45.02,45.05,44.43,41,320,3.2,0,0,0
7.32,134,0.24,0.25,0.25,10.6,10.8,10.6,0,2.5,0.03,0.09,209.4,3.5,275,1,1,390,689,86,-1,82,7.2,15.8,117,30.0,28.5,0.5,3.6,1851.6,0,16.51,2.0,12.0,13.4,8.1,8.4,11.3,15.1,14.7,14.4,36.3,39.0,15,29,13.4,18.2,35,32,25,0,0,0,6,6,4,0,26,20,9,26,23,25,29,29,28,45.02,45.04,44.43,40,310,3.1,0,0,0
7.22,184,0.24,0.25,0.25,10.5,11.1,10.5,0,-24.9,0.04,0.1,209.1,2.8,283,1,1,384,689,74,1,73,7.2,13.5,98,27.9,26.7,0.5,4.0,1747.2,0,16.35,2.0,12.1,13.5,8.2,8.4,11.2,14.9,14.5,14.4,36.2,38.8,14,29,13.5,18.1,33,30,25,0,0,0,6,6,4,0,26,19,9,27,23,25,29,29,28,45.02,45.05,44.43,40,320,3.1,0,0,0
7.28,294,0.24,0.25,0.25,10.6,11.0,10.9,0,-13.1,0.03,0.08,209.1,3.5,279,1,1,382,689,68,1,67,7.2,13.4,94,27.2,26.9,0.4,3.9,1747.2,0,16.35,2.0,12.1,13.5,8.2,8.4,11.2,15.0,14.5,14.4,36.2,38.9,15,29,13.5,18.1,33,30,25,0,0,0,6,6,4,0,26,19,9,27,22,25,29,29,28,45.02,45.05,44.43,40,330,3.2,0,0,0
8.04,266,0.24,0.25,0.25,10.9,10.7,10.6,0,1.4,0.03,0.12,209.1,3.8,274,1,1,402,688,166,1,161,7.8,28.7,201,33.0,31.7,0.7,3.9,2067.6,0,16.83,2.0,12.1,13.5,8.2,8.4,11.2,14.9,14.4,14.3,36.2,39.0,15,29,13.5,18.1,38,36,25,0,0,0,6,6,4,0,26,19,9,26,22,25,29,29,28,45.02,45.04,44.43,41,330,3.1,0,0,0
8.58,120,0.24,0.25,0.25,10.6,10.9,10.6,0,2.2,0.05,0.13,209.1,4.5,275,1,1,420,689,196,1,198,8.4,31.4,228,32.9,31.6,0.7,3.9,2067.6,0,16.83,2.1,12.0,13.5,8.2,8.4,11.2,14.9,14.6,14.3,36.2,38.9,14,29,13.5,18.1,38,36,25,0,0,0,6,6,4,0,26,19,9,27,22,25,29,29,28,45.02,45.05,44.43,40,330,3.1,0,0,0
7.33,236,0.24,0.25,0.25,10.5,11.0,10.8,0,5.6,0.08,0.16,209.8,3.6,272,1,1,388,689,87,1,78,7.1,16.8,116,31.0,29.5,0.6,3.8,2067.6,0,16.83,2.0,12.0,13.4,8.1,8.3,11.2,14.8,14.7,14.4,36.3,39.1,15,29,13.5,18.2,36,33,25,0,0,0,6,6,4,0,26,20,9,27,22,25,29,29,28,45.02,45.04,44.43,41,320,3.2,0,0,0
7.23,330,0.24,0.25,0.25,11.1,10.5,10.6,0,16.3,0.02,0.03,209.6,3.3,265,1,1,387,690,58,1,56,7.1,10.9,82,32.4,30.9,0.7,3.8,907.4,0,14.09,2.0,12.0,13.4,8.1,8.3,11.1,14.8,14.7,14.4,36.3,39.1,15,29,13.5,18.3,37,33,25,0,0,0,6,6,4,0,26,21,9,26,22,25,29,29,28,45.02,45.04,44.43,40,330,3.2,0,0,0
8.46,268,0.24,0.25,0.25,10.9,10.5,11.1,0,4.2,0.01,0.08,209.4,4.9,274,1,1,412,688,187,1,187,8.3,30.7,220,33.0,31.6,0.7,3.9,2067.6,0,16.83,2.0,12.1,13.5,8.2,8.4,11.2,15.0,14.5,14.3,36.2,39.0,15,29,13.5,18.1,37,36,25,0,0,0,6,6,4,0,26,19,9,27,23,25,29,29,28,45.02,45.05,44.43,42,320,3.1,0,0,0
7.47,298,0.24,0.25,0.25,10.8,10.6,10.6,0,6.4,0.21,0.14,209.6,4.2,269,1,1,394,688,120,-1,126,7.5,22.1,161,31.6,30.4,0.6,3.8,1323.7,0,15.69,2.0,12.0,13.4,8.1,8.3,11.2,14.7,14.7,14.4,36.3,38.9,14,29,13.5,18.2,36,33,25,0,0,0,6,6,4,0,26,21,9,26,22,25,29,29,28,45.02,45.04,44.42,41,320,3.1,0,0,0
7.23,332,0.24,0.25,0.25,10.5,11.1,10.4,0,7.7,0.14,0.15,209.6,3.1,276,1,1,379,689,59,0,55,7.0,11.9,77,32.2,30.6,0.7,3.9,1607.0,0,16.14,2.0,12.0,13.4,8.1,8.3,11.1,14.9,14.7,14.4,36.3,38.9,15,29,13.3,18.2,37,33,25,0,0,0,6,6,4,0,26,21,9,27,23,25,29,29,28,45.03,45.04,44.43,40,320,3.1,0,0,0
7.36,38,0.24,0.25,0.25,10.5,11.1,10.7,0,-19.1,0.14,0.21,25.3,4.1,290,1,1,387,690,82,1,87,7.3,15.5,112,29.1,27.6,0.4,3.9,1500.0,0,15.98,2.0,12.1,13.4,8.2,8.4,11.2,14.8,14.5,14.4,36.2,38.9,15,29,13.5,18.1,34,31,25,0,0,0,6,6,4,2,26,19,9,27,23,25,29,29,28,45.02,45.05,44.43,41,320,3.1,0,0,0
8.81,56,0.24,0.25,0.25,10.9,10.6,10.9,0,14.4,0.04,0.13,209.1,3.4,265,1,1,423,689,213,-1,210,8.6,33.4,237,32.6,31.2,0.7,3.9,2067.6,0,16.83,2.2,12.1,13.3,8.1,8.4,11.1,14.5,14.3,14.4,36.2,38.9,14,29,13.5,18.1,37,36,25,0,0,0,6,6,4,0,26,19,9,26,23,25,29,29,28,45.02,45.05,44.43,40,310,3.2,0,0,0
7.37,220,0.24,0.25,0.25,10.9,10.5,10.4,0,-12.8,-0.12,0.1,209.4,4.2,276,1,1,390,690,104,3,98,7.1,20.0,138,27.4,27.7,0.5,3.7,2067.6,0,16.83,2.0,12.1,13.5,8.2,8.4,11.2,14.8,14.6,14.4,36.2,38.9,15,29,13.5,18.1,33,31,25,0,0,0,6,6,4,0,26,19,9,27,22,25,29,29,28,45.02,45.05,44.43,40,330,3.2,0,0,0
7.36,24,0.24,0.25,0.25,11.3,10.5,10.6,0,14.0,0.04,0.08,209.8,3.9,273,1,1,387,688,108,0,114,7.1,19.6,142,30.1,29.1,0.5,3.7,1946.7,0,16.65,2.0,12.0,13.4,8.1,8.4,11.2,15.0,14.6,14.4,36.2,39.0,14,29,13.5,18.2,35,32,25,0,0,0,6,6,4,0,26,20,9,26,23,25,29,29,28,45.02,45.05,44.43,41,320,3.2,0,0,0
7.43,80,0.24,0.25,0.25,10.9,10.6,10.6,0,3.3,-0.09,0.2,209.3,4.5,268,1,1,393,690,116,-1,121,7.2,22.3,151,28.8,29.3,0.5,3.7,2067.6,0,16.83,2.0,12.1,13.5,8.3,8.4,11.3,14.8,14.6,14.4,36.2,38.9,15,29,13.5,18.1,34,32,25,0,0,0,6,6,4,0,26,19,9,26,22,25,29,29,28,45.02,45.05,44.43,40,320,3.2,0,0,0
8.64,200,0.24,0.25,0.25,11.3,10.5,10.6,0,5.0,0.04,0.18,209.2,4.9,266,1,1,420,689,207,0,204,8.5,31.7,232,32.4,31.0,0.7,3.9,2067.6,0,16.83,2.2,12.1,13.3,8.1,8.4,11.1,14.7,14.4,14.3,36.2,38.8,15,29,13.5,18.1,37,36,25,0,0,0,6,6,4,0,26,19,9,27,22,25,29,29,28,45.02,45.04,44.42,40,330,3.2,0,0,0
7.38,328,0.24,0.25,0.25,10.8,10.7,10.6,0,-20.4,0.2,0.03,34.5,3.9,290,1,1,381,689,79,1,82,7.3,15.7,111,29.3,27.5,0.4,4.0,1500.0,0,15.98,2.0,12.1,13.4,8.2,8.4,11.2,14.7,14.5,14.4,36.2,38.9,14,29,13.5,18.1,34,31,25,0,0,0,6,6,4,0,26,19,9,27,23,25,29,29,28,45.02,45.05,44.43,41,320,3.1,0,0,0
7.29,208,0.24,0.25,0.25,11.1,10.4,10.7,0,8.9,-0.03,-0.1,209.8,2.6,274,1,1,388,689,75,0,80,7.0,13.3,103,30.0,28.4,0.6,3.8,1359.8,0,15.75,2.0,12.1,13.4,8.1,8.4,11.2,14.7,14.5,14.4,36.3,39.0,15,29,13.5,18.2,35,31,25,0,0,0,6,6,4,0,26,20,9,26,22,25,29,29,28,45.02,45.05,44.43,41,310,3.2,0,0,0
7.43,12,0.24,0.25,0.25,10.6,10.8,10.6,0,0.6,0.03,0.11,209.3,4.1,275,1,1,393,688,112,1,105,7.4,19.8,149,32.6,31.9,0.6,3.8,2067.6,0,16.83,2.0,12.2,13.4,8.2,8.4,11.2,14.6,14.3,14.4,36.2,38.9,14,29,13.5,18.1,37,35,25,0,0,0,6,6,4,0,26,19,9,27,22,25,29,29,28,45.02,45.05,44.43,41,320,3.1,0,0,0
7.43,182,0.24,0.25,0.25,11.2,10.5,10.7,0,-15.7,0.04,-0.05,25.1,4.2,290,1,1,392,690,110,-2,104,7.4,18.7,147,29.1,27.5,0.3,3.9,1500.0,0,15.98,2.0,12.1,13.5,8.2,8.4,11.2,14.8,14.6,14.4,36.2,38.8,15,29,13.5,18.1,34,31,25,0,0,0,6,6,4,2,26,19,9,26,22,25,29,29,28,45.02,45.05,44.43,40,330,3.2,0,0,0
7.32,282,0.24,0.25,0.25,10.5,11.0,10.5,0,6.8,-0.03,0.0,210.0,4.1,274,1,1,393,689,99,0,108,7.3,18.0,129,29.9,28.7,0.8,3.9,1851.6,0,16.51,2.0,12.1,13.4,8.1,8.4,11.3,14.8,14.6,14.4,36.2,39.0,15,29,13.5,18.2,35,31,25,0,0,0,6,6,4,0,26,20,9,27,23,25,29,29,28,45.02,45.05,44.43,41,320,3.2,0,0,0
7.21,338,0.24,0.25,0.25,11.3,10.4,10.5,0,7.2,-0.07,0.0,209.8,2.8,269,1,1,379,689,57,0,56,7.0,11.5,77,31.6,30.4,0.7,3.8,1154.8,0,15.27,2.0,12.1,13.3,8.1,8.3,11.1,14.9,14.6,14.4,36.3,39.0,14,29,13.5,18.2,36,32,25,0,0,0,6,6,4,0,26,21,9,26,22,25,29,29,28,45.02,45.05,44.42,41,320,3.2,0,0,0
7.32,312,0.24,0.25,0.25,10.7,10.7,10.5,0,6.2,0.0,0.29,209.6,3.4,275,1,1,382,689,83,-2,80,7.2,15.3,113,30.2,28.8,0.7,3.9,1723.4,0,16.31,2.0,12.0,13.4,8.1,8.4,11.2,14.9,14.8,14.4,36.3,38.9,15,29,13.5,18.2,35,32,25,0,0,0,6,6,4,0,26,20,9,26,23,25,29,29,28,45.02,45.04,44.43,40,310,3.1,0,0,0
7.23,88,0.24,0.25,0.25,10.5,11.2,10.5,0,7.7,0.04,0.1,209.7,2.4,272,1,1,383,688,63,1,62,7.2,13.4,85,31.2,29.7,0.7,3.9,1747.2,0,16.35,2.0,12.0,13.4,8.1,8.3,11.2,14.7,14.6,14.4,36.3,39.0,14,29,13.5,18.2,36,33,25,0,0,0,6,6,4,0,26,21,9,26,22,25,29,29,28,45.02,45.05,44.43,40,330,3.2,0,0,0
7.42,260,0.24,0.25,0.25,10.6,10.9,10.5,0,20.4,-0.05,0.05,209.4,3.7,267,1,1,391,688,115,0,119,7.2,21.7,156,30.0,31.1,0.5,3.7,2067.6,0,16.83,2.0,12.1,13.5,8.3,8.4,11.3,14.9,14.5,14.4,36.2,38.9,15,29,13.5,18.1,35,33,25,0,0,0,6,6,4,0,26,19,9,26,22,25,29,29,28,45.03,45.05,44.43,41,330,3.1,0,0,0
7.32,74,0.24,0.25,0.25,11.0,10.6,10.6,0,-20.2,0.03,0.1,209.1,4.1,286,1,1,386,690,81,0,76,7.0,15.1,108,28.3,26.9,0.4,4.0,1747.2,0,16.35,2.0,12.1,13.5,8.2,8.4,11.3,14.9,14.5,14.4,36.2,38.9,14,29,13.5,18.1,33,30,25,0,0,0,6,6,4,0,26,19,9,27,22,25,29,29,28,45.03,45.05,44.43,40,330,3.2,0,0,0
7.43,6,0.24,0.25,0.25,10.4,11.1,10.5,0,-10.2,-0.17,0.13,209.3,4.8,274,1,1,395,690,120,1,116,7.2,21.2,156,27.8,28.1,0.5,3.7,2067.6,0,16.83,2.0,12.1,13.5,8.2,8.4,11.2,14.9,14.6,14.4,36.2,38.9,15,29,13.5,18.1,34,31,25,0,0,0,6,6,4,0,26,19,9,26,23,25,29,29,28,45.02,45.05,44.43,41,320,3.1,0,0,0
7.33,118,0.24,0.25,0.25,10.5,10.8,10.4,0,-3.0,0.17,0.27,209.8,3.7,273,1,1,390,690,96,-1,99,7.2,18.4,124,31.9,30.4,0.7,3.9,2067.6,0,16.83,2.0,12.0,13.4,8.1,8.3,11.2,14.8,14.7,14.4,36.3,39.1,15,29,13.3,18.2,37,34,25,0,0,0,6,6,4,0,26,21,9,26,23,25,29,29,28,45.03,45.04,44.43,41,310,3.1,0,0,0
7.32,198,0.24,0.25,0.25,10.5,10.9,11.2,0,6.9,0.12,0.17,209.8,3.0,273,1,1,388,688,73,0,71,7.0,13.7,99,31.1,29.7,0.6,3.8,1747.2,0,16.35,2.0,12.0,13.4,8.1,8.3,11.2,14.7,14.8,14.4,36.3,38.9,14,29,13.5,18.2,36,33,25,0,0,0,6,6,4,0,26,20,9,27,23,25,29,29,28,45.02,45.04,44.43,42,320,3.1,0,0,0
7.42,48,0.24,0.25,0.25,11.2,10.5,10.6,0,1.5,0.13,0.14,209.0,3.4,275,1,1,395,688,108,0,108,7.2,21.1,143,33.0,31.7,0.7,3.8,2067.6,0,16.83,2.0,12.1,13.5,8.2,8.4,11.3,14.9,14.5,14.4,36.2,38.8,15,29,13.5,18.1,38,36,25,0,0,0,6,6,4,0,26,19,9,26,23,25,29,29,28,45.02,45.05,44.43,41,320,3.2,0,0,0
7.38,226,0.24,0.25,0.25,10.5,11.1,10.6,0,4.7,-0.02,0.09,209.4,4.4,268,1,1,390,689,105,1,107,7.2,20.4,142,29.3,29.7,0.5,3.7,2067.6,0,16.83,2.0,12.1,13.5,8.3,8.4,11.3,14.9,14.5,14.4,36.2,38.9,15,29,13.5,18.1,35,32,25,0,0,0,6,6,4,0,26,19,9,26,23,25,29,29,28,45.03,45.05,44.43,41,320,3.1,0,0,0
7.23,354,0.24,0.25,0.25,11.3,10.5,10.4,0,14.3,0.13,0.27,209.9,2.6,276,1,1,382,690,61,1,59,7.2,13.1,82,29.5,28.1,0.3,3.5,2067.6,0,16.83,2.0,12.1,13.4,8.1,8.4,11.2,14.9,14.6,14.4,36.2,39.0,15,29,13.5,18.2,35,31,25,0,0,0,6,6,4,0,26,20,9,27,22,25,29,29,28,45.02,45.04,44.43,40,320,3.2,0,0,0
7.43,348,0.24,0.25,0.25,10.6,10.5,11.1,0,13.1,0.03,0.03,209.8,3.6,273,1,1,384,688,102,0,110,7.2,19.4,137,30.6,29.3,0.5,3.7,1946.7,0,16.65,2.0,12.0,13.4,8.1,8.4,11.2,15.0,14.7,14.4,36.3,38.9,14,29,13.5,18.2,35,32,25,0,0,0,6,6,4,0,26,20,9,26,23,25,29,29,28,45.02,45.05,44.43,41,320,3.2,0,0,0
7.27,258,0.24,0.25,0.25,10.5,11.1,10.5,0,-12.4,0.04,0.13,209.1,3.4,279,1,1,390,690,81,-3,75,7.1,15.4,105,27.5,27.0,0.5,3.8,1747.2,0,16.35,2.0,12.1,13.5,8.2,8.4,11.2,15.0,14.5,14.4,36.2,38.9,15,29,13.5,18.1,33,30,25,0,0,0,6,6,4,0,26,19,9,26,22,25,29,29,28,45.02,45.05,44.43,40,320,3.1,0,0,0
7.32,128,0.24,0.25,0.25,11.0,10.6,10.5,0,10.1,0.09,0.13,209.6,3.3,272,1,1,389,688,105,-2,108,7.3,20.1,139,30.9,29.8,0.6,3.8,2067.6,0,16.83,2.0,12.0,13.4,8.1,8.3,11.2,14.8,14.6,14.4,36.3,39.0,14,29,13.5,18.2,36,33,25,0,0,0,6,6,4,0,26,20,9,27,22,25,29,29,28,45.02,45.04,44.43,41,320,3.2,0,0,0
7.29,44,0.24,0.25,0.25,10.6,10.7,10.5,0,-4.2,-0.12,0.17,209.6,3.2,275,1,1,384,690,79,1,77,7.0,15.1,107,32.1,30.5,0.7,3.8,2067.6,0,16.83,2.0,12.0,13.4,8.1,8.3,11.2,14.8,14.6,14.4,36.3,39.0,15,29,13.3,18.2,37,34,25,0,0,0,6,6,4,0,26,21,9,27,22,25,29,29,28,45.02,45.05,44.43,40,330,3.2,0,0,0
8.7,54,0.24,0.25,0.25,11.1,10.7,10.6,0,-0.5,-0.01,0.11,209.3,4.6,272,1,1,419,689,209,-3,217,8.7,32.9,235,32.8,31.6,0.7,3.9,2067.6,0,16.83,2.2,12.0,13.4,8.2,8.4,11.3,14.9,14.5,14.3,36.2,38.9,14,29,13.5,18.1,37,36,25,0,0,0,6,6,4,0,26,19,9,26,22,25,29,29,28,45.02,45.05,44.43,40,330,3.1,0,0,0
7.47,164,0.24,0.25,0.25,10.8,10.4,10.9,0,8.1,-0.02,0.24,209.8,3.2,272,1,1,391,688,117,-1,120,7.3,20.8,156,30.9,29.6,0.7,3.8,2067.6,0,16.83,2.0,12.0,13.4,8.1,8.3,11.2,14.7,14.6,14.4,36.3,39.0,15,29,13.5,18.2,36,33,25,0,0,0,6,6,4,0,26,20,9,26,22,25,29,29,28,45.02,45.05,44.43,41,320,3.2,0,0,0
7.42,218,0.24,0.25,0.25,11.1,10.5,10.5,0,-16.8,-0.04,0.17,24.9,4.7,290,1,1,392,691,113,1,118,7.4,21.1,148,29.2,27.6,0.3,3.9,1500.0,0,15.98,2.0,12.1,13.5,8.2,8.4,11.3,14.8,14.6,14.4,36.2,38.9,14,29,13.5,18.1,34,31,25,0,0,0,6,6,4,2,26,19,9,26,22,25,29,29,28,45.02,45.05,44.43,40,330,3.2,0,0,0
7.29,62,0.24,0.25,0.25,10.5,11.1,10.6,0,1.4,0.03,-0.07,210.0,3.9,276,1,1,388,689,82,1,86,7.1,15.8,109,30.2,28.8,0.7,3.9,1815.4,0,16.45,2.0,12.0,13.5,8.1,8.4,11.3,15.1,14.7,14.4,36.3,39.0,15,29,13.5,18.2,35,32,25,0,0,0,6,6,4,0,26,20,9,26,22,25,29,29,28,45.02,45.05,44.42,41,330,3.2,0,0,0
7.43,168,0.24,0.25,0.25,11.2,10.5,10.5,0,3.1,0.16,0.23,209.9,3.6,275,1,1,390,689,94,-1,93,7.3,18.1,129,30.2,28.8,0.6,3.8,1723.4,0,16.31,2.0,12.1,13.4,8.1,8.4,11.2,14.9,14.6,14.4,36.3,38.9,15,29,13.5,18.2,35,32,25,0,0,0,6,6,4,0,26,20,9,26,22,25,29,29,28,45.02,45.05,44.43,42,330,3.2,0,0,0
7.44,180,0.24,0.25,0.25,11.1,10.6,10.6,0,-9.6,0.03,0.33,25.8,4.4,291,1,1,394,691,116,1,111,7.3,21.2,155,29.7,28.1,0.3,3.9,1500.0,0,15.98,2.0,12.0,13.5,8.2,8.4,11.3,14.9,14.7,14.4,36.2,38.9,14,29,13.5,18.1,34,31,25,0,0,0,6,6,4,2,26,20,9,26,23,25,29,29,28,45.02,45.05,44.43,40,310,3.1,0,0,0
7.43,190,0.24,0.25,0.25,10.9,10.5,10.8,0,9.4,0.01,0.06,209.1,4.0,273,1,1,395,689,119,-1,112,7.2,21.9,158,31.7,31.9,0.6,3.8,2067.6,0,16.83,2.0,12.1,13.5,8.2,8.4,11.3,14.8,14.4,14.4,36.2,38.9,15,29,13.5,18.1,37,35,25,0,0,0,6,6,4,0,26,19,9,26,23,25,29,29,28,45.02,45.04,44.43,41,320,3.2,0,0,0
7.23,78,0.24,0.25,0.25,11.2,10.5,10.6,0,29.8,-0.04,0.04,209.7,2.4,268,1,1,386,689,49,1,46,6.9,10.4,71,32.1,30.8,0.7,3.8,1607.0,0,16.14,2.0,12.0,13.3,8.1,8.3,11.1,14.8,14.6,14.4,36.3,38.9,15,29,13.4,18.3,37,33,25,0,0,0,6,6,4,0,26,21,9,26,23,25,29,29,28,45.02,45.04,44.43,42,310,3.2,0,0,0
7.33,26,0.24,0.25,0.25,11.1,10.5,10.6,0,3.6,0.03,0.11,209.7,3.8,275,1,1,386,689,89,2,84,7.0,16.1,118,29.8,28.6,0.5,3.7,1851.6,0,16.51,2.0,12.0,13.5,8.1,8.4,11.3,15.1,14.7,14.4,36.3,38.9,15,29,13.4,18.2,35,32,25,0,0,0,6,6,4,0,26,20,9,26,23,25,29,29,28,45.02,45.05,44.43,41,320,3.2,0,0,0
8.65,338,0.24,0.25,0.25,10.6,10.6,11.4,0,-4.1,0.02,0.12,209.3,3.9,275,1,1,416,688,207,0,203,8.5,32.8,234,32.9,31.7,0.7,3.9,2067.6,0,16.83,2.1,12.0,13.5,8.2,8.4,11.3,15.0,14.6,14.3,36.2,39.0,14,29,13.5,18.1,38,36,25,0,0,0,6,6,4,0,26,19,9,26,23,25,29,29,28,45.02,45.04,44.43,41,320,3.2,0,0,0
7.41,92,0.24,0.25,0.25,10.6,10.9,11.0,0,9.9,0.0,0.05,209.7,3.1,272,1,1,393,688,110,-1,114,7.2,20.9,145,30.8,29.4,0.7,3.9,2067.6,0,16.83,2.0,12.0,13.4,8.1,8.3,11.2,14.7,14.5,14.4,36.3,38.9,15,29,13.5,18.2,36,33,25,0,0,0,6,6,4,0,26,20,9,26,22,25,29,29,28,45.02,45.04,44.43,41,330,3.2,0,0,0
7.38,240,0.24,0.25,0.25,10.5,10.8,11.3,0,10.8,0.09,0.17,209.8,3.4,272,1,1,388,689,104,0,109,7.4,19.1,142,30.7,29.1,0.6,3.8,1946.7,0,16.65,2.0,12.1,13.4,8.1,8.4,11.2,14.9,14.5,14.4,36.2,38.9,15,29,13.5,18.2,35,32,25,0,0,0,6,6,4,0,26,20,9,27,22,25,29,29,28,45.02,45.04,44.43,41,320,3.1,0,0,0
8.46,156,0.24,0.25,0.25,10.5,11.1,10.6,0,5.4,-0.02,0.08,209.3,3.5,274,1,1,414,689,192,1,198,8.5,31.7,224,32.9,31.7,0.7,3.9,2067.6,0,16.83,2.0,12.0,13.5,8.2,8.4,11.3,15.0,14.6,14.3,36.2,38.8,15,29,13.5,18.1,38,36,25,0,0,0,6,6,4,0,26,19,9,27,22,25,29,29,28,45.02,45.05,44.43,41,330,3.2,0,0,0
7.33,222,0.24,0.25,0.25,10.6,10.8,10.6,0,-10.7,0.04,0.11,209.1,3.5,278,1,1,385,690,81,2,76,7.0,16.1,111,27.6,27.3,0.5,3.7,1747.2,0,16.35,2.0,12.1,13.5,8.2,8.4,11.2,15.0,14.5,14.4,36.2,38.9,15,29,13.5,18.1,33,30,25,0,0,0,6,6,4,0,26,19,9,26,22,25,29,29,28,45.02,45.05,44.42,40,320,3.1,0,0,0
7.22,292,0.24,0.25,0.25,10.5,10.8,11.3,0,21.0,0.0,0.05,209.6,2.9,267,1,1,380,689,43,2,46,7.0,8.0,57,32.2,30.7,0.7,3.9,907.4,0,14.09,2.0,12.0,13.3,8.1,8.3,11.1,14.7,14.6,14.4,36.3,39.0,15,29,13.4,18.3,37,33,25,0,0,0,6,6,4,0,26,21,9,27,22,25,29,29,28,45.02,45.04,44.43,39,330,3.2,0,0,0
7.22,188,0.24,0.25,0.25,11.1,10.5,10.7,0,-0.5,-0.07,0.1,209.8,3.3,278,1,1,383,690,63,-1,56,7.0,11.7,87,32.0,31.0,0.6,3.8,1607.0,0,16.14,2.0,12.0,13.4,8.1,8.3,11.2,14.9,14.8,14.4,36.3,39.0,15,29,13.3,18.2,37,33,25,0,0,0,6,6,4,0,26,21,9,27,23,25,29,29,28,45.02,45.05,44.43,40,320,3.1,0,0,0
7.23,80,0.24,0.25,0.25,10.5,11.0,10.5,0,-4.9,0.27,0.11,209.4,3.2,275,1,1,388,690,73,0,76,7.2,14.7,97,31.8,30.7,0.7,3.8,2067.6,0,16.83,2.0,12.0,13.4,8.1,8.3,11.2,14.8,14.6,14.4,36.3,38.9,14,29,13.3,18.2,37,34,25,0,0,0,6,6,4,0,26,21,9,27,22,25,29,29,28,45.02,45.05,44.43,41,320,3.2,0,0,0
7.34,256,0.24,0.25,0.25,11.2,10.5,10.5,0,-20.6,-0.14,0.1,209.2,3.3,289,1,1,386,690,83,2,86,7.1,15.4,112,28.8,27.3,0.4,3.9,1738.9,0,16.34,2.0,12.1,13.4,8.2,8.4,11.2,14.7,14.4,14.4,36.2,38.8,15,29,13.5,18.1,34,31,25,0,0,0,6,6,4,0,26,19,9,27,23,25,29,29,28,45.02,45.05,44.43,41,320,3.2,0,0,0
7.42,180,0.24,0.25,0.25,10.5,10.8,11.3,0,-9.1,0.09,0.33,210.2,4.0,290,1,1,389,690,99,0,99,7.3,19.0,133,29.9,28.3,0.2,3.7,2067.6,0,16.83,2.0,12.0,13.5,8.2,8.4,11.3,14.8,14.7,14.4,36.2,39.0,15,29,13.5,18.1,35,32,25,0,0,0,6,6,4,0,26,20,9,27,22,25,29,29,28,45.02,45.05,44.43,41,320,3.1,0,0,0
7.74,156,0.24,0.25,0.25,11.2,10.5,10.5,0,-2.5,0.0,0.09,209.1,3.4,275,1,1,402,689,147,-1,147,7.7,26.6,186,32.7,31.8,0.7,3.9,2067.6,0,16.83,2.0,12.1,13.4,8.2,8.4,11.2,14.9,14.4,14.3,36.2,38.9,14,29,13.5,18.1,38,36,25,0,0,0,6,6,4,0,26,19,9,26,23,25,29,29,28,45.02,45.04,44.42,40,320,3.2,0,0,0
8.71,304,0.24,0.25,0.25,11.1,10.6,10.6,0,-11.8,0.09,0.12,209.1,3.9,274,1,1,417,689,208,-3,209,8.5,33.2,235,33.0,31.6,0.7,3.9,2067.6,0,16.83,2.2,12.0,13.5,8.2,8.4,11.3,15.0,14.4,14.3,36.2,38.9,15,29,13.5,18.1,37,36,25,0,0,0,6,6,4,0,26,19,9,27,23,25,29,29,28,45.02,45.05,44.42,41,310,3.2,0,0,0
7.49,250,0.24,0.25,0.25,10.5,10.9,11.3,0,-5.4,0.02,0.11,210.7,3.7,290,1,1,398,690,114,-3,108,7.2,21.8,149,29.9,28.3,0.2,3.8,2067.6,0,16.83,2.0,12.1,13.4,8.2,8.4,11.2,14.8,14.7,14.4,36.2,38.9,15,29,13.5,18.1,34,32,25,0,0,0,6,6,4,0,26,20,9,26,23,25,29,29,28,45.03,45.05,44.42,40,320,3.1,0,0,0
7.33,184,0.24,0.25,0.25,10.6,10.5,11.1,0,-23.1,0.0,0.22,209.1,2.9,289,1,1,386,689,82,0,76,7.0,15.1,111,28.8,27.2,0.4,4.0,1738.9,0,16.34,2.0,12.1,13.4,8.2,8.4,11.2,14.8,14.5,14.4,36.2,38.9,15,29,13.5,18.1,34,31,25,0,0,0,6,6,4,0,26,19,9,27,22,25,29,29,28,45.02,45.05,44.43,40,320,3.2,0,0,0
7.43,18,0.24,0.25,0.25,10.5,10.9,11.0,0,2.3,-0.02,0.17,209.8,3.7,273,1,1,393,688,115,0,126,7.4,20.7,153,30.7,29.5,0.6,3.8,2067.6,0,16.83,2.0,12.0,13.4,8.1,8.3,11.2,14.9,14.6,14.4,36.3,39.1,14,29,13.5,18.2,36,33,25,0,0,0,6,6,4,0,26,20,9,27,23,25,29,29,28,45.02,45.05,44.42,41,320,3.1,0,0,0
8.76,56,0.24,0.25,0.25,10.7,10.6,11.3,0,1.2,0.04,0.12,209.2,3.7,270,1,1,425,690,213,3,223,8.6,32.6,238,32.7,31.3,0.7,3.9,2067.6,0,16.83,2.2,12.1,13.4,8.1,8.4,11.2,14.8,14.4,14.3,36.1,39.0,15,29,13.5,18.1,37,36,25,0,0,0,6,6,4,0,26,19,9,26,22,25,29,29,28,45.02,45.05,44.42,40,320,3.2,0,0,0
7.22,138,0.24,0.25,0.25,10.5,11.0,10.7,0,9.6,-0.07,0.0,209.9,2.6,275,1,1,383,689,61,1,56,7.0,11.9,82,29.9,28.1,0.3,3.5,2067.6,0,16.83,2.0,12.1,13.4,8.1,8.4,11.2,14.8,14.7,14.4,36.2,39.0,15,29,13.5,18.2,35,31,25,0,0,0,6,6,4,0,26,20,9,27,23,25,29,29,28,45.02,45.04,44.43,40,320,3.1,0,0,0
7.34,176,0.24,0.25,0.25,11.3,10.5,10.4,0,-0.3,-0.07,0.27,210.2,3.8,286,1,1,391,691,99,1,99,7.3,19.1,133,29.1,28.6,0.6,3.9,2067.6,0,16.83,2.0,12.1,13.4,8.1,8.4,11.2,14.9,14.7,14.4,36.2,38.9,15,29,13.4,18.2,34,31,25,0,0,0,6,6,4,0,26,20,9,27,23,25,29,29,28,45.03,45.05,44.43,40,310,3.2,0,0,0
7.44,128,0.24,0.25,0.25,10.6,10.6,11.3,0,8.5,0.11,0.05,209.8,2.8,272,1,1,385,688,108,0,109,7.2,20.0,146,30.8,29.7,0.7,3.8,2067.6,0,16.83,2.0,12.0,13.4,8.1,8.3,11.2,14.7,14.5,14.4,36.3,39.0,14,29,13.5,18.2,36,33,25,0,0,0,6,6,4,0,26,20,9,26,22,25,29,29,28,45.02,45.04,44.43,41,330,3.2,0,0,0
7.43,144,0.24,0.25,0.25,11.1,10.5,10.5,0,-7.4,0.0,-0.05,25.5,4.1,290,1,1,397,690,123,2,119,7.3,22.8,165,29.4,28.0,0.3,3.9,1500.0,0,15.98,2.0,12.0,13.5,8.2,8.4,11.3,14.9,14.7,14.4,36.2,38.9,15,29,13.5,18.1,34,31,25,0,0,0,6,6,4,2,26,20,9,26,23,25,29,29,28,45.02,45.05,44.43,40,320,3.1,0,0,0
7.33,72,0.24,0.25,0.25,10.5,11.1,10.5,0,-25.2,-0.1,0.18,209.1,3.3,289,1,1,392,690,95,1,99,7.3,18.1,123,28.9,27.2,0.4,4.0,1738.9,0,16.34,2.0,12.1,13.4,8.2,8.4,11.2,14.8,14.5,14.4,36.2,38.9,15,29,13.5,18.1,34,31,25,0,0,0,6,6,4,0,26,19,9,27,23,25,29,29,28,45.02,45.04,44.43,40,320,3.2,0,0,0
8.64,16,0.24,0.25,0.25,10.6,11.1,10.7,0,-14.9,0.0,0.1,209.2,4.0,276,1,1,419,689,209,0,222,8.7,33.1,234,32.9,31.7,0.7,3.9,2067.6,0,16.83,2.2,12.0,13.5,8.2,8.4,11.3,14.9,14.4,14.3,36.2,38.9,15,29,13.5,18.1,37,36,25,0,0,0,6,6,4,0,26,19,9,26,22,25,29,29,28,45.02,45.05,44.43,40,320,3.2,0,0,0
7.33,90,0.24,0.25,0.25,10.7,10.7,10.5,0,5.1,0.05,0.14,209.7,3.2,273,1,1,387,689,85,0,80,7.3,16.1,114,31.0,29.8,0.6,3.8,2067.6,0,16.83,2.0,12.0,13.4,8.1,8.3,11.2,14.8,14.9,14.4,36.3,39.0,15,29,13.5,18.2,36,33,25,0,0,0,6,6,4,0,26,20,9,27,22,25,29,29,28,45.02,45.04,44.43,40,320,3.1,0,0,0
7.6,228,0.24,0.25,0.25,10.6,11.0,10.5,0,-3.0,0.07,0.11,209.1,3.4,275,1,1,394,688,141,-2,136,7.6,25.9,182,33.2,31.7,0.7,3.9,2067.6,0,16.83,2.0,12.1,13.5,8.2,8.4,11.2,14.9,14.4,14.3,36.2,38.8,15,29,13.5,18.1,38,36,25,0,0,0,6,6,4,0,26,19,9,27,22,25,29,29,28,45.02,45.05,44.43,41,320,3.2,0,0,0
7.54,34,0.24,0.25,0.25,10.9,10.4,10.8,0,-0.2,0.01,0.3,193.1,3.9,291,1,1,391,690,127,0,129,7.2,24.0,165,29.7,28.4,0.2,3.8,1500.0,0,15.98,2.0,12.1,13.5,8.2,8.4,11.2,14.9,14.7,14.4,36.2,38.9,14,29,13.5,18.1,34,32,25,0,0,0,6,6,4,0,26,20,9,27,22,25,29,29,28,45.02,45.04,44.43,42,330,3.2,0,0,0
7.38,352,0.24,0.25,0.25,10.5,10.9,11.3,0,6.9,0.0,-0.05,209.7,4.0,274,1,1,390,689,91,0,93,7.3,17.1,121,29.8,28.7,0.7,3.9,1851.6,0,16.51,2.0,12.0,13.4,8.1,8.4,11.3,14.8,14.6,14.4,36.2,39.0,15,29,13.5,18.2,35,31,25,0,0,0,6,6,4,0,26,20,9,27,23,25,29,29,28,45.02,45.05,44.43,41,320,3.2,0,0,0
7.32,42,0.24,0.25,0.25,10.5,10.7,11.3,0,-11.6,-0.04,0.14,209.3,3.4,277,1,1,390,690,84,1,82,7.2,15.8,114,27.4,27.4,0.5,3.7,2067.6,0,16.83,2.0,12.1,13.5,8.2,8.4,11.2,14.9,14.5,14.4,36.2,38.9,15,29,13.5,18.1,33,30,25,0,0,0,6,6,4,0,26,19,9,27,23,25,29,29,28,45.02,45.05,44.43,42,320,3.1,0,0,0
7.33,60,0.24,0.25,0.25,10.5,10.8,11.3,0,2.9,0.03,0.28,209.8,3.3,275,1,1,389,689,78,0,78,7.3,15.2,106,30.4,29.0,0.7,3.9,1723.4,0,16.31,2.0,12.0,13.4,8.1,8.4,11.2,14.9,14.6,14.4,36.2,39.0,15,29,13.5,18.2,35,32,25,0,0,0,6,6,4,0,26,20,9,27,22,25,29,29,28,45.02,45.05,44.43,41,330,3.1,0,0,0
7.27,188,0.24,0.25,0.25,10.6,10.6,11.3,0,-7.0,0.22,0.1,209.7,3.3,277,1,1,385,689,66,-2,65,7.2,12.7,93,31.7,30.5,0.7,3.8,2067.6,0,16.83,2.0,12.0,13.4,8.1,8.3,11.2,14.9,14.6,14.4,36.3,39.0,15,29,13.3,18.2,37,34,25,0,0,0,6,6,4,0,26,21,9,27,23,25,29,29,28,45.02,45.05,44.43,42,320,3.1,0,0,0
7.43,334,0.24,0.25,0.25,10.6,10.5,11.1,0,2.8,-0.02,0.17,209.1,4.1,268,1,1,395,690,111,-2,116,7.2,21.0,147,29.0,29.2,0.5,3.7,2067.6,0,16.83,2.0,12.1,13.5,8.3,8.4,11.3,14.8,14.6,14.4,36.2,39.0,15,29,13.5,18.1,35,32,25,0,0,0,6,6,4,0,26,19,9,26,22,25,29,29,28,45.02,45.05,44.43,41,330,3.1,0,0,0
7.43,274,0.24,0.25,0.25,10.6,10.6,11.2,0,11.0,0.04,0.21,209.7,3.0,272,1,1,391,688,113,-3,119,7.4,20.8,151,30.4,29.3,0.6,3.7,1946.7,0,16.65,2.0,12.1,13.4,8.1,8.4,11.2,14.9,14.5,14.4,36.2,39.0,14,29,13.5,18.2,35,32,25,0,0,0,6,6,4,0,26,20,9,27,22,25,29,29,28,45.02,45.04,44.43,42,330,3.2,0,0,0
7.32,6,0.24,0.25,0.25,10.5,10.9,11.1,0,-12.5,0.15,0.1,209.1,4.2,277,1,1,388,690,81,2,74,7.1,15.0,112,27.1,27.4,0.5,3.7,2067.6,0,16.83,2.0,12.1,13.5,8.2,8.4,11.2,14.9,14.5,14.4,36.2,39.0,15,29,13.5,18.1,33,31,25,0,0,0,6,6,4,0,26,19,9,27,22,25,29,29,28,45.02,45.05,44.43,42,320,3.2,0,0,0
7.43,286,0.24,0.25,0.25,10.5,10.6,11.3,0,-6.4,0.04,-0.14,210.7,3.7,290,1,1,390,690,117,0,110,7.1,21.0,157,30.1,28.3,0.2,3.8,2067.6,0,16.83,2.0,12.1,13.4,8.2,8.4,11.2,14.8,14.6,14.4,36.2,38.9,14,29,13.5,18.1,35,32,25,0,0,0,6,6,4,0,26,20,9,26,23,25,29,29,28,45.03,45.04,44.42,40,320,3.2,0,0,0
7.42,20,0.24,0.25,0.25,10.5,10.9,10.6,0,8.9,0.12,0.02,209.6,3.2,272,1,1,394,689,120,2,123,7.1,22.2,161,30.7,29.4,0.7,3.9,2067.6,0,16.83,2.0,12.1,13.4,8.1,8.3,11.2,14.7,14.6,14.4,36.3,38.8,14,29,13.5,18.2,35,33,25,0,0,0,6,6,4,0,26,20,9,26,23,25,29,29,28,45.02,45.04,44.43,41,320,3.2,0,0,0
7.43,344,0.24,0.25,0.25,10.6,10.7,11.3,0,11.4,-0.02,0.03,209.6,3.4,272,1,1,397,689,116,-1,121,7.4,20.8,152,30.9,29.7,0.6,3.7,2067.6,0,16.83,2.0,12.0,13.4,8.1,8.3,11.2,14.8,14.7,14.4,36.3,39.1,15,29,13.5,18.2,36,33,25,0,0,0,6,6,4,0,26,20,9,26,23,25,29,29,28,45.02,45.05,44.42,40,330,3.1,0,0,0
7.32,314,0.24,0.25,0.25,10.8,10.4,10.8,0,3.3,0.1,0.33,210.1,3.3,275,1,1,389,689,82,0,81,7.1,15.9,111,30.0,28.8,0.4,3.7,1815.4,0,16.45,2.0,12.0,13.4,8.1,8.4,11.3,14.9,14.7,14.4,36.2,39.0,15,29,13.5,18.2,35,32,25,0,0,0,6,6,4,0,26,20,9,27,22,25,29,29,28,45.02,45.04,44.43,41,320,3.2,0,0,0
7.43,192,0.24,0.25,0.25,10.5,10.8,10.6,0,6.0,0.14,0.09,209.7,3.8,270,1,1,396,689,120,2,114,7.3,21.1,160,31.6,30.4,0.7,3.9,2067.6,0,16.83,2.0,12.0,13.4,8.1,8.3,11.2,14.7,14.7,14.4,36.3,39.0,15,29,13.4,18.2,36,34,25,0,0,0,6,6,4,0,26,21,9,26,22,25,29,29,28,45.02,45.04,44.43,40,330,3.2,0,0,0
7.42,58,0.24,0.25,0.25,10.7,10.7,10.5,0,9.9,-0.02,-0.03,209.7,3.6,272,1,1,391,688,116,-2,112,7.1,20.8,153,30.7,29.4,0.6,3.8,1946.7,0,16.65,2.0,12.0,13.4,8.1,8.4,11.1,14.8,14.6,14.4,36.3,39.0,15,29,13.5,18.2,35,32,25,0,0,0,6,6,4,0,26,20,9,27,22,25,29,29,28,45.03,45.05,44.43,41,330,3.1,0,0,0
7.39,10,0.24,0.25,0.25,11.0,10.4,10.6,0,-1.3,0.17,0.28,209.6,3.8,272,1,1,391,689,110,1,116,7.2,20.2,144,31.9,30.6,0.7,3.9,2067.6,0,16.83,2.0,12.0,13.4,8.1,8.3,11.2,14.8,14.8,14.4,36.3,38.9,14,29,13.4,18.2,37,34,25,0,0,0,6,6,4,0,26,21,9,27,22,25,29,29,28,45.02,45.04,44.43,40,320,3.1,0,0,0
7.36,174,0.24,0.25,0.25,11.3,10.4,10.5,0,9.7,-0.05,-0.03,209.6,3.6,274,1,1,388,689,95,1,103,7.1,17.5,126,29.8,28.6,0.8,4.0,1359.8,0,15.75,2.0,12.1,13.4,8.1,8.4,11.3,14.8,14.6,14.4,36.2,38.9,14,29,13.5,18.2,35,31,25,0,0,0,6,6,4,0,26,20,9,27,23,25,29,29,28,45.02,45.05,44.43,41,320,3.2,0,0,0
7.48,82,0.24,0.25,0.25,10.6,10.6,11.3,0,11.3,-0.19,0.0,209.6,3.8,269,1,1,393,689,125,0,129,7.5,22.1,169,32.0,30.4,0.6,3.8,1323.7,0,15.69,2.0,12.0,13.4,8.1,8.3,11.2,14.7,14.8,14.4,36.3,39.0,15,29,13.5,18.2,36,33,25,0,0,0,6,6,4,0,26,21,9,27,22,25,29,29,28,45.02,45.05,44.43,41,320,3.2,0,0,0
7.27,270,0.24,0.25,0.25,10.6,10.5,11.1,0,8.5,-0.04,0.02,209.8,2.6,272,1,1,387,688,79,1,80,7.0,15.6,106,31.1,29.9,0.7,3.8,1747.2,0,16.35,2.0,12.0,13.4,8.1,8.3,11.2,14.7,14.8,14.4,36.3,39.0,15,29,13.5,18.2,36,33,25,0,0,0,6,6,4,0,26,20,9,27,23,25,29,29,28,45.02,45.05,44.42,42,320,3.2,0,0,0
7.22,80,0.24,0.25,0.25,10.5,10.6,11.3,0,14.7,0.11,0.16,209.7,2.9,275,1,1,379,689,55,-1,50,6.9,10.7,75,32.4,30.9,0.7,3.8,1607.0,0,16.14,2.0,12.0,13.4,8.1,8.3,11.1,14.8,14.7,14.4,36.3,39.1,15,29,13.3,18.2,37,33,25,0,0,0,6,6,4,0,26,21,9,27,22,25,29,29,28,45.02,45.04,44.42,41,330,3.2,0,0,0
7.38,202,0.24,0.25,0.25,10.5,10.9,10.6,0,9.4,0.07,0.24,209.6,3.7,274,1,1,390,688,111,-1,104,7.2,21.0,147,30.5,29.3,0.5,3.7,1946.7,0,16.65,2.0,12.0,13.4,8.1,8.3,11.2,14.9,14.8,14.4,36.2,39.1,15,29,13.5,18.2,35,32,25,0,0,0,6,6,4,0,26,20,9,26,22,25,29,29,28,45.02,45.05,44.43,41,330,3.2,0,0,0
7.12,194,0.24,0.25,0.25,10.5,10.9,10.4,0,12.8,-0.12,0.03,209.8,2.6,269,1,1,382,688,51,-1,52,6.9,9.7,68,31.5,30.1,0.6,3.8,1154.8,0,15.27,2.0,12.1,13.3,8.1,8.3,11.2,14.8,14.6,14.4,36.3,39.0,14,29,13.5,18.2,36,32,25,0,0,0,6,6,4,0,26,21,9,27,23,25,29,29,28,45.02,45.04,44.43,41,320,3.2,0,0,0
7.22,258,0.24,0.25,0.25,10.5,10.6,11.4,0,18.6,0.01,0.12,209.8,3.0,265,1,1,383,689,57,2,55,7.1,10.9,77,32.3,30.7,0.7,3.9,907.4,0,14.09,2.0,12.0,13.4,8.1,8.3,11.1,14.9,14.7,14.4,36.3,39.0,14,29,13.4,18.3,37,33,25,0,0,0,6,6,4,0,26,21,9,27,23,25,29,29,28,45.02,45.05,44.43,41,320,3.2,0,0,0
7.24,102,0.24,0.25,0.25,10.5,10.9,10.5,0,11.5,0.12,0.28,209.8,2.7,275,1,1,383,690,63,0,64,7.2,12.2,88,29.6,27.9,0.3,3.5,2067.6,0,16.83,2.0,12.1,13.4,8.1,8.4,11.2,14.9,14.7,14.4,36.2,39.0,14,29,13.5,18.2,35,31,25,0,0,0,6,6,4,0,26,20,9,26,23,25,29,29,28,45.02,45.04,44.43,40,310,3.1,0,0,0
7.31,136,0.24,0.25,0.25,11.3,10.5,10.5,0,5.4,0.02,0.21,209.8,3.1,274,1,1,394,690,97,1,101,7.2,19.1,126,29.7,28.6,0.6,3.8,1851.6,0,16.51,2.0,12.0,13.5,8.1,8.4,11.3,14.8,14.7,14.4,36.2,39.0,15,29,13.5,18.2,35,31,25,0,0,0,6,6,4,0,26,20,9,26,22,25,29,29,28,45.02,45.04,44.43,40,330,3.2,0,0,0
7.38,334,0.24,0.25,0.25,10.6,10.5,11.1,0,-1.8,-0.12,0.0,209.8,4.2,271,1,1,393,690,111,1,121,7.3,21.1,151,31.8,30.7,0.7,3.8,2067.6,0,16.83,2.0,12.0,13.4,8.1,8.3,11.2,14.8,14.8,14.4,36.3,39.0,14,29,13.4,18.2,37,34,25,0,0,0,6,6,4,0,26,21,9,27,23,25,29,29,28,45.02,45.04,44.43,39,320,3.2,0,0,0
7.31,214,0.24,0.25,0.25,10.5,11.1,10.5,0,6.5,0.09,0.27,209.9,2.9,281,1,1,391,689,97,1,96,7.4,18.5,128,28.8,28.1,0.9,4.0,2067.6,0,16.83,2.0,12.1,13.5,8.2,8.4,11.3,15.0,14.6,14.4,36.2,39.0,14,29,13.5,18.2,34,31,25,0,0,0,6,6,4,0,26,20,9,27,23,25,29,29,28,45.02,45.04,44.42,41,320,3.2,0,0,0
7.44,30,0.24,0.25,0.25,10.6,10.6,11.3,0,11.0,-0.09,0.16,210.1,2.9,283,1,1,390,690,97,1,89,7.2,17.6,134,29.0,28.8,0.9,4.1,2067.6,0,16.83,2.0,12.1,13.5,8.1,8.4,11.3,15.0,14.6,14.4,36.2,38.9,15,29,13.4,18.2,34,31,25,0,0,0,6,6,4,0,26,20,9,27,22,25,29,29,28,45.02,45.05,44.43,41,320,3.1,0,0,0
7.42,238,0.24,0.25,0.25,10.6,10.9,10.5,0,11.2,0.0,0.09,209.8,3.4,272,1,1,391,688,115,0,113,7.2,21.5,150,30.9,29.7,0.6,3.8,2067.6,0,16.83,2.0,12.0,13.4,8.1,8.3,11.2,14.8,14.7,14.4,36.3,39.0,14,29,13.5,18.2,36,33,25,0,0,0,6,6,4,0,26,20,9,26,22,25,29,29,28,45.02,45.04,44.43,41,330,3.1,0,0,0
7.43,154,0.24,0.25,0.25,10.6,10.6,11.3,0,7.8,0.01,0.12,209.1,2.8,273,1,1,389,688,103,1,108,7.2,18.7,142,31.7,31.7,0.6,3.8,2067.6,0,16.83,2.0,12.1,13.4,8.2,8.4,11.3,14.8,14.4,14.4,36.2,38.8,14,29,13.5,18.1,37,35,25,0,0,0,6,6,4,0,26,19,9,26,23,25,29,29,28,45.02,45.04,44.42,41,320,3.1,0,0,0
7.27,304,0.24,0.25,0.25,11.2,10.5,10.6,0,12.7,0.14,0.19,209.8,2.9,272,1,1,387,688,78,1,72,7.1,15.1,108,31.3,29.9,0.7,3.8,1747.2,0,16.35,2.0,12.1,13.4,8.1,8.3,11.2,14.7,14.7,14.4,36.3,39.0,14,29,13.5,18.2,36,33,25,0,0,0,6,6,4,0,26,20,9,26,22,25,29,29,28,45.02,45.05,44.42,42,320,3.2,0,0,0
7.42,288,0.24,0.25,0.25,10.6,11.0,10.9,0,-9.6,0.0,0.34,25.9,3.7,291,1,1,394,690,118,1,121,7.2,22.5,156,29.5,28.3,0.3,3.8,1500.0,0,15.98,2.0,12.0,13.5,8.2,8.4,11.3,14.9,14.6,14.4,36.2,38.8,15,29,13.5,18.1,34,31,25,0,0,0,6,6,4,2,26,20,9,27,22,25,29,29,28,45.02,45.05,44.43,40,320,3.2,0,0,0
7.32,194,0.24,0.25,0.25,10.5,10.7,11.3,0,9.8,-0.04,0.05,209.9,2.6,269,1,1,384,688,75,0,75,7.2,13.2,102,31.4,30.2,0.7,3.8,1154.8,0,15.27,2.0,12.1,13.3,8.1,8.3,11.1,14.7,14.7,14.4,36.3,38.9,14,29,13.5,18.2,36,32,25,0,0,0,6,6,4,0,26,21,9,27,22,25,29,29,28,45.02,45.05,44.43,41,330,3.1,0,0,0
7.33,356,0.24,0.25,0.25,10.5,11.1,10.5,0,0.1,-0.08,0.0,210.1,3.7,287,1,1,391,691,98,-2,96,7.4,18.4,126,29.3,28.8,0.3,3.5,2067.6,0,16.83,2.0,12.1,13.4,8.1,8.4,11.2,15.0,14.8,14.4,36.3,39.0,14,29,13.4,18.2,34,31,25,0,0,0,6,6,4,0,26,20,9,26,22,25,29,29,28,45.02,45.05,44.42,40,320,3.1,0,0,0
7.38,148,0.24,0.25,0.25,10.9,10.5,11.0,0,-12.6,0.31,0.09,209.1,4.4,275,1,1,393,690,108,1,105,7.4,19.5,147,27.6,27.7,0.5,3.7,2067.6,0,16.83,2.0,12.1,13.5,8.2,8.4,11.2,14.8,14.6,14.4,36.2,38.8,15,29,13.5,18.1,33,31,25,0,0,0,6,6,4,0,26,19,9,26,22,25,29,29,28,45.02,45.05,44.43,41,330,3.2,0,0,0
7.21,302,0.24,0.25,0.25,10.9,10.4,10.9,0,7.6,0.04,0.14,209.6,2.4,269,1,1,380,688,59,1,65,7.1,10.9,85,31.5,30.2,0.7,3.8,1154.8,0,15.27,2.0,12.1,13.4,8.1,8.3,11.1,14.9,14.6,14.4,36.3,38.9,14,29,13.5,18.2,36,32,25,0,0,0,6,6,4,0,26,21,9,26,23,25,29,29,28,45.03,45.05,44.42,41,320,3.2,0,0,0
7.21,122,0.24,0.25,0.25,10.5,11.0,10.6,0,8.3,0.21,0.28,209.6,2.4,270,1,1,382,688,61,0,63,7.2,13.4,83,31.5,30.2,0.7,3.8,1154.8,0,15.27,2.0,12.1,13.3,8.1,8.3,11.1,14.8,14.6,14.4,36.3,38.9,15,29,13.5,18.2,36,32,25,0,0,0,6,6,4,0,26,21,9,27,23,25,29,29,28,45.02,45.04,44.43,40,320,3.2,0,0,0
8.81,20,0.24,0.25,0.25,10.8,11.0,10.9,0,-4.9,-0.02,0.11,209.3,4.5,271,1,1,425,690,214,3,220,8.6,33.8,239,32.9,31.6,0.7,3.9,2067.6,0,16.83,2.2,12.1,13.4,8.1,8.4,11.2,14.8,14.4,14.3,36.1,38.9,14,29,13.5,18.1,37,36,25,0,0,0,6,6,4,0,26,19,9,26,22,25,29,29,28,45.02,45.04,44.42,41,320,3.2,0,0,0
8.15,158,0.24,0.25,0.25,10.8,10.6,11.2,0,-1.4,0.07,0.12,209.3,3.2,275,1,1,408,689,169,2,167,7.9,29.2,207,33.0,31.9,0.7,3.9,2067.6,0,16.83,2.0,12.1,13.5,8.2,8.4,11.2,15.0,14.4,14.3,36.2,39.1,15,29,13.5,18.1,38,36,25,0,0,0,6,6,4,0,26,19,9,27,22,25,29,29,28,45.02,45.05,44.42,40,330,3.2,0,0,0
8.66,124,0.24,0.25,0.25,10.6,11.1,10.6,0,0.0,0.17,0.1,209.3,4.9,272,1,1,421,689,211,0,209,8.5,33.4,234,32.7,31.6,0.7,3.9,2067.6,0,16.83,2.2,12.0,13.5,8.2,8.4,11.3,14.8,14.5,14.3,36.2,38.8,15,29,13.5,18.1,37,36,25,0,0,0,6,6,4,0,26,19,9,27,22,25,29,29,28,45.02,45.04,44.43,40,320,3.1,0,0,0
7.23,6,0.24,0.25,0.25,10.5,10.9,10.5,0,-4.6,0.12,0.2,209.8,3.3,277,1,1,384,689,69,-2,70,7.2,13.7,91,32.1,30.6,0.6,3.8,2067.6,0,16.83,2.0,12.0,13.4,8.1,8.3,11.2,14.9,14.7,14.4,36.3,38.9,15,29,13.3,18.2,37,34,25,0,0,0,6,6,4,0,26,21,9,26,22,25,29,29,28,45.02,45.05,44.43,40,320,3.2,0,0,0
7.42,12,0.24,0.25,0.25,10.6,10.6,11.3,0,10.3,-0.07,-0.04,209.9,3.6,269,1,1,390,689,109,1,108,7.2,20.7,147,31.7,30.5,0.6,3.8,2067.6,0,16.83,2.0,12.0,13.3,8.1,8.3,11.2,14.7,14.7,14.4,36.3,39.1,15,29,13.4,18.2,36,33,25,0,0,0,6,6,4,0,26,21,9,27,22,25,29,29,28,45.02,45.04,44.43,42,320,3.1,0,0,0
7.32,32,0.24,0.25,0.25,10.6,10.9,10.9,0,1.0,0.13,0.06,210.1,4.4,287,1,1,387,691,87,-1,85,7.1,16.4,114,29.4,28.7,0.3,3.5,2067.6,0,16.83,2.0,12.1,13.4,8.1,8.4,11.2,14.9,14.7,14.4,36.3,39.0,15,29,13.4,18.2,34,31,25,0,0,0,6,6,4,0,26,20,9,27,22,25,29,29,28,45.02,45.05,44.42,40,320,3.1,0,0,0
7.33,154,0.24,0.25,0.25,10.5,11.0,10.5,0,-4.8,0.07,-0.05,209.4,4.5,273,1,1,386,689,87,1,89,7.1,16.7,113,31.7,30.6,0.7,3.8,2067.6,0,16.83,2.0,12.0,13.4,8.1,8.3,11.2,14.8,14.7,14.4,36.3,39.0,14,29,13.3,18.2,37,34,25,0,0,0,6,6,4,0,26,21,9,27,23,25,29,29,28,45.03,45.05,44.43,40,320,3.1,0,0,0
7.42,334,0.24,0.25,0.25,11.1,10.5,10.6,0,2.4,0.12,0.11,209.1,3.5,275,1,1,386,688,114,3,122,7.3,21.7,149,33.1,31.8,0.7,3.8,2067.6,0,16.83,2.0,12.1,13.5,8.2,8.4,11.3,14.9,14.5,14.3,36.2,38.8,14,29,13.5,18.1,38,36,25,0,0,0,6,6,4,0,26,19,9,27,22,25,29,29,28,45.02,45.05,44.42,41,330,3.1,0,0,0
7.43,94,0.24,0.25,0.25,11.1,10.4,10.5,0,8.4,0.03,0.22,209.6,4.0,275,1,1,390,688,110,3,107,7.2,21.3,147,30.5,29.2,0.6,3.8,1723.4,0,16.31,2.0,12.0,13.4,8.1,8.3,11.2,14.9,14.7,14.4,36.2,38.9,15,29,13.5,18.2,35,32,25,0,0,0,6,6,4,0,26,20,9,26,22,25,29,29,28,45.02,45.05,44.43,40,320,3.1,0,0,0
7.34,68,0.24,0.25,0.25,10.6,10.8,11.3,0,0.7,0.03,0.33,210.1,4.2,287,1,1,390,691,90,-2,85,7.1,16.8,121,29.3,28.7,0.4,3.6,2067.6,0,16.83,2.0,12.1,13.4,8.1,8.4,11.2,14.9,14.7,14.4,36.2,39.0,14,29,13.4,18.2,34,31,25,0,0,0,6,6,4,0,26,20,9,27,22,25,29,29,28,45.02,45.05,44.42,39,320,3.1,0,0,0
8.57,310,0.24,0.25,0.25,11.3,10.5,10.6,0,8.4,0.03,0.1,209.4,4.2,265,1,1,417,689,201,-1,206,8.4,31.1,227,32.2,31.0,0.7,3.9,2067.6,0,16.83,2.2,12.0,13.4,8.1,8.4,11.2,14.9,14.4,14.3,36.1,38.8,14,29,13.5,18.0,37,35,25,0,0,0,6,6,4,0,26,19,9,26,22,25,29,29,28,45.02,45.05,44.43,41,320,3.2,0,0,0
7.37,356,0.24,0.25,0.25,10.7,10.4,10.9,0,12.6,-0.1,-0.01,210.0,3.3,279,1,1,392,689,98,1,104,7.2,17.2,135,29.2,27.9,0.7,3.8,2067.6,0,16.83,2.0,12.1,13.5,8.1,8.4,11.2,15.0,14.6,14.4,36.2,38.9,15,29,13.5,18.2,34,31,25,0,0,0,6,6,4,0,26,20,9,27,22,25,29,29,28,45.02,45.05,44.43,42,330,3.2,0,0,0
7.17,86,0.24,0.25,0.25,11.1,10.4,10.4,0,20.3,-0.12,0.02,209.8,1.6,269,1,1,379,689,54,2,53,7.1,10.2,76,31.4,30.0,0.6,3.8,1284.6,0,15.63,2.0,12.1,13.4,8.1,8.3,11.1,14.8,14.6,14.4,36.3,38.9,15,29,13.5,18.2,36,32,25,0,0,0,6,6,4,0,26,21,9,27,23,25,29,29,28,45.02,45.04,44.42,41,320,3.2,0,0,0
7.42,240,0.24,0.25,0.25,10.8,10.7,10.6,0,1.4,-0.12,0.11,209.9,3.8,276,1,1,390,689,109,1,113,7.2,19.6,148,30.2,29.0,0.6,3.8,1723.4,0,16.31,2.0,12.1,13.4,8.1,8.4,11.2,14.9,14.6,14.4,36.2,39.0,15,29,13.5,18.2,35,32,25,0,0,0,6,6,4,0,26,20,9,27,22,25,29,29,28,45.02,45.05,44.43,41,320,3.2,0,0,0
8.2,86,0.24,0.25,0.25,10.6,11.1,10.9,0,0.0,0.01,0.08,209.3,4.7,274,1,1,409,688,178,0,180,8.0,29.7,211,32.8,31.6,0.7,3.9,2067.6,0,16.83,2.0,12.1,13.5,8.2,8.4,11.2,14.9,14.4,14.3,36.2,38.9,15,29,13.5,18.1,37,36,25,0,0,0,6,6,4,0,26,19,9,26,23,25,29,29,28,45.03,45.05,44.42,40,320,3.2,0,0,0
7.54,216,0.24,0.25,0.25,10.6,10.8,10.6,0,-9.7,0.07,-0.02,25.8,4.0,291,1,1,399,691,127,-2,135,7.4,23.0,169,29.7,28.0,0.3,3.8,1500.0,0,15.98,2.0,12.0,13.5,8.2,8.4,11.3,14.9,14.7,14.4,36.2,38.9,14,29,13.5,18.1,34,31,25,0,0,0,6,6,4,2,26,20,9,26,23,25,29,29,28,45.02,45.05,44.43,40,310,3.2,0,0,0
7.43,262,0.24,0.25,0.25,11.1,10.5,10.5,0,11.3,-0.07,0.1,209.1,3.3,272,1,1,393,688,112,0,111,7.5,19.6,151,31.4,31.9,0.6,3.8,2067.6,0,16.83,2.0,12.1,13.5,8.2,8.4,11.3,14.9,14.4,14.4,36.2,39.0,15,29,13.5,18.1,37,35,25,0,0,0,6,6,4,0,26,19,9,26,23,25,29,29,28,45.02,45.04,44.43,40,320,3.2,0,0,0
7.32,326,0.24,0.25,0.25,11.2,10.5,10.4,0,-20.4,-0.19,0.11,209.2,3.5,287,1,1,383,689,82,-1,84,7.1,16.3,112,28.6,27.0,0.4,4.0,1738.9,0,16.34,2.0,12.1,13.5,8.2,8.4,11.2,14.9,14.6,14.4,36.2,38.8,15,29,13.5,18.1,34,30,25,0,0,0,6,6,4,0,26,19,9,26,23,25,29,29,28,45.02,45.05,44.43,41,310,3.1,0,0,0
7.36,154,0.24,0.25,0.25,10.5,11.1,10.6,0,0.3,0.13,0.15,209.2,3.8,275,1,1,387,689,106,1,111,7.1,19.8,139,33.3,32.1,0.7,3.8,2067.6,0,16.83,2.0,12.1,13.5,8.2,8.4,11.3,14.9,14.4,14.3,36.2,38.9,15,29,13.5,18.1,38,36,25,0,0,0,6,6,4,0,26,19,9,26,23,25,29,29,28,45.02,45.04,44.43,40,320,3.2,0,0,0
8.75,230,0.24,0.25,0.25,10.6,10.8,10.6,0,-1.1,0.01,0.11,209.1,4.2,275,1,1,420,689,213,0,212,8.7,33.4,239,33.0,31.7,0.7,3.9,2067.6,0,16.83,2.1,12.0,13.5,8.2,8.4,11.2,15.0,14.4,14.3,36.2,38.9,15,29,13.5,18.1,37,36,25,0,0,0,6,6,4,0,26,19,9,26,23,25,29,29,28,45.02,45.04,44.43,41,320,3.1,0,0,0
7.33,286,0.24,0.25,0.25,10.5,10.8,11.1,0,9.4,0.09,0.03,209.9,3.9,281,1,1,386,689,83,1,88,7.1,16.4,113,29.1,28.4,0.8,3.9,2067.6,0,16.83,2.0,12.1,13.5,8.2,8.4,11.3,15.0,14.6,14.4,36.2,38.9,14,29,13.5,18.2,34,31,25,0,0,0,6,6,4,0,26,20,9,27,23,25,29,29,28,45.02,45.05,44.42,42,320,3.2,0,0,0
8.76,160,0.24,0.25,0.25,10.8,10.6,11.4,0,-5.2,0.02,0.09,209.4,5.0,269,1,1,417,689,211,1,208,8.6,33.5,237,32.7,31.3,0.7,3.9,2067.6,0,16.83,2.2,12.0,13.4,8.2,8.4,11.2,14.9,14.5,14.3,36.1,39.1,15,29,13.5,18.1,37,36,25,0,0,0,6,6,4,0,26,19,9,27,22,25,29,29,28,45.02,45.05,44.43,40,320,3.1,0,0,0
7.53,226,0.24,0.25,0.25,10.8,10.6,10.5,0,15.4,0.24,0.23,209.9,4.1,268,1,1,395,689,124,2,124,7.2,23.8,163,31.5,30.4,0.6,3.8,2067.6,0,16.83,2.0,12.0,13.4,8.1,8.3,11.2,14.7,14.7,14.4,36.3,39.0,15,29,13.5,18.2,36,33,25,0,0,0,6,6,4,0,26,21,9,27,23,25,29,29,28,45.02,45.05,44.43,40,320,3.2,0,0,0
7.43,84,0.24,0.25,0.25,10.6,10.9,10.5,0,-0.4,0.08,0.16,209.3,4.1,275,1,1,395,689,118,-1,112,7.5,21.7,155,33.1,31.9,0.7,3.8,2067.6,0,16.83,2.0,12.1,13.5,8.2,8.4,11.2,14.8,14.4,14.3,36.2,38.9,15,29,13.5,18.1,38,36,25,0,0,0,6,6,4,0,26,19,9,27,22,25,29,29,28,45.02,45.05,44.43,41,330,3.1,0,0,0
7.32,242,0.24,0.25,0.25,11.3,10.5,10.4,0,7.9,0.08,0.02,209.6,3.2,274,1,1,388,689,85,-2,81,7.3,16.3,115,30.4,28.9,0.7,3.9,1723.4,0,16.31,2.0,12.0,13.5,8.1,8.4,11.2,15.0,14.8,14.4,36.3,39.0,15,29,13.5,18.2,35,32,25,0,0,0,6,6,4,0,26,20,9,26,23,25,29,29,28,45.02,45.04,44.43,40,320,3.1,0,0,0
7.24,336,0.24,0.25,0.25,10.7,10.5,11.1,0,20.7,0.24,0.24,209.7,2.4,268,1,1,380,688,49,1,53,7.0,10.0,72,31.4,30.2,0.7,3.8,1154.8,0,15.27,2.0,12.1,13.3,8.1,8.3,11.2,14.9,14.7,14.4,36.3,38.9,14,29,13.5,18.2,36,32,25,0,0,0,6,6,4,0,26,21,9,26,22,25,29,29,28,45.02,45.04,44.43,40,330,3.2,0,0,0
7.21,260,0.24,0.25,0.25,11.1,10.6,10.6,0,1.6,0.01,0.03,209.6,3.5,277,1,1,386,689,57,-2,54,7.2,11.4,77,32.0,30.7,0.6,3.8,1607.0,0,16.14,2.0,12.0,13.4,8.1,8.3,11.2,14.9,14.7,14.4,36.3,39.0,15,29,13.3,18.2,37,33,25,0,0,0,6,6,4,0,26,21,9,26,23,25,29,29,28,45.02,45.05,44.43,41,320,3.1,0,0,0
7.43,130,0.24,0.25,0.25,11.2,10.5,10.6,0,3.9,0.01,0.12,209.9,3.8,273,1,1,389,688,115,1,120,7.3,21.7,149,30.6,29.5,0.6,3.8,2067.6,0,16.83,2.0,12.0,13.4,8.1,8.3,11.2,14.8,14.7,14.4,36.3,39.0,14,29,13.5,18.2,36,33,25,0,0,0,6,6,4,0,26,20,9,27,22,25,29,29,28,45.02,45.05,44.43,42,320,3.2,0,0,0
7.4,42,0.24,0.25,0.25,10.6,11.1,10.7,0,-11.0,0.31,0.08,209.1,4.6,274,1,1,396,690,111,1,108,7.1,20.3,147,27.5,27.9,0.5,3.7,2067.6,0,16.83,2.0,12.1,13.5,8.2,8.4,11.2,14.9,14.7,14.3,36.2,38.9,15,29,13.5,18.1,34,31,25,0,0,0,6,6,4,0,26,19,9,26,23,25,29,29,28,45.02,45.05,44.43,40,320,3.1,0,0,0
7.53,46,0.24,0.25,0.25,10.5,10.8,11.1,0,7.7,0.19,0.11,209.6,4.4,270,1,1,392,690,119,1,127,7.5,22.2,158,31.6,30.3,0.6,3.8,1323.7,0,15.69,2.0,12.0,13.4,8.1,8.3,11.2,14.7,14.7,14.4,36.3,39.0,14,29,13.5,18.2,36,33,25,0,0,0,6,6,4,0,26,21,9,27,22,25,29,29,28,45.02,45.04,44.43,41,330,3.2,0,0,0
7.22,230,0.24,0.25,0.25,10.6,10.8,11.2,0,6.8,-0.14,-0.05,209.8,2.6,269,1,1,380,688,47,1,51,7.0,8.2,70,31.4,30.1,0.7,3.8,1154.8,0,15.27,2.0,12.0,13.4,8.1,8.3,11.1,14.9,14.6,14.4,36.3,38.9,14,29,13.5,18.2,36,32,25,0,0,0,6,6,4,0,26,21,9,26,23,25,29,29,28,45.03,45.05,44.43,42,320,3.1,0,0,0
7.43,44,0.24,0.25,0.25,11.3,10.5,10.5,0,4.5,0.19,-0.05,209.1,4.3,268,1,1,392,690,122,-1,130,7.2,21.5,160,28.8,29.4,0.5,3.7,2067.6,0,16.83,2.0,12.1,13.5,8.3,8.4,11.3,14.8,14.6,14.4,36.2,38.9,14,29,13.5,18.1,34,32,25,0,0,0,6,6,4,0,26,19,9,26,22,25,29,29,28,45.02,45.05,44.43,40,330,3.2,0,0,0
7.43,358,0.24,0.25,0.25,10.8,10.6,10.5,0,-10.0,0.15,0.17,210.4,4.2,290,1,1,398,691,111,-2,117,7.3,20.1,146,30.2,28.7,0.2,3.4,2067.6,0,16.83,2.0,12.0,13.5,8.2,8.4,11.3,15.0,14.7,14.4,36.2,38.9,15,29,13.4,18.2,35,32,25,0,0,0,6,6,4,0,26,20,9,27,23,25,29,29,28,45.02,45.05,44.43,40,320,3.2,0,0,0
7.32,292,0.24,0.25,0.25,10.6,10.6,11.3,0,-27.3,0.15,0.13,209.3,2.5,285,1,1,384,690,68,1,67,7.2,13.1,95,27.9,26.5,0.4,4.0,1747.2,0,16.35,2.0,12.1,13.5,8.2,8.4,11.3,14.9,14.5,14.4,36.2,39.0,15,29,13.5,18.1,33,30,25,0,0,0,6,6,4,0,26,19,9,27,22,25,29,29,28,45.03,45.05,44.42,41,330,3.1,0,0,0
7.22,244,0.24,0.25,0.25,11.3,10.5,10.4,0,6.6,0.03,0.21,209.8,2.5,275,1,1,380,688,72,1,80,7.2,13.9,98,29.7,28.4,0.6,3.8,1359.8,0,15.75,2.0,12.1,13.4,8.1,8.4,11.2,14.8,14.6,14.4,36.3,38.9,14,29,13.5,18.2,35,31,25,0,0,0,6,6,4,0,26,20,9,26,22,25,29,29,28,45.02,45.05,44.43,41,320,3.1,0,0,0
7.38,272,0.24,0.25,0.25,10.5,11.1,10.5,0,12.6,0.02,0.03,209.8,2.9,272,1,1,388,688,112,-2,113,7.2,21.0,146,30.8,29.7,0.6,3.8,2067.6,0,16.83,2.0,12.0,13.4,8.1,8.3,11.2,14.8,14.7,14.4,36.3,39.0,14,29,13.5,18.2,36,33,25,0,0,0,6,6,4,0,26,20,9,26,22,25,29,29,28,45.02,45.04,44.43,40,330,3.2,0,0,0
7.42,140,0.24,0.25,0.25,11.1,10.5,10.8,0,-0.8,0.14,0.09,209.8,4.2,287,1,1,394,690,109,-1,104,7.4,19.6,143,29.1,28.8,0.5,3.8,2067.6,0,16.83,2.0,12.1,13.4,8.1,8.4,11.2,14.9,14.7,14.4,36.2,38.9,14,29,13.4,18.2,34,31,25,0,0,0,6,6,4,0,26,20,9,27,23,25,29,29,28,45.02,45.05,44.43,40,310,3.2,0,0,0
7.39,120,0.24,0.25,0.25,10.6,10.8,11.3,0,9.1,-0.08,-0.07,209.8,4.1,269,1,1,387,689,98,1,100,7.2,17.3,135,31.6,30.5,0.6,3.8,1323.7,0,15.69,2.0,12.0,13.3,8.1,8.3,11.2,14.6,14.6,14.4,36.3,38.9,15,29,13.5,18.2,36,33,25,0,0,0,6,6,4,0,26,21,9,26,22,25,29,29,28,45.02,45.04,44.43,40,320,3.2,0,0,0
7.23,42,0.24,0.25,0.25,10.5,11.1,10.5,0,-4.2,0.14,0.1,209.6,3.2,278,1,1,381,689,60,2,67,7.0,11.9,81,32.1,30.7,0.7,3.8,2067.6,0,16.83,2.0,12.0,13.4,8.1,8.3,11.2,14.9,14.8,14.4,36.3,38.9,14,29,13.3,18.2,37,33,25,0,0,0,6,6,4,0,26,21,9,26,22,25,29,29,28,45.03,45.05,44.43,40,330,3.2,0,0,0
7.43,70,0.24,0.25,0.25,11.2,10.5,10.5,0,3.6,0.09,-0.12,211.2,3.9,290,1,1,397,690,132,-3,129,7.3,23.4,174,29.9,28.3,0.2,3.8,1500.0,0,15.98,2.0,12.1,13.5,8.2,8.4,11.2,14.9,14.7,14.4,36.2,39.0,14,29,13.5,18.1,34,32,25,0,0,0,6,6,4,0,26,20,9,26,22,25,29,29,28,45.02,45.04,44.43,41,320,3.1,0,0,0
7.42,192,0.24,0.25,0.25,10.6,10.8,11.3,0,0.2,0.07,0.16,209.1,3.7,275,1,1,389,689,111,1,111,7.3,20.8,148,32.7,31.8,0.6,3.8,2067.6,0,16.83,2.0,12.2,13.4,8.2,8.4,11.2,14.8,14.3,14.3,36.2,38.9,15,29,13.5,18.1,38,35,25,0,0,0,6,6,4,0,26,19,9,26,23,25,29,29,28,45.02,45.05,44.43,40,320,3.2,0,0,0
7.44,166,0.24,0.25,0.25,11.3,10.5,10.5,0,9.5,0.05,-0.01,209.8,3.3,273,1,1,394,689,115,1,114,7.2,20.1,149,30.8,29.7,0.6,3.8,2067.6,0,16.83,2.0,12.0,13.4,8.1,8.3,11.2,14.8,14.7,14.4,36.3,39.0,15,29,13.5,18.2,36,33,25,0,0,0,6,6,4,0,26,20,9,27,22,25,29,29,28,45.02,45.04,44.43,41,320,3.2,0,0,0
7.43,214,0.24,0.25,0.25,11.1,10.5,10.7,0,-3.1,0.1,0.36,210.2,4.1,289,1,1,390,690,115,-2,111,7.3,20.6,153,29.7,28.8,0.2,3.4,2067.6,0,16.83,2.0,12.0,13.5,8.2,8.4,11.3,15.1,14.7,14.4,36.2,39.0,15,29,13.4,18.2,35,32,25,0,0,0,6,6,4,0,26,20,9,26,22,25,29,29,28,45.02,45.05,44.43,42,330,3.1,0,0,0
7.33,224,0.24,0.25,0.25,10.4,10.7,11.3,0,-4.1,0.19,0.23,209.6,3.5,274,1,1,388,689,86,-2,82,7.1,16.1,115,31.8,30.6,0.7,3.8,2067.6,0,16.83,2.0,12.0,13.4,8.1,8.3,11.2,14.8,14.7,14.4,36.3,38.9,14,29,13.3,18.2,37,34,25,0,0,0,6,6,4,0,26,21,9,27,22,25,29,29,28,45.02,45.05,44.43,41,330,3.1,0,0,0
7.43,262,0.24,0.25,0.25,10.5,10.7,11.3,0,2.4,0.07,0.14,209.1,3.7,274,1,1,390,689,113,1,122,7.4,19.5,149,33.0,31.6,0.7,3.8,2067.6,0,16.83,2.0,12.1,13.5,8.2,8.4,11.3,15.0,14.5,14.3,36.2,38.9,15,29,13.5,18.1,38,36,25,0,0,0,6,6,4,0,26,19,9,27,22,25,29,29,28,45.02,45.05,44.43,40,330,3.2,0,0,0
7.23,186,0.24,0.25,0.25,10.6,10.7,10.5,0,25.3,-0.04,0.03,209.4,2.5,267,1,1,382,690,52,4,50,7.0,10.6,73,32.2,30.7,0.7,3.8,907.4,0,14.09,2.0,12.0,13.3,8.1,8.3,11.1,14.8,14.6,14.4,36.3,39.0,15,29,13.4,18.3,37,33,25,0,0,0,6,6,4,0,26,21,9,26,23,25,29,29,28,45.02,45.05,44.42,40,310,3.2,0,0,0
7.37,256,0.24,0.25,0.25,10.9,10.6,10.5,0,-13.0,0.26,0.08,209.3,4.1,276,1,1,386,689,96,2,95,7.3,18.8,128,27.3,27.3,0.5,3.7,2067.6,0,16.83,2.0,12.1,13.5,8.2,8.4,11.2,14.9,14.6,14.4,36.2,38.9,13,29,13.5,18.1,33,31,25,0,0,0,6,6,4,0,26,19,9,27,22,25,29,29,28,45.03,45.05,44.43,40,330,3.2,0,0,0
8.35,340,0.24,0.25,0.25,11.2,10.6,10.5,0,2.2,-0.03,0.08,209.1,5.1,274,1,1,410,689,183,1,182,8.0,29.7,216,33.1,31.7,0.7,3.9,2067.6,0,16.83,2.0,12.1,13.5,8.2,8.4,11.2,15.0,14.4,14.3,36.2,38.9,14,29,13.5,18.1,37,36,25,0,0,0,6,6,4,0,26,19,9,27,22,25,29,29,28,45.02,45.05,44.42,41,320,3.2,0,0,0
7.34,148,0.24,0.25,0.25,10.6,10.9,10.5,0,-23.0,-0.08,0.06,209.4,3.6,282,1,1,386,690,67,1,64,7.0,12.5,94,28.0,26.6,0.4,4.0,1747.2,0,16.35,2.0,12.1,13.5,8.2,8.4,11.2,14.9,14.5,14.4,36.2,38.9,15,29,13.5,18.1,33,30,25,0,0,0,6,6,4,0,26,19,9,26,23,25,29,29,28,45.02,45.05,44.43,40,320,3.1,0,0,0
7.22,12,0.24,0.25,0.25,11.2,10.4,10.8,0,20.3,-0.12,-0.02,209.8,2.8,267,1,1,381,689,57,1,63,6.9,11.0,78,31.3,30.0,0.7,3.8,1154.8,0,15.27,2.0,12.0,13.4,8.1,8.3,11.2,14.9,14.7,14.4,36.3,38.9,14,29,13.5,18.2,36,32,25,0,0,0,6,6,4,0,26,21,9,26,22,25,29,29,28,45.02,45.04,44.43,40,330,3.1,0,0,0
7.33,40,0.24,0.25,0.25,11.1,10.4,10.7,0,-16.7,-0.02,0.08,209.1,3.1,280,1,1,382,689,78,2,79,7.2,14.8,105,27.6,26.7,0.4,4.0,1747.2,0,16.35,2.0,12.1,13.5,8.2,8.4,11.2,14.9,14.5,14.4,36.2,38.9,14,29,13.5,18.1,33,30,25,0,0,0,6,6,4,0,26,19,9,27,23,25,29,29,28,45.02,45.05,44.43,40,320,3.2,0,0,0
7.33,280,0.24,0.25,0.25,10.5,10.9,11.1,0,4.9,0.09,0.2,209.8,4.2,274,1,1,380,689,80,2,77,7.2,15.3,107,29.7,28.7,0.5,3.7,1851.6,0,16.51,2.0,12.0,13.5,8.1,8.4,11.3,15.0,14.7,14.4,36.2,38.9,14,29,13.4,18.2,35,32,25,0,0,0,6,6,4,0,26,20,9,26,23,25,29,29,28,45.02,45.05,44.42,41,320,3.2,0,0,0
7.42,10,0.24,0.25,0.25,11.1,10.4,10.6,0,3.8,0.01,0.15,209.1,4.3,268,1,1,394,689,117,-1,122,7.2,20.9,153,28.8,29.5,0.5,3.7,2067.6,0,16.83,2.0,12.1,13.5,8.3,8.4,11.3,14.8,14.7,14.4,36.2,39.0,15,29,13.5,18.1,34,32,25,0,0,0,6,6,4,0,26,19,9,26,22,25,29,29,28,45.02,45.05,44.43,41,330,3.2,0,0,0
7.38,100,0.24,0.25,0.25,11.3,10.5,10.5,0,7.2,-0.01,-0.08,209.6,3.5,274,1,1,388,689,101,-1,101,7.1,17.6,135,29.7,28.8,0.6,3.8,1851.6,0,16.51,2.0,12.0,13.5,8.1,8.4,11.3,14.8,14.7,14.4,36.2,38.9,15,29,13.5,18.2,35,31,25,0,0,0,6,6,4,0,26,20,9,26,22,25,29,29,28,45.02,45.05,44.43,40,330,3.1,0,0,0
7.32,296,0.24,0.25,0.25,10.5,11.1,10.6,0,16.9,0.08,0.16,209.3,3.7,267,1,1,386,689,106,-2,101,7.3,21.3,136,29.9,30.9,0.5,3.7,2067.6,0,16.83,2.0,12.1,13.5,8.3,8.4,11.3,14.9,14.5,14.4,36.2,38.9,15,29,13.5,18.1,35,33,25,0,0,0,6,6,4,0,26,19,9,26,22,25,29,29,28,45.02,45.05,44.43,40,330,3.1,0,0,0
7.23,160,0.24,0.25,0.25,10.5,10.8,11.3,0,8.6,0.08,0.19,209.8,2.9,272,1,1,379,687,61,1,64,7.1,12.2,86,31.1,29.7,0.7,3.9,1747.2,0,16.35,2.0,12.0,13.4,8.1,8.3,11.2,14.8,14.6,14.4,36.3,39.0,15,29,13.5,18.2,36,33,25,0,0,0,6,6,4,0,26,21,9,27,22,25,29,29,28,45.02,45.05,44.43,39,320,3.1,0,0,0
7.22,268,0.24,0.25,0.25,10.8,10.6,10.6,0,-7.6,-0.09,0.03,209.4,1.4,274,1,1,376,688,57,-1,55,7.2,11.3,78,31.5,30.2,0.6,3.8,1284.6,0,15.63,2.0,12.0,13.4,8.1,8.3,11.2,14.9,14.7,14.4,36.3,39.0,14,29,13.5,18.2,36,33,25,0,0,0,6,6,4,0,26,21,9,27,22,25,29,29,28,45.02,45.05,44.43,41,330,3.1,0,0,0
7.43,114,0.24,0.25,0.25,10.6,11.1,10.8,0,-2.4,0.1,0.11,209.2,5.2,271,1,1,387,690,114,1,114,7.3,21.9,149,28.3,28.2,0.5,3.7,2067.6,0,16.83,2.0,12.0,13.5,8.2,8.4,11.3,15.1,14.5,14.4,36.2,38.9,15,29,13.5,18.1,34,31,25,0,0,0,6,6,4,0,26,19,9,26,22,25,29,29,28,45.02,45.04,44.43,40,330,3.1,0,0,0
7.39,316,0.24,0.25,0.25,10.5,11.1,10.7,0,6.0,0.12,0.33,209.9,4.4,274,1,1,383,690,88,1,89,7.1,16.3,116,29.7,28.6,0.7,3.9,1851.6,0,16.51,2.0,12.0,13.4,8.1,8.4,11.3,14.8,14.6,14.4,36.2,39.0,15,29,13.5,18.2,35,31,25,0,0,0,6,6,4,0,26,20,9,27,23,25,29,29,28,45.02,45.05,44.43,41,320,3.2,0,0,0
7.44,228,0.24,0.25,0.25,11.3,10.5,10.6,0,8.5,-0.12,-0.06,209.7,3.8,269,1,1,388,689,112,1,119,7.4,20.3,149,31.6,30.2,0.6,3.8,1323.7,0,15.69,2.0,12.0,13.4,8.1,8.3,11.2,14.7,14.7,14.4,36.3,38.9,14,29,13.5,18.2,36,33,25,0,0,0,6,6,4,0,26,21,9,27,23,25,29,29,28,45.02,45.04,44.42,40,310,3.1,0,0,0
7.22,152,0.24,0.25,0.25,11.3,10.5,10.4,0,20.5,0.03,0.13,209.6,2.7,273,1,1,379,688,55,0,54,7.2,10.5,76,32.1,31.2,0.7,3.9,1607.0,0,16.14,2.0,12.0,13.4,8.1,8.3,11.1,14.8,14.6,14.4,36.3,38.9,14,29,13.3,18.2,37,33,25,0,0,0,6,6,4,0,26,21,9,26,22,25,29,29,28,45.02,45.04,44.43,40,330,3.2,0,0,0
7.28,212,0.24,0.25,0.25,10.5,10.9,10.9,0,13.5,-0.09,-0.07,209.8,2.9,277,1,1,386,690,61,2,69,7.0,11.8,88,29.5,28.1,0.4,3.6,2067.6,0,16.83,2.0,12.1,13.4,8.1,8.4,11.2,14.9,14.5,14.4,36.2,38.9,15,29,13.5,18.2,34,31,25,0,0,0,6,6,4,0,26,20,9,27,22,25,29,29,28,45.02,45.05,44.43,40,330,3.1,0,0,0
7.21,18,0.24,0.25,0.25,10.5,11.1,10.5,0,15.8,0.21,0.18,209.7,2.8,270,1,1,387,688,73,-2,71,7.0,14.2,92,31.1,30.0,0.7,3.8,1747.2,0,16.35,2.0,12.0,13.5,8.1,8.3,11.2,15.0,14.8,14.4,36.3,38.9,15,29,13.5,18.2,36,33,25,0,0,0,6,6,4,0,26,21,9,27,23,25,29,29,28,45.02,45.05,44.43,40,310,3.2,0,0,0
8.76,54,0.24,0.25,0.25,10.8,10.9,10.7,0,-0.4,0.04,0.09,209.2,4.9,267,1,1,424,689,210,1,209,8.6,33.1,236,32.5,31.1,0.7,3.9,2067.6,0,16.83,2.2,12.0,13.4,8.2,8.4,11.2,14.8,14.4,14.4,36.1,38.9,14,29,13.5,18.1,37,36,25,0,0,0,6,6,4,0,26,19,9,26,23,25,29,29,28,45.03,45.05,44.43,40,320,3.1,0,0,0
7.42,298,0.24,0.25,0.25,10.7,10.6,11.1,0,0.1,-0.02,0.09,209.3,3.4,275,1,1,389,689,110,2,118,7.4,20.5,148,32.9,31.7,0.7,3.8,2067.6,0,16.83,2.0,12.1,13.5,8.2,8.4,11.3,15.0,14.5,14.3,36.2,38.9,14,29,13.5,18.1,38,36,25,0,0,0,6,6,4,0,26,19,9,27,22,25,29,29,28,45.02,45.05,44.42,40,330,3.1,0,0,0
7.42,238,0.24,0.25,0.25,10.9,10.4,10.8,0,5.3,-0.05,0.13,209.7,3.6,272,1,1,387,688,117,0,120,7.2,20.5,153,30.7,29.1,0.7,3.9,2067.6,0,16.83,2.0,12.1,13.3,8.1,8.3,11.1,14.7,14.6,14.4,36.3,39.0,15,29,13.5,18.2,35,33,25,0,0,0,6,6,4,0,26,20,9,26,23,25,29,29,28,45.02,45.04,44.43,40,310,3.1,0,0,0
7.37,44,0.24,0.25,0.25,10.8,10.5,11.0,0,21.2,0.09,0.19,209.4,3.5,266,1,1,395,689,109,1,107,7.1,20.2,144,29.4,30.4,0.5,3.7,2067.6,0,16.83,2.0,12.1,13.5,8.2,8.4,11.3,14.9,14.5,14.4,36.2,39.0,14,29,13.5,18.1,35,33,25,0,0,0,6,6,4,0,26,19,9,26,22,25,29,29,28,45.02,45.04,44.43,40,320,3.2,0,0,0
7.32,232,0.24,0.25,0.25,11.0,10.4,10.6,0,5.9,-0.04,0.04,209.8,2.9,272,1,1,383,687,77,0,75,7.0,14.4,104,31.4,30.0,0.7,3.8,1747.2,0,16.35,2.0,12.0,13.4,8.1,8.3,11.2,14.9,14.7,14.4,36.3,39.1,14,29,13.5,18.2,36,33,25,0,0,0,6,6,4,0,26,21,9,27,22,25,29,29,28,45.02,45.05,44.42,40,320,3.1,0,0,0
8.7,18,0.24,0.25,0.25,11.2,10.5,10.6,0,-1.5,0.17,0.08,209.3,4.1,272,1,1,418,689,212,-1,210,8.5,32.9,237,32.7,31.3,0.7,3.9,2067.6,0,16.83,2.2,12.0,13.4,8.2,8.4,11.3,14.9,14.5,14.3,36.2,38.9,15,29,13.5,18.1,37,36,25,0,0,0,6,6,4,0,26,19,9,26,22,25,29,29,28,45.02,45.05,44.43,41,330,3.2,0,0,0
7.42,336,0.24,0.25,0.25,11.1,10.6,10.6,0,-2.0,0.0,0.08,209.4,3.8,275,1,1,390,689,110,1,105,7.1,20.5,146,32.7,31.9,0.6,3.8,2067.6,0,16.83,2.0,12.2,13.4,8.2,8.4,11.2,14.7,14.3,14.4,36.2,38.9,14,29,13.5,18.1,38,35,25,0,0,0,6,6,4,0,26,19,9,27,23,25,29,29,28,45.02,45.05,44.43,40,310,3.2,0,0,0
7.33,134,0.24,0.25,0.25,10.5,10.8,11.4,0,4.6,0.06,0.11,209.8,3.4,275,1,1,384,689,82,-2,82,7.1,14.5,112,30.2,29.0,0.7,3.9,1815.4,0,16.45,2.0,12.0,13.5,8.1,8.4,11.2,15.1,14.7,14.4,36.2,39.0,14,29,13.5,18.2,35,32,25,0,0,0,6,6,4,0,26,20,9,26,22,25,29,29,28,45.02,45.05,44.42,41,320,3.2,0,0,0
7.22,82,0.24,0.25,0.25,10.6,10.9,11.1,0,-3.1,-0.09,0.1,209.7,3.4,278,1,1,382,689,56,0,54,7.1,11.4,75,31.7,30.4,0.6,3.8,2067.6,0,16.83,2.0,12.0,13.4,8.1,8.3,11.2,14.9,14.8,14.4,36.3,38.9,14,29,13.3,18.2,37,33,25,0,0,0,6,6,4,0,26,21,9,26,22,25,29,29,28,45.03,45.05,44.43,40,330,3.2,0,0,0
7.24,64,0.24,0.25,0.25,10.5,11.1,10.6,0,7.8,0.1,0.29,209.8,2.7,275,1,1,384,689,52,0,56,7.2,11.4,72,29.9,28.4,0.5,3.7,1359.8,0,15.75,2.0,12.1,13.4,8.2,8.4,11.2,14.7,14.6,14.4,36.2,39.0,14,29,13.5,18.2,35,31,25,0,0,0,6,6,4,0,26,20,9,27,22,25,29,29,28,45.02,45.05,44.43,42,320,3.2,0,0,0
8.69,268,0.24,0.25,0.25,11.2,10.5,10.5,0,-10.2,-0.07,0.1,209.3,4.2,274,1,1,421,690,212,1,217,8.5,32.3,237,32.7,31.4,0.7,3.9,2067.6,0,16.83,2.2,12.0,13.5,8.2,8.4,11.3,14.9,14.4,14.3,36.2,38.9,14,29,13.5,18.1,37,36,25,0,0,0,6,6,4,0,26,19,9,26,23,25,29,29,28,45.02,45.05,44.42,41,310,3.1,0,0,0
7.21,42,0.24,0.25,0.25,10.6,10.5,11.3,0,30.7,0.08,0.12,209.4,2.4,268,1,1,380,689,48,1,49,7.1,10.2,70,32.3,31.0,0.7,3.9,1607.0,0,16.14,2.0,12.0,13.4,8.1,8.3,11.1,14.8,14.6,14.4,36.3,39.0,15,29,13.4,18.3,37,33,25,0,0,0,6,6,4,0,26,21,9,26,23,25,29,29,28,45.02,45.04,44.43,42,320,3.1,0,0,0
8.71,306,0.24,0.25,0.25,10.7,10.6,11.2,0,-3.8,0.05,0.1,209.4,4.9,272,1,1,424,689,209,-2,210,8.5,33.3,235,32.9,31.5,0.7,3.9,2067.6,0,16.83,2.2,12.0,13.4,8.2,8.4,11.2,14.8,14.5,14.3,36.1,39.0,15,29,13.5,18.1,37,36,25,0,0,0,6,6,4,0,26,19,9,26,22,25,29,29,28,45.02,45.05,44.43,41,330,3.2,0,0,0
8.65,266,0.24,0.25,0.25,10.6,11.1,10.7,0,0.7,0.09,0.11,209.1,4.3,275,1,1,417,689,211,1,212,8.5,32.5,237,33.0,31.8,0.7,3.9,2067.6,0,16.83,2.1,12.0,13.5,8.2,8.4,11.3,15.0,14.5,14.3,36.2,38.9,15,29,13.5,18.1,37,36,25,0,0,0,6,6,4,0,26,19,9,26,23,25,29,29,28,45.02,45.04,44.43,41,320,3.1,0,0,0
7.21,234,0.24,0.25,0.25,11.3,10.6,10.6,0,1.4,0.13,0.18,209.7,1.6,272,1,1,384,688,60,-2,56,7.0,11.9,78,31.3,30.1,0.6,3.8,1284.6,0,15.63,2.0,12.0,13.4,8.1,8.3,11.2,14.9,14.7,14.4,36.3,39.0,14,29,13.5,18.2,36,33,25,0,0,0,6,6,4,0,26,21,9,26,22,25,29,29,28,45.02,45.05,44.43,40,330,3.1,0,0,0
7.13,338,0.24,0.25,0.25,10.5,10.8,11.3,0,18.0,-0.09,0.0,209.9,2.3,270,1,1,378,688,28,1,24,6.9,6.3,40,31.4,30.0,0.6,3.8,1284.6,0,15.63,2.0,12.1,13.3,8.1,8.3,11.1,14.8,14.6,14.4,36.3,39.1,14,29,13.5,18.2,36,32,25,0,0,0,6,6,4,0,26,21,9,27,22,25,29,29,28,45.02,45.05,44.43,40,330,3.1,0,0,0
8.03,230,0.24,0.25,0.25,11.3,10.5,10.6,0,2.4,0.08,0.12,209.1,3.2,274,1,1,406,689,170,-1,165,7.9,29.2,204,33.0,31.7,0.7,3.9,2067.6,0,16.83,2.0,12.1,13.5,8.2,8.4,11.2,15.0,14.4,14.3,36.2,39.0,14,29,13.5,18.1,38,36,25,0,0,0,6,6,4,0,26,19,9,27,22,25,29,29,28,45.02,45.04,44.43,41,330,3.1,0,0,0
7.43,190,0.24,0.25,0.25,10.6,10.8,10.5,0,8.9,0.03,0.02,209.1,3.8,267,1,1,394,690,106,1,108,7.4,19.8,142,29.3,30.2,0.5,3.7,2067.6,0,16.83,2.0,12.1,13.5,8.3,8.4,11.3,14.9,14.5,14.4,36.2,38.9,15,29,13.5,18.1,35,32,25,0,0,0,6,6,4,0,26,19,9,26,23,25,29,29,28,45.03,45.05,44.43,41,310,3.1,0,0,0
8.75,20,0.24,0.25,0.25,10.8,10.8,11.4,0,11.1,0.02,0.1,209.4,3.9,265,1,1,421,689,212,0,212,8.5,32.2,237,32.6,31.4,0.7,3.9,2067.6,0,16.83,2.2,12.1,13.3,8.1,8.4,11.1,14.5,14.3,14.3,36.1,39.0,15,29,13.5,18.1,37,36,25,0,0,0,6,6,4,0,26,19,9,27,23,25,29,29,28,45.02,45.05,44.43,41,320,3.2,0,0,0
7.33,330,0.24,0.25,0.25,10.9,10.6,10.5,0,-6.3,-0.15,0.04,209.6,3.9,278,1,1,380,689,66,-3,77,7.1,13.3,91,32.1,30.9,0.7,3.8,2067.6,0,16.83,2.0,12.0,13.4,8.1,8.3,11.2,14.9,14.7,14.4,36.3,39.0,14,29,13.3,18.2,37,34,25,0,0,0,6,6,4,0,26,21,9,26,22,25,29,29,28,45.02,45.05,44.43,41,320,3.2,0,0,0
7.42,22,0.24,0.25,0.25,11.1,10.6,10.5,0,10.1,0.02,0.18,209.7,3.4,272,1,1,391,689,115,-1,117,7.2,21.5,150,30.5,29.3,0.6,3.8,1946.7,0,16.65,2.0,12.0,13.4,8.1,8.4,11.2,14.9,14.6,14.4,36.3,39.0,14,29,13.5,18.2,35,32,25,0,0,0,6,6,4,0,26,20,9,27,22,25,29,29,28,45.02,45.05,44.43,41,330,3.2,0,0,0
7.43,58,0.24,0.25,0.25,10.8,10.5,10.9,0,6.0,-0.03,-0.05,210.0,4.2,275,1,1,390,688,111,0,107,7.2,20.0,149,30.5,29.4,0.6,3.8,1723.4,0,16.31,2.0,12.0,13.4,8.1,8.3,11.2,14.8,14.7,14.4,36.2,38.9,14,29,13.5,18.2,35,32,25,0,0,0,6,6,4,0,26,20,9,26,23,25,29,29,28,45.02,45.05,44.43,40,320,3.1,0,0,0
7.37,246,0.24,0.25,0.25,10.8,10.7,10.6,0,8.4,0.02,-0.02,209.9,3.7,274,1,1,386,689,95,0,98,7.3,17.8,131,29.8,28.9,0.8,3.9,1851.6,0,16.51,2.0,12.1,13.4,8.1,8.4,11.3,14.8,14.6,14.4,36.2,39.0,15,29,13.5,18.2,35,31,25,0,0,0,6,6,4,0,26,20,9,26,23,25,29,29,28,45.02,45.05,44.43,41,320,3.2,0,0,0
7.31,318,0.24,0.25,0.25,10.6,10.8,10.5,0,4.2,-0.05,-0.1,209.9,3.3,275,1,1,387,689,77,1,82,7.3,13.9,106,29.7,28.6,0.7,3.9,1359.8,0,15.75,2.0,12.1,13.4,8.1,8.4,11.2,14.8,14.5,14.4,36.3,39.0,14,29,13.5,18.2,35,31,25,0,0,0,6,6,4,0,26,20,9,26,22,25,29,29,28,45.02,45.05,44.43,40,320,3.1,0,0,0
7.23,16,0.24,0.25,0.25,10.6,11.0,11.1,0,-3.2,-0.07,0.03,209.8,1.9,274,1,1,376,688,38,-2,35,7.0,7.8,53,31.1,30.1,0.6,3.8,1284.6,0,15.63,2.0,12.1,13.4,8.1,8.3,11.2,14.9,14.5,14.4,36.3,39.1,14,29,13.5,18.2,36,33,25,0,0,0,6,6,4,0,26,21,9,27,22,25,29,29,28,45.02,45.04,44.43,42,320,3.1,0,0,0
8.56,274,0.24,0.25,0.25,10.8,10.6,11.0,0,13.7,0.03,0.11,209.3,5.2,265,1,1,421,690,200,2,198,8.3,31.2,227,32.5,31.0,0.7,3.9,2067.6,0,16.83,2.2,12.0,13.4,8.1,8.4,11.2,14.9,14.4,14.3,36.1,38.9,14,29,13.5,18.0,37,35,25,0,0,0,6,6,4,0,26,19,9,27,23,25,29,29,28,45.02,45.04,44.43,42,320,3.2,0,0,0
7.32,18,0.24,0.25,0.25,11.3,10.4,10.5,0,5.6,0.12,0.17,209.7,3.3,273,1,1,382,687,87,0,81,7.3,16.6,116,31.1,29.9,0.6,3.8,2067.6,0,16.83,2.0,12.0,13.4,8.1,8.3,11.2,14.8,14.8,14.4,36.3,39.0,15,29,13.5,18.2,36,33,25,0,0,0,6,6,4,0,26,20,9,26,22,25,29,29,28,45.02,45.05,44.43,40,330,3.1,0,0,0
7.47,200,0.24,0.25,0.25,11.1,10.5,10.5,0,8.8,0.03,0.0,209.8,3.2,272,1,1,393,688,122,-1,124,7.3,22.6,164,31.0,29.4,0.7,3.8,2067.6,0,16.83,2.0,12.0,13.4,8.1,8.3,11.2,14.7,14.6,14.4,36.3,39.0,14,29,13.5,18.2,36,33,25,0,0,0,6,6,4,0,26,20,9,27,22,25,29,29,28,45.02,45.05,44.43,41,320,3.1,0,0,0
7.21,320,0.24,0.25,0.25,11.0,10.5,10.7,0,15.2,-0.02,-0.05,209.8,2.5,276,1,1,381,689,73,2,80,7.0,14.3,101,29.4,27.9,0.4,3.5,2067.6,0,16.83,2.0,12.1,13.4,8.1,8.4,11.2,14.9,14.6,14.4,36.2,39.0,15,29,13.5,18.2,34,31,25,0,0,0,6,6,4,0,26,20,9,27,22,25,29,29,28,45.02,45.04,44.43,40,320,3.2,0,0,0
7.32,248,0.24,0.25,0.25,10.7,10.7,10.6,0,4.7,0.19,0.13,210.1,3.9,285,1,1,387,691,99,2,93,7.1,18.1,135,28.9,28.5,0.8,4.0,2067.6,0,16.83,2.0,12.1,13.4,8.1,8.4,11.2,14.9,14.6,14.4,36.2,38.9,14,29,13.4,18.2,34,31,25,0,0,0,6,6,4,0,26,20,9,26,23,25,29,29,28,45.02,45.05,44.43,40,320,3.1,0,0,0
7.43,186,0.24,0.25,0.25,10.6,10.5,11.3,0,-6.1,0.31,0.06,209.1,4.1,272,1,1,392,689,122,1,121,7.3,21.6,165,27.9,28.2,0.5,3.7,2067.6,0,16.83,2.0,12.1,13.5,8.2,8.4,11.3,15.1,14.6,14.4,36.2,38.9,15,29,13.5,18.1,34,31,25,0,0,0,6,6,4,0,26,19,9,27,22,25,29,29,28,45.02,45.04,44.43,39,320,3.2,0,0,0
7.37,322,0.24,0.25,0.25,10.6,10.8,10.6,0,2.1,0.09,0.34,210.1,4.0,287,1,1,393,691,112,-1,104,7.2,20.9,146,29.3,28.7,0.2,3.5,2067.6,0,16.83,2.0,12.1,13.4,8.1,8.4,11.2,15.0,14.8,14.4,36.3,38.9,15,29,13.4,18.2,35,32,25,0,0,0,6,6,4,0,26,20,9,26,22,25,29,29,28,45.02,45.05,44.43,40,320,3.1,0,0,0
7.33,158,0.24,0.25,0.25,10.5,11.0,10.9,0,8.8,-0.04,0.0,209.6,2.3,269,1,1,383,689,63,1,56,7.0,11.7,85,31.4,30.2,0.7,3.8,1154.8,0,15.27,2.0,12.1,13.3,8.1,8.3,11.1,14.8,14.7,14.4,36.3,38.9,15,29,13.5,18.2,36,32,25,0,0,0,6,6,4,0,26,21,9,27,22,25,29,29,28,45.02,45.05,44.43,40,320,3.1,0,0,0
7.43,216,0.24,0.25,0.25,10.6,10.6,11.3,0,-10.9,-0.05,-0.1,210.5,4.8,290,1,1,393,690,115,0,113,7.2,20.1,151,29.9,28.3,0.2,3.7,2067.6,0,16.83,2.0,12.0,13.5,8.2,8.4,11.3,14.9,14.7,14.4,36.2,39.0,14,29,13.5,18.1,35,32,25,0,0,0,6,6,4,0,26,20,9,27,22,25,29,29,28,45.02,45.05,44.43,41,320,3.1,0,0,0
8.36,304,0.24,0.25,0.25,11.3,10.5,10.6,0,3.8,0.07,0.14,209.4,4.8,274,1,1,408,688,186,1,190,8.2,31.1,220,32.9,31.5,0.7,3.9,2067.6,0,16.83,2.0,12.1,13.5,8.2,8.4,11.2,15.0,14.5,14.3,36.2,38.9,14,29,13.5,18.1,37,36,25,0,0,0,6,6,4,0,26,19,9,26,22,25,29,29,28,45.02,45.05,44.43,41,320,3.2,0,0,0
7.48,142,0.24,0.25,0.25,10.6,10.7,10.6,0,1.3,0.03,0.24,211.0,4.2,289,1,1,399,690,125,-2,121,7.2,22.9,168,29.5,28.1,0.2,3.8,1500.0,0,15.98,2.0,12.1,13.5,8.2,8.4,11.2,14.9,14.7,14.4,36.2,38.9,14,29,13.5,18.1,34,32,25,0,0,0,6,6,4,0,26,20,9,26,23,25,29,29,28,45.02,45.05,44.43,41,320,3.1,0,0,0
7.43,312,0.24,0.25,0.25,10.5,10.6,11.3,0,12.5,0.07,0.26,209.8,3.5,273,1,1,387,689,101,2,108,7.4,19.1,130,30.6,29.4,0.5,3.7,1946.7,0,16.65,2.0,12.0,13.4,8.1,8.4,11.2,15.0,14.7,14.4,36.2,38.9,15,29,13.5,18.2,35,32,25,0,0,0,6,6,4,0,26,20,9,26,22,25,29,29,28,45.02,45.05,44.43,41,320,3.2,0,0,0
8.62,22,0.24,0.25,0.25,10.7,10.9,10.6,0,7.3,0.03,0.12,209.2,5.6,266,1,1,418,689,202,0,206,8.5,30.7,228,32.4,31.1,0.7,3.9,2067.6,0,16.83,2.2,12.1,13.3,8.1,8.4,11.1,14.9,14.4,14.3,36.1,38.8,14,29,13.5,18.0,37,36,25,0,0,0,6,6,4,0,26,19,9,26,23,25,29,29,28,45.02,45.05,44.42,40,320,3.1,0,0,0
7.43,46,0.24,0.25,0.25,11.3,10.5,10.5,0,-3.9,0.1,0.0,209.7,4.2,272,1,1,390,689,106,0,108,7.1,19.3,141,31.9,30.9,0.7,3.9,2067.6,0,16.83,2.0,12.0,13.4,8.1,8.3,11.2,14.8,14.8,14.4,36.3,39.0,14,29,13.4,18.2,37,34,25,0,0,0,6,6,4,0,26,21,9,27,22,25,29,29,28,45.02,45.04,44.43,41,320,3.1,0,0,0
8.81,304,0.24,0.25,0.25,10.7,10.8,10.7,0,-6.6,-0.04,0.12,209.3,4.4,270,1,1,423,689,216,1,215,8.6,32.8,240,32.6,31.5,0.7,3.9,2067.6,0,16.83,2.2,12.1,13.4,8.2,8.4,11.2,14.8,14.4,14.3,36.1,38.9,14,29,13.5,18.1,37,36,25,0,0,0,6,6,4,0,26,19,9,27,22,25,29,29,28,45.02,45.04,44.43,41,330,3.2,0,0,0
7.54,296,0.24,0.25,0.25,11.0,10.5,10.6,0,0.4,-0.19,0.21,209.1,4.7,269,1,1,397,690,134,1,137,7.2,24.7,174,28.5,28.7,0.5,3.7,2067.6,0,16.83,2.0,12.1,13.5,8.2,8.4,11.3,14.9,14.6,14.4,36.2,38.9,14,29,13.5,18.1,34,31,25,0,0,0,6,6,4,0,26,19,9,27,22,25,29,29,28,45.02,45.05,44.43,42,320,3.1,0,0,0
8.75,122,0.24,0.25,0.25,10.9,10.5,10.9,0,-10.8,0.03,0.12,209.4,5.6,276,1,1,423,689,211,-1,206,8.6,32.8,237,32.7,31.6,0.7,3.9,2067.6,0,16.83,2.1,12.0,13.5,8.2,8.4,11.2,14.9,14.4,14.3,36.2,39.0,15,29,13.5,18.1,37,36,25,0,0,0,6,6,4,0,26,19,9,26,22,25,29,29,28,45.02,45.05,44.43,40,320,3.2,0,0,0
7.32,144,0.24,0.25,0.25,10.6,10.8,11.4,0,-24.5,-0.12,0.03,209.1,3.0,289,1,1,386,690,83,-1,80,7.1,15.8,108,28.7,27.2,0.4,4.0,1738.9,0,16.34,2.0,12.1,13.4,8.2,8.4,11.2,14.8,14.5,14.4,36.2,38.9,15,29,13.5,18.1,34,31,25,0,0,0,6,6,4,0,26,19,9,27,22,25,29,29,28,45.02,45.04,44.43,40,330,3.2,0,0,0
7.33,208,0.24,0.25,0.25,10.5,10.9,10.5,0,4.3,0.0,-0.1,209.8,3.2,274,1,1,389,689,97,0,87,7.0,17.0,123,29.7,28.8,0.6,3.7,1851.6,0,16.51,2.0,12.0,13.5,8.1,8.4,11.3,14.9,14.7,14.4,36.2,39.0,15,29,13.4,18.2,35,31,25,0,0,0,6,6,4,0,26,20,9,27,22,25,29,29,28,45.02,45.05,44.42,41,330,3.2,0,0,0
7.43,150,0.24,0.25,0.25,10.9,10.6,10.5,0,9.1,0.12,0.25,209.3,4.4,267,1,1,385,689,105,1,108,7.3,19.6,141,29.5,30.1,0.5,3.7,2067.6,0,16.83,2.0,12.1,13.5,8.3,8.4,11.3,14.8,14.5,14.4,36.2,38.9,15,29,13.5,18.1,35,32,25,0,0,0,6,6,4,0,26,19,9,27,23,25,29,29,28,45.02,45.05,44.43,41,310,3.1,0,0,0
7.21,294,0.24,0.25,0.25,10.6,10.5,11.2,0,15.8,0.08,0.18,209.8,3.0,265,1,1,380,689,57,2,53,7.0,10.9,77,32.3,31.0,0.7,3.9,907.4,0,14.09,2.0,12.0,13.4,8.1,8.3,11.1,14.8,14.7,14.4,36.3,39.0,15,29,13.4,18.3,37,33,25,0,0,0,6,6,4,0,26,21,9,26,22,25,29,29,28,45.02,45.04,44.43,40,330,3.2,0,0,0
7.22,54,0.24,0.25,0.25,10.6,11.1,10.7,0,3.2,-0.1,0.03,209.7,2.3,272,1,1,378,687,54,1,59,7.2,11.9,77,31.4,29.8,0.7,3.8,1747.2,0,16.35,2.0,12.0,13.5,8.1,8.3,11.2,15.0,14.8,14.4,36.3,39.0,14,29,13.5,18.2,36,33,25,0,0,0,6,6,4,0,26,21,9,27,23,25,29,29,28,45.02,45.05,44.43,40,320,3.2,0,0,0
8.31,16,0.24,0.25,0.25,10.6,10.8,10.6,0,1.2,0.09,0.1,209.1,4.7,274,1,1,409,688,182,1,188,8.2,28.9,217,33.0,31.7,0.7,3.9,2067.6,0,16.83,2.0,12.1,13.5,8.2,8.4,11.2,15.0,14.4,14.3,36.2,38.9,15,29,13.5,18.1,37,36,25,0,0,0,6,6,4,0,26,19,9,26,22,25,29,29,28,45.03,45.05,44.42,41,320,3.2,0,0,0
7.27,24,0.24,0.25,0.25,10.5,11.0,10.8,0,1.5,-0.04,0.04,210.0,3.6,275,1,1,384,689,82,-2,74,7.1,16.3,109,30.3,29.1,0.7,3.9,1723.4,0,16.31,2.0,12.0,13.4,8.1,8.4,11.2,14.9,14.7,14.4,36.2,39.0,15,29,13.5,18.2,35,32,25,0,0,0,6,6,4,0,26,20,9,27,23,25,29,29,28,45.02,45.05,44.43,40,320,3.1,0,0,0
8.65,236,0.24,0.25,0.25,11.2,10.6,10.6,0,1.9,0.04,0.07,209.4,5.3,267,1,1,423,689,206,-2,202,8.5,32.5,231,32.4,31.1,0.7,3.9,2067.6,0,16.83,2.2,12.1,13.3,8.1,8.4,11.1,14.7,14.4,14.3,36.2,38.9,14,29,13.5,18.1,37,36,25,0,0,0,6,6,4,0,26,19,9,27,22,25,29,29,28,45.02,45.05,44.42,41,330,3.2,0,0,0
7.12,220,0.24,0.25,0.25,10.5,11.0,10.4,0,22.6,0.09,0.19,209.8,2.4,267,1,1,384,689,48,-2,48,7.2,9.5,61,32.4,30.9,0.7,3.9,907.4,0,14.09,2.0,12.0,13.3,8.1,8.3,11.1,14.8,14.6,14.4,36.3,39.0,15,29,13.4,18.3,37,33,25,0,0,0,6,6,4,0,26,21,9,27,22,25,29,29,28,45.02,45.05,44.42,40,320,3.2,0,0,0
7.48,258,0.24,0.25,0.25,11.4,10.5,10.4,0,-7.9,-0.17,0.13,209.4,4.0,272,1,1,393,690,122,1,122,7.2,21.7,159,27.8,28.1,0.5,3.7,2067.6,0,16.83,2.0,12.1,13.5,8.2,8.4,11.3,15.0,14.6,14.3,36.2,38.8,15,29,13.5,18.1,34,31,25,0,0,0,6,6,4,0,26,19,9,27,23,25,29,29,28,45.02,45.04,44.43,40,320,3.2,0,0,0
7.33,114,0.24,0.25,0.25,11.3,10.4,10.6,0,-11.3,0.06,0.1,209.1,3.6,278,1,1,386,690,83,1,82,7.3,16.4,116,27.1,26.9,0.5,3.7,2067.6,0,16.83,2.0,12.1,13.5,8.2,8.4,11.2,14.9,14.5,14.4,36.2,38.9,15,29,13.5,18.1,33,30,25,0,0,0,6,6,4,0,26,19,9,26,23,25,29,29,28,45.02,45.05,44.42,42,310,3.1,0,0,0
7.33,228,0.24,0.25,0.25,10.7,10.5,11.2,0,10.7,0.2,0.28,209.8,2.5,269,1,1,383,688,76,1,74,7.1,14.1,103,31.4,30.3,0.6,3.8,1323.7,0,15.69,2.0,12.1,13.3,8.1,8.3,11.1,14.6,14.6,14.4,36.3,39.0,15,29,13.5,18.2,36,32,25,0,0,0,6,6,4,0,26,21,9,27,22,25,29,29,28,45.02,45.05,44.43,41,330,3.1,0,0,0
7.38,226,0.24,0.25,0.25,10.5,11.1,10.6,0,4.0,-0.13,0.0,209.8,4.1,270,1,1,393,690,112,1,111,7.4,22.3,151,31.8,30.4,0.7,3.9,2067.6,0,16.83,2.0,12.0,13.4,8.1,8.3,11.2,14.7,14.7,14.4,36.3,39.1,15,29,13.4,18.2,36,34,25,0,0,0,6,6,4,0,26,21,9,26,22,25,29,29,28,45.02,45.04,44.43,40,330,3.2,0,0,0
7.42,308,0.24,0.25,0.25,11.3,10.6,10.5,0,4.5,0.05,0.23,209.9,3.5,273,1,1,394,689,114,1,112,7.1,20.6,151,30.9,29.4,0.7,3.9,2067.6,0,16.83,2.0,12.1,13.4,8.1,8.3,11.2,14.7,14.6,14.4,36.3,38.9,15,29,13.5,18.2,35,33,25,0,0,0,6,6,4,0,26,20,9,27,23,25,29,29,28,45.02,45.04,44.43,40,310,3.2,0,0,0
8.75,340,0.24,0.25,0.25,10.6,11.0,10.7,0,-6.5,0.12,0.09,209.1,4.3,271,1,1,424,690,213,2,218,8.8,32.3,239,32.6,31.2,0.7,3.9,2067.6,0,16.83,2.2,12.1,13.4,8.1,8.4,11.2,14.8,14.4,14.3,36.1,38.9,15,29,13.5,18.1,37,36,25,0,0,0,6,6,4,0,26,19,9,27,22,25,29,29,28,45.02,45.04,44.42,41,330,3.2,0,0,0
7.33,8,0.24,0.25,0.25,11.3,10.6,10.6,0,-5.8,-0.03,0.0,209.8,3.1,275,1,1,384,690,82,1,83,7.3,15.5,113,31.9,30.7,0.6,3.8,2067.6,0,16.83,2.0,12.0,13.4,8.1,8.3,11.2,14.8,14.6,14.4,36.3,39.0,14,29,13.3,18.2,37,34,25,0,0,0,6,6,4,0,26,21,9,27,22,25,29,29,28,45.02,45.05,44.43,40,330,3.1,0,0,0
7.21,24,0.24,0.25,0.25,11.1,10.5,10.4,0,6.6,0.03,0.01,209.7,2.9,275,1,1,381,689,75,2,80,7.0,14.8,102,30.1,28.7,0.5,3.7,1815.4,0,16.45,2.0,12.0,13.4,8.1,8.3,11.3,14.9,14.6,14.4,36.2,39.0,14,29,13.5,18.2,35,32,25,0,0,0,6,6,4,0,26,20,9,26,23,25,29,29,28,45.02,45.04,44.43,41,320,3.2,0,0,0
7.43,142,0.24,0.25,0.25,11.1,10.5,10.4,0,13.0,-0.07,0.06,209.9,2.9,281,1,1,393,690,101,2,102,7.2,19.2,136,28.8,28.1,1.0,4.1,2067.6,0,16.83,2.0,12.1,13.5,8.2,8.4,11.3,15.1,14.6,14.4,36.2,38.9,15,29,13.5,18.2,34,31,25,0,0,0,6,6,4,0,26,20,9,26,23,25,29,29,28,45.03,45.04,44.43,40,320,3.2,0,0,0
7.36,12,0.24,0.25,0.25,10.6,10.8,10.6,0,18.6,0.01,0.0,209.8,3.6,268,1,1,398,689,96,1,93,7.3,16.4,127,31.6,30.2,0.7,3.8,1323.7,0,15.69,2.0,12.1,13.3,8.1,8.3,11.1,14.6,14.6,14.4,36.3,38.9,15,29,13.5,18.2,36,33,25,0,0,0,6,6,4,0,26,21,9,27,22,25,29,29,28,45.02,45.05,44.43,41,320,3.2,0,0,0
7.23,8,0.24,0.25,0.25,10.5,11.1,10.8,0,8.0,-0.03,0.03,209.9,3.4,276,1,1,381,689,59,-2,56,7.2,11.6,81,31.8,30.7,0.7,3.9,1607.0,0,16.14,2.0,12.0,13.4,8.1,8.3,11.1,14.9,14.7,14.4,36.3,39.0,15,29,13.3,18.2,37,33,25,0,0,0,6,6,4,0,26,21,9,27,23,25,29,29,28,45.03,45.04,44.42,40,320,3.1,0,0,0
7.42,118,0.24,0.25,0.25,10.8,10.6,10.6,0,-1.3,0.0,0.1,209.3,3.6,275,1,1,393,688,111,0,119,7.4,19.8,146,33.0,31.8,0.7,3.8,2067.6,0,16.83,2.0,12.1,13.5,8.2,8.4,11.3,14.9,14.4,14.3,36.2,38.9,14,29,13.5,18.1,38,36,25,0,0,0,6,6,4,0,26,19,9,26,23,25,29,29,28,45.02,45.04,44.43,40,320,3.2,0,0,0
7.48,222,0.24,0.25,0.25,10.9,10.5,10.8,0,-7.1,0.04,0.12,209.4,4.4,272,1,1,393,690,125,1,123,7.2,23.7,163,28.0,28.3,0.5,3.7,2067.6,0,16.83,2.0,12.0,13.5,8.2,8.4,11.3,15.1,14.6,14.3,36.2,38.8,14,29,13.5,18.1,34,31,25,0,0,0,6,6,4,0,26,19,9,27,23,25,29,29,28,45.02,45.04,44.43,39,320,3.2,0,0,0
