轮毂转速,轮毂角度,叶片1角度,叶片2角度,叶片3角度,变桨电机1电流,变桨电机2电流,变桨电机3电流,超速传感器转速检测值,5秒偏航对风平均值,x方向振动值,y方向振动值,液压制动压力,机舱气象站风速,风向绝对值,大气压力,无功功率控制状态,变频器电网侧电流,变频器电网侧电压,变频器电网侧有功功率,变频器电网侧无功功率,变频器发电机侧功率,发电机运行频率,发电机电流,发电机转矩,变频器入口温度,变频器出口温度,变频器入口压力,变频器出口压力,发电机功率限幅值,无功功率设定值,额定的轮毂转速,测风塔环境温度,发电机定子温度1,发电机定子温度2,发电机定子温度3,发电机定子温度4,发电机定子温度5,发电机定子温度6,发电机空气温度1,发电机空气温度2,主轴承温度1,主轴承温度2,轮毂温度,轮毂控制柜温度,机舱温度,机舱控制柜温度,变频器INU温度,变频器ISU温度,变频器INU RMIO温度,变桨电机1功率估算,变桨电机2功率估算,变桨电机3功率估算,风机当前状态值,轮毂当前状态值,偏航状态值,偏航要求值,叶片1电池箱温度,叶片2电池箱温度,叶片3电池箱温度,叶片1变桨电机温度,叶片2变桨电机温度,叶片3变桨电机温度,叶片1变频器箱温度,叶片2变频器箱温度,叶片3变频器箱温度,叶片1超级电容电压,叶片2超级电容电压,叶片3超级电容电压,驱动1晶闸管温度,驱动2晶闸管温度,驱动3晶闸管温度,驱动1输出扭矩,驱动2输出扭矩,驱动3输出扭矩
0.0,86,92.55,91.84,92.75,0,0,0,0.1,-144.9,0.04,0.11,0,4.4,240,1,1,0,0,0,0,0,0,0,0,0.9,-1.1,0,1.7,527.1,-448,11.75,5.5,8.5,1.3,5.8,3.4,6.1,0.5,1.4,0.5,-0.4,-0.4,10,13,7.1,9.3,0,0,0,0,0,0,1,1,2,0,32,27,22,18,14,16,13,13,18,0,0,0,0,0,0,0,0,0
0.0,86,92.55,91.84,92.75,0,0,0,0.09,-143.8,0.04,0.11,0,4.6,234,1,1,0,0,0,0,0,0,0,0,1.1,-0.9,0,1.7,527.1,-448,11.75,5.5,8.5,1.3,5.8,3.4,6.1,0.5,1.5,0.5,-0.4,-0.4,9,13,7.1,9.3,0,0,0,0,0,0,1,1,2,0,32,27,22,18,14,15,13,13,18,0,0,0,0,0,0,0,0,0
0.0,85,92.55,91.84,92.75,0,0,0,0.1,178.3,0.04,0.11,0,3.8,272,1,1,0,0,0,0,0,0,0,0,0.7,-1.2,0,1.7,527.1,-448,11.75,5.3,8.4,1.2,5.6,3.3,6.1,0.4,1.3,0.4,-0.4,-0.4,9,13,7.0,8.9,0,0,0,0,0,0,1,1,2,0,28,27,21,18,14,15,13,13,18,0,0,0,0,0,0,0,0,0
0.0,84,92.55,91.84,92.75,0,0,0,0.09,-176.2,0.03,0.11,0,3.0,269,1,1,0,0,0,0,0,0,0,0,0.8,-1.1,0,1.7,527.1,-448,11.75,5.3,8.4,1.2,5.5,3.3,6.1,0.4,1.3,0.4,-0.4,-0.4,10,13,7.0,8.9,0,0,0,0,0,0,1,1,2,0,28,27,21,18,14,15,13,13,18,0,0,0,0,0,0,0,0,0
0.0,84,92.55,91.84,92.75,0,0,0,0.1,-168.3,0.04,0.11,0,3.9,260,1,1,0,0,0,0,0,0,0,0,0.8,-1.2,0,1.7,527.1,-448,11.75,5.5,8.4,1.2,5.5,3.3,6.1,0.3,1.3,0.4,-0.5,-0.4,10,13,6.9,8.9,0,0,0,0,0,0,1,1,2,0,28,27,21,18,14,15,13,13,18,0,0,0,0,0,0,0,0,0
0.0,84,92.55,91.84,92.75,0,0,0,0.1,-170.1,0.04,0.11,0,3.5,258,1,1,0,0,0,0,0,0,0,0,0.7,-1.1,0,1.7,527.1,-448,11.75,5.5,8.4,1.2,5.5,3.3,6.1,0.3,1.2,0.4,-0.4,-0.4,10,12,6.9,8.9,0,0,0,0,0,0,1,1,2,0,28,27,22,18,14,15,12,12,18,0,0,0,0,0,0,0,0,0
0.0,86,92.55,91.84,92.75,0,0,0,0.1,-143.0,0.04,0.11,0,5.5,241,1,1,0,0,0,0,0,0,0,0,1.0,-0.9,0,1.7,527.1,-448,11.75,5.5,8.5,1.3,5.8,3.4,6.1,0.5,1.3,0.5,-0.4,-0.4,10,13,7.1,9.3,0,0,0,0,0,0,1,1,2,0,31,27,22,18,14,15,13,13,18,0,0,0,0,0,0,0,0,0
0.0,85,92.55,91.84,92.75,0,0,0,0.1,178.3,0.03,0.11,0,3.8,269,1,1,0,0,0,0,0,0,0,0,0.8,-1.1,0,1.7,527.1,-448,11.75,5.3,8.4,1.2,5.6,3.3,6.1,0.5,1.3,0.4,-0.4,-0.4,9,13,7.0,9.1,0,0,0,0,0,0,1,1,2,0,29,27,22,18,14,15,13,13,18,0,0,0,0,0,0,0,0,0
0.0,84,92.55,91.84,92.75,0,0,0,0.1,-165.6,0.03,0.11,0,4.0,248,1,1,0,0,0,0,0,0,0,0,0.7,-1.1,0,1.7,527.1,-448,11.75,5.5,8.3,1.2,5.3,3.3,6.1,0.3,1.2,0.3,-0.5,-0.4,9,12,6.9,8.9,0,0,0,0,0,0,1,1,2,0,28,27,21,18,14,15,12,12,18,0,0,0,0,0,0,0,0,0
0.0,84,92.55,91.84,92.75,0,0,0,0.1,-173.2,0.04,0.11,0,3.9,261,1,1,0,0,0,0,0,0,0,0,0.7,-1.2,0,1.7,527.1,-448,11.75,5.5,8.4,1.2,5.5,3.3,6.1,0.3,1.3,0.4,-0.4,-0.4,9,13,6.9,8.9,0,0,0,0,0,0,1,1,2,0,28,27,21,18,14,15,13,13,18,0,0,0,0,0,0,0,0,0
0.0,84,92.55,91.84,92.75,0,0,0,0.1,-159.4,0.04,0.11,0,4.0,245,1,1,0,0,0,0,0,0,0,0,0.5,-1.3,0,1.7,527.1,-448,11.75,5.5,8.3,1.2,5.3,3.3,6.1,0.3,1.2,0.3,-0.5,-0.4,9,13,6.9,8.9,0,0,0,0,0,0,1,1,2,0,28,27,21,18,14,15,13,13,18,0,0,0,0,0,0,0,0,0
0.0,86,92.55,91.84,92.75,0,0,0,0.09,-143.4,0.05,0.11,0,4.6,234,1,1,0,0,0,0,0,0,0,0,1.1,-1.0,0,1.7,527.1,-448,11.75,5.5,8.5,1.3,5.8,3.4,6.1,0.5,1.5,0.5,-0.4,-0.4,9,13,7.1,9.3,0,0,0,0,0,0,1,1,2,0,32,27,22,18,14,16,13,13,19,0,0,0,0,0,0,0,0,0
0.0,86,92.55,91.84,92.75,0,0,0,0.11,-141.7,0.04,0.11,0,4.8,252,1,1,0,0,0,0,0,0,0,0,1.0,-1.1,0,1.7,527.1,-448,11.75,5.5,8.5,1.3,5.8,3.4,6.1,0.5,1.3,0.5,-0.4,-0.4,10,12,7.1,9.3,0,0,0,0,0,0,1,1,2,0,31,27,22,18,14,15,12,12,19,0,0,0,0,0,0,0,0,0
0.0,86,92.55,91.84,92.75,0,0,0,0.09,-149.3,0.04,0.11,0,4.4,245,1,1,0,0,0,0,0,0,0,0,0.9,-1.0,0,1.7,527.1,-448,11.75,5.5,8.5,1.3,5.8,3.4,6.1,0.5,1.3,0.5,-0.4,-0.4,10,13,7.1,9.3,0,0,0,0,0,0,1,1,2,0,31,27,22,18,14,15,13,13,19,0,0,0,0,0,0,0,0,0
0.0,86,92.55,91.84,92.75,0,0,0,0.09,-144.4,0.04,0.11,0,4.3,240,1,1,0,0,0,0,0,0,0,0,0.9,-1.1,0,1.7,527.1,-448,11.75,5.5,8.5,1.3,5.8,3.4,6.1,0.5,1.4,0.5,-0.4,-0.4,9,12,7.1,9.3,0,0,0,0,0,0,1,1,2,0,32,27,22,18,14,15,12,12,18,0,0,0,0,0,0,0,0,0
0.0,85,92.55,91.84,92.75,0,0,0,0.1,-173.0,0.04,0.11,0,3.4,270,1,1,0,0,0,0,0,0,0,0,0.8,-1.1,0,1.7,527.1,-448,11.75,5.3,8.4,1.2,5.6,3.3,6.1,0.5,1.3,0.4,-0.4,-0.4,9,12,7.0,8.9,0,0,0,0,0,0,1,1,2,0,28,27,21,18,14,15,12,12,18,0,0,0,0,0,0,0,0,0
0.0,86,92.55,91.84,92.75,0,0,0,0.1,-145.3,0.04,0.11,0,4.3,245,1,1,0,0,0,0,0,0,0,0,1.0,-1.1,0,1.7,527.1,-448,11.75,5.5,8.5,1.3,5.8,3.4,6.1,0.5,1.3,0.5,-0.4,-0.4,9,13,7.1,9.3,0,0,0,0,0,0,1,1,2,0,31,27,21,18,14,15,13,13,18,0,0,0,0,0,0,0,0,0
0.0,84,92.55,91.84,92.75,0,0,0,0.1,-178.1,0.04,0.11,0,3.4,272,1,1,0,0,0,0,0,0,0,0,0.8,-1.1,0,1.7,527.1,-448,11.75,5.3,8.4,1.2,5.5,3.3,6.1,0.3,1.3,0.4,-0.4,-0.4,9,13,7.0,8.9,0,0,0,0,0,0,1,1,2,0,28,27,21,18,14,15,13,13,18,0,0,0,0,0,0,0,0,0
0.0,85,92.55,91.84,92.75,0,0,0,0.1,-177.2,0.04,0.11,0,4.2,270,1,1,0,0,0,0,0,0,0,0,0.7,-1.1,0,1.7,527.1,-448,11.75,5.3,8.4,1.2,5.6,3.3,6.1,0.5,1.3,0.4,-0.4,-0.4,10,13,7.0,9.1,0,0,0,0,0,0,1,1,2,0,29,27,22,18,14,15,13,13,18,0,0,0,0,0,0,0,0,0
0.0,85,92.55,91.84,92.75,0,0,0,0.11,-179.9,0.04,0.11,0,3.8,271,1,1,0,0,0,0,0,0,0,0,0.9,-0.9,0,1.7,527.1,-448,11.75,5.3,8.5,1.3,5.6,3.3,6.1,0.5,1.3,0.4,-0.4,-0.4,10,13,7.0,9.1,0,0,0,0,0,0,1,1,2,0,30,27,22,18,14,16,13,13,18,0,0,0,0,0,0,0,0,0
0.0,85,92.55,91.84,92.75,0,0,0,0.1,171.8,0.03,0.1,0,3.8,273,1,1,0,0,0,0,0,0,0,0,0.9,-1.1,0,1.7,527.1,-448,11.75,5.3,8.5,1.3,5.6,3.4,6.1,0.5,1.3,0.4,-0.4,-0.4,9,12,7.1,9.1,0,0,0,0,0,0,1,1,2,0,31,27,22,18,14,15,12,12,18,0,0,0,0,0,0,0,0,0
0.0,85,92.55,91.84,92.75,0,0,0,0.1,-176.2,0.03,0.11,0,4.2,270,1,1,0,0,0,0,0,0,0,0,0.8,-1.1,0,1.7,527.1,-448,11.75,5.3,8.4,1.2,5.6,3.3,6.1,0.5,1.3,0.4,-0.4,-0.4,9,12,7.0,9.1,0,0,0,0,0,0,1,1,2,0,29,27,22,18,14,15,12,12,18,0,0,0,0,0,0,0,0,0
0.0,86,92.55,91.84,92.75,0,0,0,0.1,-139.0,0.03,0.11,0,4.3,233,1,1,0,0,0,0,0,0,0,0,1.0,-1.0,0,1.7,527.1,-448,11.75,5.5,8.5,1.3,5.8,3.4,6.1,0.5,1.5,0.5,-0.4,-0.4,10,14,7.2,9.3,0,0,0,0,0,0,1,1,2,0,32,27,22,18,14,15,14,14,18,0,0,0,0,0,0,0,0,0
0.0,85,92.55,91.84,92.75,0,0,0,0.09,179.9,0.04,0.11,0,3.2,272,1,1,0,0,0,0,0,0,0,0,0.9,-1.1,0,1.7,527.1,-448,11.75,5.3,8.5,1.3,5.6,3.4,6.1,0.5,1.3,0.4,-0.4,-0.4,10,13,7.0,9.1,0,0,0,0,0,0,1,1,2,0,31,27,22,18,14,16,13,13,18,0,0,0,0,0,0,0,0,0
0.0,85,92.55,91.84,92.75,0,0,0,0.11,-160.2,0.04,0.11,0,3.9,265,1,1,0,0,0,0,0,0,0,0,1.1,-1.0,0,1.7,527.1,-448,11.75,5.3,8.5,1.3,5.7,3.4,6.1,0.5,1.3,0.5,-0.4,-0.4,10,13,7.1,9.1,0,0,0,0,0,0,1,1,2,0,31,27,22,18,14,15,13,13,18,0,0,0,0,0,0,0,0,0
0.0,85,92.55,91.84,92.75,0,0,0,0.1,-178.3,0.04,0.11,0,3.8,268,1,1,0,0,0,0,0,0,0,0,0.8,-1.0,0,1.7,527.1,-448,11.75,5.3,8.4,1.2,5.6,3.3,6.1,0.5,1.3,0.4,-0.4,-0.4,10,13,7.0,9.1,0,0,0,0,0,0,1,1,2,0,29,27,22,18,14,15,13,13,18,0,0,0,0,0,0,0,0,0
0.0,84,92.55,91.84,92.75,0,0,0,0.11,171.4,0.03,0.11,0,3.1,267,1,1,0,0,0,0,0,0,0,0,0.8,-1.1,0,1.7,527.1,-448,11.75,5.5,8.4,1.2,5.5,3.3,6.1,0.3,1.3,0.4,-0.4,-0.4,9,13,7.0,8.9,0,0,0,0,0,0,1,1,2,0,28,27,21,18,14,15,13,13,18,0,0,0,0,0,0,0,0,0
0.0,85,92.55,91.84,92.75,0,0,0,0.1,-176.3,0.04,0.11,0,3.7,268,1,1,0,0,0,0,0,0,0,0,0.9,-1.1,0,1.7,527.1,-448,11.75,5.3,8.4,1.2,5.6,3.3,6.1,0.5,1.3,0.4,-0.4,-0.4,10,12,7.0,9.1,0,0,0,0,0,0,1,1,2,0,29,27,22,18,14,16,12,12,18,0,0,0,0,0,0,0,0,0
0.0,85,92.55,91.84,92.75,0,0,0,0.11,177.7,0.04,0.11,0,3.6,271,1,1,0,0,0,0,0,0,0,0,1.0,-1.0,0,1.7,527.1,-448,11.75,5.3,8.4,1.3,5.6,3.3,6.1,0.5,1.3,0.4,-0.4,-0.4,10,12,7.0,9.1,0,0,0,0,0,0,1,1,2,0,30,27,22,18,14,15,12,12,18,0,0,0,0,0,0,0,0,0
0.0,84,92.55,91.84,92.75,0,0,0,0.11,176.1,0.04,0.11,0,3.7,271,1,1,0,0,0,0,0,0,0,0,1.0,-1.0,0,1.7,527.1,-448,11.75,5.3,8.4,1.2,5.5,3.3,6.1,0.3,1.3,0.4,-0.4,-0.4,10,13,7.0,8.9,0,0,0,0,0,0,1,1,2,0,28,27,21,18,14,15,13,13,18,0,0,0,0,0,0,0,0,0
0.0,85,92.55,91.84,92.75,0,0,0,0.09,177.8,0.04,0.11,0,4.1,269,1,1,0,0,0,0,0,0,0,0,0.9,-1.1,0,1.7,527.1,-448,11.75,5.3,8.4,1.2,5.6,3.3,6.1,0.5,1.3,0.4,-0.4,-0.4,9,13,7.0,9.1,0,0,0,0,0,0,1,1,2,0,29,27,22,18,14,15,13,13,18,0,0,0,0,0,0,0,0,0
0.0,86,92.55,91.84,92.75,0,0,0,0.1,-144.0,0.03,0.11,0,4.4,239,1,1,0,0,0,0,0,0,0,0,1.1,-0.9,0,1.7,527.1,-448,11.75,5.5,8.5,1.3,5.8,3.4,6.1,0.5,1.4,0.5,-0.4,-0.4,10,13,7.1,9.3,0,0,0,0,0,0,1,1,2,0,32,27,22,18,14,15,13,13,18,0,0,0,0,0,0,0,0,0
0.0,85,92.55,91.84,92.75,0,0,0,0.1,178.8,0.03,0.11,0,3.6,272,1,1,0,0,0,0,0,0,0,0,0.9,-1.0,0,1.7,527.1,-448,11.75,5.3,8.5,1.3,5.6,3.4,6.1,0.5,1.3,0.4,-0.4,-0.4,10,13,7.0,9.1,0,0,0,0,0,0,1,1,2,0,31,27,22,18,14,15,13,13,18,0,0,0,0,0,0,0,0,0
0.0,84,92.55,91.84,92.75,0,0,0,0.1,-179.6,0.03,0.11,0,3.3,270,1,1,0,0,0,0,0,0,0,0,0.8,-1.1,0,1.7,527.1,-448,11.75,5.3,8.4,1.2,5.5,3.3,6.1,0.4,1.3,0.4,-0.4,-0.4,9,13,7.0,8.9,0,0,0,0,0,0,1,1,2,0,28,27,21,18,14,15,13,13,18,0,0,0,0,0,0,0,0,0
0.0,84,92.55,91.84,92.75,0,0,0,0.1,-179.0,0.04,0.11,0,3.4,270,1,1,0,0,0,0,0,0,0,0,0.6,-1.3,0,1.7,527.1,-448,11.75,5.5,8.4,1.2,5.5,3.3,6.1,0.3,1.3,0.4,-0.4,-0.4,9,13,7.0,8.9,0,0,0,0,0,0,1,1,2,0,28,27,21,18,14,15,13,13,18,0,0,0,0,0,0,0,0,0
0.0,85,92.55,91.84,92.75,0,0,0,0.11,-179.9,0.04,0.11,0,3.7,272,1,1,0,0,0,0,0,0,0,0,0.9,-1.1,0,1.7,527.1,-448,11.75,5.3,8.5,1.3,5.6,3.4,6.1,0.5,1.3,0.4,-0.4,-0.4,9,12,7.0,9.1,0,0,0,0,0,0,1,1,2,0,31,27,22,18,14,15,12,12,18,0,0,0,0,0,0,0,0,0
0.0,86,92.55,91.84,92.75,0,0,0,0.1,-146.5,0.04,0.11,0,4.9,244,1,1,0,0,0,0,0,0,0,0,0.8,-1.0,0,1.7,527.1,-448,11.75,5.5,8.5,1.3,5.8,3.4,6.1,0.5,1.3,0.5,-0.4,-0.4,10,13,7.1,9.3,0,0,0,0,0,0,1,1,2,0,31,27,22,18,14,15,13,13,18,0,0,0,0,0,0,0,0,0
0.0,85,92.55,91.84,92.75,0,0,0,0.11,-173.5,0.04,0.11,0,3.6,268,1,1,0,0,0,0,0,0,0,0,0.9,-1.0,0,1.7,527.1,-448,11.75,5.3,8.4,1.2,5.6,3.3,6.1,0.5,1.3,0.4,-0.4,-0.4,10,13,7.0,9.1,0,0,0,0,0,0,1,1,2,0,30,27,22,18,14,15,13,13,18,0,0,0,0,0,0,0,0,0
0.0,85,92.55,91.84,92.75,0,0,0,0.1,179.3,0.04,0.11,0,3.8,272,1,1,0,0,0,0,0,0,0,0,0.9,-1.1,0,1.7,527.1,-448,11.75,5.3,8.5,1.3,5.6,3.3,6.1,0.5,1.3,0.4,-0.4,-0.4,10,13,7.0,9.1,0,0,0,0,0,0,1,1,2,0,30,27,22,18,14,15,13,13,18,0,0,0,0,0,0,0,0,0
0.0,84,92.55,91.84,92.75,0,0,0,0.1,-173.5,0.04,0.11,0,3.0,254,1,1,0,0,0,0,0,0,0,0,0.7,-1.1,0,1.7,527.1,-448,11.75,5.5,8.4,1.2,5.5,3.3,6.1,0.3,1.2,0.4,-0.5,-0.4,10,13,6.9,8.9,0,0,0,0,0,0,1,1,2,0,28,27,21,18,14,15,13,13,18,0,0,0,0,0,0,0,0,0
0.0,85,92.55,91.84,92.75,0,0,0,0.1,-174.6,0.03,0.11,0,3.1,270,1,1,0,0,0,0,0,0,0,0,0.8,-1.1,0,1.7,527.1,-448,11.75,5.3,8.4,1.2,5.6,3.3,6.1,0.5,1.3,0.4,-0.4,-0.4,10,12,7.0,8.9,0,0,0,0,0,0,1,1,2,0,28,27,21,18,14,15,12,12,18,0,0,0,0,0,0,0,0,0
0.0,84,92.55,91.84,92.75,0,0,0,0.1,-159.7,0.04,0.11,0,4.2,248,1,1,0,0,0,0,0,0,0,0,0.7,-1.2,0,1.7,527.1,-448,11.75,5.5,8.3,1.2,5.4,3.3,6.1,0.3,1.2,0.3,-0.5,-0.4,9,13,6.9,8.9,0,0,0,0,0,0,1,1,2,0,28,27,21,18,14,15,13,13,18,0,0,0,0,0,0,0,0,0
0.0,84,92.55,91.84,92.75,0,0,0,0.1,-175.2,0.04,0.11,0,2.8,263,1,1,0,0,0,0,0,0,0,0,0.8,-1.1,0,1.7,527.1,-448,11.75,5.5,8.4,1.2,5.5,3.3,6.1,0.3,1.3,0.4,-0.4,-0.4,9,13,7.0,8.9,0,0,0,0,0,0,1,1,2,0,28,27,21,18,14,15,13,13,18,0,0,0,0,0,0,0,0,0
0.02,84,92.55,91.84,92.75,0,0,0,0.1,-166.7,0.04,0.11,0,4.3,248,1,1,0,0,0,0,0,0,0,0,0.6,-1.3,0,1.7,527.1,-448,11.75,5.5,8.3,1.2,5.3,3.3,6.1,0.3,1.2,0.3,-0.5,-0.4,10,13,6.9,8.9,0,0,0,0,0,0,1,1,2,0,28,27,21,18,14,15,13,13,18,0,0,0,0,0,0,0,0,0
0.0,84,92.55,91.84,92.75,0,0,0,0.1,170.2,0.03,0.11,0,3.0,269,1,1,0,0,0,0,0,0,0,0,0.8,-1.1,0,1.7,527.1,-448,11.75,5.5,8.4,1.2,5.5,3.3,6.1,0.3,1.3,0.4,-0.4,-0.4,9,12,7.0,8.9,0,0,0,0,0,0,1,1,2,0,28,27,21,18,14,15,12,12,18,0,0,0,0,0,0,0,0,0
0.06,84,92.55,91.84,92.75,0,0,0,0.1,175.6,0.04,0.11,0,3.8,270,1,1,0,0,0,0,0,0,0,0,0.8,-1.1,0,1.7,527.1,-448,11.75,5.5,8.4,1.2,5.5,3.3,6.1,0.3,1.3,0.4,-0.4,-0.4,10,13,7.0,8.9,0,0,0,0,0,0,1,1,2,0,28,27,21,18,14,15,13,13,18,0,0,0,0,0,0,0,0,0
0.0,85,92.55,91.84,92.75,0,0,0,0.1,-175.4,0.04,0.11,0,3.1,270,1,1,0,0,0,0,0,0,0,0,0.8,-1.1,0,1.7,527.1,-448,11.75,5.3,8.4,1.2,5.6,3.3,6.1,0.5,1.3,0.4,-0.4,-0.4,9,13,7.0,8.9,0,0,0,0,0,0,1,1,2,0,28,27,21,18,14,15,13,13,18,0,0,0,0,0,0,0,0,0
0.0,84,92.55,91.84,92.75,0,0,0,0.09,-155.5,0.04,0.1,0,4.7,243,1,1,0,0,0,0,0,0,0,0,0.7,-1.3,0,1.7,527.1,-448,11.75,5.5,8.3,1.2,5.3,3.3,6.1,0.3,1.2,0.3,-0.5,-0.4,10,12,6.9,8.9,0,0,0,0,0,0,1,1,2,0,28,27,21,18,14,15,12,12,18,0,0,0,0,0,0,0,0,0
0.0,85,92.55,91.84,92.75,0,0,0,0.1,-178.8,0.04,0.11,0,3.7,270,1,1,0,0,0,0,0,0,0,0,0.8,-1.2,0,1.7,527.1,-448,11.75,5.3,8.4,1.2,5.6,3.3,6.1,0.5,1.3,0.4,-0.4,-0.4,9,13,7.0,9.1,0,0,0,0,0,0,1,1,2,0,30,27,22,18,14,15,13,13,18,0,0,0,0,0,0,0,0,0
0.0,86,92.55,91.84,92.75,0,0,0,0.1,-132.4,0.04,0.11,0,4.4,233,1,1,0,0,0,0,0,0,0,0,1.1,-0.9,0,1.7,527.1,-448,11.75,5.5,8.5,1.3,5.8,3.4,6.1,0.5,1.5,0.5,-0.4,-0.4,10,13,7.1,9.3,0,0,0,0,0,0,1,1,2,0,32,27,22,18,14,15,13,13,18,0,0,0,0,0,0,0,0,0
0.0,86,92.55,91.84,92.75,0,0,0,0.1,-141.9,0.04,0.11,0,4.1,233,1,1,0,0,0,0,0,0,0,0,0.9,-1.1,0,1.7,527.1,-448,11.75,5.5,8.5,1.3,5.8,3.4,6.1,0.5,1.5,0.5,-0.4,-0.4,10,13,7.1,9.3,0,0,0,0,0,0,1,1,2,0,32,27,22,18,14,15,13,13,18,0,0,0,0,0,0,0,0,0
0.0,86,92.55,91.84,92.75,0,0,0,0.1,-144.1,0.04,0.11,0,4.8,234,1,1,0,0,0,0,0,0,0,0,1.1,-0.9,0,1.7,527.1,-448,11.75,5.5,8.5,1.3,5.8,3.4,6.1,0.5,1.5,0.5,-0.4,-0.4,10,13,7.1,9.3,0,0,0,0,0,0,1,1,2,0,32,27,22,18,14,15,13,13,18,0,0,0,0,0,0,0,0,0
0.0,86,92.55,91.84,92.75,0,0,0,0.09,-139.9,0.04,0.11,0,4.4,250,1,1,0,0,0,0,0,0,0,0,0.9,-1.0,0,1.7,527.1,-448,11.75,5.5,8.5,1.3,5.8,3.4,6.1,0.5,1.3,0.5,-0.4,-0.4,10,13,7.1,9.3,0,0,0,0,0,0,1,1,2,0,31,27,22,18,14,15,13,13,18,0,0,0,0,0,0,0,0,0
0.0,86,92.55,91.84,92.75,0,0,0,0.11,-139.5,0.06,0.11,0,4.4,233,1,1,0,0,0,0,0,0,0,0,1.0,-1.0,0,1.7,527.1,-448,11.75,5.5,8.5,1.3,5.8,3.4,6.1,0.5,1.5,0.5,-0.4,-0.4,10,13,7.2,9.3,0,0,0,0,0,0,1,1,2,0,31,27,22,18,14,15,13,13,18,0,0,0,0,0,0,0,0,0
0.0,86,92.55,91.84,92.75,0,0,0,0.11,-141.4,0.04,0.11,0,5.2,242,1,1,0,0,0,0,0,0,0,0,1.0,-1.1,0,1.7,527.1,-448,11.75,5.5,8.5,1.3,5.8,3.4,6.1,0.5,1.3,0.5,-0.4,-0.4,10,13,7.1,9.3,0,0,0,0,0,0,1,1,2,0,31,27,22,18,14,15,13,13,18,0,0,0,0,0,0,0,0,0
0.0,84,92.55,91.84,92.75,0,0,0,0.1,-179.2,0.04,0.11,0,3.5,270,1,1,0,0,0,0,0,0,0,0,0.7,-1.1,0,1.7,527.1,-448,11.75,5.5,8.4,1.2,5.5,3.3,6.1,0.3,1.3,0.4,-0.4,-0.4,10,12,7.0,8.9,0,0,0,0,0,0,1,1,2,0,28,27,21,18,14,15,12,12,18,0,0,0,0,0,0,0,0,0
0.0,86,92.55,91.84,92.75,0,0,0,0.09,-139.2,0.04,0.11,0,3.9,232,1,1,0,0,0,0,0,0,0,0,1.0,-0.9,0,1.7,527.1,-448,11.75,5.5,8.5,1.3,5.8,3.4,6.1,0.5,1.5,0.5,-0.4,-0.4,10,13,7.3,9.3,0,0,0,0,0,0,1,1,2,0,31,27,22,18,14,15,13,13,18,0,0,0,0,0,0,0,0,0
0.0,86,92.55,91.84,92.75,0,0,0,0.11,-134.0,0.04,0.11,0,4.8,235,1,1,0,0,0,0,0,0,0,0,0.9,-0.9,0,1.7,527.1,-448,11.75,5.5,8.5,1.3,5.8,3.4,6.1,0.5,1.5,0.5,-0.4,-0.4,10,13,7.1,9.3,0,0,0,0,0,0,1,1,2,0,32,27,22,18,14,15,13,13,18,0,0,0,0,0,0,0,0,0
0.0,84,92.55,91.84,92.75,0,0,0,0.11,177.8,0.03,0.1,0,3.8,271,1,1,0,0,0,0,0,0,0,0,0.7,-1.2,0,1.7,527.1,-448,11.75,5.4,8.4,1.2,5.5,3.3,6.1,0.3,1.3,0.4,-0.4,-0.4,9,13,7.0,8.9,0,0,0,0,0,0,1,1,2,0,28,27,21,18,14,15,13,13,18,0,0,0,0,0,0,0,0,0
0.0,84,92.55,91.84,92.75,0,0,0,0.09,-156.9,0.03,0.11,0,3.9,248,1,1,0,0,0,0,0,0,0,0,0.8,-1.1,0,1.7,527.1,-448,11.75,5.5,8.3,1.2,5.4,3.3,6.1,0.3,1.2,0.3,-0.5,-0.4,10,13,6.9,8.9,0,0,0,0,0,0,1,1,2,0,28,27,21,18,14,15,13,13,18,0,0,0,0,0,0,0,0,0
0.0,85,92.55,91.84,92.75,0,0,0,0.1,-179.1,0.04,0.11,0,5.1,270,1,1,0,0,0,0,0,0,0,0,0.7,-1.2,0,1.7,527.1,-448,11.75,5.3,8.4,1.2,5.6,3.3,6.1,0.5,1.3,0.4,-0.4,-0.4,9,13,7.0,9.1,0,0,0,0,0,0,1,1,2,0,29,27,22,18,14,15,13,13,18,0,0,0,0,0,0,0,0,0
0.0,86,92.55,91.84,92.75,0,0,0,0.09,-139.1,0.03,0.11,0,4.4,233,1,1,0,0,0,0,0,0,0,0,0.9,-1.1,0,1.7,527.1,-448,11.75,5.5,8.5,1.3,5.8,3.4,6.1,0.5,1.5,0.5,-0.4,-0.4,10,12,7.3,9.3,0,0,0,0,0,0,1,1,2,0,31,27,22,18,14,15,12,12,18,0,0,0,0,0,0,0,0,0
0.0,84,92.55,91.84,92.75,0,0,0,0.09,-173.1,0.04,0.11,0,3.3,262,1,1,0,0,0,0,0,0,0,0,0.7,-1.1,0,1.7,527.1,-448,11.75,5.5,8.4,1.2,5.5,3.3,6.1,0.3,1.3,0.4,-0.4,-0.4,9,13,6.9,8.9,0,0,0,0,0,0,1,1,2,0,28,27,21,18,14,15,13,13,18,0,0,0,0,0,0,0,0,0
0.0,86,92.55,91.84,92.75,0,0,0,0.1,-147.9,0.03,0.11,0,4.8,244,1,1,0,0,0,0,0,0,0,0,1.0,-0.9,0,1.7,527.1,-448,11.75,5.5,8.5,1.3,5.8,3.4,6.1,0.5,1.3,0.5,-0.4,-0.4,9,13,7.1,9.3,0,0,0,0,0,0,1,1,2,0,31,27,22,18,14,15,13,13,18,0,0,0,0,0,0,0,0,0
0.0,85,92.55,91.84,92.75,0,0,0,0.1,-174.0,0.04,0.11,0,3.8,269,1,1,0,0,0,0,0,0,0,0,0.9,-1.1,0,1.7,527.1,-448,11.75,5.3,8.4,1.2,5.6,3.3,6.1,0.5,1.3,0.4,-0.4,-0.4,9,13,7.0,9.1,0,0,0,0,0,0,1,1,2,0,30,27,21,18,14,15,13,13,18,0,0,0,0,0,0,0,0,0
0.0,86,92.55,91.84,92.75,0,0,0,0.1,-141.3,0.04,0.11,0,5.4,241,1,1,0,0,0,0,0,0,0,0,0.8,-1.1,0,1.7,527.1,-448,11.75,5.5,8.5,1.3,5.8,3.4,6.1,0.5,1.3,0.5,-0.4,-0.4,10,13,7.1,9.3,0,0,0,0,0,0,1,1,2,0,31,27,22,18,14,15,13,13,18,0,0,0,0,0,0,0,0,0
0.0,85,92.55,91.84,92.75,0,0,0,0.1,-173.8,0.03,0.11,0,4.7,271,1,1,0,0,0,0,0,0,0,0,0.7,-1.1,0,1.7,527.1,-448,11.75,5.3,8.5,1.3,5.6,3.4,6.1,0.5,1.3,0.4,-0.4,-0.4,10,12,7.1,9.1,0,0,0,0,0,0,1,1,2,0,31,27,22,18,14,15,12,12,18,0,0,0,0,0,0,0,0,0
0.0,84,92.55,91.84,92.75,0,0,0,0.1,-157.7,0.04,0.11,0,4.4,244,1,1,0,0,0,0,0,0,0,0,0.6,-1.2,0,1.7,527.1,-448,11.75,5.5,8.3,1.2,5.3,3.3,6.1,0.3,1.2,0.3,-0.5,-0.4,10,12,6.9,8.9,0,0,0,0,0,0,1,1,2,0,28,27,21,18,14,15,12,12,18,0,0,0,0,0,0,0,0,0
0.0,84,92.55,91.84,92.75,0,0,0,0.1,-167.5,0.04,0.11,0,3.2,257,1,1,0,0,0,0,0,0,0,0,0.7,-1.3,0,1.7,527.1,-448,11.75,5.5,8.4,1.2,5.5,3.3,6.1,0.3,1.2,0.4,-0.5,-0.4,10,12,6.9,8.9,0,0,0,0,0,0,1,1,2,0,28,27,22,18,14,15,12,12,17,0,0,0,0,0,0,0,0,0
0.0,86,92.55,91.84,92.75,0,0,0,0.1,-133.0,0.04,0.11,0,4.6,233,1,1,0,0,0,0,0,0,0,0,1.0,-1.1,0,1.7,527.1,-448,11.75,5.5,8.5,1.3,5.8,3.4,6.1,0.5,1.5,0.5,-0.4,-0.4,10,13,7.1,9.3,0,0,0,0,0,0,1,1,2,0,32,27,22,18,14,15,13,13,18,0,0,0,0,0,0,0,0,0
0.0,84,92.55,91.84,92.75,0,0,0,0.09,-172.8,0.03,0.11,0,3.9,261,1,1,0,0,0,0,0,0,0,0,0.6,-1.1,0,1.7,527.1,-448,11.75,5.5,8.4,1.2,5.5,3.3,6.1,0.3,1.3,0.4,-0.4,-0.4,9,13,6.9,8.9,0,0,0,0,0,0,1,1,2,0,28,27,21,18,14,15,13,13,18,0,0,0,0,0,0,0,0,0
0.0,84,92.55,91.84,92.75,0,0,0,0.11,-169.6,0.04,0.11,0,3.5,261,1,1,0,0,0,0,0,0,0,0,0.7,-1.2,0,1.7,527.1,-448,11.75,5.5,8.4,1.2,5.5,3.3,6.1,0.3,1.3,0.4,-0.4,-0.4,9,13,6.9,8.9,0,0,0,0,0,0,1,1,2,0,28,27,21,18,14,15,13,13,18,0,0,0,0,0,0,0,0,0
0.0,84,92.55,91.84,92.75,0,0,0,0.11,173.3,0.04,0.11,0,3.9,269,1,1,0,0,0,0,0,0,0,0,0.9,-1.0,0,1.7,527.1,-448,11.75,5.5,8.4,1.2,5.5,3.3,6.1,0.3,1.3,0.4,-0.4,-0.4,9,11,7.0,8.9,0,0,0,0,0,0,1,1,2,0,28,27,21,18,14,15,11,11,18,0,0,0,0,0,0,0,0,0
0.0,85,92.55,91.84,92.75,0,0,0,0.11,-179.1,0.04,0.11,0,4.9,270,1,1,0,0,0,0,0,0,0,0,0.8,-1.1,0,1.7,527.1,-448,11.75,5.3,8.4,1.2,5.6,3.3,6.1,0.5,1.3,0.4,-0.4,-0.4,10,12,7.0,9.1,0,0,0,0,0,0,1,1,2,0,29,27,22,18,14,15,12,12,18,0,0,0,0,0,0,0,0,0
0.0,86,92.55,91.84,92.75,0,0,0,0.09,-144.0,0.04,0.11,0,4.5,234,1,1,0,0,0,0,0,0,0,0,1.0,-0.9,0,1.7,527.1,-448,11.75,5.5,8.5,1.3,5.8,3.4,6.1,0.5,1.5,0.5,-0.4,-0.4,10,13,7.1,9.3,0,0,0,0,0,0,1,1,2,0,32,27,22,18,14,15,13,13,18,0,0,0,0,0,0,0,0,0
0.01,86,92.55,91.84,92.75,0,0,0,0.1,-142.8,0.04,0.11,0,4.7,233,1,1,0,0,0,0,0,0,0,0,1.0,-0.8,0,1.7,527.1,-448,11.75,5.5,8.5,1.3,5.8,3.4,6.1,0.5,1.5,0.5,-0.4,-0.4,10,13,7.1,9.3,0,0,0,0,0,0,1,1,2,0,32,27,22,18,14,15,13,13,19,0,0,0,0,0,0,0,0,0
0.0,86,92.55,91.84,92.75,0,0,0,0.1,-148.9,0.04,0.11,0,4.7,245,1,1,0,0,0,0,0,0,0,0,1.1,-0.9,0,1.7,527.1,-448,11.75,5.5,8.5,1.3,5.8,3.4,6.1,0.5,1.3,0.5,-0.4,-0.4,10,13,7.1,9.3,0,0,0,0,0,0,1,1,2,0,31,27,22,18,14,15,13,13,18,0,0,0,0,0,0,0,0,0
0.0,85,92.55,91.84,92.75,0,0,0,0.1,-178.5,0.04,0.11,0,3.9,271,1,1,0,0,0,0,0,0,0,0,0.8,-1.2,0,1.7,527.1,-448,11.75,5.3,8.4,1.2,5.6,3.3,6.1,0.4,1.3,0.4,-0.4,-0.4,10,13,7.0,8.9,0,0,0,0,0,0,1,1,2,0,28,27,21,18,14,15,13,13,18,0,0,0,0,0,0,0,0,0
0.0,86,92.55,91.84,92.75,0,0,0,0.1,-143.1,0.03,0.1,0,3.6,233,1,1,0,0,0,0,0,0,0,0,1.0,-1.0,0,1.7,527.1,-448,11.75,5.5,8.5,1.3,5.8,3.4,6.1,0.6,1.5,0.5,-0.4,-0.4,10,13,7.3,9.3,0,0,0,0,0,0,1,1,2,0,31,27,22,18,14,15,13,13,18,0,0,0,0,0,0,0,0,0
0.0,85,92.55,91.84,92.75,0,0,0,0.11,176.4,0.03,0.11,0,4.3,270,1,1,0,0,0,0,0,0,0,0,0.9,-1.0,0,1.7,527.1,-448,11.75,5.3,8.4,1.2,5.6,3.3,6.1,0.5,1.3,0.4,-0.4,-0.4,10,12,7.0,9.1,0,0,0,0,0,0,1,1,2,0,30,27,22,18,14,15,12,12,18,0,0,0,0,0,0,0,0,0
0.0,85,92.55,91.84,92.75,0,0,0,0.11,-178.8,0.04,0.11,0,3.6,271,1,1,0,0,0,0,0,0,0,0,1.0,-0.9,0,1.7,527.1,-448,11.75,5.3,8.5,1.3,5.6,3.4,6.1,0.5,1.3,0.4,-0.4,-0.4,9,13,7.0,9.1,0,0,0,0,0,0,1,1,2,0,31,27,22,18,14,15,13,13,18,0,0,0,0,0,0,0,0,0
0.0,85,92.55,91.84,92.75,0,0,0,0.1,-178.6,0.04,0.11,0,3.6,271,1,1,0,0,0,0,0,0,0,0,1.0,-0.9,0,1.7,527.1,-448,11.75,5.3,8.5,1.3,5.6,3.4,6.1,0.5,1.3,0.4,-0.4,-0.4,9,13,7.0,9.1,0,0,0,0,0,0,1,1,2,0,31,27,22,18,14,15,13,13,18,0,0,0,0,0,0,0,0,0
0.0,86,92.55,91.84,92.75,0,0,0,0.1,-144.0,0.04,0.11,0,4.4,239,1,1,0,0,0,0,0,0,0,0,1.0,-1.0,0,1.7,527.1,-448,11.75,5.5,8.5,1.3,5.8,3.4,6.1,0.5,1.4,0.5,-0.4,-0.4,10,12,7.1,9.3,0,0,0,0,0,0,1,1,2,0,32,27,22,18,14,15,12,12,17,0,0,0,0,0,0,0,0,0
0.0,86,92.55,91.84,92.75,0,0,0,0.11,-142.4,0.03,0.11,0,5.1,243,1,1,0,0,0,0,0,0,0,0,1.1,-1.0,0,1.7,527.1,-448,11.75,5.5,8.5,1.3,5.8,3.4,6.1,0.5,1.3,0.5,-0.4,-0.4,10,12,7.1,9.3,0,0,0,0,0,0,1,1,2,0,31,27,22,18,14,15,12,12,18,0,0,0,0,0,0,0,0,0
0.0,84,92.55,91.84,92.75,0,0,0,0.09,-167.3,0.04,0.11,0,4.1,259,1,1,0,0,0,0,0,0,0,0,0.7,-1.2,0,1.7,527.1,-448,11.75,5.5,8.4,1.2,5.5,3.3,6.1,0.3,1.3,0.4,-0.4,-0.4,10,13,6.9,8.9,0,0,0,0,0,0,1,1,2,0,28,27,21,18,14,15,13,13,18,0,0,0,0,0,0,0,0,0
0.0,85,92.55,91.84,92.75,0,0,0,0.1,179.4,0.04,0.11,0,3.5,272,1,1,0,0,0,0,0,0,0,0,0.8,-1.1,0,1.7,527.1,-448,11.75,5.3,8.5,1.3,5.6,3.4,6.1,0.5,1.3,0.4,-0.4,-0.4,9,13,7.0,9.1,0,0,0,0,0,0,1,1,2,0,31,27,22,18,14,15,13,13,18,0,0,0,0,0,0,0,0,0
0.0,85,92.55,91.84,92.75,0,0,0,0.1,179.2,0.04,0.11,0,3.9,272,1,1,0,0,0,0,0,0,0,0,0.9,-1.0,0,1.7,527.1,-448,11.75,5.3,8.4,1.2,5.6,3.3,6.1,0.4,1.3,0.4,-0.4,-0.4,10,13,7.0,8.9,0,0,0,0,0,0,1,1,2,0,28,27,21,18,14,15,13,13,18,0,0,0,0,0,0,0,0,0
0.0,86,92.55,91.84,92.75,0,0,0,0.1,-141.3,0.04,0.12,0,3.7,232,1,1,0,0,0,0,0,0,0,0,1.2,-0.8,0,1.7,527.1,-448,11.75,5.5,8.5,1.3,5.8,3.4,6.1,0.5,1.5,0.5,-0.4,-0.4,9,13,7.3,9.3,0,0,0,0,0,0,1,1,2,0,31,27,22,18,14,15,13,13,18,0,0,0,0,0,0,0,0,0
0.0,84,92.55,91.84,92.75,0,0,0,0.1,176.0,0.04,0.11,0,3.5,273,1,1,0,0,0,0,0,0,0,0,0.9,-1.1,0,1.7,527.1,-448,11.75,5.3,8.4,1.2,5.5,3.3,6.1,0.4,1.3,0.4,-0.4,-0.4,9,13,7.0,8.9,0,0,0,0,0,0,1,1,2,0,28,27,21,18,14,15,13,13,17,0,0,0,0,0,0,0,0,0
0.0,84,92.55,91.84,92.75,0,0,0,0.1,-159.5,0.04,0.11,0,3.6,245,1,1,0,0,0,0,0,0,0,0,0.5,-1.3,0,1.7,527.1,-448,11.75,5.5,8.3,1.2,5.3,3.3,6.1,0.3,1.2,0.3,-0.5,-0.4,9,13,6.9,8.9,0,0,0,0,0,0,1,1,2,0,28,27,21,18,14,15,13,13,18,0,0,0,0,0,0,0,0,0
0.0,85,92.55,91.84,92.75,0,0,0,0.1,-179.7,0.03,0.11,0,3.8,273,1,1,0,0,0,0,0,0,0,0,0.7,-1.1,0,1.7,527.1,-448,11.75,5.3,8.5,1.3,5.6,3.4,6.1,0.5,1.3,0.4,-0.4,-0.4,10,13,7.1,9.1,0,0,0,0,0,0,1,1,2,0,31,27,22,18,14,15,13,13,18,0,0,0,0,0,0,0,0,0
0.0,86,92.55,91.84,92.75,0,0,0,0.1,-138.9,0.04,0.13,0,4.3,232,1,1,0,0,0,0,0,0,0,0,1.1,-0.8,0,1.7,527.1,-448,11.75,5.5,8.5,1.3,5.8,3.4,6.1,0.5,1.5,0.5,-0.4,-0.4,10,13,7.3,9.3,0,0,0,0,0,0,1,1,2,0,31,27,22,18,14,15,13,13,19,0,0,0,0,0,0,0,0,0
0.0,84,92.55,91.84,92.75,0,0,0,0.09,-171.7,0.04,0.11,0,3.2,253,1,1,0,0,0,0,0,0,0,0,0.7,-1.1,0,1.7,527.1,-448,11.75,5.5,8.3,1.2,5.4,3.3,6.1,0.3,1.2,0.4,-0.5,-0.4,10,12,6.9,8.9,0,0,0,0,0,0,1,1,2,0,28,27,21,18,14,15,12,12,18,0,0,0,0,0,0,0,0,0
0.0,85,92.55,91.84,92.75,0,0,0,0.1,177.6,0.04,0.11,0,4.0,270,1,1,0,0,0,0,0,0,0,0,0.9,-1.1,0,1.7,527.1,-448,11.75,5.3,8.4,1.2,5.6,3.3,6.1,0.5,1.3,0.4,-0.4,-0.4,9,13,7.0,9.1,0,0,0,0,0,0,1,1,2,0,29,27,22,18,14,15,13,13,18,0,0,0,0,0,0,0,0,0
0.0,86,92.55,91.84,92.75,0,0,0,0.1,-143.1,0.03,0.11,0,4.5,246,1,1,0,0,0,0,0,0,0,0,1.0,-0.9,0,1.7,527.1,-448,11.75,5.5,8.5,1.3,5.8,3.4,6.1,0.5,1.3,0.5,-0.4,-0.4,9,13,7.1,9.3,0,0,0,0,0,0,1,1,2,0,31,27,21,18,14,15,13,13,18,0,0,0,0,0,0,0,0,0
0.0,84,92.55,91.84,92.75,0,0,0,0.1,174.1,0.03,0.11,0,3.4,272,1,1,0,0,0,0,0,0,0,0,0.6,-1.1,0,1.7,527.1,-448,11.75,5.3,8.4,1.2,5.5,3.3,6.1,0.3,1.3,0.4,-0.4,-0.4,9,13,7.0,8.9,0,0,0,0,0,0,1,1,2,0,28,27,21,18,14,15,13,13,18,0,0,0,0,0,0,0,0,0
0.0,86,92.55,91.84,92.75,0,0,0,0.12,-137.9,0.03,0.11,0,4.1,232,1,1,0,0,0,0,0,0,0,0,1.0,-1.0,0,1.7,527.1,-448,11.75,5.5,8.5,1.3,5.8,3.4,6.1,0.5,1.5,0.5,-0.4,-0.4,10,12,7.3,9.3,0,0,0,0,0,0,1,1,2,0,31,27,22,18,14,15,12,12,18,0,0,0,0,0,0,0,0,0
0.0,85,92.55,91.84,92.75,0,0,0,0.09,-177.3,0.04,0.11,0,4.0,273,1,1,0,0,0,0,0,0,0,0,0.9,-1.1,0,1.7,527.1,-448,11.75,5.3,8.5,1.3,5.6,3.4,6.1,0.5,1.3,0.4,-0.4,-0.4,9,12,7.1,9.1,0,0,0,0,0,0,1,1,2,0,31,27,22,18,14,15,12,12,18,0,0,0,0,0,0,0,0,0
0.0,85,92.55,91.84,92.75,0,0,0,0.1,-174.8,0.04,0.11,0,4.3,271,1,1,0,0,0,0,0,0,0,0,1.0,-0.9,0,1.7,527.1,-448,11.75,5.3,8.5,1.3,5.6,3.4,6.1,0.5,1.3,0.4,-0.4,-0.4,10,13,7.1,9.1,0,0,0,0,0,0,1,1,2,0,31,27,22,18,14,15,13,13,18,0,0,0,0,0,0,0,0,0
0.0,84,92.55,91.84,92.75,0,0,0,0.1,-171.2,0.04,0.11,0,3.3,252,1,1,0,0,0,0,0,0,0,0,0.6,-1.2,0,1.7,527.1,-448,11.75,5.5,8.3,1.2,5.4,3.3,6.1,0.3,1.2,0.4,-0.5,-0.4,10,12,6.9,8.9,0,0,0,0,0,0,1,1,2,0,28,27,21,18,14,15,12,12,18,0,0,0,0,0,0,0,0,0
0.0,85,92.55,91.84,92.75,0,0,0,0.1,-176.0,0.03,0.11,0,4.7,268,1,1,0,0,0,0,0,0,0,0,0.9,-1.1,0,1.7,527.1,-448,11.75,5.3,8.4,1.2,5.6,3.3,6.1,0.5,1.3,0.4,-0.4,-0.4,10,13,7.0,9.1,0,0,0,0,0,0,1,1,2,0,29,27,22,18,14,15,13,13,18,0,0,0,0,0,0,0,0,0
0.0,84,92.55,91.84,92.75,0,0,0,0.09,-171.2,0.04,0.11,0,3.9,260,1,1,0,0,0,0,0,0,0,0,0.6,-1.1,0,1.7,527.1,-448,11.75,5.5,8.4,1.2,5.5,3.3,6.1,0.3,1.2,0.4,-0.5,-0.4,9,12,6.9,8.9,0,0,0,0,0,0,1,1,2,0,28,27,21,18,14,15,12,12,18,0,0,0,0,0,0,0,0,0
0.0,86,92.55,91.84,92.75,0,0,0,0.1,-138.1,0.04,0.13,0,4.0,232,1,1,0,0,0,0,0,0,0,0,1.0,-1.0,0,1.7,527.1,-448,11.75,5.5,8.5,1.3,5.8,3.4,6.1,0.5,1.5,0.5,-0.4,-0.4,10,12,7.3,9.3,0,0,0,0,0,0,1,1,2,0,31,27,22,18,14,16,12,12,19,0,0,0,0,0,0,0,0,0
0.0,84,92.55,91.84,92.75,0,0,0,0.1,175.9,0.03,0.11,0,3.7,271,1,1,0,0,0,0,0,0,0,0,0.9,-1.1,0,1.7,527.1,-448,11.75,5.3,8.4,1.2,5.5,3.3,6.1,0.3,1.3,0.4,-0.4,-0.4,9,12,7.0,8.9,0,0,0,0,0,0,1,1,2,0,28,27,21,18,14,15,12,12,18,0,0,0,0,0,0,0,0,0
0.0,84,92.55,91.84,92.75,0,0,0,0.1,169.8,0.03,0.11,0,2.8,268,1,1,0,0,0,0,0,0,0,0,0.7,-1.2,0,1.7,527.1,-448,11.75,5.5,8.4,1.2,5.5,3.3,6.1,0.3,1.3,0.4,-0.4,-0.4,9,13,7.0,8.9,0,0,0,0,0,0,1,1,2,0,28,27,21,18,14,15,13,13,18,0,0,0,0,0,0,0,0,0
0.0,84,92.55,91.84,92.75,0,0,0,0.09,-168.8,0.04,0.11,0,3.1,269,1,1,0,0,0,0,0,0,0,0,0.8,-1.1,0,1.7,527.1,-448,11.75,5.3,8.4,1.2,5.5,3.3,6.1,0.4,1.3,0.4,-0.4,-0.4,9,12,7.0,8.9,0,0,0,0,0,0,1,1,2,0,28,27,21,18,14,15,12,12,18,0,0,0,0,0,0,0,0,0
0.0,85,92.55,91.84,92.75,0,0,0,0.09,-174.7,0.04,0.11,0,3.6,269,1,1,0,0,0,0,0,0,0,0,0.9,-1.1,0,1.7,527.1,-448,11.75,5.3,8.4,1.2,5.6,3.3,6.1,0.5,1.3,0.4,-0.4,-0.4,9,12,7.0,9.1,0,0,0,0,0,0,1,1,2,0,30,27,21,18,14,15,12,12,18,0,0,0,0,0,0,0,0,0
0.0,85,92.55,91.84,92.75,0,0,0,0.1,178.0,0.04,0.11,0,4.4,270,1,1,0,0,0,0,0,0,0,0,0.8,-1.1,0,1.7,527.1,-448,11.75,5.3,8.4,1.2,5.6,3.3,6.1,0.5,1.3,0.4,-0.4,-0.4,9,12,7.0,9.1,0,0,0,0,0,0,1,1,2,0,29,27,22,18,14,15,12,12,18,0,0,0,0,0,0,0,0,0
0.0,86,92.55,91.84,92.75,0,0,0,0.1,-142.3,0.04,0.11,0,4.6,234,1,1,0,0,0,0,0,0,0,0,1.0,-1.0,0,1.7,527.1,-448,11.75,5.5,8.5,1.3,5.8,3.4,6.1,0.5,1.5,0.5,-0.4,-0.4,10,12,7.1,9.3,0,0,0,0,0,0,1,1,2,0,32,27,22,18,14,16,12,12,18,0,0,0,0,0,0,0,0,0
0.0,84,92.55,91.84,92.75,0,0,0,0.1,-171.4,0.03,0.11,0,3.5,259,1,1,0,0,0,0,0,0,0,0,0.7,-1.2,0,1.7,527.1,-448,11.75,5.5,8.4,1.2,5.5,3.3,6.1,0.3,1.2,0.4,-0.5,-0.4,10,13,6.9,8.9,0,0,0,0,0,0,1,1,2,0,28,27,21,18,14,15,13,13,18,0,0,0,0,0,0,0,0,0
0.0,84,92.55,91.84,92.75,0,0,0,0.12,-168.1,0.04,0.11,0,3.9,259,1,1,0,0,0,0,0,0,0,0,0.9,-1.1,0,1.7,527.1,-448,11.75,5.5,8.4,1.2,5.5,3.3,6.1,0.3,1.2,0.4,-0.4,-0.4,9,13,6.9,8.9,0,0,0,0,0,0,1,1,2,0,28,27,21,18,14,15,13,13,18,0,0,0,0,0,0,0,0,0
0.0,86,92.55,91.84,92.75,0,0,0,0.11,-132.9,0.04,0.11,0,4.7,235,1,1,0,0,0,0,0,0,0,0,1.0,-1.0,0,1.7,527.1,-448,11.75,5.5,8.5,1.3,5.8,3.4,6.1,0.5,1.5,0.5,-0.4,-0.4,10,14,7.1,9.3,0,0,0,0,0,0,1,1,2,0,32,27,22,18,14,16,14,14,18,0,0,0,0,0,0,0,0,0
0.0,84,92.55,91.84,92.75,0,0,0,0.09,-172.4,0.03,0.11,0,3.8,260,1,1,0,0,0,0,0,0,0,0,0.7,-1.2,0,1.7,527.1,-448,11.75,5.5,8.4,1.2,5.5,3.3,6.1,0.3,1.3,0.4,-0.4,-0.4,9,13,6.9,8.9,0,0,0,0,0,0,1,1,2,0,28,27,21,18,14,15,13,13,18,0,0,0,0,0,0,0,0,0
0.0,85,92.55,91.84,92.75,0,0,0,0.11,-178.7,0.03,0.11,0,3.5,270,1,1,0,0,0,0,0,0,0,0,0.9,-1.0,0,1.7,527.1,-448,11.75,5.3,8.4,1.2,5.6,3.3,6.1,0.5,1.3,0.4,-0.4,-0.4,10,13,7.0,9.1,0,0,0,0,0,0,1,1,2,0,30,27,22,18,14,15,13,13,18,0,0,0,0,0,0,0,0,0
0.0,84,92.55,91.84,92.75,0,0,0,0.12,-177.5,0.04,0.11,0,3.3,264,1,1,0,0,0,0,0,0,0,0,0.7,-1.3,0,1.7,527.1,-448,11.75,5.5,8.4,1.2,5.5,3.3,6.1,0.3,1.3,0.4,-0.4,-0.4,9,12,7.0,8.9,0,0,0,0,0,0,1,1,2,0,28,27,21,18,14,15,12,12,18,0,0,0,0,0,0,0,0,0
0.0,86,92.55,91.84,92.75,0,0,0,0.11,-142.4,0.03,0.11,0,4.2,233,1,1,0,0,0,0,0,0,0,0,1.0,-1.1,0,1.7,527.1,-448,11.75,5.5,8.5,1.3,5.8,3.4,6.1,0.5,1.5,0.5,-0.4,-0.4,10,12,7.1,9.3,0,0,0,0,0,0,1,1,2,0,32,27,22,18,14,15,12,12,18,0,0,0,0,0,0,0,0,0
0.0,86,92.55,91.84,92.75,0,0,0,0.11,-149.4,0.04,0.11,0,4.5,241,1,1,0,0,0,0,0,0,0,0,1.0,-0.9,0,1.7,527.1,-448,11.75,5.5,8.5,1.3,5.8,3.4,6.1,0.5,1.3,0.5,-0.4,-0.4,9,13,7.1,9.3,0,0,0,0,0,0,1,1,2,0,32,27,22,18,14,15,13,13,18,0,0,0,0,0,0,0,0,0
0.0,85,92.55,91.84,92.75,0,0,0,0.11,179.4,0.04,0.11,0,3.6,270,1,1,0,0,0,0,0,0,0,0,1.0,-1.0,0,1.7,527.1,-448,11.75,5.3,8.4,1.2,5.6,3.3,6.1,0.5,1.3,0.4,-0.4,-0.4,9,13,7.0,9.1,0,0,0,0,0,0,1,1,2,0,30,27,22,18,14,15,13,13,18,0,0,0,0,0,0,0,0,0
0.0,85,92.55,91.84,92.75,0,0,0,0.1,-179.7,0.04,0.11,0,4.8,270,1,1,0,0,0,0,0,0,0,0,1.0,-1.0,0,1.7,527.1,-448,11.75,5.3,8.4,1.2,5.6,3.3,6.1,0.5,1.3,0.4,-0.4,-0.4,10,13,7.0,9.1,0,0,0,0,0,0,1,1,2,0,29,27,22,18,14,15,13,13,18,0,0,0,0,0,0,0,0,0
0.0,86,92.55,91.84,92.75,0,0,0,0.12,-142.7,0.04,0.1,0,3.4,233,1,1,0,0,0,0,0,0,0,0,1.0,-1.1,0,1.7,527.1,-448,11.75,5.5,8.5,1.3,5.8,3.4,6.1,0.5,1.5,0.5,-0.4,-0.4,10,13,7.3,9.3,0,0,0,0,0,0,1,1,2,0,31,27,22,18,14,15,13,13,18,0,0,0,0,0,0,0,0,0
0.0,85,92.55,91.84,92.75,0,0,0,0.1,177.8,0.04,0.11,0,3.0,271,1,1,0,0,0,0,0,0,0,0,1.0,-0.9,0,1.7,527.1,-448,11.75,5.4,8.4,1.2,5.6,3.3,6.1,0.5,1.3,0.4,-0.4,-0.4,9,13,7.0,9.1,0,0,0,0,0,0,1,1,2,0,30,27,22,18,14,15,13,13,18,0,0,0,0,0,0,0,0,0
0.0,86,92.55,91.84,92.75,0,0,0,0.09,-131.9,0.04,0.1,0,4.5,234,1,1,0,0,0,0,0,0,0,0,1.0,-1.0,0,1.7,527.1,-448,11.75,5.5,8.5,1.3,5.8,3.4,6.1,0.5,1.5,0.5,-0.4,-0.4,9,12,7.1,9.3,0,0,0,0,0,0,1,1,2,0,32,27,22,18,14,15,12,12,18,0,0,0,0,0,0,0,0,0
0.0,84,92.55,91.84,92.75,0,0,0,0.1,180.0,0.04,0.11,0,3.2,273,1,1,0,0,0,0,0,0,0,0,0.7,-1.2,0,1.7,527.1,-448,11.75,5.3,8.4,1.2,5.5,3.3,6.1,0.4,1.3,0.4,-0.4,-0.4,9,13,7.0,8.9,0,0,0,0,0,0,1,1,2,0,28,27,21,18,14,15,13,13,18,0,0,0,0,0,0,0,0,0
0.0,85,92.55,91.84,92.75,0,0,0,0.09,-179.2,0.03,0.11,0,3.6,270,1,1,0,0,0,0,0,0,0,0,0.7,-1.1,0,1.7,527.1,-448,11.75,5.3,8.4,1.2,5.6,3.3,6.1,0.5,1.3,0.4,-0.4,-0.4,10,13,7.0,9.1,0,0,0,0,0,0,1,1,2,0,30,27,22,18,14,15,13,13,18,0,0,0,0,0,0,0,0,0
0.0,84,92.55,91.84,92.75,0,0,0,0.1,-172.8,0.04,0.11,0,3.1,253,1,1,0,0,0,0,0,0,0,0,0.8,-1.1,0,1.7,527.1,-448,11.75,5.5,8.3,1.2,5.4,3.3,6.1,0.3,1.2,0.4,-0.5,-0.4,9,13,6.9,8.9,0,0,0,0,0,0,1,1,2,0,28,27,21,18,14,15,13,13,17,0,0,0,0,0,0,0,0,0
0.0,86,92.55,91.84,92.75,0,0,0,0.09,-145.9,0.03,0.11,0,4.2,245,1,1,0,0,0,0,0,0,0,0,1.0,-1.1,0,1.7,527.1,-448,11.75,5.5,8.5,1.3,5.8,3.4,6.1,0.5,1.3,0.5,-0.4,-0.4,9,13,7.1,9.3,0,0,0,0,0,0,1,1,2,0,31,27,22,18,14,15,13,13,18,0,0,0,0,0,0,0,0,0
0.0,84,92.55,91.84,92.75,0,0,0,0.1,-173.1,0.04,0.11,0,3.7,259,1,1,0,0,0,0,0,0,0,0,0.7,-1.3,0,1.7,527.1,-448,11.75,5.5,8.4,1.2,5.5,3.3,6.1,0.3,1.2,0.4,-0.5,-0.4,9,13,6.9,8.9,0,0,0,0,0,0,1,1,2,0,28,27,22,18,14,15,13,13,18,0,0,0,0,0,0,0,0,0
0.01,84,92.55,91.84,92.75,0,0,0,0.1,-171.1,0.04,0.11,0,3.6,255,1,1,0,0,0,0,0,0,0,0,0.7,-1.2,0,1.7,527.1,-448,11.75,5.5,8.4,1.2,5.5,3.3,6.1,0.3,1.2,0.4,-0.5,-0.4,10,13,6.9,8.9,0,0,0,0,0,0,1,1,2,0,28,27,22,18,14,15,13,13,18,0,0,0,0,0,0,0,0,0
0.0,84,92.55,91.84,92.75,0,0,0,0.1,-168.9,0.04,0.11,0,4.1,260,1,1,0,0,0,0,0,0,0,0,0.8,-1.1,0,1.7,527.1,-448,11.75,5.5,8.4,1.2,5.5,3.3,6.1,0.3,1.2,0.4,-0.5,-0.4,10,13,6.9,8.9,0,0,0,0,0,0,1,1,2,0,28,27,21,18,14,15,13,13,18,0,0,0,0,0,0,0,0,0
0.01,85,92.55,91.84,92.75,0,0,0,0.1,-173.1,0.04,0.11,0,4.5,268,1,1,0,0,0,0,0,0,0,0,0.7,-1.0,0,1.7,527.1,-448,11.75,5.3,8.4,1.2,5.6,3.3,6.1,0.5,1.3,0.4,-0.4,-0.4,10,13,7.0,9.0,0,0,0,0,0,0,1,1,2,0,29,27,22,18,14,15,13,13,18,0,0,0,0,0,0,0,0,0
0.0,86,92.55,91.84,92.75,0,0,0,0.1,-148.9,0.04,0.11,0,4.8,241,1,1,0,0,0,0,0,0,0,0,0.9,-1.1,0,1.7,527.1,-448,11.75,5.5,8.5,1.3,5.8,3.4,6.1,0.5,1.3,0.5,-0.4,-0.4,10,12,7.1,9.3,0,0,0,0,0,0,1,1,2,0,32,27,22,18,14,15,12,12,19,0,0,0,0,0,0,0,0,0
0.0,86,92.55,91.84,92.75,0,0,0,0.12,-143.1,0.04,0.11,0,4.8,233,1,1,0,0,0,0,0,0,0,0,1.0,-0.9,0,1.7,527.1,-448,11.75,5.5,8.5,1.3,5.8,3.4,6.1,0.5,1.5,0.5,-0.4,-0.4,10,13,7.1,9.3,0,0,0,0,0,0,1,1,2,0,32,27,22,18,14,15,13,13,18,0,0,0,0,0,0,0,0,0
0.0,84,92.55,91.84,92.75,0,0,0,0.09,-157.0,0.04,0.11,0,3.8,248,1,1,0,0,0,0,0,0,0,0,0.7,-1.1,0,1.7,527.1,-448,11.75,5.5,8.3,1.2,5.4,3.3,6.1,0.3,1.2,0.3,-0.5,-0.4,9,13,6.9,8.9,0,0,0,0,0,0,1,1,2,0,28,27,21,18,14,15,13,13,18,0,0,0,0,0,0,0,0,0
0.0,84,92.55,91.84,92.75,0,0,0,0.09,-168.2,0.04,0.11,0,3.4,251,1,1,0,0,0,0,0,0,0,0,0.6,-1.2,0,1.7,527.1,-448,11.75,5.5,8.3,1.2,5.4,3.3,6.1,0.3,1.2,0.4,-0.5,-0.4,9,13,6.9,8.9,0,0,0,0,0,0,1,1,2,0,28,27,21,18,14,15,13,13,18,0,0,0,0,0,0,0,0,0
0.0,86,92.55,91.84,92.75,0,0,0,0.1,-144.3,0.03,0.11,0,4.9,234,1,1,0,0,0,0,0,0,0,0,1.2,-0.8,0,1.7,527.1,-448,11.75,5.5,8.5,1.3,5.8,3.4,6.1,0.5,1.5,0.5,-0.4,-0.4,10,12,7.1,9.3,0,0,0,0,0,0,1,1,2,0,32,27,22,18,14,15,12,12,18,0,0,0,0,0,0,0,0,0
0.0,85,92.55,91.84,92.75,0,0,0,0.1,177.5,0.03,0.11,0,3.6,272,1,1,0,0,0,0,0,0,0,0,1.0,-1.0,0,1.7,527.1,-448,11.75,5.3,8.5,1.3,5.6,3.4,6.1,0.5,1.3,0.4,-0.4,-0.4,9,13,7.0,9.1,0,0,0,0,0,0,1,1,2,0,31,27,22,18,14,15,13,13,18,0,0,0,0,0,0,0,0,0
0.0,84,92.55,91.84,92.75,0,0,0,0.09,-175.2,0.04,0.11,0,2.9,263,1,1,0,0,0,0,0,0,0,0,0.6,-1.1,0,1.7,527.1,-448,11.75,5.5,8.4,1.2,5.5,3.3,6.1,0.3,1.3,0.4,-0.4,-0.4,8,12,7.0,8.9,0,0,0,0,0,0,1,1,2,0,28,27,21,18,14,15,12,12,18,0,0,0,0,0,0,0,0,0
0.0,84,92.55,91.84,92.75,0,0,0,0.1,-173.1,0.04,0.11,0,3.2,263,1,1,0,0,0,0,0,0,0,0,0.6,-1.2,0,1.7,527.1,-448,11.75,5.5,8.4,1.2,5.5,3.3,6.1,0.3,1.3,0.4,-0.4,-0.4,9,13,7.0,8.9,0,0,0,0,0,0,1,1,2,0,28,27,21,18,14,15,13,13,18,0,0,0,0,0,0,0,0,0
0.0,85,92.55,91.84,92.75,0,0,0,0.1,178.4,0.04,0.11,0,4.7,269,1,1,0,0,0,0,0,0,0,0,1.0,-1.1,0,1.7,527.1,-448,11.75,5.3,8.4,1.2,5.6,3.3,6.1,0.5,1.3,0.4,-0.4,-0.4,9,13,7.0,9.1,0,0,0,0,0,0,1,1,2,0,29,27,22,18,14,15,13,13,18,0,0,0,0,0,0,0,0,0
0.0,86,92.55,91.84,92.75,0,0,0,0.1,-145.3,0.04,0.11,0,4.3,240,1,1,0,0,0,0,0,0,0,0,0.9,-1.0,0,1.7,527.1,-448,11.75,5.5,8.5,1.3,5.8,3.4,6.1,0.5,1.4,0.5,-0.4,-0.4,10,12,7.1,9.3,0,0,0,0,0,0,1,1,2,0,32,27,22,18,14,15,12,12,18,0,0,0,0,0,0,0,0,0
0.0,86,92.55,91.84,92.75,0,0,0,0.11,-142.1,0.04,0.11,0,4.1,233,1,1,0,0,0,0,0,0,0,0,1.1,-0.9,0,1.7,527.1,-448,11.75,5.5,8.5,1.3,5.8,3.4,6.1,0.5,1.5,0.5,-0.4,-0.3,10,13,7.1,9.3,0,0,0,0,0,0,1,1,2,0,32,27,22,18,14,15,13,13,18,0,0,0,0,0,0,0,0,0
0.0,85,92.55,91.84,92.75,0,0,0,0.1,177.1,0.04,0.11,0,3.4,272,1,1,0,0,0,0,0,0,0,0,0.7,-1.1,0,1.7,527.1,-448,11.75,5.3,8.4,1.2,5.6,3.3,6.1,0.5,1.3,0.4,-0.4,-0.4,10,13,7.0,9.1,0,0,0,0,0,0,1,1,2,0,30,27,22,18,14,15,13,13,18,0,0,0,0,0,0,0,0,0
0.0,85,92.55,91.84,92.75,0,0,0,0.1,-174.0,0.03,0.11,0,3.8,267,1,1,0,0,0,0,0,0,0,0,0.9,-1.1,0,1.7,527.1,-448,11.75,5.3,8.4,1.2,5.6,3.3,6.1,0.5,1.3,0.4,-0.4,-0.4,9,13,7.0,9.1,0,0,0,0,0,0,1,1,2,0,29,27,22,18,14,15,13,13,18,0,0,0,0,0,0,0,0,0
0.0,85,92.55,91.84,92.75,0,0,0,0.11,-170.3,0.03,0.11,0,4.3,268,1,1,0,0,0,0,0,0,0,0,0.9,-1.1,0,1.7,527.1,-448,11.75,5.3,8.4,1.2,5.6,3.3,6.1,0.5,1.3,0.4,-0.4,-0.4,9,12,7.0,9.0,0,0,0,0,0,0,1,1,2,0,29,27,22,18,14,16,12,12,18,0,0,0,0,0,0,0,0,0
0.0,86,92.55,91.84,92.75,0,0,0,0.1,-140.3,0.03,0.11,0,4.4,233,1,1,0,0,0,0,0,0,0,0,1.0,-1.1,0,1.7,527.1,-448,11.75,5.5,8.5,1.3,5.8,3.4,6.1,0.5,1.5,0.5,-0.4,-0.4,10,12,7.2,9.3,0,0,0,0,0,0,1,1,2,0,31,27,22,18,14,15,12,12,18,0,0,0,0,0,0,0,0,0
0.0,84,92.55,91.84,92.75,0,0,0,0.1,175.6,0.03,0.11,0,3.5,272,1,1,0,0,0,0,0,0,0,0,0.6,-1.2,0,1.7,527.1,-448,11.75,5.4,8.4,1.2,5.5,3.3,6.1,0.3,1.3,0.4,-0.5,-0.5,9,13,7.0,8.9,0,0,0,0,0,0,1,1,2,0,28,27,21,18,14,15,13,13,18,0,0,0,0,0,0,0,0,0
0.0,85,92.55,91.84,92.75,0,0,0,0.09,-173.7,0.04,0.11,0,3.8,268,1,1,0,0,0,0,0,0,0,0,0.9,-1.2,0,1.7,527.1,-448,11.75,5.3,8.4,1.2,5.6,3.3,6.1,0.5,1.3,0.4,-0.4,-0.4,9,12,7.0,9.1,0,0,0,0,0,0,1,1,2,0,30,27,21,18,14,15,12,12,18,0,0,0,0,0,0,0,0,0
0.0,84,92.55,91.84,92.75,0,0,0,0.1,-173.4,0.04,0.11,0,3.4,256,1,1,0,0,0,0,0,0,0,0,0.8,-1.1,0,1.7,527.1,-448,11.75,5.5,8.4,1.2,5.5,3.3,6.1,0.3,1.2,0.4,-0.5,-0.4,9,12,6.9,8.9,0,0,0,0,0,0,1,1,2,0,28,27,22,18,14,15,12,12,18,0,0,0,0,0,0,0,0,0
0.0,84,92.55,91.84,92.75,0,0,0,0.1,-160.5,0.04,0.11,0,3.6,245,1,1,0,0,0,0,0,0,0,0,0.6,-1.2,0,1.7,527.1,-448,11.75,5.5,8.3,1.2,5.3,3.3,6.1,0.3,1.2,0.3,-0.5,-0.4,9,12,6.9,8.9,0,0,0,0,0,0,1,1,2,0,28,27,21,18,14,15,12,12,18,0,0,0,0,0,0,0,0,0
0.0,86,92.55,91.84,92.75,0,0,0,0.09,-151.7,0.04,0.11,0,4.6,256,1,1,0,0,0,0,0,0,0,0,1.0,-1.1,0,1.7,527.1,-448,11.75,5.5,8.5,1.3,5.8,3.4,6.1,0.5,1.3,0.5,-0.4,-0.4,10,13,7.1,9.3,0,0,0,0,0,0,1,1,2,0,31,27,22,18,14,15,13,13,18,0,0,0,0,0,0,0,0,0
0.0,84,92.55,91.84,92.75,0,0,0,0.1,179.9,0.04,0.11,0,3.8,270,1,1,0,0,0,0,0,0,0,0,0.7,-1.2,0,1.7,527.1,-448,11.75,5.5,8.4,1.2,5.5,3.3,6.1,0.3,1.3,0.4,-0.4,-0.4,9,13,7.0,8.9,0,0,0,0,0,0,1,1,2,0,28,27,21,18,14,15,13,13,18,0,0,0,0,0,0,0,0,0
0.0,86,92.55,91.84,92.75,0,0,0,0.1,-147.0,0.03,0.1,0,4.3,245,1,1,0,0,0,0,0,0,0,0,1.1,-1.0,0,1.7,527.1,-448,11.75,5.5,8.5,1.3,5.8,3.4,6.1,0.5,1.3,0.5,-0.4,-0.4,10,13,7.1,9.3,0,0,0,0,0,0,1,1,2,0,31,27,22,18,14,16,13,13,18,0,0,0,0,0,0,0,0,0
0.0,85,92.55,91.84,92.75,0,0,0,0.1,-179.0,0.04,0.11,0,3.8,269,1,1,0,0,0,0,0,0,0,0,0.8,-1.1,0,1.7,527.1,-448,11.75,5.3,8.4,1.2,5.6,3.3,6.1,0.5,1.3,0.4,-0.4,-0.4,10,12,7.0,9.1,0,0,0,0,0,0,1,1,2,0,30,27,22,18,14,15,12,12,18,0,0,0,0,0,0,0,0,0
0.0,86,92.55,91.84,92.75,0,0,0,0.1,-133.5,0.04,0.11,0,4.6,232,1,1,0,0,0,0,0,0,0,0,1.1,-0.9,0,1.7,527.1,-448,11.75,5.5,8.5,1.3,5.8,3.4,6.1,0.5,1.5,0.5,-0.4,-0.4,10,13,7.1,9.3,0,0,0,0,0,0,1,1,2,0,32,27,22,18,14,15,13,13,18,0,0,0,0,0,0,0,0,0
0.0,85,92.55,91.84,92.75,0,0,0,0.09,-176.5,0.04,0.11,0,4.0,272,1,1,0,0,0,0,0,0,0,0,1.0,-1.1,0,1.7,527.1,-448,11.75,5.3,8.5,1.3,5.6,3.4,6.1,0.5,1.3,0.4,-0.4,-0.4,10,13,7.1,9.1,0,0,0,0,0,0,1,1,2,0,31,27,22,18,14,15,13,13,18,0,0,0,0,0,0,0,0,0
0.0,85,92.55,91.84,92.75,0,0,0,0.1,-168.9,0.04,0.11,0,4.5,269,1,1,0,0,0,0,0,0,0,0,0.8,-1.1,0,1.7,527.1,-448,11.75,5.3,8.5,1.3,5.6,3.4,6.1,0.5,1.3,0.4,-0.4,-0.4,10,13,7.1,9.1,0,0,0,0,0,0,1,1,2,0,31,27,22,18,14,15,13,13,18,0,0,0,0,0,0,0,0,0
0.0,84,92.55,91.84,92.75,0,0,0,0.1,-169.6,0.04,0.11,0,3.7,261,1,1,0,0,0,0,0,0,0,0,0.6,-1.1,0,1.7,527.1,-448,11.75,5.5,8.4,1.2,5.5,3.3,6.1,0.3,1.3,0.4,-0.4,-0.4,10,12,6.9,8.9,0,0,0,0,0,0,1,1,2,0,28,27,21,18,14,15,12,12,18,0,0,0,0,0,0,0,0,0
0.0,85,92.55,91.84,92.75,0,0,0,0.1,178.8,0.04,0.11,0,3.8,272,1,1,0,0,0,0,0,0,0,0,0.9,-1.1,0,1.7,527.1,-448,11.75,5.3,8.5,1.3,5.6,3.3,6.1,0.5,1.3,0.4,-0.4,-0.4,10,13,7.0,9.1,0,0,0,0,0,0,1,1,2,0,30,27,22,18,14,15,13,13,18,0,0,0,0,0,0,0,0,0
0.0,84,92.55,91.84,92.75,0,0,0,0.09,-169.5,0.04,0.11,0,3.1,257,1,1,0,0,0,0,0,0,0,0,0.6,-1.3,0,1.7,527.1,-448,11.75,5.5,8.4,1.2,5.5,3.3,6.1,0.3,1.2,0.4,-0.5,-0.4,9,12,6.9,8.9,0,0,0,0,0,0,1,1,2,0,28,27,22,18,14,15,12,12,18,0,0,0,0,0,0,0,0,0
0.0,86,92.55,91.84,92.75,0,0,0,0.1,-139.5,0.04,0.11,0,4.2,248,1,1,0,0,0,0,0,0,0,0,0.8,-1.1,0,1.7,527.1,-448,11.75,5.5,8.5,1.3,5.8,3.4,6.1,0.5,1.3,0.5,-0.4,-0.4,10,13,7.1,9.3,0,0,0,0,0,0,1,1,2,0,31,27,21,18,14,15,13,13,18,0,0,0,0,0,0,0,0,0
0.0,85,92.55,91.84,92.75,0,0,0,0.09,-176.0,0.04,0.11,0,4.6,268,1,1,0,0,0,0,0,0,0,0,0.8,-1.1,0,1.7,527.1,-448,11.75,5.3,8.4,1.2,5.6,3.3,6.1,0.5,1.3,0.4,-0.4,-0.4,9,13,7.0,9.1,0,0,0,0,0,0,1,1,2,0,29,27,22,18,14,15,13,13,18,0,0,0,0,0,0,0,0,0
0.0,85,92.55,91.84,92.75,0,0,0,0.1,178.9,0.04,0.11,0,3.5,270,1,1,0,0,0,0,0,0,0,0,0.8,-1.1,0,1.7,527.1,-448,11.75,5.3,8.4,1.2,5.6,3.3,6.1,0.5,1.3,0.4,-0.4,-0.4,9,13,7.0,9.1,0,0,0,0,0,0,1,1,2,0,30,27,22,18,14,15,13,13,18,0,0,0,0,0,0,0,0,0
0.0,85,92.55,91.84,92.75,0,0,0,0.1,-177.6,0.03,0.11,0,4.0,268,1,1,0,0,0,0,0,0,0,0,0.7,-1.1,0,1.7,527.1,-448,11.75,5.3,8.4,1.2,5.6,3.3,6.1,0.5,1.3,0.4,-0.4,-0.4,9,13,7.0,9.1,0,0,0,0,0,0,1,1,2,0,29,27,22,18,14,15,13,13,18,0,0,0,0,0,0,0,0,0
0.0,85,92.55,91.84,92.75,0,0,0,0.11,-164.3,0.04,0.11,0,3.9,266,1,1,0,0,0,0,0,0,0,0,0.9,-1.0,0,1.7,527.1,-448,11.75,5.3,8.5,1.3,5.7,3.4,6.1,0.5,1.3,0.5,-0.4,-0.4,10,13,7.1,9.1,0,0,0,0,0,0,1,1,2,0,31,27,22,18,14,15,13,13,18,0,0,0,0,0,0,0,0,0
0.0,84,92.55,91.84,92.75,0,0,0,0.09,-168.7,0.04,0.11,0,3.1,270,1,1,0,0,0,0,0,0,0,0,0.7,-1.1,0,1.7,527.1,-448,11.75,5.3,8.4,1.2,5.5,3.3,6.1,0.3,1.3,0.4,-0.4,-0.4,9,12,7.0,8.9,0,0,0,0,0,0,1,1,2,0,28,27,21,18,14,15,12,12,18,0,0,0,0,0,0,0,0,0
0.0,84,92.55,91.84,92.75,0,0,0,0.11,-176.6,0.04,0.11,0,3.2,264,1,1,0,0,0,0,0,0,0,0,0.7,-1.1,0,1.7,527.1,-448,11.75,5.5,8.4,1.2,5.5,3.3,6.1,0.3,1.3,0.4,-0.4,-0.4,10,13,7.0,8.9,0,0,0,0,0,0,1,1,2,0,28,27,21,18,14,15,13,13,18,0,0,0,0,0,0,0,0,0
0.0,85,92.55,91.84,92.75,0,0,0,0.1,178.6,0.04,0.11,0,3.6,272,1,1,0,0,0,0,0,0,0,0,0.9,-1.1,0,1.7,527.1,-448,11.75,5.3,8.5,1.3,5.6,3.3,6.1,0.5,1.3,0.4,-0.4,-0.4,9,13,7.0,9.1,0,0,0,0,0,0,1,1,2,0,31,27,22,18,14,15,13,13,18,0,0,0,0,0,0,0,0,0
0.0,86,92.55,91.84,92.75,0,0,0,0.1,-148.2,0.04,0.11,0,4.3,241,1,1,0,0,0,0,0,0,0,0,1.0,-1.0,0,1.7,527.1,-448,11.75,5.5,8.5,1.3,5.8,3.4,6.1,0.5,1.3,0.5,-0.4,-0.4,10,13,7.1,9.3,0,0,0,0,0,0,1,1,2,0,32,27,22,18,14,15,13,13,18,0,0,0,0,0,0,0,0,0
0.0,85,92.55,91.84,92.75,0,0,0,0.1,-172.2,0.04,0.11,0,3.4,267,1,1,0,0,0,0,0,0,0,0,0.7,-1.1,0,1.7,527.1,-448,11.75,5.3,8.4,1.2,5.6,3.3,6.1,0.5,1.3,0.4,-0.4,-0.4,9,12,7.0,9.1,0,0,0,0,0,0,1,1,2,0,30,27,22,18,14,15,12,12,18,0,0,0,0,0,0,0,0,0
0.0,85,92.55,91.84,92.75,0,0,0,0.1,176.3,0.03,0.11,0,3.9,272,1,1,0,0,0,0,0,0,0,0,1.0,-1.0,0,1.7,527.1,-448,11.75,5.3,8.5,1.3,5.6,3.4,6.1,0.5,1.3,0.4,-0.4,-0.4,9,13,7.0,9.1,0,0,0,0,0,0,1,1,2,0,31,27,22,18,14,15,13,13,18,0,0,0,0,0,0,0,0,0
0.0,86,92.55,91.84,92.75,0,0,0,0.1,-142.4,0.04,0.11,0,4.3,233,1,1,0,0,0,0,0,0,0,0,1.0,-0.9,0,1.7,527.1,-448,11.75,5.5,8.5,1.3,5.8,3.4,6.1,0.5,1.5,0.5,-0.4,-0.4,10,13,7.1,9.3,0,0,0,0,0,0,1,1,2,0,32,27,22,18,14,15,13,13,18,0,0,0,0,0,0,0,0,0
0.0,84,92.55,91.84,92.75,0,0,0,0.1,177.4,0.04,0.11,0,4.1,271,1,1,0,0,0,0,0,0,0,0,0.8,-1.1,0,1.7,527.1,-448,11.75,5.4,8.4,1.2,5.5,3.3,6.1,0.3,1.3,0.4,-0.5,-0.4,10,12,7.0,8.9,0,0,0,0,0,0,1,1,2,0,28,27,21,18,14,15,12,12,18,0,0,0,0,0,0,0,0,0
0.0,84,92.55,91.84,92.75,0,0,0,0.12,176.3,0.03,0.11,0,3.9,270,1,1,0,0,0,0,0,0,0,0,0.7,-1.3,0,1.7,527.1,-448,11.75,5.5,8.4,1.2,5.5,3.3,6.1,0.3,1.3,0.4,-0.4,-0.4,9,12,7.0,8.9,0,0,0,0,0,0,1,1,2,0,28,27,21,18,14,15,12,12,18,0,0,0,0,0,0,0,0,0
0.0,84,92.55,91.84,92.75,0,0,0,0.1,-176.1,0.04,0.11,0,3.6,272,1,1,0,0,0,0,0,0,0,0,0.8,-1.1,0,1.7,527.1,-448,11.75,5.3,8.4,1.2,5.5,3.3,6.1,0.3,1.3,0.4,-0.4,-0.4,9,13,7.0,8.9,0,0,0,0,0,0,1,1,2,0,28,27,21,18,14,15,13,13,18,0,0,0,0,0,0,0,0,0
0.0,86,92.55,91.84,92.75,0,0,0,0.1,-146.9,0.04,0.11,0,4.3,254,1,1,0,0,0,0,0,0,0,0,1.1,-0.9,0,1.7,527.1,-448,11.75,5.5,8.5,1.3,5.8,3.4,6.1,0.5,1.3,0.5,-0.4,-0.4,9,12,7.1,9.3,0,0,0,0,0,0,1,1,2,0,31,27,22,18,14,15,12,12,18,0,0,0,0,0,0,0,0,0
0.0,84,92.55,91.84,92.75,0,0,0,0.1,-179.1,0.04,0.11,0,3.4,270,1,1,0,0,0,0,0,0,0,0,0.8,-1.2,0,1.7,527.1,-448,11.75,5.5,8.4,1.2,5.5,3.3,6.1,0.3,1.3,0.4,-0.4,-0.4,9,12,7.0,8.9,0,0,0,0,0,0,1,1,2,0,28,27,21,18,14,15,12,12,18,0,0,0,0,0,0,0,0,0
0.0,85,92.55,91.84,92.75,0,0,0,0.1,-175.8,0.03,0.11,0,4.7,268,1,1,0,0,0,0,0,0,0,0,0.8,-1.1,0,1.7,527.1,-448,11.75,5.3,8.4,1.2,5.6,3.3,6.1,0.5,1.3,0.4,-0.4,-0.4,9,13,7.0,9.1,0,0,0,0,0,0,1,1,2,0,29,27,22,18,14,15,13,13,18,0,0,0,0,0,0,0,0,0
0.0,86,92.55,91.84,92.75,0,0,0,0.1,-132.1,0.03,0.11,0,4.6,234,1,1,0,0,0,0,0,0,0,0,0.8,-1.0,0,1.7,527.1,-448,11.75,5.5,8.5,1.3,5.8,3.4,6.1,0.5,1.5,0.5,-0.4,-0.4,9,13,7.1,9.3,0,0,0,0,0,0,1,1,2,0,32,27,22,18,14,15,13,13,18,0,0,0,0,0,0,0,0,0
0.0,84,92.55,91.84,92.75,0,0,0,0.1,-170.4,0.04,0.11,0,3.5,261,1,1,0,0,0,0,0,0,0,0,0.9,-1.1,0,1.7,527.1,-448,11.75,5.5,8.4,1.2,5.5,3.3,6.1,0.3,1.3,0.4,-0.4,-0.4,9,12,6.9,8.9,0,0,0,0,0,0,1,1,2,0,28,27,21,18,14,15,12,12,18,0,0,0,0,0,0,0,0,0
0.0,84,92.55,91.84,92.75,0,0,0,0.11,-171.7,0.04,0.11,0,3.3,271,1,1,0,0,0,0,0,0,0,0,0.6,-1.3,0,1.7,527.1,-448,11.75,5.3,8.4,1.2,5.5,3.3,6.1,0.3,1.3,0.4,-0.4,-0.4,9,13,7.0,8.9,0,0,0,0,0,0,1,1,2,0,28,27,21,18,14,15,13,13,18,0,0,0,0,0,0,0,0,0
0.0,86,92.55,91.84,92.75,0,0,0,0.11,-140.2,0.04,0.11,0,4.5,233,1,1,0,0,0,0,0,0,0,0,1.0,-1.0,0,1.7,527.1,-448,11.75,5.5,8.5,1.3,5.8,3.4,6.1,0.5,1.5,0.5,-0.4,-0.4,10,13,7.2,9.3,0,0,0,0,0,0,1,1,2,0,32,27,22,18,14,15,13,13,19,0,0,0,0,0,0,0,0,0
0.03,85,92.55,91.84,92.75,0,0,0,0.09,171.9,0.03,0.11,0,3.7,274,1,1,0,0,0,0,0,0,0,0,1.0,-0.9,0,1.7,527.1,-448,11.75,5.3,8.5,1.3,5.6,3.4,6.1,0.5,1.3,0.4,-0.4,-0.4,10,13,7.1,9.1,0,0,0,0,0,0,1,1,2,0,31,27,22,18,14,15,13,13,18,0,0,0,0,0,0,0,0,0
0.0,85,92.55,91.84,92.75,0,0,0,0.1,-175.4,0.04,0.11,0,4.2,272,1,1,0,0,0,0,0,0,0,0,1.0,-1.0,0,1.7,527.1,-448,11.75,5.3,8.5,1.3,5.6,3.4,6.1,0.5,1.3,0.4,-0.4,-0.4,10,12,7.1,9.1,0,0,0,0,0,0,1,1,2,0,31,27,22,18,14,15,12,12,18,0,0,0,0,0,0,0,0,0
0.0,84,92.55,91.84,92.75,0,0,0,0.1,-166.0,0.04,0.11,0,3.4,249,1,1,0,0,0,0,0,0,0,0,0.7,-1.2,0,1.7,527.1,-448,11.75,5.5,8.3,1.2,5.4,3.3,6.1,0.3,1.2,0.4,-0.5,-0.4,9,13,6.9,8.9,0,0,0,0,0,0,1,1,2,0,28,27,21,18,14,15,13,13,18,0,0,0,0,0,0,0,0,0
0.0,84,92.55,91.84,92.75,0,0,0,0.09,169.4,0.03,0.11,0,2.7,269,1,1,0,0,0,0,0,0,0,0,0.6,-1.1,0,1.7,527.1,-448,11.75,5.5,8.4,1.2,5.5,3.3,6.1,0.3,1.3,0.4,-0.4,-0.4,10,13,7.0,8.9,0,0,0,0,0,0,1,1,2,0,28,27,21,18,14,15,13,13,17,0,0,0,0,0,0,0,0,0
0.0,85,92.55,91.84,92.75,0,0,0,0.1,178.1,0.04,0.11,0,4.1,272,1,1,0,0,0,0,0,0,0,0,0.9,-1.2,0,1.7,527.1,-448,11.75,5.3,8.4,1.2,5.6,3.3,6.1,0.4,1.3,0.4,-0.4,-0.4,9,13,7.0,8.9,0,0,0,0,0,0,1,1,2,0,28,27,21,18,14,15,13,13,18,0,0,0,0,0,0,0,0,0
0.0,86,92.55,91.84,92.75,0,0,0,0.11,-145.1,0.04,0.11,0,4.8,244,1,1,0,0,0,0,0,0,0,0,0.9,-1.1,0,1.7,527.1,-448,11.75,5.5,8.5,1.3,5.8,3.4,6.1,0.5,1.3,0.5,-0.4,-0.4,9,12,7.1,9.3,0,0,0,0,0,0,1,1,2,0,31,27,22,18,14,15,12,12,18,0,0,0,0,0,0,0,0,0
0.0,84,92.55,91.84,92.75,0,0,0,0.1,-171.5,0.04,0.11,0,3.4,262,1,1,0,0,0,0,0,0,0,0,0.7,-1.2,0,1.7,527.1,-448,11.75,5.5,8.4,1.2,5.5,3.3,6.1,0.3,1.3,0.4,-0.4,-0.4,10,13,6.9,8.9,0,0,0,0,0,0,1,1,2,0,28,27,21,18,14,15,13,13,18,0,0,0,0,0,0,0,0,0
0.0,85,92.55,91.84,92.75,0,0,0,0.1,179.4,0.04,0.11,0,4.1,269,1,1,0,0,0,0,0,0,0,0,0.9,-1.3,0,1.7,527.1,-448,11.75,5.3,8.4,1.2,5.6,3.3,6.1,0.5,1.3,0.4,-0.4,-0.4,10,12,7.0,9.1,0,0,0,0,0,0,1,1,2,0,30,27,22,18,14,15,12,12,18,0,0,0,0,0,0,0,0,0
0.0,86,92.55,91.84,92.75,0,0,0,0.1,-143.3,0.04,0.11,0,4.7,252,1,1,0,0,0,0,0,0,0,0,1.0,-1.0,0,1.7,527.1,-448,11.75,5.5,8.5,1.3,5.8,3.4,6.1,0.5,1.3,0.5,-0.4,-0.4,10,13,7.1,9.3,0,0,0,0,0,0,1,1,2,0,31,27,22,18,14,15,13,13,18,0,0,0,0,0,0,0,0,0
0.0,84,92.55,91.84,92.75,0,0,0,0.1,-170.7,0.04,0.11,0,3.4,255,1,1,0,0,0,0,0,0,0,0,0.8,-1.1,0,1.7,527.1,-448,11.75,5.5,8.4,1.2,5.5,3.3,6.1,0.3,1.2,0.4,-0.5,-0.4,9,13,6.9,8.9,0,0,0,0,0,0,1,1,2,0,28,27,22,18,14,15,13,13,18,0,0,0,0,0,0,0,0,0
0.0,86,92.55,91.84,92.75,0,0,0,0.09,-142.4,0.04,0.11,0,4.1,233,1,1,0,0,0,0,0,0,0,0,0.9,-1.1,0,1.7,527.1,-448,11.75,5.5,8.5,1.3,5.8,3.4,6.1,0.5,1.5,0.5,-0.4,-0.3,10,13,7.1,9.3,0,0,0,0,0,0,1,1,2,0,32,27,22,18,14,15,13,13,18,0,0,0,0,0,0,0,0,0
0.0,86,92.55,91.84,92.75,0,0,0,0.09,-154.3,0.04,0.11,0,4.1,261,1,1,0,0,0,0,0,0,0,0,0.9,-1.1,0,1.7,527.1,-448,11.75,5.4,8.5,1.3,5.7,3.4,6.1,0.5,1.3,0.5,-0.4,-0.4,9,13,7.1,9.2,0,0,0,0,0,0,1,1,2,0,31,27,22,18,14,15,13,13,18,0,0,0,0,0,0,0,0,0
0.0,85,92.55,91.84,92.75,0,0,0,0.09,-175.5,0.04,0.11,0,4.6,268,1,1,0,0,0,0,0,0,0,0,0.9,-1.1,0,1.7,527.1,-448,11.75,5.3,8.4,1.2,5.6,3.3,6.1,0.5,1.3,0.4,-0.4,-0.4,10,12,7.0,9.0,0,0,0,0,0,0,1,1,2,0,29,27,22,18,14,15,12,12,18,0,0,0,0,0,0,0,0,0
0.0,85,92.55,91.84,92.75,0,0,0,0.1,-176.1,0.04,0.11,0,3.8,268,1,1,0,0,0,0,0,0,0,0,0.9,-1.0,0,1.7,527.1,-448,11.75,5.3,8.4,1.2,5.6,3.3,6.1,0.5,1.3,0.4,-0.4,-0.4,9,13,7.0,9.1,0,0,0,0,0,0,1,1,2,0,29,27,22,18,14,15,13,13,18,0,0,0,0,0,0,0,0,0
0.0,86,92.55,91.84,92.75,0,0,0,0.09,-141.9,0.03,0.11,0,3.9,233,1,1,0,0,0,0,0,0,0,0,1.1,-0.8,0,1.7,527.1,-448,11.75,5.5,8.5,1.3,5.8,3.4,6.1,0.5,1.5,0.5,-0.4,-0.3,10,13,7.1,9.3,0,0,0,0,0,0,1,1,2,0,32,27,22,18,14,15,13,13,18,0,0,0,0,0,0,0,0,0
0.0,84,92.55,91.84,92.75,0,0,0,0.1,-179.5,0.04,0.11,0,3.4,270,1,1,0,0,0,0,0,0,0,0,0.8,-1.0,0,1.7,527.1,-448,11.75,5.5,8.4,1.2,5.5,3.3,6.1,0.3,1.3,0.4,-0.4,-0.4,9,13,7.0,8.9,0,0,0,0,0,0,1,1,2,0,28,27,21,18,14,15,13,13,18,0,0,0,0,0,0,0,0,0
0.0,85,92.55,91.84,92.75,0,0,0,0.1,178.9,0.03,0.11,0,3.4,270,1,1,0,0,0,0,0,0,0,0,0.8,-1.1,0,1.7,527.1,-448,11.75,5.3,8.4,1.2,5.6,3.3,6.1,0.5,1.3,0.4,-0.4,-0.4,10,13,7.0,9.1,0,0,0,0,0,0,1,1,2,0,30,27,22,18,14,16,13,13,18,0,0,0,0,0,0,0,0,0
0.0,84,92.55,91.84,92.75,0,0,0,0.1,-167.3,0.04,0.11,0,3.9,260,1,1,0,0,0,0,0,0,0,0,0.8,-1.1,0,1.7,527.1,-448,11.75,5.5,8.4,1.2,5.5,3.3,6.1,0.3,1.3,0.4,-0.4,-0.4,10,13,6.9,8.9,0,0,0,0,0,0,1,1,2,0,28,27,21,18,14,15,13,13,18,0,0,0,0,0,0,0,0,0
0.01,85,92.55,91.84,92.75,0,0,0,0.09,179.7,0.04,0.11,0,4.4,270,1,1,0,0,0,0,0,0,0,0,0.9,-1.1,0,1.7,527.1,-448,11.75,5.3,8.4,1.2,5.6,3.3,6.1,0.5,1.3,0.4,-0.4,-0.4,9,12,7.0,9.1,0,0,0,0,0,0,1,1,2,0,29,27,22,18,14,15,12,12,18,0,0,0,0,0,0,0,0,0
0.0,86,92.55,91.84,92.75,0,0,0,0.1,-144.8,0.04,0.11,0,5.7,241,1,1,0,0,0,0,0,0,0,0,0.9,-1.0,0,1.7,527.1,-448,11.75,5.5,8.5,1.3,5.8,3.4,6.1,0.5,1.3,0.5,-0.4,-0.4,9,13,7.1,9.3,0,0,0,0,0,0,1,1,2,0,31,27,22,18,14,15,13,13,18,0,0,0,0,0,0,0,0,0
0.0,84,92.55,91.84,92.75,0,0,0,0.1,-161.8,0.04,0.11,0,4.0,245,1,1,0,0,0,0,0,0,0,0,0.8,-1.0,0,1.7,527.1,-448,11.75,5.5,8.3,1.2,5.3,3.3,6.1,0.3,1.2,0.3,-0.5,-0.4,9,13,6.9,8.9,0,0,0,0,0,0,1,1,2,0,28,27,21,18,14,15,13,13,18,0,0,0,0,0,0,0,0,0
0.0,86,92.55,91.84,92.75,0,0,0,0.1,-140.5,0.04,0.11,0,3.8,232,1,1,0,0,0,0,0,0,0,0,1.1,-0.9,0,1.7,527.1,-448,11.75,5.5,8.5,1.3,5.8,3.4,6.1,0.5,1.5,0.5,-0.4,-0.4,10,13,7.3,9.3,0,0,0,0,0,0,1,1,2,0,31,27,22,18,14,15,13,13,18,0,0,0,0,0,0,0,0,0
0.0,85,92.55,91.84,92.75,0,0,0,0.1,-179.1,0.04,0.11,0,4.3,271,1,1,0,0,0,0,0,0,0,0,0.9,-1.0,0,1.7,527.1,-448,11.75,5.3,8.4,1.2,5.6,3.3,6.1,0.4,1.3,0.4,-0.4,-0.4,10,12,7.0,8.9,0,0,0,0,0,0,1,1,2,0,28,27,21,18,14,15,12,12,18,0,0,0,0,0,0,0,0,0
0.0,86,92.55,91.84,92.75,0,0,0,0.1,-152.2,0.04,0.11,0,4.0,257,1,1,0,0,0,0,0,0,0,0,1.0,-1.0,0,1.7,527.1,-448,11.75,5.5,8.5,1.3,5.8,3.4,6.1,0.5,1.3,0.5,-0.4,-0.4,9,13,7.1,9.2,0,0,0,0,0,0,1,1,2,0,31,27,22,18,14,15,13,13,18,0,0,0,0,0,0,0,0,0
0.0,85,92.55,91.84,92.75,0,0,0,0.09,-175.9,0.04,0.11,0,4.1,272,1,1,0,0,0,0,0,0,0,0,0.9,-1.1,0,1.7,527.1,-448,11.75,5.3,8.5,1.3,5.6,3.4,6.1,0.5,1.3,0.4,-0.4,-0.4,11,13,7.1,9.1,0,0,0,0,0,0,1,1,2,0,31,27,22,18,14,16,13,13,18,0,0,0,0,0,0,0,0,0
0.0,84,92.55,91.84,92.75,0,0,0,0.1,175.8,0.03,0.11,0,3.7,273,1,1,0,0,0,0,0,0,0,0,0.8,-1.1,0,1.7,527.1,-448,11.75,5.3,8.4,1.2,5.5,3.3,6.1,0.4,1.3,0.4,-0.4,-0.4,9,13,7.0,8.9,0,0,0,0,0,0,1,1,2,0,28,27,21,18,14,15,13,13,18,0,0,0,0,0,0,0,0,0
0.0,86,92.55,91.84,92.75,0,0,0,0.12,-148.8,0.04,0.11,0,4.6,241,1,1,0,0,0,0,0,0,0,0,1.0,-0.9,0,1.7,527.1,-448,11.75,5.5,8.5,1.3,5.8,3.4,6.1,0.5,1.3,0.5,-0.4,-0.4,10,13,7.1,9.3,0,0,0,0,0,0,1,1,2,0,32,27,22,18,14,15,13,13,18,0,0,0,0,0,0,0,0,0
0.0,84,92.55,91.84,92.75,0,0,0,0.1,174.2,0.03,0.11,0,3.4,272,1,1,0,0,0,0,0,0,0,0,0.8,-1.1,0,1.7,527.1,-448,11.75,5.4,8.4,1.2,5.5,3.3,6.1,0.3,1.3,0.4,-0.5,-0.5,10,13,7.0,8.9,0,0,0,0,0,0,1,1,2,0,28,27,21,18,14,15,13,13,18,0,0,0,0,0,0,0,0,0
0.0,86,92.55,91.84,92.75,0,0,0,0.09,-147.6,0.04,0.11,0,4.4,241,1,1,0,0,0,0,0,0,0,0,0.9,-0.9,0,1.7,527.1,-448,11.75,5.5,8.5,1.3,5.8,3.4,6.1,0.5,1.3,0.5,-0.4,-0.4,10,13,7.1,9.3,0,0,0,0,0,0,1,1,2,0,32,27,22,18,14,15,13,13,18,0,0,0,0,0,0,0,0,0
0.0,84,92.55,91.84,92.75,0,0,0,0.11,-173.0,0.04,0.11,0,3.9,259,1,1,0,0,0,0,0,0,0,0,0.6,-1.2,0,1.7,527.1,-448,11.75,5.5,8.4,1.2,5.5,3.3,6.1,0.3,1.2,0.4,-0.4,-0.4,10,12,6.9,8.9,0,0,0,0,0,0,1,1,2,0,28,27,22,18,14,15,12,12,18,0,0,0,0,0,0,0,0,0
0.0,84,92.55,91.84,92.75,0,0,0,0.1,173.6,0.03,0.11,0,3.5,266,1,1,0,0,0,0,0,0,0,0,0.9,-1.1,0,1.7,527.1,-448,11.75,5.5,8.4,1.2,5.5,3.3,6.1,0.3,1.3,0.4,-0.4,-0.4,10,12,7.0,8.9,0,0,0,0,0,0,1,1,2,0,28,27,21,18,14,15,12,12,18,0,0,0,0,0,0,0,0,0
0.0,84,92.55,91.84,92.75,0,0,0,0.1,-169.4,0.04,0.11,0,3.3,257,1,1,0,0,0,0,0,0,0,0,0.8,-1.1,0,1.7,527.1,-448,11.75,5.5,8.4,1.2,5.5,3.3,6.1,0.3,1.2,0.4,-0.5,-0.4,10,12,6.9,8.9,0,0,0,0,0,0,1,1,2,0,28,27,22,18,14,15,12,12,18,0,0,0,0,0,0,0,0,0
0.0,84,92.55,91.84,92.75,0,0,0,0.11,174.4,0.04,0.11,0,3.5,272,1,1,0,0,0,0,0,0,0,0,0.8,-1.1,0,1.7,527.1,-448,11.75,5.3,8.4,1.2,5.5,3.3,6.1,0.3,1.3,0.4,-0.4,-0.4,9,13,7.0,8.9,0,0,0,0,0,0,1,1,2,0,28,27,21,18,14,15,13,13,18,0,0,0,0,0,0,0,0,0
0.0,86,92.55,91.84,92.75,0,0,0,0.1,-143.2,0.03,0.13,0,3.6,233,1,1,0,0,0,0,0,0,0,0,1.1,-0.9,0,1.7,527.1,-448,11.75,5.5,8.5,1.3,5.8,3.4,6.1,0.6,1.5,0.5,-0.4,-0.4,10,13,7.3,9.3,0,0,0,0,0,0,1,1,2,0,31,27,22,18,14,15,13,13,18,0,0,0,0,0,0,0,0,0
0.0,86,92.55,91.84,92.75,0,0,0,0.09,-148.4,0.04,0.11,0,4.4,241,1,1,0,0,0,0,0,0,0,0,0.9,-1.2,0,1.7,527.1,-448,11.75,5.5,8.5,1.3,5.8,3.4,6.1,0.5,1.3,0.5,-0.4,-0.4,10,13,7.1,9.3,0,0,0,0,0,0,1,1,2,0,32,27,22,18,14,15,13,13,18,0,0,0,0,0,0,0,0,0
0.0,85,92.55,91.84,92.75,0,0,0,0.1,-174.9,0.03,0.11,0,4.2,271,1,1,0,0,0,0,0,0,0,0,0.9,-0.9,0,1.7,527.1,-448,11.75,5.3,8.5,1.3,5.6,3.4,6.1,0.5,1.3,0.4,-0.4,-0.4,10,13,7.1,9.1,0,0,0,0,0,0,1,1,2,0,31,27,22,18,14,15,13,13,18,0,0,0,0,0,0,0,0,0
0.0,84,92.55,91.84,92.75,0,0,0,0.09,-171.7,0.04,0.11,0,4.1,258,1,1,0,0,0,0,0,0,0,0,0.5,-1.2,0,1.7,527.1,-448,11.75,5.5,8.4,1.2,5.5,3.3,6.1,0.3,1.2,0.4,-0.4,-0.4,9,13,6.9,8.9,0,0,0,0,0,0,1,1,2,0,28,27,22,18,14,15,13,13,18,0,0,0,0,0,0,0,0,0
0.0,86,92.55,91.84,92.75,0,0,0,0.1,-156.3,0.04,0.11,0,3.7,259,1,1,0,0,0,0,0,0,0,0,0.8,-1.1,0,1.7,527.1,-448,11.75,5.4,8.5,1.3,5.7,3.4,6.1,0.5,1.3,0.5,-0.4,-0.4,9,13,7.1,9.2,0,0,0,0,0,0,1,1,2,0,31,27,22,18,14,15,13,13,18,0,0,0,0,0,0,0,0,0
0.0,86,92.55,91.84,92.75,0,0,0,0.11,-146.4,0.04,0.1,0,4.4,241,1,1,0,0,0,0,0,0,0,0,1.0,-1.0,0,1.7,527.1,-448,11.75,5.5,8.5,1.3,5.8,3.4,6.1,0.5,1.3,0.5,-0.4,-0.4,10,12,7.1,9.3,0,0,0,0,0,0,1,1,2,0,32,27,22,18,14,15,12,12,19,0,0,0,0,0,0,0,0,0
0.03,84,92.55,91.84,92.75,0,0,0,0.1,-170.4,0.04,0.11,0,4.1,260,1,1,0,0,0,0,0,0,0,0,0.8,-1.1,0,1.7,527.1,-448,11.75,5.5,8.4,1.2,5.5,3.3,6.1,0.3,1.2,0.4,-0.5,-0.4,10,12,6.9,8.9,0,0,0,0,0,0,1,1,2,0,28,27,21,18,14,15,12,12,18,0,0,0,0,0,0,0,0,0
0.0,86,92.55,91.84,92.75,0,0,0,0.09,-142.1,0.04,0.11,0,3.7,233,1,1,0,0,0,0,0,0,0,0,1.2,-0.8,0,1.7,527.1,-448,11.75,5.5,8.5,1.3,5.8,3.4,6.1,0.5,1.5,0.5,-0.4,-0.4,9,13,7.3,9.3,0,0,0,0,0,0,1,1,2,0,31,27,22,18,14,15,13,13,18,0,0,0,0,0,0,0,0,0
0.0,85,92.55,91.84,92.75,0,0,0,0.1,178.5,0.03,0.11,0,3.3,271,1,1,0,0,0,0,0,0,0,0,0.8,-1.2,0,1.7,527.1,-448,11.75,5.3,8.4,1.2,5.6,3.3,6.1,0.5,1.3,0.4,-0.4,-0.4,9,12,7.0,9.1,0,0,0,0,0,0,1,1,2,0,30,27,22,18,14,15,12,12,19,0,0,0,0,0,0,0,0,0
0.0,84,92.55,91.84,92.75,0,0,0,0.1,-175.3,0.04,0.11,0,3.2,263,1,1,0,0,0,0,0,0,0,0,0.7,-1.2,0,1.7,527.1,-448,11.75,5.5,8.4,1.2,5.5,3.3,6.1,0.3,1.3,0.4,-0.4,-0.4,10,12,7.0,8.9,0,0,0,0,0,0,1,1,2,0,28,27,21,18,14,15,12,12,18,0,0,0,0,0,0,0,0,0
0.0,86,92.55,91.84,92.75,0,0,0,0.09,-135.9,0.04,0.11,0,4.7,232,1,1,0,0,0,0,0,0,0,0,1.2,-0.8,0,1.7,527.1,-448,11.75,5.5,8.5,1.3,5.8,3.4,6.1,0.5,1.5,0.5,-0.4,-0.3,9,13,7.1,9.3,0,0,0,0,0,0,1,1,2,0,32,27,22,18,14,15,13,13,18,0,0,0,0,0,0,0,0,0
0.0,84,92.55,91.84,92.75,0,0,0,0.1,-175.9,0.03,0.11,0,3.2,263,1,1,0,0,0,0,0,0,0,0,0.9,-1.1,0,1.7,527.1,-448,11.75,5.5,8.4,1.2,5.5,3.3,6.1,0.3,1.3,0.4,-0.4,-0.4,9,12,7.0,8.9,0,0,0,0,0,0,1,1,2,0,28,27,21,18,14,15,12,12,18,0,0,0,0,0,0,0,0,0
0.0,85,92.55,91.84,92.75,0,0,0,0.1,179.6,0.04,0.11,0,3.9,272,1,1,0,0,0,0,0,0,0,0,0.9,-1.0,0,1.7,527.1,-448,11.75,5.3,8.5,1.3,5.6,3.3,6.1,0.5,1.3,0.4,-0.4,-0.4,10,13,7.0,9.1,0,0,0,0,0,0,1,1,2,0,30,27,22,18,14,16,13,13,19,0,0,0,0,0,0,0,0,0
0.0,84,92.55,91.84,92.75,0,0,0,0.1,-173.5,0.04,0.11,0,3.3,257,1,1,0,0,0,0,0,0,0,0,0.8,-1.2,0,1.7,527.1,-448,11.75,5.5,8.4,1.2,5.5,3.3,6.1,0.3,1.2,0.4,-0.5,-0.4,9,13,6.9,8.9,0,0,0,0,0,0,1,1,2,0,28,27,22,18,14,15,13,13,18,0,0,0,0,0,0,0,0,0
0.0,85,92.55,91.84,92.75,0,0,0,0.1,171.5,0.03,0.11,0,3.7,274,1,1,0,0,0,0,0,0,0,0,1.0,-1.1,0,1.7,527.1,-448,11.75,5.3,8.5,1.3,5.6,3.4,6.1,0.5,1.3,0.4,-0.4,-0.4,9,13,7.1,9.1,0,0,0,0,0,0,1,1,2,0,31,27,22,18,14,15,13,13,18,0,0,0,0,0,0,0,0,0
0.0,84,92.55,91.84,92.75,0,0,0,0.11,-173.0,0.04,0.11,0,3.7,261,1,1,0,0,0,0,0,0,0,0,0.6,-1.3,0,1.7,527.1,-448,11.75,5.5,8.4,1.2,5.5,3.3,6.1,0.3,1.3,0.4,-0.5,-0.4,9,13,6.9,8.9,0,0,0,0,0,0,1,1,2,0,28,27,21,18,14,15,13,13,18,0,0,0,0,0,0,0,0,0
0.0,84,92.55,91.84,92.75,0,0,0,0.1,-173.1,0.04,0.1,0,3.9,261,1,1,0,0,0,0,0,0,0,0,0.7,-1.1,0,1.7,527.1,-448,11.75,5.5,8.4,1.2,5.5,3.3,6.1,0.3,1.3,0.4,-0.5,-0.4,10,13,6.9,8.9,0,0,0,0,0,0,1,1,2,0,28,27,21,18,14,15,13,13,17,0,0,0,0,0,0,0,0,0
0.0,85,92.55,91.84,92.75,0,0,0,0.1,179.9,0.03,0.1,0,3.7,270,1,1,0,0,0,0,0,0,0,0,0.9,-1.0,0,1.7,527.1,-448,11.75,5.3,8.4,1.2,5.6,3.3,6.1,0.5,1.3,0.4,-0.4,-0.4,10,12,7.0,9.1,0,0,0,0,0,0,1,1,2,0,30,27,22,18,14,15,12,12,18,0,0,0,0,0,0,0,0,0
0.0,86,92.55,91.84,92.75,0,0,0,0.09,-138.1,0.06,0.11,0,4.5,233,1,1,0,0,0,0,0,0,0,0,0.9,-1.0,0,1.7,527.1,-448,11.75,5.5,8.5,1.3,5.8,3.4,6.1,0.5,1.5,0.5,-0.4,-0.4,10,13,7.2,9.3,0,0,0,0,0,0,1,1,2,0,32,27,22,18,14,15,13,13,18,0,0,0,0,0,0,0,0,0
0.0,85,92.55,91.84,92.75,0,0,0,0.1,-175.2,0.04,0.11,0,4.2,268,1,1,0,0,0,0,0,0,0,0,0.9,-1.2,0,1.7,527.1,-448,11.75,5.3,8.4,1.2,5.6,3.3,6.1,0.5,1.3,0.4,-0.4,-0.4,10,13,7.0,9.1,0,0,0,0,0,0,1,1,2,0,29,27,22,18,14,15,13,13,18,0,0,0,0,0,0,0,0,0
0.0,84,92.55,91.84,92.75,0,0,0,0.11,176.1,0.03,0.11,0,3.6,266,1,1,0,0,0,0,0,0,0,0,0.8,-1.1,0,1.7,527.1,-448,11.75,5.5,8.4,1.2,5.5,3.3,6.1,0.3,1.3,0.4,-0.4,-0.4,10,12,7.0,8.9,0,0,0,0,0,0,1,1,2,0,28,27,21,18,14,15,12,12,18,0,0,0,0,0,0,0,0,0
0.0,86,92.55,91.84,92.75,0,0,0,0.1,-150.0,0.04,0.11,0,4.3,241,1,1,0,0,0,0,0,0,0,0,1.0,-1.0,0,1.7,527.1,-448,11.75,5.5,8.5,1.3,5.8,3.4,6.1,0.5,1.3,0.5,-0.4,-0.4,10,12,7.1,9.3,0,0,0,0,0,0,1,1,2,0,32,27,22,18,14,15,12,12,18,0,0,0,0,0,0,0,0,0
0.0,84,92.55,91.84,92.75,0,0,0,0.09,-164.7,0.04,0.11,0,4.2,247,1,1,0,0,0,0,0,0,0,0,0.8,-1.3,0,1.7,527.1,-448,11.75,5.5,8.3,1.2,5.3,3.3,6.1,0.3,1.2,0.3,-0.5,-0.4,9,12,6.9,8.9,0,0,0,0,0,0,1,1,2,0,28,27,21,18,14,15,12,12,17,0,0,0,0,0,0,0,0,0
0.0,86,92.55,91.84,92.75,0,0,0,0.1,-138.7,0.04,0.11,0,4.5,233,1,1,0,0,0,0,0,0,0,0,1.0,-0.9,0,1.7,527.1,-448,11.75,5.5,8.5,1.3,5.8,3.4,6.1,0.5,1.5,0.5,-0.4,-0.4,10,13,7.2,9.3,0,0,0,0,0,0,1,1,2,0,32,27,22,18,14,15,13,13,18,0,0,0,0,0,0,0,0,0
0.0,85,92.55,91.84,92.75,0,0,0,0.1,176.6,0.03,0.11,0,4.0,272,1,1,0,0,0,0,0,0,0,0,0.7,-1.2,0,1.7,527.1,-448,11.75,5.3,8.4,1.2,5.5,3.3,6.1,0.4,1.3,0.4,-0.4,-0.4,10,12,7.0,8.9,0,0,0,0,0,0,1,1,2,0,28,27,21,18,14,15,12,12,18,0,0,0,0,0,0,0,0,0
0.0,85,92.55,91.84,92.75,0,0,0,0.1,-173.9,0.03,0.11,0,3.1,270,1,1,0,0,0,0,0,0,0,0,0.8,-1.2,0,1.7,527.1,-448,11.75,5.3,8.4,1.2,5.6,3.3,6.1,0.5,1.3,0.4,-0.4,-0.4,9,13,7.0,8.9,0,0,0,0,0,0,1,1,2,0,28,27,21,18,14,15,13,13,18,0,0,0,0,0,0,0,0,0
0.0,84,92.55,91.84,92.75,0,0,0,0.1,-170.3,0.04,0.11,0,3.5,258,1,1,0,0,0,0,0,0,0,0,0.7,-1.2,0,1.7,527.1,-448,11.75,5.5,8.4,1.2,5.5,3.3,6.1,0.3,1.2,0.4,-0.4,-0.4,9,13,6.9,8.9,0,0,0,0,0,0,1,1,2,0,28,27,22,18,14,15,13,13,18,0,0,0,0,0,0,0,0,0
0.0,85,92.55,91.84,92.75,0,0,0,0.11,-166.5,0.04,0.11,0,3.8,267,1,1,0,0,0,0,0,0,0,0,0.7,-1.1,0,1.7,527.1,-448,11.75,5.3,8.4,1.2,5.6,3.3,6.1,0.5,1.3,0.4,-0.4,-0.4,10,13,7.0,9.0,0,0,0,0,0,0,1,1,2,0,29,27,22,18,14,15,13,13,18,0,0,0,0,0,0,0,0,0
0.0,85,92.55,91.84,92.75,0,0,0,0.09,-174.9,0.04,0.11,0,3.7,268,1,1,0,0,0,0,0,0,0,0,0.7,-1.1,0,1.7,527.1,-448,11.75,5.3,8.4,1.2,5.6,3.3,6.1,0.5,1.3,0.4,-0.4,-0.4,10,13,7.0,9.1,0,0,0,0,0,0,1,1,2,0,30,27,21,18,14,15,13,13,19,0,0,0,0,0,0,0,0,0
0.0,85,92.55,91.84,92.75,0,0,0,0.1,179.4,0.04,0.11,0,4.3,270,1,1,0,0,0,0,0,0,0,0,0.8,-1.1,0,1.7,527.1,-448,11.75,5.3,8.4,1.2,5.6,3.3,6.1,0.5,1.3,0.4,-0.4,-0.4,9,13,7.0,9.1,0,0,0,0,0,0,1,1,2,0,29,27,22,18,14,15,13,13,18,0,0,0,0,0,0,0,0,0
0.0,84,92.55,91.84,92.75,0,0,0,0.11,-174.2,0.04,0.11,0,3.7,261,1,1,0,0,0,0,0,0,0,0,0.6,-1.1,0,1.7,527.1,-448,11.75,5.5,8.4,1.2,5.5,3.3,6.1,0.3,1.2,0.4,-0.4,-0.4,9,13,6.9,8.9,0,0,0,0,0,0,1,1,2,0,28,27,21,18,14,15,13,13,18,0,0,0,0,0,0,0,0,0
0.0,85,92.55,91.84,92.75,0,0,0,0.1,-174.6,0.03,0.11,0,4.0,268,1,1,0,0,0,0,0,0,0,0,0.9,-1.2,0,1.7,527.1,-448,11.75,5.3,8.4,1.2,5.6,3.3,6.1,0.5,1.3,0.4,-0.4,-0.4,10,12,7.0,9.1,0,0,0,0,0,0,1,1,2,0,29,27,22,18,14,15,12,12,18,0,0,0,0,0,0,0,0,0
0.0,86,92.55,91.84,92.75,0,0,0,0.11,-144.6,0.04,0.13,0,4.2,240,1,1,0,0,0,0,0,0,0,0,1.1,-0.9,0,1.7,527.1,-448,11.75,5.5,8.5,1.3,5.8,3.4,6.1,0.5,1.4,0.5,-0.4,-0.4,10,13,7.1,9.3,0,0,0,0,0,0,1,1,2,0,32,27,22,18,14,16,13,13,18,0,0,0,0,0,0,0,0,0
0.0,85,92.55,91.84,92.75,0,0,0,0.11,179.1,0.04,0.11,0,3.9,272,1,1,0,0,0,0,0,0,0,0,1.0,-1.0,0,1.7,527.1,-448,11.75,5.3,8.5,1.3,5.6,3.3,6.1,0.5,1.3,0.4,-0.4,-0.4,9,12,7.0,9.1,0,0,0,0,0,0,1,1,2,0,30,27,22,18,14,15,12,12,18,0,0,0,0,0,0,0,0,0
0.0,86,92.55,91.84,92.75,0,0,0,0.11,-143.4,0.03,0.1,0,4.4,245,1,1,0,0,0,0,0,0,0,0,0.7,-1.1,0,1.7,527.1,-448,11.75,5.5,8.5,1.3,5.8,3.4,6.1,0.5,1.3,0.5,-0.4,-0.4,9,13,7.1,9.3,0,0,0,0,0,0,1,1,2,0,31,27,21,18,14,15,13,13,18,0,0,0,0,0,0,0,0,0
0.0,86,92.55,91.84,92.75,0,0,0,0.12,-144.2,0.04,0.11,0,4.3,245,1,1,0,0,0,0,0,0,0,0,1.0,-1.1,0,1.7,527.1,-448,11.75,5.5,8.5,1.3,5.8,3.4,6.1,0.5,1.3,0.5,-0.4,-0.4,10,13,7.1,9.3,0,0,0,0,0,0,1,1,2,0,31,27,21,18,14,15,13,13,18,0,0,0,0,0,0,0,0,0
0.0,86,92.55,91.84,92.75,0,0,0,0.09,-143.6,0.04,0.11,0,4.6,233,1,1,0,0,0,0,0,0,0,0,1.0,-1.1,0,1.7,527.1,-448,11.75,5.5,8.5,1.3,5.8,3.4,6.1,0.5,1.5,0.5,-0.4,-0.4,10,13,7.1,9.3,0,0,0,0,0,0,1,1,2,0,32,27,22,18,14,16,13,13,19,0,0,0,0,0,0,0,0,0
0.0,84,92.55,91.84,92.75,0,0,0,0.1,-172.5,0.04,0.11,0,3.2,263,1,1,0,0,0,0,0,0,0,0,0.7,-1.1,0,1.7,527.1,-448,11.75,5.5,8.4,1.2,5.5,3.3,6.1,0.3,1.3,0.4,-0.4,-0.4,10,12,7.0,8.9,0,0,0,0,0,0,1,1,2,0,28,27,21,18,14,15,12,12,18,0,0,0,0,0,0,0,0,0
0.0,86,92.55,91.84,92.75,0,0,0,0.09,-142.4,0.04,0.11,0,3.5,233,1,1,0,0,0,0,0,0,0,0,1.0,-0.9,0,1.7,527.1,-448,11.75,5.5,8.5,1.3,5.8,3.4,6.1,0.5,1.5,0.5,-0.4,-0.4,10,12,7.3,9.3,0,0,0,0,0,0,1,1,2,0,31,27,22,18,14,15,12,12,18,0,0,0,0,0,0,0,0,0
0.0,85,92.55,91.84,92.75,0,0,0,0.1,-179.9,0.04,0.11,0,4.1,271,1,1,0,0,0,0,0,0,0,0,0.9,-1.0,0,1.7,527.1,-448,11.75,5.3,8.4,1.2,5.6,3.3,6.1,0.4,1.3,0.4,-0.4,-0.4,10,13,7.0,8.9,0,0,0,0,0,0,1,1,2,0,28,27,21,18,14,15,13,13,18,0,0,0,0,0,0,0,0,0
0.0,85,92.55,91.84,92.75,0,0,0,0.09,178.2,0.04,0.11,0,3.5,269,1,1,0,0,0,0,0,0,0,0,0.8,-1.2,0,1.7,527.1,-448,11.75,5.3,8.4,1.2,5.6,3.3,6.1,0.5,1.3,0.4,-0.4,-0.4,9,13,7.0,9.1,0,0,0,0,0,0,1,1,2,0,29,27,22,18,14,15,13,13,18,0,0,0,0,0,0,0,0,0
0.0,85,92.55,91.84,92.75,0,0,0,0.1,179.7,0.04,0.11,0,3.7,268,1,1,0,0,0,0,0,0,0,0,1.0,-1.0,0,1.7,527.1,-448,11.75,5.3,8.4,1.2,5.6,3.3,6.1,0.5,1.3,0.4,-0.4,-0.4,9,13,7.0,9.1,0,0,0,0,0,0,1,1,2,0,29,27,22,18,14,15,13,13,18,0,0,0,0,0,0,0,0,0
0.0,84,92.55,91.84,92.75,0,0,0,0.09,-172.8,0.04,0.11,0,3.8,261,1,1,0,0,0,0,0,0,0,0,0.8,-1.1,0,1.7,527.1,-448,11.75,5.5,8.4,1.2,5.5,3.3,6.1,0.3,1.3,0.4,-0.4,-0.4,10,12,6.9,8.9,0,0,0,0,0,0,1,1,2,0,28,27,21,18,14,15,12,12,18,0,0,0,0,0,0,0,0,0
0.0,86,92.55,91.84,92.75,0,0,0,0.11,-152.7,0.04,0.11,0,3.9,257,1,1,0,0,0,0,0,0,0,0,1.0,-0.9,0,1.7,527.1,-448,11.75,5.4,8.5,1.3,5.8,3.4,6.1,0.5,1.3,0.5,-0.4,-0.4,10,13,7.1,9.2,0,0,0,0,0,0,1,1,2,0,31,27,22,18,14,15,13,13,18,0,0,0,0,0,0,0,0,0
0.0,84,92.55,91.84,92.75,0,0,0,0.1,-162.1,0.03,0.11,0,4.2,248,1,1,0,0,0,0,0,0,0,0,0.7,-1.2,0,1.7,527.1,-448,11.75,5.5,8.3,1.2,5.4,3.3,6.1,0.3,1.2,0.3,-0.5,-0.4,9,13,6.9,8.9,0,0,0,0,0,0,1,1,2,0,28,27,21,18,14,15,13,13,18,0,0,0,0,0,0,0,0,0
0.0,84,92.55,91.84,92.75,0,0,0,0.11,-168.8,0.04,0.11,0,3.6,261,1,1,0,0,0,0,0,0,0,0,0.7,-1.1,0,1.7,527.1,-448,11.75,5.5,8.4,1.2,5.5,3.3,6.1,0.3,1.3,0.4,-0.4,-0.4,10,13,6.9,8.9,0,0,0,0,0,0,1,1,2,0,28,27,21,18,14,15,13,13,18,0,0,0,0,0,0,0,0,0
0.0,84,92.55,91.84,92.75,0,0,0,0.11,-173.0,0.04,0.11,0,3.2,257,1,1,0,0,0,0,0,0,0,0,0.7,-1.2,0,1.7,527.1,-448,11.75,5.5,8.4,1.2,5.5,3.3,6.1,0.3,1.2,0.4,-0.5,-0.4,10,13,6.9,8.9,0,0,0,0,0,0,1,1,2,0,28,27,22,18,14,15,13,13,18,0,0,0,0,0,0,0,0,0
0.0,86,92.55,91.84,92.75,0,0,0,0.1,-155.1,0.04,0.11,0,3.9,260,1,1,0,0,0,0,0,0,0,0,0.9,-1.1,0,1.7,527.1,-448,11.75,5.4,8.5,1.3,5.7,3.4,6.1,0.5,1.3,0.5,-0.4,-0.4,10,13,7.1,9.2,0,0,0,0,0,0,1,1,2,0,31,27,22,18,14,15,13,13,18,0,0,0,0,0,0,0,0,0
0.0,84,92.55,91.84,92.75,0,0,0,0.09,-167.7,0.04,0.11,0,4.0,260,1,1,0,0,0,0,0,0,0,0,0.6,-1.3,0,1.7,527.1,-448,11.75,5.5,8.4,1.2,5.5,3.3,6.1,0.3,1.3,0.4,-0.4,-0.4,10,12,6.9,8.9,0,0,0,0,0,0,1,1,2,0,28,27,21,18,14,15,12,12,18,0,0,0,0,0,0,0,0,0
0.0,86,92.55,91.84,92.75,0,0,0,0.09,-141.0,0.04,0.11,0,4.3,238,1,1,0,0,0,0,0,0,0,0,1.0,-1.0,0,1.7,527.1,-448,11.75,5.5,8.5,1.3,5.8,3.4,6.1,0.5,1.4,0.5,-0.4,-0.4,10,13,7.1,9.3,0,0,0,0,0,0,1,1,2,0,32,27,22,18,14,15,13,13,18,0,0,0,0,0,0,0,0,0
0.0,85,92.55,91.84,92.75,0,0,0,0.1,-174.7,0.04,0.11,0,3.9,269,1,1,0,0,0,0,0,0,0,0,0.9,-1.1,0,1.7,527.1,-448,11.75,5.3,8.4,1.2,5.6,3.3,6.1,0.5,1.3,0.4,-0.4,-0.4,10,13,7.0,9.1,0,0,0,0,0,0,1,1,2,0,29,27,21,18,14,15,13,13,18,0,0,0,0,0,0,0,0,0
0.0,85,92.55,91.84,92.75,0,0,0,0.1,-178.6,0.04,0.11,0,4.1,270,1,1,0,0,0,0,0,0,0,0,0.9,-1.0,0,1.7,527.1,-448,11.75,5.3,8.4,1.2,5.6,3.3,6.1,0.5,1.3,0.4,-0.4,-0.4,10,13,7.0,9.1,0,0,0,0,0,0,1,1,2,0,29,27,22,18,14,15,13,13,18,0,0,0,0,0,0,0,0,0
0.0,84,92.55,91.84,92.75,0,0,0,0.09,-179.4,0.04,0.11,0,3.7,270,1,1,0,0,0,0,0,0,0,0,0.8,-1.0,0,1.7,527.1,-448,11.75,5.5,8.4,1.2,5.5,3.3,6.1,0.3,1.3,0.4,-0.4,-0.4,10,13,7.0,8.9,0,0,0,0,0,0,1,1,2,0,28,27,21,18,14,15,13,13,18,0,0,0,0,0,0,0,0,0
0.0,84,92.55,91.84,92.75,0,0,0,0.11,-174.5,0.04,0.11,0,3.2,263,1,1,0,0,0,0,0,0,0,0,0.8,-1.2,0,1.7,527.1,-448,11.75,5.5,8.4,1.2,5.5,3.3,6.1,0.3,1.3,0.4,-0.4,-0.4,9,13,7.0,8.9,0,0,0,0,0,0,1,1,2,0,28,27,21,18,14,15,13,13,18,0,0,0,0,0,0,0,0,0
0.0,86,92.55,91.84,92.75,0,0,0,0.09,-140.8,0.06,0.11,0,4.3,233,1,1,0,0,0,0,0,0,0,0,1.0,-0.9,0,1.7,527.1,-448,11.75,5.5,8.5,1.3,5.8,3.4,6.1,0.5,1.5,0.5,-0.4,-0.4,9,13,7.1,9.3,0,0,0,0,0,0,1,1,2,0,32,27,22,18,14,15,13,13,18,0,0,0,0,0,0,0,0,0
0.0,84,92.55,91.84,92.75,0,0,0,0.1,-169.0,0.04,0.11,0,2.8,269,1,1,0,0,0,0,0,0,0,0,0.8,-1.1,0,1.7,527.1,-448,11.75,5.3,8.4,1.2,5.5,3.3,6.1,0.4,1.3,0.4,-0.4,-0.4,10,13,7.0,8.9,0,0,0,0,0,0,1,1,2,0,28,27,21,18,14,15,13,13,18,0,0,0,0,0,0,0,0,0
0.0,84,92.55,91.84,92.75,0,0,0,0.11,-172.8,0.03,0.11,0,3.2,254,1,1,0,0,0,0,0,0,0,0,0.5,-1.3,0,1.7,527.1,-448,11.75,5.5,8.4,1.2,5.5,3.3,6.1,0.3,1.2,0.4,-0.5,-0.4,9,13,6.9,8.9,0,0,0,0,0,0,1,1,2,0,28,27,21,18,14,15,13,13,18,0,0,0,0,0,0,0,0,0
0.0,85,92.55,91.84,92.75,0,0,0,0.09,-174.4,0.04,0.11,0,3.7,269,1,1,0,0,0,0,0,0,0,0,0.9,-1.1,0,1.7,527.1,-448,11.75,5.3,8.4,1.2,5.6,3.3,6.1,0.5,1.3,0.4,-0.4,-0.4,9,12,7.0,9.1,0,0,0,0,0,0,1,1,2,0,30,27,21,18,14,15,12,12,18,0,0,0,0,0,0,0,0,0
0.0,85,92.55,91.84,92.75,0,0,0,0.1,-178.1,0.04,0.11,0,3.4,271,1,1,0,0,0,0,0,0,0,0,0.9,-1.1,0,1.7,527.1,-448,11.75,5.3,8.4,1.2,5.6,3.3,6.1,0.4,1.3,0.4,-0.4,-0.4,10,12,7.0,8.9,0,0,0,0,0,0,1,1,2,0,28,27,21,18,14,15,12,12,18,0,0,0,0,0,0,0,0,0
0.0,84,92.55,91.84,92.75,0,0,0,0.1,-170.0,0.03,0.11,0,3.8,261,1,1,0,0,0,0,0,0,0,0,0.8,-1.2,0,1.7,527.1,-448,11.75,5.5,8.4,1.2,5.5,3.3,6.1,0.3,1.3,0.4,-0.4,-0.4,10,13,6.9,8.9,0,0,0,0,0,0,1,1,2,0,28,27,21,18,14,15,13,13,18,0,0,0,0,0,0,0,0,0
0.0,85,92.55,91.84,92.75,0,0,0,0.11,-176.2,0.04,0.11,0,3.7,268,1,1,0,0,0,0,0,0,0,0,0.9,-1.1,0,1.7,527.1,-448,11.75,5.3,8.4,1.2,5.6,3.3,6.1,0.5,1.3,0.4,-0.4,-0.4,9,13,7.0,9.1,0,0,0,0,0,0,1,1,2,0,29,27,22,18,14,15,13,13,18,0,0,0,0,0,0,0,0,0
0.0,86,92.55,91.84,92.75,0,0,0,0.1,-137.5,0.04,0.11,0,4.6,237,1,1,0,0,0,0,0,0,0,0,1.0,-1.1,0,1.7,527.1,-448,11.75,5.5,8.5,1.3,5.8,3.4,6.1,0.5,1.5,0.5,-0.4,-0.4,10,13,7.1,9.3,0,0,0,0,0,0,1,1,2,0,32,27,22,18,14,15,13,13,18,0,0,0,0,0,0,0,0,0
0.0,86,92.55,91.84,92.75,0,0,0,0.1,-149.7,0.04,0.11,0,4.5,255,1,1,0,0,0,0,0,0,0,0,1.0,-1.1,0,1.7,527.1,-448,11.75,5.5,8.5,1.3,5.8,3.4,6.1,0.5,1.3,0.5,-0.4,-0.4,10,13,7.1,9.3,0,0,0,0,0,0,1,1,2,0,31,27,22,18,14,15,13,13,18,0,0,0,0,0,0,0,0,0
0.0,85,92.55,91.84,92.75,0,0,0,0.11,178.1,0.03,0.11,0,3.8,270,1,1,0,0,0,0,0,0,0,0,0.9,-1.1,0,1.7,527.1,-448,11.75,5.3,8.4,1.2,5.6,3.3,6.1,0.5,1.3,0.4,-0.4,-0.4,10,12,7.0,9.1,0,0,0,0,0,0,1,1,2,0,30,27,22,18,14,15,12,12,18,0,0,0,0,0,0,0,0,0
0.0,85,92.55,91.84,92.75,0,0,0,0.1,-170.9,0.04,0.11,0,4.5,268,1,1,0,0,0,0,0,0,0,0,0.9,-1.0,0,1.7,527.1,-448,11.75,5.3,8.4,1.2,5.6,3.3,6.1,0.5,1.3,0.4,-0.4,-0.4,10,13,7.0,9.0,0,0,0,0,0,0,1,1,2,0,29,27,22,18,14,15,13,13,18,0,0,0,0,0,0,0,0,0
0.0,86,92.55,91.84,92.75,0,0,0,0.09,-145.9,0.04,0.11,0,5.6,241,1,1,0,0,0,0,0,0,0,0,1.0,-0.9,0,1.7,527.1,-448,11.75,5.5,8.5,1.3,5.8,3.4,6.1,0.5,1.3,0.5,-0.4,-0.4,9,13,7.1,9.3,0,0,0,0,0,0,1,1,2,0,31,27,22,18,14,15,13,13,18,0,0,0,0,0,0,0,0,0
0.0,84,92.55,91.84,92.75,0,0,0,0.1,176.9,0.04,0.11,0,3.3,273,1,1,0,0,0,0,0,0,0,0,0.7,-1.1,0,1.7,527.1,-448,11.75,5.3,8.4,1.2,5.5,3.3,6.1,0.4,1.3,0.4,-0.4,-0.4,9,12,7.0,8.9,0,0,0,0,0,0,1,1,2,0,28,27,21,18,14,15,12,12,18,0,0,0,0,0,0,0,0,0
0.0,86,92.55,91.84,92.75,0,0,0,0.1,-142.8,0.04,0.11,0,4.5,246,1,1,0,0,0,0,0,0,0,0,1.1,-0.9,0,1.7,527.1,-448,11.75,5.5,8.5,1.3,5.8,3.4,6.1,0.5,1.3,0.5,-0.4,-0.4,10,13,7.1,9.3,0,0,0,0,0,0,1,1,2,0,31,27,21,18,14,15,13,13,18,0,0,0,0,0,0,0,0,0
0.0,86,92.55,91.84,92.75,0,0,0,0.1,-141.8,0.03,0.11,0,5.4,242,1,1,0,0,0,0,0,0,0,0,0.9,-1.1,0,1.7,527.1,-448,11.75,5.5,8.5,1.3,5.8,3.4,6.1,0.5,1.3,0.5,-0.4,-0.4,10,13,7.1,9.3,0,0,0,0,0,0,1,1,2,0,31,27,22,18,14,15,13,13,18,0,0,0,0,0,0,0,0,0
0.0,84,92.55,91.84,92.75,0,0,0,0.09,-173.1,0.04,0.1,0,3.6,259,1,1,0,0,0,0,0,0,0,0,0.7,-1.1,0,1.7,527.1,-448,11.75,5.5,8.4,1.2,5.5,3.3,6.1,0.3,1.2,0.4,-0.5,-0.4,10,13,6.9,8.9,0,0,0,0,0,0,1,1,2,0,28,27,21,18,14,15,13,13,18,0,0,0,0,0,0,0,0,0
0.0,84,92.55,91.84,92.75,0,0,0,0.09,-172.4,0.03,0.1,0,3.7,261,1,1,0,0,0,0,0,0,0,0,0.8,-1.1,0,1.7,527.1,-448,11.75,5.5,8.4,1.2,5.5,3.3,6.1,0.3,1.2,0.4,-0.4,-0.4,10,13,6.9,8.9,0,0,0,0,0,0,1,1,2,0,28,27,21,18,14,15,13,13,18,0,0,0,0,0,0,0,0,0
0.0,86,92.55,91.84,92.75,0,0,0,0.1,-139.7,0.04,0.11,0,4.5,233,1,1,0,0,0,0,0,0,0,0,1.0,-1.1,0,1.7,527.1,-448,11.75,5.5,8.5,1.3,5.8,3.4,6.1,0.5,1.5,0.5,-0.4,-0.4,10,12,7.1,9.3,0,0,0,0,0,0,1,1,2,0,32,27,22,18,14,15,12,12,18,0,0,0,0,0,0,0,0,0
0.0,86,92.55,91.84,92.75,0,0,0,0.09,-149.0,0.04,0.11,0,4.7,241,1,1,0,0,0,0,0,0,0,0,1.0,-1.0,0,1.7,527.1,-448,11.75,5.5,8.5,1.3,5.8,3.4,6.1,0.5,1.3,0.5,-0.4,-0.4,10,13,7.1,9.3,0,0,0,0,0,0,1,1,2,0,32,27,22,18,14,15,13,13,18,0,0,0,0,0,0,0,0,0
0.0,86,92.55,91.84,92.75,0,0,0,0.1,-139.0,0.04,0.11,0,4.6,248,1,1,0,0,0,0,0,0,0,0,1.0,-0.8,0,1.7,527.1,-448,11.75,5.5,8.5,1.3,5.8,3.4,6.1,0.5,1.3,0.5,-0.4,-0.4,9,13,7.1,9.3,0,0,0,0,0,0,1,1,2,0,31,27,21,18,14,15,13,13,18,0,0,0,0,0,0,0,0,0
0.0,84,92.55,91.84,92.75,0,0,0,0.1,176.7,0.04,0.11,0,3.9,270,1,1,0,0,0,0,0,0,0,0,0.7,-1.2,0,1.7,527.1,-448,11.75,5.5,8.4,1.2,5.5,3.3,6.1,0.3,1.3,0.4,-0.4,-0.4,10,13,7.0,8.9,0,0,0,0,0,0,1,1,2,0,28,27,21,18,14,15,13,13,18,0,0,0,0,0,0,0,0,0
0.0,86,92.55,91.84,92.75,0,0,0,0.09,-141.4,0.04,0.11,0,4.4,233,1,1,0,0,0,0,0,0,0,0,1.1,-1.0,0,1.7,527.1,-448,11.75,5.5,8.5,1.3,5.8,3.4,6.1,0.5,1.5,0.5,-0.4,-0.4,10,13,7.1,9.3,0,0,0,0,0,0,1,1,2,0,32,27,22,18,14,15,13,13,18,0,0,0,0,0,0,0,0,0
0.0,85,92.55,91.84,92.75,0,0,0,0.09,-173.9,0.04,0.11,0,4.0,269,1,1,0,0,0,0,0,0,0,0,0.9,-1.1,0,1.7,527.1,-448,11.75,5.3,8.4,1.2,5.6,3.3,6.1,0.5,1.3,0.4,-0.4,-0.4,10,12,7.0,9.1,0,0,0,0,0,0,1,1,2,0,29,27,21,18,14,15,12,12,18,0,0,0,0,0,0,0,0,0
0.0,84,92.55,91.84,92.75,0,0,0,0.09,-166.6,0.04,0.11,0,4.1,248,1,1,0,0,0,0,0,0,0,0,0.6,-1.2,0,1.7,527.1,-448,11.75,5.5,8.3,1.2,5.3,3.3,6.1,0.3,1.2,0.3,-0.5,-0.4,9,12,6.9,8.9,0,0,0,0,0,0,1,1,2,0,28,27,21,18,14,15,12,12,18,0,0,0,0,0,0,0,0,0
0.0,85,92.55,91.84,92.75,0,0,0,0.1,-168.6,0.03,0.11,0,4.1,268,1,1,0,0,0,0,0,0,0,0,0.8,-1.1,0,1.7,527.1,-448,11.75,5.3,8.4,1.2,5.6,3.3,6.1,0.5,1.3,0.4,-0.4,-0.4,10,12,7.0,9.0,0,0,0,0,0,0,1,1,2,0,29,27,22,18,14,15,12,12,18,0,0,0,0,0,0,0,0,0
0.0,86,92.55,91.84,92.75,0,0,0,0.12,-140.9,0.04,0.11,0,4.2,247,1,1,0,0,0,0,0,0,0,0,0.9,-1.1,0,1.7,527.1,-448,11.75,5.5,8.5,1.3,5.8,3.4,6.1,0.5,1.3,0.5,-0.4,-0.4,10,13,7.1,9.3,0,0,0,0,0,0,1,1,2,0,31,27,21,18,14,15,13,13,18,0,0,0,0,0,0,0,0,0
0.0,85,92.55,91.84,92.75,0,0,0,0.1,176.5,0.04,0.11,0,3.9,271,1,1,0,0,0,0,0,0,0,0,0.7,-1.2,0,1.7,527.1,-448,11.75,5.3,8.4,1.2,5.5,3.3,6.1,0.3,1.3,0.4,-0.4,-0.4,9,13,7.0,8.9,0,0,0,0,0,0,1,1,2,0,28,27,21,18,14,15,13,13,18,0,0,0,0,0,0,0,0,0
0.0,86,92.55,91.84,92.75,0,0,0,0.1,-140.3,0.04,0.11,0,4.1,248,1,1,0,0,0,0,0,0,0,0,0.8,-1.0,0,1.7,527.1,-448,11.75,5.5,8.5,1.3,5.8,3.4,6.1,0.5,1.3,0.5,-0.4,-0.4,10,13,7.1,9.3,0,0,0,0,0,0,1,1,2,0,31,27,21,18,14,16,13,13,18,0,0,0,0,0,0,0,0,0
0.0,86,92.55,91.84,92.75,0,0,0,0.11,-141.1,0.03,0.1,0,5.6,242,1,1,0,0,0,0,0,0,0,0,1.0,-0.9,0,1.7,527.1,-448,11.75,5.5,8.5,1.3,5.8,3.4,6.1,0.5,1.3,0.5,-0.4,-0.4,10,13,7.1,9.3,0,0,0,0,0,0,1,1,2,0,31,27,22,18,14,16,13,13,19,0,0,0,0,0,0,0,0,0
0.0,86,92.55,91.84,92.75,0,0,0,0.12,-139.1,0.04,0.11,0,4.5,237,1,1,0,0,0,0,0,0,0,0,1.0,-0.9,0,1.7,527.1,-448,11.75,5.5,8.5,1.3,5.8,3.4,6.1,0.5,1.5,0.5,-0.4,-0.4,10,13,7.1,9.3,0,0,0,0,0,0,1,1,2,0,32,27,22,18,14,15,13,13,18,0,0,0,0,0,0,0,0,0
0.0,84,92.55,91.84,92.75,0,0,0,0.09,-166.2,0.04,0.11,0,4.0,248,1,1,0,0,0,0,0,0,0,0,0.6,-1.3,0,1.7,527.1,-448,11.75,5.5,8.3,1.2,5.3,3.3,6.1,0.3,1.2,0.3,-0.5,-0.4,9,13,6.9,8.9,0,0,0,0,0,0,1,1,2,0,28,27,21,18,14,15,13,13,18,0,0,0,0,0,0,0,0,0
0.0,85,92.55,91.84,92.75,0,0,0,0.1,172.6,0.03,0.11,0,3.8,273,1,1,0,0,0,0,0,0,0,0,0.7,-1.1,0,1.7,527.1,-448,11.75,5.3,8.5,1.3,5.6,3.4,6.1,0.5,1.3,0.4,-0.4,-0.4,10,12,7.1,9.1,0,0,0,0,0,0,1,1,2,0,31,27,22,18,14,15,12,12,18,0,0,0,0,0,0,0,0,0
0.0,86,92.55,91.84,92.75,0,0,0,0.11,-148.7,0.04,0.11,0,4.8,241,1,1,0,0,0,0,0,0,0,0,1.0,-1.1,0,1.7,527.1,-448,11.75,5.5,8.5,1.3,5.8,3.4,6.1,0.5,1.3,0.5,-0.4,-0.4,9,13,7.1,9.3,0,0,0,0,0,0,1,1,2,0,32,27,22,18,14,15,13,13,18,0,0,0,0,0,0,0,0,0
0.0,84,92.55,91.84,92.75,0,0,0,0.1,169.4,0.03,0.11,0,2.9,269,1,1,0,0,0,0,0,0,0,0,0.8,-1.2,0,1.7,527.1,-448,11.75,5.5,8.4,1.2,5.5,3.3,6.1,0.3,1.3,0.4,-0.4,-0.4,10,12,7.0,8.9,0,0,0,0,0,0,1,1,2,0,28,27,21,18,14,15,12,12,18,0,0,0,0,0,0,0,0,0
0.0,86,92.55,91.84,92.75,0,0,0,0.1,-144.1,0.04,0.11,0,4.7,234,1,1,0,0,0,0,0,0,0,0,0.9,-0.9,0,1.7,527.1,-448,11.75,5.5,8.5,1.3,5.8,3.4,6.1,0.5,1.5,0.5,-0.4,-0.4,9,13,7.1,9.3,0,0,0,0,0,0,1,1,2,0,32,27,22,18,14,15,13,13,19,0,0,0,0,0,0,0,0,0
0.0,85,92.55,91.84,92.75,0,0,0,0.1,-178.5,0.03,0.11,0,4.1,273,1,1,0,0,0,0,0,0,0,0,0.9,-1.0,0,1.7,527.1,-448,11.75,5.3,8.5,1.3,5.6,3.4,6.1,0.5,1.3,0.4,-0.4,-0.4,9,13,7.1,9.1,0,0,0,0,0,0,1,1,2,0,31,27,22,18,14,15,13,13,18,0,0,0,0,0,0,0,0,0
0.0,85,92.55,91.84,92.75,0,0,0,0.09,177.7,0.04,0.11,0,3.8,271,1,1,0,0,0,0,0,0,0,0,1.0,-1.1,0,1.7,527.1,-448,11.75,5.3,8.4,1.2,5.5,3.3,6.1,0.4,1.3,0.4,-0.4,-0.4,9,13,7.0,8.9,0,0,0,0,0,0,1,1,2,0,28,27,21,18,14,15,13,13,18,0,0,0,0,0,0,0,0,0
0.0,84,92.55,91.84,92.75,0,0,0,0.1,-170.9,0.04,0.11,0,3.5,255,1,1,0,0,0,0,0,0,0,0,0.8,-1.1,0,1.7,527.1,-448,11.75,5.5,8.4,1.2,5.5,3.3,6.1,0.3,1.2,0.4,-0.5,-0.4,9,13,6.9,8.9,0,0,0,0,0,0,1,1,2,0,28,27,22,18,14,15,13,13,18,0,0,0,0,0,0,0,0,0
0.0,86,92.55,91.84,92.75,0,0,0,0.1,-142.6,0.04,0.11,0,4.4,246,1,1,0,0,0,0,0,0,0,0,1.0,-0.9,0,1.7,527.1,-448,11.75,5.5,8.5,1.3,5.8,3.4,6.1,0.5,1.3,0.5,-0.4,-0.4,9,12,7.1,9.3,0,0,0,0,0,0,1,1,2,0,31,27,21,18,14,15,12,12,17,0,0,0,0,0,0,0,0,0
0.0,86,92.55,91.84,92.75,0,0,0,0.12,-140.0,0.04,0.11,0,4.4,233,1,1,0,0,0,0,0,0,0,0,1.0,-1.0,0,1.7,527.1,-448,11.75,5.5,8.5,1.3,5.8,3.4,6.1,0.5,1.5,0.5,-0.4,-0.4,10,12,7.2,9.3,0,0,0,0,0,0,1,1,2,0,31,27,22,18,14,15,12,12,18,0,0,0,0,0,0,0,0,0
0.0,85,92.55,91.84,92.75,0,0,0,0.09,-165.0,0.04,0.11,0,4.0,267,1,1,0,0,0,0,0,0,0,0,0.9,-1.1,0,1.7,527.1,-448,11.75,5.3,8.5,1.3,5.6,3.4,6.1,0.5,1.3,0.5,-0.4,-0.4,9,12,7.1,9.1,0,0,0,0,0,0,1,1,2,0,31,27,22,18,14,15,12,12,18,0,0,0,0,0,0,0,0,0
0.0,85,92.55,91.84,92.75,0,0,0,0.09,-177.8,0.03,0.11,0,3.4,268,1,1,0,0,0,0,0,0,0,0,0.9,-1.0,0,1.7,527.1,-448,11.75,5.3,8.4,1.2,5.6,3.3,6.1,0.5,1.3,0.4,-0.4,-0.4,9,13,7.0,9.1,0,0,0,0,0,0,1,1,2,0,30,27,22,18,14,15,13,13,18,0,0,0,0,0,0,0,0,0
0.0,84,92.55,91.84,92.75,0,0,0,0.1,176.1,0.04,0.11,0,3.7,271,1,1,0,0,0,0,0,0,0,0,0.8,-1.1,0,1.7,527.1,-448,11.75,5.3,8.4,1.2,5.5,3.3,6.1,0.3,1.3,0.4,-0.4,-0.4,10,13,7.0,8.9,0,0,0,0,0,0,1,1,2,0,28,27,21,18,14,15,13,13,18,0,0,0,0,0,0,0,0,0
0.0,84,92.55,91.84,92.75,0,0,0,0.09,-170.0,0.04,0.11,0,3.3,270,1,1,0,0,0,0,0,0,0,0,0.8,-1.1,0,1.7,527.1,-448,11.75,5.3,8.4,1.2,5.5,3.3,6.1,0.4,1.3,0.4,-0.4,-0.4,10,13,7.0,8.9,0,0,0,0,0,0,1,1,2,0,28,27,21,18,14,15,13,13,18,0,0,0,0,0,0,0,0,0
0.0,86,92.55,91.84,92.75,0,0,0,0.09,-147.3,0.04,0.11,0,4.4,241,1,1,0,0,0,0,0,0,0,0,0.9,-1.0,0,1.7,527.1,-448,11.75,5.5,8.5,1.3,5.8,3.4,6.1,0.5,1.3,0.5,-0.4,-0.4,10,13,7.1,9.3,0,0,0,0,0,0,1,1,2,0,32,27,22,18,14,16,13,13,19,0,0,0,0,0,0,0,0,0
0.0,85,92.55,91.84,92.75,0,0,0,0.1,-174.8,0.04,0.11,0,4.7,271,1,1,0,0,0,0,0,0,0,0,0.9,-1.0,0,1.7,527.1,-448,11.75,5.3,8.5,1.3,5.6,3.4,6.1,0.5,1.3,0.4,-0.4,-0.4,9,13,7.1,9.1,0,0,0,0,0,0,1,1,2,0,31,27,22,18,14,16,13,13,18,0,0,0,0,0,0,0,0,0
0.0,85,92.55,91.84,92.75,0,0,0,0.1,-179.6,0.04,0.11,0,3.3,272,1,1,0,0,0,0,0,0,0,0,0.8,-0.9,0,1.7,527.1,-448,11.75,5.3,8.5,1.3,5.6,3.4,6.1,0.5,1.3,0.4,-0.4,-0.4,10,12,7.0,9.1,0,0,0,0,0,0,1,1,2,0,31,27,22,18,14,15,12,12,18,0,0,0,0,0,0,0,0,0
0.0,85,92.55,91.84,92.75,0,0,0,0.1,-175.3,0.04,0.11,0,3.8,268,1,1,0,0,0,0,0,0,0,0,0.7,-1.1,0,1.7,527.1,-448,11.75,5.3,8.4,1.2,5.6,3.3,6.1,0.5,1.3,0.4,-0.4,-0.4,10,13,7.0,9.1,0,0,0,0,0,0,1,1,2,0,29,27,22,18,14,15,13,13,18,0,0,0,0,0,0,0,0,0
0.0,86,92.55,91.84,92.75,0,0,0,0.1,-132.1,0.04,0.11,0,4.5,233,1,1,0,0,0,0,0,0,0,0,1.0,-0.9,0,1.7,527.1,-448,11.75,5.5,8.5,1.3,5.8,3.4,6.1,0.5,1.5,0.5,-0.4,-0.4,10,13,7.1,9.3,0,0,0,0,0,0,1,1,2,0,32,27,22,18,14,15,13,13,18,0,0,0,0,0,0,0,0,0
0.0,86,92.55,91.84,92.75,0,0,0,0.1,-151.7,0.04,0.11,0,4.6,256,1,1,0,0,0,0,0,0,0,0,0.9,-1.0,0,1.7,527.1,-448,11.75,5.5,8.5,1.3,5.8,3.4,6.1,0.5,1.3,0.5,-0.4,-0.4,10,12,7.1,9.3,0,0,0,0,0,0,1,1,2,0,31,27,22,18,14,15,12,12,18,0,0,0,0,0,0,0,0,0
0.0,85,92.55,91.84,92.75,0,0,0,0.1,177.0,0.04,0.11,0,3.9,272,1,1,0,0,0,0,0,0,0,0,0.9,-1.1,0,1.7,527.1,-448,11.75,5.3,8.4,1.2,5.5,3.3,6.1,0.4,1.3,0.4,-0.4,-0.4,10,12,7.0,8.9,0,0,0,0,0,0,1,1,2,0,28,27,21,18,14,15,12,12,18,0,0,0,0,0,0,0,0,0
0.0,85,92.55,91.84,92.75,0,0,0,0.09,-176.7,0.04,0.11,0,3.6,268,1,1,0,0,0,0,0,0,0,0,0.8,-1.0,0,1.7,527.1,-448,11.75,5.3,8.4,1.2,5.6,3.3,6.1,0.5,1.3,0.4,-0.4,-0.4,10,13,7.0,9.1,0,0,0,0,0,0,1,1,2,0,30,27,22,18,14,15,13,13,18,0,0,0,0,0,0,0,0,0
0.0,84,92.55,91.84,92.75,0,0,0,0.1,-172.5,0.04,0.11,0,4.0,259,1,1,0,0,0,0,0,0,0,0,0.7,-1.2,0,1.7,527.1,-448,11.75,5.5,8.4,1.2,5.5,3.3,6.1,0.3,1.2,0.4,-0.5,-0.4,10,12,6.9,8.9,0,0,0,0,0,0,1,1,2,0,28,27,22,18,14,15,12,12,18,0,0,0,0,0,0,0,0,0
0.0,85,92.55,91.84,92.75,0,0,0,0.09,-176.8,0.04,0.11,0,3.3,271,1,1,0,0,0,0,0,0,0,0,0.9,-1.1,0,1.7,527.1,-448,11.75,5.3,8.4,1.2,5.6,3.3,6.1,0.5,1.3,0.4,-0.4,-0.4,10,12,7.0,8.9,0,0,0,0,0,0,1,1,2,0,28,27,21,18,14,15,12,12,18,0,0,0,0,0,0,0,0,0
0.0,85,92.55,91.84,92.75,0,0,0,0.1,-179.6,0.03,0.11,0,3.8,270,1,1,0,0,0,0,0,0,0,0,1.0,-1.1,0,1.7,527.1,-448,11.75,5.3,8.4,1.2,5.6,3.3,6.1,0.5,1.3,0.4,-0.4,-0.4,9,13,7.0,9.1,0,0,0,0,0,0,1,1,2,0,30,27,22,18,14,15,13,13,18,0,0,0,0,0,0,0,0,0
0.0,86,92.55,91.84,92.75,0,0,0,0.1,-135.4,0.03,0.11,0,4.9,236,1,1,0,0,0,0,0,0,0,0,1.0,-1.0,0,1.7,527.1,-448,11.75,5.5,8.5,1.3,5.8,3.4,6.1,0.5,1.5,0.5,-0.4,-0.4,9,13,7.1,9.3,0,0,0,0,0,0,1,1,2,0,32,27,22,18,14,15,13,13,18,0,0,0,0,0,0,0,0,0
0.0,84,92.55,91.84,92.75,0,0,0,0.1,-163.4,0.04,0.11,0,4.4,246,1,1,0,0,0,0,0,0,0,0,0.7,-1.1,0,1.7,527.1,-448,11.75,5.5,8.3,1.2,5.3,3.3,6.1,0.3,1.2,0.3,-0.5,-0.4,10,12,6.9,8.9,0,0,0,0,0,0,1,1,2,0,28,27,21,18,14,15,12,12,18,0,0,0,0,0,0,0,0,0
0.0,85,92.55,91.84,92.75,0,0,0,0.1,178.4,0.04,0.11,0,4.2,270,1,1,0,0,0,0,0,0,0,0,0.9,-1.0,0,1.7,527.1,-448,11.75,5.3,8.4,1.2,5.6,3.3,6.1,0.5,1.3,0.4,-0.4,-0.4,10,13,7.0,9.1,0,0,0,0,0,0,1,1,2,0,29,27,22,18,14,15,13,13,18,0,0,0,0,0,0,0,0,0
0.0,84,92.55,91.84,92.75,0,0,0,0.1,-173.2,0.04,0.11,0,3.5,271,1,1,0,0,0,0,0,0,0,0,0.6,-1.1,0,1.7,527.1,-448,11.75,5.3,8.4,1.2,5.5,3.3,6.1,0.4,1.3,0.4,-0.4,-0.4,10,12,7.0,8.9,0,0,0,0,0,0,1,1,2,0,28,27,21,18,14,15,12,12,18,0,0,0,0,0,0,0,0,0
0.0,86,92.55,91.84,92.75,0,0,0,0.1,-140.6,0.04,0.11,0,4.5,250,1,1,0,0,0,0,0,0,0,0,1.0,-1.0,0,1.7,527.1,-448,11.75,5.5,8.5,1.3,5.8,3.4,6.1,0.5,1.3,0.5,-0.4,-0.4,9,13,7.1,9.3,0,0,0,0,0,0,1,1,2,0,31,27,22,18,14,15,13,13,18,0,0,0,0,0,0,0,0,0
0.0,86,92.55,91.84,92.75,0,0,0,0.1,-156.3,0.04,0.11,0,3.7,260,1,1,0,0,0,0,0,0,0,0,0.9,-0.9,0,1.7,527.1,-448,11.75,5.4,8.5,1.3,5.7,3.4,6.1,0.5,1.3,0.5,-0.4,-0.4,10,13,7.1,9.2,0,0,0,0,0,0,1,1,2,0,31,27,22,18,14,15,13,13,18,0,0,0,0,0,0,0,0,0
0.0,85,92.55,91.84,92.75,0,0,0,0.09,177.8,0.04,0.11,0,3.7,272,1,1,0,0,0,0,0,0,0,0,0.8,-1.1,0,1.7,527.1,-448,11.75,5.3,8.5,1.3,5.6,3.3,6.1,0.5,1.3,0.4,-0.4,-0.4,10,12,7.0,9.1,0,0,0,0,0,0,1,1,2,0,30,27,22,18,14,15,12,12,18,0,0,0,0,0,0,0,0,0
0.0,85,92.55,91.84,92.75,0,0,0,0.1,-175.5,0.04,0.11,0,4.0,269,1,1,0,0,0,0,0,0,0,0,1.0,-1.0,0,1.7,527.1,-448,11.75,5.3,8.4,1.2,5.6,3.3,6.1,0.5,1.3,0.4,-0.4,-0.4,10,13,7.0,9.1,0,0,0,0,0,0,1,1,2,0,29,27,21,18,14,15,13,13,18,0,0,0,0,0,0,0,0,0
0.0,84,92.55,91.84,92.75,0,0,0,0.09,-164.8,0.04,0.11,0,4.1,248,1,1,0,0,0,0,0,0,0,0,0.7,-1.1,0,1.7,527.1,-448,11.75,5.5,8.3,1.2,5.4,3.3,6.1,0.3,1.2,0.3,-0.5,-0.4,9,13,6.9,8.9,0,0,0,0,0,0,1,1,2,0,28,27,21,18,14,15,13,13,18,0,0,0,0,0,0,0,0,0
0.0,85,92.55,91.84,92.75,0,0,0,0.1,-178.9,0.04,0.11,0,3.7,272,1,1,0,0,0,0,0,0,0,0,0.9,-1.0,0,1.7,527.1,-448,11.75,5.3,8.5,1.3,5.6,3.4,6.1,0.5,1.3,0.4,-0.4,-0.4,9,12,7.0,9.1,0,0,0,0,0,0,1,1,2,0,31,27,22,18,14,15,12,12,18,0,0,0,0,0,0,0,0,0
0.0,86,92.55,91.84,92.75,0,0,0,0.1,-145.3,0.04,0.11,0,4.5,253,1,1,0,0,0,0,0,0,0,0,0.9,-1.1,0,1.7,527.1,-448,11.75,5.5,8.5,1.3,5.8,3.4,6.1,0.5,1.3,0.5,-0.4,-0.4,10,13,7.1,9.3,0,0,0,0,0,0,1,1,2,0,31,27,22,18,14,15,13,13,18,0,0,0,0,0,0,0,0,0
0.0,85,92.55,91.84,92.75,0,0,0,0.11,175.4,0.04,0.11,0,3.7,274,1,1,0,0,0,0,0,0,0,0,0.8,-1.0,0,1.7,527.1,-448,11.75,5.3,8.5,1.3,5.6,3.4,6.1,0.5,1.3,0.4,-0.4,-0.4,10,13,7.1,9.1,0,0,0,0,0,0,1,1,2,0,31,27,22,18,14,15,13,13,18,0,0,0,0,0,0,0,0,0
0.0,84,92.55,91.84,92.75,0,0,0,0.11,-169.6,0.04,0.11,0,3.4,251,1,1,0,0,0,0,0,0,0,0,0.6,-1.2,0,1.7,527.1,-448,11.75,5.5,8.3,1.2,5.4,3.3,6.1,0.3,1.2,0.4,-0.5,-0.4,10,12,6.9,8.9,0,0,0,0,0,0,1,1,2,0,28,27,21,18,14,15,12,12,18,0,0,0,0,0,0,0,0,0
0.0,84,92.55,91.84,92.75,0,0,0,0.09,178.8,0.04,0.11,0,3.8,270,1,1,0,0,0,0,0,0,0,0,0.8,-1.1,0,1.7,527.1,-448,11.75,5.5,8.4,1.2,5.5,3.3,6.1,0.3,1.3,0.4,-0.4,-0.4,9,12,7.0,8.9,0,0,0,0,0,0,1,1,2,0,28,27,21,18,14,15,12,12,18,0,0,0,0,0,0,0,0,0
0.0,84,92.55,91.84,92.75,0,0,0,0.1,-179.8,0.03,0.11,0,3.4,270,1,1,0,0,0,0,0,0,0,0,0.8,-1.1,0,1.7,527.1,-448,11.75,5.5,8.4,1.2,5.5,3.3,6.1,0.3,1.3,0.4,-0.4,-0.4,10,13,7.0,8.9,0,0,0,0,0,0,1,1,2,0,28,27,21,18,14,15,13,13,18,0,0,0,0,0,0,0,0,0
0.0,86,92.55,91.84,92.75,0,0,0,0.11,-138.2,0.04,0.13,0,4.1,232,1,1,0,0,0,0,0,0,0,0,1.1,-1.0,0,1.7,527.1,-448,11.75,5.5,8.5,1.3,5.8,3.4,6.1,0.5,1.5,0.5,-0.4,-0.4,9,12,7.3,9.3,0,0,0,0,0,0,1,1,2,0,31,27,22,18,14,15,12,12,19,0,0,0,0,0,0,0,0,0
0.0,85,92.55,91.84,92.75,0,0,0,0.1,-175.1,0.03,0.11,0,4.2,268,1,1,0,0,0,0,0,0,0,0,0.9,-1.1,0,1.7,527.1,-448,11.75,5.3,8.4,1.2,5.6,3.3,6.1,0.5,1.3,0.4,-0.4,-0.4,10,12,7.0,9.1,0,0,0,0,0,0,1,1,2,0,29,27,22,18,14,15,12,12,18,0,0,0,0,0,0,0,0,0
0.0,84,92.55,91.84,92.75,0,0,0,0.1,-174.0,0.04,0.11,0,2.7,263,1,1,0,0,0,0,0,0,0,0,0.8,-1.0,0,1.7,527.1,-448,11.75,5.5,8.4,1.2,5.5,3.3,6.1,0.3,1.3,0.4,-0.4,-0.4,9,13,7.0,8.9,0,0,0,0,0,0,1,1,2,0,28,27,21,18,14,15,13,13,18,0,0,0,0,0,0,0,0,0
0.0,85,92.55,91.84,92.75,0,0,0,0.1,-166.0,0.04,0.11,0,3.9,268,1,1,0,0,0,0,0,0,0,0,0.9,-1.1,0,1.7,527.1,-448,11.75,5.3,8.4,1.2,5.6,3.3,6.1,0.5,1.3,0.4,-0.4,-0.4,10,13,7.0,9.0,0,0,0,0,0,0,1,1,2,0,29,27,22,18,14,15,13,13,18,0,0,0,0,0,0,0,0,0
0.0,85,92.55,91.84,92.75,0,0,0,0.09,-175.5,0.04,0.11,0,4.2,268,1,1,0,0,0,0,0,0,0,0,0.9,-1.1,0,1.7,527.1,-448,11.75,5.3,8.4,1.2,5.6,3.3,6.1,0.5,1.3,0.4,-0.4,-0.4,9,12,7.0,9.1,0,0,0,0,0,0,1,1,2,0,29,27,22,18,14,15,12,12,18,0,0,0,0,0,0,0,0,0
0.0,86,92.55,91.84,92.75,0,0,0,0.09,-138.8,0.04,0.11,0,4.7,249,1,1,0,0,0,0,0,0,0,0,0.8,-1.0,0,1.7,527.1,-448,11.75,5.5,8.5,1.3,5.8,3.4,6.1,0.5,1.3,0.5,-0.4,-0.4,10,12,7.1,9.3,0,0,0,0,0,0,1,1,2,0,31,27,21,18,14,16,12,12,18,0,0,0,0,0,0,0,0,0
0.0,84,92.55,91.84,92.75,0,0,0,0.1,-158.2,0.03,0.11,0,4.2,244,1,1,0,0,0,0,0,0,0,0,0.7,-1.1,0,1.7,527.1,-448,11.75,5.5,8.3,1.2,5.3,3.3,6.1,0.3,1.2,0.3,-0.5,-0.4,9,13,6.9,8.9,0,0,0,0,0,0,1,1,2,0,28,27,21,18,14,15,13,13,18,0,0,0,0,0,0,0,0,0
0.0,86,92.55,91.84,92.75,0,0,0,0.1,-142.3,0.03,0.1,0,4.3,247,1,1,0,0,0,0,0,0,0,0,1.2,-1.0,0,1.7,527.1,-448,11.75,5.5,8.5,1.3,5.8,3.4,6.1,0.5,1.3,0.5,-0.4,-0.4,9,13,7.1,9.3,0,0,0,0,0,0,1,1,2,0,31,27,21,18,14,15,13,13,18,0,0,0,0,0,0,0,0,0
0.0,86,92.55,91.84,92.75,0,0,0,0.12,-143.7,0.03,0.11,0,4.6,243,1,1,0,0,0,0,0,0,0,0,1.0,-1.0,0,1.7,527.1,-448,11.75,5.5,8.5,1.3,5.8,3.4,6.1,0.5,1.3,0.5,-0.4,-0.4,10,12,7.1,9.3,0,0,0,0,0,0,1,1,2,0,31,27,22,18,14,15,12,12,18,0,0,0,0,0,0,0,0,0
0.0,84,92.55,91.84,92.75,0,0,0,0.09,-173.7,0.04,0.11,0,3.4,257,1,1,0,0,0,0,0,0,0,0,0.8,-1.1,0,1.7,527.1,-448,11.75,5.5,8.4,1.2,5.5,3.3,6.1,0.3,1.2,0.4,-0.5,-0.4,9,13,6.9,8.9,0,0,0,0,0,0,1,1,2,0,28,27,22,18,14,15,13,13,18,0,0,0,0,0,0,0,0,0
0.0,84,92.55,91.84,92.75,0,0,0,0.1,171.7,0.04,0.11,0,3.3,269,1,1,0,0,0,0,0,0,0,0,0.9,-1.0,0,1.7,527.1,-448,11.75,5.5,8.4,1.2,5.5,3.3,6.1,0.3,1.3,0.4,-0.4,-0.4,9,12,7.0,8.9,0,0,0,0,0,0,1,1,2,0,28,27,21,18,14,15,12,12,18,0,0,0,0,0,0,0,0,0
0.0,84,92.55,91.84,92.75,0,0,0,0.1,-173.3,0.04,0.11,0,3.0,254,1,1,0,0,0,0,0,0,0,0,0.8,-1.1,0,1.7,527.1,-448,11.75,5.5,8.3,1.2,5.4,3.3,6.1,0.3,1.2,0.4,-0.5,-0.4,9,13,6.9,8.9,0,0,0,0,0,0,1,1,2,0,28,27,21,18,14,15,13,13,18,0,0,0,0,0,0,0,0,0
0.0,84,92.55,91.84,92.75,0,0,0,0.1,-171.3,0.04,0.11,0,3.6,260,1,1,0,0,0,0,0,0,0,0,0.6,-1.1,0,1.7,527.1,-448,11.75,5.5,8.4,1.2,5.5,3.3,6.1,0.3,1.2,0.4,-0.5,-0.4,9,12,6.9,8.9,0,0,0,0,0,0,1,1,2,0,28,27,21,18,14,15,12,12,18,0,0,0,0,0,0,0,0,0
0.0,86,92.55,91.84,92.75,0,0,0,0.1,-138.9,0.04,0.11,0,4.3,233,1,1,0,0,0,0,0,0,0,0,1.1,-0.8,0,1.7,527.1,-448,11.75,5.5,8.5,1.3,5.8,3.4,6.1,0.5,1.5,0.5,-0.4,-0.4,9,13,7.3,9.3,0,0,0,0,0,0,1,1,2,0,31,27,22,18,14,15,13,13,18,0,0,0,0,0,0,0,0,0
0.0,86,92.55,91.84,92.75,0,0,0,0.1,-138.2,0.04,0.11,0,4.5,237,1,1,0,0,0,0,0,0,0,0,1.0,-1.1,0,1.7,527.1,-448,11.75,5.5,8.5,1.3,5.8,3.4,6.1,0.5,1.5,0.5,-0.4,-0.4,10,13,7.1,9.3,0,0,0,0,0,0,1,1,2,0,32,27,22,18,14,15,13,13,18,0,0,0,0,0,0,0,0,0
0.0,84,92.55,91.84,92.75,0,0,0,0.09,-179.3,0.04,0.11,0,3.3,270,1,1,0,0,0,0,0,0,0,0,0.7,-1.2,0,1.7,527.1,-448,11.75,5.5,8.4,1.2,5.5,3.3,6.1,0.3,1.3,0.4,-0.4,-0.4,10,13,7.0,8.9,0,0,0,0,0,0,1,1,2,0,28,27,21,18,14,15,13,13,18,0,0,0,0,0,0,0,0,0
0.0,86,92.55,91.84,92.75,0,0,0,0.1,-141.5,0.04,0.11,0,4.6,238,1,1,0,0,0,0,0,0,0,0,1.0,-1.1,0,1.7,527.1,-448,11.75,5.5,8.5,1.3,5.8,3.4,6.1,0.5,1.4,0.5,-0.4,-0.4,9,13,7.1,9.3,0,0,0,0,0,0,1,1,2,0,32,27,22,18,14,15,13,13,18,0,0,0,0,0,0,0,0,0
0.0,84,92.55,91.84,92.75,0,0,0,0.1,-166.1,0.04,0.11,0,4.5,247,1,1,0,0,0,0,0,0,0,0,0.6,-1.1,0,1.7,527.1,-448,11.75,5.5,8.3,1.2,5.3,3.3,6.1,0.3,1.2,0.3,-0.5,-0.4,9,13,6.9,8.9,0,0,0,0,0,0,1,1,2,0,28,27,21,18,14,15,13,13,18,0,0,0,0,0,0,0,0,0
0.0,85,92.55,91.84,92.75,0,0,0,0.1,175.9,0.03,0.11,0,4.6,270,1,1,0,0,0,0,0,0,0,0,0.9,-1.2,0,1.7,527.1,-448,11.75,5.3,8.4,1.2,5.6,3.3,6.1,0.5,1.3,0.4,-0.4,-0.4,10,13,7.0,9.1,0,0,0,0,0,0,1,1,2,0,30,27,22,18,14,15,13,13,18,0,0,0,0,0,0,0,0,0
0.0,84,92.55,91.84,92.75,0,0,0,0.1,-175.6,0.03,0.11,0,2.9,269,1,1,0,0,0,0,0,0,0,0,0.8,-1.0,0,1.7,527.1,-448,11.75,5.3,8.4,1.2,5.5,3.3,6.1,0.4,1.3,0.4,-0.4,-0.4,10,13,7.0,8.9,0,0,0,0,0,0,1,1,2,0,28,27,21,18,14,15,13,13,18,0,0,0,0,0,0,0,0,0
0.0,86,92.55,91.84,92.75,0,0,0,0.1,-153.6,0.03,0.11,0,4.1,261,1,1,0,0,0,0,0,0,0,0,1.0,-1.1,0,1.7,527.1,-448,11.75,5.4,8.5,1.3,5.7,3.4,6.1,0.5,1.3,0.5,-0.4,-0.4,10,13,7.1,9.1,0,0,0,0,0,0,1,1,2,0,31,27,22,18,14,15,13,13,18,0,0,0,0,0,0,0,0,0
0.0,86,92.55,91.84,92.75,0,0,0,0.11,-142.0,0.04,0.11,0,4.2,233,1,1,0,0,0,0,0,0,0,0,1.0,-0.9,0,1.7,527.1,-448,11.75,5.5,8.5,1.3,5.8,3.4,6.1,0.5,1.5,0.5,-0.4,-0.3,10,12,7.1,9.3,0,0,0,0,0,0,1,1,2,0,32,27,22,18,14,15,12,12,18,0,0,0,0,0,0,0,0,0
0.0,86,92.55,91.84,92.75,0,0,0,0.1,-156.4,0.04,0.11,0,3.8,259,1,1,0,0,0,0,0,0,0,0,0.9,-1.0,0,1.7,527.1,-448,11.75,5.4,8.5,1.3,5.7,3.4,6.1,0.5,1.3,0.5,-0.4,-0.4,10,13,7.1,9.2,0,0,0,0,0,0,1,1,2,0,31,27,22,18,14,15,13,13,18,0,0,0,0,0,0,0,0,0
0.0,84,92.55,91.84,92.75,0,0,0,0.1,178.1,0.03,0.1,0,4.2,271,1,1,0,0,0,0,0,0,0,0,0.8,-1.1,0,1.7,527.1,-448,11.75,5.4,8.4,1.2,5.5,3.3,6.1,0.3,1.3,0.4,-0.5,-0.4,10,12,7.0,8.9,0,0,0,0,0,0,1,1,2,0,28,27,21,18,14,15,12,12,18,0,0,0,0,0,0,0,0,0
0.0,84,92.55,91.84,92.75,0,0,0,0.1,-167.7,0.04,0.11,0,3.1,257,1,1,0,0,0,0,0,0,0,0,0.5,-1.2,0,1.7,527.1,-448,11.75,5.5,8.4,1.2,5.5,3.3,6.1,0.3,1.2,0.4,-0.5,-0.4,9,13,6.9,8.9,0,0,0,0,0,0,1,1,2,0,28,27,22,18,14,15,13,13,17,0,0,0,0,0,0,0,0,0
0.0,85,92.55,91.84,92.75,0,0,0,0.1,178.4,0.04,0.11,0,3.7,272,1,1,0,0,0,0,0,0,0,0,0.8,-1.1,0,1.7,527.1,-448,11.75,5.3,8.5,1.3,5.6,3.4,6.1,0.5,1.3,0.4,-0.4,-0.4,10,12,7.0,9.1,0,0,0,0,0,0,1,1,2,0,31,27,22,18,14,15,12,12,18,0,0,0,0,0,0,0,0,0
0.0,85,92.55,91.84,92.75,0,0,0,0.11,-172.1,0.04,0.11,0,3.5,268,1,1,0,0,0,0,0,0,0,0,0.9,-1.0,0,1.7,527.1,-448,11.75,5.3,8.4,1.2,5.6,3.3,6.1,0.5,1.3,0.4,-0.4,-0.4,10,13,7.0,9.1,0,0,0,0,0,0,1,1,2,0,30,27,21,18,14,15,13,13,18,0,0,0,0,0,0,0,0,0
0.0,86,92.55,91.84,92.75,0,0,0,0.1,-148.6,0.04,0.11,0,4.2,245,1,1,0,0,0,0,0,0,0,0,0.8,-1.0,0,1.7,527.1,-448,11.75,5.5,8.5,1.3,5.8,3.4,6.1,0.5,1.3,0.5,-0.4,-0.4,9,13,7.1,9.3,0,0,0,0,0,0,1,1,2,0,31,27,22,18,14,15,13,13,18,0,0,0,0,0,0,0,0,0
0.0,84,92.55,91.84,92.75,0,0,0,0.11,-156.1,0.03,0.1,0,4.0,248,1,1,0,0,0,0,0,0,0,0,0.8,-1.2,0,1.7,527.1,-448,11.75,5.5,8.3,1.2,5.4,3.3,6.1,0.3,1.2,0.3,-0.5,-0.4,9,12,6.9,8.9,0,0,0,0,0,0,1,1,2,0,28,27,21,18,14,15,12,12,18,0,0,0,0,0,0,0,0,0
0.0,84,92.55,91.84,92.75,0,0,0,0.11,-174.6,0.04,0.11,0,3.5,272,1,1,0,0,0,0,0,0,0,0,0.9,-1.1,0,1.7,527.1,-448,11.75,5.3,8.4,1.2,5.5,3.3,6.1,0.3,1.3,0.4,-0.4,-0.4,10,13,7.0,8.9,0,0,0,0,0,0,1,1,2,0,28,27,21,18,14,15,13,13,18,0,0,0,0,0,0,0,0,0
0.0,84,92.55,91.84,92.75,0,0,0,0.1,-168.1,0.04,0.11,0,3.5,250,1,1,0,0,0,0,0,0,0,0,0.7,-1.2,0,1.7,527.1,-448,11.75,5.5,8.3,1.2,5.4,3.3,6.1,0.3,1.2,0.4,-0.5,-0.4,9,13,6.9,8.9,0,0,0,0,0,0,1,1,2,0,28,27,21,18,14,15,13,13,17,0,0,0,0,0,0,0,0,0
0.0,84,92.55,91.84,92.75,0,0,0,0.1,-160.4,0.03,0.11,0,3.5,248,1,1,0,0,0,0,0,0,0,0,0.6,-1.4,0,1.7,527.1,-448,11.75,5.5,8.3,1.2,5.4,3.3,6.1,0.3,1.2,0.3,-0.5,-0.4,9,13,6.9,8.9,0,0,0,0,0,0,1,1,2,0,28,27,21,18,14,15,13,13,19,0,0,0,0,0,0,0,0,0
0.0,85,92.55,91.84,92.75,0,0,0,0.09,176.0,0.04,0.11,0,3.6,272,1,1,0,0,0,0,0,0,0,0,0.8,-1.0,0,1.7,527.1,-448,11.75,5.3,8.4,1.2,5.5,3.3,6.1,0.3,1.3,0.4,-0.4,-0.4,10,12,7.0,8.9,0,0,0,0,0,0,1,1,2,0,28,27,21,18,14,15,12,12,18,0,0,0,0,0,0,0,0,0
0.0,84,92.55,91.84,92.75,0,0,0,0.11,-167.9,0.04,0.11,0,3.4,250,1,1,0,0,0,0,0,0,0,0,0.7,-1.1,0,1.7,527.1,-448,11.75,5.5,8.3,1.2,5.4,3.3,6.1,0.3,1.2,0.4,-0.5,-0.4,9,13,6.9,8.9,0,0,0,0,0,0,1,1,2,0,28,27,21,18,14,15,13,13,18,0,0,0,0,0,0,0,0,0
0.0,86,92.55,91.84,92.75,0,0,0,0.09,-142.1,0.03,0.11,0,4.0,233,1,1,0,0,0,0,0,0,0,0,0.9,-1.1,0,1.7,527.1,-448,11.75,5.5,8.5,1.3,5.8,3.4,6.1,0.5,1.5,0.5,-0.4,-0.3,9,13,7.1,9.3,0,0,0,0,0,0,1,1,2,0,32,27,22,18,14,15,13,13,18,0,0,0,0,0,0,0,0,0
0.0,84,92.55,91.84,92.75,0,0,0,0.1,175.1,0.04,0.11,0,3.5,273,1,1,0,0,0,0,0,0,0,0,0.9,-1.2,0,1.7,527.1,-448,11.75,5.3,8.4,1.2,5.5,3.3,6.1,0.3,1.3,0.4,-0.4,-0.4,9,12,7.0,8.9,0,0,0,0,0,0,1,1,2,0,28,27,21,18,14,15,12,12,18,0,0,0,0,0,0,0,0,0
0.0,85,92.55,91.84,92.75,0,0,0,0.09,-179.1,0.04,0.11,0,3.5,272,1,1,0,0,0,0,0,0,0,0,1.0,-0.9,0,1.7,527.1,-448,11.75,5.3,8.5,1.3,5.6,3.4,6.1,0.5,1.3,0.4,-0.4,-0.4,10,12,7.0,9.1,0,0,0,0,0,0,1,1,2,0,31,27,22,18,14,15,12,12,18,0,0,0,0,0,0,0,0,0
0.0,86,92.55,91.84,92.75,0,0,0,0.1,-139.3,0.04,0.11,0,4.3,232,1,1,0,0,0,0,0,0,0,0,1.0,-1.0,0,1.7,527.1,-448,11.75,5.5,8.5,1.3,5.8,3.4,6.1,0.5,1.5,0.5,-0.4,-0.4,10,13,7.1,9.3,0,0,0,0,0,0,1,1,2,0,32,27,22,18,14,15,13,13,18,0,0,0,0,0,0,0,0,0
0.0,86,92.55,91.84,92.75,0,0,0,0.09,-147.2,0.04,0.11,0,4.7,241,1,1,0,0,0,0,0,0,0,0,1.0,-1.0,0,1.7,527.1,-448,11.75,5.5,8.5,1.3,5.8,3.4,6.1,0.5,1.3,0.5,-0.4,-0.4,11,12,7.1,9.3,0,0,0,0,0,0,1,1,2,0,31,27,22,18,14,16,12,12,18,0,0,0,0,0,0,0,0,0
0.01,86,92.55,91.84,92.75,0,0,0,0.1,-154.3,0.04,0.11,0,3.9,263,1,1,0,0,0,0,0,0,0,0,1.0,-0.9,0,1.7,527.1,-448,11.75,5.3,8.5,1.3,5.7,3.4,6.1,0.5,1.3,0.5,-0.4,-0.4,10,12,7.1,9.1,0,0,0,0,0,0,1,1,2,0,31,27,22,18,14,15,12,12,19,0,0,0,0,0,0,0,0,0
0.0,85,92.55,91.84,92.75,0,0,0,0.1,177.4,0.03,0.11,0,4.2,270,1,1,0,0,0,0,0,0,0,0,0.8,-1.1,0,1.7,527.1,-448,11.75,5.3,8.4,1.2,5.6,3.3,6.1,0.5,1.3,0.4,-0.4,-0.4,10,13,7.0,9.1,0,0,0,0,0,0,1,1,2,0,29,27,22,18,14,15,13,13,18,0,0,0,0,0,0,0,0,0
0.0,85,92.55,91.84,92.75,0,0,0,0.1,178.8,0.03,0.11,0,3.6,269,1,1,0,0,0,0,0,0,0,0,1.0,-1.0,0,1.7,527.1,-448,11.75,5.3,8.4,1.2,5.6,3.3,6.1,0.5,1.3,0.4,-0.4,-0.4,10,13,7.0,9.1,0,0,0,0,0,0,1,1,2,0,29,27,22,18,14,15,13,13,18,0,0,0,0,0,0,0,0,0
0.0,85,92.55,91.84,92.75,0,0,0,0.1,-156.7,0.04,0.11,0,4.0,264,1,1,0,0,0,0,0,0,0,0,0.9,-0.9,0,1.7,527.1,-448,11.75,5.3,8.5,1.3,5.7,3.4,6.1,0.5,1.3,0.5,-0.4,-0.4,10,13,7.1,9.1,0,0,0,0,0,0,1,1,2,0,31,27,22,18,14,15,13,13,18,0,0,0,0,0,0,0,0,0
0.0,85,92.55,91.84,92.75,0,0,0,0.1,179.5,0.03,0.11,0,4.3,269,1,1,0,0,0,0,0,0,0,0,0.8,-1.1,0,1.7,527.1,-448,11.75,5.3,8.4,1.2,5.6,3.3,6.1,0.5,1.3,0.4,-0.4,-0.4,10,13,7.0,9.1,0,0,0,0,0,0,1,1,2,0,30,27,22,18,14,15,13,13,18,0,0,0,0,0,0,0,0,0
0.0,85,92.55,91.84,92.75,0,0,0,0.1,-164.6,0.04,0.11,0,4.0,266,1,1,0,0,0,0,0,0,0,0,0.9,-1.1,0,1.7,527.1,-448,11.75,5.3,8.5,1.3,5.6,3.4,6.1,0.5,1.3,0.5,-0.4,-0.4,9,13,7.1,9.1,0,0,0,0,0,0,1,1,2,0,31,27,22,18,14,15,13,13,18,0,0,0,0,0,0,0,0,0
0.0,85,92.55,91.84,92.75,0,0,0,0.11,177.2,0.03,0.11,0,3.0,271,1,1,0,0,0,0,0,0,0,0,1.0,-1.0,0,1.7,527.1,-448,11.75,5.4,8.4,1.2,5.6,3.3,6.1,0.5,1.3,0.4,-0.4,-0.4,9,12,7.0,9.1,0,0,0,0,0,0,1,1,2,0,30,27,22,18,14,15,12,12,18,0,0,0,0,0,0,0,0,0
0.0,84,92.55,91.84,92.75,0,0,0,0.1,-171.4,0.04,0.11,0,3.1,257,1,1,0,0,0,0,0,0,0,0,0.8,-1.2,0,1.7,527.1,-448,11.75,5.5,8.4,1.2,5.5,3.3,6.1,0.3,1.2,0.4,-0.5,-0.4,9,13,6.9,8.9,0,0,0,0,0,0,1,1,2,0,28,27,22,18,14,15,13,13,18,0,0,0,0,0,0,0,0,0
0.0,86,92.55,91.84,92.75,0,0,0,0.1,-152.8,0.04,0.11,0,3.9,262,1,1,0,0,0,0,0,0,0,0,0.9,-1.1,0,1.7,527.1,-448,11.75,5.3,8.5,1.3,5.7,3.4,6.1,0.5,1.3,0.5,-0.4,-0.4,9,12,7.1,9.1,0,0,0,0,0,0,1,1,2,0,31,27,22,18,14,15,12,12,18,0,0,0,0,0,0,0,0,0
0.0,84,92.55,91.84,92.75,0,0,0,0.1,173.5,0.03,0.11,0,3.4,273,1,1,0,0,0,0,0,0,0,0,0.8,-1.1,0,1.7,527.1,-448,11.75,5.3,8.4,1.2,5.5,3.3,6.1,0.3,1.3,0.4,-0.4,-0.4,9,12,7.0,8.9,0,0,0,0,0,0,1,1,2,0,28,27,21,18,14,15,12,12,18,0,0,0,0,0,0,0,0,0
0.0,85,92.55,91.84,92.75,0,0,0,0.1,177.8,0.04,0.11,0,3.5,272,1,1,0,0,0,0,0,0,0,0,0.9,-1.0,0,1.7,527.1,-448,11.75,5.3,8.5,1.3,5.6,3.3,6.1,0.5,1.3,0.4,-0.4,-0.4,9,13,7.0,9.1,0,0,0,0,0,0,1,1,2,0,30,27,22,18,14,15,13,13,18,0,0,0,0,0,0,0,0,0
0.0,85,92.55,91.84,92.75,0,0,0,0.11,-176.6,0.03,0.1,0,3.2,271,1,1,0,0,0,0,0,0,0,0,0.9,-1.0,0,1.7,527.1,-448,11.75,5.3,8.4,1.2,5.6,3.3,6.1,0.5,1.3,0.4,-0.4,-0.4,10,13,7.0,8.9,0,0,0,0,0,0,1,1,2,0,28,27,21,18,14,15,13,13,18,0,0,0,0,0,0,0,0,0
0.0,84,92.55,91.84,92.75,0,0,0,0.11,-173.0,0.04,0.11,0,2.9,263,1,1,0,0,0,0,0,0,0,0,0.7,-1.2,0,1.7,527.1,-448,11.75,5.5,8.4,1.2,5.5,3.3,6.1,0.3,1.3,0.4,-0.4,-0.4,9,13,7.0,8.9,0,0,0,0,0,0,1,1,2,0,28,27,21,18,14,15,13,13,18,0,0,0,0,0,0,0,0,0
0.0,85,92.55,91.84,92.75,0,0,0,0.1,-173.2,0.04,0.11,0,3.6,268,1,1,0,0,0,0,0,0,0,0,0.9,-1.0,0,1.7,527.1,-448,11.75,5.3,8.4,1.2,5.6,3.3,6.1,0.5,1.3,0.4,-0.4,-0.4,9,13,7.0,9.1,0,0,0,0,0,0,1,1,2,0,30,27,21,18,14,15,13,13,18,0,0,0,0,0,0,0,0,0
0.0,86,92.55,91.84,92.75,0,0,0,0.12,-133.0,0.04,0.11,0,4.5,233,1,1,0,0,0,0,0,0,0,0,1.0,-0.9,0,1.7,527.1,-448,11.75,5.5,8.5,1.3,5.8,3.4,6.1,0.5,1.5,0.5,-0.4,-0.4,9,13,7.1,9.3,0,0,0,0,0,0,1,1,2,0,32,27,22,18,14,15,13,13,18,0,0,0,0,0,0,0,0,0
0.0,84,92.55,91.84,92.75,0,0,0,0.11,178.6,0.04,0.11,0,4.0,270,1,1,0,0,0,0,0,0,0,0,0.6,-1.3,0,1.7,527.1,-448,11.75,5.5,8.4,1.2,5.5,3.3,6.1,0.3,1.3,0.4,-0.4,-0.4,9,12,7.0,8.9,0,0,0,0,0,0,1,1,2,0,28,27,21,18,14,15,12,12,17,0,0,0,0,0,0,0,0,0
0.0,84,92.55,91.84,92.75,0,0,0,0.1,177.5,0.03,0.11,0,3.1,273,1,1,0,0,0,0,0,0,0,0,0.7,-1.1,0,1.7,527.1,-448,11.75,5.3,8.4,1.2,5.5,3.3,6.1,0.4,1.3,0.4,-0.4,-0.4,9,12,7.0,8.9,0,0,0,0,0,0,1,1,2,0,28,27,21,18,14,15,12,12,18,0,0,0,0,0,0,0,0,0
0.0,84,92.55,91.84,92.75,0,0,0,0.1,-178.4,0.03,0.11,0,3.3,264,1,1,0,0,0,0,0,0,0,0,0.6,-1.1,0,1.7,527.1,-448,11.75,5.5,8.4,1.2,5.5,3.3,6.1,0.3,1.3,0.4,-0.4,-0.4,9,13,7.0,8.9,0,0,0,0,0,0,1,1,2,0,28,27,21,18,14,15,13,13,18,0,0,0,0,0,0,0,0,0
0.0,84,92.55,91.84,92.75,0,0,0,0.1,-172.1,0.03,0.11,0,3.2,255,1,1,0,0,0,0,0,0,0,0,0.9,-1.1,0,1.7,527.1,-448,11.75,5.5,8.4,1.2,5.5,3.3,6.1,0.3,1.2,0.4,-0.5,-0.4,9,12,6.9,8.9,0,0,0,0,0,0,1,1,2,0,28,27,21,18,14,15,12,12,18,0,0,0,0,0,0,0,0,0
0.0,86,92.55,91.84,92.75,0,0,0,0.09,-155.5,0.04,0.11,0,3.8,258,1,1,0,0,0,0,0,0,0,0,0.8,-1.0,0,1.7,527.1,-448,11.75,5.4,8.5,1.3,5.7,3.4,6.1,0.5,1.3,0.5,-0.4,-0.4,10,12,7.1,9.2,0,0,0,0,0,0,1,1,2,0,31,27,22,18,14,15,12,12,18,0,0,0,0,0,0,0,0,0
0.0,84,92.55,91.84,92.75,0,0,0,0.1,-170.7,0.03,0.11,0,3.7,261,1,1,0,0,0,0,0,0,0,0,0.9,-1.1,0,1.7,527.1,-448,11.75,5.5,8.4,1.2,5.5,3.3,6.1,0.3,1.3,0.4,-0.4,-0.4,10,13,6.9,8.9,0,0,0,0,0,0,1,1,2,0,28,27,21,18,14,15,13,13,18,0,0,0,0,0,0,0,0,0
0.0,85,92.55,91.84,92.75,0,0,0,0.1,-174.0,0.04,0.11,0,4.5,268,1,1,0,0,0,0,0,0,0,0,0.9,-1.1,0,1.7,527.1,-448,11.75,5.3,8.4,1.2,5.6,3.3,6.1,0.5,1.3,0.4,-0.4,-0.4,10,13,7.0,9.0,0,0,0,0,0,0,1,1,2,0,29,27,22,18,14,15,13,13,18,0,0,0,0,0,0,0,0,0
0.0,84,92.55,91.84,92.75,0,0,0,0.1,-174.3,0.03,0.11,0,3.3,262,1,1,0,0,0,0,0,0,0,0,0.8,-1.1,0,1.7,527.1,-448,11.75,5.5,8.4,1.2,5.5,3.3,6.1,0.3,1.3,0.4,-0.4,-0.4,9,12,6.9,8.9,0,0,0,0,0,0,1,1,2,0,28,27,21,18,14,15,12,12,18,0,0,0,0,0,0,0,0,0
0.0,86,92.55,91.84,92.75,0,0,0,0.1,-136.6,0.04,0.11,0,4.7,236,1,1,0,0,0,0,0,0,0,0,0.9,-1.0,0,1.7,527.1,-448,11.75,5.5,8.5,1.3,5.8,3.4,6.1,0.5,1.5,0.5,-0.4,-0.4,10,13,7.1,9.3,0,0,0,0,0,0,1,1,2,0,32,27,22,18,14,15,13,13,18,0,0,0,0,0,0,0,0,0
0.0,86,92.55,91.84,92.75,0,0,0,0.1,-145.0,0.03,0.11,0,5.7,241,1,1,0,0,0,0,0,0,0,0,0.8,-1.1,0,1.7,527.1,-448,11.75,5.5,8.5,1.3,5.8,3.4,6.1,0.5,1.3,0.5,-0.4,-0.4,9,13,7.1,9.3,0,0,0,0,0,0,1,1,2,0,31,27,22,18,14,15,13,13,18,0,0,0,0,0,0,0,0,0
0.0,85,92.55,91.84,92.75,0,0,0,0.09,-174.5,0.03,0.1,0,4.2,271,1,1,0,0,0,0,0,0,0,0,1.0,-1.1,0,1.7,527.1,-448,11.75,5.3,8.5,1.3,5.6,3.4,6.1,0.5,1.3,0.4,-0.4,-0.4,10,12,7.1,9.1,0,0,0,0,0,0,1,1,2,0,31,27,22,18,14,15,12,12,18,0,0,0,0,0,0,0,0,0
0.0,84,92.55,91.84,92.75,0,0,0,0.1,-179.2,0.04,0.11,0,3.3,265,1,1,0,0,0,0,0,0,0,0,0.7,-1.4,0,1.7,527.1,-448,11.75,5.5,8.4,1.2,5.5,3.3,6.1,0.3,1.3,0.4,-0.4,-0.4,9,13,7.0,8.9,0,0,0,0,0,0,1,1,2,0,28,27,21,18,14,15,13,13,18,0,0,0,0,0,0,0,0,0
0.0,84,92.55,91.84,92.75,0,0,0,0.09,-170.0,0.04,0.11,0,3.3,258,1,1,0,0,0,0,0,0,0,0,0.7,-1.1,0,1.7,527.1,-448,11.75,5.5,8.4,1.2,5.5,3.3,6.1,0.3,1.2,0.4,-0.5,-0.4,10,13,6.9,8.9,0,0,0,0,0,0,1,1,2,0,28,27,22,18,14,15,13,13,18,0,0,0,0,0,0,0,0,0
0.0,84,92.55,91.84,92.75,0,0,0,0.09,175.9,0.04,0.11,0,3.7,271,1,1,0,0,0,0,0,0,0,0,0.7,-1.1,0,1.7,527.1,-448,11.75,5.3,8.4,1.2,5.5,3.3,6.1,0.3,1.3,0.4,-0.4,-0.4,9,13,7.0,8.9,0,0,0,0,0,0,1,1,2,0,28,27,21,18,14,15,13,13,18,0,0,0,0,0,0,0,0,0
0.0,84,92.55,91.84,92.75,0,0,0,0.1,-168.7,0.04,0.11,0,3.2,270,1,1,0,0,0,0,0,0,0,0,0.7,-1.1,0,1.7,527.1,-448,11.75,5.3,8.4,1.2,5.5,3.3,6.1,0.3,1.3,0.4,-0.4,-0.4,9,12,7.0,8.9,0,0,0,0,0,0,1,1,2,0,28,27,21,18,14,15,12,12,18,0,0,0,0,0,0,0,0,0
0.0,86,92.55,91.84,92.75,0,0,0,0.09,-132.3,0.04,0.11,0,4.5,235,1,1,0,0,0,0,0,0,0,0,0.9,-1.1,0,1.7,527.1,-448,11.75,5.5,8.5,1.3,5.8,3.4,6.1,0.5,1.5,0.5,-0.4,-0.4,10,13,7.1,9.3,0,0,0,0,0,0,1,1,2,0,32,27,22,18,14,15,13,13,18,0,0,0,0,0,0,0,0,0
0.0,84,92.55,91.84,92.75,0,0,0,0.1,174.7,0.04,0.11,0,3.9,270,1,1,0,0,0,0,0,0,0,0,0.6,-1.2,0,1.7,527.1,-448,11.75,5.5,8.4,1.2,5.5,3.3,6.1,0.3,1.3,0.4,-0.4,-0.4,9,13,7.0,8.9,0,0,0,0,0,0,1,1,2,0,28,27,21,18,14,15,13,13,18,0,0,0,0,0,0,0,0,0
0.0,85,92.55,91.84,92.75,0,0,0,0.1,177.7,0.04,0.11,0,3.8,272,1,1,0,0,0,0,0,0,0,0,0.7,-1.2,0,1.7,527.1,-448,11.75,5.3,8.4,1.2,5.6,3.3,6.1,0.4,1.3,0.4,-0.4,-0.4,9,12,7.0,8.9,0,0,0,0,0,0,1,1,2,0,28,27,21,18,14,15,12,12,18,0,0,0,0,0,0,0,0,0
0.0,84,92.55,91.84,92.75,0,0,0,0.1,178.3,0.04,0.11,0,4.2,271,1,1,0,0,0,0,0,0,0,0,0.7,-1.1,0,1.7,527.1,-448,11.75,5.4,8.4,1.2,5.5,3.3,6.1,0.3,1.3,0.4,-0.4,-0.4,9,12,7.0,8.9,0,0,0,0,0,0,1,1,2,0,28,27,21,18,14,15,12,12,18,0,0,0,0,0,0,0,0,0
0.0,84,92.55,91.84,92.75,0,0,0,0.1,-179.0,0.04,0.11,0,3.5,270,1,1,0,0,0,0,0,0,0,0,0.8,-1.2,0,1.7,527.1,-448,11.75,5.5,8.4,1.2,5.5,3.3,6.1,0.3,1.3,0.4,-0.4,-0.4,10,12,7.0,8.9,0,0,0,0,0,0,1,1,2,0,28,27,21,18,14,15,12,12,18,0,0,0,0,0,0,0,0,0
0.0,85,92.55,91.84,92.75,0,0,0,0.1,179.6,0.03,0.11,0,4.6,269,1,1,0,0,0,0,0,0,0,0,0.9,-1.1,0,1.7,527.1,-448,11.75,5.3,8.4,1.2,5.6,3.3,6.1,0.5,1.3,0.4,-0.4,-0.4,9,12,7.0,9.1,0,0,0,0,0,0,1,1,2,0,30,27,22,18,14,15,12,12,18,0,0,0,0,0,0,0,0,0
0.19,86,92.55,91.84,92.75,0,0,0,0.1,-138.8,0.04,0.11,0,4.6,237,1,1,0,0,0,0,0,0,0,0,0.9,-1.2,0,1.7,527.1,-448,11.75,5.5,8.5,1.3,5.8,3.4,6.1,0.5,1.5,0.5,-0.4,-0.4,10,12,7.1,9.3,0,0,0,0,0,0,1,1,2,0,32,27,22,18,14,15,12,12,18,0,0,0,0,0,0,0,0,0
0.0,85,92.55,91.84,92.75,0,0,0,0.1,178.2,0.04,0.11,0,4.4,269,1,1,0,0,0,0,0,0,0,0,1.0,-1.1,0,1.7,527.1,-448,11.75,5.3,8.4,1.2,5.6,3.3,6.1,0.5,1.3,0.4,-0.4,-0.4,10,13,7.0,9.1,0,0,0,0,0,0,1,1,2,0,29,27,22,18,14,15,13,13,18,0,0,0,0,0,0,0,0,0
0.0,85,92.55,91.84,92.75,0,0,0,0.1,-169.3,0.03,0.11,0,4.4,270,1,1,0,0,0,0,0,0,0,0,0.9,-1.0,0,1.7,527.1,-448,11.75,5.3,8.5,1.3,5.6,3.4,6.1,0.5,1.3,0.4,-0.4,-0.4,10,13,7.1,9.1,0,0,0,0,0,0,1,1,2,0,31,27,22,18,14,15,13,13,18,0,0,0,0,0,0,0,0,0
0.0,85,92.55,91.84,92.75,0,0,0,0.1,-174.9,0.04,0.11,0,4.1,272,1,1,0,0,0,0,0,0,0,0,0.9,-1.0,0,1.7,527.1,-448,11.75,5.3,8.5,1.3,5.6,3.4,6.1,0.5,1.3,0.4,-0.4,-0.4,9,13,7.1,9.1,0,0,0,0,0,0,1,1,2,0,31,27,22,18,14,15,13,13,18,0,0,0,0,0,0,0,0,0
0.0,86,92.55,91.84,92.75,0,0,0,0.1,-138.0,0.04,0.11,0,4.3,232,1,1,0,0,0,0,0,0,0,0,1.0,-1.0,0,1.7,527.1,-448,11.75,5.5,8.5,1.3,5.8,3.4,6.1,0.5,1.5,0.5,-0.4,-0.3,10,13,7.1,9.3,0,0,0,0,0,0,1,1,2,0,32,27,22,18,14,15,13,13,18,0,0,0,0,0,0,0,0,0
0.0,86,92.55,91.84,92.75,0,0,0,0.1,-153.0,0.04,0.11,0,4.1,261,1,1,0,0,0,0,0,0,0,0,0.9,-1.0,0,1.7,527.1,-448,11.75,5.3,8.5,1.3,5.7,3.4,6.1,0.5,1.3,0.5,-0.4,-0.4,10,12,7.1,9.1,0,0,0,0,0,0,1,1,2,0,31,27,22,18,14,15,12,12,18,0,0,0,0,0,0,0,0,0
0.0,84,92.55,91.84,92.75,0,0,0,0.11,173.9,0.03,0.11,0,3.5,272,1,1,0,0,0,0,0,0,0,0,1.0,-1.1,0,1.7,527.1,-448,11.75,5.3,8.4,1.2,5.5,3.3,6.1,0.3,1.3,0.4,-0.4,-0.4,10,13,7.0,8.9,0,0,0,0,0,0,1,1,2,0,28,27,21,18,14,15,13,13,18,0,0,0,0,0,0,0,0,0
0.0,84,92.55,91.84,92.75,0,0,0,0.09,177.8,0.04,0.11,0,3.5,271,1,1,0,0,0,0,0,0,0,0,0.8,-1.0,0,1.7,527.1,-448,11.75,5.4,8.4,1.2,5.5,3.3,6.1,0.3,1.3,0.4,-0.4,-0.4,10,12,7.0,8.9,0,0,0,0,0,0,1,1,2,0,28,27,21,18,14,15,12,12,18,0,0,0,0,0,0,0,0,0
0.0,84,92.55,91.84,92.75,0,0,0,0.1,-174.7,0.04,0.11,0,2.9,263,1,1,0,0,0,0,0,0,0,0,0.6,-1.2,0,1.7,527.1,-448,11.75,5.5,8.4,1.2,5.5,3.3,6.1,0.3,1.3,0.4,-0.4,-0.4,9,13,6.9,8.9,0,0,0,0,0,0,1,1,2,0,28,27,21,18,14,15,13,13,18,0,0,0,0,0,0,0,0,0
0.0,86,92.55,91.84,92.75,0,0,0,0.1,-142.8,0.04,0.11,0,4.5,239,1,1,0,0,0,0,0,0,0,0,0.8,-1.0,0,1.7,527.1,-448,11.75,5.5,8.5,1.3,5.8,3.4,6.1,0.5,1.4,0.5,-0.4,-0.4,9,12,7.1,9.3,0,0,0,0,0,0,1,1,2,0,32,27,22,18,14,15,12,12,18,0,0,0,0,0,0,0,0,0
0.0,86,92.55,91.84,92.75,0,0,0,0.11,-140.5,0.04,0.11,0,4.7,233,1,1,0,0,0,0,0,0,0,0,1.0,-1.0,0,1.7,527.1,-448,11.75,5.5,8.5,1.3,5.8,3.4,6.1,0.5,1.5,0.5,-0.4,-0.4,10,13,7.2,9.3,0,0,0,0,0,0,1,1,2,0,31,27,22,18,14,16,13,13,18,0,0,0,0,0,0,0,0,0
0.0,84,92.55,91.84,92.75,0,0,0,0.1,-178.2,0.04,0.11,0,3.2,269,1,1,0,0,0,0,0,0,0,0,0.8,-1.2,0,1.7,527.1,-448,11.75,5.3,8.4,1.2,5.5,3.3,6.1,0.4,1.3,0.4,-0.4,-0.4,9,12,7.0,8.9,0,0,0,0,0,0,1,1,2,0,28,27,21,18,14,15,12,12,18,0,0,0,0,0,0,0,0,0
0.0,86,92.55,91.84,92.75,0,0,0,0.1,-142.6,0.04,0.11,0,4.6,233,1,1,0,0,0,0,0,0,0,0,1.0,-0.9,0,1.7,527.1,-448,11.75,5.5,8.5,1.3,5.8,3.4,6.1,0.5,1.5,0.5,-0.4,-0.4,9,12,7.1,9.3,0,0,0,0,0,0,1,1,2,0,32,27,22,18,14,15,12,12,18,0,0,0,0,0,0,0,0,0
0.0,85,92.55,91.84,92.75,0,0,0,0.1,178.1,0.04,0.11,0,3.7,273,1,1,0,0,0,0,0,0,0,0,0.9,-1.1,0,1.7,527.1,-448,11.75,5.3,8.5,1.3,5.6,3.4,6.1,0.5,1.3,0.4,-0.4,-0.4,10,12,7.1,9.1,0,0,0,0,0,0,1,1,2,0,31,27,22,18,14,15,12,12,17,0,0,0,0,0,0,0,0,0
0.0,85,92.55,91.84,92.75,0,0,0,0.1,-173.6,0.03,0.11,0,3.9,268,1,1,0,0,0,0,0,0,0,0,0.8,-1.1,0,1.7,527.1,-448,11.75,5.3,8.4,1.2,5.6,3.3,6.1,0.5,1.3,0.4,-0.4,-0.4,9,12,7.0,9.1,0,0,0,0,0,0,1,1,2,0,29,27,22,18,14,15,12,12,18,0,0,0,0,0,0,0,0,0
0.0,85,92.55,91.84,92.75,0,0,0,0.1,173.2,0.04,0.11,0,3.6,274,1,1,0,0,0,0,0,0,0,0,1.0,-1.0,0,1.7,527.1,-448,11.75,5.3,8.5,1.3,5.6,3.4,6.1,0.5,1.3,0.4,-0.4,-0.4,10,13,7.1,9.1,0,0,0,0,0,0,1,1,2,0,31,27,22,18,14,15,13,13,18,0,0,0,0,0,0,0,0,0
0.0,84,92.55,91.84,92.75,0,0,0,0.1,-170.5,0.04,0.11,0,3.2,254,1,1,0,0,0,0,0,0,0,0,0.8,-1.1,0,1.7,527.1,-448,11.75,5.5,8.4,1.2,5.5,3.3,6.1,0.3,1.2,0.4,-0.5,-0.4,10,13,6.9,8.9,0,0,0,0,0,0,1,1,2,0,28,27,21,18,14,15,13,13,18,0,0,0,0,0,0,0,0,0
0.0,85,92.55,91.84,92.75,0,0,0,0.1,178.8,0.04,0.11,0,3.7,272,1,1,0,0,0,0,0,0,0,0,0.7,-1.0,0,1.7,527.1,-448,11.75,5.3,8.5,1.3,5.6,3.4,6.1,0.5,1.3,0.4,-0.4,-0.4,10,12,7.0,9.1,0,0,0,0,0,0,1,1,2,0,31,27,22,18,14,15,12,12,18,0,0,0,0,0,0,0,0,0
0.0,85,92.55,91.84,92.75,0,0,0,0.11,177.6,0.04,0.11,0,4.5,269,1,1,0,0,0,0,0,0,0,0,0.9,-1.0,0,1.7,527.1,-448,11.75,5.3,8.4,1.2,5.6,3.3,6.1,0.5,1.3,0.4,-0.4,-0.4,9,13,7.0,9.1,0,0,0,0,0,0,1,1,2,0,30,27,22,18,14,15,13,13,18,0,0,0,0,0,0,0,0,0
0.0,84,92.55,91.84,92.75,0,0,0,0.1,179.2,0.03,0.1,0,3.3,270,1,1,0,0,0,0,0,0,0,0,0.9,-1.1,0,1.7,527.1,-448,11.75,5.5,8.4,1.2,5.5,3.3,6.1,0.3,1.3,0.4,-0.4,-0.4,9,13,7.0,8.9,0,0,0,0,0,0,1,1,2,0,28,27,21,18,14,15,13,13,18,0,0,0,0,0,0,0,0,0
0.0,86,92.55,91.84,92.75,0,0,0,0.11,-141.2,0.04,0.11,0,5.1,242,1,1,0,0,0,0,0,0,0,0,1.1,-0.8,0,1.7,527.1,-448,11.75,5.5,8.5,1.3,5.8,3.4,6.1,0.5,1.3,0.5,-0.4,-0.4,9,13,7.1,9.3,0,0,0,0,0,0,1,1,2,0,31,27,22,18,14,15,13,13,18,0,0,0,0,0,0,0,0,0
0.0,84,92.55,91.84,92.75,0,0,0,0.1,-172.2,0.04,0.11,0,3.5,256,1,1,0,0,0,0,0,0,0,0,0.5,-1.4,0,1.7,527.1,-448,11.75,5.5,8.4,1.2,5.5,3.3,6.1,0.3,1.2,0.4,-0.5,-0.4,10,12,6.9,8.9,0,0,0,0,0,0,1,1,2,0,28,27,22,18,14,15,12,12,18,0,0,0,0,0,0,0,0,0
0.0,84,92.55,91.84,92.75,0,0,0,0.09,-163.5,0.04,0.11,0,4.0,248,1,1,0,0,0,0,0,0,0,0,0.7,-1.1,0,1.7,527.1,-448,11.75,5.5,8.3,1.2,5.4,3.3,6.1,0.3,1.2,0.3,-0.5,-0.4,10,12,6.9,8.9,0,0,0,0,0,0,1,1,2,0,28,27,21,18,14,15,12,12,17,0,0,0,0,0,0,0,0,0
0.0,85,92.55,91.84,92.75,0,0,0,0.12,-179.9,0.04,0.11,0,3.9,272,1,1,0,0,0,0,0,0,0,0,1.0,-1.1,0,1.7,527.1,-448,11.75,5.3,8.5,1.3,5.6,3.3,6.1,0.5,1.3,0.4,-0.4,-0.4,10,12,7.0,9.1,0,0,0,0,0,0,1,1,2,0,30,27,22,18,14,15,12,12,18,0,0,0,0,0,0,0,0,0
0.0,84,92.55,91.84,92.75,0,0,0,0.1,177.7,0.03,0.11,0,3.9,271,1,1,0,0,0,0,0,0,0,0,0.8,-1.1,0,1.7,527.1,-448,11.75,5.4,8.4,1.2,5.5,3.3,6.1,0.3,1.3,0.4,-0.5,-0.4,10,13,7.0,8.9,0,0,0,0,0,0,1,1,2,0,28,27,21,18,14,15,13,13,18,0,0,0,0,0,0,0,0,0
0.0,85,92.55,91.84,92.75,0,0,0,0.1,-176.0,0.04,0.11,0,3.2,270,1,1,0,0,0,0,0,0,0,0,0.9,-1.1,0,1.7,527.1,-448,11.75,5.3,8.4,1.2,5.6,3.3,6.1,0.5,1.3,0.4,-0.4,-0.4,9,13,7.0,8.9,0,0,0,0,0,0,1,1,2,0,28,27,21,18,14,15,13,13,18,0,0,0,0,0,0,0,0,0
0.0,86,92.55,91.84,92.75,0,0,0,0.11,-132.7,0.04,0.1,0,4.7,232,1,1,0,0,0,0,0,0,0,0,1.0,-1.1,0,1.7,527.1,-448,11.75,5.5,8.5,1.3,5.8,3.4,6.1,0.5,1.5,0.5,-0.4,-0.4,10,13,7.1,9.3,0,0,0,0,0,0,1,1,2,0,32,27,22,18,14,16,13,13,18,0,0,0,0,0,0,0,0,0
0.0,85,92.55,91.84,92.75,0,0,0,0.09,177.6,0.04,0.11,0,3.6,272,1,1,0,0,0,0,0,0,0,0,1.0,-1.0,0,1.7,527.1,-448,11.75,5.3,8.4,1.3,5.6,3.3,6.1,0.5,1.3,0.4,-0.4,-0.4,10,13,7.0,9.1,0,0,0,0,0,0,1,1,2,0,30,27,22,18,14,15,13,13,18,0,0,0,0,0,0,0,0,0
0.0,84,92.55,91.84,92.75,0,0,0,0.11,-171.0,0.04,0.11,0,4.4,260,1,1,0,0,0,0,0,0,0,0,0.7,-1.0,0,1.7,527.1,-448,11.75,5.5,8.4,1.2,5.5,3.3,6.1,0.3,1.2,0.4,-0.5,-0.4,10,12,6.9,8.9,0,0,0,0,0,0,1,1,2,0,28,27,21,18,14,15,12,12,18,0,0,0,0,0,0,0,0,0
0.0,84,92.55,91.84,92.75,0,0,0,0.1,-169.3,0.04,0.11,0,3.5,261,1,1,0,0,0,0,0,0,0,0,0.8,-1.1,0,1.7,527.1,-448,11.75,5.5,8.4,1.2,5.5,3.3,6.1,0.3,1.3,0.4,-0.4,-0.4,9,13,6.9,8.9,0,0,0,0,0,0,1,1,2,0,28,27,21,18,14,15,13,13,18,0,0,0,0,0,0,0,0,0
0.0,86,92.55,91.84,92.75,0,0,0,0.1,-145.0,0.04,0.11,0,4.4,240,1,1,0,0,0,0,0,0,0,0,0.9,-1.0,0,1.7,527.1,-448,11.75,5.5,8.5,1.3,5.8,3.4,6.1,0.5,1.4,0.5,-0.4,-0.4,9,12,7.1,9.3,0,0,0,0,0,0,1,1,2,0,32,27,22,18,14,15,12,12,18,0,0,0,0,0,0,0,0,0
0.0,85,92.55,91.84,92.75,0,0,0,0.1,-175.4,0.04,0.11,0,3.6,269,1,1,0,0,0,0,0,0,0,0,0.8,-1.1,0,1.7,527.1,-448,11.75,5.3,8.4,1.2,5.6,3.3,6.1,0.5,1.3,0.4,-0.4,-0.4,9,12,7.0,9.1,0,0,0,0,0,0,1,1,2,0,30,27,21,18,14,15,12,12,18,0,0,0,0,0,0,0,0,0
0.0,86,92.55,91.84,92.75,0,0,0,0.1,-150.6,0.04,0.11,0,4.5,256,1,1,0,0,0,0,0,0,0,0,0.9,-1.1,0,1.7,527.1,-448,11.75,5.5,8.5,1.3,5.8,3.4,6.1,0.5,1.3,0.5,-0.4,-0.4,10,13,7.1,9.3,0,0,0,0,0,0,1,1,2,0,31,27,22,18,14,15,13,13,18,0,0,0,0,0,0,0,0,0
0.0,84,92.55,91.84,92.75,0,0,0,0.1,176.8,0.03,0.11,0,3.8,271,1,1,0,0,0,0,0,0,0,0,0.9,-1.1,0,1.7,527.1,-448,11.75,5.4,8.4,1.2,5.5,3.3,6.1,0.3,1.3,0.4,-0.5,-0.4,10,13,7.0,8.9,0,0,0,0,0,0,1,1,2,0,28,27,21,18,14,15,13,13,18,0,0,0,0,0,0,0,0,0
0.0,84,92.55,91.84,92.75,0,0,0,0.1,179.9,0.03,0.11,0,3.4,265,1,1,0,0,0,0,0,0,0,0,0.7,-1.1,0,1.7,527.1,-448,11.75,5.5,8.4,1.2,5.5,3.3,6.1,0.3,1.3,0.4,-0.4,-0.4,9,13,7.0,8.9,0,0,0,0,0,0,1,1,2,0,28,27,21,18,14,15,13,13,18,0,0,0,0,0,0,0,0,0
0.0,84,92.55,91.84,92.75,0,0,0,0.1,-171.6,0.04,0.11,0,3.6,259,1,1,0,0,0,0,0,0,0,0,0.7,-1.3,0,1.7,527.1,-448,11.75,5.5,8.4,1.2,5.5,3.3,6.1,0.3,1.2,0.4,-0.5,-0.4,10,12,6.9,8.9,0,0,0,0,0,0,1,1,2,0,28,27,21,18,14,15,12,12,18,0,0,0,0,0,0,0,0,0
0.0,86,92.55,91.84,92.75,0,0,0,0.1,-145.8,0.03,0.11,0,5.4,241,1,1,0,0,0,0,0,0,0,0,1.0,-1.0,0,1.7,527.1,-448,11.75,5.5,8.5,1.3,5.8,3.4,6.1,0.5,1.3,0.5,-0.4,-0.4,9,13,7.1,9.3,0,0,0,0,0,0,1,1,2,0,31,27,22,18,14,15,13,13,18,0,0,0,0,0,0,0,0,0
