轮毂转速,轮毂角度,叶片1角度,叶片2角度,叶片3角度,变桨电机1电流,变桨电机2电流,变桨电机3电流,超速传感器转速检测值,5秒偏航对风平均值,x方向振动值,y方向振动值,液压制动压力,机舱气象站风速,风向绝对值,大气压力,无功功率控制状态,变频器电网侧电流,变频器电网侧电压,变频器电网侧有功功率,变频器电网侧无功功率,变频器发电机侧功率,发电机运行频率,发电机电流,发电机转矩,变频器入口温度,变频器出口温度,变频器入口压力,变频器出口压力,发电机功率限幅值,无功功率设定值,额定的轮毂转速,测风塔环境温度,发电机定子温度1,发电机定子温度2,发电机定子温度3,发电机定子温度4,发电机定子温度5,发电机定子温度6,发电机空气温度1,发电机空气温度2,主轴承温度1,主轴承温度2,轮毂温度,轮毂控制柜温度,机舱温度,机舱控制柜温度,变频器INU温度,变频器ISU温度,变频器INU RMIO温度,变桨电机1功率估算,变桨电机2功率估算,变桨电机3功率估算,风机当前状态值,轮毂当前状态值,偏航状态值,偏航要求值,叶片1电池箱温度,叶片2电池箱温度,叶片3电池箱温度,叶片1变桨电机温度,叶片2变桨电机温度,叶片3变桨电机温度,叶片1变频器箱温度,叶片2变频器箱温度,叶片3变频器箱温度,叶片1超级电容电压,叶片2超级电容电压,叶片3超级电容电压,驱动1晶闸管温度,驱动2晶闸管温度,驱动3晶闸管温度,驱动1输出扭矩,驱动2输出扭矩,驱动3输出扭矩
12.93,162,20.99,20.97,20.96,10.9,11.0,10.8,0,-0.8,-0.08,0.16,214.3,17.2,279,1,1,701,688,700,-1,701,12.6,72.2,529,29.6,30.7,0.6,3.8,723.4,0,13.07,10.1,34.8,33.2,31.6,29.4,33.7,33.1,29.9,34.2,54.6,57.5,27,40,20.1,25.3,38,38,25,0,0,0,6,6,4,0,20,20,20,33,28,31,40,40,40,45.03,45.04,44.41,54,460,4.6,0,0,0
14.07,276,18.85,18.87,18.86,10.9,11.1,10.9,0,9.0,0.02,0.23,214.7,13.2,278,1,1,719,688,715,2,719,13.9,68.9,497,30.2,30.0,0.7,3.8,723.4,0,13.07,10.1,34.6,33.2,31.6,29.4,33.7,33.6,30.6,34.0,54.6,57.5,27,40,20.1,25.3,38,38,25,0,0,0,6,6,4,0,20,20,20,33,29,31,40,40,40,45.03,45.04,44.41,54,460,4.4,0,0,0
13.52,354,23.94,23.93,23.93,10.6,10.9,11.2,0,12.1,0.19,0.13,214.4,17.3,275,1,1,704,687,702,0,705,13.2,69.4,512,31.1,31.0,0.7,3.9,723.4,0,13.07,10.1,34.6,33.1,31.5,29.3,33.6,33.2,30.2,34.1,54.6,57.5,27,40,20.1,25.3,39,39,25,0,0,0,6,6,4,0,20,20,20,33,29,31,40,40,40,45.04,45.05,44.41,53,460,4.5,0,0,0
13.21,288,24.5,24.47,24.46,11.1,10.9,10.8,0,4.5,0.03,0.0,214.4,18.6,278,1,1,711,689,707,0,719,12.9,72.8,525,31.6,31.6,0.7,3.9,723.4,0,13.07,10.1,34.8,33.3,31.7,29.5,33.8,33.5,30.2,34.3,54.7,57.6,27,40,20.3,25.3,39,40,25,0,0,0,6,6,4,0,20,20,20,33,29,31,40,40,40,45.04,45.04,44.41,54,460,4.5,0,0,0
12.5,288,24.21,24.19,24.18,10.9,10.9,10.6,0,7.8,0.01,0.06,214.4,17.9,276,1,1,696,690,688,-1,682,12.2,75.0,541,31.9,31.7,0.7,3.9,723.4,0,13.07,10.1,34.9,33.3,31.7,29.5,33.8,33.3,29.8,34.3,54.6,57.6,27,40,20.3,25.3,39,40,25,0,0,0,6,6,4,0,20,20,20,33,29,31,40,40,40,45.03,45.04,44.41,54,460,4.4,0,0,0
13.38,2,24.5,24.47,24.46,10.9,10.8,10.8,0,2.2,0.02,0.15,214.3,19.9,278,1,1,716,689,715,1,725,13.0,71.8,524,31.4,31.4,0.7,3.9,723.4,0,13.07,10.1,34.8,33.3,31.7,29.5,33.8,33.4,30.0,34.3,54.7,57.4,27,40,20.3,25.3,39,39,25,0,0,0,6,6,4,0,20,20,20,33,29,31,40,40,40,45.03,45.05,44.42,53,450,4.4,0,0,0
11.87,102,24.4,24.42,24.41,11.0,11.2,14.6,0,-8.8,0.03,0.28,214.4,19.0,283,1,1,680,687,665,0,683,11.8,74.3,544,32.6,32.6,0.8,3.9,723.4,0,13.07,10.1,34.5,33.0,31.5,29.3,33.6,33.4,30.3,33.9,54.6,57.4,27,40,20.1,25.3,40,41,25,0,0,0,6,6,4,0,20,20,20,33,28,31,40,40,40,45.03,45.04,44.41,54,470,4.6,0,0,0
12.73,70,24.5,24.47,24.46,10.6,10.9,10.9,0,8.7,0.03,0.29,214.4,19.1,277,1,1,698,689,698,-1,703,12.6,73.3,533,31.7,31.9,0.7,3.9,723.4,0,13.07,10.1,34.8,33.3,31.7,29.5,33.8,33.4,30.2,34.2,54.7,57.5,27,40,20.3,25.3,39,40,25,0,0,0,6,6,4,0,20,20,20,33,29,31,40,40,40,45.03,45.04,44.42,54,460,4.5,0,0,0
12.52,230,18.9,18.92,18.91,11.4,11.1,10.8,0,8.2,0.03,0.22,214.3,10.5,279,1,1,700,688,694,-1,693,12.2,73.5,542,28.5,29.2,0.6,3.8,723.4,0,13.07,10.1,34.7,33.2,31.6,29.4,33.7,33.3,30.2,34.2,54.6,57.6,27,40,20.1,25.3,37,37,25,0,0,0,6,6,4,0,20,20,20,33,29,31,40,40,40,45.03,45.05,44.41,54,450,4.4,0,0,0
12.66,104,24.18,24.19,24.19,11.6,10.6,10.8,0,-1.4,0.16,0.19,215.1,18.3,284,1,1,698,687,696,0,694,12.4,73.0,534,32.8,32.6,0.8,3.9,723.4,0,13.07,10.1,34.6,33.0,31.4,29.2,33.5,33.1,30.1,34.0,54.6,57.5,27,40,20.1,25.3,40,41,25,0,0,0,6,6,4,0,20,20,20,33,29,31,40,40,40,45.03,45.04,44.41,53,460,4.4,0,0,0
13.36,54,23.02,23.0,22.99,11.3,10.9,10.8,0,5.5,0.07,0.08,214.1,17.7,278,1,1,708,687,709,-1,703,13.0,70.6,524,32.9,32.8,0.8,4.0,723.4,0,13.07,10.1,34.7,33.3,31.7,29.5,33.8,33.7,30.4,34.2,54.7,57.5,27,40,20.2,25.3,40,41,25,0,0,0,6,6,4,0,20,20,20,33,29,31,40,40,40,45.03,45.04,44.41,54,460,4.4,0,0,0
13.91,100,18.14,18.16,18.15,11.0,10.6,10.6,0,10.2,-0.17,0.3,214.6,10.7,279,1,1,720,688,723,2,720,13.7,68.9,505,29.9,30.2,0.7,3.9,723.4,0,13.07,10.1,34.6,33.2,31.6,29.4,33.7,33.6,30.5,34.1,54.6,57.5,26,40,20.1,25.3,38,38,25,0,0,0,6,6,4,0,20,20,20,33,28,31,40,40,40,45.03,45.04,44.41,54,460,4.5,0,0,0
12.87,92,24.2,24.22,24.21,10.7,11.3,10.8,0,5.0,0.09,-0.05,214.6,18.7,281,1,1,704,687,698,1,706,12.6,73.8,533,30.2,31.4,0.6,3.8,723.4,0,13.07,10.2,34.5,32.9,31.4,29.2,33.5,32.8,29.8,33.9,54.6,57.7,27,40,20.1,25.3,38,39,25,0,0,0,6,6,4,0,20,20,20,33,29,31,40,40,40,45.03,45.04,44.41,54,460,4.4,0,0,0
12.86,26,24.63,24.64,24.63,10.8,11.0,10.9,0,-0.8,-0.07,0.28,214.4,18.2,285,1,1,708,688,702,-1,707,12.7,72.2,532,32.9,32.8,0.8,4.0,723.4,0,13.07,10.1,34.5,33.0,31.5,29.3,33.5,33.2,29.9,34.0,54.6,57.5,27,40,20.1,25.3,40,41,25,0,0,0,6,6,4,0,20,20,20,33,28,31,40,40,40,45.03,45.04,44.41,54,460,4.5,0,0,0
12.08,136,23.75,23.74,23.73,13.1,12.9,12.9,0,4.5,-0.11,0.28,214.3,16.5,276,1,1,681,688,670,1,671,11.9,74.3,543,32.4,32.5,0.8,3.9,723.4,0,13.07,10.1,34.8,33.3,31.7,29.5,33.8,33.4,30.1,34.3,54.7,57.6,26,40,20.2,25.3,40,41,25,0,0,0,6,6,4,0,20,20,20,33,29,31,40,40,40,45.04,45.04,44.41,54,460,4.5,0,0,0
12.44,298,17.33,17.37,17.36,10.6,11.4,10.9,0,-1.4,0.05,0.1,214.8,12.8,280,1,1,692,687,687,1,692,12.1,76.0,544,29.2,29.3,0.6,3.8,723.4,0,13.07,10.1,34.7,33.2,31.6,29.4,33.7,33.3,30.2,34.2,54.6,57.5,27,40,20.1,25.3,37,38,25,0,0,0,6,6,4,0,20,20,20,33,28,31,40,40,40,45.03,45.05,44.41,54,460,4.5,0,0,0
12.88,320,24.18,24.19,24.19,10.8,11.1,10.9,0,-1.2,0.05,-0.08,214.4,11.0,284,1,1,702,688,698,3,690,12.6,72.3,534,32.9,32.8,0.8,4.0,723.4,0,13.07,10.1,34.5,33.0,31.4,29.2,33.5,33.1,30.1,34.0,54.6,57.5,27,40,20.1,25.3,40,41,25,0,0,0,6,6,4,0,20,20,20,33,29,31,40,40,40,45.03,45.04,44.41,54,460,4.5,0,0,0
13.24,272,23.02,23.0,22.99,11.1,10.8,10.8,0,4.2,0.1,0.11,214.4,18.9,278,1,1,713,687,710,-1,713,12.9,72.0,525,33.1,33.1,0.8,3.9,723.4,0,13.07,10.1,34.8,33.3,31.6,29.5,33.7,33.4,30.3,34.2,54.6,57.6,27,40,20.1,25.3,41,41,25,0,0,0,6,6,4,0,20,20,20,33,29,31,40,40,40,45.03,45.04,44.41,53,460,4.5,0,0,0
12.75,196,22.34,22.33,22.32,10.7,10.8,11.1,0,7.5,0.08,0.19,214.7,13.3,276,1,1,702,687,696,0,694,12.5,72.1,536,31.8,32.0,0.7,3.9,723.4,0,13.07,10.1,34.5,33.1,31.5,29.3,33.7,33.2,30.1,34.1,54.6,57.5,27,40,20.1,25.3,39,40,25,0,0,0,6,6,4,0,20,20,20,33,29,31,40,40,40,45.03,45.04,44.41,53,460,4.4,0,0,0
12.22,48,21.69,21.69,21.69,11.7,12.9,13.1,0,4.6,0.11,0.16,214.3,15.3,277,1,1,686,687,673,0,688,12.1,73.2,536,32.1,31.8,0.7,3.9,723.4,0,13.07,10.1,34.5,33.1,31.5,29.3,33.6,33.3,30.2,34.1,54.6,57.5,26,40,20.1,25.3,39,40,25,0,0,0,6,6,4,0,20,20,20,33,29,31,40,40,40,45.03,45.04,44.41,54,460,4.4,0,0,0
13.8,146,22.01,21.99,21.98,10.9,11.1,11.3,0,8.4,0.08,0.0,214.4,16.3,277,1,1,709,688,715,1,720,13.6,68.7,508,31.3,33.0,0.7,3.9,723.4,0,13.07,10.1,34.7,33.3,31.6,29.5,33.8,33.5,30.1,34.3,54.6,57.5,27,40,20.1,25.3,39,40,25,0,0,0,6,6,4,0,20,20,20,33,29,31,40,40,40,45.03,45.04,44.41,54,460,4.4,0,0,0
13.07,346,22.98,22.96,22.95,10.8,10.8,11.6,0,5.5,0.03,0.05,214.6,14.0,277,1,1,706,688,705,-1,704,12.7,71.4,530,32.6,32.5,0.8,3.9,723.4,0,13.07,10.1,34.8,33.3,31.6,29.5,33.8,33.4,30.3,34.3,54.7,57.6,27,40,20.2,25.3,40,41,25,0,0,0,6,6,4,0,20,20,20,33,29,31,40,40,40,45.04,45.04,44.41,54,460,4.4,0,0,0
13.17,130,22.98,22.96,22.95,11.3,10.9,10.9,0,5.8,0.02,0.18,214.4,14.6,278,1,1,713,688,713,-1,709,12.9,73.2,528,32.9,32.6,0.8,4.0,723.4,0,13.07,10.1,34.8,33.3,31.6,29.5,33.8,33.4,30.2,34.3,54.7,57.6,27,40,20.2,25.3,40,41,25,0,0,0,6,6,4,0,20,20,20,33,29,31,40,40,40,45.04,45.04,44.41,54,460,4.5,0,0,0
13.28,252,23.94,23.93,23.93,10.6,10.7,11.6,0,14.4,0.06,-0.05,214.8,17.3,274,1,1,707,687,703,1,716,12.8,70.3,522,31.1,31.3,0.7,3.9,723.4,0,13.07,10.1,34.6,33.1,31.6,29.3,33.6,33.4,30.3,34.0,54.6,57.5,27,40,20.1,25.3,39,39,25,0,0,0,6,6,4,0,20,20,20,33,29,31,40,40,40,45.03,45.04,44.41,54,460,4.5,0,0,0
12.33,230,24.01,24.04,24.03,13.5,12.9,13.0,0,1.0,-0.02,0.17,214.9,15.2,281,1,1,694,688,676,1,683,12.2,74.7,530,29.3,30.6,0.6,3.8,723.4,0,13.07,10.1,34.4,33.0,31.4,29.3,33.5,33.0,30.0,33.9,54.6,57.6,27,40,20.1,25.3,38,38,25,0,0,0,6,6,4,0,20,20,20,33,29,31,40,40,40,45.03,45.04,44.41,54,460,4.5,0,0,0
12.76,304,24.2,24.22,24.21,11.4,10.8,10.6,0,4.8,0.14,-0.05,214.4,18.3,280,1,1,700,687,699,0,709,12.5,72.8,536,29.8,31.0,0.6,3.8,723.4,0,13.07,10.1,34.5,32.9,31.4,29.3,33.5,33.0,30.0,34.0,54.6,57.5,27,40,20.1,25.3,38,39,25,0,0,0,6,6,4,0,20,20,20,33,29,31,40,40,40,45.03,45.04,44.41,54,460,4.4,0,0,0
13.16,72,24.5,24.47,24.46,10.8,11.1,10.8,0,8.8,-0.02,0.11,214.6,14.1,277,1,1,709,689,707,1,719,12.9,72.5,527,31.5,31.4,0.7,3.9,723.4,0,13.07,10.1,34.8,33.3,31.7,29.5,33.8,33.5,30.2,34.3,54.7,57.5,27,40,20.3,25.3,39,40,25,0,0,0,6,6,4,0,20,20,20,33,28,31,40,40,40,45.04,45.04,44.41,54,460,4.4,0,0,0
13.57,102,17.94,17.96,17.96,10.4,10.4,10.4,0,5.8,0.13,-0.05,214.4,16.3,280,1,1,714,688,716,1,714,13.3,71.9,517,30.1,30.3,0.7,3.8,723.4,0,13.07,10.1,34.6,33.2,31.6,29.4,33.7,33.4,30.4,34.1,54.6,57.5,27,40,20.1,25.3,38,38,25,0,0,0,6,6,4,0,20,20,20,33,29,31,40,40,40,45.03,45.04,44.41,55,460,4.5,0,0,0
13.06,14,23.45,23.47,23.46,10.9,10.8,10.9,0,1.1,-0.07,0.04,214.4,17.5,281,1,1,698,688,703,0,710,12.6,71.5,529,28.7,29.7,0.6,3.8,723.4,0,13.07,10.1,34.4,32.9,31.4,29.3,33.5,32.9,30.1,33.9,54.6,57.5,27,40,20.1,25.3,37,38,25,0,0,0,6,6,4,0,20,20,20,33,28,31,40,40,40,45.03,45.04,44.41,54,460,4.5,0,0,0
13.37,2,19.27,19.29,19.28,10.9,10.8,10.7,0,11.5,0.21,0.13,215.1,17.1,275,1,1,723,688,724,2,734,13.1,73.6,527,30.9,30.9,0.7,3.9,723.4,0,13.07,10.1,34.7,33.1,31.5,29.4,33.7,33.2,30.1,34.1,54.6,57.6,27,40,20.1,25.3,38,39,25,0,0,0,6,6,4,0,20,20,20,33,29,31,40,40,40,45.03,45.04,44.41,54,460,4.5,0,0,0
13.72,122,24.5,24.47,24.46,10.9,10.8,11.1,0,7.1,0.09,0.14,214.4,15.4,277,1,1,707,689,707,0,715,13.5,67.9,505,31.4,31.5,0.7,3.9,723.4,0,13.07,10.1,34.8,33.4,31.7,29.5,33.8,33.5,30.0,34.3,54.7,57.5,27,40,20.3,25.3,39,39,25,0,0,0,6,6,4,0,20,20,20,33,29,31,40,40,40,45.03,45.04,44.41,54,460,4.5,0,0,0
12.96,230,23.45,23.47,23.46,11.2,10.8,10.7,0,2.8,0.06,0.0,214.4,18.1,281,1,1,702,688,705,0,714,12.7,74.0,532,28.7,29.8,0.6,3.8,723.4,0,13.07,10.1,34.4,32.9,31.4,29.3,33.5,33.0,30.1,33.9,54.6,57.5,27,40,20.1,25.3,37,38,25,0,0,0,6,6,4,0,20,20,20,33,29,31,40,40,40,45.03,45.04,44.41,54,460,4.5,0,0,0
13.06,266,21.97,21.95,21.94,11.3,10.9,11.1,0,8.4,0.12,0.1,214.4,15.7,277,1,1,703,687,707,2,712,12.8,71.8,532,32.4,33.1,0.7,3.9,723.4,0,13.07,10.1,34.8,33.2,31.6,29.5,33.7,33.3,30.0,34.3,54.6,57.6,27,40,20.1,25.3,40,41,25,0,0,0,6,6,4,0,20,20,20,33,29,31,40,40,40,45.03,45.04,44.41,54,460,4.4,0,0,0
12.49,160,20.9,20.88,20.87,14.4,13.9,12.1,0,-1.6,-0.02,0.26,214.4,16.1,279,1,1,691,688,686,0,690,12.2,72.1,534,29.3,30.4,0.6,3.8,723.4,0,13.07,10.1,34.7,33.2,31.6,29.4,33.7,33.1,29.9,34.2,54.6,57.7,27,40,20.1,25.3,37,38,25,0,0,0,6,6,4,0,20,20,20,33,29,31,40,40,40,45.03,45.04,44.41,54,450,4.4,0,0,0
13.15,48,22.01,21.99,21.98,10.8,10.9,11.1,0,11.0,-0.05,0.21,214.7,16.5,277,1,1,714,688,710,2,717,12.9,73.2,528,32.4,33.1,0.7,3.9,723.4,0,13.07,10.1,34.8,33.2,31.6,29.5,33.7,33.3,30.1,34.3,54.6,57.6,27,40,20.1,25.3,40,41,25,0,0,0,6,6,4,0,20,20,20,33,29,31,40,40,40,45.03,45.04,44.41,54,460,4.4,0,0,0
12.46,194,22.13,22.12,22.12,11.0,10.8,11.0,0,0.2,0.08,0.21,214.6,9.8,277,1,1,697,687,688,0,700,12.3,74.3,540,31.7,31.7,0.7,3.9,723.4,0,13.07,10.1,34.5,33.1,31.5,29.3,33.6,33.2,30.2,34.1,54.6,57.5,27,40,20.1,25.3,39,40,25,0,0,0,6,6,4,0,20,20,20,33,29,31,40,40,40,45.03,45.04,44.41,54,470,4.5,0,0,0
11.97,208,23.41,23.4,23.39,13.0,12.6,12.7,0,5.5,0.09,-0.01,214.6,15.8,276,1,1,671,688,657,1,650,11.8,75.7,538,32.3,32.1,0.8,3.9,723.4,0,13.07,10.1,34.8,33.3,31.6,29.5,33.8,33.4,30.1,34.3,54.7,57.6,27,40,20.2,25.3,40,41,25,0,0,0,6,6,4,0,20,20,20,33,29,31,40,40,40,45.03,45.04,44.41,54,460,4.5,0,0,0
13.36,126,23.02,23.0,22.99,10.7,11.3,10.9,0,7.0,0.04,0.11,214.4,17.3,278,1,1,715,688,713,-1,712,13.1,70.9,524,33.0,32.9,0.8,3.9,723.4,0,13.07,10.1,34.7,33.3,31.7,29.5,33.8,33.7,30.5,34.2,54.7,57.5,27,40,20.2,25.3,40,41,25,0,0,0,6,6,4,0,20,20,20,33,29,31,40,40,40,45.03,45.05,44.41,54,460,4.5,0,0,0
12.91,98,24.63,24.64,24.63,10.8,11.0,10.7,0,2.1,0.09,0.05,214.6,19.6,284,1,1,701,687,703,0,710,12.6,72.3,531,33.1,33.0,0.7,3.9,723.4,0,13.07,10.1,34.5,32.9,31.4,29.3,33.5,33.1,30.0,34.0,54.6,57.5,27,40,20.1,25.3,41,41,25,0,0,0,6,6,4,0,20,20,20,33,29,31,40,40,40,45.03,45.04,44.41,54,460,4.5,0,0,0
14.09,38,25.73,25.73,25.73,11.0,10.4,11.1,0,6.3,0.04,0.1,215.3,27.5,278,1,1,708,687,706,0,713,13.8,65.7,489,32.4,32.2,0.8,3.9,723.4,0,13.07,10.1,34.5,33.0,31.5,29.3,33.6,33.3,30.2,33.9,54.6,57.6,27,40,20.1,25.3,40,40,25,0,0,0,6,6,4,0,20,20,20,33,29,31,40,40,40,45.03,45.04,44.41,54,460,4.4,0,0,0
12.22,156,20.03,20.04,20.03,11.2,10.9,10.9,0,7.4,0.08,0.11,214.9,14.2,278,1,1,692,687,680,2,686,12.1,76.2,544,28.9,30.1,0.6,3.8,723.4,0,13.07,10.1,34.6,33.2,31.6,29.4,33.8,33.3,30.2,34.2,54.6,57.5,27,40,20.1,25.3,37,38,25,0,0,0,6,6,4,0,20,20,20,33,28,31,40,40,40,45.03,45.04,44.41,54,460,4.5,0,0,0
12.44,72,24.21,24.19,24.18,10.8,10.6,10.9,0,10.8,0.09,-0.02,214.6,19.6,276,1,1,694,689,688,-1,684,12.2,73.3,543,31.9,31.9,0.7,3.9,723.4,0,13.07,10.1,34.9,33.3,31.7,29.5,33.8,33.3,29.9,34.3,54.7,57.6,27,40,20.3,25.3,39,40,25,0,0,0,6,6,4,0,20,20,20,32,29,31,40,40,40,45.04,45.04,44.41,54,460,4.5,0,0,0
12.92,250,25.51,25.52,25.52,10.6,10.8,11.1,0,1.6,0.02,0.02,215.3,15.9,279,1,1,701,687,696,3,706,12.5,71.5,529,32.5,32.4,0.8,3.9,723.4,0,13.07,10.1,34.4,33.0,31.5,29.3,33.6,33.3,30.1,34.0,54.6,57.5,27,40,20.1,25.3,40,40,25,0,0,0,6,6,4,0,20,20,20,33,29,31,40,40,40,45.03,45.04,44.41,54,460,4.4,0,0,0
12.33,14,23.36,23.39,23.38,10.9,11.8,10.8,0,1.2,-0.04,0.07,214.8,16.8,281,1,1,667,687,657,-2,660,12.0,72.3,523,29.6,30.7,0.6,3.8,723.4,0,13.07,10.1,34.5,32.9,31.4,29.3,33.5,33.1,30.0,33.9,54.6,57.6,27,40,20.1,25.3,38,38,25,0,0,0,6,6,4,0,20,20,20,33,29,31,40,40,40,45.03,45.04,44.41,54,460,4.5,0,0,0
13.22,94,22.1,22.07,22.06,10.7,11.2,10.9,0,9.7,-0.02,0.16,214.7,12.6,276,1,1,706,688,707,0,702,12.9,73.1,526,30.8,31.7,0.7,3.9,723.4,0,13.07,10.1,34.8,33.2,31.6,29.5,33.7,33.3,30.2,34.2,54.6,57.5,27,40,20.1,25.3,39,39,25,0,0,0,6,6,4,0,20,20,20,33,29,31,40,40,40,45.03,45.04,44.41,54,460,4.4,0,0,0
13.68,212,24.5,24.47,24.46,10.7,10.7,11.3,0,8.2,0.07,0.01,214.8,13.3,277,1,1,708,689,706,1,703,13.4,70.3,506,31.5,31.6,0.7,3.9,723.4,0,13.07,10.1,34.8,33.4,31.7,29.5,33.8,33.5,30.0,34.3,54.7,57.5,27,40,20.3,25.3,39,39,25,0,0,0,6,6,4,0,20,20,20,33,29,31,40,40,40,45.03,45.04,44.41,53,460,4.4,0,0,0
12.95,232,23.45,23.47,23.46,11.3,10.7,10.8,0,4.5,0.11,0.22,214.7,19.4,281,1,1,700,688,701,0,706,12.7,71.3,530,28.8,29.7,0.6,3.8,723.4,0,13.07,10.1,34.5,32.9,31.4,29.3,33.5,33.0,30.1,33.9,54.6,57.5,27,40,20.1,25.3,37,38,25,0,0,0,6,6,4,0,20,20,20,33,29,31,40,40,40,45.03,45.04,44.41,54,460,4.5,0,0,0
13.16,52,23.02,23.0,22.99,11.1,10.8,10.9,0,7.2,0.03,0.11,214.6,14.0,278,1,1,708,687,705,-1,699,13.0,70.8,525,32.8,32.6,0.8,4.0,723.4,0,13.07,10.1,34.7,33.3,31.7,29.5,33.8,33.7,30.5,34.2,54.6,57.6,27,40,20.2,25.3,40,41,25,0,0,0,6,6,4,0,20,20,20,33,29,31,40,40,40,45.03,45.04,44.41,54,460,4.5,0,0,0
12.33,282,23.85,23.83,23.82,10.8,11.6,12.4,0,7.5,0.05,0.28,214.6,14.1,276,1,1,689,688,675,1,678,12.1,73.2,537,32.3,32.0,0.7,3.9,723.4,0,13.07,10.1,34.8,33.3,31.7,29.5,33.8,33.4,30.2,34.3,54.7,57.6,26,40,20.3,25.3,40,40,25,0,0,0,6,6,4,0,20,20,20,33,29,31,40,40,40,45.04,45.04,44.41,54,460,4.5,0,0,0
13.02,180,25.51,25.52,25.52,11.1,10.7,10.8,0,4.4,-0.02,0.21,214.4,15.7,279,1,1,702,687,698,1,706,12.6,71.8,528,32.7,32.5,0.8,3.9,723.4,0,13.07,10.1,34.5,33.0,31.5,29.3,33.6,33.3,30.1,34.0,54.6,57.5,27,40,20.1,25.3,40,40,25,0,0,0,6,6,4,0,20,20,20,33,30,31,40,40,40,45.04,45.04,44.41,54,450,4.4,0,0,0
12.63,232,21.55,21.53,21.52,11.4,10.7,10.9,0,4.5,-0.02,0.11,214.6,17.2,277,1,1,699,688,692,2,700,12.4,72.4,534,30.2,31.0,0.7,3.8,723.4,0,13.07,10.1,34.7,33.2,31.6,29.4,33.7,33.4,30.2,34.1,54.6,57.6,27,40,20.1,25.3,38,39,25,0,0,0,6,6,4,0,20,20,20,33,29,31,40,40,40,45.03,45.04,44.41,54,460,4.5,0,0,0
12.54,164,24.2,24.22,24.21,10.8,10.8,11.2,0,7.9,-0.03,0.21,214.4,14.0,281,1,1,697,687,691,0,702,12.4,74.9,540,30.1,31.5,0.6,3.8,723.4,0,13.07,10.2,34.6,32.9,31.4,29.2,33.5,32.8,29.9,33.9,54.6,57.6,27,40,20.1,25.3,38,39,25,0,0,0,6,6,4,0,20,20,20,33,29,31,40,40,40,45.03,45.04,44.41,53,450,4.4,0,0,0
12.43,134,24.21,24.19,24.18,10.8,10.9,11.3,0,2.1,0.03,0.04,214.4,13.2,276,1,1,700,689,693,-1,692,12.1,73.5,541,32.1,32.2,0.7,3.9,723.4,0,13.07,10.1,34.7,33.3,31.7,29.5,33.8,33.5,30.3,34.3,54.7,57.6,27,40,20.3,25.3,40,40,25,0,0,0,6,6,4,0,20,20,20,33,29,31,40,40,40,45.03,45.04,44.41,52,450,4.5,0,0,0
11.97,236,24.24,24.25,24.25,10.6,10.7,11.3,0,7.2,0.02,0.07,215.1,17.9,282,1,1,678,687,668,-2,663,11.8,74.4,544,32.0,32.9,0.7,3.9,723.4,0,13.07,10.1,34.5,33.0,31.4,29.3,33.5,33.2,30.1,33.9,54.6,57.5,26,40,20.1,25.3,40,41,25,0,0,0,6,6,4,0,20,20,20,33,28,31,40,40,40,45.03,45.04,44.41,54,460,4.4,0,0,0
13.17,124,23.02,23.0,22.99,10.7,11.4,10.8,0,8.7,0.04,0.1,214.8,17.1,277,1,1,707,687,705,1,713,12.9,71.0,526,32.8,32.6,0.8,3.9,723.4,0,13.07,10.1,34.7,33.3,31.7,29.5,33.8,33.7,30.5,34.2,54.7,57.5,27,40,20.2,25.3,40,41,25,0,0,0,6,6,4,0,20,20,20,33,29,31,40,40,40,45.03,45.04,44.41,54,450,4.4,0,0,0
12.96,226,23.45,23.47,23.46,11.1,11.0,10.9,0,3.6,-0.08,0.12,214.9,19.2,281,1,1,707,688,704,1,708,12.6,72.1,532,29.1,30.5,0.6,3.8,723.4,0,13.07,10.1,34.5,32.9,31.4,29.3,33.5,33.0,30.1,33.9,54.6,57.5,27,40,20.1,25.3,37,38,25,0,0,0,6,6,4,0,20,20,20,33,29,31,40,40,40,45.03,45.04,44.41,53,460,4.4,0,0,0
13.9,356,23.98,23.96,23.96,11.1,10.9,11.0,0,8.4,-0.19,-0.05,214.4,11.0,276,1,1,701,687,701,1,699,13.7,66.6,496,31.2,31.1,0.7,3.9,723.4,0,13.07,10.1,34.6,33.1,31.5,29.3,33.6,33.2,30.1,34.1,54.6,57.5,27,40,20.1,25.3,39,39,25,0,0,0,6,6,4,0,20,20,20,33,29,31,40,40,40,45.03,45.04,44.41,54,460,4.5,0,0,0
13.27,36,25.51,25.52,25.52,10.9,10.6,10.9,0,5.6,0.03,0.1,215.0,21.6,279,1,1,708,687,706,-1,714,13.0,72.8,524,32.6,32.5,0.8,3.9,723.4,0,13.07,10.1,34.5,33.0,31.5,29.3,33.6,33.2,30.1,34.0,54.6,57.6,27,40,20.1,25.3,40,40,25,0,0,0,6,6,4,0,20,20,20,33,29,31,40,40,40,45.04,45.04,44.41,54,450,4.5,0,0,0
13.16,148,17.35,17.39,17.38,11.4,11.0,11.3,0,4.2,0.11,0.09,214.4,11.6,280,1,1,715,688,711,1,713,12.9,73.1,527,29.9,30.3,0.7,3.8,723.4,0,13.07,10.1,34.6,33.2,31.6,29.4,33.7,33.3,30.4,34.1,54.6,57.5,26,40,20.1,25.3,38,39,25,0,0,0,6,6,4,0,20,20,20,33,29,31,40,40,40,45.03,45.04,44.41,55,460,4.5,0,0,0
12.47,196,22.34,22.33,22.32,10.9,11.1,10.9,0,2.5,0.17,-0.07,214.6,13.5,276,1,1,694,687,690,-3,686,12.2,73.2,542,31.7,31.6,0.7,3.9,723.4,0,13.07,10.1,34.6,33.1,31.5,29.3,33.6,33.0,30.0,34.1,54.6,57.4,27,40,20.1,25.3,39,40,25,0,0,0,6,6,4,0,20,20,20,33,29,31,40,40,40,45.03,45.04,44.41,54,460,4.6,0,0,0
12.96,286,24.5,24.47,24.46,11.1,10.7,10.8,0,10.3,0.01,0.07,214.6,11.8,277,1,1,705,689,700,-2,710,12.6,73.8,530,31.9,31.8,0.7,3.9,723.4,0,13.07,10.1,34.8,33.3,31.7,29.5,33.8,33.4,30.2,34.2,54.7,57.5,27,40,20.3,25.3,39,40,25,0,0,0,6,6,4,0,20,20,20,33,29,31,40,40,40,45.04,45.04,44.41,53,450,4.5,0,0,0
12.66,318,24.18,24.19,24.19,10.9,10.7,11.3,0,-3.8,0.13,0.16,214.6,12.6,285,1,1,701,687,694,-2,688,12.5,73.6,536,33.0,32.8,0.8,3.9,723.4,0,13.07,10.1,34.5,32.9,31.5,29.3,33.5,33.1,29.9,34.0,54.6,57.5,27,40,20.1,25.3,40,41,25,0,0,0,6,6,4,0,20,20,20,33,29,31,40,40,40,45.03,45.04,44.41,55,460,4.5,0,0,0
0.0,0,0.0,0.0,0.0,0.0,0.0,0.0,0,0.0,0.0,0.0,0.0,0.0,0,0,0,0,0,666,1,0,0.0,0.0,0,0.0,0.0,0.0,0.0,0.0,0,0.0,0.0,0.0,0.0,0.0,0.0,0.0,0.0,0.0,0.0,0.0,0.0,0,0,0.0,0.0,0,0,0,0,0,0,0,0,0,0,0,0,0,0,0,0,0,0,0,0.0,0.0,0.0,0,0,0.0,0,0,0
13.37,264,22.01,21.99,21.98,11.1,11.1,11.1,0,9.3,-0.02,0.24,214.6,12.4,277,1,1,716,688,719,1,720,13.1,72.5,525,31.7,33.1,0.7,3.9,723.4,0,13.07,10.1,34.7,33.3,31.6,29.5,33.7,33.4,30.1,34.3,54.6,57.6,26,40,20.1,25.3,40,40,25,0,0,0,6,6,4,0,20,20,20,33,29,31,40,40,40,45.03,45.05,44.41,55,460,4.4,0,0,0
12.63,272,22.79,22.77,22.77,10.7,10.6,11.6,0,5.7,-0.24,-0.03,215.2,16.8,274,1,1,698,687,697,-1,695,12.5,72.8,539,31.6,31.5,0.7,3.9,723.4,0,13.07,10.2,34.7,33.0,31.5,29.3,33.6,32.9,29.9,34.1,54.6,57.6,27,40,20.1,25.3,39,40,25,0,0,0,6,6,4,0,20,20,20,33,29,31,40,40,40,45.03,45.04,44.41,55,460,4.5,0,0,0
12.19,82,20.03,20.04,20.03,10.9,10.7,11.4,0,2.3,-0.02,-0.02,214.4,10.0,279,1,1,683,687,674,-2,694,12.0,76.3,544,28.9,29.9,0.6,3.8,723.4,0,13.07,10.1,34.6,33.2,31.6,29.4,33.8,33.4,30.3,34.2,54.6,57.6,27,40,20.1,25.3,37,38,25,0,0,0,6,6,4,0,20,20,20,33,29,31,40,40,40,45.04,45.04,44.41,53,450,4.4,0,0,0
12.85,236,20.88,20.86,20.85,11.2,11.0,10.7,0,2.5,0.2,0.08,214.4,18.0,278,1,1,706,688,704,1,707,12.5,73.3,535,29.7,30.8,0.7,3.8,723.4,0,13.07,10.1,34.8,33.2,31.6,29.4,33.7,33.2,30.0,34.2,54.6,57.5,27,40,20.1,25.3,38,39,25,0,0,0,6,6,4,0,20,20,20,33,29,31,40,40,40,45.03,45.04,44.41,54,460,4.4,0,0,0
12.27,166,21.19,21.16,21.16,13.1,12.0,14.1,0,3.0,0.31,0.0,215.1,11.6,277,1,1,681,688,673,0,666,12.0,72.6,540,30.1,30.9,0.7,3.8,723.4,0,13.07,10.1,34.8,33.2,31.6,29.4,33.7,33.3,30.2,34.1,54.6,57.6,26,40,20.1,25.3,38,39,25,0,0,0,6,6,4,0,20,20,20,33,29,31,40,40,40,45.03,45.05,44.41,54,460,4.5,0,0,0
11.82,134,23.14,23.13,23.12,13.6,11.5,11.0,0,4.5,0.04,0.23,214.4,14.7,277,1,1,676,688,659,1,668,11.6,76.1,544,32.2,32.3,0.8,3.9,723.4,0,13.07,10.1,34.8,33.3,31.6,29.5,33.8,33.3,30.1,34.3,54.7,57.4,27,40,20.2,25.3,40,41,25,0,0,0,6,6,4,0,20,20,20,33,29,31,40,40,40,45.03,45.04,44.41,53,450,4.5,0,0,0
13.16,60,24.16,24.15,24.14,11.2,10.7,10.8,0,13.6,0.08,-0.22,214.4,11.1,273,1,1,694,687,687,1,689,12.9,68.7,514,31.4,31.3,0.7,3.9,723.4,0,13.07,10.2,34.7,33.0,31.5,29.3,33.6,33.1,30.1,34.0,54.6,57.4,27,40,20.1,25.3,39,40,25,0,0,0,6,6,4,0,20,20,20,33,30,31,40,40,40,45.03,45.04,44.41,55,440,4.5,0,0,0
14.0,8,18.79,18.82,18.81,11.0,10.9,11.3,0,14.1,-0.12,0.28,214.8,11.8,278,1,1,715,688,713,2,715,13.8,67.0,498,30.3,30.3,0.7,3.9,723.4,0,13.07,10.1,34.6,33.2,31.6,29.4,33.7,33.6,30.6,34.0,54.6,57.6,27,40,20.1,25.3,38,38,25,0,0,0,6,6,4,0,20,20,20,33,29,31,40,40,40,45.03,45.04,44.41,54,460,4.5,0,0,0
12.56,130,22.79,22.77,22.77,11.1,11.0,10.8,0,6.0,0.04,-0.07,214.6,9.8,274,1,1,694,687,685,0,678,12.2,74.0,537,31.7,31.5,0.7,3.9,723.4,0,13.07,10.2,34.7,33.0,31.5,29.3,33.5,32.9,30.0,34.0,54.6,57.4,27,40,20.1,25.3,39,40,25,0,0,0,6,6,4,0,20,20,20,33,29,31,40,40,40,45.03,45.04,44.41,55,450,4.4,0,0,0
12.74,16,24.24,24.25,24.25,11.1,10.9,11.0,0,4.5,0.06,0.05,214.4,17.8,282,1,1,701,688,695,0,695,12.3,73.5,536,30.9,32.4,0.7,3.8,723.4,0,13.07,10.1,34.6,32.9,31.4,29.2,33.5,32.9,29.9,33.9,54.6,57.5,27,40,20.1,25.3,39,40,25,0,0,0,6,6,4,0,20,20,20,33,29,31,40,40,40,45.03,45.04,44.41,54,460,4.6,0,0,0
12.17,172,23.89,23.91,23.9,11.2,10.8,10.5,0,-6.8,0.11,0.23,214.4,15.6,284,1,1,685,687,678,-2,671,11.9,75.7,544,32.8,32.6,0.8,4.0,723.4,0,13.07,10.1,34.5,33.0,31.4,29.3,33.5,33.2,30.2,33.9,54.6,57.6,27,40,20.1,25.3,40,41,25,0,0,0,6,6,4,0,20,20,20,33,29,31,40,40,40,45.03,45.04,44.41,54,450,4.4,0,0,0
13.9,178,20.96,20.95,20.95,10.5,10.5,10.4,0,11.6,-0.15,0.05,215.3,13.6,275,1,1,716,687,718,0,717,13.6,69.1,506,30.8,30.8,0.7,3.9,723.4,0,13.07,10.1,34.7,33.1,31.5,29.3,33.7,33.3,30.1,34.1,54.6,57.6,27,40,20.1,25.3,38,39,25,0,0,0,6,6,4,0,20,20,20,33,29,31,40,40,40,45.03,45.04,44.41,54,460,4.5,0,0,0
13.15,108,25.51,25.52,25.52,10.8,10.6,11.3,0,4.1,0.09,0.05,214.9,15.9,279,1,1,706,687,703,1,711,12.8,72.8,526,32.8,32.7,0.8,3.9,723.4,0,13.07,10.1,34.5,33.0,31.5,29.3,33.6,33.2,30.1,34.0,54.6,57.5,27,40,20.1,25.3,40,40,25,0,0,0,6,6,4,0,20,20,20,33,29,31,40,40,40,45.04,45.04,44.41,54,450,4.4,0,0,0
13.89,334,22.01,21.99,21.98,11.0,11.2,11.1,0,5.5,0.02,0.13,214.7,19.7,277,1,1,715,688,716,1,710,13.6,69.2,503,31.1,32.6,0.7,3.9,723.4,0,13.07,10.1,34.7,33.3,31.6,29.5,33.7,33.5,30.1,34.2,54.6,57.5,27,40,20.1,25.3,39,40,25,0,0,0,6,6,4,0,20,20,20,33,29,31,40,40,40,45.03,45.04,44.41,54,450,4.5,0,0,0
12.89,16,20.99,20.97,20.96,10.6,10.9,10.9,0,1.5,0.02,0.13,214.4,16.6,278,1,1,695,687,697,-1,700,12.6,71.8,533,29.4,30.4,0.6,3.8,723.4,0,13.07,10.1,34.8,33.2,31.6,29.4,33.7,33.1,29.8,34.2,54.6,57.5,27,40,20.1,25.3,38,38,25,0,0,0,6,6,4,0,20,20,20,33,29,31,40,40,40,45.03,45.04,44.41,54,460,4.5,0,0,0
12.76,88,24.24,24.25,24.25,10.8,10.8,10.9,0,5.5,0.03,0.28,214.4,21.0,282,1,1,697,687,693,-1,686,12.5,73.6,535,30.5,32.1,0.7,3.8,723.4,0,13.07,10.1,34.6,32.9,31.4,29.2,33.5,32.9,30.0,33.8,54.6,57.6,27,40,20.1,25.3,39,40,25,0,0,0,6,6,4,0,20,20,20,33,29,31,40,40,40,45.03,45.04,44.41,54,460,4.5,0,0,0
12.58,236,24.2,24.22,24.21,10.8,10.8,11.0,0,6.7,0.14,-0.02,214.4,16.4,281,1,1,697,688,691,0,695,12.3,74.8,539,30.1,31.6,0.6,3.8,723.4,0,13.07,10.1,34.6,32.9,31.4,29.2,33.5,32.8,29.9,33.9,54.6,57.6,27,40,20.1,25.3,38,39,25,0,0,0,6,6,4,0,20,20,20,33,29,31,40,40,40,45.03,45.04,44.41,53,450,4.4,0,0,0
13.16,150,19.59,19.59,19.58,11.1,10.8,11.1,0,13.2,0.02,0.23,214.6,12.1,275,1,1,708,688,704,0,712,12.9,70.6,525,30.4,30.5,0.7,3.9,723.4,0,13.07,10.1,34.7,33.2,31.6,29.3,33.6,33.3,30.3,34.0,54.6,57.6,27,40,20.1,25.3,38,38,25,0,0,0,6,6,4,0,20,20,20,33,29,31,40,40,40,45.03,45.04,44.41,54,450,4.5,0,0,0
12.92,340,23.02,23.0,22.99,10.6,11.1,10.9,0,7.2,0.08,0.23,214.7,18.0,277,1,1,698,688,693,1,695,12.6,70.9,529,33.0,33.0,0.8,3.9,723.4,0,13.07,10.1,34.8,33.3,31.6,29.5,33.7,33.4,30.0,34.2,54.6,57.7,27,40,20.1,25.3,41,41,25,0,0,0,6,6,4,0,20,20,20,33,29,31,40,40,40,45.03,45.05,44.41,54,450,4.4,0,0,0
13.34,70,23.94,23.93,23.93,10.9,11.1,10.9,0,13.4,0.03,0.21,214.9,18.2,275,1,1,704,687,702,0,705,13.1,69.2,517,31.4,31.1,0.7,3.9,723.4,0,13.07,10.1,34.6,33.1,31.5,29.3,33.6,33.2,30.2,34.1,54.6,57.5,27,40,20.1,25.3,39,39,25,0,0,0,6,6,4,0,20,20,20,33,28,31,40,40,40,45.04,45.05,44.41,53,460,4.6,0,0,0
13.39,198,23.02,23.0,22.99,11.0,10.9,11.0,0,4.4,-0.04,0.23,214.4,18.5,278,1,1,712,687,713,0,717,13.1,71.3,522,33.0,32.7,0.8,4.0,723.4,0,13.07,10.1,34.7,33.3,31.7,29.5,33.8,33.7,30.5,34.2,54.7,57.6,27,40,20.2,25.3,40,41,25,0,0,0,6,6,4,0,20,20,20,33,29,31,40,40,40,45.03,45.05,44.41,54,460,4.6,0,0,0
12.54,232,20.48,20.46,20.46,14.3,13.4,13.1,0,1.9,0.04,0.07,214.4,14.1,279,1,1,684,687,676,1,693,12.2,71.8,530,29.3,30.3,0.6,3.8,723.4,0,13.07,10.1,34.7,33.2,31.6,29.4,33.7,33.1,29.9,34.2,54.6,57.6,26,40,20.1,25.3,37,38,25,0,0,0,6,6,4,0,20,20,20,33,29,31,40,40,40,45.03,45.04,44.41,54,460,4.5,0,0,0
13.27,310,22.1,22.07,22.06,11.3,10.8,10.6,0,10.4,0.01,0.18,214.4,18.5,276,1,1,718,688,713,1,715,13.0,73.3,525,30.7,31.6,0.7,3.8,723.4,0,13.07,10.1,34.8,33.2,31.6,29.5,33.7,33.4,30.2,34.2,54.6,57.7,27,40,20.1,25.3,39,39,25,0,0,0,6,6,4,0,20,20,20,33,29,31,40,40,40,45.04,45.04,44.41,54,450,4.5,0,0,0
12.96,304,23.45,23.47,23.46,10.9,10.8,10.9,0,4.8,-0.03,0.13,214.4,18.6,281,1,1,701,688,703,-1,712,12.7,72.6,532,28.8,29.9,0.6,3.8,723.4,0,13.07,10.1,34.5,32.9,31.4,29.3,33.5,33.1,30.1,33.9,54.6,57.5,27,40,20.1,25.3,37,38,25,0,0,0,6,6,4,0,20,20,20,33,29,31,40,40,40,45.03,45.04,44.41,54,460,4.5,0,0,0
12.14,94,24.24,24.25,24.25,11.1,10.7,10.9,0,6.9,0.07,0.27,214.9,17.6,283,1,1,683,688,672,0,660,12.0,73.5,543,32.5,33.1,0.7,3.9,723.4,0,13.07,10.1,34.5,33.0,31.4,29.3,33.5,33.2,30.0,33.9,54.6,57.4,27,40,20.1,25.3,40,41,25,0,0,0,6,6,4,0,20,20,20,33,29,31,40,40,40,45.03,45.04,44.41,54,460,4.5,0,0,0
11.92,316,23.89,23.91,23.9,10.5,10.6,10.9,0,-5.0,0.24,0.26,214.4,12.4,283,1,1,676,687,660,0,660,11.7,74.1,544,32.7,32.7,0.8,3.9,723.4,0,13.07,10.1,34.5,33.0,31.5,29.3,33.6,33.3,30.3,33.9,54.6,57.6,27,40,20.1,25.3,40,41,25,0,0,0,6,6,4,0,20,20,20,33,29,31,40,40,40,45.03,45.04,44.41,54,460,4.5,0,0,0
12.76,170,24.63,24.64,24.63,10.9,11.2,10.8,0,-0.5,0.07,0.19,214.6,22.7,285,1,1,704,687,694,0,707,12.5,74.5,533,33.0,33.0,0.8,4.0,723.4,0,13.07,10.1,34.5,33.0,31.4,29.3,33.5,33.2,29.8,34.0,54.6,57.5,27,40,20.1,25.3,40,41,25,0,0,0,6,6,4,0,20,20,20,33,29,31,40,40,40,45.04,45.04,44.41,54,460,4.4,0,0,0
12.08,282,24.21,24.19,24.18,10.8,10.9,10.9,0,10.6,0.0,0.27,214.8,12.7,275,1,1,684,688,676,0,677,11.9,74.8,544,32.0,31.8,0.7,3.9,723.4,0,13.07,10.1,34.8,33.3,31.7,29.5,33.8,33.4,30.1,34.3,54.6,57.5,27,40,20.3,25.3,39,40,25,0,0,0,6,6,4,0,20,20,20,33,29,31,40,40,40,45.03,45.04,44.41,54,460,4.5,0,0,0
12.7,160,24.2,24.22,24.21,10.6,10.7,11.1,0,4.9,-0.02,0.1,214.4,20.5,281,1,1,699,688,693,1,696,12.4,72.4,535,29.8,31.1,0.6,3.8,723.4,0,13.07,10.1,34.5,32.9,31.4,29.3,33.5,33.0,29.9,34.0,54.6,57.7,26,40,20.1,25.3,38,39,25,0,0,0,6,6,4,0,20,20,20,33,29,31,40,40,40,45.03,45.04,44.41,53,450,4.4,0,0,0
12.71,304,24.24,24.25,24.25,10.9,10.9,11.2,0,2.3,0.0,0.05,214.6,19.3,283,1,1,705,688,699,0,693,12.5,74.1,537,31.0,32.6,0.7,3.8,723.4,0,13.07,10.1,34.6,32.9,31.4,29.2,33.5,33.0,30.0,33.9,54.6,57.6,27,40,20.1,25.3,39,40,25,0,0,0,6,6,4,0,20,20,20,33,28,31,40,40,40,45.03,45.04,44.41,54,460,4.5,0,0,0
12.45,146,18.04,18.06,18.06,11.1,10.9,10.8,0,7.7,0.11,0.03,214.4,11.9,276,1,1,700,688,693,1,703,12.3,76.0,543,30.8,30.7,0.7,3.9,723.4,0,13.07,10.1,34.7,33.1,31.5,29.4,33.7,33.2,30.1,34.1,54.6,57.6,27,40,20.1,25.3,38,39,25,0,0,0,6,6,4,0,20,20,20,33,29,31,40,40,40,45.03,45.04,44.41,54,450,4.5,0,0,0
12.61,128,22.79,22.77,22.77,10.8,10.9,10.6,0,1.3,0.07,0.0,214.4,15.6,275,1,1,699,688,690,2,701,12.4,73.9,536,31.6,31.6,0.7,3.9,723.4,0,13.07,10.2,34.6,33.0,31.5,29.3,33.6,32.9,29.9,34.1,54.6,57.4,27,40,20.1,25.3,39,40,25,0,0,0,6,6,4,0,20,20,20,33,28,31,40,40,40,45.03,45.04,44.41,54,460,4.5,0,0,0
14.57,266,22.77,22.76,22.75,10.5,10.7,10.8,0,8.6,-0.03,0.29,214.7,18.2,275,1,1,716,687,715,1,709,14.3,67.3,482,31.0,31.1,0.7,3.9,723.4,0,13.07,10.1,34.6,33.2,31.6,29.3,33.7,33.3,30.2,34.1,54.6,57.6,27,40,20.1,25.3,38,39,25,0,0,0,6,6,4,0,20,20,20,33,29,31,40,40,40,45.03,45.04,44.41,54,460,4.5,0,0,0
12.55,144,24.21,24.19,24.18,10.8,10.8,11.2,0,11.6,-0.1,0.21,214.4,15.0,275,1,1,697,689,692,-1,685,12.2,74.0,541,31.9,32.0,0.7,3.9,723.4,0,13.07,10.1,34.9,33.3,31.7,29.5,33.8,33.3,29.9,34.3,54.6,57.6,26,40,20.3,25.3,39,40,25,0,0,0,6,6,4,0,20,20,20,32,28,31,40,40,40,45.04,45.04,44.41,54,460,4.4,0,0,0
14.52,356,23.14,23.13,23.13,11.2,11.1,10.4,0,9.7,-0.03,0.11,214.7,19.3,275,1,1,709,687,710,0,714,14.2,66.0,480,31.0,31.0,0.7,3.9,723.4,0,13.07,10.1,34.6,33.2,31.6,29.3,33.7,33.3,30.2,34.1,54.6,57.5,27,40,20.1,25.3,38,39,25,0,0,0,6,6,4,0,20,20,20,33,29,31,40,40,40,45.03,45.04,44.41,54,460,4.5,0,0,0
12.86,162,21.55,21.53,21.52,10.7,10.7,11.3,0,7.6,-0.05,0.17,214.8,11.5,276,1,1,705,688,699,1,697,12.5,74.6,534,30.5,31.1,0.7,3.8,723.4,0,13.07,10.1,34.7,33.2,31.6,29.4,33.7,33.4,30.2,34.2,54.6,57.6,26,40,20.1,25.3,38,39,25,0,0,0,6,6,4,0,20,20,20,32,29,31,40,40,40,45.03,45.04,44.41,54,450,4.5,0,0,0
12.96,102,24.18,24.19,24.19,11.1,11.2,10.5,0,-5.6,-0.03,0.28,214.4,21.7,285,1,1,704,687,705,-1,707,12.6,72.6,534,32.9,32.7,0.8,4.0,723.4,0,13.07,10.1,34.5,33.0,31.5,29.3,33.5,33.2,30.0,34.0,54.6,57.5,27,40,20.1,25.3,40,41,25,0,0,0,6,6,4,0,20,20,20,33,28,31,40,40,40,45.04,45.04,44.41,55,470,4.5,0,0,0
12.49,122,22.13,22.13,22.12,10.6,10.8,10.9,0,0.2,0.2,0.07,215.1,14.3,277,1,1,698,687,692,1,689,12.2,75.3,540,31.6,31.7,0.7,3.9,723.4,0,13.07,10.1,34.5,33.1,31.5,29.3,33.7,33.2,30.2,34.1,54.6,57.5,27,40,20.1,25.3,39,40,25,0,0,0,6,6,4,0,20,20,20,33,29,31,40,40,40,45.03,45.04,44.41,54,460,4.5,0,0,0
12.93,236,22.1,22.07,22.06,11.1,10.9,10.9,0,8.1,0.0,0.05,214.4,17.2,276,1,1,700,688,695,1,697,12.7,72.0,527,30.3,30.9,0.7,3.8,723.4,0,13.07,10.1,34.7,33.2,31.6,29.5,33.7,33.4,30.2,34.2,54.6,57.6,27,40,20.1,25.3,38,39,25,0,0,0,6,6,4,0,20,20,20,32,29,31,40,40,40,45.03,45.04,44.41,54,460,4.4,0,0,0
13.01,160,23.45,23.47,23.46,10.8,10.7,11.2,0,4.1,0.02,-0.06,214.6,15.4,281,1,1,709,688,700,1,714,12.7,72.5,529,28.8,29.9,0.6,3.8,723.4,0,13.07,10.1,34.5,32.9,31.4,29.3,33.5,33.0,30.1,33.9,54.6,57.6,27,40,20.1,25.3,37,38,25,0,0,0,6,6,4,0,20,20,20,33,29,31,40,40,40,45.03,45.04,44.41,54,460,4.5,0,0,0
12.69,24,24.63,24.64,24.63,11.2,10.8,10.9,0,3.1,0.03,0.14,214.6,19.3,284,1,1,697,687,695,-1,709,12.5,72.0,534,32.8,33.4,0.7,3.9,723.4,0,13.07,10.1,34.5,33.0,31.5,29.3,33.5,33.1,29.9,33.9,54.6,57.5,27,40,20.1,25.3,41,41,25,0,0,0,6,6,4,0,20,20,20,33,29,31,40,40,40,45.03,45.04,44.41,54,460,4.5,0,0,0
13.26,322,23.94,23.93,23.93,10.5,10.8,11.2,0,13.7,0.16,0.32,214.6,17.6,274,1,1,710,687,706,-1,718,12.9,71.2,524,31.5,31.2,0.7,3.9,723.4,0,13.07,10.1,34.6,33.1,31.6,29.3,33.6,33.4,30.3,34.0,54.6,57.5,27,40,20.1,25.3,39,39,25,0,0,0,6,6,4,0,20,20,20,33,28,31,40,40,40,45.03,45.04,44.41,54,460,4.5,0,0,0
12.14,356,24.21,24.19,24.18,10.8,11.1,10.8,0,10.5,0.11,-0.1,214.4,17.1,275,1,1,681,688,671,1,669,11.8,76.1,544,32.0,32.1,0.7,3.9,723.4,0,13.07,10.1,34.8,33.3,31.7,29.5,33.8,33.3,30.0,34.3,54.6,57.6,27,40,20.3,25.3,39,40,25,0,0,0,6,6,4,0,20,20,20,32,29,31,40,40,40,45.03,45.04,44.41,53,460,4.5,0,0,0
12.84,156,23.45,23.47,23.46,10.8,10.8,11.2,0,-1.4,0.13,0.28,214.6,18.7,282,1,1,707,688,702,1,707,12.6,72.1,531,28.5,29.5,0.6,3.8,723.4,0,13.07,10.1,34.4,32.9,31.4,29.3,33.6,33.0,30.2,33.9,54.6,57.4,27,40,20.1,25.3,37,38,25,0,0,0,6,6,4,0,20,20,20,33,29,31,40,40,40,45.03,45.04,44.41,54,460,4.5,0,0,0
13.6,192,19.58,19.59,19.58,11.1,11.1,11.1,0,18.9,0.03,-0.02,214.8,10.6,275,1,1,711,688,707,0,713,13.4,70.1,506,30.4,30.4,0.7,3.9,723.4,0,13.07,10.1,34.7,33.2,31.6,29.3,33.7,33.4,30.4,34.0,54.6,57.5,27,40,20.1,25.3,38,38,25,0,0,0,6,6,4,0,20,20,20,33,28,31,40,40,40,45.03,45.04,44.41,55,460,4.4,0,0,0
12.64,34,24.18,24.19,24.19,11.0,10.4,11.9,0,-5.5,-0.03,0.23,215.0,17.6,285,1,1,702,688,694,1,689,12.4,74.2,539,32.8,32.6,0.8,3.9,723.4,0,13.07,10.1,34.5,33.0,31.4,29.2,33.5,33.1,30.2,33.9,54.6,57.6,27,40,20.1,25.3,40,41,25,0,0,0,6,6,4,0,20,20,20,33,28,31,40,40,40,45.03,45.04,44.41,55,460,4.5,0,0,0
12.65,24,24.63,24.64,24.63,11.1,10.9,10.9,0,1.4,0.03,0.15,214.7,18.7,284,1,1,696,688,692,2,700,12.5,72.4,534,33.0,33.1,0.8,4.0,723.4,0,13.07,10.1,34.5,33.0,31.4,29.3,33.5,33.2,29.8,34.0,54.6,57.4,27,40,20.1,25.3,41,41,25,0,0,0,6,6,4,0,20,20,20,33,29,31,40,40,40,45.03,45.04,44.41,53,450,4.5,0,0,0
11.92,352,23.15,23.13,23.12,10.8,10.9,10.9,0,6.4,0.09,0.29,214.4,12.0,276,1,1,677,688,660,1,664,11.7,73.3,544,32.5,32.3,0.8,3.9,723.4,0,13.07,10.1,34.8,33.3,31.6,29.5,33.8,33.4,30.1,34.3,54.7,57.4,27,40,20.2,25.3,40,41,25,0,0,0,6,6,4,0,20,20,20,33,29,31,40,40,40,45.03,45.04,44.41,54,460,4.5,0,0,0
12.02,32,24.43,24.45,24.44,11.1,10.6,11.2,0,-3.2,0.28,0.19,214.9,16.1,281,1,1,660,687,634,0,639,11.9,71.4,515,32.5,32.6,0.8,3.9,723.4,0,13.07,10.1,34.4,33.0,31.5,29.3,33.6,33.5,30.3,34.0,54.6,57.4,27,40,20.1,25.3,40,40,25,0,0,0,6,6,4,0,20,20,20,33,29,31,40,40,40,45.04,45.04,44.41,54,460,4.5,0,0,0
13.6,62,23.98,23.97,23.97,11.3,10.9,10.9,0,12.3,0.09,0.24,214.4,20.6,273,1,1,713,687,718,0,726,13.3,71.5,518,31.7,31.6,0.7,3.9,723.4,0,13.07,10.1,34.6,33.1,31.5,29.3,33.6,33.2,30.2,34.0,54.6,57.4,27,40,20.1,25.3,39,39,25,0,0,0,6,6,4,0,20,20,20,33,29,31,40,40,40,45.03,45.04,44.41,54,450,4.4,0,0,0
12.97,26,24.63,24.64,24.63,11.5,10.7,10.7,0,-1.1,0.12,0.17,214.4,19.5,285,1,1,708,688,705,-2,718,12.8,72.3,532,32.9,33.3,0.7,3.9,723.4,0,13.07,10.1,34.6,32.9,31.4,29.3,33.5,33.1,30.0,33.9,54.6,57.5,27,40,20.1,25.3,41,41,25,0,0,0,6,6,4,0,20,20,20,33,29,31,40,40,40,45.03,45.04,44.41,54,460,4.4,0,0,0
15.07,134,25.65,25.65,25.64,10.5,10.7,10.4,0,8.7,0.06,0.16,214.9,26.9,279,1,1,712,687,709,1,714,14.8,63.2,461,32.4,32.1,0.8,3.9,723.4,0,13.07,10.1,34.5,33.0,31.5,29.3,33.6,33.1,30.2,34.0,54.6,57.5,26,40,20.1,25.3,40,40,25,0,0,0,6,6,4,0,20,20,20,33,29,31,40,40,40,45.04,45.04,44.41,54,460,4.5,0,0,0
12.08,232,18.98,19.0,18.99,14.0,12.9,12.9,0,1.4,-0.02,0.08,214.4,10.8,280,1,1,679,687,669,1,659,11.8,75.8,544,28.6,29.4,0.6,3.8,723.4,0,13.07,10.1,34.6,33.2,31.6,29.4,33.7,33.4,30.3,34.1,54.6,57.6,27,40,20.1,25.3,37,38,25,0,0,0,6,6,4,0,20,20,20,33,29,31,40,40,40,45.03,45.04,44.41,54,460,4.5,0,0,0
12.27,310,24.24,24.25,24.25,10.6,10.6,10.9,0,5.2,0.06,0.1,214.4,15.7,283,1,1,687,688,676,1,667,12.1,72.7,538,32.5,32.6,0.7,3.9,723.4,0,13.07,10.1,34.5,33.0,31.5,29.3,33.5,33.2,30.0,33.9,54.6,57.6,27,40,20.1,25.3,40,41,25,0,0,0,6,6,4,0,20,20,20,33,29,31,40,40,40,45.03,45.04,44.41,54,460,4.5,0,0,0
13.27,312,22.1,22.07,22.06,11.0,10.9,10.9,0,11.1,0.07,0.08,214.8,15.2,276,1,1,712,688,707,1,705,13.0,72.3,520,30.5,31.3,0.7,3.9,723.4,0,13.07,10.1,34.8,33.2,31.6,29.5,33.7,33.3,30.1,34.2,54.6,57.6,27,40,20.1,25.3,39,39,25,0,0,0,6,6,4,0,20,20,20,33,29,31,40,40,40,45.03,45.04,44.41,54,460,4.4,0,0,0
12.55,212,24.21,24.19,24.18,11.0,10.8,10.7,0,11.2,0.13,0.16,214.6,15.7,275,1,1,694,688,690,1,692,12.4,72.7,539,32.5,32.1,0.7,3.9,723.4,0,13.07,10.1,34.7,33.3,31.7,29.5,33.8,33.5,30.2,34.3,54.7,57.5,27,40,20.3,25.3,40,40,25,0,0,0,6,6,4,0,20,20,20,33,29,31,40,40,40,45.04,45.04,44.41,54,460,4.5,0,0,0
13.27,200,23.02,23.0,22.99,10.9,10.9,11.4,0,5.4,0.03,0.02,214.3,16.6,278,1,1,713,688,713,-2,709,13.1,71.1,525,33.1,33.0,0.8,4.0,723.4,0,13.07,10.1,34.8,33.3,31.6,29.5,33.7,33.4,30.3,34.2,54.6,57.6,27,40,20.1,25.3,41,41,25,0,0,0,6,6,4,0,20,20,20,33,29,31,40,40,40,45.03,45.04,44.41,54,460,4.5,0,0,0
12.95,228,23.45,23.47,23.46,11.4,10.8,10.8,0,-0.3,-0.02,-0.08,214.6,14.9,282,1,1,704,688,704,1,708,12.6,72.0,533,28.5,29.6,0.6,3.8,723.4,0,13.07,10.1,34.4,32.9,31.4,29.3,33.6,33.0,30.2,33.9,54.6,57.5,27,40,20.1,25.3,37,38,25,0,0,0,6,6,4,0,20,20,20,33,29,31,40,40,40,45.03,45.04,44.41,54,460,4.4,0,0,0
14.41,224,22.74,22.74,22.74,10.9,10.9,10.7,0,6.9,-0.04,0.21,215.0,22.7,279,1,1,747,688,757,1,762,14.2,71.1,506,32.1,32.1,0.8,3.9,723.4,0,13.07,10.1,34.5,33.0,31.5,29.3,33.6,33.1,30.2,34.0,54.6,57.6,27,40,20.1,25.3,39,40,25,0,0,0,6,6,4,0,20,20,20,33,29,31,40,40,40,45.04,45.04,44.41,54,460,4.5,0,0,0
12.18,248,24.43,24.45,24.44,11.3,11.1,10.7,0,-6.3,0.07,0.23,215.0,16.2,282,1,1,690,687,676,0,687,12.0,75.3,544,32.6,32.8,0.8,3.9,723.4,0,13.07,10.1,34.5,33.0,31.5,29.3,33.6,33.4,30.3,33.9,54.6,57.5,27,40,20.1,25.3,40,41,25,0,0,0,6,6,4,0,20,20,20,33,29,31,40,40,40,45.03,45.05,44.41,55,450,4.4,0,0,0
13.77,30,25.51,25.52,25.52,11.0,10.7,11.1,0,4.3,0.04,0.22,214.7,22.6,278,1,1,719,687,714,0,706,13.4,70.6,507,32.5,32.4,0.8,3.9,723.4,0,13.07,10.1,34.5,33.0,31.5,29.3,33.6,33.1,30.3,33.9,54.6,57.5,27,40,20.1,25.3,40,40,25,0,0,0,6,6,4,0,20,20,20,33,29,31,40,40,40,45.04,45.04,44.41,54,450,4.5,0,0,0
13.79,268,23.29,23.28,23.28,10.8,10.8,11.8,0,5.8,0.11,0.03,215.0,20.5,276,1,1,715,687,716,-2,713,13.5,69.6,507,31.1,31.3,0.7,3.9,723.4,0,13.07,10.1,34.6,33.1,31.5,29.3,33.6,33.1,30.1,34.1,54.6,57.5,27,40,20.1,25.3,39,39,25,0,0,0,6,6,4,0,20,20,20,33,28,31,40,40,40,45.03,45.04,44.41,54,460,4.5,0,0,0
12.66,356,24.21,24.19,24.18,10.8,11.1,10.8,0,9.1,0.05,0.0,214.4,16.8,275,1,1,699,688,692,1,693,12.3,72.7,537,32.2,32.0,0.8,3.9,723.4,0,13.07,10.1,34.8,33.3,31.7,29.5,33.8,33.5,30.2,34.3,54.6,57.6,27,40,20.3,25.3,40,40,25,0,0,0,6,6,4,0,20,20,20,32,29,31,40,40,40,45.04,45.04,44.41,53,450,4.5,0,0,0
12.76,88,24.2,24.22,24.21,10.9,11.0,10.8,0,5.7,0.02,0.25,214.4,15.3,280,1,1,697,687,692,1,695,12.4,72.5,534,29.4,30.8,0.6,3.8,723.4,0,13.07,10.1,34.5,33.0,31.4,29.3,33.5,33.0,30.0,34.0,54.6,57.6,27,40,20.1,25.3,38,38,25,0,0,0,6,6,4,0,20,20,20,33,28,31,40,40,40,45.03,45.04,44.41,54,460,4.5,0,0,0
12.6,338,22.34,22.33,22.32,10.7,10.8,10.8,0,3.0,0.17,0.16,214.4,10.4,277,1,1,696,687,687,0,687,12.2,72.3,536,31.9,31.9,0.7,3.9,723.4,0,13.07,10.1,34.5,33.1,31.5,29.3,33.7,33.2,30.1,34.1,54.6,57.4,27,40,20.1,25.3,39,40,25,0,0,0,6,6,4,0,20,20,20,33,29,31,40,40,40,45.03,45.04,44.41,54,460,4.4,0,0,0
14.08,6,18.86,18.87,18.87,10.9,11.3,11.0,0,11.0,0.19,-0.05,214.9,14.0,278,1,1,716,688,715,1,722,13.9,68.3,495,30.3,30.3,0.7,3.9,723.4,0,13.07,10.1,34.6,33.2,31.6,29.4,33.7,33.6,30.5,34.0,54.6,57.5,27,40,20.1,25.3,38,38,25,0,0,0,6,6,4,0,20,20,20,33,29,31,40,40,40,45.03,45.04,44.41,54,460,4.5,0,0,0
12.43,126,22.34,22.33,22.32,10.7,10.7,11.1,0,0.9,-0.05,0.37,215.2,10.4,276,1,1,697,687,688,1,682,12.3,73.3,542,31.6,31.7,0.7,3.9,723.4,0,13.07,10.1,34.6,33.1,31.5,29.3,33.6,33.0,29.9,34.1,54.6,57.5,27,40,20.1,25.3,39,40,25,0,0,0,6,6,4,0,20,20,20,33,29,31,40,40,40,45.03,45.04,44.41,54,460,4.5,0,0,0
13.43,36,25.51,25.52,25.51,11.2,11.5,12.7,0,4.6,0.05,-0.1,215.0,20.8,278,1,1,704,687,704,0,706,13.2,68.8,514,32.4,32.0,0.7,3.9,723.4,0,13.07,10.1,34.5,33.0,31.5,29.3,33.6,33.3,30.3,33.9,54.6,57.4,27,40,20.1,25.3,40,40,25,0,0,0,6,6,4,0,20,20,20,33,29,31,40,40,40,45.03,45.05,44.41,54,460,4.5,0,0,0
13.7,2,23.53,23.52,23.51,11.0,10.8,10.7,0,8.1,0.16,0.11,214.6,15.4,276,1,1,702,687,700,-1,697,13.4,69.2,503,31.1,31.1,0.7,3.9,723.4,0,13.07,10.1,34.6,33.1,31.5,29.3,33.6,33.3,30.1,34.1,54.6,57.5,27,40,20.1,25.3,39,39,25,0,0,0,6,6,4,0,20,20,20,33,29,31,40,40,40,45.04,45.04,44.42,54,450,4.5,0,0,0
12.65,340,22.34,22.33,22.32,11.1,11.0,10.8,0,2.6,0.03,0.21,214.7,9.2,276,1,1,701,687,697,-1,695,12.4,74.6,538,31.5,31.7,0.7,3.9,723.4,0,13.07,10.1,34.5,33.1,31.5,29.3,33.7,33.1,30.0,34.1,54.6,57.5,26,40,20.1,25.3,39,40,25,0,0,0,6,6,4,0,20,20,20,33,29,31,40,40,40,45.03,45.04,44.41,54,470,4.5,0,0,0
12.83,142,24.5,24.47,24.46,10.7,10.8,11.4,0,9.2,-0.02,-0.03,214.4,14.7,277,1,1,704,690,699,-1,697,12.4,73.1,533,31.9,31.6,0.7,3.9,723.4,0,13.07,10.1,34.8,33.3,31.7,29.5,33.8,33.4,30.2,34.2,54.7,57.4,27,40,20.3,25.3,39,40,25,0,0,0,6,6,4,0,20,20,20,33,29,31,40,40,40,45.04,45.04,44.42,54,460,4.5,0,0,0
13.26,76,24.5,24.47,24.46,10.6,11.3,10.8,0,8.0,0.03,0.14,214.4,16.5,277,1,1,710,689,707,0,719,13.0,70.2,522,31.5,31.3,0.7,3.9,723.4,0,13.07,10.1,34.9,33.3,31.7,29.5,33.7,33.5,30.0,34.3,54.7,57.5,27,40,20.3,25.3,39,39,25,0,0,0,6,6,4,0,20,20,20,33,28,31,40,40,40,45.03,45.04,44.41,54,460,4.5,0,0,0
14.31,130,25.73,25.73,25.73,10.8,10.8,10.6,0,11.3,-0.03,0.19,214.6,25.0,278,1,1,707,687,710,-1,713,14.0,65.6,486,32.2,32.1,0.8,3.9,723.4,0,13.07,10.1,34.5,33.0,31.5,29.3,33.6,33.3,30.2,33.9,54.6,57.5,27,40,20.1,25.3,40,40,25,0,0,0,6,6,4,0,20,20,20,33,29,31,40,40,40,45.03,45.04,44.41,54,460,4.5,0,0,0
12.26,12,20.03,20.04,20.03,10.9,10.9,10.9,0,8.9,0.03,0.05,214.6,12.4,278,1,1,689,688,680,0,689,12.0,75.8,544,28.8,29.9,0.6,3.8,723.4,0,13.07,10.1,34.6,33.2,31.6,29.4,33.8,33.2,30.1,34.2,54.6,57.6,27,40,20.1,25.3,37,38,25,0,0,0,6,6,4,0,20,20,20,33,28,31,40,40,40,45.03,45.04,44.41,55,470,4.6,0,0,0
12.04,350,22.75,22.74,22.73,10.7,11.3,11.1,0,7.7,0.24,0.16,214.4,11.0,276,1,1,684,688,668,3,672,11.9,76.4,544,32.5,32.1,0.8,3.9,723.4,0,13.07,10.1,34.8,33.3,31.6,29.5,33.8,33.3,30.1,34.3,54.6,57.6,27,40,20.2,25.3,40,41,25,0,0,0,6,6,4,0,20,20,20,33,29,31,40,40,40,45.03,45.04,44.41,54,460,4.6,0,0,0
13.32,182,25.51,25.52,25.52,10.7,10.8,10.8,0,2.3,0.03,0.16,214.8,23.8,279,1,1,708,687,707,0,708,13.1,69.9,520,32.7,32.4,0.8,3.9,723.4,0,13.07,10.1,34.5,33.0,31.5,29.3,33.6,33.2,30.2,34.0,54.6,57.4,27,40,20.1,25.3,40,40,25,0,0,0,6,6,4,0,20,20,20,33,28,31,40,40,40,45.03,45.04,44.41,54,460,4.6,0,0,0
13.68,58,22.01,21.99,21.98,10.9,10.9,11.0,0,7.8,-0.12,0.29,214.4,18.0,277,1,1,715,687,717,1,720,13.4,71.1,510,31.4,32.8,0.7,3.9,723.4,0,13.07,10.1,34.7,33.3,31.6,29.5,33.8,33.5,30.1,34.3,54.6,57.6,27,40,20.1,25.3,39,40,25,0,0,0,6,6,4,0,20,20,20,33,29,31,40,40,40,45.03,45.04,44.41,54,460,4.4,0,0,0
13.27,128,22.98,22.96,22.95,10.9,10.9,10.9,0,9.6,0.01,0.11,214.4,17.8,277,1,1,713,688,714,1,715,13.0,71.3,526,32.5,32.6,0.8,3.9,723.4,0,13.07,10.1,34.7,33.3,31.7,29.5,33.8,33.5,30.3,34.3,54.7,57.6,27,40,20.2,25.3,40,41,25,0,0,0,6,6,4,0,20,20,20,33,29,31,40,40,40,45.03,45.04,44.41,53,460,4.5,0,0,0
12.81,240,24.63,24.64,24.63,10.9,10.8,10.9,0,2.4,0.03,0.23,214.4,12.8,285,1,1,698,687,694,0,704,12.6,71.8,533,33.2,33.0,0.8,4.0,723.4,0,13.07,10.1,34.5,33.0,31.4,29.3,33.5,33.2,29.8,34.0,54.6,57.5,27,40,20.1,25.3,40,41,25,0,0,0,6,6,4,0,20,20,20,33,29,31,40,40,40,45.04,45.04,44.41,54,460,4.4,0,0,0
14.09,88,21.53,21.52,21.51,10.4,10.6,10.5,0,10.2,0.33,0.09,214.4,16.3,275,1,1,723,688,723,1,726,13.9,67.2,499,30.7,30.7,0.7,3.9,723.4,0,13.07,10.1,34.6,33.2,31.6,29.3,33.7,33.3,30.1,34.1,54.6,57.7,27,40,20.1,25.3,38,39,25,0,0,0,6,6,4,0,20,20,20,33,29,31,40,40,40,45.03,45.04,44.41,54,460,4.5,0,0,0
13.37,50,21.24,21.25,21.24,10.6,10.6,10.9,0,7.4,-0.19,0.09,214.4,15.0,279,1,1,722,687,726,0,739,13.0,73.1,529,32.1,32.0,0.8,3.9,723.4,0,13.07,10.1,34.6,33.0,31.5,29.3,33.6,33.1,30.2,34.0,54.6,57.5,27,40,20.1,25.3,39,40,25,0,0,0,6,6,4,0,20,20,20,33,29,31,40,40,40,45.04,45.04,44.41,54,460,4.5,0,0,0
12.57,50,22.16,22.16,22.15,13.4,12.8,12.7,0,2.6,-0.14,0.12,214.6,10.4,277,1,1,695,687,686,1,675,12.2,73.6,535,31.7,31.8,0.7,3.9,723.4,0,13.07,10.1,34.5,33.1,31.5,29.3,33.7,33.3,30.2,34.1,54.6,57.4,27,40,20.1,25.3,39,40,25,0,0,0,6,6,4,0,20,20,20,33,29,31,40,40,40,45.03,45.04,44.4,54,460,4.5,0,0,0
13.28,192,22.01,21.99,21.98,11.3,10.9,10.6,0,7.5,0.03,0.05,214.3,17.8,277,1,1,712,688,711,1,716,12.9,72.7,526,32.2,33.0,0.7,3.9,723.4,0,13.07,10.1,34.8,33.2,31.6,29.5,33.7,33.4,30.1,34.3,54.6,57.6,27,40,20.1,25.3,40,40,25,0,0,0,6,6,4,0,20,20,20,33,29,31,40,40,40,45.03,45.05,44.41,55,460,4.4,0,0,0
13.59,330,24.17,24.15,24.15,11.2,10.6,10.9,0,10.1,-0.08,0.23,215.1,17.3,274,1,1,704,687,702,2,705,13.2,70.4,510,31.4,31.5,0.7,3.9,723.4,0,13.07,10.2,34.7,33.1,31.5,29.3,33.6,33.1,30.1,34.0,54.6,57.3,27,40,20.1,25.3,39,40,25,0,0,0,6,6,4,0,20,20,20,33,29,31,40,40,40,45.03,45.04,44.41,55,450,4.4,0,0,0
14.41,178,22.08,22.07,22.05,10.8,11.0,10.8,0,10.4,-0.17,-0.1,214.8,11.8,275,1,1,722,687,727,1,720,14.2,66.9,491,31.1,30.9,0.7,3.9,723.4,0,13.07,10.1,34.6,33.2,31.6,29.3,33.7,33.4,30.2,34.1,54.6,57.7,27,40,20.1,25.3,38,39,25,0,0,0,6,6,4,0,20,20,20,33,29,31,40,40,40,45.03,45.04,44.41,54,460,4.5,0,0,0
13.2,206,22.98,22.96,22.95,11.1,11.0,10.9,0,4.5,0.01,0.23,214.4,19.6,277,1,1,708,688,712,1,717,12.9,71.2,527,32.7,32.5,0.8,3.9,723.4,0,13.07,10.1,34.8,33.3,31.7,29.5,33.8,33.5,30.2,34.3,54.7,57.6,27,40,20.2,25.3,40,41,25,0,0,0,6,6,4,0,20,20,20,33,28,31,40,40,40,45.03,45.04,44.41,54,460,4.5,0,0,0
12.92,84,23.45,23.47,23.46,10.8,10.7,11.1,0,-0.4,0.07,0.05,214.4,18.5,282,1,1,701,688,698,0,706,12.5,73.8,530,28.4,29.5,0.6,3.8,723.4,0,13.07,10.1,34.4,32.9,31.4,29.3,33.5,33.0,30.2,33.9,54.6,57.5,27,40,20.1,25.3,37,38,25,0,0,0,6,6,4,0,20,20,20,33,29,31,40,40,40,45.03,45.04,44.41,54,460,4.5,0,0,0
12.36,86,21.55,21.52,21.52,10.9,11.3,11.4,0,5.3,-0.12,0.1,214.6,12.2,277,1,1,686,687,682,1,676,12.1,73.9,539,30.3,31.1,0.7,3.8,723.4,0,13.07,10.1,34.7,33.2,31.6,29.4,33.7,33.3,30.2,34.1,54.6,57.5,26,40,20.1,25.3,38,39,25,0,0,0,6,6,4,0,20,20,20,33,29,31,40,40,40,45.03,45.05,44.41,54,450,4.5,0,0,0
13.79,32,24.5,24.47,24.46,10.5,11.2,10.9,0,5.3,-0.07,0.16,214.4,20.9,278,1,1,714,690,710,-1,716,13.6,69.8,503,31.4,31.5,0.7,3.9,723.4,0,13.07,10.1,34.9,33.4,31.7,29.5,33.8,33.5,30.1,34.3,54.7,57.5,27,40,20.3,25.3,39,39,25,0,0,0,6,6,4,0,20,20,20,33,28,31,40,40,40,45.03,45.04,44.41,54,460,4.5,0,0,0
14.91,312,25.74,25.74,25.73,11.0,11.1,11.4,0,11.1,0.22,0.08,214.3,18.5,278,1,1,713,687,712,0,717,14.6,63.5,467,32.2,32.1,0.7,3.9,723.4,0,13.07,10.1,34.5,33.0,31.5,29.3,33.6,33.2,30.2,34.0,54.6,57.5,26,40,20.1,25.3,40,40,25,0,0,0,6,6,4,0,20,20,20,33,28,31,40,40,40,45.03,45.04,44.41,54,460,4.5,0,0,0
13.16,120,22.01,21.99,21.98,10.9,11.0,11.4,0,9.8,0.15,0.04,214.4,16.0,277,1,1,709,688,708,1,715,13.0,73.0,526,32.0,33.1,0.7,3.9,723.4,0,13.07,10.1,34.8,33.2,31.6,29.5,33.7,33.3,30.1,34.3,54.6,57.6,27,40,20.1,25.3,40,41,25,0,0,0,6,6,4,0,20,20,20,33,29,31,40,40,40,45.03,45.04,44.41,55,460,4.4,0,0,0
12.65,310,24.63,24.64,24.63,10.6,10.6,11.6,0,0.3,0.01,0.09,214.9,18.6,284,1,1,697,687,689,-1,703,12.3,75.0,538,33.2,33.2,0.8,4.0,723.4,0,13.07,10.2,34.5,32.9,31.4,29.3,33.5,33.2,29.9,34.0,54.6,57.6,26,40,20.1,25.3,41,41,25,0,0,0,6,6,4,0,20,20,20,33,28,31,40,40,40,45.03,45.04,44.41,54,460,4.5,0,0,0
12.54,172,24.63,24.64,24.63,10.5,11.3,10.7,0,0.1,0.11,0.04,214.4,19.5,285,1,1,697,687,690,0,704,12.4,73.9,540,32.9,33.1,0.8,3.9,723.4,0,13.07,10.2,34.5,32.9,31.4,29.3,33.5,33.0,29.9,33.9,54.6,57.5,27,40,20.1,25.3,41,41,25,0,0,0,6,6,4,0,20,20,20,33,29,31,40,40,40,45.03,45.04,44.41,54,460,4.4,0,0,0
12.13,154,17.33,17.37,17.36,11.1,10.9,10.8,0,3.2,0.08,0.36,214.6,8.5,279,1,1,679,688,661,1,669,11.9,71.8,535,28.8,29.0,0.7,3.8,723.4,0,13.07,10.1,34.7,33.2,31.6,29.4,33.7,33.3,30.1,34.2,54.6,57.5,27,40,20.1,25.3,37,37,25,0,0,0,6,6,4,0,20,20,20,33,29,31,40,40,40,45.03,45.05,44.41,54,460,4.6,0,0,0
13.53,282,19.58,19.59,19.58,10.8,11.0,10.9,0,17.9,0.03,0.28,214.9,14.5,275,1,1,712,688,707,0,715,13.3,69.7,511,30.6,30.4,0.7,3.9,723.4,0,13.07,10.1,34.7,33.2,31.6,29.3,33.7,33.4,30.4,34.0,54.6,57.6,27,40,20.1,25.3,38,38,25,0,0,0,6,6,4,0,20,20,20,33,29,31,40,40,40,45.04,45.04,44.41,54,460,4.5,0,0,0
12.5,14,20.29,20.28,20.27,10.9,10.8,10.8,0,5.7,0.04,0.26,214.4,9.3,278,1,1,696,688,692,-2,689,12.2,75.1,540,29.3,30.5,0.6,3.8,723.4,0,13.07,10.1,34.7,33.2,31.6,29.4,33.7,33.2,30.0,34.2,54.6,57.6,27,40,20.1,25.3,37,38,25,0,0,0,6,6,4,0,20,20,20,33,29,31,40,40,40,45.03,45.04,44.41,54,460,4.4,0,0,0
12.43,156,23.37,23.39,23.39,10.7,10.5,11.6,0,-0.8,0.03,0.18,215.1,15.1,281,1,1,701,688,689,-1,692,12.2,74.0,544,29.3,30.3,0.6,3.8,723.4,0,13.07,10.1,34.5,32.9,31.4,29.3,33.5,33.1,30.0,33.9,54.6,57.5,27,40,20.1,25.3,37,38,25,0,0,0,6,6,4,0,20,20,20,33,29,31,40,40,40,45.03,45.04,44.41,55,470,4.4,0,0,0
12.27,226,17.33,17.37,17.36,11.8,10.9,11.0,0,-1.8,-0.03,-0.07,214.6,8.5,280,1,1,693,688,685,1,691,12.0,74.5,544,29.2,29.2,0.6,3.8,723.4,0,13.07,10.1,34.7,33.2,31.6,29.4,33.7,33.3,30.1,34.2,54.6,57.5,27,40,20.1,25.3,37,37,25,0,0,0,6,6,4,0,20,20,20,33,29,31,40,40,40,45.03,45.05,44.41,54,470,4.5,0,0,0
12.07,154,19.89,19.91,19.9,13.6,13.9,14.0,0,0.5,0.03,0.29,214.3,14.0,279,1,1,682,687,671,-1,675,11.9,75.9,544,28.8,29.7,0.6,3.8,723.4,0,13.07,10.1,34.6,33.2,31.6,29.4,33.8,33.4,30.3,34.2,54.6,57.6,26,40,20.1,25.3,37,38,25,0,0,0,6,6,4,0,20,20,20,33,29,31,40,40,40,45.03,45.04,44.41,54,450,4.5,0,0,0
11.96,246,23.89,23.91,23.9,10.6,10.8,10.9,0,-6.5,-0.22,0.04,215.1,17.8,283,1,1,675,687,664,1,659,11.6,74.8,544,32.7,32.6,0.8,3.9,723.4,0,13.07,10.1,34.5,33.0,31.5,29.3,33.6,33.4,30.3,33.9,54.6,57.5,27,40,20.1,25.3,40,41,25,0,0,0,6,6,4,0,20,20,20,33,29,31,40,40,40,45.03,45.04,44.41,54,460,4.5,0,0,0
13.45,6,19.58,19.59,19.58,10.8,11.3,11.1,0,14.3,0.06,0.05,214.4,16.1,275,1,1,708,688,707,0,716,13.1,69.2,517,30.5,30.3,0.7,3.9,723.4,0,13.07,10.1,34.7,33.2,31.6,29.3,33.6,33.4,30.4,34.0,54.6,57.6,27,40,20.1,25.3,38,38,25,0,0,0,6,6,4,0,20,20,20,33,29,31,40,40,40,45.04,45.04,44.41,54,460,4.6,0,0,0
12.96,234,24.2,24.22,24.21,10.9,10.8,11.3,0,5.0,-0.02,0.0,214.7,14.5,281,1,1,700,687,698,1,704,12.5,74.0,532,29.8,31.2,0.6,3.8,723.4,0,13.07,10.1,34.5,32.9,31.4,29.3,33.5,32.9,29.8,33.9,54.6,57.6,27,40,20.1,25.3,38,39,25,0,0,0,6,6,4,0,20,20,20,33,29,31,40,40,40,45.03,45.04,44.41,54,460,4.5,0,0,0
12.27,354,23.85,23.83,23.82,10.8,10.8,10.8,0,7.6,0.02,0.1,214.6,16.1,276,1,1,694,688,681,1,671,11.9,73.3,544,32.4,32.4,0.7,3.9,723.4,0,13.07,10.1,34.8,33.3,31.7,29.5,33.8,33.4,30.2,34.3,54.6,57.5,27,40,20.2,25.3,40,41,25,0,0,0,6,6,4,0,20,20,20,33,29,31,40,40,40,45.04,45.04,44.41,54,460,4.4,0,0,0
13.06,122,23.02,23.0,22.99,10.8,11.0,10.8,0,8.5,0.03,0.07,214.4,14.0,277,1,1,707,687,706,0,715,12.8,73.5,530,32.9,32.7,0.8,4.0,723.4,0,13.07,10.1,34.7,33.3,31.7,29.5,33.8,33.6,30.4,34.2,54.6,57.6,27,40,20.2,25.3,40,41,25,0,0,0,6,6,4,0,20,20,20,33,28,31,40,40,40,45.03,45.04,44.41,54,460,4.5,0,0,0
12.66,266,22.34,22.33,22.32,10.9,10.5,10.9,0,8.6,0.04,0.05,214.9,11.7,276,1,1,698,687,693,0,697,12.4,75.1,536,31.8,31.9,0.7,3.9,723.4,0,13.07,10.1,34.5,33.1,31.5,29.3,33.7,33.2,30.1,34.1,54.6,57.5,27,40,20.1,25.3,39,40,25,0,0,0,6,6,4,0,20,20,20,33,29,31,40,40,40,45.03,45.04,44.41,53,460,4.4,0,0,0
12.85,306,20.99,20.97,20.96,10.8,10.9,10.9,0,2.5,0.03,0.24,214.4,16.9,278,1,1,705,688,701,0,708,12.6,74.5,533,29.4,30.5,0.6,3.8,723.4,0,13.07,10.1,34.8,33.2,31.6,29.4,33.7,33.0,29.8,34.2,54.6,57.5,26,40,20.1,25.3,38,38,25,0,0,0,6,6,4,0,20,20,20,33,29,31,40,40,40,45.03,45.04,44.41,54,460,4.5,0,0,0
12.75,240,24.63,24.64,24.63,10.8,10.6,11.2,0,2.2,0.11,0.18,214.8,24.1,284,1,1,701,688,699,0,698,12.6,71.9,532,33.1,33.1,0.7,3.9,723.4,0,13.07,10.1,34.5,32.9,31.4,29.3,33.5,33.1,29.9,33.9,54.6,57.5,27,40,20.1,25.3,41,41,25,0,0,0,6,6,4,0,20,20,20,33,29,31,40,40,40,45.03,45.04,44.41,53,450,4.5,0,0,0
13.27,290,24.5,24.47,24.46,11.1,10.8,10.7,0,3.2,0.01,0.19,214.6,22.6,278,1,1,715,689,713,0,723,13.0,71.5,524,31.5,31.4,0.7,3.9,723.4,0,13.07,10.1,34.8,33.3,31.7,29.5,33.7,33.4,30.0,34.3,54.7,57.5,27,40,20.3,25.3,39,39,25,0,0,0,6,6,4,0,20,20,20,33,29,31,40,40,40,45.03,45.05,44.41,53,460,4.4,0,0,0
13.08,274,23.02,23.0,22.99,11.1,11.1,10.8,0,7.6,-0.05,0.14,214.2,18.8,277,1,1,711,687,706,0,718,12.9,73.0,528,32.9,32.9,0.8,4.0,723.4,0,13.07,10.1,34.7,33.3,31.6,29.5,33.8,33.6,30.4,34.2,54.6,57.5,27,40,20.2,25.3,40,41,25,0,0,0,6,6,4,0,20,20,20,33,29,31,40,40,40,45.03,45.04,44.41,54,460,4.5,0,0,0
12.68,232,24.24,24.25,24.25,10.7,10.8,11.1,0,2.5,0.04,0.21,214.8,18.1,283,1,1,697,687,690,2,687,12.3,74.2,537,31.1,32.5,0.7,3.8,723.4,0,13.07,10.1,34.6,32.9,31.4,29.2,33.5,33.0,30.0,33.9,54.6,57.6,27,40,20.1,25.3,39,40,25,0,0,0,6,6,4,0,20,20,20,33,28,31,40,40,40,45.03,45.04,44.41,54,460,4.4,0,0,0
12.55,244,24.63,24.64,24.63,10.8,10.9,10.9,0,-0.9,0.03,0.14,214.4,21.1,285,1,1,700,687,693,0,695,12.4,73.1,539,33.2,33.0,0.8,3.9,723.4,0,13.07,10.1,34.5,32.9,31.4,29.3,33.5,33.0,30.0,34.0,54.6,57.5,27,40,20.1,25.3,41,41,25,0,0,0,6,6,4,0,20,20,20,33,29,31,40,40,40,45.03,45.05,44.41,53,450,4.5,0,0,0
12.22,178,25.24,25.26,25.25,14.6,11.7,11.6,0,-1.2,0.23,0.09,214.9,16.5,281,1,1,676,687,663,1,670,12.0,74.4,526,32.6,32.5,0.8,3.9,723.4,0,13.07,10.1,34.4,33.0,31.5,29.3,33.7,33.4,30.2,34.0,54.6,57.5,26,40,20.1,25.3,40,40,25,0,0,0,6,6,4,0,20,20,20,33,28,31,40,40,40,45.03,45.04,44.41,54,460,4.5,0,0,0
12.28,86,23.37,23.39,23.39,11.1,11.1,10.9,0,-0.3,0.1,0.09,215.0,12.6,281,1,1,681,688,664,1,665,12.0,73.9,533,29.4,30.5,0.6,3.8,723.4,0,13.07,10.1,34.5,32.9,31.4,29.3,33.5,33.1,30.0,34.0,54.6,57.6,27,40,20.1,25.3,38,38,25,0,0,0,6,6,4,0,20,20,20,33,29,31,40,40,40,45.03,45.04,44.41,54,470,4.4,0,0,0
13.06,60,22.98,22.96,22.95,10.9,10.9,10.9,0,3.5,-0.02,0.22,214.4,17.1,278,1,1,710,688,706,0,705,12.7,71.2,526,32.7,32.5,0.8,3.9,723.4,0,13.07,10.1,34.8,33.3,31.6,29.5,33.8,33.5,30.2,34.3,54.7,57.6,27,40,20.2,25.3,40,41,25,0,0,0,6,6,4,0,20,20,20,33,29,31,40,40,40,45.03,45.04,44.41,54,450,4.5,0,0,0
12.43,228,23.37,23.39,23.39,10.9,10.9,11.7,0,-2.6,0.01,0.05,214.6,18.3,282,1,1,699,687,697,0,694,12.3,73.3,543,29.3,30.4,0.6,3.8,723.4,0,13.07,10.1,34.5,32.9,31.4,29.3,33.5,33.1,30.0,33.9,54.6,57.6,27,40,20.1,25.3,37,38,25,0,0,0,6,6,4,0,20,20,20,33,28,31,40,40,40,45.03,45.04,44.41,55,470,4.5,0,0,0
12.76,164,20.88,20.86,20.85,11.1,11.1,11.2,0,2.5,0.01,-0.01,214.4,11.9,278,1,1,709,688,702,2,706,12.6,75.2,537,30.0,30.7,0.6,3.8,723.4,0,13.07,10.1,34.8,33.2,31.6,29.4,33.7,33.2,30.0,34.2,54.6,57.5,27,40,20.1,25.3,38,39,25,0,0,0,6,6,4,0,20,20,20,33,29,31,40,40,40,45.03,45.04,44.41,54,460,4.4,0,0,0
12.84,170,24.63,24.64,24.63,10.4,11.4,10.8,0,1.7,0.14,0.14,214.7,18.5,284,1,1,704,688,702,0,710,12.6,72.8,534,33.1,33.1,0.8,3.9,723.4,0,13.07,10.1,34.5,32.9,31.4,29.3,33.5,33.0,30.0,34.0,54.6,57.5,27,40,20.1,25.3,41,41,25,0,0,0,6,6,4,0,20,20,20,33,29,31,40,40,40,45.03,45.04,44.41,54,460,4.5,0,0,0
12.95,156,23.45,23.47,23.46,10.6,10.9,11.3,0,4.1,0.19,0.15,214.8,19.1,281,1,1,705,687,700,1,704,12.7,72.3,532,29.1,30.1,0.6,3.8,723.4,0,13.07,10.1,34.5,32.9,31.4,29.3,33.5,33.0,30.1,33.9,54.6,57.6,27,40,20.1,25.3,37,38,25,0,0,0,6,6,4,0,20,20,20,33,29,31,40,40,40,45.03,45.04,44.41,54,460,4.4,0,0,0
12.87,20,21.55,21.53,21.52,10.8,11.7,10.9,0,6.4,0.07,0.1,214.4,18.1,276,1,1,693,688,685,1,683,12.6,73.3,525,30.5,30.9,0.7,3.8,723.4,0,13.07,10.1,34.7,33.2,31.6,29.4,33.7,33.4,30.2,34.2,54.6,57.6,27,40,20.1,25.3,38,39,25,0,0,0,6,6,4,0,20,20,20,33,29,31,40,40,40,45.03,45.04,44.41,54,460,4.5,0,0,0
13.38,102,23.94,23.93,23.93,11.2,10.7,10.8,0,15.4,0.21,0.22,214.7,15.0,274,1,1,707,687,705,0,712,13.1,71.3,518,31.7,31.3,0.7,3.9,723.4,0,13.07,10.1,34.6,33.1,31.5,29.3,33.7,33.4,30.3,34.1,54.6,57.5,27,40,20.1,25.3,39,39,25,0,0,0,6,6,4,0,20,20,20,33,29,31,40,40,40,45.03,45.04,44.41,54,450,4.4,0,0,0
12.53,96,24.63,24.64,24.63,10.8,10.9,10.8,0,2.2,0.03,0.19,214.8,19.5,284,1,1,701,688,690,1,700,12.3,74.9,536,32.6,33.2,0.7,3.9,723.4,0,13.07,10.1,34.5,33.0,31.5,29.3,33.5,33.1,29.9,33.9,54.6,57.5,27,40,20.1,25.3,41,41,25,0,0,0,6,6,4,0,20,20,20,33,28,31,40,40,40,45.03,45.04,44.41,54,470,4.4,0,0,0
13.98,278,18.79,18.82,18.81,11.1,10.8,11.1,0,12.3,0.2,0.13,214.9,14.2,278,1,1,713,688,712,-1,713,13.6,68.9,499,30.2,30.2,0.7,3.9,723.4,0,13.07,10.1,34.6,33.2,31.6,29.4,33.7,33.6,30.6,34.1,54.6,57.6,27,40,20.1,25.3,38,38,25,0,0,0,6,6,4,0,20,20,20,33,29,31,40,40,40,45.03,45.04,44.41,54,460,4.5,0,0,0
11.92,280,23.15,23.13,23.12,11.2,11.8,10.9,0,5.1,0.04,0.1,214.8,17.1,276,1,1,675,688,663,1,660,11.8,75.0,543,32.2,32.5,0.8,3.9,723.4,0,13.07,10.1,34.8,33.3,31.6,29.5,33.8,33.4,30.1,34.3,54.7,57.5,27,40,20.2,25.3,40,41,25,0,0,0,6,6,4,0,20,20,20,33,29,31,40,40,40,45.03,45.04,44.41,54,460,4.5,0,0,0
12.27,66,24.21,24.19,24.18,10.8,10.8,11.1,0,9.6,0.05,0.03,214.6,18.8,275,1,1,688,688,683,0,685,12.1,76.3,544,31.8,31.7,0.7,3.9,723.4,0,13.07,10.1,34.7,33.3,31.7,29.5,33.8,33.4,30.2,34.3,54.6,57.6,27,40,20.3,25.3,39,40,25,0,0,0,6,6,4,0,20,20,20,33,28,31,40,40,40,45.03,45.04,44.41,54,460,4.4,0,0,0
12.53,92,24.2,24.22,24.21,10.6,11.3,10.8,0,9.6,0.07,0.16,214.9,17.8,281,1,1,692,688,684,1,689,12.2,72.5,539,30.2,31.8,0.6,3.8,723.4,0,13.07,10.1,34.6,32.9,31.4,29.2,33.5,32.8,29.9,33.9,54.6,57.6,27,40,20.1,25.3,38,39,25,0,0,0,6,6,4,0,20,20,20,33,29,31,40,40,40,45.03,45.04,44.41,54,460,4.4,0,0,0
13.59,264,23.94,23.93,23.93,10.6,11.0,11.1,0,10.9,-0.19,-0.02,214.9,13.6,275,1,1,708,688,705,0,702,13.2,70.6,509,31.4,31.1,0.7,3.9,723.4,0,13.07,10.1,34.6,33.1,31.5,29.3,33.6,33.2,30.2,34.1,54.6,57.5,27,40,20.1,25.3,39,39,25,0,0,0,6,6,4,0,20,20,20,33,29,31,40,40,40,45.04,45.04,44.41,54,470,4.4,0,0,0
12.74,248,24.18,24.19,24.19,10.5,11.5,10.8,0,-1.8,0.04,0.25,214.4,20.8,284,1,1,710,687,706,2,704,12.5,75.2,537,32.7,32.7,0.8,3.9,723.4,0,13.07,10.1,34.5,33.0,31.4,29.2,33.5,33.1,30.1,34.0,54.6,57.5,27,40,20.1,25.3,40,41,25,0,0,0,6,6,4,0,20,20,20,33,28,31,40,40,40,45.03,45.04,44.41,54,460,4.5,0,0,0
12.27,302,23.61,23.63,23.63,13.8,13.0,12.0,0,2.0,0.15,0.16,214.7,13.2,281,1,1,669,687,654,1,658,11.9,73.3,522,29.3,30.7,0.6,3.8,723.4,0,13.07,10.1,34.5,33.0,31.4,29.3,33.5,33.0,30.0,33.9,54.6,57.7,27,40,20.1,25.3,38,38,25,0,0,0,6,6,4,0,20,20,20,33,29,31,40,40,40,45.03,45.04,44.41,54,460,4.5,0,0,0
12.43,268,22.03,22.01,22.0,13.2,13.2,12.5,0,9.0,0.08,0.1,214.4,11.9,277,1,1,679,687,662,2,659,12.2,71.8,521,33.0,33.2,0.8,3.9,723.4,0,13.07,10.1,34.8,33.3,31.6,29.5,33.7,33.3,30.0,34.3,54.7,57.6,26,40,20.1,25.3,41,41,25,0,0,0,6,6,4,0,20,20,20,33,29,31,40,40,40,45.04,45.04,44.41,54,460,4.5,0,0,0
12.23,354,24.21,24.19,24.18,10.6,11.2,10.7,0,11.9,0.03,0.11,214.4,14.8,275,1,1,681,688,675,-1,676,11.9,75.9,544,32.0,32.1,0.7,3.9,723.4,0,13.07,10.1,34.8,33.3,31.7,29.5,33.8,33.4,30.1,34.3,54.6,57.6,27,40,20.3,25.3,39,40,25,0,0,0,6,6,4,0,20,20,20,33,29,31,40,40,40,45.03,45.04,44.41,54,460,4.4,0,0,0
14.24,308,25.74,25.74,25.73,10.6,10.6,11.4,0,8.7,0.01,-0.01,214.8,16.2,278,1,1,707,687,707,0,715,13.9,65.6,488,32.4,32.3,0.8,3.9,723.4,0,13.07,10.1,34.5,33.0,31.5,29.3,33.6,33.3,30.2,33.9,54.6,57.5,27,40,20.1,25.3,40,40,25,0,0,0,6,6,4,0,20,20,20,33,29,31,40,40,40,45.03,45.04,44.41,54,460,4.5,0,0,0
13.49,106,25.51,25.52,25.52,10.5,10.9,11.8,0,2.2,0.03,0.1,214.8,12.6,279,1,1,713,687,707,1,701,13.1,70.5,519,32.4,32.4,0.8,3.9,723.4,0,13.07,10.1,34.5,33.0,31.5,29.3,33.6,33.1,30.2,34.0,54.6,57.4,27,40,20.1,25.3,40,40,25,0,0,0,6,6,4,0,20,20,20,33,28,31,40,40,40,45.03,45.04,44.41,54,460,4.6,0,0,0
12.53,356,24.21,24.19,24.18,10.6,11.1,10.8,0,7.9,0.05,0.07,214.6,16.9,276,1,1,702,689,693,-1,694,12.2,73.0,540,32.2,32.1,0.7,3.9,723.4,0,13.07,10.1,34.7,33.3,31.7,29.5,33.8,33.6,30.3,34.3,54.7,57.6,27,40,20.3,25.3,40,40,25,0,0,0,6,6,4,0,20,20,20,33,28,31,40,40,40,45.03,45.04,44.41,54,460,4.4,0,0,0
14.1,62,22.1,22.07,22.06,10.9,10.9,10.8,0,10.6,0.06,0.14,214.6,17.0,276,1,1,714,688,712,0,724,13.7,67.9,496,30.7,32.1,0.7,3.9,723.4,0,13.07,10.1,34.7,33.3,31.6,29.5,33.7,33.4,30.1,34.2,54.6,57.5,27,40,20.1,25.3,39,39,25,0,0,0,6,6,4,0,20,20,20,33,29,31,40,40,40,45.03,45.04,44.41,54,460,4.4,0,0,0
12.03,10,17.95,17.98,17.97,13.8,12.7,13.9,0,5.1,0.02,0.03,214.4,11.6,279,1,1,671,688,650,1,655,11.8,74.5,526,28.6,29.3,0.6,3.8,723.4,0,13.07,10.1,34.7,33.2,31.5,29.4,33.7,33.3,30.1,34.2,54.6,57.5,27,40,20.1,25.3,37,37,25,0,0,0,6,6,4,0,20,20,20,33,29,31,40,40,40,45.03,45.04,44.41,54,460,4.5,0,0,0
13.58,294,25.51,25.52,25.52,10.8,10.9,10.9,0,6.1,0.03,0.01,214.9,19.3,278,1,1,716,687,718,-1,713,13.3,70.1,515,32.6,32.4,0.7,3.9,723.4,0,13.07,10.1,34.6,33.0,31.5,29.3,33.6,33.2,30.4,33.9,54.6,57.5,27,40,20.1,25.3,40,40,25,0,0,0,6,6,4,0,20,20,20,33,29,31,40,40,40,45.03,45.04,44.41,54,470,4.4,0,0,0
12.49,156,18.9,18.92,18.91,11.2,10.9,10.9,0,4.5,0.01,0.05,214.4,13.8,279,1,1,697,688,691,2,695,12.4,75.3,539,28.7,29.4,0.6,3.8,723.4,0,13.07,10.1,34.7,33.2,31.6,29.4,33.7,33.3,30.1,34.2,54.6,57.5,27,40,20.1,25.3,37,37,25,0,0,0,6,6,4,0,20,20,20,33,28,31,40,40,40,45.03,45.04,44.41,54,460,4.5,0,0,0
12.85,300,23.45,23.47,23.46,10.6,11.3,10.7,0,-0.6,0.03,0.11,214.7,18.9,282,1,1,700,688,696,1,693,12.6,73.6,532,28.5,29.5,0.6,3.8,723.4,0,13.07,10.1,34.4,32.9,31.5,29.3,33.6,33.1,30.2,33.9,54.6,57.5,27,40,20.1,25.3,37,38,25,0,0,0,6,6,4,0,20,20,20,33,29,31,40,40,40,45.03,45.04,44.41,54,450,4.4,0,0,0
12.74,292,24.5,24.47,24.46,11.1,10.8,10.8,0,10.0,0.03,0.28,214.4,12.9,277,1,1,701,689,697,-1,715,12.5,74.8,535,31.6,31.7,0.7,3.9,723.4,0,13.07,10.1,34.8,33.3,31.8,29.5,33.8,33.4,30.1,34.2,54.7,57.5,27,40,20.3,25.3,39,40,25,0,0,0,6,6,4,0,20,20,20,33,28,31,40,40,40,45.04,45.04,44.41,54,460,4.4,0,0,0
14.52,222,25.73,25.74,25.73,10.8,11.1,11.1,0,8.1,-0.03,0.25,215.4,20.5,278,1,1,705,687,702,0,700,14.2,65.2,475,32.1,32.1,0.8,3.9,723.4,0,13.07,10.1,34.5,33.0,31.5,29.3,33.6,33.2,30.2,34.0,54.6,57.6,27,40,20.1,25.3,40,40,25,0,0,0,6,6,4,0,20,20,20,33,28,31,40,40,40,45.03,45.04,44.41,53,460,4.4,0,0,0
13.07,270,23.02,23.0,22.99,11.1,10.8,10.7,0,7.4,0.04,0.05,214.4,16.6,277,1,1,702,688,699,-1,705,12.7,72.1,526,33.0,33.0,0.8,3.9,723.4,0,13.07,10.1,34.8,33.2,31.6,29.5,33.7,33.4,30.1,34.2,54.6,57.7,27,40,20.1,25.3,41,41,25,0,0,0,6,6,4,0,20,20,20,33,29,31,40,40,40,45.03,45.05,44.41,54,450,4.4,0,0,0
13.28,344,23.02,23.0,22.99,11.1,11.0,11.0,0,3.6,-0.02,0.16,214.4,18.4,278,1,1,716,688,712,0,703,13.0,70.8,524,32.7,32.7,0.8,3.9,723.4,0,13.07,10.1,34.7,33.3,31.7,29.5,33.8,33.6,30.4,34.3,54.7,57.5,27,40,20.2,25.3,40,41,25,0,0,0,6,6,4,0,20,20,20,33,29,31,40,40,40,45.03,45.04,44.41,54,450,4.4,0,0,0
12.54,86,20.29,20.28,20.27,10.9,10.9,11.2,0,5.9,-0.05,0.02,214.4,13.9,278,1,1,692,687,687,-1,683,12.1,72.9,540,29.0,30.2,0.6,3.8,723.4,0,13.07,10.1,34.7,33.2,31.6,29.4,33.7,33.2,30.0,34.2,54.6,57.6,27,40,20.1,25.3,37,38,25,0,0,0,6,6,4,0,20,20,20,33,29,31,40,40,40,45.03,45.04,44.41,54,460,4.4,0,0,0
11.93,174,24.06,24.08,24.07,12.7,12.7,11.6,0,-7.9,0.25,0.09,214.4,18.5,283,1,1,675,688,651,-1,643,11.5,75.6,538,32.6,32.6,0.8,4.0,723.4,0,13.07,10.1,34.5,33.0,31.4,29.3,33.6,33.4,30.3,33.9,54.6,57.4,26,40,20.1,25.3,40,41,25,0,0,0,6,6,4,0,20,20,20,33,28,31,40,40,40,45.03,45.04,44.41,54,460,4.5,0,0,0
12.85,20,24.2,24.22,24.21,11.2,10.9,10.9,0,4.7,0.01,0.16,214.6,17.0,281,1,1,703,687,703,-1,710,12.6,73.8,536,30.1,31.7,0.6,3.8,723.4,0,13.07,10.1,34.6,32.9,31.4,29.2,33.5,32.8,29.8,33.9,54.6,57.7,27,40,20.1,25.3,38,39,25,0,0,0,6,6,4,0,20,20,20,33,29,31,40,40,40,45.03,45.04,44.41,54,460,4.4,0,0,0
12.14,248,24.8,24.82,24.82,12.7,12.3,11.9,0,1.0,0.02,0.31,214.4,16.1,280,1,1,660,687,639,-2,636,11.8,72.5,513,32.6,32.6,0.8,3.9,723.4,0,13.07,10.1,34.4,33.0,31.5,29.3,33.7,33.5,30.2,34.0,54.6,57.5,27,40,20.1,25.3,40,40,25,0,0,0,6,6,4,0,20,20,20,33,28,31,40,40,40,45.03,45.04,44.41,54,460,4.5,0,0,0
13.72,174,23.94,23.93,23.93,11.0,11.4,11.3,0,10.1,0.19,0.24,214.9,19.5,276,1,1,706,688,702,3,707,13.4,68.4,506,31.2,31.1,0.7,3.9,723.4,0,13.07,10.1,34.6,33.1,31.5,29.3,33.6,33.2,30.2,34.1,54.6,57.4,27,40,20.1,25.3,39,39,25,0,0,0,6,6,4,0,20,20,20,33,29,31,40,40,40,45.04,45.04,44.41,55,460,4.5,0,0,0
13.28,146,24.5,24.47,24.46,10.7,11.0,11.1,0,6.4,0.04,0.17,214.4,19.8,277,1,1,712,689,711,1,718,13.1,70.5,524,31.6,31.4,0.7,3.9,723.4,0,13.07,10.1,34.8,33.3,31.7,29.5,33.7,33.5,30.0,34.3,54.7,57.5,27,40,20.3,25.3,39,39,25,0,0,0,6,6,4,0,20,20,20,33,29,31,40,40,40,45.03,45.04,44.41,54,460,4.5,0,0,0
14.56,86,23.14,23.13,23.12,10.6,11.1,11.2,0,10.3,0.13,0.07,215.2,19.5,275,1,1,712,687,711,0,715,14.3,64.7,480,30.8,30.9,0.7,3.9,723.4,0,13.07,10.1,34.6,33.1,31.6,29.3,33.6,33.3,30.2,34.1,54.6,57.5,26,40,20.1,25.3,38,39,25,0,0,0,6,6,4,0,20,20,20,33,29,31,40,40,40,45.03,45.04,44.41,54,460,4.4,0,0,0
12.9,158,23.45,23.47,23.46,10.9,10.9,11.0,0,2.5,-0.05,0.05,214.4,18.9,281,1,1,702,687,704,-1,707,12.6,73.5,532,28.8,29.7,0.6,3.8,723.4,0,13.07,10.1,34.4,32.9,31.4,29.3,33.5,33.0,30.1,33.9,54.6,57.5,27,40,20.1,25.3,37,38,25,0,0,0,6,6,4,0,20,20,20,33,29,31,40,40,40,45.03,45.04,44.41,53,460,4.4,0,0,0
12.85,12,23.45,23.47,23.46,10.8,10.9,10.9,0,1.2,0.07,0.31,214.4,17.8,282,1,1,704,689,700,-1,692,12.7,71.6,531,28.6,29.6,0.6,3.8,723.4,0,13.07,10.1,34.4,32.9,31.5,29.3,33.6,33.1,30.1,33.9,54.6,57.6,27,40,20.1,25.3,37,37,25,0,0,0,6,6,4,0,20,20,20,33,29,31,40,40,40,45.03,45.04,44.41,53,460,4.4,0,0,0
13.0,82,23.45,23.47,23.46,10.8,10.8,11.0,0,3.7,-0.03,0.21,214.4,18.6,281,1,1,708,688,703,3,709,12.7,71.8,529,28.8,29.8,0.6,3.8,723.4,0,13.07,10.1,34.5,32.9,31.4,29.3,33.5,33.0,30.1,33.9,54.6,57.6,27,40,20.1,25.3,37,38,25,0,0,0,6,6,4,0,20,20,20,33,28,31,40,40,40,45.03,45.04,44.41,54,460,4.6,0,0,0
12.33,290,24.21,24.19,24.18,10.7,10.9,10.8,0,14.0,-0.04,0.26,214.4,12.2,275,1,1,687,688,682,-1,682,12.0,75.0,541,31.6,31.6,0.7,3.9,723.4,0,13.07,10.1,34.8,33.3,31.7,29.5,33.8,33.3,30.0,34.2,54.7,57.5,27,40,20.3,25.3,39,40,25,0,0,0,6,6,4,0,20,20,20,33,29,31,40,40,40,45.04,45.04,44.41,54,460,4.5,0,0,0
12.66,50,21.97,21.95,21.94,10.9,10.8,11.0,0,4.1,-0.05,0.12,214.4,10.7,278,1,1,702,687,701,0,697,12.5,72.6,539,32.8,33.1,0.7,3.9,723.4,0,13.07,10.1,34.8,33.2,31.6,29.5,33.7,33.3,30.0,34.3,54.6,57.7,27,40,20.1,25.3,40,41,25,0,0,0,6,6,4,0,20,20,20,33,29,31,40,40,40,45.03,45.04,44.41,54,470,4.6,0,0,0
12.84,78,15.33,15.37,15.37,10.5,10.9,10.6,0,5.8,0.11,0.24,214.6,9.6,280,1,1,707,688,711,0,720,12.6,74.1,541,30.3,30.1,0.7,3.9,723.4,0,13.07,10.1,34.7,33.2,31.6,29.4,33.7,33.2,30.2,34.1,54.6,57.5,26,40,20.1,25.3,38,39,25,0,0,0,6,6,4,0,20,20,20,33,29,31,40,40,40,45.03,45.04,44.41,55,460,4.5,0,0,0
12.54,286,24.21,24.19,24.18,11.0,10.8,10.9,0,5.5,0.01,0.05,214.4,16.6,276,1,1,693,688,693,-1,690,12.3,75.3,541,31.9,31.8,0.8,3.9,723.4,0,13.07,10.1,34.7,33.3,31.7,29.5,33.8,33.5,30.3,34.3,54.7,57.6,27,40,20.3,25.3,40,40,25,0,0,0,6,6,4,0,20,20,20,33,29,31,40,40,40,45.03,45.04,44.41,54,460,4.4,0,0,0
13.28,244,24.55,24.56,24.56,10.5,10.5,10.5,0,-3.0,0.24,0.0,214.7,18.9,285,1,1,711,688,707,2,704,12.9,72.8,527,32.8,32.6,0.8,4.0,723.4,0,13.07,10.1,34.5,33.0,31.5,29.3,33.5,33.2,30.0,34.0,54.6,57.5,27,40,20.1,25.3,40,41,25,0,0,0,6,6,4,0,20,20,20,33,29,31,40,40,40,45.04,45.04,44.41,54,460,4.5,0,0,0
12.33,54,22.56,22.55,22.55,15.1,13.6,12.1,0,1.4,0.1,0.03,214.4,14.4,276,1,1,687,687,678,-2,675,12.0,75.2,538,31.6,31.8,0.7,3.9,723.4,0,13.07,10.1,34.6,33.0,31.5,29.3,33.6,33.0,29.9,34.1,54.6,57.6,26,40,20.1,25.3,39,40,25,0,0,0,6,6,4,0,20,20,20,33,29,31,40,40,40,45.03,45.04,44.41,54,460,4.4,0,0,0
13.17,56,23.02,23.0,22.99,10.6,11.6,10.8,0,9.0,0.05,0.1,214.4,16.1,277,1,1,709,687,708,0,717,13.0,71.2,527,33.0,33.4,0.8,3.9,723.4,0,13.07,10.1,34.8,33.3,31.6,29.5,33.7,33.5,30.3,34.2,54.6,57.6,27,40,20.2,25.3,41,41,25,0,0,0,6,6,4,0,20,20,20,33,29,31,40,40,40,45.03,45.04,44.41,54,450,4.4,0,0,0
13.26,128,23.02,23.0,22.99,10.8,10.8,11.1,0,6.6,-0.03,0.18,214.4,19.4,277,1,1,713,688,714,2,719,13.1,71.1,526,33.1,33.1,0.8,4.0,723.4,0,13.07,10.1,34.8,33.3,31.6,29.5,33.7,33.5,30.3,34.2,54.6,57.6,26,40,20.2,25.3,41,41,25,0,0,0,6,6,4,0,20,20,20,33,29,31,40,40,40,45.03,45.04,44.41,54,460,4.4,0,0,0
12.54,84,18.9,18.92,18.91,10.8,11.1,11.1,0,7.6,0.1,0.28,214.4,9.8,279,1,1,705,688,692,1,701,12.4,72.6,537,28.8,29.3,0.6,3.8,723.4,0,13.07,10.1,34.7,33.2,31.6,29.4,33.7,33.3,30.1,34.2,54.6,57.5,26,40,20.1,25.3,37,37,25,0,0,0,6,6,4,0,20,20,20,33,29,31,40,40,40,45.03,45.04,44.41,54,460,4.5,0,0,0
13.43,20,23.94,23.93,23.93,11.0,10.7,11.1,0,14.0,-0.07,-0.1,214.4,11.7,275,1,1,712,686,714,1,716,13.3,72.6,518,31.5,31.3,0.7,3.9,723.4,0,13.07,10.1,34.6,33.1,31.5,29.3,33.7,33.3,30.3,34.1,54.6,57.4,27,40,20.1,25.3,39,39,25,0,0,0,6,6,4,0,20,20,20,33,29,31,40,40,40,45.03,45.04,44.41,54,450,4.4,0,0,0
12.03,100,23.89,23.91,23.9,10.9,11.1,11.0,0,-7.5,0.01,-0.03,214.4,14.8,284,1,1,682,687,667,-1,661,11.8,76.3,544,32.7,32.6,0.8,3.9,723.4,0,13.07,10.1,34.5,33.0,31.4,29.3,33.5,33.2,30.2,33.9,54.6,57.6,27,40,20.1,25.3,40,41,25,0,0,0,6,6,4,0,20,20,20,33,29,31,40,40,40,45.03,45.04,44.41,54,450,4.4,0,0,0
12.13,318,24.43,24.45,24.44,10.6,10.8,10.8,0,-5.8,0.12,0.18,214.9,10.6,282,1,1,687,687,674,0,684,11.8,75.1,544,32.7,32.9,0.8,3.9,723.4,0,13.07,10.1,34.5,33.0,31.5,29.3,33.6,33.4,30.3,33.9,54.6,57.6,27,40,20.1,25.3,40,41,25,0,0,0,6,6,4,0,20,20,20,33,29,31,40,40,40,45.03,45.05,44.41,55,460,4.5,0,0,0
12.56,74,24.5,24.47,24.46,10.7,10.7,11.0,0,11.8,0.03,0.26,214.6,18.9,276,1,1,689,689,685,0,695,12.2,72.3,537,31.9,31.8,0.7,3.9,723.4,0,13.07,10.1,34.8,33.3,31.7,29.5,33.8,33.4,30.1,34.2,54.6,57.5,26,40,20.3,25.3,39,40,25,0,0,0,6,6,4,0,20,20,20,33,29,31,40,40,40,45.03,45.04,44.41,54,460,4.4,0,0,0
13.27,80,19.59,19.59,19.58,10.9,10.6,11.1,0,15.1,0.05,-0.02,214.6,14.1,275,1,1,702,687,705,1,710,13.0,69.9,521,30.3,30.4,0.7,3.9,723.4,0,13.07,10.1,34.7,33.2,31.6,29.3,33.6,33.3,30.3,34.0,54.6,57.6,27,40,20.1,25.3,38,38,25,0,0,0,6,6,4,0,20,20,20,33,29,31,40,40,40,45.04,45.04,44.41,54,460,4.5,0,0,0
12.33,196,20.9,20.92,20.91,11.0,10.6,11.1,0,-2.8,0.11,0.13,214.4,12.0,280,1,1,698,687,686,-1,690,12.0,75.9,544,32.1,31.9,0.7,3.9,723.4,0,13.07,10.1,34.6,33.0,31.5,29.3,33.6,33.2,30.2,34.0,54.6,57.5,27,40,20.1,25.3,39,40,25,0,0,0,6,6,4,0,20,20,20,33,29,31,40,40,40,45.03,45.04,44.41,55,460,4.5,0,0,0
12.38,0,24.21,24.19,24.18,10.7,11.1,10.8,0,8.8,-0.01,0.23,214.4,16.5,276,1,1,692,689,685,0,676,12.1,73.5,541,31.9,31.6,0.7,3.9,723.4,0,13.07,10.1,34.8,33.3,31.7,29.5,33.8,33.3,29.8,34.3,54.6,57.6,26,40,20.3,25.3,39,40,25,0,0,0,6,6,4,0,20,20,20,32,29,31,40,40,40,45.03,45.04,44.41,54,460,4.4,0,0,0
12.86,132,23.71,23.7,23.69,13.0,13.8,11.9,0,15.4,-0.02,0.17,214.4,11.1,273,1,1,693,687,686,1,693,12.6,71.9,526,31.6,31.4,0.7,3.9,723.4,0,13.07,10.2,34.7,33.0,31.5,29.3,33.6,33.0,30.1,34.0,54.6,57.4,27,40,20.1,25.3,39,40,25,0,0,0,6,6,4,0,20,20,20,33,29,31,40,40,40,45.03,45.04,44.41,54,450,4.5,0,0,0
12.22,22,24.24,24.25,24.25,11.1,10.8,10.8,0,5.3,-0.05,0.04,214.8,16.2,283,1,1,689,688,675,1,668,11.9,73.7,541,32.4,33.0,0.7,3.9,723.4,0,13.07,10.1,34.5,32.9,31.5,29.3,33.5,33.2,30.0,33.9,54.6,57.5,27,40,20.1,25.3,40,41,25,0,0,0,6,6,4,0,20,20,20,33,29,31,40,40,40,45.03,45.04,44.41,54,460,4.5,0,0,0
13.02,172,24.63,24.64,24.63,10.8,10.9,10.9,0,-2.4,0.0,0.32,214.9,18.7,285,1,1,702,687,700,0,705,12.8,72.5,529,33.1,32.7,0.8,4.0,723.4,0,13.07,10.1,34.5,33.0,31.5,29.3,33.5,33.2,29.9,34.0,54.6,57.4,27,40,20.1,25.3,40,41,25,0,0,0,6,6,4,0,20,20,20,33,29,31,40,40,40,45.03,45.04,44.41,54,450,4.5,0,0,0
13.28,144,24.5,24.47,24.46,10.7,10.7,11.1,0,1.9,0.09,0.25,214.7,22.7,278,1,1,710,689,708,0,720,13.0,72.7,524,31.5,31.4,0.7,3.9,723.4,0,13.07,10.1,34.8,33.3,31.7,29.5,33.8,33.5,30.1,34.3,54.7,57.6,27,40,20.3,25.3,39,40,25,0,0,0,6,6,4,0,20,20,20,33,29,31,40,40,40,45.03,45.04,44.42,54,460,4.5,0,0,0
12.7,34,25.42,25.43,25.43,12.3,12.8,13.4,0,-1.6,0.07,0.25,214.9,17.9,280,1,1,696,687,687,0,700,12.5,71.4,529,32.3,32.6,0.8,3.9,723.4,0,13.07,10.1,34.4,33.0,31.5,29.3,33.7,33.4,30.2,34.0,54.6,57.5,27,40,20.1,25.3,40,40,25,0,0,0,6,6,4,0,20,20,20,33,29,31,40,40,40,45.03,45.04,44.41,54,460,4.5,0,0,0
13.68,240,24.17,24.15,24.15,10.5,10.4,11.1,0,11.9,0.18,0.18,214.4,11.2,273,1,1,712,687,711,-2,719,13.3,70.1,510,31.6,31.6,0.7,3.9,723.4,0,13.07,10.1,34.7,33.1,31.5,29.3,33.6,33.1,30.2,34.0,54.6,57.3,27,40,20.1,25.3,39,40,25,0,0,0,6,6,4,0,20,20,20,33,29,31,40,40,40,45.03,45.04,44.41,54,460,4.4,0,0,0
12.33,220,18.49,18.52,18.52,13.4,13.7,12.9,0,7.2,0.04,0.26,214.4,15.9,276,1,1,674,688,657,0,671,12.0,70.8,522,30.9,30.6,0.7,3.9,723.4,0,13.07,10.1,34.7,33.1,31.6,29.4,33.6,33.2,30.2,34.1,54.6,57.6,26,40,20.1,25.3,38,39,25,0,0,0,6,6,4,0,20,20,20,33,29,31,40,40,40,45.03,45.04,44.41,54,460,4.5,0,0,0
12.65,168,24.63,24.64,24.63,10.8,11.4,10.8,0,1.9,0.09,-0.01,214.4,19.5,284,1,1,700,687,690,1,701,12.2,72.5,537,33.0,33.0,0.8,3.9,723.4,0,13.07,10.1,34.5,33.0,31.4,29.3,33.5,33.2,29.9,34.0,54.6,57.6,27,40,20.1,25.3,41,41,25,0,0,0,6,6,4,0,20,20,20,33,29,31,40,40,40,45.03,45.04,44.41,54,460,4.5,0,0,0
13.99,152,22.1,22.07,22.06,10.9,10.8,11.1,0,10.8,0.09,0.11,214.4,18.0,276,1,1,708,688,706,1,711,13.7,67.0,497,30.8,32.4,0.7,3.9,723.4,0,13.07,10.1,34.8,33.3,31.6,29.5,33.7,33.4,30.1,34.2,54.6,57.5,27,40,20.1,25.3,39,39,25,0,0,0,6,6,4,0,20,20,20,33,29,31,40,40,40,45.03,45.04,44.41,55,460,4.4,0,0,0
13.38,200,22.98,22.96,22.95,11.3,11.0,11.0,0,9.0,-0.02,0.18,214.4,16.8,277,1,1,714,688,714,1,709,13.0,70.9,524,32.6,32.5,0.8,4.0,723.4,0,13.07,10.1,34.7,33.3,31.7,29.5,33.8,33.5,30.3,34.3,54.7,57.6,27,40,20.2,25.3,40,41,25,0,0,0,6,6,4,0,20,20,20,33,29,31,40,40,40,45.03,45.04,44.41,53,450,4.5,0,0,0
13.16,166,22.1,22.07,22.06,10.8,10.7,11.1,0,7.5,0.14,0.1,214.6,18.9,276,1,1,715,689,714,0,714,13.0,73.0,526,30.6,31.5,0.7,3.8,723.4,0,13.07,10.1,34.8,33.2,31.6,29.5,33.7,33.4,30.2,34.2,54.6,57.6,26,40,20.1,25.3,39,39,25,0,0,0,6,6,4,0,20,20,20,33,29,31,40,40,40,45.04,45.04,44.41,54,460,4.5,0,0,0
12.53,52,20.9,20.92,20.91,11.2,10.8,10.9,0,0.4,-0.02,-0.02,214.1,10.7,280,1,1,698,687,689,1,694,12.2,74.5,540,31.8,31.7,0.7,3.9,723.4,0,13.07,10.1,34.6,33.0,31.5,29.3,33.6,33.1,30.2,34.0,54.6,57.5,27,40,20.1,25.3,39,40,25,0,0,0,6,6,4,0,20,20,20,33,29,31,40,40,40,45.03,45.04,44.41,54,450,4.6,0,0,0
12.14,302,18.9,18.92,18.91,10.5,11.1,10.8,0,1.4,0.14,-0.05,214.9,14.2,280,1,1,689,687,671,1,672,11.8,76.3,544,28.8,29.6,0.6,3.8,723.4,0,13.07,10.1,34.7,33.2,31.6,29.4,33.7,33.4,30.3,34.2,54.6,57.6,26,40,20.1,25.3,37,37,25,0,0,0,6,6,4,0,20,20,20,33,29,31,40,40,40,45.03,45.04,44.41,54,460,4.5,0,0,0
13.37,346,23.02,23.0,22.99,10.8,11.0,11.4,0,5.6,-0.02,0.15,214.4,15.7,277,1,1,711,688,712,-1,717,13.0,70.8,524,32.8,32.6,0.8,3.9,723.4,0,13.07,10.1,34.7,33.3,31.6,29.5,33.8,33.4,30.2,34.3,54.7,57.5,27,40,20.2,25.3,40,41,25,0,0,0,6,6,4,0,20,20,20,33,28,31,40,40,40,45.03,45.04,44.41,55,460,4.6,0,0,0
12.59,60,22.75,22.74,22.73,10.8,10.6,11.3,0,2.6,0.11,0.13,214.6,18.5,278,1,1,705,688,697,1,699,12.5,75.4,539,32.5,32.4,0.8,3.9,723.4,0,13.07,10.1,34.7,33.3,31.7,29.5,33.8,33.4,30.2,34.3,54.7,57.6,27,40,20.2,25.3,40,41,25,0,0,0,6,6,4,0,20,20,20,33,28,31,40,40,40,45.03,45.04,44.41,54,460,4.4,0,0,0
12.08,82,17.42,17.45,17.44,13.2,12.6,15.8,0,5.7,-0.01,0.0,215.1,10.3,279,1,1,663,687,640,-2,646,11.8,72.5,521,28.8,29.3,0.6,3.8,723.4,0,13.07,10.1,34.7,33.2,31.5,29.4,33.7,33.3,30.1,34.2,54.6,57.5,27,40,20.1,25.3,37,37,25,0,0,0,6,6,4,0,20,20,20,33,29,31,40,40,40,45.03,45.04,44.41,54,460,4.5,0,0,0
12.02,210,24.21,24.19,24.18,11.1,10.7,10.6,0,10.1,0.16,-0.1,214.3,19.0,275,1,1,679,688,669,0,673,11.7,73.5,544,31.9,31.9,0.7,3.9,723.4,0,13.07,10.1,34.8,33.3,31.7,29.5,33.8,33.4,30.1,34.3,54.6,57.6,27,40,20.3,25.3,39,40,25,0,0,0,6,6,4,0,20,20,20,33,29,31,40,40,40,45.03,45.04,44.41,53,450,4.5,0,0,0
12.22,104,24.43,24.45,24.44,10.7,10.6,11.6,0,-5.1,0.01,0.06,215.4,12.7,281,1,1,681,687,661,-1,663,12.1,73.2,532,32.9,32.5,0.8,3.9,723.4,0,13.07,10.1,34.4,33.0,31.5,29.3,33.6,33.5,30.3,33.9,54.6,57.5,27,40,20.1,25.3,40,40,25,0,0,0,6,6,4,0,20,20,20,33,29,31,40,40,40,45.04,45.05,44.41,54,460,4.5,0,0,0
12.53,106,24.18,24.19,24.19,11.1,10.9,10.6,0,-5.2,0.07,-0.05,214.4,22.0,285,1,1,695,688,690,0,688,12.3,74.9,538,32.9,32.7,0.8,4.0,723.4,0,13.07,10.1,34.5,33.0,31.4,29.2,33.5,33.1,30.1,33.9,54.6,57.6,27,40,20.1,25.3,40,41,25,0,0,0,6,6,4,0,20,20,20,33,29,31,40,40,40,45.03,45.04,44.41,54,470,4.6,0,0,0
13.16,134,22.98,22.96,22.95,11.3,10.8,10.8,0,6.6,0.17,-0.05,214.3,18.0,277,1,1,708,688,707,0,719,12.8,70.9,526,32.4,32.4,0.8,3.9,723.4,0,13.07,10.1,34.8,33.3,31.7,29.5,33.8,33.5,30.2,34.3,54.7,57.5,27,40,20.2,25.3,40,41,25,0,0,0,6,6,4,0,20,20,20,33,28,31,40,40,40,45.03,45.04,44.41,54,460,4.4,0,0,0
14.05,266,23.98,23.96,23.96,10.9,10.7,11.0,0,8.3,0.18,0.21,214.4,25.0,276,1,1,711,687,710,-1,712,13.8,68.6,495,31.1,31.1,0.7,3.9,723.4,0,13.07,10.1,34.6,33.1,31.5,29.3,33.6,33.1,30.1,34.1,54.6,57.5,27,40,20.1,25.3,39,39,25,0,0,0,6,6,4,0,20,20,20,33,29,31,40,40,40,45.03,45.04,44.41,54,460,4.5,0,0,0
12.49,208,24.21,24.19,24.18,11.0,10.7,10.8,0,8.7,0.03,0.08,214.4,18.0,275,1,1,697,689,689,0,697,12.2,73.3,543,32.1,31.7,0.7,3.9,723.4,0,13.07,10.1,34.7,33.3,31.7,29.5,33.8,33.4,30.2,34.3,54.6,57.6,27,40,20.3,25.3,39,40,25,0,0,0,6,6,4,0,20,20,20,33,29,31,40,40,40,45.03,45.05,44.41,54,460,4.4,0,0,0
14.26,84,23.54,23.52,23.52,10.6,11.0,10.9,0,6.9,0.14,0.19,214.6,13.3,276,1,1,709,687,704,0,709,13.9,66.7,485,30.7,30.9,0.7,3.9,723.4,0,13.07,10.1,34.7,33.1,31.5,29.3,33.6,33.3,30.1,34.1,54.6,57.6,27,40,20.1,25.3,39,39,25,0,0,0,6,6,4,0,20,20,20,33,29,31,40,40,40,45.03,45.04,44.41,55,460,4.6,0,0,0
13.36,214,23.95,23.93,23.93,10.9,11.3,11.0,0,13.9,0.25,0.14,214.4,14.9,275,1,1,714,688,709,1,717,13.0,70.7,524,31.3,31.1,0.7,3.9,723.4,0,13.07,10.1,34.6,33.1,31.5,29.3,33.6,33.3,30.2,34.1,54.6,57.4,27,40,20.1,25.3,39,39,25,0,0,0,6,6,4,0,20,20,20,33,29,31,40,40,40,45.03,45.05,44.41,54,460,4.5,0,0,0
12.71,212,24.5,24.47,24.46,10.9,10.8,10.8,0,5.5,0.06,0.1,214.4,19.4,277,1,1,696,690,694,0,705,12.5,72.9,534,31.7,31.4,0.7,3.9,723.4,0,13.07,10.1,34.8,33.3,31.7,29.5,33.8,33.4,30.2,34.2,54.7,57.4,26,40,20.3,25.3,39,40,25,0,0,0,6,6,4,0,20,20,20,33,29,31,40,40,40,45.04,45.04,44.42,54,460,4.5,0,0,0
14.3,220,25.73,25.73,25.73,10.7,11.3,10.8,0,9.6,0.1,0.18,215.0,17.3,278,1,1,711,687,711,0,720,14.0,65.4,487,32.2,32.2,0.8,3.9,723.4,0,13.07,10.1,34.5,33.0,31.5,29.3,33.6,33.3,30.2,33.9,54.6,57.5,27,40,20.1,25.3,40,40,25,0,0,0,6,6,4,0,20,20,20,33,29,31,40,40,40,45.03,45.04,44.41,54,450,4.5,0,0,0
12.64,310,24.24,24.25,24.25,10.9,10.9,10.8,0,6.5,-0.07,0.11,214.4,18.9,282,1,1,701,688,693,1,691,12.4,73.7,536,30.6,32.2,0.6,3.8,723.4,0,13.07,10.1,34.6,32.9,31.4,29.2,33.5,32.8,29.9,33.9,54.6,57.6,27,40,20.1,25.3,39,40,25,0,0,0,6,6,4,0,20,20,20,33,29,31,40,40,40,45.03,45.04,44.41,54,460,4.4,0,0,0
13.27,218,24.5,24.47,24.46,10.8,10.6,11.6,0,5.2,0.05,-0.03,214.4,14.9,277,1,1,709,689,710,1,717,13.1,70.9,524,31.5,31.5,0.7,3.9,723.4,0,13.07,10.1,34.8,33.3,31.7,29.5,33.7,33.4,30.0,34.3,54.7,57.5,27,40,20.3,25.3,39,39,25,0,0,0,6,6,4,0,20,20,20,32,29,31,40,40,40,45.03,45.05,44.41,54,460,4.4,0,0,0
13.28,316,24.63,24.64,24.63,10.9,10.7,11.4,0,-2.0,-0.08,0.33,214.8,19.9,285,1,1,709,687,710,-1,701,13.0,72.6,525,32.9,32.5,0.8,4.0,723.4,0,13.07,10.1,34.5,33.0,31.5,29.3,33.5,33.2,30.0,34.0,54.6,57.5,27,40,20.1,25.3,40,41,25,0,0,0,6,6,4,0,20,20,20,33,29,31,40,40,40,45.03,45.04,44.41,54,460,4.4,0,0,0
13.26,92,22.1,22.07,22.06,10.7,11.2,10.8,0,13.1,-0.04,0.11,214.6,13.7,275,1,1,707,688,706,1,704,12.9,73.0,524,30.5,31.3,0.7,3.8,723.4,0,13.07,10.1,34.7,33.2,31.6,29.5,33.7,33.4,30.2,34.2,54.6,57.5,27,40,20.1,25.3,38,39,25,0,0,0,6,6,4,0,20,20,20,33,29,31,40,40,40,45.03,45.04,44.41,54,460,4.5,0,0,0
13.78,218,25.73,25.74,25.73,10.4,11.4,11.1,0,9.0,0.04,0.24,215.5,18.7,278,1,1,702,687,701,0,701,13.6,69.0,498,32.1,32.4,0.8,3.9,723.4,0,13.07,10.1,34.5,33.0,31.5,29.3,33.6,33.3,30.3,33.9,54.6,57.5,27,40,20.1,25.3,40,40,25,0,0,0,6,6,4,0,20,20,20,33,28,31,40,40,40,45.03,45.04,44.41,54,460,4.4,0,0,0
13.47,238,22.1,22.07,22.06,10.8,10.9,11.3,0,9.2,0.02,0.11,214.6,16.8,276,1,1,708,688,705,1,704,13.2,71.1,515,30.7,31.7,0.7,3.9,723.4,0,13.07,10.1,34.8,33.2,31.6,29.5,33.7,33.4,30.1,34.2,54.6,57.6,26,40,20.1,25.3,39,39,25,0,0,0,6,6,4,0,20,20,20,33,29,31,40,40,40,45.03,45.04,44.41,54,460,4.5,0,0,0
12.32,228,18.9,18.92,18.91,11.1,10.9,11.0,0,6.1,0.03,-0.02,214.6,8.5,279,1,1,693,688,680,1,690,12.0,75.0,540,29.0,29.2,0.6,3.8,723.4,0,13.07,10.1,34.7,33.2,31.6,29.4,33.7,33.3,30.1,34.2,54.6,57.4,27,40,20.1,25.3,37,37,25,0,0,0,6,6,4,0,20,20,20,33,29,31,40,40,40,45.03,45.04,44.41,54,460,4.5,0,0,0
12.6,20,20.88,20.86,20.85,10.6,11.1,11.0,0,4.3,0.09,-0.01,214.6,15.5,277,1,1,699,688,692,-2,689,12.1,75.7,541,29.8,30.8,0.7,3.8,723.4,0,13.07,10.1,34.8,33.2,31.6,29.5,33.7,33.2,30.1,34.2,54.6,57.5,27,40,20.1,25.3,38,39,25,0,0,0,6,6,4,0,20,20,20,33,29,31,40,40,40,45.03,45.04,44.41,54,450,4.5,0,0,0
12.91,242,24.63,24.64,24.63,10.8,10.8,11.2,0,-0.3,-0.03,0.14,214.6,20.3,284,1,1,704,687,704,-1,713,12.7,73.2,533,33.2,33.1,0.7,3.9,723.4,0,13.07,10.1,34.6,32.9,31.4,29.3,33.5,33.0,30.0,33.9,54.6,57.5,27,40,20.1,25.3,41,41,25,0,0,0,6,6,4,0,20,20,20,33,29,31,40,40,40,45.03,45.04,44.41,54,460,4.4,0,0,0
12.33,158,20.28,20.27,20.27,10.8,11.5,11.0,0,4.4,0.14,0.09,214.3,15.8,279,1,1,690,687,680,2,687,12.2,73.0,540,29.2,30.2,0.6,3.8,723.4,0,13.07,10.1,34.7,33.2,31.6,29.4,33.7,33.2,30.1,34.2,54.6,57.5,26,40,20.1,25.3,37,38,25,0,0,0,6,6,4,0,20,20,20,33,29,31,40,40,40,45.03,45.04,44.41,53,460,4.5,0,0,0
12.22,292,18.04,18.07,18.06,13.0,13.2,11.9,0,4.2,0.04,-0.01,214.4,13.9,276,1,1,669,688,651,1,660,12.1,70.1,520,30.6,30.6,0.7,3.9,723.4,0,13.07,10.1,34.7,33.1,31.6,29.4,33.7,33.2,30.2,34.1,54.6,57.6,27,40,20.1,25.3,38,39,25,0,0,0,6,6,4,0,20,20,20,33,29,31,40,40,40,45.03,45.04,44.41,54,460,4.5,0,0,0
13.28,290,18.39,18.41,18.41,10.9,10.5,10.8,0,10.5,-0.11,0.26,214.9,13.0,275,1,1,724,688,728,2,734,12.9,75.2,535,31.0,30.7,0.7,3.9,723.4,0,13.07,10.1,34.7,33.1,31.5,29.3,33.7,33.2,30.1,34.1,54.6,57.6,26,40,20.1,25.3,38,39,25,0,0,0,6,6,4,0,20,20,20,33,29,31,40,40,40,45.03,45.04,44.41,54,460,4.5,0,0,0
13.69,212,25.51,25.52,25.51,10.7,11.0,11.0,0,4.1,-0.06,0.02,215.3,16.9,278,1,1,712,687,713,0,716,13.4,70.9,510,32.8,32.2,0.8,3.9,723.4,0,13.07,10.1,34.6,33.0,31.5,29.3,33.6,33.1,30.3,33.9,54.6,57.4,27,40,20.1,25.3,40,40,25,0,0,0,6,6,4,0,20,20,20,33,29,31,40,40,40,45.04,45.04,44.41,54,460,4.5,0,0,0
12.27,164,24.24,24.25,24.25,10.4,11.0,10.8,0,1.8,0.12,0.18,214.4,13.0,283,1,1,694,687,680,-2,677,11.9,76.0,544,31.8,32.9,0.7,3.9,723.4,0,13.07,10.1,34.5,32.9,31.4,29.3,33.5,33.2,30.0,33.9,54.6,57.5,27,40,20.1,25.3,40,40,25,0,0,0,6,6,4,0,20,20,20,33,29,31,40,40,40,45.04,45.04,44.41,54,460,4.6,0,0,0
12.85,98,24.63,24.64,24.63,11.5,10.8,10.9,0,-1.0,0.03,-0.05,214.4,18.3,285,1,1,704,687,697,2,707,12.5,71.9,532,33.4,32.8,0.8,4.0,723.4,0,13.07,10.1,34.5,33.0,31.5,29.3,33.5,33.2,29.8,34.0,54.6,57.5,27,40,20.1,25.3,40,41,25,0,0,0,6,6,4,0,20,20,20,33,29,31,40,40,40,45.04,45.04,44.41,54,460,4.5,0,0,0
13.17,344,23.02,23.0,22.99,11.0,10.8,10.9,0,9.1,0.06,0.04,214.3,14.3,277,1,1,707,688,707,4,716,12.8,71.6,528,33.0,32.8,0.8,4.0,723.4,0,13.07,10.1,34.8,33.3,31.6,29.5,33.8,33.5,30.4,34.2,54.6,57.5,27,40,20.2,25.3,41,41,25,0,0,0,6,6,4,0,20,20,20,33,29,31,40,40,40,45.03,45.04,44.41,54,450,4.4,0,0,0
12.37,264,22.13,22.13,22.12,10.9,10.6,11.0,0,2.0,-0.02,0.16,214.8,17.2,278,1,1,689,687,682,0,691,12.2,72.9,541,31.8,31.7,0.7,3.9,723.4,0,13.07,10.1,34.5,33.1,31.5,29.3,33.6,33.2,30.2,34.1,54.6,57.6,27,40,20.1,25.3,39,40,25,0,0,0,6,6,4,0,20,20,20,33,28,31,40,40,40,45.03,45.04,44.41,53,460,4.4,0,0,0
13.37,252,23.94,23.93,23.93,10.9,11.0,11.1,0,13.7,-0.02,0.01,214.6,20.2,273,1,1,716,687,718,-1,727,13.1,71.4,524,31.5,31.6,0.7,3.9,723.4,0,13.07,10.1,34.6,33.1,31.5,29.3,33.6,33.3,30.3,34.0,54.6,57.5,26,40,20.1,25.3,39,39,25,0,0,0,6,6,4,0,20,20,20,33,29,31,40,40,40,45.03,45.04,44.41,54,460,4.4,0,0,0
14.31,40,25.73,25.74,25.73,11.0,10.5,10.9,0,10.4,0.17,0.0,214.8,27.3,278,1,1,715,687,708,0,708,14.0,66.6,484,32.2,32.2,0.8,3.9,723.4,0,13.07,10.1,34.5,33.0,31.5,29.3,33.6,33.2,30.2,34.0,54.6,57.5,27,40,20.1,25.3,40,40,25,0,0,0,6,6,4,0,20,20,20,33,29,31,40,40,40,45.03,45.04,44.41,54,460,4.5,0,0,0
13.38,336,22.01,21.99,21.98,10.8,11.2,10.9,0,10.0,0.07,0.05,214.6,13.4,277,1,1,718,688,715,1,719,13.2,71.4,523,31.7,33.0,0.7,3.9,723.4,0,13.07,10.1,34.7,33.3,31.6,29.5,33.8,33.4,30.1,34.3,54.6,57.6,27,40,20.1,25.3,40,40,25,0,0,0,6,6,4,0,20,20,20,33,29,31,40,40,40,45.03,45.05,44.41,54,450,4.5,0,0,0
12.86,168,24.63,24.64,24.63,10.8,11.3,10.8,0,3.2,0.0,0.1,214.4,17.0,284,1,1,702,687,698,-1,714,12.7,74.3,531,33.0,33.0,0.7,3.9,723.4,0,13.07,10.1,34.5,32.9,31.4,29.3,33.5,33.1,30.0,34.0,54.6,57.5,27,40,20.1,25.3,41,41,25,0,0,0,6,6,4,0,20,20,20,33,29,31,40,40,40,45.03,45.04,44.41,53,460,4.6,0,0,0
12.12,226,19.5,19.52,19.51,14.1,13.0,12.8,0,1.1,0.04,-0.03,214.3,9.3,279,1,1,682,687,669,-1,677,11.8,74.6,544,28.9,29.6,0.6,3.8,723.4,0,13.07,10.1,34.6,33.2,31.6,29.4,33.8,33.4,30.3,34.1,54.6,57.5,26,40,20.1,25.3,37,38,25,0,0,0,6,6,4,0,20,20,20,33,29,31,40,40,40,45.03,45.04,44.41,54,460,4.5,0,0,0
12.53,338,21.97,21.95,21.94,10.6,11.2,10.8,0,2.5,0.05,0.12,214.7,17.5,278,1,1,685,687,678,-1,673,12.3,72.3,530,32.9,33.3,0.7,3.9,723.4,0,13.07,10.1,34.8,33.2,31.6,29.5,33.7,33.3,30.0,34.3,54.6,57.6,27,40,20.1,25.3,40,41,25,0,0,0,6,6,4,0,20,20,20,33,29,31,40,40,40,45.03,45.04,44.41,54,460,4.5,0,0,0
12.13,80,19.49,19.51,19.5,10.9,10.6,11.4,0,0.6,-0.05,-0.12,214.9,10.8,280,1,1,680,687,669,-1,681,11.9,74.1,544,28.8,29.6,0.6,3.8,723.4,0,13.07,10.1,34.6,33.2,31.6,29.4,33.7,33.4,30.3,34.1,54.6,57.6,26,40,20.1,25.3,37,38,25,0,0,0,6,6,4,0,20,20,20,33,28,31,40,40,40,45.03,45.04,44.41,54,460,4.5,0,0,0
12.81,90,21.55,21.53,21.52,10.9,10.8,11.0,0,7.9,0.06,0.08,214.6,13.9,276,1,1,698,688,691,1,691,12.5,71.5,533,30.5,31.3,0.7,3.9,723.4,0,13.07,10.1,34.7,33.2,31.6,29.4,33.7,33.4,30.2,34.2,54.6,57.6,27,40,20.1,25.3,38,39,25,0,0,0,6,6,4,0,20,20,20,33,29,31,40,40,40,45.03,45.04,44.41,54,460,4.5,0,0,0
13.79,280,18.04,18.08,18.07,10.9,11.3,10.9,0,7.7,0.12,0.07,214.9,14.0,279,1,1,717,687,720,0,720,13.4,70.8,510,29.9,30.2,0.7,3.8,723.4,0,13.07,10.1,34.6,33.2,31.6,29.4,33.7,33.5,30.5,34.1,54.6,57.5,27,40,20.1,25.3,38,38,25,0,0,0,6,6,4,0,20,20,20,33,29,31,40,40,40,45.03,45.04,44.41,55,460,4.5,0,0,0
12.74,88,20.99,20.97,20.96,10.8,10.5,11.3,0,2.7,0.03,0.0,214.9,14.2,279,1,1,697,687,692,0,695,12.3,74.6,534,29.3,30.2,0.6,3.8,723.4,0,13.07,10.1,34.7,33.2,31.6,29.4,33.7,33.1,29.8,34.2,54.6,57.6,27,40,20.1,25.3,37,38,25,0,0,0,6,6,4,0,20,20,20,33,29,31,40,40,40,45.03,45.04,44.41,54,450,4.4,0,0,0
12.39,210,24.11,24.09,24.09,14.7,14.6,12.9,0,6.1,0.05,-0.05,214.6,17.1,276,1,1,685,688,676,1,663,12.1,74.0,538,32.4,32.1,0.8,3.9,723.4,0,13.07,10.1,34.8,33.3,31.7,29.5,33.8,33.5,30.2,34.3,54.7,57.6,26,40,20.3,25.3,40,40,25,0,0,0,6,6,4,0,20,20,20,33,29,31,40,40,40,45.04,45.04,44.41,53,460,4.4,0,0,0
13.69,120,25.51,25.52,25.51,10.8,11.1,11.0,0,-1.4,0.03,-0.11,214.8,21.4,279,1,1,712,687,711,0,706,13.5,68.2,505,32.6,32.5,0.8,4.0,723.4,0,13.07,10.1,34.5,33.0,31.5,29.3,33.6,33.1,30.3,33.9,54.6,57.5,27,40,20.1,25.3,40,40,25,0,0,0,6,6,4,0,20,20,20,33,29,31,40,40,40,45.03,45.04,44.41,55,450,4.4,0,0,0
12.53,200,22.79,22.77,22.77,10.9,11.4,10.8,0,6.8,0.11,0.33,214.9,11.7,274,1,1,692,687,684,0,681,12.1,72.5,539,31.6,31.6,0.7,3.9,723.4,0,13.07,10.2,34.7,33.0,31.5,29.3,33.5,32.9,29.9,34.0,54.6,57.5,27,40,20.1,25.3,39,40,25,0,0,0,6,6,4,0,20,20,20,33,29,31,40,40,40,45.03,45.04,44.41,55,450,4.4,0,0,0
11.92,334,21.31,21.32,21.32,12.5,12.7,12.5,0,-5.1,0.03,0.19,214.4,15.9,279,1,1,678,687,663,0,672,11.7,76.0,544,32.0,31.9,0.7,3.9,723.4,0,13.07,10.1,34.6,33.0,31.5,29.3,33.6,33.2,30.2,34.1,54.6,57.6,27,40,20.1,25.3,39,40,25,0,0,0,6,6,4,0,20,20,20,33,29,31,40,40,40,45.03,45.04,44.41,54,460,4.6,0,0,0
13.89,236,22.01,21.99,21.98,11.1,10.9,10.8,0,9.1,0.04,0.09,214.3,15.3,276,1,1,716,688,719,1,722,13.6,70.1,505,31.0,32.6,0.7,3.9,723.4,0,13.07,10.1,34.7,33.3,31.6,29.5,33.7,33.5,30.1,34.2,54.6,57.5,27,40,20.1,25.3,39,40,25,0,0,0,6,6,4,0,20,20,20,33,29,31,40,40,40,45.03,45.04,44.41,54,460,4.4,0,0,0
12.12,286,24.21,24.19,24.18,11.1,10.8,10.8,0,15.7,0.05,0.1,214.4,12.9,275,1,1,686,688,674,0,673,11.9,73.5,544,31.9,32.0,0.7,3.9,723.4,0,13.07,10.1,34.8,33.3,31.7,29.5,33.8,33.2,29.8,34.3,54.6,57.7,27,40,20.3,25.3,39,40,25,0,0,0,6,6,4,0,20,20,20,33,29,31,40,40,40,45.03,45.04,44.41,54,460,4.5,0,0,0
12.42,352,24.21,24.19,24.18,10.5,11.2,10.7,0,4.5,0.12,0.21,214.3,13.3,276,1,1,697,688,687,-1,685,12.2,75.4,541,32.1,32.0,0.7,3.9,723.4,0,13.07,10.1,34.7,33.3,31.7,29.5,33.9,33.5,30.3,34.3,54.7,57.6,27,40,20.3,25.3,40,40,25,0,0,0,6,6,4,0,20,20,20,33,29,31,40,40,40,45.03,45.05,44.41,53,450,4.6,0,0,0
13.06,346,22.75,22.74,22.73,10.8,11.1,10.9,0,7.3,-0.04,0.19,214.4,12.9,277,1,1,712,688,710,1,711,12.8,72.0,532,32.8,32.5,0.8,3.9,723.4,0,13.07,10.1,34.7,33.3,31.7,29.5,33.8,33.5,30.3,34.3,54.7,57.5,26,40,20.2,25.3,40,41,25,0,0,0,6,6,4,0,20,20,20,33,29,31,40,40,40,45.04,45.04,44.41,53,450,4.5,0,0,0
13.79,178,23.29,23.28,23.28,11.1,11.1,11.1,0,5.8,-0.07,0.1,214.6,17.7,276,1,1,709,687,714,-1,712,13.5,69.9,508,31.1,30.9,0.7,3.9,723.4,0,13.07,10.1,34.6,33.1,31.5,29.3,33.6,33.1,30.1,34.1,54.6,57.5,27,40,20.1,25.3,39,39,25,0,0,0,6,6,4,0,20,20,20,33,29,31,40,40,40,45.03,45.04,44.41,53,460,4.4,0,0,0
13.37,74,24.5,24.47,24.46,10.6,11.2,10.9,0,3.1,0.03,0.0,214.6,18.1,278,1,1,709,689,708,0,720,13.0,72.4,523,31.6,31.5,0.7,3.9,723.4,0,13.07,10.1,34.8,33.3,31.7,29.5,33.8,33.4,30.1,34.3,54.7,57.5,27,40,20.3,25.3,39,40,25,0,0,0,6,6,4,0,20,20,20,33,29,31,40,40,40,45.03,45.05,44.42,54,450,4.5,0,0,0
12.03,308,24.24,24.25,24.25,10.8,10.8,11.4,0,7.3,0.1,0.19,214.4,14.3,282,1,1,689,688,673,1,672,11.7,76.3,544,32.1,33.1,0.7,3.9,723.4,0,13.07,10.1,34.5,33.0,31.4,29.3,33.5,33.2,30.1,33.9,54.6,57.5,26,40,20.1,25.3,40,41,25,0,0,0,6,6,4,0,20,20,20,33,28,31,40,40,40,45.03,45.04,44.41,54,460,4.4,0,0,0
13.63,122,25.51,25.52,25.51,10.8,10.9,10.5,0,4.1,0.03,0.28,214.6,25.0,278,1,1,713,687,712,0,708,13.4,68.9,511,32.4,32.1,0.8,3.9,723.4,0,13.07,10.1,34.6,33.0,31.5,29.3,33.6,33.2,30.4,33.9,54.6,57.4,27,40,20.1,25.3,40,40,25,0,0,0,6,6,4,0,20,20,20,33,29,31,40,40,40,45.04,45.04,44.41,53,460,4.5,0,0,0
13.99,268,21.36,21.37,21.36,11.7,10.9,10.6,0,13.0,0.01,0.02,215.1,17.7,275,1,1,717,687,715,1,715,13.7,69.9,502,30.8,30.8,0.7,3.9,723.4,0,13.07,10.1,34.7,33.1,31.5,29.3,33.7,33.3,30.1,34.1,54.6,57.6,27,40,20.1,25.3,38,39,25,0,0,0,6,6,4,0,20,20,20,33,29,31,40,40,40,45.03,45.04,44.41,54,460,4.5,0,0,0
13.15,174,24.18,24.2,24.19,11.1,10.9,11.3,0,-3.2,-0.05,0.1,215.0,16.6,285,1,1,712,687,713,-1,701,12.9,73.5,531,32.9,32.6,0.8,3.9,723.4,0,13.07,10.1,34.5,33.0,31.5,29.3,33.5,33.2,30.0,34.0,54.6,57.5,27,40,20.1,25.3,40,41,25,0,0,0,6,6,4,0,20,20,20,33,28,31,40,40,40,45.04,45.04,44.41,54,460,4.5,0,0,0
14.4,310,25.73,25.74,25.73,10.6,11.4,11.6,0,8.8,0.16,0.13,214.6,19.2,278,1,1,705,687,707,0,707,14.2,66.3,480,32.2,31.9,0.7,3.9,723.4,0,13.07,10.1,34.5,33.0,31.5,29.3,33.6,33.2,30.2,34.0,54.6,57.5,27,40,20.1,25.3,40,40,25,0,0,0,6,6,4,0,20,20,20,33,29,31,40,40,40,45.03,45.04,44.41,53,460,4.4,0,0,0
13.57,90,23.29,23.28,23.28,10.6,11.5,11.2,0,7.3,0.02,0.1,214.9,18.8,276,1,1,709,687,707,-2,704,13.2,70.3,511,31.0,31.0,0.7,3.9,723.4,0,13.07,10.1,34.6,33.1,31.5,29.3,33.6,33.3,30.1,34.1,54.6,57.5,27,40,20.1,25.3,39,39,25,0,0,0,6,6,4,0,20,20,20,33,29,31,40,40,40,45.04,45.04,44.42,54,460,4.5,0,0,0
13.31,324,25.51,25.52,25.51,10.9,11.0,10.6,0,7.0,0.07,0.18,214.7,18.0,279,1,1,709,687,707,0,714,13.0,72.5,522,32.6,32.5,0.8,3.9,723.4,0,13.07,10.1,34.5,33.0,31.5,29.3,33.6,33.2,30.1,34.0,54.6,57.5,27,40,20.1,25.3,40,40,25,0,0,0,6,6,4,0,20,20,20,33,29,31,40,40,40,45.04,45.04,44.41,53,460,4.5,0,0,0
12.6,56,22.79,22.78,22.77,11.1,11.1,10.7,0,0.7,0.06,0.19,215.0,17.2,275,1,1,701,687,695,0,703,12.4,73.3,535,31.4,31.5,0.7,3.9,723.4,0,13.07,10.2,34.6,33.0,31.5,29.3,33.6,32.9,29.9,34.1,54.6,57.4,27,40,20.1,25.3,39,40,25,0,0,0,6,6,4,0,20,20,20,33,28,31,40,40,40,45.03,45.04,44.41,54,460,4.5,0,0,0
13.84,262,23.54,23.52,23.52,10.9,10.8,11.2,0,8.5,-0.05,0.1,214.9,18.5,275,1,1,704,687,701,-1,694,13.7,68.4,494,31.0,31.1,0.7,3.9,723.4,0,13.07,10.1,34.7,33.1,31.5,29.3,33.6,33.3,30.1,34.1,54.6,57.5,27,40,20.1,25.3,39,39,25,0,0,0,6,6,4,0,20,20,20,33,29,31,40,40,40,45.03,45.04,44.42,55,460,4.5,0,0,0
12.43,250,23.89,23.91,23.9,10.6,11.3,10.9,0,-7.3,-0.03,0.01,215.1,23.7,284,1,1,695,687,693,-2,689,12.1,75.2,544,32.7,32.6,0.8,4.0,723.4,0,13.07,10.1,34.5,33.0,31.4,29.3,33.5,33.2,30.2,33.9,54.6,57.5,27,40,20.1,25.3,40,41,25,0,0,0,6,6,4,0,20,20,20,33,29,31,40,40,40,45.03,45.04,44.41,55,460,4.4,0,0,0
12.43,136,24.21,24.19,24.18,10.8,10.8,11.3,0,8.5,-0.07,0.21,214.4,13.1,275,1,1,693,688,687,2,699,12.1,75.9,544,32.3,32.0,0.7,3.9,723.4,0,13.07,10.1,34.7,33.3,31.7,29.5,33.8,33.4,30.2,34.3,54.6,57.6,27,40,20.3,25.3,39,40,25,0,0,0,6,6,4,0,20,20,20,33,29,31,40,40,40,45.03,45.05,44.41,54,460,4.4,0,0,0
14.84,42,25.73,25.74,25.73,11.3,10.5,10.6,0,11.4,0.29,0.0,214.4,18.3,278,1,1,705,687,705,-1,708,14.5,63.3,467,32.4,32.1,0.7,3.9,723.4,0,13.07,10.1,34.5,33.0,31.5,29.3,33.6,33.2,30.2,34.0,54.6,57.5,27,40,20.1,25.3,40,40,25,0,0,0,6,6,4,0,20,20,20,33,28,31,40,40,40,45.03,45.04,44.41,54,470,4.4,0,0,0
14.3,96,19.01,19.01,19.0,10.7,11.0,11.5,0,11.8,0.05,0.12,215.0,17.3,277,1,1,714,688,716,1,726,14.0,67.8,493,30.2,30.2,0.7,3.9,723.4,0,13.07,10.1,34.6,33.2,31.6,29.4,33.7,33.5,30.5,34.0,54.6,57.6,27,40,20.1,25.3,38,38,25,0,0,0,6,6,4,0,20,20,20,33,29,31,40,40,40,45.03,45.04,44.41,54,460,4.5,0,0,0
13.79,90,20.14,20.14,20.14,10.5,11.7,11.3,0,12.7,-0.05,0.13,215.4,18.2,275,1,1,727,688,734,0,726,13.6,70.7,517,30.8,30.9,0.7,3.9,723.4,0,13.07,10.1,34.7,33.1,31.5,29.3,33.7,33.2,30.1,34.1,54.6,57.6,27,40,20.1,25.3,38,39,25,0,0,0,6,6,4,0,20,20,20,33,29,31,40,40,40,45.03,45.04,44.41,54,460,4.5,0,0,0
12.75,174,24.18,24.19,24.19,11.4,11.0,10.4,0,-0.4,-0.07,-0.17,215.2,16.2,284,1,1,703,687,698,0,696,12.5,74.0,535,32.8,32.7,0.8,4.0,723.4,0,13.07,10.1,34.6,33.0,31.5,29.3,33.5,33.1,30.0,34.0,54.6,57.5,26,40,20.1,25.3,40,41,25,0,0,0,6,6,4,0,20,20,20,33,29,31,40,40,40,45.03,45.04,44.41,54,450,4.4,0,0,0
12.56,206,24.21,24.19,24.18,11.0,10.8,10.6,0,2.6,0.01,0.27,214.6,20.0,277,1,1,701,689,691,-1,686,12.3,73.6,541,32.2,31.9,0.7,3.9,723.4,0,13.07,10.1,34.7,33.3,31.7,29.5,33.8,33.5,30.3,34.3,54.7,57.6,27,40,20.3,25.3,40,40,25,0,0,0,6,6,4,0,20,20,20,33,29,31,40,40,40,45.03,45.04,44.41,53,460,4.5,0,0,0
12.87,194,21.97,21.95,21.94,11.2,11.1,10.9,0,6.2,-0.1,0.12,214.4,17.7,278,1,1,704,688,703,2,710,12.6,73.3,534,32.6,33.0,0.7,3.9,723.4,0,13.07,10.1,34.8,33.3,31.6,29.5,33.7,33.3,30.0,34.3,54.6,57.6,27,40,20.1,25.3,40,41,25,0,0,0,6,6,4,0,20,20,20,33,28,31,40,40,40,45.03,45.04,44.41,54,460,4.5,0,0,0
12.87,314,24.63,24.64,24.63,10.6,10.6,11.3,0,-1.4,0.05,0.08,214.9,19.6,285,1,1,701,687,695,1,688,12.6,73.1,531,33.0,32.8,0.8,4.0,723.4,0,13.07,10.1,34.5,33.0,31.5,29.3,33.5,33.2,29.9,34.0,54.6,57.5,27,40,20.1,25.3,40,41,25,0,0,0,6,6,4,0,20,20,20,33,29,31,40,40,40,45.03,45.04,44.41,54,460,4.5,0,0,0
12.08,298,19.49,19.51,19.5,10.6,10.9,10.9,0,1.9,0.11,0.12,214.4,13.6,279,1,1,681,687,670,1,672,11.9,73.3,544,28.6,29.6,0.6,3.8,723.4,0,13.07,10.1,34.6,33.2,31.6,29.4,33.7,33.4,30.3,34.1,54.6,57.5,27,40,20.1,25.3,37,38,25,0,0,0,6,6,4,0,20,20,20,33,29,31,40,40,40,45.03,45.04,44.41,54,460,4.6,0,0,0
12.53,6,14.69,14.73,14.73,11.2,10.8,11.0,0,6.6,-0.09,0.34,215.2,15.3,280,1,1,698,688,695,1,698,12.3,75.7,544,30.1,30.0,0.7,3.9,723.4,0,13.07,10.1,34.7,33.2,31.6,29.4,33.7,33.2,30.2,34.2,54.6,57.5,27,40,20.1,25.3,38,39,25,0,0,0,6,6,4,0,20,20,20,33,29,31,40,40,40,45.03,45.04,44.41,55,450,4.6,0,0,0
14.02,274,19.68,19.67,19.66,10.9,10.8,10.9,0,15.2,0.15,-0.01,214.4,13.3,277,1,1,709,687,706,-3,712,13.8,67.8,489,30.3,30.3,0.7,3.9,723.4,0,13.07,10.1,34.6,33.2,31.6,29.4,33.7,33.5,30.5,34.0,54.6,57.6,27,40,20.1,25.3,38,38,25,0,0,0,6,6,4,0,20,20,20,33,29,31,40,40,40,45.03,45.04,44.41,54,460,4.4,0,0,0
12.05,30,24.43,24.45,24.44,10.8,11.0,11.0,0,-7.5,-0.1,-0.03,214.4,16.9,283,1,1,677,688,666,-1,682,11.9,73.4,544,32.7,32.8,0.8,3.9,723.4,0,13.07,10.1,34.5,33.0,31.5,29.3,33.6,33.4,30.3,33.9,54.6,57.5,27,40,20.1,25.3,40,41,25,0,0,0,6,6,4,0,20,20,20,33,29,31,40,40,40,45.03,45.04,44.41,54,460,4.6,0,0,0
12.54,16,21.55,21.53,21.52,10.6,11.6,10.7,0,6.0,0.1,0.23,214.6,14.9,277,1,1,690,687,686,-1,683,12.1,75.0,538,30.2,31.0,0.7,3.8,723.4,0,13.07,10.1,34.7,33.2,31.6,29.4,33.7,33.4,30.2,34.1,54.6,57.5,27,40,20.1,25.3,38,39,25,0,0,0,6,6,4,0,20,20,20,33,29,31,40,40,40,45.03,45.04,44.41,54,460,4.5,0,0,0
13.7,150,23.98,23.97,23.97,10.6,11.3,11.1,0,12.7,0.03,-0.02,214.6,15.2,273,1,1,716,687,720,0,724,13.4,70.9,514,31.4,31.6,0.7,3.9,723.4,0,13.07,10.1,34.6,33.1,31.5,29.3,33.6,33.2,30.2,34.0,54.6,57.4,27,40,20.1,25.3,39,39,25,0,0,0,6,6,4,0,20,20,20,33,29,31,40,40,40,45.03,45.04,44.41,55,450,4.4,0,0,0
12.22,300,20.03,20.04,20.03,10.7,11.3,10.8,0,5.1,0.03,0.22,214.4,15.3,278,1,1,689,688,678,0,681,12.0,76.2,544,28.9,30.0,0.6,3.8,723.4,0,13.07,10.1,34.6,33.2,31.6,29.4,33.8,33.4,30.3,34.2,54.6,57.6,27,40,20.1,25.3,37,38,25,0,0,0,6,6,4,0,20,20,20,33,29,31,40,40,40,45.04,45.04,44.41,54,460,4.4,0,0,0
13.69,300,24.5,24.47,24.46,10.9,10.8,10.7,0,7.9,0.03,0.08,214.6,20.4,277,1,1,709,689,706,1,707,13.3,68.7,509,31.5,31.3,0.7,3.9,723.4,0,13.07,10.1,34.8,33.4,31.7,29.5,33.8,33.5,30.0,34.3,54.7,57.5,27,40,20.3,25.3,39,39,25,0,0,0,6,6,4,0,20,20,20,33,29,31,40,40,40,45.03,45.04,44.41,53,460,4.4,0,0,0
12.34,4,18.04,18.06,18.06,10.9,11.1,10.9,0,5.2,0.07,0.1,214.4,14.1,276,1,1,670,687,658,-1,664,12.1,70.7,528,30.7,30.8,0.7,3.9,723.4,0,13.07,10.1,34.7,33.1,31.6,29.4,33.7,33.2,30.2,34.1,54.6,57.6,26,40,20.1,25.3,38,39,25,0,0,0,6,6,4,0,20,20,20,33,29,31,40,40,40,45.03,45.04,44.41,54,460,4.6,0,0,0
12.74,234,21.55,21.53,21.52,10.9,11.0,11.1,0,5.2,0.07,0.04,214.4,17.7,276,1,1,700,688,699,-1,706,12.7,72.1,534,30.4,31.0,0.7,3.9,723.4,0,13.07,10.1,34.7,33.2,31.6,29.4,33.7,33.4,30.2,34.2,54.6,57.5,27,40,20.1,25.3,38,39,25,0,0,0,6,6,4,0,20,20,20,33,29,31,40,40,40,45.03,45.04,44.41,54,450,4.5,0,0,0
12.44,304,20.29,20.28,20.27,10.6,11.0,10.9,0,5.1,0.14,0.07,214.6,15.0,279,1,1,692,688,676,1,676,12.1,73.2,534,29.2,30.3,0.6,3.8,723.4,0,13.07,10.1,34.7,33.2,31.6,29.4,33.7,33.1,29.9,34.2,54.6,57.6,27,40,20.1,25.3,37,38,25,0,0,0,6,6,4,0,20,20,20,33,29,31,40,40,40,45.03,45.04,44.41,54,460,4.4,0,0,0
13.45,60,22.01,21.99,21.98,10.8,10.4,11.6,0,8.8,0.02,0.1,215.0,18.2,277,1,1,710,687,714,1,716,13.2,70.4,521,31.8,33.1,0.7,3.9,723.4,0,13.07,10.1,34.7,33.3,31.6,29.5,33.8,33.4,30.1,34.3,54.7,57.5,27,40,20.1,25.3,40,40,25,0,0,0,6,6,4,0,20,20,20,33,29,31,40,40,40,45.03,45.05,44.41,54,460,4.5,0,0,0
13.51,300,25.51,25.52,25.52,10.6,10.8,10.8,0,1.8,0.13,0.18,214.4,19.8,279,1,1,707,687,705,0,707,13.3,69.8,512,32.7,32.6,0.8,3.9,723.4,0,13.07,10.1,34.5,33.0,31.5,29.3,33.6,33.1,30.3,34.0,54.6,57.5,27,40,20.1,25.3,40,40,25,0,0,0,6,6,4,0,20,20,20,33,29,31,40,40,40,45.03,45.04,44.41,54,460,4.4,0,0,0
12.81,312,24.63,24.64,24.63,10.8,10.6,11.5,0,1.4,0.02,-0.01,214.7,19.0,285,1,1,703,687,695,-2,707,12.4,74.5,534,33.2,32.9,0.8,4.0,723.4,0,13.07,10.1,34.5,33.0,31.4,29.3,33.5,33.2,29.8,34.0,54.6,57.5,27,40,20.1,25.3,40,41,25,0,0,0,6,6,4,0,20,20,20,33,29,31,40,40,40,45.04,45.04,44.41,53,450,4.4,0,0,0
11.91,62,23.15,23.13,23.12,10.7,10.4,11.3,0,5.8,-0.08,-0.05,214.3,16.1,277,1,1,678,689,658,1,661,11.7,74.6,544,32.3,32.3,0.8,3.9,723.4,0,13.07,10.1,34.8,33.3,31.6,29.5,33.8,33.4,30.1,34.3,54.7,57.4,27,40,20.2,25.3,40,41,25,0,0,0,6,6,4,0,20,20,20,33,29,31,40,40,40,45.03,45.04,44.41,53,450,4.5,0,0,0
12.71,130,22.75,22.74,22.73,11.2,10.9,11.0,0,4.5,0.0,0.14,214.3,12.7,277,1,1,698,687,698,0,692,12.4,72.5,537,32.7,32.5,0.8,3.9,723.4,0,13.07,10.1,34.7,33.3,31.7,29.5,33.8,33.4,30.3,34.3,54.7,57.6,26,40,20.2,25.3,40,41,25,0,0,0,6,6,4,0,20,20,20,33,29,31,40,40,40,45.03,45.04,44.41,54,460,4.5,0,0,0
13.68,270,23.29,23.28,23.28,11.0,11.0,11.3,0,5.2,0.03,0.11,214.9,16.3,276,1,1,713,687,718,-2,713,13.4,71.3,513,31.2,31.1,0.7,3.9,723.4,0,13.07,10.1,34.6,33.1,31.6,29.3,33.6,33.3,30.0,34.1,54.6,57.7,27,40,20.1,25.3,39,39,25,0,0,0,6,6,4,0,20,20,20,33,29,31,40,40,40,45.04,45.04,44.41,54,450,4.5,0,0,0
14.51,264,23.53,23.52,23.51,10.4,10.5,10.5,0,6.7,-0.03,0.03,214.4,16.4,276,1,1,711,687,708,0,706,14.3,65.8,476,31.1,30.7,0.7,3.9,723.4,0,13.07,10.1,34.7,33.1,31.6,29.3,33.6,33.3,30.1,34.1,54.6,57.5,27,40,20.1,25.3,39,39,25,0,0,0,6,6,4,0,20,20,20,33,29,31,40,40,40,45.03,45.04,44.41,54,460,4.5,0,0,0
12.13,212,24.21,24.19,24.18,11.0,10.8,10.6,0,7.6,0.11,0.13,214.6,17.5,275,1,1,682,688,672,1,677,11.9,75.5,544,31.9,31.8,0.8,3.9,723.4,0,13.07,10.1,34.8,33.3,31.7,29.5,33.8,33.3,29.9,34.3,54.6,57.6,27,40,20.3,25.3,39,40,25,0,0,0,6,6,4,0,20,20,20,33,29,31,40,40,40,45.03,45.04,44.41,54,460,4.4,0,0,0
12.45,342,22.79,22.77,22.77,11.0,10.9,10.8,0,1.6,0.13,-0.03,214.4,9.3,276,1,1,690,687,687,-1,686,12.0,75.4,540,31.8,31.7,0.7,3.9,723.4,0,13.07,10.2,34.6,33.0,31.5,29.3,33.6,33.0,29.9,34.1,54.6,57.5,27,40,20.1,25.3,39,40,25,0,0,0,6,6,4,0,20,20,20,33,29,31,40,40,40,45.03,45.04,44.41,54,460,4.4,0,0,0
12.75,238,24.24,24.25,24.25,10.8,10.8,10.9,0,6.6,0.03,0.13,214.7,17.1,282,1,1,698,688,693,2,689,12.4,73.8,535,30.8,32.1,0.7,3.8,723.4,0,13.07,10.1,34.6,32.9,31.4,29.2,33.5,32.8,29.9,33.9,54.6,57.7,27,40,20.1,25.3,39,40,25,0,0,0,6,6,4,0,20,20,20,33,29,31,40,40,40,45.03,45.04,44.41,53,450,4.5,0,0,0
12.44,216,24.21,24.19,24.18,11.3,10.7,10.6,0,9.7,0.21,0.05,214.6,17.3,276,1,1,694,689,690,-1,684,12.3,75.7,541,31.9,31.9,0.7,3.9,723.4,0,13.07,10.1,34.9,33.3,31.7,29.5,33.8,33.3,29.9,34.3,54.6,57.6,27,40,20.3,25.3,39,40,25,0,0,0,6,6,4,0,20,20,20,33,28,31,40,40,40,45.03,45.04,44.41,54,460,4.4,0,0,0
13.9,302,24.5,24.47,24.46,11.1,10.8,10.6,0,5.3,0.13,0.0,214.6,13.7,278,1,1,705,689,705,0,713,13.5,67.4,500,31.3,31.4,0.7,3.9,723.4,0,13.07,10.1,34.9,33.4,31.7,29.5,33.8,33.6,30.1,34.3,54.7,57.4,27,40,20.3,25.3,39,39,25,0,0,0,6,6,4,0,20,20,20,33,28,31,40,40,40,45.03,45.04,44.41,54,460,4.5,0,0,0
12.6,202,23.21,23.2,23.19,11.9,13.5,13.0,0,13.7,0.06,0.28,214.9,15.5,273,1,1,684,687,671,1,673,12.3,71.3,520,31.6,31.6,0.7,3.9,723.4,0,13.07,10.2,34.7,33.0,31.5,29.3,33.5,33.0,30.0,34.0,54.6,57.4,27,40,20.1,25.3,39,40,25,0,0,0,6,6,4,0,20,20,20,33,29,31,40,40,40,45.03,45.04,44.41,54,460,4.5,0,0,0
13.37,290,24.5,24.47,24.46,10.9,10.9,11.0,0,9.1,0.03,0.13,214.4,20.6,277,1,1,716,689,713,-2,719,13.2,71.9,518,31.4,31.1,0.7,3.9,723.4,0,13.07,10.1,34.8,33.4,31.7,29.5,33.7,33.5,30.0,34.3,54.7,57.4,26,40,20.3,25.3,39,39,25,0,0,0,6,6,4,0,20,20,20,33,29,31,40,40,40,45.03,45.04,44.41,54,460,4.5,0,0,0
12.82,122,21.97,21.95,21.94,10.8,10.8,11.3,0,5.4,0.15,0.08,214.6,13.8,278,1,1,701,688,697,-1,702,12.5,75.0,537,32.7,33.5,0.7,3.9,723.4,0,13.07,10.1,34.8,33.2,31.6,29.5,33.7,33.3,30.0,34.3,54.6,57.7,27,40,20.1,25.3,40,41,25,0,0,0,6,6,4,0,20,20,20,33,28,31,40,40,40,45.03,45.04,44.41,54,460,4.5,0,0,0
12.27,336,22.09,22.09,22.09,14.0,11.9,12.4,0,1.9,0.1,0.09,214.7,15.7,278,1,1,685,687,680,3,683,12.1,73.1,541,31.9,31.8,0.7,3.9,723.4,0,13.07,10.1,34.5,33.1,31.5,29.3,33.6,33.2,30.2,34.0,54.6,57.6,27,40,20.1,25.3,39,40,25,0,0,0,6,6,4,0,20,20,20,33,28,31,40,40,40,45.03,45.04,44.41,53,460,4.4,0,0,0
12.64,124,22.76,22.74,22.74,13.1,12.1,14.0,0,8.0,0.03,0.04,214.3,13.0,277,1,1,685,687,674,-2,683,12.3,71.1,527,32.8,32.7,0.8,3.9,723.4,0,13.07,10.1,34.8,33.3,31.6,29.5,33.7,33.3,30.0,34.3,54.7,57.6,27,40,20.1,25.3,41,41,25,0,0,0,6,6,4,0,20,20,20,33,29,31,40,40,40,45.04,45.05,44.41,54,460,4.5,0,0,0
12.44,196,22.41,22.39,22.38,13.6,12.7,12.7,0,5.8,0.01,0.14,214.4,14.1,278,1,1,676,687,667,0,670,12.2,70.8,525,33.0,33.1,0.7,3.9,723.4,0,13.07,10.1,34.8,33.3,31.6,29.5,33.7,33.3,30.0,34.2,54.7,57.6,27,40,20.1,25.3,41,41,25,0,0,0,6,6,4,0,20,20,20,33,29,31,40,40,40,45.04,45.04,44.41,54,460,4.5,0,0,0
12.33,132,22.75,22.74,22.73,11.1,11.1,11.1,0,3.4,0.01,0.03,214.4,11.8,277,1,1,695,688,687,2,689,12.2,76.1,544,32.6,32.5,0.8,3.9,723.4,0,13.07,10.1,34.7,33.3,31.7,29.5,33.8,33.4,30.2,34.3,54.7,57.4,27,40,20.2,25.3,40,41,25,0,0,0,6,6,4,0,20,20,20,33,30,31,40,40,40,45.03,45.04,44.41,53,450,4.5,0,0,0
12.2,14,18.9,18.92,18.91,10.9,11.0,11.1,0,4.9,0.01,0.31,214.4,9.6,279,1,1,694,687,683,-1,694,12.1,76.3,544,28.6,29.3,0.6,3.8,723.4,0,13.07,10.1,34.7,33.2,31.6,29.4,33.7,33.4,30.3,34.1,54.6,57.5,27,40,20.1,25.3,37,37,25,0,0,0,6,6,4,0,20,20,20,33,29,31,40,40,40,45.03,45.04,44.41,54,460,4.5,0,0,0
13.05,18,20.99,20.97,20.96,10.9,10.9,11.4,0,5.4,0.05,-0.03,214.3,13.6,277,1,1,708,688,705,1,699,12.8,73.0,529,29.9,30.7,0.6,3.8,723.4,0,13.07,10.1,34.8,33.2,31.6,29.4,33.7,33.1,29.9,34.2,54.6,57.6,27,40,20.1,25.3,38,38,25,0,0,0,6,6,4,0,20,20,20,33,28,31,40,40,40,45.03,45.04,44.41,54,460,4.5,0,0,0
12.33,76,18.04,18.06,18.06,10.9,10.8,11.6,0,3.8,0.06,0.31,215.2,15.8,277,1,1,694,688,684,3,692,12.1,73.3,544,30.7,30.8,0.7,3.9,723.4,0,13.07,10.1,34.7,33.1,31.6,29.4,33.7,33.2,30.1,34.1,54.6,57.6,26,40,20.1,25.3,38,39,25,0,0,0,6,6,4,0,20,20,20,33,29,31,40,40,40,45.03,45.04,44.41,54,460,4.6,0,0,0
13.26,126,23.02,23.0,22.99,10.8,10.6,11.2,0,7.9,0.04,0.18,214.7,17.3,277,1,1,708,688,708,1,710,13.1,72.6,524,33.0,33.0,0.8,3.9,723.4,0,13.07,10.1,34.8,33.3,31.6,29.5,33.7,33.4,30.1,34.2,54.6,57.5,27,40,20.1,25.3,41,41,25,0,0,0,6,6,4,0,20,20,20,33,29,31,40,40,40,45.04,45.04,44.41,54,460,4.4,0,0,0
13.28,220,17.35,17.39,17.38,10.6,11.1,10.9,0,2.7,0.07,-0.07,215.1,15.1,280,1,1,709,687,709,-1,724,12.9,72.3,527,30.1,30.2,0.7,3.9,723.4,0,13.07,10.1,34.6,33.2,31.6,29.4,33.7,33.4,30.4,34.1,54.6,57.5,27,40,20.1,25.3,38,39,25,0,0,0,6,6,4,0,20,20,20,33,29,31,40,40,40,45.03,45.04,44.41,55,450,4.6,0,0,0
13.69,24,25.51,25.52,25.52,10.7,11.2,11.2,0,5.8,0.09,0.05,214.8,13.7,278,1,1,717,688,711,2,712,13.3,70.6,513,32.6,32.2,0.8,3.9,723.4,0,13.07,10.1,34.6,33.0,31.5,29.3,33.6,33.2,30.4,33.9,54.6,57.5,27,40,20.1,25.3,40,40,25,0,0,0,6,6,4,0,20,20,20,33,28,31,40,40,40,45.03,45.04,44.41,54,460,4.5,0,0,0
12.54,124,20.9,20.92,20.91,10.6,10.9,10.9,0,0.6,0.12,0.11,214.6,14.1,280,1,1,692,686,689,1,695,12.2,75.1,540,32.0,32.1,0.7,3.9,723.4,0,13.07,10.1,34.6,33.0,31.5,29.3,33.6,33.1,30.2,34.0,54.6,57.6,27,40,20.1,25.3,39,40,25,0,0,0,6,6,4,0,20,20,20,33,29,31,40,40,40,45.03,45.04,44.41,54,460,4.5,0,0,0
13.77,332,22.1,22.07,22.06,11.1,10.7,10.9,0,7.1,0.09,0.1,214.4,16.7,276,1,1,709,688,707,1,707,13.5,69.5,502,30.8,32.0,0.7,3.9,723.4,0,13.07,10.1,34.8,33.2,31.6,29.5,33.7,33.4,30.1,34.2,54.6,57.5,27,40,20.1,25.3,39,39,25,0,0,0,6,6,4,0,20,20,20,33,29,31,40,40,40,45.03,45.04,44.41,55,450,4.5,0,0,0
13.27,142,23.94,23.93,23.93,10.7,10.9,10.8,0,13.5,-0.13,-0.06,214.6,13.0,275,1,1,709,687,709,1,709,13.2,70.4,522,31.2,31.2,0.7,3.9,723.4,0,13.07,10.1,34.6,33.1,31.5,29.3,33.6,33.2,30.2,34.1,54.6,57.4,27,40,20.1,25.3,39,39,25,0,0,0,6,6,4,0,20,20,20,33,29,31,40,40,40,45.03,45.05,44.41,54,460,4.5,0,0,0
13.16,128,23.02,23.0,22.99,10.8,10.9,11.0,0,6.1,0.13,0.16,214.7,12.0,278,1,1,706,687,704,2,700,12.8,70.9,525,32.7,32.8,0.8,4.0,723.4,0,13.07,10.1,34.7,33.3,31.6,29.5,33.8,33.5,30.3,34.3,54.6,57.6,27,40,20.2,25.3,40,41,25,0,0,0,6,6,4,0,20,20,20,33,29,31,40,40,40,45.03,45.04,44.41,54,460,4.5,0,0,0
12.68,232,24.2,24.22,24.21,10.9,11.1,11.0,0,5.6,-0.05,0.23,214.7,16.7,280,1,1,702,688,698,1,707,12.6,73.7,536,29.7,31.1,0.6,3.8,723.4,0,13.07,10.1,34.5,32.9,31.5,29.2,33.5,33.0,29.9,34.0,54.6,57.6,27,40,20.1,25.3,38,39,25,0,0,0,6,6,4,0,20,20,20,33,29,31,40,40,40,45.03,45.04,44.41,53,460,4.4,0,0,0
13.21,342,23.02,23.0,22.99,11.2,10.9,10.9,0,4.1,0.11,0.08,214.6,18.9,278,1,1,709,687,706,0,705,13.1,72.6,522,32.9,32.7,0.8,3.9,723.4,0,13.07,10.1,34.7,33.3,31.7,29.5,33.8,33.7,30.5,34.2,54.6,57.6,27,40,20.2,25.3,40,41,25,0,0,0,6,6,4,0,20,20,20,33,29,31,40,40,40,45.03,45.05,44.41,54,460,4.5,0,0,0
13.05,10,23.45,23.47,23.46,10.7,11.4,10.8,0,4.6,0.16,0.18,214.8,17.5,281,1,1,706,687,703,2,709,12.8,73.8,530,29.1,30.2,0.6,3.8,723.4,0,13.07,10.1,34.5,32.9,31.4,29.3,33.5,33.0,30.1,33.9,54.6,57.5,27,40,20.1,25.3,37,38,25,0,0,0,6,6,4,0,20,20,20,33,29,31,40,40,40,45.03,45.04,44.41,54,470,4.6,0,0,0
12.69,176,24.18,24.19,24.19,11.4,10.9,10.6,0,-3.7,0.03,0.12,214.7,21.3,285,1,1,700,687,698,2,693,12.5,72.5,539,32.9,33.0,0.8,3.9,723.4,0,13.07,10.1,34.5,33.0,31.4,29.2,33.5,33.1,30.1,34.0,54.6,57.6,27,40,20.1,25.3,40,41,25,0,0,0,6,6,4,0,20,20,20,33,28,31,40,40,40,45.03,45.04,44.41,54,470,4.6,0,0,0
12.66,124,22.34,22.33,22.32,10.6,11.0,11.0,0,7.8,-0.05,0.05,214.8,11.2,276,1,1,699,687,694,0,696,12.4,75.1,537,31.5,31.9,0.7,3.9,723.4,0,13.07,10.1,34.5,33.1,31.5,29.3,33.7,33.2,30.1,34.1,54.6,57.5,27,40,20.1,25.3,39,40,25,0,0,0,6,6,4,0,20,20,20,33,28,31,40,40,40,45.03,45.04,44.41,54,460,4.5,0,0,0
12.56,348,22.75,22.74,22.73,10.8,10.9,10.9,0,2.2,0.03,0.09,214.4,12.7,278,1,1,699,688,689,1,690,12.3,73.0,541,32.6,32.5,0.8,3.9,723.4,0,13.07,10.1,34.7,33.3,31.6,29.5,33.8,33.4,30.2,34.3,54.7,57.5,27,40,20.2,25.3,40,41,25,0,0,0,6,6,4,0,20,20,20,33,29,31,40,40,40,45.03,45.04,44.41,54,460,4.4,0,0,0
12.64,308,24.2,24.22,24.21,10.9,10.8,10.7,0,4.9,-0.01,0.16,214.6,18.9,281,1,1,707,688,700,3,706,12.6,73.0,537,30.1,31.6,0.6,3.8,723.4,0,13.07,10.1,34.6,32.9,31.4,29.2,33.5,32.8,29.9,33.9,54.6,57.7,27,40,20.1,25.3,38,39,25,0,0,0,6,6,4,0,20,20,20,33,29,31,40,40,40,45.03,45.04,44.41,53,460,4.4,0,0,0
12.49,64,24.21,24.19,24.18,10.8,10.7,11.0,0,1.4,-0.04,0.13,214.6,18.4,276,1,1,698,688,692,-1,691,12.3,75.5,542,32.0,32.2,0.7,3.9,723.4,0,13.07,10.1,34.7,33.3,31.7,29.5,33.9,33.5,30.3,34.3,54.7,57.5,27,40,20.3,25.3,40,40,25,0,0,0,6,6,4,0,20,20,20,33,29,31,40,40,40,45.03,45.04,44.41,53,450,4.5,0,0,0
13.27,274,23.02,23.0,22.99,10.9,10.7,11.3,0,7.5,0.1,0.12,214.4,16.0,277,1,1,708,687,714,-2,708,13.1,72.0,525,32.8,32.8,0.8,3.9,723.4,0,13.07,10.1,34.8,33.3,31.6,29.5,33.8,33.4,30.2,34.3,54.7,57.5,27,40,20.2,25.3,40,41,25,0,0,0,6,6,4,0,20,20,20,33,29,31,40,40,40,45.03,45.04,44.41,54,460,4.5,0,0,0
14.25,184,19.38,19.37,19.37,10.6,10.5,10.4,0,13.0,-0.13,0.03,214.9,14.8,277,1,1,716,688,719,-1,728,14.1,68.2,490,30.3,30.2,0.7,3.9,723.4,0,13.07,10.1,34.6,33.2,31.6,29.4,33.7,33.5,30.5,34.0,54.6,57.6,27,40,20.1,25.3,38,38,25,0,0,0,6,6,4,0,20,20,20,33,29,31,40,40,40,45.03,45.04,44.41,54,460,4.4,0,0,0
12.64,238,24.63,24.64,24.63,10.6,11.1,11.0,0,0.6,0.07,0.21,214.4,18.2,284,1,1,694,687,690,0,706,12.4,74.3,537,32.9,33.0,0.8,3.9,723.4,0,13.07,10.1,34.5,32.9,31.4,29.3,33.5,33.2,29.9,34.0,54.6,57.6,27,40,20.1,25.3,41,41,25,0,0,0,6,6,4,0,20,20,20,33,28,31,40,40,40,45.03,45.04,44.41,54,460,4.5,0,0,0
13.63,0,23.29,23.28,23.28,11.4,10.8,10.9,0,7.3,0.04,-0.01,214.8,15.6,276,1,1,714,687,719,1,715,13.5,70.2,512,30.9,30.7,0.7,3.9,723.4,0,13.07,10.1,34.6,33.1,31.6,29.3,33.6,33.2,30.0,34.1,54.6,57.6,26,40,20.1,25.3,39,39,25,0,0,0,6,6,4,0,20,20,20,33,29,31,40,40,40,45.03,45.04,44.41,54,450,4.4,0,0,0
13.9,214,24.5,24.47,24.46,10.8,11.3,11.1,0,4.5,0.02,0.12,214.3,17.3,278,1,1,712,689,710,1,716,13.6,67.9,499,31.0,31.1,0.7,3.9,723.4,0,13.07,10.1,34.9,33.4,31.8,29.5,33.8,33.6,30.1,34.3,54.7,57.4,27,40,20.3,25.3,39,39,25,0,0,0,6,6,4,0,20,20,20,33,29,31,40,40,40,45.03,45.04,44.41,54,460,4.5,0,0,0
13.88,242,22.1,22.07,22.06,10.9,10.9,11.3,0,10.3,-0.04,0.1,214.4,12.3,276,1,1,709,688,708,2,716,13.7,67.7,498,30.7,32.0,0.7,3.9,723.4,0,13.07,10.1,34.8,33.2,31.6,29.5,33.7,33.4,30.1,34.2,54.6,57.5,27,40,20.1,25.3,39,39,25,0,0,0,6,6,4,0,20,20,20,33,29,31,40,40,40,45.03,45.04,44.41,55,450,4.5,0,0,0
12.59,68,24.21,24.19,24.18,10.8,10.7,11.1,0,9.1,0.03,0.24,214.3,17.0,276,1,1,696,688,691,-1,688,12.2,73.7,539,32.2,31.9,0.8,3.9,723.4,0,13.07,10.1,34.7,33.3,31.7,29.5,33.8,33.6,30.2,34.3,54.6,57.6,27,40,20.3,25.3,40,40,25,0,0,0,6,6,4,0,20,20,20,33,28,31,40,40,40,45.03,45.04,44.41,54,460,4.4,0,0,0
12.02,28,23.89,23.91,23.9,10.8,10.8,10.8,0,-6.8,-0.09,0.08,214.6,10.9,284,1,1,685,687,666,1,659,11.6,76.2,544,32.7,32.7,0.8,4.0,723.4,0,13.07,10.1,34.5,33.0,31.4,29.3,33.5,33.3,30.2,33.9,54.6,57.6,27,40,20.1,25.3,40,41,25,0,0,0,6,6,4,0,20,20,20,33,29,31,40,40,40,45.03,45.04,44.41,54,460,4.4,0,0,0
13.21,200,23.02,23.0,22.99,10.7,11.3,10.8,0,7.9,0.02,0.16,214.4,14.7,277,1,1,716,688,709,1,704,12.9,71.0,525,32.7,32.7,0.8,4.0,723.4,0,13.07,10.1,34.7,33.3,31.6,29.5,33.8,33.6,30.3,34.3,54.6,57.6,27,40,20.2,25.3,40,41,25,0,0,0,6,6,4,0,20,20,20,33,29,31,40,40,40,45.03,45.04,44.41,54,460,4.5,0,0,0
12.86,234,20.99,20.97,20.96,11.0,10.8,10.7,0,2.2,0.11,-0.03,214.4,12.7,278,1,1,702,688,698,-1,700,12.5,71.8,531,29.6,30.6,0.6,3.8,723.4,0,13.07,10.1,34.8,33.2,31.6,29.4,33.7,33.0,29.9,34.2,54.6,57.5,27,40,20.1,25.3,38,38,25,0,0,0,6,6,4,0,20,20,20,33,29,31,40,40,40,45.03,45.04,44.41,54,460,4.5,0,0,0
12.14,10,19.49,19.51,19.5,10.8,11.1,11.0,0,-1.0,-0.01,0.23,214.4,11.2,280,1,1,684,687,671,-1,665,11.8,73.4,544,28.8,29.6,0.6,3.8,723.4,0,13.07,10.1,34.6,33.2,31.6,29.4,33.7,33.4,30.3,34.1,54.6,57.6,27,40,20.1,25.3,37,38,25,0,0,0,6,6,4,0,20,20,20,33,29,31,40,40,40,45.03,45.04,44.41,54,460,4.6,0,0,0
12.85,308,21.83,21.81,21.8,13.7,12.9,13.0,0,8.7,0.08,0.07,214.4,12.9,275,1,1,696,688,687,1,687,12.5,71.5,526,30.4,31.2,0.7,3.8,723.4,0,13.07,10.1,34.7,33.2,31.6,29.5,33.7,33.4,30.2,34.2,54.6,57.6,27,40,20.1,25.3,38,39,25,0,0,0,6,6,4,0,20,20,20,33,29,31,40,40,40,45.03,45.04,44.41,54,460,4.4,0,0,0
12.65,284,24.21,24.19,24.18,10.9,10.9,10.9,0,11.7,-0.02,0.23,214.6,15.4,275,1,1,702,688,696,1,700,12.4,75.3,538,32.3,32.2,0.8,3.9,723.4,0,13.07,10.1,34.8,33.3,31.7,29.5,33.8,33.5,30.2,34.3,54.7,57.6,27,40,20.3,25.3,40,40,25,0,0,0,6,6,4,0,20,20,20,33,29,31,40,40,40,45.04,45.04,44.41,54,460,4.5,0,0,0
13.33,342,23.02,23.0,22.99,11.0,11.0,10.9,0,7.3,0.05,0.18,214.4,13.4,277,1,1,711,687,711,0,726,13.1,72.4,525,33.2,32.9,0.8,4.0,723.4,0,13.07,10.1,34.8,33.3,31.6,29.5,33.7,33.4,30.2,34.2,54.6,57.5,26,40,20.1,25.3,41,41,25,0,0,0,6,6,4,0,20,20,20,33,28,31,40,40,40,45.03,45.04,44.41,54,460,4.5,0,0,0
13.01,204,22.98,22.96,22.95,10.8,11.1,10.8,0,4.3,0.12,0.09,214.4,17.5,278,1,1,711,688,704,0,700,12.7,73.9,529,32.6,32.7,0.8,3.9,723.4,0,13.07,10.1,34.8,33.3,31.6,29.5,33.8,33.5,30.2,34.3,54.7,57.5,26,40,20.2,25.3,40,41,25,0,0,0,6,6,4,0,20,20,20,33,29,31,40,40,40,45.03,45.04,44.41,53,450,4.4,0,0,0
14.04,98,18.79,18.82,18.81,11.3,11.1,11.1,0,10.3,0.14,0.0,214.4,11.7,278,1,1,715,688,714,1,718,13.8,67.4,497,30.2,30.4,0.7,3.9,723.4,0,13.07,10.1,34.6,33.2,31.6,29.4,33.7,33.6,30.6,34.0,54.6,57.6,27,40,20.1,25.3,38,38,25,0,0,0,6,6,4,0,20,20,20,33,29,31,40,40,40,45.03,45.04,44.41,54,460,4.6,0,0,0
13.63,190,18.04,18.08,18.07,11.8,11.2,11.3,0,6.9,-0.07,0.29,214.4,13.5,279,1,1,715,688,719,2,719,13.5,69.6,513,30.1,30.4,0.7,3.9,723.4,0,13.07,10.1,34.6,33.2,31.6,29.4,33.7,33.4,30.4,34.1,54.6,57.5,27,40,20.1,25.3,38,38,25,0,0,0,6,6,4,0,20,20,20,33,29,31,40,40,40,45.03,45.04,44.41,55,460,4.5,0,0,0
12.17,320,24.46,24.48,24.47,12.5,13.1,12.1,0,-0.2,-0.12,-0.07,215.0,14.3,280,1,1,655,687,629,1,626,11.9,70.9,505,32.7,32.5,0.8,4.0,723.4,0,13.07,10.1,34.4,33.0,31.5,29.3,33.6,33.5,30.2,34.0,54.6,57.4,26,40,20.1,25.3,40,40,25,0,0,0,6,6,4,0,20,20,20,33,29,31,40,40,40,45.03,45.04,44.41,54,460,4.5,0,0,0
13.6,210,25.51,25.52,25.52,11.6,10.8,10.9,0,0.9,0.03,0.16,214.6,14.0,279,1,1,709,688,703,2,705,13.4,70.6,508,32.5,32.4,0.8,3.9,723.4,0,13.07,10.1,34.5,33.0,31.5,29.3,33.6,33.1,30.3,34.0,54.6,57.5,27,40,20.1,25.3,40,40,25,0,0,0,6,6,4,0,20,20,20,33,29,31,40,40,40,45.03,45.04,44.41,54,460,4.4,0,0,0
13.18,62,22.98,22.96,22.95,10.9,11.1,11.0,0,7.3,-0.04,0.11,214.6,16.8,277,1,1,710,688,707,1,714,12.8,71.8,525,32.6,32.9,0.8,3.9,723.4,0,13.07,10.1,34.8,33.3,31.7,29.5,33.8,33.5,30.2,34.3,54.7,57.5,27,40,20.2,25.3,40,41,25,0,0,0,6,6,4,0,20,20,20,33,29,31,40,40,40,45.03,45.04,44.41,53,460,4.4,0,0,0
12.86,214,24.5,24.47,24.46,10.8,10.6,11.1,0,11.2,0.04,0.23,214.6,11.2,277,1,1,704,689,702,-1,714,12.7,72.1,529,31.8,31.6,0.7,3.9,723.4,0,13.07,10.1,34.8,33.3,31.7,29.5,33.8,33.4,30.1,34.2,54.7,57.5,26,40,20.3,25.3,39,40,25,0,0,0,6,6,4,0,20,20,20,32,29,31,40,40,40,45.04,45.04,44.41,54,460,4.4,0,0,0
12.25,142,24.21,24.19,24.18,10.9,10.6,11.0,0,11.9,0.05,0.05,214.4,16.4,275,1,1,692,689,683,-1,680,12.0,73.2,544,31.9,31.8,0.7,3.9,723.4,0,13.07,10.1,34.8,33.3,31.7,29.5,33.8,33.3,29.8,34.3,54.6,57.5,27,40,20.3,25.3,39,40,25,0,0,0,6,6,4,0,20,20,20,33,29,31,40,40,40,45.03,45.04,44.41,53,450,4.5,0,0,0
12.05,68,24.21,24.19,24.18,10.8,10.6,10.9,0,9.3,0.09,0.21,214.6,18.2,275,1,1,683,688,670,1,673,11.7,75.0,544,32.0,32.0,0.7,3.9,723.4,0,13.07,10.1,34.8,33.3,31.7,29.5,33.8,33.3,30.0,34.3,54.6,57.7,27,40,20.3,25.3,39,40,25,0,0,0,6,6,4,0,20,20,20,33,29,31,40,40,40,45.03,45.04,44.41,53,450,4.5,0,0,0
12.59,198,22.79,22.77,22.77,10.6,11.1,11.0,0,1.4,0.1,-0.02,215.1,12.9,276,1,1,689,687,687,1,681,12.3,72.3,537,31.7,31.7,0.7,3.9,723.4,0,13.07,10.2,34.6,33.0,31.5,29.3,33.6,33.0,29.9,34.1,54.6,57.4,27,40,20.1,25.3,39,40,25,0,0,0,6,6,4,0,20,20,20,33,29,31,40,40,40,45.03,45.04,44.41,54,460,4.5,0,0,0
13.21,178,23.94,23.93,23.93,10.8,11.2,10.9,0,13.6,0.2,0.24,214.6,19.1,274,1,1,711,688,711,1,718,13.0,72.6,526,31.5,31.5,0.7,3.9,723.4,0,13.07,10.1,34.6,33.1,31.5,29.3,33.6,33.3,30.3,34.0,54.6,57.5,27,40,20.1,25.3,39,39,25,0,0,0,6,6,4,0,20,20,20,33,29,31,40,40,40,45.03,45.04,44.41,54,460,4.5,0,0,0
12.65,28,24.63,24.64,24.63,11.1,10.8,10.7,0,-1.8,0.09,0.11,214.8,21.1,285,1,1,701,687,699,0,705,12.5,72.5,537,32.9,32.9,0.8,3.9,723.4,0,13.07,10.1,34.5,32.9,31.4,29.2,33.5,33.0,30.0,34.0,54.6,57.6,27,40,20.1,25.3,41,41,25,0,0,0,6,6,4,0,20,20,20,33,29,31,40,40,40,45.03,45.05,44.41,54,460,4.5,0,0,0
12.03,160,19.37,19.4,19.39,14.0,13.5,13.5,0,-0.7,0.11,0.3,214.6,14.0,280,1,1,686,688,669,2,670,11.8,74.2,544,28.7,29.6,0.6,3.8,723.4,0,13.07,10.1,34.6,33.2,31.6,29.4,33.7,33.4,30.3,34.1,54.6,57.6,27,40,20.1,25.3,37,38,25,0,0,0,6,6,4,0,20,20,20,33,28,31,40,40,40,45.03,45.04,44.41,54,460,4.5,0,0,0
12.65,346,22.79,22.77,22.77,10.8,10.9,11.3,0,13.3,-0.07,0.29,214.6,10.0,273,1,1,685,687,670,0,669,12.4,69.5,519,31.7,31.6,0.7,3.9,723.4,0,13.07,10.2,34.7,33.0,31.5,29.3,33.5,32.9,30.0,34.0,54.6,57.4,27,40,20.1,25.3,39,40,25,0,0,0,6,6,4,0,20,20,20,33,29,31,40,40,40,45.03,45.04,44.41,54,460,4.5,0,0,0
12.23,120,21.58,21.58,21.58,10.5,11.0,10.8,0,6.4,0.01,0.12,214.7,10.9,277,1,1,693,687,681,-1,691,11.9,73.8,544,31.6,31.9,0.7,3.9,723.4,0,13.07,10.1,34.5,33.0,31.5,29.3,33.6,33.3,30.2,34.1,54.6,57.5,27,40,20.1,25.3,39,40,25,0,0,0,6,6,4,0,20,20,20,33,29,31,40,40,40,45.03,45.04,44.41,54,460,4.5,0,0,0
12.65,4,24.5,24.47,24.46,10.6,11.3,10.8,0,11.2,0.09,-0.05,214.6,17.5,276,1,1,698,689,686,-1,695,12.2,73.9,536,31.8,31.7,0.7,3.9,723.4,0,13.07,10.1,34.8,33.3,31.8,29.5,33.8,33.4,30.1,34.2,54.6,57.5,27,40,20.3,25.3,39,40,25,0,0,0,6,6,4,0,20,20,20,33,28,31,40,40,40,45.03,45.04,44.41,54,460,4.4,0,0,0
11.83,206,22.84,22.83,22.82,12.8,12.3,12.0,0,5.8,0.17,0.1,214.4,13.4,277,1,1,668,687,654,-1,659,11.6,73.5,544,32.4,32.3,0.8,3.9,723.4,0,13.07,10.1,34.8,33.3,31.6,29.5,33.8,33.3,30.1,34.3,54.7,57.4,27,40,20.2,25.3,40,41,25,0,0,0,6,6,4,0,20,20,20,33,29,31,40,40,40,45.03,45.04,44.41,53,450,4.5,0,0,0
13.52,332,23.95,23.94,23.94,10.8,10.7,11.0,0,12.9,0.02,0.07,214.4,11.6,273,1,1,719,687,722,1,731,13.2,70.6,521,31.4,31.6,0.7,3.9,723.4,0,13.07,10.1,34.6,33.1,31.5,29.3,33.6,33.2,30.3,34.0,54.6,57.5,27,40,20.1,25.3,39,39,25,0,0,0,6,6,4,0,20,20,20,33,29,31,40,40,40,45.03,45.04,44.41,54,450,4.4,0,0,0
12.64,316,24.63,24.64,24.63,10.8,10.9,11.3,0,0.4,-0.02,0.11,214.9,16.2,285,1,1,707,688,699,-3,706,12.4,75.2,539,33.0,33.1,0.8,3.9,723.4,0,13.07,10.2,34.5,32.9,31.4,29.3,33.5,33.0,30.0,34.0,54.6,57.6,27,40,20.1,25.3,41,41,25,0,0,0,6,6,4,0,20,20,20,33,29,31,40,40,40,45.03,45.05,44.41,53,450,4.6,0,0,0
13.37,4,24.5,24.47,24.46,11.1,10.8,10.9,0,9.1,0.03,0.05,214.4,14.5,277,1,1,713,689,708,0,713,13.0,70.2,520,31.5,31.3,0.7,3.9,723.4,0,13.07,10.1,34.8,33.4,31.7,29.5,33.7,33.5,30.0,34.3,54.7,57.5,27,40,20.3,25.3,39,39,25,0,0,0,6,6,4,0,20,20,20,33,28,31,40,40,40,45.03,45.04,44.41,54,460,4.5,0,0,0
12.21,294,14.58,14.64,14.63,10.6,10.9,10.9,0,6.9,0.14,-0.2,215.0,13.1,280,1,1,692,688,678,0,671,11.8,74.5,544,29.8,29.8,0.7,3.9,723.4,0,13.07,10.1,34.7,33.2,31.6,29.4,33.7,33.2,30.2,34.2,54.6,57.5,27,40,20.1,25.3,38,39,25,0,0,0,6,6,4,0,20,20,20,33,29,31,40,40,40,45.03,45.04,44.41,55,460,4.6,0,0,0
12.9,294,19.52,19.53,19.52,12.7,12.0,12.4,0,12.0,0.15,0.03,214.8,10.5,275,1,1,696,688,692,2,699,12.6,72.5,528,30.6,30.4,0.7,3.9,723.4,0,13.07,10.1,34.7,33.2,31.6,29.3,33.6,33.2,30.2,34.0,54.6,57.5,27,40,20.1,25.3,38,39,25,0,0,0,6,6,4,0,20,20,20,33,29,31,40,40,40,45.03,45.04,44.41,54,460,4.5,0,0,0
12.13,124,20.9,20.92,20.91,10.8,10.9,10.8,0,-4.3,-0.07,0.21,214.9,15.2,280,1,1,690,688,681,2,678,11.9,76.2,544,32.0,31.8,0.8,3.9,723.4,0,13.07,10.1,34.6,33.0,31.5,29.3,33.6,33.2,30.2,34.0,54.6,57.5,27,40,20.1,25.3,39,40,25,0,0,0,6,6,4,0,20,20,20,33,29,31,40,40,40,45.03,45.04,44.41,55,460,4.5,0,0,0
13.15,348,22.98,22.96,22.95,10.8,10.6,11.3,0,5.9,0.11,-0.02,214.3,16.7,277,1,1,708,688,706,1,711,12.8,70.8,525,32.5,32.6,0.8,4.0,723.4,0,13.07,10.1,34.8,33.3,31.7,29.5,33.8,33.4,30.1,34.3,54.7,57.6,27,40,20.2,25.3,40,41,25,0,0,0,6,6,4,0,20,20,20,33,29,31,40,40,40,45.03,45.04,44.41,54,460,4.5,0,0,0
14.13,176,23.79,23.77,23.77,10.4,10.5,10.4,0,9.2,0.04,0.19,215.2,15.5,276,1,1,715,688,714,0,720,13.8,69.3,496,31.1,31.1,0.7,3.9,723.4,0,13.07,10.1,34.6,33.1,31.5,29.3,33.6,33.1,30.0,34.1,54.6,57.6,27,40,20.1,25.3,39,39,25,0,0,0,6,6,4,0,20,20,20,33,29,31,40,40,40,45.03,45.04,44.41,54,460,4.5,0,0,0
12.55,58,22.79,22.77,22.77,11.1,10.9,10.8,0,9.3,0.03,0.14,214.6,12.6,273,1,1,693,687,680,1,678,12.3,72.9,530,31.6,31.8,0.7,3.9,723.4,0,13.07,10.2,34.7,33.0,31.5,29.3,33.5,32.9,30.0,34.0,54.6,57.4,26,40,20.1,25.3,39,40,25,0,0,0,6,6,4,0,20,20,20,33,29,31,40,40,40,45.03,45.04,44.41,54,460,4.4,0,0,0
13.98,358,21.36,21.37,21.36,10.9,11.9,11.4,0,12.1,0.18,0.36,214.6,15.2,275,1,1,713,687,718,1,713,13.8,67.9,501,30.7,30.9,0.7,3.9,723.4,0,13.07,10.1,34.6,33.2,31.5,29.3,33.7,33.3,30.1,34.1,54.6,57.6,27,40,20.1,25.3,38,39,25,0,0,0,6,6,4,0,20,20,20,33,29,31,40,40,40,45.03,45.04,44.41,54,450,4.5,0,0,0
12.38,204,22.75,22.74,22.73,11.3,10.8,10.6,0,3.8,0.26,0.09,214.3,16.8,277,1,1,695,688,687,1,695,12.1,75.8,544,32.4,32.6,0.8,3.9,723.4,0,13.07,10.1,34.7,33.3,31.6,29.5,33.8,33.4,30.2,34.3,54.7,57.5,27,40,20.2,25.3,40,41,25,0,0,0,6,6,4,0,20,20,20,33,29,31,40,40,40,45.03,45.04,44.41,54,450,4.4,0,0,0
12.33,84,20.03,20.04,20.03,10.7,10.8,11.4,0,10.4,-0.02,0.16,214.4,10.9,278,1,1,690,688,680,2,689,12.0,75.8,544,28.8,29.9,0.6,3.8,723.4,0,13.07,10.1,34.6,33.2,31.6,29.4,33.8,33.3,30.2,34.2,54.6,57.5,26,40,20.1,25.3,37,38,25,0,0,0,6,6,4,0,20,20,20,33,28,31,40,40,40,45.03,45.04,44.41,55,470,4.6,0,0,0
12.17,68,24.21,24.19,24.18,10.7,10.8,11.2,0,10.5,-0.17,0.31,214.6,18.5,275,1,1,687,689,677,1,682,12.0,74.6,544,31.6,31.8,0.7,3.9,723.4,0,13.07,10.1,34.8,33.3,31.7,29.5,33.8,33.3,29.9,34.3,54.6,57.6,27,40,20.3,25.3,39,40,25,0,0,0,6,6,4,0,20,20,20,32,28,31,40,40,40,45.03,45.04,44.41,54,460,4.4,0,0,0
13.54,30,24.5,24.47,24.46,10.9,10.9,10.9,0,9.7,0.07,0.19,214.6,13.1,277,1,1,707,689,706,1,710,13.3,68.9,513,31.4,31.2,0.7,3.9,723.4,0,13.07,10.1,34.8,33.4,31.7,29.5,33.8,33.5,30.0,34.3,54.7,57.4,27,40,20.3,25.3,39,39,25,0,0,0,6,6,4,0,20,20,20,33,29,31,40,40,40,45.03,45.04,44.41,54,450,4.4,0,0,0
12.39,86,18.9,18.92,18.91,10.8,10.9,11.7,0,6.3,0.01,0.0,214.6,12.5,279,1,1,696,688,684,2,668,11.9,76.0,544,28.5,29.4,0.6,3.8,723.4,0,13.07,10.1,34.7,33.2,31.6,29.4,33.7,33.3,30.3,34.1,54.6,57.5,27,40,20.1,25.3,37,37,25,0,0,0,6,6,4,0,20,20,20,33,29,31,40,40,40,45.03,45.05,44.41,53,460,4.5,0,0,0
12.65,300,18.9,18.92,18.91,11.1,11.4,10.9,0,9.2,0.04,0.09,214.6,13.8,279,1,1,704,688,694,2,702,12.3,75.0,540,28.7,29.4,0.6,3.8,723.4,0,13.07,10.1,34.7,33.2,31.5,29.4,33.7,33.3,30.2,34.2,54.6,57.6,26,40,20.1,25.3,37,37,25,0,0,0,6,6,4,0,20,20,20,33,29,31,40,40,40,45.03,45.04,44.41,54,460,4.5,0,0,0
12.64,92,20.88,20.86,20.85,10.8,10.7,11.1,0,3.4,0.01,0.29,214.8,16.2,278,1,1,705,688,699,2,697,12.5,72.6,539,29.8,30.7,0.6,3.8,723.4,0,13.07,10.1,34.8,33.2,31.6,29.4,33.7,33.2,30.0,34.2,54.6,57.5,27,40,20.1,25.3,38,39,25,0,0,0,6,6,4,0,20,20,20,33,29,31,40,40,40,45.03,45.04,44.41,54,450,4.5,0,0,0
13.58,180,23.29,23.28,23.28,10.6,11.2,11.3,0,1.3,0.03,0.21,214.8,17.5,277,1,1,707,687,711,-2,708,13.2,69.1,514,31.1,31.1,0.7,3.9,723.4,0,13.07,10.1,34.6,33.1,31.6,29.3,33.6,33.3,30.1,34.1,54.6,57.6,27,40,20.1,25.3,39,39,25,0,0,0,6,6,4,0,20,20,20,33,29,31,40,40,40,45.04,45.04,44.41,54,450,4.5,0,0,0
12.76,246,24.17,24.19,24.19,10.5,11.4,11.1,0,-1.0,-0.02,0.39,215.1,18.9,284,1,1,704,687,694,2,696,12.5,73.7,535,33.0,33.1,0.8,3.9,723.4,0,13.07,10.1,34.6,32.9,31.5,29.3,33.5,33.1,30.0,34.0,54.6,57.6,27,40,20.1,25.3,40,41,25,0,0,0,6,6,4,0,20,20,20,33,29,32,40,40,40,45.03,45.04,44.41,54,460,4.4,0,0,0
13.01,50,23.02,23.0,22.99,10.8,11.1,11.0,0,6.4,0.06,0.22,214.7,18.0,278,1,1,705,687,702,1,713,12.6,73.9,530,33.1,32.9,0.8,3.9,723.4,0,13.07,10.1,34.7,33.3,31.7,29.5,33.8,33.6,30.4,34.2,54.6,57.6,27,40,20.2,25.3,40,41,25,0,0,0,6,6,4,0,20,20,20,33,29,31,40,40,40,45.03,45.04,44.41,54,460,4.6,0,0,0
12.28,302,20.03,20.04,20.03,10.7,11.1,10.9,0,6.2,0.07,0.1,214.9,15.6,278,1,1,686,688,679,-1,690,12.0,75.3,544,28.9,29.9,0.6,3.8,723.4,0,13.07,10.1,34.7,33.2,31.6,29.4,33.7,33.2,30.1,34.2,54.6,57.7,27,40,20.1,25.3,37,38,25,0,0,0,6,6,4,0,20,20,20,33,29,31,40,40,40,45.03,45.04,44.41,54,460,4.6,0,0,0
12.22,12,20.03,20.04,20.03,10.9,10.9,11.0,0,1.4,0.06,0.12,214.4,14.1,279,1,1,688,687,680,0,678,12.1,76.2,544,28.8,29.7,0.6,3.8,723.4,0,13.07,10.1,34.6,33.2,31.6,29.4,33.8,33.4,30.3,34.2,54.6,57.6,27,40,20.1,25.3,37,38,25,0,0,0,6,6,4,0,20,20,20,33,29,31,40,40,40,45.04,45.04,44.41,54,450,4.4,0,0,0
13.46,204,25.51,25.52,25.52,10.9,11.1,11.0,0,7.4,0.08,0.35,215.0,24.2,278,1,1,717,687,722,0,724,13.4,72.5,520,32.3,32.3,0.8,3.9,723.4,0,13.07,10.1,34.5,33.0,31.5,29.3,33.6,33.2,30.4,33.9,54.6,57.5,27,40,20.1,25.3,40,40,25,0,0,0,6,6,4,0,20,20,20,33,29,32,40,40,40,45.03,45.05,44.41,54,470,4.4,0,0,0
13.38,290,17.35,17.39,17.38,11.2,11.1,11.2,0,7.8,-0.03,0.41,214.4,10.6,279,1,1,723,688,723,-1,727,13.2,72.8,525,30.2,30.2,0.7,3.9,723.4,0,13.07,10.1,34.6,33.2,31.6,29.4,33.7,33.4,30.4,34.1,54.6,57.5,26,40,20.1,25.3,38,39,25,0,0,0,6,6,4,0,20,20,20,33,29,31,40,40,40,45.03,45.04,44.41,55,460,4.6,0,0,0
12.75,30,24.18,24.19,24.19,10.6,11.0,11.4,0,-3.7,0.21,-0.17,214.6,13.7,285,1,1,700,687,694,-1,688,12.3,73.7,536,33.0,32.7,0.8,3.9,723.4,0,13.07,10.1,34.5,32.9,31.5,29.3,33.5,33.1,30.0,34.0,54.6,57.5,27,40,20.1,25.3,40,41,25,0,0,0,6,6,4,0,20,20,20,33,29,31,40,40,40,45.04,45.04,44.41,55,460,4.5,0,0,0
12.74,16,24.2,24.22,24.21,10.7,11.1,10.8,0,5.3,0.03,0.16,214.6,21.6,280,1,1,702,687,700,0,700,12.6,74.7,534,29.4,30.7,0.6,3.8,723.4,0,13.07,10.1,34.5,33.0,31.4,29.3,33.5,33.0,30.0,34.0,54.6,57.5,27,40,20.1,25.3,38,38,25,0,0,0,6,6,4,0,20,20,20,33,29,31,40,40,40,45.03,45.04,44.41,54,470,4.4,0,0,0
12.53,22,24.63,24.64,24.63,11.1,10.7,11.1,0,-1.8,0.0,0.0,214.7,18.9,285,1,1,695,688,686,1,701,12.3,72.5,538,33.0,33.0,0.8,3.9,723.4,0,13.07,10.2,34.5,32.9,31.4,29.3,33.5,33.1,29.9,33.9,54.6,57.5,27,40,20.1,25.3,41,41,25,0,0,0,6,6,4,0,20,20,20,33,29,31,40,40,40,45.03,45.04,44.41,54,460,4.4,0,0,0
13.02,222,19.59,19.59,19.58,11.2,10.9,10.8,0,10.1,0.0,-0.03,214.4,15.4,276,1,1,705,688,701,1,704,12.8,72.0,527,30.6,30.4,0.7,3.9,723.4,0,13.07,10.1,34.7,33.2,31.6,29.3,33.6,33.3,30.3,34.0,54.6,57.5,27,40,20.1,25.3,38,38,25,0,0,0,6,6,4,0,20,20,20,33,29,31,40,40,40,45.03,45.04,44.41,54,450,4.5,0,0,0
12.09,166,24.24,24.25,24.25,10.6,10.9,10.7,0,8.2,0.03,0.07,214.4,11.7,282,1,1,681,688,671,-2,665,11.9,73.3,544,32.4,33.1,0.7,3.9,723.4,0,13.07,10.1,34.5,33.0,31.4,29.3,33.5,33.2,30.0,33.9,54.6,57.4,27,40,20.1,25.3,40,41,25,0,0,0,6,6,4,0,20,20,20,33,28,31,40,40,40,45.03,45.04,44.41,55,460,4.4,0,0,0
12.54,94,24.63,24.64,24.63,11.2,10.7,10.9,0,0.3,0.11,0.19,214.6,13.7,285,1,1,700,687,690,1,701,12.2,74.1,540,33.1,32.9,0.8,3.9,723.4,0,13.07,10.2,34.5,32.9,31.4,29.3,33.5,33.1,29.9,33.9,54.6,57.5,27,40,20.1,25.3,41,41,25,0,0,0,6,6,4,0,20,20,20,33,29,31,40,40,40,45.03,45.04,44.41,54,460,4.4,0,0,0
13.29,54,23.02,23.0,22.99,10.6,11.3,10.9,0,8.1,0.03,0.02,214.1,16.7,277,1,1,712,687,710,0,713,13.0,72.7,524,33.1,33.0,0.8,3.9,723.4,0,13.07,10.1,34.8,33.3,31.6,29.5,33.7,33.4,30.2,34.2,54.6,57.5,27,40,20.1,25.3,41,41,25,0,0,0,6,6,4,0,20,20,20,33,28,31,40,40,40,45.03,45.04,44.41,54,460,4.5,0,0,0
14.1,174,23.54,23.52,23.52,10.8,10.5,11.2,0,7.5,-0.02,0.01,214.6,18.2,276,1,1,709,688,707,0,714,13.8,67.4,490,31.2,30.9,0.7,3.9,723.4,0,13.07,10.1,34.7,33.1,31.5,29.3,33.6,33.3,30.1,34.1,54.6,57.5,27,40,20.1,25.3,39,39,25,0,0,0,6,6,4,0,20,20,20,33,29,31,40,40,40,45.03,45.04,44.41,55,460,4.6,0,0,0
12.22,214,24.21,24.19,24.18,11.1,10.8,10.5,0,12.0,-0.1,0.23,214.4,17.7,275,1,1,685,688,679,-1,678,11.9,73.4,544,31.8,31.9,0.7,3.9,723.4,0,13.07,10.1,34.8,33.3,31.7,29.5,33.8,33.2,29.8,34.3,54.6,57.6,27,40,20.3,25.3,39,40,25,0,0,0,6,6,4,0,20,20,20,33,29,31,40,40,40,45.03,45.04,44.41,54,450,4.5,0,0,0
13.16,202,23.02,23.0,22.99,10.8,10.6,11.6,0,8.4,0.14,0.08,214.4,16.6,277,1,1,710,687,707,0,719,12.9,73.8,529,33.0,32.7,0.8,4.0,723.4,0,13.07,10.1,34.7,33.3,31.7,29.5,33.8,33.6,30.4,34.2,54.6,57.6,27,40,20.2,25.3,40,41,25,0,0,0,6,6,4,0,20,20,20,33,29,31,40,40,40,45.03,45.04,44.41,54,460,4.5,0,0,0
12.54,66,24.21,24.19,24.18,10.6,10.6,11.3,0,7.6,0.1,0.17,214.4,16.1,276,1,1,698,689,686,2,682,12.2,73.4,537,32.2,32.1,0.8,3.9,723.4,0,13.07,10.1,34.8,33.3,31.7,29.5,33.8,33.5,30.2,34.3,54.7,57.7,26,40,20.3,25.3,40,40,25,0,0,0,6,6,4,0,20,20,20,32,29,31,40,40,40,45.04,45.04,44.41,52,450,4.5,0,0,0
14.41,354,23.54,23.52,23.52,11.3,11.1,10.9,0,5.6,0.09,0.05,214.7,19.3,276,1,1,707,687,701,-1,706,14.0,66.5,479,30.8,31.0,0.7,3.9,723.4,0,13.07,10.1,34.7,33.1,31.6,29.3,33.6,33.3,30.1,34.1,54.6,57.6,26,40,20.1,25.3,39,39,25,0,0,0,6,6,4,0,20,20,20,33,29,31,40,40,40,45.04,45.04,44.41,54,460,4.5,0,0,0
12.85,18,24.2,24.22,24.21,10.8,11.0,11.0,0,4.9,-0.02,0.29,214.9,18.2,281,1,1,700,687,695,1,702,12.5,72.1,533,29.8,31.1,0.6,3.8,723.4,0,13.07,10.1,34.5,32.9,31.4,29.3,33.5,32.9,29.9,34.0,54.6,57.6,27,40,20.1,25.3,38,39,25,0,0,0,6,6,4,0,20,20,20,33,29,31,40,40,40,45.03,45.04,44.41,54,460,4.5,0,0,0
12.15,140,24.21,24.19,24.18,10.7,10.9,11.1,0,9.2,0.13,-0.13,214.7,17.9,275,1,1,685,689,673,0,673,11.9,75.2,544,31.8,31.9,0.7,3.9,723.4,0,13.07,10.1,34.8,33.3,31.7,29.5,33.8,33.3,29.9,34.3,54.6,57.6,27,40,20.3,25.3,39,40,25,0,0,0,6,6,4,0,20,20,20,32,28,31,40,40,40,45.03,45.04,44.41,54,460,4.4,0,0,0
12.63,78,19.38,19.4,19.39,10.8,10.7,10.8,0,9.0,-0.05,0.05,214.9,9.3,276,1,1,696,688,687,0,686,12.4,74.3,533,30.5,30.6,0.7,3.9,723.4,0,13.07,10.1,34.7,33.1,31.6,29.3,33.6,33.2,30.2,34.0,54.6,57.6,27,40,20.1,25.3,38,39,25,0,0,0,6,6,4,0,20,20,20,33,29,31,40,40,40,45.03,45.04,44.41,54,460,4.4,0,0,0
13.79,136,21.83,21.84,21.83,10.6,10.4,10.8,0,8.3,0.21,0.1,214.6,18.2,279,1,1,731,687,740,-2,742,13.5,72.7,523,32.1,32.1,0.8,3.9,723.4,0,13.07,10.1,34.5,33.0,31.5,29.3,33.6,33.1,30.2,34.0,54.6,57.5,27,40,20.1,25.3,39,40,25,0,0,0,6,6,4,0,20,20,20,33,29,31,40,40,40,45.04,45.04,44.41,54,460,4.5,0,0,0
14.0,244,22.1,22.07,22.06,11.1,10.6,10.6,0,9.7,0.02,0.07,214.6,17.2,276,1,1,713,688,715,2,715,13.7,67.3,497,31.1,32.2,0.7,3.9,723.4,0,13.07,10.1,34.7,33.3,31.6,29.5,33.7,33.4,30.1,34.2,54.6,57.7,27,40,20.1,25.3,39,40,25,0,0,0,6,6,4,0,20,20,20,33,29,31,40,40,40,45.03,45.04,44.41,55,450,4.5,0,0,0
12.74,160,21.55,21.53,21.52,10.8,10.8,11.4,0,3.5,-0.01,0.16,214.9,11.6,277,1,1,700,688,694,2,703,12.5,73.6,533,30.2,31.2,0.7,3.8,723.4,0,13.07,10.1,34.7,33.2,31.6,29.4,33.7,33.4,30.3,34.1,54.6,57.5,27,40,20.1,25.3,38,39,25,0,0,0,6,6,4,0,20,20,20,33,29,31,40,40,40,45.03,45.04,44.41,53,460,4.5,0,0,0
12.17,176,24.43,24.45,24.44,11.0,10.8,10.9,0,-4.9,0.0,0.02,215.2,16.2,282,1,1,694,687,678,0,680,12.0,75.2,544,32.6,32.7,0.8,3.9,723.4,0,13.07,10.1,34.4,33.0,31.5,29.3,33.6,33.4,30.3,33.9,54.6,57.6,27,40,20.1,25.3,40,40,25,0,0,0,6,6,4,0,20,20,20,33,29,31,40,40,40,45.04,45.05,44.41,54,450,4.4,0,0,0
