轮毂转速,轮毂角度,叶片1角度,叶片2角度,叶片3角度,变桨电机1电流,变桨电机2电流,变桨电机3电流,超速传感器转速检测值,5秒偏航对风平均值,x方向振动值,y方向振动值,液压制动压力,机舱气象站风速,风向绝对值,大气压力,无功功率控制状态,变频器电网侧电流,变频器电网侧电压,变频器电网侧有功功率,变频器电网侧无功功率,变频器发电机侧功率,发电机运行频率,发电机电流,发电机转矩,变频器入口温度,变频器出口温度,变频器入口压力,变频器出口压力,发电机功率限幅值,无功功率设定值,额定的轮毂转速,测风塔环境温度,发电机定子温度1,发电机定子温度2,发电机定子温度3,发电机定子温度4,发电机定子温度5,发电机定子温度6,发电机空气温度1,发电机空气温度2,主轴承温度1,主轴承温度2,轮毂温度,轮毂控制柜温度,机舱温度,机舱控制柜温度,变频器INU温度,变频器ISU温度,变频器INU RMIO温度,变桨电机1功率估算,变桨电机2功率估算,变桨电机3功率估算,风机当前状态值,轮毂当前状态值,偏航状态值,偏航要求值,叶片1电池箱温度,叶片2电池箱温度,叶片3电池箱温度,叶片1变桨电机温度,叶片2变桨电机温度,叶片3变桨电机温度,叶片1变频器箱温度,叶片2变频器箱温度,叶片3变频器箱温度,叶片1超级电容电压,叶片2超级电容电压,叶片3超级电容电压,驱动1晶闸管温度,驱动2晶闸管温度,驱动3晶闸管温度,驱动1输出扭矩,驱动2输出扭矩,驱动3输出扭矩
9.96,6.01,0.24,0.31,0.29,5.8,4.16,7.02,9.98,7.2,0.04,0.01,175.7,5.7,343.0,1.0,1.0,269.0,679.0,317.0,2.0,291.0,9.94,439.1,301.0,31.6,32.0,0.4,2.6,1644.1,0.0,16.19,16.8,34.7,31.0,34.3,34.1,34.0,32.6,33.1,33.6,46.4,47.8,25.3,27.3,25.9,26.0,30.0,29.0,25.0,-0.1,0.0,0.2,6.0,6.0,4.0,0.0,25.0,25.0,24.0,77.0,92.0,57.0,27.0,27.0,300.0,0.0,0.0,0.0,0.0,0.0,0.0,0.0,0.0,0.0
10.64,294.98,0.24,0.32,0.29,8.74,4.82,8.44,10.64,-2.9,-0.04,-0.06,175.7,6.3,347.0,1.0,1.0,325.0,678.0,397.0,0.0,377.0,10.62,514.0,349.0,31.4,31.6,0.5,2.6,2067.6,0.0,16.83,16.7,34.7,31.0,34.2,34.0,34.0,32.5,33.0,33.6,46.4,47.8,25.3,27.3,25.9,26.1,33.0,30.0,25.0,-0.2,0.0,0.0,6.0,6.0,4.0,0.0,25.0,25.0,24.0,77.0,92.0,57.0,27.0,27.0,300.0,0.0,0.0,0.0,0.0,0.0,0.0,0.0,0.0,0.0
10.57,337.0,0.24,0.32,0.29,7.62,4.86,7.94,10.59,-1.2,0.03,0.01,175.7,5.6,346.0,1.0,1.0,320.0,677.0,387.0,0.0,372.0,10.58,512.8,347.0,31.4,31.6,0.4,2.6,2067.6,0.0,16.83,16.7,34.6,31.0,34.2,34.0,33.9,32.5,33.0,33.6,46.4,47.8,25.3,27.3,25.9,26.1,33.0,31.0,25.0,-0.4,0.0,0.0,6.0,6.0,4.0,0.0,25.0,25.0,24.0,77.0,92.0,57.0,27.0,27.0,300.0,0.0,0.0,0.0,0.0,0.0,0.0,0.0,0.0,0.0
11.4,146.02,0.24,0.32,0.29,6.72,5.22,8.3,11.42,1.4,-0.01,0.0,175.4,6.4,343.0,1.0,1.0,402.0,678.0,491.0,0.0,481.0,11.38,590.5,404.0,32.5,32.0,0.5,2.6,2067.6,0.0,16.83,16.2,35.1,31.5,34.6,34.5,34.4,33.0,33.4,34.0,46.4,47.9,25.3,27.4,25.9,26.1,34.0,31.0,25.0,0.4,0.0,0.2,6.0,6.0,4.0,0.0,25.0,25.0,24.0,78.0,93.0,58.0,27.0,27.0,300.0,0.0,0.0,0.0,0.0,0.0,0.0,0.0,0.0,0.0
9.69,6.98,0.24,0.31,0.29,6.18,4.06,7.26,9.71,17.8,0.0,-0.03,175.6,4.8,338.0,1.0,1.0,260.0,678.0,312.0,0.0,294.0,9.68,431.8,292.0,32.2,31.7,0.5,2.6,2067.6,0.0,16.83,16.6,34.7,31.0,34.3,34.1,34.0,32.6,33.1,33.7,46.5,47.8,25.3,27.3,25.9,26.0,31.0,29.0,25.0,-0.4,0.0,0.0,6.0,6.0,4.0,0.0,25.0,25.0,24.0,77.0,92.0,57.0,27.0,27.0,300.0,0.0,0.0,0.0,0.0,0.0,0.0,0.0,0.0,0.0
10.45,24.98,0.24,0.32,0.29,5.96,4.76,7.8,10.48,-5.7,-0.01,-0.01,175.6,5.3,350.0,1.0,1.0,311.0,678.0,381.0,2.0,365.0,10.46,492.2,338.0,29.3,32.4,0.4,2.6,2067.6,0.0,16.83,16.6,34.7,31.0,34.3,34.1,34.0,32.5,33.1,33.6,46.4,47.7,25.3,27.4,25.9,26.1,31.0,29.0,25.0,-0.3,0.0,0.2,6.0,6.0,4.0,0.0,25.0,25.0,24.0,77.0,92.0,57.0,27.0,27.0,300.0,0.0,0.0,0.0,0.0,0.0,0.0,0.0,0.0,0.0
7.82,133.99,0.24,0.32,0.28,2.24,4.48,5.6,7.82,7.4,0.01,0.0,175.6,4.5,336.0,1.0,1.0,136.0,677.0,173.0,0.0,153.0,7.8,279.2,190.0,32.6,32.2,0.5,2.6,1213.5,0.0,15.51,16.8,34.7,31.0,34.3,34.1,34.0,32.6,33.0,33.6,46.4,47.8,25.3,27.3,25.8,26.1,30.0,29.0,25.0,0.0,0.1,-0.2,6.0,6.0,4.0,0.0,25.0,25.0,24.0,77.0,92.0,57.0,27.0,27.0,300.0,0.0,0.0,0.0,0.0,0.0,0.0,0.0,0.0,0.0
9.99,312.98,0.24,0.32,0.29,8.66,4.54,8.3,10.01,2.3,0.05,0.05,175.7,5.7,342.0,1.0,1.0,272.0,679.0,330.0,0.0,328.0,9.98,456.9,310.0,31.5,31.8,0.5,2.6,1673.9,0.0,16.24,16.7,34.7,31.0,34.3,34.1,34.0,32.6,33.1,33.7,46.5,47.8,25.3,27.3,25.9,26.0,31.0,29.0,25.0,0.0,-0.1,0.0,6.0,6.0,4.0,0.0,25.0,25.0,24.0,77.0,92.0,57.0,27.0,27.0,300.0,0.0,0.0,0.0,0.0,0.0,0.0,0.0,0.0,0.0
12.35,241.99,0.25,0.32,0.29,8.62,6.18,10.1,12.38,0.7,-0.05,0.0,175.5,5.9,345.0,1.0,1.0,517.0,679.0,620.0,0.0,614.0,12.36,699.4,476.0,31.6,31.6,0.5,2.6,2067.6,0.0,16.83,16.3,35.0,31.3,34.5,34.3,34.2,32.8,33.2,33.8,46.3,47.8,25.3,27.5,25.9,26.1,34.0,31.0,25.0,0.0,0.0,0.0,6.0,6.0,4.0,0.0,25.0,25.0,24.0,78.0,93.0,57.0,27.0,27.0,300.0,0.0,0.0,0.0,0.0,0.0,0.0,0.0,0.0,0.0
10.66,94.0,0.24,0.32,0.29,4.9,4.82,7.5,10.72,-5.5,0.01,-0.01,175.6,5.2,347.0,1.0,1.0,334.0,678.0,393.0,-2.0,387.0,10.68,514.7,354.0,31.0,32.0,0.4,2.6,2067.6,0.0,16.83,16.7,34.7,31.0,34.2,34.0,34.0,32.5,33.0,33.6,46.4,47.8,25.3,27.3,25.9,26.1,32.0,30.0,25.0,-0.1,0.0,0.0,6.0,6.0,4.0,0.0,25.0,25.0,24.0,77.0,92.0,57.0,27.0,27.0,300.0,0.0,0.0,0.0,0.0,0.0,0.0,0.0,0.0,0.0
7.7,149.0,0.24,0.32,0.28,2.48,4.54,4.24,7.7,12.6,0.08,0.0,175.7,3.6,334.0,1.0,1.0,135.0,678.0,156.0,0.0,144.0,7.68,272.7,184.0,32.6,32.0,0.5,2.6,1213.5,0.0,15.51,16.8,34.7,31.0,34.3,34.1,34.0,32.6,33.1,33.6,46.4,47.8,25.3,27.3,25.8,26.1,30.0,29.0,25.0,0.1,0.0,-0.2,6.0,6.0,4.0,0.0,25.0,25.0,24.0,77.0,92.0,57.0,27.0,27.0,300.0,0.0,0.0,0.0,0.0,0.0,0.0,0.0,0.0,0.0
7.76,227.02,0.24,0.32,0.28,5.8,4.54,4.56,7.76,10.6,0.05,0.01,175.7,4.1,335.0,1.0,1.0,133.0,678.0,170.0,0.0,150.0,7.76,271.4,188.0,32.6,32.0,0.5,2.6,1213.5,0.0,15.51,16.8,34.7,31.0,34.3,34.1,34.0,32.6,33.1,33.6,46.4,47.8,25.3,27.3,25.9,26.1,30.0,29.0,25.0,0.4,0.0,0.0,6.0,6.0,4.0,0.0,25.0,25.0,24.0,77.0,92.0,57.0,27.0,27.0,300.0,0.0,0.0,0.0,0.0,0.0,0.0,0.0,0.0,0.0
8.95,69.98,0.24,0.31,0.29,4.04,3.7,8.12,8.99,18.8,0.01,0.03,175.7,4.5,334.0,1.0,1.0,202.0,678.0,252.0,0.0,237.0,9.0,369.6,254.0,32.0,32.0,0.5,2.6,1752.4,0.0,16.36,16.6,34.7,31.0,34.3,34.1,34.0,32.6,33.1,33.6,46.4,47.8,25.3,27.3,26.0,26.1,31.0,29.0,25.0,-0.3,0.0,0.0,6.0,6.0,4.0,0.0,25.0,25.0,24.0,77.0,92.0,57.0,27.0,27.0,300.0,0.0,0.0,0.0,0.0,0.0,0.0,0.0,0.0,0.0
12.4,168.01,0.24,0.32,0.29,9.78,5.72,10.82,12.41,-2.0,0.03,0.0,175.4,5.3,346.0,1.0,1.0,515.0,679.0,624.0,0.0,601.0,12.38,698.5,477.0,31.5,31.7,0.5,2.6,2067.6,0.0,16.83,16.3,35.0,31.3,34.5,34.3,34.2,32.8,33.2,33.8,46.3,47.8,25.3,27.5,25.9,26.1,34.0,31.0,25.0,0.2,0.0,0.2,6.0,6.0,4.0,0.0,25.0,25.0,24.0,78.0,93.0,57.0,27.0,27.0,300.0,0.0,0.0,0.0,0.0,0.0,0.0,0.0,0.0,0.0
7.66,195.98,0.24,0.32,0.28,4.2,4.44,3.94,7.68,13.1,-0.07,-0.02,175.7,3.6,334.0,1.0,1.0,132.0,677.0,162.0,0.0,142.0,7.68,267.7,183.0,32.5,31.6,0.5,2.6,1213.5,0.0,15.51,16.8,34.7,31.0,34.3,34.1,34.0,32.5,33.1,33.6,46.4,47.8,25.3,27.3,25.8,26.1,30.0,29.0,25.0,0.3,0.0,0.0,6.0,6.0,4.0,0.0,25.0,25.0,24.0,77.0,92.0,57.0,27.0,27.0,300.0,0.0,0.0,0.0,0.0,0.0,0.0,0.0,0.0,0.0
9.03,15.98,0.24,0.31,0.29,5.14,3.52,8.28,9.05,18.4,0.0,0.01,175.7,4.7,335.0,1.0,1.0,214.0,678.0,249.0,-2.0,242.0,9.04,371.1,256.0,31.9,32.3,0.5,2.6,1752.4,0.0,16.36,16.6,34.7,31.0,34.3,34.1,34.0,32.6,33.1,33.6,46.4,47.8,25.3,27.3,25.9,26.1,31.0,29.0,25.0,-0.5,0.0,0.2,6.0,6.0,4.0,0.0,25.0,25.0,24.0,77.0,92.0,57.0,27.0,27.0,300.0,0.0,0.0,0.0,0.0,0.0,0.0,0.0,0.0,0.0
12.89,145.01,0.25,0.32,0.29,8.66,6.14,9.6,12.94,2.2,0.04,-0.02,175.5,6.9,345.0,1.0,1.0,563.0,679.0,679.0,0.0,661.0,12.86,743.1,509.0,30.2,31.9,0.4,2.6,2067.6,0.0,16.83,16.5,34.9,31.2,34.4,34.2,34.1,32.7,33.1,33.7,46.3,47.8,25.3,27.4,26.0,26.1,34.0,30.0,25.0,0.2,0.0,0.2,6.0,6.0,4.0,0.0,25.0,25.0,24.0,77.0,92.0,57.0,27.0,27.0,300.0,0.0,0.0,0.0,0.0,0.0,0.0,0.0,0.0,0.0
10.56,78.01,0.24,0.32,0.29,5.22,5.06,7.68,10.61,-15.6,-0.04,-0.02,175.6,5.8,353.0,1.0,1.0,327.0,678.0,387.0,0.0,370.0,10.58,503.4,346.0,29.0,32.1,0.4,2.6,2067.6,0.0,16.83,16.6,34.7,31.0,34.3,34.1,34.0,32.6,33.0,33.6,46.4,47.8,25.3,27.4,25.9,26.1,31.0,28.0,25.0,0.0,0.0,0.0,6.0,6.0,4.0,0.0,25.0,25.0,24.0,77.0,92.0,57.0,27.0,27.0,300.0,0.0,0.0,0.0,0.0,0.0,0.0,0.0,0.0,0.0
8.13,88.99,0.24,0.31,0.29,2.54,3.52,7.44,8.16,10.8,0.01,0.03,175.7,4.6,333.0,1.0,1.0,152.0,678.0,188.0,0.0,172.0,8.14,298.6,205.0,32.5,31.7,0.5,2.6,1275.3,0.0,15.61,16.8,34.7,31.0,34.3,34.1,34.0,32.6,33.0,33.6,46.4,47.8,25.3,27.3,25.9,26.1,30.0,29.0,25.0,0.0,0.2,0.0,6.0,6.0,4.0,0.0,25.0,25.0,24.0,77.0,92.0,57.0,27.0,27.0,300.0,0.0,0.0,0.0,0.0,0.0,0.0,0.0,0.0,0.0
12.36,33.98,0.24,0.32,0.29,7.7,6.34,8.54,12.35,-7.3,0.11,0.02,175.6,7.7,355.0,1.0,1.0,488.0,679.0,584.0,3.0,570.0,12.32,671.9,464.0,29.4,32.1,0.5,2.6,2067.6,0.0,16.83,16.6,34.7,31.0,34.3,34.1,34.0,32.6,33.1,33.6,46.4,47.8,25.4,27.4,26.0,26.1,31.0,28.0,25.0,-0.2,0.0,0.0,6.0,6.0,4.0,0.0,25.0,25.0,24.0,77.0,92.0,57.0,27.0,27.0,300.0,0.0,0.0,0.0,0.0,0.0,0.0,0.0,0.0,0.0
11.65,22.0,0.24,0.32,0.29,8.34,5.78,9.9,11.66,2.5,0.04,-0.02,175.5,7.6,344.0,1.0,1.0,427.0,678.0,511.0,0.0,499.0,11.64,614.9,418.0,31.8,32.3,0.5,2.6,2067.6,0.0,16.83,16.3,35.1,31.4,34.6,34.4,34.3,32.9,33.3,33.9,46.4,47.8,25.3,27.4,25.9,26.1,34.0,31.0,25.0,-0.4,0.0,0.0,6.0,6.0,4.0,0.0,25.0,25.0,24.0,78.0,92.0,58.0,27.0,27.0,300.0,0.0,0.0,0.0,0.0,0.0,0.0,0.0,0.0,0.0
7.83,261.0,0.24,0.31,0.28,6.0,3.68,4.08,7.83,-13.1,-0.1,-0.05,175.7,4.9,341.0,1.0,1.0,138.0,678.0,164.0,0.0,151.0,7.82,279.2,189.0,32.4,32.2,0.5,2.6,1075.1,0.0,14.91,16.9,34.7,31.0,34.3,34.1,34.0,32.6,33.0,33.6,46.4,47.8,25.3,27.3,25.9,26.1,30.0,29.0,25.0,0.1,-0.2,0.0,6.0,6.0,4.0,0.0,25.0,25.0,24.0,77.0,92.0,57.0,27.0,27.0,300.0,0.0,0.0,0.0,0.0,0.0,0.0,0.0,0.0,0.0
9.03,217.01,0.24,0.32,0.28,6.34,4.66,6.34,9.05,-4.8,0.0,0.0,175.7,5.7,346.0,1.0,1.0,210.0,678.0,244.0,-2.0,235.0,9.04,367.6,253.0,31.5,31.5,0.5,2.6,1395.8,0.0,15.81,16.8,34.7,31.0,34.3,34.1,34.0,32.6,33.1,33.6,46.4,47.8,25.3,27.3,25.9,26.0,30.0,28.0,25.0,0.0,0.0,0.0,6.0,6.0,4.0,0.0,25.0,25.0,24.0,77.0,92.0,57.0,27.0,27.0,300.0,0.0,0.0,0.0,0.0,0.0,0.0,0.0,0.0,0.0
11.84,232.99,0.24,0.32,0.29,7.86,6.1,9.8,11.83,3.5,-0.05,-0.03,175.4,8.2,344.0,1.0,1.0,436.0,678.0,528.0,2.0,504.0,11.82,623.8,429.0,32.2,31.8,0.5,2.6,2067.6,0.0,16.83,16.3,35.1,31.4,34.6,34.4,34.3,32.9,33.3,33.9,46.4,47.8,25.3,27.4,25.9,26.1,34.0,31.0,25.0,0.2,0.1,0.0,6.0,6.0,4.0,0.0,25.0,25.0,24.0,78.0,93.0,58.0,27.0,27.0,300.0,0.0,0.0,0.0,0.0,0.0,0.0,0.0,0.0,0.0
10.24,47.02,0.24,0.32,0.29,6.08,4.68,9.08,10.25,-3.0,0.0,0.04,175.7,5.3,349.0,1.0,1.0,297.0,678.0,363.0,2.0,340.0,10.24,478.7,325.0,30.2,32.0,0.5,2.6,2067.6,0.0,16.83,16.6,34.7,31.0,34.3,34.1,34.0,32.6,33.0,33.6,46.4,47.8,25.3,27.4,25.9,26.1,32.0,29.0,25.0,-0.1,0.0,0.0,6.0,6.0,4.0,0.0,25.0,25.0,24.0,77.0,92.0,57.0,27.0,27.0,300.0,0.0,0.0,0.0,0.0,0.0,0.0,0.0,0.0,0.0
10.56,254.02,0.24,0.32,0.29,7.26,4.9,7.18,10.56,0.6,0.03,-0.04,175.6,5.4,346.0,1.0,1.0,321.0,678.0,387.0,0.0,365.0,10.52,502.6,342.0,32.0,31.6,0.5,2.6,2067.6,0.0,16.83,16.7,34.6,31.0,34.2,34.0,34.0,32.5,33.0,33.6,46.4,47.8,25.3,27.3,25.9,26.1,33.0,31.0,25.0,0.2,0.0,0.0,6.0,6.0,4.0,0.0,25.0,25.0,24.0,77.0,92.0,57.0,27.0,27.0,300.0,0.0,0.0,0.0,0.0,0.0,0.0,0.0,0.0,0.0
10.65,60.98,0.24,0.32,0.29,5.8,4.82,7.76,10.69,-14.0,0.01,0.01,175.4,5.8,345.0,1.0,1.0,340.0,677.0,396.0,0.0,388.0,10.66,517.7,353.0,33.1,32.0,0.5,2.6,2067.6,0.0,16.83,16.2,35.1,31.5,34.7,34.6,34.4,33.0,33.4,34.0,46.4,47.8,25.3,27.4,25.9,26.1,34.0,31.0,25.0,0.0,0.0,0.0,6.0,6.0,4.0,0.0,25.0,25.0,24.0,78.0,93.0,58.0,27.0,27.0,300.0,0.0,0.0,0.0,0.0,0.0,0.0,0.0,0.0,0.0
10.64,141.98,0.24,0.32,0.29,5.72,4.98,7.32,10.63,-14.0,0.04,0.01,175.5,5.9,353.0,1.0,1.0,325.0,678.0,382.0,-2.0,374.0,10.6,502.3,346.0,28.8,32.4,0.5,2.6,2067.6,0.0,16.83,16.6,34.7,31.0,34.3,34.1,34.0,32.5,33.1,33.6,46.4,47.8,25.3,27.4,25.9,26.1,31.0,28.0,25.0,0.1,0.0,0.0,6.0,6.0,4.0,0.0,25.0,25.0,24.0,77.0,92.0,57.0,27.0,27.0,300.0,0.0,0.0,0.0,0.0,0.0,0.0,0.0,0.0,0.0
10.41,196.99,0.24,0.32,0.29,7.12,4.76,7.96,10.43,-9.9,-0.05,-0.03,175.5,5.9,351.0,1.0,1.0,309.0,678.0,367.0,0.0,354.0,10.4,484.7,335.0,29.8,31.8,0.5,2.6,2067.6,0.0,16.83,16.6,34.7,31.0,34.3,34.1,34.0,32.5,33.0,33.6,46.4,47.7,25.3,27.4,25.9,26.1,31.0,29.0,25.0,0.2,0.0,0.0,6.0,6.0,4.0,0.0,25.0,25.0,24.0,77.0,92.0,57.0,27.0,27.0,300.0,0.0,0.0,0.0,0.0,0.0,0.0,0.0,0.0,0.0
10.59,308.02,0.24,0.32,0.29,7.72,4.9,7.34,10.59,0.8,0.03,-0.04,175.6,5.7,346.0,1.0,1.0,328.0,678.0,393.0,0.0,376.0,10.58,511.1,348.0,30.8,32.1,0.4,2.6,2067.6,0.0,16.83,16.7,34.7,31.0,34.2,34.0,34.0,32.5,33.0,33.6,46.4,47.8,25.3,27.4,25.9,26.1,32.0,30.0,25.0,0.0,0.0,0.0,6.0,6.0,4.0,0.0,25.0,25.0,24.0,77.0,92.0,57.0,27.0,27.0,300.0,0.0,0.0,0.0,0.0,0.0,0.0,0.0,0.0,0.0
12.02,29.99,0.24,0.32,0.29,7.9,5.98,9.26,12.03,-6.1,0.05,0.03,175.5,6.6,344.0,1.0,1.0,472.0,679.0,577.0,0.0,565.0,12.0,660.5,449.0,32.1,32.2,0.5,2.6,2067.6,0.0,16.83,16.2,35.1,31.5,34.6,34.4,34.4,33.0,33.4,33.9,46.4,47.8,25.3,27.4,25.9,26.1,35.0,31.0,25.0,-0.2,0.0,0.0,6.0,6.0,4.0,0.0,25.0,25.0,24.0,78.0,93.0,57.0,27.0,27.0,300.0,0.0,0.0,0.0,0.0,0.0,0.0,0.0,0.0,0.0
10.4,92.99,0.24,0.32,0.29,6.14,4.94,8.68,10.47,-15.8,-0.05,0.02,175.6,4.6,349.0,1.0,1.0,310.0,678.0,381.0,0.0,368.0,10.42,492.3,339.0,30.8,31.6,0.5,2.6,2067.6,0.0,16.83,16.7,34.7,31.0,34.2,34.1,34.0,32.6,33.0,33.6,46.4,47.8,25.3,27.4,25.9,26.1,32.0,30.0,25.0,0.0,0.0,0.0,6.0,6.0,4.0,0.0,25.0,25.0,24.0,77.0,92.0,57.0,27.0,27.0,300.0,0.0,0.0,0.0,0.0,0.0,0.0,0.0,0.0,0.0
11.6,313.99,0.24,0.32,0.29,7.68,6.1,8.7,11.63,2.7,-0.04,0.01,175.5,5.8,344.0,1.0,1.0,434.0,678.0,517.0,-2.0,507.0,11.6,615.8,421.0,32.5,31.8,0.5,2.6,2067.6,0.0,16.83,16.2,35.1,31.5,34.6,34.5,34.4,33.0,33.4,34.0,46.4,47.8,25.3,27.4,25.9,26.1,35.0,32.0,25.0,0.0,0.0,0.0,6.0,6.0,4.0,0.0,25.0,25.0,24.0,78.0,93.0,58.0,27.0,27.0,300.0,0.0,0.0,0.0,0.0,0.0,0.0,0.0,0.0,0.0
9.81,247.0,0.24,0.32,0.29,7.0,4.62,6.38,9.83,4.5,-0.02,-0.06,175.8,6.5,343.0,1.0,1.0,252.0,679.0,304.0,3.0,285.0,9.78,428.6,291.0,31.1,31.8,0.5,2.6,1644.1,0.0,16.19,16.8,34.7,31.0,34.3,34.1,34.0,32.6,33.1,33.6,46.5,47.8,25.3,27.3,25.9,26.0,30.0,29.0,25.0,0.5,0.0,0.0,6.0,6.0,4.0,0.0,25.0,25.0,24.0,77.0,92.0,57.0,27.0,27.0,300.0,0.0,0.0,0.0,0.0,0.0,0.0,0.0,0.0,0.0
12.56,73.01,0.24,0.32,0.29,8.68,6.46,9.32,12.61,8.8,0.02,0.03,175.6,6.2,346.0,1.0,1.0,543.0,679.0,651.0,0.0,639.0,12.56,720.9,492.0,29.7,32.1,0.5,2.6,2067.6,0.0,16.83,16.6,34.8,31.1,34.3,34.2,34.1,32.6,33.1,33.7,46.4,47.8,25.4,27.4,26.0,26.1,33.0,30.0,25.0,0.0,0.0,0.0,6.0,6.0,4.0,0.0,25.0,25.0,24.0,77.0,92.0,57.0,27.0,27.0,300.0,0.0,0.0,0.0,0.0,0.0,0.0,0.0,0.0,0.0
10.01,252.0,0.24,0.32,0.29,7.62,4.76,7.1,10.02,5.1,-0.01,-0.03,175.7,6.1,342.0,1.0,1.0,278.0,679.0,326.0,0.0,329.0,10.0,455.2,310.0,31.8,31.6,0.5,2.6,1673.9,0.0,16.24,16.7,34.7,31.0,34.3,34.1,34.0,32.6,33.1,33.6,46.4,47.8,25.3,27.3,25.9,26.0,31.0,29.0,25.0,0.2,0.0,0.0,6.0,6.0,4.0,0.0,25.0,25.0,24.0,77.0,92.0,57.0,27.0,27.0,300.0,0.0,0.0,0.0,0.0,0.0,0.0,0.0,0.0,0.0
8.16,106.99,0.24,0.31,0.29,1.98,4.24,6.26,8.14,20.0,0.02,-0.03,175.7,4.0,331.0,1.0,1.0,158.0,678.0,186.0,0.0,175.0,8.14,303.2,206.0,32.3,31.4,0.5,2.6,1275.3,0.0,15.61,16.8,34.7,31.0,34.3,34.1,34.0,32.6,33.1,33.6,46.4,47.8,25.3,27.3,25.9,26.1,30.0,29.0,25.0,0.0,0.3,0.0,6.0,6.0,4.0,0.0,25.0,25.0,24.0,77.0,92.0,57.0,27.0,27.0,300.0,0.0,0.0,0.0,0.0,0.0,0.0,0.0,0.0,0.0
10.03,132.01,0.24,0.32,0.29,4.2,4.46,6.64,10.02,3.1,0.06,0.04,175.7,5.4,343.0,1.0,1.0,274.0,678.0,335.0,0.0,322.0,10.02,460.0,311.0,31.9,31.5,0.5,2.6,1673.9,0.0,16.24,16.8,34.7,31.0,34.3,34.1,34.0,32.6,33.1,33.6,46.5,47.8,25.3,27.3,25.9,26.0,31.0,29.0,25.0,0.1,0.0,0.0,6.0,6.0,4.0,0.0,25.0,25.0,24.0,77.0,92.0,57.0,27.0,27.0,300.0,0.0,0.0,0.0,0.0,0.0,0.0,0.0,0.0,0.0
10.44,29.99,0.24,0.32,0.29,6.08,4.86,8.34,10.49,-5.9,0.04,0.02,175.7,5.3,347.0,1.0,1.0,313.0,678.0,375.0,-2.0,371.0,10.46,499.7,339.0,30.6,31.9,0.5,2.6,2067.6,0.0,16.83,16.7,34.7,31.0,34.2,34.1,34.0,32.5,33.0,33.6,46.4,47.8,25.3,27.4,25.9,26.1,32.0,30.0,25.0,-0.4,0.0,0.0,6.0,6.0,4.0,0.0,25.0,25.0,24.0,77.0,92.0,57.0,27.0,27.0,300.0,0.0,0.0,0.0,0.0,0.0,0.0,0.0,0.0,0.0
10.44,339.01,0.24,0.32,0.29,6.82,4.78,7.26,10.46,-6.4,-0.05,-0.01,175.6,5.7,350.0,1.0,1.0,309.0,678.0,373.0,-2.0,367.0,10.44,496.7,338.0,29.3,31.8,0.4,2.6,2067.6,0.0,16.83,16.6,34.7,31.0,34.3,34.1,34.0,32.6,33.0,33.6,46.4,47.8,25.3,27.4,25.9,26.1,31.0,29.0,25.0,-0.2,0.0,0.0,6.0,6.0,4.0,0.0,25.0,25.0,24.0,77.0,92.0,57.0,27.0,27.0,300.0,0.0,0.0,0.0,0.0,0.0,0.0,0.0,0.0,0.0
10.5,190.01,0.24,0.32,0.29,6.34,4.94,7.2,10.54,1.6,-0.03,0.04,175.6,5.3,346.0,1.0,1.0,316.0,678.0,379.0,0.0,362.0,10.5,502.1,342.0,32.0,31.7,0.5,2.6,2067.6,0.0,16.83,16.8,34.6,31.0,34.2,34.0,34.0,32.5,33.0,33.6,46.4,47.8,25.3,27.3,25.9,26.1,33.0,31.0,25.0,0.3,0.0,0.0,6.0,6.0,4.0,0.0,25.0,25.0,24.0,77.0,92.0,57.0,27.0,27.0,300.0,0.0,0.0,0.0,0.0,0.0,0.0,0.0,0.0,0.0
11.85,29.99,0.24,0.32,0.29,7.58,5.8,8.66,11.88,-12.9,0.04,0.01,175.6,8.0,356.0,1.0,1.0,433.0,678.0,522.0,3.0,496.0,11.84,617.7,426.0,29.4,32.3,0.5,2.6,2067.6,0.0,16.83,16.6,34.7,31.0,34.3,34.1,34.0,32.6,33.1,33.7,46.4,47.8,25.4,27.4,26.0,26.1,31.0,28.0,25.0,-0.2,0.0,0.0,6.0,6.0,4.0,0.0,25.0,25.0,24.0,77.0,92.0,57.0,27.0,27.0,300.0,0.0,0.0,0.0,0.0,0.0,0.0,0.0,0.0,0.0
11.84,271.01,0.24,0.32,0.29,8.28,6.04,9.42,11.84,-3.5,0.02,-0.04,175.5,6.0,345.0,1.0,1.0,454.0,679.0,553.0,0.0,537.0,11.82,639.4,437.0,31.7,31.6,0.5,2.6,2067.6,0.0,16.83,16.3,35.0,31.3,34.6,34.4,34.3,32.9,33.3,33.9,46.4,47.8,25.3,27.5,25.9,26.1,34.0,31.0,25.0,0.0,0.0,0.0,6.0,6.0,4.0,0.0,25.0,25.0,24.0,78.0,92.0,57.0,27.0,27.0,300.0,0.0,0.0,0.0,0.0,0.0,0.0,0.0,0.0,0.0
12.57,180.0,0.25,0.32,0.29,9.88,5.88,10.84,12.59,11.6,-0.04,0.0,175.5,5.4,344.0,1.0,1.0,533.0,679.0,641.0,0.0,627.0,12.56,712.5,487.0,30.4,31.9,0.4,2.6,2067.6,0.0,16.83,16.6,34.8,31.1,34.4,34.2,34.1,32.7,33.1,33.7,46.3,47.8,25.4,27.4,26.0,26.1,33.0,30.0,25.0,0.2,0.0,0.2,6.0,6.0,4.0,0.0,25.0,25.0,24.0,77.0,92.0,57.0,27.0,27.0,300.0,0.0,0.0,0.0,0.0,0.0,0.0,0.0,0.0,0.0
9.09,137.02,0.24,0.31,0.28,3.4,4.3,5.7,9.08,-10.0,0.0,-0.02,175.6,5.7,350.0,1.0,1.0,201.0,677.0,240.0,0.0,229.0,9.04,363.2,251.0,33.0,31.9,0.5,2.6,1414.4,0.0,15.84,16.8,34.7,31.0,34.2,34.0,34.0,32.5,33.0,33.6,46.4,47.8,25.3,27.3,25.9,26.1,31.0,29.0,25.0,0.2,0.0,-0.3,6.0,6.0,4.0,0.0,25.0,25.0,24.0,77.0,92.0,57.0,27.0,27.0,300.0,0.0,0.0,0.0,0.0,0.0,0.0,0.0,0.0,0.0
9.03,198.0,0.24,0.32,0.28,5.74,4.62,6.64,9.02,1.2,-0.01,-0.05,175.7,4.8,346.0,1.0,1.0,203.0,679.0,250.0,0.0,228.0,9.0,365.5,250.0,31.6,31.9,0.5,2.6,1395.8,0.0,15.81,16.8,34.7,31.0,34.3,34.1,34.0,32.6,33.1,33.6,46.4,47.8,25.3,27.3,25.9,26.0,30.0,28.0,25.0,0.0,0.0,-0.1,6.0,6.0,4.0,0.0,25.0,25.0,24.0,77.0,92.0,57.0,27.0,27.0,300.0,0.0,0.0,0.0,0.0,0.0,0.0,0.0,0.0,0.0
11.88,245.02,0.24,0.32,0.29,8.06,6.14,9.24,11.9,-5.4,0.06,0.0,175.4,7.0,344.0,1.0,1.0,456.0,678.0,556.0,0.0,542.0,11.88,643.3,440.0,32.6,31.7,0.5,2.6,2067.6,0.0,16.83,16.2,35.1,31.5,34.6,34.5,34.4,33.0,33.4,34.0,46.4,47.8,25.3,27.4,25.9,26.1,35.0,31.0,25.0,0.2,0.0,0.0,6.0,6.0,4.0,0.0,25.0,25.0,24.0,78.0,93.0,58.0,27.0,27.0,300.0,0.0,0.0,0.0,0.0,0.0,0.0,0.0,0.0,0.0
10.4,351.0,0.24,0.32,0.29,6.54,4.78,7.04,10.43,0.1,0.02,0.03,175.5,6.4,345.0,1.0,1.0,316.0,677.0,378.0,0.0,365.0,10.4,494.9,337.0,32.0,32.0,0.5,2.6,2067.6,0.0,16.83,16.2,35.1,31.5,34.7,34.6,34.4,33.0,33.4,34.0,46.4,47.9,25.3,27.4,25.9,26.1,33.0,31.0,25.0,0.0,0.0,0.0,6.0,6.0,4.0,0.0,25.0,25.0,24.0,78.0,93.0,58.0,27.0,27.0,300.0,0.0,0.0,0.0,0.0,0.0,0.0,0.0,0.0,0.0
10.69,299.99,0.24,0.32,0.29,8.54,4.9,8.72,10.72,-11.3,0.0,-0.02,175.6,6.1,354.0,1.0,1.0,337.0,678.0,393.0,0.0,387.0,10.7,516.4,354.0,28.9,31.7,0.5,2.6,2067.6,0.0,16.83,16.6,34.7,31.0,34.3,34.1,34.0,32.6,33.0,33.6,46.3,47.8,25.3,27.4,25.9,26.1,31.0,28.0,25.0,0.0,0.0,0.0,6.0,6.0,4.0,0.0,25.0,25.0,24.0,77.0,92.0,57.0,27.0,27.0,300.0,0.0,0.0,0.0,0.0,0.0,0.0,0.0,0.0,0.0
9.57,68.0,0.24,0.31,0.29,4.7,4.02,8.4,9.61,3.1,-0.02,-0.04,175.4,5.9,341.0,1.0,1.0,255.0,677.0,301.0,0.0,285.0,9.6,418.5,289.0,31.1,32.1,0.5,2.6,2067.6,0.0,16.83,16.2,35.1,31.5,34.7,34.6,34.4,33.0,33.5,34.0,46.4,47.8,25.3,27.4,25.9,26.1,32.0,30.0,25.0,-0.1,0.0,-0.2,6.0,6.0,4.0,0.0,25.0,25.0,24.0,77.0,92.0,58.0,27.0,27.0,300.0,0.0,0.0,0.0,0.0,0.0,0.0,0.0,0.0,0.0
7.71,11.02,0.24,0.31,0.28,4.2,2.68,6.36,7.73,11.7,0.06,-0.01,175.7,4.1,335.0,1.0,1.0,136.0,677.0,168.0,0.0,146.0,7.72,269.1,186.0,32.6,31.7,0.5,2.6,1213.5,0.0,15.51,16.8,34.7,31.0,34.3,34.1,34.0,32.6,33.0,33.6,46.4,47.8,25.3,27.3,25.9,26.1,30.0,29.0,25.0,-0.2,0.0,0.3,6.0,6.0,4.0,0.0,25.0,25.0,24.0,77.0,92.0,57.0,27.0,27.0,300.0,0.0,0.0,0.0,0.0,0.0,0.0,0.0,0.0,0.0
10.23,249.98,0.24,0.32,0.29,6.96,4.8,6.88,10.25,12.8,0.02,-0.06,175.5,4.6,342.0,1.0,1.0,292.0,677.0,358.0,0.0,341.0,10.22,475.8,325.0,31.5,31.7,0.5,2.6,2067.6,0.0,16.83,16.2,35.1,31.5,34.7,34.6,34.4,33.0,33.5,34.0,46.4,47.8,25.3,27.4,25.9,26.1,33.0,31.0,25.0,0.3,0.0,0.0,6.0,6.0,4.0,0.0,25.0,25.0,24.0,78.0,93.0,58.0,27.0,27.0,300.0,0.0,0.0,0.0,0.0,0.0,0.0,0.0,0.0,0.0
12.65,20.99,0.25,0.32,0.29,8.08,6.58,8.34,12.66,1.4,0.08,0.04,175.6,6.8,351.0,1.0,1.0,545.0,679.0,657.0,0.0,647.0,12.6,728.3,495.0,29.4,32.4,0.5,2.6,2067.6,0.0,16.83,16.6,34.8,31.1,34.3,34.1,34.1,32.6,33.1,33.7,46.4,47.8,25.3,27.4,26.0,26.1,32.0,29.0,25.0,0.0,0.0,0.0,6.0,6.0,4.0,0.0,25.0,25.0,24.0,77.0,92.0,57.0,27.0,27.0,300.0,0.0,0.0,0.0,0.0,0.0,0.0,0.0,0.0,0.0
10.31,4.0,0.24,0.32,0.29,7.18,4.76,7.94,10.34,11.2,0.01,0.05,175.5,4.5,343.0,1.0,1.0,305.0,677.0,370.0,0.0,351.0,10.3,487.3,330.0,31.7,31.8,0.5,2.6,2067.6,0.0,16.83,16.2,35.1,31.5,34.7,34.6,34.4,33.0,33.5,34.0,46.4,47.8,25.3,27.4,25.9,26.1,33.0,31.0,25.0,-0.2,0.0,0.0,6.0,6.0,4.0,0.0,25.0,25.0,24.0,78.0,93.0,58.0,27.0,27.0,300.0,0.0,0.0,0.0,0.0,0.0,0.0,0.0,0.0,0.0
8.51,275.0,0.24,0.31,0.28,7.34,3.0,5.44,8.48,-15.5,0.04,-0.03,175.7,6.5,348.0,1.0,1.0,167.0,677.0,201.0,0.0,185.0,8.46,318.3,218.0,33.0,31.4,0.5,2.6,1036.3,0.0,14.73,16.8,34.7,31.0,34.3,34.0,34.0,32.5,33.0,33.6,46.4,47.8,25.3,27.3,25.9,26.1,30.0,29.0,25.0,0.0,-0.1,0.0,6.0,6.0,4.0,0.0,25.0,25.0,24.0,77.0,92.0,57.0,27.0,27.0,300.0,0.0,0.0,0.0,0.0,0.0,0.0,0.0,0.0,0.0
9.23,157.0,0.24,0.32,0.28,4.78,4.56,7.1,9.26,22.0,-0.01,-0.02,175.7,4.2,335.0,1.0,1.0,226.0,678.0,272.0,0.0,253.0,9.22,391.9,267.0,32.1,31.9,0.5,2.6,2067.6,0.0,16.83,16.6,34.7,31.0,34.3,34.1,34.0,32.6,33.0,33.6,46.4,47.8,25.3,27.3,25.9,26.0,31.0,29.0,25.0,0.0,0.0,-0.3,6.0,6.0,4.0,0.0,25.0,25.0,24.0,77.0,92.0,57.0,27.0,27.0,300.0,0.0,0.0,0.0,0.0,0.0,0.0,0.0,0.0,0.0
8.02,331.99,0.24,0.31,0.28,6.64,2.66,6.38,8.05,2.2,0.09,0.02,175.7,4.7,334.0,1.0,1.0,147.0,677.0,186.0,0.0,166.0,8.04,294.7,202.0,32.3,31.9,0.5,2.6,1275.3,0.0,15.61,16.8,34.7,31.0,34.3,34.1,34.0,32.6,33.1,33.6,46.4,47.8,25.3,27.3,25.9,26.1,30.0,29.0,25.0,-0.3,0.0,0.0,6.0,6.0,4.0,0.0,25.0,25.0,24.0,77.0,92.0,57.0,27.0,27.0,300.0,0.0,0.0,0.0,0.0,0.0,0.0,0.0,0.0,0.0
12.57,37.01,0.24,0.32,0.29,8.76,6.62,10.2,12.59,4.6,0.02,0.05,175.6,6.4,346.0,1.0,1.0,534.0,679.0,636.0,0.0,624.0,12.54,714.7,486.0,29.8,32.2,0.4,2.6,2067.6,0.0,16.83,16.6,34.8,31.1,34.4,34.2,34.1,32.7,33.1,33.7,46.3,47.8,25.4,27.4,26.0,26.1,33.0,30.0,25.0,-0.8,0.0,-0.5,6.0,6.0,4.0,0.0,25.0,25.0,24.0,77.0,92.0,57.0,27.0,27.0,300.0,0.0,0.0,0.0,0.0,0.0,0.0,0.0,0.0,0.0
10.32,302.0,0.24,0.32,0.29,6.7,4.8,6.76,10.36,10.0,0.03,0.0,175.5,5.0,343.0,1.0,1.0,309.0,677.0,372.0,0.0,354.0,10.34,486.5,333.0,31.7,31.6,0.5,2.6,2067.6,0.0,16.83,16.2,35.1,31.5,34.7,34.6,34.4,33.0,33.5,34.0,46.4,47.8,25.3,27.4,25.9,26.1,33.0,31.0,25.0,0.0,0.0,0.0,6.0,6.0,4.0,0.0,25.0,25.0,24.0,78.0,92.0,58.0,27.0,27.0,300.0,0.0,0.0,0.0,0.0,0.0,0.0,0.0,0.0,0.0
10.01,83.02,0.24,0.31,0.29,5.22,4.16,7.66,9.99,-0.6,-0.02,0.0,175.5,6.3,349.0,1.0,1.0,274.0,677.0,323.0,0.0,299.0,9.98,446.5,306.0,33.1,31.7,0.5,2.6,1414.4,0.0,15.84,16.8,34.7,31.0,34.2,34.0,34.0,32.5,33.0,33.6,46.4,47.8,25.3,27.3,25.9,26.1,32.0,30.0,25.0,-0.1,0.0,0.0,6.0,6.0,4.0,0.0,25.0,25.0,24.0,77.0,92.0,57.0,27.0,27.0,300.0,0.0,0.0,0.0,0.0,0.0,0.0,0.0,0.0,0.0
10.36,280.01,0.24,0.32,0.29,8.26,4.68,7.86,10.38,-9.1,0.03,0.03,175.6,4.7,349.0,1.0,1.0,312.0,678.0,372.0,0.0,357.0,10.34,491.3,334.0,30.1,32.2,0.5,2.6,2067.6,0.0,16.83,16.7,34.7,31.0,34.3,34.1,34.0,32.6,33.0,33.6,46.4,47.8,25.3,27.4,25.9,26.1,32.0,30.0,25.0,0.0,0.0,0.0,6.0,6.0,4.0,0.0,25.0,25.0,24.0,77.0,92.0,57.0,27.0,27.0,300.0,0.0,0.0,0.0,0.0,0.0,0.0,0.0,0.0,0.0
10.76,132.98,0.24,0.32,0.29,5.64,4.92,7.44,10.77,-8.5,-0.02,-0.03,175.5,6.3,353.0,1.0,1.0,337.0,678.0,405.0,0.0,394.0,10.74,518.0,356.0,28.7,31.7,0.5,2.6,2067.6,0.0,16.83,16.6,34.7,31.0,34.3,34.1,34.0,32.6,33.0,33.6,46.4,47.8,25.3,27.4,25.9,26.1,31.0,28.0,25.0,0.1,0.0,0.0,6.0,6.0,4.0,0.0,25.0,25.0,24.0,77.0,92.0,57.0,27.0,27.0,300.0,0.0,0.0,0.0,0.0,0.0,0.0,0.0,0.0,0.0
7.74,159.01,0.24,0.32,0.28,2.9,4.3,4.46,7.76,2.4,0.06,0.06,175.7,3.9,336.0,1.0,1.0,136.0,678.0,155.0,-2.0,144.0,7.72,266.7,184.0,33.0,31.6,0.5,2.6,1075.1,0.0,14.91,16.8,34.7,31.0,34.3,34.1,34.0,32.5,33.1,33.6,46.4,47.8,25.3,27.3,25.9,26.1,31.0,29.0,25.0,0.2,0.0,-0.1,6.0,6.0,4.0,0.0,25.0,25.0,24.0,77.0,92.0,57.0,27.0,27.0,300.0,0.0,0.0,0.0,0.0,0.0,0.0,0.0,0.0,0.0
12.09,88.99,0.24,0.32,0.29,6.96,5.7,8.16,12.09,5.3,0.09,0.01,175.5,8.2,344.0,1.0,1.0,461.0,679.0,549.0,2.0,541.0,12.06,649.4,445.0,32.1,31.7,0.4,2.6,2067.6,0.0,16.83,16.3,35.1,31.4,34.6,34.5,34.3,32.9,33.3,33.9,46.4,47.8,25.3,27.4,25.9,26.1,34.0,31.0,25.0,0.3,0.0,0.4,6.0,6.0,4.0,0.0,25.0,25.0,24.0,78.0,93.0,58.0,27.0,27.0,300.0,0.0,0.0,0.0,0.0,0.0,0.0,0.0,0.0,0.0
10.29,127.01,0.24,0.32,0.29,5.96,4.8,8.46,10.31,9.1,0.07,0.01,175.4,4.3,343.0,1.0,1.0,301.0,677.0,360.0,0.0,345.0,10.28,480.1,328.0,31.1,32.4,0.5,2.6,2067.6,0.0,16.83,16.2,35.1,31.5,34.7,34.6,34.4,33.0,33.4,34.0,46.4,47.8,25.3,27.4,25.9,26.1,33.0,31.0,25.0,0.0,0.0,0.0,6.0,6.0,4.0,0.0,25.0,25.0,24.0,78.0,93.0,58.0,27.0,27.0,300.0,0.0,0.0,0.0,0.0,0.0,0.0,0.0,0.0,0.0
10.68,357.01,0.24,0.32,0.29,7.6,4.74,9.26,10.71,-3.5,0.01,-0.01,175.5,6.5,344.0,1.0,1.0,340.0,678.0,400.0,0.0,392.0,10.68,519.5,354.0,33.1,31.5,0.4,2.6,2067.6,0.0,16.83,16.2,35.1,31.5,34.7,34.6,34.4,33.0,33.4,34.0,46.4,47.8,25.3,27.4,25.9,26.1,34.0,31.0,25.0,-0.6,0.0,0.0,6.0,6.0,4.0,0.0,25.0,25.0,24.0,78.0,93.0,58.0,27.0,27.0,300.0,0.0,0.0,0.0,0.0,0.0,0.0,0.0,0.0,0.0
12.96,329.0,0.25,0.32,0.29,9.86,6.9,10.46,12.98,1.2,0.0,0.04,175.6,7.3,345.0,1.0,1.0,588.0,679.0,700.0,0.0,699.0,12.96,762.6,521.0,30.2,32.1,0.4,2.6,2067.6,0.0,16.83,16.5,34.9,31.2,34.4,34.2,34.1,32.7,33.1,33.7,46.3,47.8,25.3,27.4,26.0,26.1,34.0,31.0,25.0,-0.2,0.0,-0.5,6.0,6.0,4.0,0.0,25.0,25.0,24.0,77.0,92.0,57.0,27.0,27.0,300.0,0.0,0.0,0.0,0.0,0.0,0.0,0.0,0.0,0.0
10.64,276.01,0.24,0.32,0.29,8.24,5.1,8.0,10.67,-10.8,0.03,-0.04,175.6,5.4,353.0,1.0,1.0,329.0,678.0,385.0,0.0,378.0,10.64,507.7,349.0,29.2,31.6,0.4,2.6,2067.6,0.0,16.83,16.6,34.7,31.0,34.3,34.1,34.0,32.5,33.0,33.6,46.4,47.8,25.3,27.4,25.9,26.1,31.0,28.0,25.0,0.0,0.0,0.0,6.0,6.0,4.0,0.0,25.0,25.0,24.0,77.0,92.0,57.0,27.0,27.0,300.0,0.0,0.0,0.0,0.0,0.0,0.0,0.0,0.0,0.0
11.13,356.0,0.24,0.32,0.29,7.68,5.18,8.82,11.15,-12.9,0.09,-0.01,175.7,7.4,355.0,1.0,1.0,365.0,678.0,437.0,0.0,430.0,11.1,553.4,378.0,28.9,32.1,0.4,2.6,2067.6,0.0,16.83,16.6,34.7,31.0,34.3,34.1,34.0,32.6,33.1,33.6,46.4,47.8,25.3,27.4,25.9,26.1,30.0,28.0,25.0,-0.3,0.0,0.0,6.0,6.0,4.0,0.0,25.0,25.0,24.0,77.0,92.0,57.0,27.0,27.0,300.0,0.0,0.0,0.0,0.0,0.0,0.0,0.0,0.0,0.0
12.59,263.02,0.25,0.32,0.29,9.16,6.46,10.44,12.58,5.8,0.03,0.0,175.5,6.7,349.0,1.0,1.0,534.0,679.0,636.0,0.0,624.0,12.56,710.6,486.0,29.6,32.1,0.5,2.6,2067.6,0.0,16.83,16.6,34.8,31.1,34.3,34.1,34.1,32.6,33.1,33.7,46.3,47.8,25.3,27.4,26.0,26.1,33.0,30.0,25.0,0.0,0.0,0.0,6.0,6.0,4.0,0.0,25.0,25.0,24.0,77.0,92.0,57.0,27.0,27.0,300.0,0.0,0.0,0.0,0.0,0.0,0.0,0.0,0.0,0.0
8.16,254.02,0.24,0.31,0.28,6.18,3.32,4.24,8.16,9.7,0.03,-0.04,175.7,4.9,333.0,1.0,1.0,160.0,678.0,180.0,0.0,172.0,8.14,296.4,206.0,32.0,32.4,0.5,2.6,1275.3,0.0,15.61,16.8,34.7,31.0,34.3,34.1,34.0,32.6,33.1,33.6,46.4,47.8,25.3,27.3,25.9,26.1,30.0,29.0,25.0,0.1,-0.2,0.0,6.0,6.0,4.0,0.0,25.0,25.0,24.0,77.0,92.0,57.0,27.0,27.0,300.0,0.0,0.0,0.0,0.0,0.0,0.0,0.0,0.0,0.0
11.94,173.02,0.24,0.32,0.29,6.88,5.6,8.6,11.95,-7.9,-0.06,0.05,175.4,7.7,345.0,1.0,1.0,468.0,678.0,553.0,-2.0,551.0,11.94,648.4,443.0,32.6,31.6,0.5,2.6,2067.6,0.0,16.83,16.2,35.1,31.5,34.6,34.5,34.4,33.0,33.4,33.9,46.4,47.8,25.3,27.4,25.9,26.1,35.0,31.0,25.0,0.0,0.0,0.4,6.0,6.0,4.0,0.0,25.0,25.0,24.0,78.0,93.0,58.0,27.0,27.0,300.0,0.0,0.0,0.0,0.0,0.0,0.0,0.0,0.0,0.0
9.82,73.01,0.24,0.32,0.29,5.18,4.24,8.24,9.84,11.1,0.02,-0.05,175.5,4.9,340.0,1.0,1.0,266.0,677.0,315.0,0.0,308.0,9.84,446.0,304.0,31.1,31.9,0.5,2.6,2067.6,0.0,16.83,16.2,35.1,31.5,34.7,34.6,34.4,33.0,33.5,34.0,46.4,47.8,25.3,27.4,25.9,26.1,33.0,30.0,25.0,0.0,0.0,0.0,6.0,6.0,4.0,0.0,25.0,25.0,24.0,78.0,93.0,58.0,27.0,27.0,300.0,0.0,0.0,0.0,0.0,0.0,0.0,0.0,0.0,0.0
12.18,52.99,0.24,0.32,0.29,8.62,6.06,10.36,12.23,1.2,0.05,0.03,175.5,6.4,344.0,1.0,1.0,486.0,679.0,590.0,0.0,575.0,12.18,671.8,461.0,31.6,32.1,0.5,2.6,2067.6,0.0,16.83,16.3,35.0,31.3,34.6,34.4,34.3,32.9,33.3,33.8,46.4,47.8,25.3,27.5,25.9,26.1,34.0,31.0,25.0,-0.4,0.0,-0.2,6.0,6.0,4.0,0.0,25.0,25.0,24.0,78.0,93.0,57.0,27.0,27.0,300.0,0.0,0.0,0.0,0.0,0.0,0.0,0.0,0.0,0.0
9.65,87.98,0.24,0.31,0.29,3.98,3.94,6.9,9.65,-5.0,-0.07,-0.03,175.7,6.3,349.0,1.0,1.0,238.0,677.0,287.0,2.0,268.0,9.62,412.8,283.0,33.2,31.7,0.5,2.6,1414.4,0.0,15.84,16.8,34.7,31.0,34.2,34.1,34.0,32.5,33.0,33.6,46.4,47.8,25.3,27.3,25.9,26.1,31.0,30.0,25.0,0.0,0.0,0.0,6.0,6.0,4.0,0.0,25.0,25.0,24.0,77.0,92.0,57.0,27.0,27.0,300.0,0.0,0.0,0.0,0.0,0.0,0.0,0.0,0.0,0.0
9.51,240.01,0.24,0.32,0.29,7.04,4.62,6.72,9.52,15.5,-0.03,-0.06,175.4,4.9,338.0,1.0,1.0,243.0,677.0,293.0,0.0,282.0,9.5,409.2,281.0,31.1,32.0,0.5,2.6,2067.6,0.0,16.83,16.2,35.2,31.5,34.7,34.6,34.4,33.0,33.5,34.1,46.4,47.8,25.3,27.4,25.9,26.1,32.0,30.0,25.0,0.5,0.0,0.0,6.0,6.0,4.0,0.0,25.0,25.0,24.0,77.0,92.0,57.0,27.0,27.0,300.0,0.0,0.0,0.0,0.0,0.0,0.0,0.0,0.0,0.0
10.83,266.0,0.24,0.32,0.29,8.78,5.1,9.24,10.8,-1.1,-0.04,0.02,175.5,5.9,342.0,1.0,1.0,352.0,678.0,419.0,0.0,401.0,10.8,535.9,364.0,32.9,31.6,0.5,2.6,2067.6,0.0,16.83,16.2,35.1,31.5,34.7,34.5,34.4,33.0,33.4,34.0,46.4,47.8,25.3,27.4,25.9,26.1,34.0,31.0,25.0,0.0,0.0,0.0,6.0,6.0,4.0,0.0,25.0,25.0,24.0,78.0,93.0,58.0,27.0,27.0,300.0,0.0,0.0,0.0,0.0,0.0,0.0,0.0,0.0,0.0
9.05,163.01,0.24,0.32,0.28,4.76,4.58,5.78,9.07,-4.3,0.0,-0.05,175.7,5.6,346.0,1.0,1.0,207.0,678.0,256.0,0.0,234.0,9.04,371.4,254.0,31.6,31.5,0.5,2.6,1395.8,0.0,15.81,16.8,34.7,31.0,34.3,34.1,34.0,32.6,33.1,33.6,46.5,47.8,25.3,27.3,25.9,26.0,30.0,28.0,25.0,0.1,0.0,-0.4,6.0,6.0,4.0,0.0,25.0,25.0,24.0,77.0,92.0,57.0,27.0,27.0,300.0,0.0,0.0,0.0,0.0,0.0,0.0,0.0,0.0,0.0
11.07,289.01,0.24,0.32,0.29,8.4,5.14,8.6,11.05,-14.2,-0.07,-0.02,175.6,7.3,355.0,1.0,1.0,363.0,678.0,428.0,0.0,421.0,11.04,550.0,375.0,28.5,32.3,0.5,2.6,2067.6,0.0,16.83,16.6,34.7,31.0,34.3,34.1,34.0,32.6,33.1,33.6,46.4,47.8,25.3,27.4,25.9,26.1,30.0,28.0,25.0,0.0,0.0,0.2,6.0,6.0,4.0,0.0,25.0,25.0,24.0,77.0,92.0,57.0,27.0,27.0,300.0,0.0,0.0,0.0,0.0,0.0,0.0,0.0,0.0,0.0
7.78,213.98,0.24,0.32,0.28,5.2,4.42,4.3,7.83,-7.2,0.07,0.01,175.7,4.8,340.0,1.0,1.0,139.0,677.0,161.0,0.0,149.0,7.78,273.3,188.0,32.7,32.2,0.5,2.6,1075.1,0.0,14.91,16.8,34.7,31.0,34.3,34.1,34.0,32.5,33.0,33.6,46.4,47.8,25.3,27.3,25.9,26.1,30.0,29.0,25.0,0.3,0.0,0.0,6.0,6.0,4.0,0.0,25.0,25.0,24.0,77.0,92.0,57.0,27.0,27.0,300.0,0.0,0.0,0.0,0.0,0.0,0.0,0.0,0.0,0.0
12.6,357.01,0.24,0.32,0.29,8.78,6.7,9.9,12.65,4.0,-0.01,-0.03,175.6,6.7,347.0,1.0,1.0,547.0,679.0,650.0,0.0,641.0,12.58,722.7,494.0,29.8,32.1,0.5,2.6,2067.6,0.0,16.83,16.6,34.8,31.1,34.3,34.2,34.1,32.6,33.1,33.7,46.3,47.8,25.3,27.4,26.0,26.1,33.0,30.0,25.0,0.0,0.0,-0.2,6.0,6.0,4.0,0.0,25.0,25.0,24.0,77.0,92.0,57.0,27.0,27.0,300.0,0.0,0.0,0.0,0.0,0.0,0.0,0.0,0.0,0.0
12.15,114.98,0.24,0.32,0.29,6.96,5.62,8.48,12.16,3.7,0.0,-0.01,175.5,5.5,344.0,1.0,1.0,481.0,679.0,581.0,0.0,564.0,12.12,670.0,456.0,31.5,31.9,0.5,2.6,2067.6,0.0,16.83,16.3,35.0,31.3,34.5,34.4,34.3,32.9,33.3,33.8,46.4,47.8,25.3,27.6,26.0,26.1,34.0,31.0,25.0,0.2,0.0,0.4,6.0,6.0,4.0,0.0,25.0,25.0,24.0,78.0,93.0,57.0,27.0,27.0,300.0,0.0,0.0,0.0,0.0,0.0,0.0,0.0,0.0,0.0
12.16,160.99,0.24,0.32,0.29,7.14,5.64,9.48,12.13,4.9,-0.09,0.0,175.3,7.5,344.0,1.0,1.0,472.0,679.0,566.0,3.0,540.0,12.12,658.3,450.0,31.9,32.0,0.5,2.6,2067.6,0.0,16.83,16.3,35.1,31.4,34.6,34.4,34.3,33.0,33.3,33.9,46.4,47.8,25.3,27.4,25.9,26.1,34.0,31.0,25.0,0.0,0.0,0.4,6.0,6.0,4.0,0.0,25.0,25.0,24.0,78.0,93.0,58.0,27.0,27.0,300.0,0.0,0.0,0.0,0.0,0.0,0.0,0.0,0.0,0.0
7.95,115.99,0.24,0.31,0.28,1.84,4.1,6.04,8.0,2.5,0.01,-0.01,175.7,4.3,335.0,1.0,1.0,147.0,677.0,179.0,0.0,161.0,7.98,291.1,198.0,32.7,31.5,0.5,2.6,1275.3,0.0,15.61,16.8,34.7,31.0,34.3,34.1,34.0,32.6,33.1,33.6,46.4,47.8,25.3,27.3,25.9,26.1,30.0,29.0,25.0,0.0,0.1,-0.4,6.0,6.0,4.0,0.0,25.0,25.0,24.0,77.0,92.0,57.0,27.0,27.0,300.0,0.0,0.0,0.0,0.0,0.0,0.0,0.0,0.0,0.0
9.93,313.99,0.24,0.32,0.29,6.82,4.5,6.76,9.96,11.4,-0.01,0.03,175.4,5.1,340.0,1.0,1.0,276.0,677.0,336.0,0.0,309.0,9.94,450.0,309.0,31.3,31.8,0.5,2.6,2067.6,0.0,16.83,16.2,35.1,31.5,34.7,34.6,34.4,33.0,33.5,34.0,46.4,47.8,25.3,27.4,25.9,26.1,33.0,30.0,25.0,0.0,0.0,0.0,6.0,6.0,4.0,0.0,25.0,25.0,24.0,77.0,93.0,58.0,27.0,27.0,300.0,0.0,0.0,0.0,0.0,0.0,0.0,0.0,0.0,0.0
12.47,168.98,0.24,0.32,0.29,8.06,5.7,9.84,12.5,1.1,0.03,0.06,175.5,6.0,345.0,1.0,1.0,535.0,679.0,636.0,-4.0,628.0,12.44,714.1,485.0,30.6,32.1,0.4,2.6,2067.6,0.0,16.83,16.5,34.9,31.2,34.5,34.3,34.2,32.7,33.2,33.7,46.3,47.8,25.3,27.4,25.9,26.1,34.0,31.0,25.0,0.2,0.0,0.2,6.0,6.0,4.0,0.0,25.0,25.0,24.0,77.0,92.0,57.0,27.0,27.0,300.0,0.0,0.0,0.0,0.0,0.0,0.0,0.0,0.0,0.0
10.64,358.99,0.24,0.32,0.29,6.72,4.72,8.32,10.65,-2.5,0.07,0.03,175.7,6.6,347.0,1.0,1.0,328.0,678.0,388.0,0.0,379.0,10.64,511.8,349.0,31.1,31.7,0.4,2.6,2067.6,0.0,16.83,16.7,34.7,31.0,34.2,34.0,34.0,32.5,33.0,33.6,46.4,47.8,25.3,27.3,25.9,26.1,33.0,30.0,25.0,-0.4,0.0,0.2,6.0,6.0,4.0,0.0,25.0,25.0,24.0,77.0,92.0,57.0,27.0,27.0,300.0,0.0,0.0,0.0,0.0,0.0,0.0,0.0,0.0,0.0
8.76,122.0,0.24,0.32,0.28,2.6,4.48,5.84,8.75,-12.7,0.02,0.05,175.6,6.1,348.0,1.0,1.0,186.0,677.0,211.0,0.0,199.0,8.72,333.7,231.0,32.7,31.9,0.5,2.6,1036.3,0.0,14.73,16.8,34.7,31.0,34.3,34.1,34.0,32.5,33.0,33.6,46.4,47.8,25.3,27.3,25.9,26.1,30.0,29.0,25.0,0.0,0.0,-0.1,6.0,6.0,4.0,0.0,25.0,25.0,24.0,77.0,92.0,57.0,27.0,27.0,300.0,0.0,0.0,0.0,0.0,0.0,0.0,0.0,0.0,0.0
9.61,10.01,0.24,0.31,0.29,6.06,4.08,7.82,9.64,5.9,0.05,-0.03,175.4,5.7,340.0,1.0,1.0,258.0,677.0,309.0,0.0,289.0,9.62,421.1,289.0,31.4,31.8,0.5,2.6,2067.6,0.0,16.83,16.2,35.1,31.5,34.7,34.6,34.4,33.0,33.5,34.0,46.4,47.8,25.3,27.4,25.9,26.1,32.0,30.0,25.0,-0.4,0.0,0.0,6.0,6.0,4.0,0.0,25.0,25.0,24.0,77.0,93.0,58.0,27.0,27.0,300.0,0.0,0.0,0.0,0.0,0.0,0.0,0.0,0.0,0.0
10.06,11.99,0.24,0.32,0.29,6.16,4.4,7.14,10.05,3.4,0.01,0.0,175.7,5.0,342.0,1.0,1.0,280.0,678.0,342.0,0.0,323.0,10.04,458.2,313.0,31.5,32.1,0.5,2.6,1673.9,0.0,16.24,16.8,34.7,31.0,34.3,34.1,34.0,32.6,33.0,33.6,46.5,47.8,25.3,27.3,25.9,26.0,31.0,29.0,25.0,-0.1,0.0,0.2,6.0,6.0,4.0,0.0,25.0,25.0,24.0,77.0,92.0,57.0,27.0,27.0,300.0,0.0,0.0,0.0,0.0,0.0,0.0,0.0,0.0,0.0
12.12,330.01,0.25,0.32,0.29,7.78,6.24,8.54,12.15,6.4,0.04,0.01,175.5,6.3,344.0,1.0,1.0,490.0,678.0,590.0,0.0,573.0,12.12,671.0,459.0,31.6,31.9,0.5,2.6,2067.6,0.0,16.83,16.3,35.0,31.3,34.5,34.4,34.3,32.9,33.3,33.8,46.3,47.8,25.3,27.5,25.9,26.1,34.0,31.0,25.0,0.2,0.0,-0.2,6.0,6.0,4.0,0.0,25.0,25.0,24.0,78.0,93.0,57.0,27.0,27.0,300.0,0.0,0.0,0.0,0.0,0.0,0.0,0.0,0.0,0.0
12.33,316.01,0.25,0.32,0.29,10.06,6.46,10.7,12.33,-1.8,0.06,-0.01,175.6,7.2,346.0,1.0,1.0,510.0,679.0,614.0,-2.0,608.0,12.32,695.7,473.0,31.6,31.5,0.5,2.6,2067.6,0.0,16.83,16.3,35.0,31.3,34.5,34.4,34.3,32.8,33.2,33.8,46.3,47.8,25.3,27.5,25.9,26.1,34.0,31.0,25.0,-0.2,0.0,-0.5,6.0,6.0,4.0,0.0,25.0,25.0,24.0,78.0,93.0,57.0,27.0,27.0,300.0,0.0,0.0,0.0,0.0,0.0,0.0,0.0,0.0,0.0
8.09,235.01,0.24,0.31,0.28,6.78,4.24,4.8,8.11,9.8,-0.08,0.01,175.7,4.4,333.0,1.0,1.0,154.0,677.0,185.0,0.0,169.0,8.08,297.3,204.0,32.3,32.1,0.5,2.6,1275.3,0.0,15.61,16.8,34.7,31.0,34.3,34.1,34.0,32.6,33.1,33.6,46.4,47.8,25.3,27.3,25.9,26.1,30.0,29.0,25.0,0.2,-0.2,0.0,6.0,6.0,4.0,0.0,25.0,25.0,24.0,77.0,92.0,57.0,27.0,27.0,300.0,0.0,0.0,0.0,0.0,0.0,0.0,0.0,0.0,0.0
9.21,96.01,0.24,0.31,0.29,3.76,4.0,6.86,9.23,5.2,0.05,-0.05,175.7,4.6,344.0,1.0,1.0,220.0,679.0,256.0,0.0,245.0,9.2,380.7,259.0,31.6,31.6,0.5,2.6,1644.1,0.0,16.19,16.8,34.7,31.0,34.3,34.1,34.0,32.6,33.1,33.7,46.5,47.8,25.3,27.3,25.9,26.0,30.0,28.0,25.0,0.0,0.2,0.0,6.0,6.0,4.0,0.0,25.0,25.0,24.0,77.0,92.0,57.0,27.0,27.0,300.0,0.0,0.0,0.0,0.0,0.0,0.0,0.0,0.0,0.0
11.49,110.02,0.24,0.32,0.29,6.8,5.26,8.84,11.49,-15.4,0.04,0.01,175.6,7.1,356.0,1.0,1.0,405.0,678.0,474.0,0.0,470.0,11.44,583.3,402.0,29.4,31.7,0.4,2.6,2067.6,0.0,16.83,16.6,34.7,31.0,34.3,34.1,34.0,32.6,33.1,33.6,46.4,47.7,25.3,27.4,25.9,26.1,31.0,28.0,25.0,0.0,0.0,0.0,6.0,6.0,4.0,0.0,25.0,25.0,24.0,77.0,92.0,57.0,27.0,27.0,300.0,0.0,0.0,0.0,0.0,0.0,0.0,0.0,0.0,0.0
10.05,142.99,0.24,0.32,0.29,4.4,4.4,6.72,10.06,3.5,0.03,0.05,175.5,5.4,348.0,1.0,1.0,272.0,677.0,332.0,0.0,302.0,10.02,448.7,308.0,33.1,31.6,0.5,2.6,1414.4,0.0,15.84,16.8,34.7,31.0,34.2,34.0,34.0,32.5,33.0,33.6,46.4,47.8,25.3,27.3,25.9,26.1,32.0,30.0,25.0,0.0,0.0,0.0,6.0,6.0,4.0,0.0,25.0,25.0,24.0,77.0,92.0,57.0,27.0,27.0,300.0,0.0,0.0,0.0,0.0,0.0,0.0,0.0,0.0,0.0
0.0,0.0,0.0,0.0,0.0,0.0,0.0,0.0,0.0,0.0,0.0,0.0,0.0,0.0,0.0,0.0,0.0,0.0,0.0,387.0,0.0,0.0,0.0,0.0,0.0,0.0,0.0,0.0,0.0,0.0,0.0,0.0,0.0,0.0,0.0,0.0,0.0,0.0,0.0,0.0,0.0,0.0,0.0,0.0,0.0,0.0,0.0,0.0,0.0,0.0,0.0,0.0,0.0,0.0,0.0,0.0,0.0,0.0,0.0,0.0,0.0,0.0,0.0,0.0,0.0,0.0,0.0,0.0,0.0,0.0,0.0,0.0,0.0,0.0,0.0
12.18,261.0,0.25,0.32,0.29,7.74,6.06,9.04,12.14,4.3,-0.05,0.0,175.5,6.5,344.0,1.0,1.0,480.0,678.0,584.0,0.0,563.0,12.12,669.9,456.0,31.2,32.1,0.5,2.6,2067.6,0.0,16.83,16.3,35.0,31.3,34.6,34.4,34.3,32.9,33.3,33.8,46.4,47.8,25.3,27.5,25.9,26.1,34.0,31.0,25.0,0.3,0.0,0.2,6.0,6.0,4.0,0.0,25.0,25.0,24.0,78.0,93.0,57.0,27.0,27.0,300.0,0.0,0.0,0.0,0.0,0.0,0.0,0.0,0.0,0.0
10.48,263.99,0.24,0.32,0.29,7.54,4.92,7.16,10.52,-0.5,0.0,0.03,175.7,5.2,346.0,1.0,1.0,325.0,678.0,381.0,0.0,366.0,10.48,502.0,342.0,30.4,32.3,0.4,2.6,2067.6,0.0,16.83,16.7,34.7,31.0,34.2,34.0,34.0,32.6,33.0,33.6,46.4,47.8,25.3,27.4,25.9,26.1,32.0,30.0,25.0,0.2,0.0,0.0,6.0,6.0,4.0,0.0,25.0,25.0,24.0,77.0,92.0,57.0,27.0,27.0,300.0,0.0,0.0,0.0,0.0,0.0,0.0,0.0,0.0,0.0
12.23,103.0,0.24,0.32,0.29,8.58,6.08,9.46,12.3,12.3,0.0,0.01,175.5,6.0,344.0,1.0,1.0,500.0,679.0,608.0,0.0,595.0,12.24,688.8,468.0,31.2,31.7,0.4,2.6,2067.6,0.0,16.83,16.3,35.0,31.3,34.5,34.3,34.3,32.8,33.2,33.8,46.3,47.8,25.3,27.5,25.9,26.1,34.0,31.0,25.0,0.0,0.0,0.0,6.0,6.0,4.0,0.0,25.0,25.0,24.0,78.0,93.0,57.0,27.0,27.0,300.0,0.0,0.0,0.0,0.0,0.0,0.0,0.0,0.0,0.0
12.23,167.0,0.24,0.32,0.29,8.88,5.68,10.94,12.26,9.1,-0.01,-0.06,175.3,5.9,341.0,1.0,1.0,493.0,678.0,589.0,0.0,579.0,12.2,677.3,462.0,32.1,32.1,0.5,2.6,2067.6,0.0,16.83,16.3,35.1,31.4,34.6,34.5,34.4,33.0,33.3,33.9,46.4,47.8,25.3,27.4,25.9,26.1,34.0,32.0,25.0,0.0,0.0,0.0,6.0,6.0,4.0,0.0,25.0,25.0,24.0,78.0,93.0,58.0,27.0,27.0,300.0,0.0,0.0,0.0,0.0,0.0,0.0,0.0,0.0,0.0
10.71,158.0,0.24,0.32,0.29,6.12,4.94,7.2,10.7,-2.5,0.0,-0.02,175.6,4.8,347.0,1.0,1.0,333.0,678.0,405.0,2.0,387.0,10.66,515.5,353.0,30.9,32.3,0.5,2.6,2067.6,0.0,16.83,16.7,34.7,31.0,34.2,34.0,34.0,32.5,33.0,33.6,46.4,47.8,25.3,27.3,25.9,26.1,32.0,30.0,25.0,0.3,0.0,0.0,6.0,6.0,4.0,0.0,25.0,25.0,24.0,77.0,92.0,57.0,27.0,27.0,300.0,0.0,0.0,0.0,0.0,0.0,0.0,0.0,0.0,0.0
12.66,77.0,0.24,0.32,0.29,8.38,6.64,9.54,12.73,-0.7,-0.02,0.0,175.5,7.3,352.0,1.0,1.0,549.0,678.0,666.0,0.0,653.0,12.68,727.6,498.0,29.8,31.8,0.4,2.6,2067.6,0.0,16.83,16.6,34.7,31.1,34.3,34.1,34.0,32.6,33.1,33.6,46.4,47.8,25.3,27.4,26.0,26.1,32.0,29.0,25.0,0.0,0.0,0.0,6.0,6.0,4.0,0.0,25.0,25.0,24.0,77.0,92.0,57.0,27.0,27.0,300.0,0.0,0.0,0.0,0.0,0.0,0.0,0.0,0.0,0.0
10.57,11.99,0.24,0.32,0.29,5.94,4.84,7.44,10.6,-1.7,-0.01,0.01,175.6,5.8,346.0,1.0,1.0,330.0,678.0,393.0,0.0,376.0,10.58,509.4,347.0,30.9,31.9,0.5,2.6,2067.6,0.0,16.83,16.7,34.7,31.0,34.2,34.1,34.0,32.5,33.0,33.6,46.4,47.8,25.3,27.4,25.9,26.1,32.0,30.0,25.0,-0.4,0.0,0.0,6.0,6.0,4.0,0.0,25.0,25.0,24.0,77.0,92.0,57.0,27.0,27.0,300.0,0.0,0.0,0.0,0.0,0.0,0.0,0.0,0.0,0.0
10.65,124.99,0.24,0.32,0.29,6.0,4.92,8.92,10.68,-10.9,-0.01,0.02,175.4,6.0,345.0,1.0,1.0,328.0,677.0,402.0,0.0,386.0,10.64,516.4,352.0,33.0,32.1,0.5,2.6,2067.6,0.0,16.83,16.2,35.1,31.5,34.7,34.6,34.4,33.0,33.4,34.0,46.4,47.8,25.3,27.4,25.9,26.1,34.0,31.0,25.0,0.1,0.0,-0.2,6.0,6.0,4.0,0.0,25.0,25.0,24.0,78.0,93.0,58.0,27.0,27.0,300.0,0.0,0.0,0.0,0.0,0.0,0.0,0.0,0.0,0.0
9.0,142.99,0.24,0.32,0.28,3.04,4.52,5.3,9.01,2.9,-0.02,0.03,175.7,4.3,346.0,1.0,1.0,196.0,678.0,244.0,0.0,226.0,8.98,362.6,249.0,31.4,31.6,0.5,2.6,1395.8,0.0,15.81,16.8,34.7,31.0,34.3,34.1,34.0,32.6,33.1,33.6,46.4,47.8,25.3,27.3,25.9,26.0,30.0,28.0,25.0,0.1,0.1,0.0,6.0,6.0,4.0,0.0,25.0,25.0,24.0,77.0,92.0,57.0,27.0,27.0,300.0,0.0,0.0,0.0,0.0,0.0,0.0,0.0,0.0,0.0
12.9,280.01,0.25,0.32,0.29,8.92,6.8,10.84,12.91,-3.5,0.01,-0.05,175.5,7.3,345.0,1.0,1.0,577.0,679.0,697.0,0.0,690.0,12.9,758.5,517.0,30.4,31.6,0.5,2.6,2067.6,0.0,16.83,16.5,34.9,31.2,34.5,34.2,34.1,32.7,33.1,33.7,46.3,47.8,25.4,27.4,25.9,26.1,34.0,31.0,25.0,0.0,0.0,0.0,6.0,6.0,4.0,0.0,25.0,25.0,24.0,77.0,92.0,57.0,27.0,27.0,300.0,0.0,0.0,0.0,0.0,0.0,0.0,0.0,0.0,0.0
12.49,190.01,0.25,0.32,0.29,9.82,5.9,11.48,12.52,0.1,0.01,0.02,175.6,6.8,354.0,1.0,1.0,508.0,679.0,604.0,0.0,587.0,12.48,693.3,477.0,29.7,32.2,0.5,2.6,2067.6,0.0,16.83,16.6,34.7,31.0,34.3,34.1,34.0,32.6,33.1,33.6,46.4,47.8,25.3,27.4,26.0,26.1,31.0,28.0,25.0,0.0,0.0,0.0,6.0,6.0,4.0,0.0,25.0,25.0,24.0,77.0,92.0,57.0,27.0,27.0,300.0,0.0,0.0,0.0,0.0,0.0,0.0,0.0,0.0,0.0
8.15,303.01,0.24,0.31,0.28,6.58,2.62,5.04,8.15,8.3,0.0,0.02,175.7,4.7,333.0,1.0,1.0,158.0,677.0,186.0,0.0,172.0,8.14,304.9,205.0,32.1,32.2,0.5,2.6,1275.3,0.0,15.61,16.8,34.7,31.0,34.3,34.1,34.0,32.6,33.1,33.6,46.4,47.8,25.3,27.3,25.9,26.1,30.0,29.0,25.0,0.0,0.0,0.1,6.0,6.0,4.0,0.0,25.0,25.0,24.0,77.0,92.0,57.0,27.0,27.0,300.0,0.0,0.0,0.0,0.0,0.0,0.0,0.0,0.0,0.0
10.23,209.02,0.24,0.32,0.29,7.14,4.66,7.62,10.24,-3.9,-0.04,0.01,175.6,6.8,348.0,1.0,1.0,294.0,677.0,354.0,2.0,328.0,10.22,474.2,322.0,33.4,31.9,0.5,2.6,1914.7,0.0,16.6,16.8,34.7,31.0,34.2,34.1,34.0,32.5,33.0,33.6,46.4,47.8,25.3,27.3,25.9,26.1,32.0,30.0,25.0,0.0,0.0,0.0,6.0,6.0,4.0,0.0,25.0,25.0,24.0,77.0,92.0,57.0,27.0,27.0,300.0,0.0,0.0,0.0,0.0,0.0,0.0,0.0,0.0,0.0
8.65,22.0,0.24,0.31,0.29,3.62,3.14,6.7,8.68,5.1,0.01,0.02,175.7,4.6,336.0,1.0,1.0,192.0,678.0,222.0,-2.0,214.0,8.68,350.5,237.0,31.8,31.9,0.5,2.6,1752.4,0.0,16.36,16.6,34.7,31.0,34.3,34.1,34.0,32.6,33.1,33.6,46.4,47.8,25.3,27.3,26.0,26.1,31.0,29.0,25.0,-0.1,0.0,0.2,6.0,6.0,4.0,0.0,25.0,25.0,24.0,77.0,92.0,57.0,27.0,27.0,300.0,0.0,0.0,0.0,0.0,0.0,0.0,0.0,0.0,0.0
12.24,20.99,0.25,0.32,0.29,8.66,6.3,9.46,12.27,6.2,-0.01,0.05,175.4,7.6,343.0,1.0,1.0,489.0,679.0,583.0,0.0,569.0,12.22,672.3,462.0,32.2,31.7,0.5,2.6,2067.6,0.0,16.83,16.3,35.1,31.4,34.6,34.4,34.3,33.0,33.3,33.9,46.4,47.8,25.3,27.4,25.9,26.1,34.0,31.0,25.0,0.0,0.0,-0.4,6.0,6.0,4.0,0.0,25.0,25.0,24.0,78.0,93.0,57.0,27.0,27.0,300.0,0.0,0.0,0.0,0.0,0.0,0.0,0.0,0.0,0.0
9.89,322.99,0.24,0.32,0.29,7.96,4.26,7.94,9.88,-8.8,0.01,0.08,175.7,7.4,350.0,1.0,1.0,258.0,678.0,309.0,0.0,293.0,9.88,436.4,299.0,32.7,32.4,0.5,2.6,1414.4,0.0,15.84,16.8,34.7,31.0,34.2,34.0,34.0,32.5,33.0,33.6,46.4,47.8,25.3,27.3,25.9,26.1,31.0,30.0,25.0,0.0,0.0,0.0,6.0,6.0,4.0,0.0,25.0,25.0,24.0,77.0,92.0,57.0,27.0,27.0,300.0,0.0,0.0,0.0,0.0,0.0,0.0,0.0,0.0,0.0
9.4,220.0,0.24,0.32,0.28,6.2,4.34,5.84,9.41,4.5,0.05,0.01,175.6,5.5,348.0,1.0,1.0,231.0,677.0,275.0,0.0,254.0,9.38,397.9,270.0,33.0,32.0,0.5,2.6,1414.4,0.0,15.84,16.8,34.6,31.0,34.2,34.0,34.0,32.5,33.0,33.6,46.4,47.8,25.3,27.3,25.9,26.1,31.0,30.0,25.0,0.6,0.0,0.0,6.0,6.0,4.0,0.0,25.0,25.0,24.0,77.0,92.0,57.0,27.0,27.0,300.0,0.0,0.0,0.0,0.0,0.0,0.0,0.0,0.0,0.0
11.2,326.99,0.24,0.32,0.29,7.82,5.48,8.64,11.24,10.4,0.02,-0.01,175.5,5.8,342.0,1.0,1.0,386.0,678.0,459.0,0.0,448.0,11.22,570.5,391.0,32.6,31.7,0.5,2.6,2067.6,0.0,16.83,16.2,35.1,31.5,34.6,34.5,34.4,33.0,33.4,34.0,46.4,47.8,25.3,27.4,25.9,26.1,34.0,31.0,25.0,0.0,0.0,0.0,6.0,6.0,4.0,0.0,25.0,25.0,24.0,78.0,93.0,58.0,27.0,27.0,300.0,0.0,0.0,0.0,0.0,0.0,0.0,0.0,0.0,0.0
12.18,257.0,0.25,0.32,0.29,8.94,6.16,10.36,12.21,8.3,0.01,-0.03,175.5,5.9,344.0,1.0,1.0,492.0,679.0,590.0,-2.0,581.0,12.16,678.4,461.0,31.5,32.1,0.5,2.6,2067.6,0.0,16.83,16.3,35.0,31.3,34.5,34.3,34.2,32.9,33.2,33.8,46.3,47.8,25.3,27.5,25.9,26.1,34.0,31.0,25.0,0.0,0.0,0.0,6.0,6.0,4.0,0.0,25.0,25.0,24.0,78.0,93.0,57.0,27.0,27.0,300.0,0.0,0.0,0.0,0.0,0.0,0.0,0.0,0.0,0.0
10.13,9.0,0.24,0.32,0.29,6.68,4.32,8.3,10.14,3.9,0.03,-0.01,175.7,6.0,343.0,1.0,1.0,286.0,679.0,341.0,0.0,328.0,10.12,464.5,316.0,31.5,32.0,0.5,2.6,1673.9,0.0,16.24,16.8,34.7,31.0,34.3,34.1,34.0,32.6,33.0,33.6,46.4,47.8,25.3,27.3,25.9,26.0,31.0,29.0,25.0,-0.4,0.0,0.0,6.0,6.0,4.0,0.0,25.0,25.0,24.0,77.0,92.0,57.0,27.0,27.0,300.0,0.0,0.0,0.0,0.0,0.0,0.0,0.0,0.0,0.0
10.68,29.99,0.24,0.32,0.29,6.22,4.88,8.76,10.73,-2.7,-0.01,0.04,175.6,5.6,347.0,1.0,1.0,339.0,678.0,396.0,-2.0,387.0,10.68,514.9,353.0,31.4,31.5,0.5,2.6,2067.6,0.0,16.83,16.7,34.7,31.0,34.2,34.0,34.0,32.5,33.0,33.6,46.4,47.8,25.3,27.3,25.9,26.1,32.0,30.0,25.0,-0.7,0.0,0.0,6.0,6.0,4.0,0.0,25.0,25.0,24.0,77.0,92.0,57.0,27.0,27.0,300.0,0.0,0.0,0.0,0.0,0.0,0.0,0.0,0.0,0.0
12.61,46.01,0.24,0.32,0.29,7.46,6.68,8.72,12.65,2.8,-0.03,0.01,175.6,7.1,345.0,1.0,1.0,536.0,679.0,641.0,0.0,633.0,12.6,714.8,490.0,30.4,31.8,0.5,2.6,2067.6,0.0,16.83,16.5,34.8,31.1,34.4,34.2,34.1,32.7,33.1,33.7,46.4,47.8,25.3,27.4,26.0,26.1,33.0,30.0,25.0,0.0,0.0,0.0,6.0,6.0,4.0,0.0,25.0,25.0,24.0,77.0,92.0,57.0,27.0,27.0,300.0,0.0,0.0,0.0,0.0,0.0,0.0,0.0,0.0,0.0
12.78,351.0,0.25,0.32,0.29,8.4,6.86,9.2,12.8,-0.6,0.07,0.0,175.6,8.0,345.0,1.0,1.0,554.0,679.0,654.0,0.0,641.0,12.78,735.6,502.0,30.0,32.4,0.5,2.6,2067.6,0.0,16.83,16.5,34.8,31.2,34.4,34.2,34.1,32.7,33.1,33.7,46.3,47.8,25.3,27.4,26.0,26.1,33.0,30.0,25.0,0.0,0.2,0.0,6.0,6.0,4.0,0.0,25.0,25.0,24.0,77.0,92.0,57.0,27.0,27.0,300.0,0.0,0.0,0.0,0.0,0.0,0.0,0.0,0.0,0.0
12.19,339.98,0.25,0.32,0.29,8.8,6.24,9.1,12.24,0.3,-0.01,-0.01,175.5,6.8,344.0,1.0,1.0,491.0,679.0,587.0,0.0,576.0,12.2,675.7,462.0,31.6,31.6,0.5,2.6,2067.6,0.0,16.83,16.3,35.0,31.3,34.6,34.4,34.3,32.9,33.2,33.9,46.4,47.8,25.3,27.5,26.0,26.1,34.0,31.0,25.0,0.0,0.0,-0.2,6.0,6.0,4.0,0.0,25.0,25.0,24.0,78.0,93.0,57.0,27.0,27.0,300.0,0.0,0.0,0.0,0.0,0.0,0.0,0.0,0.0,0.0
10.13,69.01,0.24,0.32,0.29,5.14,4.32,8.38,10.15,7.3,-0.02,-0.02,175.6,5.4,342.0,1.0,1.0,280.0,679.0,339.0,0.0,330.0,10.12,463.6,318.0,31.6,31.7,0.5,2.6,1673.9,0.0,16.24,16.8,34.7,31.0,34.3,34.1,34.0,32.6,33.1,33.6,46.4,47.8,25.3,27.3,25.9,26.0,31.0,29.0,25.0,-0.2,0.0,0.0,6.0,6.0,4.0,0.0,25.0,25.0,24.0,77.0,92.0,57.0,27.0,27.0,300.0,0.0,0.0,0.0,0.0,0.0,0.0,0.0,0.0,0.0
7.82,119.99,0.24,0.31,0.28,2.84,3.96,6.14,7.83,-2.3,-0.07,-0.09,175.7,4.5,338.0,1.0,1.0,135.0,678.0,167.0,0.0,149.0,7.8,274.7,188.0,32.7,31.7,0.5,2.6,1075.1,0.0,14.91,16.8,34.7,31.0,34.3,34.1,34.0,32.5,33.0,33.6,46.4,47.8,25.3,27.3,25.9,26.1,30.0,29.0,25.0,0.0,0.1,-0.3,6.0,6.0,4.0,0.0,25.0,25.0,24.0,77.0,92.0,57.0,27.0,27.0,300.0,0.0,0.0,0.0,0.0,0.0,0.0,0.0,0.0,0.0
12.96,96.01,0.25,0.32,0.29,8.06,6.28,9.26,13.0,-1.1,-0.01,0.04,175.5,6.6,345.0,1.0,1.0,583.0,679.0,706.0,2.0,694.0,12.98,762.3,521.0,30.5,31.6,0.5,2.6,2067.6,0.0,16.83,16.5,34.9,31.2,34.4,34.2,34.1,32.7,33.1,33.7,46.4,47.8,25.3,27.4,25.9,26.1,34.0,30.0,25.0,0.2,-0.3,0.4,6.0,6.0,4.0,0.0,25.0,25.0,24.0,77.0,92.0,57.0,27.0,27.0,300.0,0.0,0.0,0.0,0.0,0.0,0.0,0.0,0.0,0.0
9.99,254.99,0.24,0.32,0.29,6.72,4.62,6.62,9.99,13.2,0.02,-0.06,175.5,4.6,340.0,1.0,1.0,285.0,677.0,338.0,0.0,320.0,9.98,454.2,311.0,31.1,31.9,0.5,2.6,2067.6,0.0,16.83,16.2,35.1,31.5,34.7,34.6,34.4,33.0,33.4,34.0,46.4,47.8,25.3,27.4,25.9,26.1,33.0,30.0,25.0,0.3,0.0,0.0,6.0,6.0,4.0,0.0,25.0,25.0,24.0,77.0,93.0,58.0,27.0,27.0,300.0,0.0,0.0,0.0,0.0,0.0,0.0,0.0,0.0,0.0
9.03,20.02,0.24,0.31,0.29,4.48,3.18,8.26,9.07,-2.3,0.01,0.0,175.7,5.0,347.0,1.0,1.0,201.0,678.0,247.0,0.0,233.0,9.02,368.6,252.0,31.1,32.2,0.5,2.6,1395.8,0.0,15.81,16.8,34.7,31.0,34.3,34.1,34.0,32.6,33.1,33.6,46.5,47.8,25.3,27.3,25.9,26.0,30.0,28.0,25.0,-0.3,0.0,0.2,6.0,6.0,4.0,0.0,25.0,25.0,24.0,77.0,92.0,57.0,27.0,27.0,300.0,0.0,0.0,0.0,0.0,0.0,0.0,0.0,0.0,0.0
9.99,65.99,0.24,0.31,0.29,5.14,4.18,7.52,10.02,4.3,0.0,-0.04,175.7,5.4,343.0,1.0,1.0,270.0,679.0,326.0,2.0,297.0,10.0,440.8,306.0,31.8,31.8,0.5,2.6,1644.1,0.0,16.19,16.8,34.7,31.0,34.3,34.1,34.0,32.6,33.1,33.6,46.4,47.8,25.3,27.3,25.9,26.0,30.0,29.0,25.0,0.0,0.0,0.0,6.0,6.0,4.0,0.0,25.0,25.0,24.0,77.0,92.0,57.0,27.0,27.0,300.0,0.0,0.0,0.0,0.0,0.0,0.0,0.0,0.0,0.0
10.34,10.01,0.24,0.32,0.29,5.94,4.74,7.32,10.35,-10.5,0.0,-0.02,175.6,6.3,350.0,1.0,1.0,301.0,678.0,361.0,0.0,345.0,10.34,481.6,329.0,29.6,32.3,0.4,2.6,2067.6,0.0,16.83,16.6,34.7,31.0,34.3,34.1,34.0,32.5,33.1,33.6,46.4,47.8,25.3,27.4,25.9,26.1,31.0,29.0,25.0,-0.4,0.0,0.0,6.0,6.0,4.0,0.0,25.0,25.0,24.0,77.0,92.0,57.0,27.0,27.0,300.0,0.0,0.0,0.0,0.0,0.0,0.0,0.0,0.0,0.0
8.04,185.0,0.24,0.32,0.28,4.56,4.38,4.22,8.0,-13.5,-0.04,-0.05,175.6,5.4,344.0,1.0,1.0,149.0,677.0,168.0,0.0,155.0,8.0,281.5,196.0,32.4,32.1,0.5,2.6,1075.1,0.0,14.91,16.8,34.7,31.0,34.3,34.1,34.0,32.5,33.0,33.6,46.4,47.8,25.3,27.3,25.9,26.1,30.0,29.0,25.0,0.1,0.0,0.0,6.0,6.0,4.0,0.0,25.0,25.0,24.0,77.0,92.0,57.0,27.0,27.0,300.0,0.0,0.0,0.0,0.0,0.0,0.0,0.0,0.0,0.0
12.12,42.98,0.24,0.32,0.29,8.24,6.16,9.5,12.16,4.7,-0.01,-0.01,175.5,6.4,344.0,1.0,1.0,482.0,678.0,584.0,0.0,568.0,12.12,666.8,457.0,31.7,31.6,0.5,2.6,2067.6,0.0,16.83,16.3,35.0,31.3,34.5,34.4,34.3,32.9,33.3,33.8,46.4,47.8,25.3,27.6,25.9,26.1,34.0,31.0,25.0,-0.5,0.0,-0.2,6.0,6.0,4.0,0.0,25.0,25.0,24.0,78.0,93.0,57.0,27.0,27.0,300.0,0.0,0.0,0.0,0.0,0.0,0.0,0.0,0.0,0.0
12.98,173.02,0.25,0.32,0.29,10.28,6.2,11.54,13.01,-0.2,-0.04,0.0,175.5,6.1,345.0,1.0,1.0,583.0,679.0,706.0,0.0,697.0,12.96,762.4,521.0,30.3,31.8,0.5,2.6,2067.6,0.0,16.83,16.5,34.9,31.2,34.4,34.2,34.1,32.7,33.1,33.7,46.3,47.8,25.3,27.4,26.0,26.1,34.0,30.0,25.0,0.0,0.0,0.0,6.0,6.0,4.0,0.0,25.0,25.0,24.0,77.0,92.0,57.0,27.0,27.0,300.0,0.0,0.0,0.0,0.0,0.0,0.0,0.0,0.0,0.0
9.15,41.0,0.24,0.31,0.29,3.64,3.72,6.76,9.17,0.8,-0.02,0.02,175.7,5.2,345.0,1.0,1.0,212.0,679.0,244.0,0.0,239.0,9.14,373.3,257.0,31.5,31.9,0.5,2.6,1644.1,0.0,16.19,16.8,34.7,31.0,34.3,34.1,34.0,32.6,33.1,33.6,46.5,47.8,25.3,27.3,25.9,26.0,30.0,28.0,25.0,-0.1,0.0,0.0,6.0,6.0,4.0,0.0,25.0,25.0,24.0,77.0,92.0,57.0,27.0,27.0,300.0,0.0,0.0,0.0,0.0,0.0,0.0,0.0,0.0,0.0
12.21,177.01,0.25,0.32,0.29,7.94,5.84,9.42,12.22,5.5,-0.02,-0.01,175.5,5.3,345.0,1.0,1.0,503.0,679.0,596.0,-2.0,588.0,12.2,678.6,464.0,31.4,32.1,0.5,2.6,2067.6,0.0,16.83,16.3,35.0,31.3,34.5,34.3,34.3,32.8,33.2,33.8,46.3,47.8,25.3,27.5,25.9,26.1,34.0,31.0,25.0,0.5,0.0,0.6,6.0,6.0,4.0,0.0,25.0,25.0,24.0,78.0,93.0,57.0,27.0,27.0,300.0,0.0,0.0,0.0,0.0,0.0,0.0,0.0,0.0,0.0
10.55,209.99,0.24,0.32,0.29,7.3,4.94,7.52,10.6,-1.2,-0.03,0.01,175.6,5.4,346.0,1.0,1.0,327.0,678.0,385.0,0.0,372.0,10.56,503.3,346.0,31.4,31.9,0.5,2.6,2067.6,0.0,16.83,16.7,34.6,31.0,34.2,34.1,34.0,32.5,33.0,33.6,46.4,47.8,25.3,27.3,25.9,26.1,33.0,31.0,25.0,0.2,0.0,0.0,6.0,6.0,4.0,0.0,25.0,25.0,24.0,77.0,92.0,57.0,27.0,27.0,300.0,0.0,0.0,0.0,0.0,0.0,0.0,0.0,0.0,0.0
12.16,126.0,0.24,0.32,0.29,7.12,5.6,8.64,12.19,1.5,-0.04,0.0,175.5,6.9,344.0,1.0,1.0,493.0,679.0,584.0,0.0,573.0,12.16,677.3,460.0,31.6,32.0,0.5,2.6,2067.6,0.0,16.83,16.3,35.0,31.3,34.6,34.4,34.3,32.9,33.3,33.8,46.4,47.8,25.3,27.5,25.9,26.1,34.0,31.0,25.0,0.2,0.0,0.2,6.0,6.0,4.0,0.0,25.0,25.0,24.0,78.0,93.0,57.0,27.0,27.0,300.0,0.0,0.0,0.0,0.0,0.0,0.0,0.0,0.0,0.0
12.26,168.01,0.25,0.32,0.29,8.7,5.56,9.94,12.28,10.8,0.0,-0.01,175.4,6.4,342.0,1.0,1.0,497.0,679.0,593.0,0.0,577.0,12.22,677.0,463.0,32.4,31.5,0.5,2.6,2067.6,0.0,16.83,16.3,35.1,31.4,34.6,34.5,34.3,33.0,33.4,33.9,46.4,47.8,25.3,27.4,25.9,26.1,34.0,31.0,25.0,0.0,0.0,0.0,6.0,6.0,4.0,0.0,25.0,25.0,24.0,78.0,93.0,57.0,27.0,27.0,300.0,0.0,0.0,0.0,0.0,0.0,0.0,0.0,0.0,0.0
12.07,173.99,0.25,0.32,0.29,9.42,5.6,9.98,12.09,-13.4,0.04,0.02,175.5,9.3,356.0,1.0,1.0,457.0,679.0,544.0,5.0,529.0,12.04,638.5,442.0,29.7,31.8,0.4,2.6,2067.6,0.0,16.83,16.6,34.7,31.0,34.3,34.1,34.0,32.6,33.1,33.6,46.4,47.8,25.4,27.4,26.0,26.1,31.0,28.0,25.0,0.0,0.0,0.0,6.0,6.0,4.0,0.0,25.0,25.0,24.0,77.0,92.0,57.0,27.0,27.0,300.0,0.0,0.0,0.0,0.0,0.0,0.0,0.0,0.0,0.0
8.3,73.01,0.24,0.31,0.29,2.64,3.08,6.84,8.33,25.2,0.01,0.03,175.7,3.8,332.0,1.0,1.0,166.0,678.0,201.0,0.0,184.0,8.32,319.4,216.0,32.3,31.7,0.5,2.6,1752.4,0.0,16.36,16.7,34.7,31.0,34.3,34.1,34.0,32.6,33.0,33.6,46.4,47.8,25.3,27.3,26.0,26.1,31.0,29.0,25.0,0.0,0.0,0.0,6.0,6.0,4.0,0.0,25.0,25.0,24.0,77.0,92.0,57.0,27.0,27.0,300.0,0.0,0.0,0.0,0.0,0.0,0.0,0.0,0.0,0.0
7.84,353.02,0.24,0.31,0.28,5.56,2.72,6.2,7.85,6.0,0.06,-0.02,175.7,4.1,336.0,1.0,1.0,141.0,677.0,170.0,0.0,158.0,7.86,279.0,193.0,32.7,31.9,0.5,2.6,1213.5,0.0,15.51,16.8,34.7,31.0,34.3,34.1,34.0,32.6,33.1,33.7,46.4,47.8,25.3,27.3,25.9,26.1,30.0,29.0,25.0,-0.4,0.0,0.2,6.0,6.0,4.0,0.0,25.0,25.0,24.0,77.0,92.0,57.0,27.0,27.0,300.0,0.0,0.0,0.0,0.0,0.0,0.0,0.0,0.0,0.0
10.24,299.02,0.24,0.32,0.29,8.64,4.66,8.38,10.23,1.9,0.0,0.0,175.5,5.5,348.0,1.0,1.0,299.0,678.0,354.0,0.0,336.0,10.22,478.8,325.0,29.8,32.0,0.5,2.6,2067.6,0.0,16.83,16.6,34.7,31.0,34.3,34.1,34.0,32.6,33.1,33.6,46.4,47.8,25.3,27.4,25.9,26.1,31.0,29.0,25.0,-0.2,0.0,0.0,6.0,6.0,4.0,0.0,25.0,25.0,24.0,77.0,92.0,57.0,27.0,27.0,300.0,0.0,0.0,0.0,0.0,0.0,0.0,0.0,0.0,0.0
10.78,198.0,0.24,0.32,0.29,7.0,4.96,7.4,10.8,-9.9,0.01,0.04,175.6,6.2,354.0,1.0,1.0,339.0,678.0,410.0,0.0,397.0,10.76,522.4,358.0,28.5,32.0,0.4,2.6,2067.6,0.0,16.83,16.6,34.7,31.0,34.3,34.1,34.0,32.6,33.0,33.6,46.4,47.8,25.3,27.4,25.9,26.1,31.0,28.0,25.0,0.3,0.0,0.2,6.0,6.0,4.0,0.0,25.0,25.0,24.0,77.0,92.0,57.0,27.0,27.0,300.0,0.0,0.0,0.0,0.0,0.0,0.0,0.0,0.0,0.0
11.28,124.99,0.24,0.32,0.29,6.38,5.2,8.66,11.3,7.7,0.03,-0.02,175.4,5.1,343.0,1.0,1.0,387.0,678.0,470.0,0.0,456.0,11.24,575.3,393.0,32.6,31.9,0.5,2.6,2067.6,0.0,16.83,16.2,35.1,31.5,34.6,34.5,34.4,33.0,33.5,34.0,46.4,47.8,25.3,27.4,25.9,26.1,34.0,31.0,25.0,0.0,0.0,0.0,6.0,6.0,4.0,0.0,25.0,25.0,24.0,78.0,93.0,58.0,27.0,27.0,300.0,0.0,0.0,0.0,0.0,0.0,0.0,0.0,0.0,0.0
10.15,31.0,0.24,0.32,0.29,5.96,4.42,8.44,10.18,1.6,-0.07,0.02,175.6,6.1,347.0,1.0,1.0,281.0,678.0,338.0,0.0,331.0,10.14,463.5,317.0,33.0,32.1,0.5,2.6,1914.7,0.0,16.6,16.8,34.7,31.0,34.2,34.0,34.0,32.5,33.0,33.6,46.4,47.8,25.3,27.3,25.9,26.1,32.0,30.0,25.0,-0.4,0.0,0.0,6.0,6.0,4.0,0.0,25.0,25.0,24.0,77.0,92.0,57.0,27.0,27.0,300.0,0.0,0.0,0.0,0.0,0.0,0.0,0.0,0.0,0.0
10.29,245.99,0.24,0.32,0.29,8.26,4.8,8.08,10.31,-8.2,-0.03,0.01,175.6,6.3,350.0,1.0,1.0,301.0,678.0,358.0,0.0,341.0,10.28,481.4,326.0,30.0,32.0,0.4,2.6,2067.6,0.0,16.83,16.6,34.7,31.0,34.3,34.1,34.0,32.5,33.1,33.6,46.4,47.8,25.3,27.4,25.9,26.1,31.0,29.0,25.0,0.2,0.0,0.0,6.0,6.0,4.0,0.0,25.0,25.0,24.0,77.0,92.0,57.0,27.0,27.0,300.0,0.0,0.0,0.0,0.0,0.0,0.0,0.0,0.0,0.0
12.26,340.99,0.24,0.32,0.29,9.44,6.36,9.96,12.29,-0.3,0.0,0.0,175.6,7.5,344.0,1.0,1.0,501.0,679.0,592.0,0.0,585.0,12.26,679.3,465.0,31.1,31.5,0.4,2.6,2067.6,0.0,16.83,16.4,34.9,31.3,34.5,34.3,34.2,32.8,33.1,33.7,46.4,47.8,25.3,27.4,25.9,26.1,34.0,31.0,25.0,-0.2,0.0,-0.9,6.0,6.0,4.0,0.0,25.0,25.0,24.0,77.0,93.0,57.0,27.0,27.0,300.0,0.0,0.0,0.0,0.0,0.0,0.0,0.0,0.0,0.0
10.47,276.01,0.24,0.32,0.29,7.68,4.82,7.5,10.46,-3.9,0.05,0.02,175.6,5.7,349.0,1.0,1.0,318.0,678.0,370.0,-2.0,368.0,10.46,496.3,339.0,29.7,31.6,0.5,2.6,2067.6,0.0,16.83,16.6,34.7,31.0,34.3,34.1,34.0,32.6,33.0,33.6,46.4,47.8,25.3,27.4,25.9,26.1,31.0,29.0,25.0,0.0,0.0,0.0,6.0,6.0,4.0,0.0,25.0,25.0,24.0,77.0,92.0,57.0,27.0,27.0,300.0,0.0,0.0,0.0,0.0,0.0,0.0,0.0,0.0,0.0
10.69,132.98,0.24,0.32,0.29,5.9,4.88,7.0,10.71,0.7,0.05,-0.03,175.6,5.3,346.0,1.0,1.0,330.0,678.0,393.0,0.0,383.0,10.66,509.4,350.0,31.0,32.0,0.5,2.6,2067.6,0.0,16.83,16.7,34.7,31.0,34.2,34.0,34.0,32.5,33.0,33.6,46.4,47.7,25.3,27.3,25.9,26.1,33.0,30.0,25.0,0.4,0.0,0.0,6.0,6.0,4.0,0.0,25.0,25.0,24.0,77.0,92.0,57.0,27.0,27.0,300.0,0.0,0.0,0.0,0.0,0.0,0.0,0.0,0.0,0.0
11.95,101.99,0.24,0.32,0.29,8.4,5.7,10.12,12.0,-5.4,-0.01,-0.02,175.4,6.9,344.0,1.0,1.0,474.0,678.0,559.0,-2.0,559.0,11.96,653.8,447.0,32.2,32.1,0.5,2.6,2067.6,0.0,16.83,16.2,35.1,31.5,34.6,34.5,34.4,33.0,33.4,33.9,46.4,47.8,25.3,27.4,25.9,26.1,35.0,31.0,25.0,-0.2,0.0,0.0,6.0,6.0,4.0,0.0,25.0,25.0,24.0,78.0,93.0,58.0,27.0,27.0,300.0,0.0,0.0,0.0,0.0,0.0,0.0,0.0,0.0,0.0
9.72,195.98,0.24,0.32,0.29,5.72,4.7,6.44,9.77,7.3,-0.05,0.0,175.3,5.3,340.0,1.0,1.0,259.0,677.0,308.0,0.0,302.0,9.74,436.7,298.0,31.2,32.4,0.5,2.6,2067.6,0.0,16.83,16.2,35.1,31.5,34.7,34.6,34.4,33.0,33.4,34.1,46.4,47.8,25.3,27.4,25.9,26.1,32.0,30.0,25.0,0.5,0.0,0.0,6.0,6.0,4.0,0.0,25.0,25.0,24.0,77.0,93.0,58.0,27.0,27.0,300.0,0.0,0.0,0.0,0.0,0.0,0.0,0.0,0.0,0.0
9.51,334.01,0.24,0.31,0.29,6.84,3.92,7.14,9.51,-1.9,0.02,0.04,175.6,6.3,349.0,1.0,1.0,231.0,678.0,275.0,0.0,266.0,9.48,402.5,276.0,32.5,32.4,0.5,2.6,1414.4,0.0,15.84,16.8,34.6,31.0,34.2,34.0,34.0,32.5,33.0,33.5,46.4,47.8,25.3,27.3,25.8,26.1,31.0,30.0,25.0,-0.3,0.0,0.0,6.0,6.0,4.0,0.0,25.0,25.0,24.0,77.0,92.0,57.0,27.0,27.0,300.0,0.0,0.0,0.0,0.0,0.0,0.0,0.0,0.0,0.0
7.71,56.99,0.24,0.31,0.29,2.22,2.7,7.52,7.73,11.9,-0.01,0.01,175.7,3.8,335.0,1.0,1.0,138.0,677.0,159.0,0.0,146.0,7.72,273.2,185.0,32.3,32.2,0.5,2.6,1213.5,0.0,15.51,16.8,34.7,31.0,34.3,34.1,34.0,32.6,33.0,33.6,46.4,47.8,25.3,27.3,25.8,26.1,30.0,29.0,25.0,-0.1,0.0,0.0,6.0,6.0,4.0,0.0,25.0,25.0,24.0,77.0,92.0,57.0,27.0,27.0,300.0,0.0,0.0,0.0,0.0,0.0,0.0,0.0,0.0,0.0
10.52,83.02,0.24,0.32,0.29,5.5,4.8,7.32,10.55,-8.8,0.05,0.02,175.4,4.8,346.0,1.0,1.0,319.0,677.0,381.0,-2.0,371.0,10.52,509.0,345.0,33.3,31.7,0.5,2.6,2067.6,0.0,16.83,16.2,35.1,31.5,34.7,34.6,34.4,33.0,33.4,34.0,46.4,47.8,25.3,27.4,25.9,26.1,34.0,31.0,25.0,0.0,0.0,0.0,6.0,6.0,4.0,0.0,25.0,25.0,24.0,78.0,93.0,58.0,27.0,27.0,300.0,0.0,0.0,0.0,0.0,0.0,0.0,0.0,0.0,0.0
10.38,158.0,0.24,0.32,0.29,5.48,5.0,6.76,10.4,0.1,0.04,0.08,175.5,5.9,348.0,1.0,1.0,300.0,678.0,358.0,0.0,349.0,10.36,479.8,331.0,33.4,31.6,0.5,2.6,1914.7,0.0,16.6,16.8,34.6,31.0,34.2,34.0,33.9,32.5,33.0,33.5,46.4,47.8,25.3,27.3,25.9,26.1,32.0,30.0,25.0,0.1,0.0,0.0,6.0,6.0,4.0,0.0,25.0,25.0,24.0,77.0,92.0,57.0,27.0,27.0,300.0,0.0,0.0,0.0,0.0,0.0,0.0,0.0,0.0,0.0
12.7,285.01,0.25,0.32,0.29,9.42,6.66,10.92,12.71,-1.0,0.03,0.0,175.6,7.1,352.0,1.0,1.0,547.0,678.0,654.0,0.0,649.0,12.68,726.0,497.0,29.4,32.4,0.4,2.6,2067.6,0.0,16.83,16.6,34.8,31.1,34.3,34.1,34.0,32.6,33.1,33.7,46.4,47.8,25.3,27.4,26.0,26.1,32.0,29.0,25.0,0.0,0.0,0.0,6.0,6.0,4.0,0.0,25.0,25.0,24.0,77.0,92.0,57.0,27.0,27.0,300.0,0.0,0.0,0.0,0.0,0.0,0.0,0.0,0.0,0.0
10.59,274.0,0.24,0.32,0.29,7.44,4.9,7.16,10.59,-0.1,0.0,-0.06,175.6,5.4,346.0,1.0,1.0,324.0,678.0,387.0,0.0,371.0,10.56,508.9,346.0,31.6,31.5,0.5,2.6,2067.6,0.0,16.83,16.7,34.6,31.0,34.2,34.0,34.0,32.5,33.0,33.6,46.4,47.8,25.3,27.3,25.9,26.1,33.0,31.0,25.0,0.0,0.0,0.0,6.0,6.0,4.0,0.0,25.0,25.0,24.0,77.0,92.0,57.0,27.0,27.0,300.0,0.0,0.0,0.0,0.0,0.0,0.0,0.0,0.0,0.0
11.79,162.0,0.24,0.32,0.29,6.72,5.48,9.1,11.78,1.4,0.01,0.0,175.4,7.6,344.0,1.0,1.0,437.0,678.0,513.0,0.0,510.0,11.76,615.9,423.0,32.3,32.2,0.5,2.6,2067.6,0.0,16.83,16.3,35.1,31.4,34.6,34.4,34.3,32.9,33.3,33.9,46.4,47.8,25.3,27.4,25.9,26.1,34.0,31.0,25.0,0.0,0.0,0.2,6.0,6.0,4.0,0.0,25.0,25.0,24.0,78.0,92.0,58.0,27.0,27.0,300.0,0.0,0.0,0.0,0.0,0.0,0.0,0.0,0.0,0.0
10.45,335.02,0.24,0.32,0.29,7.8,4.9,8.68,10.46,-4.0,-0.02,0.04,175.5,6.1,346.0,1.0,1.0,316.0,677.0,372.0,-2.0,372.0,10.46,500.8,341.0,32.8,32.3,0.5,2.6,2067.6,0.0,16.83,16.2,35.1,31.5,34.7,34.6,34.4,33.0,33.4,34.0,46.4,47.9,25.3,27.4,25.9,26.1,34.0,31.0,25.0,0.0,0.0,0.0,6.0,6.0,4.0,0.0,25.0,25.0,24.0,78.0,93.0,58.0,27.0,27.0,300.0,0.0,0.0,0.0,0.0,0.0,0.0,0.0,0.0,0.0
8.61,74.02,0.24,0.31,0.29,3.14,3.24,8.42,8.63,11.8,0.04,-0.03,175.7,4.1,335.0,1.0,1.0,185.0,678.0,226.0,0.0,209.0,8.62,342.0,234.0,31.8,32.0,0.5,2.6,1752.4,0.0,16.36,16.6,34.7,31.0,34.3,34.1,34.0,32.6,33.0,33.6,46.4,47.8,25.3,27.3,26.0,26.1,31.0,29.0,25.0,-0.1,0.0,-0.2,6.0,6.0,4.0,0.0,25.0,25.0,24.0,77.0,92.0,57.0,27.0,27.0,300.0,0.0,0.0,0.0,0.0,0.0,0.0,0.0,0.0,0.0
9.05,128.02,0.24,0.32,0.29,3.04,4.44,5.84,9.05,6.9,0.0,-0.03,175.7,4.2,345.0,1.0,1.0,202.0,678.0,241.0,0.0,232.0,9.02,365.9,252.0,31.6,31.6,0.5,2.6,1644.1,0.0,16.19,16.8,34.7,31.0,34.3,34.1,34.0,32.6,33.1,33.7,46.5,47.8,25.3,27.3,25.9,26.0,30.0,28.0,25.0,0.0,0.1,0.0,6.0,6.0,4.0,0.0,25.0,25.0,24.0,77.0,92.0,57.0,27.0,27.0,300.0,0.0,0.0,0.0,0.0,0.0,0.0,0.0,0.0,0.0
7.68,103.0,0.24,0.31,0.28,1.84,3.88,6.34,7.67,14.2,-0.05,0.0,175.7,3.7,334.0,1.0,1.0,139.0,677.0,161.0,0.0,145.0,7.7,268.4,184.0,32.3,32.1,0.5,2.6,1213.5,0.0,15.51,16.8,34.7,31.0,34.3,34.1,34.0,32.6,33.0,33.6,46.4,47.8,25.3,27.3,25.8,26.1,30.0,29.0,25.0,0.0,0.3,-0.3,6.0,6.0,4.0,0.0,25.0,25.0,24.0,77.0,92.0,57.0,27.0,27.0,300.0,0.0,0.0,0.0,0.0,0.0,0.0,0.0,0.0,0.0
12.27,267.01,0.25,0.32,0.29,8.06,6.2,9.26,12.27,1.2,-0.02,0.01,175.6,6.9,344.0,1.0,1.0,495.0,679.0,592.0,0.0,584.0,12.24,678.5,464.0,31.1,31.5,0.5,2.6,2067.6,0.0,16.83,16.4,34.9,31.3,34.5,34.3,34.2,32.8,33.2,33.8,46.4,47.8,25.3,27.4,25.9,26.1,34.0,31.0,25.0,0.2,0.0,0.0,6.0,6.0,4.0,0.0,25.0,25.0,24.0,77.0,93.0,57.0,27.0,27.0,300.0,0.0,0.0,0.0,0.0,0.0,0.0,0.0,0.0,0.0
10.01,72.0,0.24,0.32,0.29,4.14,4.42,7.1,10.05,2.7,-0.05,-0.03,175.7,5.1,343.0,1.0,1.0,280.0,678.0,330.0,-2.0,319.0,10.04,461.0,313.0,31.7,32.1,0.5,2.6,1673.9,0.0,16.24,16.8,34.7,31.0,34.3,34.1,34.0,32.6,33.0,33.6,46.4,47.8,25.3,27.3,25.9,26.0,31.0,29.0,25.0,-0.1,0.0,0.0,6.0,6.0,4.0,0.0,25.0,25.0,24.0,77.0,92.0,57.0,27.0,27.0,300.0,0.0,0.0,0.0,0.0,0.0,0.0,0.0,0.0,0.0
12.51,222.98,0.25,0.32,0.29,8.32,6.36,9.98,12.58,3.9,-0.02,-0.03,175.5,6.8,346.0,1.0,1.0,537.0,678.0,639.0,-2.0,633.0,12.56,717.9,489.0,30.2,31.9,0.5,2.6,2067.6,0.0,16.83,16.6,34.8,31.1,34.3,34.1,34.1,32.6,33.1,33.7,46.4,47.8,25.4,27.4,26.0,26.1,33.0,30.0,25.0,0.2,0.1,0.2,6.0,6.0,4.0,0.0,25.0,25.0,24.0,77.0,92.0,57.0,27.0,27.0,300.0,0.0,0.0,0.0,0.0,0.0,0.0,0.0,0.0,0.0
9.59,122.0,0.24,0.32,0.29,4.44,4.48,6.6,9.59,17.7,0.03,0.02,175.7,5.1,338.0,1.0,1.0,250.0,679.0,306.0,0.0,286.0,9.58,418.8,287.0,31.6,31.8,0.5,2.6,2067.6,0.0,16.83,16.6,34.7,31.0,34.3,34.1,34.0,32.6,33.0,33.6,46.5,47.8,25.3,27.3,25.9,26.0,31.0,29.0,25.0,0.0,0.0,0.0,6.0,6.0,4.0,0.0,25.0,25.0,24.0,77.0,92.0,57.0,27.0,27.0,300.0,0.0,0.0,0.0,0.0,0.0,0.0,0.0,0.0,0.0
12.54,321.98,0.25,0.32,0.29,9.92,6.42,11.06,12.55,3.0,0.01,-0.02,175.6,6.5,346.0,1.0,1.0,529.0,679.0,639.0,0.0,621.0,12.52,708.9,486.0,30.1,32.1,0.4,2.6,2067.6,0.0,16.83,16.6,34.8,31.1,34.4,34.2,34.1,32.7,33.1,33.7,46.3,47.8,25.4,27.4,26.0,26.1,33.0,30.0,25.0,-0.4,0.0,-0.5,6.0,6.0,4.0,0.0,25.0,25.0,24.0,77.0,92.0,57.0,27.0,27.0,300.0,0.0,0.0,0.0,0.0,0.0,0.0,0.0,0.0,0.0
10.59,104.0,0.24,0.32,0.29,4.98,4.74,7.2,10.63,-5.2,0.06,-0.06,175.6,5.3,347.0,1.0,1.0,326.0,678.0,382.0,0.0,375.0,10.6,504.9,347.0,31.1,32.2,0.5,2.6,2067.6,0.0,16.83,16.7,34.7,31.0,34.2,34.1,34.0,32.5,33.0,33.6,46.4,47.8,25.3,27.3,25.9,26.1,33.0,31.0,25.0,0.1,0.0,0.0,6.0,6.0,4.0,0.0,25.0,25.0,24.0,77.0,92.0,57.0,27.0,27.0,300.0,0.0,0.0,0.0,0.0,0.0,0.0,0.0,0.0,0.0
10.69,106.99,0.24,0.32,0.29,6.2,4.92,8.16,10.72,-11.3,0.0,-0.02,175.6,6.0,354.0,1.0,1.0,332.0,679.0,391.0,0.0,385.0,10.66,512.7,352.0,28.8,32.0,0.5,2.6,2067.6,0.0,16.83,16.6,34.7,31.0,34.3,34.1,34.0,32.6,33.0,33.6,46.3,47.8,25.3,27.4,25.9,26.1,31.0,28.0,25.0,0.0,0.0,0.0,6.0,6.0,4.0,0.0,25.0,25.0,24.0,77.0,92.0,57.0,27.0,27.0,300.0,0.0,0.0,0.0,0.0,0.0,0.0,0.0,0.0,0.0
12.23,47.02,0.24,0.32,0.29,8.36,6.12,10.36,12.26,7.1,-0.01,0.01,175.5,6.3,343.0,1.0,1.0,501.0,678.0,593.0,0.0,585.0,12.22,678.8,464.0,30.7,32.4,0.5,2.7,2067.6,0.0,16.83,16.4,34.9,31.2,34.5,34.3,34.2,32.8,33.2,33.7,46.3,47.8,25.3,27.4,25.9,26.1,34.0,31.0,25.0,-0.2,0.0,0.0,6.0,6.0,4.0,0.0,25.0,25.0,24.0,77.0,93.0,57.0,27.0,27.0,300.0,0.0,0.0,0.0,0.0,0.0,0.0,0.0,0.0,0.0
11.35,333.0,0.24,0.32,0.29,8.66,5.22,9.4,11.34,-15.6,0.0,-0.02,175.6,7.9,356.0,1.0,1.0,389.0,678.0,474.0,2.0,454.0,11.34,580.4,396.0,28.9,32.4,0.5,2.6,2067.6,0.0,16.83,16.6,34.7,31.0,34.3,34.1,34.0,32.6,33.1,33.6,46.4,47.7,25.3,27.4,25.9,26.1,31.0,28.0,25.0,-0.2,0.0,-0.2,6.0,6.0,4.0,0.0,25.0,25.0,24.0,77.0,92.0,57.0,27.0,27.0,300.0,0.0,0.0,0.0,0.0,0.0,0.0,0.0,0.0,0.0
10.99,299.99,0.24,0.32,0.29,7.24,5.08,7.8,10.99,11.4,-0.01,-0.04,175.5,5.8,341.0,1.0,1.0,367.0,678.0,442.0,0.0,434.0,10.98,553.5,377.0,32.6,32.5,0.5,2.6,2067.6,0.0,16.83,16.2,35.1,31.5,34.7,34.5,34.4,33.0,33.5,34.0,46.4,47.8,25.3,27.4,25.9,26.1,34.0,31.0,25.0,0.0,0.0,0.0,6.0,6.0,4.0,0.0,25.0,25.0,24.0,78.0,93.0,58.0,27.0,27.0,300.0,0.0,0.0,0.0,0.0,0.0,0.0,0.0,0.0,0.0
12.23,308.02,0.25,0.32,0.29,8.84,6.1,10.22,12.26,4.0,0.01,-0.02,175.5,8.6,343.0,1.0,1.0,482.0,679.0,584.0,2.0,561.0,12.2,674.8,459.0,32.1,31.8,0.5,2.6,2067.6,0.0,16.83,16.3,35.1,31.4,34.6,34.4,34.3,33.0,33.3,33.9,46.4,47.8,25.3,27.4,25.9,26.1,34.0,31.0,25.0,0.0,0.0,-0.2,6.0,6.0,4.0,0.0,25.0,25.0,24.0,78.0,93.0,57.0,27.0,27.0,300.0,0.0,0.0,0.0,0.0,0.0,0.0,0.0,0.0,0.0
10.36,217.01,0.24,0.32,0.29,7.66,4.92,8.16,10.4,-11.2,-0.05,0.0,175.5,4.9,349.0,1.0,1.0,310.0,678.0,364.0,-2.0,361.0,10.38,493.3,336.0,30.1,32.0,0.5,2.6,2067.6,0.0,16.83,16.7,34.7,31.0,34.3,34.1,34.0,32.6,33.0,33.6,46.4,47.8,25.3,27.4,25.9,26.1,32.0,30.0,25.0,0.0,0.0,0.0,6.0,6.0,4.0,0.0,25.0,25.0,24.0,77.0,92.0,57.0,27.0,27.0,300.0,0.0,0.0,0.0,0.0,0.0,0.0,0.0,0.0,0.0
12.42,150.01,0.25,0.32,0.29,8.34,5.84,9.42,12.41,-5.3,0.01,-0.01,175.5,6.9,346.0,1.0,1.0,516.0,678.0,614.0,0.0,608.0,12.38,694.5,474.0,31.0,32.0,0.5,2.6,2067.6,0.0,16.83,16.3,34.9,31.3,34.5,34.3,34.2,32.8,33.2,33.8,46.4,47.8,25.3,27.5,25.9,26.1,34.0,31.0,25.0,0.0,0.0,0.0,6.0,6.0,4.0,0.0,25.0,25.0,24.0,77.0,92.0,57.0,27.0,27.0,300.0,0.0,0.0,0.0,0.0,0.0,0.0,0.0,0.0,0.0
10.48,163.01,0.24,0.32,0.29,5.3,4.84,6.46,10.51,1.7,-0.01,0.01,175.4,5.7,345.0,1.0,1.0,316.0,677.0,381.0,0.0,369.0,10.46,495.4,339.0,32.9,31.6,0.5,2.6,2067.6,0.0,16.83,16.2,35.1,31.5,34.7,34.6,34.4,33.0,33.4,34.0,46.4,47.9,25.3,27.4,25.9,26.1,34.0,31.0,25.0,0.2,0.0,0.0,6.0,6.0,4.0,0.0,25.0,25.0,24.0,78.0,93.0,58.0,27.0,27.0,300.0,0.0,0.0,0.0,0.0,0.0,0.0,0.0,0.0,0.0
10.23,360.0,0.24,0.32,0.29,6.82,4.68,7.46,10.24,0.3,0.05,-0.02,175.5,5.6,348.0,1.0,1.0,295.0,678.0,354.0,0.0,337.0,10.24,474.4,324.0,29.7,32.3,0.4,2.6,2067.6,0.0,16.83,16.6,34.7,31.0,34.3,34.1,34.0,32.6,33.0,33.6,46.4,47.8,25.3,27.4,25.9,26.1,31.0,29.0,25.0,0.0,0.0,0.2,6.0,6.0,4.0,0.0,25.0,25.0,24.0,77.0,92.0,57.0,27.0,27.0,300.0,0.0,0.0,0.0,0.0,0.0,0.0,0.0,0.0,0.0
12.85,357.01,0.25,0.32,0.29,9.38,6.88,10.54,12.88,-3.0,0.02,0.01,175.6,7.6,345.0,1.0,1.0,581.0,679.0,693.0,0.0,685.0,12.86,755.4,515.0,30.6,31.7,0.4,2.6,2067.6,0.0,16.83,16.5,34.9,31.2,34.5,34.3,34.1,32.7,33.2,33.7,46.3,47.8,25.3,27.4,25.9,26.1,34.0,31.0,25.0,-0.4,0.0,-0.7,6.0,6.0,4.0,0.0,25.0,25.0,24.0,77.0,92.0,57.0,27.0,27.0,300.0,0.0,0.0,0.0,0.0,0.0,0.0,0.0,0.0,0.0
10.34,96.01,0.24,0.31,0.29,4.56,4.2,7.02,10.39,-3.5,-0.04,-0.03,175.6,6.2,348.0,1.0,1.0,300.0,677.0,354.0,0.0,345.0,10.34,481.1,329.0,33.4,32.0,0.5,2.6,1914.7,0.0,16.6,16.8,34.6,31.0,34.2,34.0,34.0,32.5,33.0,33.6,46.4,47.8,25.3,27.3,25.9,26.1,32.0,30.0,25.0,0.0,0.0,0.0,6.0,6.0,4.0,0.0,25.0,25.0,24.0,77.0,92.0,57.0,27.0,27.0,300.0,0.0,0.0,0.0,0.0,0.0,0.0,0.0,0.0,0.0
8.15,40.0,0.24,0.31,0.29,2.5,2.92,7.04,8.15,10.9,0.04,0.0,175.7,4.9,333.0,1.0,1.0,154.0,678.0,191.0,0.0,172.0,8.14,302.6,206.0,32.4,31.6,0.5,2.6,1275.3,0.0,15.61,16.8,34.7,31.0,34.3,34.1,34.0,32.6,33.0,33.6,46.4,47.8,25.3,27.3,25.9,26.1,30.0,29.0,25.0,-0.2,0.1,0.0,6.0,6.0,4.0,0.0,25.0,25.0,24.0,77.0,92.0,57.0,27.0,27.0,300.0,0.0,0.0,0.0,0.0,0.0,0.0,0.0,0.0,0.0
9.3,207.0,0.24,0.32,0.28,6.06,4.82,5.74,9.31,5.2,0.08,0.0,175.7,5.0,344.0,1.0,1.0,220.0,678.0,256.0,0.0,244.0,9.28,381.9,264.0,31.7,31.7,0.5,2.6,1644.1,0.0,16.19,16.8,34.7,31.0,34.3,34.1,34.0,32.6,33.1,33.6,46.5,47.8,25.3,27.3,25.9,26.0,30.0,28.0,25.0,0.3,0.0,0.0,6.0,6.0,4.0,0.0,25.0,25.0,24.0,77.0,92.0,57.0,27.0,27.0,300.0,0.0,0.0,0.0,0.0,0.0,0.0,0.0,0.0,0.0
12.3,29.99,0.24,0.32,0.29,7.74,6.56,8.06,12.31,-0.5,0.0,0.0,175.5,6.8,346.0,1.0,1.0,507.0,679.0,605.0,0.0,601.0,12.28,692.7,470.0,31.0,31.6,0.5,2.6,2067.6,0.0,16.83,16.3,35.0,31.3,34.5,34.4,34.3,32.8,33.2,33.8,46.3,47.8,25.3,27.5,25.9,26.1,34.0,31.0,25.0,0.0,0.0,0.0,6.0,6.0,4.0,0.0,25.0,25.0,24.0,78.0,93.0,57.0,27.0,27.0,300.0,0.0,0.0,0.0,0.0,0.0,0.0,0.0,0.0,0.0
10.27,99.0,0.24,0.32,0.29,4.96,4.72,7.8,10.32,-8.1,-0.01,0.0,175.5,5.5,349.0,1.0,1.0,306.0,678.0,369.0,0.0,349.0,10.3,489.8,330.0,30.3,31.5,0.4,2.6,2067.6,0.0,16.83,16.6,34.7,31.0,34.3,34.1,34.0,32.6,33.1,33.6,46.4,47.8,25.3,27.4,25.9,26.1,32.0,29.0,25.0,0.0,0.0,-0.2,6.0,6.0,4.0,0.0,25.0,25.0,24.0,77.0,92.0,57.0,27.0,27.0,300.0,0.0,0.0,0.0,0.0,0.0,0.0,0.0,0.0,0.0
11.55,330.01,0.25,0.32,0.29,8.12,6.0,8.64,11.59,-5.0,-0.01,0.01,175.5,6.2,346.0,1.0,1.0,421.0,678.0,511.0,0.0,497.0,11.56,608.3,416.0,32.1,31.6,0.5,2.6,2067.6,0.0,16.83,16.3,35.0,31.4,34.6,34.4,34.3,32.9,33.3,33.9,46.4,47.8,25.3,27.5,25.9,26.1,34.0,31.0,25.0,0.0,0.0,0.0,6.0,6.0,4.0,0.0,25.0,25.0,24.0,78.0,93.0,58.0,27.0,27.0,300.0,0.0,0.0,0.0,0.0,0.0,0.0,0.0,0.0,0.0
9.03,83.02,0.24,0.31,0.29,2.7,3.54,7.0,9.04,-12.6,0.01,0.05,175.6,5.3,350.0,1.0,1.0,202.0,677.0,247.0,0.0,225.0,9.02,367.2,250.0,32.7,32.1,0.5,2.6,1036.3,0.0,14.73,16.8,34.7,31.0,34.2,34.1,34.0,32.5,33.1,33.6,46.4,47.8,25.3,27.3,25.9,26.0,31.0,29.0,25.0,-0.1,0.1,0.0,6.0,6.0,4.0,0.0,25.0,25.0,24.0,77.0,92.0,57.0,27.0,27.0,300.0,0.0,0.0,0.0,0.0,0.0,0.0,0.0,0.0,0.0
12.24,267.01,0.25,0.32,0.29,10.1,6.24,11.04,12.23,3.3,0.02,0.01,175.5,5.5,344.0,1.0,1.0,488.0,679.0,593.0,2.0,573.0,12.2,676.4,462.0,31.9,31.3,0.5,2.6,2067.6,0.0,16.83,16.3,35.0,31.3,34.6,34.4,34.3,32.9,33.3,33.9,46.4,47.8,25.3,27.5,26.0,26.1,34.0,31.0,25.0,0.0,0.0,0.0,6.0,6.0,4.0,0.0,25.0,25.0,24.0,78.0,93.0,57.0,27.0,27.0,300.0,0.0,0.0,0.0,0.0,0.0,0.0,0.0,0.0,0.0
11.58,191.02,0.24,0.32,0.29,7.38,5.6,8.44,11.64,-5.6,0.0,0.03,175.5,6.6,346.0,1.0,1.0,431.0,678.0,517.0,-2.0,510.0,11.6,619.4,420.0,32.0,31.7,0.5,2.6,2067.6,0.0,16.83,16.3,35.0,31.4,34.6,34.4,34.3,32.9,33.3,33.9,46.4,47.8,25.3,27.5,25.9,26.1,34.0,31.0,25.0,0.2,0.0,0.4,6.0,6.0,4.0,0.0,25.0,25.0,24.0,78.0,93.0,58.0,27.0,27.0,300.0,0.0,0.0,0.0,0.0,0.0,0.0,0.0,0.0,0.0
12.68,1.01,0.25,0.32,0.29,10.0,6.82,10.56,12.72,-0.4,0.04,-0.01,175.6,7.0,352.0,1.0,1.0,554.0,679.0,660.0,0.0,651.0,12.68,728.1,498.0,29.5,32.3,0.4,2.6,2067.6,0.0,16.83,16.6,34.7,31.1,34.3,34.1,34.0,32.6,33.0,33.7,46.4,47.8,25.3,27.4,26.0,26.1,32.0,29.0,25.0,-0.2,0.0,-0.7,6.0,6.0,4.0,0.0,25.0,25.0,24.0,77.0,92.0,57.0,27.0,27.0,300.0,0.0,0.0,0.0,0.0,0.0,0.0,0.0,0.0,0.0
10.66,293.0,0.24,0.32,0.29,7.08,4.82,7.42,10.7,-2.8,0.01,0.0,175.5,6.0,343.0,1.0,1.0,338.0,678.0,409.0,0.0,395.0,10.68,518.6,356.0,33.4,31.6,0.5,2.6,2067.6,0.0,16.83,16.2,35.1,31.5,34.7,34.5,34.4,33.0,33.4,34.0,46.4,47.8,25.3,27.4,25.9,26.1,34.0,31.0,25.0,0.0,0.0,0.0,6.0,6.0,4.0,0.0,25.0,25.0,24.0,78.0,93.0,58.0,27.0,27.0,300.0,0.0,0.0,0.0,0.0,0.0,0.0,0.0,0.0,0.0
10.32,308.02,0.24,0.32,0.29,8.52,4.7,8.58,10.34,-10.3,0.03,-0.01,175.7,6.6,350.0,1.0,1.0,302.0,678.0,363.0,0.0,342.0,10.3,481.2,328.0,29.5,31.9,0.4,2.6,2067.6,0.0,16.83,16.6,34.7,31.0,34.3,34.1,34.0,32.5,33.0,33.6,46.4,47.8,25.3,27.4,25.9,26.1,31.0,29.0,25.0,-0.2,0.0,0.0,6.0,6.0,4.0,0.0,25.0,25.0,24.0,77.0,92.0,57.0,27.0,27.0,300.0,0.0,0.0,0.0,0.0,0.0,0.0,0.0,0.0,0.0
10.55,127.01,0.24,0.32,0.29,5.64,4.9,7.0,10.54,1.8,0.0,-0.02,175.6,5.1,346.0,1.0,1.0,316.0,678.0,384.0,2.0,360.0,10.5,497.9,340.0,32.3,32.0,0.5,2.6,2067.6,0.0,16.83,16.8,34.7,31.0,34.2,34.1,34.0,32.5,33.0,33.6,46.4,47.8,25.3,27.3,25.9,26.1,33.0,31.0,25.0,0.3,0.0,0.0,6.0,6.0,4.0,0.0,25.0,25.0,24.0,77.0,92.0,57.0,27.0,27.0,300.0,0.0,0.0,0.0,0.0,0.0,0.0,0.0,0.0,0.0
7.78,27.0,0.24,0.31,0.29,3.34,2.86,7.52,7.8,-3.9,-0.01,0.04,175.7,4.9,338.0,1.0,1.0,132.0,678.0,170.0,0.0,147.0,7.78,276.2,187.0,32.4,31.7,0.5,2.6,1075.1,0.0,14.91,16.8,34.7,31.0,34.3,34.1,34.0,32.6,33.0,33.6,46.4,47.8,25.3,27.3,25.8,26.1,30.0,29.0,25.0,-0.3,0.0,0.0,6.0,6.0,4.0,0.0,25.0,25.0,24.0,77.0,92.0,57.0,27.0,27.0,300.0,0.0,0.0,0.0,0.0,0.0,0.0,0.0,0.0,0.0
11.01,222.98,0.24,0.32,0.29,7.88,5.06,8.0,11.04,-12.6,0.09,-0.01,175.6,7.7,354.0,1.0,1.0,357.0,679.0,428.0,0.0,414.0,11.0,541.5,372.0,28.6,32.2,0.4,2.6,2067.6,0.0,16.83,16.6,34.7,31.0,34.3,34.1,34.0,32.6,33.1,33.6,46.4,47.8,25.3,27.4,25.9,26.1,30.0,28.0,25.0,0.2,0.0,0.0,6.0,6.0,4.0,0.0,25.0,25.0,24.0,77.0,92.0,57.0,27.0,27.0,300.0,0.0,0.0,0.0,0.0,0.0,0.0,0.0,0.0,0.0
10.88,136.01,0.24,0.32,0.29,6.22,5.06,8.42,10.89,3.3,-0.02,-0.02,175.4,4.8,341.0,1.0,1.0,355.0,678.0,425.0,-2.0,412.0,10.86,541.9,368.0,33.2,31.8,0.5,2.6,2067.6,0.0,16.83,16.2,35.1,31.5,34.7,34.5,34.4,33.0,33.4,34.0,46.4,47.8,25.3,27.4,25.9,26.1,34.0,31.0,25.0,0.0,0.0,0.0,6.0,6.0,4.0,0.0,25.0,25.0,24.0,78.0,93.0,58.0,27.0,27.0,300.0,0.0,0.0,0.0,0.0,0.0,0.0,0.0,0.0,0.0
12.61,205.99,0.24,0.32,0.29,9.36,6.06,10.86,12.65,7.4,0.01,0.01,175.5,6.2,347.0,1.0,1.0,540.0,679.0,647.0,0.0,641.0,12.64,723.7,494.0,30.0,31.6,0.5,2.6,2067.6,0.0,16.83,16.6,34.8,31.1,34.3,34.1,34.1,32.6,33.1,33.6,46.4,47.8,25.3,27.4,26.0,26.1,33.0,30.0,25.0,0.0,0.0,0.0,6.0,6.0,4.0,0.0,25.0,25.0,24.0,77.0,92.0,57.0,27.0,27.0,300.0,0.0,0.0,0.0,0.0,0.0,0.0,0.0,0.0,0.0
7.78,339.98,0.24,0.31,0.28,6.22,2.62,6.22,7.78,-5.1,-0.01,-0.06,175.7,5.1,338.0,1.0,1.0,134.0,677.0,165.0,0.0,147.0,7.76,269.6,186.0,32.4,32.3,0.5,2.6,1075.1,0.0,14.91,16.8,34.7,31.0,34.3,34.1,34.0,32.6,33.0,33.6,46.4,47.8,25.3,27.3,25.9,26.1,30.0,29.0,25.0,-0.1,0.0,0.1,6.0,6.0,4.0,0.0,25.0,25.0,24.0,77.0,92.0,57.0,27.0,27.0,300.0,0.0,0.0,0.0,0.0,0.0,0.0,0.0,0.0,0.0
10.52,25.99,0.24,0.32,0.29,5.22,4.94,7.2,10.57,-5.2,-0.04,-0.01,175.4,5.4,345.0,1.0,1.0,327.0,678.0,382.0,-2.0,375.0,10.54,507.8,346.0,33.2,31.9,0.5,2.6,2067.6,0.0,16.83,16.2,35.1,31.5,34.7,34.5,34.4,33.0,33.4,34.0,46.4,47.8,25.3,27.4,25.9,26.1,34.0,31.0,25.0,0.0,0.0,0.2,6.0,6.0,4.0,0.0,25.0,25.0,24.0,78.0,93.0,58.0,27.0,27.0,300.0,0.0,0.0,0.0,0.0,0.0,0.0,0.0,0.0,0.0
9.1,351.0,0.24,0.31,0.29,5.54,3.68,6.64,9.14,2.0,0.0,-0.01,175.7,5.9,345.0,1.0,1.0,204.0,678.0,249.0,0.0,237.0,9.12,374.4,255.0,31.2,32.4,0.5,2.7,1644.1,0.0,16.19,16.8,34.7,31.0,34.3,34.1,34.0,32.6,33.1,33.6,46.5,47.8,25.3,27.3,25.9,26.0,30.0,28.0,25.0,-0.1,0.0,0.4,6.0,6.0,4.0,0.0,25.0,25.0,24.0,77.0,92.0,57.0,27.0,27.0,300.0,0.0,0.0,0.0,0.0,0.0,0.0,0.0,0.0,0.0
8.27,69.01,0.24,0.31,0.29,2.38,3.2,6.62,8.25,-13.9,-0.07,-0.02,175.7,5.1,346.0,1.0,1.0,160.0,678.0,180.0,0.0,172.0,8.22,297.9,207.0,32.6,31.9,0.5,2.6,1036.3,0.0,14.73,16.8,34.7,31.0,34.3,34.1,34.0,32.5,33.0,33.6,46.4,47.8,25.3,27.3,25.9,26.1,30.0,29.0,25.0,-0.1,0.1,0.0,6.0,6.0,4.0,0.0,25.0,25.0,24.0,77.0,92.0,57.0,27.0,27.0,300.0,0.0,0.0,0.0,0.0,0.0,0.0,0.0,0.0,0.0
8.86,182.02,0.24,0.32,0.28,4.36,4.54,4.9,8.89,2.9,0.02,0.02,175.7,4.6,347.0,1.0,1.0,192.0,679.0,237.0,0.0,218.0,8.84,350.5,242.0,31.4,31.9,0.5,2.6,1395.8,0.0,15.81,16.8,34.7,31.0,34.3,34.1,34.0,32.6,33.1,33.6,46.4,47.9,25.3,27.3,25.9,26.0,30.0,28.0,25.0,0.4,0.0,-0.1,6.0,6.0,4.0,0.0,25.0,25.0,24.0,77.0,92.0,57.0,27.0,27.0,300.0,0.0,0.0,0.0,0.0,0.0,0.0,0.0,0.0,0.0
10.56,311.0,0.24,0.32,0.29,8.08,4.86,8.02,10.54,-14.7,-0.04,0.03,175.6,6.5,353.0,1.0,1.0,320.0,678.0,378.0,0.0,366.0,10.54,506.5,344.0,29.3,31.5,0.4,2.6,2067.6,0.0,16.83,16.6,34.7,31.0,34.3,34.1,34.0,32.6,33.0,33.6,46.4,47.8,25.3,27.4,25.9,26.1,31.0,28.0,25.0,-0.2,0.0,0.0,6.0,6.0,4.0,0.0,25.0,25.0,24.0,77.0,92.0,57.0,27.0,27.0,300.0,0.0,0.0,0.0,0.0,0.0,0.0,0.0,0.0,0.0
9.85,263.99,0.24,0.32,0.29,7.16,4.4,7.04,9.83,-9.2,-0.03,-0.06,175.6,7.2,350.0,1.0,1.0,261.0,677.0,311.0,2.0,291.0,9.82,431.2,294.0,32.8,31.8,0.5,2.6,1414.4,0.0,15.84,16.8,34.7,31.0,34.2,34.0,34.0,32.5,33.0,33.6,46.4,47.8,25.3,27.3,25.9,26.1,31.0,30.0,25.0,0.0,0.0,0.0,6.0,6.0,4.0,0.0,25.0,25.0,24.0,77.0,92.0,57.0,27.0,27.0,300.0,0.0,0.0,0.0,0.0,0.0,0.0,0.0,0.0,0.0
10.05,126.0,0.24,0.32,0.29,5.38,4.54,7.64,10.06,6.0,0.03,0.05,175.7,5.2,342.0,1.0,1.0,279.0,679.0,329.0,2.0,304.0,10.04,448.5,308.0,31.6,31.5,0.5,2.6,1673.9,0.0,16.24,16.8,34.7,31.0,34.3,34.1,34.0,32.6,33.1,33.6,46.4,47.8,25.3,27.3,25.9,26.0,31.0,29.0,25.0,0.0,0.0,0.0,6.0,6.0,4.0,0.0,25.0,25.0,24.0,77.0,92.0,57.0,27.0,27.0,300.0,0.0,0.0,0.0,0.0,0.0,0.0,0.0,0.0,0.0
8.11,137.99,0.24,0.32,0.28,2.32,4.94,4.66,8.15,10.1,-0.05,-0.03,175.7,4.6,333.0,1.0,1.0,149.0,678.0,189.0,0.0,172.0,8.12,299.7,205.0,32.5,31.7,0.5,2.6,1275.3,0.0,15.61,16.8,34.7,31.0,34.3,34.1,34.0,32.6,33.1,33.6,46.4,47.8,25.3,27.3,25.9,26.1,30.0,29.0,25.0,0.1,0.0,0.0,6.0,6.0,4.0,0.0,25.0,25.0,24.0,77.0,92.0,57.0,27.0,27.0,300.0,0.0,0.0,0.0,0.0,0.0,0.0,0.0,0.0,0.0
12.21,313.99,0.25,0.32,0.29,7.66,6.4,9.1,12.23,6.2,0.02,0.04,175.5,7.7,342.0,1.0,1.0,495.0,678.0,587.0,0.0,578.0,12.2,676.2,462.0,32.5,31.7,0.5,2.6,2067.6,0.0,16.83,16.3,35.1,31.4,34.6,34.5,34.4,33.0,33.4,33.9,46.4,47.8,25.3,27.4,25.9,26.1,34.0,32.0,25.0,0.0,0.0,0.0,6.0,6.0,4.0,0.0,25.0,25.0,24.0,78.0,93.0,57.0,27.0,27.0,300.0,0.0,0.0,0.0,0.0,0.0,0.0,0.0,0.0,0.0
10.32,335.02,0.24,0.32,0.29,6.72,4.66,6.92,10.35,-8.2,-0.01,-0.05,175.6,4.9,349.0,1.0,1.0,312.0,678.0,366.0,0.0,355.0,10.34,491.7,333.0,30.2,31.9,0.4,2.6,2067.6,0.0,16.83,16.6,34.7,31.0,34.3,34.1,34.0,32.6,33.0,33.6,46.4,47.8,25.3,27.4,25.9,26.1,32.0,30.0,25.0,-0.1,0.0,0.0,6.0,6.0,4.0,0.0,25.0,25.0,24.0,77.0,92.0,57.0,27.0,27.0,300.0,0.0,0.0,0.0,0.0,0.0,0.0,0.0,0.0,0.0
9.98,11.99,0.24,0.32,0.29,5.8,4.38,6.88,9.99,2.7,-0.02,-0.01,175.6,5.7,342.0,1.0,1.0,271.0,679.0,330.0,0.0,327.0,9.96,452.6,309.0,31.6,32.3,0.5,2.6,1673.9,0.0,16.24,16.7,34.7,31.0,34.3,34.1,34.0,32.6,33.0,33.6,46.4,47.8,25.3,27.3,25.9,26.0,31.0,29.0,25.0,-0.2,0.0,0.2,6.0,6.0,4.0,0.0,25.0,25.0,24.0,77.0,92.0,57.0,27.0,27.0,300.0,0.0,0.0,0.0,0.0,0.0,0.0,0.0,0.0,0.0
7.78,180.0,0.24,0.32,0.28,3.36,4.7,4.18,7.8,8.9,-0.03,0.0,175.6,4.3,335.0,1.0,1.0,137.0,678.0,167.0,0.0,151.0,7.78,273.5,189.0,32.3,32.4,0.5,2.6,1213.5,0.0,15.51,16.8,34.7,31.0,34.3,34.1,34.0,32.6,33.1,33.6,46.4,47.8,25.3,27.3,25.8,26.1,30.0,29.0,25.0,0.2,0.0,-0.1,6.0,6.0,4.0,0.0,25.0,25.0,24.0,77.0,92.0,57.0,27.0,27.0,300.0,0.0,0.0,0.0,0.0,0.0,0.0,0.0,0.0,0.0
10.4,115.99,0.24,0.32,0.29,5.94,4.84,8.46,10.42,-1.9,0.01,0.0,175.5,5.0,345.0,1.0,1.0,307.0,677.0,367.0,0.0,360.0,10.38,488.5,335.0,31.7,32.2,0.5,2.6,2067.6,0.0,16.83,16.2,35.1,31.5,34.7,34.6,34.4,33.0,33.4,34.0,46.4,47.9,25.3,27.4,25.9,26.1,33.0,31.0,25.0,0.0,0.0,0.0,6.0,6.0,4.0,0.0,25.0,25.0,24.0,78.0,93.0,58.0,27.0,27.0,300.0,0.0,0.0,0.0,0.0,0.0,0.0,0.0,0.0,0.0
8.82,175.0,0.24,0.32,0.28,5.3,4.46,6.06,8.82,-15.0,-0.02,-0.03,175.6,6.3,349.0,1.0,1.0,184.0,677.0,223.0,0.0,206.0,8.8,345.7,235.0,33.0,31.7,0.5,2.6,1036.3,0.0,14.73,16.8,34.7,31.0,34.3,34.0,34.0,32.5,33.1,33.6,46.4,47.8,25.3,27.3,25.9,26.1,30.0,29.0,25.0,0.2,0.0,0.0,6.0,6.0,4.0,0.0,25.0,25.0,24.0,77.0,92.0,57.0,27.0,27.0,300.0,0.0,0.0,0.0,0.0,0.0,0.0,0.0,0.0,0.0
12.66,229.0,0.25,0.32,0.29,9.32,6.42,11.14,12.69,1.3,-0.06,-0.02,175.5,5.9,351.0,1.0,1.0,553.0,679.0,659.0,0.0,653.0,12.66,728.9,498.0,29.5,31.9,0.5,2.6,2067.6,0.0,16.83,16.6,34.8,31.1,34.3,34.1,34.0,32.6,33.1,33.6,46.4,47.8,25.3,27.4,26.0,26.1,32.0,29.0,25.0,0.0,0.1,0.0,6.0,6.0,4.0,0.0,25.0,25.0,24.0,77.0,92.0,57.0,27.0,27.0,300.0,0.0,0.0,0.0,0.0,0.0,0.0,0.0,0.0,0.0
10.64,349.99,0.24,0.32,0.29,7.04,4.9,7.2,10.66,1.6,0.04,-0.01,175.6,5.4,346.0,1.0,1.0,330.0,678.0,393.0,-2.0,384.0,10.64,513.0,352.0,31.2,31.8,0.5,2.6,2067.6,0.0,16.83,16.7,34.7,31.0,34.2,34.1,34.0,32.5,33.0,33.6,46.4,47.8,25.3,27.4,25.9,26.1,32.0,30.0,25.0,-0.2,0.0,0.0,6.0,6.0,4.0,0.0,25.0,25.0,24.0,77.0,92.0,57.0,27.0,27.0,300.0,0.0,0.0,0.0,0.0,0.0,0.0,0.0,0.0,0.0
9.09,297.0,0.24,0.31,0.28,6.44,3.82,5.48,9.08,2.2,0.03,-0.03,175.7,6.1,345.0,1.0,1.0,207.0,678.0,253.0,0.0,234.0,9.06,373.6,254.0,31.2,32.1,0.4,2.6,1644.1,0.0,16.19,16.8,34.7,31.0,34.3,34.1,34.0,32.6,33.1,33.6,46.5,47.8,25.3,27.3,25.9,26.0,30.0,28.0,25.0,0.0,-0.1,0.1,6.0,6.0,4.0,0.0,25.0,25.0,24.0,77.0,92.0,57.0,27.0,27.0,300.0,0.0,0.0,0.0,0.0,0.0,0.0,0.0,0.0,0.0
12.28,186.98,0.25,0.32,0.29,7.82,6.06,9.32,12.29,7.9,-0.01,0.01,175.5,5.4,344.0,1.0,1.0,500.0,678.0,608.0,-2.0,597.0,12.26,684.3,469.0,30.8,31.6,0.4,2.6,2067.6,0.0,16.83,16.5,34.9,31.2,34.5,34.3,34.2,32.7,33.2,33.7,46.3,47.8,25.3,27.4,25.9,26.1,34.0,31.0,25.0,0.2,0.0,0.6,6.0,6.0,4.0,0.0,25.0,25.0,24.0,77.0,93.0,57.0,27.0,27.0,300.0,0.0,0.0,0.0,0.0,0.0,0.0,0.0,0.0,0.0
11.52,231.98,0.25,0.32,0.29,7.5,5.64,8.52,11.52,0.8,-0.01,-0.04,175.4,6.7,344.0,1.0,1.0,417.0,678.0,498.0,-2.0,487.0,11.52,605.7,412.0,32.8,31.8,0.5,2.6,2067.6,0.0,16.83,16.2,35.1,31.5,34.6,34.5,34.4,33.0,33.4,34.0,46.4,47.8,25.3,27.4,25.9,26.1,34.0,31.0,25.0,0.3,0.0,0.0,6.0,6.0,4.0,0.0,25.0,25.0,24.0,78.0,93.0,58.0,27.0,27.0,300.0,0.0,0.0,0.0,0.0,0.0,0.0,0.0,0.0,0.0
12.45,25.99,0.25,0.32,0.29,7.82,6.36,8.46,12.47,0.1,0.02,0.02,175.6,7.0,346.0,1.0,1.0,521.0,679.0,623.0,0.0,605.0,12.42,698.1,479.0,31.0,32.1,0.5,2.6,2067.6,0.0,16.83,16.3,35.0,31.3,34.5,34.3,34.2,32.8,33.2,33.8,46.3,47.8,25.3,27.5,25.9,26.1,34.0,31.0,25.0,0.0,0.0,0.0,6.0,6.0,4.0,0.0,25.0,25.0,24.0,77.0,93.0,57.0,27.0,27.0,300.0,0.0,0.0,0.0,0.0,0.0,0.0,0.0,0.0,0.0
8.2,271.01,0.24,0.31,0.28,7.86,3.24,5.38,8.2,18.0,-0.01,0.0,175.7,4.2,332.0,1.0,1.0,156.0,678.0,197.0,0.0,181.0,8.2,311.3,210.0,32.0,32.2,0.5,2.6,1752.4,0.0,16.36,16.7,34.7,31.0,34.3,34.1,34.0,32.6,33.1,33.6,46.4,47.8,25.3,27.3,25.9,26.1,30.0,29.0,25.0,0.0,-0.1,0.0,6.0,6.0,4.0,0.0,25.0,25.0,24.0,77.0,92.0,57.0,27.0,27.0,300.0,0.0,0.0,0.0,0.0,0.0,0.0,0.0,0.0,0.0
10.47,209.02,0.24,0.32,0.29,6.8,4.94,8.6,10.51,-5.7,-0.04,-0.01,175.4,5.2,346.0,1.0,1.0,316.0,678.0,379.0,-2.0,365.0,10.48,508.1,342.0,32.7,31.8,0.5,2.6,2067.6,0.0,16.83,16.2,35.1,31.5,34.7,34.6,34.4,33.0,33.5,34.0,46.4,47.8,25.3,27.4,25.9,26.1,34.0,31.0,25.0,0.0,0.0,0.0,6.0,6.0,4.0,0.0,25.0,25.0,24.0,78.0,93.0,58.0,27.0,27.0,300.0,0.0,0.0,0.0,0.0,0.0,0.0,0.0,0.0,0.0
10.23,236.99,0.24,0.32,0.29,7.1,4.84,6.7,10.23,0.2,-0.02,0.03,175.7,5.5,348.0,1.0,1.0,290.0,678.0,350.0,0.0,337.0,10.22,475.9,324.0,29.9,32.1,0.5,2.6,2067.6,0.0,16.83,16.6,34.7,31.0,34.3,34.1,34.0,32.6,33.0,33.6,46.4,47.8,25.3,27.4,25.9,26.1,31.0,29.0,25.0,0.6,0.0,0.0,6.0,6.0,4.0,0.0,25.0,25.0,24.0,77.0,92.0,57.0,27.0,27.0,300.0,0.0,0.0,0.0,0.0,0.0,0.0,0.0,0.0,0.0
10.24,222.98,0.24,0.32,0.29,7.36,5.0,7.62,10.29,-7.8,-0.04,0.02,175.6,5.9,349.0,1.0,1.0,301.0,678.0,351.0,-2.0,344.0,10.26,479.2,328.0,30.2,32.2,0.4,2.6,2067.6,0.0,16.83,16.6,34.7,31.0,34.3,34.1,34.0,32.5,33.1,33.6,46.4,47.8,25.3,27.4,25.9,26.1,32.0,29.0,25.0,0.0,0.0,0.0,6.0,6.0,4.0,0.0,25.0,25.0,24.0,77.0,92.0,57.0,27.0,27.0,300.0,0.0,0.0,0.0,0.0,0.0,0.0,0.0,0.0,0.0
10.53,146.02,0.24,0.32,0.29,6.14,4.92,7.9,10.55,-5.3,-0.01,0.0,175.3,4.9,345.0,1.0,1.0,326.0,678.0,385.0,0.0,368.0,10.5,498.5,343.0,33.2,31.6,0.5,2.6,2067.6,0.0,16.83,16.2,35.1,31.5,34.7,34.6,34.4,33.0,33.5,34.0,46.4,47.9,25.3,27.4,25.9,26.1,34.0,31.0,25.0,0.0,0.0,0.0,6.0,6.0,4.0,0.0,25.0,25.0,24.0,78.0,93.0,58.0,27.0,27.0,300.0,0.0,0.0,0.0,0.0,0.0,0.0,0.0,0.0,0.0
12.38,92.99,0.24,0.32,0.29,8.46,5.76,9.7,12.44,2.8,-0.02,0.0,175.5,6.2,345.0,1.0,1.0,521.0,678.0,623.0,0.0,606.0,12.44,698.4,479.0,31.0,31.7,0.5,2.6,2067.6,0.0,16.83,16.3,34.9,31.3,34.5,34.3,34.2,32.8,33.2,33.8,46.3,47.8,25.3,27.5,25.9,26.1,34.0,31.0,25.0,0.0,0.0,0.0,6.0,6.0,4.0,0.0,25.0,25.0,24.0,77.0,92.0,57.0,27.0,27.0,300.0,0.0,0.0,0.0,0.0,0.0,0.0,0.0,0.0,0.0
12.57,266.0,0.25,0.32,0.29,9.54,6.38,11.28,12.57,1.1,-0.01,-0.01,175.6,6.9,353.0,1.0,1.0,522.0,678.0,618.0,2.0,601.0,12.54,699.2,482.0,29.8,31.9,0.4,2.6,2067.6,0.0,16.83,16.6,34.7,31.1,34.3,34.1,34.0,32.6,33.1,33.6,46.4,47.8,25.3,27.4,26.0,26.1,32.0,28.0,25.0,0.0,0.0,0.0,6.0,6.0,4.0,0.0,25.0,25.0,24.0,77.0,92.0,57.0,27.0,27.0,300.0,0.0,0.0,0.0,0.0,0.0,0.0,0.0,0.0,0.0
10.36,220.0,0.24,0.32,0.29,6.62,4.92,7.0,10.39,0.2,-0.05,0.0,175.6,5.4,348.0,1.0,1.0,298.0,678.0,363.0,0.0,353.0,10.38,488.3,333.0,33.2,31.6,0.5,2.6,1914.7,0.0,16.6,16.8,34.7,31.0,34.2,34.0,34.0,32.5,33.0,33.6,46.4,47.8,25.3,27.3,25.9,26.1,32.0,30.0,25.0,0.1,0.0,0.2,6.0,6.0,4.0,0.0,25.0,25.0,24.0,77.0,92.0,57.0,27.0,27.0,300.0,0.0,0.0,0.0,0.0,0.0,0.0,0.0,0.0,0.0
11.58,24.01,0.24,0.32,0.29,8.12,6.08,10.22,11.62,3.3,0.08,-0.03,175.4,5.4,344.0,1.0,1.0,432.0,678.0,507.0,-2.0,501.0,11.58,613.4,417.0,32.5,31.5,0.5,2.6,2067.6,0.0,16.83,16.2,35.1,31.5,34.6,34.5,34.4,33.0,33.4,34.0,46.4,47.8,25.3,27.4,26.0,26.1,35.0,32.0,25.0,-0.5,0.0,0.0,6.0,6.0,4.0,0.0,25.0,25.0,24.0,78.0,93.0,58.0,27.0,27.0,300.0,0.0,0.0,0.0,0.0,0.0,0.0,0.0,0.0,0.0
9.85,316.01,0.24,0.32,0.29,6.88,4.28,6.56,9.87,12.4,0.02,0.05,175.7,5.0,341.0,1.0,1.0,269.0,679.0,327.0,0.0,301.0,9.86,446.9,304.0,31.7,31.8,0.5,2.6,1673.9,0.0,16.24,16.7,34.7,31.0,34.3,34.1,34.0,32.6,33.1,33.7,46.5,47.8,25.3,27.3,25.9,26.0,31.0,29.0,25.0,0.0,0.0,0.0,6.0,6.0,4.0,0.0,25.0,25.0,24.0,77.0,92.0,57.0,27.0,27.0,300.0,0.0,0.0,0.0,0.0,0.0,0.0,0.0,0.0,0.0
10.78,330.98,0.24,0.32,0.29,7.0,5.02,7.52,10.81,-4.1,0.03,-0.03,175.5,6.4,343.0,1.0,1.0,346.0,678.0,419.0,0.0,411.0,10.8,528.7,363.0,33.0,32.2,0.5,2.6,2067.6,0.0,16.83,16.2,35.1,31.5,34.7,34.5,34.4,33.0,33.4,34.0,46.4,47.8,25.3,27.4,25.9,26.1,34.0,31.0,25.0,0.0,0.0,0.0,6.0,6.0,4.0,0.0,25.0,25.0,24.0,78.0,93.0,58.0,27.0,27.0,300.0,0.0,0.0,0.0,0.0,0.0,0.0,0.0,0.0,0.0
12.33,128.02,0.24,0.32,0.29,7.78,5.84,9.12,12.36,0.4,-0.03,0.02,175.5,7.1,344.0,1.0,1.0,500.0,678.0,604.0,2.0,589.0,12.3,682.2,468.0,31.0,32.1,0.5,2.6,2067.6,0.0,16.83,16.4,34.9,31.3,34.5,34.3,34.2,32.8,33.2,33.8,46.4,47.8,25.4,27.4,25.9,26.1,34.0,31.0,25.0,0.2,0.0,0.0,6.0,6.0,4.0,0.0,25.0,25.0,24.0,78.0,93.0,57.0,27.0,27.0,300.0,0.0,0.0,0.0,0.0,0.0,0.0,0.0,0.0,0.0
8.2,20.02,0.24,0.31,0.29,3.48,2.74,6.78,8.21,-11.7,0.1,0.06,175.7,4.8,345.0,1.0,1.0,151.0,677.0,183.0,0.0,168.0,8.18,297.6,204.0,32.9,32.0,0.5,2.6,1036.3,0.0,14.73,16.8,34.7,31.0,34.3,34.1,34.0,32.5,33.1,33.6,46.4,47.8,25.3,27.3,25.9,26.1,30.0,29.0,25.0,-0.1,0.0,0.1,6.0,6.0,4.0,0.0,25.0,25.0,24.0,77.0,92.0,57.0,27.0,27.0,300.0,0.0,0.0,0.0,0.0,0.0,0.0,0.0,0.0,0.0
12.14,334.01,0.25,0.32,0.29,9.26,6.06,9.98,12.18,3.7,0.04,0.01,175.5,6.6,344.0,1.0,1.0,482.0,679.0,586.0,2.0,565.0,12.16,668.7,457.0,31.4,32.3,0.4,2.6,2067.6,0.0,16.83,16.3,35.0,31.3,34.6,34.4,34.3,32.9,33.2,33.8,46.4,47.8,25.3,27.5,25.9,26.1,34.0,31.0,25.0,-0.2,0.0,-0.4,6.0,6.0,4.0,0.0,25.0,25.0,24.0,78.0,93.0,57.0,27.0,27.0,300.0,0.0,0.0,0.0,0.0,0.0,0.0,0.0,0.0,0.0
10.44,321.98,0.24,0.32,0.29,7.14,4.72,7.16,10.47,-3.5,0.01,-0.02,175.6,5.5,350.0,1.0,1.0,316.0,678.0,370.0,0.0,362.0,10.44,494.1,338.0,29.7,32.3,0.5,2.6,2067.6,0.0,16.83,16.6,34.7,31.0,34.3,34.1,34.0,32.5,33.1,33.6,46.4,47.8,25.3,27.4,25.9,26.1,31.0,29.0,25.0,-0.2,0.0,0.0,6.0,6.0,4.0,0.0,25.0,25.0,24.0,77.0,92.0,57.0,27.0,27.0,300.0,0.0,0.0,0.0,0.0,0.0,0.0,0.0,0.0,0.0
12.19,27.0,0.24,0.32,0.29,8.58,6.32,9.6,12.22,6.3,0.04,-0.06,175.4,7.3,342.0,1.0,1.0,493.0,678.0,592.0,0.0,576.0,12.2,676.2,461.0,32.6,31.5,0.5,2.6,2067.6,0.0,16.83,16.2,35.1,31.4,34.6,34.5,34.4,33.0,33.4,33.9,46.4,47.8,25.3,27.4,25.9,26.1,34.0,32.0,25.0,-0.2,0.0,0.0,6.0,6.0,4.0,0.0,25.0,25.0,24.0,78.0,93.0,57.0,27.0,27.0,300.0,0.0,0.0,0.0,0.0,0.0,0.0,0.0,0.0,0.0
9.02,326.02,0.24,0.31,0.28,6.38,3.24,6.08,9.04,-4.5,0.03,-0.04,175.7,5.1,347.0,1.0,1.0,209.0,679.0,244.0,0.0,233.0,9.02,371.0,253.0,31.3,32.1,0.5,2.6,1395.8,0.0,15.81,16.8,34.7,31.0,34.3,34.1,34.0,32.6,33.1,33.6,46.4,47.8,25.3,27.3,25.9,26.0,30.0,28.0,25.0,0.0,0.0,0.1,6.0,6.0,4.0,0.0,25.0,25.0,24.0,77.0,92.0,57.0,27.0,27.0,300.0,0.0,0.0,0.0,0.0,0.0,0.0,0.0,0.0,0.0
10.81,200.99,0.24,0.32,0.29,6.22,5.26,7.48,10.85,-1.2,0.03,0.01,175.5,6.0,342.0,1.0,1.0,350.0,677.0,427.0,0.0,407.0,10.84,532.9,366.0,33.0,31.6,0.5,2.6,2067.6,0.0,16.83,16.2,35.1,31.5,34.7,34.5,34.4,33.0,33.4,34.0,46.4,47.8,25.3,27.4,25.9,26.1,34.0,31.0,25.0,0.3,0.0,0.2,6.0,6.0,4.0,0.0,25.0,25.0,24.0,78.0,93.0,58.0,27.0,27.0,300.0,0.0,0.0,0.0,0.0,0.0,0.0,0.0,0.0,0.0
8.32,119.02,0.24,0.32,0.28,2.9,4.28,6.12,8.32,-13.4,0.01,-0.06,175.6,5.4,346.0,1.0,1.0,157.0,678.0,191.0,0.0,171.0,8.3,299.9,209.0,32.7,32.1,0.5,2.6,1036.3,0.0,14.73,16.8,34.7,31.0,34.3,34.1,34.0,32.5,33.0,33.6,46.4,47.8,25.3,27.3,25.9,26.1,30.0,29.0,25.0,0.0,0.1,-0.4,6.0,6.0,4.0,0.0,25.0,25.0,24.0,77.0,92.0,57.0,27.0,27.0,300.0,0.0,0.0,0.0,0.0,0.0,0.0,0.0,0.0,0.0
10.32,160.99,0.24,0.32,0.29,5.62,4.96,6.86,10.31,-10.1,0.03,-0.04,175.6,5.9,350.0,1.0,1.0,302.0,678.0,363.0,0.0,346.0,10.28,482.1,328.0,30.1,31.6,0.5,2.6,2067.6,0.0,16.83,16.6,34.7,31.0,34.3,34.1,34.0,32.5,33.1,33.6,46.4,47.8,25.3,27.4,25.9,26.1,32.0,29.0,25.0,0.4,0.0,0.0,6.0,6.0,4.0,0.0,25.0,25.0,24.0,77.0,92.0,57.0,27.0,27.0,300.0,0.0,0.0,0.0,0.0,0.0,0.0,0.0,0.0,0.0
11.22,259.99,0.24,0.32,0.29,8.0,5.48,9.1,11.24,8.0,-0.02,0.0,175.5,6.1,342.0,1.0,1.0,383.0,678.0,467.0,0.0,451.0,11.22,569.5,391.0,32.6,32.2,0.5,2.6,2067.6,0.0,16.83,16.2,35.1,31.5,34.6,34.5,34.4,33.0,33.5,34.0,46.4,47.8,25.3,27.4,25.9,26.1,34.0,31.0,25.0,0.0,0.0,0.0,6.0,6.0,4.0,0.0,25.0,25.0,24.0,78.0,93.0,58.0,27.0,27.0,300.0,0.0,0.0,0.0,0.0,0.0,0.0,0.0,0.0,0.0
10.64,69.98,0.24,0.32,0.29,4.92,4.68,7.32,10.67,-9.7,-0.05,-0.01,175.6,5.6,347.0,1.0,1.0,328.0,678.0,393.0,0.0,381.0,10.64,513.5,351.0,30.9,31.8,0.5,2.6,2067.6,0.0,16.83,16.7,34.7,31.0,34.2,34.0,34.0,32.5,33.0,33.6,46.4,47.7,25.3,27.3,25.9,26.1,33.0,30.0,25.0,-0.1,0.0,0.0,6.0,6.0,4.0,0.0,25.0,25.0,24.0,77.0,92.0,57.0,27.0,27.0,300.0,0.0,0.0,0.0,0.0,0.0,0.0,0.0,0.0,0.0
11.07,168.01,0.24,0.32,0.29,6.3,5.4,8.16,11.11,7.2,-0.03,-0.01,175.4,6.8,341.0,1.0,1.0,374.0,678.0,451.0,-2.0,448.0,11.06,560.8,384.0,33.2,31.8,0.5,2.6,2067.6,0.0,16.83,16.2,35.1,31.5,34.7,34.5,34.4,33.0,33.5,33.9,46.4,47.8,25.3,27.4,25.9,26.1,34.0,31.0,25.0,0.0,0.0,0.0,6.0,6.0,4.0,0.0,25.0,25.0,24.0,78.0,93.0,58.0,27.0,27.0,300.0,0.0,0.0,0.0,0.0,0.0,0.0,0.0,0.0,0.0
10.62,181.01,0.24,0.32,0.29,7.46,4.84,8.44,10.64,0.9,-0.02,-0.01,175.6,5.4,346.0,1.0,1.0,326.0,678.0,396.0,0.0,379.0,10.6,510.4,350.0,30.8,32.3,0.4,2.6,2067.6,0.0,16.83,16.7,34.7,31.0,34.2,34.0,34.0,32.5,33.0,33.6,46.4,47.8,25.3,27.4,25.9,26.1,32.0,30.0,25.0,0.0,0.0,0.0,6.0,6.0,4.0,0.0,25.0,25.0,24.0,77.0,92.0,57.0,27.0,27.0,300.0,0.0,0.0,0.0,0.0,0.0,0.0,0.0,0.0,0.0
10.52,200.99,0.24,0.32,0.29,7.62,4.9,8.5,10.55,-0.7,0.0,0.0,175.6,5.2,346.0,1.0,1.0,322.0,678.0,390.0,0.0,369.0,10.52,502.1,344.0,30.4,32.1,0.4,2.6,2067.6,0.0,16.83,16.7,34.7,31.0,34.2,34.1,34.0,32.5,33.0,33.6,46.4,47.8,25.3,27.4,25.9,26.1,32.0,30.0,25.0,0.0,0.0,0.0,6.0,6.0,4.0,0.0,25.0,25.0,24.0,77.0,92.0,57.0,27.0,27.0,300.0,0.0,0.0,0.0,0.0,0.0,0.0,0.0,0.0,0.0
10.45,259.99,0.24,0.32,0.29,8.78,4.76,8.54,10.45,-6.7,0.04,0.01,175.6,5.8,350.0,1.0,1.0,306.0,678.0,372.0,0.0,358.0,10.42,490.0,335.0,29.8,32.0,0.4,2.6,2067.6,0.0,16.83,16.6,34.7,31.0,34.3,34.1,34.0,32.5,33.1,33.6,46.4,47.8,25.3,27.4,25.9,26.1,31.0,29.0,25.0,0.0,0.0,0.0,6.0,6.0,4.0,0.0,25.0,25.0,24.0,77.0,92.0,57.0,27.0,27.0,300.0,0.0,0.0,0.0,0.0,0.0,0.0,0.0,0.0,0.0
10.73,68.0,0.24,0.32,0.29,5.74,4.86,7.66,10.75,-8.9,0.0,-0.01,175.6,6.3,353.0,1.0,1.0,333.0,678.0,406.0,2.0,391.0,10.72,523.8,356.0,29.0,31.4,0.5,2.6,2067.6,0.0,16.83,16.6,34.7,31.0,34.3,34.1,34.0,32.6,33.0,33.6,46.4,47.8,25.3,27.4,25.9,26.1,31.0,28.0,25.0,0.0,0.0,0.0,6.0,6.0,4.0,0.0,25.0,25.0,24.0,77.0,92.0,57.0,27.0,27.0,300.0,0.0,0.0,0.0,0.0,0.0,0.0,0.0,0.0,0.0
11.44,299.99,0.25,0.32,0.29,7.66,5.64,8.56,11.48,2.2,0.03,0.03,175.4,6.2,344.0,1.0,1.0,411.0,678.0,501.0,0.0,483.0,11.48,598.4,410.0,32.6,32.0,0.5,2.6,2067.6,0.0,16.83,16.2,35.1,31.5,34.6,34.5,34.4,33.0,33.4,33.9,46.4,47.9,25.3,27.4,25.9,26.1,34.0,31.0,25.0,0.0,0.0,0.0,6.0,6.0,4.0,0.0,25.0,25.0,24.0,78.0,93.0,58.0,27.0,27.0,300.0,0.0,0.0,0.0,0.0,0.0,0.0,0.0,0.0,0.0
10.6,168.01,0.24,0.32,0.29,6.38,4.84,7.0,10.62,-0.8,-0.06,0.01,175.5,5.5,346.0,1.0,1.0,330.0,678.0,391.0,0.0,375.0,10.6,505.2,348.0,31.2,32.2,0.5,2.6,2067.6,0.0,16.83,16.7,34.7,31.0,34.2,34.1,34.0,32.5,33.0,33.6,46.4,47.8,25.3,27.3,25.9,26.1,33.0,31.0,25.0,0.3,0.0,0.0,6.0,6.0,4.0,0.0,25.0,25.0,24.0,77.0,92.0,57.0,27.0,27.0,300.0,0.0,0.0,0.0,0.0,0.0,0.0,0.0,0.0,0.0
7.98,137.02,0.24,0.31,0.28,2.32,4.18,5.52,7.98,-11.4,-0.02,-0.02,175.7,5.0,343.0,1.0,1.0,139.0,677.0,179.0,0.0,159.0,7.96,281.0,194.0,32.5,31.8,0.5,2.6,1075.1,0.0,14.91,16.8,34.7,31.0,34.3,34.1,34.0,32.5,33.1,33.6,46.4,47.8,25.3,27.3,25.9,26.1,30.0,29.0,25.0,0.0,0.2,-0.1,6.0,6.0,4.0,0.0,25.0,25.0,24.0,77.0,92.0,57.0,27.0,27.0,300.0,0.0,0.0,0.0,0.0,0.0,0.0,0.0,0.0,0.0
9.16,212.0,0.24,0.32,0.28,6.88,4.64,6.84,9.19,16.6,0.01,0.0,175.6,4.9,335.0,1.0,1.0,223.0,678.0,271.0,0.0,258.0,9.18,388.2,264.0,32.1,31.9,0.5,2.6,2067.6,0.0,16.83,16.6,34.7,31.0,34.3,34.1,34.0,32.6,33.0,33.6,46.4,47.8,25.3,27.3,25.9,26.0,31.0,29.0,25.0,0.2,0.0,0.0,6.0,6.0,4.0,0.0,25.0,25.0,24.0,77.0,92.0,57.0,27.0,27.0,300.0,0.0,0.0,0.0,0.0,0.0,0.0,0.0,0.0,0.0
11.95,128.02,0.24,0.32,0.29,8.34,5.92,10.02,11.97,-0.5,-0.05,0.02,175.5,5.2,344.0,1.0,1.0,472.0,679.0,565.0,0.0,556.0,11.94,652.1,446.0,31.8,31.6,0.5,2.6,2067.6,0.0,16.83,16.3,35.0,31.3,34.6,34.4,34.3,32.9,33.3,33.9,46.4,47.8,25.3,27.5,26.0,26.1,34.0,31.0,25.0,0.0,0.0,0.0,6.0,6.0,4.0,0.0,25.0,25.0,24.0,78.0,93.0,57.0,27.0,27.0,300.0,0.0,0.0,0.0,0.0,0.0,0.0,0.0,0.0,0.0
12.65,304.99,0.25,0.32,0.29,9.34,6.62,11.22,12.67,-0.3,0.01,-0.01,175.6,6.1,351.0,1.0,1.0,544.0,679.0,659.0,0.0,652.0,12.66,729.6,497.0,29.4,32.1,0.5,2.6,2067.6,0.0,16.83,16.6,34.8,31.1,34.3,34.1,34.0,32.6,33.1,33.6,46.4,47.8,25.3,27.4,26.0,26.1,32.0,29.0,25.0,0.0,0.0,-0.2,6.0,6.0,4.0,0.0,25.0,25.0,24.0,77.0,92.0,57.0,27.0,27.0,300.0,0.0,0.0,0.0,0.0,0.0,0.0,0.0,0.0,0.0
12.52,112.0,0.24,0.32,0.29,9.32,6.06,10.74,12.59,7.4,0.01,-0.02,175.5,5.9,345.0,1.0,1.0,535.0,679.0,638.0,0.0,625.0,12.54,712.4,487.0,30.1,31.8,0.4,2.6,2067.6,0.0,16.83,16.6,34.8,31.1,34.4,34.2,34.1,32.7,33.1,33.7,46.4,47.8,25.4,27.4,26.0,26.1,33.0,30.0,25.0,0.2,0.0,0.2,6.0,6.0,4.0,0.0,25.0,25.0,24.0,77.0,92.0,57.0,27.0,27.0,300.0,0.0,0.0,0.0,0.0,0.0,0.0,0.0,0.0,0.0
11.82,316.01,0.25,0.32,0.29,9.16,5.98,9.36,11.83,-5.1,-0.03,-0.02,175.4,6.5,345.0,1.0,1.0,458.0,678.0,547.0,-2.0,535.0,11.84,644.2,438.0,32.7,31.6,0.5,2.6,2067.6,0.0,16.83,16.2,35.1,31.5,34.6,34.5,34.4,33.0,33.4,34.0,46.4,47.8,25.3,27.4,25.9,26.1,35.0,31.0,25.0,0.0,0.0,-0.2,6.0,6.0,4.0,0.0,25.0,25.0,24.0,78.0,93.0,58.0,27.0,27.0,300.0,0.0,0.0,0.0,0.0,0.0,0.0,0.0,0.0,0.0
12.27,194.0,0.24,0.32,0.29,8.04,5.8,9.54,12.25,3.8,-0.02,-0.03,175.5,6.4,343.0,1.0,1.0,500.0,679.0,595.0,0.0,582.0,12.24,679.6,463.0,31.1,31.7,0.5,2.6,2067.6,0.0,16.83,16.4,34.9,31.2,34.5,34.3,34.2,32.8,33.2,33.8,46.3,47.8,25.3,27.4,25.9,26.1,34.0,31.0,25.0,0.2,0.0,0.4,6.0,6.0,4.0,0.0,25.0,25.0,24.0,77.0,93.0,57.0,27.0,27.0,300.0,0.0,0.0,0.0,0.0,0.0,0.0,0.0,0.0,0.0
8.13,352.01,0.24,0.31,0.28,5.66,2.62,6.08,8.15,9.4,-0.03,0.02,175.7,4.8,333.0,1.0,1.0,157.0,678.0,183.0,0.0,172.0,8.14,298.8,206.0,32.2,32.1,0.5,2.6,1275.3,0.0,15.61,16.8,34.7,31.0,34.3,34.1,34.0,32.6,33.1,33.6,46.4,47.8,25.3,27.3,25.9,26.1,30.0,29.0,25.0,-0.1,0.0,0.1,6.0,6.0,4.0,0.0,25.0,25.0,24.0,77.0,92.0,57.0,27.0,27.0,300.0,0.0,0.0,0.0,0.0,0.0,0.0,0.0,0.0,0.0
11.55,38.99,0.24,0.32,0.29,7.26,6.06,8.8,11.58,-2.2,0.05,0.02,175.5,5.7,346.0,1.0,1.0,418.0,678.0,511.0,0.0,492.0,11.54,604.0,414.0,31.8,31.8,0.5,2.6,2067.6,0.0,16.83,16.3,35.0,31.4,34.6,34.4,34.3,32.9,33.3,33.9,46.4,47.8,25.3,27.5,25.9,26.1,34.0,31.0,25.0,-0.3,0.0,0.0,6.0,6.0,4.0,0.0,25.0,25.0,24.0,78.0,93.0,58.0,27.0,27.0,300.0,0.0,0.0,0.0,0.0,0.0,0.0,0.0,0.0,0.0
10.55,137.99,0.24,0.32,0.29,6.18,4.96,7.92,10.57,-3.7,-0.01,-0.04,175.5,5.6,347.0,1.0,1.0,320.0,678.0,382.0,0.0,371.0,10.52,508.4,345.0,30.7,32.1,0.5,2.6,2067.6,0.0,16.83,16.7,34.7,31.0,34.2,34.1,34.0,32.5,33.0,33.6,46.4,47.8,25.3,27.4,25.9,26.1,32.0,30.0,25.0,0.0,0.0,0.0,6.0,6.0,4.0,0.0,25.0,25.0,24.0,77.0,92.0,57.0,27.0,27.0,300.0,0.0,0.0,0.0,0.0,0.0,0.0,0.0,0.0,0.0
12.69,198.0,0.25,0.32,0.29,8.6,6.06,10.16,12.69,1.2,-0.08,-0.03,175.5,6.8,345.0,1.0,1.0,541.0,679.0,657.0,2.0,640.0,12.64,722.5,495.0,30.4,31.8,0.4,2.6,2067.6,0.0,16.83,16.5,34.8,31.1,34.4,34.2,34.1,32.7,33.1,33.7,46.4,47.8,25.3,27.4,26.0,26.1,33.0,30.0,25.0,0.0,0.0,0.2,6.0,6.0,4.0,0.0,25.0,25.0,24.0,77.0,92.0,57.0,27.0,27.0,300.0,0.0,0.0,0.0,0.0,0.0,0.0,0.0,0.0,0.0
10.27,65.99,0.24,0.32,0.29,4.46,4.84,7.08,10.32,10.9,-0.04,-0.04,175.5,4.5,342.0,1.0,1.0,307.0,677.0,360.0,-2.0,347.0,10.28,485.9,330.0,31.2,32.1,0.5,2.6,2067.6,0.0,16.83,16.2,35.1,31.5,34.7,34.6,34.4,33.0,33.5,34.0,46.4,47.8,25.3,27.4,25.9,26.1,33.0,31.0,25.0,-0.1,0.0,0.0,6.0,6.0,4.0,0.0,25.0,25.0,24.0,78.0,92.0,58.0,27.0,27.0,300.0,0.0,0.0,0.0,0.0,0.0,0.0,0.0,0.0,0.0
12.7,227.02,0.25,0.32,0.29,9.52,6.52,11.28,12.73,-5.0,-0.04,-0.01,175.5,7.1,346.0,1.0,1.0,559.0,679.0,673.0,-2.0,660.0,12.7,742.3,505.0,30.7,31.7,0.4,2.6,2067.6,0.0,16.83,16.5,34.9,31.2,34.5,34.2,34.2,32.7,33.1,33.7,46.3,47.8,25.3,27.4,25.9,26.1,34.0,31.0,25.0,0.0,0.1,0.0,6.0,6.0,4.0,0.0,25.0,25.0,24.0,77.0,92.0,57.0,27.0,27.0,300.0,0.0,0.0,0.0,0.0,0.0,0.0,0.0,0.0,0.0
10.35,240.01,0.24,0.32,0.29,7.82,4.92,8.68,10.37,6.0,-0.02,-0.03,175.4,5.3,344.0,1.0,1.0,306.0,677.0,369.0,0.0,356.0,10.34,490.8,333.0,31.8,32.0,0.5,2.6,2067.6,0.0,16.83,16.2,35.1,31.5,34.7,34.6,34.4,33.0,33.5,34.0,46.4,47.8,25.3,27.4,25.9,26.1,33.0,31.0,25.0,0.0,0.0,0.0,6.0,6.0,4.0,0.0,25.0,25.0,24.0,78.0,93.0,58.0,27.0,27.0,300.0,0.0,0.0,0.0,0.0,0.0,0.0,0.0,0.0,0.0
8.15,204.98,0.24,0.32,0.28,4.96,4.76,4.74,8.14,9.5,0.0,0.01,175.7,5.0,333.0,1.0,1.0,158.0,678.0,186.0,0.0,172.0,8.12,304.1,205.0,32.1,32.2,0.5,2.6,1275.3,0.0,15.61,16.8,34.7,31.0,34.3,34.1,34.0,32.6,33.0,33.6,46.4,47.8,25.3,27.3,25.9,26.1,30.0,29.0,25.0,0.2,0.0,0.0,6.0,6.0,4.0,0.0,25.0,25.0,24.0,77.0,92.0,57.0,27.0,27.0,300.0,0.0,0.0,0.0,0.0,0.0,0.0,0.0,0.0,0.0
10.65,54.0,0.24,0.32,0.29,5.8,4.92,7.68,10.65,-1.0,-0.01,0.05,175.6,5.2,347.0,1.0,1.0,335.0,678.0,396.0,0.0,382.0,10.62,509.5,351.0,31.1,31.7,0.5,2.6,2067.6,0.0,16.83,16.7,34.7,31.0,34.2,34.1,34.0,32.5,33.0,33.6,46.4,47.8,25.3,27.4,25.9,26.1,32.0,30.0,25.0,0.0,0.0,0.0,6.0,6.0,4.0,0.0,25.0,25.0,24.0,77.0,92.0,57.0,27.0,27.0,300.0,0.0,0.0,0.0,0.0,0.0,0.0,0.0,0.0,0.0
10.41,52.99,0.24,0.32,0.29,4.68,4.8,7.52,10.43,3.2,0.0,-0.05,175.5,5.7,345.0,1.0,1.0,314.0,678.0,373.0,0.0,364.0,10.4,489.6,336.0,31.9,32.4,0.5,2.6,2067.6,0.0,16.83,16.2,35.1,31.5,34.7,34.6,34.4,33.0,33.4,34.0,46.4,47.9,25.3,27.4,25.9,26.1,33.0,31.0,25.0,-0.1,0.0,0.0,6.0,6.0,4.0,0.0,25.0,25.0,24.0,78.0,93.0,58.0,27.0,27.0,300.0,0.0,0.0,0.0,0.0,0.0,0.0,0.0,0.0,0.0
7.83,308.02,0.24,0.31,0.28,5.88,2.72,4.8,7.84,-14.9,0.05,0.06,175.6,5.1,342.0,1.0,1.0,143.0,677.0,161.0,0.0,152.0,7.82,274.0,189.0,32.6,31.8,0.5,2.6,1075.1,0.0,14.91,16.8,34.7,31.0,34.3,34.1,34.0,32.5,33.0,33.6,46.4,47.8,25.3,27.3,25.8,26.1,30.0,29.0,25.0,0.0,0.0,0.2,6.0,6.0,4.0,0.0,25.0,25.0,24.0,77.0,92.0,57.0,27.0,27.0,300.0,0.0,0.0,0.0,0.0,0.0,0.0,0.0,0.0,0.0
11.16,33.98,0.24,0.32,0.29,7.1,5.44,8.6,11.21,11.0,0.01,0.04,175.5,6.2,341.0,1.0,1.0,382.0,678.0,467.0,0.0,444.0,11.18,571.7,389.0,33.0,31.6,0.5,2.6,2067.6,0.0,16.83,16.2,35.1,31.5,34.7,34.5,34.4,33.0,33.4,34.0,46.4,47.8,25.3,27.4,25.9,26.1,34.0,31.0,25.0,0.0,0.0,0.0,6.0,6.0,4.0,0.0,25.0,25.0,24.0,78.0,93.0,58.0,27.0,27.0,300.0,0.0,0.0,0.0,0.0,0.0,0.0,0.0,0.0,0.0
7.98,68.0,0.24,0.31,0.29,1.86,3.0,6.62,8.0,-1.3,0.04,-0.01,175.7,4.2,335.0,1.0,1.0,154.0,677.0,173.0,0.0,162.0,7.98,293.8,199.0,32.5,31.7,0.5,2.6,1275.3,0.0,15.61,16.8,34.7,31.0,34.3,34.1,34.0,32.6,33.1,33.7,46.4,47.8,25.3,27.3,25.9,26.1,30.0,29.0,25.0,0.0,0.1,0.0,6.0,6.0,4.0,0.0,25.0,25.0,24.0,77.0,92.0,57.0,27.0,27.0,300.0,0.0,0.0,0.0,0.0,0.0,0.0,0.0,0.0,0.0
9.38,164.02,0.24,0.32,0.28,5.0,4.26,7.22,9.38,7.3,0.02,0.04,175.6,6.1,348.0,1.0,1.0,219.0,677.0,271.0,2.0,250.0,9.34,392.5,268.0,33.1,31.6,0.5,2.6,1414.4,0.0,15.84,16.8,34.7,31.0,34.2,34.0,34.0,32.5,33.0,33.6,46.4,47.8,25.3,27.3,25.9,26.1,31.0,30.0,25.0,0.0,0.0,-0.2,6.0,6.0,4.0,0.0,25.0,25.0,24.0,77.0,92.0,57.0,27.0,27.0,300.0,0.0,0.0,0.0,0.0,0.0,0.0,0.0,0.0,0.0
8.41,223.99,0.24,0.32,0.28,6.18,4.38,4.6,8.43,-13.6,-0.04,-0.05,175.7,6.0,347.0,1.0,1.0,169.0,678.0,194.0,0.0,179.0,8.4,314.6,215.0,33.0,31.5,0.5,2.6,1036.3,0.0,14.73,16.8,34.7,31.0,34.3,34.0,34.0,32.5,33.0,33.6,46.4,47.8,25.3,27.3,25.9,26.1,30.0,29.0,25.0,0.5,0.0,0.0,6.0,6.0,4.0,0.0,25.0,25.0,24.0,77.0,92.0,57.0,27.0,27.0,300.0,0.0,0.0,0.0,0.0,0.0,0.0,0.0,0.0,0.0
12.9,202.0,0.25,0.32,0.29,9.24,6.2,10.86,12.94,0.7,-0.07,0.02,175.5,6.3,344.0,1.0,1.0,582.0,679.0,703.0,0.0,692.0,12.9,757.9,519.0,30.5,31.7,0.5,2.6,2067.6,0.0,16.83,16.5,34.9,31.2,34.5,34.2,34.1,32.7,33.1,33.7,46.3,47.8,25.4,27.4,25.9,26.1,34.0,31.0,25.0,0.0,0.0,0.2,6.0,6.0,4.0,0.0,25.0,25.0,24.0,77.0,92.0,57.0,27.0,27.0,300.0,0.0,0.0,0.0,0.0,0.0,0.0,0.0,0.0,0.0
8.94,123.01,0.24,0.32,0.29,3.34,4.32,6.62,8.95,22.3,0.0,-0.03,175.7,4.1,334.0,1.0,1.0,209.0,679.0,247.0,0.0,231.0,8.94,366.8,250.0,31.8,31.2,0.5,2.6,1752.4,0.0,16.36,16.6,34.7,31.0,34.3,34.1,34.0,32.6,33.1,33.6,46.4,47.8,25.3,27.3,26.0,26.1,31.0,29.0,25.0,0.0,0.1,0.0,6.0,6.0,4.0,0.0,25.0,25.0,24.0,77.0,92.0,57.0,27.0,27.0,300.0,0.0,0.0,0.0,0.0,0.0,0.0,0.0,0.0,0.0
10.47,38.02,0.24,0.32,0.29,6.18,4.82,8.9,10.5,-2.0,0.05,-0.03,175.4,5.9,345.0,1.0,1.0,317.0,677.0,382.0,0.0,372.0,10.48,494.5,340.0,32.8,32.0,0.5,2.6,2067.6,0.0,16.83,16.2,35.1,31.5,34.7,34.6,34.4,33.0,33.4,34.0,46.4,47.9,25.3,27.4,25.9,26.1,34.0,31.0,25.0,-0.3,0.0,0.0,6.0,6.0,4.0,0.0,25.0,25.0,24.0,78.0,93.0,58.0,27.0,27.0,300.0,0.0,0.0,0.0,0.0,0.0,0.0,0.0,0.0,0.0
9.05,109.01,0.24,0.31,0.29,4.2,4.04,7.74,9.07,0.3,-0.02,0.06,175.7,5.2,346.0,1.0,1.0,207.0,678.0,246.0,0.0,234.0,9.04,372.1,253.0,31.5,31.5,0.5,2.6,1395.8,0.0,15.81,16.8,34.7,31.0,34.3,34.1,34.0,32.6,33.1,33.7,46.4,47.8,25.3,27.3,25.9,26.0,30.0,28.0,25.0,0.0,0.3,-0.2,6.0,6.0,4.0,0.0,25.0,25.0,24.0,77.0,92.0,57.0,27.0,27.0,300.0,0.0,0.0,0.0,0.0,0.0,0.0,0.0,0.0,0.0
11.61,27.0,0.24,0.32,0.29,7.86,5.7,9.38,11.63,1.0,0.03,0.02,175.5,6.5,345.0,1.0,1.0,421.0,679.0,507.0,0.0,492.0,11.6,608.9,416.0,32.1,31.8,0.5,2.6,2067.6,0.0,16.83,16.3,35.1,31.4,34.6,34.4,34.3,32.9,33.3,33.9,46.4,47.8,25.3,27.5,25.9,26.1,34.0,31.0,25.0,-0.5,0.0,0.0,6.0,6.0,4.0,0.0,25.0,25.0,24.0,78.0,93.0,58.0,27.0,27.0,300.0,0.0,0.0,0.0,0.0,0.0,0.0,0.0,0.0,0.0
12.27,259.99,0.25,0.32,0.29,8.8,6.2,10.46,12.24,8.0,-0.07,0.02,175.6,6.2,343.0,1.0,1.0,503.0,678.0,599.0,-2.0,592.0,12.24,684.5,467.0,30.9,32.1,0.5,2.6,2067.6,0.0,16.83,16.4,34.9,31.2,34.5,34.3,34.2,32.8,33.2,33.7,46.4,47.8,25.3,27.4,25.9,26.1,34.0,31.0,25.0,0.0,0.0,0.0,6.0,6.0,4.0,0.0,25.0,25.0,24.0,77.0,93.0,57.0,27.0,27.0,300.0,0.0,0.0,0.0,0.0,0.0,0.0,0.0,0.0,0.0
12.23,119.99,0.24,0.32,0.29,7.8,5.72,9.62,12.26,4.7,0.01,0.02,175.5,6.1,343.0,1.0,1.0,494.0,678.0,599.0,0.0,583.0,12.22,677.0,463.0,30.8,32.0,0.4,2.6,2067.6,0.0,16.83,16.4,34.9,31.3,34.5,34.3,34.2,32.8,33.2,33.8,46.3,47.8,25.3,27.4,25.9,26.1,34.0,31.0,25.0,0.0,0.0,0.0,6.0,6.0,4.0,0.0,25.0,25.0,24.0,77.0,93.0,57.0,27.0,27.0,300.0,0.0,0.0,0.0,0.0,0.0,0.0,0.0,0.0,0.0
10.57,15.01,0.24,0.32,0.29,6.9,4.94,8.92,10.58,-13.5,0.0,0.01,175.7,6.3,353.0,1.0,1.0,316.0,678.0,384.0,0.0,367.0,10.56,505.0,344.0,29.5,31.9,0.4,2.6,2067.6,0.0,16.83,16.6,34.7,31.0,34.3,34.1,34.0,32.6,33.1,33.6,46.4,47.8,25.3,27.4,25.9,26.1,31.0,28.0,25.0,-0.5,0.0,0.0,6.0,6.0,4.0,0.0,25.0,25.0,24.0,77.0,92.0,57.0,27.0,27.0,300.0,0.0,0.0,0.0,0.0,0.0,0.0,0.0,0.0,0.0
12.68,132.98,0.25,0.32,0.29,8.4,6.08,9.22,12.7,1.4,0.02,-0.01,175.5,6.9,353.0,1.0,1.0,542.0,679.0,648.0,2.0,634.0,12.64,718.2,493.0,29.3,31.9,0.4,2.6,2067.6,0.0,16.83,16.6,34.7,31.1,34.3,34.1,34.0,32.6,33.1,33.6,46.4,47.8,25.3,27.4,26.0,26.1,32.0,29.0,25.0,0.4,0.0,0.2,6.0,6.0,4.0,0.0,25.0,25.0,24.0,77.0,92.0,57.0,27.0,27.0,300.0,0.0,0.0,0.0,0.0,0.0,0.0,0.0,0.0,0.0
10.86,70.99,0.24,0.32,0.29,6.96,4.92,9.82,10.9,6.2,0.03,0.05,175.4,5.2,341.0,1.0,1.0,355.0,678.0,436.0,0.0,419.0,10.9,542.0,370.0,32.8,32.0,0.5,2.6,2067.6,0.0,16.83,16.2,35.1,31.5,34.7,34.5,34.4,33.0,33.5,34.0,46.4,47.8,25.3,27.4,25.9,26.1,34.0,31.0,25.0,-0.2,0.0,0.0,6.0,6.0,4.0,0.0,25.0,25.0,24.0,78.0,93.0,58.0,27.0,27.0,300.0,0.0,0.0,0.0,0.0,0.0,0.0,0.0,0.0,0.0
10.26,331.99,0.24,0.31,0.29,8.34,4.24,8.1,10.29,-6.3,0.0,0.07,175.6,6.9,349.0,1.0,1.0,291.0,677.0,348.0,0.0,337.0,10.28,473.6,325.0,33.0,32.3,0.5,2.6,1914.7,0.0,16.6,16.8,34.7,31.0,34.2,34.0,34.0,32.5,33.0,33.6,46.4,47.8,25.3,27.3,25.9,26.1,32.0,30.0,25.0,-0.2,0.0,0.0,6.0,6.0,4.0,0.0,25.0,25.0,24.0,77.0,92.0,57.0,27.0,27.0,300.0,0.0,0.0,0.0,0.0,0.0,0.0,0.0,0.0,0.0
10.81,262.01,0.24,0.32,0.29,7.94,5.08,7.9,10.8,-8.9,-0.05,-0.04,175.6,6.2,354.0,1.0,1.0,340.0,678.0,413.0,0.0,399.0,10.78,527.6,359.0,28.6,32.1,0.4,2.6,2067.6,0.0,16.83,16.6,34.7,31.0,34.3,34.1,34.0,32.6,33.0,33.6,46.3,47.8,25.3,27.4,25.9,26.1,31.0,28.0,25.0,0.2,0.0,0.0,6.0,6.0,4.0,0.0,25.0,25.0,24.0,77.0,92.0,57.0,27.0,27.0,300.0,0.0,0.0,0.0,0.0,0.0,0.0,0.0,0.0,0.0
10.88,32.0,0.24,0.32,0.29,5.92,5.0,7.52,10.9,-11.2,-0.01,0.04,175.6,6.3,354.0,1.0,1.0,349.0,678.0,412.0,0.0,394.0,10.86,534.9,363.0,28.8,31.8,0.4,2.6,2067.6,0.0,16.83,16.6,34.7,31.0,34.3,34.1,34.0,32.6,33.1,33.6,46.4,47.8,25.3,27.4,25.9,26.1,31.0,28.0,25.0,-0.3,0.0,0.0,6.0,6.0,4.0,0.0,25.0,25.0,24.0,77.0,92.0,57.0,27.0,27.0,300.0,0.0,0.0,0.0,0.0,0.0,0.0,0.0,0.0,0.0
12.36,349.99,0.24,0.32,0.29,9.7,6.5,10.06,12.39,-6.4,0.02,0.03,175.6,7.5,345.0,1.0,1.0,504.0,678.0,608.0,0.0,599.0,12.36,689.8,472.0,31.0,32.0,0.5,2.6,2067.6,0.0,16.83,16.4,34.9,31.3,34.5,34.3,34.2,32.8,33.2,33.8,46.4,47.8,25.3,27.4,25.9,26.1,34.0,31.0,25.0,-0.2,0.0,-0.7,6.0,6.0,4.0,0.0,25.0,25.0,24.0,78.0,93.0,57.0,27.0,27.0,300.0,0.0,0.0,0.0,0.0,0.0,0.0,0.0,0.0,0.0
9.91,196.99,0.24,0.32,0.29,6.3,4.56,7.76,9.93,4.9,-0.02,0.0,175.8,5.0,342.0,1.0,1.0,266.0,679.0,326.0,0.0,315.0,9.92,448.6,307.0,32.0,31.7,0.5,2.6,1673.9,0.0,16.24,16.7,34.7,31.0,34.3,34.1,34.0,32.6,33.1,33.6,46.4,47.8,25.3,27.3,25.9,26.0,31.0,29.0,25.0,0.1,0.0,0.0,6.0,6.0,4.0,0.0,25.0,25.0,24.0,77.0,92.0,57.0,27.0,27.0,300.0,0.0,0.0,0.0,0.0,0.0,0.0,0.0,0.0,0.0
12.77,274.0,0.25,0.32,0.29,9.74,6.5,11.7,12.75,-0.8,0.01,0.0,175.6,7.3,345.0,1.0,1.0,548.0,679.0,654.0,2.0,649.0,12.72,725.8,498.0,30.1,32.1,0.5,2.6,2067.6,0.0,16.83,16.5,34.8,31.1,34.4,34.2,34.1,32.7,33.1,33.6,46.3,47.8,25.3,27.4,26.0,26.1,33.0,30.0,25.0,0.0,0.0,0.0,6.0,6.0,4.0,0.0,25.0,25.0,24.0,77.0,92.0,57.0,27.0,27.0,300.0,0.0,0.0,0.0,0.0,0.0,0.0,0.0,0.0,0.0
7.66,334.01,0.24,0.31,0.28,5.46,2.6,5.28,7.69,15.1,-0.09,-0.02,175.7,3.3,334.0,1.0,1.0,133.0,678.0,155.0,-2.0,142.0,7.68,270.7,183.0,32.7,32.3,0.5,2.6,1075.1,0.0,14.91,16.8,34.7,31.0,34.3,34.1,34.0,32.5,33.0,33.6,46.4,47.8,25.3,27.3,25.9,26.1,31.0,29.0,25.0,-0.1,0.0,0.2,6.0,6.0,4.0,0.0,25.0,25.0,24.0,77.0,92.0,57.0,27.0,27.0,300.0,0.0,0.0,0.0,0.0,0.0,0.0,0.0,0.0,0.0
12.57,254.99,0.25,0.32,0.29,10.22,6.46,11.94,12.58,7.6,0.03,0.02,175.6,6.1,344.0,1.0,1.0,536.0,679.0,639.0,0.0,628.0,12.56,716.2,488.0,30.4,31.6,0.4,2.6,2067.6,0.0,16.83,16.6,34.8,31.1,34.4,34.2,34.1,32.7,33.1,33.7,46.4,47.8,25.3,27.4,26.0,26.1,33.0,30.0,25.0,0.0,0.0,0.0,6.0,6.0,4.0,0.0,25.0,25.0,24.0,77.0,92.0,57.0,27.0,27.0,300.0,0.0,0.0,0.0,0.0,0.0,0.0,0.0,0.0,0.0
11.63,121.0,0.24,0.32,0.29,7.58,5.54,10.7,11.65,-4.1,-0.05,0.0,175.5,6.1,345.0,1.0,1.0,437.0,678.0,525.0,-2.0,520.0,11.64,623.5,424.0,31.8,32.0,0.5,2.6,2067.6,0.0,16.83,16.3,35.0,31.4,34.6,34.4,34.3,32.9,33.3,33.9,46.4,47.8,25.3,27.5,25.9,26.1,34.0,31.0,25.0,0.0,0.0,0.0,6.0,6.0,4.0,0.0,25.0,25.0,24.0,78.0,92.0,58.0,27.0,27.0,300.0,0.0,0.0,0.0,0.0,0.0,0.0,0.0,0.0,0.0
10.13,308.02,0.24,0.32,0.29,8.5,4.62,7.88,10.13,4.9,-0.01,0.04,175.8,5.7,343.0,1.0,1.0,286.0,679.0,333.0,0.0,327.0,10.1,459.8,316.0,31.5,32.1,0.5,2.6,1673.9,0.0,16.24,16.8,34.7,31.0,34.3,34.1,34.0,32.6,33.1,33.6,46.4,47.8,25.3,27.3,25.9,26.0,31.0,29.0,25.0,-0.2,0.0,-0.2,6.0,6.0,4.0,0.0,25.0,25.0,24.0,77.0,92.0,57.0,27.0,27.0,300.0,0.0,0.0,0.0,0.0,0.0,0.0,0.0,0.0,0.0
10.32,33.98,0.24,0.31,0.29,5.6,4.22,7.74,10.34,-3.5,0.02,0.02,175.6,6.2,348.0,1.0,1.0,299.0,678.0,354.0,0.0,340.0,10.3,475.8,327.0,33.1,32.0,0.5,2.6,1914.7,0.0,16.6,16.8,34.7,30.9,34.2,34.0,34.0,32.5,33.0,33.6,46.4,47.8,25.3,27.3,25.9,26.1,32.0,30.0,25.0,-0.2,0.0,0.0,6.0,6.0,4.0,0.0,25.0,25.0,24.0,77.0,92.0,57.0,27.0,27.0,300.0,0.0,0.0,0.0,0.0,0.0,0.0,0.0,0.0,0.0
10.48,64.01,0.24,0.32,0.29,4.92,4.6,7.3,10.52,1.5,-0.01,-0.02,175.6,4.9,346.0,1.0,1.0,309.0,678.0,379.0,0.0,369.0,10.5,501.4,341.0,32.1,32.0,0.5,2.6,2067.6,0.0,16.83,16.8,34.7,31.0,34.2,34.1,34.0,32.5,33.0,33.6,46.4,47.8,25.3,27.3,25.9,26.1,33.0,31.0,25.0,0.0,0.0,0.0,6.0,6.0,4.0,0.0,25.0,25.0,24.0,77.0,92.0,57.0,27.0,27.0,300.0,0.0,0.0,0.0,0.0,0.0,0.0,0.0,0.0,0.0
8.15,58.0,0.24,0.31,0.29,3.12,3.0,8.2,8.15,22.2,-0.03,0.01,175.7,4.1,331.0,1.0,1.0,156.0,678.0,188.0,0.0,176.0,8.16,302.3,208.0,32.5,31.6,0.5,2.6,1275.3,0.0,15.61,16.8,34.7,31.0,34.3,34.1,34.0,32.6,33.1,33.6,46.4,47.8,25.3,27.3,26.0,26.1,30.0,29.0,25.0,-0.2,0.1,0.0,6.0,6.0,4.0,0.0,25.0,25.0,24.0,77.0,92.0,57.0,27.0,27.0,300.0,0.0,0.0,0.0,0.0,0.0,0.0,0.0,0.0,0.0
12.23,119.99,0.24,0.32,0.29,9.1,5.62,10.04,12.25,2.8,0.0,0.0,175.5,5.2,344.0,1.0,1.0,486.0,679.0,587.0,0.0,569.0,12.2,672.6,460.0,31.6,31.6,0.5,2.6,2067.6,0.0,16.83,16.3,35.0,31.3,34.6,34.4,34.3,32.9,33.3,33.8,46.4,47.8,25.3,27.5,25.9,26.1,34.0,31.0,25.0,0.0,0.0,0.0,6.0,6.0,4.0,0.0,25.0,25.0,24.0,78.0,93.0,57.0,27.0,27.0,300.0,0.0,0.0,0.0,0.0,0.0,0.0,0.0,0.0,0.0
7.76,277.99,0.24,0.31,0.28,6.34,2.74,4.1,7.76,14.1,0.0,0.01,175.7,4.2,335.0,1.0,1.0,135.0,678.0,167.0,0.0,148.0,7.74,273.5,187.0,32.6,31.6,0.5,2.6,1213.5,0.0,15.51,16.8,34.7,31.0,34.3,34.1,34.0,32.6,33.0,33.7,46.4,47.8,25.3,27.3,25.9,26.1,30.0,29.0,25.0,0.0,-0.1,0.1,6.0,6.0,4.0,0.0,25.0,25.0,24.0,77.0,92.0,57.0,27.0,27.0,300.0,0.0,0.0,0.0,0.0,0.0,0.0,0.0,0.0,0.0
10.1,191.02,0.24,0.32,0.29,6.48,4.68,7.6,10.1,5.7,-0.04,-0.01,175.7,5.0,342.0,1.0,1.0,280.0,679.0,338.0,-2.0,332.0,10.1,468.3,317.0,31.9,31.6,0.5,2.6,1673.9,0.0,16.24,16.8,34.7,31.0,34.3,34.1,34.0,32.6,33.1,33.6,46.4,47.8,25.3,27.3,25.9,26.0,31.0,29.0,25.0,0.0,0.0,0.0,6.0,6.0,4.0,0.0,25.0,25.0,24.0,77.0,92.0,57.0,27.0,27.0,300.0,0.0,0.0,0.0,0.0,0.0,0.0,0.0,0.0,0.0
10.26,123.01,0.24,0.32,0.29,6.12,4.7,8.34,10.29,-9.5,0.05,-0.01,175.5,5.1,349.0,1.0,1.0,291.0,678.0,353.0,0.0,338.0,10.24,475.4,325.0,29.7,31.5,0.5,2.6,2067.6,0.0,16.83,16.6,34.7,31.0,34.3,34.1,34.0,32.5,33.0,33.6,46.4,47.8,25.3,27.4,25.9,26.1,31.0,29.0,25.0,0.0,0.0,-0.2,6.0,6.0,4.0,0.0,25.0,25.0,24.0,77.0,92.0,57.0,27.0,27.0,300.0,0.0,0.0,0.0,0.0,0.0,0.0,0.0,0.0,0.0
10.45,42.01,0.24,0.32,0.29,5.7,4.8,7.94,10.49,-10.2,0.05,0.0,175.6,6.4,351.0,1.0,1.0,316.0,678.0,367.0,0.0,366.0,10.44,497.6,338.0,29.2,32.2,0.4,2.6,2067.6,0.0,16.83,16.6,34.7,31.0,34.3,34.1,34.0,32.6,33.0,33.6,46.4,47.8,25.3,27.4,25.9,26.1,31.0,28.0,25.0,0.0,0.0,0.0,6.0,6.0,4.0,0.0,25.0,25.0,24.0,77.0,92.0,57.0,27.0,27.0,300.0,0.0,0.0,0.0,0.0,0.0,0.0,0.0,0.0,0.0
8.22,222.01,0.24,0.32,0.28,5.64,4.62,4.86,8.22,16.3,-0.02,0.03,175.7,4.1,333.0,1.0,1.0,160.0,678.0,192.0,0.0,183.0,8.22,307.8,211.0,31.9,32.4,0.5,2.6,1752.4,0.0,16.36,16.7,34.7,31.0,34.3,34.1,34.0,32.6,33.0,33.6,46.4,47.8,25.3,27.3,25.9,26.1,31.0,29.0,25.0,0.1,0.0,0.0,6.0,6.0,4.0,0.0,25.0,25.0,24.0,77.0,92.0,57.0,27.0,27.0,300.0,0.0,0.0,0.0,0.0,0.0,0.0,0.0,0.0,0.0
9.36,349.99,0.24,0.31,0.29,6.8,3.96,7.58,9.41,18.4,0.0,-0.02,175.7,5.2,337.0,1.0,1.0,236.0,678.0,286.0,0.0,272.0,9.38,401.1,276.0,32.0,31.6,0.5,2.6,2067.6,0.0,16.83,16.6,34.7,31.1,34.3,34.1,34.0,32.6,33.1,33.6,46.4,47.8,25.3,27.3,25.9,26.0,31.0,29.0,25.0,-0.2,0.0,0.0,6.0,6.0,4.0,0.0,25.0,25.0,24.0,77.0,92.0,57.0,27.0,27.0,300.0,0.0,0.0,0.0,0.0,0.0,0.0,0.0,0.0,0.0
8.55,124.99,0.24,0.32,0.28,3.0,4.36,6.78,8.6,12.6,0.02,0.03,175.7,4.0,335.0,1.0,1.0,184.0,678.0,222.0,0.0,205.0,8.58,334.8,231.0,32.1,32.2,0.5,2.6,1752.4,0.0,16.36,16.7,34.7,31.0,34.3,34.1,34.0,32.6,33.0,33.6,46.4,47.8,25.3,27.3,26.0,26.1,31.0,29.0,25.0,0.0,0.1,-0.1,6.0,6.0,4.0,0.0,25.0,25.0,24.0,77.0,92.0,57.0,27.0,27.0,300.0,0.0,0.0,0.0,0.0,0.0,0.0,0.0,0.0,0.0
8.06,284.0,0.24,0.31,0.28,7.4,2.58,5.0,8.07,3.5,-0.02,-0.01,175.7,4.3,334.0,1.0,1.0,150.0,677.0,188.0,0.0,169.0,8.06,293.5,203.0,32.2,32.1,0.5,2.6,1275.3,0.0,15.61,16.8,34.7,31.0,34.3,34.1,34.0,32.6,33.1,33.6,46.4,47.8,25.3,27.3,25.9,26.1,30.0,29.0,25.0,0.0,-0.1,0.0,6.0,6.0,4.0,0.0,25.0,25.0,24.0,77.0,92.0,57.0,27.0,27.0,300.0,0.0,0.0,0.0,0.0,0.0,0.0,0.0,0.0,0.0
9.27,51.98,0.24,0.31,0.29,3.3,3.4,6.58,9.27,-2.2,0.12,0.02,175.6,5.9,350.0,1.0,1.0,219.0,677.0,256.0,0.0,241.0,9.24,383.6,262.0,32.8,32.2,0.5,2.6,1414.4,0.0,15.84,16.8,34.7,31.0,34.2,34.0,34.0,32.5,33.0,33.6,46.4,47.8,25.3,27.3,25.8,26.1,31.0,30.0,25.0,-0.1,0.0,0.0,6.0,6.0,4.0,0.0,25.0,25.0,24.0,77.0,92.0,57.0,27.0,27.0,300.0,0.0,0.0,0.0,0.0,0.0,0.0,0.0,0.0,0.0
11.61,312.01,0.25,0.32,0.29,8.34,5.82,9.46,11.61,1.2,-0.04,0.01,175.5,7.7,345.0,1.0,1.0,427.0,678.0,507.0,0.0,495.0,11.6,613.5,418.0,31.8,32.0,0.4,2.6,2067.6,0.0,16.83,16.3,35.1,31.4,34.6,34.5,34.3,32.9,33.3,33.9,46.4,47.8,25.3,27.4,25.9,26.1,34.0,31.0,25.0,0.0,0.0,0.0,6.0,6.0,4.0,0.0,25.0,25.0,24.0,78.0,93.0,58.0,27.0,27.0,300.0,0.0,0.0,0.0,0.0,0.0,0.0,0.0,0.0,0.0
12.23,194.0,0.25,0.32,0.29,8.34,5.7,9.1,12.24,4.6,-0.01,0.01,175.5,5.3,343.0,1.0,1.0,490.0,678.0,584.0,0.0,571.0,12.2,672.8,462.0,31.7,31.6,0.5,2.6,2067.6,0.0,16.83,16.3,35.0,31.3,34.6,34.4,34.3,32.9,33.2,33.8,46.4,47.8,25.3,27.5,25.9,26.1,34.0,31.0,25.0,0.0,0.0,0.0,6.0,6.0,4.0,0.0,25.0,25.0,24.0,78.0,93.0,57.0,27.0,27.0,300.0,0.0,0.0,0.0,0.0,0.0,0.0,0.0,0.0,0.0
8.91,281.02,0.24,0.31,0.28,7.48,3.28,6.2,8.9,-15.7,0.1,0.02,175.6,6.5,350.0,1.0,1.0,194.0,678.0,223.0,0.0,219.0,8.88,351.7,242.0,32.9,31.8,0.5,2.6,1036.3,0.0,14.73,16.8,34.7,31.0,34.2,34.0,33.9,32.5,33.1,33.6,46.4,47.8,25.3,27.3,25.8,26.1,31.0,29.0,25.0,0.0,-0.1,0.0,6.0,6.0,4.0,0.0,25.0,25.0,24.0,77.0,92.0,57.0,27.0,27.0,300.0,0.0,0.0,0.0,0.0,0.0,0.0,0.0,0.0,0.0
9.19,301.0,0.24,0.31,0.28,6.38,3.72,5.46,9.19,-11.3,0.07,-0.04,175.6,6.7,351.0,1.0,1.0,206.0,677.0,252.0,0.0,242.0,9.16,373.7,259.0,32.6,31.9,0.5,2.6,1414.4,0.0,15.84,16.8,34.7,31.0,34.2,34.0,33.9,32.5,33.0,33.6,46.4,47.8,25.3,27.3,25.8,26.0,31.0,30.0,25.0,0.0,0.0,0.0,6.0,6.0,4.0,0.0,25.0,25.0,24.0,77.0,92.0,57.0,27.0,27.0,300.0,0.0,0.0,0.0,0.0,0.0,0.0,0.0,0.0,0.0
7.83,40.0,0.24,0.31,0.29,2.84,2.72,7.14,7.84,3.4,-0.06,0.01,175.6,4.1,336.0,1.0,1.0,145.0,677.0,168.0,0.0,157.0,7.84,283.4,192.0,32.6,31.6,0.5,2.6,1213.5,0.0,15.51,16.8,34.7,31.0,34.3,34.1,34.0,32.6,33.0,33.6,46.4,47.8,25.3,27.3,25.9,26.1,30.0,29.0,25.0,-0.2,0.0,0.0,6.0,6.0,4.0,0.0,25.0,25.0,24.0,77.0,92.0,57.0,27.0,27.0,300.0,0.0,0.0,0.0,0.0,0.0,0.0,0.0,0.0,0.0
8.85,177.01,0.24,0.32,0.28,5.44,4.6,6.3,8.89,17.7,0.0,0.02,175.7,4.0,334.0,1.0,1.0,206.0,678.0,238.0,-2.0,227.0,8.9,359.4,249.0,32.2,31.6,0.5,2.6,1752.4,0.0,16.36,16.6,34.7,31.0,34.3,34.1,34.0,32.6,33.0,33.6,46.4,47.8,25.3,27.3,25.9,26.1,31.0,29.0,25.0,0.2,0.0,-0.1,6.0,6.0,4.0,0.0,25.0,25.0,24.0,77.0,92.0,57.0,27.0,27.0,300.0,0.0,0.0,0.0,0.0,0.0,0.0,0.0,0.0,0.0
10.22,154.01,0.24,0.32,0.29,5.42,4.58,7.68,10.24,-2.3,0.01,0.09,175.6,6.4,348.0,1.0,1.0,289.0,678.0,341.0,-2.0,330.0,10.2,468.6,321.0,33.2,31.6,0.5,2.6,1914.7,0.0,16.6,16.8,34.7,31.0,34.2,34.0,34.0,32.5,33.0,33.6,46.4,47.8,25.3,27.3,25.9,26.1,32.0,30.0,25.0,0.0,0.0,0.0,6.0,6.0,4.0,0.0,25.0,25.0,24.0,77.0,92.0,57.0,27.0,27.0,300.0,0.0,0.0,0.0,0.0,0.0,0.0,0.0,0.0,0.0
8.37,173.99,0.24,0.32,0.28,4.2,4.6,4.32,8.38,-15.0,-0.04,0.07,175.6,6.0,347.0,1.0,1.0,159.0,678.0,195.0,0.0,175.0,8.34,313.4,212.0,32.7,31.6,0.5,2.6,1036.3,0.0,14.73,16.8,34.7,31.0,34.3,34.1,34.0,32.5,33.0,33.6,46.4,47.8,25.3,27.3,25.9,26.1,30.0,29.0,25.0,0.4,0.0,-0.1,6.0,6.0,4.0,0.0,25.0,25.0,24.0,77.0,92.0,57.0,27.0,27.0,300.0,0.0,0.0,0.0,0.0,0.0,0.0,0.0,0.0,0.0
10.26,284.0,0.24,0.32,0.29,7.18,4.72,6.88,10.25,-7.5,0.01,0.01,175.6,5.3,350.0,1.0,1.0,300.0,678.0,353.0,-2.0,342.0,10.24,475.1,327.0,29.8,32.3,0.4,2.6,2067.6,0.0,16.83,16.6,34.7,31.0,34.3,34.1,34.0,32.6,33.0,33.6,46.4,47.8,25.3,27.4,25.9,26.1,32.0,29.0,25.0,0.0,0.0,0.2,6.0,6.0,4.0,0.0,25.0,25.0,24.0,77.0,92.0,57.0,27.0,27.0,300.0,0.0,0.0,0.0,0.0,0.0,0.0,0.0,0.0,0.0
7.92,211.0,0.24,0.32,0.28,5.54,4.62,5.08,7.92,3.2,0.05,-0.02,175.7,3.9,335.0,1.0,1.0,147.0,677.0,173.0,0.0,163.0,7.9,280.4,195.0,32.2,32.0,0.5,2.6,1213.5,0.0,15.51,16.8,34.7,31.0,34.3,34.1,34.0,32.6,33.1,33.6,46.4,47.8,25.3,27.3,25.9,26.1,30.0,29.0,25.0,0.1,0.0,0.0,6.0,6.0,4.0,0.0,25.0,25.0,24.0,77.0,92.0,57.0,27.0,27.0,300.0,0.0,0.0,0.0,0.0,0.0,0.0,0.0,0.0,0.0
8.25,173.02,0.24,0.32,0.28,3.56,4.82,4.9,8.27,16.8,0.02,0.0,175.7,3.4,332.0,1.0,1.0,168.0,677.0,192.0,0.0,185.0,8.24,311.2,213.0,32.1,32.2,0.5,2.6,1752.4,0.0,16.36,16.7,34.7,31.0,34.3,34.1,34.0,32.6,33.0,33.6,46.4,47.8,25.3,27.3,26.0,26.1,31.0,29.0,25.0,0.1,0.0,0.0,6.0,6.0,4.0,0.0,25.0,25.0,24.0,77.0,92.0,57.0,27.0,27.0,300.0,0.0,0.0,0.0,0.0,0.0,0.0,0.0,0.0,0.0
12.51,239.0,0.25,0.32,0.29,9.38,6.24,10.96,12.53,2.1,-0.02,0.0,175.5,6.8,346.0,1.0,1.0,531.0,678.0,635.0,0.0,621.0,12.5,712.2,485.0,30.2,32.0,0.5,2.6,2067.6,0.0,16.83,16.6,34.8,31.1,34.4,34.2,34.1,32.7,33.1,33.7,46.4,47.8,25.4,27.4,26.0,26.1,33.0,30.0,25.0,0.0,0.0,0.2,6.0,6.0,4.0,0.0,25.0,25.0,24.0,77.0,92.0,57.0,27.0,27.0,300.0,0.0,0.0,0.0,0.0,0.0,0.0,0.0,0.0,0.0
11.73,340.99,0.24,0.32,0.29,7.3,6.06,8.3,11.77,-5.2,-0.05,0.02,175.5,5.9,345.0,1.0,1.0,453.0,679.0,546.0,0.0,526.0,11.76,638.9,433.0,31.7,31.9,0.5,2.6,2067.6,0.0,16.83,16.3,35.0,31.3,34.6,34.4,34.3,32.9,33.3,33.8,46.4,47.8,25.3,27.5,25.9,26.1,34.0,31.0,25.0,0.0,0.0,0.0,6.0,6.0,4.0,0.0,25.0,25.0,24.0,78.0,92.0,58.0,27.0,27.0,300.0,0.0,0.0,0.0,0.0,0.0,0.0,0.0,0.0,0.0
9.48,15.98,0.24,0.31,0.29,5.16,3.72,8.04,9.46,9.1,0.05,-0.01,175.7,5.8,343.0,1.0,1.0,225.0,679.0,268.0,0.0,260.0,9.44,401.5,273.0,31.4,31.9,0.5,2.6,1644.1,0.0,16.19,16.8,34.7,31.0,34.3,34.1,34.0,32.6,33.1,33.6,46.4,47.8,25.3,27.3,25.9,26.0,30.0,28.0,25.0,-0.6,-0.1,0.0,6.0,6.0,4.0,0.0,25.0,25.0,24.0,77.0,92.0,57.0,27.0,27.0,300.0,0.0,0.0,0.0,0.0,0.0,0.0,0.0,0.0,0.0
8.9,235.01,0.24,0.32,0.28,7.02,4.48,6.28,8.9,4.0,-0.05,-0.03,175.7,5.5,347.0,1.0,1.0,192.0,679.0,240.0,0.0,220.0,8.86,355.0,242.0,31.2,31.9,0.4,2.6,1395.8,0.0,15.81,16.8,34.7,31.0,34.3,34.1,34.0,32.6,33.1,33.6,46.4,47.9,25.3,27.3,25.9,26.0,30.0,28.0,25.0,0.0,0.0,0.0,6.0,6.0,4.0,0.0,25.0,25.0,24.0,77.0,92.0,57.0,27.0,27.0,300.0,0.0,0.0,0.0,0.0,0.0,0.0,0.0,0.0,0.0
10.11,263.99,0.24,0.32,0.29,7.08,4.62,6.56,10.09,3.2,-0.07,-0.05,175.7,5.0,348.0,1.0,1.0,281.0,678.0,332.0,0.0,322.0,10.08,457.4,313.0,32.9,31.9,0.5,2.6,1914.7,0.0,16.6,16.8,34.7,31.0,34.2,34.0,34.0,32.5,33.0,33.6,46.4,47.8,25.3,27.3,25.9,26.1,32.0,30.0,25.0,0.3,0.0,0.0,6.0,6.0,4.0,0.0,25.0,25.0,24.0,77.0,92.0,57.0,27.0,27.0,300.0,0.0,0.0,0.0,0.0,0.0,0.0,0.0,0.0,0.0
7.86,355.0,0.24,0.31,0.28,5.3,2.66,6.2,7.88,-13.6,0.02,-0.01,175.7,5.0,342.0,1.0,1.0,140.0,677.0,171.0,0.0,153.0,7.86,280.6,190.0,32.9,31.6,0.5,2.6,1075.1,0.0,14.91,16.8,34.7,31.0,34.3,34.1,34.0,32.5,33.0,33.6,46.4,47.8,25.3,27.3,25.8,26.1,30.0,29.0,25.0,-0.1,0.0,0.1,6.0,6.0,4.0,0.0,25.0,25.0,24.0,77.0,92.0,57.0,27.0,27.0,300.0,0.0,0.0,0.0,0.0,0.0,0.0,0.0,0.0,0.0
9.05,360.0,0.24,0.31,0.29,5.66,3.26,6.8,9.05,2.5,-0.01,-0.05,175.7,5.3,345.0,1.0,1.0,212.0,679.0,244.0,0.0,234.0,9.04,368.9,253.0,31.2,32.0,0.5,2.6,1395.8,0.0,15.81,16.8,34.7,31.0,34.3,34.1,34.0,32.6,33.1,33.6,46.4,47.8,25.3,27.3,25.9,26.0,30.0,28.0,25.0,-0.1,0.0,0.3,6.0,6.0,4.0,0.0,25.0,25.0,24.0,77.0,92.0,57.0,27.0,27.0,300.0,0.0,0.0,0.0,0.0,0.0,0.0,0.0,0.0,0.0
10.56,20.02,0.24,0.32,0.29,5.74,4.72,7.2,10.6,-1.9,0.03,0.02,175.7,6.0,346.0,1.0,1.0,317.0,678.0,381.0,-2.0,367.0,10.54,503.6,344.0,31.4,32.1,0.4,2.6,2067.6,0.0,16.83,16.7,34.7,31.0,34.2,34.1,34.0,32.5,33.0,33.6,46.4,47.8,25.3,27.3,25.9,26.1,33.0,31.0,25.0,-0.3,0.0,0.2,6.0,6.0,4.0,0.0,25.0,25.0,24.0,77.0,92.0,57.0,27.0,27.0,300.0,0.0,0.0,0.0,0.0,0.0,0.0,0.0,0.0,0.0
12.4,139.0,0.24,0.32,0.29,7.4,5.78,8.36,12.4,-6.0,0.0,-0.04,175.5,6.9,346.0,1.0,1.0,506.0,678.0,608.0,0.0,605.0,12.36,697.0,473.0,31.2,31.6,0.5,2.6,2067.6,0.0,16.83,16.3,34.9,31.3,34.5,34.3,34.2,32.8,33.2,33.7,46.4,47.8,25.3,27.5,25.9,26.1,34.0,31.0,25.0,0.5,0.0,0.6,6.0,6.0,4.0,0.0,25.0,25.0,24.0,78.0,93.0,57.0,27.0,27.0,300.0,0.0,0.0,0.0,0.0,0.0,0.0,0.0,0.0,0.0
9.65,130.0,0.24,0.32,0.29,4.72,4.7,7.14,9.65,5.5,-0.03,0.02,175.7,5.8,343.0,1.0,1.0,239.0,678.0,292.0,2.0,266.0,9.6,406.7,281.0,31.9,31.6,0.5,2.6,1644.1,0.0,16.19,16.8,34.7,31.0,34.3,34.1,34.0,32.6,33.1,33.7,46.5,47.8,25.3,27.3,25.9,26.0,30.0,29.0,25.0,0.0,0.1,0.0,6.0,6.0,4.0,0.0,25.0,25.0,24.0,77.0,92.0,57.0,27.0,27.0,300.0,0.0,0.0,0.0,0.0,0.0,0.0,0.0,0.0,0.0
10.6,258.98,0.24,0.32,0.29,7.04,5.06,7.08,10.6,-3.0,-0.04,-0.01,175.4,5.7,344.0,1.0,1.0,324.0,677.0,397.0,0.0,381.0,10.6,513.7,350.0,32.9,32.2,0.5,2.6,2067.6,0.0,16.83,16.2,35.1,31.5,34.7,34.5,34.4,33.0,33.4,34.0,46.4,47.8,25.3,27.4,25.9,26.1,34.0,31.0,25.0,0.2,0.0,0.0,6.0,6.0,4.0,0.0,25.0,25.0,24.0,78.0,93.0,58.0,27.0,27.0,300.0,0.0,0.0,0.0,0.0,0.0,0.0,0.0,0.0,0.0
9.1,267.01,0.24,0.31,0.28,7.92,4.14,5.9,9.14,17.6,0.02,0.01,175.7,4.7,335.0,1.0,1.0,218.0,678.0,268.0,0.0,251.0,9.12,383.7,261.0,32.0,32.0,0.5,2.6,1752.4,0.0,16.36,16.6,34.7,31.0,34.3,34.1,34.0,32.6,33.1,33.6,46.4,47.8,25.3,27.3,25.9,26.1,31.0,29.0,25.0,0.2,-0.1,0.0,6.0,6.0,4.0,0.0,25.0,25.0,24.0,77.0,92.0,57.0,27.0,27.0,300.0,0.0,0.0,0.0,0.0,0.0,0.0,0.0,0.0,0.0
12.51,321.98,0.25,0.32,0.29,9.92,6.34,10.78,12.49,2.9,-0.04,-0.01,175.6,5.9,350.0,1.0,1.0,536.0,678.0,642.0,0.0,625.0,12.5,712.3,486.0,29.7,31.9,0.5,2.6,2067.6,0.0,16.83,16.6,34.7,31.1,34.3,34.1,34.0,32.6,33.1,33.6,46.4,47.8,25.3,27.4,26.0,26.1,33.0,29.0,25.0,0.0,0.0,-0.5,6.0,6.0,4.0,0.0,25.0,25.0,24.0,77.0,92.0,57.0,27.0,27.0,300.0,0.0,0.0,0.0,0.0,0.0,0.0,0.0,0.0,0.0
12.98,18.0,0.25,0.32,0.29,8.18,7.0,8.96,13.01,3.4,0.06,-0.02,175.6,7.0,344.0,1.0,1.0,583.0,679.0,699.0,2.0,688.0,12.96,756.1,519.0,30.6,31.6,0.5,2.6,2067.6,0.0,16.83,16.5,34.9,31.2,34.4,34.2,34.1,32.7,33.1,33.7,46.3,47.8,25.3,27.4,26.0,26.1,34.0,30.0,25.0,0.0,0.0,0.0,6.0,6.0,4.0,0.0,25.0,25.0,24.0,77.0,92.0,57.0,27.0,27.0,300.0,0.0,0.0,0.0,0.0,0.0,0.0,0.0,0.0,0.0
11.18,63.0,0.24,0.32,0.29,6.0,4.96,8.04,11.17,-14.2,-0.03,0.04,175.6,7.7,355.0,1.0,1.0,371.0,679.0,442.0,0.0,426.0,11.16,557.0,382.0,29.1,31.8,0.4,2.6,2067.6,0.0,16.83,16.6,34.7,31.0,34.3,34.1,34.0,32.6,33.1,33.6,46.4,47.8,25.3,27.4,25.9,26.1,30.0,28.0,25.0,0.0,0.0,0.0,6.0,6.0,4.0,0.0,25.0,25.0,24.0,77.0,92.0,57.0,27.0,27.0,300.0,0.0,0.0,0.0,0.0,0.0,0.0,0.0,0.0,0.0
9.05,182.02,0.24,0.32,0.28,4.78,4.66,5.62,9.07,8.8,0.02,0.0,175.7,4.1,344.0,1.0,1.0,208.0,678.0,247.0,0.0,232.0,9.04,370.8,253.0,31.7,31.4,0.4,2.6,1644.1,0.0,16.19,16.8,34.7,31.0,34.3,34.1,34.0,32.6,33.1,33.6,46.5,47.8,25.3,27.3,25.9,26.0,30.0,28.0,25.0,0.3,0.0,0.0,6.0,6.0,4.0,0.0,25.0,25.0,24.0,77.0,92.0,57.0,27.0,27.0,300.0,0.0,0.0,0.0,0.0,0.0,0.0,0.0,0.0,0.0
10.97,157.0,0.24,0.32,0.29,7.4,4.92,8.9,10.99,-13.0,-0.06,-0.01,175.6,7.6,354.0,1.0,1.0,351.0,678.0,430.0,0.0,407.0,10.94,535.2,369.0,28.9,32.2,0.5,2.6,2067.6,0.0,16.83,16.6,34.7,31.0,34.3,34.1,34.0,32.6,33.1,33.6,46.4,47.8,25.3,27.4,25.9,26.1,30.0,28.0,25.0,0.0,0.0,0.0,6.0,6.0,4.0,0.0,25.0,25.0,24.0,77.0,92.0,57.0,27.0,27.0,300.0,0.0,0.0,0.0,0.0,0.0,0.0,0.0,0.0,0.0
12.78,74.02,0.25,0.32,0.29,7.8,6.6,8.88,12.86,-4.0,0.0,0.04,175.6,7.2,345.0,1.0,1.0,578.0,679.0,687.0,0.0,678.0,12.82,747.0,512.0,30.7,31.6,0.5,2.6,2067.6,0.0,16.83,16.5,34.9,31.2,34.5,34.3,34.2,32.7,33.1,33.7,46.3,47.8,25.3,27.4,25.9,26.1,34.0,31.0,25.0,0.0,-0.1,0.0,6.0,6.0,4.0,0.0,25.0,25.0,24.0,77.0,92.0,57.0,27.0,27.0,300.0,0.0,0.0,0.0,0.0,0.0,0.0,0.0,0.0,0.0
10.69,262.01,0.24,0.32,0.29,7.78,4.82,7.3,10.7,-1.4,0.01,-0.02,175.6,5.8,347.0,1.0,1.0,333.0,678.0,396.0,0.0,386.0,10.68,512.1,352.0,31.4,32.0,0.5,2.6,2067.6,0.0,16.83,16.7,34.7,31.0,34.2,34.0,34.0,32.5,33.0,33.6,46.4,47.7,25.3,27.3,25.9,26.1,33.0,30.0,25.0,0.3,0.0,0.0,6.0,6.0,4.0,0.0,25.0,25.0,24.0,77.0,92.0,57.0,27.0,27.0,300.0,0.0,0.0,0.0,0.0,0.0,0.0,0.0,0.0,0.0
12.48,88.99,0.24,0.32,0.29,9.5,6.22,10.62,12.54,2.1,-0.01,0.0,175.5,6.7,346.0,1.0,1.0,530.0,678.0,633.0,-2.0,623.0,12.52,711.2,485.0,30.1,31.5,0.5,2.6,2067.6,0.0,16.83,16.6,34.8,31.1,34.3,34.2,34.1,32.7,33.1,33.7,46.4,47.8,25.4,27.4,26.0,26.1,33.0,30.0,25.0,-0.2,-0.1,-0.2,6.0,6.0,4.0,0.0,25.0,25.0,24.0,77.0,92.0,57.0,27.0,27.0,300.0,0.0,0.0,0.0,0.0,0.0,0.0,0.0,0.0,0.0
8.16,320.0,0.24,0.31,0.28,6.16,2.8,5.02,8.18,15.9,0.03,-0.02,175.7,4.1,332.0,1.0,1.0,160.0,678.0,189.0,0.0,179.0,8.18,304.6,209.0,32.2,32.0,0.5,2.6,1275.3,0.0,15.61,16.8,34.7,31.0,34.3,34.1,34.0,32.6,33.1,33.6,46.4,47.8,25.3,27.3,25.9,26.1,30.0,29.0,25.0,0.0,-0.1,0.2,6.0,6.0,4.0,0.0,25.0,25.0,24.0,77.0,92.0,57.0,27.0,27.0,300.0,0.0,0.0,0.0,0.0,0.0,0.0,0.0,0.0,0.0
8.51,177.01,0.24,0.32,0.28,3.8,4.66,5.04,8.51,14.5,-0.04,0.0,175.7,3.9,335.0,1.0,1.0,185.0,678.0,214.0,0.0,207.0,8.5,337.3,229.0,32.1,32.0,0.5,2.6,1752.4,0.0,16.36,16.7,34.7,31.0,34.3,34.1,34.0,32.6,33.0,33.6,46.4,47.8,25.3,27.3,26.0,26.1,31.0,29.0,25.0,0.2,0.0,0.0,6.0,6.0,4.0,0.0,25.0,25.0,24.0,77.0,92.0,57.0,27.0,27.0,300.0,0.0,0.0,0.0,0.0,0.0,0.0,0.0,0.0,0.0
11.53,92.99,0.24,0.32,0.29,6.76,5.46,8.8,11.56,3.2,-0.05,0.03,175.4,5.5,343.0,1.0,1.0,422.0,678.0,504.0,-2.0,495.0,11.54,612.0,416.0,32.7,31.6,0.5,2.6,2067.6,0.0,16.83,16.2,35.1,31.5,34.6,34.5,34.4,33.0,33.4,34.0,46.4,47.8,25.3,27.4,26.0,26.1,35.0,32.0,25.0,0.0,0.0,0.0,6.0,6.0,4.0,0.0,25.0,25.0,24.0,78.0,93.0,58.0,27.0,27.0,300.0,0.0,0.0,0.0,0.0,0.0,0.0,0.0,0.0,0.0
12.14,173.02,0.24,0.32,0.29,8.7,5.68,10.8,12.15,-3.8,-0.02,0.02,175.4,6.9,343.0,1.0,1.0,483.0,679.0,592.0,0.0,570.0,12.12,673.1,458.0,32.4,32.1,0.5,2.6,2067.6,0.0,16.83,16.2,35.1,31.4,34.6,34.5,34.4,33.0,33.4,34.0,46.4,47.8,25.3,27.4,25.9,26.1,34.0,32.0,25.0,-0.2,0.0,0.0,6.0,6.0,4.0,0.0,25.0,25.0,24.0,78.0,93.0,58.0,27.0,27.0,300.0,0.0,0.0,0.0,0.0,0.0,0.0,0.0,0.0,0.0
12.54,164.02,0.24,0.32,0.29,7.96,5.98,9.1,12.55,3.2,0.02,0.03,175.5,6.5,346.0,1.0,1.0,529.0,679.0,635.0,0.0,620.0,12.5,707.8,485.0,30.2,31.7,0.5,2.6,2067.6,0.0,16.83,16.6,34.8,31.1,34.3,34.2,34.1,32.7,33.1,33.7,46.4,47.8,25.4,27.4,26.0,26.1,33.0,30.0,25.0,0.2,0.0,0.4,6.0,6.0,4.0,0.0,25.0,25.0,24.0,77.0,92.0,57.0,27.0,27.0,300.0,0.0,0.0,0.0,0.0,0.0,0.0,0.0,0.0,0.0
9.12,245.99,0.24,0.31,0.28,7.44,4.18,6.04,9.13,-9.1,-0.01,0.02,175.6,6.4,350.0,1.0,1.0,210.0,677.0,250.0,0.0,237.0,9.12,377.0,255.0,33.1,32.1,0.5,2.6,1414.4,0.0,15.84,16.8,34.7,31.0,34.2,34.0,34.0,32.5,33.0,33.6,46.4,47.8,25.3,27.3,25.9,26.0,31.0,29.0,25.0,0.0,0.0,0.0,6.0,6.0,4.0,0.0,25.0,25.0,24.0,77.0,92.0,57.0,27.0,27.0,300.0,0.0,0.0,0.0,0.0,0.0,0.0,0.0,0.0,0.0
10.41,283.0,0.24,0.32,0.29,7.62,4.68,7.46,10.41,1.4,0.03,0.0,175.7,5.5,347.0,1.0,1.0,312.0,678.0,372.0,0.0,355.0,10.4,488.1,334.0,33.2,32.1,0.5,2.6,1914.7,0.0,16.6,16.8,34.7,31.0,34.2,34.0,34.0,32.5,33.0,33.6,46.4,47.8,25.3,27.3,25.9,26.1,32.0,30.0,25.0,0.0,0.0,0.0,6.0,6.0,4.0,0.0,25.0,25.0,24.0,77.0,92.0,57.0,27.0,27.0,300.0,0.0,0.0,0.0,0.0,0.0,0.0,0.0,0.0,0.0
10.45,100.01,0.24,0.32,0.29,5.72,4.8,8.86,10.47,1.9,-0.02,0.0,175.4,5.5,345.0,1.0,1.0,317.0,677.0,372.0,-2.0,370.0,10.46,501.1,340.0,32.7,31.4,0.5,2.6,2067.6,0.0,16.83,16.2,35.1,31.5,34.7,34.6,34.4,33.0,33.4,34.0,46.4,47.9,25.3,27.4,25.9,26.1,34.0,31.0,25.0,0.0,0.0,0.0,6.0,6.0,4.0,0.0,25.0,25.0,24.0,78.0,93.0,58.0,27.0,27.0,300.0,0.0,0.0,0.0,0.0,0.0,0.0,0.0,0.0,0.0
12.14,199.01,0.25,0.32,0.29,8.12,5.8,9.56,12.17,0.0,0.01,-0.02,175.5,6.4,344.0,1.0,1.0,486.0,679.0,581.0,-2.0,568.0,12.12,668.3,458.0,31.5,32.1,0.5,2.6,2067.6,0.0,16.83,16.3,35.0,31.3,34.6,34.4,34.3,32.9,33.3,33.8,46.4,47.8,25.3,27.5,25.9,26.1,34.0,31.0,25.0,0.0,0.0,0.0,6.0,6.0,4.0,0.0,25.0,25.0,24.0,78.0,93.0,57.0,27.0,27.0,300.0,0.0,0.0,0.0,0.0,0.0,0.0,0.0,0.0,0.0
8.94,335.02,0.24,0.31,0.28,5.72,2.9,5.74,8.92,-15.9,-0.07,-0.06,175.7,6.4,350.0,1.0,1.0,193.0,677.0,232.0,0.0,216.0,8.92,359.5,245.0,32.6,32.1,0.5,2.6,1036.3,0.0,14.73,16.8,34.7,31.0,34.2,34.0,33.9,32.5,33.1,33.6,46.4,47.8,25.3,27.3,25.8,26.1,31.0,29.0,25.0,-0.1,0.0,0.1,6.0,6.0,4.0,0.0,25.0,25.0,24.0,77.0,92.0,57.0,27.0,27.0,300.0,0.0,0.0,0.0,0.0,0.0,0.0,0.0,0.0,0.0
12.4,299.02,0.25,0.32,0.29,8.72,6.38,10.02,12.42,1.8,0.01,0.02,175.5,6.4,345.0,1.0,1.0,518.0,679.0,615.0,0.0,611.0,12.4,694.1,476.0,31.3,31.7,0.5,2.6,2067.6,0.0,16.83,16.3,34.9,31.3,34.5,34.3,34.2,32.8,33.2,33.8,46.4,47.8,25.3,27.5,25.9,26.1,34.0,31.0,25.0,0.0,0.0,0.0,6.0,6.0,4.0,0.0,25.0,25.0,24.0,77.0,93.0,57.0,27.0,27.0,300.0,0.0,0.0,0.0,0.0,0.0,0.0,0.0,0.0,0.0
10.53,122.0,0.24,0.32,0.29,6.08,5.12,7.38,10.55,-12.4,0.11,-0.04,175.6,6.5,352.0,1.0,1.0,319.0,678.0,376.0,0.0,362.0,10.52,497.5,341.0,29.1,32.1,0.5,2.6,2067.6,0.0,16.83,16.6,34.7,31.0,34.3,34.1,34.0,32.5,33.1,33.6,46.4,47.8,25.3,27.4,25.9,26.1,31.0,28.0,25.0,0.6,0.1,-0.2,6.0,6.0,4.0,0.0,25.0,25.0,24.0,77.0,92.0,57.0,27.0,27.0,300.0,0.0,0.0,0.0,0.0,0.0,0.0,0.0,0.0,0.0
9.81,132.98,0.24,0.32,0.29,4.3,4.5,7.36,9.82,15.4,-0.01,0.02,175.6,5.4,340.0,1.0,1.0,268.0,678.0,320.0,0.0,308.0,9.8,439.1,299.0,31.7,32.3,0.5,2.6,2067.6,0.0,16.83,16.7,34.7,31.0,34.3,34.1,34.0,32.6,33.0,33.6,46.4,47.8,25.3,27.3,25.9,26.0,31.0,29.0,25.0,0.0,0.0,0.0,6.0,6.0,4.0,0.0,25.0,25.0,24.0,77.0,92.0,57.0,27.0,27.0,300.0,0.0,0.0,0.0,0.0,0.0,0.0,0.0,0.0,0.0
10.52,272.02,0.24,0.32,0.29,7.54,5.0,8.96,10.49,-4.7,0.04,-0.03,175.4,5.8,345.0,1.0,1.0,316.0,678.0,381.0,0.0,375.0,10.5,496.0,341.0,32.9,32.1,0.5,2.6,2067.6,0.0,16.83,16.2,35.1,31.5,34.7,34.6,34.4,33.0,33.4,34.0,46.4,47.9,25.3,27.4,25.9,26.1,34.0,31.0,25.0,0.0,0.0,0.0,6.0,6.0,4.0,0.0,25.0,25.0,24.0,78.0,93.0,58.0,27.0,27.0,300.0,0.0,0.0,0.0,0.0,0.0,0.0,0.0,0.0,0.0
10.77,36.0,0.24,0.32,0.29,6.74,4.98,9.32,10.81,-1.9,-0.03,0.0,175.5,6.1,343.0,1.0,1.0,346.0,677.0,415.0,-2.0,408.0,10.78,531.3,361.0,32.7,32.4,0.5,2.6,2067.6,0.0,16.83,16.2,35.1,31.5,34.7,34.5,34.4,33.0,33.4,34.0,46.4,47.8,25.3,27.4,25.9,26.1,34.0,31.0,25.0,-0.4,0.0,0.0,6.0,6.0,4.0,0.0,25.0,25.0,24.0,78.0,93.0,58.0,27.0,27.0,300.0,0.0,0.0,0.0,0.0,0.0,0.0,0.0,0.0,0.0
9.12,191.99,0.24,0.32,0.28,5.46,4.32,5.76,9.13,-10.9,-0.02,0.0,175.6,5.8,350.0,1.0,1.0,212.0,678.0,246.0,0.0,234.0,9.1,369.8,255.0,33.1,31.7,0.5,2.6,1414.4,0.0,15.84,16.8,34.7,31.0,34.2,34.0,34.0,32.5,33.0,33.6,46.4,47.8,25.3,27.3,25.9,26.1,31.0,29.0,25.0,0.6,0.0,0.0,6.0,6.0,4.0,0.0,25.0,25.0,24.0,77.0,92.0,57.0,27.0,27.0,300.0,0.0,0.0,0.0,0.0,0.0,0.0,0.0,0.0,0.0
8.82,230.0,0.24,0.32,0.28,6.28,4.62,5.18,8.83,16.9,-0.01,0.01,175.7,4.0,334.0,1.0,1.0,204.0,678.0,234.0,-2.0,231.0,8.84,362.6,245.0,32.3,31.5,0.5,2.6,1752.4,0.0,16.36,16.6,34.7,31.0,34.3,34.1,34.0,32.6,33.0,33.6,46.4,47.8,25.3,27.3,25.9,26.1,31.0,29.0,25.0,0.4,0.0,0.0,6.0,6.0,4.0,0.0,25.0,25.0,24.0,77.0,92.0,57.0,27.0,27.0,300.0,0.0,0.0,0.0,0.0,0.0,0.0,0.0,0.0,0.0
9.4,319.0,0.24,0.31,0.28,7.44,4.0,6.78,9.4,8.6,-0.03,0.02,175.7,5.6,343.0,1.0,1.0,225.0,679.0,271.0,2.0,255.0,9.4,391.9,270.0,31.4,32.1,0.5,2.6,1644.1,0.0,16.19,16.8,34.7,31.0,34.3,34.1,34.0,32.6,33.1,33.6,46.5,47.8,25.3,27.3,25.9,26.0,30.0,28.0,25.0,0.0,0.0,0.0,6.0,6.0,4.0,0.0,25.0,25.0,24.0,77.0,92.0,57.0,27.0,27.0,300.0,0.0,0.0,0.0,0.0,0.0,0.0,0.0,0.0,0.0
10.13,325.01,0.24,0.32,0.29,7.38,4.46,7.16,10.15,2.8,0.08,0.08,175.6,6.1,348.0,1.0,1.0,286.0,678.0,342.0,2.0,329.0,10.12,460.6,316.0,32.9,32.1,0.5,2.6,1914.7,0.0,16.6,16.8,34.7,31.0,34.2,34.0,34.0,32.5,33.0,33.6,46.4,47.8,25.3,27.3,25.9,26.1,32.0,30.0,25.0,0.0,0.0,0.0,6.0,6.0,4.0,0.0,25.0,25.0,24.0,77.0,92.0,57.0,27.0,27.0,300.0,0.0,0.0,0.0,0.0,0.0,0.0,0.0,0.0,0.0
9.94,23.0,0.24,0.31,0.29,5.4,4.02,7.26,9.96,-4.6,0.06,0.02,175.7,7.1,349.0,1.0,1.0,265.0,677.0,314.0,0.0,298.0,9.94,439.7,302.0,32.9,32.1,0.5,2.6,1414.4,0.0,15.84,16.8,34.6,31.0,34.2,34.0,34.0,32.5,33.0,33.6,46.4,47.8,25.3,27.3,25.9,26.1,31.0,30.0,25.0,-0.2,0.0,0.2,6.0,6.0,4.0,0.0,25.0,25.0,24.0,77.0,92.0,57.0,27.0,27.0,300.0,0.0,0.0,0.0,0.0,0.0,0.0,0.0,0.0,0.0
9.85,15.01,0.24,0.31,0.29,6.32,4.24,7.84,9.88,13.4,-0.01,-0.03,175.7,5.4,341.0,1.0,1.0,262.0,678.0,317.0,-2.0,302.0,9.84,440.9,302.0,31.7,32.1,0.5,2.6,2067.6,0.0,16.83,16.7,34.7,31.0,34.3,34.1,34.0,32.6,33.0,33.7,46.5,47.8,25.3,27.3,25.9,26.0,31.0,29.0,25.0,-0.6,0.0,0.0,6.0,6.0,4.0,0.0,25.0,25.0,24.0,77.0,92.0,57.0,27.0,27.0,300.0,0.0,0.0,0.0,0.0,0.0,0.0,0.0,0.0,0.0
12.63,56.99,0.25,0.32,0.29,8.06,6.64,8.68,12.66,1.0,0.03,0.03,175.6,6.9,353.0,1.0,1.0,534.0,678.0,635.0,0.0,623.0,12.6,712.6,491.0,29.7,31.8,0.4,2.6,2067.6,0.0,16.83,16.6,34.7,31.1,34.3,34.1,34.0,32.6,33.1,33.6,46.4,47.8,25.3,27.4,26.0,26.1,32.0,29.0,25.0,0.0,0.0,0.0,6.0,6.0,4.0,0.0,25.0,25.0,24.0,77.0,92.0,57.0,27.0,27.0,300.0,0.0,0.0,0.0,0.0,0.0,0.0,0.0,0.0,0.0
11.32,281.99,0.24,0.32,0.29,8.76,5.72,9.62,11.32,1.5,0.04,-0.01,175.4,6.4,344.0,1.0,1.0,398.0,678.0,480.0,0.0,470.0,11.32,582.7,398.0,32.9,31.9,0.5,2.6,2067.6,0.0,16.83,16.2,35.1,31.5,34.6,34.5,34.4,33.0,33.4,34.0,46.4,47.9,25.3,27.4,25.9,26.1,34.0,31.0,25.0,0.0,0.0,0.0,6.0,6.0,4.0,0.0,25.0,25.0,24.0,78.0,93.0,58.0,27.0,27.0,300.0,0.0,0.0,0.0,0.0,0.0,0.0,0.0,0.0,0.0
10.45,235.01,0.24,0.32,0.29,7.72,4.84,7.72,10.45,4.9,-0.02,-0.02,175.6,6.1,346.0,1.0,1.0,313.0,677.0,378.0,0.0,364.0,10.44,491.0,337.0,32.9,31.7,0.5,2.6,1914.7,0.0,16.6,16.8,34.6,31.0,34.2,34.0,33.9,32.5,33.0,33.5,46.4,47.8,25.3,27.3,25.9,26.1,32.0,30.0,25.0,0.0,0.0,0.0,6.0,6.0,4.0,0.0,25.0,25.0,24.0,77.0,92.0,57.0,27.0,27.0,300.0,0.0,0.0,0.0,0.0,0.0,0.0,0.0,0.0,0.0
9.73,254.02,0.24,0.32,0.29,6.96,4.56,6.7,9.72,6.8,0.04,-0.07,175.3,5.4,340.0,1.0,1.0,258.0,677.0,315.0,0.0,301.0,9.72,426.8,294.0,31.1,32.0,0.4,2.6,2067.6,0.0,16.83,16.2,35.1,31.5,34.7,34.6,34.4,33.0,33.5,34.0,46.4,47.8,25.3,27.4,25.9,26.1,32.0,30.0,25.0,0.3,0.0,0.0,6.0,6.0,4.0,0.0,25.0,25.0,24.0,77.0,93.0,58.0,27.0,27.0,300.0,0.0,0.0,0.0,0.0,0.0,0.0,0.0,0.0,0.0
7.71,112.0,0.24,0.31,0.28,1.94,3.74,5.94,7.73,9.0,-0.02,-0.01,175.7,3.7,335.0,1.0,1.0,137.0,678.0,158.0,0.0,143.0,7.7,265.0,184.0,33.0,32.1,0.5,2.6,1075.1,0.0,14.91,16.8,34.7,31.0,34.3,34.1,34.0,32.5,33.1,33.6,46.4,47.8,25.3,27.3,25.9,26.1,31.0,29.0,25.0,0.0,0.1,-0.3,6.0,6.0,4.0,0.0,25.0,25.0,24.0,77.0,92.0,57.0,27.0,27.0,300.0,0.0,0.0,0.0,0.0,0.0,0.0,0.0,0.0,0.0
10.45,87.98,0.24,0.32,0.29,5.34,4.74,7.62,10.48,0.5,0.04,-0.01,175.5,4.9,349.0,1.0,1.0,307.0,678.0,372.0,0.0,365.0,10.46,497.8,339.0,29.5,32.4,0.5,2.6,2067.6,0.0,16.83,16.6,34.7,31.0,34.3,34.1,34.0,32.5,33.0,33.6,46.4,47.8,25.3,27.4,25.9,26.1,31.0,29.0,25.0,0.0,0.0,0.0,6.0,6.0,4.0,0.0,25.0,25.0,24.0,77.0,92.0,57.0,27.0,27.0,300.0,0.0,0.0,0.0,0.0,0.0,0.0,0.0,0.0,0.0
11.69,51.98,0.24,0.32,0.29,6.8,5.86,8.32,11.74,-3.9,0.1,-0.02,175.5,5.5,345.0,1.0,1.0,449.0,678.0,529.0,-4.0,531.0,11.7,629.8,428.0,31.7,32.0,0.5,2.6,2067.6,0.0,16.83,16.3,35.0,31.4,34.6,34.4,34.3,32.9,33.3,33.9,46.4,47.8,25.3,27.5,25.9,26.1,34.0,31.0,25.0,0.0,0.0,0.0,6.0,6.0,4.0,0.0,25.0,25.0,24.0,78.0,92.0,58.0,27.0,27.0,300.0,0.0,0.0,0.0,0.0,0.0,0.0,0.0,0.0,0.0
11.41,78.01,0.24,0.32,0.29,8.08,5.52,9.66,11.43,2.5,0.03,-0.01,175.4,6.6,344.0,1.0,1.0,406.0,678.0,495.0,0.0,487.0,11.42,594.3,406.0,32.4,32.2,0.5,2.6,2067.6,0.0,16.83,16.2,35.1,31.5,34.7,34.5,34.4,33.0,33.4,34.0,46.4,47.9,25.3,27.4,25.9,26.1,34.0,31.0,25.0,-0.2,0.0,-0.2,6.0,6.0,4.0,0.0,25.0,25.0,24.0,78.0,93.0,58.0,27.0,27.0,300.0,0.0,0.0,0.0,0.0,0.0,0.0,0.0,0.0,0.0
7.91,258.01,0.24,0.31,0.28,6.94,3.62,4.94,7.9,5.1,-0.02,0.01,175.7,4.3,335.0,1.0,1.0,144.0,677.0,174.0,0.0,162.0,7.9,284.8,195.0,32.3,32.3,0.5,2.6,1213.5,0.0,15.51,16.8,34.7,31.0,34.3,34.1,34.0,32.6,33.1,33.6,46.4,47.8,25.3,27.3,25.9,26.1,30.0,29.0,25.0,0.0,-0.2,0.0,6.0,6.0,4.0,0.0,25.0,25.0,24.0,77.0,92.0,57.0,27.0,27.0,300.0,0.0,0.0,0.0,0.0,0.0,0.0,0.0,0.0,0.0
10.94,97.99,0.24,0.32,0.29,5.7,4.98,7.72,10.96,-11.9,0.04,-0.04,175.5,7.3,354.0,1.0,1.0,354.0,678.0,418.0,0.0,402.0,10.92,536.0,367.0,29.0,31.6,0.4,2.6,2067.6,0.0,16.83,16.6,34.7,31.0,34.3,34.1,34.0,32.6,33.1,33.6,46.4,47.8,25.3,27.4,25.9,26.1,31.0,28.0,25.0,0.0,0.0,0.0,6.0,6.0,4.0,0.0,25.0,25.0,24.0,77.0,92.0,57.0,27.0,27.0,300.0,0.0,0.0,0.0,0.0,0.0,0.0,0.0,0.0,0.0
9.57,31.0,0.24,0.31,0.29,4.3,3.98,7.06,9.6,-1.8,0.03,0.01,175.6,5.8,348.0,1.0,1.0,242.0,678.0,283.0,0.0,273.0,9.56,402.8,279.0,32.9,31.8,0.5,2.6,1414.4,0.0,15.84,16.8,34.6,31.0,34.2,34.0,34.0,32.5,33.0,33.6,46.4,47.8,25.3,27.3,25.9,26.1,31.0,30.0,25.0,-0.2,0.0,0.2,6.0,6.0,4.0,0.0,25.0,25.0,24.0,77.0,92.0,57.0,27.0,27.0,300.0,0.0,0.0,0.0,0.0,0.0,0.0,0.0,0.0,0.0
10.23,346.0,0.24,0.32,0.29,7.52,4.7,7.74,10.27,-4.2,0.01,-0.04,175.6,5.5,349.0,1.0,1.0,294.0,678.0,354.0,-2.0,342.0,10.24,478.0,326.0,29.9,32.1,0.5,2.6,2067.6,0.0,16.83,16.6,34.7,31.0,34.3,34.1,34.0,32.6,33.0,33.6,46.4,47.8,25.3,27.4,25.9,26.1,32.0,29.0,25.0,-0.3,0.0,0.0,6.0,6.0,4.0,0.0,25.0,25.0,24.0,77.0,92.0,57.0,27.0,27.0,300.0,0.0,0.0,0.0,0.0,0.0,0.0,0.0,0.0,0.0
12.78,150.98,0.25,0.32,0.29,10.02,6.08,11.46,12.82,-2.9,0.03,-0.03,175.5,7.1,345.0,1.0,1.0,569.0,679.0,684.0,-2.0,671.0,12.78,745.3,508.0,31.1,31.8,0.5,2.6,2067.6,0.0,16.83,16.5,34.9,31.2,34.5,34.3,34.2,32.7,33.2,33.7,46.3,47.8,25.3,27.4,25.9,26.1,34.0,31.0,25.0,0.2,0.0,0.3,6.0,6.0,4.0,0.0,25.0,25.0,24.0,77.0,92.0,57.0,27.0,27.0,300.0,0.0,0.0,0.0,0.0,0.0,0.0,0.0,0.0,0.0
8.93,342.0,0.24,0.31,0.28,6.4,3.1,6.52,8.94,3.8,-0.02,0.03,175.7,5.1,346.0,1.0,1.0,200.0,679.0,240.0,0.0,218.0,8.92,355.5,245.0,31.2,32.0,0.5,2.6,1395.8,0.0,15.81,16.8,34.7,31.0,34.3,34.1,34.0,32.6,33.1,33.6,46.4,47.9,25.3,27.3,25.9,26.0,30.0,28.0,25.0,-0.3,0.0,0.1,6.0,6.0,4.0,0.0,25.0,25.0,24.0,77.0,92.0,57.0,27.0,27.0,300.0,0.0,0.0,0.0,0.0,0.0,0.0,0.0,0.0,0.0
10.73,164.99,0.24,0.32,0.29,5.92,5.06,7.2,10.76,0.1,-0.06,-0.04,175.4,5.6,343.0,1.0,1.0,342.0,678.0,405.0,-2.0,402.0,10.74,521.8,359.0,33.0,32.1,0.5,2.6,2067.6,0.0,16.83,16.2,35.1,31.5,34.7,34.5,34.4,33.0,33.4,34.0,46.4,47.8,25.3,27.4,25.9,26.1,34.0,31.0,25.0,0.0,0.0,0.0,6.0,6.0,4.0,0.0,25.0,25.0,24.0,78.0,93.0,58.0,27.0,27.0,300.0,0.0,0.0,0.0,0.0,0.0,0.0,0.0,0.0,0.0
10.36,177.98,0.24,0.32,0.29,6.48,4.82,8.36,10.4,6.5,0.01,0.02,175.4,4.9,344.0,1.0,1.0,311.0,677.0,363.0,-2.0,359.0,10.38,492.6,335.0,31.8,31.8,0.5,2.6,2067.6,0.0,16.83,16.2,35.1,31.5,34.7,34.6,34.4,33.0,33.4,34.0,46.4,47.8,25.3,27.4,25.9,26.1,33.0,31.0,25.0,0.0,0.0,0.0,6.0,6.0,4.0,0.0,25.0,25.0,24.0,78.0,93.0,58.0,27.0,27.0,300.0,0.0,0.0,0.0,0.0,0.0,0.0,0.0,0.0,0.0
11.94,101.99,0.24,0.32,0.29,8.12,5.64,9.24,11.99,-11.9,-0.04,0.01,175.5,8.7,356.0,1.0,1.0,443.0,679.0,534.0,3.0,513.0,11.94,627.2,434.0,29.5,32.1,0.4,2.6,2067.6,0.0,16.83,16.6,34.7,31.0,34.3,34.1,34.0,32.6,33.1,33.6,46.4,47.8,25.4,27.4,26.0,26.1,31.0,28.0,25.0,0.0,0.0,0.0,6.0,6.0,4.0,0.0,25.0,25.0,24.0,77.0,92.0,57.0,27.0,27.0,300.0,0.0,0.0,0.0,0.0,0.0,0.0,0.0,0.0,0.0
10.35,72.0,0.24,0.32,0.29,4.64,4.66,7.32,10.38,-11.8,0.01,0.01,175.6,6.4,351.0,1.0,1.0,304.0,678.0,369.0,2.0,348.0,10.36,485.7,332.0,29.3,32.4,0.4,2.6,2067.6,0.0,16.83,16.6,34.7,31.0,34.3,34.1,34.0,32.5,33.0,33.6,46.4,47.8,25.3,27.4,25.9,26.1,31.0,29.0,25.0,0.0,0.0,0.0,6.0,6.0,4.0,0.0,25.0,25.0,24.0,77.0,92.0,57.0,27.0,27.0,300.0,0.0,0.0,0.0,0.0,0.0,0.0,0.0,0.0,0.0
10.13,130.0,0.24,0.32,0.29,5.36,4.52,8.06,10.14,5.9,0.02,0.03,175.8,5.4,342.0,1.0,1.0,291.0,679.0,347.0,0.0,331.0,10.1,460.6,316.0,31.8,31.6,0.5,2.6,1673.9,0.0,16.24,16.8,34.7,31.0,34.3,34.1,34.0,32.6,33.1,33.6,46.4,47.8,25.3,27.3,25.9,26.0,31.0,29.0,25.0,0.0,0.0,-0.2,6.0,6.0,4.0,0.0,25.0,25.0,24.0,77.0,92.0,57.0,27.0,27.0,300.0,0.0,0.0,0.0,0.0,0.0,0.0,0.0,0.0,0.0
8.09,281.99,0.24,0.31,0.28,6.66,2.92,4.82,8.07,-14.5,-0.04,-0.02,175.6,4.9,345.0,1.0,1.0,144.0,678.0,182.0,0.0,161.0,8.06,293.0,199.0,33.1,31.7,0.5,2.7,1036.3,0.0,14.73,16.8,34.7,31.0,34.3,34.1,34.0,32.5,33.0,33.6,46.4,47.8,25.3,27.3,25.9,26.1,30.0,29.0,25.0,0.0,0.0,0.2,6.0,6.0,4.0,0.0,25.0,25.0,24.0,77.0,92.0,57.0,27.0,27.0,300.0,0.0,0.0,0.0,0.0,0.0,0.0,0.0,0.0,0.0
12.28,55.01,0.24,0.32,0.29,7.98,6.28,9.0,12.34,0.7,0.05,-0.02,175.5,6.8,344.0,1.0,1.0,498.0,679.0,595.0,0.0,585.0,12.28,678.6,466.0,31.3,31.9,0.4,2.6,2067.6,0.0,16.83,16.4,34.9,31.3,34.5,34.3,34.2,32.8,33.2,33.7,46.4,47.8,25.4,27.4,25.9,26.1,34.0,31.0,25.0,0.0,0.0,0.0,6.0,6.0,4.0,0.0,25.0,25.0,24.0,78.0,93.0,57.0,27.0,27.0,300.0,0.0,0.0,0.0,0.0,0.0,0.0,0.0,0.0,0.0
10.59,231.98,0.24,0.32,0.29,7.88,5.08,7.62,10.62,-1.4,0.05,0.01,175.7,5.8,346.0,1.0,1.0,328.0,678.0,384.0,0.0,375.0,10.6,509.6,348.0,31.3,32.0,0.5,2.6,2067.6,0.0,16.83,16.7,34.7,31.0,34.2,34.1,34.0,32.5,33.0,33.6,46.4,47.8,25.3,27.3,25.9,26.1,33.0,31.0,25.0,0.2,0.0,0.0,6.0,6.0,4.0,0.0,25.0,25.0,24.0,77.0,92.0,57.0,27.0,27.0,300.0,0.0,0.0,0.0,0.0,0.0,0.0,0.0,0.0,0.0
12.56,338.0,0.25,0.32,0.29,9.42,6.42,10.34,12.57,10.9,-0.05,0.0,175.6,6.1,348.0,1.0,1.0,535.0,678.0,642.0,2.0,626.0,12.58,717.2,489.0,29.8,31.6,0.4,2.6,2067.6,0.0,16.83,16.6,34.8,31.1,34.3,34.1,34.1,32.6,33.1,33.7,46.3,47.8,25.3,27.4,26.0,26.1,33.0,30.0,25.0,0.0,0.0,-0.5,6.0,6.0,4.0,0.0,25.0,25.0,24.0,77.0,92.0,57.0,27.0,27.0,300.0,0.0,0.0,0.0,0.0,0.0,0.0,0.0,0.0,0.0
9.94,72.0,0.24,0.32,0.29,4.98,4.34,7.98,9.99,-4.1,0.02,0.0,175.6,5.2,343.0,1.0,1.0,274.0,679.0,321.0,0.0,326.0,9.96,455.1,309.0,31.5,32.0,0.5,2.6,1673.9,0.0,16.24,16.7,34.7,31.0,34.3,34.1,34.0,32.6,33.1,33.6,46.4,47.8,25.3,27.3,25.9,26.0,31.0,29.0,25.0,-0.1,0.0,0.0,6.0,6.0,4.0,0.0,25.0,25.0,24.0,77.0,92.0,57.0,27.0,27.0,300.0,0.0,0.0,0.0,0.0,0.0,0.0,0.0,0.0,0.0
8.11,186.98,0.24,0.32,0.28,4.22,4.9,5.12,8.14,10.3,0.05,0.0,175.7,4.2,333.0,1.0,1.0,152.0,677.0,186.0,0.0,171.0,8.1,303.0,204.0,32.4,31.7,0.5,2.6,1275.3,0.0,15.61,16.8,34.7,31.0,34.3,34.1,34.0,32.6,33.0,33.6,46.4,47.8,25.3,27.3,25.9,26.1,30.0,29.0,25.0,0.0,0.0,-0.1,6.0,6.0,4.0,0.0,25.0,25.0,24.0,77.0,92.0,57.0,27.0,27.0,300.0,0.0,0.0,0.0,0.0,0.0,0.0,0.0,0.0,0.0
7.74,204.98,0.24,0.32,0.28,4.92,4.28,4.58,7.75,0.1,-0.05,-0.07,175.7,4.8,336.0,1.0,1.0,131.0,677.0,161.0,0.0,144.0,7.72,268.9,185.0,32.6,31.7,0.5,2.6,1075.1,0.0,14.91,16.8,34.7,31.0,34.3,34.1,34.0,32.5,33.1,33.6,46.4,47.8,25.3,27.3,25.9,26.1,30.0,29.0,25.0,0.3,0.0,0.0,6.0,6.0,4.0,0.0,25.0,25.0,24.0,77.0,92.0,57.0,27.0,27.0,300.0,0.0,0.0,0.0,0.0,0.0,0.0,0.0,0.0,0.0
9.61,65.02,0.24,0.31,0.29,4.58,4.1,7.28,9.67,18.1,0.0,0.01,175.7,4.7,338.0,1.0,1.0,257.0,678.0,304.0,0.0,292.0,9.64,426.4,291.0,32.0,31.8,0.5,2.6,2067.6,0.0,16.83,16.6,34.7,31.0,34.3,34.1,34.0,32.6,33.0,33.7,46.5,47.8,25.3,27.3,25.9,26.0,31.0,29.0,25.0,0.0,0.0,0.0,6.0,6.0,4.0,0.0,25.0,25.0,24.0,77.0,92.0,57.0,27.0,27.0,300.0,0.0,0.0,0.0,0.0,0.0,0.0,0.0,0.0,0.0
12.18,234.0,0.25,0.32,0.29,8.08,5.94,10.12,12.22,6.4,0.07,-0.02,175.4,8.3,343.0,1.0,1.0,479.0,679.0,571.0,2.0,553.0,12.18,661.2,455.0,31.9,32.1,0.5,2.6,2067.6,0.0,16.83,16.3,35.1,31.4,34.6,34.4,34.4,33.0,33.3,33.9,46.4,47.8,25.3,27.4,25.9,26.1,34.0,31.0,25.0,0.0,0.0,0.0,6.0,6.0,4.0,0.0,25.0,25.0,24.0,78.0,93.0,58.0,27.0,27.0,300.0,0.0,0.0,0.0,0.0,0.0,0.0,0.0,0.0,0.0
9.78,191.99,0.24,0.32,0.29,5.94,4.68,7.88,9.8,18.0,-0.03,-0.02,175.7,5.1,339.0,1.0,1.0,265.0,678.0,314.0,0.0,304.0,9.78,437.7,299.0,31.6,31.9,0.5,2.6,2067.6,0.0,16.83,16.7,34.7,31.0,34.3,34.1,34.0,32.6,33.0,33.6,46.4,47.8,25.3,27.3,25.9,26.0,31.0,29.0,25.0,0.1,0.0,0.0,6.0,6.0,4.0,0.0,25.0,25.0,24.0,77.0,92.0,57.0,27.0,27.0,300.0,0.0,0.0,0.0,0.0,0.0,0.0,0.0,0.0,0.0
7.8,167.0,0.24,0.32,0.28,3.62,4.36,4.96,7.81,-5.6,0.01,0.06,175.6,4.6,339.0,1.0,1.0,138.0,678.0,164.0,0.0,148.0,7.78,276.1,188.0,32.7,32.1,0.5,2.6,1075.1,0.0,14.91,16.9,34.7,31.0,34.3,34.1,34.0,32.5,33.0,33.6,46.4,47.8,25.3,27.3,25.9,26.1,30.0,29.0,25.0,0.1,0.0,0.0,6.0,6.0,4.0,0.0,25.0,25.0,24.0,77.0,92.0,57.0,27.0,27.0,300.0,0.0,0.0,0.0,0.0,0.0,0.0,0.0,0.0,0.0
9.96,132.01,0.24,0.32,0.29,5.06,4.64,8.0,9.96,1.7,-0.01,0.03,175.7,5.1,343.0,1.0,1.0,269.0,679.0,327.0,0.0,323.0,9.94,449.5,307.0,31.7,31.6,0.5,2.6,1673.9,0.0,16.24,16.7,34.7,31.0,34.3,34.1,34.0,32.6,33.1,33.6,46.4,47.8,25.3,27.3,25.9,26.0,31.0,29.0,25.0,0.0,0.0,-0.2,6.0,6.0,4.0,0.0,25.0,25.0,24.0,77.0,92.0,57.0,27.0,27.0,300.0,0.0,0.0,0.0,0.0,0.0,0.0,0.0,0.0,0.0
8.13,330.98,0.24,0.31,0.28,6.12,2.76,5.9,8.14,-15.1,-0.04,-0.05,175.7,5.1,345.0,1.0,1.0,149.0,677.0,185.0,0.0,165.0,8.12,294.3,202.0,33.0,31.6,0.5,2.6,1036.3,0.0,14.73,16.8,34.7,31.0,34.3,34.1,34.0,32.5,33.1,33.6,46.4,47.8,25.3,27.3,25.8,26.1,30.0,29.0,25.0,-0.3,0.0,0.1,6.0,6.0,4.0,0.0,25.0,25.0,24.0,77.0,92.0,57.0,27.0,27.0,300.0,0.0,0.0,0.0,0.0,0.0,0.0,0.0,0.0,0.0
10.02,195.01,0.24,0.32,0.29,5.92,4.76,6.64,10.03,15.6,-0.05,0.02,175.5,4.4,340.0,1.0,1.0,285.0,677.0,345.0,0.0,331.0,10.02,459.6,316.0,31.1,32.4,0.5,2.6,2067.6,0.0,16.83,16.2,35.1,31.5,34.7,34.6,34.4,33.0,33.4,34.0,46.4,47.8,25.3,27.4,25.9,26.1,33.0,30.0,25.0,0.4,0.0,0.0,6.0,6.0,4.0,0.0,25.0,25.0,24.0,78.0,93.0,58.0,27.0,27.0,300.0,0.0,0.0,0.0,0.0,0.0,0.0,0.0,0.0,0.0
7.7,65.99,0.24,0.31,0.29,2.18,2.78,7.26,7.71,9.9,0.02,-0.03,175.7,3.7,334.0,1.0,1.0,135.0,677.0,159.0,0.0,143.0,7.7,267.1,183.0,32.4,32.0,0.5,2.6,1075.1,0.0,14.91,16.8,34.7,31.0,34.3,34.1,34.0,32.6,33.0,33.6,46.4,47.8,25.3,27.3,25.8,26.1,31.0,29.0,25.0,0.0,0.0,0.0,6.0,6.0,4.0,0.0,25.0,25.0,24.0,77.0,92.0,57.0,27.0,27.0,300.0,0.0,0.0,0.0,0.0,0.0,0.0,0.0,0.0,0.0
12.47,162.0,0.24,0.32,0.29,8.12,5.76,9.84,12.48,1.0,-0.02,0.03,175.5,6.8,345.0,1.0,1.0,519.0,679.0,624.0,0.0,602.0,12.42,698.7,478.0,31.3,32.0,0.5,2.6,2067.6,0.0,16.83,16.3,34.9,31.3,34.5,34.3,34.2,32.8,33.3,33.8,46.4,47.8,25.3,27.5,25.9,26.1,34.0,31.0,25.0,0.0,0.0,0.0,6.0,6.0,4.0,0.0,25.0,25.0,24.0,77.0,93.0,57.0,27.0,27.0,300.0,0.0,0.0,0.0,0.0,0.0,0.0,0.0,0.0,0.0
8.28,123.01,0.24,0.32,0.28,2.46,4.32,5.9,8.3,22.5,0.0,-0.02,175.7,3.5,332.0,1.0,1.0,162.0,678.0,198.0,0.0,181.0,8.28,312.1,214.0,31.9,31.6,0.5,2.6,1752.4,0.0,16.36,16.7,34.7,31.0,34.3,34.1,34.0,32.6,33.0,33.6,46.4,47.8,25.3,27.3,26.0,26.1,31.0,29.0,25.0,0.0,0.1,-0.1,6.0,6.0,4.0,0.0,25.0,25.0,24.0,77.0,92.0,57.0,27.0,27.0,300.0,0.0,0.0,0.0,0.0,0.0,0.0,0.0,0.0,0.0
8.94,288.0,0.24,0.31,0.28,7.9,3.3,6.64,8.91,5.9,0.05,0.0,175.7,5.2,346.0,1.0,1.0,194.0,679.0,240.0,0.0,224.0,8.92,356.4,245.0,31.0,32.3,0.5,2.6,1395.8,0.0,15.81,16.8,34.7,31.0,34.3,34.1,34.0,32.6,33.1,33.6,46.4,47.8,25.3,27.3,25.9,26.0,30.0,28.0,25.0,-0.2,-0.1,0.0,6.0,6.0,4.0,0.0,25.0,25.0,24.0,77.0,92.0,57.0,27.0,27.0,300.0,0.0,0.0,0.0,0.0,0.0,0.0,0.0,0.0,0.0
10.68,326.02,0.24,0.32,0.29,7.96,4.9,7.78,10.72,-4.5,0.02,-0.02,175.6,5.5,347.0,1.0,1.0,334.0,678.0,397.0,0.0,387.0,10.68,515.0,354.0,31.4,31.6,0.5,2.6,2067.6,0.0,16.83,16.7,34.7,31.0,34.2,34.1,34.0,32.5,33.0,33.6,46.4,47.8,25.3,27.3,25.9,26.1,33.0,30.0,25.0,0.0,0.0,0.0,6.0,6.0,4.0,0.0,25.0,25.0,24.0,77.0,92.0,57.0,27.0,27.0,300.0,0.0,0.0,0.0,0.0,0.0,0.0,0.0,0.0,0.0
9.8,131.0,0.24,0.32,0.29,5.5,4.48,7.98,9.84,11.4,0.01,0.0,175.4,4.4,339.0,1.0,1.0,269.0,677.0,323.0,0.0,313.0,9.8,442.3,299.0,30.9,32.2,0.4,2.6,2067.6,0.0,16.83,16.2,35.1,31.5,34.7,34.6,34.4,33.0,33.5,34.1,46.4,47.8,25.3,27.4,25.9,26.1,33.0,30.0,25.0,0.1,0.0,-0.1,6.0,6.0,4.0,0.0,25.0,25.0,24.0,77.0,93.0,58.0,27.0,27.0,300.0,0.0,0.0,0.0,0.0,0.0,0.0,0.0,0.0,0.0
11.32,265.0,0.25,0.32,0.29,8.1,5.2,8.52,11.3,-15.4,0.02,0.02,175.6,7.9,355.0,1.0,1.0,387.0,678.0,461.0,0.0,447.0,11.3,573.1,392.0,28.8,32.2,0.4,2.6,2067.6,0.0,16.83,16.6,34.7,31.0,34.3,34.1,34.0,32.6,33.1,33.6,46.4,47.7,25.3,27.4,26.0,26.1,31.0,28.0,25.0,0.2,0.0,0.2,6.0,6.0,4.0,0.0,25.0,25.0,24.0,77.0,92.0,57.0,27.0,27.0,300.0,0.0,0.0,0.0,0.0,0.0,0.0,0.0,0.0,0.0
10.55,248.0,0.24,0.32,0.29,7.76,5.02,7.16,10.57,-14.0,0.06,-0.04,175.7,6.1,353.0,1.0,1.0,324.0,678.0,385.0,2.0,365.0,10.52,497.2,343.0,29.3,31.9,0.4,2.6,2067.6,0.0,16.83,16.6,34.7,31.0,34.3,34.1,34.0,32.5,33.0,33.7,46.4,47.8,25.3,27.4,25.9,26.1,31.0,28.0,25.0,0.4,0.0,0.0,6.0,6.0,4.0,0.0,25.0,25.0,24.0,77.0,92.0,57.0,27.0,27.0,300.0,0.0,0.0,0.0,0.0,0.0,0.0,0.0,0.0,0.0
8.44,227.02,0.24,0.32,0.28,5.94,4.58,4.28,8.45,18.6,0.03,-0.04,175.7,3.8,333.0,1.0,1.0,175.0,678.0,213.0,0.0,202.0,8.46,327.6,225.0,32.1,31.9,0.4,2.6,1752.4,0.0,16.36,16.7,34.7,31.0,34.3,34.1,34.0,32.6,33.0,33.6,46.4,47.8,25.3,27.3,25.9,26.1,31.0,29.0,25.0,0.4,0.0,0.0,6.0,6.0,4.0,0.0,25.0,25.0,24.0,77.0,92.0,57.0,27.0,27.0,300.0,0.0,0.0,0.0,0.0,0.0,0.0,0.0,0.0,0.0
9.49,297.0,0.24,0.32,0.29,7.04,4.32,6.56,9.51,11.6,0.03,0.04,175.4,4.4,339.0,1.0,1.0,239.0,677.0,284.0,-2.0,280.0,9.52,417.1,282.0,31.1,31.8,0.5,2.6,2067.6,0.0,16.83,16.2,35.1,31.5,34.7,34.6,34.4,33.0,33.5,34.0,46.4,47.8,25.3,27.4,25.9,26.1,32.0,29.0,25.0,0.0,0.0,0.0,6.0,6.0,4.0,0.0,25.0,25.0,24.0,77.0,93.0,57.0,27.0,27.0,300.0,0.0,0.0,0.0,0.0,0.0,0.0,0.0,0.0,0.0
10.43,155.02,0.24,0.32,0.29,6.66,4.98,8.4,10.44,-11.3,0.04,-0.04,175.5,5.0,349.0,1.0,1.0,307.0,678.0,373.0,0.0,365.0,10.4,493.4,336.0,30.6,32.2,0.5,2.6,2067.6,0.0,16.83,16.7,34.7,31.0,34.2,34.1,34.0,32.6,33.0,33.6,46.4,47.8,25.3,27.4,25.9,26.1,32.0,30.0,25.0,0.0,0.0,-0.2,6.0,6.0,4.0,0.0,25.0,25.0,24.0,77.0,92.0,57.0,27.0,27.0,300.0,0.0,0.0,0.0,0.0,0.0,0.0,0.0,0.0,0.0
12.65,130.0,0.24,0.32,0.29,9.16,5.96,10.26,12.68,10.8,-0.04,-0.04,175.5,5.6,347.0,1.0,1.0,540.0,679.0,644.0,0.0,636.0,12.62,724.2,493.0,30.0,31.6,0.5,2.6,2067.6,0.0,16.83,16.6,34.8,31.1,34.3,34.1,34.1,32.6,33.1,33.6,46.4,47.8,25.3,27.4,26.0,26.1,33.0,30.0,25.0,0.0,0.0,0.0,6.0,6.0,4.0,0.0,25.0,25.0,24.0,77.0,92.0,57.0,27.0,27.0,300.0,0.0,0.0,0.0,0.0,0.0,0.0,0.0,0.0,0.0
12.52,187.99,0.25,0.32,0.29,8.18,5.92,9.1,12.56,5.0,-0.07,0.01,175.5,6.2,349.0,1.0,1.0,528.0,678.0,638.0,0.0,621.0,12.52,709.7,486.0,29.4,32.2,0.5,2.6,2067.6,0.0,16.83,16.6,34.8,31.1,34.3,34.1,34.1,32.6,33.1,33.7,46.3,47.8,25.3,27.4,26.0,26.1,33.0,30.0,25.0,0.2,0.0,0.2,6.0,6.0,4.0,0.0,25.0,25.0,24.0,77.0,92.0,57.0,27.0,27.0,300.0,0.0,0.0,0.0,0.0,0.0,0.0,0.0,0.0,0.0
12.4,312.01,0.24,0.32,0.29,9.56,6.28,11.08,12.46,-0.2,0.02,-0.01,175.5,7.1,346.0,1.0,1.0,523.0,679.0,623.0,0.0,605.0,12.44,704.8,479.0,31.0,32.2,0.5,2.6,2067.6,0.0,16.83,16.3,34.9,31.3,34.5,34.3,34.2,32.8,33.2,33.8,46.3,47.8,25.3,27.5,25.9,26.1,34.0,31.0,25.0,0.0,0.0,-0.2,6.0,6.0,4.0,0.0,25.0,25.0,24.0,77.0,92.0,57.0,27.0,27.0,300.0,0.0,0.0,0.0,0.0,0.0,0.0,0.0,0.0,0.0
11.15,101.02,0.24,0.32,0.29,6.38,5.34,8.68,11.18,9.6,0.02,-0.02,175.4,6.6,341.0,1.0,1.0,375.0,678.0,464.0,0.0,442.0,11.14,566.6,388.0,33.2,31.4,0.5,2.6,2067.6,0.0,16.83,16.2,35.1,31.5,34.7,34.5,34.4,33.0,33.4,34.0,46.4,47.8,25.3,27.4,25.9,26.1,34.0,31.0,25.0,0.0,0.0,0.0,6.0,6.0,4.0,0.0,25.0,25.0,24.0,78.0,93.0,58.0,27.0,27.0,300.0,0.0,0.0,0.0,0.0,0.0,0.0,0.0,0.0,0.0
12.44,114.98,0.24,0.32,0.29,8.56,5.96,10.06,12.44,-5.6,-0.07,0.0,175.6,7.1,355.0,1.0,1.0,498.0,678.0,602.0,5.0,587.0,12.4,681.3,472.0,29.6,32.2,0.4,2.6,2067.6,0.0,16.83,16.6,34.7,31.1,34.3,34.1,34.1,32.6,33.1,33.6,46.4,47.8,25.4,27.4,26.0,26.1,31.0,28.0,25.0,0.2,0.0,0.4,6.0,6.0,4.0,0.0,25.0,25.0,24.0,77.0,92.0,57.0,27.0,27.0,300.0,0.0,0.0,0.0,0.0,0.0,0.0,0.0,0.0,0.0
11.7,168.01,0.24,0.32,0.29,7.8,5.96,9.2,11.72,-3.6,-0.03,-0.01,175.4,7.4,344.0,1.0,1.0,442.0,678.0,534.0,-2.0,526.0,11.7,629.6,427.0,32.2,32.0,0.5,2.6,2067.6,0.0,16.83,16.2,35.1,31.5,34.6,34.5,34.4,33.0,33.4,33.9,46.4,47.8,25.3,27.4,25.9,26.1,35.0,32.0,25.0,0.0,0.0,0.0,6.0,6.0,4.0,0.0,25.0,25.0,24.0,78.0,93.0,58.0,27.0,27.0,300.0,0.0,0.0,0.0,0.0,0.0,0.0,0.0,0.0,0.0
10.68,198.0,0.24,0.32,0.29,6.64,4.92,6.98,10.71,-2.4,-0.06,0.03,175.6,5.6,347.0,1.0,1.0,331.0,678.0,393.0,0.0,384.0,10.66,517.3,353.0,31.1,32.2,0.4,2.6,2067.6,0.0,16.83,16.7,34.7,31.0,34.2,34.1,34.0,32.5,33.0,33.6,46.4,47.8,25.3,27.3,25.9,26.1,33.0,30.0,25.0,0.3,0.0,0.0,6.0,6.0,4.0,0.0,25.0,25.0,24.0,77.0,92.0,57.0,27.0,27.0,300.0,0.0,0.0,0.0,0.0,0.0,0.0,0.0,0.0,0.0
12.49,94.0,0.24,0.32,0.29,8.9,6.3,10.1,12.58,-2.6,-0.02,0.02,175.5,6.2,346.0,1.0,1.0,539.0,679.0,648.0,-4.0,643.0,12.52,719.1,491.0,30.4,32.2,0.5,2.6,2067.6,0.0,16.83,16.5,34.9,31.2,34.5,34.2,34.2,32.7,33.2,33.7,46.3,47.8,25.3,27.4,25.9,26.1,34.0,31.0,25.0,0.0,-0.1,0.0,6.0,6.0,4.0,0.0,25.0,25.0,24.0,77.0,92.0,57.0,27.0,27.0,300.0,0.0,0.0,0.0,0.0,0.0,0.0,0.0,0.0,0.0
11.98,15.98,0.24,0.32,0.29,9.06,6.14,9.98,11.99,4.4,-0.01,0.0,175.5,7.4,344.0,1.0,1.0,458.0,679.0,544.0,2.0,527.0,11.96,639.9,439.0,32.5,31.8,0.5,2.6,2067.6,0.0,16.83,16.3,35.1,31.4,34.6,34.4,34.3,32.9,33.3,33.9,46.4,47.8,25.3,27.4,25.9,26.1,34.0,31.0,25.0,0.0,0.0,-0.2,6.0,6.0,4.0,0.0,25.0,25.0,24.0,78.0,93.0,58.0,27.0,27.0,300.0,0.0,0.0,0.0,0.0,0.0,0.0,0.0,0.0,0.0
12.94,47.02,0.25,0.32,0.29,8.28,6.98,9.5,13.0,5.5,-0.02,0.0,175.5,7.1,344.0,1.0,1.0,590.0,679.0,703.0,0.0,699.0,12.96,761.5,521.0,30.2,32.4,0.5,2.6,2067.6,0.0,16.83,16.5,34.9,31.2,34.4,34.2,34.2,32.7,33.1,33.7,46.3,47.8,25.4,27.4,26.0,26.1,34.0,31.0,25.0,0.0,0.0,0.0,6.0,6.0,4.0,0.0,25.0,25.0,24.0,77.0,92.0,57.0,27.0,27.0,300.0,0.0,0.0,0.0,0.0,0.0,0.0,0.0,0.0,0.0
7.66,241.99,0.24,0.31,0.28,6.3,3.64,4.38,7.68,14.3,0.04,0.01,175.7,3.5,334.0,1.0,1.0,133.0,677.0,159.0,0.0,142.0,7.66,270.0,183.0,32.7,31.5,0.5,2.6,1213.5,0.0,15.51,16.8,34.7,31.0,34.3,34.1,34.0,32.5,33.1,33.6,46.4,47.8,25.3,27.3,25.9,26.1,31.0,29.0,25.0,0.4,-0.3,0.0,6.0,6.0,4.0,0.0,25.0,25.0,24.0,77.0,92.0,57.0,27.0,27.0,300.0,0.0,0.0,0.0,0.0,0.0,0.0,0.0,0.0,0.0
7.82,87.01,0.24,0.31,0.29,2.46,3.2,7.24,7.84,4.2,0.03,0.02,175.7,4.6,336.0,1.0,1.0,141.0,677.0,168.0,0.0,155.0,7.82,274.4,190.0,32.9,31.9,0.4,2.6,1213.5,0.0,15.51,16.8,34.7,31.0,34.3,34.1,34.0,32.6,33.0,33.6,46.4,47.8,25.3,27.3,25.9,26.1,30.0,29.0,25.0,0.0,0.1,-0.2,6.0,6.0,4.0,0.0,25.0,25.0,24.0,77.0,92.0,57.0,27.0,27.0,300.0,0.0,0.0,0.0,0.0,0.0,0.0,0.0,0.0,0.0
7.99,20.02,0.24,0.31,0.29,3.64,2.58,7.4,8.04,3.1,-0.07,0.02,175.7,4.6,335.0,1.0,1.0,153.0,678.0,183.0,0.0,165.0,8.02,294.3,201.0,32.5,31.8,0.5,2.6,1275.3,0.0,15.61,16.8,34.7,31.0,34.3,34.1,34.0,32.6,33.1,33.7,46.4,47.8,25.3,27.3,25.9,26.1,30.0,29.0,25.0,-0.2,0.0,0.0,6.0,6.0,4.0,0.0,25.0,25.0,24.0,77.0,92.0,57.0,27.0,27.0,300.0,0.0,0.0,0.0,0.0,0.0,0.0,0.0,0.0,0.0
12.61,54.0,0.24,0.32,0.29,9.16,6.52,10.1,12.65,12.8,0.04,0.02,175.5,6.3,347.0,1.0,1.0,535.0,679.0,650.0,2.0,631.0,12.6,720.8,490.0,30.0,31.6,0.4,2.6,2067.6,0.0,16.83,16.6,34.8,31.1,34.3,34.1,34.1,32.6,33.1,33.7,46.3,47.8,25.3,27.4,26.0,26.1,33.0,30.0,25.0,-0.2,0.0,0.0,6.0,6.0,4.0,0.0,25.0,25.0,24.0,77.0,92.0,57.0,27.0,27.0,300.0,0.0,0.0,0.0,0.0,0.0,0.0,0.0,0.0,0.0
11.72,96.98,0.24,0.32,0.29,6.58,5.86,7.9,11.77,-1.0,-0.01,0.02,175.4,6.8,344.0,1.0,1.0,447.0,678.0,531.0,-4.0,534.0,11.72,632.9,431.0,32.4,32.0,0.5,2.6,2067.6,0.0,16.83,16.2,35.1,31.5,34.6,34.5,34.4,33.0,33.4,33.9,46.4,47.8,25.3,27.4,25.9,26.1,35.0,32.0,25.0,0.0,0.0,0.2,6.0,6.0,4.0,0.0,25.0,25.0,24.0,78.0,93.0,58.0,27.0,27.0,300.0,0.0,0.0,0.0,0.0,0.0,0.0,0.0,0.0,0.0
10.32,37.01,0.24,0.32,0.29,6.28,4.76,8.84,10.37,-7.7,0.03,0.04,175.6,4.9,349.0,1.0,1.0,306.0,678.0,369.0,0.0,352.0,10.32,487.8,331.0,30.2,32.1,0.4,2.6,2067.6,0.0,16.83,16.6,34.7,31.0,34.3,34.1,34.0,32.6,33.0,33.5,46.4,47.8,25.3,27.4,25.9,26.1,32.0,29.0,25.0,-0.4,0.0,0.0,6.0,6.0,4.0,0.0,25.0,25.0,24.0,77.0,92.0,57.0,27.0,27.0,300.0,0.0,0.0,0.0,0.0,0.0,0.0,0.0,0.0,0.0
11.74,319.0,0.25,0.32,0.29,7.94,5.34,8.5,11.74,-13.8,0.02,0.01,175.6,8.3,356.0,1.0,1.0,424.0,678.0,503.0,0.0,494.0,11.72,610.4,420.0,29.3,32.2,0.5,2.6,2067.6,0.0,16.83,16.6,34.7,31.0,34.3,34.1,34.0,32.6,33.1,33.7,46.4,47.8,25.4,27.4,26.0,26.1,31.0,28.0,25.0,0.0,0.0,0.0,6.0,6.0,4.0,0.0,25.0,25.0,24.0,77.0,92.0,57.0,27.0,27.0,300.0,0.0,0.0,0.0,0.0,0.0,0.0,0.0,0.0,0.0
7.92,90.0,0.24,0.31,0.29,1.7,3.16,6.12,7.95,-15.0,0.07,0.07,175.6,5.2,343.0,1.0,1.0,145.0,677.0,165.0,0.0,157.0,7.92,279.8,193.0,32.8,31.9,0.5,2.6,1075.1,0.0,14.91,16.8,34.7,31.0,34.3,34.1,34.0,32.5,33.1,33.6,46.4,47.8,25.3,27.3,25.9,26.1,30.0,29.0,25.0,0.0,0.0,0.0,6.0,6.0,4.0,0.0,25.0,25.0,24.0,77.0,92.0,57.0,27.0,27.0,300.0,0.0,0.0,0.0,0.0,0.0,0.0,0.0,0.0,0.0
12.56,96.98,0.24,0.32,0.29,7.44,6.14,8.94,12.63,-0.3,-0.05,0.0,175.5,6.5,351.0,1.0,1.0,547.0,679.0,653.0,0.0,643.0,12.58,725.2,493.0,29.4,32.0,0.5,2.6,2067.6,0.0,16.83,16.6,34.8,31.1,34.3,34.1,34.1,32.6,33.1,33.7,46.4,47.8,25.3,27.4,26.0,26.1,32.0,29.0,25.0,0.0,-0.1,0.2,6.0,6.0,4.0,0.0,25.0,25.0,24.0,77.0,92.0,57.0,27.0,27.0,300.0,0.0,0.0,0.0,0.0,0.0,0.0,0.0,0.0,0.0
9.05,306.0,0.24,0.31,0.28,7.88,3.28,6.8,9.04,1.8,0.03,0.06,175.7,5.1,346.0,1.0,1.0,207.0,678.0,249.0,0.0,232.0,9.04,366.7,253.0,31.3,32.0,0.5,2.6,1395.8,0.0,15.81,16.8,34.7,31.0,34.3,34.1,34.0,32.6,33.1,33.6,46.4,47.8,25.3,27.3,25.9,26.0,30.0,28.0,25.0,-0.2,0.0,0.0,6.0,6.0,4.0,0.0,25.0,25.0,24.0,77.0,92.0,57.0,27.0,27.0,300.0,0.0,0.0,0.0,0.0,0.0,0.0,0.0,0.0,0.0
11.67,238.0,0.24,0.32,0.29,9.8,6.14,10.82,11.67,3.0,0.03,0.01,175.4,6.6,344.0,1.0,1.0,438.0,678.0,522.0,-2.0,517.0,11.66,624.5,424.0,32.2,32.3,0.5,2.6,2067.6,0.0,16.83,16.2,35.1,31.5,34.6,34.5,34.4,33.0,33.4,33.9,46.4,47.8,25.3,27.4,25.9,26.1,35.0,32.0,25.0,0.0,0.0,-0.2,6.0,6.0,4.0,0.0,25.0,25.0,24.0,78.0,93.0,58.0,27.0,27.0,300.0,0.0,0.0,0.0,0.0,0.0,0.0,0.0,0.0,0.0
9.48,236.99,0.24,0.32,0.29,6.8,4.66,7.14,9.51,14.9,0.01,0.0,175.7,5.6,338.0,1.0,1.0,237.0,678.0,289.0,0.0,285.0,9.5,413.8,282.0,31.7,32.1,0.5,2.6,2067.6,0.0,16.83,16.6,34.7,31.0,34.3,34.1,34.0,32.6,33.1,33.6,46.4,47.8,25.3,27.3,25.9,26.0,31.0,29.0,25.0,0.3,0.0,0.0,6.0,6.0,4.0,0.0,25.0,25.0,24.0,77.0,92.0,57.0,27.0,27.0,300.0,0.0,0.0,0.0,0.0,0.0,0.0,0.0,0.0,0.0
11.3,196.99,0.24,0.32,0.29,8.4,5.34,8.88,11.25,-14.4,-0.02,-0.01,175.6,7.4,355.0,1.0,1.0,385.0,678.0,455.0,0.0,438.0,11.24,573.1,389.0,29.0,31.7,0.4,2.6,2067.6,0.0,16.83,16.6,34.7,31.0,34.3,34.1,34.0,32.6,33.1,33.6,46.4,47.7,25.3,27.4,25.9,26.1,30.0,28.0,25.0,0.0,0.0,0.0,6.0,6.0,4.0,0.0,25.0,25.0,24.0,77.0,92.0,57.0,27.0,27.0,300.0,0.0,0.0,0.0,0.0,0.0,0.0,0.0,0.0,0.0
9.56,182.99,0.24,0.32,0.29,5.56,4.78,6.54,9.54,9.9,-0.03,-0.01,175.4,5.0,340.0,1.0,1.0,243.0,677.0,287.0,-2.0,278.0,9.54,420.3,285.0,31.0,32.3,0.5,2.6,2067.6,0.0,16.83,16.2,35.1,31.5,34.7,34.6,34.4,33.0,33.5,34.1,46.4,47.8,25.3,27.4,25.9,26.1,32.0,30.0,25.0,0.4,0.0,0.0,6.0,6.0,4.0,0.0,25.0,25.0,24.0,77.0,93.0,57.0,27.0,27.0,300.0,0.0,0.0,0.0,0.0,0.0,0.0,0.0,0.0,0.0
8.15,155.99,0.24,0.32,0.28,3.66,4.96,5.96,8.17,12.4,-0.01,0.02,175.7,4.7,332.0,1.0,1.0,154.0,678.0,188.0,0.0,173.0,8.14,301.2,207.0,32.5,31.6,0.5,2.6,1275.3,0.0,15.61,16.8,34.7,31.0,34.3,34.1,34.0,32.6,33.1,33.6,46.4,47.8,25.3,27.3,25.9,26.1,30.0,29.0,25.0,0.0,0.0,-0.1,6.0,6.0,4.0,0.0,25.0,25.0,24.0,77.0,92.0,57.0,27.0,27.0,300.0,0.0,0.0,0.0,0.0,0.0,0.0,0.0,0.0,0.0
8.7,330.01,0.24,0.31,0.28,7.0,3.12,6.62,8.73,4.4,-0.03,0.02,175.7,4.8,336.0,1.0,1.0,193.0,678.0,234.0,0.0,220.0,8.74,349.5,240.0,32.1,31.8,0.5,2.6,1752.4,0.0,16.36,16.6,34.7,31.0,34.3,34.1,34.0,32.6,33.1,33.6,46.4,47.8,25.3,27.3,25.9,26.1,31.0,29.0,25.0,-0.3,0.0,0.0,6.0,6.0,4.0,0.0,25.0,25.0,24.0,77.0,92.0,57.0,27.0,27.0,300.0,0.0,0.0,0.0,0.0,0.0,0.0,0.0,0.0,0.0
10.2,92.02,0.24,0.32,0.29,5.78,4.44,8.46,10.22,1.7,0.01,-0.02,175.7,5.6,348.0,1.0,1.0,287.0,678.0,347.0,0.0,333.0,10.18,463.9,319.0,33.3,31.9,0.5,2.6,1914.7,0.0,16.6,16.8,34.7,31.0,34.2,34.0,33.9,32.5,33.0,33.5,46.4,47.8,25.3,27.3,25.9,26.1,32.0,30.0,25.0,0.0,0.0,0.0,6.0,6.0,4.0,0.0,25.0,25.0,24.0,77.0,92.0,57.0,27.0,27.0,300.0,0.0,0.0,0.0,0.0,0.0,0.0,0.0,0.0,0.0
7.86,306.0,0.24,0.31,0.28,6.78,2.8,5.0,7.86,7.9,0.01,0.02,175.7,4.3,335.0,1.0,1.0,141.0,678.0,174.0,0.0,159.0,7.86,284.5,193.0,32.5,31.8,0.5,2.6,1213.5,0.0,15.51,16.8,34.7,31.0,34.3,34.1,34.0,32.6,33.1,33.7,46.4,47.8,25.3,27.3,25.9,26.1,30.0,29.0,25.0,-0.2,0.0,0.0,6.0,6.0,4.0,0.0,25.0,25.0,24.0,77.0,92.0,57.0,27.0,27.0,300.0,0.0,0.0,0.0,0.0,0.0,0.0,0.0,0.0,0.0
12.21,334.01,0.25,0.32,0.29,7.62,6.08,9.1,12.24,8.9,0.07,-0.02,175.6,5.5,343.0,1.0,1.0,494.0,678.0,604.0,0.0,588.0,12.22,682.1,465.0,30.6,32.3,0.5,2.6,2067.6,0.0,16.83,16.4,34.9,31.2,34.5,34.3,34.2,32.7,33.2,33.7,46.3,47.8,25.3,27.4,25.9,26.1,34.0,31.0,25.0,0.0,0.0,0.0,6.0,6.0,4.0,0.0,25.0,25.0,24.0,77.0,93.0,57.0,27.0,27.0,300.0,0.0,0.0,0.0,0.0,0.0,0.0,0.0,0.0,0.0
10.01,191.99,0.24,0.32,0.29,6.14,4.62,8.1,10.02,4.0,-0.04,0.0,175.7,5.5,342.0,1.0,1.0,272.0,679.0,330.0,0.0,326.0,10.0,459.1,312.0,32.0,31.3,0.5,2.6,1673.9,0.0,16.24,16.7,34.7,31.0,34.3,34.1,34.0,32.6,33.1,33.6,46.5,47.8,25.3,27.3,25.9,26.0,31.0,29.0,25.0,0.4,0.0,0.0,6.0,6.0,4.0,0.0,25.0,25.0,24.0,77.0,92.0,57.0,27.0,27.0,300.0,0.0,0.0,0.0,0.0,0.0,0.0,0.0,0.0,0.0
9.06,321.01,0.24,0.31,0.28,7.68,3.78,7.0,9.08,15.6,0.0,-0.02,175.7,4.7,335.0,1.0,1.0,213.0,678.0,260.0,0.0,247.0,9.08,376.1,259.0,31.8,32.3,0.5,2.6,1752.4,0.0,16.36,16.6,34.7,31.0,34.3,34.1,34.0,32.6,33.1,33.6,46.4,47.8,25.3,27.3,25.9,26.1,31.0,29.0,25.0,-0.2,0.0,0.0,6.0,6.0,4.0,0.0,25.0,25.0,24.0,77.0,92.0,57.0,27.0,27.0,300.0,0.0,0.0,0.0,0.0,0.0,0.0,0.0,0.0,0.0
10.41,135.0,0.24,0.32,0.29,5.88,4.72,7.62,10.42,-9.5,0.01,0.0,175.6,6.1,350.0,1.0,1.0,308.0,678.0,370.0,2.0,352.0,10.38,482.6,332.0,29.7,32.0,0.4,2.6,2067.6,0.0,16.83,16.6,34.7,31.0,34.3,34.1,34.0,32.5,33.1,33.6,46.4,47.8,25.3,27.4,25.9,26.1,31.0,29.0,25.0,0.3,0.0,0.0,6.0,6.0,4.0,0.0,25.0,25.0,24.0,77.0,92.0,57.0,27.0,27.0,300.0,0.0,0.0,0.0,0.0,0.0,0.0,0.0,0.0,0.0
11.01,234.0,0.24,0.32,0.29,7.68,5.44,8.32,11.06,9.5,0.02,0.02,175.5,6.5,341.0,1.0,1.0,372.0,678.0,446.0,-2.0,442.0,11.04,557.2,381.0,32.6,31.8,0.5,2.6,2067.6,0.0,16.83,16.2,35.1,31.5,34.7,34.5,34.4,33.0,33.5,34.0,46.4,47.8,25.3,27.4,25.9,26.1,34.0,31.0,25.0,0.3,0.0,0.0,6.0,6.0,4.0,0.0,25.0,25.0,24.0,78.0,93.0,58.0,27.0,27.0,300.0,0.0,0.0,0.0,0.0,0.0,0.0,0.0,0.0,0.0
12.57,172.01,0.25,0.32,0.29,8.58,5.94,9.58,12.6,1.0,0.01,0.01,175.5,6.2,350.0,1.0,1.0,537.0,679.0,651.0,0.0,638.0,12.56,717.9,490.0,29.7,31.9,0.5,2.6,2067.6,0.0,16.83,16.6,34.8,31.1,34.3,34.1,34.1,32.6,33.1,33.7,46.3,47.8,25.3,27.4,26.0,26.1,32.0,29.0,25.0,0.4,0.0,0.4,6.0,6.0,4.0,0.0,25.0,25.0,24.0,77.0,92.0,57.0,27.0,27.0,300.0,0.0,0.0,0.0,0.0,0.0,0.0,0.0,0.0,0.0
10.69,236.02,0.24,0.32,0.29,8.92,5.12,9.08,10.72,-10.3,0.03,-0.02,175.6,5.8,354.0,1.0,1.0,338.0,678.0,396.0,0.0,386.0,10.68,515.0,353.0,28.5,32.0,0.5,2.6,2067.6,0.0,16.83,16.6,34.7,31.0,34.3,34.1,34.0,32.6,33.0,33.6,46.3,47.8,25.3,27.4,25.9,26.1,31.0,28.0,25.0,0.0,0.0,0.0,6.0,6.0,4.0,0.0,25.0,25.0,24.0,77.0,92.0,57.0,27.0,27.0,300.0,0.0,0.0,0.0,0.0,0.0,0.0,0.0,0.0,0.0
10.65,339.98,0.24,0.32,0.29,8.04,4.9,8.38,10.67,-11.4,0.01,0.03,175.6,6.0,353.0,1.0,1.0,330.0,678.0,396.0,0.0,380.0,10.64,511.1,351.0,29.3,31.6,0.4,2.6,2067.6,0.0,16.83,16.6,34.7,31.0,34.3,34.1,34.0,32.6,33.0,33.6,46.4,47.8,25.3,27.4,25.9,26.1,31.0,28.0,25.0,-0.2,0.0,0.0,6.0,6.0,4.0,0.0,25.0,25.0,24.0,77.0,92.0,57.0,27.0,27.0,300.0,0.0,0.0,0.0,0.0,0.0,0.0,0.0,0.0,0.0
7.76,293.0,0.24,0.31,0.28,6.62,2.82,4.9,7.74,-5.1,0.03,0.05,175.7,5.1,337.0,1.0,1.0,130.0,678.0,167.0,0.0,145.0,7.74,271.9,186.0,32.4,32.4,0.5,2.6,1075.1,0.0,14.91,16.9,34.7,31.0,34.3,34.1,34.0,32.6,33.0,33.6,46.4,47.8,25.3,27.3,25.9,26.1,30.0,29.0,25.0,0.0,0.0,0.0,6.0,6.0,4.0,0.0,25.0,25.0,24.0,77.0,92.0,57.0,27.0,27.0,300.0,0.0,0.0,0.0,0.0,0.0,0.0,0.0,0.0,0.0
11.44,9.0,0.25,0.32,0.29,8.12,5.56,8.92,11.46,4.4,-0.01,-0.01,175.4,6.1,343.0,1.0,1.0,408.0,678.0,500.0,0.0,477.0,11.44,601.3,408.0,32.4,32.1,0.5,2.6,2067.6,0.0,16.83,16.2,35.1,31.5,34.6,34.5,34.4,33.0,33.4,34.0,46.4,47.9,25.3,27.4,25.9,26.1,34.0,31.0,25.0,-0.4,0.0,0.0,6.0,6.0,4.0,0.0,25.0,25.0,24.0,78.0,93.0,58.0,27.0,27.0,300.0,0.0,0.0,0.0,0.0,0.0,0.0,0.0,0.0,0.0
10.9,6.01,0.24,0.32,0.29,6.14,4.94,7.58,10.96,9.0,0.03,0.0,175.5,5.5,341.0,1.0,1.0,369.0,678.0,433.0,-2.0,425.0,10.94,542.2,374.0,32.8,32.3,0.5,2.6,2067.6,0.0,16.83,16.2,35.1,31.5,34.7,34.5,34.4,33.0,33.5,34.0,46.4,47.8,25.3,27.4,25.9,26.1,34.0,31.0,25.0,0.0,0.0,0.2,6.0,6.0,4.0,0.0,25.0,25.0,24.0,78.0,93.0,58.0,27.0,27.0,300.0,0.0,0.0,0.0,0.0,0.0,0.0,0.0,0.0,0.0
7.77,73.01,0.24,0.31,0.29,2.86,2.94,7.48,7.8,-5.1,0.06,0.04,175.7,4.5,338.0,1.0,1.0,134.0,678.0,165.0,0.0,148.0,7.78,272.6,187.0,32.9,31.7,0.5,2.6,1075.1,0.0,14.91,16.8,34.7,31.0,34.3,34.1,34.0,32.6,33.0,33.6,46.4,47.8,25.3,27.3,25.8,26.1,30.0,29.0,25.0,0.0,0.0,0.0,6.0,6.0,4.0,0.0,25.0,25.0,24.0,77.0,92.0,57.0,27.0,27.0,300.0,0.0,0.0,0.0,0.0,0.0,0.0,0.0,0.0,0.0
10.71,229.0,0.24,0.32,0.29,7.78,5.16,9.12,10.75,-0.1,0.02,0.02,175.5,5.5,343.0,1.0,1.0,339.0,678.0,403.0,-2.0,398.0,10.72,520.9,357.0,32.8,31.4,0.5,2.6,2067.6,0.0,16.83,16.2,35.1,31.5,34.7,34.5,34.4,33.0,33.4,34.0,46.4,47.8,25.3,27.4,25.9,26.1,34.0,31.0,25.0,0.0,0.0,0.0,6.0,6.0,4.0,0.0,25.0,25.0,24.0,78.0,93.0,58.0,27.0,27.0,300.0,0.0,0.0,0.0,0.0,0.0,0.0,0.0,0.0,0.0
12.61,122.0,0.24,0.32,0.29,9.42,6.06,10.8,12.63,2.2,0.06,0.02,175.5,7.1,345.0,1.0,1.0,541.0,679.0,641.0,0.0,636.0,12.6,715.9,492.0,30.1,31.6,0.4,2.6,2067.6,0.0,16.83,16.5,34.8,31.1,34.4,34.2,34.1,32.7,33.1,33.7,46.4,47.8,25.3,27.4,26.0,26.1,33.0,30.0,25.0,0.2,0.0,0.5,6.0,6.0,4.0,0.0,25.0,25.0,24.0,77.0,92.0,57.0,27.0,27.0,300.0,0.0,0.0,0.0,0.0,0.0,0.0,0.0,0.0,0.0
9.06,55.01,0.24,0.31,0.29,2.7,3.38,8.56,9.07,1.0,0.03,-0.01,175.7,5.2,345.0,1.0,1.0,206.0,678.0,252.0,0.0,234.0,9.06,373.1,254.0,31.3,31.8,0.5,2.6,1395.8,0.0,15.81,16.8,34.7,31.0,34.3,34.1,34.0,32.6,33.1,33.7,46.4,47.8,25.3,27.3,25.9,26.0,30.0,28.0,25.0,0.0,0.0,0.0,6.0,6.0,4.0,0.0,25.0,25.0,24.0,77.0,92.0,57.0,27.0,27.0,300.0,0.0,0.0,0.0,0.0,0.0,0.0,0.0,0.0,0.0
8.53,326.02,0.24,0.31,0.28,6.1,2.92,5.76,8.54,-14.2,-0.01,0.06,175.7,6.4,348.0,1.0,1.0,167.0,678.0,201.0,0.0,190.0,8.52,320.6,221.0,33.0,31.9,0.5,2.6,1036.3,0.0,14.73,16.8,34.7,31.0,34.3,34.1,34.0,32.5,33.1,33.6,46.4,47.8,25.3,27.3,25.8,26.1,30.0,29.0,25.0,-0.1,0.0,0.1,6.0,6.0,4.0,0.0,25.0,25.0,24.0,77.0,92.0,57.0,27.0,27.0,300.0,0.0,0.0,0.0,0.0,0.0,0.0,0.0,0.0,0.0
12.36,213.01,0.25,0.32,0.29,8.8,5.98,9.92,12.38,-4.3,0.0,0.04,175.5,6.8,346.0,1.0,1.0,515.0,678.0,615.0,0.0,605.0,12.36,697.0,474.0,31.3,31.5,0.5,2.6,2067.6,0.0,16.83,16.3,34.9,31.3,34.5,34.3,34.2,32.8,33.2,33.7,46.4,47.8,25.3,27.5,25.9,26.1,34.0,31.0,25.0,0.0,0.0,0.0,6.0,6.0,4.0,0.0,25.0,25.0,24.0,77.0,93.0,57.0,27.0,27.0,300.0,0.0,0.0,0.0,0.0,0.0,0.0,0.0,0.0,0.0
10.44,288.0,0.24,0.32,0.29,7.78,4.98,8.38,10.43,-2.1,0.0,-0.01,175.4,6.2,345.0,1.0,1.0,313.0,677.0,378.0,0.0,365.0,10.44,497.5,338.0,32.4,31.7,0.5,2.6,2067.6,0.0,16.83,16.2,35.1,31.5,34.7,34.6,34.4,33.0,33.4,34.0,46.4,47.9,25.3,27.4,25.9,26.1,33.0,31.0,25.0,0.0,0.0,0.0,6.0,6.0,4.0,0.0,25.0,25.0,24.0,78.0,93.0,58.0,27.0,27.0,300.0,0.0,0.0,0.0,0.0,0.0,0.0,0.0,0.0,0.0
10.68,195.98,0.24,0.32,0.29,6.9,4.88,8.24,10.65,-3.5,-0.01,0.0,175.4,5.2,344.0,1.0,1.0,333.0,678.0,396.0,0.0,383.0,10.62,516.7,351.0,32.7,32.2,0.5,2.6,2067.6,0.0,16.83,16.2,35.1,31.5,34.7,34.6,34.4,33.0,33.4,34.0,46.4,47.8,25.3,27.4,25.9,26.1,34.0,31.0,25.0,0.0,0.0,0.0,6.0,6.0,4.0,0.0,25.0,25.0,24.0,78.0,93.0,58.0,27.0,27.0,300.0,0.0,0.0,0.0,0.0,0.0,0.0,0.0,0.0,0.0
9.44,293.0,0.24,0.31,0.29,6.22,3.92,6.0,9.45,17.2,0.02,0.01,175.7,5.4,337.0,1.0,1.0,243.0,678.0,287.0,0.0,279.0,9.44,411.6,280.0,31.7,32.0,0.5,2.6,2067.6,0.0,16.83,16.6,34.7,31.0,34.3,34.1,34.0,32.6,33.1,33.6,46.4,47.8,25.3,27.3,25.9,26.0,31.0,29.0,25.0,0.1,0.0,0.0,6.0,6.0,4.0,0.0,25.0,25.0,24.0,77.0,92.0,57.0,27.0,27.0,300.0,0.0,0.0,0.0,0.0,0.0,0.0,0.0,0.0,0.0
10.27,270.0,0.24,0.32,0.29,8.12,4.82,7.94,10.28,-6.3,0.03,-0.01,175.7,6.7,349.0,1.0,1.0,296.0,677.0,353.0,0.0,334.0,10.24,473.4,324.0,33.0,32.1,0.5,2.6,1914.7,0.0,16.6,16.8,34.7,31.0,34.2,34.1,34.0,32.5,33.0,33.6,46.4,47.8,25.3,27.3,25.9,26.1,32.0,30.0,25.0,0.0,0.0,0.0,6.0,6.0,4.0,0.0,25.0,25.0,24.0,77.0,92.0,57.0,27.0,27.0,300.0,0.0,0.0,0.0,0.0,0.0,0.0,0.0,0.0,0.0
7.76,252.0,0.24,0.31,0.28,6.64,3.52,4.9,7.76,-1.7,0.01,-0.01,175.7,4.7,337.0,1.0,1.0,133.0,677.0,161.0,0.0,145.0,7.74,272.8,185.0,32.9,32.1,0.5,2.6,1075.1,0.0,14.91,16.8,34.7,31.0,34.3,34.1,34.0,32.6,33.0,33.6,46.4,47.8,25.3,27.3,25.9,26.1,30.0,29.0,25.0,0.0,-0.2,0.0,6.0,6.0,4.0,0.0,25.0,25.0,24.0,77.0,92.0,57.0,27.0,27.0,300.0,0.0,0.0,0.0,0.0,0.0,0.0,0.0,0.0,0.0
12.65,281.02,0.24,0.32,0.29,9.12,6.42,10.66,12.65,6.2,-0.01,0.0,175.6,6.5,347.0,1.0,1.0,538.0,679.0,651.0,0.0,643.0,12.64,723.7,494.0,29.9,32.1,0.4,2.6,2067.6,0.0,16.83,16.6,34.8,31.1,34.3,34.2,34.1,32.6,33.1,33.7,46.4,47.8,25.3,27.4,26.0,26.1,33.0,30.0,25.0,0.0,0.0,0.0,6.0,6.0,4.0,0.0,25.0,25.0,24.0,77.0,92.0,57.0,27.0,27.0,300.0,0.0,0.0,0.0,0.0,0.0,0.0,0.0,0.0,0.0
12.42,87.98,0.24,0.32,0.29,7.1,6.14,8.32,12.45,0.3,0.02,0.01,175.5,6.4,345.0,1.0,1.0,520.0,679.0,614.0,0.0,600.0,12.42,700.9,478.0,31.2,31.8,0.5,2.6,2067.6,0.0,16.83,16.3,34.9,31.3,34.5,34.3,34.2,32.8,33.2,33.8,46.4,47.8,25.3,27.5,25.9,26.1,34.0,31.0,25.0,0.0,-0.1,0.2,6.0,6.0,4.0,0.0,25.0,25.0,24.0,77.0,93.0,57.0,27.0,27.0,300.0,0.0,0.0,0.0,0.0,0.0,0.0,0.0,0.0,0.0
12.39,223.99,0.25,0.32,0.29,10.16,6.02,11.4,12.41,-3.6,-0.04,-0.01,175.5,6.4,346.0,1.0,1.0,508.0,679.0,615.0,0.0,610.0,12.38,699.1,475.0,31.2,31.9,0.5,2.6,2067.6,0.0,16.83,16.3,34.9,31.3,34.5,34.3,34.2,32.8,33.2,33.8,46.4,47.8,25.3,27.5,25.9,26.1,34.0,31.0,25.0,0.0,0.1,0.0,6.0,6.0,4.0,0.0,25.0,25.0,24.0,77.0,93.0,57.0,27.0,27.0,300.0,0.0,0.0,0.0,0.0,0.0,0.0,0.0,0.0,0.0
10.22,108.0,0.24,0.32,0.29,4.4,4.78,6.84,10.23,-4.7,0.0,0.0,175.5,5.3,349.0,1.0,1.0,297.0,678.0,360.0,0.0,338.0,10.22,477.0,325.0,30.1,31.8,0.4,2.6,2067.6,0.0,16.83,16.6,34.7,31.0,34.3,34.1,34.0,32.6,33.0,33.6,46.4,47.8,25.3,27.4,25.9,26.1,31.0,29.0,25.0,0.0,0.0,0.0,6.0,6.0,4.0,0.0,25.0,25.0,24.0,77.0,92.0,57.0,27.0,27.0,300.0,0.0,0.0,0.0,0.0,0.0,0.0,0.0,0.0,0.0
