轮毂转速,轮毂角度,叶片1角度,叶片2角度,叶片3角度,变桨电机1电流,变桨电机2电流,变桨电机3电流,超速传感器转速检测值,5秒偏航对风平均值,x方向振动值,y方向振动值,液压制动压力,机舱气象站风速,风向绝对值,大气压力,无功功率控制状态,变频器电网侧电流,变频器电网侧电压,变频器电网侧有功功率,变频器电网侧无功功率,变频器发电机侧功率,发电机运行频率,发电机电流,发电机转矩,变频器入口温度,变频器出口温度,变频器入口压力,变频器出口压力,发电机功率限幅值,无功功率设定值,额定的轮毂转速,测风塔环境温度,发电机定子温度1,发电机定子温度2,发电机定子温度3,发电机定子温度4,发电机定子温度5,发电机定子温度6,发电机空气温度1,发电机空气温度2,主轴承温度1,主轴承温度2,轮毂温度,轮毂控制柜温度,机舱温度,机舱控制柜温度,变频器INU温度,变频器ISU温度,变频器INU RMIO温度,变桨电机1功率估算,变桨电机2功率估算,变桨电机3功率估算,风机当前状态值,轮毂当前状态值,偏航状态值,偏航要求值,叶片1电池箱温度,叶片2电池箱温度,叶片3电池箱温度,叶片1变桨电机温度,叶片2变桨电机温度,叶片3变桨电机温度,叶片1变频器箱温度,叶片2变频器箱温度,叶片3变频器箱温度,叶片1超级电容电压,叶片2超级电容电压,叶片3超级电容电压,驱动1晶闸管温度,驱动2晶闸管温度,驱动3晶闸管温度,驱动1输出扭矩,驱动2输出扭矩,驱动3输出扭矩
13.02,358.99,0.53,0.51,0.5,9.94,10.34,11.22,12.99,-0.6,0.03,0.02,172.1,8.1,34.0,1.0,1.0,818.0,685.0,997.0,3.0,990.0,13.0,1098.2,751.0,32.3,31.1,0.3,2.0,2067.6,0.0,16.83,15.0,35.0,37.6,36.2,36.4,37.6,37.2,38.0,36.7,50.9,50.8,22.3,24.4,24.6,28.1,41.0,36.0,25.0,0.4,-0.2,-0.2,6.0,6.0,4.0,0.0,23.0,22.0,23.0,55.0,56.0,82.0,24.0,24.0,300.0,0.0,0.0,0.0,0.0,0.0,0.0,0.0,0.0,0.0
12.44,45.0,0.53,0.51,0.5,10.58,10.5,11.66,12.43,7.8,-0.05,-0.11,172.0,7.2,31.0,1.0,1.0,713.0,685.0,871.0,0.0,851.0,12.42,994.5,679.0,31.2,31.6,0.2,2.1,2067.6,0.0,16.83,14.9,35.1,37.7,36.3,36.6,37.7,37.4,38.2,36.9,51.1,50.9,22.3,24.3,24.6,28.1,38.0,33.0,25.0,0.0,-0.5,-0.3,6.0,6.0,4.0,0.0,23.0,22.0,23.0,56.0,56.0,81.0,24.0,24.0,300.0,0.0,0.0,0.0,0.0,0.0,0.0,0.0,0.0,0.0
12.54,33.01,0.53,0.51,0.5,10.18,9.84,10.8,12.53,7.4,0.02,0.06,172.0,7.6,29.0,1.0,1.0,736.0,685.0,886.0,-2.0,880.0,12.52,1012.0,692.0,33.9,33.8,0.3,2.2,2067.6,0.0,16.83,14.8,35.1,37.8,36.4,36.7,37.8,37.4,38.3,37.0,51.1,51.1,22.3,24.3,24.7,28.1,41.0,36.0,25.0,0.0,0.0,0.0,6.0,6.0,4.0,0.0,23.0,22.0,23.0,57.0,56.0,82.0,24.0,24.0,300.0,0.0,0.0,0.0,0.0,0.0,0.0,0.0,0.0,0.0
12.77,195.98,0.53,0.51,0.5,9.84,9.6,11.2,12.81,-0.8,0.05,-0.02,172.1,8.3,37.0,1.0,1.0,781.0,685.0,944.0,0.0,929.0,12.78,1058.4,722.0,30.4,31.0,0.3,2.2,2067.6,0.0,16.83,15.1,35.0,37.7,36.3,36.5,37.6,37.3,38.0,36.8,51.0,50.8,22.3,24.4,24.6,28.2,40.0,35.0,25.0,-0.2,0.0,0.0,6.0,6.0,4.0,0.0,23.0,22.0,23.0,55.0,56.0,82.0,24.0,24.0,300.0,0.0,0.0,0.0,0.0,0.0,0.0,0.0,0.0,0.0
12.73,182.99,0.53,0.51,0.5,9.92,10.08,11.68,12.76,-5.1,0.07,0.01,172.1,8.8,35.0,1.0,1.0,773.0,685.0,932.0,0.0,912.0,12.72,1044.9,715.0,32.2,33.4,0.2,2.1,2067.6,0.0,16.83,15.1,34.9,37.5,36.1,36.4,37.5,37.1,37.9,36.7,50.9,50.8,22.3,24.4,24.6,28.1,41.0,36.0,25.0,-0.9,-0.2,0.0,6.0,6.0,4.0,0.0,23.0,22.0,23.0,55.0,56.0,81.0,24.0,24.0,300.0,0.0,0.0,0.0,0.0,0.0,0.0,0.0,0.0,0.0
12.66,60.98,0.53,0.51,0.5,11.04,10.02,11.34,12.7,6.3,0.05,0.02,172.0,6.6,31.0,1.0,1.0,765.0,684.0,930.0,0.0,926.0,12.66,1041.2,710.0,34.2,34.2,0.2,2.1,2067.6,0.0,16.83,14.7,35.4,38.0,36.6,36.9,38.0,37.7,38.4,37.2,51.3,51.2,22.3,24.4,24.7,28.2,42.0,36.0,25.0,0.0,-0.2,-0.5,6.0,6.0,4.0,0.0,23.0,22.0,23.0,59.0,56.0,82.0,24.0,24.0,300.0,0.0,0.0,0.0,0.0,0.0,0.0,0.0,0.0,0.0
12.75,281.02,0.53,0.51,0.5,10.0,10.68,12.02,12.75,2.4,0.03,-0.01,171.9,7.6,30.0,1.0,1.0,763.0,685.0,935.0,2.0,932.0,12.72,1047.8,715.0,33.0,33.5,0.2,2.1,2067.6,0.0,16.83,14.8,35.1,37.8,36.4,36.7,37.8,37.4,38.3,37.0,51.1,51.1,22.3,24.3,24.7,28.1,41.0,36.0,25.0,-0.2,0.0,0.0,6.0,6.0,4.0,0.0,23.0,22.0,23.0,57.0,56.0,81.0,24.0,24.0,300.0,0.0,0.0,0.0,0.0,0.0,0.0,0.0,0.0,0.0
12.65,50.0,0.53,0.51,0.5,11.64,10.42,11.72,12.67,-8.0,0.03,0.02,172.0,9.8,33.0,1.0,1.0,755.0,685.0,918.0,2.0,911.0,12.64,1033.4,707.0,29.0,30.7,0.2,2.1,2067.6,0.0,16.83,14.8,35.2,37.8,36.4,36.7,37.8,37.5,38.3,37.1,51.2,51.1,22.3,24.4,24.7,28.2,39.0,34.0,25.0,0.0,-0.5,-0.3,6.0,6.0,4.0,0.0,23.0,22.0,23.0,58.0,56.0,82.0,24.0,24.0,300.0,0.0,0.0,0.0,0.0,0.0,0.0,0.0,0.0,0.0
12.7,117.0,0.53,0.51,0.5,10.46,9.38,9.9,12.7,6.4,-0.02,0.03,172.0,7.7,29.0,1.0,1.0,762.0,685.0,924.0,2.0,921.0,12.7,1041.8,712.0,30.7,29.5,0.1,2.2,2067.6,0.0,16.83,14.8,35.2,37.8,36.4,36.7,37.8,37.5,38.4,37.1,51.2,51.1,22.3,24.5,24.7,28.2,39.0,34.0,25.0,0.0,-0.2,0.0,6.0,6.0,4.0,0.0,23.0,22.0,23.0,58.0,56.0,81.0,24.0,24.0,300.0,0.0,0.0,0.0,0.0,0.0,0.0,0.0,0.0,0.0
12.45,308.02,0.52,0.51,0.5,8.76,9.92,10.74,12.42,2.4,-0.05,-0.05,172.0,7.7,33.0,1.0,1.0,721.0,685.0,874.0,-2.0,856.0,12.4,996.3,680.0,30.2,30.5,0.2,2.1,2067.6,0.0,16.83,15.0,35.1,37.7,36.3,36.6,37.7,37.3,38.2,36.8,51.0,50.9,22.3,24.4,24.7,28.1,39.0,34.0,25.0,0.0,0.0,0.0,6.0,6.0,4.0,0.0,23.0,22.0,23.0,56.0,56.0,81.0,24.0,24.0,300.0,0.0,0.0,0.0,0.0,0.0,0.0,0.0,0.0,0.0
12.72,56.02,0.53,0.51,0.5,10.74,10.36,11.28,12.74,-1.0,0.01,0.01,172.1,7.4,33.0,1.0,1.0,768.0,685.0,929.0,0.0,935.0,12.72,1046.3,715.0,33.3,33.9,0.3,2.1,2067.6,0.0,16.83,15.1,34.9,37.5,36.1,36.4,37.5,37.1,37.9,36.7,50.9,50.7,22.3,24.4,24.6,28.1,42.0,36.0,25.0,0.0,-0.2,0.0,6.0,6.0,4.0,0.0,23.0,22.0,23.0,55.0,56.0,82.0,24.0,24.0,300.0,0.0,0.0,0.0,0.0,0.0,0.0,0.0,0.0,0.0
12.59,42.01,0.53,0.51,0.5,9.48,9.08,9.74,12.61,-6.1,0.03,0.01,172.0,7.2,34.0,1.0,1.0,741.0,685.0,901.0,0.0,891.0,12.58,1022.8,698.0,29.0,30.5,0.2,2.1,2067.6,0.0,16.83,14.9,35.1,37.7,36.3,36.6,37.7,37.3,38.1,36.9,51.0,50.9,22.3,24.5,24.6,28.1,39.0,34.0,25.0,0.4,0.0,0.0,6.0,6.0,4.0,0.0,23.0,22.0,23.0,56.0,56.0,82.0,24.0,24.0,300.0,0.0,0.0,0.0,0.0,0.0,0.0,0.0,0.0,0.0
12.51,231.98,0.53,0.51,0.5,9.14,9.34,10.84,12.53,9.7,-0.01,0.04,172.0,6.3,29.0,1.0,1.0,728.0,685.0,884.0,0.0,867.0,12.5,1005.5,688.0,29.6,30.2,0.3,2.0,2067.6,0.0,16.83,14.8,35.2,37.8,36.4,36.7,37.8,37.4,38.3,37.1,51.2,51.1,22.3,24.4,24.7,28.2,39.0,34.0,25.0,0.0,0.0,0.0,6.0,6.0,4.0,0.0,23.0,22.0,23.0,58.0,56.0,82.0,24.0,24.0,300.0,0.0,0.0,0.0,0.0,0.0,0.0,0.0,0.0,0.0
12.93,319.0,0.53,0.51,0.5,9.16,10.72,10.88,12.94,-6.8,0.08,0.03,172.0,6.9,34.0,1.0,1.0,811.0,686.0,981.0,-4.0,983.0,12.92,1088.0,743.0,31.5,32.3,0.3,2.1,2067.6,0.0,16.83,15.0,35.0,37.6,36.2,36.5,37.6,37.2,38.0,36.7,51.0,50.8,22.3,24.4,24.6,28.1,41.0,36.0,25.0,0.0,0.0,0.0,6.0,6.0,4.0,0.0,23.0,22.0,23.0,55.0,56.0,81.0,24.0,24.0,300.0,0.0,0.0,0.0,0.0,0.0,0.0,0.0,0.0,0.0
12.99,348.98,0.53,0.51,0.5,10.28,11.04,11.38,13.01,-5.3,0.05,-0.04,171.9,7.3,33.0,1.0,1.0,831.0,685.0,1003.0,-2.0,1014.0,13.0,1102.9,754.0,33.9,33.1,0.2,2.1,2067.6,0.0,16.83,14.8,35.4,38.0,36.6,36.9,38.0,37.6,38.4,37.2,51.3,51.2,22.3,24.4,24.7,28.2,42.0,36.0,25.0,0.0,-0.2,0.0,6.0,6.0,4.0,0.0,23.0,22.0,23.0,59.0,56.0,82.0,24.0,24.0,300.0,0.0,0.0,0.0,0.0,0.0,0.0,0.0,0.0,0.0
12.45,267.98,0.52,0.51,0.5,8.72,9.4,10.76,12.46,-1.5,-0.02,-0.02,172.0,7.4,32.0,1.0,1.0,725.0,685.0,875.0,0.0,862.0,12.44,1003.3,684.0,31.4,31.1,0.2,2.1,2067.6,0.0,16.83,14.8,35.1,37.7,36.3,36.6,37.7,37.4,38.2,37.0,51.1,51.0,22.3,24.3,24.6,28.1,39.0,35.0,25.0,0.0,0.0,0.0,6.0,6.0,4.0,0.0,23.0,22.0,23.0,57.0,56.0,81.0,24.0,24.0,300.0,0.0,0.0,0.0,0.0,0.0,0.0,0.0,0.0,0.0
12.51,214.99,0.53,0.51,0.5,8.94,9.12,10.22,12.56,4.5,0.01,0.09,172.0,7.4,31.0,1.0,1.0,726.0,685.0,884.0,2.0,868.0,12.52,1006.2,689.0,31.7,32.1,0.2,2.1,2067.6,0.0,16.83,14.8,35.1,37.7,36.3,36.6,37.7,37.4,38.2,37.0,51.1,51.0,22.3,24.3,24.6,28.1,39.0,35.0,25.0,0.0,0.2,0.0,6.0,6.0,4.0,0.0,23.0,22.0,23.0,57.0,56.0,81.0,24.0,24.0,300.0,0.0,0.0,0.0,0.0,0.0,0.0,0.0,0.0,0.0
12.66,204.01,0.53,0.51,0.5,9.62,9.76,11.04,12.7,-5.7,0.0,0.02,172.1,7.8,34.0,1.0,1.0,763.0,685.0,924.0,0.0,926.0,12.68,1037.8,710.0,33.4,33.5,0.2,2.1,2067.6,0.0,16.83,15.0,34.9,37.5,36.1,36.4,37.5,37.1,37.8,36.6,50.9,50.8,22.3,24.4,24.6,28.1,41.0,36.0,25.0,-0.6,0.0,0.0,6.0,6.0,4.0,0.0,23.0,22.0,23.0,55.0,56.0,82.0,24.0,24.0,300.0,0.0,0.0,0.0,0.0,0.0,0.0,0.0,0.0,0.0
12.3,92.99,0.53,0.51,0.5,9.74,8.84,10.16,12.35,3.1,-0.04,0.04,172.0,6.7,33.0,1.0,1.0,692.0,685.0,841.0,0.0,835.0,12.32,974.3,666.0,31.0,31.6,0.2,2.1,2067.6,0.0,16.83,14.8,35.2,37.8,36.4,36.7,37.8,37.5,38.3,37.1,51.2,51.1,22.3,24.3,24.7,28.1,40.0,35.0,25.0,0.0,0.0,0.0,6.0,6.0,4.0,0.0,23.0,22.0,23.0,57.0,56.0,81.0,24.0,24.0,300.0,0.0,0.0,0.0,0.0,0.0,0.0,0.0,0.0,0.0
12.42,200.02,0.53,0.51,0.5,9.08,8.96,9.86,12.46,5.4,0.05,0.07,172.1,7.3,32.0,1.0,1.0,719.0,685.0,872.0,0.0,854.0,12.44,994.4,681.0,30.4,31.5,0.2,2.1,2067.6,0.0,16.83,15.0,35.1,37.7,36.3,36.6,37.7,37.3,38.1,36.8,51.0,50.9,22.3,24.5,24.6,28.1,39.0,34.0,25.0,-0.2,0.0,0.2,6.0,6.0,4.0,0.0,23.0,22.0,23.0,56.0,56.0,82.0,24.0,24.0,300.0,0.0,0.0,0.0,0.0,0.0,0.0,0.0,0.0,0.0
12.6,164.02,0.53,0.51,0.5,10.08,9.4,10.58,12.61,-1.8,0.06,0.03,171.9,8.5,31.0,1.0,1.0,753.0,685.0,916.0,0.0,907.0,12.6,1029.4,703.0,29.5,29.6,0.2,2.1,2067.6,0.0,16.83,14.8,35.2,37.8,36.4,36.7,37.8,37.5,38.3,37.1,51.2,51.1,22.3,24.4,24.7,28.2,39.0,34.0,25.0,-0.4,-0.2,0.0,6.0,6.0,4.0,0.0,23.0,22.0,23.0,58.0,56.0,82.0,24.0,24.0,300.0,0.0,0.0,0.0,0.0,0.0,0.0,0.0,0.0,0.0
12.84,130.0,0.53,0.51,0.5,9.7,8.6,9.52,12.85,-2.6,0.01,0.0,171.9,6.1,33.0,1.0,1.0,795.0,685.0,970.0,0.0,951.0,12.82,1070.7,733.0,29.3,30.4,0.4,2.2,2067.6,0.0,16.83,14.8,35.3,37.9,36.5,36.8,37.9,37.5,38.4,37.1,51.3,51.2,22.3,24.3,24.7,28.2,40.0,34.0,25.0,0.0,0.2,0.0,6.0,6.0,4.0,0.0,23.0,22.0,23.0,58.0,56.0,82.0,24.0,24.0,300.0,0.0,0.0,0.0,0.0,0.0,0.0,0.0,0.0,0.0
12.35,19.01,0.53,0.51,0.5,10.36,10.0,11.54,12.32,-1.2,0.07,-0.02,171.9,7.7,34.0,1.0,1.0,693.0,685.0,834.0,0.0,831.0,12.32,967.8,664.0,32.0,31.4,0.2,2.1,2067.6,0.0,16.83,14.8,35.2,37.8,36.4,36.7,37.8,37.5,38.3,37.1,51.2,51.1,22.3,24.3,24.7,28.1,40.0,35.0,25.0,0.0,-0.2,-0.3,6.0,6.0,4.0,0.0,23.0,22.0,23.0,57.0,56.0,81.0,24.0,24.0,300.0,0.0,0.0,0.0,0.0,0.0,0.0,0.0,0.0,0.0
12.57,250.99,0.53,0.51,0.5,9.0,9.26,10.5,12.56,-4.1,-0.04,0.11,172.0,8.5,34.0,1.0,1.0,739.0,685.0,896.0,0.0,885.0,12.56,1016.1,696.0,28.5,28.3,0.2,2.0,2067.6,0.0,16.83,14.9,35.1,37.7,36.3,36.6,37.7,37.3,38.2,36.9,51.0,50.9,22.3,24.5,24.6,28.1,39.0,34.0,25.0,0.0,0.2,0.0,6.0,6.0,4.0,0.0,23.0,22.0,23.0,56.0,56.0,82.0,24.0,24.0,300.0,0.0,0.0,0.0,0.0,0.0,0.0,0.0,0.0,0.0
12.26,316.01,0.53,0.51,0.5,10.34,10.4,11.58,12.27,6.6,0.08,-0.01,172.0,8.1,31.0,1.0,1.0,687.0,684.0,838.0,0.0,826.0,12.24,964.4,658.0,30.0,30.6,0.2,2.1,2067.6,0.0,16.83,14.8,35.2,37.8,36.4,36.7,37.8,37.4,38.3,37.1,51.2,51.1,22.3,24.3,24.7,28.1,39.0,35.0,25.0,0.0,0.0,0.0,6.0,6.0,4.0,0.0,23.0,22.0,23.0,57.0,56.0,82.0,24.0,24.0,300.0,0.0,0.0,0.0,0.0,0.0,0.0,0.0,0.0,0.0
12.8,335.02,0.53,0.51,0.5,9.22,9.82,10.12,12.82,0.1,0.02,0.03,171.9,6.6,32.0,1.0,1.0,787.0,685.0,951.0,0.0,937.0,12.78,1065.9,726.0,27.7,29.7,0.2,2.1,2067.6,0.0,16.83,14.8,35.2,37.8,36.4,36.7,37.8,37.5,38.3,37.1,51.3,51.2,22.3,24.4,24.7,28.2,39.0,34.0,25.0,0.4,0.0,0.0,6.0,6.0,4.0,0.0,23.0,22.0,23.0,58.0,56.0,82.0,24.0,24.0,300.0,0.0,0.0,0.0,0.0,0.0,0.0,0.0,0.0,0.0
12.65,11.99,0.53,0.51,0.5,9.3,9.38,9.86,12.6,4.6,-0.04,0.0,172.1,8.1,32.0,1.0,1.0,752.0,686.0,910.0,0.0,903.0,12.6,1030.8,703.0,31.9,30.7,0.2,2.1,2067.6,0.0,16.83,15.1,34.9,37.5,36.1,36.4,37.5,37.0,37.8,36.6,50.9,50.8,22.3,24.4,24.6,28.1,41.0,36.0,25.0,0.2,0.0,0.0,6.0,6.0,4.0,0.0,23.0,22.0,23.0,55.0,57.0,82.0,24.0,24.0,300.0,0.0,0.0,0.0,0.0,0.0,0.0,0.0,0.0,0.0
12.48,348.01,0.53,0.51,0.5,8.46,8.68,9.4,12.48,-7.6,0.04,-0.03,172.0,8.2,33.0,1.0,1.0,719.0,685.0,874.0,0.0,855.0,12.46,996.8,682.0,30.6,30.5,0.1,2.1,2067.6,0.0,16.83,14.8,35.2,37.8,36.4,36.7,37.8,37.4,38.3,37.1,51.2,51.1,22.3,24.3,24.7,28.1,40.0,35.0,25.0,0.2,0.0,0.0,6.0,6.0,4.0,0.0,23.0,22.0,23.0,57.0,56.0,81.0,24.0,24.0,300.0,0.0,0.0,0.0,0.0,0.0,0.0,0.0,0.0,0.0
12.9,272.02,0.53,0.51,0.5,8.4,9.68,10.5,12.87,-3.2,0.05,-0.04,171.9,7.7,34.0,1.0,1.0,798.0,685.0,975.0,0.0,961.0,12.86,1076.9,736.0,32.3,32.5,0.2,2.1,2067.6,0.0,16.83,14.8,35.4,37.9,36.5,36.8,37.9,37.6,38.4,37.2,51.3,51.2,22.3,24.4,24.7,28.2,40.0,35.0,25.0,0.0,0.4,0.0,6.0,6.0,4.0,0.0,23.0,22.0,23.0,58.0,56.0,82.0,24.0,24.0,300.0,0.0,0.0,0.0,0.0,0.0,0.0,0.0,0.0,0.0
12.45,164.02,0.53,0.51,0.5,9.42,9.92,11.0,12.48,2.7,0.05,0.13,172.0,6.6,31.0,1.0,1.0,737.0,685.0,892.0,0.0,877.0,12.48,1006.9,689.0,30.7,31.3,0.2,2.1,2067.6,0.0,16.83,14.9,35.1,37.7,36.3,36.6,37.7,37.4,38.2,36.9,51.1,51.0,22.3,24.4,24.6,28.1,39.0,34.0,25.0,-0.8,-0.2,0.0,6.0,6.0,4.0,0.0,23.0,22.0,23.0,56.0,56.0,81.0,24.0,24.0,300.0,0.0,0.0,0.0,0.0,0.0,0.0,0.0,0.0,0.0
12.47,104.0,0.53,0.51,0.5,10.66,9.8,10.36,12.52,7.6,0.05,0.09,172.0,5.9,33.0,1.0,1.0,741.0,685.0,893.0,-2.0,882.0,12.5,1013.7,691.0,30.1,31.2,0.2,2.1,2067.6,0.0,16.83,15.0,35.1,37.7,36.3,36.6,37.7,37.3,38.1,36.8,51.0,50.9,22.3,24.4,24.7,28.2,40.0,35.0,25.0,0.0,0.0,0.0,6.0,6.0,4.0,0.0,23.0,22.0,23.0,56.0,56.0,81.0,24.0,24.0,300.0,0.0,0.0,0.0,0.0,0.0,0.0,0.0,0.0,0.0
12.69,213.01,0.53,0.51,0.5,9.9,10.02,10.98,12.74,-0.1,0.02,0.01,172.0,7.8,32.0,1.0,1.0,767.0,684.0,924.0,-2.0,926.0,12.7,1040.4,712.0,32.8,31.3,0.2,2.1,2067.6,0.0,16.83,14.7,35.4,38.0,36.6,36.9,38.0,37.7,38.4,37.2,51.4,51.2,22.3,24.4,24.7,28.2,42.0,36.0,25.0,0.0,0.0,0.0,6.0,6.0,4.0,0.0,23.0,22.0,23.0,59.0,56.0,82.0,24.0,24.0,300.0,0.0,0.0,0.0,0.0,0.0,0.0,0.0,0.0,0.0
12.45,181.01,0.53,0.51,0.5,9.42,9.32,10.72,12.47,4.9,-0.02,-0.08,172.0,6.7,32.0,1.0,1.0,727.0,685.0,877.0,0.0,862.0,12.44,1003.2,683.0,29.3,29.9,0.2,2.1,2067.6,0.0,16.83,14.9,35.1,37.7,36.3,36.6,37.7,37.4,38.1,36.9,51.0,50.9,22.3,24.4,24.6,28.1,38.0,33.0,25.0,-0.2,0.0,0.0,6.0,6.0,4.0,0.0,23.0,22.0,23.0,56.0,56.0,81.0,24.0,24.0,300.0,0.0,0.0,0.0,0.0,0.0,0.0,0.0,0.0,0.0
12.48,241.99,0.52,0.51,0.5,9.7,10.64,12.06,12.51,5.7,-0.04,0.12,172.0,6.5,32.0,1.0,1.0,735.0,685.0,895.0,0.0,881.0,12.48,1009.3,691.0,30.7,29.5,0.2,2.1,2067.6,0.0,16.83,14.9,35.1,37.7,36.3,36.6,37.7,37.3,38.1,36.9,51.0,50.9,22.3,24.3,24.6,28.2,38.0,33.0,25.0,-0.4,0.0,0.0,6.0,6.0,4.0,0.0,23.0,22.0,23.0,56.0,56.0,81.0,24.0,24.0,300.0,0.0,0.0,0.0,0.0,0.0,0.0,0.0,0.0,0.0
12.98,216.0,0.52,0.51,0.5,10.04,10.4,12.16,13.0,4.1,0.02,0.07,171.9,8.2,31.0,1.0,1.0,825.0,685.0,996.0,0.0,996.0,12.98,1104.3,751.0,32.6,33.1,0.2,2.1,2067.6,0.0,16.83,14.7,35.5,38.1,36.7,37.0,38.1,37.7,38.4,37.2,51.4,51.2,22.3,24.4,24.7,28.2,42.0,36.0,25.0,0.0,0.0,0.0,6.0,6.0,4.0,0.0,23.0,22.0,23.0,59.0,56.0,82.0,24.0,24.0,300.0,0.0,0.0,0.0,0.0,0.0,0.0,0.0,0.0,0.0
13.01,168.01,0.53,0.51,0.5,9.92,9.4,10.8,13.02,1.1,0.08,-0.05,171.9,8.5,31.0,1.0,1.0,826.0,685.0,999.0,0.0,1002.0,13.0,1100.6,752.0,31.5,30.9,0.1,2.2,2067.6,0.0,16.83,14.7,35.5,38.1,36.6,37.0,38.1,37.7,38.5,37.2,51.4,51.2,22.3,24.4,24.7,28.2,42.0,36.0,25.0,-0.4,0.0,0.5,6.0,6.0,4.0,0.0,23.0,22.0,23.0,59.0,56.0,82.0,24.0,24.0,300.0,0.0,0.0,0.0,0.0,0.0,0.0,0.0,0.0,0.0
12.4,239.0,0.52,0.51,0.5,8.3,8.88,10.16,12.45,-1.1,-0.02,0.0,172.1,7.0,31.0,1.0,1.0,727.0,685.0,886.0,0.0,867.0,12.42,1005.2,684.0,29.8,28.9,0.2,2.1,2067.6,0.0,16.83,14.9,35.1,37.7,36.3,36.6,37.7,37.4,38.2,36.9,51.1,51.0,22.3,24.4,24.6,28.1,39.0,34.0,25.0,0.0,0.0,0.2,6.0,6.0,4.0,0.0,23.0,22.0,23.0,56.0,56.0,81.0,24.0,24.0,300.0,0.0,0.0,0.0,0.0,0.0,0.0,0.0,0.0,0.0
12.72,281.02,0.52,0.51,0.5,9.04,9.92,10.78,12.71,-5.4,0.07,0.02,172.1,7.2,34.0,1.0,1.0,764.0,685.0,923.0,0.0,925.0,12.68,1039.5,711.0,33.6,33.7,0.2,2.1,2067.6,0.0,16.83,15.0,34.9,37.5,36.1,36.4,37.5,37.1,37.9,36.6,50.9,50.8,22.3,24.4,24.6,28.1,41.0,36.0,25.0,0.0,0.0,0.0,6.0,6.0,4.0,0.0,23.0,22.0,23.0,55.0,56.0,82.0,24.0,24.0,300.0,0.0,0.0,0.0,0.0,0.0,0.0,0.0,0.0,0.0
12.49,253.01,0.53,0.51,0.5,9.48,9.76,11.08,12.5,7.1,-0.04,0.04,172.0,6.8,31.0,1.0,1.0,729.0,685.0,878.0,-2.0,871.0,12.48,1009.5,688.0,32.5,32.1,0.3,2.1,2067.6,0.0,16.83,14.8,35.1,37.7,36.3,36.6,37.7,37.4,38.2,37.0,51.1,51.0,22.3,24.3,24.6,28.1,40.0,34.0,25.0,-0.4,0.0,0.0,6.0,6.0,4.0,0.0,23.0,22.0,23.0,57.0,56.0,81.0,24.0,24.0,300.0,0.0,0.0,0.0,0.0,0.0,0.0,0.0,0.0,0.0
12.69,85.0,0.53,0.51,0.5,12.02,9.78,11.38,12.76,-5.1,0.08,0.0,172.1,8.4,35.0,1.0,1.0,772.0,685.0,938.0,2.0,915.0,12.72,1046.5,716.0,30.5,32.4,0.2,2.1,2067.6,0.0,16.83,15.1,34.9,37.5,36.1,36.4,37.5,37.1,37.9,36.7,50.9,50.7,22.3,24.4,24.6,28.1,41.0,36.0,25.0,0.0,0.2,-0.3,6.0,6.0,4.0,0.0,23.0,22.0,23.0,55.0,56.0,82.0,24.0,24.0,300.0,0.0,0.0,0.0,0.0,0.0,0.0,0.0,0.0,0.0
12.56,222.98,0.53,0.51,0.5,7.68,8.06,10.26,12.57,5.1,-0.01,-0.08,172.0,7.9,30.0,1.0,1.0,734.0,685.0,893.0,0.0,880.0,12.56,1015.8,693.0,30.2,28.8,0.2,2.1,2067.6,0.0,16.83,14.9,35.1,37.7,36.3,36.6,37.7,37.4,38.2,36.9,51.1,51.0,22.3,24.4,24.6,28.1,39.0,34.0,25.0,0.2,0.2,0.2,6.0,6.0,4.0,0.0,23.0,22.0,23.0,56.0,56.0,81.0,24.0,24.0,300.0,0.0,0.0,0.0,0.0,0.0,0.0,0.0,0.0,0.0
12.47,261.0,0.53,0.51,0.5,8.32,9.14,9.92,12.46,0.9,-0.06,-0.07,172.0,7.9,33.0,1.0,1.0,721.0,685.0,875.0,0.0,859.0,12.44,998.8,683.0,28.6,31.3,0.2,2.1,2067.6,0.0,16.83,15.0,35.1,37.7,36.3,36.6,37.7,37.3,38.1,36.8,51.0,50.9,22.3,24.4,24.6,28.1,39.0,34.0,25.0,0.0,0.2,0.0,6.0,6.0,4.0,0.0,23.0,22.0,23.0,56.0,56.0,82.0,24.0,24.0,300.0,0.0,0.0,0.0,0.0,0.0,0.0,0.0,0.0,0.0
12.42,339.98,0.53,0.51,0.5,8.66,9.54,10.1,12.44,6.4,0.04,-0.02,172.1,6.8,32.0,1.0,1.0,709.0,685.0,855.0,-2.0,841.0,12.4,989.5,676.0,30.7,31.0,0.2,2.1,2067.6,0.0,16.83,15.0,35.1,37.7,36.3,36.6,37.7,37.3,38.0,36.8,51.0,50.8,22.3,24.4,24.7,28.2,39.0,34.0,25.0,0.2,0.0,0.0,6.0,6.0,4.0,0.0,23.0,22.0,23.0,56.0,56.0,82.0,24.0,24.0,300.0,0.0,0.0,0.0,0.0,0.0,0.0,0.0,0.0,0.0
12.85,258.98,0.52,0.51,0.5,9.26,10.18,11.18,12.85,-3.2,0.04,0.01,172.0,9.3,33.0,1.0,1.0,788.0,685.0,951.0,-2.0,945.0,12.84,1069.6,730.0,30.6,30.9,0.2,2.1,2067.6,0.0,16.83,14.8,35.3,37.9,36.5,36.7,37.9,37.5,38.4,37.1,51.3,51.2,22.3,24.3,24.7,28.2,39.0,34.0,25.0,0.0,0.0,0.0,6.0,6.0,4.0,0.0,23.0,22.0,23.0,58.0,56.0,82.0,24.0,24.0,300.0,0.0,0.0,0.0,0.0,0.0,0.0,0.0,0.0,0.0
12.31,118.01,0.53,0.51,0.5,10.08,8.82,9.56,12.31,7.1,0.0,0.01,172.0,7.1,31.0,1.0,1.0,688.0,685.0,834.0,0.0,826.0,12.32,965.5,662.0,30.3,29.7,0.2,2.1,2067.6,0.0,16.83,14.8,35.2,37.8,36.4,36.7,37.8,37.4,38.3,37.1,51.2,51.1,22.3,24.3,24.7,28.1,39.0,34.0,25.0,0.0,0.0,0.0,6.0,6.0,4.0,0.0,23.0,22.0,23.0,57.0,56.0,82.0,24.0,24.0,300.0,0.0,0.0,0.0,0.0,0.0,0.0,0.0,0.0,0.0
12.4,312.98,0.53,0.51,0.5,8.76,8.86,9.42,12.43,-2.5,0.04,-0.07,172.0,7.4,32.0,1.0,1.0,722.0,684.0,874.0,-2.0,857.0,12.38,1000.1,678.0,28.9,30.2,0.2,2.1,2067.6,0.0,16.83,14.9,35.1,37.7,36.3,36.6,37.7,37.4,38.2,36.9,51.1,51.0,22.3,24.4,24.6,28.1,39.0,34.0,25.0,0.6,0.2,0.2,6.0,6.0,4.0,0.0,23.0,22.0,23.0,56.0,56.0,81.0,24.0,24.0,300.0,0.0,0.0,0.0,0.0,0.0,0.0,0.0,0.0,0.0
12.65,24.98,0.53,0.51,0.5,9.52,9.7,10.18,12.64,-0.8,-0.02,-0.02,172.0,7.2,32.0,1.0,1.0,755.0,685.0,910.0,0.0,906.0,12.62,1029.2,704.0,32.5,32.5,0.2,2.1,2067.6,0.0,16.83,14.8,35.1,37.7,36.4,36.6,37.8,37.4,38.2,37.0,51.1,51.0,22.3,24.3,24.6,28.2,40.0,35.0,25.0,0.2,0.0,0.0,6.0,6.0,4.0,0.0,23.0,22.0,23.0,57.0,56.0,81.0,24.0,24.0,300.0,0.0,0.0,0.0,0.0,0.0,0.0,0.0,0.0,0.0
12.85,15.01,0.53,0.51,0.5,9.38,9.4,10.12,12.87,-3.7,-0.02,0.0,171.9,8.0,33.0,1.0,1.0,790.0,685.0,957.0,0.0,945.0,12.84,1067.1,731.0,29.6,30.7,0.2,2.1,2067.6,0.0,16.83,14.7,35.3,37.9,36.5,36.8,37.9,37.6,38.3,37.1,51.3,51.2,22.3,24.4,24.7,28.2,40.0,35.0,25.0,0.4,0.0,0.0,6.0,6.0,4.0,0.0,23.0,22.0,23.0,58.0,56.0,82.0,24.0,24.0,300.0,0.0,0.0,0.0,0.0,0.0,0.0,0.0,0.0,0.0
12.4,266.0,0.52,0.51,0.5,9.92,10.5,12.0,12.4,4.7,0.04,0.01,171.9,7.7,31.0,1.0,1.0,700.0,685.0,843.0,0.0,843.0,12.38,980.8,670.0,30.5,31.3,0.3,2.1,2067.6,0.0,16.83,14.8,35.2,37.8,36.4,36.7,37.8,37.4,38.4,37.1,51.2,51.1,22.3,24.3,24.7,28.2,39.0,34.0,25.0,-0.2,0.0,0.0,6.0,6.0,4.0,0.0,23.0,22.0,23.0,57.0,56.0,82.0,24.0,24.0,300.0,0.0,0.0,0.0,0.0,0.0,0.0,0.0,0.0,0.0
12.89,47.99,0.53,0.51,0.5,11.22,10.66,11.58,12.88,-1.2,0.03,-0.02,172.1,6.6,34.0,1.0,1.0,785.0,685.0,951.0,0.0,939.0,12.86,1069.8,731.0,31.7,32.4,0.2,2.1,2067.6,0.0,16.83,15.0,34.9,37.6,36.2,36.4,37.6,37.2,37.9,36.7,50.9,50.8,22.3,24.4,24.6,28.1,41.0,36.0,25.0,0.0,-0.5,-0.3,6.0,6.0,4.0,0.0,23.0,22.0,23.0,55.0,56.0,82.0,24.0,24.0,300.0,0.0,0.0,0.0,0.0,0.0,0.0,0.0,0.0,0.0
12.84,288.0,0.53,0.51,0.5,8.06,9.32,9.96,12.81,4.4,0.06,0.06,171.9,7.6,32.0,1.0,1.0,789.0,685.0,962.0,0.0,947.0,12.82,1068.1,729.0,30.7,31.4,0.1,2.1,2067.6,0.0,16.83,14.8,35.2,37.9,36.5,36.7,37.9,37.5,38.3,37.1,51.3,51.2,22.3,24.4,24.8,28.2,39.0,34.0,25.0,0.2,0.6,0.0,6.0,6.0,4.0,0.0,23.0,22.0,23.0,58.0,56.0,82.0,24.0,24.0,300.0,0.0,0.0,0.0,0.0,0.0,0.0,0.0,0.0,0.0
12.89,193.0,0.53,0.51,0.5,8.9,8.08,12.0,12.92,-4.8,0.01,0.02,172.1,8.9,37.0,1.0,1.0,802.0,686.0,981.0,0.0,971.0,12.88,1082.5,739.0,31.6,31.6,0.3,2.1,2067.6,0.0,16.83,15.1,35.0,37.6,36.3,36.5,37.6,37.3,38.0,36.7,50.9,50.8,22.3,24.4,24.6,28.2,41.0,35.0,25.0,0.0,0.0,0.3,6.0,6.0,4.0,0.0,23.0,22.0,23.0,55.0,56.0,81.0,24.0,24.0,300.0,0.0,0.0,0.0,0.0,0.0,0.0,0.0,0.0,0.0
12.85,144.0,0.53,0.51,0.5,9.72,8.66,10.14,12.91,-1.0,0.04,0.02,171.9,7.6,33.0,1.0,1.0,823.0,685.0,993.0,-2.0,992.0,12.9,1091.9,744.0,32.1,32.3,0.3,2.1,2067.6,0.0,16.83,14.8,35.4,38.0,36.6,36.9,38.0,37.6,38.5,37.2,51.3,51.2,22.3,24.4,24.7,28.2,42.0,36.0,25.0,0.0,0.2,0.5,6.0,6.0,4.0,0.0,23.0,22.0,23.0,59.0,56.0,82.0,24.0,24.0,300.0,0.0,0.0,0.0,0.0,0.0,0.0,0.0,0.0,0.0
12.44,340.99,0.52,0.51,0.5,10.22,10.52,11.7,12.44,4.1,-0.03,0.03,171.9,7.9,31.0,1.0,1.0,708.0,685.0,855.0,2.0,851.0,12.4,985.5,674.0,31.6,31.1,0.3,2.1,2067.6,0.0,16.83,14.8,35.2,37.8,36.4,36.7,37.8,37.4,38.3,37.1,51.2,51.1,22.3,24.3,24.7,28.2,39.0,34.0,25.0,0.0,-0.5,-0.3,6.0,6.0,4.0,0.0,23.0,22.0,23.0,57.0,56.0,82.0,24.0,24.0,300.0,0.0,0.0,0.0,0.0,0.0,0.0,0.0,0.0,0.0
12.3,231.01,0.52,0.51,0.5,7.66,8.36,9.5,12.31,-3.1,0.04,0.06,172.0,8.4,34.0,1.0,1.0,689.0,684.0,831.0,0.0,825.0,12.28,965.4,660.0,32.4,33.0,0.2,2.1,2067.6,0.0,16.83,14.8,35.2,37.8,36.4,36.7,37.8,37.4,38.2,37.1,51.2,51.1,22.3,24.3,24.7,28.1,40.0,35.0,25.0,0.0,0.2,0.0,6.0,6.0,4.0,0.0,23.0,22.0,23.0,57.0,56.0,82.0,24.0,24.0,300.0,0.0,0.0,0.0,0.0,0.0,0.0,0.0,0.0,0.0
12.61,290.02,0.53,0.51,0.5,9.76,10.42,11.46,12.57,0.4,0.04,0.02,172.0,8.4,32.0,1.0,1.0,736.0,685.0,890.0,2.0,875.0,12.56,1011.6,693.0,32.6,33.0,0.2,2.1,2067.6,0.0,16.83,14.8,35.1,37.7,36.3,36.6,37.8,37.4,38.2,37.0,51.1,51.0,22.3,24.3,24.6,28.1,39.0,35.0,25.0,-0.2,0.0,0.0,6.0,6.0,4.0,0.0,23.0,22.0,23.0,57.0,56.0,81.0,24.0,24.0,300.0,0.0,0.0,0.0,0.0,0.0,0.0,0.0,0.0,0.0
12.75,88.99,0.53,0.51,0.5,12.18,9.88,11.08,12.8,2.8,-0.01,0.04,172.1,6.6,34.0,1.0,1.0,784.0,685.0,950.0,0.0,933.0,12.78,1059.6,724.0,33.0,33.9,0.2,2.2,2067.6,0.0,16.83,15.1,34.9,37.5,36.1,36.4,37.5,37.1,37.9,36.6,50.9,50.8,22.3,24.4,24.6,28.1,41.0,36.0,25.0,0.3,-0.2,-0.5,6.0,6.0,4.0,0.0,23.0,22.0,23.0,55.0,56.0,82.0,24.0,24.0,300.0,0.0,0.0,0.0,0.0,0.0,0.0,0.0,0.0,0.0
12.66,145.01,0.53,0.51,0.5,10.5,9.18,11.58,12.68,-2.0,-0.03,0.0,171.9,8.0,30.0,1.0,1.0,764.0,685.0,923.0,-2.0,927.0,12.66,1042.2,711.0,27.0,27.1,0.2,2.2,2067.6,0.0,16.83,14.8,35.2,37.8,36.4,36.7,37.8,37.5,38.4,37.1,51.2,51.1,22.3,24.4,24.7,28.2,39.0,34.0,25.0,-0.5,0.0,0.3,6.0,6.0,4.0,0.0,23.0,22.0,23.0,58.0,56.0,82.0,24.0,24.0,300.0,0.0,0.0,0.0,0.0,0.0,0.0,0.0,0.0,0.0
12.73,313.99,0.53,0.51,0.5,9.58,10.34,11.1,12.75,-2.4,0.08,0.01,172.1,9.2,35.0,1.0,1.0,769.0,685.0,935.0,0.0,935.0,12.7,1045.3,715.0,32.4,33.0,0.3,2.1,2067.6,0.0,16.83,15.1,34.9,37.6,36.2,36.4,37.5,37.1,38.0,36.7,50.9,50.8,22.3,24.4,24.6,28.1,41.0,36.0,25.0,0.0,0.0,0.0,6.0,6.0,4.0,0.0,23.0,22.0,23.0,55.0,56.0,81.0,24.0,24.0,300.0,0.0,0.0,0.0,0.0,0.0,0.0,0.0,0.0,0.0
12.54,313.99,0.53,0.51,0.5,9.66,11.0,11.96,12.58,5.7,-0.01,-0.01,172.1,8.0,34.0,1.0,1.0,743.0,685.0,904.0,-2.0,898.0,12.54,1020.9,697.0,28.4,30.6,0.1,2.1,2067.6,0.0,16.83,15.0,35.1,37.7,36.3,36.6,37.7,37.3,38.1,36.8,51.0,50.8,22.3,24.4,24.7,28.2,40.0,35.0,25.0,0.2,0.0,-0.5,6.0,6.0,4.0,0.0,23.0,22.0,23.0,55.0,56.0,81.0,24.0,24.0,300.0,0.0,0.0,0.0,0.0,0.0,0.0,0.0,0.0,0.0
12.48,290.02,0.53,0.51,0.5,9.04,9.48,10.06,12.47,3.0,-0.01,0.07,172.0,8.6,31.0,1.0,1.0,722.0,685.0,868.0,0.0,851.0,12.46,997.6,681.0,32.1,32.5,0.2,2.1,2067.6,0.0,16.83,14.8,35.1,37.7,36.3,36.6,37.7,37.4,38.2,37.0,51.1,51.0,22.3,24.3,24.6,28.1,39.0,34.0,25.0,0.0,0.2,0.0,6.0,6.0,4.0,0.0,23.0,22.0,23.0,56.0,56.0,82.0,24.0,24.0,300.0,0.0,0.0,0.0,0.0,0.0,0.0,0.0,0.0,0.0
12.54,173.02,0.53,0.51,0.5,9.74,9.58,10.54,12.53,3.8,0.0,0.05,172.0,7.4,33.0,1.0,1.0,742.0,685.0,895.0,0.0,885.0,12.52,1016.5,692.0,28.7,31.2,0.2,2.1,2067.6,0.0,16.83,15.0,35.1,37.7,36.3,36.6,37.7,37.3,38.2,36.9,51.0,50.9,22.3,24.5,24.6,28.1,38.0,33.0,25.0,-0.2,-0.2,0.0,6.0,6.0,4.0,0.0,23.0,22.0,23.0,56.0,56.0,82.0,24.0,24.0,300.0,0.0,0.0,0.0,0.0,0.0,0.0,0.0,0.0,0.0
12.85,297.0,0.53,0.51,0.5,8.72,9.82,10.58,12.84,-6.9,0.03,-0.04,171.9,9.1,33.0,1.0,1.0,786.0,685.0,953.0,0.0,939.0,12.82,1063.0,727.0,30.1,29.3,0.1,2.2,2067.6,0.0,16.83,14.7,35.3,37.9,36.5,36.8,37.9,37.6,38.4,37.1,51.3,51.2,22.3,24.4,24.7,28.2,40.0,35.0,25.0,0.2,0.4,0.0,6.0,6.0,4.0,0.0,23.0,22.0,23.0,58.0,56.0,82.0,24.0,24.0,300.0,0.0,0.0,0.0,0.0,0.0,0.0,0.0,0.0,0.0
12.91,243.0,0.53,0.51,0.5,8.9,9.1,10.46,12.9,-2.2,0.01,-0.02,172.0,7.7,37.0,1.0,1.0,806.0,686.0,978.0,0.0,969.0,12.9,1080.4,739.0,30.9,31.0,0.2,2.1,2067.6,0.0,16.83,15.0,35.0,37.6,36.3,36.5,37.6,37.2,38.0,36.8,50.9,50.8,22.3,24.4,24.6,28.2,41.0,36.0,25.0,0.0,0.2,0.0,6.0,6.0,4.0,0.0,23.0,22.0,23.0,55.0,56.0,81.0,24.0,24.0,300.0,0.0,0.0,0.0,0.0,0.0,0.0,0.0,0.0,0.0
12.65,353.99,0.53,0.51,0.5,10.06,10.5,10.92,12.62,3.0,-0.03,0.05,172.0,8.0,31.0,1.0,1.0,759.0,685.0,911.0,0.0,910.0,12.62,1031.1,704.0,29.2,27.8,0.2,2.1,2067.6,0.0,16.83,14.8,35.2,37.8,36.4,36.7,37.8,37.5,38.4,37.1,51.2,51.1,22.3,24.4,24.7,28.2,40.0,34.0,25.0,0.0,-0.2,0.0,6.0,6.0,4.0,0.0,23.0,22.0,23.0,58.0,56.0,82.0,24.0,24.0,300.0,0.0,0.0,0.0,0.0,0.0,0.0,0.0,0.0,0.0
12.8,316.01,0.53,0.51,0.5,8.48,9.5,9.8,12.8,3.5,0.0,-0.02,171.9,7.9,32.0,1.0,1.0,791.0,685.0,956.0,-2.0,947.0,12.8,1067.5,729.0,33.6,32.8,0.2,2.1,2067.6,0.0,16.83,14.7,35.4,38.0,36.6,36.9,38.0,37.6,38.4,37.2,51.3,51.2,22.3,24.4,24.7,28.2,42.0,36.0,25.0,0.4,0.2,0.0,6.0,6.0,4.0,0.0,23.0,22.0,23.0,59.0,56.0,82.0,24.0,24.0,300.0,0.0,0.0,0.0,0.0,0.0,0.0,0.0,0.0,0.0
12.7,1.01,0.53,0.51,0.5,9.12,8.98,11.7,12.72,-7.7,-0.05,0.04,172.1,7.9,35.0,1.0,1.0,773.0,685.0,932.0,0.0,935.0,12.7,1051.6,716.0,31.2,33.4,0.2,2.1,2067.6,0.0,16.83,15.1,34.9,37.5,36.1,36.4,37.5,37.1,37.9,36.7,50.9,50.7,22.3,24.4,24.6,28.1,42.0,36.0,25.0,0.2,0.0,-0.5,6.0,6.0,4.0,0.0,23.0,22.0,23.0,55.0,56.0,82.0,24.0,24.0,300.0,0.0,0.0,0.0,0.0,0.0,0.0,0.0,0.0,0.0
12.54,168.01,0.53,0.51,0.5,8.98,8.62,10.46,12.53,8.6,0.0,0.09,172.0,8.3,29.0,1.0,1.0,742.0,685.0,899.0,0.0,887.0,12.52,1021.2,694.0,32.2,31.9,0.2,2.1,2067.6,0.0,16.83,14.8,35.1,37.8,36.4,36.6,37.8,37.4,38.3,37.0,51.2,51.1,22.3,24.3,24.7,28.2,41.0,36.0,25.0,-0.4,0.0,0.2,6.0,6.0,4.0,0.0,23.0,22.0,23.0,57.0,56.0,82.0,24.0,24.0,300.0,0.0,0.0,0.0,0.0,0.0,0.0,0.0,0.0,0.0
12.85,15.98,0.53,0.51,0.5,10.92,11.14,11.82,12.83,0.0,0.03,0.02,171.9,7.7,32.0,1.0,1.0,797.0,685.0,965.0,-4.0,958.0,12.82,1074.0,732.0,32.4,32.5,0.2,2.2,2067.6,0.0,16.83,14.8,35.4,38.0,36.6,36.9,38.0,37.6,38.4,37.2,51.3,51.2,22.3,24.3,24.7,28.2,42.0,36.0,25.0,0.0,-0.5,-0.3,6.0,6.0,4.0,0.0,23.0,22.0,23.0,59.0,56.0,82.0,24.0,24.0,300.0,0.0,0.0,0.0,0.0,0.0,0.0,0.0,0.0,0.0
12.73,158.0,0.53,0.51,0.5,9.7,8.64,9.56,12.74,-2.7,0.08,-0.03,172.0,8.6,32.0,1.0,1.0,768.0,685.0,929.0,0.0,908.0,12.74,1043.3,714.0,28.4,30.7,0.2,2.1,2067.6,0.0,16.83,14.8,35.2,37.8,36.4,36.7,37.8,37.5,38.4,37.1,51.2,51.2,22.3,24.4,24.7,28.2,39.0,34.0,25.0,0.0,0.0,0.4,6.0,6.0,4.0,0.0,23.0,22.0,23.0,58.0,56.0,82.0,24.0,24.0,300.0,0.0,0.0,0.0,0.0,0.0,0.0,0.0,0.0,0.0
12.9,11.02,0.53,0.51,0.5,10.58,9.28,11.5,12.88,-5.6,-0.02,-0.01,172.1,7.9,37.0,1.0,1.0,802.0,685.0,970.0,0.0,963.0,12.88,1079.6,736.0,29.0,31.4,0.2,2.0,2067.6,0.0,16.83,15.0,35.0,37.6,36.2,36.5,37.6,37.2,38.1,36.7,50.9,50.8,22.3,24.4,24.6,28.2,41.0,36.0,25.0,0.2,-0.2,-0.3,6.0,6.0,4.0,0.0,23.0,22.0,23.0,55.0,56.0,82.0,24.0,24.0,300.0,0.0,0.0,0.0,0.0,0.0,0.0,0.0,0.0,0.0
13.02,294.01,0.52,0.51,0.5,8.76,10.18,10.5,13.01,3.7,0.04,-0.04,171.9,7.8,31.0,1.0,1.0,822.0,685.0,1000.0,0.0,1001.0,13.0,1101.5,752.0,33.0,32.6,0.2,2.1,2067.6,0.0,16.83,14.7,35.5,38.1,36.7,37.0,38.1,37.7,38.5,37.2,51.4,51.2,22.3,24.4,24.7,28.2,42.0,36.0,25.0,0.0,0.5,0.0,6.0,6.0,4.0,0.0,23.0,22.0,23.0,59.0,56.0,82.0,24.0,24.0,300.0,0.0,0.0,0.0,0.0,0.0,0.0,0.0,0.0,0.0
12.77,317.99,0.53,0.51,0.5,8.52,9.64,10.28,12.77,3.5,0.09,0.04,172.1,8.7,33.0,1.0,1.0,785.0,685.0,942.0,-2.0,929.0,12.74,1054.2,721.0,33.3,33.5,0.2,2.1,2067.6,0.0,16.83,15.1,34.9,37.5,36.1,36.4,37.5,37.1,37.9,36.6,50.9,50.7,22.3,24.4,24.6,28.1,41.0,36.0,25.0,0.2,0.2,0.0,6.0,6.0,4.0,0.0,23.0,22.0,23.0,55.0,56.0,82.0,24.0,24.0,300.0,0.0,0.0,0.0,0.0,0.0,0.0,0.0,0.0,0.0
12.45,124.99,0.53,0.51,0.5,9.72,8.82,9.12,12.45,0.1,0.0,-0.05,172.0,8.4,33.0,1.0,1.0,721.0,685.0,872.0,0.0,856.0,12.44,997.9,681.0,28.8,30.4,0.2,2.1,2067.6,0.0,16.83,15.0,35.1,37.7,36.3,36.6,37.7,37.3,38.2,36.8,51.0,50.9,22.3,24.5,24.6,28.1,39.0,34.0,25.0,0.0,0.0,0.0,6.0,6.0,4.0,0.0,23.0,22.0,23.0,56.0,56.0,82.0,24.0,24.0,300.0,0.0,0.0,0.0,0.0,0.0,0.0,0.0,0.0,0.0
12.69,316.01,0.52,0.51,0.5,9.48,10.42,10.86,12.69,3.9,0.07,-0.01,172.1,7.6,32.0,1.0,1.0,751.0,686.0,914.0,0.0,913.0,12.66,1033.1,707.0,33.8,33.3,0.3,2.1,2067.6,0.0,16.83,15.1,34.9,37.5,36.1,36.4,37.5,37.1,37.9,36.6,50.9,50.7,22.3,24.4,24.6,28.1,41.0,36.0,25.0,0.0,0.0,0.0,6.0,6.0,4.0,0.0,23.0,22.0,23.0,55.0,56.0,82.0,24.0,24.0,300.0,0.0,0.0,0.0,0.0,0.0,0.0,0.0,0.0,0.0
12.27,222.98,0.53,0.51,0.5,8.48,8.66,9.88,12.3,-1.5,0.04,0.02,172.0,7.8,34.0,1.0,1.0,699.0,685.0,846.0,-2.0,842.0,12.28,972.7,664.0,30.8,31.0,0.2,2.2,2067.6,0.0,16.83,14.8,35.2,37.8,36.4,36.7,37.8,37.4,38.3,37.1,51.2,51.1,22.3,24.3,24.7,28.1,40.0,35.0,25.0,0.0,0.2,0.0,6.0,6.0,4.0,0.0,23.0,22.0,23.0,57.0,56.0,82.0,24.0,24.0,300.0,0.0,0.0,0.0,0.0,0.0,0.0,0.0,0.0,0.0
12.72,339.98,0.53,0.51,0.5,10.74,11.08,11.9,12.75,1.2,0.05,0.0,172.1,7.1,33.0,1.0,1.0,770.0,685.0,932.0,0.0,934.0,12.7,1043.8,714.0,32.0,32.7,0.2,2.1,2067.6,0.0,16.83,15.1,34.9,37.5,36.1,36.4,37.5,37.1,37.9,36.7,50.9,50.7,22.3,24.4,24.6,28.1,42.0,36.0,25.0,0.0,-0.2,0.0,6.0,6.0,4.0,0.0,23.0,22.0,23.0,55.0,56.0,82.0,24.0,24.0,300.0,0.0,0.0,0.0,0.0,0.0,0.0,0.0,0.0,0.0
12.56,299.02,0.53,0.51,0.5,8.46,9.66,10.22,12.57,3.1,0.08,0.11,172.0,7.7,31.0,1.0,1.0,738.0,685.0,892.0,0.0,883.0,12.54,1014.4,694.0,30.2,31.1,0.2,2.2,2067.6,0.0,16.83,14.9,35.1,37.7,36.3,36.6,37.7,37.4,38.2,36.9,51.1,50.9,22.3,24.4,24.6,28.1,39.0,34.0,25.0,0.0,0.0,0.0,6.0,6.0,4.0,0.0,23.0,22.0,23.0,56.0,56.0,81.0,24.0,24.0,300.0,0.0,0.0,0.0,0.0,0.0,0.0,0.0,0.0,0.0
12.65,308.99,0.53,0.51,0.5,9.98,10.92,11.48,12.62,-1.4,0.08,0.09,172.0,7.6,33.0,1.0,1.0,752.0,685.0,905.0,0.0,905.0,12.62,1027.8,702.0,32.2,31.0,0.2,2.1,2067.6,0.0,16.83,14.8,35.1,37.7,36.3,36.6,37.7,37.4,38.2,37.0,51.1,51.0,22.3,24.3,24.6,28.2,40.0,35.0,25.0,0.0,0.0,-0.3,6.0,6.0,4.0,0.0,23.0,22.0,23.0,57.0,56.0,81.0,24.0,24.0,300.0,0.0,0.0,0.0,0.0,0.0,0.0,0.0,0.0,0.0
12.51,88.99,0.53,0.51,0.5,9.04,8.52,9.2,12.55,4.2,0.04,-0.08,172.0,7.0,31.0,1.0,1.0,739.0,685.0,892.0,0.0,881.0,12.52,1017.8,692.0,31.4,31.3,0.2,2.1,2067.6,0.0,16.83,14.9,35.1,37.7,36.3,36.6,37.7,37.4,38.1,36.9,51.1,51.0,22.3,24.4,24.6,28.1,39.0,34.0,25.0,0.0,0.2,0.0,6.0,6.0,4.0,0.0,23.0,22.0,23.0,56.0,56.0,81.0,24.0,24.0,300.0,0.0,0.0,0.0,0.0,0.0,0.0,0.0,0.0,0.0
12.54,92.99,0.53,0.51,0.5,10.04,8.9,9.86,12.57,10.3,0.04,-0.03,171.9,7.9,29.0,1.0,1.0,745.0,685.0,899.0,0.0,892.0,12.56,1018.3,696.0,32.8,31.8,0.2,2.2,2067.6,0.0,16.83,14.8,35.1,37.8,36.4,36.6,37.8,37.4,38.2,37.0,51.2,51.1,22.3,24.3,24.7,28.2,41.0,36.0,25.0,0.0,0.0,0.0,6.0,6.0,4.0,0.0,23.0,22.0,23.0,57.0,56.0,82.0,24.0,24.0,300.0,0.0,0.0,0.0,0.0,0.0,0.0,0.0,0.0,0.0
12.56,317.99,0.53,0.51,0.5,8.9,10.42,10.46,12.53,2.5,0.0,-0.02,172.0,8.7,30.0,1.0,1.0,733.0,685.0,893.0,0.0,881.0,12.52,1013.7,691.0,33.8,33.4,0.2,2.1,2067.6,0.0,16.83,14.8,35.1,37.8,36.4,36.6,37.8,37.4,38.3,37.0,51.1,51.1,22.3,24.3,24.7,28.1,41.0,36.0,25.0,0.2,0.0,0.0,6.0,6.0,4.0,0.0,23.0,22.0,23.0,57.0,56.0,82.0,24.0,24.0,300.0,0.0,0.0,0.0,0.0,0.0,0.0,0.0,0.0,0.0
12.69,193.0,0.53,0.51,0.5,9.64,9.26,10.84,12.76,5.9,0.01,0.02,171.9,7.4,31.0,1.0,1.0,781.0,685.0,945.0,0.0,950.0,12.7,1052.8,718.0,33.0,31.6,0.3,2.1,2067.6,0.0,16.83,14.7,35.4,38.0,36.6,36.9,38.0,37.7,38.5,37.2,51.3,51.2,22.3,24.4,24.7,28.2,42.0,36.0,25.0,-0.2,0.0,0.0,6.0,6.0,4.0,0.0,23.0,22.0,23.0,59.0,56.0,82.0,24.0,24.0,300.0,0.0,0.0,0.0,0.0,0.0,0.0,0.0,0.0,0.0
12.52,92.99,0.53,0.51,0.5,11.06,9.08,10.22,12.57,-2.3,0.01,-0.05,172.0,8.8,34.0,1.0,1.0,729.0,685.0,881.0,0.0,874.0,12.54,1010.8,691.0,29.7,31.1,0.2,2.1,2067.6,0.0,16.83,14.9,35.1,37.7,36.3,36.6,37.7,37.3,38.1,36.9,51.0,50.9,22.3,24.5,24.6,28.1,39.0,34.0,25.0,0.0,0.0,-0.5,6.0,6.0,4.0,0.0,23.0,22.0,23.0,56.0,56.0,82.0,24.0,24.0,300.0,0.0,0.0,0.0,0.0,0.0,0.0,0.0,0.0,0.0
12.75,177.98,0.53,0.51,0.5,9.08,8.46,10.2,12.76,-0.4,0.03,-0.01,172.1,8.8,34.0,1.0,1.0,766.0,685.0,932.0,0.0,914.0,12.74,1046.4,715.0,32.5,32.6,0.2,2.1,2067.6,0.0,16.83,15.0,34.9,37.6,36.2,36.4,37.6,37.2,38.0,36.7,50.9,50.8,22.3,24.4,24.6,28.1,41.0,36.0,25.0,0.0,0.0,0.5,6.0,6.0,4.0,0.0,23.0,22.0,23.0,55.0,56.0,82.0,24.0,24.0,300.0,0.0,0.0,0.0,0.0,0.0,0.0,0.0,0.0,0.0
12.38,42.01,0.53,0.51,0.5,10.22,9.76,10.66,12.39,3.6,0.0,-0.03,172.0,7.0,33.0,1.0,1.0,717.0,685.0,864.0,-2.0,871.0,12.38,992.0,676.0,30.2,30.2,0.3,2.0,2067.6,0.0,16.83,15.0,35.1,37.7,36.3,36.6,37.7,37.3,38.1,36.8,51.0,50.9,22.3,24.4,24.7,28.2,40.0,35.0,25.0,0.0,0.0,0.0,6.0,6.0,4.0,0.0,23.0,22.0,23.0,55.0,56.0,82.0,24.0,24.0,300.0,0.0,0.0,0.0,0.0,0.0,0.0,0.0,0.0,0.0
12.57,97.99,0.53,0.51,0.5,10.22,8.96,9.64,12.59,9.5,0.07,0.02,172.0,7.6,29.0,1.0,1.0,736.0,685.0,892.0,0.0,881.0,12.58,1011.7,692.0,31.1,31.8,0.2,2.1,2067.6,0.0,16.83,14.8,35.2,37.8,36.4,36.7,37.8,37.5,38.4,37.1,51.2,51.1,22.3,24.4,24.7,28.2,39.0,34.0,25.0,0.5,0.2,0.0,6.0,6.0,4.0,0.0,23.0,22.0,23.0,57.0,56.0,82.0,24.0,24.0,300.0,0.0,0.0,0.0,0.0,0.0,0.0,0.0,0.0,0.0
12.7,259.99,0.52,0.51,0.5,7.6,9.28,10.86,12.68,9.4,-0.02,0.08,171.9,8.3,30.0,1.0,1.0,766.0,684.0,930.0,-2.0,930.0,12.68,1044.1,713.0,31.6,31.9,0.2,2.1,2067.6,0.0,16.83,14.7,35.3,37.9,36.5,36.8,37.9,37.5,38.4,37.1,51.3,51.2,22.3,24.4,24.7,28.2,40.0,35.0,25.0,0.0,0.6,0.0,6.0,6.0,4.0,0.0,23.0,22.0,23.0,58.0,56.0,82.0,24.0,24.0,300.0,0.0,0.0,0.0,0.0,0.0,0.0,0.0,0.0,0.0
12.78,164.99,0.53,0.51,0.5,9.56,8.74,10.0,12.77,2.0,0.05,0.01,172.1,6.7,34.0,1.0,1.0,782.0,685.0,951.0,0.0,933.0,12.76,1058.8,723.0,32.9,33.6,0.3,2.1,2067.6,0.0,16.83,15.1,34.9,37.5,36.1,36.4,37.5,37.1,38.0,36.6,50.9,50.7,22.3,24.4,24.6,28.1,41.0,36.0,25.0,0.0,0.0,0.4,6.0,6.0,4.0,0.0,23.0,22.0,23.0,55.0,56.0,82.0,24.0,24.0,300.0,0.0,0.0,0.0,0.0,0.0,0.0,0.0,0.0,0.0
12.59,231.98,0.53,0.51,0.5,10.02,10.5,11.9,12.62,-2.4,0.02,0.06,172.0,8.8,34.0,1.0,1.0,755.0,685.0,913.0,0.0,906.0,12.58,1029.0,701.0,30.0,30.9,0.2,2.1,2067.6,0.0,16.83,15.0,35.1,37.7,36.3,36.6,37.7,37.3,38.1,36.9,51.0,50.9,22.3,24.5,24.6,28.1,39.0,33.0,25.0,-0.7,0.0,-0.5,6.0,6.0,4.0,0.0,23.0,22.0,23.0,56.0,56.0,82.0,24.0,24.0,300.0,0.0,0.0,0.0,0.0,0.0,0.0,0.0,0.0,0.0
12.28,43.99,0.53,0.51,0.5,10.64,10.2,11.32,12.28,7.0,0.02,0.05,172.0,7.0,31.0,1.0,1.0,681.0,684.0,829.0,0.0,819.0,12.28,961.5,658.0,30.1,31.7,0.2,2.1,2067.6,0.0,16.83,14.8,35.2,37.8,36.4,36.7,37.8,37.4,38.3,37.1,51.2,51.1,22.3,24.3,24.7,28.1,39.0,34.0,25.0,0.0,-0.5,-0.3,6.0,6.0,4.0,0.0,23.0,22.0,23.0,57.0,56.0,82.0,24.0,24.0,300.0,0.0,0.0,0.0,0.0,0.0,0.0,0.0,0.0,0.0
12.52,148.0,0.53,0.51,0.5,10.86,10.42,11.58,12.53,3.3,-0.01,0.0,172.0,7.8,31.0,1.0,1.0,736.0,685.0,887.0,0.0,872.0,12.52,1010.5,691.0,30.5,30.4,0.3,2.1,2067.6,0.0,16.83,14.9,35.1,37.7,36.3,36.6,37.7,37.4,38.2,36.9,51.1,50.9,22.3,24.4,24.6,28.1,39.0,34.0,25.0,-0.5,-0.2,0.0,6.0,6.0,4.0,0.0,23.0,22.0,23.0,56.0,56.0,81.0,24.0,24.0,300.0,0.0,0.0,0.0,0.0,0.0,0.0,0.0,0.0,0.0
12.73,96.01,0.53,0.51,0.5,10.36,9.54,10.02,12.78,-4.7,-0.03,-0.03,172.0,8.0,37.0,1.0,1.0,780.0,685.0,948.0,0.0,932.0,12.74,1057.0,722.0,31.4,32.4,0.2,2.1,2067.6,0.0,16.83,15.0,35.0,37.6,36.3,36.5,37.6,37.3,38.0,36.8,51.0,50.8,22.3,24.4,24.6,28.2,41.0,35.0,25.0,0.5,0.0,0.0,6.0,6.0,4.0,0.0,23.0,22.0,23.0,55.0,56.0,81.0,24.0,24.0,300.0,0.0,0.0,0.0,0.0,0.0,0.0,0.0,0.0,0.0
12.81,295.99,0.53,0.51,0.5,10.2,11.66,12.14,12.81,-3.1,0.05,0.03,172.0,7.4,37.0,1.0,1.0,793.0,685.0,957.0,-2.0,947.0,12.78,1065.3,727.0,31.4,31.5,0.2,2.1,2067.6,0.0,16.83,15.0,35.0,37.6,36.3,36.5,37.6,37.3,38.0,36.7,51.0,50.8,22.3,24.3,24.6,28.2,41.0,35.0,25.0,-0.2,-0.3,0.0,6.0,6.0,4.0,0.0,23.0,22.0,23.0,55.0,56.0,82.0,24.0,24.0,300.0,0.0,0.0,0.0,0.0,0.0,0.0,0.0,0.0,0.0
12.66,334.01,0.53,0.51,0.5,8.76,9.48,9.88,12.68,-5.9,0.01,-0.01,171.9,8.5,32.0,1.0,1.0,754.0,685.0,913.0,0.0,908.0,12.64,1031.2,706.0,30.4,31.3,0.2,2.1,2067.6,0.0,16.83,14.8,35.2,37.8,36.4,36.7,37.8,37.5,38.4,37.1,51.2,51.1,22.3,24.4,24.7,28.2,39.0,34.0,25.0,0.2,0.0,0.0,6.0,6.0,4.0,0.0,23.0,22.0,23.0,58.0,56.0,82.0,24.0,24.0,300.0,0.0,0.0,0.0,0.0,0.0,0.0,0.0,0.0,0.0
12.59,141.98,0.53,0.51,0.5,11.24,10.3,11.66,12.62,0.2,-0.01,0.09,172.0,7.5,34.0,1.0,1.0,753.0,685.0,913.0,0.0,903.0,12.6,1031.0,704.0,30.2,29.7,0.2,2.1,2067.6,0.0,16.83,14.9,35.1,37.7,36.3,36.6,37.7,37.3,38.1,36.9,51.0,50.9,22.3,24.4,24.6,28.1,38.0,33.0,25.0,-0.2,-0.2,-0.3,6.0,6.0,4.0,0.0,23.0,22.0,23.0,56.0,56.0,82.0,24.0,24.0,300.0,0.0,0.0,0.0,0.0,0.0,0.0,0.0,0.0,0.0
12.63,61.99,0.53,0.51,0.5,9.78,8.68,9.26,12.64,3.7,0.06,-0.02,172.0,8.1,31.0,1.0,1.0,757.0,685.0,916.0,0.0,908.0,12.62,1029.1,703.0,29.9,30.5,0.3,2.0,2067.6,0.0,16.83,14.8,35.2,37.8,36.4,36.7,37.8,37.5,38.4,37.1,51.2,51.1,22.3,24.4,24.7,28.2,40.0,34.0,25.0,0.4,0.0,0.0,6.0,6.0,4.0,0.0,23.0,22.0,23.0,58.0,56.0,82.0,24.0,24.0,300.0,0.0,0.0,0.0,0.0,0.0,0.0,0.0,0.0,0.0
12.89,36.0,0.53,0.51,0.5,9.7,9.12,9.58,12.89,-20.6,0.03,0.01,172.1,6.7,37.0,1.0,1.0,809.0,686.0,982.0,0.0,976.0,12.88,1083.7,741.0,31.5,32.1,0.2,2.1,2067.6,0.0,16.83,15.0,35.0,37.6,36.2,36.5,37.6,37.2,37.9,36.7,51.0,50.8,22.3,24.4,24.6,28.2,41.0,36.0,25.0,0.9,0.0,0.2,6.0,6.0,4.0,0.0,23.0,22.0,23.0,55.0,56.0,82.0,24.0,24.0,300.0,0.0,0.0,0.0,0.0,0.0,0.0,0.0,0.0,0.0
12.45,112.0,0.53,0.51,0.5,9.84,8.94,9.28,12.49,-0.4,-0.02,0.08,172.1,7.1,33.0,1.0,1.0,727.0,685.0,880.0,0.0,862.0,12.48,1002.8,685.0,29.8,31.1,0.2,2.1,2067.6,0.0,16.83,15.0,35.1,37.7,36.3,36.6,37.7,37.3,38.1,36.8,51.0,50.9,22.3,24.4,24.6,28.1,39.0,34.0,25.0,0.2,0.0,0.0,6.0,6.0,4.0,0.0,23.0,22.0,23.0,56.0,56.0,82.0,24.0,24.0,300.0,0.0,0.0,0.0,0.0,0.0,0.0,0.0,0.0,0.0
13.01,52.99,0.53,0.51,0.5,11.4,8.52,11.4,12.99,1.1,0.06,-0.03,171.9,8.4,32.0,1.0,1.0,816.0,685.0,984.0,0.0,984.0,12.98,1094.0,747.0,31.6,31.5,0.2,2.1,2067.6,0.0,16.83,14.7,35.5,38.1,36.6,37.0,38.1,37.7,38.5,37.2,51.4,51.2,22.3,24.4,24.7,28.2,42.0,36.0,25.0,0.3,0.0,0.0,6.0,6.0,4.0,0.0,23.0,22.0,23.0,59.0,56.0,82.0,24.0,24.0,300.0,0.0,0.0,0.0,0.0,0.0,0.0,0.0,0.0,0.0
12.96,245.99,0.53,0.51,0.5,8.92,9.34,9.84,12.99,0.6,-0.04,0.03,171.8,7.9,31.0,1.0,1.0,829.0,685.0,1002.0,0.0,998.0,12.96,1100.9,752.0,30.2,32.2,0.2,2.1,2067.6,0.0,16.83,14.7,35.5,38.1,36.7,37.0,38.1,37.7,38.5,37.2,51.4,51.2,22.3,24.4,24.7,28.2,42.0,36.0,25.0,0.0,0.4,0.0,6.0,6.0,4.0,0.0,23.0,22.0,23.0,59.0,56.0,82.0,24.0,24.0,300.0,0.0,0.0,0.0,0.0,0.0,0.0,0.0,0.0,0.0
13.06,36.0,0.53,0.51,0.5,11.9,10.86,11.56,13.08,-2.4,-0.02,0.02,171.9,8.5,32.0,1.0,1.0,842.0,685.0,1017.0,0.0,1000.0,13.06,1118.1,762.0,31.1,30.1,0.3,2.1,2067.6,0.0,16.83,14.8,35.4,38.0,36.6,36.9,38.0,37.6,38.5,37.2,51.3,51.2,22.3,24.4,24.7,28.2,41.0,36.0,25.0,0.0,-0.5,-0.3,6.0,6.0,4.0,0.0,23.0,22.0,23.0,59.0,56.0,82.0,24.0,24.0,300.0,0.0,0.0,0.0,0.0,0.0,0.0,0.0,0.0,0.0
12.78,218.99,0.53,0.51,0.5,8.94,8.82,10.56,12.82,-5.9,-0.01,-0.05,172.1,8.0,37.0,1.0,1.0,796.0,685.0,966.0,0.0,954.0,12.8,1069.2,731.0,29.7,30.9,0.2,2.1,2067.6,0.0,16.83,15.1,35.0,37.6,36.2,36.5,37.6,37.3,38.0,36.8,51.0,50.8,22.3,24.3,24.6,28.2,41.0,35.0,25.0,0.0,0.2,0.0,6.0,6.0,4.0,0.0,23.0,22.0,23.0,55.0,56.0,82.0,24.0,24.0,300.0,0.0,0.0,0.0,0.0,0.0,0.0,0.0,0.0,0.0
12.69,263.02,0.53,0.51,0.5,8.42,8.82,9.78,12.71,1.7,-0.02,-0.01,172.1,7.9,33.0,1.0,1.0,769.0,685.0,933.0,-2.0,937.0,12.7,1046.4,715.0,31.9,32.0,0.2,2.1,2067.6,0.0,16.83,15.1,34.9,37.5,36.1,36.4,37.5,37.1,38.0,36.6,50.9,50.7,22.3,24.4,24.6,28.1,42.0,36.0,25.0,0.0,0.4,0.2,6.0,6.0,4.0,0.0,23.0,22.0,23.0,55.0,56.0,82.0,24.0,24.0,300.0,0.0,0.0,0.0,0.0,0.0,0.0,0.0,0.0,0.0
12.78,11.99,0.53,0.51,0.5,9.74,10.0,10.92,12.75,-6.5,0.01,0.06,172.1,7.8,38.0,1.0,1.0,789.0,685.0,951.0,-2.0,939.0,12.74,1062.2,724.0,31.2,32.5,0.2,2.1,2067.6,0.0,16.83,15.0,35.0,37.6,36.3,36.5,37.6,37.3,38.0,36.8,51.0,50.8,22.3,24.4,24.6,28.2,41.0,35.0,25.0,0.2,0.0,0.0,6.0,6.0,4.0,0.0,23.0,22.0,23.0,55.0,56.0,82.0,24.0,24.0,300.0,0.0,0.0,0.0,0.0,0.0,0.0,0.0,0.0,0.0
12.78,128.02,0.53,0.51,0.5,10.16,9.04,9.88,12.82,-4.1,-0.02,-0.03,171.9,9.0,33.0,1.0,1.0,783.0,685.0,953.0,0.0,937.0,12.78,1061.5,725.0,29.1,29.3,0.2,2.1,2067.6,0.0,16.83,14.8,35.2,37.9,36.4,36.7,37.8,37.5,38.3,37.1,51.2,51.2,22.3,24.4,24.7,28.2,39.0,34.0,25.0,0.0,0.0,0.2,6.0,6.0,4.0,0.0,23.0,22.0,23.0,58.0,56.0,82.0,24.0,24.0,300.0,0.0,0.0,0.0,0.0,0.0,0.0,0.0,0.0,0.0
12.89,308.02,0.53,0.51,0.5,8.64,9.74,10.18,12.89,6.6,0.09,0.04,172.0,7.0,32.0,1.0,1.0,806.0,684.0,976.0,0.0,964.0,12.86,1078.2,736.0,32.1,31.5,0.2,2.1,2067.6,0.0,16.83,14.8,35.4,38.0,36.6,36.8,38.0,37.6,38.4,37.2,51.3,51.2,22.3,24.5,24.7,28.2,41.0,36.0,25.0,0.2,0.2,-0.2,6.0,6.0,4.0,0.0,23.0,22.0,23.0,58.0,56.0,82.0,24.0,24.0,300.0,0.0,0.0,0.0,0.0,0.0,0.0,0.0,0.0,0.0
12.52,140.0,0.53,0.51,0.5,11.04,10.32,11.24,12.55,4.5,0.03,-0.03,172.0,7.7,31.0,1.0,1.0,728.0,685.0,877.0,0.0,863.0,12.5,1002.1,685.0,32.4,31.5,0.3,2.2,2067.6,0.0,16.83,14.8,35.1,37.7,36.3,36.6,37.7,37.4,38.2,37.0,51.1,51.0,22.3,24.3,24.6,28.1,39.0,35.0,25.0,-0.5,-0.2,-0.5,6.0,6.0,4.0,0.0,23.0,22.0,23.0,57.0,56.0,81.0,24.0,24.0,300.0,0.0,0.0,0.0,0.0,0.0,0.0,0.0,0.0,0.0
12.36,191.99,0.52,0.51,0.5,8.0,8.22,9.92,12.41,5.3,0.03,0.03,172.0,7.9,31.0,1.0,1.0,697.0,685.0,838.0,0.0,835.0,12.36,972.2,665.0,30.2,30.1,0.2,2.1,2067.6,0.0,16.83,14.8,35.2,37.8,36.4,36.7,37.8,37.5,38.4,37.1,51.2,51.1,22.3,24.3,24.7,28.2,39.0,34.0,25.0,-0.2,0.2,0.4,6.0,6.0,4.0,0.0,23.0,22.0,23.0,57.0,56.0,82.0,24.0,24.0,300.0,0.0,0.0,0.0,0.0,0.0,0.0,0.0,0.0,0.0
12.49,238.0,0.53,0.51,0.5,8.74,8.9,9.84,12.53,-2.1,-0.05,0.06,172.0,7.6,33.0,1.0,1.0,735.0,685.0,887.0,0.0,875.0,12.5,1010.7,691.0,32.5,31.4,0.2,2.1,2067.6,0.0,16.83,14.8,35.1,37.7,36.3,36.6,37.7,37.4,38.3,37.0,51.1,51.0,22.3,24.3,24.6,28.1,39.0,34.0,25.0,0.0,0.0,0.0,6.0,6.0,4.0,0.0,23.0,22.0,23.0,56.0,56.0,82.0,24.0,24.0,300.0,0.0,0.0,0.0,0.0,0.0,0.0,0.0,0.0,0.0
12.94,29.02,0.53,0.51,0.5,11.12,10.16,11.72,12.98,-1.9,0.02,-0.02,172.1,7.7,35.0,1.0,1.0,821.0,685.0,996.0,0.0,993.0,12.94,1095.8,747.0,31.6,32.3,0.2,2.1,2067.6,0.0,16.83,15.0,35.0,37.6,36.2,36.5,37.6,37.2,38.0,36.7,50.9,50.8,22.3,24.4,24.6,28.1,41.0,36.0,25.0,0.4,-0.2,0.0,6.0,6.0,4.0,0.0,23.0,22.0,23.0,55.0,56.0,81.0,24.0,24.0,300.0,0.0,0.0,0.0,0.0,0.0,0.0,0.0,0.0,0.0
12.6,316.01,0.53,0.51,0.5,8.18,9.18,9.46,12.59,2.9,0.05,0.0,172.0,7.0,30.0,1.0,1.0,747.0,685.0,902.0,-2.0,901.0,12.58,1023.8,699.0,29.7,30.4,0.2,2.1,2067.6,0.0,16.83,14.8,35.2,37.8,36.4,36.7,37.8,37.5,38.4,37.1,51.2,51.1,22.3,24.4,24.7,28.2,39.0,34.0,25.0,0.2,0.2,0.2,6.0,6.0,4.0,0.0,23.0,22.0,23.0,58.0,56.0,82.0,24.0,24.0,300.0,0.0,0.0,0.0,0.0,0.0,0.0,0.0,0.0,0.0
12.33,167.0,0.53,0.51,0.5,8.54,7.96,9.34,12.35,6.1,0.04,-0.01,171.9,6.4,33.0,1.0,1.0,697.0,685.0,843.0,0.0,840.0,12.34,972.0,666.0,30.9,31.4,0.3,2.1,2067.6,0.0,16.83,14.8,35.2,37.8,36.4,36.7,37.8,37.4,38.3,37.1,51.2,51.1,22.3,24.3,24.7,28.1,40.0,35.0,25.0,0.0,0.0,0.2,6.0,6.0,4.0,0.0,23.0,22.0,23.0,57.0,56.0,81.0,24.0,24.0,300.0,0.0,0.0,0.0,0.0,0.0,0.0,0.0,0.0,0.0
12.89,191.02,0.53,0.51,0.5,9.3,8.96,10.18,12.92,-19.9,0.1,0.06,172.1,9.1,38.0,1.0,1.0,801.0,686.0,978.0,0.0,970.0,12.88,1081.1,737.0,30.2,32.5,0.2,2.2,2067.6,0.0,16.83,15.0,35.0,37.6,36.2,36.5,37.6,37.2,38.0,36.7,50.9,50.8,22.3,24.5,24.6,28.2,41.0,36.0,25.0,0.0,0.0,0.2,6.0,6.0,4.0,0.0,23.0,22.0,23.0,55.0,56.0,82.0,24.0,24.0,300.0,0.0,0.0,0.0,0.0,0.0,0.0,0.0,0.0,0.0
12.4,234.0,0.52,0.51,0.5,9.34,10.0,11.1,12.44,4.2,0.1,0.09,172.0,6.6,33.0,1.0,1.0,724.0,685.0,878.0,0.0,862.0,12.42,999.9,683.0,30.5,31.6,0.2,2.1,2067.6,0.0,16.83,15.0,35.1,37.7,36.3,36.6,37.7,37.3,38.1,36.8,51.0,50.9,22.3,24.4,24.6,28.1,39.0,34.0,25.0,0.0,0.0,0.0,6.0,6.0,4.0,0.0,23.0,22.0,23.0,56.0,56.0,81.0,24.0,24.0,300.0,0.0,0.0,0.0,0.0,0.0,0.0,0.0,0.0,0.0
12.9,126.0,0.53,0.51,0.5,11.16,9.74,10.48,12.92,-4.2,0.03,0.0,172.1,8.1,35.0,1.0,1.0,798.0,685.0,965.0,2.0,955.0,12.92,1078.1,737.0,32.1,31.2,0.2,2.2,2067.6,0.0,16.83,15.0,35.0,37.6,36.2,36.4,37.6,37.2,37.9,36.7,50.9,50.8,22.3,24.4,24.6,28.1,41.0,36.0,25.0,0.0,0.0,0.0,6.0,6.0,4.0,0.0,23.0,22.0,23.0,55.0,56.0,82.0,24.0,24.0,300.0,0.0,0.0,0.0,0.0,0.0,0.0,0.0,0.0,0.0
12.84,52.99,0.53,0.51,0.5,11.06,10.66,11.46,12.83,-8.4,-0.02,0.0,172.1,9.2,36.0,1.0,1.0,787.0,685.0,945.0,0.0,934.0,12.82,1061.3,726.0,31.8,30.9,0.3,2.1,2067.6,0.0,16.83,15.1,34.9,37.6,36.2,36.4,37.6,37.2,38.0,36.7,50.9,50.8,22.3,24.5,24.6,28.1,41.0,36.0,25.0,0.0,-0.2,-0.3,6.0,6.0,4.0,0.0,23.0,22.0,23.0,55.0,56.0,81.0,24.0,24.0,300.0,0.0,0.0,0.0,0.0,0.0,0.0,0.0,0.0,0.0
12.69,32.0,0.53,0.51,0.5,9.62,8.68,10.14,12.67,3.0,-0.03,0.03,172.1,8.8,32.0,1.0,1.0,759.0,685.0,913.0,0.0,916.0,12.66,1039.0,710.0,34.1,33.5,0.2,2.2,2067.6,0.0,16.83,15.0,34.9,37.5,36.1,36.4,37.5,37.1,37.9,36.6,50.9,50.8,22.3,24.4,24.6,28.1,41.0,36.0,25.0,0.4,0.0,0.0,6.0,6.0,4.0,0.0,23.0,22.0,23.0,55.0,56.0,82.0,24.0,24.0,300.0,0.0,0.0,0.0,0.0,0.0,0.0,0.0,0.0,0.0
12.61,155.99,0.53,0.51,0.5,8.86,8.5,10.98,12.64,-0.3,0.04,0.02,172.0,7.6,33.0,1.0,1.0,757.0,685.0,913.0,-2.0,914.0,12.64,1031.8,706.0,32.8,33.2,0.2,2.2,2067.6,0.0,16.83,14.8,35.1,37.7,36.4,36.6,37.7,37.4,38.2,37.0,51.1,51.0,22.3,24.3,24.7,28.2,40.0,35.0,25.0,-0.2,0.2,0.2,6.0,6.0,4.0,0.0,23.0,22.0,23.0,57.0,56.0,82.0,24.0,24.0,300.0,0.0,0.0,0.0,0.0,0.0,0.0,0.0,0.0,0.0
12.84,78.98,0.53,0.51,0.5,12.5,9.92,11.44,12.83,-2.6,0.04,0.03,172.1,8.5,35.0,1.0,1.0,803.0,685.0,969.0,0.0,959.0,12.84,1075.5,734.0,31.8,32.8,0.3,2.2,2067.6,0.0,16.83,15.1,35.0,37.6,36.2,36.4,37.6,37.2,38.0,36.7,50.9,50.8,22.3,24.4,24.6,28.1,41.0,36.0,25.0,0.0,-0.2,-0.5,6.0,6.0,4.0,0.0,23.0,22.0,23.0,55.0,56.0,81.0,24.0,24.0,300.0,0.0,0.0,0.0,0.0,0.0,0.0,0.0,0.0,0.0
12.48,321.98,0.53,0.51,0.5,8.14,9.12,10.56,12.48,0.7,0.03,0.05,172.0,8.4,33.0,1.0,1.0,720.0,685.0,869.0,0.0,856.0,12.46,997.9,683.0,30.0,30.1,0.3,2.1,2067.6,0.0,16.83,15.0,35.1,37.7,36.3,36.6,37.7,37.3,38.1,36.8,51.0,50.9,22.3,24.4,24.6,28.1,39.0,34.0,25.0,0.4,0.6,0.0,6.0,6.0,4.0,0.0,23.0,22.0,23.0,56.0,56.0,82.0,24.0,24.0,300.0,0.0,0.0,0.0,0.0,0.0,0.0,0.0,0.0,0.0
12.75,249.01,0.52,0.51,0.5,9.44,10.1,11.66,12.75,-1.5,0.02,0.04,172.0,7.5,37.0,1.0,1.0,779.0,685.0,944.0,0.0,926.0,12.72,1050.8,719.0,29.7,31.6,0.1,2.1,2067.6,0.0,16.83,15.0,35.0,37.7,36.3,36.5,37.6,37.3,38.1,36.8,51.0,50.8,22.3,24.4,24.6,28.2,41.0,35.0,25.0,0.0,0.0,0.0,6.0,6.0,4.0,0.0,23.0,22.0,23.0,55.0,56.0,81.0,24.0,24.0,300.0,0.0,0.0,0.0,0.0,0.0,0.0,0.0,0.0,0.0
12.61,232.99,0.53,0.51,0.5,8.28,9.0,10.14,12.63,-2.2,-0.04,-0.01,172.0,8.4,33.0,1.0,1.0,745.0,685.0,908.0,0.0,904.0,12.62,1030.9,703.0,32.1,30.3,0.3,2.2,2067.6,0.0,16.83,14.8,35.1,37.7,36.3,36.6,37.7,37.4,38.2,37.0,51.1,51.0,22.3,24.3,24.6,28.2,40.0,35.0,25.0,0.0,0.0,0.0,6.0,6.0,4.0,0.0,23.0,22.0,23.0,57.0,56.0,81.0,24.0,24.0,300.0,0.0,0.0,0.0,0.0,0.0,0.0,0.0,0.0,0.0
12.45,214.99,0.53,0.51,0.5,8.88,8.74,9.7,12.46,4.3,0.05,-0.01,172.0,7.7,31.0,1.0,1.0,714.0,685.0,864.0,2.0,846.0,12.46,993.7,679.0,31.9,32.5,0.3,2.0,2067.6,0.0,16.83,14.8,35.1,37.7,36.3,36.6,37.7,37.4,38.2,37.0,51.1,51.0,22.3,24.3,24.6,28.1,39.0,34.0,25.0,0.0,0.0,0.0,6.0,6.0,4.0,0.0,23.0,22.0,23.0,56.0,56.0,82.0,24.0,24.0,300.0,0.0,0.0,0.0,0.0,0.0,0.0,0.0,0.0,0.0
12.57,168.01,0.53,0.51,0.5,9.82,9.82,11.18,12.57,-1.3,0.03,-0.02,172.1,8.0,33.0,1.0,1.0,738.0,685.0,892.0,0.0,880.0,12.56,1016.2,694.0,28.6,28.3,0.1,2.2,2067.6,0.0,16.83,14.9,35.1,37.7,36.3,36.6,37.7,37.3,38.1,36.9,51.0,50.9,22.3,24.5,24.6,28.1,39.0,34.0,25.0,-0.6,-0.2,0.0,6.0,6.0,4.0,0.0,23.0,22.0,23.0,56.0,56.0,82.0,24.0,24.0,300.0,0.0,0.0,0.0,0.0,0.0,0.0,0.0,0.0,0.0
13.01,130.0,0.53,0.51,0.5,10.08,8.52,11.38,13.01,3.0,0.0,0.01,171.8,7.8,31.0,1.0,1.0,822.0,685.0,991.0,2.0,990.0,12.98,1098.1,750.0,31.7,33.9,0.3,2.1,2067.6,0.0,16.83,14.7,35.5,38.0,36.6,36.9,38.1,37.7,38.4,37.2,51.4,51.2,22.3,24.4,24.7,28.2,42.0,36.0,25.0,-0.2,0.0,0.3,6.0,6.0,4.0,0.0,23.0,22.0,23.0,59.0,56.0,82.0,24.0,24.0,300.0,0.0,0.0,0.0,0.0,0.0,0.0,0.0,0.0,0.0
12.93,285.01,0.53,0.51,0.5,8.64,9.88,10.68,12.9,-2.7,0.12,-0.03,172.1,7.7,35.0,1.0,1.0,802.0,686.0,970.0,0.0,960.0,12.88,1076.0,736.0,32.5,32.4,0.2,2.1,2067.6,0.0,16.83,15.1,34.9,37.6,36.2,36.4,37.5,37.2,37.9,36.7,50.9,50.8,22.3,24.4,24.6,28.1,41.0,36.0,25.0,0.0,0.0,0.0,6.0,6.0,4.0,0.0,23.0,22.0,23.0,55.0,56.0,81.0,24.0,24.0,300.0,0.0,0.0,0.0,0.0,0.0,0.0,0.0,0.0,0.0
12.87,130.0,0.53,0.51,0.5,11.0,10.06,10.76,12.87,-5.5,0.03,0.0,172.0,8.4,35.0,1.0,1.0,788.0,685.0,956.0,2.0,946.0,12.88,1067.8,731.0,32.3,32.5,0.2,2.1,2067.6,0.0,16.83,15.1,34.9,37.6,36.1,36.4,37.5,37.2,38.0,36.7,50.9,50.8,22.3,24.5,24.6,28.1,41.0,36.0,25.0,-0.2,0.0,0.0,6.0,6.0,4.0,0.0,23.0,22.0,23.0,55.0,56.0,81.0,24.0,24.0,300.0,0.0,0.0,0.0,0.0,0.0,0.0,0.0,0.0,0.0
12.78,211.0,0.53,0.51,0.5,8.28,8.38,9.76,12.84,3.6,-0.01,0.01,171.9,7.1,32.0,1.0,1.0,794.0,685.0,957.0,0.0,946.0,12.82,1063.7,730.0,31.0,30.8,0.2,2.1,2067.6,0.0,16.83,14.8,35.2,37.9,36.5,36.7,37.9,37.5,38.4,37.1,51.3,51.2,22.3,24.4,24.8,28.2,39.0,34.0,25.0,0.0,0.4,0.0,6.0,6.0,4.0,0.0,23.0,22.0,23.0,58.0,56.0,81.0,24.0,24.0,300.0,0.0,0.0,0.0,0.0,0.0,0.0,0.0,0.0,0.0
12.42,240.01,0.52,0.51,0.5,9.12,10.06,10.94,12.45,0.9,0.0,0.01,172.0,7.6,31.0,1.0,1.0,728.0,685.0,878.0,-2.0,865.0,12.44,1002.6,683.0,32.8,32.6,0.3,2.1,2067.6,0.0,16.83,14.8,35.2,37.8,36.4,36.7,37.8,37.4,38.3,37.0,51.2,51.0,22.3,24.4,24.7,28.1,41.0,36.0,25.0,0.0,0.0,0.0,6.0,6.0,4.0,0.0,23.0,22.0,23.0,57.0,56.0,81.0,24.0,24.0,300.0,0.0,0.0,0.0,0.0,0.0,0.0,0.0,0.0,0.0
12.4,276.98,0.53,0.51,0.5,9.02,9.4,10.72,12.38,1.4,-0.03,-0.05,172.0,7.6,31.0,1.0,1.0,706.0,685.0,847.0,-2.0,852.0,12.36,982.1,671.0,30.4,29.4,0.3,2.1,2067.6,0.0,16.83,14.8,35.1,37.7,36.3,36.6,37.7,37.4,38.2,36.9,51.1,51.0,22.3,24.3,24.6,28.1,39.0,34.0,25.0,0.0,0.2,0.0,6.0,6.0,4.0,0.0,23.0,22.0,23.0,56.0,56.0,82.0,24.0,24.0,300.0,0.0,0.0,0.0,0.0,0.0,0.0,0.0,0.0,0.0
12.69,268.99,0.53,0.51,0.5,10.0,10.92,11.96,12.68,2.2,0.04,0.04,171.9,7.5,32.0,1.0,1.0,770.0,684.0,933.0,-4.0,939.0,12.66,1048.0,714.0,32.3,32.4,0.2,2.2,2067.6,0.0,16.83,14.7,35.4,38.0,36.6,36.9,38.0,37.7,38.5,37.2,51.4,51.2,22.3,24.4,24.7,28.2,42.0,36.0,25.0,-0.2,0.0,0.0,6.0,6.0,4.0,0.0,23.0,22.0,23.0,59.0,56.0,82.0,24.0,24.0,300.0,0.0,0.0,0.0,0.0,0.0,0.0,0.0,0.0,0.0
12.6,173.02,0.53,0.51,0.5,9.76,9.58,10.72,12.61,4.8,0.0,0.03,172.0,8.7,30.0,1.0,1.0,739.0,685.0,893.0,0.0,886.0,12.58,1018.5,696.0,30.6,32.9,0.2,2.1,2067.6,0.0,16.83,14.8,35.2,37.8,36.4,36.7,37.8,37.5,38.3,37.1,51.2,51.1,22.3,24.4,24.7,28.2,39.0,34.0,25.0,-0.4,0.0,0.0,6.0,6.0,4.0,0.0,23.0,22.0,23.0,58.0,56.0,82.0,24.0,24.0,300.0,0.0,0.0,0.0,0.0,0.0,0.0,0.0,0.0,0.0
12.73,173.02,0.53,0.51,0.5,9.46,8.64,10.0,12.76,-4.8,0.05,0.04,172.1,7.8,37.0,1.0,1.0,779.0,685.0,942.0,-2.0,928.0,12.74,1053.8,720.0,30.6,32.0,0.2,2.1,2067.6,0.0,16.83,15.0,35.0,37.6,36.3,36.5,37.6,37.3,38.0,36.8,51.0,50.8,22.3,24.4,24.6,28.2,41.0,35.0,25.0,0.0,0.0,0.0,6.0,6.0,4.0,0.0,23.0,22.0,23.0,55.0,56.0,81.0,24.0,24.0,300.0,0.0,0.0,0.0,0.0,0.0,0.0,0.0,0.0,0.0
12.59,284.0,0.52,0.51,0.5,10.08,10.76,12.04,12.59,11.6,0.05,-0.04,172.0,7.5,30.0,1.0,1.0,733.0,685.0,893.0,0.0,881.0,12.54,1016.3,693.0,32.3,32.7,0.2,2.1,2067.6,0.0,16.83,14.8,35.1,37.8,36.4,36.6,37.8,37.4,38.2,37.0,51.2,51.0,22.3,24.3,24.7,28.2,41.0,36.0,25.0,-0.2,0.0,-0.3,6.0,6.0,4.0,0.0,23.0,22.0,23.0,57.0,56.0,81.0,24.0,24.0,300.0,0.0,0.0,0.0,0.0,0.0,0.0,0.0,0.0,0.0
12.56,225.0,0.52,0.51,0.5,10.06,10.14,12.02,12.61,-0.6,0.0,0.05,172.0,8.2,30.0,1.0,1.0,761.0,685.0,921.0,-2.0,919.0,12.58,1035.2,706.0,32.1,32.4,0.2,2.2,2067.6,0.0,16.83,14.8,35.1,37.8,36.4,36.7,37.8,37.4,38.2,37.0,51.1,51.1,22.3,24.3,24.7,28.1,41.0,36.0,25.0,-0.2,0.0,0.0,6.0,6.0,4.0,0.0,23.0,22.0,23.0,57.0,56.0,81.0,24.0,24.0,300.0,0.0,0.0,0.0,0.0,0.0,0.0,0.0,0.0,0.0
12.6,270.0,0.52,0.51,0.5,9.5,10.36,11.62,12.61,5.4,0.04,0.02,171.9,6.6,32.0,1.0,1.0,742.0,685.0,899.0,-2.0,894.0,12.56,1020.8,697.0,33.1,32.4,0.2,2.2,2067.6,0.0,16.83,14.8,35.1,37.7,36.3,36.6,37.7,37.4,38.3,37.0,51.1,51.0,22.3,24.3,24.7,28.2,40.0,35.0,25.0,-0.2,0.0,0.0,6.0,6.0,4.0,0.0,23.0,22.0,23.0,57.0,56.0,81.0,24.0,24.0,300.0,0.0,0.0,0.0,0.0,0.0,0.0,0.0,0.0,0.0
12.84,231.01,0.53,0.51,0.5,8.62,9.02,10.82,12.89,10.4,-0.05,-0.01,172.0,6.2,31.0,1.0,1.0,803.0,685.0,978.0,0.0,969.0,12.88,1081.2,738.0,33.0,32.6,0.2,2.1,2067.6,0.0,16.83,14.8,35.4,38.0,36.5,36.8,38.0,37.6,38.4,37.2,51.3,51.3,22.3,24.5,24.7,28.2,41.0,36.0,25.0,0.0,0.2,0.5,6.0,6.0,4.0,0.0,23.0,22.0,23.0,58.0,56.0,82.0,24.0,24.0,300.0,0.0,0.0,0.0,0.0,0.0,0.0,0.0,0.0,0.0
12.77,141.98,0.53,0.51,0.5,11.44,10.44,12.18,12.77,4.0,-0.03,0.08,172.0,7.4,36.0,1.0,1.0,788.0,685.0,950.0,0.0,934.0,12.76,1059.2,725.0,29.3,30.2,0.2,2.0,2067.6,0.0,16.83,15.1,35.1,37.7,36.3,36.5,37.6,37.3,38.0,36.8,51.0,50.9,22.3,24.3,24.6,28.2,40.0,35.0,25.0,-0.8,-0.2,0.0,6.0,6.0,4.0,0.0,23.0,22.0,23.0,55.0,56.0,82.0,24.0,24.0,300.0,0.0,0.0,0.0,0.0,0.0,0.0,0.0,0.0,0.0
12.33,37.01,0.53,0.51,0.5,9.16,8.4,10.3,12.32,1.6,0.01,-0.03,172.0,8.4,31.0,1.0,1.0,693.0,685.0,838.0,0.0,835.0,12.32,970.9,664.0,29.5,31.3,0.2,2.1,2067.6,0.0,16.83,14.8,35.1,37.7,36.3,36.6,37.7,37.4,38.2,36.9,51.1,51.0,22.3,24.4,24.6,28.1,39.0,34.0,25.0,0.8,0.0,0.2,6.0,6.0,4.0,0.0,23.0,22.0,23.0,56.0,56.0,82.0,24.0,24.0,300.0,0.0,0.0,0.0,0.0,0.0,0.0,0.0,0.0,0.0
12.35,203.0,0.53,0.51,0.5,8.1,8.42,9.42,12.4,0.4,0.03,0.08,172.0,7.5,32.0,1.0,1.0,702.0,685.0,856.0,0.0,852.0,12.36,982.9,671.0,30.9,31.0,0.3,2.1,2067.6,0.0,16.83,14.8,35.1,37.7,36.3,36.6,37.7,37.4,38.2,36.9,51.1,51.0,22.3,24.3,24.6,28.1,39.0,34.0,25.0,0.0,0.2,0.2,6.0,6.0,4.0,0.0,23.0,22.0,23.0,56.0,56.0,82.0,24.0,24.0,300.0,0.0,0.0,0.0,0.0,0.0,0.0,0.0,0.0,0.0
12.72,209.02,0.53,0.51,0.5,9.18,8.76,10.6,12.74,-5.0,0.01,0.03,172.1,8.7,34.0,1.0,1.0,769.0,685.0,935.0,0.0,912.0,12.72,1049.8,716.0,32.9,34.2,0.2,2.1,2067.6,0.0,16.83,15.1,34.9,37.5,36.1,36.4,37.5,37.1,37.9,36.7,50.9,50.7,22.3,24.4,24.6,28.1,42.0,36.0,25.0,0.0,0.0,0.0,6.0,6.0,4.0,0.0,23.0,22.0,23.0,55.0,56.0,82.0,24.0,24.0,300.0,0.0,0.0,0.0,0.0,0.0,0.0,0.0,0.0,0.0
12.59,307.01,0.53,0.51,0.5,8.48,9.42,9.78,12.59,-1.4,0.03,0.07,172.0,8.9,35.0,1.0,1.0,748.0,685.0,905.0,0.0,898.0,12.54,1025.5,698.0,29.6,30.6,0.2,2.1,2067.6,0.0,16.83,15.0,35.1,37.7,36.3,36.6,37.7,37.3,38.1,36.9,51.0,50.9,22.3,24.5,24.6,28.1,39.0,33.0,25.0,0.2,0.2,0.0,6.0,6.0,4.0,0.0,23.0,22.0,23.0,56.0,56.0,82.0,24.0,24.0,300.0,0.0,0.0,0.0,0.0,0.0,0.0,0.0,0.0,0.0
12.45,344.02,0.53,0.51,0.5,9.9,10.18,11.82,12.49,6.3,-0.02,0.09,172.0,7.4,31.0,1.0,1.0,720.0,685.0,871.0,0.0,853.0,12.44,994.6,681.0,30.3,28.7,0.2,2.1,2067.6,0.0,16.83,14.9,35.1,37.7,36.3,36.6,37.7,37.4,38.2,36.9,51.1,50.9,22.3,24.4,24.6,28.1,39.0,34.0,25.0,0.2,0.0,-0.3,6.0,6.0,4.0,0.0,23.0,22.0,23.0,56.0,56.0,81.0,24.0,24.0,300.0,0.0,0.0,0.0,0.0,0.0,0.0,0.0,0.0,0.0
12.42,119.99,0.53,0.51,0.5,9.76,9.26,9.6,12.46,8.5,0.0,0.09,172.0,6.9,31.0,1.0,1.0,718.0,685.0,868.0,0.0,851.0,12.44,993.9,678.0,30.9,30.7,0.2,2.1,2067.6,0.0,16.83,14.9,35.1,37.7,36.3,36.6,37.7,37.4,38.2,36.9,51.1,50.9,22.3,24.4,24.6,28.1,38.0,33.0,25.0,0.0,0.0,0.0,6.0,6.0,4.0,0.0,23.0,22.0,23.0,56.0,56.0,81.0,24.0,24.0,300.0,0.0,0.0,0.0,0.0,0.0,0.0,0.0,0.0,0.0
12.57,265.0,0.53,0.51,0.5,8.84,9.26,9.7,12.56,1.9,-0.09,-0.02,172.0,7.0,34.0,1.0,1.0,743.0,685.0,898.0,0.0,888.0,12.54,1020.7,697.0,30.2,30.8,0.2,2.1,2067.6,0.0,16.83,15.0,35.1,37.7,36.3,36.6,37.7,37.3,38.2,36.9,51.0,50.9,22.3,24.4,24.6,28.1,38.0,33.0,25.0,0.0,0.4,0.0,6.0,6.0,4.0,0.0,23.0,22.0,23.0,56.0,56.0,82.0,24.0,24.0,300.0,0.0,0.0,0.0,0.0,0.0,0.0,0.0,0.0,0.0
12.42,68.0,0.53,0.51,0.5,10.78,9.76,10.94,12.46,4.8,0.02,0.03,172.0,6.7,31.0,1.0,1.0,713.0,685.0,868.0,0.0,845.0,12.42,994.0,678.0,29.6,29.6,0.2,2.1,2067.6,0.0,16.83,14.8,35.2,37.8,36.4,36.7,37.8,37.4,38.3,37.1,51.2,51.1,22.3,24.4,24.7,28.2,39.0,34.0,25.0,0.0,-0.2,-0.2,6.0,6.0,4.0,0.0,23.0,22.0,23.0,57.0,56.0,82.0,24.0,24.0,300.0,0.0,0.0,0.0,0.0,0.0,0.0,0.0,0.0,0.0
12.54,248.0,0.53,0.51,0.5,8.42,8.36,9.92,12.56,2.0,0.0,-0.09,172.0,8.5,33.0,1.0,1.0,735.0,685.0,896.0,0.0,883.0,12.54,1015.0,693.0,28.8,29.4,0.2,2.1,2067.6,0.0,16.83,15.0,35.1,37.7,36.3,36.6,37.7,37.3,38.1,36.9,51.0,50.9,22.3,24.5,24.6,28.1,38.0,33.0,25.0,0.0,0.2,0.2,6.0,6.0,4.0,0.0,23.0,22.0,23.0,56.0,56.0,82.0,24.0,24.0,300.0,0.0,0.0,0.0,0.0,0.0,0.0,0.0,0.0,0.0
12.56,47.99,0.53,0.51,0.5,10.86,9.12,11.0,12.56,-2.3,-0.05,0.13,172.0,8.2,34.0,1.0,1.0,743.0,685.0,901.0,0.0,889.0,12.54,1021.2,697.0,28.6,29.1,0.2,2.1,2067.6,0.0,16.83,15.0,35.1,37.7,36.3,36.6,37.7,37.3,38.1,36.9,51.0,50.9,22.3,24.4,24.6,28.1,38.0,33.0,25.0,0.2,0.0,-0.5,6.0,6.0,4.0,0.0,23.0,22.0,23.0,56.0,56.0,82.0,24.0,24.0,300.0,0.0,0.0,0.0,0.0,0.0,0.0,0.0,0.0,0.0
12.72,115.99,0.53,0.51,0.5,9.7,8.38,9.84,12.73,5.4,-0.01,-0.03,171.9,7.4,32.0,1.0,1.0,785.0,685.0,953.0,0.0,934.0,12.72,1059.7,723.0,32.6,32.0,0.3,2.2,2067.6,0.0,16.83,14.7,35.4,38.0,36.6,36.9,38.0,37.6,38.4,37.2,51.4,51.2,22.3,24.4,24.7,28.2,42.0,36.0,25.0,0.6,0.4,0.4,6.0,6.0,4.0,0.0,23.0,22.0,23.0,59.0,56.0,82.0,24.0,24.0,300.0,0.0,0.0,0.0,0.0,0.0,0.0,0.0,0.0,0.0
12.45,63.0,0.53,0.51,0.5,9.46,8.84,9.6,12.48,-9.1,0.03,0.06,172.0,8.8,34.0,1.0,1.0,723.0,685.0,872.0,0.0,857.0,12.46,998.6,682.0,30.2,30.9,0.1,2.2,2067.6,0.0,16.83,14.8,35.2,37.8,36.4,36.7,37.8,37.4,38.3,37.0,51.2,51.1,22.3,24.3,24.7,28.1,40.0,35.0,25.0,0.4,0.0,0.0,6.0,6.0,4.0,0.0,23.0,22.0,23.0,57.0,56.0,81.0,24.0,24.0,300.0,0.0,0.0,0.0,0.0,0.0,0.0,0.0,0.0,0.0
12.45,313.99,0.52,0.51,0.5,9.06,9.74,10.64,12.44,1.9,0.02,0.03,172.0,6.7,31.0,1.0,1.0,725.0,685.0,874.0,-2.0,856.0,12.4,996.6,680.0,31.5,32.5,0.2,2.1,2067.6,0.0,16.83,14.8,35.2,37.8,36.4,36.7,37.8,37.4,38.2,37.0,51.2,51.0,22.3,24.4,24.7,28.1,41.0,36.0,25.0,0.2,0.0,0.0,6.0,6.0,4.0,0.0,23.0,22.0,23.0,57.0,56.0,81.0,24.0,24.0,300.0,0.0,0.0,0.0,0.0,0.0,0.0,0.0,0.0,0.0
12.72,34.99,0.53,0.51,0.5,11.74,10.72,11.94,12.73,4.4,0.01,0.01,172.1,8.3,33.0,1.0,1.0,774.0,685.0,945.0,0.0,926.0,12.72,1057.5,720.0,33.0,32.8,0.2,2.1,2067.6,0.0,16.83,15.1,34.9,37.5,36.1,36.4,37.5,37.1,37.9,36.6,50.9,50.7,22.3,24.4,24.6,28.1,41.0,36.0,25.0,-0.3,-0.5,-0.3,6.0,6.0,4.0,0.0,23.0,22.0,23.0,55.0,56.0,82.0,24.0,24.0,300.0,0.0,0.0,0.0,0.0,0.0,0.0,0.0,0.0,0.0
12.7,335.99,0.53,0.51,0.5,9.46,10.64,10.96,12.71,7.2,0.04,0.01,171.9,8.0,30.0,1.0,1.0,766.0,684.0,926.0,-2.0,929.0,12.68,1042.7,712.0,31.5,31.6,0.2,2.2,2067.6,0.0,16.83,14.7,35.3,37.9,36.5,36.8,37.9,37.5,38.4,37.1,51.3,51.2,22.3,24.4,24.7,28.2,40.0,35.0,25.0,0.2,0.0,0.0,6.0,6.0,4.0,0.0,23.0,22.0,23.0,58.0,56.0,82.0,24.0,24.0,300.0,0.0,0.0,0.0,0.0,0.0,0.0,0.0,0.0,0.0
12.77,55.01,0.53,0.51,0.5,10.66,10.14,11.0,12.78,5.7,-0.01,0.0,171.9,7.9,31.0,1.0,1.0,784.0,684.0,953.0,0.0,934.0,12.76,1059.5,723.0,33.5,33.4,0.3,2.0,2067.6,0.0,16.83,14.7,35.4,38.1,36.6,36.9,38.0,37.7,38.5,37.2,51.4,51.2,22.3,24.4,24.7,28.2,42.0,37.0,25.0,0.2,-0.5,0.0,6.0,6.0,4.0,0.0,23.0,22.0,23.0,59.0,56.0,82.0,24.0,24.0,300.0,0.0,0.0,0.0,0.0,0.0,0.0,0.0,0.0,0.0
12.84,236.99,0.53,0.51,0.5,8.12,9.02,9.66,12.82,2.7,-0.05,0.05,171.8,7.7,32.0,1.0,1.0,788.0,685.0,956.0,2.0,937.0,12.8,1067.0,729.0,33.9,33.4,0.3,2.1,2067.6,0.0,16.83,14.7,35.4,38.0,36.6,36.9,38.0,37.7,38.4,37.2,51.3,51.2,22.3,24.4,24.7,28.2,42.0,36.0,25.0,0.0,0.4,0.2,6.0,6.0,4.0,0.0,23.0,22.0,23.0,59.0,56.0,82.0,24.0,24.0,300.0,0.0,0.0,0.0,0.0,0.0,0.0,0.0,0.0,0.0
12.75,241.99,0.52,0.51,0.5,9.36,10.0,11.26,12.75,3.8,-0.05,-0.02,172.1,7.4,33.0,1.0,1.0,781.0,685.0,947.0,0.0,930.0,12.74,1060.2,722.0,33.3,33.5,0.2,2.1,2067.6,0.0,16.83,15.1,34.9,37.5,36.1,36.4,37.5,37.1,37.9,36.6,50.9,50.7,22.3,24.4,24.6,28.1,41.0,36.0,25.0,-0.2,0.0,0.0,6.0,6.0,4.0,0.0,23.0,22.0,23.0,55.0,56.0,82.0,24.0,24.0,300.0,0.0,0.0,0.0,0.0,0.0,0.0,0.0,0.0,0.0
12.47,172.01,0.53,0.51,0.5,9.76,9.76,11.24,12.47,4.3,0.01,-0.06,172.1,8.2,32.0,1.0,1.0,718.0,685.0,869.0,0.0,852.0,12.46,996.3,680.0,29.0,30.4,0.2,2.2,2067.6,0.0,16.83,15.0,35.1,37.7,36.3,36.6,37.7,37.3,38.1,36.8,51.0,50.9,22.3,24.4,24.6,28.1,39.0,34.0,25.0,-0.9,-0.2,0.0,6.0,6.0,4.0,0.0,23.0,22.0,23.0,56.0,56.0,81.0,24.0,24.0,300.0,0.0,0.0,0.0,0.0,0.0,0.0,0.0,0.0,0.0
12.69,193.0,0.53,0.51,0.5,10.14,9.86,11.08,12.73,4.4,0.06,0.04,172.0,8.3,29.0,1.0,1.0,766.0,685.0,927.0,0.0,925.0,12.7,1045.0,713.0,30.5,31.7,0.2,2.1,2067.6,0.0,16.83,14.8,35.2,37.8,36.4,36.7,37.8,37.5,38.4,37.1,51.2,51.1,22.3,24.4,24.7,28.2,39.0,34.0,25.0,-0.5,-0.2,0.0,6.0,6.0,4.0,0.0,23.0,22.0,23.0,58.0,56.0,81.0,24.0,24.0,300.0,0.0,0.0,0.0,0.0,0.0,0.0,0.0,0.0,0.0
12.45,198.0,0.53,0.51,0.5,9.56,9.72,11.02,12.47,-6.7,0.06,0.06,172.0,8.8,33.0,1.0,1.0,719.0,685.0,865.0,0.0,852.0,12.44,991.2,680.0,30.8,31.2,0.2,2.0,2067.6,0.0,16.83,14.8,35.2,37.8,36.4,36.7,37.8,37.4,38.3,37.1,51.2,51.1,22.3,24.3,24.7,28.1,41.0,36.0,25.0,-0.2,-0.2,0.0,6.0,6.0,4.0,0.0,23.0,22.0,23.0,57.0,56.0,82.0,24.0,24.0,300.0,0.0,0.0,0.0,0.0,0.0,0.0,0.0,0.0,0.0
12.7,101.02,0.53,0.51,0.5,11.96,10.78,11.22,12.73,3.2,-0.01,0.05,172.1,7.6,34.0,1.0,1.0,773.0,685.0,936.0,0.0,939.0,12.7,1046.7,715.0,33.1,32.4,0.2,2.1,2067.6,0.0,16.83,15.0,35.0,37.6,36.2,36.4,37.6,37.2,37.9,36.7,50.9,50.8,22.3,24.4,24.6,28.1,41.0,36.0,25.0,0.0,-0.2,-0.5,6.0,6.0,4.0,0.0,23.0,22.0,23.0,55.0,56.0,82.0,24.0,24.0,300.0,0.0,0.0,0.0,0.0,0.0,0.0,0.0,0.0,0.0
12.72,357.01,0.53,0.51,0.5,9.08,8.72,9.5,12.72,1.8,-0.02,0.07,172.0,7.5,30.0,1.0,1.0,767.0,685.0,927.0,0.0,931.0,12.68,1050.9,716.0,32.8,33.3,0.2,2.2,2067.6,0.0,16.83,14.8,35.2,37.8,36.4,36.7,37.8,37.4,38.3,37.0,51.1,51.1,22.3,24.3,24.7,28.1,41.0,36.0,25.0,0.4,0.0,0.2,6.0,6.0,4.0,0.0,23.0,22.0,23.0,57.0,56.0,81.0,24.0,24.0,300.0,0.0,0.0,0.0,0.0,0.0,0.0,0.0,0.0,0.0
12.91,119.02,0.53,0.51,0.5,10.1,8.72,9.8,12.94,-2.6,-0.04,0.04,171.8,9.1,32.0,1.0,1.0,818.0,685.0,993.0,0.0,987.0,12.92,1090.4,745.0,31.6,32.7,0.2,2.1,2067.6,0.0,16.83,14.7,35.5,38.1,36.7,37.0,38.1,37.7,38.6,37.3,51.4,51.2,22.3,24.3,24.7,28.2,42.0,36.0,25.0,0.0,0.2,0.4,6.0,6.0,4.0,0.0,23.0,22.0,23.0,59.0,56.0,82.0,24.0,24.0,300.0,0.0,0.0,0.0,0.0,0.0,0.0,0.0,0.0,0.0
12.87,348.01,0.53,0.51,0.5,10.92,11.18,12.06,12.9,-6.7,-0.04,-0.03,172.0,8.1,38.0,1.0,1.0,803.0,686.0,975.0,0.0,967.0,12.88,1077.8,737.0,28.8,29.1,0.3,2.2,2067.6,0.0,16.83,15.0,35.0,37.6,36.3,36.5,37.6,37.3,38.0,36.7,50.9,50.8,22.3,24.3,24.6,28.2,41.0,35.0,25.0,0.0,-0.5,-0.5,6.0,6.0,4.0,0.0,23.0,22.0,23.0,55.0,56.0,82.0,24.0,24.0,300.0,0.0,0.0,0.0,0.0,0.0,0.0,0.0,0.0,0.0
12.75,119.02,0.53,0.51,0.5,10.22,9.48,10.5,12.79,-0.8,-0.03,0.06,172.1,7.7,37.0,1.0,1.0,779.0,685.0,942.0,0.0,925.0,12.74,1055.4,721.0,29.9,29.6,0.2,2.1,2067.6,0.0,16.83,15.0,35.0,37.7,36.3,36.5,37.6,37.3,38.0,36.8,51.0,50.8,22.3,24.4,24.6,28.2,40.0,35.0,25.0,0.0,0.0,0.0,6.0,6.0,4.0,0.0,23.0,22.0,23.0,55.0,56.0,82.0,24.0,24.0,300.0,0.0,0.0,0.0,0.0,0.0,0.0,0.0,0.0,0.0
12.84,290.02,0.53,0.51,0.5,9.66,11.16,11.64,12.81,-1.3,0.06,0.03,172.0,8.0,32.0,1.0,1.0,788.0,685.0,953.0,0.0,940.0,12.82,1064.9,727.0,29.0,30.5,0.2,2.1,2067.6,0.0,16.83,14.8,35.2,37.9,36.4,36.7,37.8,37.5,38.4,37.1,51.3,51.2,22.3,24.4,24.7,28.2,39.0,34.0,25.0,-0.2,0.0,-0.3,6.0,6.0,4.0,0.0,23.0,22.0,23.0,58.0,56.0,82.0,24.0,24.0,300.0,0.0,0.0,0.0,0.0,0.0,0.0,0.0,0.0,0.0
12.52,177.98,0.53,0.51,0.5,8.86,8.7,9.94,12.53,5.1,0.09,-0.02,172.0,6.2,31.0,1.0,1.0,728.0,685.0,889.0,0.0,875.0,12.5,1006.7,688.0,31.3,33.2,0.2,2.1,2067.6,0.0,16.83,14.8,35.1,37.7,36.3,36.6,37.7,37.4,38.2,37.0,51.1,51.0,22.3,24.3,24.6,28.1,40.0,34.0,25.0,-0.4,0.0,0.0,6.0,6.0,4.0,0.0,23.0,22.0,23.0,56.0,56.0,81.0,24.0,24.0,300.0,0.0,0.0,0.0,0.0,0.0,0.0,0.0,0.0,0.0
12.59,231.98,0.53,0.51,0.5,9.76,10.06,10.94,12.63,-0.1,0.0,0.06,172.0,7.6,33.0,1.0,1.0,756.0,685.0,920.0,0.0,909.0,12.6,1032.8,704.0,32.0,33.3,0.2,2.1,2067.6,0.0,16.83,14.8,35.1,37.8,36.4,36.6,37.8,37.4,38.2,37.0,51.1,51.0,22.3,24.3,24.7,28.1,40.0,35.0,25.0,-0.2,0.0,-0.2,6.0,6.0,4.0,0.0,23.0,22.0,23.0,57.0,56.0,82.0,24.0,24.0,300.0,0.0,0.0,0.0,0.0,0.0,0.0,0.0,0.0,0.0
12.69,106.99,0.53,0.51,0.5,10.38,9.56,10.68,12.72,10.4,0.0,0.04,171.9,7.7,30.0,1.0,1.0,773.0,684.0,935.0,0.0,939.0,12.7,1049.0,715.0,30.5,29.7,0.3,2.0,2067.6,0.0,16.83,14.7,35.3,37.9,36.5,36.8,37.9,37.5,38.4,37.1,51.3,51.2,22.3,24.4,24.7,28.2,40.0,35.0,25.0,0.0,0.0,0.0,6.0,6.0,4.0,0.0,23.0,22.0,23.0,58.0,56.0,82.0,24.0,24.0,300.0,0.0,0.0,0.0,0.0,0.0,0.0,0.0,0.0,0.0
12.6,344.99,0.53,0.51,0.5,9.52,9.84,10.68,12.61,2.1,-0.01,-0.03,172.0,7.6,32.0,1.0,1.0,741.0,685.0,901.0,0.0,895.0,12.58,1020.7,698.0,32.4,33.4,0.2,2.2,2067.6,0.0,16.83,14.8,35.1,37.7,36.3,36.6,37.7,37.4,38.2,37.0,51.1,51.0,22.3,24.3,24.7,28.2,40.0,35.0,25.0,0.2,0.0,0.0,6.0,6.0,4.0,0.0,23.0,22.0,23.0,57.0,56.0,81.0,24.0,24.0,300.0,0.0,0.0,0.0,0.0,0.0,0.0,0.0,0.0,0.0
12.89,322.99,0.53,0.51,0.5,9.18,9.98,10.16,12.89,-2.5,0.05,0.06,171.9,8.1,33.0,1.0,1.0,801.0,685.0,976.0,0.0,961.0,12.86,1078.1,735.0,31.3,31.7,0.2,2.1,2067.6,0.0,16.83,14.8,35.3,37.9,36.5,36.8,37.9,37.6,38.4,37.1,51.3,51.2,22.3,24.4,24.7,28.2,40.0,35.0,25.0,0.4,0.2,0.0,6.0,6.0,4.0,0.0,23.0,22.0,23.0,58.0,56.0,82.0,24.0,24.0,300.0,0.0,0.0,0.0,0.0,0.0,0.0,0.0,0.0,0.0
12.84,52.99,0.53,0.51,0.5,10.48,9.46,10.4,12.87,-4.2,0.09,0.04,172.0,7.2,33.0,1.0,1.0,800.0,685.0,963.0,0.0,955.0,12.86,1072.1,732.0,30.7,30.3,0.2,2.1,2067.6,0.0,16.83,14.8,35.3,37.9,36.5,36.7,37.9,37.5,38.3,37.1,51.3,51.2,22.3,24.3,24.7,28.2,40.0,34.0,25.0,0.5,0.0,0.0,6.0,6.0,4.0,0.0,23.0,22.0,23.0,58.0,56.0,82.0,24.0,24.0,300.0,0.0,0.0,0.0,0.0,0.0,0.0,0.0,0.0,0.0
12.8,51.98,0.53,0.51,0.5,10.38,9.44,9.84,12.8,-1.9,0.04,0.06,172.0,8.7,32.0,1.0,1.0,790.0,685.0,950.0,-2.0,936.0,12.78,1060.3,725.0,28.8,30.6,0.2,2.1,2067.6,0.0,16.83,14.8,35.2,37.9,36.4,36.7,37.8,37.5,38.3,37.1,51.3,51.2,22.3,24.4,24.7,28.2,39.0,34.0,25.0,0.7,0.0,0.0,6.0,6.0,4.0,0.0,23.0,22.0,23.0,58.0,56.0,81.0,24.0,24.0,300.0,0.0,0.0,0.0,0.0,0.0,0.0,0.0,0.0,0.0
12.24,182.99,0.53,0.51,0.5,8.82,8.34,9.74,12.26,2.9,0.09,0.03,172.0,7.9,32.0,1.0,1.0,681.0,685.0,822.0,0.0,815.0,12.24,955.5,652.0,30.2,32.3,0.2,2.1,2067.6,0.0,16.83,14.8,35.2,37.8,36.4,36.7,37.8,37.4,38.4,37.1,51.2,51.1,22.3,24.3,24.7,28.1,39.0,35.0,25.0,0.0,0.0,0.4,6.0,6.0,4.0,0.0,23.0,22.0,23.0,57.0,56.0,82.0,24.0,24.0,300.0,0.0,0.0,0.0,0.0,0.0,0.0,0.0,0.0,0.0
12.94,94.0,0.53,0.51,0.5,12.44,10.74,11.42,12.98,5.3,0.04,0.03,172.0,7.9,33.0,1.0,1.0,822.0,686.0,993.0,0.0,991.0,12.96,1097.9,747.0,29.6,31.1,0.2,2.2,2067.6,0.0,16.83,15.1,35.0,37.6,36.2,36.5,37.6,37.2,38.0,36.7,50.9,50.8,22.3,24.4,24.6,28.1,41.0,36.0,25.0,0.0,-0.5,-0.5,6.0,6.0,4.0,0.0,23.0,22.0,23.0,55.0,56.0,81.0,24.0,24.0,300.0,0.0,0.0,0.0,0.0,0.0,0.0,0.0,0.0,0.0
12.47,335.99,0.53,0.51,0.5,9.48,10.22,10.96,12.49,2.5,0.07,0.08,172.0,8.1,32.0,1.0,1.0,724.0,685.0,872.0,0.0,859.0,12.44,997.5,682.0,29.6,30.0,0.2,2.1,2067.6,0.0,16.83,15.0,35.1,37.7,36.3,36.6,37.7,37.3,38.1,36.8,51.0,50.9,22.3,24.4,24.6,28.1,39.0,34.0,25.0,0.0,0.0,0.0,6.0,6.0,4.0,0.0,23.0,22.0,23.0,56.0,56.0,82.0,24.0,24.0,300.0,0.0,0.0,0.0,0.0,0.0,0.0,0.0,0.0,0.0
12.51,72.0,0.53,0.51,0.5,9.9,9.48,10.5,12.5,-0.6,0.01,0.02,172.0,9.2,32.0,1.0,1.0,724.0,685.0,877.0,0.0,861.0,12.5,1003.1,685.0,31.7,30.1,0.3,2.1,2067.6,0.0,16.83,14.8,35.1,37.7,36.3,36.6,37.7,37.4,38.2,37.0,51.1,51.0,22.3,24.3,24.6,28.1,39.0,34.0,25.0,0.0,-0.2,0.0,6.0,6.0,4.0,0.0,23.0,22.0,23.0,56.0,56.0,82.0,24.0,24.0,300.0,0.0,0.0,0.0,0.0,0.0,0.0,0.0,0.0,0.0
12.39,117.0,0.53,0.51,0.5,10.44,9.66,10.18,12.41,5.3,0.03,-0.02,172.0,6.9,33.0,1.0,1.0,708.0,685.0,865.0,-2.0,844.0,12.4,990.1,675.0,29.5,28.9,0.1,2.2,2067.6,0.0,16.83,15.0,35.1,37.7,36.3,36.6,37.7,37.3,38.1,36.8,51.0,50.8,22.3,24.4,24.7,28.2,40.0,35.0,25.0,0.0,0.0,0.0,6.0,6.0,4.0,0.0,23.0,22.0,23.0,55.0,56.0,82.0,24.0,24.0,300.0,0.0,0.0,0.0,0.0,0.0,0.0,0.0,0.0,0.0
12.7,51.98,0.53,0.51,0.5,10.08,9.36,10.32,12.69,0.2,-0.01,0.03,172.0,7.5,30.0,1.0,1.0,755.0,685.0,916.0,2.0,910.0,12.68,1036.1,708.0,33.3,32.1,0.3,2.1,2067.6,0.0,16.83,14.8,35.1,37.8,36.4,36.6,37.8,37.4,38.3,37.0,51.1,51.1,22.3,24.3,24.7,28.1,41.0,36.0,25.0,0.2,0.0,0.0,6.0,6.0,4.0,0.0,23.0,22.0,23.0,57.0,56.0,81.0,24.0,24.0,300.0,0.0,0.0,0.0,0.0,0.0,0.0,0.0,0.0,0.0
12.54,238.0,0.52,0.51,0.5,9.52,10.2,11.2,12.58,7.8,0.01,0.09,172.0,7.8,34.0,1.0,1.0,756.0,685.0,918.0,0.0,907.0,12.56,1028.4,700.0,30.6,31.5,0.2,2.1,2067.6,0.0,16.83,15.1,35.1,37.7,36.3,36.6,37.6,37.3,38.0,36.8,51.0,50.8,22.3,24.4,24.6,28.2,40.0,35.0,25.0,0.0,0.0,0.0,6.0,6.0,4.0,0.0,23.0,22.0,23.0,55.0,57.0,82.0,24.0,24.0,300.0,0.0,0.0,0.0,0.0,0.0,0.0,0.0,0.0,0.0
12.8,78.01,0.53,0.51,0.5,9.92,9.16,9.58,12.82,2.2,0.06,0.01,172.0,7.9,33.0,1.0,1.0,787.0,685.0,962.0,0.0,946.0,12.8,1065.1,728.0,31.6,31.6,0.2,2.1,2067.6,0.0,16.83,14.7,35.3,37.9,36.5,36.8,37.9,37.5,38.4,37.1,51.3,51.2,22.3,24.3,24.7,28.2,40.0,34.0,25.0,0.4,0.2,0.0,6.0,6.0,4.0,0.0,23.0,22.0,23.0,58.0,56.0,82.0,24.0,24.0,300.0,0.0,0.0,0.0,0.0,0.0,0.0,0.0,0.0,0.0
12.6,202.0,0.53,0.51,0.5,9.84,9.96,11.98,12.68,-0.1,0.05,-0.01,172.0,8.1,32.0,1.0,1.0,758.0,685.0,920.0,0.0,914.0,12.64,1033.3,706.0,28.6,29.8,0.3,2.1,2067.6,0.0,16.83,14.8,35.2,37.8,36.4,36.7,37.8,37.5,38.3,37.1,51.2,51.1,22.3,24.4,24.7,28.2,40.0,34.0,25.0,-0.7,0.0,-0.3,6.0,6.0,4.0,0.0,23.0,22.0,23.0,58.0,56.0,82.0,24.0,24.0,300.0,0.0,0.0,0.0,0.0,0.0,0.0,0.0,0.0,0.0
13.03,83.02,0.53,0.51,0.5,11.24,9.36,10.14,13.04,3.8,0.02,0.04,172.0,8.5,31.0,1.0,1.0,825.0,685.0,997.0,0.0,1004.0,13.04,1103.0,754.0,31.9,32.2,0.2,2.1,2067.6,0.0,16.83,14.8,35.4,38.0,36.6,36.9,38.0,37.6,38.4,37.2,51.3,51.2,22.3,24.5,24.7,28.2,41.0,36.0,25.0,0.2,-0.2,-0.2,6.0,6.0,4.0,0.0,23.0,22.0,23.0,59.0,56.0,82.0,24.0,24.0,300.0,0.0,0.0,0.0,0.0,0.0,0.0,0.0,0.0,0.0
12.8,181.01,0.53,0.51,0.5,9.14,8.82,10.28,12.82,4.2,0.07,0.03,172.0,8.2,31.0,1.0,1.0,786.0,685.0,954.0,0.0,938.0,12.8,1063.2,726.0,30.3,31.4,0.2,2.1,2067.6,0.0,16.83,14.8,35.2,37.9,36.4,36.7,37.9,37.5,38.4,37.1,51.3,51.2,22.3,24.3,24.7,28.2,39.0,34.0,25.0,0.0,0.2,0.2,6.0,6.0,4.0,0.0,23.0,22.0,23.0,58.0,56.0,82.0,24.0,24.0,300.0,0.0,0.0,0.0,0.0,0.0,0.0,0.0,0.0,0.0
12.77,258.98,0.53,0.51,0.5,8.72,9.2,10.56,12.77,-5.5,0.0,0.0,172.1,8.4,35.0,1.0,1.0,770.0,685.0,936.0,0.0,917.0,12.76,1050.5,718.0,30.9,32.6,0.2,2.1,2067.6,0.0,16.83,15.1,35.0,37.5,36.2,36.4,37.6,37.1,37.9,36.7,50.9,50.8,22.3,24.5,24.6,28.1,41.0,36.0,25.0,0.0,0.2,0.0,6.0,6.0,4.0,0.0,23.0,22.0,23.0,55.0,56.0,81.0,24.0,24.0,300.0,0.0,0.0,0.0,0.0,0.0,0.0,0.0,0.0,0.0
12.98,298.01,0.53,0.51,0.5,9.78,11.06,11.72,12.98,1.7,0.09,0.0,172.1,8.3,34.0,1.0,1.0,817.0,686.0,991.0,0.0,990.0,12.96,1093.7,747.0,31.3,31.2,0.2,2.1,2067.6,0.0,16.83,15.1,35.0,37.6,36.2,36.5,37.6,37.2,37.9,36.7,50.9,50.8,22.3,24.4,24.6,28.1,41.0,36.0,25.0,0.0,0.0,0.0,6.0,6.0,4.0,0.0,23.0,22.0,23.0,55.0,56.0,81.0,24.0,24.0,300.0,0.0,0.0,0.0,0.0,0.0,0.0,0.0,0.0,0.0
12.66,335.99,0.53,0.51,0.5,9.68,10.76,11.16,12.68,2.6,0.02,-0.01,172.0,8.7,30.0,1.0,1.0,752.0,685.0,907.0,2.0,901.0,12.64,1031.1,704.0,32.2,32.4,0.2,2.2,2067.6,0.0,16.83,14.8,35.1,37.8,36.4,36.7,37.8,37.4,38.3,37.0,51.1,51.1,22.3,24.3,24.7,28.1,41.0,36.0,25.0,0.0,0.0,0.0,6.0,6.0,4.0,0.0,23.0,22.0,23.0,57.0,56.0,81.0,24.0,24.0,300.0,0.0,0.0,0.0,0.0,0.0,0.0,0.0,0.0,0.0
12.47,204.01,0.53,0.51,0.5,10.04,9.7,11.34,12.51,1.3,0.06,0.0,172.1,8.5,33.0,1.0,1.0,719.0,685.0,868.0,0.0,855.0,12.48,996.1,680.0,29.4,29.4,0.3,2.1,2067.6,0.0,16.83,15.0,35.1,37.7,36.3,36.6,37.7,37.3,38.2,36.8,51.0,50.8,22.3,24.4,24.7,28.1,39.0,34.0,25.0,-0.2,0.0,0.2,6.0,6.0,4.0,0.0,23.0,22.0,23.0,56.0,56.0,82.0,24.0,24.0,300.0,0.0,0.0,0.0,0.0,0.0,0.0,0.0,0.0,0.0
12.61,328.0,0.53,0.51,0.5,10.1,10.94,11.66,12.61,0.2,-0.03,0.02,172.0,8.3,33.0,1.0,1.0,754.0,685.0,916.0,0.0,907.0,12.6,1028.3,704.0,30.8,32.6,0.2,2.2,2067.6,0.0,16.83,14.8,35.1,37.7,36.3,36.6,37.7,37.4,38.2,37.0,51.1,51.0,22.3,24.3,24.7,28.2,40.0,35.0,25.0,0.0,-0.2,-0.5,6.0,6.0,4.0,0.0,23.0,22.0,23.0,57.0,56.0,81.0,24.0,24.0,300.0,0.0,0.0,0.0,0.0,0.0,0.0,0.0,0.0,0.0
12.63,351.0,0.53,0.51,0.5,9.9,10.14,10.78,12.61,1.7,0.01,-0.04,172.1,7.7,33.0,1.0,1.0,748.0,685.0,907.0,0.0,898.0,12.6,1024.8,702.0,29.9,30.1,0.2,2.1,2067.6,0.0,16.83,14.9,35.1,37.7,36.3,36.6,37.7,37.3,38.2,36.9,51.0,50.9,22.3,24.4,24.6,28.1,38.0,33.0,25.0,0.0,-0.2,0.0,6.0,6.0,4.0,0.0,23.0,22.0,23.0,56.0,56.0,82.0,24.0,24.0,300.0,0.0,0.0,0.0,0.0,0.0,0.0,0.0,0.0,0.0
12.65,164.02,0.53,0.51,0.5,10.1,10.14,10.78,12.63,4.6,0.01,0.01,172.1,8.7,32.0,1.0,1.0,752.0,685.0,907.0,0.0,909.0,12.64,1028.7,704.0,31.5,31.9,0.2,2.1,2067.6,0.0,16.83,15.1,34.9,37.5,36.1,36.4,37.5,37.1,37.9,36.6,50.9,50.7,22.3,24.4,24.6,28.1,41.0,36.0,25.0,-0.4,-0.2,0.2,6.0,6.0,4.0,0.0,23.0,22.0,23.0,55.0,57.0,82.0,24.0,24.0,300.0,0.0,0.0,0.0,0.0,0.0,0.0,0.0,0.0,0.0
12.84,263.02,0.52,0.51,0.5,9.6,11.12,12.18,12.83,-1.1,-0.02,0.0,171.9,8.5,33.0,1.0,1.0,797.0,685.0,956.0,0.0,946.0,12.8,1069.7,730.0,29.3,30.0,0.2,2.1,2067.6,0.0,16.83,14.8,35.2,37.9,36.5,36.7,37.9,37.5,38.3,37.1,51.2,51.2,22.3,24.4,24.8,28.2,39.0,34.0,25.0,-0.2,0.2,-0.3,6.0,6.0,4.0,0.0,23.0,22.0,23.0,58.0,56.0,82.0,24.0,24.0,300.0,0.0,0.0,0.0,0.0,0.0,0.0,0.0,0.0,0.0
12.68,175.0,0.53,0.51,0.5,9.18,8.88,10.4,12.65,0.5,0.05,-0.02,172.0,8.6,33.0,1.0,1.0,747.0,685.0,910.0,0.0,906.0,12.62,1029.2,703.0,33.0,34.1,0.2,2.1,2067.6,0.0,16.83,14.8,35.1,37.8,36.3,36.6,37.7,37.4,38.2,37.0,51.1,51.0,22.3,24.3,24.7,28.2,40.0,35.0,25.0,-0.2,0.0,0.0,6.0,6.0,4.0,0.0,23.0,22.0,23.0,57.0,56.0,82.0,24.0,24.0,300.0,0.0,0.0,0.0,0.0,0.0,0.0,0.0,0.0,0.0
12.63,13.0,0.53,0.51,0.5,10.42,10.32,11.0,12.64,0.4,-0.01,0.05,171.9,7.5,30.0,1.0,1.0,756.0,685.0,914.0,-4.0,915.0,12.62,1034.2,707.0,30.5,31.3,0.3,2.1,2067.6,0.0,16.83,14.8,35.2,37.8,36.4,36.7,37.8,37.4,38.3,37.1,51.2,51.1,22.3,24.4,24.7,28.2,39.0,34.0,25.0,0.0,-0.2,0.0,6.0,6.0,4.0,0.0,23.0,22.0,23.0,58.0,56.0,82.0,24.0,24.0,300.0,0.0,0.0,0.0,0.0,0.0,0.0,0.0,0.0,0.0
12.39,191.02,0.53,0.51,0.5,9.9,9.5,11.0,12.42,3.9,0.08,0.09,172.0,7.0,33.0,1.0,1.0,711.0,685.0,855.0,-2.0,840.0,12.38,986.2,675.0,29.0,30.5,0.1,2.1,2067.6,0.0,16.83,15.0,35.1,37.7,36.3,36.6,37.7,37.3,38.1,36.8,51.0,50.9,22.3,24.4,24.7,28.2,40.0,35.0,25.0,-0.2,0.0,0.0,6.0,6.0,4.0,0.0,23.0,22.0,23.0,56.0,56.0,82.0,24.0,24.0,300.0,0.0,0.0,0.0,0.0,0.0,0.0,0.0,0.0,0.0
12.87,344.99,0.53,0.51,0.5,10.44,11.08,11.64,12.87,-18.3,0.01,0.0,172.1,7.9,38.0,1.0,1.0,801.0,686.0,970.0,0.0,963.0,12.86,1079.6,735.0,31.1,32.4,0.2,2.1,2067.6,0.0,16.83,15.0,35.0,37.6,36.2,36.5,37.6,37.2,38.0,36.7,50.9,50.8,22.3,24.4,24.6,28.2,41.0,36.0,25.0,0.0,0.0,-0.3,6.0,6.0,4.0,0.0,23.0,22.0,23.0,55.0,56.0,82.0,24.0,24.0,300.0,0.0,0.0,0.0,0.0,0.0,0.0,0.0,0.0,0.0
12.54,163.01,0.53,0.51,0.5,8.5,8.26,11.3,12.53,-5.5,0.06,0.04,172.0,7.9,33.0,1.0,1.0,732.0,685.0,890.0,0.0,876.0,12.52,1009.5,691.0,32.6,31.5,0.2,2.1,2067.6,0.0,16.83,14.8,35.1,37.7,36.3,36.6,37.8,37.4,38.2,37.0,51.1,51.0,22.3,24.3,24.6,28.1,39.0,34.0,25.0,0.0,0.0,0.3,6.0,6.0,4.0,0.0,23.0,22.0,23.0,56.0,56.0,82.0,24.0,24.0,300.0,0.0,0.0,0.0,0.0,0.0,0.0,0.0,0.0,0.0
12.45,106.99,0.53,0.51,0.5,9.5,8.38,8.94,12.49,7.3,0.05,0.16,172.0,6.1,32.0,1.0,1.0,728.0,685.0,877.0,-2.0,866.0,12.46,1002.9,685.0,29.7,28.8,0.2,2.1,2067.6,0.0,16.83,14.9,35.1,37.7,36.3,36.6,37.7,37.4,38.2,36.9,51.0,50.9,22.3,24.4,24.6,28.1,38.0,33.0,25.0,0.6,0.2,0.2,6.0,6.0,4.0,0.0,23.0,22.0,23.0,56.0,56.0,81.0,24.0,24.0,300.0,0.0,0.0,0.0,0.0,0.0,0.0,0.0,0.0,0.0
12.7,204.01,0.53,0.51,0.5,9.46,8.96,10.72,12.73,1.2,0.01,-0.01,172.0,8.2,30.0,1.0,1.0,768.0,685.0,924.0,0.0,926.0,12.7,1041.6,713.0,33.1,32.9,0.2,2.2,2067.6,0.0,16.83,14.8,35.1,37.8,36.4,36.7,37.8,37.4,38.2,37.0,51.1,51.1,22.3,24.3,24.7,28.1,41.0,36.0,25.0,0.0,0.0,0.0,6.0,6.0,4.0,0.0,23.0,22.0,23.0,57.0,56.0,81.0,24.0,24.0,300.0,0.0,0.0,0.0,0.0,0.0,0.0,0.0,0.0,0.0
12.77,290.02,0.52,0.51,0.5,9.62,10.86,11.84,12.73,-2.7,0.05,0.03,172.0,9.1,32.0,1.0,1.0,767.0,684.0,930.0,0.0,908.0,12.74,1044.3,715.0,30.8,30.7,0.3,2.1,2067.6,0.0,16.83,14.7,35.4,38.0,36.6,36.9,38.0,37.7,38.5,37.2,51.4,51.2,22.3,24.4,24.7,28.2,42.0,36.0,25.0,-0.2,0.0,-0.3,6.0,6.0,4.0,0.0,23.0,22.0,23.0,59.0,56.0,82.0,24.0,24.0,300.0,0.0,0.0,0.0,0.0,0.0,0.0,0.0,0.0,0.0
12.7,186.98,0.53,0.51,0.5,9.0,8.78,10.7,12.73,1.9,0.05,0.05,172.1,9.2,33.0,1.0,1.0,775.0,685.0,941.0,0.0,941.0,12.7,1047.9,715.0,30.9,32.1,0.3,2.2,2067.6,0.0,16.83,15.1,34.9,37.5,36.1,36.4,37.5,37.1,38.0,36.7,50.9,50.7,22.3,24.4,24.6,28.1,42.0,36.0,25.0,-0.4,0.0,0.2,6.0,6.0,4.0,0.0,23.0,22.0,23.0,55.0,56.0,82.0,24.0,24.0,300.0,0.0,0.0,0.0,0.0,0.0,0.0,0.0,0.0,0.0
12.94,106.99,0.53,0.51,0.5,11.38,10.18,10.68,12.95,0.0,-0.03,0.05,172.1,8.0,34.0,1.0,1.0,817.0,685.0,996.0,0.0,990.0,12.94,1093.2,746.0,30.7,32.6,0.2,2.1,2067.6,0.0,16.83,15.0,35.0,37.6,36.2,36.4,37.6,37.2,38.0,36.7,50.9,50.8,22.3,24.4,24.6,28.1,41.0,36.0,25.0,-0.3,-0.2,0.0,6.0,6.0,4.0,0.0,23.0,22.0,23.0,55.0,56.0,81.0,24.0,24.0,300.0,0.0,0.0,0.0,0.0,0.0,0.0,0.0,0.0,0.0
12.4,285.98,0.52,0.51,0.5,8.96,9.34,10.54,12.45,-6.4,0.09,0.06,171.9,8.1,34.0,1.0,1.0,715.0,685.0,871.0,0.0,852.0,12.4,997.0,679.0,32.3,31.7,0.2,2.1,2067.6,0.0,16.83,14.8,35.2,37.8,36.4,36.7,37.8,37.4,38.3,37.0,51.2,51.1,22.3,24.4,24.7,28.1,40.0,35.0,25.0,0.0,0.0,0.0,6.0,6.0,4.0,0.0,23.0,22.0,23.0,57.0,56.0,82.0,24.0,24.0,300.0,0.0,0.0,0.0,0.0,0.0,0.0,0.0,0.0,0.0
12.77,1.01,0.53,0.51,0.5,9.34,10.02,10.58,12.75,7.0,-0.02,0.08,171.9,7.3,30.0,1.0,1.0,777.0,684.0,945.0,0.0,923.0,12.74,1053.5,721.0,33.3,33.3,0.2,2.1,2067.6,0.0,16.83,14.7,35.5,38.1,36.6,36.9,38.0,37.7,38.4,37.2,51.4,51.2,22.3,24.3,24.7,28.2,42.0,37.0,25.0,0.2,-0.2,0.0,6.0,6.0,4.0,0.0,23.0,22.0,23.0,59.0,56.0,82.0,24.0,24.0,300.0,0.0,0.0,0.0,0.0,0.0,0.0,0.0,0.0,0.0
12.57,294.01,0.52,0.51,0.5,10.18,10.96,11.88,12.56,-6.4,0.05,0.03,172.1,7.5,34.0,1.0,1.0,734.0,685.0,893.0,0.0,878.0,12.52,1011.8,692.0,28.4,27.5,0.2,2.2,2067.6,0.0,16.83,15.0,35.1,37.7,36.3,36.6,37.7,37.3,38.1,36.8,51.0,50.9,22.3,24.4,24.6,28.1,39.0,34.0,25.0,0.0,0.0,-0.3,6.0,6.0,4.0,0.0,23.0,22.0,23.0,56.0,56.0,82.0,24.0,24.0,300.0,0.0,0.0,0.0,0.0,0.0,0.0,0.0,0.0,0.0
12.87,195.01,0.53,0.51,0.5,9.2,9.74,12.14,12.9,-5.4,-0.01,0.08,172.0,9.4,34.0,1.0,1.0,808.0,685.0,972.0,0.0,962.0,12.86,1080.8,736.0,31.5,32.4,0.1,2.1,2067.6,0.0,16.83,14.8,35.3,37.9,36.5,36.8,37.9,37.6,38.4,37.2,51.3,51.2,22.3,24.4,24.7,28.2,40.0,35.0,25.0,-0.6,0.0,0.0,6.0,6.0,4.0,0.0,23.0,22.0,23.0,58.0,56.0,82.0,24.0,24.0,300.0,0.0,0.0,0.0,0.0,0.0,0.0,0.0,0.0,0.0
12.84,238.0,0.52,0.51,0.5,9.68,10.88,11.9,12.87,0.4,-0.03,0.02,172.0,7.8,32.0,1.0,1.0,795.0,685.0,962.0,0.0,951.0,12.82,1074.2,734.0,30.2,30.7,0.2,2.1,2067.6,0.0,16.83,14.8,35.2,37.9,36.5,36.7,37.8,37.5,38.3,37.1,51.2,51.2,22.3,24.4,24.8,28.2,39.0,34.0,25.0,-0.4,0.2,-0.3,6.0,6.0,4.0,0.0,23.0,22.0,23.0,58.0,56.0,82.0,24.0,24.0,300.0,0.0,0.0,0.0,0.0,0.0,0.0,0.0,0.0,0.0
12.75,77.0,0.53,0.51,0.5,10.76,9.84,10.94,12.78,5.5,0.01,-0.02,171.9,8.1,31.0,1.0,1.0,780.0,685.0,941.0,0.0,926.0,12.76,1055.4,720.0,32.4,32.7,0.2,2.2,2067.6,0.0,16.83,14.7,35.5,38.1,36.7,36.9,38.1,37.7,38.4,37.2,51.4,51.2,22.3,24.3,24.7,28.2,42.0,37.0,25.0,0.2,-0.2,-0.2,6.0,6.0,4.0,0.0,23.0,22.0,23.0,59.0,56.0,82.0,24.0,24.0,300.0,0.0,0.0,0.0,0.0,0.0,0.0,0.0,0.0,0.0
12.81,28.01,0.53,0.51,0.5,10.68,10.14,10.94,12.79,-3.3,0.06,0.01,171.9,7.7,33.0,1.0,1.0,783.0,685.0,947.0,0.0,932.0,12.78,1060.3,723.0,31.8,31.5,0.2,2.1,2067.6,0.0,16.83,14.8,35.3,37.9,36.5,36.7,37.9,37.5,38.3,37.1,51.3,51.2,22.3,24.3,24.7,28.2,39.0,34.0,25.0,0.0,0.0,0.0,6.0,6.0,4.0,0.0,23.0,22.0,23.0,58.0,56.0,82.0,24.0,24.0,300.0,0.0,0.0,0.0,0.0,0.0,0.0,0.0,0.0,0.0
12.61,193.0,0.53,0.51,0.5,8.52,8.12,10.28,12.65,-1.8,0.05,-0.07,172.1,7.6,34.0,1.0,1.0,749.0,685.0,902.0,0.0,900.0,12.62,1024.3,700.0,30.3,30.0,0.2,2.1,2067.6,0.0,16.83,14.9,35.1,37.7,36.3,36.6,37.7,37.3,38.1,36.9,51.0,50.9,22.3,24.5,24.6,28.1,38.0,33.0,25.0,0.0,0.0,0.5,6.0,6.0,4.0,0.0,23.0,22.0,23.0,56.0,56.0,82.0,24.0,24.0,300.0,0.0,0.0,0.0,0.0,0.0,0.0,0.0,0.0,0.0
12.75,285.01,0.53,0.51,0.5,8.74,9.14,9.8,12.73,-4.8,0.07,-0.01,172.1,7.7,34.0,1.0,1.0,771.0,685.0,935.0,0.0,935.0,12.7,1048.9,716.0,32.4,33.3,0.2,2.2,2067.6,0.0,16.83,15.1,34.9,37.5,36.1,36.4,37.5,37.1,38.0,36.7,50.9,50.7,22.3,24.4,24.6,28.1,42.0,36.0,25.0,0.0,0.2,0.0,6.0,6.0,4.0,0.0,23.0,22.0,23.0,55.0,56.0,82.0,24.0,24.0,300.0,0.0,0.0,0.0,0.0,0.0,0.0,0.0,0.0,0.0
12.63,212.0,0.53,0.51,0.5,10.08,10.38,11.3,12.66,-0.7,0.0,0.0,172.0,7.6,33.0,1.0,1.0,747.0,685.0,910.0,0.0,906.0,12.64,1031.8,705.0,32.6,32.5,0.3,2.1,2067.6,0.0,16.83,14.8,35.1,37.7,36.4,36.6,37.8,37.4,38.2,37.0,51.1,51.0,22.3,24.3,24.7,28.2,40.0,35.0,25.0,-0.4,-0.2,0.0,6.0,6.0,4.0,0.0,23.0,22.0,23.0,57.0,56.0,82.0,24.0,24.0,300.0,0.0,0.0,0.0,0.0,0.0,0.0,0.0,0.0,0.0
12.68,325.01,0.53,0.51,0.5,8.54,9.22,10.0,12.69,5.0,0.06,0.03,172.0,7.1,29.0,1.0,1.0,751.0,685.0,907.0,2.0,903.0,12.64,1029.4,704.0,27.8,28.4,0.2,2.1,2067.6,0.0,16.83,14.8,35.2,37.8,36.4,36.7,37.8,37.4,38.3,37.1,51.2,51.1,22.3,24.4,24.7,28.2,39.0,34.0,25.0,0.4,0.2,0.2,6.0,6.0,4.0,0.0,23.0,22.0,23.0,58.0,56.0,82.0,24.0,24.0,300.0,0.0,0.0,0.0,0.0,0.0,0.0,0.0,0.0,0.0
12.65,126.0,0.53,0.51,0.5,10.12,9.18,9.88,12.65,-4.1,-0.03,0.07,172.0,8.8,32.0,1.0,1.0,762.0,685.0,916.0,0.0,915.0,12.66,1037.0,707.0,29.2,29.1,0.2,2.1,2067.6,0.0,16.83,14.8,35.2,37.8,36.4,36.7,37.8,37.5,38.3,37.1,51.2,51.1,22.3,24.4,24.7,28.2,40.0,34.0,25.0,0.0,0.0,0.0,6.0,6.0,4.0,0.0,23.0,22.0,23.0,58.0,56.0,82.0,24.0,24.0,300.0,0.0,0.0,0.0,0.0,0.0,0.0,0.0,0.0,0.0
12.35,240.98,0.52,0.51,0.5,9.76,10.0,11.6,12.34,7.6,0.02,0.0,172.0,7.0,32.0,1.0,1.0,697.0,684.0,844.0,0.0,843.0,12.34,977.7,668.0,31.0,31.9,0.2,2.1,2067.6,0.0,16.83,14.8,35.2,37.8,36.4,36.7,37.8,37.4,38.2,37.0,51.2,51.1,22.3,24.3,24.7,28.1,40.0,35.0,25.0,0.0,0.0,-0.3,6.0,6.0,4.0,0.0,23.0,22.0,23.0,57.0,56.0,81.0,24.0,24.0,300.0,0.0,0.0,0.0,0.0,0.0,0.0,0.0,0.0,0.0
12.82,56.99,0.53,0.51,0.5,12.02,9.44,11.16,12.84,-1.1,0.02,0.04,171.9,7.9,33.0,1.0,1.0,792.0,685.0,960.0,0.0,947.0,12.82,1067.5,729.0,31.2,31.2,0.2,2.1,2067.6,0.0,16.83,14.8,35.3,37.9,36.5,36.7,37.9,37.5,38.4,37.1,51.3,51.2,22.3,24.4,24.8,28.2,39.0,34.0,25.0,0.5,-0.2,-0.2,6.0,6.0,4.0,0.0,23.0,22.0,23.0,58.0,56.0,81.0,24.0,24.0,300.0,0.0,0.0,0.0,0.0,0.0,0.0,0.0,0.0,0.0
12.47,343.01,0.53,0.51,0.5,10.12,10.5,12.0,12.46,0.8,0.06,0.06,172.0,7.7,32.0,1.0,1.0,723.0,685.0,875.0,-2.0,861.0,12.46,999.5,682.0,31.5,30.4,0.3,2.2,2067.6,0.0,16.83,14.8,35.1,37.7,36.3,36.6,37.7,37.4,38.2,37.0,51.1,51.0,22.3,24.3,24.6,28.1,39.0,35.0,25.0,0.0,-0.2,0.0,6.0,6.0,4.0,0.0,23.0,22.0,23.0,57.0,56.0,81.0,24.0,24.0,300.0,0.0,0.0,0.0,0.0,0.0,0.0,0.0,0.0,0.0
12.81,335.99,0.53,0.51,0.5,9.24,9.66,11.18,12.82,-7.4,0.05,0.05,172.1,8.4,35.0,1.0,1.0,776.0,685.0,939.0,0.0,923.0,12.78,1055.7,721.0,30.9,31.6,0.2,2.2,2067.6,0.0,16.83,15.1,34.9,37.6,36.2,36.4,37.6,37.1,37.9,36.7,50.9,50.8,22.3,24.5,24.6,28.1,41.0,36.0,25.0,0.6,0.0,-0.2,6.0,6.0,4.0,0.0,23.0,22.0,23.0,55.0,56.0,81.0,24.0,24.0,300.0,0.0,0.0,0.0,0.0,0.0,0.0,0.0,0.0,0.0
12.27,10.01,0.53,0.51,0.5,8.7,8.46,9.32,12.26,3.3,0.04,0.08,171.9,5.8,33.0,1.0,1.0,685.0,684.0,834.0,0.0,827.0,12.26,960.9,658.0,31.5,33.2,0.2,2.1,2067.6,0.0,16.83,14.8,35.2,37.8,36.4,36.7,37.8,37.4,38.3,37.1,51.2,51.1,22.3,24.3,24.7,28.1,40.0,35.0,25.0,0.4,0.0,0.0,6.0,6.0,4.0,0.0,23.0,22.0,23.0,57.0,56.0,82.0,24.0,24.0,300.0,0.0,0.0,0.0,0.0,0.0,0.0,0.0,0.0,0.0
12.69,288.0,0.53,0.51,0.5,8.26,9.56,9.94,12.67,-1.5,0.09,0.02,172.0,8.5,33.0,1.0,1.0,758.0,685.0,910.0,0.0,912.0,12.66,1034.2,706.0,31.4,31.3,0.2,2.2,2067.6,0.0,16.83,14.8,35.1,37.8,36.4,36.6,37.8,37.4,38.3,37.0,51.1,51.0,22.3,24.3,24.7,28.2,40.0,35.0,25.0,0.2,0.2,0.0,6.0,6.0,4.0,0.0,23.0,22.0,23.0,57.0,56.0,82.0,24.0,24.0,300.0,0.0,0.0,0.0,0.0,0.0,0.0,0.0,0.0,0.0
13.03,114.98,0.53,0.51,0.5,10.62,9.3,9.92,13.07,0.1,-0.02,-0.01,171.9,8.6,32.0,1.0,1.0,841.0,685.0,1024.0,0.0,1001.0,13.06,1115.1,762.0,32.4,32.6,0.2,2.1,2067.6,0.0,16.83,14.8,35.4,38.0,36.6,36.9,38.0,37.6,38.5,37.2,51.3,51.2,22.3,24.4,24.7,28.2,42.0,36.0,25.0,0.2,0.2,0.2,6.0,6.0,4.0,0.0,23.0,22.0,23.0,59.0,56.0,82.0,24.0,24.0,300.0,0.0,0.0,0.0,0.0,0.0,0.0,0.0,0.0,0.0
13.01,78.01,0.53,0.51,0.5,11.88,10.38,11.22,13.0,1.2,0.01,0.07,172.1,8.7,34.0,1.0,1.0,827.0,685.0,994.0,0.0,998.0,13.0,1104.2,753.0,30.1,30.0,0.2,2.2,2067.6,0.0,16.83,15.0,35.0,37.6,36.2,36.4,37.6,37.2,38.0,36.7,50.9,50.8,22.3,24.4,24.6,28.1,41.0,36.0,25.0,0.3,0.0,-0.2,6.0,6.0,4.0,0.0,23.0,22.0,23.0,55.0,56.0,82.0,24.0,24.0,300.0,0.0,0.0,0.0,0.0,0.0,0.0,0.0,0.0,0.0
12.87,67.0,0.53,0.51,0.5,11.94,10.44,11.44,12.87,1.4,0.01,0.08,171.9,7.4,33.0,1.0,1.0,803.0,685.0,970.0,0.0,962.0,12.86,1077.3,735.0,32.1,31.4,0.2,2.1,2067.6,0.0,16.83,14.8,35.4,37.9,36.5,36.8,37.9,37.6,38.4,37.2,51.3,51.2,22.3,24.4,24.7,28.2,40.0,35.0,25.0,0.0,-0.2,-0.3,6.0,6.0,4.0,0.0,23.0,22.0,23.0,58.0,56.0,82.0,24.0,24.0,300.0,0.0,0.0,0.0,0.0,0.0,0.0,0.0,0.0,0.0
12.96,15.98,0.53,0.51,0.5,11.2,11.06,12.08,12.95,2.5,-0.06,-0.03,172.0,7.9,33.0,1.0,1.0,819.0,686.0,990.0,0.0,991.0,12.96,1097.3,748.0,30.9,31.6,0.2,2.2,2067.6,0.0,16.83,15.1,35.0,37.6,36.2,36.5,37.6,37.2,38.0,36.7,50.9,50.8,22.3,24.4,24.6,28.1,41.0,36.0,25.0,0.0,-0.5,-0.3,6.0,6.0,4.0,0.0,23.0,22.0,23.0,55.0,56.0,81.0,24.0,24.0,300.0,0.0,0.0,0.0,0.0,0.0,0.0,0.0,0.0,0.0
12.65,213.01,0.53,0.51,0.5,9.48,9.34,10.7,12.69,-2.9,0.0,0.08,172.0,8.8,34.0,1.0,1.0,757.0,685.0,913.0,0.0,913.0,12.64,1033.3,707.0,28.6,30.4,0.2,2.1,2067.6,0.0,16.83,15.0,35.1,37.7,36.3,36.6,37.7,37.3,38.1,36.9,51.0,50.9,22.3,24.5,24.6,28.1,38.0,33.0,25.0,-0.2,0.0,0.0,6.0,6.0,4.0,0.0,23.0,22.0,23.0,56.0,56.0,82.0,24.0,24.0,300.0,0.0,0.0,0.0,0.0,0.0,0.0,0.0,0.0,0.0
12.68,11.02,0.53,0.51,0.5,9.62,9.84,10.34,12.68,1.2,-0.03,0.11,172.0,8.7,35.0,1.0,1.0,777.0,685.0,942.0,0.0,939.0,12.66,1046.8,715.0,29.9,32.3,0.3,2.0,2067.6,0.0,16.83,15.1,35.1,37.7,36.3,36.5,37.6,37.3,38.1,36.8,51.0,50.9,22.3,24.3,24.7,28.2,40.0,35.0,25.0,0.2,0.0,0.0,6.0,6.0,4.0,0.0,23.0,22.0,23.0,55.0,57.0,82.0,24.0,24.0,300.0,0.0,0.0,0.0,0.0,0.0,0.0,0.0,0.0,0.0
12.98,221.0,0.53,0.51,0.5,9.48,9.32,11.56,12.97,2.7,-0.01,0.06,172.1,8.4,34.0,1.0,1.0,821.0,685.0,993.0,0.0,989.0,12.96,1094.1,748.0,32.2,32.7,0.2,2.1,2067.6,0.0,16.83,15.1,35.0,37.6,36.2,36.5,37.6,37.2,38.0,36.7,50.9,50.8,22.3,24.4,24.6,28.1,41.0,36.0,25.0,-0.2,0.0,0.0,6.0,6.0,4.0,0.0,23.0,22.0,23.0,55.0,56.0,82.0,24.0,24.0,300.0,0.0,0.0,0.0,0.0,0.0,0.0,0.0,0.0,0.0
12.68,128.02,0.53,0.51,0.5,11.42,10.14,11.72,12.72,2.4,0.02,0.04,172.0,7.9,30.0,1.0,1.0,762.0,685.0,923.0,2.0,919.0,12.7,1041.4,711.0,33.5,33.2,0.3,2.1,2067.6,0.0,16.83,14.8,35.1,37.8,36.4,36.6,37.8,37.4,38.3,37.0,51.1,51.1,22.3,24.3,24.7,28.1,41.0,36.0,25.0,0.0,-0.2,0.0,6.0,6.0,4.0,0.0,23.0,22.0,23.0,57.0,56.0,81.0,24.0,24.0,300.0,0.0,0.0,0.0,0.0,0.0,0.0,0.0,0.0,0.0
12.57,240.01,0.52,0.51,0.5,9.64,10.12,11.58,12.59,1.5,-0.05,0.05,172.0,8.0,30.0,1.0,1.0,751.0,685.0,907.0,-2.0,903.0,12.58,1026.8,701.0,28.2,30.2,0.2,2.1,2067.6,0.0,16.83,14.8,35.2,37.8,36.4,36.7,37.8,37.5,38.4,37.1,51.2,51.1,22.3,24.4,24.7,28.2,39.0,34.0,25.0,-0.2,0.0,0.0,6.0,6.0,4.0,0.0,23.0,22.0,23.0,58.0,56.0,82.0,24.0,24.0,300.0,0.0,0.0,0.0,0.0,0.0,0.0,0.0,0.0,0.0
12.89,115.99,0.53,0.51,0.5,10.44,9.12,10.18,12.9,-3.6,0.02,-0.01,172.0,7.8,37.0,1.0,1.0,810.0,685.0,979.0,0.0,972.0,12.9,1083.5,740.0,31.2,31.4,0.2,2.1,2067.6,0.0,16.83,15.1,35.0,37.6,36.2,36.5,37.6,37.3,38.0,36.7,50.9,50.8,22.3,24.4,24.6,28.2,41.0,35.0,25.0,0.0,0.0,0.0,6.0,6.0,4.0,0.0,23.0,22.0,23.0,55.0,56.0,81.0,24.0,24.0,300.0,0.0,0.0,0.0,0.0,0.0,0.0,0.0,0.0,0.0
12.31,304.99,0.52,0.51,0.5,8.6,9.54,10.48,12.32,-4.4,-0.02,0.0,171.9,8.2,34.0,1.0,1.0,687.0,685.0,838.0,2.0,828.0,12.3,968.0,662.0,31.6,32.5,0.3,2.1,2067.6,0.0,16.83,14.8,35.2,37.8,36.4,36.7,37.8,37.4,38.3,37.1,51.2,51.1,22.3,24.3,24.7,28.1,40.0,35.0,25.0,0.0,0.2,0.0,6.0,6.0,4.0,0.0,23.0,22.0,23.0,57.0,56.0,81.0,24.0,24.0,300.0,0.0,0.0,0.0,0.0,0.0,0.0,0.0,0.0,0.0
12.85,140.0,0.53,0.51,0.5,10.96,10.52,11.36,12.86,-13.2,0.0,-0.02,172.0,7.7,38.0,1.0,1.0,799.0,686.0,969.0,0.0,959.0,12.86,1074.5,734.0,31.9,32.0,0.2,2.2,2067.6,0.0,16.83,15.0,35.0,37.6,36.2,36.5,37.6,37.2,38.0,36.7,50.9,50.8,22.3,24.4,24.6,28.2,41.0,36.0,25.0,0.0,-0.2,0.0,6.0,6.0,4.0,0.0,23.0,22.0,23.0,55.0,56.0,82.0,24.0,24.0,300.0,0.0,0.0,0.0,0.0,0.0,0.0,0.0,0.0,0.0
12.78,311.0,0.53,0.51,0.5,8.58,9.34,9.7,12.79,0.1,0.0,0.03,171.9,8.1,32.0,1.0,1.0,775.0,685.0,941.0,2.0,920.0,12.76,1057.7,720.0,29.4,28.7,0.1,2.1,2067.6,0.0,16.83,14.8,35.2,37.8,36.4,36.7,37.8,37.5,38.3,37.1,51.2,51.2,22.3,24.4,24.7,28.2,39.0,34.0,25.0,0.4,0.2,0.0,6.0,6.0,4.0,0.0,23.0,22.0,23.0,58.0,56.0,81.0,24.0,24.0,300.0,0.0,0.0,0.0,0.0,0.0,0.0,0.0,0.0,0.0
13.02,4.0,0.53,0.51,0.5,9.82,10.22,10.58,13.0,6.0,-0.02,0.02,171.9,8.1,31.0,1.0,1.0,820.0,685.0,999.0,0.0,997.0,13.0,1096.6,751.0,31.6,30.8,0.3,2.2,2067.6,0.0,16.83,14.8,35.4,38.0,36.6,36.9,38.0,37.6,38.5,37.2,51.3,51.2,22.3,24.5,24.7,28.2,41.0,36.0,25.0,0.4,0.0,0.0,6.0,6.0,4.0,0.0,23.0,22.0,23.0,59.0,56.0,82.0,24.0,24.0,300.0,0.0,0.0,0.0,0.0,0.0,0.0,0.0,0.0,0.0
12.89,88.99,0.53,0.51,0.5,11.7,10.42,11.0,12.89,-3.9,0.04,0.01,172.1,8.3,37.0,1.0,1.0,807.0,686.0,970.0,0.0,967.0,12.9,1082.4,737.0,31.0,31.9,0.3,2.1,2067.6,0.0,16.83,15.0,35.0,37.6,36.2,36.5,37.6,37.2,38.0,36.7,50.9,50.8,22.3,24.4,24.6,28.2,41.0,36.0,25.0,0.0,0.0,-0.2,6.0,6.0,4.0,0.0,23.0,22.0,23.0,55.0,56.0,82.0,24.0,24.0,300.0,0.0,0.0,0.0,0.0,0.0,0.0,0.0,0.0,0.0
12.96,42.01,0.53,0.51,0.5,12.3,10.88,11.78,12.95,0.5,0.06,-0.03,171.9,8.4,31.0,1.0,1.0,818.0,685.0,994.0,0.0,991.0,12.92,1094.8,746.0,31.1,32.8,0.2,2.2,2067.6,0.0,16.83,14.7,35.5,38.1,36.7,37.0,38.1,37.7,38.5,37.3,51.4,51.2,22.3,24.3,24.7,28.2,42.0,36.0,25.0,0.0,-0.7,-0.5,6.0,6.0,4.0,0.0,23.0,22.0,23.0,59.0,56.0,82.0,24.0,24.0,300.0,0.0,0.0,0.0,0.0,0.0,0.0,0.0,0.0,0.0
12.91,240.98,0.53,0.51,0.5,9.6,9.9,11.66,12.92,4.7,-0.06,-0.03,172.1,8.3,33.0,1.0,1.0,812.0,686.0,988.0,0.0,985.0,12.92,1089.7,745.0,31.0,32.8,0.2,2.0,2067.6,0.0,16.83,15.1,35.0,37.6,36.2,36.5,37.6,37.2,38.0,36.7,50.9,50.8,22.3,24.4,24.6,28.1,41.0,36.0,25.0,-0.2,0.0,0.0,6.0,6.0,4.0,0.0,23.0,22.0,23.0,55.0,56.0,81.0,24.0,24.0,300.0,0.0,0.0,0.0,0.0,0.0,0.0,0.0,0.0,0.0
12.78,65.99,0.53,0.51,0.5,10.22,9.4,10.04,12.8,0.4,0.03,-0.03,172.0,8.1,36.0,1.0,1.0,783.0,685.0,947.0,0.0,937.0,12.8,1061.8,725.0,30.3,31.6,0.2,2.1,2067.6,0.0,16.83,15.1,35.1,37.7,36.3,36.5,37.6,37.3,38.0,36.8,51.0,50.8,22.3,24.3,24.6,28.2,40.0,35.0,25.0,0.2,0.0,0.0,6.0,6.0,4.0,0.0,23.0,22.0,23.0,55.0,56.0,82.0,24.0,24.0,300.0,0.0,0.0,0.0,0.0,0.0,0.0,0.0,0.0,0.0
12.52,297.0,0.53,0.51,0.5,9.18,9.62,10.64,12.51,-2.1,0.01,0.04,172.0,8.0,32.0,1.0,1.0,734.0,685.0,881.0,0.0,869.0,12.5,1007.9,688.0,31.4,31.6,0.2,2.2,2067.6,0.0,16.83,14.8,35.1,37.7,36.3,36.6,37.7,37.4,38.2,37.0,51.1,51.0,22.3,24.3,24.6,28.1,39.0,34.0,25.0,0.0,0.2,0.0,6.0,6.0,4.0,0.0,23.0,22.0,23.0,56.0,56.0,82.0,24.0,24.0,300.0,0.0,0.0,0.0,0.0,0.0,0.0,0.0,0.0,0.0
12.98,311.0,0.53,0.51,0.5,8.82,10.0,10.42,12.97,-1.5,0.02,0.06,172.1,9.1,34.0,1.0,1.0,825.0,686.0,996.0,0.0,996.0,12.94,1099.2,749.0,32.8,32.6,0.2,2.1,2067.6,0.0,16.83,15.0,35.0,37.6,36.2,36.5,37.6,37.2,38.0,36.7,50.9,50.8,22.3,24.4,24.6,28.1,41.0,36.0,25.0,0.2,0.5,0.0,6.0,6.0,4.0,0.0,23.0,22.0,23.0,55.0,56.0,81.0,24.0,24.0,300.0,0.0,0.0,0.0,0.0,0.0,0.0,0.0,0.0,0.0
12.61,252.0,0.52,0.51,0.5,8.04,8.7,10.22,12.64,-0.6,0.04,-0.08,172.0,8.1,33.0,1.0,1.0,759.0,685.0,913.0,0.0,910.0,12.62,1033.0,705.0,30.9,31.1,0.2,2.1,2067.6,0.0,16.83,14.8,35.1,37.7,36.3,36.6,37.7,37.4,38.2,37.0,51.1,51.0,22.3,24.3,24.7,28.2,40.0,35.0,25.0,0.2,0.2,0.2,6.0,6.0,4.0,0.0,23.0,22.0,23.0,57.0,56.0,81.0,24.0,24.0,300.0,0.0,0.0,0.0,0.0,0.0,0.0,0.0,0.0,0.0
12.44,141.01,0.53,0.51,0.5,8.84,8.3,8.76,12.42,3.1,-0.01,-0.05,172.0,8.2,31.0,1.0,1.0,711.0,685.0,856.0,0.0,837.0,12.42,989.8,676.0,31.0,31.5,0.2,2.2,2067.6,0.0,16.83,14.8,35.1,37.7,36.3,36.6,37.7,37.4,38.2,37.0,51.1,51.0,22.3,24.3,24.6,28.1,39.0,34.0,25.0,0.2,0.0,0.2,6.0,6.0,4.0,0.0,23.0,22.0,23.0,56.0,56.0,82.0,24.0,24.0,300.0,0.0,0.0,0.0,0.0,0.0,0.0,0.0,0.0,0.0
12.81,258.01,0.53,0.51,0.5,8.7,9.4,10.42,12.81,5.7,-0.03,-0.02,171.9,7.7,31.0,1.0,1.0,786.0,685.0,953.0,0.0,937.0,12.78,1064.9,727.0,30.0,30.5,0.2,2.1,2067.6,0.0,16.83,14.8,35.2,37.8,36.4,36.7,37.8,37.5,38.4,37.1,51.3,51.2,22.3,24.3,24.7,28.2,39.0,34.0,25.0,0.0,0.4,0.0,6.0,6.0,4.0,0.0,23.0,22.0,23.0,58.0,56.0,82.0,24.0,24.0,300.0,0.0,0.0,0.0,0.0,0.0,0.0,0.0,0.0,0.0
12.84,2.02,0.53,0.51,0.5,9.76,9.18,9.6,12.85,-3.8,-0.08,0.03,172.0,7.1,35.0,1.0,1.0,802.0,685.0,972.0,0.0,960.0,12.84,1077.5,736.0,31.6,32.7,0.2,2.1,2067.6,0.0,16.83,15.1,35.0,37.6,36.2,36.4,37.6,37.2,37.9,36.7,50.9,50.8,22.3,24.4,24.6,28.1,41.0,36.0,25.0,1.3,0.2,0.2,6.0,6.0,4.0,0.0,23.0,22.0,23.0,55.0,56.0,81.0,24.0,24.0,300.0,0.0,0.0,0.0,0.0,0.0,0.0,0.0,0.0,0.0
12.66,137.02,0.53,0.51,0.5,10.66,10.16,10.64,12.65,-3.7,0.01,0.03,172.0,8.7,34.0,1.0,1.0,756.0,685.0,916.0,0.0,913.0,12.66,1030.4,706.0,28.9,29.6,0.2,2.1,2067.6,0.0,16.83,15.0,35.1,37.7,36.3,36.6,37.7,37.3,38.1,36.9,51.0,50.9,22.3,24.5,24.6,28.1,38.0,33.0,25.0,-0.2,-0.2,0.0,6.0,6.0,4.0,0.0,23.0,22.0,23.0,56.0,56.0,82.0,24.0,24.0,300.0,0.0,0.0,0.0,0.0,0.0,0.0,0.0,0.0,0.0
12.84,284.0,0.53,0.51,0.5,8.24,9.26,9.8,12.82,0.0,0.08,0.03,171.9,7.1,33.0,1.0,1.0,795.0,685.0,960.0,0.0,951.0,12.82,1070.4,731.0,31.1,31.9,0.2,2.1,2067.6,0.0,16.83,14.7,35.3,37.9,36.5,36.8,37.9,37.5,38.4,37.1,51.3,51.2,22.3,24.3,24.7,28.2,40.0,34.0,25.0,0.0,0.4,0.0,6.0,6.0,4.0,0.0,23.0,22.0,23.0,58.0,56.0,82.0,24.0,24.0,300.0,0.0,0.0,0.0,0.0,0.0,0.0,0.0,0.0,0.0
12.6,155.99,0.53,0.51,0.5,10.14,9.76,10.48,12.61,-2.5,0.0,-0.12,172.1,8.7,34.0,1.0,1.0,755.0,685.0,913.0,-2.0,912.0,12.62,1031.4,704.0,30.5,30.6,0.2,2.1,2067.6,0.0,16.83,15.0,35.1,37.7,36.3,36.6,37.7,37.3,38.1,36.9,51.0,50.9,22.3,24.5,24.6,28.1,39.0,33.0,25.0,0.0,-0.2,0.2,6.0,6.0,4.0,0.0,23.0,22.0,23.0,56.0,56.0,82.0,24.0,24.0,300.0,0.0,0.0,0.0,0.0,0.0,0.0,0.0,0.0,0.0
12.44,204.01,0.53,0.51,0.5,9.52,9.74,11.38,12.43,4.5,0.07,0.02,172.0,6.7,31.0,1.0,1.0,717.0,685.0,868.0,2.0,844.0,12.4,991.2,676.0,30.2,32.4,0.2,2.1,2067.6,0.0,16.83,14.8,35.2,37.8,36.4,36.7,37.8,37.4,38.3,37.1,51.2,51.1,22.3,24.3,24.7,28.2,39.0,34.0,25.0,-0.4,0.0,0.0,6.0,6.0,4.0,0.0,23.0,22.0,23.0,57.0,56.0,82.0,24.0,24.0,300.0,0.0,0.0,0.0,0.0,0.0,0.0,0.0,0.0,0.0
12.54,13.0,0.53,0.51,0.5,9.92,9.92,11.08,12.52,-1.2,0.01,0.06,172.0,8.0,32.0,1.0,1.0,733.0,685.0,889.0,0.0,870.0,12.5,1007.1,689.0,31.3,32.9,0.2,2.1,2067.6,0.0,16.83,14.8,35.1,37.7,36.3,36.6,37.7,37.4,38.2,37.0,51.1,51.0,22.3,24.3,24.6,28.1,39.0,34.0,25.0,0.0,0.0,0.0,6.0,6.0,4.0,0.0,23.0,22.0,23.0,56.0,56.0,82.0,24.0,24.0,300.0,0.0,0.0,0.0,0.0,0.0,0.0,0.0,0.0,0.0
12.57,118.01,0.53,0.51,0.5,12.16,10.58,11.84,12.61,1.7,-0.07,0.06,172.0,6.9,33.0,1.0,1.0,753.0,685.0,911.0,0.0,906.0,12.6,1028.6,703.0,31.6,33.0,0.2,2.2,2067.6,0.0,16.83,14.8,35.1,37.8,36.3,36.6,37.8,37.4,38.3,37.0,51.2,51.0,22.3,24.3,24.7,28.2,41.0,35.0,25.0,-0.2,0.0,0.0,6.0,6.0,4.0,0.0,23.0,22.0,23.0,57.0,56.0,82.0,24.0,24.0,300.0,0.0,0.0,0.0,0.0,0.0,0.0,0.0,0.0,0.0
12.44,58.0,0.53,0.51,0.5,9.92,9.36,10.38,12.47,6.2,0.05,0.05,172.0,6.7,31.0,1.0,1.0,721.0,685.0,869.0,0.0,853.0,12.44,1000.4,680.0,30.3,31.1,0.2,2.2,2067.6,0.0,16.83,14.9,35.1,37.7,36.3,36.6,37.7,37.3,38.2,36.9,51.1,50.9,22.3,24.4,24.6,28.1,39.0,34.0,25.0,0.0,0.0,0.0,6.0,6.0,4.0,0.0,23.0,22.0,23.0,56.0,56.0,81.0,24.0,24.0,300.0,0.0,0.0,0.0,0.0,0.0,0.0,0.0,0.0,0.0
12.63,184.0,0.53,0.51,0.5,9.42,8.7,10.28,12.61,9.0,0.02,0.0,172.0,7.3,29.0,1.0,1.0,738.0,685.0,901.0,2.0,888.0,12.6,1017.8,696.0,33.5,33.0,0.2,2.1,2067.6,0.0,16.83,14.8,35.1,37.8,36.4,36.7,37.8,37.4,38.2,37.0,51.1,51.1,22.3,24.3,24.7,28.1,41.0,36.0,25.0,0.0,0.0,0.0,6.0,6.0,4.0,0.0,23.0,22.0,23.0,57.0,56.0,81.0,24.0,24.0,300.0,0.0,0.0,0.0,0.0,0.0,0.0,0.0,0.0,0.0
12.77,154.01,0.53,0.51,0.5,10.92,10.42,11.86,12.77,2.7,0.01,0.03,171.9,7.2,32.0,1.0,1.0,790.0,685.0,956.0,0.0,940.0,12.76,1065.6,726.0,30.0,29.8,0.2,2.1,2067.6,0.0,16.83,14.7,35.3,37.9,36.5,36.8,37.9,37.5,38.3,37.1,51.3,51.2,22.3,24.4,24.7,28.2,40.0,34.0,25.0,-0.7,-0.2,0.0,6.0,6.0,4.0,0.0,23.0,22.0,23.0,58.0,56.0,82.0,24.0,24.0,300.0,0.0,0.0,0.0,0.0,0.0,0.0,0.0,0.0,0.0
12.87,144.0,0.53,0.51,0.5,10.4,9.48,11.44,12.87,-1.1,-0.01,-0.03,171.9,8.1,33.0,1.0,1.0,804.0,685.0,969.0,0.0,964.0,12.88,1076.9,735.0,29.9,29.7,0.3,2.1,2067.6,0.0,16.83,14.8,35.4,37.9,36.5,36.8,37.9,37.6,38.4,37.2,51.3,51.2,22.3,24.4,24.7,28.2,40.0,35.0,25.0,-0.5,-0.2,0.0,6.0,6.0,4.0,0.0,23.0,22.0,23.0,58.0,56.0,82.0,24.0,24.0,300.0,0.0,0.0,0.0,0.0,0.0,0.0,0.0,0.0,0.0
12.93,184.0,0.53,0.51,0.5,9.26,8.68,10.6,12.98,0.9,0.04,0.06,172.1,8.0,34.0,1.0,1.0,813.0,685.0,982.0,-4.0,988.0,12.94,1089.3,745.0,29.7,32.1,0.2,2.0,2067.6,0.0,16.83,15.0,35.0,37.6,36.2,36.4,37.6,37.2,38.0,36.7,50.9,50.8,22.3,24.4,24.6,28.1,41.0,36.0,25.0,-0.2,0.0,0.5,6.0,6.0,4.0,0.0,23.0,22.0,23.0,55.0,56.0,82.0,24.0,24.0,300.0,0.0,0.0,0.0,0.0,0.0,0.0,0.0,0.0,0.0
12.52,218.99,0.53,0.51,0.5,8.82,8.8,10.38,12.56,-5.3,-0.02,-0.05,172.0,8.3,34.0,1.0,1.0,736.0,685.0,889.0,0.0,878.0,12.54,1012.1,691.0,29.9,29.8,0.3,2.1,2067.6,0.0,16.83,15.0,35.1,37.7,36.3,36.6,37.7,37.3,38.1,36.8,51.0,50.9,22.3,24.4,24.6,28.1,39.0,34.0,25.0,0.0,0.2,0.2,6.0,6.0,4.0,0.0,23.0,22.0,23.0,56.0,56.0,82.0,24.0,24.0,300.0,0.0,0.0,0.0,0.0,0.0,0.0,0.0,0.0,0.0
12.61,88.99,0.53,0.51,0.5,9.86,8.58,9.08,12.63,0.3,0.03,-0.02,171.9,8.1,30.0,1.0,1.0,760.0,685.0,916.0,0.0,912.0,12.62,1030.6,704.0,30.4,30.7,0.2,2.1,2067.6,0.0,16.83,14.8,35.2,37.8,36.4,36.7,37.8,37.5,38.3,37.1,51.2,51.1,22.3,24.4,24.7,28.2,39.0,34.0,25.0,0.0,0.2,0.0,6.0,6.0,4.0,0.0,23.0,22.0,23.0,58.0,56.0,82.0,24.0,24.0,300.0,0.0,0.0,0.0,0.0,0.0,0.0,0.0,0.0,0.0
12.51,87.98,0.53,0.51,0.5,10.94,10.32,11.28,12.55,-1.6,0.01,-0.03,172.0,7.0,32.0,1.0,1.0,735.0,685.0,887.0,0.0,873.0,12.52,1008.1,690.0,32.1,32.0,0.2,2.1,2067.6,0.0,16.83,14.8,35.1,37.7,36.4,36.6,37.8,37.4,38.2,37.0,51.1,51.0,22.3,24.3,24.6,28.1,39.0,34.0,25.0,0.0,0.0,-0.5,6.0,6.0,4.0,0.0,23.0,22.0,23.0,56.0,56.0,82.0,24.0,24.0,300.0,0.0,0.0,0.0,0.0,0.0,0.0,0.0,0.0,0.0
12.89,77.0,0.53,0.51,0.5,10.5,9.1,9.94,12.91,0.1,0.03,0.01,171.9,8.6,33.0,1.0,1.0,807.0,685.0,975.0,0.0,968.0,12.9,1082.0,740.0,30.8,31.4,0.2,2.1,2067.6,0.0,16.83,14.8,35.4,37.9,36.5,36.8,38.0,37.6,38.4,37.2,51.3,51.2,22.3,24.5,24.7,28.2,41.0,36.0,25.0,0.2,0.0,0.0,6.0,6.0,4.0,0.0,23.0,22.0,23.0,58.0,56.0,82.0,24.0,24.0,300.0,0.0,0.0,0.0,0.0,0.0,0.0,0.0,0.0,0.0
12.39,110.99,0.53,0.51,0.5,9.08,8.38,9.18,12.43,-3.4,0.01,0.02,172.0,7.4,31.0,1.0,1.0,717.0,685.0,865.0,-2.0,850.0,12.42,992.2,678.0,31.8,32.8,0.2,2.2,2067.6,0.0,16.83,14.8,35.2,37.8,36.4,36.7,37.8,37.4,38.3,37.0,51.2,51.0,22.3,24.4,24.7,28.1,41.0,36.0,25.0,0.0,0.0,0.0,6.0,6.0,4.0,0.0,23.0,22.0,23.0,57.0,56.0,81.0,24.0,24.0,300.0,0.0,0.0,0.0,0.0,0.0,0.0,0.0,0.0,0.0
12.99,203.0,0.53,0.51,0.5,8.9,8.7,10.8,12.96,-2.7,-0.02,0.07,172.1,8.8,35.0,1.0,1.0,810.0,685.0,976.0,2.0,969.0,12.96,1089.2,743.0,31.7,33.0,0.2,2.1,2067.6,0.0,16.83,15.0,35.0,37.6,36.2,36.4,37.6,37.2,38.0,36.7,50.9,50.8,22.3,24.4,24.6,28.1,41.0,36.0,25.0,0.0,0.2,0.5,6.0,6.0,4.0,0.0,23.0,22.0,23.0,55.0,56.0,81.0,24.0,24.0,300.0,0.0,0.0,0.0,0.0,0.0,0.0,0.0,0.0,0.0
12.85,32.0,0.53,0.51,0.5,11.54,10.42,11.52,12.83,4.1,0.04,-0.03,171.9,7.5,32.0,1.0,1.0,795.0,685.0,965.0,0.0,955.0,12.84,1072.1,732.0,29.6,29.7,0.1,2.1,2067.6,0.0,16.83,14.8,35.2,37.9,36.4,36.7,37.9,37.5,38.4,37.1,51.2,51.2,22.3,24.4,24.8,28.2,39.0,34.0,25.0,0.0,-0.7,-0.3,6.0,6.0,4.0,0.0,23.0,22.0,23.0,58.0,56.0,82.0,24.0,24.0,300.0,0.0,0.0,0.0,0.0,0.0,0.0,0.0,0.0,0.0
12.6,249.98,0.53,0.51,0.5,8.32,9.12,10.08,12.65,1.4,0.01,0.05,172.0,8.4,33.0,1.0,1.0,754.0,685.0,908.0,0.0,906.0,12.62,1029.0,704.0,32.7,33.2,0.2,2.1,2067.6,0.0,16.83,14.8,35.1,37.7,36.4,36.6,37.8,37.4,38.2,37.0,51.2,51.0,22.3,24.3,24.7,28.2,40.0,35.0,25.0,0.0,0.2,0.0,6.0,6.0,4.0,0.0,23.0,22.0,23.0,57.0,56.0,82.0,24.0,24.0,300.0,0.0,0.0,0.0,0.0,0.0,0.0,0.0,0.0,0.0
12.72,73.01,0.53,0.51,0.5,9.98,8.78,9.34,12.73,-8.6,0.02,0.02,172.1,8.9,35.0,1.0,1.0,766.0,686.0,930.0,0.0,907.0,12.72,1043.5,715.0,33.5,33.9,0.2,2.1,2067.6,0.0,16.83,15.1,34.9,37.5,36.1,36.4,37.5,37.1,37.9,36.6,50.9,50.8,22.3,24.4,24.6,28.1,41.0,36.0,25.0,0.4,0.0,0.0,6.0,6.0,4.0,0.0,23.0,22.0,23.0,55.0,56.0,82.0,24.0,24.0,300.0,0.0,0.0,0.0,0.0,0.0,0.0,0.0,0.0,0.0
12.44,330.98,0.53,0.51,0.5,8.9,9.86,10.24,12.44,5.2,0.1,0.13,172.1,7.7,32.0,1.0,1.0,721.0,685.0,871.0,0.0,854.0,12.4,994.9,679.0,30.8,30.1,0.2,2.1,2067.6,0.0,16.83,14.9,35.1,37.7,36.3,36.6,37.7,37.4,38.2,36.9,51.0,50.9,22.3,24.3,24.6,28.1,38.0,33.0,25.0,0.2,0.0,0.0,6.0,6.0,4.0,0.0,23.0,22.0,23.0,56.0,56.0,81.0,24.0,24.0,300.0,0.0,0.0,0.0,0.0,0.0,0.0,0.0,0.0,0.0
12.61,87.98,0.53,0.51,0.5,12.36,10.74,11.26,12.65,6.4,0.04,0.0,172.1,8.0,32.0,1.0,1.0,747.0,686.0,913.0,0.0,908.0,12.64,1028.0,703.0,31.6,33.7,0.2,2.1,2067.6,0.0,16.83,15.1,34.9,37.5,36.1,36.4,37.5,37.0,37.8,36.6,50.9,50.8,22.3,24.4,24.6,28.1,41.0,36.0,25.0,-0.3,-0.5,-0.8,6.0,6.0,4.0,0.0,23.0,22.0,23.0,55.0,57.0,82.0,24.0,24.0,300.0,0.0,0.0,0.0,0.0,0.0,0.0,0.0,0.0,0.0
12.96,324.0,0.53,0.51,0.5,9.68,10.84,11.0,13.0,2.4,0.01,0.04,171.9,7.3,31.0,1.0,1.0,829.0,685.0,996.0,0.0,997.0,12.96,1098.5,750.0,30.9,31.8,0.2,2.1,2067.6,0.0,16.83,14.7,35.5,38.1,36.7,37.0,38.1,37.7,38.5,37.3,51.4,51.2,22.3,24.3,24.7,28.2,42.0,36.0,25.0,0.0,0.0,0.0,6.0,6.0,4.0,0.0,23.0,22.0,23.0,59.0,56.0,82.0,24.0,24.0,300.0,0.0,0.0,0.0,0.0,0.0,0.0,0.0,0.0,0.0
12.24,257.0,0.53,0.51,0.5,9.48,9.9,10.86,12.23,0.9,-0.02,-0.03,172.0,7.9,32.0,1.0,1.0,679.0,684.0,819.0,-2.0,811.0,12.22,962.1,653.0,31.2,32.1,0.2,2.1,2067.6,0.0,16.83,14.8,35.2,37.8,36.4,36.7,37.8,37.4,38.3,37.1,51.2,51.1,22.3,24.3,24.7,28.1,39.0,35.0,25.0,-0.2,0.0,0.0,6.0,6.0,4.0,0.0,23.0,22.0,23.0,57.0,56.0,82.0,24.0,24.0,300.0,0.0,0.0,0.0,0.0,0.0,0.0,0.0,0.0,0.0
12.48,193.0,0.52,0.51,0.5,7.8,8.3,11.04,12.49,-1.8,0.05,0.01,172.0,8.3,32.0,1.0,1.0,726.0,685.0,883.0,0.0,866.0,12.46,1002.8,684.0,32.1,32.7,0.2,2.1,2067.6,0.0,16.83,14.8,35.1,37.7,36.3,36.6,37.7,37.4,38.2,37.0,51.1,51.0,22.3,24.3,24.6,28.1,39.0,35.0,25.0,0.2,0.4,0.5,6.0,6.0,4.0,0.0,23.0,22.0,23.0,57.0,56.0,81.0,24.0,24.0,300.0,0.0,0.0,0.0,0.0,0.0,0.0,0.0,0.0,0.0
12.69,238.0,0.53,0.51,0.5,9.14,9.02,10.24,12.72,-2.4,-0.05,0.03,172.1,8.9,34.0,1.0,1.0,771.0,685.0,930.0,0.0,936.0,12.7,1048.0,716.0,30.3,32.1,0.2,2.1,2067.6,0.0,16.83,15.1,34.9,37.6,36.1,36.4,37.5,37.1,38.0,36.7,50.9,50.7,22.3,24.4,24.6,28.1,41.0,36.0,25.0,-0.2,0.0,0.0,6.0,6.0,4.0,0.0,23.0,22.0,23.0,55.0,56.0,81.0,24.0,24.0,300.0,0.0,0.0,0.0,0.0,0.0,0.0,0.0,0.0,0.0
12.94,270.0,0.53,0.51,0.5,8.98,10.62,12.36,12.95,0.5,0.04,-0.04,172.0,8.3,34.0,1.0,1.0,816.0,686.0,984.0,0.0,984.0,12.94,1088.3,745.0,29.7,30.8,0.2,2.1,2067.6,0.0,16.83,15.0,35.0,37.6,36.2,36.4,37.6,37.2,37.9,36.7,50.9,50.8,22.3,24.4,24.6,28.1,41.0,36.0,25.0,0.0,0.2,-0.3,6.0,6.0,4.0,0.0,23.0,22.0,23.0,55.0,56.0,82.0,24.0,24.0,300.0,0.0,0.0,0.0,0.0,0.0,0.0,0.0,0.0,0.0
12.39,352.01,0.53,0.51,0.5,9.84,10.32,11.74,12.4,2.0,0.07,-0.01,172.0,8.1,31.0,1.0,1.0,706.0,685.0,855.0,0.0,853.0,12.38,984.9,672.0,30.6,29.6,0.2,2.1,2067.6,0.0,16.83,14.8,35.1,37.7,36.4,36.6,37.7,37.4,38.2,37.0,51.1,51.0,22.3,24.3,24.6,28.1,39.0,34.0,25.0,0.0,-0.2,0.0,6.0,6.0,4.0,0.0,23.0,22.0,23.0,56.0,56.0,82.0,24.0,24.0,300.0,0.0,0.0,0.0,0.0,0.0,0.0,0.0,0.0,0.0
12.84,108.0,0.53,0.51,0.5,11.08,10.38,10.98,12.85,4.4,-0.01,0.04,171.9,8.0,31.0,1.0,1.0,794.0,684.0,965.0,0.0,948.0,12.82,1070.4,730.0,33.1,31.8,0.2,2.1,2067.6,0.0,16.83,14.7,35.5,38.0,36.6,36.9,38.0,37.7,38.5,37.2,51.4,51.2,22.3,24.4,24.7,28.2,42.0,36.0,25.0,0.0,0.0,0.0,6.0,6.0,4.0,0.0,23.0,22.0,23.0,59.0,56.0,82.0,24.0,24.0,300.0,0.0,0.0,0.0,0.0,0.0,0.0,0.0,0.0,0.0
12.52,97.99,0.53,0.51,0.5,9.34,8.44,8.9,12.58,3.4,0.05,0.07,172.0,7.7,33.0,1.0,1.0,744.0,685.0,896.0,-2.0,890.0,12.54,1017.2,695.0,29.6,30.6,0.2,2.1,2067.6,0.0,16.83,15.0,35.1,37.7,36.3,36.6,37.7,37.3,38.2,36.9,51.0,50.9,22.3,24.5,24.6,28.1,39.0,33.0,25.0,0.2,0.2,0.0,6.0,6.0,4.0,0.0,23.0,22.0,23.0,56.0,56.0,81.0,24.0,24.0,300.0,0.0,0.0,0.0,0.0,0.0,0.0,0.0,0.0,0.0
12.63,149.0,0.53,0.51,0.5,10.64,9.92,11.0,12.65,1.4,0.03,0.01,172.0,7.7,30.0,1.0,1.0,767.0,685.0,932.0,0.0,927.0,12.64,1045.7,711.0,31.3,32.9,0.3,2.0,2067.6,0.0,16.83,14.8,35.1,37.8,36.4,36.7,37.8,37.4,38.3,37.0,51.1,51.1,22.3,24.3,24.7,28.1,41.0,36.0,25.0,-0.2,-0.2,0.0,6.0,6.0,4.0,0.0,23.0,22.0,23.0,57.0,56.0,81.0,24.0,24.0,300.0,0.0,0.0,0.0,0.0,0.0,0.0,0.0,0.0,0.0
12.63,79.99,0.53,0.51,0.5,10.08,9.34,10.0,12.66,-4.1,0.02,-0.01,172.0,9.2,33.0,1.0,1.0,758.0,685.0,918.0,0.0,914.0,12.64,1035.4,707.0,32.5,32.4,0.2,2.1,2067.6,0.0,16.83,14.8,35.1,37.7,36.4,36.6,37.7,37.4,38.2,37.0,51.1,51.0,22.3,24.3,24.7,28.2,40.0,35.0,25.0,0.0,0.0,0.0,6.0,6.0,4.0,0.0,23.0,22.0,23.0,57.0,56.0,82.0,24.0,24.0,300.0,0.0,0.0,0.0,0.0,0.0,0.0,0.0,0.0,0.0
12.45,137.02,0.53,0.51,0.5,9.92,8.86,9.62,12.46,-6.3,0.01,-0.01,172.0,8.0,34.0,1.0,1.0,719.0,685.0,874.0,0.0,857.0,12.46,997.9,682.0,31.4,31.1,0.3,2.2,2067.6,0.0,16.83,14.8,35.2,37.8,36.4,36.7,37.8,37.4,38.3,37.0,51.2,51.1,22.3,24.3,24.7,28.1,40.0,35.0,25.0,0.0,0.0,0.0,6.0,6.0,4.0,0.0,23.0,22.0,23.0,57.0,56.0,82.0,24.0,24.0,300.0,0.0,0.0,0.0,0.0,0.0,0.0,0.0,0.0,0.0
12.99,232.99,0.53,0.51,0.5,9.08,9.28,10.86,12.98,-0.9,0.01,0.03,172.1,8.9,34.0,1.0,1.0,826.0,685.0,1002.0,0.0,1001.0,12.98,1099.3,751.0,31.8,32.0,0.3,2.1,2067.6,0.0,16.83,15.0,35.0,37.6,36.2,36.5,37.6,37.2,38.0,36.7,50.9,50.8,22.3,24.4,24.6,28.1,41.0,36.0,25.0,0.0,0.0,0.0,6.0,6.0,4.0,0.0,23.0,22.0,23.0,55.0,56.0,82.0,24.0,24.0,300.0,0.0,0.0,0.0,0.0,0.0,0.0,0.0,0.0,0.0
12.91,299.02,0.53,0.51,0.5,8.6,9.78,10.28,12.9,1.0,0.08,0.06,171.9,6.7,33.0,1.0,1.0,803.0,685.0,975.0,0.0,964.0,12.88,1078.7,736.0,31.9,29.3,0.2,2.3,2067.6,0.0,16.83,14.8,35.4,37.9,36.5,36.8,37.9,37.6,38.4,37.2,51.3,51.2,22.3,24.5,24.7,28.2,41.0,35.0,25.0,0.2,0.4,0.0,6.0,6.0,4.0,0.0,23.0,22.0,23.0,58.0,56.0,82.0,24.0,24.0,300.0,0.0,0.0,0.0,0.0,0.0,0.0,0.0,0.0,0.0
12.75,294.98,0.52,0.51,0.5,8.92,10.26,11.0,12.7,6.4,0.05,-0.04,172.0,7.3,35.0,1.0,1.0,778.0,685.0,942.0,-2.0,948.0,12.7,1052.3,719.0,30.1,29.7,0.2,2.1,2067.6,0.0,16.83,15.1,35.1,37.7,36.3,36.5,37.6,37.3,38.1,36.8,51.0,50.9,22.3,24.3,24.6,28.2,40.0,35.0,25.0,0.0,0.0,0.0,6.0,6.0,4.0,0.0,23.0,22.0,23.0,55.0,57.0,82.0,24.0,24.0,300.0,0.0,0.0,0.0,0.0,0.0,0.0,0.0,0.0,0.0
12.48,83.99,0.53,0.51,0.5,10.72,9.48,10.36,12.51,0.3,0.04,-0.07,172.0,6.8,33.0,1.0,1.0,730.0,685.0,890.0,0.0,877.0,12.5,1007.4,689.0,28.8,30.1,0.2,2.1,2067.6,0.0,16.83,15.0,35.1,37.7,36.3,36.6,37.7,37.3,38.1,36.8,51.0,50.9,22.3,24.4,24.6,28.1,39.0,34.0,25.0,0.0,0.0,0.0,6.0,6.0,4.0,0.0,23.0,22.0,23.0,56.0,56.0,82.0,24.0,24.0,300.0,0.0,0.0,0.0,0.0,0.0,0.0,0.0,0.0,0.0
12.52,243.0,0.53,0.51,0.5,8.62,9.2,10.38,12.53,2.6,0.05,-0.01,172.0,8.2,30.0,1.0,1.0,737.0,685.0,895.0,0.0,884.0,12.52,1015.0,693.0,32.6,32.2,0.3,2.1,2067.6,0.0,16.83,14.8,35.1,37.8,36.4,36.7,37.8,37.4,38.3,37.0,51.1,51.1,22.3,24.3,24.7,28.2,41.0,36.0,25.0,0.0,0.0,0.0,6.0,6.0,4.0,0.0,23.0,22.0,23.0,57.0,56.0,82.0,24.0,24.0,300.0,0.0,0.0,0.0,0.0,0.0,0.0,0.0,0.0,0.0
12.56,167.0,0.53,0.51,0.5,10.16,9.72,10.58,12.53,4.8,0.05,0.0,172.0,5.8,33.0,1.0,1.0,740.0,685.0,896.0,0.0,890.0,12.54,1017.0,693.0,30.5,31.1,0.2,2.1,2067.6,0.0,16.83,14.9,35.1,37.7,36.3,36.6,37.7,37.3,38.1,36.9,51.0,50.9,22.3,24.4,24.6,28.1,38.0,33.0,25.0,-0.5,-0.2,0.0,6.0,6.0,4.0,0.0,23.0,22.0,23.0,56.0,56.0,81.0,24.0,24.0,300.0,0.0,0.0,0.0,0.0,0.0,0.0,0.0,0.0,0.0
12.33,74.99,0.53,0.51,0.5,10.04,8.76,10.14,12.38,-2.5,0.04,-0.01,172.0,6.5,34.0,1.0,1.0,713.0,685.0,862.0,-2.0,863.0,12.36,985.2,672.0,32.0,31.0,0.2,2.1,2067.6,0.0,16.83,14.8,35.2,37.8,36.4,36.7,37.8,37.4,38.3,37.0,51.2,51.1,22.3,24.3,24.7,28.1,40.0,35.0,25.0,0.0,0.0,0.0,6.0,6.0,4.0,0.0,23.0,22.0,23.0,57.0,56.0,82.0,24.0,24.0,300.0,0.0,0.0,0.0,0.0,0.0,0.0,0.0,0.0,0.0
12.52,136.01,0.53,0.51,0.5,10.08,9.36,10.08,12.52,-4.9,0.01,0.08,172.1,8.8,34.0,1.0,1.0,729.0,685.0,881.0,0.0,871.0,12.5,1010.4,690.0,31.1,32.1,0.3,2.1,2067.6,0.0,16.83,15.0,35.1,37.7,36.3,36.6,37.7,37.3,38.1,36.8,51.0,50.9,22.3,24.4,24.6,28.1,39.0,34.0,25.0,-0.7,-0.2,0.0,6.0,6.0,4.0,0.0,23.0,22.0,23.0,56.0,56.0,82.0,24.0,24.0,300.0,0.0,0.0,0.0,0.0,0.0,0.0,0.0,0.0,0.0
12.48,157.0,0.53,0.51,0.5,9.42,8.8,10.08,12.49,9.1,0.03,-0.02,172.0,7.0,30.0,1.0,1.0,728.0,685.0,875.0,0.0,865.0,12.48,1004.3,685.0,29.8,30.2,0.2,2.1,2067.6,0.0,16.83,14.8,35.2,37.8,36.4,36.7,37.8,37.4,38.3,37.1,51.2,51.1,22.3,24.4,24.7,28.2,39.0,34.0,25.0,0.0,0.0,0.2,6.0,6.0,4.0,0.0,23.0,22.0,23.0,58.0,56.0,81.0,24.0,24.0,300.0,0.0,0.0,0.0,0.0,0.0,0.0,0.0,0.0,0.0
12.24,83.02,0.53,0.51,0.5,9.8,8.24,9.5,12.26,-1.4,-0.02,0.02,171.9,6.6,34.0,1.0,1.0,685.0,685.0,825.0,-4.0,823.0,12.26,960.2,657.0,31.0,30.2,0.2,2.2,2067.6,0.0,16.83,14.8,35.2,37.8,36.4,36.7,37.8,37.5,38.3,37.0,51.2,51.1,22.3,24.3,24.7,28.1,40.0,35.0,25.0,0.2,0.2,0.0,6.0,6.0,4.0,0.0,23.0,22.0,23.0,57.0,56.0,82.0,24.0,24.0,300.0,0.0,0.0,0.0,0.0,0.0,0.0,0.0,0.0,0.0
12.6,275.0,0.53,0.51,0.5,9.04,9.14,10.14,12.61,0.7,-0.01,0.11,172.0,6.6,34.0,1.0,1.0,750.0,685.0,905.0,0.0,896.0,12.6,1024.6,700.0,29.8,30.6,0.3,2.1,2067.6,0.0,16.83,14.9,35.1,37.7,36.3,36.6,37.7,37.3,38.2,36.9,51.0,50.9,22.3,24.4,24.6,28.1,38.0,33.0,25.0,0.0,0.2,0.0,6.0,6.0,4.0,0.0,23.0,22.0,23.0,56.0,56.0,82.0,24.0,24.0,300.0,0.0,0.0,0.0,0.0,0.0,0.0,0.0,0.0,0.0
12.78,185.0,0.52,0.51,0.5,10.0,10.4,12.46,12.85,7.2,0.01,0.02,171.9,7.3,31.0,1.0,1.0,792.0,684.0,962.0,0.0,949.0,12.82,1073.0,730.0,30.1,32.1,0.2,2.0,2067.6,0.0,16.83,14.7,35.4,38.0,36.6,36.9,38.0,37.7,38.5,37.2,51.4,51.2,22.3,24.3,24.7,28.2,42.0,36.0,25.0,-0.7,-0.2,0.0,6.0,6.0,4.0,0.0,23.0,22.0,23.0,59.0,56.0,82.0,24.0,24.0,300.0,0.0,0.0,0.0,0.0,0.0,0.0,0.0,0.0,0.0
12.54,209.02,0.53,0.51,0.5,10.0,9.96,11.82,12.56,12.2,0.04,0.08,172.0,7.3,30.0,1.0,1.0,738.0,685.0,893.0,0.0,880.0,12.54,1012.8,692.0,32.4,31.9,0.2,2.1,2067.6,0.0,16.83,14.8,35.1,37.8,36.3,36.6,37.8,37.4,38.3,37.0,51.2,51.0,22.3,24.3,24.7,28.2,41.0,36.0,25.0,-0.4,-0.2,0.0,6.0,6.0,4.0,0.0,23.0,22.0,23.0,57.0,56.0,81.0,24.0,24.0,300.0,0.0,0.0,0.0,0.0,0.0,0.0,0.0,0.0,0.0
12.48,222.01,0.53,0.51,0.5,9.08,9.26,10.24,12.51,0.7,0.04,-0.03,172.0,6.7,32.0,1.0,1.0,726.0,685.0,877.0,0.0,867.0,12.5,1004.3,687.0,29.4,28.4,0.2,2.2,2067.6,0.0,16.83,14.8,35.1,37.7,36.3,36.6,37.7,37.4,38.2,37.0,51.1,51.0,22.3,24.3,24.6,28.1,39.0,34.0,25.0,0.0,0.0,0.0,6.0,6.0,4.0,0.0,23.0,22.0,23.0,56.0,56.0,82.0,24.0,24.0,300.0,0.0,0.0,0.0,0.0,0.0,0.0,0.0,0.0,0.0
12.59,194.0,0.52,0.51,0.5,7.94,8.36,10.24,12.59,5.1,0.01,0.03,172.0,7.0,32.0,1.0,1.0,747.0,685.0,907.0,0.0,899.0,12.58,1019.4,698.0,33.4,32.7,0.3,2.1,2067.6,0.0,16.83,14.8,35.1,37.7,36.4,36.6,37.8,37.4,38.3,37.0,51.1,51.0,22.3,24.3,24.7,28.2,40.0,35.0,25.0,0.0,0.2,0.5,6.0,6.0,4.0,0.0,23.0,22.0,23.0,57.0,56.0,81.0,24.0,24.0,300.0,0.0,0.0,0.0,0.0,0.0,0.0,0.0,0.0,0.0
12.9,257.0,0.53,0.51,0.5,9.4,10.18,11.28,12.92,4.0,-0.01,0.0,171.9,7.7,32.0,1.0,1.0,800.0,684.0,975.0,0.0,962.0,12.88,1079.6,738.0,31.7,31.1,0.2,2.2,2067.6,0.0,16.83,14.8,35.4,38.0,36.6,36.8,38.0,37.6,38.5,37.2,51.3,51.3,22.3,24.5,24.7,28.2,41.0,36.0,25.0,0.0,0.2,0.0,6.0,6.0,4.0,0.0,23.0,22.0,23.0,59.0,56.0,82.0,24.0,24.0,300.0,0.0,0.0,0.0,0.0,0.0,0.0,0.0,0.0,0.0
12.98,335.02,0.53,0.51,0.5,10.22,11.08,11.8,12.98,1.4,-0.04,0.09,171.9,8.4,31.0,1.0,1.0,811.0,685.0,979.0,0.0,974.0,12.94,1087.8,744.0,30.2,31.4,0.2,2.1,2067.6,0.0,16.83,14.7,35.5,38.1,36.6,37.0,38.1,37.7,38.5,37.2,51.4,51.2,22.3,24.4,24.7,28.2,42.0,36.0,25.0,0.9,0.0,0.0,6.0,6.0,4.0,0.0,23.0,22.0,23.0,59.0,56.0,82.0,24.0,24.0,300.0,0.0,0.0,0.0,0.0,0.0,0.0,0.0,0.0,0.0
12.72,5.0,0.53,0.51,0.5,8.88,8.54,9.16,12.69,-2.3,0.01,0.03,171.9,9.2,32.0,1.0,1.0,755.0,685.0,920.0,2.0,916.0,12.68,1036.3,709.0,27.8,30.0,0.2,2.1,2067.6,0.0,16.83,14.8,35.2,37.8,36.4,36.7,37.8,37.5,38.3,37.1,51.2,51.1,22.3,24.3,24.7,28.2,39.0,34.0,25.0,0.6,0.0,0.0,6.0,6.0,4.0,0.0,23.0,22.0,23.0,58.0,56.0,82.0,24.0,24.0,300.0,0.0,0.0,0.0,0.0,0.0,0.0,0.0,0.0,0.0
12.52,22.0,0.53,0.51,0.5,9.86,9.52,10.72,12.53,11.2,-0.06,-0.01,172.0,6.7,29.0,1.0,1.0,733.0,685.0,884.0,0.0,872.0,12.52,1009.6,690.0,30.3,30.7,0.2,2.1,2067.6,0.0,16.83,14.8,35.2,37.8,36.4,36.7,37.8,37.5,38.4,37.1,51.2,51.1,22.3,24.4,24.7,28.2,39.0,34.0,25.0,0.2,-0.2,-0.2,6.0,6.0,4.0,0.0,23.0,22.0,23.0,57.0,56.0,82.0,24.0,24.0,300.0,0.0,0.0,0.0,0.0,0.0,0.0,0.0,0.0,0.0
12.56,312.98,0.53,0.51,0.5,9.24,9.66,10.66,12.56,0.5,0.07,-0.04,172.0,7.1,32.0,1.0,1.0,737.0,685.0,892.0,0.0,877.0,12.52,1010.8,691.0,31.7,30.5,0.2,2.2,2067.6,0.0,16.83,14.8,35.1,37.7,36.3,36.6,37.7,37.4,38.2,37.0,51.1,51.0,22.3,24.3,24.6,28.1,40.0,34.0,25.0,0.0,0.0,0.0,6.0,6.0,4.0,0.0,23.0,22.0,23.0,56.0,56.0,82.0,24.0,24.0,300.0,0.0,0.0,0.0,0.0,0.0,0.0,0.0,0.0,0.0
12.81,109.01,0.53,0.51,0.5,11.96,10.32,11.4,12.85,1.6,-0.04,0.06,172.0,6.8,32.0,1.0,1.0,796.0,685.0,965.0,0.0,951.0,12.82,1071.9,732.0,28.2,28.6,0.2,2.1,2067.6,0.0,16.83,14.8,35.2,37.9,36.5,36.7,37.9,37.5,38.4,37.1,51.3,51.2,22.3,24.4,24.8,28.2,39.0,34.0,25.0,-0.3,-0.2,-0.3,6.0,6.0,4.0,0.0,23.0,22.0,23.0,58.0,56.0,82.0,24.0,24.0,300.0,0.0,0.0,0.0,0.0,0.0,0.0,0.0,0.0,0.0
12.57,193.0,0.52,0.51,0.5,9.76,10.06,12.34,12.59,0.8,0.08,0.02,172.0,6.8,33.0,1.0,1.0,753.0,685.0,911.0,0.0,902.0,12.58,1026.5,700.0,31.6,33.7,0.3,2.1,2067.6,0.0,16.83,14.8,35.1,37.8,36.3,36.6,37.8,37.4,38.2,37.0,51.2,51.0,22.3,24.3,24.7,28.2,41.0,36.0,25.0,-0.2,0.0,0.0,6.0,6.0,4.0,0.0,23.0,22.0,23.0,57.0,56.0,82.0,24.0,24.0,300.0,0.0,0.0,0.0,0.0,0.0,0.0,0.0,0.0,0.0
12.99,208.01,0.53,0.51,0.5,10.48,10.4,12.38,13.0,5.3,0.11,0.04,172.0,8.4,32.0,1.0,1.0,819.0,685.0,991.0,0.0,989.0,12.98,1092.1,748.0,31.6,32.2,0.2,2.1,2067.6,0.0,16.83,14.8,35.4,38.0,36.6,36.9,38.0,37.6,38.4,37.2,51.3,51.2,22.3,24.5,24.7,28.2,41.0,36.0,25.0,-0.2,-0.2,0.0,6.0,6.0,4.0,0.0,23.0,22.0,23.0,59.0,56.0,82.0,24.0,24.0,300.0,0.0,0.0,0.0,0.0,0.0,0.0,0.0,0.0,0.0
12.65,293.0,0.53,0.51,0.5,9.68,9.76,11.18,12.62,0.7,0.04,-0.01,172.0,7.5,33.0,1.0,1.0,752.0,685.0,907.0,0.0,904.0,12.6,1028.6,702.0,27.9,30.3,0.1,2.2,2067.6,0.0,16.83,14.9,35.1,37.7,36.3,36.6,37.7,37.4,38.2,36.9,51.0,50.9,22.3,24.4,24.6,28.1,38.0,33.0,25.0,0.0,0.0,0.0,6.0,6.0,4.0,0.0,23.0,22.0,23.0,56.0,56.0,82.0,24.0,24.0,300.0,0.0,0.0,0.0,0.0,0.0,0.0,0.0,0.0,0.0
12.45,208.01,0.53,0.51,0.5,9.16,8.76,10.42,12.51,6.8,0.06,0.07,172.0,7.6,30.0,1.0,1.0,721.0,685.0,875.0,0.0,858.0,12.48,997.9,682.0,31.1,31.0,0.2,2.1,2067.6,0.0,16.83,14.9,35.1,37.7,36.3,36.6,37.7,37.4,38.2,36.9,51.1,51.0,22.3,24.4,24.6,28.1,39.0,34.0,25.0,0.0,0.0,0.0,6.0,6.0,4.0,0.0,23.0,22.0,23.0,56.0,56.0,81.0,24.0,24.0,300.0,0.0,0.0,0.0,0.0,0.0,0.0,0.0,0.0,0.0
12.78,158.0,0.53,0.51,0.5,9.5,8.46,10.02,12.77,-0.1,0.08,0.04,171.9,9.4,32.0,1.0,1.0,789.0,685.0,951.0,0.0,938.0,12.76,1062.3,724.0,30.3,30.9,0.2,2.1,2067.6,0.0,16.83,14.8,35.3,37.9,36.5,36.7,37.9,37.5,38.4,37.1,51.3,51.2,22.3,24.4,24.8,28.2,39.0,34.0,25.0,0.0,0.0,0.4,6.0,6.0,4.0,0.0,23.0,22.0,23.0,58.0,56.0,82.0,24.0,24.0,300.0,0.0,0.0,0.0,0.0,0.0,0.0,0.0,0.0,0.0
12.63,60.98,0.53,0.51,0.5,10.98,10.48,11.16,12.66,-0.8,0.05,-0.09,172.0,7.5,34.0,1.0,1.0,757.0,685.0,913.0,0.0,908.0,12.64,1030.0,705.0,28.5,31.0,0.3,2.0,2067.6,0.0,16.83,14.9,35.1,37.7,36.3,36.6,37.7,37.3,38.1,36.9,51.0,50.9,22.3,24.5,24.6,28.1,38.0,33.0,25.0,0.0,-0.2,-0.2,6.0,6.0,4.0,0.0,23.0,22.0,23.0,56.0,56.0,82.0,24.0,24.0,300.0,0.0,0.0,0.0,0.0,0.0,0.0,0.0,0.0,0.0
12.85,221.0,0.53,0.51,0.5,8.54,9.1,10.86,12.88,0.8,-0.01,0.07,171.9,7.5,33.0,1.0,1.0,803.0,685.0,972.0,0.0,962.0,12.88,1078.0,736.0,31.2,31.9,0.3,2.1,2067.6,0.0,16.83,14.8,35.4,37.9,36.5,36.8,38.0,37.6,38.4,37.2,51.3,51.2,22.3,24.4,24.7,28.2,40.0,35.0,25.0,-0.4,0.2,0.0,6.0,6.0,4.0,0.0,23.0,22.0,23.0,58.0,56.0,82.0,24.0,24.0,300.0,0.0,0.0,0.0,0.0,0.0,0.0,0.0,0.0,0.0
12.78,6.01,0.53,0.51,0.5,9.34,9.4,9.6,12.76,-2.3,-0.02,0.0,171.9,8.3,32.0,1.0,1.0,773.0,685.0,935.0,0.0,914.0,12.74,1049.0,719.0,30.4,31.1,0.2,2.1,2067.6,0.0,16.83,14.7,35.4,38.0,36.6,36.9,38.0,37.7,38.5,37.2,51.3,51.3,22.3,24.4,24.7,28.2,42.0,36.0,25.0,0.2,0.0,0.0,6.0,6.0,4.0,0.0,23.0,22.0,23.0,59.0,56.0,82.0,24.0,24.0,300.0,0.0,0.0,0.0,0.0,0.0,0.0,0.0,0.0,0.0
12.73,234.0,0.53,0.51,0.5,8.18,8.7,9.92,12.76,-1.3,0.0,0.02,171.9,8.3,32.0,1.0,1.0,772.0,685.0,935.0,2.0,912.0,12.72,1051.5,718.0,29.8,29.6,0.3,2.1,2067.6,0.0,16.83,14.8,35.2,37.8,36.4,36.7,37.8,37.5,38.3,37.1,51.2,51.2,22.3,24.4,24.7,28.2,39.0,34.0,25.0,0.0,0.2,0.4,6.0,6.0,4.0,0.0,23.0,22.0,23.0,58.0,56.0,81.0,24.0,24.0,300.0,0.0,0.0,0.0,0.0,0.0,0.0,0.0,0.0,0.0
12.98,347.0,0.53,0.51,0.5,9.7,10.14,10.62,12.95,0.7,-0.03,0.08,172.0,8.1,34.0,1.0,1.0,819.0,686.0,988.0,0.0,984.0,12.94,1091.7,746.0,30.7,31.6,0.2,2.1,2067.6,0.0,16.83,15.1,35.0,37.6,36.2,36.4,37.6,37.2,38.0,36.7,50.9,50.8,22.3,24.4,24.6,28.1,41.0,36.0,25.0,0.4,0.2,0.0,6.0,6.0,4.0,0.0,23.0,22.0,23.0,55.0,56.0,82.0,24.0,24.0,300.0,0.0,0.0,0.0,0.0,0.0,0.0,0.0,0.0,0.0
12.7,218.99,0.53,0.51,0.5,10.14,10.18,11.66,12.77,5.5,0.03,0.02,172.0,7.8,35.0,1.0,1.0,782.0,685.0,951.0,0.0,932.0,12.74,1057.3,723.0,29.2,28.6,0.3,2.1,2067.6,0.0,16.83,15.1,35.1,37.7,36.3,36.6,37.7,37.3,38.0,36.8,51.0,50.9,22.3,24.3,24.6,28.2,40.0,35.0,25.0,-0.5,0.0,0.0,6.0,6.0,4.0,0.0,23.0,22.0,23.0,55.0,56.0,82.0,24.0,24.0,300.0,0.0,0.0,0.0,0.0,0.0,0.0,0.0,0.0,0.0
12.47,146.99,0.53,0.51,0.5,9.72,9.36,10.08,12.49,1.9,0.02,0.07,172.0,8.0,31.0,1.0,1.0,723.0,685.0,883.0,2.0,865.0,12.5,1005.1,686.0,31.1,30.1,0.3,2.2,2067.6,0.0,16.83,14.8,35.1,37.7,36.3,36.6,37.7,37.4,38.3,37.0,51.1,51.0,22.3,24.3,24.6,28.1,39.0,34.0,25.0,0.0,0.0,0.0,6.0,6.0,4.0,0.0,23.0,22.0,23.0,56.0,56.0,82.0,24.0,24.0,300.0,0.0,0.0,0.0,0.0,0.0,0.0,0.0,0.0,0.0
12.69,73.01,0.53,0.51,0.5,10.6,9.42,10.44,12.73,3.4,0.05,-0.01,171.9,6.8,30.0,1.0,1.0,772.0,685.0,933.0,0.0,934.0,12.7,1046.3,714.0,33.2,33.4,0.2,2.0,2067.6,0.0,16.83,14.8,35.1,37.8,36.4,36.7,37.8,37.4,38.3,37.0,51.1,51.1,22.3,24.3,24.7,28.1,41.0,36.0,25.0,0.2,0.0,0.0,6.0,6.0,4.0,0.0,23.0,22.0,23.0,57.0,56.0,81.0,24.0,24.0,300.0,0.0,0.0,0.0,0.0,0.0,0.0,0.0,0.0,0.0
12.61,326.02,0.53,0.51,0.5,8.84,9.18,10.06,12.64,1.8,-0.01,0.03,172.0,8.3,33.0,1.0,1.0,756.0,685.0,911.0,0.0,908.0,12.62,1031.7,704.0,33.0,32.9,0.2,2.2,2067.6,0.0,16.83,14.8,35.1,37.8,36.4,36.6,37.8,37.4,38.2,37.0,51.1,51.0,22.3,24.3,24.7,28.2,40.0,35.0,25.0,0.6,0.2,0.2,6.0,6.0,4.0,0.0,23.0,22.0,23.0,57.0,56.0,82.0,24.0,24.0,300.0,0.0,0.0,0.0,0.0,0.0,0.0,0.0,0.0,0.0
12.78,348.98,0.53,0.51,0.5,10.26,10.92,12.1,12.8,1.5,0.0,0.04,172.0,8.4,36.0,1.0,1.0,787.0,685.0,950.0,0.0,933.0,12.78,1061.3,725.0,31.1,32.6,0.2,2.1,2067.6,0.0,16.83,15.1,35.0,37.7,36.3,36.5,37.6,37.3,38.1,36.8,51.0,50.8,22.3,24.3,24.6,28.2,40.0,35.0,25.0,0.2,0.0,-0.3,6.0,6.0,4.0,0.0,23.0,22.0,23.0,55.0,56.0,82.0,24.0,24.0,300.0,0.0,0.0,0.0,0.0,0.0,0.0,0.0,0.0,0.0
12.38,55.01,0.53,0.51,0.5,9.54,9.06,10.0,12.39,-1.5,0.01,-0.02,172.0,7.9,32.0,1.0,1.0,697.0,685.0,853.0,0.0,850.0,12.38,979.5,670.0,31.3,31.1,0.2,2.1,2067.6,0.0,16.83,14.8,35.1,37.7,36.3,36.6,37.7,37.4,38.3,37.0,51.1,51.0,22.3,24.3,24.6,28.1,39.0,34.0,25.0,0.2,0.0,0.0,6.0,6.0,4.0,0.0,23.0,22.0,23.0,56.0,56.0,82.0,24.0,24.0,300.0,0.0,0.0,0.0,0.0,0.0,0.0,0.0,0.0,0.0
12.89,294.01,0.53,0.51,0.5,8.8,11.52,11.58,12.88,-7.4,0.04,0.08,172.1,8.1,38.0,1.0,1.0,796.0,685.0,965.0,0.0,958.0,12.86,1076.7,735.0,31.6,32.2,0.2,2.1,2067.6,0.0,16.83,15.0,35.0,37.6,36.2,36.5,37.6,37.2,38.0,36.7,50.9,50.8,22.3,24.4,24.6,28.2,41.0,36.0,25.0,0.2,0.0,0.0,6.0,6.0,4.0,0.0,23.0,22.0,23.0,55.0,56.0,82.0,24.0,24.0,300.0,0.0,0.0,0.0,0.0,0.0,0.0,0.0,0.0,0.0
12.87,118.01,0.53,0.51,0.5,11.56,10.52,11.26,12.9,-6.0,0.0,0.03,171.9,9.3,34.0,1.0,1.0,802.0,685.0,969.0,0.0,961.0,12.88,1078.1,736.0,30.9,30.2,0.2,2.1,2067.6,0.0,16.83,14.8,35.4,37.9,36.5,36.8,37.9,37.6,38.4,37.2,51.3,51.2,22.3,24.4,24.7,28.2,40.0,35.0,25.0,-0.3,0.0,0.0,6.0,6.0,4.0,0.0,23.0,22.0,23.0,58.0,56.0,82.0,24.0,24.0,300.0,0.0,0.0,0.0,0.0,0.0,0.0,0.0,0.0,0.0
12.6,199.01,0.53,0.51,0.5,8.58,8.3,9.9,12.64,-3.2,0.04,-0.02,172.0,6.9,34.0,1.0,1.0,742.0,685.0,895.0,-2.0,894.0,12.6,1021.4,698.0,28.7,28.2,0.2,2.1,2067.6,0.0,16.83,15.0,35.1,37.7,36.3,36.6,37.7,37.3,38.2,36.9,51.0,50.9,22.3,24.4,24.6,28.1,38.0,33.0,25.0,0.0,0.2,0.2,6.0,6.0,4.0,0.0,23.0,22.0,23.0,56.0,56.0,82.0,24.0,24.0,300.0,0.0,0.0,0.0,0.0,0.0,0.0,0.0,0.0,0.0
12.87,24.98,0.53,0.51,0.5,9.96,10.04,10.08,12.86,-2.0,0.02,-0.04,171.9,8.1,32.0,1.0,1.0,790.0,685.0,954.0,0.0,943.0,12.86,1067.8,730.0,33.6,34.3,0.2,2.2,2067.6,0.0,16.83,14.7,35.5,38.1,36.6,36.9,38.1,37.7,38.4,37.2,51.4,51.2,22.3,24.4,24.7,28.2,42.0,37.0,25.0,0.2,0.0,0.0,6.0,6.0,4.0,0.0,23.0,22.0,23.0,59.0,56.0,82.0,24.0,24.0,300.0,0.0,0.0,0.0,0.0,0.0,0.0,0.0,0.0,0.0
12.84,63.0,0.53,0.51,0.5,10.94,10.5,11.76,12.89,-16.6,0.04,0.08,172.0,8.9,38.0,1.0,1.0,800.0,686.0,965.0,-2.0,959.0,12.84,1075.7,734.0,32.2,31.9,0.2,2.1,2067.6,0.0,16.83,15.0,35.0,37.6,36.2,36.5,37.6,37.2,38.0,36.7,50.9,50.8,22.3,24.4,24.6,28.2,41.0,36.0,25.0,0.0,-0.2,0.0,6.0,6.0,4.0,0.0,23.0,22.0,23.0,55.0,56.0,82.0,24.0,24.0,300.0,0.0,0.0,0.0,0.0,0.0,0.0,0.0,0.0,0.0
12.56,29.02,0.53,0.51,0.5,9.34,9.1,9.76,12.54,4.6,0.02,-0.04,172.0,7.1,34.0,1.0,1.0,740.0,685.0,893.0,-5.0,889.0,12.52,1018.4,694.0,28.6,29.3,0.2,2.1,2067.6,0.0,16.83,15.0,35.1,37.7,36.3,36.6,37.7,37.3,38.1,36.8,51.0,50.9,22.3,24.4,24.7,28.2,40.0,35.0,25.0,0.4,0.0,0.2,6.0,6.0,4.0,0.0,23.0,22.0,23.0,56.0,56.0,81.0,24.0,24.0,300.0,0.0,0.0,0.0,0.0,0.0,0.0,0.0,0.0,0.0
12.91,154.01,0.53,0.51,0.5,10.0,8.98,10.6,12.9,5.1,0.04,-0.02,171.9,7.6,32.0,1.0,1.0,809.0,685.0,976.0,0.0,971.0,12.9,1083.1,739.0,30.6,30.0,0.2,2.2,2067.6,0.0,16.83,14.8,35.4,38.0,36.6,36.8,38.0,37.6,38.4,37.2,51.3,51.2,22.3,24.5,24.7,28.2,41.0,36.0,25.0,-0.2,0.0,0.5,6.0,6.0,4.0,0.0,23.0,22.0,23.0,58.0,56.0,82.0,24.0,24.0,300.0,0.0,0.0,0.0,0.0,0.0,0.0,0.0,0.0,0.0
12.69,335.99,0.53,0.51,0.5,10.28,11.1,11.72,12.72,-4.8,0.01,0.01,172.1,9.1,33.0,1.0,1.0,768.0,686.0,929.0,0.0,928.0,12.68,1040.3,713.0,32.4,30.6,0.2,2.2,2067.6,0.0,16.83,15.0,34.9,37.5,36.1,36.4,37.5,37.1,37.9,36.6,50.9,50.7,22.3,24.4,24.6,28.1,41.0,36.0,25.0,0.0,-0.2,-0.3,6.0,6.0,4.0,0.0,23.0,22.0,23.0,55.0,56.0,82.0,24.0,24.0,300.0,0.0,0.0,0.0,0.0,0.0,0.0,0.0,0.0,0.0
12.89,41.0,0.53,0.51,0.5,10.32,9.58,10.46,12.89,-4.7,0.0,-0.04,171.9,9.0,34.0,1.0,1.0,799.0,685.0,963.0,-2.0,960.0,12.86,1074.8,736.0,31.3,30.9,0.3,2.2,2067.6,0.0,16.83,14.8,35.3,37.9,36.5,36.8,37.9,37.6,38.4,37.1,51.3,51.2,22.3,24.4,24.7,28.2,40.0,35.0,25.0,0.5,0.0,0.0,6.0,6.0,4.0,0.0,23.0,22.0,23.0,58.0,56.0,82.0,24.0,24.0,300.0,0.0,0.0,0.0,0.0,0.0,0.0,0.0,0.0,0.0
12.87,245.99,0.52,0.51,0.5,9.76,10.28,11.74,12.91,-3.2,-0.02,0.02,171.9,8.4,33.0,1.0,1.0,802.0,684.0,966.0,0.0,959.0,12.88,1077.9,736.0,31.9,31.8,0.2,2.1,2067.6,0.0,16.83,14.8,35.3,37.9,36.5,36.8,37.9,37.6,38.4,37.1,51.3,51.2,22.3,24.4,24.7,28.2,40.0,35.0,25.0,0.0,0.0,0.0,6.0,6.0,4.0,0.0,23.0,22.0,23.0,58.0,56.0,82.0,24.0,24.0,300.0,0.0,0.0,0.0,0.0,0.0,0.0,0.0,0.0,0.0
12.42,142.99,0.53,0.51,0.5,10.88,10.04,11.16,12.45,3.8,0.01,0.0,171.9,6.7,31.0,1.0,1.0,714.0,685.0,862.0,0.0,849.0,12.44,995.1,679.0,29.7,30.0,0.2,2.1,2067.6,0.0,16.83,14.8,35.2,37.8,36.4,36.7,37.8,37.4,38.3,37.1,51.2,51.1,22.3,24.4,24.7,28.2,39.0,34.0,25.0,-0.5,-0.2,0.0,6.0,6.0,4.0,0.0,23.0,22.0,23.0,57.0,56.0,81.0,24.0,24.0,300.0,0.0,0.0,0.0,0.0,0.0,0.0,0.0,0.0,0.0
12.63,100.01,0.53,0.51,0.5,11.6,10.72,11.64,12.65,-1.3,-0.01,-0.01,172.0,7.7,32.0,1.0,1.0,752.0,685.0,913.0,0.0,908.0,12.64,1031.1,705.0,32.9,33.3,0.2,2.1,2067.6,0.0,16.83,14.8,35.1,37.7,36.3,36.6,37.7,37.4,38.3,37.0,51.1,51.0,22.3,24.3,24.7,28.2,40.0,35.0,25.0,-0.3,0.0,-0.3,6.0,6.0,4.0,0.0,23.0,22.0,23.0,57.0,56.0,81.0,24.0,24.0,300.0,0.0,0.0,0.0,0.0,0.0,0.0,0.0,0.0,0.0
12.3,249.01,0.52,0.51,0.5,9.12,9.68,10.68,12.3,3.0,0.03,0.13,172.0,7.1,31.0,1.0,1.0,697.0,685.0,841.0,-2.0,840.0,12.3,972.3,664.0,31.5,31.4,0.2,2.1,2067.6,0.0,16.83,14.8,35.1,37.7,36.3,36.6,37.7,37.4,38.2,36.9,51.1,51.0,22.3,24.4,24.6,28.1,39.0,34.0,25.0,0.0,0.0,0.0,6.0,6.0,4.0,0.0,23.0,22.0,23.0,56.0,56.0,82.0,24.0,24.0,300.0,0.0,0.0,0.0,0.0,0.0,0.0,0.0,0.0,0.0
12.84,315.0,0.53,0.51,0.5,9.98,11.48,11.8,12.87,0.0,0.01,0.06,172.0,8.3,32.0,1.0,1.0,802.0,685.0,965.0,0.0,956.0,12.84,1072.1,732.0,29.4,30.0,0.2,2.1,2067.6,0.0,16.83,14.8,35.2,37.9,36.5,36.7,37.9,37.5,38.4,37.1,51.2,51.2,22.3,24.4,24.8,28.2,39.0,34.0,25.0,0.0,-0.3,-0.3,6.0,6.0,4.0,0.0,23.0,22.0,23.0,58.0,56.0,82.0,24.0,24.0,300.0,0.0,0.0,0.0,0.0,0.0,0.0,0.0,0.0,0.0
12.65,258.01,0.53,0.51,0.5,9.2,9.64,10.92,12.64,-2.6,-0.01,0.05,172.0,8.6,31.0,1.0,1.0,755.0,685.0,908.0,0.0,906.0,12.64,1030.8,705.0,29.9,30.9,0.2,2.1,2067.6,0.0,16.83,14.8,35.2,37.8,36.4,36.7,37.8,37.5,38.3,37.1,51.2,51.1,22.3,24.4,24.7,28.2,39.0,34.0,25.0,0.0,0.2,0.0,6.0,6.0,4.0,0.0,23.0,22.0,23.0,58.0,56.0,82.0,24.0,24.0,300.0,0.0,0.0,0.0,0.0,0.0,0.0,0.0,0.0,0.0
12.65,249.01,0.52,0.51,0.5,9.8,10.26,12.24,12.62,4.8,0.01,0.0,172.0,7.9,30.0,1.0,1.0,745.0,685.0,902.0,2.0,896.0,12.62,1024.2,700.0,29.7,29.5,0.2,2.0,2067.6,0.0,16.83,14.8,35.2,37.8,36.4,36.7,37.8,37.5,38.3,37.1,51.2,51.1,22.3,24.4,24.7,28.2,39.0,34.0,25.0,-0.2,0.0,-0.3,6.0,6.0,4.0,0.0,23.0,22.0,23.0,58.0,56.0,82.0,24.0,24.0,300.0,0.0,0.0,0.0,0.0,0.0,0.0,0.0,0.0,0.0
12.27,241.99,0.53,0.51,0.5,9.24,9.16,10.08,12.27,8.6,-0.05,0.0,172.0,7.1,31.0,1.0,1.0,693.0,684.0,837.0,0.0,831.0,12.26,968.6,661.0,31.3,31.3,0.2,2.1,2067.6,0.0,16.83,14.8,35.2,37.8,36.4,36.7,37.8,37.4,38.3,37.1,51.2,51.1,22.3,24.3,24.7,28.1,39.0,35.0,25.0,-0.2,0.0,0.0,6.0,6.0,4.0,0.0,23.0,22.0,23.0,57.0,56.0,82.0,24.0,24.0,300.0,0.0,0.0,0.0,0.0,0.0,0.0,0.0,0.0,0.0
12.51,6.98,0.53,0.51,0.5,10.64,10.48,11.58,12.47,5.3,-0.03,-0.01,171.9,7.6,30.0,1.0,1.0,723.0,685.0,874.0,0.0,857.0,12.46,1001.5,684.0,31.3,31.5,0.2,2.1,2067.6,0.0,16.83,14.8,35.2,37.8,36.4,36.7,37.8,37.4,38.4,37.1,51.2,51.1,22.3,24.4,24.7,28.2,39.0,34.0,25.0,0.0,-0.5,-0.3,6.0,6.0,4.0,0.0,23.0,22.0,23.0,58.0,56.0,81.0,24.0,24.0,300.0,0.0,0.0,0.0,0.0,0.0,0.0,0.0,0.0,0.0
12.51,9.0,0.53,0.51,0.5,9.12,9.18,10.14,12.51,-2.5,0.0,0.09,172.0,6.8,34.0,1.0,1.0,736.0,686.0,893.0,0.0,878.0,12.5,1013.2,692.0,28.5,30.4,0.1,2.1,2067.6,0.0,16.83,15.0,35.1,37.7,36.3,36.6,37.7,37.3,38.1,36.8,51.0,50.9,22.3,24.4,24.6,28.1,39.0,34.0,25.0,0.4,0.2,0.2,6.0,6.0,4.0,0.0,23.0,22.0,23.0,56.0,56.0,82.0,24.0,24.0,300.0,0.0,0.0,0.0,0.0,0.0,0.0,0.0,0.0,0.0
12.45,159.01,0.53,0.51,0.5,10.14,9.76,10.94,12.48,2.7,-0.04,0.03,172.0,6.6,33.0,1.0,1.0,729.0,685.0,878.0,-4.0,870.0,12.46,1007.8,687.0,29.3,30.4,0.2,2.1,2067.6,0.0,16.83,15.0,35.1,37.7,36.3,36.6,37.7,37.3,38.1,36.8,51.0,50.9,22.3,24.4,24.6,28.1,39.0,34.0,25.0,-0.5,-0.2,0.0,6.0,6.0,4.0,0.0,23.0,22.0,23.0,56.0,56.0,81.0,24.0,24.0,300.0,0.0,0.0,0.0,0.0,0.0,0.0,0.0,0.0,0.0
12.42,54.0,0.53,0.51,0.5,10.0,9.3,10.24,12.41,6.2,0.04,0.09,172.0,7.4,32.0,1.0,1.0,717.0,685.0,862.0,0.0,844.0,12.42,990.8,676.0,30.9,31.1,0.2,2.1,2067.6,0.0,16.83,15.0,35.1,37.7,36.3,36.6,37.7,37.3,38.1,36.8,51.0,50.8,22.3,24.4,24.7,28.2,39.0,34.0,25.0,0.0,0.0,-0.2,6.0,6.0,4.0,0.0,23.0,22.0,23.0,56.0,56.0,82.0,24.0,24.0,300.0,0.0,0.0,0.0,0.0,0.0,0.0,0.0,0.0,0.0
12.4,212.0,0.53,0.51,0.5,9.34,9.22,10.12,12.47,-5.4,-0.03,0.0,172.0,8.0,34.0,1.0,1.0,722.0,685.0,872.0,0.0,855.0,12.42,997.6,681.0,32.4,33.2,0.2,2.1,2067.6,0.0,16.83,14.8,35.2,37.8,36.4,36.7,37.8,37.4,38.3,37.0,51.2,51.1,22.3,24.3,24.7,28.1,40.0,35.0,25.0,0.0,0.0,0.0,6.0,6.0,4.0,0.0,23.0,22.0,23.0,57.0,56.0,82.0,24.0,24.0,300.0,0.0,0.0,0.0,0.0,0.0,0.0,0.0,0.0,0.0
12.65,182.99,0.53,0.51,0.5,9.5,10.12,12.44,12.67,-5.5,0.07,0.01,172.0,9.0,32.0,1.0,1.0,749.0,685.0,908.0,0.0,904.0,12.64,1024.1,702.0,30.5,30.5,0.2,2.1,2067.6,0.0,16.83,14.8,35.2,37.8,36.4,36.7,37.8,37.5,38.3,37.1,51.2,51.1,22.3,24.3,24.7,28.2,39.0,34.0,25.0,-0.8,-0.2,-0.3,6.0,6.0,4.0,0.0,23.0,22.0,23.0,58.0,56.0,82.0,24.0,24.0,300.0,0.0,0.0,0.0,0.0,0.0,0.0,0.0,0.0,0.0
12.65,268.99,0.53,0.51,0.5,8.48,9.52,11.92,12.65,-1.1,0.04,0.02,172.0,7.5,34.0,1.0,1.0,744.0,685.0,907.0,0.0,903.0,12.62,1025.6,702.0,29.7,30.7,0.2,2.1,2067.6,0.0,16.83,14.9,35.1,37.7,36.3,36.6,37.7,37.3,38.1,36.9,51.0,50.9,22.3,24.5,24.6,28.1,38.0,33.0,25.0,0.0,0.4,0.0,6.0,6.0,4.0,0.0,23.0,22.0,23.0,56.0,56.0,82.0,24.0,24.0,300.0,0.0,0.0,0.0,0.0,0.0,0.0,0.0,0.0,0.0
12.59,333.0,0.53,0.51,0.5,8.46,9.22,9.6,12.61,1.7,0.14,-0.08,172.0,7.2,33.0,1.0,1.0,742.0,685.0,898.0,0.0,890.0,12.56,1018.5,696.0,29.7,30.2,0.2,2.2,2067.6,0.0,16.83,15.0,35.1,37.7,36.3,36.6,37.7,37.3,38.1,36.9,51.0,50.9,22.3,24.4,24.6,28.1,38.0,33.0,25.0,0.0,0.0,0.0,6.0,6.0,4.0,0.0,23.0,22.0,23.0,56.0,56.0,82.0,24.0,24.0,300.0,0.0,0.0,0.0,0.0,0.0,0.0,0.0,0.0,0.0
12.66,81.0,0.53,0.51,0.5,9.92,8.48,9.04,12.71,-2.6,-0.04,0.02,171.9,8.8,32.0,1.0,1.0,764.0,685.0,921.0,0.0,921.0,12.68,1041.0,712.0,29.6,30.5,0.2,2.0,2067.6,0.0,16.83,14.8,35.2,37.8,36.4,36.7,37.8,37.5,38.4,37.1,51.2,51.2,22.3,24.4,24.7,28.2,39.0,34.0,25.0,0.7,0.0,0.0,6.0,6.0,4.0,0.0,23.0,22.0,23.0,58.0,56.0,82.0,24.0,24.0,300.0,0.0,0.0,0.0,0.0,0.0,0.0,0.0,0.0,0.0
12.87,335.99,0.53,0.51,0.5,8.98,9.26,10.18,12.88,-2.0,-0.04,-0.02,171.9,9.0,33.0,1.0,1.0,798.0,685.0,962.0,0.0,949.0,12.84,1072.8,732.0,30.5,31.4,0.2,2.1,2067.6,0.0,16.83,14.8,35.3,37.9,36.5,36.8,37.9,37.5,38.4,37.1,51.3,51.2,22.3,24.3,24.7,28.2,40.0,34.0,25.0,0.6,0.0,0.0,6.0,6.0,4.0,0.0,23.0,22.0,23.0,58.0,56.0,82.0,24.0,24.0,300.0,0.0,0.0,0.0,0.0,0.0,0.0,0.0,0.0,0.0
12.91,180.0,0.53,0.51,0.5,9.94,10.08,11.96,12.92,1.7,0.07,0.07,172.0,7.9,32.0,1.0,1.0,803.0,685.0,966.0,0.0,962.0,12.88,1075.2,735.0,31.8,31.1,0.2,2.2,2067.6,0.0,16.83,14.8,35.4,38.0,36.6,36.8,38.0,37.6,38.4,37.2,51.3,51.3,22.3,24.5,24.7,28.2,41.0,36.0,25.0,-1.1,-0.2,0.0,6.0,6.0,4.0,0.0,23.0,22.0,23.0,59.0,56.0,82.0,24.0,24.0,300.0,0.0,0.0,0.0,0.0,0.0,0.0,0.0,0.0,0.0
12.94,130.0,0.53,0.51,0.5,10.94,9.26,11.34,12.97,5.4,-0.07,0.01,171.9,7.7,31.0,1.0,1.0,817.0,685.0,985.0,0.0,983.0,12.96,1092.7,747.0,32.9,33.5,0.2,2.2,2067.6,0.0,16.83,14.8,35.4,38.0,36.6,36.9,38.0,37.6,38.4,37.2,51.3,51.2,22.3,24.5,24.7,28.2,41.0,36.0,25.0,-0.2,-0.2,0.3,6.0,6.0,4.0,0.0,23.0,22.0,23.0,59.0,56.0,82.0,24.0,24.0,300.0,0.0,0.0,0.0,0.0,0.0,0.0,0.0,0.0,0.0
12.44,328.0,0.53,0.51,0.5,9.7,10.28,10.86,12.43,6.6,0.05,0.08,172.0,6.8,33.0,1.0,1.0,715.0,685.0,874.0,-2.0,855.0,12.4,996.9,679.0,31.0,31.8,0.2,2.1,2067.6,0.0,16.83,15.0,35.1,37.7,36.3,36.6,37.7,37.3,38.0,36.8,51.0,50.9,22.3,24.4,24.7,28.2,40.0,35.0,25.0,0.0,0.0,0.0,6.0,6.0,4.0,0.0,23.0,22.0,23.0,56.0,56.0,82.0,24.0,24.0,300.0,0.0,0.0,0.0,0.0,0.0,0.0,0.0,0.0,0.0
12.68,61.99,0.53,0.51,0.5,10.8,9.62,11.56,12.71,2.8,0.09,0.02,171.9,7.7,30.0,1.0,1.0,768.0,685.0,932.0,0.0,931.0,12.7,1042.9,712.0,29.0,29.7,0.2,2.2,2067.6,0.0,16.83,14.8,35.2,37.8,36.4,36.7,37.8,37.4,38.3,37.1,51.2,51.1,22.3,24.4,24.7,28.2,39.0,34.0,25.0,0.4,0.2,0.0,6.0,6.0,4.0,0.0,23.0,22.0,23.0,58.0,56.0,82.0,24.0,24.0,300.0,0.0,0.0,0.0,0.0,0.0,0.0,0.0,0.0,0.0
12.93,321.01,0.53,0.51,0.5,8.58,9.52,10.02,12.93,-1.2,0.03,0.03,172.1,8.5,37.0,1.0,1.0,806.0,686.0,975.0,0.0,971.0,12.9,1084.7,740.0,30.7,30.7,0.2,2.1,2067.6,0.0,16.83,15.0,35.0,37.6,36.2,36.5,37.6,37.2,38.0,36.8,50.9,50.8,22.3,24.4,24.6,28.2,41.0,36.0,25.0,0.2,0.2,0.0,6.0,6.0,4.0,0.0,23.0,22.0,23.0,55.0,56.0,81.0,24.0,24.0,300.0,0.0,0.0,0.0,0.0,0.0,0.0,0.0,0.0,0.0
12.82,169.99,0.53,0.51,0.5,9.26,8.86,10.14,12.85,1.0,0.06,0.07,171.9,7.2,32.0,1.0,1.0,797.0,685.0,963.0,0.0,953.0,12.84,1068.7,731.0,32.8,33.5,0.2,2.1,2067.6,0.0,16.83,14.7,35.4,38.0,36.6,36.9,38.0,37.6,38.5,37.2,51.3,51.2,22.3,24.3,24.7,28.2,42.0,36.0,25.0,-0.2,0.0,0.2,6.0,6.0,4.0,0.0,23.0,22.0,23.0,59.0,56.0,82.0,24.0,24.0,300.0,0.0,0.0,0.0,0.0,0.0,0.0,0.0,0.0,0.0
12.89,267.98,0.53,0.51,0.5,9.48,9.92,11.52,12.87,-19.8,-0.02,-0.01,172.0,8.3,38.0,1.0,1.0,801.0,685.0,975.0,0.0,965.0,12.84,1079.8,737.0,29.7,30.9,0.2,2.1,2067.6,0.0,16.83,15.0,35.0,37.6,36.2,36.5,37.6,37.2,38.1,36.7,51.0,50.8,22.3,24.4,24.6,28.2,41.0,36.0,25.0,-0.2,0.2,0.0,6.0,6.0,4.0,0.0,23.0,22.0,23.0,55.0,56.0,82.0,24.0,24.0,300.0,0.0,0.0,0.0,0.0,0.0,0.0,0.0,0.0,0.0
12.54,14.0,0.53,0.51,0.5,10.08,10.54,11.32,12.54,4.2,-0.02,0.02,172.0,7.3,31.0,1.0,1.0,739.0,685.0,898.0,0.0,882.0,12.52,1016.0,694.0,31.5,31.1,0.2,2.1,2067.6,0.0,16.83,14.9,35.1,37.7,36.3,36.6,37.7,37.4,38.2,36.9,51.1,50.9,22.3,24.4,24.6,28.1,39.0,34.0,25.0,0.0,-0.5,-0.3,6.0,6.0,4.0,0.0,23.0,22.0,23.0,56.0,56.0,81.0,24.0,24.0,300.0,0.0,0.0,0.0,0.0,0.0,0.0,0.0,0.0,0.0
12.73,268.99,0.53,0.51,0.5,10.12,10.5,12.1,12.71,0.6,0.0,-0.01,171.9,8.3,30.0,1.0,1.0,768.0,685.0,930.0,0.0,929.0,12.7,1044.7,714.0,30.7,31.3,0.2,2.2,2067.6,0.0,16.83,14.8,35.2,37.8,36.4,36.7,37.8,37.5,38.3,37.1,51.2,51.1,22.3,24.4,24.7,28.2,39.0,34.0,25.0,-0.2,0.0,-0.3,6.0,6.0,4.0,0.0,23.0,22.0,23.0,58.0,56.0,81.0,24.0,24.0,300.0,0.0,0.0,0.0,0.0,0.0,0.0,0.0,0.0,0.0
12.84,308.02,0.53,0.51,0.5,8.26,9.42,9.58,12.82,0.2,0.05,-0.01,171.9,8.0,31.0,1.0,1.0,784.0,685.0,951.0,0.0,935.0,12.8,1063.0,726.0,33.3,33.7,0.2,2.1,2067.6,0.0,16.83,14.7,35.5,38.1,36.6,36.9,38.1,37.7,38.5,37.2,51.4,51.2,22.3,24.4,24.7,28.2,42.0,37.0,25.0,0.4,0.2,0.0,6.0,6.0,4.0,0.0,23.0,22.0,23.0,59.0,56.0,82.0,24.0,24.0,300.0,0.0,0.0,0.0,0.0,0.0,0.0,0.0,0.0,0.0
12.56,16.99,0.53,0.51,0.5,9.42,9.0,9.74,12.59,7.9,-0.04,0.01,172.0,7.3,30.0,1.0,1.0,742.0,685.0,896.0,-2.0,892.0,12.54,1020.4,697.0,33.2,32.5,0.3,2.2,2067.6,0.0,16.83,14.8,35.1,37.8,36.4,36.6,37.8,37.4,38.2,37.0,51.2,51.1,22.3,24.3,24.7,28.2,41.0,36.0,25.0,0.6,0.2,0.2,6.0,6.0,4.0,0.0,23.0,22.0,23.0,57.0,56.0,82.0,24.0,24.0,300.0,0.0,0.0,0.0,0.0,0.0,0.0,0.0,0.0,0.0
12.52,65.99,0.53,0.51,0.5,11.18,10.3,11.44,12.55,12.3,0.0,-0.02,172.0,7.0,31.0,1.0,1.0,735.0,685.0,893.0,0.0,883.0,12.52,1011.7,691.0,33.9,33.7,0.2,2.1,2067.6,0.0,16.83,14.8,35.1,37.8,36.4,36.6,37.8,37.4,38.3,37.0,51.2,51.0,22.3,24.3,24.7,28.2,41.0,36.0,25.0,0.0,-0.5,-0.5,6.0,6.0,4.0,0.0,23.0,22.0,23.0,57.0,56.0,82.0,24.0,24.0,300.0,0.0,0.0,0.0,0.0,0.0,0.0,0.0,0.0,0.0
12.94,172.01,0.53,0.51,0.5,10.76,10.28,11.86,12.95,2.0,0.07,-0.02,172.1,9.2,33.0,1.0,1.0,814.0,686.0,993.0,0.0,990.0,12.94,1093.7,746.0,29.6,32.5,0.2,2.1,2067.6,0.0,16.83,15.1,35.0,37.6,36.2,36.5,37.6,37.2,38.0,36.7,50.9,50.8,22.3,24.4,24.6,28.1,41.0,36.0,25.0,-1.0,-0.2,0.0,6.0,6.0,4.0,0.0,23.0,22.0,23.0,55.0,56.0,81.0,24.0,24.0,300.0,0.0,0.0,0.0,0.0,0.0,0.0,0.0,0.0,0.0
12.45,247.0,0.52,0.51,0.5,8.76,9.22,10.72,12.46,1.2,-0.01,0.07,172.1,8.2,33.0,1.0,1.0,715.0,685.0,872.0,0.0,854.0,12.46,996.7,681.0,29.7,31.0,0.2,2.1,2067.6,0.0,16.83,15.0,35.1,37.7,36.3,36.6,37.7,37.3,38.1,36.8,51.0,50.9,22.3,24.4,24.7,28.1,39.0,34.0,25.0,0.0,0.0,0.0,6.0,6.0,4.0,0.0,23.0,22.0,23.0,56.0,56.0,82.0,24.0,24.0,300.0,0.0,0.0,0.0,0.0,0.0,0.0,0.0,0.0,0.0
12.45,253.01,0.52,0.51,0.5,9.7,10.16,11.7,12.45,7.5,0.01,-0.02,172.1,6.6,33.0,1.0,1.0,727.0,685.0,881.0,-2.0,865.0,12.44,998.7,683.0,31.2,31.1,0.2,2.1,2067.6,0.0,16.83,15.0,35.1,37.7,36.3,36.6,37.7,37.3,38.0,36.8,51.0,50.9,22.3,24.4,24.7,28.2,40.0,35.0,25.0,-0.2,0.0,0.0,6.0,6.0,4.0,0.0,23.0,22.0,23.0,56.0,56.0,81.0,24.0,24.0,300.0,0.0,0.0,0.0,0.0,0.0,0.0,0.0,0.0,0.0
12.73,231.01,0.53,0.51,0.5,9.46,9.64,10.68,12.76,4.6,-0.02,0.05,171.9,7.9,32.0,1.0,1.0,787.0,685.0,951.0,0.0,935.0,12.74,1062.0,724.0,29.9,29.0,0.2,2.2,2067.6,0.0,16.83,14.7,35.3,37.9,36.5,36.7,37.9,37.5,38.4,37.1,51.3,51.2,22.3,24.4,24.7,28.2,40.0,35.0,25.0,0.0,0.0,0.0,6.0,6.0,4.0,0.0,23.0,22.0,23.0,58.0,56.0,82.0,24.0,24.0,300.0,0.0,0.0,0.0,0.0,0.0,0.0,0.0,0.0,0.0
12.54,141.01,0.53,0.51,0.5,10.78,10.26,11.24,12.56,12.9,-0.01,-0.04,172.0,6.2,30.0,1.0,1.0,737.0,685.0,883.0,-2.0,879.0,12.52,1011.3,691.0,32.9,32.6,0.2,2.1,2067.6,0.0,16.83,14.8,35.1,37.8,36.4,36.6,37.8,37.4,38.3,37.0,51.2,51.0,22.3,24.3,24.7,28.2,41.0,36.0,25.0,-0.5,-0.2,0.0,6.0,6.0,4.0,0.0,23.0,22.0,23.0,57.0,56.0,81.0,24.0,24.0,300.0,0.0,0.0,0.0,0.0,0.0,0.0,0.0,0.0,0.0
12.45,217.01,0.53,0.51,0.5,9.78,9.92,11.38,12.48,5.8,-0.01,0.02,171.9,7.6,31.0,1.0,1.0,723.0,685.0,868.0,0.0,852.0,12.46,995.6,681.0,31.1,31.8,0.3,2.1,2067.6,0.0,16.83,14.8,35.2,37.8,36.4,36.7,37.8,37.4,38.3,37.1,51.2,51.1,22.3,24.4,24.7,28.2,39.0,34.0,25.0,-0.4,0.0,0.0,6.0,6.0,4.0,0.0,23.0,22.0,23.0,58.0,56.0,81.0,24.0,24.0,300.0,0.0,0.0,0.0,0.0,0.0,0.0,0.0,0.0,0.0
12.73,150.01,0.53,0.51,0.5,9.9,8.42,10.54,12.76,-7.9,0.05,-0.01,172.1,8.1,35.0,1.0,1.0,772.0,685.0,930.0,0.0,914.0,12.74,1048.7,717.0,32.9,32.5,0.2,2.1,2067.6,0.0,16.83,15.1,34.9,37.5,36.1,36.4,37.5,37.1,37.9,36.6,50.9,50.7,22.3,24.4,24.6,28.1,41.0,36.0,25.0,-0.2,0.0,0.5,6.0,6.0,4.0,0.0,23.0,22.0,23.0,55.0,56.0,82.0,24.0,24.0,300.0,0.0,0.0,0.0,0.0,0.0,0.0,0.0,0.0,0.0
12.59,123.98,0.53,0.51,0.5,11.82,10.52,10.78,12.6,-0.1,0.04,-0.02,172.0,8.1,34.0,1.0,1.0,738.0,685.0,899.0,0.0,893.0,12.58,1015.9,696.0,29.0,29.7,0.3,2.1,2067.6,0.0,16.83,15.0,35.1,37.7,36.3,36.6,37.7,37.3,38.2,36.9,51.0,50.9,22.3,24.4,24.6,28.1,38.0,33.0,25.0,-0.3,0.0,-0.2,6.0,6.0,4.0,0.0,23.0,22.0,23.0,56.0,56.0,82.0,24.0,24.0,300.0,0.0,0.0,0.0,0.0,0.0,0.0,0.0,0.0,0.0
12.52,303.01,0.53,0.51,0.5,8.56,9.7,10.44,12.56,-0.1,0.06,-0.03,172.1,6.5,33.0,1.0,1.0,729.0,685.0,880.0,0.0,865.0,12.5,1005.4,687.0,30.1,30.8,0.2,2.1,2067.6,0.0,16.83,15.0,35.1,37.7,36.3,36.6,37.7,37.3,38.1,36.9,51.0,50.9,22.3,24.5,24.6,28.1,39.0,34.0,25.0,0.2,0.2,0.0,6.0,6.0,4.0,0.0,23.0,22.0,23.0,56.0,56.0,82.0,24.0,24.0,300.0,0.0,0.0,0.0,0.0,0.0,0.0,0.0,0.0,0.0
12.89,166.0,0.53,0.51,0.5,10.32,9.92,10.66,12.89,-2.4,0.0,0.05,172.0,8.2,37.0,1.0,1.0,801.0,686.0,975.0,0.0,966.0,12.88,1080.9,739.0,29.8,31.7,0.2,2.1,2067.6,0.0,16.83,15.0,35.0,37.6,36.2,36.5,37.6,37.2,38.0,36.7,50.9,50.8,22.3,24.4,24.6,28.2,41.0,36.0,25.0,-0.2,0.0,0.2,6.0,6.0,4.0,0.0,23.0,22.0,23.0,55.0,56.0,82.0,24.0,24.0,300.0,0.0,0.0,0.0,0.0,0.0,0.0,0.0,0.0,0.0
12.66,42.01,0.53,0.51,0.5,11.2,10.28,11.9,12.64,0.0,0.07,-0.05,172.0,7.5,33.0,1.0,1.0,748.0,685.0,908.0,0.0,909.0,12.64,1029.4,704.0,31.8,29.8,0.2,2.2,2067.6,0.0,16.83,14.8,35.1,37.8,36.4,36.6,37.8,37.4,38.3,37.0,51.2,51.0,22.3,24.3,24.7,28.2,40.0,35.0,25.0,0.7,-0.2,0.0,6.0,6.0,4.0,0.0,23.0,22.0,23.0,57.0,56.0,82.0,24.0,24.0,300.0,0.0,0.0,0.0,0.0,0.0,0.0,0.0,0.0,0.0
12.48,90.0,0.53,0.51,0.5,10.42,9.9,10.66,12.48,3.1,0.04,0.03,172.0,7.4,30.0,1.0,1.0,738.0,685.0,895.0,-2.0,886.0,12.5,1012.0,689.0,32.9,33.9,0.2,2.2,2067.6,0.0,16.83,14.8,35.2,37.8,36.4,36.7,37.8,37.4,38.3,37.0,51.2,51.0,22.3,24.4,24.7,28.1,41.0,36.0,25.0,0.0,-0.2,0.0,6.0,6.0,4.0,0.0,23.0,22.0,23.0,57.0,56.0,81.0,24.0,24.0,300.0,0.0,0.0,0.0,0.0,0.0,0.0,0.0,0.0,0.0
12.69,51.98,0.53,0.51,0.5,11.24,10.14,11.44,12.7,-7.0,0.08,0.03,172.1,9.2,34.0,1.0,1.0,764.0,685.0,927.0,0.0,928.0,12.68,1042.2,712.0,31.5,32.5,0.3,2.0,2067.6,0.0,16.83,15.0,34.9,37.5,36.1,36.4,37.5,37.1,37.9,36.6,50.9,50.8,22.3,24.4,24.6,28.1,41.0,36.0,25.0,0.0,-0.5,-0.5,6.0,6.0,4.0,0.0,23.0,22.0,23.0,55.0,56.0,82.0,24.0,24.0,300.0,0.0,0.0,0.0,0.0,0.0,0.0,0.0,0.0,0.0
12.4,55.01,0.53,0.51,0.5,11.08,10.3,11.44,12.45,2.6,0.09,0.02,172.0,7.0,31.0,1.0,1.0,712.0,685.0,858.0,2.0,836.0,12.42,988.8,676.0,31.1,31.1,0.2,2.2,2067.6,0.0,16.83,14.8,35.2,37.8,36.4,36.7,37.8,37.4,38.3,37.0,51.2,51.1,22.3,24.3,24.7,28.2,39.0,34.0,25.0,0.0,-0.2,-0.3,6.0,6.0,4.0,0.0,23.0,22.0,23.0,57.0,56.0,82.0,24.0,24.0,300.0,0.0,0.0,0.0,0.0,0.0,0.0,0.0,0.0,0.0
12.85,221.0,0.53,0.51,0.5,8.16,8.82,10.16,12.88,2.1,0.02,-0.01,172.0,7.5,32.0,1.0,1.0,814.0,685.0,987.0,-2.0,980.0,12.86,1084.6,740.0,33.0,32.9,0.2,2.1,2067.6,0.0,16.83,14.8,35.4,38.0,36.6,36.9,38.0,37.6,38.4,37.2,51.3,51.2,22.3,24.4,24.7,28.2,42.0,36.0,25.0,0.0,0.2,0.5,6.0,6.0,4.0,0.0,23.0,22.0,23.0,59.0,56.0,82.0,24.0,24.0,300.0,0.0,0.0,0.0,0.0,0.0,0.0,0.0,0.0,0.0
12.69,41.0,0.53,0.51,0.5,9.68,9.1,10.0,12.69,6.3,0.0,0.0,172.0,7.5,29.0,1.0,1.0,756.0,685.0,914.0,2.0,911.0,12.66,1037.8,709.0,30.2,30.6,0.2,2.1,2067.6,0.0,16.83,14.8,35.2,37.8,36.4,36.7,37.8,37.5,38.3,37.1,51.2,51.1,22.3,24.5,24.7,28.2,39.0,34.0,25.0,0.2,0.0,0.0,6.0,6.0,4.0,0.0,23.0,22.0,23.0,58.0,56.0,81.0,24.0,24.0,300.0,0.0,0.0,0.0,0.0,0.0,0.0,0.0,0.0,0.0
12.56,114.01,0.53,0.51,0.5,10.06,9.52,10.28,12.59,0.0,-0.06,-0.06,172.0,7.9,34.0,1.0,1.0,739.0,685.0,901.0,2.0,885.0,12.56,1016.8,696.0,29.6,30.6,0.2,2.1,2067.6,0.0,16.83,15.0,35.1,37.7,36.3,36.6,37.7,37.3,38.2,36.9,51.0,50.9,22.3,24.4,24.6,28.1,38.0,33.0,25.0,0.0,0.0,0.0,6.0,6.0,4.0,0.0,23.0,22.0,23.0,56.0,56.0,82.0,24.0,24.0,300.0,0.0,0.0,0.0,0.0,0.0,0.0,0.0,0.0,0.0
12.36,128.99,0.53,0.51,0.5,10.86,10.16,11.14,12.4,-0.4,0.01,-0.01,172.0,7.2,32.0,1.0,1.0,704.0,685.0,849.0,-2.0,853.0,12.38,983.5,671.0,31.3,31.7,0.2,2.1,2067.6,0.0,16.83,14.8,35.1,37.7,36.3,36.6,37.7,37.4,38.2,36.9,51.1,51.0,22.3,24.3,24.6,28.1,39.0,34.0,25.0,-0.2,-0.2,-0.2,6.0,6.0,4.0,0.0,23.0,22.0,23.0,56.0,56.0,82.0,24.0,24.0,300.0,0.0,0.0,0.0,0.0,0.0,0.0,0.0,0.0,0.0
12.87,114.01,0.53,0.51,0.5,11.86,10.64,11.58,12.9,-22.0,-0.04,-0.01,172.1,8.4,37.0,1.0,1.0,814.0,686.0,979.0,0.0,974.0,12.88,1089.3,740.0,30.8,30.6,0.3,2.2,2067.6,0.0,16.83,15.0,35.0,37.6,36.2,36.5,37.6,37.2,38.0,36.7,51.0,50.8,22.3,24.4,24.6,28.2,41.0,36.0,25.0,0.0,-0.2,-0.3,6.0,6.0,4.0,0.0,23.0,22.0,23.0,55.0,56.0,82.0,24.0,24.0,300.0,0.0,0.0,0.0,0.0,0.0,0.0,0.0,0.0,0.0
12.87,330.98,0.53,0.51,0.5,8.62,9.72,10.02,12.83,-0.3,-0.01,0.04,172.1,6.4,34.0,1.0,1.0,781.0,685.0,948.0,2.0,926.0,12.82,1057.1,725.0,30.6,31.0,0.3,2.1,2067.6,0.0,16.83,15.0,35.0,37.6,36.2,36.4,37.6,37.2,38.0,36.7,50.9,50.8,22.3,24.4,24.6,28.1,41.0,36.0,25.0,0.4,0.2,0.0,6.0,6.0,4.0,0.0,23.0,22.0,23.0,55.0,56.0,82.0,24.0,24.0,300.0,0.0,0.0,0.0,0.0,0.0,0.0,0.0,0.0,0.0
12.81,182.02,0.53,0.51,0.5,9.62,8.6,10.22,12.86,-0.9,0.06,0.04,172.0,8.5,33.0,1.0,1.0,788.0,685.0,956.0,0.0,942.0,12.84,1066.8,728.0,31.6,31.3,0.2,2.1,2067.6,0.0,16.83,14.8,35.3,37.9,36.5,36.8,37.9,37.5,38.4,37.1,51.3,51.2,22.3,24.3,24.7,28.2,39.0,34.0,25.0,-0.2,0.0,0.5,6.0,6.0,4.0,0.0,23.0,22.0,23.0,58.0,56.0,82.0,24.0,24.0,300.0,0.0,0.0,0.0,0.0,0.0,0.0,0.0,0.0,0.0
12.45,178.99,0.53,0.51,0.5,8.42,8.6,10.0,12.48,6.7,-0.01,-0.01,172.0,6.3,33.0,1.0,1.0,734.0,685.0,884.0,-2.0,872.0,12.44,1004.5,686.0,30.0,30.6,0.3,2.1,2067.6,0.0,16.83,15.0,35.1,37.7,36.3,36.6,37.7,37.3,38.1,36.8,51.0,50.9,22.3,24.4,24.7,28.2,40.0,35.0,25.0,-0.4,0.0,0.4,6.0,6.0,4.0,0.0,23.0,22.0,23.0,56.0,56.0,81.0,24.0,24.0,300.0,0.0,0.0,0.0,0.0,0.0,0.0,0.0,0.0,0.0
12.61,326.99,0.53,0.51,0.5,8.54,9.68,10.14,12.6,-4.6,0.05,-0.07,172.1,8.7,34.0,1.0,1.0,743.0,685.0,901.0,2.0,889.0,12.58,1019.7,696.0,29.6,29.5,0.2,2.1,2067.6,0.0,16.83,14.9,35.1,37.7,36.3,36.6,37.7,37.3,38.2,36.9,51.0,50.9,22.3,24.5,24.6,28.1,39.0,34.0,25.0,0.0,0.0,0.0,6.0,6.0,4.0,0.0,23.0,22.0,23.0,56.0,56.0,82.0,24.0,24.0,300.0,0.0,0.0,0.0,0.0,0.0,0.0,0.0,0.0,0.0
12.4,1.01,0.53,0.51,0.5,9.64,9.14,10.54,12.39,-3.4,-0.05,0.03,171.9,7.3,34.0,1.0,1.0,715.0,685.0,861.0,-2.0,870.0,12.38,992.9,677.0,31.4,32.6,0.2,2.1,2067.6,0.0,16.83,14.8,35.2,37.8,36.4,36.7,37.8,37.4,38.3,37.0,51.2,51.1,22.3,24.3,24.7,28.1,40.0,35.0,25.0,0.4,0.0,0.0,6.0,6.0,4.0,0.0,23.0,22.0,23.0,57.0,56.0,82.0,24.0,24.0,300.0,0.0,0.0,0.0,0.0,0.0,0.0,0.0,0.0,0.0
12.93,196.99,0.53,0.51,0.5,9.22,8.84,10.62,12.97,-2.2,0.06,0.05,171.9,9.4,32.0,1.0,1.0,813.0,685.0,982.0,-2.0,984.0,12.92,1087.8,742.0,31.8,32.6,0.2,2.1,2067.6,0.0,16.83,14.7,35.5,38.1,36.7,37.0,38.1,37.7,38.5,37.3,51.4,51.3,22.3,24.4,24.7,28.2,42.0,36.0,25.0,0.0,0.0,0.5,6.0,6.0,4.0,0.0,23.0,22.0,23.0,59.0,56.0,82.0,24.0,24.0,300.0,0.0,0.0,0.0,0.0,0.0,0.0,0.0,0.0,0.0
12.94,142.99,0.53,0.51,0.5,9.56,8.98,10.42,12.95,1.8,-0.02,-0.04,172.0,8.4,34.0,1.0,1.0,816.0,686.0,991.0,0.0,988.0,12.96,1092.1,747.0,31.6,31.6,0.2,2.1,2067.6,0.0,16.83,15.1,35.0,37.6,36.2,36.4,37.6,37.2,38.0,36.7,50.9,50.8,22.3,24.4,24.6,28.1,41.0,36.0,25.0,-0.2,0.0,0.7,6.0,6.0,4.0,0.0,23.0,22.0,23.0,55.0,56.0,82.0,24.0,24.0,300.0,0.0,0.0,0.0,0.0,0.0,0.0,0.0,0.0,0.0
12.81,272.02,0.53,0.51,0.5,9.66,10.34,11.22,12.78,-0.2,0.01,0.05,172.0,8.1,36.0,1.0,1.0,778.0,685.0,950.0,0.0,931.0,12.78,1060.1,724.0,30.6,31.7,0.2,2.1,2067.6,0.0,16.83,15.1,35.1,37.7,36.3,36.5,37.6,37.3,38.1,36.8,51.0,50.8,22.3,24.3,24.6,28.2,40.0,35.0,25.0,0.0,0.0,0.0,6.0,6.0,4.0,0.0,23.0,22.0,23.0,55.0,56.0,82.0,24.0,24.0,300.0,0.0,0.0,0.0,0.0,0.0,0.0,0.0,0.0,0.0
12.85,92.02,0.53,0.51,0.5,10.3,9.26,9.8,12.87,-3.8,0.02,0.03,171.9,7.1,33.0,1.0,1.0,796.0,685.0,959.0,0.0,950.0,12.86,1072.2,733.0,31.3,31.6,0.2,2.1,2067.6,0.0,16.83,14.7,35.3,37.9,36.5,36.8,37.9,37.6,38.4,37.1,51.3,51.2,22.3,24.4,24.7,28.2,40.0,35.0,25.0,0.2,0.2,-0.2,6.0,6.0,4.0,0.0,23.0,22.0,23.0,58.0,56.0,82.0,24.0,24.0,300.0,0.0,0.0,0.0,0.0,0.0,0.0,0.0,0.0,0.0
12.54,307.01,0.52,0.51,0.5,9.58,10.92,11.42,12.56,9.4,0.08,0.03,172.0,6.5,29.0,1.0,1.0,730.0,685.0,881.0,0.0,869.0,12.5,1005.7,687.0,31.8,31.2,0.2,2.0,2067.6,0.0,16.83,14.8,35.2,37.8,36.4,36.7,37.8,37.5,38.3,37.1,51.2,51.1,22.3,24.4,24.7,28.2,39.0,34.0,25.0,0.0,0.0,-0.3,6.0,6.0,4.0,0.0,23.0,22.0,23.0,58.0,56.0,82.0,24.0,24.0,300.0,0.0,0.0,0.0,0.0,0.0,0.0,0.0,0.0,0.0
12.9,38.99,0.53,0.51,0.5,10.96,10.62,11.26,12.9,0.8,0.01,0.05,172.0,7.8,36.0,1.0,1.0,808.0,685.0,978.0,0.0,972.0,12.9,1084.9,741.0,31.1,31.3,0.2,2.1,2067.6,0.0,16.83,15.0,35.0,37.6,36.2,36.5,37.6,37.3,38.0,36.8,50.9,50.8,22.3,24.4,24.6,28.2,41.0,35.0,25.0,0.0,-0.2,0.0,6.0,6.0,4.0,0.0,23.0,22.0,23.0,55.0,56.0,81.0,24.0,24.0,300.0,0.0,0.0,0.0,0.0,0.0,0.0,0.0,0.0,0.0
12.51,317.02,0.53,0.51,0.5,8.52,9.52,10.3,12.52,4.5,0.06,-0.06,172.0,7.0,33.0,1.0,1.0,735.0,685.0,884.0,-2.0,877.0,12.5,1007.5,688.0,31.4,30.7,0.1,2.0,2067.6,0.0,16.83,14.9,35.1,37.7,36.3,36.6,37.7,37.3,38.2,36.9,51.0,50.9,22.3,24.3,24.6,28.2,38.0,33.0,25.0,0.0,0.0,0.0,6.0,6.0,4.0,0.0,23.0,22.0,23.0,56.0,56.0,81.0,24.0,24.0,300.0,0.0,0.0,0.0,0.0,0.0,0.0,0.0,0.0,0.0
12.9,15.98,0.53,0.51,0.5,10.1,9.96,10.54,12.88,-0.7,-0.05,-0.05,171.9,7.5,33.0,1.0,1.0,802.0,684.0,966.0,-2.0,964.0,12.88,1078.2,738.0,31.9,32.5,0.2,2.1,2067.6,0.0,16.83,14.8,35.4,38.0,36.5,36.8,38.0,37.6,38.5,37.2,51.3,51.2,22.3,24.5,24.7,28.2,41.0,35.0,25.0,0.4,0.0,0.0,6.0,6.0,4.0,0.0,23.0,22.0,23.0,58.0,56.0,82.0,24.0,24.0,300.0,0.0,0.0,0.0,0.0,0.0,0.0,0.0,0.0,0.0
12.87,349.99,0.53,0.51,0.5,10.3,10.68,11.16,12.87,1.3,0.01,0.05,171.9,7.3,33.0,1.0,1.0,801.0,685.0,972.0,0.0,961.0,12.86,1078.4,736.0,32.9,31.8,0.2,2.1,2067.6,0.0,16.83,14.8,35.3,37.9,36.5,36.8,37.9,37.6,38.4,37.2,51.3,51.2,22.3,24.4,24.7,28.2,40.0,35.0,25.0,0.5,-0.2,0.0,6.0,6.0,4.0,0.0,23.0,22.0,23.0,58.0,56.0,82.0,24.0,24.0,300.0,0.0,0.0,0.0,0.0,0.0,0.0,0.0,0.0,0.0
13.01,285.98,0.53,0.51,0.5,9.42,10.8,11.46,12.98,3.6,-0.02,0.03,171.9,7.9,32.0,1.0,1.0,816.0,685.0,993.0,0.0,991.0,12.96,1095.8,749.0,32.0,32.9,0.2,2.1,2067.6,0.0,16.83,14.8,35.4,38.0,36.6,36.9,38.0,37.6,38.4,37.2,51.3,51.2,22.3,24.5,24.7,28.2,41.0,36.0,25.0,0.0,0.0,0.0,6.0,6.0,4.0,0.0,23.0,22.0,23.0,59.0,56.0,82.0,24.0,24.0,300.0,0.0,0.0,0.0,0.0,0.0,0.0,0.0,0.0,0.0
12.59,360.0,0.53,0.51,0.5,10.36,10.42,11.84,12.59,9.2,-0.02,0.01,172.0,7.2,30.0,1.0,1.0,742.0,685.0,893.0,0.0,885.0,12.56,1018.0,696.0,32.7,31.3,0.2,2.1,2067.6,0.0,16.83,14.8,35.1,37.8,36.4,36.6,37.8,37.4,38.2,37.0,51.2,51.0,22.3,24.3,24.7,28.2,41.0,36.0,25.0,0.2,-0.2,-0.3,6.0,6.0,4.0,0.0,23.0,22.0,23.0,57.0,56.0,81.0,24.0,24.0,300.0,0.0,0.0,0.0,0.0,0.0,0.0,0.0,0.0,0.0
12.8,105.01,0.53,0.51,0.5,11.52,9.3,11.08,12.82,-1.4,-0.07,-0.07,171.9,8.6,33.0,1.0,1.0,786.0,684.0,948.0,0.0,935.0,12.8,1062.7,726.0,31.2,32.1,0.2,2.1,2067.6,0.0,16.83,14.8,35.3,37.9,36.5,36.7,37.9,37.5,38.4,37.1,51.3,51.2,22.3,24.3,24.7,28.2,39.0,34.0,25.0,0.0,0.0,-0.2,6.0,6.0,4.0,0.0,23.0,22.0,23.0,58.0,56.0,82.0,24.0,24.0,300.0,0.0,0.0,0.0,0.0,0.0,0.0,0.0,0.0,0.0
12.21,110.02,0.53,0.51,0.5,10.64,10.18,10.78,12.21,3.8,-0.04,-0.01,172.0,8.1,32.0,1.0,1.0,682.0,684.0,828.0,0.0,816.0,12.22,954.4,654.0,30.1,29.7,0.3,2.1,2067.6,0.0,16.83,14.8,35.2,37.8,36.4,36.7,37.8,37.4,38.3,37.1,51.2,51.1,22.3,24.3,24.7,28.1,39.0,35.0,25.0,-0.2,0.0,-0.5,6.0,6.0,4.0,0.0,23.0,22.0,23.0,57.0,56.0,82.0,24.0,24.0,300.0,0.0,0.0,0.0,0.0,0.0,0.0,0.0,0.0,0.0
12.51,92.02,0.53,0.51,0.5,10.22,9.16,9.8,12.58,3.4,-0.01,-0.03,172.0,6.6,33.0,1.0,1.0,747.0,685.0,901.0,0.0,894.0,12.54,1018.3,696.0,29.7,30.0,0.2,2.2,2067.6,0.0,16.83,14.9,35.1,37.7,36.3,36.6,37.7,37.3,38.2,36.9,51.0,50.9,22.3,24.4,24.6,28.2,38.0,33.0,25.0,0.0,0.0,0.0,6.0,6.0,4.0,0.0,23.0,22.0,23.0,56.0,56.0,82.0,24.0,24.0,300.0,0.0,0.0,0.0,0.0,0.0,0.0,0.0,0.0,0.0
12.96,52.99,0.53,0.51,0.5,10.16,9.0,9.92,12.95,5.0,0.04,0.07,171.9,8.1,32.0,1.0,1.0,811.0,685.0,978.0,0.0,975.0,12.94,1088.7,744.0,33.2,33.0,0.3,2.1,2067.6,0.0,16.83,14.8,35.4,38.0,36.6,36.9,38.0,37.6,38.4,37.2,51.3,51.3,22.3,24.5,24.7,28.2,41.0,36.0,25.0,0.5,-0.2,0.0,6.0,6.0,4.0,0.0,23.0,22.0,23.0,59.0,56.0,82.0,24.0,24.0,300.0,0.0,0.0,0.0,0.0,0.0,0.0,0.0,0.0,0.0
12.6,6.01,0.53,0.51,0.5,8.84,8.5,9.32,12.61,2.1,-0.03,-0.03,171.9,8.3,32.0,1.0,1.0,737.0,685.0,896.0,2.0,884.0,12.58,1017.6,697.0,30.9,32.6,0.3,2.1,2067.6,0.0,16.83,14.8,35.1,37.7,36.3,36.6,37.7,37.4,38.2,37.0,51.1,51.0,22.3,24.4,24.6,28.2,40.0,35.0,25.0,0.4,0.0,0.2,6.0,6.0,4.0,0.0,23.0,22.0,23.0,57.0,56.0,81.0,24.0,24.0,300.0,0.0,0.0,0.0,0.0,0.0,0.0,0.0,0.0,0.0
12.61,259.99,0.53,0.51,0.5,7.88,8.78,10.24,12.62,3.0,0.01,0.05,172.0,8.9,29.0,1.0,1.0,745.0,685.0,899.0,0.0,895.0,12.62,1020.7,700.0,30.6,32.5,0.2,2.2,2067.6,0.0,16.83,14.8,35.2,37.8,36.4,36.6,37.8,37.4,38.3,37.0,51.2,51.1,22.3,24.3,24.7,28.1,41.0,36.0,25.0,0.0,0.6,0.2,6.0,6.0,4.0,0.0,23.0,22.0,23.0,57.0,56.0,81.0,24.0,24.0,300.0,0.0,0.0,0.0,0.0,0.0,0.0,0.0,0.0,0.0
12.78,155.99,0.53,0.51,0.5,10.38,10.32,11.96,12.81,1.3,0.05,-0.01,172.1,7.9,35.0,1.0,1.0,795.0,685.0,965.0,0.0,951.0,12.78,1071.4,729.0,30.8,30.3,0.2,2.1,2067.6,0.0,16.83,15.1,35.0,37.6,36.2,36.4,37.6,37.2,38.0,36.7,50.9,50.8,22.3,24.4,24.6,28.1,41.0,36.0,25.0,-1.2,-0.2,0.3,6.0,6.0,4.0,0.0,23.0,22.0,23.0,55.0,56.0,81.0,24.0,24.0,300.0,0.0,0.0,0.0,0.0,0.0,0.0,0.0,0.0,0.0
12.87,160.99,0.53,0.51,0.5,9.64,8.38,11.42,12.85,1.9,0.09,-0.04,171.9,7.7,32.0,1.0,1.0,796.0,685.0,962.0,0.0,954.0,12.86,1070.0,732.0,30.6,30.1,0.2,2.1,2067.6,0.0,16.83,14.8,35.2,37.9,36.5,36.7,37.8,37.5,38.3,37.1,51.3,51.2,22.3,24.4,24.8,28.2,39.0,34.0,25.0,0.0,0.0,0.3,6.0,6.0,4.0,0.0,23.0,22.0,23.0,58.0,56.0,82.0,24.0,24.0,300.0,0.0,0.0,0.0,0.0,0.0,0.0,0.0,0.0,0.0
12.6,74.99,0.53,0.51,0.5,9.94,8.9,9.88,12.61,7.9,0.06,0.07,172.0,8.3,30.0,1.0,1.0,743.0,685.0,901.0,2.0,890.0,12.58,1021.5,697.0,32.7,31.4,0.3,2.2,2067.6,0.0,16.83,14.8,35.1,37.8,36.4,36.6,37.8,37.4,38.3,37.0,51.2,51.0,22.3,24.3,24.7,28.2,41.0,36.0,25.0,0.2,0.0,-0.2,6.0,6.0,4.0,0.0,23.0,22.0,23.0,57.0,56.0,81.0,24.0,24.0,300.0,0.0,0.0,0.0,0.0,0.0,0.0,0.0,0.0,0.0
12.48,288.0,0.53,0.51,0.5,9.0,10.14,11.06,12.48,-4.6,0.07,0.11,172.0,7.4,34.0,1.0,1.0,724.0,685.0,874.0,0.0,859.0,12.46,998.3,682.0,29.2,31.0,0.2,2.0,2067.6,0.0,16.83,15.0,35.1,37.7,36.3,36.6,37.7,37.3,38.1,36.9,51.0,50.9,22.3,24.5,24.6,28.1,39.0,34.0,25.0,0.0,0.7,-0.2,6.0,6.0,4.0,0.0,23.0,22.0,23.0,56.0,56.0,81.0,24.0,24.0,300.0,0.0,0.0,0.0,0.0,0.0,0.0,0.0,0.0,0.0
12.78,284.0,0.53,0.51,0.5,7.98,9.38,9.96,12.75,7.0,0.04,0.0,171.9,6.8,31.0,1.0,1.0,780.0,684.0,941.0,0.0,922.0,12.74,1053.7,719.0,32.4,34.3,0.2,2.1,2067.6,0.0,16.83,14.7,35.5,38.1,36.6,36.9,38.0,37.7,38.5,37.2,51.4,51.2,22.3,24.4,24.7,28.2,42.0,37.0,25.0,0.0,0.2,0.0,6.0,6.0,4.0,0.0,23.0,22.0,23.0,59.0,56.0,82.0,24.0,24.0,300.0,0.0,0.0,0.0,0.0,0.0,0.0,0.0,0.0,0.0
12.82,28.01,0.53,0.51,0.5,9.64,8.96,9.44,12.78,2.5,0.02,0.0,171.9,7.7,32.0,1.0,1.0,780.0,685.0,942.0,2.0,928.0,12.8,1057.5,723.0,30.5,31.7,0.2,2.2,2067.6,0.0,16.83,14.8,35.2,37.8,36.4,36.7,37.8,37.5,38.3,37.1,51.2,51.2,22.3,24.3,24.7,28.2,39.0,34.0,25.0,0.4,0.0,0.0,6.0,6.0,4.0,0.0,23.0,22.0,23.0,58.0,56.0,81.0,24.0,24.0,300.0,0.0,0.0,0.0,0.0,0.0,0.0,0.0,0.0,0.0
12.45,353.02,0.53,0.51,0.5,9.92,10.04,10.78,12.41,3.9,0.02,0.01,171.9,8.0,31.0,1.0,1.0,714.0,685.0,859.0,-2.0,844.0,12.4,989.8,676.0,30.0,30.5,0.2,2.1,2067.6,0.0,16.83,14.8,35.2,37.8,36.4,36.7,37.8,37.4,38.3,37.1,51.2,51.1,22.3,24.4,24.7,28.2,39.0,34.0,25.0,0.0,-0.4,0.0,6.0,6.0,4.0,0.0,23.0,22.0,23.0,57.0,56.0,82.0,24.0,24.0,300.0,0.0,0.0,0.0,0.0,0.0,0.0,0.0,0.0,0.0
12.61,213.01,0.53,0.51,0.5,10.32,10.26,12.14,12.67,1.6,-0.02,0.03,172.0,8.2,32.0,1.0,1.0,755.0,685.0,910.0,-2.0,908.0,12.62,1031.6,704.0,30.1,32.3,0.2,2.1,2067.6,0.0,16.83,14.8,35.2,37.8,36.4,36.7,37.8,37.5,38.3,37.1,51.2,51.1,22.3,24.4,24.7,28.2,40.0,34.0,25.0,-0.7,0.0,-0.5,6.0,6.0,4.0,0.0,23.0,22.0,23.0,58.0,56.0,81.0,24.0,24.0,300.0,0.0,0.0,0.0,0.0,0.0,0.0,0.0,0.0,0.0
12.78,220.0,0.53,0.51,0.5,9.06,9.08,11.16,12.82,-6.0,0.01,0.07,172.0,8.8,33.0,1.0,1.0,785.0,685.0,948.0,0.0,936.0,12.8,1061.4,725.0,32.2,30.7,0.2,2.2,2067.6,0.0,16.83,14.7,35.3,37.9,36.5,36.8,37.9,37.6,38.4,37.1,51.3,51.2,22.3,24.4,24.7,28.2,40.0,35.0,25.0,0.0,0.0,0.5,6.0,6.0,4.0,0.0,23.0,22.0,23.0,58.0,56.0,82.0,24.0,24.0,300.0,0.0,0.0,0.0,0.0,0.0,0.0,0.0,0.0,0.0
12.48,348.98,0.53,0.51,0.5,10.32,10.68,11.08,12.47,-1.5,0.02,-0.06,172.0,7.1,33.0,1.0,1.0,722.0,685.0,871.0,0.0,853.0,12.44,997.9,680.0,30.2,31.2,0.2,2.1,2067.6,0.0,16.83,15.0,35.1,37.7,36.3,36.6,37.7,37.3,38.1,36.9,51.0,50.9,22.3,24.5,24.6,28.1,39.0,34.0,25.0,0.0,-0.2,0.0,6.0,6.0,4.0,0.0,23.0,22.0,23.0,56.0,56.0,82.0,24.0,24.0,300.0,0.0,0.0,0.0,0.0,0.0,0.0,0.0,0.0,0.0
12.51,353.99,0.53,0.51,0.5,10.06,10.44,11.38,12.51,1.6,-0.03,-0.01,172.0,7.9,33.0,1.0,1.0,727.0,685.0,878.0,2.0,862.0,12.5,1003.6,686.0,29.9,29.6,0.2,2.1,2067.6,0.0,16.83,15.0,35.1,37.7,36.3,36.6,37.7,37.3,38.1,36.8,51.0,50.8,22.3,24.4,24.6,28.1,39.0,34.0,25.0,0.2,-0.2,-0.2,6.0,6.0,4.0,0.0,23.0,22.0,23.0,56.0,56.0,82.0,24.0,24.0,300.0,0.0,0.0,0.0,0.0,0.0,0.0,0.0,0.0,0.0
12.85,207.0,0.53,0.51,0.5,9.64,9.58,11.52,12.89,-1.6,-0.06,0.07,172.1,7.7,35.0,1.0,1.0,796.0,685.0,966.0,3.0,950.0,12.86,1074.6,735.0,31.9,33.2,0.2,2.1,2067.6,0.0,16.83,15.1,34.9,37.6,36.2,36.4,37.6,37.2,37.9,36.7,50.9,50.8,22.3,24.5,24.6,28.1,41.0,36.0,25.0,-0.4,0.0,0.0,6.0,6.0,4.0,0.0,23.0,22.0,23.0,55.0,56.0,81.0,24.0,24.0,300.0,0.0,0.0,0.0,0.0,0.0,0.0,0.0,0.0,0.0
12.7,344.99,0.53,0.51,0.5,9.2,9.84,10.14,12.7,5.0,0.0,-0.02,171.9,7.4,32.0,1.0,1.0,769.0,684.0,929.0,-2.0,931.0,12.66,1042.7,712.0,33.2,34.1,0.2,2.1,2067.6,0.0,16.83,14.7,35.4,38.0,36.6,36.9,38.0,37.7,38.5,37.2,51.3,51.2,22.3,24.4,24.7,28.2,42.0,36.0,25.0,0.2,0.0,0.0,6.0,6.0,4.0,0.0,23.0,22.0,23.0,59.0,56.0,82.0,24.0,24.0,300.0,0.0,0.0,0.0,0.0,0.0,0.0,0.0,0.0,0.0
12.45,274.0,0.53,0.51,0.5,8.72,8.76,9.66,12.42,3.4,0.01,0.01,172.0,6.4,32.0,1.0,1.0,720.0,685.0,869.0,0.0,852.0,12.42,996.0,680.0,29.7,30.8,0.2,2.1,2067.6,0.0,16.83,15.0,35.1,37.7,36.3,36.6,37.7,37.3,38.1,36.8,51.0,50.9,22.3,24.5,24.6,28.1,39.0,34.0,25.0,0.0,0.2,0.0,6.0,6.0,4.0,0.0,23.0,22.0,23.0,56.0,56.0,82.0,24.0,24.0,300.0,0.0,0.0,0.0,0.0,0.0,0.0,0.0,0.0,0.0
12.44,213.01,0.53,0.51,0.5,10.38,10.2,11.38,12.5,-2.9,0.0,-0.07,172.0,8.6,34.0,1.0,1.0,722.0,685.0,878.0,0.0,857.0,12.46,999.9,683.0,29.1,29.3,0.1,2.2,2067.6,0.0,16.83,15.0,35.1,37.7,36.3,36.6,37.7,37.3,38.2,36.9,51.0,50.9,22.3,24.5,24.6,28.1,39.0,34.0,25.0,-0.5,-0.2,-0.5,6.0,6.0,4.0,0.0,23.0,22.0,23.0,56.0,56.0,82.0,24.0,24.0,300.0,0.0,0.0,0.0,0.0,0.0,0.0,0.0,0.0,0.0
12.87,299.02,0.53,0.51,0.5,8.4,9.9,10.46,12.85,0.9,0.01,0.05,171.9,8.0,32.0,1.0,1.0,805.0,685.0,976.0,0.0,968.0,12.84,1077.4,735.0,32.9,33.6,0.2,2.2,2067.6,0.0,16.83,14.8,35.4,38.0,36.6,36.9,38.0,37.6,38.4,37.2,51.3,51.2,22.3,24.3,24.7,28.2,42.0,36.0,25.0,0.4,0.6,0.0,6.0,6.0,4.0,0.0,23.0,22.0,23.0,59.0,56.0,82.0,24.0,24.0,300.0,0.0,0.0,0.0,0.0,0.0,0.0,0.0,0.0,0.0
12.45,132.98,0.53,0.51,0.5,10.44,10.0,11.08,12.46,7.0,-0.05,-0.1,172.0,7.4,31.0,1.0,1.0,721.0,685.0,872.0,0.0,855.0,12.46,999.0,682.0,30.2,30.4,0.2,2.1,2067.6,0.0,16.83,14.9,35.1,37.7,36.3,36.6,37.7,37.4,38.2,36.9,51.1,50.9,22.3,24.4,24.6,28.1,39.0,34.0,25.0,-0.2,0.0,0.0,6.0,6.0,4.0,0.0,23.0,22.0,23.0,56.0,56.0,81.0,24.0,24.0,300.0,0.0,0.0,0.0,0.0,0.0,0.0,0.0,0.0,0.0
12.59,299.99,0.53,0.51,0.5,8.04,9.06,9.38,12.56,-1.5,0.0,0.01,171.9,8.2,31.0,1.0,1.0,753.0,685.0,911.0,-2.0,909.0,12.56,1030.8,699.0,31.9,32.7,0.3,2.1,2067.6,0.0,16.83,14.8,35.2,37.8,36.4,36.7,37.8,37.4,38.3,37.0,51.1,51.1,22.3,24.3,24.7,28.1,41.0,36.0,25.0,0.4,0.2,0.0,6.0,6.0,4.0,0.0,23.0,22.0,23.0,57.0,56.0,81.0,24.0,24.0,300.0,0.0,0.0,0.0,0.0,0.0,0.0,0.0,0.0,0.0
12.87,65.02,0.53,0.51,0.5,10.14,9.1,10.3,12.9,-4.2,0.08,0.0,172.1,6.9,37.0,1.0,1.0,803.0,685.0,969.0,-2.0,963.0,12.86,1076.0,736.0,30.2,31.9,0.2,2.2,2067.6,0.0,16.83,15.0,35.0,37.6,36.3,36.5,37.6,37.3,38.0,36.8,50.9,50.8,22.3,24.3,24.6,28.2,41.0,35.0,25.0,0.2,0.0,0.0,6.0,6.0,4.0,0.0,23.0,22.0,23.0,55.0,56.0,82.0,24.0,24.0,300.0,0.0,0.0,0.0,0.0,0.0,0.0,0.0,0.0,0.0
12.98,155.02,0.53,0.51,0.5,10.68,9.88,11.16,13.01,2.1,0.01,-0.03,172.1,8.2,34.0,1.0,1.0,828.0,685.0,1003.0,0.0,1001.0,12.98,1102.2,752.0,30.7,31.6,0.2,2.1,2067.6,0.0,16.83,15.0,35.0,37.6,36.2,36.4,37.6,37.2,37.9,36.7,50.9,50.8,22.3,24.4,24.6,28.1,41.0,36.0,25.0,-0.9,-0.2,0.0,6.0,6.0,4.0,0.0,23.0,22.0,23.0,55.0,56.0,82.0,24.0,24.0,300.0,0.0,0.0,0.0,0.0,0.0,0.0,0.0,0.0,0.0
12.45,186.01,0.53,0.51,0.5,10.14,10.0,11.52,12.49,-0.8,0.07,0.04,172.1,8.5,33.0,1.0,1.0,727.0,685.0,878.0,0.0,860.0,12.44,1001.7,682.0,30.5,31.9,0.2,2.1,2067.6,0.0,16.83,15.0,35.1,37.7,36.3,36.6,37.7,37.3,38.1,36.8,51.0,50.9,22.3,24.4,24.6,28.1,39.0,34.0,25.0,-0.5,0.0,0.0,6.0,6.0,4.0,0.0,23.0,22.0,23.0,56.0,56.0,82.0,24.0,24.0,300.0,0.0,0.0,0.0,0.0,0.0,0.0,0.0,0.0,0.0
12.44,259.99,0.52,0.51,0.5,7.86,8.74,9.56,12.41,-2.8,-0.02,-0.05,172.0,7.6,32.0,1.0,1.0,712.0,685.0,862.0,0.0,845.0,12.4,993.9,677.0,31.7,33.2,0.2,2.1,2067.6,0.0,16.83,14.8,35.2,37.8,36.4,36.7,37.8,37.4,38.3,37.0,51.2,51.0,22.3,24.3,24.7,28.1,41.0,36.0,25.0,0.0,0.2,0.2,6.0,6.0,4.0,0.0,23.0,22.0,23.0,57.0,56.0,81.0,24.0,24.0,300.0,0.0,0.0,0.0,0.0,0.0,0.0,0.0,0.0,0.0
12.47,268.99,0.52,0.51,0.5,8.6,9.16,10.36,12.45,6.3,0.02,-0.14,172.0,6.6,31.0,1.0,1.0,716.0,685.0,864.0,-2.0,851.0,12.44,994.1,679.0,29.7,30.1,0.2,2.1,2067.6,0.0,16.83,14.9,35.1,37.7,36.3,36.6,37.7,37.3,38.2,36.9,51.1,50.9,22.3,24.4,24.6,28.1,39.0,34.0,25.0,0.0,0.0,0.0,6.0,6.0,4.0,0.0,23.0,22.0,23.0,56.0,56.0,81.0,24.0,24.0,300.0,0.0,0.0,0.0,0.0,0.0,0.0,0.0,0.0,0.0
12.69,132.01,0.53,0.51,0.5,10.08,9.62,10.16,12.73,-6.4,0.01,0.0,172.1,9.2,34.0,1.0,1.0,772.0,685.0,932.0,0.0,933.0,12.7,1047.2,715.0,33.5,34.3,0.2,2.1,2067.6,0.0,16.83,15.1,34.9,37.5,36.2,36.4,37.5,37.1,37.9,36.7,50.9,50.7,22.3,24.4,24.6,28.1,42.0,36.0,25.0,0.0,0.0,0.0,6.0,6.0,4.0,0.0,23.0,22.0,23.0,55.0,56.0,82.0,24.0,24.0,300.0,0.0,0.0,0.0,0.0,0.0,0.0,0.0,0.0,0.0
12.3,149.0,0.53,0.51,0.5,9.6,8.78,9.98,12.31,-3.4,0.01,0.05,171.9,7.2,34.0,1.0,1.0,702.0,684.0,846.0,-4.0,852.0,12.3,983.1,669.0,31.1,31.6,0.2,2.1,2067.6,0.0,16.83,14.8,35.2,37.8,36.4,36.7,37.8,37.4,38.2,37.0,51.2,51.1,22.3,24.3,24.7,28.1,40.0,35.0,25.0,0.0,0.0,0.0,6.0,6.0,4.0,0.0,23.0,22.0,23.0,57.0,56.0,82.0,24.0,24.0,300.0,0.0,0.0,0.0,0.0,0.0,0.0,0.0,0.0,0.0
12.47,103.0,0.53,0.51,0.5,10.26,9.92,11.3,12.52,6.9,-0.05,0.03,172.0,6.7,31.0,1.0,1.0,736.0,685.0,889.0,0.0,875.0,12.5,1006.8,690.0,31.4,32.4,0.2,2.1,2067.6,0.0,16.83,14.8,35.1,37.7,36.3,36.6,37.7,37.4,38.1,37.0,51.1,51.0,22.3,24.4,24.6,28.1,40.0,34.0,25.0,0.0,0.0,-0.3,6.0,6.0,4.0,0.0,23.0,22.0,23.0,56.0,56.0,81.0,24.0,24.0,300.0,0.0,0.0,0.0,0.0,0.0,0.0,0.0,0.0,0.0
12.44,49.0,0.53,0.51,0.5,10.92,9.38,10.94,12.43,-5.7,0.0,0.03,172.0,8.7,32.0,1.0,1.0,716.0,685.0,865.0,0.0,849.0,12.44,995.4,678.0,31.6,33.2,0.2,2.1,2067.6,0.0,16.83,14.8,35.2,37.8,36.4,36.7,37.8,37.4,38.2,37.0,51.2,51.1,22.3,24.3,24.7,28.1,41.0,36.0,25.0,0.5,-0.2,-0.2,6.0,6.0,4.0,0.0,23.0,22.0,23.0,57.0,56.0,82.0,24.0,24.0,300.0,0.0,0.0,0.0,0.0,0.0,0.0,0.0,0.0,0.0
12.68,289.01,0.52,0.51,0.5,8.8,9.76,10.66,12.66,-2.7,0.07,-0.1,172.0,7.9,34.0,1.0,1.0,759.0,685.0,914.0,0.0,914.0,12.64,1033.2,706.0,28.6,29.6,0.2,2.1,2067.6,0.0,16.83,15.0,35.1,37.7,36.3,36.6,37.7,37.3,38.1,36.9,51.0,50.9,22.3,24.5,24.6,28.1,39.0,33.0,25.0,0.0,0.2,0.0,6.0,6.0,4.0,0.0,23.0,22.0,23.0,56.0,56.0,82.0,24.0,24.0,300.0,0.0,0.0,0.0,0.0,0.0,0.0,0.0,0.0,0.0
12.31,101.02,0.53,0.51,0.5,11.26,10.2,11.16,12.34,2.8,0.02,0.0,172.1,6.2,31.0,1.0,1.0,705.0,685.0,852.0,-2.0,856.0,12.32,979.9,669.0,30.0,30.5,0.3,2.0,2067.6,0.0,16.83,14.8,35.1,37.7,36.3,36.6,37.7,37.4,38.2,36.9,51.1,51.0,22.3,24.3,24.6,28.1,39.0,34.0,25.0,0.0,0.4,-0.2,6.0,6.0,4.0,0.0,23.0,22.0,23.0,56.0,56.0,81.0,24.0,24.0,300.0,0.0,0.0,0.0,0.0,0.0,0.0,0.0,0.0,0.0
12.52,357.98,0.53,0.51,0.5,8.92,9.18,9.7,12.52,5.1,-0.02,-0.08,172.0,8.3,31.0,1.0,1.0,722.0,685.0,880.0,0.0,864.0,12.5,1002.8,686.0,30.5,30.0,0.2,2.1,2067.6,0.0,16.83,14.9,35.1,37.7,36.3,36.6,37.7,37.4,38.1,36.9,51.1,50.9,22.3,24.4,24.6,28.1,39.0,34.0,25.0,0.0,0.0,0.0,6.0,6.0,4.0,0.0,23.0,22.0,23.0,56.0,56.0,81.0,24.0,24.0,300.0,0.0,0.0,0.0,0.0,0.0,0.0,0.0,0.0,0.0
12.72,29.99,0.53,0.51,0.5,10.98,10.64,11.64,12.73,-0.4,0.01,0.01,172.1,8.9,34.0,1.0,1.0,771.0,685.0,933.0,0.0,935.0,12.7,1051.1,715.0,32.4,32.9,0.2,2.2,2067.6,0.0,16.83,15.1,34.9,37.6,36.1,36.4,37.5,37.1,38.0,36.7,50.9,50.8,22.3,24.4,24.6,28.1,41.0,36.0,25.0,0.0,-0.2,-0.3,6.0,6.0,4.0,0.0,23.0,22.0,23.0,55.0,56.0,81.0,24.0,24.0,300.0,0.0,0.0,0.0,0.0,0.0,0.0,0.0,0.0,0.0
12.7,110.99,0.53,0.51,0.5,10.8,9.98,10.5,12.72,3.9,0.0,0.0,172.1,8.2,33.0,1.0,1.0,773.0,685.0,938.0,-2.0,922.0,12.72,1052.0,718.0,32.5,31.7,0.2,2.1,2067.6,0.0,16.83,15.1,34.9,37.5,36.1,36.4,37.5,37.1,37.9,36.6,50.9,50.7,22.3,24.4,24.6,28.1,41.0,36.0,25.0,0.0,0.0,0.0,6.0,6.0,4.0,0.0,23.0,22.0,23.0,55.0,56.0,82.0,24.0,24.0,300.0,0.0,0.0,0.0,0.0,0.0,0.0,0.0,0.0,0.0
12.31,322.99,0.53,0.51,0.5,8.74,9.68,10.22,12.32,3.6,0.02,-0.01,172.1,8.0,31.0,1.0,1.0,689.0,685.0,838.0,0.0,836.0,12.28,970.8,663.0,31.2,31.3,0.2,2.1,2067.6,0.0,16.83,14.8,35.1,37.7,36.3,36.6,37.7,37.4,38.2,36.9,51.1,51.0,22.3,24.4,24.6,28.1,39.0,34.0,25.0,0.2,0.0,0.0,6.0,6.0,4.0,0.0,23.0,22.0,23.0,56.0,56.0,82.0,24.0,24.0,300.0,0.0,0.0,0.0,0.0,0.0,0.0,0.0,0.0,0.0
12.35,20.99,0.52,0.51,0.5,9.84,10.04,11.42,12.33,7.7,0.03,0.0,172.0,7.3,32.0,1.0,1.0,696.0,684.0,847.0,0.0,841.0,12.32,975.9,666.0,31.3,32.8,0.2,2.0,2067.6,0.0,16.83,14.8,35.2,37.8,36.4,36.7,37.8,37.4,38.3,37.1,51.2,51.1,22.3,24.3,24.7,28.1,40.0,35.0,25.0,0.0,0.0,0.0,6.0,6.0,4.0,0.0,23.0,22.0,23.0,57.0,56.0,81.0,24.0,24.0,300.0,0.0,0.0,0.0,0.0,0.0,0.0,0.0,0.0,0.0
12.59,190.01,0.53,0.51,0.5,9.48,8.78,10.4,12.61,1.9,0.13,0.13,172.1,7.4,34.0,1.0,1.0,744.0,685.0,898.0,0.0,890.0,12.58,1019.4,697.0,29.3,30.7,0.2,2.1,2067.6,0.0,16.83,15.0,35.1,37.7,36.3,36.6,37.7,37.3,38.2,36.9,51.0,50.9,22.3,24.4,24.6,28.1,38.0,33.0,25.0,0.0,0.0,0.2,6.0,6.0,4.0,0.0,23.0,22.0,23.0,56.0,56.0,82.0,24.0,24.0,300.0,0.0,0.0,0.0,0.0,0.0,0.0,0.0,0.0,0.0
12.69,24.98,0.53,0.51,0.5,10.42,10.8,11.18,12.73,4.7,0.0,0.0,172.0,7.5,34.0,1.0,1.0,771.0,685.0,938.0,-2.0,944.0,12.68,1049.1,716.0,32.4,32.6,0.3,2.1,2067.6,0.0,16.83,15.0,34.9,37.6,36.2,36.4,37.6,37.2,37.9,36.7,50.9,50.8,22.3,24.4,24.6,28.1,41.0,36.0,25.0,0.0,-0.2,0.0,6.0,6.0,4.0,0.0,23.0,22.0,23.0,55.0,56.0,82.0,24.0,24.0,300.0,0.0,0.0,0.0,0.0,0.0,0.0,0.0,0.0,0.0
12.91,178.99,0.53,0.51,0.5,10.14,10.16,12.24,12.91,0.3,0.04,0.0,171.9,8.3,32.0,1.0,1.0,803.0,685.0,972.0,2.0,959.0,12.9,1075.8,737.0,32.2,32.9,0.2,2.1,2067.6,0.0,16.83,14.7,35.5,38.1,36.7,37.0,38.1,37.7,38.5,37.2,51.4,51.2,22.3,24.4,24.7,28.2,42.0,37.0,25.0,-0.4,-0.2,0.0,6.0,6.0,4.0,0.0,23.0,22.0,23.0,59.0,56.0,82.0,24.0,24.0,300.0,0.0,0.0,0.0,0.0,0.0,0.0,0.0,0.0,0.0
12.63,163.01,0.53,0.51,0.5,9.42,9.04,10.36,12.6,6.6,0.04,-0.05,172.1,7.8,34.0,1.0,1.0,762.0,685.0,920.0,-4.0,917.0,12.6,1034.0,705.0,31.1,31.3,0.2,2.1,2067.6,0.0,16.83,15.1,35.1,37.7,36.3,36.5,37.6,37.3,38.0,36.8,51.0,50.8,22.3,24.4,24.7,28.2,40.0,35.0,25.0,-0.2,0.0,0.0,6.0,6.0,4.0,0.0,23.0,22.0,23.0,55.0,57.0,82.0,24.0,24.0,300.0,0.0,0.0,0.0,0.0,0.0,0.0,0.0,0.0,0.0
12.42,265.0,0.52,0.51,0.5,8.84,10.14,11.84,12.38,5.1,-0.04,-0.02,172.0,6.7,33.0,1.0,1.0,710.0,685.0,864.0,0.0,862.0,12.38,990.8,675.0,30.1,31.9,0.2,2.1,2067.6,0.0,16.83,15.0,35.1,37.7,36.3,36.6,37.7,37.3,38.1,36.8,51.0,50.9,22.3,24.4,24.7,28.2,40.0,35.0,25.0,-0.2,0.2,0.0,6.0,6.0,4.0,0.0,23.0,22.0,23.0,56.0,56.0,82.0,24.0,24.0,300.0,0.0,0.0,0.0,0.0,0.0,0.0,0.0,0.0,0.0
12.52,119.02,0.53,0.51,0.5,9.92,9.26,9.86,12.61,1.5,-0.02,-0.07,172.0,8.0,33.0,1.0,1.0,749.0,685.0,904.0,-2.0,899.0,12.56,1027.2,700.0,31.3,31.5,0.3,2.0,2067.6,0.0,16.83,14.8,35.1,37.7,36.4,36.6,37.7,37.4,38.2,37.0,51.1,51.0,22.3,24.4,24.7,28.2,40.0,35.0,25.0,0.0,0.0,0.0,6.0,6.0,4.0,0.0,23.0,22.0,23.0,57.0,56.0,81.0,24.0,24.0,300.0,0.0,0.0,0.0,0.0,0.0,0.0,0.0,0.0,0.0
12.45,64.01,0.53,0.51,0.5,9.42,9.08,9.52,12.48,-3.8,0.04,0.06,172.0,8.4,33.0,1.0,1.0,718.0,685.0,874.0,0.0,855.0,12.46,996.4,681.0,30.3,30.5,0.2,2.1,2067.6,0.0,16.83,15.0,35.1,37.7,36.3,36.6,37.7,37.3,38.1,36.9,51.0,50.9,22.3,24.5,24.6,28.1,39.0,34.0,25.0,0.2,0.0,0.0,6.0,6.0,4.0,0.0,23.0,22.0,23.0,56.0,56.0,82.0,24.0,24.0,300.0,0.0,0.0,0.0,0.0,0.0,0.0,0.0,0.0,0.0
12.78,204.98,0.53,0.51,0.5,8.74,8.82,9.88,12.85,-3.3,0.0,0.06,171.9,9.0,33.0,1.0,1.0,788.0,685.0,954.0,0.0,938.0,12.8,1058.0,726.0,29.3,29.3,0.2,2.1,2067.6,0.0,16.83,14.8,35.2,37.9,36.4,36.7,37.8,37.5,38.4,37.1,51.3,51.2,22.3,24.4,24.7,28.2,39.0,34.0,25.0,0.0,0.4,0.0,6.0,6.0,4.0,0.0,23.0,22.0,23.0,58.0,56.0,82.0,24.0,24.0,300.0,0.0,0.0,0.0,0.0,0.0,0.0,0.0,0.0,0.0
12.24,29.02,0.53,0.51,0.5,9.46,9.18,9.96,12.24,2.6,0.02,0.02,172.0,8.8,32.0,1.0,1.0,685.0,685.0,825.0,-2.0,821.0,12.22,962.8,655.0,29.3,29.1,0.2,2.2,2067.6,0.0,16.83,14.8,35.2,37.8,36.4,36.7,37.8,37.4,38.3,37.1,51.2,51.1,22.3,24.3,24.7,28.1,39.0,35.0,25.0,0.2,0.0,0.0,6.0,6.0,4.0,0.0,23.0,22.0,23.0,57.0,56.0,82.0,24.0,24.0,300.0,0.0,0.0,0.0,0.0,0.0,0.0,0.0,0.0,0.0
12.35,191.99,0.53,0.51,0.5,9.46,9.24,10.16,12.38,3.3,0.0,-0.01,172.0,7.8,31.0,1.0,1.0,698.0,685.0,841.0,0.0,841.0,12.34,979.7,667.0,30.5,30.2,0.3,2.1,2067.6,0.0,16.83,14.8,35.1,37.7,36.3,36.6,37.7,37.4,38.1,36.9,51.1,51.0,22.3,24.4,24.6,28.1,39.0,34.0,25.0,-0.2,0.0,0.0,6.0,6.0,4.0,0.0,23.0,22.0,23.0,56.0,56.0,82.0,24.0,24.0,300.0,0.0,0.0,0.0,0.0,0.0,0.0,0.0,0.0,0.0
12.84,133.99,0.53,0.51,0.5,10.88,8.86,10.96,12.83,1.4,0.02,-0.02,172.0,7.8,32.0,1.0,1.0,792.0,685.0,956.0,0.0,947.0,12.82,1065.6,729.0,31.5,31.5,0.2,2.1,2067.6,0.0,16.83,14.8,35.2,37.9,36.4,36.7,37.9,37.5,38.4,37.1,51.3,51.2,22.3,24.4,24.8,28.2,39.0,34.0,25.0,-0.2,0.0,0.0,6.0,6.0,4.0,0.0,23.0,22.0,23.0,58.0,56.0,81.0,24.0,24.0,300.0,0.0,0.0,0.0,0.0,0.0,0.0,0.0,0.0,0.0
12.59,218.02,0.53,0.51,0.5,8.96,8.84,9.72,12.62,0.7,0.02,-0.03,172.0,7.8,34.0,1.0,1.0,751.0,685.0,913.0,0.0,904.0,12.6,1033.0,702.0,29.0,30.2,0.1,2.1,2067.6,0.0,16.83,14.9,35.1,37.7,36.3,36.6,37.7,37.3,38.2,36.9,51.0,50.9,22.3,24.4,24.6,28.1,38.0,33.0,25.0,0.0,0.0,0.0,6.0,6.0,4.0,0.0,23.0,22.0,23.0,56.0,56.0,82.0,24.0,24.0,300.0,0.0,0.0,0.0,0.0,0.0,0.0,0.0,0.0,0.0
