轮毂转速,轮毂角度,叶片1角度,叶片2角度,叶片3角度,变桨电机1电流,变桨电机2电流,变桨电机3电流,超速传感器转速检测值,5秒偏航对风平均值,x方向振动值,y方向振动值,液压制动压力,机舱气象站风速,风向绝对值,大气压力,无功功率控制状态,变频器电网侧电流,变频器电网侧电压,变频器电网侧有功功率,变频器电网侧无功功率,变频器发电机侧功率,发电机运行频率,发电机电流,发电机转矩,变频器入口温度,变频器出口温度,变频器入口压力,变频器出口压力,发电机功率限幅值,无功功率设定值,额定的轮毂转速,测风塔环境温度,发电机定子温度1,发电机定子温度2,发电机定子温度3,发电机定子温度4,发电机定子温度5,发电机定子温度6,发电机空气温度1,发电机空气温度2,主轴承温度1,主轴承温度2,轮毂温度,轮毂控制柜温度,机舱温度,机舱控制柜温度,变频器INU温度,变频器ISU温度,变频器INU RMIO温度,变桨电机1功率估算,变桨电机2功率估算,变桨电机3功率估算,风机当前状态值,轮毂当前状态值,偏航状态值,偏航要求值,叶片1电池箱温度,叶片2电池箱温度,叶片3电池箱温度,叶片1变桨电机温度,叶片2变桨电机温度,叶片3变桨电机温度,叶片1变频器箱温度,叶片2变频器箱温度,叶片3变频器箱温度,叶片1超级电容电压,叶片2超级电容电压,叶片3超级电容电压,驱动1晶闸管温度,驱动2晶闸管温度,驱动3晶闸管温度,驱动1输出扭矩,驱动2输出扭矩,驱动3输出扭矩
11.69,208,13.05,13.05,13.1,11,10,11,0,5.4,0.02,0.08,209.0,7.8,78,1,3,419,693,506,0,518,11.64,587.0,431,30.8,32.5,0,2.7,527.1,0,11.75,-8.0,9.4,9.3,10.2,10.8,10.2,8.9,11.1,10.0,39.8,40.7,3,10,-0.8,2.4,35,36,35,0,0,0,6,6,4,0,4,3,3,27,24,24,10,10,12,45.03,44.92,45.02,20,210,1.8,0,0,0
11.38,248,12.47,12.48,12.52,11,11,11,0,-3.1,0.09,0.08,208.7,6.3,81,1,3,412,693,496,-1,518,11.41,588.4,433,28.3,30.2,0,2.6,527.1,0,11.75,-7.9,9.4,9.3,10.2,10.8,10.1,8.9,11.1,9.9,39.8,40.6,3,10,-0.8,2.4,32,33,35,0,0,0,6,6,4,0,4,3,3,27,24,24,10,10,12,45.03,44.91,45.01,20,200,1.9,0,0,0
11.4,344,12.49,12.5,12.54,11,11,11,0,2.2,0.01,0.08,208.9,10.1,80,1,3,413,696,500,-3,519,11.44,590.2,435,30.1,31.1,0,2.7,527.1,0,11.75,-7.7,9.3,9.2,10.2,10.8,10.1,8.9,11.1,10.0,39.8,40.6,3,10,-0.8,2.5,34,34,35,0,0,0,6,6,4,0,4,3,3,27,24,24,10,10,12,45.03,44.92,45.02,20,200,1.9,0,0,0
11.36,248,12.47,12.48,12.52,11,11,11,0,-4.0,-0.02,0.08,208.9,6.6,80,1,3,413,693,497,1,517,11.41,589.4,433,29.2,31.0,0,2.7,527.1,0,11.75,-7.9,9.4,9.2,10.2,10.8,10.1,8.9,11.1,10.0,39.8,40.6,3,10,-0.8,2.4,34,34,35,0,0,0,6,6,4,0,4,3,3,27,24,24,10,10,12,45.04,44.91,45.02,20,200,1.9,0,0,0
11.76,344,12.47,12.47,12.52,11,11,11,0,4.3,0.03,0.15,209.1,9.4,78,1,3,421,695,508,0,525,11.69,584.2,429,30.7,31.8,0,2.7,527.1,0,11.75,-7.6,9.4,9.3,10.2,10.7,10.1,8.9,11.1,9.9,39.8,40.5,3,10,-0.6,2.5,34,35,35,0,0,0,6,6,4,0,4,3,3,27,24,24,10,10,12,45.03,44.91,45.02,20,200,1.9,0,0,0
11.72,344,13.92,13.93,13.97,11,11,11,0,0.3,0.03,0.1,208.7,9.8,77,1,3,422,694,508,-2,525,11.76,579.8,428,29.7,30.7,0,2.7,527.1,0,11.75,-7.8,9.4,9.2,10.2,10.8,10.1,8.9,11.1,10.0,39.8,40.6,4,10,-0.8,2.5,33,34,35,0,0,0,6,6,4,0,4,3,3,27,24,24,10,10,12,45.03,44.91,45.01,20,200,1.9,0,0,0
11.27,248,12.99,13.0,13.04,11,11,11,0,-5.1,0.0,0.05,209.0,9.3,81,1,3,409,692,492,-2,512,11.26,591.2,435,28.7,29.5,0,2.7,527.1,0,11.75,-7.9,9.4,9.3,10.2,10.8,10.1,8.9,11.1,10.0,39.8,40.6,3,10,-0.8,2.5,32,33,35,0,0,0,6,6,4,0,4,3,3,27,24,24,10,10,12,45.03,44.91,45.02,20,200,1.9,0,0,0
11.62,344,13.13,13.14,13.19,11,11,10,0,-6.7,0.06,0.08,208.7,10.0,81,1,3,418,694,503,3,527,11.6,586.1,432,29.7,30.9,0,2.7,527.1,0,11.75,-7.8,9.4,9.3,10.2,10.8,10.1,8.9,11.1,9.9,39.8,40.6,3,10,-0.8,2.5,33,34,35,0,0,0,6,6,4,0,4,3,3,27,24,24,10,10,12,45.04,44.91,45.02,20,200,1.9,0,0,0
11.77,16,14.35,14.36,14.4,11,11,11,0,2.1,0.04,0.09,208.7,7.2,79,1,3,419,695,506,-2,526,11.72,584.7,429,32.4,33.4,0,2.7,527.1,0,11.75,-7.4,9.4,9.2,10.2,10.7,10.1,8.9,11.1,9.9,39.7,40.5,4,10,-0.5,2.7,36,37,35,0,0,0,6,6,4,0,4,3,3,27,24,24,10,10,12,45.03,44.92,45.02,21,200,1.9,0,0,0
11.37,16,14.35,14.36,14.4,11,11,12,0,3.5,0.07,0.11,208.8,9.3,78,1,3,415,695,500,-3,519,11.41,589.2,434,32.3,33.4,0,2.7,527.1,0,11.75,-7.4,9.4,9.2,10.2,10.8,10.1,8.9,11.1,9.9,39.7,40.5,3,10,-0.5,2.7,36,37,35,0,0,0,6,6,4,0,4,3,3,27,24,24,10,10,12,45.03,44.92,45.02,20,200,1.9,0,0,0
11.57,16,14.35,14.36,14.4,11,11,11,0,5.2,0.02,0.08,208.7,8.9,79,1,3,419,695,506,1,522,11.61,585.0,430,32.0,33.0,0,2.7,527.1,0,11.75,-7.4,9.4,9.2,10.2,10.7,10.1,8.9,11.1,9.9,39.7,40.6,3,10,-0.6,2.7,35,36,35,0,0,0,6,6,4,0,4,3,3,27,24,24,10,10,12,45.04,44.91,45.02,20,200,1.9,0,0,0
11.76,248,12.99,13.0,13.04,11,11,11,0,-0.9,-0.02,0.13,208.9,8.7,81,1,3,419,693,503,4,526,11.77,579.5,426,28.0,29.2,0,2.7,527.1,0,11.75,-7.9,9.4,9.3,10.2,10.8,10.1,8.9,11.1,10.0,39.8,40.6,4,10,-0.8,2.5,32,32,35,0,0,0,6,6,4,0,4,3,3,27,24,24,10,10,12,45.04,44.91,45.02,20,200,1.8,0,0,0
11.79,184,13.28,13.29,13.34,11,11,11,0,8.6,0.05,0.08,208.7,10.4,76,1,3,421,693,507,0,522,11.75,581.1,427,29.3,30.5,0,2.7,527.1,0,11.75,-7.8,9.4,9.3,10.2,10.8,10.1,8.9,11.1,10.0,39.8,40.6,3,10,-0.8,2.5,33,34,35,0,0,0,6,6,4,0,4,3,3,27,24,24,10,10,12,45.04,44.92,45.02,21,200,1.8,0,0,0
11.26,16,15.51,15.52,15.56,11,11,11,0,-14.0,0.03,0.1,208.7,10.9,88,1,3,409,695,494,2,513,11.31,590.0,434,31.6,32.7,0,2.7,527.1,0,11.75,-7.4,9.4,9.2,10.2,10.7,10.1,8.9,11.1,10.0,39.7,40.6,3,10,-0.6,2.7,35,36,35,0,0,0,6,6,4,0,4,3,3,27,24,24,10,10,12,45.04,44.92,45.01,20,200,1.9,0,0,0
11.5,16,14.03,14.04,14.09,11,11,11,0,-0.7,0.08,0.06,209.2,11.6,79,1,3,417,695,503,-2,520,11.47,589.0,433,32.4,33.7,0,2.7,527.1,0,11.75,-7.4,9.4,9.2,10.2,10.7,10.1,8.9,11.1,9.9,39.7,40.5,3,10,-0.5,2.7,36,37,35,0,0,0,6,6,4,0,4,3,3,27,24,24,10,10,12,45.04,44.91,45.02,21,200,2.0,0,0,0
11.95,8,13.72,13.73,13.78,11,11,12,0,4.1,0.03,0.11,208.7,10.8,76,1,3,424,695,512,2,534,11.99,573.1,423,30.9,31.9,0,2.7,527.1,0,11.75,-7.6,9.4,9.2,10.2,10.8,10.1,8.9,11.1,9.9,39.8,40.5,3,10,-0.6,2.5,34,35,35,0,0,0,6,6,4,0,4,3,3,27,24,24,10,10,12,45.04,44.91,45.02,20,200,1.9,0,0,0
11.48,16,13.25,13.26,13.3,10,11,11,0,0.4,0.03,0.06,208.6,9.9,79,1,3,413,695,498,1,521,11.41,591.9,435,32.5,33.6,0,2.7,527.1,0,11.75,-7.3,9.4,9.2,10.2,10.7,10.1,8.9,11.1,9.9,39.7,40.5,3,10,-0.5,2.7,36,37,35,0,0,0,6,6,4,0,4,3,3,27,24,24,10,10,12,45.04,44.92,45.02,20,210,1.8,0,0,0
11.48,16,14.39,14.4,14.44,12,12,15,0,5.9,-0.04,0.08,209.0,8.6,80,1,3,414,694,500,0,519,11.47,587.3,433,31.8,33.0,0,2.7,527.1,0,11.75,-7.4,9.4,9.2,10.2,10.7,10.1,8.9,11.1,9.9,39.7,40.5,3,10,-0.6,2.7,35,36,35,0,0,0,6,6,4,0,4,3,3,27,24,24,10,10,12,45.04,44.91,45.02,20,200,1.9,0,0,0
11.39,248,12.99,13.0,13.04,11,11,11,0,2.8,0.03,0.08,208.9,10.2,80,1,3,413,692,497,0,519,11.36,591.3,435,28.6,29.5,0,2.7,527.1,0,11.75,-7.9,9.4,9.3,10.2,10.8,10.1,8.9,11.1,10.0,39.8,40.6,3,10,-0.8,2.5,32,33,35,0,0,0,6,6,4,0,4,3,3,27,24,24,10,10,12,45.03,44.91,45.02,20,210,1.8,0,0,0
12.03,120,13.72,13.73,13.78,12,11,11,0,0.9,-0.04,0.09,208.9,10.9,77,1,3,427,695,515,1,534,12.08,571.6,423,30.8,32.0,0,2.7,527.1,0,11.75,-7.6,9.4,9.3,10.2,10.8,10.1,8.9,11.1,10.0,39.8,40.5,3,10,-0.6,2.5,34,35,35,0,0,0,6,6,4,0,4,3,3,27,24,24,10,10,12,45.04,44.91,45.02,21,200,1.9,0,0,0
11.68,328,14.24,14.25,14.29,12,11,10,0,-3.4,0.03,0.08,209.0,11.3,81,1,3,418,696,506,0,525,11.7,581.7,429,31.2,32.5,0,2.7,527.1,0,11.75,-7.5,9.4,9.2,10.2,10.7,10.1,8.9,11.1,9.9,39.7,40.6,3,10,-0.6,2.6,35,36,35,0,0,0,6,6,4,0,4,3,3,27,24,24,10,10,12,45.04,44.92,45.02,20,210,1.9,0,0,0
12.11,128,13.58,13.59,13.63,11,11,11,0,4.8,0.03,0.07,208.8,11.0,76,1,3,427,695,515,0,532,12.05,574.5,423,30.8,32.0,0,2.7,527.1,0,11.75,-7.6,9.4,9.3,10.2,10.8,10.1,8.9,11.1,10.0,39.8,40.5,3,10,-0.6,2.5,34,35,35,0,0,0,6,6,4,0,4,3,3,27,24,24,10,10,12,45.04,44.92,45.02,20,200,1.9,0,0,0
11.38,344,12.49,12.5,12.54,11,11,11,0,-1.7,-0.07,0.09,208.6,10.1,81,1,3,414,695,500,4,519,11.33,594.4,437,30.1,31.1,0,2.7,527.1,0,11.75,-7.8,9.3,9.2,10.2,10.8,10.1,8.9,11.1,10.0,39.8,40.6,3,10,-0.8,2.5,34,34,35,0,0,0,6,6,4,0,4,3,3,27,24,24,10,10,12,45.04,44.92,45.02,20,200,1.9,0,0,0
11.7,184,13.28,13.29,13.34,11,11,11,0,6.5,0.08,0.1,208.7,10.9,77,1,3,422,693,508,-2,530,11.73,582.8,430,29.3,30.3,0,2.7,527.1,0,11.75,-7.8,9.4,9.2,10.2,10.8,10.1,8.9,11.1,10.0,39.8,40.6,3,10,-0.8,2.5,33,34,35,0,0,0,6,6,4,0,4,3,3,27,24,24,10,10,12,45.03,44.91,45.02,20,200,1.8,0,0,0
12.11,120,14.81,14.82,14.86,11,11,11,0,-2.9,0.03,0.11,208.6,10.0,82,1,3,427,696,516,1,536,12.1,575.8,423,31.4,32.4,0,2.7,527.1,0,11.75,-7.5,9.4,9.3,10.2,10.7,10.1,8.9,11.1,9.9,39.7,40.5,3,10,-0.6,2.6,35,36,35,0,0,0,6,6,4,0,4,3,3,27,24,24,10,10,12,45.04,44.91,45.02,20,200,1.9,0,0,0
11.44,16,15.51,15.52,15.56,11,11,10,0,-7.8,0.07,0.06,208.8,12.0,85,1,3,416,696,503,0,522,11.4,591.3,435,31.5,32.6,0,2.7,527.1,0,11.75,-7.4,9.4,9.2,10.2,10.7,10.1,8.9,11.1,9.9,39.7,40.5,4,10,-0.6,2.7,35,36,35,0,0,0,6,6,4,0,4,3,3,27,24,24,10,10,12,45.04,44.91,45.02,20,210,1.9,0,0,0
11.48,16,13.25,13.26,13.3,10,11,11,0,-2.7,0.01,0.08,208.7,9.5,81,1,3,412,695,497,2,513,11.42,590.4,433,32.5,33.6,0,2.7,527.1,0,11.75,-7.3,9.4,9.3,10.2,10.7,10.1,8.9,11.1,9.9,39.7,40.5,4,10,-0.5,2.7,36,37,35,0,0,0,6,6,4,0,4,3,3,27,24,24,10,10,12,45.04,44.91,45.02,20,210,1.8,0,0,0
11.56,344,12.95,12.96,13.0,11,11,11,0,-2.5,0.03,0.08,208.9,8.7,81,1,3,416,695,502,1,526,11.68,580.8,429,30.2,31.1,0,2.7,527.1,0,11.75,-7.7,9.4,9.3,10.2,10.8,10.1,8.9,11.1,10.0,39.8,40.5,3,10,-0.8,2.5,34,35,35,0,0,0,6,6,4,0,4,3,3,27,24,24,10,10,12,45.04,44.92,45.02,20,200,1.8,0,0,0
11.92,16,15.56,15.57,15.62,11,11,11,0,-7.6,0.03,0.13,208.9,9.1,83,1,3,417,695,503,1,527,12.0,569.0,420,31.5,32.5,0,2.7,527.1,0,11.75,-7.4,9.4,9.2,10.3,10.7,10.1,8.9,11.1,9.9,39.7,40.6,3,10,-0.6,2.7,35,36,35,0,0,0,6,6,4,0,4,3,3,27,24,24,10,10,12,45.04,44.91,45.02,21,200,2.0,0,0,0
12.04,128,12.79,12.8,12.84,10,10,10,0,5.1,0.1,0.03,208.7,10.3,77,1,3,428,696,517,3,534,12.03,578.3,425,30.8,31.8,0,2.7,527.1,0,11.75,-7.6,9.4,9.3,10.2,10.8,10.1,8.9,11.1,10.0,39.8,40.6,3,10,-0.6,2.5,34,35,35,0,0,0,6,6,4,0,4,3,3,27,24,24,10,10,12,45.04,44.92,45.02,20,200,1.8,0,0,0
11.84,344,14.04,14.05,14.09,11,11,11,0,0.0,0.01,0.11,208.8,9.9,76,1,3,422,694,509,0,526,11.85,578.0,425,29.6,30.6,0,2.7,527.1,0,11.75,-7.8,9.4,9.3,10.2,10.8,10.1,8.9,11.1,10.0,39.8,40.6,3,10,-0.8,2.5,33,34,35,0,0,0,6,6,4,0,4,3,3,27,24,24,10,10,12,45.03,44.91,45.02,20,200,1.8,0,0,0
11.59,16,14.35,14.36,14.4,11,11,11,0,6.5,-0.03,0.11,209.1,9.2,77,1,3,418,696,505,-1,523,11.64,583.5,430,32.4,33.5,0,2.7,527.1,0,11.75,-7.4,9.4,9.3,10.2,10.7,10.1,8.9,11.1,9.9,39.7,40.5,4,10,-0.5,2.7,36,37,35,0,0,0,6,6,4,0,4,3,3,27,24,24,10,10,12,45.04,44.92,45.01,20,200,1.8,0,0,0
11.71,328,14.24,14.25,14.29,11,11,11,0,-2.8,0.04,0.1,208.6,8.7,81,1,3,416,696,503,0,526,11.71,580.5,428,31.3,32.4,0,2.7,527.1,0,11.75,-7.5,9.4,9.2,10.2,10.7,10.1,8.9,11.1,9.9,39.7,40.6,3,10,-0.6,2.6,35,36,35,0,0,0,6,6,4,0,4,3,3,27,24,24,10,10,12,45.04,44.92,45.02,20,200,1.8,0,0,0
11.66,344,12.47,12.47,12.52,11,11,11,0,5.4,0.01,0.05,208.9,8.4,78,1,3,417,695,503,2,527,11.67,583.5,429,30.6,31.6,0,2.7,527.1,0,11.75,-7.6,9.4,9.3,10.1,10.8,10.1,8.9,11.1,9.9,39.8,40.5,3,10,-0.6,2.5,34,35,35,0,0,0,6,6,4,0,4,3,3,27,24,24,10,10,12,45.04,44.91,45.02,20,200,2.0,0,0,0
11.38,344,13.33,13.34,13.38,14,14,14,0,-9.8,-0.02,0.09,208.5,9.1,80,1,3,408,694,492,0,515,11.46,583.1,429,29.7,30.6,0,2.7,527.1,0,11.75,-7.8,9.4,9.2,10.2,10.8,10.1,8.9,11.1,10.0,39.8,40.6,4,10,-0.8,2.5,33,34,35,0,0,0,6,6,4,0,4,3,3,27,24,24,10,10,12,45.04,44.92,45.02,20,200,1.9,0,0,0
11.66,16,14.35,14.36,14.4,11,11,11,0,0.1,0.03,0.13,208.6,8.5,79,1,3,418,695,504,1,524,11.66,585.1,431,32.4,33.5,0,2.7,527.1,0,11.75,-7.4,9.4,9.2,10.2,10.7,10.1,8.9,11.1,9.9,39.7,40.5,3,10,-0.5,2.7,36,37,35,0,0,0,6,6,4,0,4,3,3,27,24,24,10,10,12,45.03,44.92,45.02,20,200,1.9,0,0,0
11.69,264,13.64,13.64,13.69,11,11,11,0,6.2,0.03,0.11,208.8,8.0,75,1,3,418,694,504,0,523,11.72,581.0,428,29.6,30.5,0,2.7,527.1,0,11.75,-7.8,9.3,9.2,10.2,10.8,10.1,8.9,11.1,9.9,39.8,40.5,4,10,-0.8,2.5,33,34,35,0,0,0,6,6,4,0,4,3,3,27,24,24,10,10,12,45.04,44.91,45.02,21,200,1.9,0,0,0
11.86,208,13.25,13.26,13.3,11,11,11,0,3.5,0.05,0.08,208.9,9.3,78,1,3,424,693,510,-4,525,11.78,583.0,429,30.5,32.0,0,2.7,527.1,0,11.75,-8.0,9.4,9.3,10.2,10.8,10.1,8.9,11.1,10.0,39.8,40.7,3,10,-0.8,2.4,34,35,35,0,0,0,6,6,4,0,4,3,3,27,24,24,10,10,12,45.03,44.91,45.02,20,200,1.9,0,0,0
11.49,344,12.49,12.5,12.54,12,11,11,0,1.0,0.07,0.1,208.9,10.0,80,1,3,418,695,506,0,525,11.49,589.8,434,30.2,31.2,0,2.7,527.1,0,11.75,-7.7,9.3,9.2,10.2,10.8,10.1,8.9,11.1,10.0,39.8,40.5,3,10,-0.8,2.5,34,34,35,0,0,0,6,6,4,0,4,3,3,27,24,24,10,10,12,45.03,44.92,45.02,20,210,1.9,0,0,0
12.18,0,14.24,14.25,14.29,11,11,11,0,-2.2,0.07,0.1,208.8,8.9,80,1,3,420,695,508,2,528,12.12,568.9,418,31.2,32.3,0,2.7,527.1,0,11.75,-7.5,9.4,9.2,10.2,10.7,10.1,8.9,11.1,9.9,39.7,40.5,3,10,-0.6,2.5,35,36,35,0,0,0,6,6,4,0,4,3,3,27,24,24,10,10,12,45.03,44.92,45.02,21,200,1.9,0,0,0
11.06,16,14.51,14.53,14.57,11,10,12,0,-0.9,0.12,0.01,209.0,11.2,85,1,3,407,695,491,-5,511,11.13,596.9,439,31.8,32.9,0,2.7,527.1,0,11.75,-7.4,9.4,9.2,10.2,10.7,10.1,8.9,11.1,9.9,39.7,40.5,3,10,-0.6,2.7,35,36,35,0,0,0,6,6,4,0,4,3,3,27,24,24,10,10,12,45.04,44.91,45.02,21,210,2.0,0,0,0
11.53,344,13.13,13.14,13.19,11,11,12,0,1.3,0.12,0.08,209.0,9.9,79,1,3,414,694,499,-1,521,11.6,583.9,430,29.8,30.8,0,2.7,527.1,0,11.75,-7.8,9.4,9.3,10.2,10.8,10.1,8.9,11.1,10.0,39.8,40.6,3,10,-0.8,2.5,33,34,35,0,0,0,6,6,4,0,4,3,3,27,24,24,10,10,12,45.04,44.91,45.02,20,200,2.0,0,0,0
12.15,112,13.11,13.12,13.16,10,10,10,0,-10.4,0.07,0.07,208.9,8.0,85,1,3,427,693,514,1,537,12.11,574.6,421,28.6,29.8,0,2.7,527.1,0,11.75,-7.9,9.4,9.3,10.2,10.8,10.1,8.9,11.1,10.0,39.8,40.5,4,10,-0.8,2.5,32,33,35,0,0,0,6,6,4,0,4,3,3,27,24,24,10,10,12,45.04,44.92,45.02,20,200,1.9,0,0,0
11.67,248,12.99,13.0,13.04,11,11,12,0,-1.3,0.07,0.03,208.8,8.5,81,1,3,419,693,504,2,529,11.77,579.1,427,28.0,29.0,0,2.7,527.1,0,11.75,-7.9,9.4,9.3,10.2,10.8,10.1,8.9,11.1,10.0,39.8,40.6,3,10,-0.8,2.5,32,32,35,0,0,0,6,6,4,0,4,3,3,27,24,24,10,10,12,45.04,44.91,45.02,20,210,1.8,0,0,0
11.75,184,13.28,13.29,13.34,11,11,11,0,5.7,0.05,0.12,208.8,8.6,78,1,3,419,693,504,4,521,11.65,584.1,429,29.2,30.2,0,2.7,527.1,0,11.75,-7.8,9.4,9.3,10.2,10.8,10.1,8.9,11.1,9.9,39.8,40.6,3,10,-0.8,2.5,33,33,35,0,0,0,6,6,4,0,4,3,3,27,24,24,10,10,12,45.04,44.92,45.02,21,200,1.8,0,0,0
11.78,264,13.64,13.64,13.69,11,11,11,0,9.0,0.01,0.08,208.9,8.6,74,1,3,416,694,502,0,526,11.84,575.9,425,29.4,30.5,0,2.7,527.1,0,11.75,-7.8,9.4,9.2,10.2,10.8,10.1,8.9,11.1,9.9,39.8,40.5,3,10,-0.8,2.5,33,34,35,0,0,0,6,6,4,0,4,3,3,27,24,24,10,10,12,45.03,44.92,45.02,20,200,1.9,0,0,0
11.91,176,13.62,13.63,13.68,11,11,12,0,-10.7,-0.02,0.14,209.0,8.0,79,1,3,423,694,510,-2,526,11.93,574.5,423,32.6,34.1,0,2.7,527.1,0,11.75,-8.1,9.4,9.3,10.2,10.8,10.2,8.9,11.1,10.0,39.8,40.7,2,10,-0.9,2.4,37,37,35,0,0,0,6,6,4,0,4,3,3,27,24,24,10,10,12,45.04,44.91,45.02,20,200,1.8,0,0,0
11.37,344,12.67,12.68,12.72,11,10,12,0,0.1,0.13,0.09,208.7,10.3,80,1,3,412,695,498,0,518,11.41,590.4,435,30.3,31.4,0,2.7,527.1,0,11.75,-7.7,9.4,9.2,10.2,10.8,10.1,8.9,11.1,10.0,39.8,40.5,3,10,-0.8,2.5,34,35,35,0,0,0,6,6,4,0,4,3,3,27,24,24,10,10,12,45.04,44.91,45.02,21,200,1.8,0,0,0
11.56,16,14.35,14.36,14.4,11,11,10,0,-4.9,0.04,0.08,208.6,11.5,80,1,3,420,694,507,-3,524,11.6,585.6,431,32.2,33.4,0,2.7,527.1,0,11.75,-7.4,9.4,9.2,10.2,10.8,10.1,8.9,11.1,9.9,39.7,40.5,3,10,-0.5,2.7,36,37,35,0,0,0,6,6,4,0,4,3,3,27,24,24,10,10,12,45.04,44.92,45.02,20,200,1.8,0,0,0
11.59,16,14.35,14.36,14.4,12,11,10,0,4.6,0.03,0.08,208.8,10.3,77,1,3,417,695,503,1,526,11.63,583.7,431,32.2,33.3,0,2.7,527.1,0,11.75,-7.4,9.4,9.2,10.2,10.7,10.1,8.9,11.1,9.9,39.7,40.5,3,10,-0.5,2.7,36,37,35,0,0,0,6,6,4,0,4,3,3,27,24,24,10,10,12,45.04,44.92,45.02,20,200,1.8,0,0,0
11.16,16,15.37,15.38,15.42,11,11,11,0,-13.8,-0.02,0.1,208.5,10.1,89,1,3,408,696,493,-2,509,11.14,596.1,438,31.7,32.6,0,2.7,527.1,0,11.75,-7.4,9.4,9.3,10.2,10.7,10.1,8.9,11.1,9.9,39.7,40.5,3,10,-0.6,2.7,35,36,35,0,0,0,6,6,4,0,4,3,3,27,24,24,10,10,12,45.04,44.92,45.02,20,200,1.9,0,0,0
11.36,344,12.49,12.5,12.54,11,11,11,0,3.1,-0.01,0.08,208.9,8.1,80,1,3,412,695,498,3,517,11.37,591.4,435,30.0,31.1,0,2.7,527.1,0,11.75,-7.8,9.3,9.2,10.2,10.8,10.1,8.9,11.1,10.0,39.8,40.6,3,10,-0.8,2.5,34,34,35,0,0,0,6,6,4,0,4,3,3,27,24,24,10,10,12,45.04,44.92,45.02,21,200,1.8,0,0,0
12.13,224,13.64,13.65,13.7,11,11,11,0,-8.3,0.05,0.08,208.8,10.5,84,1,3,422,696,509,2,528,12.06,574.1,421,32.9,34.0,0,2.7,527.1,0,11.75,-7.2,9.4,9.3,10.2,10.8,10.1,8.9,11.1,9.9,39.7,40.5,4,10,-0.5,2.7,36,37,35,0,0,0,6,6,4,0,4,3,3,27,24,24,10,10,12,45.04,44.92,45.02,20,200,1.8,0,0,0
11.74,264,13.64,13.64,13.69,11,11,11,0,5.8,0.03,0.06,208.7,9.6,75,1,3,423,694,509,0,528,11.74,582.3,429,29.5,30.5,0,2.7,527.1,0,11.75,-7.8,9.4,9.2,10.2,10.8,10.1,8.9,11.1,9.9,39.8,40.5,4,10,-0.8,2.5,33,34,35,0,0,0,6,6,4,0,4,3,3,27,24,24,10,10,12,45.04,44.91,45.02,20,200,1.8,0,0,0
11.57,192,12.24,12.25,12.29,11,11,11,0,-6.1,0.04,0.08,208.5,8.2,85,1,3,417,694,502,1,522,11.53,588.1,432,29.1,29.8,0,2.7,527.1,0,11.75,-7.9,9.4,9.2,10.2,10.8,10.1,8.9,11.1,10.0,39.8,40.6,3,10,-0.8,2.5,33,33,35,0,0,0,6,6,4,0,4,3,3,27,24,24,10,10,12,45.03,44.92,45.02,21,210,1.8,0,0,0
11.73,328,14.24,14.25,14.29,11,11,11,0,-2.1,0.03,0.06,208.9,10.3,80,1,3,418,695,505,1,522,11.79,577.5,426,31.2,32.4,0,2.8,527.1,0,11.75,-7.5,9.4,9.2,10.2,10.7,10.1,8.9,11.1,9.9,39.7,40.6,3,10,-0.6,2.6,35,36,35,0,0,0,6,6,4,0,4,3,3,27,24,24,10,10,12,45.03,44.92,45.02,20,200,1.9,0,0,0
11.58,208,13.03,13.04,13.08,11,11,10,0,5.0,0.07,0.08,208.8,10.9,78,1,3,421,694,507,1,520,11.55,588.5,433,30.9,32.6,0,2.7,527.1,0,11.75,-8.0,9.4,9.3,10.2,10.8,10.1,8.9,11.1,10.0,39.8,40.6,3,10,-0.9,2.4,35,36,35,0,0,0,6,6,4,0,4,3,3,27,24,24,10,10,12,45.03,44.92,45.02,20,200,1.9,0,0,0
11.38,344,12.72,12.72,12.77,10,11,11,0,1.1,0.04,0.03,208.7,9.4,80,1,3,412,695,498,0,514,11.34,591.6,435,30.0,30.9,0,2.7,527.1,0,11.75,-7.8,9.3,9.3,10.2,10.8,10.1,8.9,11.1,10.0,39.8,40.5,3,10,-0.8,2.5,33,34,35,0,0,0,6,6,4,0,4,3,3,27,24,24,10,10,12,45.04,44.91,45.02,20,200,2.0,0,0,0
11.76,344,12.95,12.96,13.0,11,11,11,0,-3.5,0.08,0.06,208.8,11.1,81,1,3,420,695,508,2,524,11.71,583.5,429,30.2,31.2,0,2.7,527.1,0,11.75,-7.7,9.3,9.3,10.2,10.8,10.1,8.9,11.1,10.0,39.8,40.5,3,10,-0.8,2.5,34,35,35,0,0,0,6,6,4,0,4,3,3,27,24,24,10,10,12,45.03,44.91,45.02,20,200,2.0,0,0,0
11.25,16,13.25,13.26,13.3,11,11,11,0,-3.5,0.08,0.12,208.5,8.4,80,1,3,410,695,495,-2,514,11.25,593.4,437,32.6,33.7,0,2.7,527.1,0,11.75,-7.3,9.4,9.2,10.2,10.7,10.1,8.9,11.1,10.0,39.7,40.5,3,10,-0.5,2.7,36,37,35,0,0,0,6,6,4,0,4,3,3,27,24,24,10,10,12,45.04,44.91,45.02,21,200,2.0,0,0,0
11.59,16,14.35,14.36,14.4,12,11,10,0,6.1,0.08,0.08,208.7,11.8,77,1,3,416,696,503,2,526,11.62,585.0,431,32.5,33.4,0,2.7,527.1,0,11.75,-7.4,9.4,9.3,10.2,10.7,10.1,8.9,11.1,9.9,39.7,40.5,4,10,-0.5,2.7,36,37,35,0,0,0,6,6,4,0,4,3,3,27,24,24,10,10,12,45.04,44.91,45.01,20,200,1.8,0,0,0
11.67,16,14.35,14.36,14.4,11,10,11,0,0.7,0.03,0.08,208.8,8.8,79,1,3,416,694,503,0,528,11.71,581.0,428,32.1,33.2,0,2.7,527.1,0,11.75,-7.4,9.4,9.2,10.2,10.7,10.1,8.9,11.1,9.9,39.7,40.5,3,10,-0.5,2.7,36,36,35,0,0,0,6,6,4,0,4,3,3,27,24,24,10,10,12,45.04,44.91,45.01,21,210,1.8,0,0,0
11.64,344,12.67,12.68,12.72,11,11,11,0,-0.6,0.04,0.14,208.8,8.1,80,1,3,419,694,505,-3,523,11.54,587.8,432,30.5,31.4,0,2.7,527.1,0,11.75,-7.7,9.4,9.2,10.2,10.8,10.1,8.9,11.1,9.9,39.8,40.5,3,10,-0.8,2.5,34,35,35,0,0,0,6,6,4,0,4,3,3,27,24,24,10,10,12,45.04,44.91,45.02,20,200,2.0,0,0,0
11.77,16,14.35,14.36,14.4,11,11,11,0,3.3,0.01,0.11,208.9,9.3,78,1,3,418,694,504,-2,528,11.72,583.0,429,32.1,33.2,0,2.7,527.1,0,11.75,-7.4,9.4,9.2,10.2,10.7,10.1,8.9,11.1,9.9,39.7,40.5,3,10,-0.5,2.7,36,36,35,0,0,0,6,6,4,0,4,3,3,27,24,24,10,10,12,45.03,44.91,45.02,20,200,2.0,0,0,0
12.01,200,13.58,13.59,13.63,11,11,12,0,4.0,0.1,0.08,208.7,10.7,77,1,3,426,695,514,-2,528,12.07,568.8,420,30.8,31.8,0,2.7,527.1,0,11.75,-7.6,9.4,9.3,10.2,10.8,10.1,8.9,11.1,10.0,39.8,40.5,3,10,-0.6,2.5,34,35,35,0,0,0,6,6,4,0,4,3,3,27,24,24,10,10,12,45.04,44.92,45.02,19,200,2.0,0,0,0
11.59,184,13.28,13.29,13.34,11,11,12,0,6.4,0.1,0.03,208.7,10.4,77,1,3,420,693,505,1,522,11.65,581.8,429,29.2,30.2,0,2.7,527.1,0,11.75,-7.8,9.4,9.3,10.2,10.8,10.1,8.9,11.1,9.9,39.8,40.6,4,10,-0.8,2.5,33,33,35,0,0,0,6,6,4,0,4,3,3,27,24,24,10,10,12,45.04,44.91,45.02,20,200,1.9,0,0,0
11.29,16,13.25,13.26,13.3,11,11,10,0,-2.4,0.05,0.06,208.6,10.4,80,1,3,415,695,500,1,520,11.32,594.5,438,32.6,33.6,0,2.7,527.1,0,11.75,-7.3,9.4,9.2,10.2,10.7,10.0,8.9,11.1,9.9,39.7,40.5,3,10,-0.5,2.7,36,37,35,0,0,0,6,6,4,0,4,3,3,27,24,24,10,10,12,45.04,44.92,45.02,20,200,1.9,0,0,0
11.27,344,12.72,12.72,12.77,11,11,11,0,2.1,-0.06,0.13,209.1,9.1,80,1,3,413,694,498,-2,512,11.33,591.0,435,30.0,31.0,0,2.7,527.1,0,11.75,-7.8,9.3,9.3,10.2,10.8,10.1,8.9,11.1,9.9,39.8,40.5,4,10,-0.8,2.5,33,34,35,0,0,0,6,6,4,0,4,3,3,27,24,24,10,10,12,45.04,44.91,45.02,20,210,1.9,0,0,0
11.45,208,13.03,13.04,13.08,11,11,11,0,5.2,0.05,0.11,208.8,6.9,78,1,3,418,693,504,0,521,11.51,589.1,434,31.0,32.7,0,2.7,527.1,0,11.75,-8.0,9.4,9.3,10.2,10.8,10.2,8.9,11.1,10.0,39.8,40.6,3,10,-0.9,2.4,35,36,35,0,0,0,6,6,4,0,4,3,3,27,24,24,10,10,12,45.03,44.92,45.02,20,200,1.9,0,0,0
11.57,248,12.56,12.57,12.61,10,11,11,0,-4.8,0.08,0.1,208.9,8.5,83,1,3,420,692,506,0,518,11.55,587.0,431,28.4,29.7,0,2.7,527.1,0,11.75,-7.9,9.4,9.3,10.2,10.8,10.1,8.9,11.1,10.0,39.8,40.6,3,10,-0.8,2.5,32,33,35,0,0,0,6,6,4,0,4,3,3,27,24,24,10,10,12,45.04,44.91,45.02,20,200,1.8,0,0,0
11.56,16,14.35,14.36,14.4,11,11,11,0,0.2,0.09,0.09,208.8,10.6,79,1,3,419,695,505,-2,524,11.61,583.3,430,32.2,33.2,0,2.7,527.1,0,11.75,-7.4,9.4,9.2,10.2,10.7,10.1,8.9,11.1,9.9,39.7,40.5,3,10,-0.5,2.7,36,37,35,0,0,0,6,6,4,0,4,3,3,27,24,24,10,10,12,45.04,44.92,45.02,20,200,1.9,0,0,0
12.13,192,15.25,15.26,15.3,11,11,12,0,1.5,-0.02,0.1,208.6,9.3,81,1,3,424,695,512,5,533,12.21,565.0,417,31.4,32.5,0,2.7,527.1,0,11.75,-7.4,9.4,9.2,10.2,10.7,10.1,8.9,11.1,9.9,39.7,40.5,2,10,-0.6,2.6,35,36,35,0,0,0,6,6,4,0,4,3,3,27,24,24,10,10,12,45.04,44.92,45.02,21,200,2.0,0,0,0
11.64,16,14.35,14.36,14.4,11,11,11,0,5.4,0.04,0.05,208.7,10.6,78,1,3,419,696,506,-1,519,11.65,582.7,429,32.3,33.4,0,2.7,527.1,0,11.75,-7.4,9.4,9.3,10.2,10.7,10.1,8.9,11.1,9.9,39.7,40.5,3,10,-0.5,2.7,36,37,35,0,0,0,6,6,4,0,4,3,3,27,24,24,10,10,12,45.04,44.92,45.01,20,200,1.9,0,0,0
12.09,72,14.24,14.25,14.29,11,11,11,0,-1.4,0.05,0.08,208.7,8.2,80,1,3,425,695,513,2,530,12.14,568.7,420,31.2,32.1,0,2.7,527.1,0,11.75,-7.5,9.4,9.3,10.2,10.8,10.1,8.9,11.1,9.9,39.7,40.5,2,10,-0.6,2.5,35,36,35,0,0,0,6,6,4,0,4,3,3,27,24,24,10,10,12,45.04,44.92,45.02,20,200,1.9,0,0,0
11.81,344,14.03,14.04,14.08,15,11,15,0,0.2,0.07,0.08,208.8,7.6,76,1,3,421,694,507,-4,520,11.78,577.6,426,29.5,30.6,0,2.7,527.1,0,11.75,-7.8,9.4,9.2,10.2,10.8,10.1,8.9,11.1,10.0,39.8,40.6,3,10,-0.8,2.5,33,34,35,0,0,0,6,6,4,0,4,3,3,27,24,24,10,10,12,45.03,44.91,45.02,20,200,1.8,0,0,0
11.68,264,13.64,13.64,13.69,11,11,11,0,5.9,-0.02,0.11,208.8,9.8,75,1,3,418,694,504,0,531,11.78,580.0,429,29.4,30.7,0,2.7,527.1,0,11.75,-7.8,9.4,9.2,10.2,10.8,10.1,8.9,11.1,9.9,39.8,40.5,3,10,-0.8,2.5,33,34,35,0,0,0,6,6,4,0,4,3,3,27,24,24,10,10,12,45.03,44.91,45.02,20,200,1.9,0,0,0
11.45,16,14.03,14.04,14.09,11,11,11,0,0.4,0.08,0.03,208.6,12.2,79,1,3,414,695,500,1,519,11.48,588.1,433,32.4,33.5,0,2.7,527.1,0,11.75,-7.4,9.4,9.2,10.2,10.7,10.1,8.9,11.1,9.9,39.7,40.5,4,10,-0.5,2.7,36,37,35,0,0,0,6,6,4,0,4,3,3,27,24,24,10,10,12,45.03,44.92,45.02,20,210,1.8,0,0,0
11.42,344,12.84,12.84,12.89,11,11,11,0,1.6,0.03,0.11,208.8,9.8,80,1,3,412,695,498,0,519,11.38,589.8,434,30.2,31.3,0,2.7,527.1,0,11.75,-7.7,9.4,9.2,10.2,10.8,10.1,8.9,11.1,10.0,39.8,40.6,4,10,-0.8,2.5,34,35,35,0,0,0,6,6,4,0,4,3,3,27,24,24,10,10,12,45.03,44.92,45.02,20,210,1.9,0,0,0
11.62,344,13.13,13.14,13.19,10,11,11,0,-0.2,0.1,0.08,209.0,10.3,80,1,3,416,694,501,0,524,11.51,587.1,431,29.7,30.8,0,2.7,527.1,0,11.75,-7.8,9.4,9.2,10.2,10.8,10.1,8.9,11.1,9.9,39.8,40.6,4,10,-0.8,2.5,33,34,35,0,0,0,6,6,4,0,4,3,3,27,24,24,10,10,12,45.04,44.91,45.02,20,200,1.9,0,0,0
11.26,248,12.97,12.99,13.03,14,14,14,0,0.2,0.09,0.08,208.8,8.9,78,1,3,407,693,489,4,506,11.34,582.6,427,29.5,31.1,0,2.7,527.1,0,11.75,-7.9,9.4,9.3,10.2,10.8,10.1,8.9,11.1,10.0,39.8,40.6,3,10,-0.8,2.4,34,34,35,0,0,0,6,6,4,0,4,3,3,27,24,24,10,10,12,45.04,44.92,45.02,20,200,1.9,0,0,0
11.58,344,12.67,12.68,12.72,11,11,11,0,7.3,-0.02,0.11,208.6,9.5,77,1,3,417,695,504,0,522,11.58,584.8,431,30.5,31.7,0,2.7,527.1,0,11.75,-7.6,9.4,9.2,10.2,10.8,10.1,8.9,11.1,10.0,39.8,40.6,3,10,-0.7,2.5,34,35,35,0,0,0,6,6,4,0,4,3,3,27,24,24,10,10,12,45.04,44.92,45.02,20,210,1.9,0,0,0
11.68,16,14.35,14.36,14.4,11,11,11,0,4.6,0.03,0.09,208.7,9.8,79,1,3,416,695,502,2,519,11.65,584.5,429,31.9,33.1,0,2.7,527.1,0,11.75,-7.4,9.4,9.2,10.2,10.7,10.1,8.9,11.1,9.9,39.7,40.5,3,10,-0.6,2.7,35,36,35,0,0,0,6,6,4,0,4,3,3,27,24,24,10,10,12,45.04,44.91,45.02,21,200,1.8,0,0,0
11.65,248,12.56,12.57,12.61,11,11,11,0,-5.4,-0.01,0.09,208.7,7.4,83,1,3,422,692,507,0,523,11.62,585.2,431,28.6,29.7,0,2.7,527.1,0,11.75,-7.9,9.4,9.3,10.2,10.8,10.1,8.9,11.1,10.0,39.8,40.6,3,10,-0.8,2.5,32,33,35,0,0,0,6,6,4,0,4,3,3,27,24,24,10,10,12,45.04,44.91,45.02,21,210,1.8,0,0,0
11.89,232,12.9,12.91,12.95,12,11,11,0,-9.0,0.0,0.12,209.6,11.4,77,1,3,426,694,514,-2,534,11.9,581.2,428,32.9,34.2,0,2.7,527.1,0,11.75,-8.1,9.4,9.3,10.2,10.8,10.2,8.9,11.1,10.0,39.8,40.7,3,10,-0.9,2.4,37,37,35,0,0,0,6,6,4,0,4,3,3,27,24,24,10,10,12,45.04,44.91,45.02,20,200,1.9,0,0,0
12.15,256,13.48,13.49,13.53,11,11,11,0,-9.9,-0.09,0.08,208.8,8.1,85,1,3,424,693,510,1,532,12.17,568.9,418,28.6,29.8,0,2.7,527.1,0,11.75,-7.9,9.4,9.3,10.2,10.8,10.1,8.9,11.1,10.0,39.8,40.6,3,10,-0.8,2.5,32,33,35,0,0,0,6,6,4,0,4,3,3,27,24,24,10,10,12,45.04,44.92,45.02,20,200,1.9,0,0,0
11.73,16,14.35,14.36,14.4,10,11,11,0,3.5,0.05,0.06,208.7,11.3,78,1,3,415,695,501,1,520,11.68,582.1,428,32.1,33.2,0,2.7,527.1,0,11.75,-7.4,9.4,9.2,10.3,10.7,10.1,8.9,11.1,9.9,39.7,40.5,4,10,-0.5,2.7,36,36,35,0,0,0,6,6,4,0,4,3,3,27,24,24,10,10,12,45.03,44.91,45.02,20,200,2.0,0,0,0
11.79,184,13.28,13.29,13.34,11,11,11,0,7.3,-0.01,0.08,208.9,8.6,76,1,3,422,693,508,5,527,11.76,582.7,428,29.3,30.4,0,2.7,527.1,0,11.75,-7.8,9.4,9.2,10.2,10.8,10.1,8.9,11.1,10.0,39.8,40.6,3,10,-0.8,2.5,33,34,35,0,0,0,6,6,4,0,4,3,3,27,24,24,10,10,12,45.04,44.91,45.02,20,200,1.8,0,0,0
12.12,72,14.24,14.25,14.29,11,11,11,0,-3.4,-0.01,0.09,208.4,9.4,80,1,3,422,696,510,2,534,12.15,567.0,419,31.2,32.3,0,2.7,527.1,0,11.75,-7.5,9.4,9.2,10.3,10.7,10.1,8.9,11.1,9.9,39.7,40.5,3,10,-0.6,2.5,35,36,35,0,0,0,6,6,4,0,4,3,3,27,24,24,10,10,12,45.03,44.91,45.02,20,200,1.9,0,0,0
11.05,16,15.37,15.38,15.42,11,10,11,0,-11.6,0.07,0.1,208.6,9.5,88,1,3,406,695,490,1,511,11.07,596.5,439,31.7,32.7,0,2.7,527.1,0,11.75,-7.4,9.4,9.2,10.2,10.7,10.1,8.9,11.1,9.9,39.7,40.5,4,10,-0.6,2.7,35,36,35,0,0,0,6,6,4,0,4,3,3,27,24,24,10,10,12,45.04,44.92,45.02,20,200,1.8,0,0,0
11.39,248,12.47,12.48,12.52,11,11,11,0,-8.6,-0.01,0.1,209.4,7.9,82,1,3,415,692,500,0,518,11.42,589.9,435,29.1,30.7,0,2.7,527.1,0,11.75,-7.9,9.4,9.2,10.2,10.8,10.1,8.9,11.1,10.0,39.8,40.7,2,10,-0.8,2.4,33,33,35,0,0,0,6,6,4,0,4,3,3,27,24,24,10,10,12,45.03,44.91,45.02,21,200,1.9,0,0,0
11.47,192,12.24,12.25,12.29,11,11,10,0,-7.8,0.07,0.08,208.6,9.8,85,1,3,414,694,499,2,523,11.48,588.2,434,28.9,29.9,0,2.7,527.1,0,11.75,-7.9,9.4,9.2,10.2,10.8,10.1,8.9,11.1,10.0,39.8,40.6,3,10,-0.8,2.5,33,33,35,0,0,0,6,6,4,0,4,3,3,27,24,24,10,10,12,45.04,44.92,45.02,20,200,1.9,0,0,0
11.7,344,12.95,12.96,13.0,11,11,11,0,-0.4,0.03,0.11,208.8,7.2,80,1,3,420,694,507,3,526,11.71,583.0,430,30.1,31.2,0,2.7,527.1,0,11.75,-7.7,9.3,9.3,10.2,10.8,10.1,8.9,11.1,10.0,39.8,40.5,3,10,-0.8,2.5,34,34,35,0,0,0,6,6,4,0,4,3,3,27,24,24,10,10,12,45.03,44.91,45.02,20,200,1.9,0,0,0
11.69,248,13.63,13.64,13.68,11,11,11,0,-0.6,0.06,0.09,208.7,8.1,79,1,3,419,693,504,5,524,11.67,581.1,428,29.9,31.4,0,2.7,527.1,0,11.75,-7.9,9.4,9.3,10.2,10.8,10.1,8.9,11.1,10.0,39.8,40.6,3,10,-0.8,2.4,34,35,35,0,0,0,6,6,4,0,4,3,3,27,24,24,10,10,12,45.04,44.91,45.02,20,200,1.8,0,0,0
11.7,344,12.67,12.68,12.72,11,11,11,0,-3.9,0.03,0.06,208.6,9.9,80,1,3,419,695,505,2,523,11.67,584.6,429,30.6,31.6,0,2.7,527.1,0,11.75,-7.6,9.4,9.2,10.2,10.8,10.1,8.9,11.1,10.0,39.8,40.6,3,10,-0.6,2.5,34,35,35,0,0,0,6,6,4,0,4,3,3,27,24,24,10,10,12,45.04,44.91,45.02,20,200,1.9,0,0,0
11.85,248,12.95,12.95,13.0,10,10,10,0,-2.2,0.02,0.08,208.6,7.0,81,1,3,422,692,507,2,527,11.81,581.4,427,28.1,29.3,0,2.7,527.1,0,11.75,-7.9,9.4,9.3,10.2,10.8,10.1,8.9,11.1,10.0,39.8,40.6,3,10,-0.8,2.4,32,32,35,0,0,0,6,6,4,0,4,3,3,27,24,24,10,10,12,45.04,44.91,45.02,20,200,1.8,0,0,0
11.26,16,13.25,13.26,13.3,11,11,11,0,-1.1,0.07,0.08,209.1,10.4,79,1,3,411,696,497,-1,512,11.23,593.2,438,32.6,33.5,0,2.7,527.1,0,11.75,-7.4,9.4,9.3,10.2,10.8,10.1,8.9,11.1,9.9,39.7,40.4,3,10,-0.5,2.7,36,37,35,0,0,0,6,6,4,0,4,3,3,27,24,24,10,10,12,45.03,44.92,45.02,20,210,1.9,0,0,0
11.48,344,13.14,13.14,13.19,11,11,11,0,-8.1,0.02,0.08,208.7,9.3,81,1,3,414,694,499,0,524,11.5,587.6,434,29.7,30.7,0,2.7,527.1,0,11.75,-7.8,9.4,9.3,10.2,10.8,10.1,8.9,11.1,9.9,39.8,40.5,3,10,-0.8,2.5,33,34,35,0,0,0,6,6,4,0,4,3,3,27,24,24,10,10,12,45.03,44.92,45.01,20,200,1.9,0,0,0
11.58,248,12.56,12.57,12.61,11,11,11,0,-5.9,0.02,0.08,208.8,10.6,83,1,3,422,692,507,2,521,11.53,588.9,433,28.6,29.7,0,2.7,527.1,0,11.75,-7.9,9.4,9.3,10.2,10.8,10.1,8.9,11.1,9.9,39.8,40.6,3,10,-0.8,2.5,32,33,35,0,0,0,6,6,4,0,4,3,3,27,24,24,10,10,12,45.04,44.91,45.02,20,200,1.9,0,0,0
11.9,328,14.24,14.25,14.29,11,11,11,0,-8.9,0.05,0.08,208.6,11.1,83,1,3,424,696,512,2,535,11.86,581.9,428,31.3,32.5,0,2.7,527.1,0,11.75,-7.4,9.4,9.2,10.2,10.7,10.1,8.9,11.1,9.9,39.7,40.5,3,10,-0.6,2.6,35,36,35,0,0,0,6,6,4,0,4,3,3,27,24,24,10,10,12,45.04,44.92,45.02,20,200,1.8,0,0,0
11.67,96,13.2,13.21,13.26,14,14,14,0,-0.4,0.05,0.08,208.8,11.0,78,1,3,419,695,505,3,525,11.71,579.9,428,31.0,32.1,0,2.7,527.1,0,11.75,-7.6,9.4,9.2,10.2,10.7,10.1,8.9,11.1,10.0,39.7,40.5,4,10,-0.6,2.5,34,35,35,0,0,0,6,6,4,0,4,3,3,27,24,24,10,10,12,45.04,44.91,45.02,20,200,1.9,0,0,0
11.58,344,12.84,12.84,12.89,11,11,11,0,1.9,0.07,0.09,208.8,8.7,80,1,3,415,695,501,3,519,11.53,585.1,431,30.3,31.3,0,2.7,527.1,0,11.75,-7.7,9.4,9.3,10.2,10.8,10.1,8.9,11.1,10.0,39.8,40.6,3,10,-0.8,2.5,34,35,35,0,0,0,6,6,4,0,4,3,3,27,24,24,10,10,12,45.03,44.91,45.02,21,200,1.8,0,0,0
11.33,344,12.72,12.72,12.77,11,11,10,0,-2.4,-0.02,0.11,208.6,8.3,81,1,3,411,694,495,-2,517,11.34,591.0,436,29.9,31.1,0,2.6,527.1,0,11.75,-7.8,9.4,9.2,10.2,10.8,10.1,8.9,11.1,10.0,39.8,40.5,3,10,-0.8,2.5,33,34,35,0,0,0,6,6,4,0,4,3,3,27,24,24,10,10,12,45.03,44.91,45.02,21,200,1.9,0,0,0
11.6,344,13.14,13.14,13.19,11,11,11,0,0.1,0.01,0.06,208.9,11.1,79,1,3,416,694,503,0,517,11.58,585.2,429,29.8,30.8,0,2.7,527.1,0,11.75,-7.8,9.4,9.2,10.2,10.8,10.1,8.9,11.1,9.9,39.8,40.6,2,10,-0.8,2.5,33,34,35,0,0,0,6,6,4,0,4,3,3,27,24,24,10,10,12,45.04,44.92,45.02,20,200,1.9,0,0,0
11.45,16,14.51,14.53,14.57,11,11,11,0,3.8,0.05,0.09,209.3,10.8,81,1,3,413,694,499,1,521,11.55,586.8,431,31.8,32.9,0,2.7,527.1,0,11.75,-7.4,9.4,9.2,10.2,10.7,10.1,8.9,11.1,9.9,39.7,40.5,3,10,-0.6,2.7,35,36,35,0,0,0,6,6,4,0,4,3,3,27,24,24,10,10,12,45.04,44.91,45.02,20,200,1.9,0,0,0
11.8,184,13.47,13.48,13.52,11,11,11,0,10.7,-0.03,0.11,208.7,9.5,78,1,3,418,693,503,1,526,11.7,581.8,428,29.2,30.2,0,2.7,527.1,0,11.75,-7.9,9.4,9.3,10.2,10.8,10.1,8.9,11.1,10.0,39.8,40.6,3,10,-0.8,2.5,33,33,35,0,0,0,6,6,4,0,4,3,3,27,24,24,10,10,12,45.04,44.91,45.02,20,200,1.9,0,0,0
11.72,328,14.24,14.25,14.29,10,11,11,0,-4.1,0.01,0.09,208.9,7.3,81,1,3,419,695,506,0,529,11.71,582.8,429,31.3,32.4,0,2.7,527.1,0,11.75,-7.4,9.4,9.2,10.3,10.7,10.1,8.9,11.1,9.9,39.7,40.6,3,10,-0.6,2.6,35,36,35,0,0,0,6,6,4,0,4,3,3,27,24,24,10,10,12,45.04,44.91,45.02,20,200,1.9,0,0,0
12.1,80,13.64,13.65,13.7,12,11,11,0,-8.8,0.06,0.09,208.7,11.2,84,1,3,426,696,514,2,536,12.05,575.2,424,32.8,34.0,0,2.7,527.1,0,11.75,-7.2,9.4,9.3,10.2,10.8,10.1,8.9,11.1,9.9,39.7,40.4,4,10,-0.5,2.7,36,37,35,0,0,0,6,6,4,0,4,3,3,27,24,24,10,10,12,45.03,44.92,45.02,20,200,1.8,0,0,0
11.18,248,12.88,12.89,12.93,14,15,16,0,-2.1,0.08,0.08,209.0,6.7,81,1,3,410,692,493,-1,514,11.23,592.0,436,28.5,29.7,0,2.7,527.1,0,11.75,-7.9,9.4,9.3,10.2,10.8,10.1,8.9,11.1,10.0,39.8,40.6,3,10,-0.8,2.5,32,33,35,0,0,0,6,6,4,0,4,3,3,27,24,24,10,10,12,45.03,44.91,45.02,20,200,1.9,0,0,0
11.39,248,12.47,12.48,12.52,11,11,11,0,-6.3,0.04,0.08,208.8,10.2,81,1,3,416,693,501,0,521,11.37,590.0,435,28.8,30.6,0,2.6,527.1,0,11.75,-8.0,9.3,9.3,10.2,10.8,10.1,8.9,11.1,9.9,39.8,40.6,3,10,-0.8,2.4,33,33,35,0,0,0,6,6,4,0,4,3,3,27,24,24,10,10,12,45.04,44.91,45.02,20,200,1.9,0,0,0
11.98,136,13.64,13.64,13.69,11,11,11,0,8.9,0.04,0.1,208.7,9.6,74,1,3,426,694,514,1,531,11.93,576.1,424,29.4,30.6,0,2.7,527.1,0,11.75,-7.8,9.4,9.2,10.2,10.8,10.1,8.9,11.1,10.0,39.8,40.6,3,10,-0.8,2.5,33,34,35,0,0,0,6,6,4,0,4,3,3,27,24,24,10,10,12,45.04,44.91,45.02,20,200,1.8,0,0,0
11.82,264,13.64,13.64,13.69,11,11,11,0,2.9,0.09,0.08,208.7,10.2,75,1,3,426,693,513,-1,526,11.81,582.0,428,29.5,30.4,0,2.7,527.1,0,11.75,-7.8,9.4,9.2,10.2,10.8,10.1,8.9,11.1,10.0,39.8,40.6,2,10,-0.8,2.5,33,34,35,0,0,0,6,6,4,0,4,3,3,27,24,24,10,10,12,45.04,44.91,45.02,20,200,1.9,0,0,0
11.48,192,12.67,12.68,12.72,11,11,11,0,-0.2,-0.01,0.08,208.8,6.7,83,1,3,418,693,503,-1,519,11.54,584.0,430,28.9,30.0,0,2.7,527.1,0,11.75,-7.9,9.4,9.3,10.2,10.8,10.1,8.9,11.1,10.0,39.8,40.6,3,10,-0.8,2.5,32,33,35,0,0,0,6,6,4,0,4,3,3,27,24,24,10,10,12,45.04,44.91,45.02,20,200,2.0,0,0,0
11.52,16,14.51,14.53,14.57,11,11,10,0,4.5,0.08,0.11,208.9,11.2,81,1,3,416,696,502,2,523,11.53,587.8,433,31.7,33.0,0,2.7,527.1,0,11.75,-7.4,9.4,9.3,10.2,10.8,10.1,8.9,11.1,9.9,39.7,40.5,4,10,-0.6,2.7,35,36,35,0,0,0,6,6,4,0,4,3,3,27,24,24,10,10,12,45.04,44.92,45.02,20,200,1.9,0,0,0
11.38,16,14.51,14.53,14.57,11,11,11,0,-2.9,0.09,0.1,208.7,9.7,84,1,3,413,695,499,0,521,11.38,593.3,436,31.7,32.8,0,2.7,527.1,0,11.75,-7.4,9.4,9.2,10.2,10.8,10.1,8.9,11.1,9.9,39.7,40.5,2,10,-0.6,2.7,35,36,35,0,0,0,6,6,4,0,4,3,3,27,24,24,10,10,12,45.04,44.91,45.02,20,200,2.0,0,0,0
12.17,144,14.24,14.25,14.29,11,11,11,0,-0.1,0.08,0.09,209.0,9.2,79,1,3,423,696,511,1,530,12.18,566.1,416,31.1,32.2,0,2.7,527.1,0,11.75,-7.5,9.4,9.2,10.3,10.7,10.1,8.9,11.1,9.9,39.7,40.5,3,10,-0.6,2.5,35,36,35,0,0,0,6,6,4,0,4,3,3,27,24,24,10,10,12,45.04,44.91,45.02,20,200,1.8,0,0,0
11.73,16,14.35,14.36,14.4,12,11,11,0,7.3,0.05,0.09,208.7,9.3,78,1,3,423,694,510,-2,527,11.69,583.0,430,32.1,33.1,0,2.7,527.1,0,11.75,-7.4,9.4,9.2,10.2,10.7,10.1,8.9,11.1,9.9,39.7,40.5,3,10,-0.6,2.7,35,36,35,0,0,0,6,6,4,0,4,3,3,27,24,24,10,10,12,45.04,44.92,45.02,20,200,1.9,0,0,0
11.48,16,14.35,14.36,14.4,11,11,11,0,4.8,0.09,0.11,208.6,10.0,80,1,3,416,694,502,3,523,11.53,587.6,433,31.8,33.0,0,2.7,527.1,0,11.75,-7.4,9.4,9.2,10.2,10.7,10.1,8.9,11.1,9.9,39.7,40.6,3,10,-0.6,2.7,35,36,35,0,0,0,6,6,4,0,4,3,3,27,24,24,10,10,12,45.04,44.92,45.02,20,200,1.9,0,0,0
11.91,168,13.72,13.73,13.78,11,10,12,0,4.2,0.06,0.03,208.7,10.3,77,1,3,425,695,513,-2,529,11.97,570.9,423,30.9,31.9,0,2.7,527.1,0,11.75,-7.6,9.4,9.3,10.2,10.8,10.1,8.9,11.1,10.0,39.8,40.5,3,10,-0.6,2.5,34,35,35,0,0,0,6,6,4,0,4,3,3,27,24,24,10,10,12,45.04,44.91,45.02,21,210,1.9,0,0,0
11.69,192,13.27,13.28,13.32,12,12,12,0,-9.4,0.15,0.08,208.6,9.7,86,1,3,420,693,506,-3,525,11.77,574.8,425,28.8,29.8,0,2.7,527.1,0,11.75,-7.9,9.4,9.3,10.2,10.8,10.1,8.9,11.1,10.0,39.8,40.6,3,10,-0.8,2.5,32,33,35,0,0,0,6,6,4,0,4,3,3,27,24,24,10,10,12,45.03,44.91,45.02,20,200,1.9,0,0,0
12.16,0,14.18,14.19,14.23,10,10,10,0,-4.1,0.01,0.06,208.7,11.2,80,1,3,424,696,513,3,536,12.08,573.7,421,31.1,32.4,0,2.7,527.1,0,11.75,-7.5,9.4,9.3,10.2,10.8,10.1,8.9,11.1,9.9,39.7,40.5,3,10,-0.6,2.5,35,36,35,0,0,0,6,6,4,0,4,3,3,27,24,24,10,10,12,45.04,44.91,45.02,20,200,1.8,0,0,0
11.39,16,13.25,13.26,13.3,11,11,11,0,-6.3,0.05,0.11,208.8,10.3,81,1,3,414,696,500,2,518,11.44,589.5,434,32.6,33.7,0,2.7,527.1,0,11.75,-7.3,9.4,9.2,10.2,10.7,10.1,8.9,11.1,9.9,39.7,40.5,2,10,-0.5,2.7,36,37,35,0,0,0,6,6,4,0,4,3,3,27,24,24,10,10,12,45.04,44.91,45.02,21,200,2.0,0,0,0
11.9,200,13.72,13.73,13.78,11,11,11,0,5.6,-0.02,0.09,208.5,8.4,76,1,3,422,695,510,-1,530,11.95,575.1,425,30.9,32.0,0,2.7,527.1,0,11.75,-7.6,9.4,9.2,10.2,10.8,10.1,8.9,11.1,10.0,39.8,40.5,4,10,-0.6,2.5,34,35,35,0,0,0,6,6,4,0,4,3,3,27,24,24,10,10,12,45.04,44.92,45.02,21,210,1.8,0,0,0
11.17,16,15.37,15.38,15.42,11,11,11,0,-12.5,0.03,0.11,209.0,11.7,88,1,3,411,696,496,-3,510,11.24,591.0,437,31.5,32.7,0,2.7,527.1,0,11.75,-7.4,9.4,9.2,10.2,10.7,10.1,8.9,11.1,9.9,39.7,40.6,3,10,-0.6,2.7,35,36,35,0,0,0,6,6,4,0,4,3,3,27,24,24,10,10,12,45.04,44.92,45.02,20,200,1.9,0,0,0
11.76,16,14.35,14.36,14.4,10,11,11,0,2.9,0.0,0.08,208.8,8.4,78,1,3,419,695,506,0,524,11.68,583.3,429,32.3,33.5,0,2.7,527.1,0,11.75,-7.4,9.4,9.2,10.2,10.7,10.1,8.9,11.1,9.9,39.7,40.5,2,10,-0.5,2.7,36,37,35,0,0,0,6,6,4,0,4,3,3,27,24,24,10,10,12,45.04,44.92,45.02,20,200,2.0,0,0,0
11.93,312,14.24,14.25,14.29,11,11,11,0,-4.7,0.02,0.08,208.7,9.5,81,1,3,422,696,509,1,529,11.92,576.1,424,31.3,32.4,0,2.7,527.1,0,11.75,-7.5,9.4,9.2,10.2,10.8,10.1,8.9,11.1,9.9,39.7,40.6,3,10,-0.6,2.5,35,36,35,0,0,0,6,6,4,0,4,3,3,27,24,24,10,10,12,45.03,44.92,45.02,20,200,2.0,0,0,0
11.91,256,13.63,13.64,13.68,11,11,11,0,3.8,0.05,0.09,208.6,9.4,78,1,3,429,693,516,1,535,11.98,577.2,425,30.4,31.7,0,2.7,527.1,0,11.75,-8.0,9.4,9.3,10.2,10.8,10.1,8.9,11.1,10.0,39.8,40.6,2,10,-0.8,2.4,34,35,35,0,0,0,6,6,4,0,4,3,3,27,24,24,10,10,12,45.04,44.92,45.01,20,200,1.8,0,0,0
11.43,344,13.09,13.09,13.14,15,16,14,0,-5.8,0.05,0.1,208.8,8.9,82,1,3,415,694,500,4,516,11.44,586.3,432,29.8,31.0,0,2.7,527.1,0,11.75,-7.8,9.4,9.2,10.2,10.8,10.1,8.9,11.1,10.0,39.8,40.5,3,10,-0.8,2.5,33,34,35,0,0,0,6,6,4,0,4,3,3,27,24,24,10,10,12,45.04,44.91,45.02,20,200,1.9,0,0,0
11.17,16,13.43,13.44,13.48,14,15,13,0,2.1,0.05,0.06,209.0,6.9,78,1,3,408,695,492,2,509,11.24,590.8,435,32.4,33.6,0,2.7,527.1,0,11.75,-7.3,9.4,9.3,10.2,10.7,10.1,8.9,11.1,10.0,39.7,40.5,3,10,-0.5,2.7,36,37,35,0,0,0,6,6,4,0,4,3,3,27,24,24,10,10,12,45.04,44.92,45.02,20,200,1.9,0,0,0
11.43,344,13.13,13.14,13.19,11,11,11,0,-9.4,0.09,0.08,208.9,9.2,81,1,3,416,694,502,0,516,11.47,586.7,432,29.7,30.7,0,2.7,527.1,0,11.75,-7.8,9.4,9.2,10.2,10.8,10.1,8.9,11.1,9.9,39.8,40.6,4,10,-0.8,2.5,33,34,35,0,0,0,6,6,4,0,4,3,3,27,24,24,10,10,12,45.03,44.91,45.01,20,210,1.9,0,0,0
11.58,16,14.35,14.36,14.4,11,11,10,0,-1.2,0.04,0.08,208.7,9.5,79,1,3,419,695,506,-3,521,11.6,584.6,431,32.1,33.4,0,2.7,527.1,0,11.75,-7.4,9.4,9.2,10.2,10.7,10.1,8.9,11.1,9.9,39.7,40.5,2,10,-0.5,2.7,36,37,35,0,0,0,6,6,4,0,4,3,3,27,24,24,10,10,12,45.04,44.92,45.02,21,200,1.9,0,0,0
11.8,248,12.48,12.49,12.53,11,11,10,0,-3.8,0.08,0.01,208.5,10.1,82,1,3,423,693,508,4,530,11.74,584.2,429,27.9,29.4,0,2.7,527.1,0,11.75,-7.9,9.4,9.3,10.2,10.8,10.1,8.9,11.1,10.0,39.8,40.6,3,10,-0.8,2.4,32,32,35,0,0,0,6,6,4,0,4,3,3,27,24,24,10,10,12,45.04,44.91,45.02,21,200,1.8,0,0,0
11.4,248,12.99,13.0,13.04,11,11,11,0,1.8,0.03,0.08,208.6,7.8,80,1,3,415,692,499,-2,518,11.44,587.2,433,28.6,29.3,0,2.7,527.1,0,11.75,-7.9,9.4,9.3,10.2,10.8,10.1,8.9,11.1,10.0,39.8,40.6,3,10,-0.8,2.5,32,33,35,0,0,0,6,6,4,0,4,3,3,27,24,24,10,10,12,45.03,44.92,45.02,20,200,1.9,0,0,0
11.84,96,13.54,13.55,13.6,11,11,11,0,-3.4,0.08,0.12,208.6,7.3,80,1,3,418,696,505,0,527,11.81,579.7,426,31.1,32.1,0,2.8,527.1,0,11.75,-7.5,9.4,9.3,10.2,10.7,10.1,8.9,11.1,9.9,39.7,40.5,4,10,-0.6,2.5,35,35,35,0,0,0,6,6,4,0,4,3,3,27,24,24,10,10,12,45.04,44.92,45.02,20,200,1.9,0,0,0
11.92,24,13.64,13.64,13.69,11,11,11,0,10.3,0.03,0.07,208.7,10.5,74,1,3,427,694,515,-2,533,12.0,574.9,424,29.4,30.5,0,2.7,527.1,0,11.75,-7.8,9.4,9.2,10.2,10.8,10.1,8.9,11.1,10.0,39.8,40.6,4,10,-0.8,2.5,33,34,35,0,0,0,6,6,4,0,4,3,3,27,24,24,10,10,12,45.04,44.91,45.02,20,200,1.8,0,0,0
11.3,16,13.25,13.26,13.3,11,11,11,0,-3.6,0.01,0.08,208.8,9.9,80,1,3,408,695,492,1,519,11.28,593.7,437,32.6,33.6,0,2.7,527.1,0,11.75,-7.3,9.4,9.2,10.2,10.7,10.0,8.9,11.1,10.0,39.7,40.5,3,10,-0.5,2.7,36,37,35,0,0,0,6,6,4,0,4,3,3,27,24,24,10,10,12,45.04,44.91,45.02,20,200,1.9,0,0,0
12.02,8,13.15,13.14,13.19,10,10,10,0,-3.4,0.04,0.08,208.8,10.5,84,1,3,428,693,515,-1,533,11.98,578.3,424,28.9,30.1,0,2.7,527.1,0,11.75,-7.9,9.4,9.3,10.2,10.8,10.1,8.9,11.1,10.0,39.8,40.5,3,10,-0.8,2.5,33,33,35,0,0,0,6,6,4,0,4,3,3,27,24,24,10,10,12,45.03,44.91,45.02,20,200,1.9,0,0,0
11.29,16,14.51,14.53,14.57,11,10,11,0,4.3,0.07,0.03,208.8,9.3,83,1,3,411,695,495,-2,510,11.24,593.6,437,31.7,32.9,0,2.7,527.1,0,11.75,-7.4,9.4,9.2,10.2,10.7,10.1,8.9,11.1,9.9,39.7,40.5,3,10,-0.6,2.7,35,36,35,0,0,0,6,6,4,0,4,3,3,27,24,24,10,10,12,45.04,44.91,45.02,21,210,1.9,0,0,0
11.71,184,13.28,13.29,13.34,11,11,11,0,7.6,0.06,0.08,208.6,10.8,78,1,3,423,693,509,0,524,11.65,584.2,430,29.1,30.2,0,2.7,527.1,0,11.75,-7.9,9.4,9.2,10.2,10.8,10.1,8.9,11.1,10.0,39.8,40.6,3,10,-0.8,2.5,33,33,35,0,0,0,6,6,4,0,4,3,3,27,24,24,10,10,12,45.04,44.91,45.02,20,210,1.8,0,0,0
11.7,16,14.35,14.36,14.4,11,11,11,0,0.4,0.0,0.1,209.0,8.2,79,1,3,419,695,505,2,526,11.68,582.2,430,32.1,33.3,0,2.7,527.1,0,11.75,-7.4,9.4,9.2,10.2,10.7,10.1,8.9,11.1,9.9,39.7,40.5,4,10,-0.5,2.7,36,36,35,0,0,0,6,6,4,0,4,3,3,27,24,24,10,10,12,45.04,44.91,45.01,20,210,1.9,0,0,0
11.71,16,14.35,14.36,14.4,11,11,11,0,3.3,-0.01,0.08,208.7,11.7,78,1,3,417,695,503,1,527,11.71,582.7,428,32.1,33.2,0,2.7,527.1,0,11.75,-7.4,9.4,9.2,10.2,10.7,10.1,8.9,11.1,9.9,39.7,40.5,3,10,-0.5,2.7,36,36,35,0,0,0,6,6,4,0,4,3,3,27,24,24,10,10,12,45.04,44.91,45.02,20,200,1.9,0,0,0
11.49,16,13.25,13.26,13.3,12,11,11,0,-0.8,-0.04,0.06,208.7,11.5,80,1,3,417,695,504,0,520,11.43,591.0,435,32.6,33.7,0,2.7,527.1,0,11.75,-7.3,9.4,9.2,10.2,10.7,10.1,8.9,11.1,9.9,39.7,40.5,4,10,-0.5,2.7,36,37,35,0,0,0,6,6,4,0,4,3,3,27,24,24,10,10,12,45.03,44.91,45.02,20,200,1.9,0,0,0
11.74,184,13.28,13.29,13.34,11,11,11,0,8.1,0.08,0.1,208.8,9.6,76,1,3,420,693,506,2,526,11.73,581.5,427,29.4,30.2,0,2.7,527.1,0,11.75,-7.8,9.4,9.3,10.2,10.8,10.1,8.9,11.1,9.9,39.8,40.6,3,10,-0.8,2.5,33,34,35,0,0,0,6,6,4,0,4,3,3,27,24,24,10,10,12,45.03,44.91,45.02,20,200,1.9,0,0,0
11.72,16,14.35,14.36,14.4,11,11,11,0,2.1,0.02,0.12,208.7,8.1,79,1,3,418,695,504,2,527,11.69,582.7,429,32.3,33.5,0,2.7,527.1,0,11.75,-7.4,9.4,9.2,10.2,10.7,10.1,8.9,11.1,9.9,39.7,40.5,3,10,-0.5,2.7,36,37,35,0,0,0,6,6,4,0,4,3,3,27,24,24,10,10,12,45.03,44.91,45.02,20,210,1.8,0,0,0
11.27,16,14.51,14.53,14.57,11,11,11,0,-0.7,0.05,0.09,209.1,8.4,84,1,3,411,695,496,0,514,11.25,594.3,437,31.7,32.7,0,2.7,527.1,0,11.75,-7.4,9.4,9.2,10.2,10.7,10.1,8.9,11.1,9.9,39.7,40.5,4,10,-0.6,2.7,35,36,35,0,0,0,6,6,4,0,4,3,3,27,24,24,10,10,12,45.04,44.92,45.02,20,200,1.8,0,0,0
11.67,184,13.28,13.29,13.34,11,11,11,0,8.1,0.01,0.08,208.7,8.5,76,1,3,417,694,502,4,523,11.72,580.2,428,29.3,30.4,0,2.7,527.1,0,11.75,-7.8,9.4,9.3,10.2,10.8,10.1,8.9,11.1,10.0,39.8,40.6,2,10,-0.8,2.5,33,34,35,0,0,0,6,6,4,0,4,3,3,27,24,24,10,10,12,45.03,44.91,45.02,20,200,1.9,0,0,0
11.44,344,12.84,12.84,12.89,11,11,11,0,0.1,0.05,0.08,208.7,9.5,80,1,3,412,695,498,-1,515,11.44,586.5,433,30.3,31.2,0,2.7,527.1,0,11.75,-7.7,9.4,9.2,10.2,10.8,10.1,8.9,11.1,10.0,39.8,40.6,3,10,-0.8,2.5,34,35,35,0,0,0,6,6,4,0,4,3,3,27,24,24,10,10,12,45.04,44.92,45.02,20,200,1.9,0,0,0
11.61,16,14.35,14.36,14.4,11,11,11,0,5.2,0.03,0.08,208.6,8.9,79,1,3,419,695,506,-2,523,11.61,586.5,431,31.9,33.0,0,2.7,527.1,0,11.75,-7.4,9.4,9.2,10.2,10.7,10.1,8.9,11.1,9.9,39.7,40.6,2,10,-0.6,2.7,35,36,35,0,0,0,6,6,4,0,4,3,3,27,24,24,10,10,12,45.04,44.91,45.02,20,210,1.8,0,0,0
11.69,248,12.99,13.0,13.04,11,11,11,0,-2.1,-0.04,0.14,208.7,9.1,81,1,3,416,693,500,4,521,11.68,582.2,429,28.3,28.9,0,2.7,527.1,0,11.75,-7.9,9.4,9.3,10.2,10.8,10.1,8.9,11.1,10.0,39.8,40.6,4,10,-0.8,2.5,31,32,35,0,0,0,6,6,4,0,4,3,3,27,24,24,10,10,12,45.04,44.91,45.02,20,200,1.9,0,0,0
11.6,16,14.35,14.36,14.4,11,11,11,0,-3.8,0.03,0.08,209.0,10.7,80,1,3,419,695,505,-1,525,11.59,584.7,430,32.2,33.4,0,2.7,527.1,0,11.75,-7.4,9.4,9.2,10.2,10.7,10.1,8.9,11.1,9.9,39.7,40.5,3,10,-0.5,2.7,36,37,35,0,0,0,6,6,4,0,4,3,3,27,24,24,10,10,12,45.03,44.91,45.02,20,200,1.9,0,0,0
11.62,208,13.25,13.26,13.31,11,11,11,0,5.9,0.05,0.08,208.8,9.7,77,1,3,419,694,504,-1,526,11.65,584.5,429,30.7,32.6,0,2.7,527.1,0,11.75,-8.0,9.4,9.3,10.2,10.8,10.1,8.9,11.1,10.0,39.8,40.7,3,10,-0.8,2.4,34,35,35,0,0,0,6,6,4,0,4,3,3,27,24,24,10,10,12,45.03,44.92,45.02,20,200,1.8,0,0,0
11.63,16,13.25,13.26,13.3,10,11,11,0,-8.0,0.09,0.08,208.7,10.2,83,1,3,423,695,510,-3,523,11.6,586.9,431,32.7,33.7,0,2.7,527.1,0,11.75,-7.3,9.4,9.2,10.2,10.7,10.1,8.9,11.1,9.9,39.7,40.5,3,10,-0.5,2.7,36,37,35,0,0,0,6,6,4,0,4,3,3,27,24,24,10,10,12,45.04,44.92,45.02,20,200,1.8,0,0,0
11.22,344,12.49,12.5,12.54,11,11,11,0,-1.2,-0.03,0.08,208.7,8.0,81,1,3,413,695,499,-3,514,11.24,594.3,438,30.1,31.1,0,2.7,527.1,0,11.75,-7.8,9.3,9.2,10.3,10.8,10.1,8.9,11.1,10.0,39.8,40.6,3,10,-0.8,2.5,34,34,35,0,0,0,6,6,4,0,4,3,3,27,24,24,10,10,12,45.03,44.92,45.02,20,200,1.9,0,0,0
11.56,344,13.92,13.93,13.97,11,11,11,0,-3.3,0.03,0.1,209.0,8.2,78,1,3,412,694,496,-2,522,11.61,582.5,429,29.5,30.7,0,2.7,527.1,0,11.75,-7.8,9.4,9.2,10.2,10.8,10.1,8.9,11.1,10.0,39.8,40.6,3,10,-0.8,2.5,33,34,35,0,0,0,6,6,4,0,4,3,3,27,24,24,10,10,12,45.04,44.92,45.02,19,200,1.8,0,0,0
11.45,248,12.99,13.0,13.04,11,11,11,0,-0.6,-0.02,0.11,208.6,9.7,81,1,3,415,692,500,0,518,11.47,587.3,433,28.5,29.0,0,2.7,527.1,0,11.75,-7.9,9.4,9.2,10.2,10.8,10.1,8.9,11.1,10.0,39.8,40.6,3,10,-0.8,2.5,32,33,35,0,0,0,6,6,4,0,4,3,3,27,24,24,10,10,12,45.04,44.91,45.02,20,210,1.8,0,0,0
11.68,208,13.62,13.63,13.68,11,11,11,0,-13.4,0.03,0.1,208.9,8.8,82,1,3,416,694,501,2,522,11.63,583.1,429,31.7,34.0,0,2.7,527.1,0,11.75,-8.0,9.4,9.3,10.2,10.8,10.1,8.9,11.1,10.0,39.8,40.6,3,10,-0.9,2.4,36,37,35,0,0,0,6,6,4,0,4,3,3,27,24,24,10,10,12,45.03,44.91,45.02,21,200,2.0,0,0,0
11.49,16,14.35,14.36,14.4,11,11,11,0,-0.8,0.08,0.13,208.6,9.9,80,1,3,415,694,501,2,519,11.43,590.1,434,32.1,33.5,0,2.7,527.1,0,11.75,-7.4,9.4,9.2,10.2,10.8,10.1,8.9,11.1,9.9,39.7,40.5,4,10,-0.5,2.7,36,37,35,0,0,0,6,6,4,0,4,3,3,27,24,24,10,10,12,45.03,44.91,45.02,21,200,1.9,0,0,0
11.67,184,13.28,13.29,13.34,10,11,11,0,8.9,0.08,0.14,208.6,6.6,78,1,3,422,693,508,1,519,11.67,583.5,429,29.1,30.1,0,2.7,527.1,0,11.75,-7.9,9.4,9.2,10.2,10.8,10.1,8.9,11.1,10.0,39.8,40.6,3,10,-0.8,2.5,33,33,35,0,0,0,6,6,4,0,4,3,3,27,24,24,10,10,12,45.04,44.91,45.02,20,210,1.9,0,0,0
11.39,344,12.72,12.72,12.77,11,11,11,0,-1.6,0.05,0.12,209.3,9.2,81,1,3,413,694,498,1,517,11.35,591.6,436,30.0,30.9,0,2.7,527.1,0,11.75,-7.8,9.4,9.2,10.2,10.8,10.1,8.9,11.1,10.0,39.8,40.5,3,10,-0.8,2.5,33,34,35,0,0,0,6,6,4,0,4,3,3,27,24,24,10,10,12,45.04,44.91,45.02,20,200,2.0,0,0,0
11.69,184,13.47,13.48,13.52,11,11,11,0,3.3,0.05,0.1,208.7,11.7,80,1,3,420,693,505,3,526,11.72,581.3,429,29.0,30.2,0,2.7,527.1,0,11.75,-7.9,9.4,9.2,10.2,10.8,10.1,8.9,11.1,10.0,39.8,40.6,3,10,-0.8,2.5,33,33,35,0,0,0,6,6,4,0,4,3,3,27,24,24,10,10,12,45.03,44.91,45.02,21,200,1.8,0,0,0
11.89,0,12.47,12.47,12.52,11,11,10,0,4.7,0.01,0.1,208.9,11.2,77,1,3,427,696,516,1,534,11.95,580.2,427,30.8,31.7,0,2.7,527.1,0,11.75,-7.6,9.4,9.3,10.2,10.8,10.1,8.9,11.1,10.0,39.8,40.6,4,10,-0.6,2.5,34,35,35,0,0,0,6,6,4,0,4,3,3,27,24,24,10,10,12,45.04,44.92,45.02,20,200,1.8,0,0,0
11.77,16,14.35,14.36,14.4,10,11,11,0,3.3,0.04,0.1,208.9,9.1,78,1,3,419,695,505,-3,526,11.74,581.5,428,32.2,33.1,0,2.7,527.1,0,11.75,-7.4,9.4,9.2,10.2,10.7,10.1,8.9,11.1,9.9,39.7,40.5,3,10,-0.6,2.7,36,36,35,0,0,0,6,6,4,0,4,3,3,27,24,24,10,10,12,45.04,44.91,45.02,20,200,1.9,0,0,0
11.63,184,13.28,13.29,13.34,11,11,11,0,6.0,-0.01,0.15,208.7,7.8,78,1,3,423,693,509,-4,525,11.65,583.8,431,29.3,30.2,0,2.7,527.1,0,11.75,-7.8,9.4,9.2,10.2,10.8,10.1,8.9,11.1,10.0,39.8,40.6,4,10,-0.8,2.5,33,33,35,0,0,0,6,6,4,0,4,3,3,27,24,24,10,10,12,45.03,44.91,45.02,20,200,1.9,0,0,0
11.46,344,12.72,12.72,12.77,11,11,11,0,-7.1,0.08,0.08,208.8,9.3,82,1,3,418,694,503,-6,521,11.4,589.8,434,29.8,30.8,0,2.7,527.1,0,11.75,-7.8,9.4,9.2,10.2,10.8,10.1,8.9,11.1,10.0,39.8,40.5,2,10,-0.8,2.5,33,34,35,0,0,0,6,6,4,0,4,3,3,27,24,24,10,10,12,45.04,44.92,45.02,20,210,2.0,0,0,0
11.6,344,12.47,12.47,12.52,12,11,10,0,5.2,0.03,0.02,208.8,9.3,77,1,3,420,696,509,0,528,11.67,585.3,431,30.6,31.8,0,2.7,527.1,0,11.75,-7.6,9.4,9.3,10.2,10.8,10.1,8.9,11.1,9.9,39.8,40.6,3,10,-0.6,2.5,34,35,35,0,0,0,6,6,4,0,4,3,3,27,24,24,10,10,12,45.03,44.92,45.02,20,200,1.8,0,0,0
11.81,248,12.56,12.57,12.61,11,11,11,0,-4.3,0.02,0.08,208.7,8.6,83,1,3,422,693,507,1,526,11.76,582.3,428,28.5,29.7,0,2.7,527.1,0,11.75,-7.9,9.4,9.3,10.2,10.8,10.1,8.9,11.1,10.0,39.8,40.5,3,10,-0.8,2.5,32,33,35,0,0,0,6,6,4,0,4,3,3,27,24,24,10,10,12,45.04,44.91,45.02,20,200,1.9,0,0,0
11.55,16,15.56,15.57,15.62,11,10,11,0,-10.3,0.11,0.08,208.9,9.7,85,1,3,412,695,497,-3,518,11.58,582.2,429,31.6,32.6,0,2.7,527.1,0,11.75,-7.4,9.4,9.2,10.2,10.8,10.1,8.9,11.1,9.9,39.7,40.5,3,10,-0.6,2.7,35,36,35,0,0,0,6,6,4,0,4,3,3,27,24,24,10,10,12,45.03,44.91,45.01,20,200,2.0,0,0,0
11.48,344,13.14,13.14,13.19,11,11,11,0,-5.2,0.03,0.1,208.7,7.5,81,1,3,411,694,497,0,518,11.51,586.2,432,29.7,30.8,0,2.7,527.1,0,11.75,-7.8,9.4,9.2,10.2,10.8,10.1,8.9,11.1,9.9,39.8,40.6,4,10,-0.8,2.5,33,34,35,0,0,0,6,6,4,0,4,3,3,27,24,24,10,10,12,45.03,44.91,45.02,20,210,1.9,0,0,0
11.36,16,14.35,14.36,14.4,11,10,11,0,1.2,0.07,0.09,208.8,9.3,78,1,3,413,695,499,0,515,11.44,585.8,431,32.4,33.6,0,2.7,527.1,0,11.75,-7.4,9.4,9.2,10.2,10.7,10.1,8.9,11.1,9.9,39.7,40.5,2,10,-0.5,2.7,36,37,35,0,0,0,6,6,4,0,4,3,3,27,24,24,10,10,12,45.03,44.91,45.02,21,200,1.9,0,0,0
11.06,16,14.77,14.78,14.83,11,11,11,0,-7.4,-0.01,0.12,208.8,11.0,87,1,3,405,695,489,-3,510,11.03,598.5,441,31.7,32.6,0,2.7,527.1,0,11.75,-7.4,9.4,9.2,10.2,10.7,10.1,8.9,11.1,10.0,39.7,40.5,3,10,-0.6,2.7,35,36,35,0,0,0,6,6,4,0,4,3,3,27,24,24,10,10,12,45.04,44.91,45.02,21,210,1.9,0,0,0
11.56,16,14.35,14.36,14.4,11,11,11,0,4.9,-0.02,0.08,208.9,9.6,78,1,3,415,695,500,-1,526,11.57,586.8,431,32.4,33.4,0,2.7,527.1,0,11.75,-7.4,9.4,9.2,10.2,10.7,10.1,8.9,11.1,9.9,39.7,40.5,3,10,-0.5,2.7,36,37,35,0,0,0,6,6,4,0,4,3,3,27,24,24,10,10,12,45.04,44.92,45.02,20,200,1.8,0,0,0
11.43,192,12.24,12.25,12.29,11,15,12,0,-2.4,0.01,0.13,208.5,6.9,83,1,3,413,694,498,2,517,11.47,585.7,433,28.9,29.9,0,2.7,527.1,0,11.75,-7.9,9.4,9.2,10.3,10.8,10.1,8.9,11.1,10.0,39.8,40.6,2,10,-0.8,2.5,32,33,35,0,0,0,6,6,4,0,4,3,3,27,24,24,10,10,12,45.04,44.92,45.02,20,200,1.9,0,0,0
11.74,344,12.47,12.47,12.52,11,11,11,0,8.6,0.03,0.07,208.5,6.7,76,1,3,418,696,505,4,531,11.8,580.9,427,30.7,31.8,0,2.7,527.1,0,11.75,-7.6,9.4,9.3,10.2,10.8,10.1,8.9,11.1,10.0,39.8,40.6,3,10,-0.6,2.5,34,35,35,0,0,0,6,6,4,0,4,3,3,27,24,24,10,10,12,45.04,44.92,45.02,20,210,1.9,0,0,0
11.98,224,12.52,12.53,12.56,10,10,10,0,-2.1,0.03,0.07,208.7,7.8,83,1,3,427,693,514,-2,533,11.9,581.8,428,29.1,29.9,0,2.7,527.1,0,11.75,-7.9,9.4,9.3,10.2,10.8,10.1,8.9,11.1,10.0,39.8,40.5,3,10,-0.8,2.5,33,33,35,0,0,0,6,6,4,0,4,3,3,27,24,24,10,10,12,45.03,44.91,45.02,20,200,1.9,0,0,0
12.13,184,13.48,13.49,13.53,11,11,11,0,-10.8,-0.01,0.09,208.8,8.7,85,1,3,426,693,513,-2,535,12.16,567.6,420,28.8,29.7,0,2.7,527.1,0,11.75,-7.9,9.4,9.3,10.2,10.8,10.1,8.9,11.1,10.0,39.8,40.6,2,10,-0.8,2.5,32,33,35,0,0,0,6,6,4,0,4,3,3,27,24,24,10,10,12,45.04,44.92,45.02,21,210,1.8,0,0,0
11.46,16,13.25,13.26,13.3,11,11,11,0,-7.3,0.03,0.15,208.7,8.6,82,1,3,418,695,504,1,519,11.49,588.6,434,32.6,33.8,0,2.7,527.1,0,11.75,-7.3,9.4,9.2,10.2,10.7,10.1,8.9,11.1,9.9,39.7,40.4,3,10,-0.5,2.7,36,37,35,0,0,0,6,6,4,0,4,3,3,27,24,24,10,10,12,45.03,44.91,45.01,20,200,1.9,0,0,0
11.99,144,13.63,13.64,13.68,11,11,10,0,-11.1,0.1,0.03,209.3,11.4,79,1,3,425,694,512,0,527,11.96,576.0,423,32.7,34.2,0,2.7,527.1,0,11.75,-8.1,9.4,9.3,10.2,10.8,10.2,8.9,11.1,10.0,39.8,40.7,4,10,-0.9,2.4,37,37,35,0,0,0,6,6,4,0,4,3,3,27,24,24,10,10,12,45.04,44.92,45.02,20,200,1.9,0,0,0
11.56,344,13.14,13.14,13.19,11,11,11,0,1.9,0.03,0.14,208.6,9.6,79,1,3,420,695,507,2,524,11.59,585.6,432,29.8,30.9,0,2.7,527.1,0,11.75,-7.8,9.4,9.2,10.2,10.8,10.1,8.9,11.1,9.9,39.8,40.6,3,10,-0.8,2.5,33,34,35,0,0,0,6,6,4,0,4,3,3,27,24,24,10,10,12,45.04,44.92,45.02,20,200,1.9,0,0,0
11.63,184,13.28,13.29,13.34,11,11,11,0,6.2,0.01,0.13,208.5,8.6,77,1,3,422,693,507,1,528,11.68,583.1,430,29.4,30.1,0,2.7,527.1,0,11.75,-7.8,9.4,9.3,10.2,10.8,10.1,8.9,11.1,10.0,39.8,40.6,3,10,-0.8,2.5,33,34,35,0,0,0,6,6,4,0,4,3,3,27,24,24,10,10,12,45.03,44.91,45.02,20,200,1.9,0,0,0
12.16,216,14.24,14.25,14.29,12,11,11,0,-1.7,0.07,0.08,208.4,12.1,80,1,3,427,695,515,4,532,12.17,569.8,420,31.1,32.2,0,2.7,527.1,0,11.75,-7.5,9.4,9.3,10.2,10.7,10.1,8.9,11.1,9.9,39.7,40.5,3,10,-0.6,2.5,35,36,35,0,0,0,6,6,4,0,4,3,3,27,24,24,10,10,12,45.04,44.92,45.02,20,200,1.9,0,0,0
11.99,152,13.47,13.48,13.52,11,11,11,0,-3.4,-0.08,0.12,208.6,8.9,84,1,3,425,693,511,-2,530,12.02,574.6,422,29.0,30.1,0,2.7,527.1,0,11.75,-7.9,9.4,9.3,10.2,10.8,10.1,8.9,11.1,10.0,39.8,40.5,3,10,-0.8,2.5,33,33,35,0,0,0,6,6,4,0,4,3,3,27,24,24,10,10,12,45.04,44.91,45.02,20,200,1.8,0,0,0
11.79,16,14.35,14.36,14.4,11,11,11,0,2.2,0.01,0.09,208.8,12.0,79,1,3,419,694,505,2,527,11.76,580.7,427,32.1,33.1,0,2.7,527.1,0,11.75,-7.4,9.4,9.2,10.2,10.7,10.1,8.9,11.1,9.9,39.7,40.5,3,10,-0.6,2.7,35,36,35,0,0,0,6,6,4,0,4,3,3,27,24,24,10,10,12,45.04,44.92,45.02,21,200,1.8,0,0,0
11.8,184,13.28,13.29,13.34,11,11,11,0,6.8,0.01,0.08,208.6,8.3,77,1,3,419,693,505,1,526,11.71,582.9,428,29.3,30.3,0,2.7,527.1,0,11.75,-7.8,9.4,9.3,10.2,10.8,10.1,8.9,11.1,9.9,39.8,40.6,3,10,-0.8,2.5,33,34,35,0,0,0,6,6,4,0,4,3,3,27,24,24,10,10,12,45.03,44.91,45.02,20,200,1.8,0,0,0
11.58,344,12.67,12.68,12.72,11,11,11,0,1.4,0.03,0.08,208.8,6.5,80,1,3,417,695,503,1,518,11.6,584.3,430,30.5,31.5,0,2.7,527.1,0,11.75,-7.7,9.4,9.2,10.2,10.8,10.1,8.9,11.1,9.9,39.8,40.5,3,10,-0.8,2.5,34,35,35,0,0,0,6,6,4,0,4,3,3,27,24,24,10,10,12,45.04,44.91,45.02,20,200,1.9,0,0,0
11.35,16,14.03,14.04,14.09,11,10,11,0,0.7,0.13,0.09,209.4,8.5,79,1,3,407,695,490,-2,512,11.34,588.8,433,32.4,33.6,0,2.7,527.1,0,11.75,-7.4,9.4,9.3,10.2,10.7,10.1,8.9,11.1,10.0,39.7,40.4,3,10,-0.5,2.7,36,37,35,0,0,0,6,6,4,0,4,3,3,27,24,24,10,10,12,45.04,44.91,45.02,20,200,1.9,0,0,0
11.57,344,12.67,12.68,12.72,11,11,11,0,-0.5,0.04,0.06,208.9,8.8,80,1,3,415,694,501,2,521,11.58,585.4,430,30.4,31.5,0,2.7,527.1,0,11.75,-7.7,9.4,9.2,10.2,10.8,10.1,8.9,11.1,9.9,39.8,40.5,3,10,-0.8,2.5,34,35,35,0,0,0,6,6,4,0,4,3,3,27,24,24,10,10,12,45.04,44.92,45.02,20,200,1.9,0,0,0
11.68,96,13.63,13.63,13.67,15,14,16,0,0.5,0.01,0.06,208.5,10.2,78,1,3,419,695,505,3,526,11.74,577.2,426,31.1,32.0,0,2.7,527.1,0,11.75,-7.6,9.4,9.2,10.2,10.8,10.1,8.9,11.1,9.9,39.7,40.5,3,10,-0.6,2.5,34,35,35,0,0,0,6,6,4,0,4,3,3,27,24,24,10,10,12,45.04,44.91,45.02,20,200,1.9,0,0,0
11.6,232,12.9,12.91,12.96,11,11,10,0,-1.5,0.01,0.11,209.4,10.8,75,1,3,419,693,505,2,520,11.54,587.6,433,33.1,34.0,0,2.7,527.1,0,11.75,-8.1,9.4,9.3,10.2,10.8,10.2,8.9,11.1,10.0,39.8,40.6,3,10,-0.9,2.4,36,37,35,0,0,0,6,6,4,0,4,3,3,27,24,24,10,10,12,45.04,44.91,45.02,20,200,1.9,0,0,0
11.29,16,13.25,13.26,13.3,10,11,11,0,-4.2,0.01,0.03,208.4,9.7,80,1,3,407,696,491,-3,516,11.24,594.3,437,32.5,33.5,0,2.7,527.1,0,11.75,-7.4,9.4,9.3,10.2,10.7,10.1,8.9,11.1,9.9,39.7,40.5,3,10,-0.5,2.7,36,37,35,0,0,0,6,6,4,0,4,3,3,27,24,24,10,10,12,45.04,44.91,45.02,20,200,1.9,0,0,0
11.22,344,12.72,12.72,12.77,11,10,11,0,0.6,0.12,0.08,208.7,8.6,80,1,3,407,694,490,-2,510,11.24,591.9,436,29.8,31.1,0,2.7,527.1,0,11.75,-7.8,9.3,9.2,10.2,10.8,10.1,8.9,11.1,10.0,39.8,40.5,3,10,-0.8,2.5,33,34,35,0,0,0,6,6,4,0,4,3,3,27,24,24,10,10,12,45.03,44.91,45.02,20,200,1.8,0,0,0
11.27,248,12.56,12.57,12.61,11,11,10,0,-4.3,0.09,0.0,208.8,10.7,82,1,3,412,693,497,0,519,11.29,594.4,438,28.6,29.7,0,2.6,527.1,0,11.75,-7.9,9.4,9.3,10.2,10.8,10.1,8.9,11.1,10.0,39.8,40.6,2,10,-0.8,2.5,32,33,35,0,0,0,6,6,4,0,4,3,3,27,24,24,10,10,12,45.04,44.92,45.02,20,200,1.9,0,0,0
11.55,16,15.51,15.52,15.56,11,11,11,0,-13.1,-0.02,0.08,208.8,11.0,87,1,3,413,696,499,2,517,11.46,589.2,433,31.6,32.7,0,2.7,527.1,0,11.75,-7.4,9.4,9.2,10.2,10.8,10.1,8.9,11.1,9.9,39.7,40.5,3,10,-0.6,2.7,35,36,35,0,0,0,6,6,4,0,4,3,3,27,24,24,10,10,12,45.04,44.92,45.02,20,200,1.8,0,0,0
11.3,16,14.51,14.53,14.57,12,11,11,0,-1.6,-0.02,0.1,208.9,7.5,83,1,3,415,694,501,1,520,11.37,592.8,437,31.9,32.7,0,2.7,527.1,0,11.75,-7.4,9.4,9.2,10.2,10.8,10.1,8.9,11.1,9.9,39.7,40.5,3,10,-0.6,2.7,35,36,35,0,0,0,6,6,4,0,4,3,3,27,24,24,10,10,12,45.04,44.91,45.02,20,210,1.9,0,0,0
12.1,144,14.24,14.25,14.29,11,11,11,0,-0.9,0.01,0.09,209.0,10.5,80,1,3,421,695,508,1,526,12.09,567.2,417,31.2,32.4,0,2.7,527.1,0,11.75,-7.5,9.4,9.2,10.2,10.7,10.1,8.9,11.1,9.9,39.7,40.5,2,10,-0.6,2.5,35,36,35,0,0,0,6,6,4,0,4,3,3,27,24,24,10,10,12,45.03,44.92,45.02,20,200,1.9,0,0,0
12.1,272,13.72,13.73,13.77,10,10,10,0,3.9,0.05,0.06,208.9,10.9,77,1,3,423,695,511,1,528,12.02,572.6,420,30.8,31.9,0,2.7,527.1,0,11.75,-7.6,9.4,9.3,10.2,10.8,10.1,8.9,11.1,10.0,39.8,40.5,4,10,-0.6,2.5,34,35,35,0,0,0,6,6,4,0,4,3,3,27,24,24,10,10,12,45.04,44.91,45.02,20,200,1.9,0,0,0
11.8,16,13.46,13.48,13.52,11,11,11,0,5.4,0.05,0.08,209.0,11.3,79,1,3,424,695,511,2,526,11.79,583.3,429,32.9,33.7,0,2.7,527.1,0,11.75,-7.2,9.4,9.2,10.2,10.7,10.1,8.9,11.1,9.9,39.7,40.5,3,10,-0.5,2.7,36,37,35,0,0,0,6,6,4,0,4,3,3,27,24,24,10,10,12,45.04,44.91,45.02,20,200,1.8,0,0,0
12.0,336,13.72,13.73,13.78,11,11,12,0,-1.5,0.02,0.06,208.7,9.9,78,1,3,422,696,509,-2,526,12.04,569.5,421,30.9,32.1,0,2.7,527.1,0,11.75,-7.6,9.4,9.3,10.2,10.8,10.1,8.9,11.1,10.0,39.7,40.6,4,10,-0.6,2.5,34,35,35,0,0,0,6,6,4,0,4,3,3,27,24,24,10,10,12,45.04,44.92,45.02,20,200,1.9,0,0,0
12.15,216,14.24,14.25,14.29,11,11,10,0,-3.7,0.04,0.08,208.6,11.7,80,1,3,423,695,510,-1,535,12.14,569.3,420,31.3,32.2,0,2.7,527.1,0,11.75,-7.5,9.4,9.2,10.2,10.7,10.1,8.9,11.1,9.9,39.7,40.5,4,10,-0.6,2.5,35,36,35,0,0,0,6,6,4,0,4,3,3,27,24,24,10,10,12,45.03,44.92,45.02,20,200,2.0,0,0,0
11.6,16,14.35,14.36,14.4,10,11,11,0,2.6,0.04,0.09,208.8,9.3,78,1,3,415,695,501,5,522,11.55,586.1,431,32.4,33.5,0,2.7,527.1,0,11.75,-7.4,9.4,9.3,10.2,10.7,10.1,8.9,11.1,9.9,39.7,40.5,3,10,-0.5,2.7,36,37,35,0,0,0,6,6,4,0,4,3,3,27,24,24,10,10,12,45.04,44.91,45.02,20,200,1.9,0,0,0
11.69,344,12.47,12.47,12.52,11,11,11,0,5.9,0.04,0.05,208.9,9.4,77,1,3,418,696,505,0,519,11.66,582.3,428,30.7,31.8,0,2.7,527.1,0,11.75,-7.6,9.4,9.3,10.2,10.7,10.1,8.9,11.1,9.9,39.8,40.5,3,10,-0.6,2.5,34,35,35,0,0,0,6,6,4,0,4,3,3,27,24,24,10,10,12,45.03,44.91,45.02,20,210,2.0,0,0,0
12.02,0,13.27,13.28,13.33,10,10,10,0,-8.0,0.03,0.12,209.0,8.4,78,1,3,429,693,516,-4,532,11.97,579.3,425,32.8,34.1,0,2.7,527.1,0,11.75,-8.1,9.4,9.3,10.2,10.8,10.2,8.9,11.1,10.0,39.8,40.7,3,10,-0.9,2.4,37,37,35,0,0,0,6,6,4,0,4,3,3,27,24,24,10,10,12,45.04,44.91,45.02,20,200,1.9,0,0,0
11.55,344,13.13,13.14,13.19,11,11,11,0,-6.2,0.04,0.08,208.8,9.9,81,1,3,419,694,505,-2,520,11.51,587.8,432,29.8,30.7,0,2.7,527.1,0,11.75,-7.8,9.4,9.2,10.2,10.7,10.1,8.9,11.1,9.9,39.8,40.5,4,10,-0.8,2.5,33,34,35,0,0,0,6,6,4,0,4,3,3,27,24,24,10,10,12,45.03,44.92,45.02,20,200,1.9,0,0,0
11.27,344,12.49,12.5,12.54,11,11,11,0,-4.5,0.03,0.06,208.8,10.8,82,1,3,409,694,493,-2,511,11.23,594.8,437,30.0,31.1,0,2.7,527.1,0,11.75,-7.8,9.3,9.3,10.2,10.8,10.1,8.9,11.1,10.0,39.8,40.6,4,10,-0.8,2.5,34,34,35,0,0,0,6,6,4,0,4,3,3,27,24,24,10,10,12,45.03,44.91,45.01,21,200,1.8,0,0,0
11.34,16,14.51,14.53,14.57,10,11,11,0,-0.9,0.06,0.09,208.9,9.0,84,1,3,412,695,498,0,517,11.28,592.6,436,31.7,33.0,0,2.7,527.1,0,11.75,-7.4,9.4,9.2,10.2,10.7,10.1,8.9,11.1,9.9,39.7,40.5,3,10,-0.6,2.7,35,36,35,0,0,0,6,6,4,0,4,3,3,27,24,24,10,10,12,45.04,44.92,45.02,20,200,1.9,0,0,0
11.98,24,13.64,13.65,13.7,11,11,11,0,-4.3,0.01,0.09,209.0,8.8,82,1,3,424,696,512,2,528,12.01,574.2,421,32.8,34.0,0,2.7,527.1,0,11.75,-7.2,9.4,9.2,10.2,10.7,10.1,8.9,11.1,9.9,39.7,40.4,4,10,-0.5,2.7,36,37,35,0,0,0,6,6,4,0,4,3,3,27,24,24,10,10,12,45.03,44.91,45.02,20,200,1.9,0,0,0
11.37,248,12.99,13.0,13.04,11,11,10,0,4.0,0.02,0.05,209.0,9.2,79,1,3,415,692,499,-2,517,11.41,589.6,435,28.8,29.3,0,2.7,527.1,0,11.75,-7.9,9.4,9.3,10.2,10.8,10.1,8.9,11.1,10.0,39.8,40.6,3,10,-0.8,2.5,32,33,35,0,0,0,6,6,4,0,4,3,3,27,24,24,10,10,12,45.03,44.91,45.02,20,200,1.8,0,0,0
11.58,16,14.35,14.36,14.4,12,11,10,0,3.5,0.03,0.08,208.8,10.6,80,1,3,418,695,504,5,526,11.62,585.3,432,31.8,33.1,0,2.7,527.1,0,11.75,-7.4,9.4,9.2,10.2,10.7,10.1,8.9,11.1,9.9,39.7,40.5,2,10,-0.6,2.7,35,36,35,0,0,0,6,6,4,0,4,3,3,27,24,24,10,10,12,45.04,44.91,45.02,20,200,1.9,0,0,0
11.07,16,14.77,14.78,14.83,11,11,11,0,-6.5,0.03,0.09,208.6,8.6,87,1,3,405,695,489,2,508,11.0,598.8,441,31.7,32.6,0,2.7,527.1,0,11.75,-7.4,9.4,9.2,10.2,10.7,10.1,8.9,11.1,9.9,39.7,40.5,3,10,-0.6,2.7,35,36,35,0,0,0,6,6,4,0,4,3,3,27,24,24,10,10,12,45.04,44.91,45.02,20,200,1.8,0,0,0
11.67,16,14.35,14.36,14.4,11,10,11,0,3.9,0.03,0.08,208.5,10.6,79,1,3,423,695,510,2,529,11.78,580.1,427,32.1,33.1,0,2.7,527.1,0,11.75,-7.4,9.5,9.2,10.2,10.7,10.1,8.9,11.1,9.9,39.7,40.5,3,10,-0.6,2.7,36,36,35,0,0,0,6,6,4,0,4,3,3,27,24,24,10,10,12,45.04,44.92,45.02,20,210,1.9,0,0,0
11.89,208,13.63,13.64,13.68,11,11,11,0,4.2,0.01,0.13,209.2,9.7,78,1,3,426,694,513,0,532,11.93,577.5,425,30.4,31.7,0,2.7,527.1,0,11.75,-8.0,9.4,9.3,10.2,10.8,10.1,8.9,11.1,9.9,39.8,40.6,3,10,-0.8,2.4,34,35,35,0,0,0,6,6,4,0,4,3,3,27,24,24,10,10,12,45.03,44.91,45.01,20,200,1.9,0,0,0
11.68,192,12.77,12.78,12.82,13,14,14,0,-7.5,-0.07,0.12,208.8,7.0,85,1,3,421,694,507,-1,526,11.7,579.2,428,28.8,29.8,0,2.7,527.1,0,11.75,-7.9,9.4,9.3,10.2,10.8,10.1,8.9,11.1,10.0,39.8,40.6,3,10,-0.8,2.5,32,33,35,0,0,0,6,6,4,0,4,3,3,27,24,24,10,10,12,45.04,44.91,45.02,20,200,1.9,0,0,0
11.36,248,12.47,12.48,12.52,11,11,11,0,-2.2,-0.02,0.11,208.7,8.5,81,1,3,416,693,500,-1,516,11.4,589.3,435,28.3,29.9,0,2.7,527.1,0,11.75,-7.9,9.4,9.3,10.2,10.8,10.1,8.9,11.1,10.0,39.8,40.6,4,10,-0.8,2.4,32,33,35,0,0,0,6,6,4,0,4,3,3,27,24,24,10,10,12,45.04,44.91,45.01,20,210,1.8,0,0,0
12.1,48,13.72,13.73,13.78,11,12,11,0,-2.6,0.01,0.11,209.0,9.9,78,1,3,421,695,508,1,529,12.07,571.0,420,31.0,32.0,0,2.8,527.1,0,11.75,-7.6,9.4,9.3,10.2,10.8,10.1,8.9,11.1,10.0,39.7,40.6,3,10,-0.6,2.5,34,35,35,0,0,0,6,6,4,0,4,3,3,27,24,24,10,10,12,45.04,44.92,45.02,20,200,1.8,0,0,0
12.1,248,15.56,15.57,15.62,10,11,11,0,-8.7,0.03,0.07,208.8,8.7,83,1,3,420,695,507,1,529,12.05,569.0,418,31.4,32.5,0,2.7,527.1,0,11.75,-7.4,9.4,9.2,10.3,10.7,10.1,8.9,11.1,9.9,39.7,40.6,3,10,-0.6,2.7,35,36,35,0,0,0,6,6,4,0,4,3,3,27,24,24,10,10,12,45.04,44.91,45.02,20,200,1.9,0,0,0
11.48,16,14.35,14.36,14.4,11,11,11,0,-4.1,0.03,0.09,208.4,7.8,81,1,3,412,694,497,1,517,11.47,585.6,432,32.3,33.3,0,2.7,527.1,0,11.75,-7.4,9.4,9.2,10.2,10.7,10.1,8.9,11.1,9.9,39.7,40.5,3,10,-0.5,2.7,36,37,35,0,0,0,6,6,4,0,4,3,3,27,24,24,10,10,12,45.04,44.91,45.02,20,200,1.9,0,0,0
11.48,208,13.62,13.63,13.68,11,10,11,0,-11.6,0.03,0.09,209.1,6.3,82,1,3,414,694,499,2,518,11.51,583.9,430,31.5,33.9,0,2.7,527.1,0,11.75,-8.0,9.4,9.3,10.2,10.8,10.1,8.9,11.1,10.0,39.8,40.6,3,10,-0.9,2.4,36,37,35,0,0,0,6,6,4,0,4,3,3,27,24,24,10,10,12,45.04,44.91,45.02,20,200,1.9,0,0,0
11.8,16,15.56,15.57,15.62,10,11,11,0,-11.1,0.01,0.03,208.8,10.8,85,1,3,418,695,504,2,524,11.72,580.1,427,31.4,32.7,0,2.7,527.1,0,11.75,-7.4,9.4,9.2,10.2,10.8,10.1,8.9,11.1,9.9,39.7,40.5,4,10,-0.6,2.7,35,36,35,0,0,0,6,6,4,0,4,3,3,27,24,24,10,10,12,45.04,44.91,45.02,20,200,1.8,0,0,0
11.84,248,13.63,13.64,13.68,11,10,11,0,4.8,0.1,0.08,208.6,9.1,77,1,3,419,693,506,0,530,11.91,573.5,423,30.2,31.4,0,2.7,527.1,0,11.75,-8.0,9.4,9.3,10.2,10.8,10.1,8.9,11.1,10.0,39.8,40.6,2,10,-0.8,2.4,34,35,35,0,0,0,6,6,4,0,4,3,3,27,24,24,10,10,12,45.04,44.91,45.01,20,200,1.9,0,0,0
11.37,16,14.03,14.04,14.09,11,11,10,0,1.5,-0.01,0.08,208.7,11.5,78,1,3,417,695,503,-1,517,11.42,587.9,435,32.4,33.6,0,2.7,527.1,0,11.75,-7.4,9.4,9.3,10.2,10.7,10.1,8.9,11.1,9.9,39.7,40.5,1,10,-0.5,2.7,36,37,35,0,0,0,6,6,4,0,4,3,3,27,24,24,10,10,12,45.03,44.91,45.02,21,200,2.0,0,0,0
11.49,16,13.24,13.26,13.3,11,11,11,0,-0.2,0.11,0.1,208.8,8.3,80,1,3,415,695,501,-2,516,11.41,590.4,434,32.5,33.7,0,2.7,527.1,0,11.75,-7.3,9.4,9.2,10.2,10.7,10.1,8.9,11.1,9.9,39.7,40.5,3,10,-0.5,2.7,36,37,35,0,0,0,6,6,4,0,4,3,3,27,24,24,10,10,12,45.03,44.91,45.02,20,200,1.8,0,0,0
11.69,16,14.35,14.36,14.4,11,11,11,0,4.2,0.08,0.09,208.6,7.6,77,1,3,418,695,505,0,523,11.65,584.0,429,32.2,33.2,0,2.7,527.1,0,11.75,-7.4,9.4,9.2,10.2,10.7,10.1,8.9,11.1,9.9,39.7,40.5,3,10,-0.5,2.7,36,37,35,0,0,0,6,6,4,0,4,3,3,27,24,24,10,10,12,45.04,44.91,45.02,20,200,1.9,0,0,0
11.68,184,13.28,13.29,13.34,11,11,11,0,4.3,0.03,0.01,208.8,10.6,78,1,3,423,693,509,2,526,11.67,584.9,431,29.3,30.2,0,2.7,527.1,0,11.75,-7.8,9.4,9.2,10.2,10.8,10.1,8.9,11.1,10.0,39.8,40.6,3,10,-0.8,2.5,33,33,35,0,0,0,6,6,4,0,4,3,3,27,24,24,10,10,12,45.04,44.91,45.02,20,200,1.8,0,0,0
11.68,344,12.46,12.47,12.52,11,11,11,0,2.3,0.05,0.08,208.5,7.5,79,1,3,417,695,503,4,523,11.64,584.7,430,30.7,31.6,0,2.7,527.1,0,11.75,-7.6,9.4,9.2,10.1,10.8,10.1,8.9,11.1,9.9,39.8,40.5,3,10,-0.6,2.5,34,35,35,0,0,0,6,6,4,0,4,3,3,27,24,24,10,10,12,45.04,44.91,45.02,20,210,2.0,0,0,0
11.58,16,14.35,14.36,14.4,11,10,12,0,1.7,0.09,0.09,209.0,10.6,79,1,3,416,695,502,-1,522,11.6,585.4,431,32.3,33.4,0,2.7,527.1,0,11.75,-7.4,9.4,9.2,10.2,10.7,10.1,8.9,11.1,9.9,39.7,40.5,3,10,-0.5,2.7,36,37,35,0,0,0,6,6,4,0,4,3,3,27,24,24,10,10,12,45.03,44.92,45.02,20,210,1.8,0,0,0
12.0,312,13.64,13.65,13.7,11,11,11,0,-7.0,-0.02,0.08,208.8,9.8,83,1,3,425,695,513,2,535,12.04,574.1,424,32.7,33.8,0,2.7,527.1,0,11.75,-7.2,9.4,9.3,10.2,10.7,10.1,8.9,11.1,9.9,39.7,40.4,3,10,-0.5,2.7,36,37,35,0,0,0,6,6,4,0,4,3,3,27,24,24,10,10,12,45.03,44.92,45.02,20,200,1.9,0,0,0
11.69,16,14.35,14.36,14.4,11,11,11,0,3.5,0.04,0.08,209.0,10.8,78,1,3,415,695,500,-2,526,11.69,581.1,427,32.1,33.1,0,2.7,527.1,0,11.75,-7.4,9.4,9.2,10.2,10.7,10.1,8.9,11.1,9.9,39.7,40.5,4,10,-0.6,2.7,36,36,35,0,0,0,6,6,4,0,4,3,3,27,24,24,10,10,12,45.04,44.91,45.01,20,200,1.9,0,0,0
11.43,248,13.47,13.48,13.53,14,14,15,0,2.7,-0.02,0.11,208.8,8.9,78,1,3,411,693,495,2,511,11.45,583.2,429,29.7,31.1,0,2.7,527.1,0,11.75,-7.9,9.4,9.3,10.2,10.8,10.1,8.9,11.1,10.0,39.8,40.6,4,10,-0.8,2.4,34,34,35,0,0,0,6,6,4,0,4,3,3,27,24,24,10,10,12,45.04,44.92,45.02,20,200,1.9,0,0,0
12.01,56,13.96,13.96,14.01,11,11,11,0,0.9,0.04,0.07,208.8,9.2,79,1,3,423,695,511,0,529,12.0,574.1,422,31.3,32.1,0,2.7,527.1,0,11.75,-7.5,9.4,9.2,10.2,10.7,10.1,8.9,11.1,9.9,39.7,40.5,4,10,-0.6,2.5,35,35,35,0,0,0,6,6,4,0,4,3,3,27,24,24,10,10,12,45.04,44.91,45.02,20,200,1.9,0,0,0
11.37,248,12.99,13.0,13.04,10,11,11,0,3.1,0.08,0.13,209.0,7.3,79,1,3,413,691,496,1,517,11.31,591.1,435,28.7,29.4,0,2.7,527.1,0,11.75,-7.9,9.4,9.3,10.2,10.8,10.1,8.9,11.1,10.0,39.8,40.6,2,10,-0.8,2.5,32,33,35,0,0,0,6,6,4,0,4,3,3,27,24,24,10,10,12,45.03,44.91,45.02,20,200,1.9,0,0,0
11.38,248,12.47,12.48,12.52,11,10,11,0,-9.9,0.1,0.08,208.8,10.7,82,1,3,413,693,497,3,514,11.38,588.5,434,29.1,30.9,0,2.7,527.1,0,11.75,-7.9,9.4,9.2,10.2,10.8,10.1,8.9,11.1,10.0,39.8,40.6,3,10,-0.8,2.4,33,34,35,0,0,0,6,6,4,0,4,3,3,27,24,24,10,10,12,45.03,44.91,45.02,20,210,1.8,0,0,0
11.45,16,14.35,14.36,14.4,11,11,11,0,2.7,0.02,0.09,208.8,11.2,79,1,3,418,694,505,0,522,11.49,590.9,434,32.4,33.3,0,2.7,527.1,0,11.75,-7.4,9.4,9.2,10.2,10.8,10.1,8.9,11.1,9.9,39.7,40.5,3,10,-0.5,2.7,36,37,35,0,0,0,6,6,4,0,4,3,3,27,24,24,10,10,12,45.04,44.92,45.02,20,200,1.9,0,0,0
11.98,336,14.81,14.82,14.86,11,11,11,0,-4.2,0.05,0.08,208.6,9.5,82,1,3,427,695,515,2,537,12.05,576.1,425,31.4,32.4,0,2.7,527.1,0,11.75,-7.4,9.4,9.2,10.2,10.7,10.1,8.9,11.1,9.9,39.7,40.5,3,10,-0.6,2.6,35,36,35,0,0,0,6,6,4,0,4,3,3,27,24,24,10,10,12,45.03,44.91,45.02,21,200,1.9,0,0,0
11.22,344,12.49,12.5,12.54,12,11,10,0,-1.7,0.1,0.08,208.6,9.4,81,1,3,413,695,498,1,518,11.29,595.0,438,30.0,31.1,0,2.7,527.1,0,11.75,-7.8,9.3,9.2,10.2,10.8,10.1,8.9,11.1,10.0,39.8,40.6,3,10,-0.8,2.5,34,34,35,0,0,0,6,6,4,0,4,3,3,27,24,24,10,10,12,45.03,44.92,45.02,20,200,1.9,0,0,0
11.47,16,14.03,14.04,14.09,12,11,10,0,0.0,-0.01,0.15,208.8,11.3,79,1,3,416,695,502,0,519,11.49,588.8,434,32.5,33.5,0,2.7,527.1,0,11.75,-7.4,9.4,9.2,10.2,10.7,10.1,8.9,11.1,9.9,39.7,40.5,2,10,-0.5,2.7,36,37,35,0,0,0,6,6,4,0,4,3,3,27,24,24,10,10,12,45.04,44.92,45.02,20,200,1.9,0,0,0
11.34,16,13.25,13.26,13.3,11,11,11,0,-2.0,0.05,0.14,208.6,10.4,80,1,3,412,695,497,1,516,11.37,594.1,436,32.7,33.7,0,2.7,527.1,0,11.75,-7.3,9.4,9.2,10.2,10.7,10.1,8.9,11.1,9.9,39.7,40.5,4,10,-0.5,2.7,36,37,35,0,0,0,6,6,4,0,4,3,3,27,24,24,10,10,12,45.04,44.92,45.02,20,200,1.8,0,0,0
11.62,16,15.56,15.57,15.62,11,11,11,0,-9.8,0.02,0.13,208.7,9.4,85,1,3,416,696,502,1,524,11.68,580.4,428,31.6,32.6,0,2.7,527.1,0,11.75,-7.4,9.4,9.2,10.2,10.8,10.1,8.9,11.1,9.9,39.7,40.5,2,10,-0.6,2.7,35,36,35,0,0,0,6,6,4,0,4,3,3,27,24,24,10,10,12,45.04,44.91,45.01,20,200,1.9,0,0,0
11.53,16,14.35,14.36,14.4,11,11,11,0,5.6,-0.11,0.09,208.8,9.6,80,1,3,417,695,503,2,522,11.48,589.3,433,31.8,33.0,0,2.7,527.1,0,11.75,-7.4,9.4,9.2,10.2,10.7,10.1,8.9,11.1,9.9,39.7,40.5,4,10,-0.6,2.7,35,36,35,0,0,0,6,6,4,0,4,3,3,27,24,24,10,10,12,45.04,44.91,45.02,20,210,1.8,0,0,0
11.79,16,13.47,13.48,13.52,10,11,11,0,-2.5,0.01,0.05,208.8,8.5,82,1,3,416,694,502,1,525,11.74,582.0,427,32.7,33.8,0,2.7,527.1,0,11.75,-7.2,9.4,9.2,10.2,10.7,10.1,8.9,11.1,9.9,39.7,40.5,3,10,-0.5,2.7,36,37,35,0,0,0,6,6,4,0,4,3,3,27,24,24,10,10,12,45.04,44.92,45.02,20,200,1.9,0,0,0
11.59,344,13.13,13.14,13.19,11,11,11,0,-7.6,0.04,0.08,208.8,9.1,81,1,3,416,694,502,2,524,11.5,588.8,433,29.6,30.7,0,2.7,527.1,0,11.75,-7.8,9.4,9.2,10.2,10.7,10.1,8.9,11.1,9.9,39.8,40.5,3,10,-0.8,2.5,33,34,35,0,0,0,6,6,4,0,4,3,3,27,24,24,10,10,12,45.03,44.92,45.02,21,200,1.8,0,0,0
11.81,16,15.56,15.57,15.62,11,11,10,0,-10.1,-0.04,0.08,208.7,11.5,84,1,3,420,695,507,-2,528,11.84,576.8,426,31.5,32.5,0,2.7,527.1,0,11.75,-7.4,9.4,9.2,10.3,10.8,10.1,8.9,11.1,9.9,39.7,40.5,3,10,-0.6,2.7,35,36,35,0,0,0,6,6,4,0,4,3,3,27,24,24,10,10,12,45.04,44.91,45.02,20,200,1.9,0,0,0
11.59,344,12.46,12.47,12.52,11,11,11,0,5.3,0.05,0.12,208.8,6.1,78,1,3,418,696,505,2,526,11.67,582.6,429,30.7,31.6,0,2.7,527.1,0,11.75,-7.6,9.4,9.3,10.1,10.8,10.1,8.9,11.1,9.9,39.8,40.5,3,10,-0.6,2.5,34,35,35,0,0,0,6,6,4,0,4,3,3,27,24,24,10,10,12,45.04,44.91,45.02,21,200,1.9,0,0,0
11.35,16,15.51,15.52,15.56,11,11,11,0,-12.3,0.01,0.07,208.8,7.3,87,1,3,411,696,496,4,515,11.38,587.9,433,31.6,32.7,0,2.7,527.1,0,11.75,-7.4,9.4,9.2,10.2,10.7,10.1,8.9,11.1,9.9,39.7,40.5,3,10,-0.6,2.7,35,36,35,0,0,0,6,6,4,0,4,3,3,27,24,24,10,10,12,45.04,44.92,45.02,20,200,1.9,0,0,0
11.79,328,14.24,14.25,14.29,11,11,11,0,-2.3,0.04,0.1,208.7,9.3,81,1,3,418,695,505,0,529,11.82,576.5,425,31.3,32.2,0,2.7,527.1,0,11.75,-7.5,9.4,9.2,10.2,10.7,10.1,8.9,11.1,9.9,39.7,40.6,3,10,-0.6,2.6,35,36,35,0,0,0,6,6,4,0,4,3,3,27,24,24,10,10,12,45.03,44.92,45.02,20,200,1.9,0,0,0
11.98,208,14.81,14.82,14.86,11,11,12,0,-4.6,0.01,0.08,208.7,11.2,82,1,3,424,696,512,2,536,12.01,575.5,425,31.4,32.5,0,2.7,527.1,0,11.75,-7.4,9.4,9.2,10.2,10.7,10.1,8.9,11.1,9.9,39.7,40.5,3,10,-0.6,2.6,35,36,35,0,0,0,6,6,4,0,4,3,3,27,24,24,10,10,12,45.04,44.91,45.02,20,200,2.0,0,0,0
11.48,248,12.99,13.0,13.04,11,11,11,0,2.1,0.05,0.13,208.6,7.9,80,1,3,413,692,497,-2,514,11.47,585.9,432,28.5,28.9,0,2.7,527.1,0,11.75,-7.9,9.4,9.2,10.2,10.8,10.1,8.9,11.1,10.0,39.8,40.6,4,10,-0.8,2.5,32,33,35,0,0,0,6,6,4,0,4,3,3,27,24,24,10,10,12,45.04,44.91,45.02,20,200,1.9,0,0,0
12.13,16,13.95,13.96,14.01,11,11,11,0,3.2,-0.02,0.1,208.9,8.7,78,1,3,424,696,513,2,534,12.01,576.6,424,31.0,32.3,0,2.7,527.1,0,11.75,-7.6,9.4,9.2,10.2,10.7,10.1,8.9,11.1,9.9,39.7,40.6,4,10,-0.6,2.5,35,35,35,0,0,0,6,6,4,0,4,3,3,27,24,24,10,10,12,45.04,44.91,45.02,20,200,1.8,0,0,0
11.17,16,14.51,14.53,14.57,11,11,11,0,-1.7,-0.04,0.15,208.8,10.6,85,1,3,412,695,497,-2,512,11.2,597.6,440,31.8,32.7,0,2.7,527.1,0,11.75,-7.4,9.4,9.2,10.2,10.7,10.1,8.9,11.1,9.9,39.7,40.5,2,10,-0.6,2.7,35,36,35,0,0,0,6,6,4,0,4,3,3,27,24,24,10,10,12,45.04,44.92,45.02,20,200,1.9,0,0,0
11.48,344,12.72,12.72,12.77,11,11,11,0,-4.5,0.03,0.08,208.8,7.0,82,1,3,414,694,499,-2,518,11.4,589.4,434,30.0,30.9,0,2.7,527.1,0,11.75,-7.8,9.4,9.2,10.2,10.8,10.1,8.9,11.1,9.9,39.8,40.5,4,10,-0.8,2.5,33,34,35,0,0,0,6,6,4,0,4,3,3,27,24,24,10,10,12,45.03,44.92,45.02,20,210,1.9,0,0,0
11.3,16,14.51,14.53,14.57,11,11,11,0,0.9,0.07,0.05,208.6,10.1,83,1,3,413,695,498,-2,515,11.28,593.8,437,31.7,32.8,0,2.7,527.1,0,11.75,-7.4,9.4,9.2,10.2,10.7,10.1,8.9,11.1,9.9,39.7,40.5,3,10,-0.6,2.7,35,36,35,0,0,0,6,6,4,0,4,3,3,27,24,24,10,10,12,45.04,44.91,45.02,20,200,1.9,0,0,0
11.59,344,13.14,13.14,13.19,11,11,11,0,-7.7,-0.04,0.1,209.0,9.7,82,1,3,413,694,498,2,521,11.57,584.5,430,29.8,30.9,0,2.7,527.1,0,11.75,-7.8,9.3,9.3,10.2,10.8,10.1,8.9,11.1,9.9,39.8,40.6,3,10,-0.8,2.5,33,34,35,0,0,0,6,6,4,0,4,3,3,27,24,24,10,10,12,45.04,44.91,45.02,21,200,1.8,0,0,0
11.59,16,13.24,13.26,13.3,11,11,11,0,-6.0,0.03,0.08,208.8,9.8,82,1,3,419,695,506,-2,522,11.54,589.3,432,32.6,33.7,0,2.7,527.1,0,11.75,-7.3,9.4,9.2,10.2,10.7,10.1,8.9,11.1,9.9,39.7,40.4,3,10,-0.5,2.7,36,37,35,0,0,0,6,6,4,0,4,3,3,27,24,24,10,10,12,45.03,44.91,45.02,20,200,1.9,0,0,0
11.6,344,12.67,12.68,12.72,11,11,11,0,2.0,-0.01,0.1,208.9,7.9,79,1,3,419,695,506,-2,529,11.63,584.8,431,30.5,31.5,0,2.7,527.1,0,11.75,-7.7,9.4,9.2,10.2,10.8,10.1,8.9,11.1,9.9,39.8,40.5,4,10,-0.7,2.5,34,35,35,0,0,0,6,6,4,0,4,3,3,27,24,24,10,10,12,45.04,44.91,45.02,20,200,1.8,0,0,0
11.99,248,13.28,13.29,13.34,11,11,11,0,11.8,0.03,0.13,208.9,10.4,74,1,3,428,693,515,-2,533,11.96,579.1,426,29.4,30.5,0,2.7,527.1,0,11.75,-7.8,9.3,9.3,10.2,10.8,10.1,8.9,11.1,10.0,39.8,40.6,3,10,-0.8,2.5,33,34,35,0,0,0,6,6,4,0,4,3,3,27,24,24,10,10,12,45.03,44.91,45.02,20,200,1.8,0,0,0
11.92,168,13.96,13.96,14.01,11,11,12,0,3.2,0.05,0.06,208.7,9.7,78,1,3,422,695,509,1,526,11.98,572.6,423,31.1,32.3,0,2.7,527.1,0,11.75,-7.5,9.4,9.2,10.2,10.7,10.1,8.9,11.1,9.9,39.7,40.5,4,10,-0.6,2.5,35,35,35,0,0,0,6,6,4,0,4,3,3,27,24,24,10,10,12,45.04,44.91,45.02,21,200,1.9,0,0,0
11.49,16,15.51,15.52,15.56,10,11,11,0,-13.1,0.09,0.12,208.7,12.3,88,1,3,412,696,498,2,513,11.42,588.1,432,31.5,32.6,0,2.7,527.1,0,11.75,-7.4,9.4,9.2,10.2,10.8,10.1,8.9,11.1,9.9,39.7,40.5,3,10,-0.6,2.7,35,36,35,0,0,0,6,6,4,0,4,3,3,27,24,24,10,10,12,45.04,44.92,45.02,21,200,1.9,0,0,0
11.58,344,13.14,13.14,13.19,11,11,11,0,0.8,-0.07,0.1,208.5,9.4,79,1,3,415,695,500,-3,519,11.59,585.2,430,29.7,30.9,0,2.7,527.1,0,11.75,-7.8,9.4,9.2,10.2,10.8,10.1,8.9,11.1,9.9,39.8,40.6,3,10,-0.8,2.5,33,34,35,0,0,0,6,6,4,0,4,3,3,27,24,24,10,10,12,45.04,44.91,45.02,20,200,2.0,0,0,0
11.45,232,12.9,12.91,12.95,11,11,12,0,1.7,0.04,0.08,209.2,9.3,74,1,3,418,694,503,1,521,11.51,587.0,433,33.1,34.0,0,2.7,527.1,0,11.75,-8.1,9.4,9.3,10.2,10.8,10.2,8.9,11.1,10.0,39.8,40.6,3,10,-0.9,2.4,36,37,35,0,0,0,6,6,4,0,4,3,3,27,24,24,10,10,12,45.04,44.91,45.02,20,200,1.9,0,0,0
11.37,208,13.03,13.04,13.08,11,14,11,0,-8.7,0.01,0.16,208.8,7.7,82,1,3,413,693,498,-1,516,11.41,585.5,431,31.3,33.5,0,2.7,527.1,0,11.75,-8.0,9.4,9.3,10.2,10.8,10.1,8.9,11.1,10.0,39.8,40.6,4,10,-0.9,2.4,35,37,35,0,0,0,6,6,4,0,4,3,3,27,24,24,10,10,12,45.04,44.91,45.02,20,200,1.9,0,0,0
11.8,16,13.25,13.26,13.3,11,11,11,0,-5.3,-0.01,0.08,209.0,9.1,82,1,3,423,695,510,2,530,11.78,583.4,429,32.7,33.7,0,2.7,527.1,0,11.75,-7.3,9.4,9.2,10.2,10.7,10.1,8.9,11.1,9.9,39.7,40.5,2,10,-0.5,2.7,36,37,35,0,0,0,6,6,4,0,4,3,3,27,24,24,10,10,12,45.03,44.91,45.02,20,200,1.9,0,0,0
11.63,16,14.35,14.36,14.4,10,11,11,0,4.6,0.05,0.09,208.8,9.3,78,1,3,413,695,499,1,521,11.51,588.9,432,32.5,33.3,0,2.7,527.1,0,11.75,-7.4,9.4,9.2,10.3,10.7,10.1,8.9,11.1,9.9,39.7,40.5,2,10,-0.5,2.7,36,37,35,0,0,0,6,6,4,0,4,3,3,27,24,24,10,10,12,45.04,44.92,45.02,20,200,1.9,0,0,0
11.22,16,14.51,14.53,14.57,11,11,10,0,-2.2,0.07,0.07,209.1,11.6,85,1,3,413,695,498,-3,515,11.22,597.4,439,31.6,32.9,0,2.7,527.1,0,11.75,-7.4,9.4,9.2,10.2,10.7,10.1,8.9,11.1,9.9,39.7,40.5,4,10,-0.6,2.7,35,36,35,0,0,0,6,6,4,0,4,3,3,27,24,24,10,10,12,45.04,44.92,45.02,20,200,1.9,0,0,0
11.41,248,12.56,12.57,12.61,11,11,10,0,-7.0,0.03,0.08,208.8,10.3,83,1,3,416,693,500,1,520,11.5,589.5,434,28.4,29.7,0,2.7,527.1,0,11.75,-7.9,9.4,9.3,10.2,10.8,10.1,8.9,11.1,9.9,39.8,40.6,3,10,-0.8,2.5,32,33,35,0,0,0,6,6,4,0,4,3,3,27,24,24,10,10,12,45.04,44.91,45.02,20,200,1.9,0,0,0
11.28,344,12.84,12.84,12.89,12,11,13,0,3.4,0.01,0.11,208.6,7.3,79,1,3,412,695,498,0,513,11.31,590.0,435,30.2,31.5,0,2.7,527.1,0,11.75,-7.7,9.4,9.3,10.2,10.8,10.1,8.9,11.1,10.0,39.8,40.6,3,10,-0.8,2.5,34,35,35,0,0,0,6,6,4,0,4,3,3,27,24,24,10,10,12,45.04,44.92,45.02,21,200,1.8,0,0,0
12.03,328,12.57,12.58,12.62,12,11,11,0,-11.0,0.03,0.11,208.6,10.2,85,1,3,426,694,513,-1,537,12.03,578.0,425,28.7,29.7,0,2.7,527.1,0,11.75,-7.9,9.4,9.3,10.2,10.8,10.1,8.9,11.1,10.0,39.8,40.5,3,10,-0.8,2.5,32,33,35,0,0,0,6,6,4,0,4,3,3,27,24,24,10,10,12,45.04,44.92,45.02,20,200,1.9,0,0,0
11.38,16,14.13,14.14,14.18,14,15,13,0,2.1,0.03,0.08,209.0,8.9,78,1,3,415,694,500,-1,517,11.45,587.0,432,32.4,33.5,0,2.7,527.1,0,11.75,-7.4,9.4,9.2,10.2,10.7,10.1,8.9,11.1,9.9,39.7,40.5,3,10,-0.5,2.7,36,37,35,0,0,0,6,6,4,0,4,3,3,27,24,24,10,10,12,45.03,44.91,45.01,20,200,1.9,0,0,0
12.01,72,14.24,14.25,14.29,11,11,11,0,-4.2,-0.02,0.11,208.6,7.8,81,1,3,422,695,509,-1,526,12.0,570.3,422,31.3,32.3,0,2.7,527.1,0,11.75,-7.5,9.4,9.2,10.2,10.8,10.1,8.9,11.1,9.9,39.7,40.5,4,10,-0.6,2.5,35,36,35,0,0,0,6,6,4,0,4,3,3,27,24,24,10,10,12,45.04,44.92,45.02,20,200,1.8,0,0,0
11.6,192,12.24,12.25,12.29,11,11,11,0,-3.0,0.01,0.12,208.6,9.5,84,1,3,418,693,503,1,520,11.57,586.7,431,29.0,29.9,0,2.7,527.1,0,11.75,-7.9,9.4,9.2,10.2,10.8,10.1,8.9,11.1,10.0,39.8,40.6,2,10,-0.8,2.5,33,33,35,0,0,0,6,6,4,0,4,3,3,27,24,24,10,10,12,45.03,44.92,45.02,21,210,1.8,0,0,0
11.64,16,14.35,14.36,14.4,11,11,11,0,4.5,0.03,0.08,208.8,8.8,78,1,3,415,695,501,0,518,11.68,581.5,428,32.2,33.2,0,2.7,527.1,0,11.75,-7.4,9.4,9.2,10.3,10.7,10.1,8.9,11.1,9.9,39.7,40.5,4,10,-0.5,2.7,36,36,35,0,0,0,6,6,4,0,4,3,3,27,24,24,10,10,12,45.03,44.91,45.02,20,200,1.9,0,0,0
11.15,344,12.49,12.5,12.54,12,12,14,0,1.1,0.03,0.11,209.1,7.7,80,1,3,410,694,494,2,516,11.22,593.6,438,30.1,31.0,0,2.7,527.1,0,11.75,-7.8,9.4,9.2,10.2,10.8,10.1,8.9,11.1,10.0,39.8,40.6,2,10,-0.8,2.5,33,34,35,0,0,0,6,6,4,0,4,3,3,27,24,24,10,10,12,45.04,44.91,45.02,20,200,1.8,0,0,0
11.79,344,12.95,12.96,13.0,11,11,11,0,-3.2,-0.03,0.11,208.7,9.2,81,1,3,421,695,508,0,521,11.72,582.2,428,30.2,31.2,0,2.7,527.1,0,11.75,-7.7,9.3,9.3,10.2,10.8,10.1,8.9,11.1,10.0,39.8,40.5,2,10,-0.8,2.5,34,35,35,0,0,0,6,6,4,0,4,3,3,27,24,24,10,10,12,45.04,44.91,45.02,20,200,1.9,0,0,0
11.53,344,13.14,13.14,13.19,11,11,11,0,-10.5,-0.01,0.08,208.7,11.3,81,1,3,420,694,506,-1,519,11.49,588.0,433,29.6,30.7,0,2.7,527.1,0,11.75,-7.8,9.4,9.2,10.2,10.8,10.1,8.9,11.1,9.9,39.8,40.6,3,10,-0.8,2.5,33,34,35,0,0,0,6,6,4,0,4,3,3,27,24,24,10,10,12,45.04,44.91,45.02,21,200,2.0,0,0,0
11.59,16,14.35,14.36,14.4,11,11,10,0,-4.4,0.04,0.08,208.7,11.6,80,1,3,415,695,500,-2,521,11.54,588.0,433,32.2,33.2,0,2.7,527.1,0,11.75,-7.4,9.5,9.1,10.3,10.7,10.1,8.9,11.1,9.9,39.7,40.5,3,10,-0.5,2.7,36,37,35,0,0,0,6,6,4,0,4,3,3,27,24,24,10,10,12,45.04,44.91,45.02,20,200,1.8,0,0,0
11.62,344,12.67,12.68,12.72,11,11,11,0,-3.9,0.03,0.13,208.7,7.9,80,1,3,418,695,504,1,519,11.65,582.7,428,30.5,31.7,0,2.7,527.1,0,11.75,-7.6,9.4,9.2,10.2,10.8,10.1,8.9,11.1,10.0,39.8,40.6,4,10,-0.6,2.5,34,35,35,0,0,0,6,6,4,0,4,3,3,27,24,24,10,10,12,45.04,44.91,45.02,20,200,1.9,0,0,0
11.88,96,13.55,13.55,13.6,11,11,11,0,1.2,0.0,0.09,208.5,8.5,79,1,3,424,696,512,2,532,11.91,578.7,427,31.1,32.1,0,2.7,527.1,0,11.75,-7.5,9.4,9.2,10.2,10.7,10.1,8.9,11.1,9.9,39.7,40.5,3,10,-0.6,2.5,35,35,35,0,0,0,6,6,4,0,4,3,3,27,24,24,10,10,12,45.03,44.91,45.02,20,200,2.0,0,0,0
11.32,248,12.48,12.49,12.53,12,11,11,0,0.4,0.04,0.09,209.0,7.5,78,1,3,405,693,487,4,503,11.35,579.7,427,29.5,31.2,0,2.7,527.1,0,11.75,-7.9,9.4,9.3,10.2,10.8,10.1,8.9,11.1,10.0,39.8,40.6,3,10,-0.8,2.4,34,34,35,0,0,0,6,6,4,0,4,3,3,27,24,24,10,10,12,45.04,44.92,45.02,20,200,1.9,0,0,0
11.59,344,12.67,12.68,12.72,11,11,11,0,0.4,0.09,0.05,208.9,9.2,80,1,3,416,695,502,1,526,11.6,585.7,431,30.4,31.6,0,2.7,527.1,0,11.75,-7.7,9.4,9.2,10.2,10.8,10.1,8.9,11.1,9.9,39.8,40.5,3,10,-0.7,2.5,34,35,35,0,0,0,6,6,4,0,4,3,3,27,24,24,10,10,12,45.04,44.91,45.02,20,200,1.9,0,0,0
11.57,344,12.47,12.47,12.52,11,11,11,0,5.3,0.01,0.14,208.8,9.2,77,1,3,419,696,506,3,527,11.63,583.5,431,30.7,31.7,0,2.7,527.1,0,11.75,-7.6,9.4,9.3,10.2,10.7,10.1,8.9,11.1,9.9,39.8,40.6,4,10,-0.6,2.5,34,35,35,0,0,0,6,6,4,0,4,3,3,27,24,24,10,10,12,45.03,44.91,45.02,21,200,1.9,0,0,0
11.59,344,12.83,12.84,12.89,11,12,11,0,-2.6,0.03,0.1,209.0,7.4,81,1,3,418,695,504,2,528,11.64,583.1,430,30.2,31.3,0,2.7,527.1,0,11.75,-7.7,9.4,9.2,10.2,10.8,10.1,8.9,11.1,10.0,39.8,40.5,3,10,-0.8,2.5,34,35,35,0,0,0,6,6,4,0,4,3,3,27,24,24,10,10,12,45.03,44.92,45.02,20,200,1.9,0,0,0
11.46,248,12.99,13.0,13.04,12,11,11,0,-4.4,0.03,0.12,208.7,7.6,82,1,3,418,693,502,0,521,11.51,585.7,432,28.4,29.0,0,2.7,527.1,0,11.75,-7.9,9.4,9.2,10.2,10.8,10.1,8.9,11.1,10.0,39.8,40.6,3,10,-0.8,2.5,31,32,35,0,0,0,6,6,4,0,4,3,3,27,24,24,10,10,12,45.04,44.91,45.01,21,200,1.9,0,0,0
12.2,336,15.25,15.26,15.3,12,11,11,0,-0.4,0.03,0.08,208.7,12.0,81,1,3,427,696,516,2,536,12.24,566.9,418,31.5,32.5,0,2.7,527.1,0,11.75,-7.4,9.4,9.2,10.3,10.7,10.1,8.9,11.1,9.9,39.7,40.5,4,10,-0.6,2.6,35,36,35,0,0,0,6,6,4,0,4,3,3,27,24,24,10,10,12,45.04,44.92,45.02,21,200,1.9,0,0,0
11.58,248,12.99,13.0,13.04,11,11,11,0,-3.3,0.03,0.08,209.0,7.8,82,1,3,419,693,505,0,521,11.51,586.8,432,28.5,28.8,0,2.7,527.1,0,11.75,-7.9,9.4,9.2,10.2,10.8,10.1,8.9,11.1,10.0,39.8,40.6,2,10,-0.8,2.5,31,32,35,0,0,0,6,6,4,0,4,3,3,27,24,24,10,10,12,45.04,44.91,45.01,20,200,1.9,0,0,0
12.16,104,15.56,15.57,15.62,11,11,11,0,-7.4,0.03,0.08,209.0,10.9,83,1,3,423,696,510,2,532,12.1,568.6,419,31.5,32.5,0,2.7,527.1,0,11.75,-7.4,9.4,9.2,10.3,10.7,10.1,8.9,11.1,9.9,39.7,40.6,2,10,-0.6,2.7,35,36,35,0,0,0,6,6,4,0,4,3,3,27,24,24,10,10,12,45.03,44.92,45.02,20,200,1.8,0,0,0
12.04,8,13.64,13.65,13.7,11,11,11,0,-8.5,-0.03,0.08,208.9,10.6,84,1,3,423,696,511,4,525,12.03,571.4,420,32.8,33.9,0,2.7,527.1,0,11.75,-7.2,9.4,9.3,10.2,10.8,10.1,8.9,11.1,9.9,39.7,40.4,3,10,-0.5,2.7,36,37,35,0,0,0,6,6,4,0,4,3,3,27,24,24,10,10,12,45.04,44.92,45.02,20,200,1.9,0,0,0
11.38,344,12.72,12.72,12.77,11,11,11,0,-2.3,-0.03,0.09,208.9,6.5,81,1,3,410,694,494,-3,519,11.4,589.0,433,29.8,31.0,0,2.7,527.1,0,11.75,-7.8,9.4,9.2,10.2,10.8,10.1,8.9,11.1,9.9,39.8,40.5,3,10,-0.8,2.5,33,34,35,0,0,0,6,6,4,0,4,3,3,27,24,24,10,10,12,45.03,44.92,45.02,20,200,1.9,0,0,0
12.0,176,13.64,13.64,13.69,11,11,11,0,12.4,-0.01,0.09,208.9,7.6,74,1,3,423,694,510,0,528,12.01,573.5,421,29.5,30.5,0,2.7,527.1,0,11.75,-7.8,9.4,9.3,10.2,10.8,10.1,8.9,11.1,10.0,39.8,40.6,4,10,-0.8,2.5,33,34,35,0,0,0,6,6,4,0,4,3,3,27,24,24,10,10,12,45.04,44.91,45.02,20,200,1.9,0,0,0
12.04,48,13.72,13.73,13.78,11,11,11,0,-1.6,0.01,0.07,208.9,6.9,78,1,3,424,695,511,-3,523,11.91,575.1,424,31.1,31.9,0,2.7,527.1,0,11.75,-7.6,9.4,9.2,10.2,10.8,10.1,8.9,11.1,10.0,39.7,40.5,3,10,-0.6,2.5,34,35,35,0,0,0,6,6,4,0,4,3,3,27,24,24,10,10,12,45.04,44.92,45.02,20,200,1.8,0,0,0
11.25,16,14.51,14.53,14.57,11,10,11,0,0.9,0.07,0.05,208.6,11.5,83,1,3,413,695,498,-2,517,11.32,591.9,437,31.9,32.9,0,2.7,527.1,0,11.75,-7.4,9.4,9.2,10.2,10.8,10.1,8.9,11.1,9.9,39.7,40.5,3,10,-0.6,2.7,35,36,35,0,0,0,6,6,4,0,4,3,3,27,24,24,10,10,12,45.04,44.92,45.02,20,210,1.8,0,0,0
11.89,96,13.25,13.26,13.3,10,10,10,0,-0.6,0.06,0.06,208.5,7.1,79,1,3,421,695,508,2,531,11.81,581.7,427,31.0,32.1,0,2.7,527.1,0,11.75,-7.6,9.4,9.2,10.2,10.7,10.1,8.9,11.1,9.9,39.7,40.5,4,10,-0.6,2.5,35,35,35,0,0,0,6,6,4,0,4,3,3,27,24,24,10,10,12,45.04,44.91,45.02,21,210,1.9,0,0,0
11.69,184,13.47,13.48,13.52,11,11,11,0,6.1,0.01,0.06,208.6,10.0,80,1,3,421,693,506,5,525,11.72,579.4,428,28.9,30.1,0,2.7,527.1,0,11.75,-7.9,9.4,9.2,10.2,10.8,10.1,8.9,11.1,10.0,39.8,40.6,3,10,-0.8,2.5,33,33,35,0,0,0,6,6,4,0,4,3,3,27,24,24,10,10,12,45.04,44.91,45.02,20,200,1.9,0,0,0
11.46,16,13.25,13.26,13.3,12,11,10,0,-7.2,0.03,0.06,208.7,11.5,82,1,3,419,695,505,-2,521,11.49,589.6,434,32.8,33.7,0,2.7,527.1,0,11.75,-7.3,9.4,9.2,10.2,10.7,10.1,8.9,11.1,9.9,39.7,40.4,3,10,-0.5,2.7,36,37,35,0,0,0,6,6,4,0,4,3,3,27,24,24,10,10,12,45.03,44.91,45.02,20,200,1.9,0,0,0
11.43,248,12.56,12.57,12.61,11,11,11,0,-3.8,-0.04,0.14,208.9,8.2,82,1,3,413,692,496,-3,518,11.36,593.7,436,28.5,29.8,0,2.7,527.1,0,11.75,-7.9,9.4,9.3,10.2,10.8,10.1,8.9,11.1,10.0,39.8,40.6,3,10,-0.8,2.5,32,33,35,0,0,0,6,6,4,0,4,3,3,27,24,24,10,10,12,45.04,44.91,45.02,20,200,1.8,0,0,0
11.48,248,12.47,12.48,12.52,11,11,11,0,-7.2,0.01,0.08,208.9,10.1,82,1,3,422,693,507,1,521,11.49,590.3,434,28.1,29.7,0,2.7,527.1,0,11.75,-7.9,9.4,9.3,10.2,10.8,10.1,8.9,11.1,10.0,39.8,40.6,3,10,-0.8,2.4,32,33,35,0,0,0,6,6,4,0,4,3,3,27,24,24,10,10,12,45.04,44.92,45.02,20,200,1.9,0,0,0
11.29,16,13.24,13.26,13.3,11,11,11,0,-0.9,0.02,0.1,208.9,8.6,79,1,3,412,695,498,0,512,11.22,595.4,438,32.5,33.5,0,2.7,527.1,0,11.75,-7.4,9.4,9.3,10.2,10.7,10.1,8.9,11.1,9.9,39.7,40.5,3,10,-0.5,2.7,36,37,35,0,0,0,6,6,4,0,4,3,3,27,24,24,10,10,12,45.04,44.92,45.02,20,210,1.8,0,0,0
12.1,264,13.72,13.73,13.78,11,11,11,0,-2.5,0.12,0.05,208.8,10.5,78,1,3,424,695,512,1,533,12.05,573.4,422,31.0,32.0,0,2.7,527.1,0,11.75,-7.6,9.4,9.3,10.2,10.8,10.1,8.9,11.1,10.0,39.7,40.6,3,10,-0.6,2.5,34,35,35,0,0,0,6,6,4,0,4,3,3,27,24,24,10,10,12,45.04,44.92,45.02,20,210,1.8,0,0,0
11.77,264,13.64,13.64,13.69,10,11,11,0,6.1,0.07,0.08,209.3,7.5,75,1,3,418,694,503,2,521,11.7,581.6,428,29.5,30.6,0,2.7,527.1,0,11.75,-7.8,9.3,9.2,10.2,10.8,10.1,8.9,11.1,9.9,39.8,40.5,3,10,-0.8,2.5,33,34,35,0,0,0,6,6,4,0,4,3,3,27,24,24,10,10,12,45.04,44.91,45.02,20,200,1.8,0,0,0
11.8,96,13.72,13.73,13.78,11,11,11,0,-1.3,0.08,0.13,208.5,8.7,79,1,3,421,695,508,1,525,11.85,575.5,424,31.1,32.1,0,2.8,527.1,0,11.75,-7.6,9.4,9.2,10.2,10.8,10.1,8.9,11.1,9.9,39.7,40.5,4,10,-0.6,2.5,34,35,35,0,0,0,6,6,4,0,4,3,3,27,24,24,10,10,12,45.04,44.91,45.02,20,200,1.8,0,0,0
11.53,248,12.99,13.0,13.04,11,11,11,0,0.4,0.03,0.05,208.6,7.9,81,1,3,413,693,498,0,515,11.47,586.6,431,28.5,28.9,0,2.7,527.1,0,11.75,-7.9,9.4,9.2,10.2,10.8,10.1,8.9,11.1,10.0,39.8,40.6,3,10,-0.8,2.5,32,33,35,0,0,0,6,6,4,0,4,3,3,27,24,24,10,10,12,45.04,44.91,45.01,20,200,1.9,0,0,0
12.12,216,14.12,14.13,14.17,12,11,10,0,-1.4,0.03,0.09,208.6,11.3,79,1,3,428,696,517,-2,533,12.05,574.8,424,31.2,32.2,0,2.7,527.1,0,11.75,-7.5,9.4,9.3,10.2,10.7,10.1,8.9,11.1,9.9,39.7,40.5,3,10,-0.6,2.5,35,36,35,0,0,0,6,6,4,0,4,3,3,27,24,24,10,10,12,45.04,44.91,45.02,20,200,1.8,0,0,0
11.93,264,13.64,13.64,13.69,11,11,11,0,9.0,0.01,0.08,208.7,8.8,74,1,3,422,694,508,1,527,11.88,576.1,424,29.4,30.5,0,2.7,527.1,0,11.75,-7.8,9.4,9.2,10.2,10.8,10.1,8.9,11.1,9.9,39.8,40.5,3,10,-0.8,2.5,33,34,35,0,0,0,6,6,4,0,4,3,3,27,24,24,10,10,12,45.03,44.91,45.02,21,200,1.8,0,0,0
11.4,248,12.47,12.48,12.52,11,11,10,0,-8.8,0.02,0.11,208.6,10.1,82,1,3,416,692,500,3,517,11.37,590.9,435,29.1,30.7,0,2.7,527.1,0,11.75,-7.9,9.4,9.3,10.2,10.8,10.1,8.9,11.1,9.9,39.8,40.6,3,10,-0.8,2.4,33,33,35,0,0,0,6,6,4,0,4,3,3,27,24,24,10,10,12,45.03,44.91,45.02,21,200,1.9,0,0,0
11.41,16,15.56,15.57,15.62,11,11,11,0,-11.1,0.01,0.06,208.7,10.8,86,1,3,411,696,496,-2,520,11.46,587.3,432,31.5,32.6,0,2.7,527.1,0,11.75,-7.4,9.4,9.2,10.2,10.8,10.1,8.9,11.1,9.9,39.7,40.5,3,10,-0.6,2.7,35,36,35,0,0,0,6,6,4,0,4,3,3,27,24,24,10,10,12,45.03,44.91,45.02,20,200,1.8,0,0,0
11.58,344,12.47,12.47,12.52,11,11,11,0,5.8,0.08,0.09,208.6,8.2,77,1,3,414,696,500,1,525,11.62,582.3,429,30.8,31.7,0,2.7,527.1,0,11.75,-7.6,9.4,9.3,10.2,10.7,10.1,8.9,11.1,9.9,39.8,40.6,3,10,-0.6,2.5,34,35,35,0,0,0,6,6,4,0,4,3,3,27,24,24,10,10,12,45.03,44.91,45.02,20,200,1.9,0,0,0
11.63,344,12.47,12.47,12.52,11,11,11,0,0.7,0.1,0.12,208.8,9.2,79,1,3,419,695,505,1,526,11.61,585.4,431,30.5,31.8,0,2.7,527.1,0,11.75,-7.6,9.4,9.2,10.2,10.8,10.1,8.9,11.1,9.9,39.8,40.5,3,10,-0.6,2.5,34,35,35,0,0,0,6,6,4,0,4,3,3,27,24,24,10,10,12,45.04,44.91,45.02,20,200,2.0,0,0,0
11.61,16,14.35,14.36,14.4,11,11,11,0,-4.0,0.03,0.09,208.8,7.8,80,1,3,419,695,506,0,525,11.62,585.4,431,32.3,33.3,0,2.7,527.1,0,11.75,-7.4,9.4,9.2,10.2,10.8,10.1,8.9,11.1,9.9,39.7,40.5,4,10,-0.5,2.7,36,37,35,0,0,0,6,6,4,0,4,3,3,27,24,24,10,10,12,45.03,44.92,45.02,20,210,1.8,0,0,0
11.58,344,13.13,13.14,13.19,12,11,11,0,-0.4,0.01,0.09,208.7,8.7,80,1,3,414,694,500,0,522,11.54,588.4,433,29.7,30.9,0,2.7,527.1,0,11.75,-7.8,9.4,9.2,10.2,10.8,10.1,8.9,11.1,9.9,39.8,40.6,4,10,-0.8,2.5,33,34,35,0,0,0,6,6,4,0,4,3,3,27,24,24,10,10,12,45.04,44.91,45.02,20,200,1.8,0,0,0
11.64,16,14.35,14.36,14.4,12,11,10,0,4.2,0.05,0.08,208.6,11.7,78,1,3,417,695,503,1,529,11.7,583.4,430,32.1,33.1,0,2.7,527.1,0,11.75,-7.4,9.4,9.2,10.2,10.7,10.1,8.9,11.1,9.9,39.7,40.5,3,10,-0.5,2.7,36,36,35,0,0,0,6,6,4,0,4,3,3,27,24,24,10,10,12,45.04,44.91,45.02,20,200,1.9,0,0,0
11.88,176,13.62,13.63,13.68,11,11,11,0,-12.6,0.07,0.08,209.0,7.8,80,1,3,424,694,511,2,527,11.9,575.9,425,32.6,34.1,0,2.7,527.1,0,11.75,-8.0,9.4,9.3,10.2,10.8,10.2,8.9,11.1,10.0,39.8,40.7,3,10,-0.9,2.4,37,37,35,0,0,0,6,6,4,0,4,3,3,27,24,24,10,10,12,45.04,44.91,45.02,20,200,1.8,0,0,0
11.67,184,13.47,13.48,13.52,11,11,11,0,12.5,0.06,0.08,208.9,8.9,77,1,3,422,693,507,2,521,11.7,580.6,427,29.2,30.0,0,2.7,527.1,0,11.75,-7.9,9.4,9.2,10.2,10.8,10.1,8.9,11.1,10.0,39.8,40.6,4,10,-0.8,2.5,33,33,35,0,0,0,6,6,4,0,4,3,3,27,24,24,10,10,12,45.04,44.91,45.02,20,200,1.9,0,0,0
11.91,16,13.33,13.35,13.38,11,10,10,0,-5.3,0.13,0.08,208.8,11.8,82,1,3,423,695,511,0,525,11.78,581.5,427,32.8,33.6,0,2.8,527.1,0,11.75,-7.3,9.4,9.2,10.2,10.7,10.1,8.9,11.1,9.9,39.7,40.5,3,10,-0.5,2.7,36,37,35,0,0,0,6,6,4,0,4,3,3,27,24,24,10,10,12,45.03,44.91,45.02,20,200,1.8,0,0,0
11.79,264,13.64,13.64,13.69,11,11,11,0,3.6,0.01,0.13,208.6,10.8,75,1,3,425,694,512,-1,527,11.81,581.7,429,29.5,30.6,0,2.7,527.1,0,11.75,-7.8,9.4,9.3,10.2,10.8,10.1,8.9,11.1,10.0,39.8,40.6,3,10,-0.8,2.5,33,34,35,0,0,0,6,6,4,0,4,3,3,27,24,24,10,10,12,45.04,44.92,45.02,20,210,1.9,0,0,0
11.48,344,12.67,12.68,12.72,11,11,12,0,7.0,0.18,0.08,208.6,8.4,77,1,3,416,696,502,-3,520,11.55,584.9,432,30.7,31.6,0,2.7,527.1,0,11.75,-7.6,9.4,9.2,10.2,10.8,10.1,8.9,11.1,10.0,39.8,40.6,3,10,-0.7,2.5,34,35,35,0,0,0,6,6,4,0,4,3,3,27,24,24,10,10,12,45.04,44.91,45.02,20,200,1.9,0,0,0
11.76,184,13.47,13.48,13.52,11,11,11,0,6.5,-0.02,0.11,208.7,8.2,80,1,3,422,693,507,3,529,11.8,577.6,426,29.2,30.1,0,2.7,527.1,0,11.75,-7.9,9.4,9.2,10.2,10.8,10.1,8.9,11.1,10.0,39.8,40.6,3,10,-0.8,2.5,33,33,35,0,0,0,6,6,4,0,4,3,3,27,24,24,10,10,12,45.04,44.91,45.02,20,200,1.9,0,0,0
11.34,16,13.25,13.26,13.3,11,11,12,0,-0.3,0.03,0.08,208.7,10.1,80,1,3,413,695,499,2,517,11.42,588.8,434,32.6,33.6,0,2.8,527.1,0,11.75,-7.3,9.4,9.2,10.2,10.7,10.1,8.9,11.1,9.9,39.7,40.5,3,10,-0.5,2.7,36,37,35,0,0,0,6,6,4,0,4,3,3,27,24,24,10,10,12,45.04,44.91,45.02,20,200,2.0,0,0,0
11.5,16,14.35,14.36,14.4,11,11,11,0,-2.5,0.03,0.09,208.7,7.9,80,1,3,413,695,499,-1,519,11.51,586.2,432,32.2,33.3,0,2.7,527.1,0,11.75,-7.4,9.4,9.1,10.3,10.7,10.1,8.9,11.1,9.9,39.7,40.5,3,10,-0.5,2.7,36,37,35,0,0,0,6,6,4,0,4,3,3,27,24,24,10,10,12,45.04,44.91,45.02,20,200,1.9,0,0,0
11.56,344,12.67,12.68,12.72,11,11,11,0,-2.5,0.05,0.06,208.7,8.1,80,1,3,416,695,503,2,527,11.67,582.3,429,30.6,31.7,0,2.7,527.1,0,11.75,-7.6,9.4,9.2,10.2,10.8,10.1,8.9,11.1,10.0,39.8,40.5,3,10,-0.6,2.5,34,35,35,0,0,0,6,6,4,0,4,3,3,27,24,24,10,10,12,45.04,44.91,45.02,20,200,1.9,0,0,0
11.4,344,12.72,12.72,12.77,11,12,11,0,-7.9,-0.04,0.09,208.5,7.9,82,1,3,412,694,498,0,513,11.42,587.6,434,29.9,30.9,0,2.7,527.1,0,11.75,-7.8,9.4,9.2,10.2,10.8,10.1,8.9,11.1,10.0,39.8,40.5,3,10,-0.8,2.5,33,34,35,0,0,0,6,6,4,0,4,3,3,27,24,24,10,10,12,45.04,44.92,45.02,20,200,1.9,0,0,0
11.37,248,12.56,12.57,12.61,11,11,11,0,-8.3,0.04,0.12,208.7,8.7,83,1,3,415,693,499,1,520,11.44,589.5,435,28.5,29.9,0,2.7,527.1,0,11.75,-7.9,9.4,9.2,10.2,10.8,10.1,8.9,11.1,10.0,39.8,40.6,2,10,-0.8,2.5,32,33,35,0,0,0,6,6,4,0,4,3,3,27,24,24,10,10,12,45.04,44.91,45.02,20,200,1.9,0,0,0
11.49,16,15.51,15.52,15.56,11,11,10,0,-13.9,0.06,0.07,208.7,11.8,88,1,3,412,696,498,4,517,11.46,589.0,434,31.6,32.6,0,2.7,527.1,0,11.75,-7.4,9.4,9.2,10.2,10.8,10.1,8.9,11.1,9.9,39.7,40.5,3,10,-0.6,2.7,35,36,35,0,0,0,6,6,4,0,4,3,3,27,24,24,10,10,12,45.04,44.92,45.02,20,200,1.8,0,0,0
11.69,16,14.35,14.36,14.4,12,11,10,0,2.3,0.08,0.08,208.8,11.2,78,1,3,418,695,505,-1,523,11.7,583.5,429,32.3,33.5,0,2.7,527.1,0,11.75,-7.4,9.4,9.2,10.2,10.7,10.1,8.9,11.1,9.9,39.7,40.5,2,10,-0.5,2.7,36,37,35,0,0,0,6,6,4,0,4,3,3,27,24,24,10,10,12,45.04,44.91,45.02,20,200,2.0,0,0,0
11.51,344,13.13,13.14,13.19,11,11,11,0,2.2,0.1,0.07,209.0,12.2,79,1,3,416,694,501,3,518,11.55,585.5,431,29.7,30.9,0,2.7,527.1,0,11.75,-7.8,9.4,9.2,10.2,10.8,10.1,8.9,11.1,10.0,39.8,40.6,3,10,-0.8,2.5,33,34,35,0,0,0,6,6,4,0,4,3,3,27,24,24,10,10,12,45.04,44.91,45.02,20,210,1.9,0,0,0
11.6,208,13.25,13.26,13.3,11,11,11,0,4.7,0.07,0.11,208.8,8.1,78,1,3,424,693,510,1,522,11.68,582.2,429,30.7,32.2,0,2.7,527.1,0,11.75,-8.0,9.4,9.3,10.2,10.8,10.1,8.9,11.1,10.0,39.8,40.7,3,10,-0.8,2.4,34,35,35,0,0,0,6,6,4,0,4,3,3,27,24,24,10,10,12,45.03,44.91,45.02,20,210,1.8,0,0,0
12.29,104,15.25,15.26,15.3,11,11,11,0,-0.5,0.09,0.08,208.6,11.2,81,1,3,423,695,511,1,533,12.23,566.5,417,31.4,32.6,0,2.7,527.1,0,11.75,-7.4,9.4,9.2,10.3,10.7,10.1,8.9,11.1,9.9,39.7,40.5,4,10,-0.6,2.6,35,36,35,0,0,0,6,6,4,0,4,3,3,27,24,24,10,10,12,45.04,44.92,45.02,20,200,1.9,0,0,0
11.97,184,14.24,14.25,14.29,12,11,10,0,-6.1,0.1,0.08,208.8,11.4,81,1,3,424,695,512,-2,530,11.95,573.9,424,31.2,32.3,0,2.7,527.1,0,11.75,-7.5,9.4,9.3,10.2,10.8,10.1,8.9,11.1,9.9,39.7,40.5,4,10,-0.6,2.5,35,36,35,0,0,0,6,6,4,0,4,3,3,27,24,24,10,10,12,45.04,44.92,45.02,20,200,2.0,0,0,0
11.67,184,13.28,13.29,13.34,11,11,10,0,6.0,0.04,0.08,208.6,10.7,77,1,3,422,693,507,1,530,11.73,583.7,430,29.3,30.2,0,2.7,527.1,0,11.75,-7.8,9.3,9.3,10.2,10.8,10.1,8.9,11.1,9.9,39.8,40.6,3,10,-0.8,2.5,33,34,35,0,0,0,6,6,4,0,4,3,3,27,24,24,10,10,12,45.03,44.91,45.02,20,200,1.8,0,0,0
11.58,16,14.35,14.36,14.4,11,11,11,0,-3.8,0.03,0.09,208.7,9.0,80,1,3,414,694,499,-3,522,11.54,588.4,432,32.3,33.3,0,2.7,527.1,0,11.75,-7.4,9.4,9.1,10.3,10.7,10.1,8.9,11.1,9.9,39.7,40.5,3,10,-0.5,2.7,36,37,35,0,0,0,6,6,4,0,4,3,3,27,24,24,10,10,12,45.04,44.91,45.02,20,200,1.8,0,0,0
12.0,120,13.72,13.73,13.78,11,11,11,0,-1.3,0.09,0.12,209.1,9.3,78,1,3,426,695,514,-2,529,12.01,572.4,424,30.9,32.1,0,2.7,527.1,0,11.75,-7.6,9.4,9.3,10.2,10.8,10.1,8.9,11.1,10.0,39.7,40.6,4,10,-0.6,2.5,34,35,35,0,0,0,6,6,4,0,4,3,3,27,24,24,10,10,12,45.04,44.92,45.02,20,200,1.9,0,0,0
11.59,344,12.67,12.68,12.72,11,11,11,0,1.9,-0.12,0.14,208.7,6.9,78,1,3,419,695,506,2,528,11.61,585.8,432,30.6,31.6,0,2.7,527.1,0,11.75,-7.6,9.4,9.2,10.2,10.8,10.1,8.9,11.1,10.0,39.8,40.6,3,10,-0.6,2.5,34,35,35,0,0,0,6,6,4,0,4,3,3,27,24,24,10,10,12,45.04,44.91,45.02,20,200,1.8,0,0,0
11.69,16,14.35,14.36,14.4,11,11,10,0,2.2,0.04,0.08,208.5,11.5,79,1,3,418,696,504,-1,527,11.67,583.7,430,32.1,33.0,0,2.7,527.1,0,11.75,-7.4,9.4,9.2,10.2,10.7,10.1,8.9,11.1,9.9,39.7,40.5,3,10,-0.5,2.7,36,36,35,0,0,0,6,6,4,0,4,3,3,27,24,24,10,10,12,45.04,44.91,45.01,20,200,2.0,0,0,0
11.84,184,13.28,13.29,13.33,11,11,11,0,12.2,0.03,0.09,208.9,6.8,74,1,3,423,694,510,-2,530,11.88,579.0,427,29.4,30.5,0,2.7,527.1,0,11.75,-7.8,9.3,9.3,10.2,10.8,10.1,8.9,11.1,10.0,39.8,40.6,3,10,-0.8,2.5,33,34,35,0,0,0,6,6,4,0,4,3,3,27,24,24,10,10,12,45.03,44.92,45.02,20,200,1.9,0,0,0
11.11,16,14.51,14.52,14.57,11,11,11,0,-4.2,0.01,0.13,208.7,8.4,86,1,3,407,695,492,0,513,11.13,597.2,439,31.7,32.7,0,2.7,527.1,0,11.75,-7.4,9.4,9.2,10.2,10.7,10.1,8.9,11.1,9.9,39.7,40.5,4,10,-0.6,2.7,35,36,35,0,0,0,6,6,4,0,4,3,3,27,24,24,10,10,12,45.04,44.91,45.02,20,200,1.9,0,0,0
11.87,176,13.62,13.63,13.68,11,11,11,0,-11.1,0.05,0.07,209.2,10.7,80,1,3,422,694,509,0,528,11.89,577.4,426,32.4,34.1,0,2.7,527.1,0,11.75,-8.0,9.4,9.2,10.2,10.8,10.2,8.9,11.1,10.0,39.8,40.7,3,10,-0.9,2.4,37,37,35,0,0,0,6,6,4,0,4,3,3,27,24,24,10,10,12,45.04,44.91,45.02,21,200,1.9,0,0,0
12.12,40,13.63,13.64,13.68,11,11,11,0,4.0,0.04,0.1,209.0,8.9,78,1,3,425,694,512,1,532,11.98,576.1,424,30.3,31.6,0,2.7,527.1,0,11.75,-8.0,9.4,9.3,10.2,10.8,10.1,8.9,11.1,10.0,39.8,40.6,3,10,-0.8,2.4,34,35,35,0,0,0,6,6,4,0,4,3,3,27,24,24,10,10,12,45.04,44.91,45.01,20,200,1.8,0,0,0
11.54,248,12.99,13.0,13.04,11,11,11,0,-0.1,0.0,0.18,208.7,7.7,81,1,3,418,692,502,-3,520,11.47,588.7,433,28.6,29.3,0,2.7,527.1,0,11.75,-7.9,9.4,9.3,10.2,10.8,10.1,8.9,11.1,10.0,39.8,40.6,3,10,-0.8,2.5,32,33,35,0,0,0,6,6,4,0,4,3,3,27,24,24,10,10,12,45.04,44.92,45.02,20,200,1.9,0,0,0
11.69,16,14.35,14.36,14.4,11,11,11,0,3.1,0.03,0.09,208.5,11.0,80,1,3,419,694,505,4,526,11.62,585.7,431,31.9,33.2,0,2.7,527.1,0,11.75,-7.4,9.4,9.2,10.2,10.8,10.1,8.9,11.1,9.9,39.7,40.5,3,10,-0.6,2.7,35,36,35,0,0,0,6,6,4,0,4,3,3,27,24,24,10,10,12,45.04,44.91,45.02,20,200,1.9,0,0,0
11.46,344,13.14,13.14,13.19,11,11,11,0,-2.3,0.03,0.11,208.5,9.2,80,1,3,418,695,505,0,521,11.51,587.9,433,29.7,30.8,0,2.7,527.1,0,11.75,-7.8,9.4,9.2,10.2,10.8,10.1,8.9,11.1,9.9,39.8,40.6,3,10,-0.8,2.5,33,34,35,0,0,0,6,6,4,0,4,3,3,27,24,24,10,10,12,45.04,44.91,45.02,20,200,1.8,0,0,0
11.88,168,13.47,13.48,13.52,11,11,11,0,4.0,0.04,0.07,208.6,8.5,82,1,3,424,693,510,-4,527,11.92,573.7,424,28.9,30.2,0,2.7,527.1,0,11.75,-7.9,9.4,9.3,10.2,10.8,10.1,8.9,11.1,10.0,39.8,40.6,3,10,-0.8,2.5,33,33,35,0,0,0,6,6,4,0,4,3,3,27,24,24,10,10,12,45.04,44.92,45.02,21,200,1.8,0,0,0
11.83,96,13.54,13.55,13.6,11,11,12,0,0.7,0.02,0.11,208.8,10.9,79,1,3,420,696,508,2,531,11.86,577.9,426,30.9,32.2,0,2.7,527.1,0,11.75,-7.5,9.4,9.2,10.2,10.7,10.1,8.9,11.1,9.9,39.8,40.5,4,10,-0.6,2.5,35,35,35,0,0,0,6,6,4,0,4,3,3,27,24,24,10,10,12,45.03,44.91,45.02,20,200,1.9,0,0,0
11.58,248,12.47,12.48,12.52,11,11,11,0,-4.9,0.11,0.06,208.8,10.2,82,1,3,423,692,508,-2,527,11.64,584.8,431,28.0,29.4,0,2.7,527.1,0,11.75,-7.9,9.4,9.3,10.2,10.8,10.1,8.9,11.1,10.0,39.8,40.6,2,10,-0.8,2.5,32,32,35,0,0,0,6,6,4,0,4,3,3,27,24,24,10,10,12,45.04,44.91,45.02,20,200,1.9,0,0,0
11.22,248,12.56,12.57,12.61,11,12,11,0,-1.2,0.01,0.16,208.6,6.8,81,1,3,411,692,494,-1,518,11.28,592.8,438,28.5,29.7,0,2.7,527.1,0,11.75,-7.9,9.4,9.3,10.2,10.8,10.1,8.9,11.1,10.0,39.8,40.6,3,10,-0.8,2.5,32,33,35,0,0,0,6,6,4,0,4,3,3,27,24,24,10,10,12,45.04,44.91,45.02,20,200,1.9,0,0,0
11.36,248,12.47,12.48,12.52,11,11,11,0,-4.5,0.02,0.08,209.0,8.7,81,1,3,415,693,500,-4,516,11.38,589.8,435,28.7,30.6,0,2.7,527.1,0,11.75,-7.9,9.3,9.3,10.2,10.8,10.1,8.9,11.1,9.9,39.8,40.6,3,10,-0.8,2.4,33,33,35,0,0,0,6,6,4,0,4,3,3,27,24,24,10,10,12,45.04,44.92,45.02,20,200,1.8,0,0,0
11.41,248,12.47,12.48,12.52,11,11,11,0,-7.4,0.01,0.11,209.1,7.2,82,1,3,414,692,498,3,516,11.38,590.3,434,28.9,30.6,0,2.7,527.1,0,11.75,-7.9,9.3,9.3,10.2,10.8,10.2,8.9,11.1,9.9,39.8,40.7,3,10,-0.8,2.4,33,33,35,0,0,0,6,6,4,0,4,3,3,27,24,24,10,10,12,45.04,44.91,45.02,20,200,1.9,0,0,0
12.09,240,13.64,13.65,13.7,11,11,11,0,-3.3,0.03,0.08,208.6,11.8,82,1,3,427,695,516,1,531,12.01,577.1,424,32.7,33.9,0,2.7,527.1,0,11.75,-7.2,9.5,9.2,10.2,10.7,10.1,8.9,11.1,9.9,39.7,40.4,4,10,-0.5,2.7,36,37,35,0,0,0,6,6,4,0,4,3,3,27,24,24,10,10,12,45.04,44.91,45.02,20,200,1.8,0,0,0
11.65,344,12.47,12.47,12.52,11,11,11,0,5.0,0.03,0.08,209.1,8.0,77,1,3,416,695,502,2,520,11.66,583.7,430,30.6,31.6,0,2.7,527.1,0,11.75,-7.6,9.4,9.3,10.2,10.7,10.1,8.9,11.1,9.9,39.8,40.5,3,10,-0.6,2.5,34,35,35,0,0,0,6,6,4,0,4,3,3,27,24,24,10,10,12,45.04,44.91,45.02,20,200,1.8,0,0,0
11.64,344,12.56,12.56,12.61,10,10,11,0,1.1,-0.01,0.08,209.0,11.0,80,1,3,420,695,507,0,526,11.59,588.3,432,30.2,31.1,0,2.7,527.1,0,11.75,-7.7,9.3,9.3,10.2,10.8,10.1,8.9,11.1,9.9,39.8,40.5,3,10,-0.8,2.5,34,34,35,0,0,0,6,6,4,0,4,3,3,27,24,24,10,10,12,45.03,44.92,45.02,20,200,1.9,0,0,0
11.47,344,12.84,12.84,12.89,11,11,12,0,1.7,0.01,0.08,208.8,6.6,80,1,3,415,695,501,-1,516,11.49,585.1,431,30.2,31.4,0,2.7,527.1,0,11.75,-7.7,9.4,9.3,10.2,10.8,10.1,8.9,11.1,10.0,39.8,40.6,3,10,-0.8,2.5,34,35,35,0,0,0,6,6,4,0,4,3,3,27,24,24,10,10,12,45.04,44.91,45.02,20,200,1.8,0,0,0
11.79,16,13.46,13.48,13.52,11,11,11,0,-3.1,0.01,0.13,208.8,10.1,82,1,3,419,694,506,0,526,11.74,582.9,429,32.7,33.9,0,2.7,527.1,0,11.75,-7.2,9.4,9.2,10.2,10.7,10.1,8.9,11.1,9.9,39.7,40.5,3,10,-0.5,2.7,36,37,35,0,0,0,6,6,4,0,4,3,3,27,24,24,10,10,12,45.03,44.92,45.02,20,200,1.8,0,0,0
11.37,16,13.25,13.26,13.3,11,11,11,0,0.7,0.05,0.1,208.9,9.1,80,1,3,413,694,499,2,517,11.41,589.6,435,32.6,33.8,0,2.7,527.1,0,11.75,-7.3,9.4,9.2,10.2,10.7,10.1,8.9,11.1,9.9,39.7,40.5,3,10,-0.5,2.7,36,37,35,0,0,0,6,6,4,0,4,3,3,27,24,24,10,10,12,45.03,44.91,45.02,21,200,1.9,0,0,0
11.67,328,14.24,14.25,14.29,11,11,11,0,-10.1,0.08,0.06,208.7,9.0,83,1,3,422,695,510,0,524,11.74,581.5,429,31.2,32.4,0,2.7,527.1,0,11.75,-7.4,9.4,9.2,10.2,10.7,10.1,8.9,11.1,9.9,39.7,40.5,2,10,-0.6,2.6,35,36,35,0,0,0,6,6,4,0,4,3,3,27,24,24,10,10,12,45.04,44.91,45.02,20,200,1.8,0,0,0
12.04,208,13.72,13.73,13.78,11,11,11,0,4.2,0.08,0.05,208.7,8.7,76,1,3,424,695,511,-2,530,12.09,570.1,419,30.8,32.1,0,2.7,527.1,0,11.75,-7.6,9.4,9.3,10.2,10.8,10.1,8.9,11.1,9.9,39.8,40.5,3,10,-0.6,2.5,34,35,35,0,0,0,6,6,4,0,4,3,3,27,24,24,10,10,12,45.04,44.91,45.02,20,200,1.9,0,0,0
12.0,136,13.72,13.73,13.78,11,11,11,0,5.5,0.03,0.06,208.4,8.8,76,1,3,427,695,515,2,535,12.0,574.6,424,30.9,31.9,0,2.7,527.1,0,11.75,-7.6,9.4,9.2,10.2,10.8,10.1,8.9,11.1,9.9,39.8,40.5,3,10,-0.6,2.5,34,35,35,0,0,0,6,6,4,0,4,3,3,27,24,24,10,10,12,45.04,44.91,45.02,21,210,1.9,0,0,0
11.78,96,13.55,13.55,13.6,11,11,11,0,-2.6,0.05,0.06,208.7,8.1,80,1,3,419,695,506,2,525,11.81,578.2,426,30.9,32.2,0,2.7,527.1,0,11.75,-7.5,9.4,9.2,10.2,10.7,10.1,8.9,11.1,9.9,39.8,40.5,3,10,-0.6,2.5,35,35,35,0,0,0,6,6,4,0,4,3,3,27,24,24,10,10,12,45.03,44.92,45.02,20,200,1.8,0,0,0
11.61,208,13.25,13.26,13.3,11,11,11,0,3.1,0.04,0.03,208.9,8.4,78,1,3,420,693,506,0,522,11.66,583.0,430,30.5,32.2,0,2.7,527.1,0,11.75,-8.0,9.4,9.2,10.2,10.8,10.1,8.9,11.1,10.0,39.8,40.7,3,10,-0.8,2.4,34,35,35,0,0,0,6,6,4,0,4,3,3,27,24,24,10,10,12,45.03,44.91,45.02,20,210,1.8,0,0,0
11.45,344,13.14,13.14,13.19,11,11,11,0,-10.8,0.03,0.1,209.0,10.2,81,1,3,412,694,496,-2,518,11.48,587.9,432,29.6,30.7,0,2.7,527.1,0,11.75,-7.8,9.4,9.2,10.2,10.8,10.1,8.9,11.1,9.9,39.8,40.6,3,10,-0.8,2.5,33,34,35,0,0,0,6,6,4,0,4,3,3,27,24,24,10,10,12,45.04,44.91,45.01,20,210,2.0,0,0,0
11.45,16,15.51,15.52,15.56,11,11,11,0,-9.6,0.04,0.06,208.6,11.5,86,1,3,411,695,497,2,520,11.44,588.8,433,31.6,32.6,0,2.7,527.1,0,11.75,-7.4,9.4,9.2,10.2,10.7,10.1,8.9,11.1,9.9,39.7,40.5,4,10,-0.6,2.7,35,36,35,0,0,0,6,6,4,0,4,3,3,27,24,24,10,10,12,45.04,44.92,45.02,20,200,2.0,0,0,0
11.37,248,12.99,13.0,13.04,11,11,11,0,-0.6,0.1,0.05,208.8,6.0,81,1,3,416,692,500,-2,517,11.45,589.0,434,28.6,29.0,0,2.7,527.1,0,11.75,-7.9,9.4,9.2,10.2,10.8,10.1,8.9,11.1,10.0,39.8,40.6,4,10,-0.8,2.5,32,33,35,0,0,0,6,6,4,0,4,3,3,27,24,24,10,10,12,45.04,44.91,45.02,20,200,1.8,0,0,0
11.63,344,12.94,12.95,12.99,10,10,10,0,0.9,0.07,0.08,208.5,10.8,80,1,3,417,695,503,4,526,11.67,585.5,430,30.2,31.1,0,2.7,527.1,0,11.75,-7.7,9.3,9.3,10.2,10.8,10.1,8.9,11.1,9.9,39.8,40.5,3,10,-0.8,2.5,34,34,35,0,0,0,6,6,4,0,4,3,3,27,24,24,10,10,12,45.03,44.92,45.02,20,200,1.9,0,0,0
11.61,344,13.13,13.14,13.19,11,11,11,0,-6.4,0.08,0.09,208.5,9.0,81,1,3,418,694,503,-1,523,11.6,585.4,431,29.9,30.9,0,2.7,527.1,0,11.75,-7.8,9.3,9.3,10.2,10.8,10.1,8.9,11.1,9.9,39.8,40.6,3,10,-0.8,2.5,33,34,35,0,0,0,6,6,4,0,4,3,3,27,24,24,10,10,12,45.04,44.91,45.02,20,200,1.8,0,0,0
11.78,16,13.47,13.48,13.52,11,11,11,0,-4.2,-0.04,0.1,208.8,9.2,82,1,3,420,695,507,1,525,11.8,579.2,426,32.8,33.8,0,2.8,527.1,0,11.75,-7.3,9.4,9.2,10.2,10.7,10.1,8.9,11.1,9.9,39.7,40.5,3,10,-0.5,2.7,36,37,35,0,0,0,6,6,4,0,4,3,3,27,24,24,10,10,12,45.03,44.91,45.02,20,200,1.9,0,0,0
11.69,344,12.67,12.68,12.72,11,11,11,0,0.2,0.01,0.12,208.8,9.7,80,1,3,420,695,507,-1,523,11.62,585.2,430,30.4,31.5,0,2.7,527.1,0,11.75,-7.7,9.4,9.2,10.2,10.8,10.1,8.9,11.1,9.9,39.8,40.5,3,10,-0.7,2.5,34,35,35,0,0,0,6,6,4,0,4,3,3,27,24,24,10,10,12,45.04,44.91,45.02,20,200,1.9,0,0,0
11.99,184,13.63,13.64,13.68,11,11,11,0,5.9,0.03,0.08,208.7,10.9,77,1,3,421,694,507,1,529,11.94,574.9,422,30.1,31.6,0,2.7,527.1,0,11.75,-8.0,9.4,9.3,10.2,10.8,10.1,8.9,11.1,10.0,39.8,40.6,3,10,-0.8,2.4,34,35,35,0,0,0,6,6,4,0,4,3,3,27,24,24,10,10,12,45.04,44.91,45.01,20,200,1.8,0,0,0
11.63,184,13.28,13.29,13.33,11,11,10,0,9.0,-0.07,0.1,209.0,9.9,78,1,3,421,692,506,-2,523,11.67,582.1,431,29.1,30.2,0,2.7,527.1,0,11.75,-7.8,9.4,9.2,10.2,10.8,10.1,8.9,11.1,10.0,39.8,40.6,3,10,-0.8,2.5,33,33,35,0,0,0,6,6,4,0,4,3,3,27,24,24,10,10,12,45.04,44.91,45.02,20,200,1.9,0,0,0
11.69,264,13.64,13.64,13.69,11,10,12,0,4.7,0.03,0.03,208.8,10.6,75,1,3,419,694,505,-2,524,11.73,580.7,429,29.6,30.5,0,2.7,527.1,0,11.75,-7.8,9.3,9.3,10.2,10.8,10.1,8.9,11.1,10.0,39.8,40.5,3,10,-0.8,2.5,33,34,35,0,0,0,6,6,4,0,4,3,3,27,24,24,10,10,12,45.04,44.91,45.02,20,210,2.0,0,0,0
11.97,168,13.64,13.65,13.7,11,11,11,0,-7.4,0.11,0.08,208.6,10.7,83,1,3,425,696,513,1,531,12.02,572.9,422,32.8,33.9,0,2.7,527.1,0,11.75,-7.2,9.4,9.3,10.2,10.7,10.1,8.9,11.1,9.9,39.7,40.4,4,10,-0.5,2.7,36,37,35,0,0,0,6,6,4,0,4,3,3,27,24,24,10,10,12,45.03,44.92,45.02,21,200,2.0,0,0,0
10.98,16,14.78,14.8,14.84,14,14,12,0,-6.8,0.03,0.14,208.6,8.5,87,1,3,404,695,487,3,507,11.0,597.8,440,31.7,32.6,0,2.7,527.1,0,11.75,-7.4,9.4,9.2,10.2,10.7,10.1,8.9,11.1,9.9,39.7,40.5,3,10,-0.6,2.7,35,36,35,0,0,0,6,6,4,0,4,3,3,27,24,24,10,10,12,45.04,44.91,45.02,20,200,1.8,0,0,0
11.59,248,13.63,13.64,13.68,10,11,11,0,2.8,0.05,0.06,208.9,10.7,78,1,3,416,693,501,2,516,11.55,582.0,429,29.8,31.2,0,2.7,527.1,0,11.75,-7.9,9.4,9.3,10.2,10.8,10.1,8.9,11.1,10.0,39.8,40.6,3,10,-0.8,2.4,34,34,35,0,0,0,6,6,4,0,4,3,3,27,24,24,10,10,12,45.04,44.91,45.02,20,200,1.8,0,0,0
11.26,344,12.67,12.67,12.72,12,12,11,0,0.9,0.03,0.06,208.6,8.7,80,1,3,412,694,497,-3,515,11.28,593.2,437,30.3,31.4,0,2.7,527.1,0,11.75,-7.7,9.4,9.2,10.2,10.8,10.1,8.9,11.1,10.0,39.8,40.6,3,10,-0.8,2.5,34,35,35,0,0,0,6,6,4,0,4,3,3,27,24,24,10,10,12,45.03,44.92,45.02,21,200,1.8,0,0,0
11.7,264,13.64,13.64,13.69,11,11,11,0,9.2,0.1,0.1,208.8,9.5,74,1,3,414,694,500,0,525,11.75,577.7,427,29.4,30.7,0,2.7,527.1,0,11.75,-7.8,9.4,9.2,10.2,10.8,10.1,8.9,11.1,9.9,39.8,40.5,2,10,-0.8,2.5,33,34,35,0,0,0,6,6,4,0,4,3,3,27,24,24,10,10,12,45.03,44.91,45.02,20,200,1.9,0,0,0
11.46,16,14.51,14.53,14.57,11,11,11,0,-3.2,0.03,0.11,209.0,10.8,84,1,3,416,695,502,2,520,11.48,589.2,433,31.8,33.0,0,2.7,527.1,0,11.75,-7.4,9.4,9.2,10.2,10.8,10.1,8.9,11.1,9.9,39.7,40.5,4,10,-0.6,2.7,35,36,35,0,0,0,6,6,4,0,4,3,3,27,24,24,10,10,12,45.03,44.91,45.02,19,200,1.9,0,0,0
11.75,16,14.35,14.36,14.4,11,11,10,0,4.7,0.05,0.12,209.2,7.3,78,1,3,423,695,510,1,526,11.76,580.2,428,31.9,33.1,0,2.7,527.1,0,11.75,-7.4,9.4,9.2,10.2,10.7,10.1,8.9,11.1,9.9,39.7,40.5,3,10,-0.6,2.7,36,36,35,0,0,0,6,6,4,0,4,3,3,27,24,24,10,10,12,45.04,44.92,45.02,20,200,1.9,0,0,0
11.67,232,12.9,12.91,12.96,11,11,11,0,-1.0,0.06,0.08,209.3,9.4,75,1,3,424,694,510,2,524,11.63,587.2,431,33.1,34.0,0,2.7,527.1,0,11.75,-8.1,9.4,9.3,10.2,10.8,10.2,8.9,11.1,10.0,39.8,40.6,3,10,-0.9,2.4,36,37,35,0,0,0,6,6,4,0,4,3,3,27,24,24,10,10,12,45.04,44.91,45.02,20,200,1.9,0,0,0
12.09,288,14.24,14.25,14.29,11,11,12,0,-2.6,0.01,0.08,209.2,8.8,80,1,3,424,695,512,-2,532,12.12,567.9,419,31.2,32.1,0,2.7,527.1,0,11.75,-7.5,9.4,9.3,10.2,10.8,10.1,8.9,11.1,9.9,39.7,40.5,3,10,-0.6,2.5,35,36,35,0,0,0,6,6,4,0,4,3,3,27,24,24,10,10,12,45.04,44.92,45.02,20,200,1.8,0,0,0
11.9,248,12.56,12.57,12.61,12,11,11,0,-8.0,0.05,0.08,208.6,8.1,84,1,3,426,693,512,1,534,11.92,579.0,427,28.7,29.7,0,2.7,527.1,0,11.75,-7.9,9.4,9.3,10.2,10.8,10.1,8.9,11.1,10.0,39.8,40.5,2,10,-0.8,2.5,32,33,35,0,0,0,6,6,4,0,4,3,3,27,24,24,10,10,12,45.04,44.92,45.02,20,200,1.9,0,0,0
11.41,208,13.03,13.04,13.08,11,11,11,0,-7.5,0.05,0.03,209.0,9.7,82,1,3,413,693,497,1,517,11.38,588.5,435,31.0,33.5,0,2.7,527.1,0,11.75,-8.0,9.4,9.3,10.2,10.8,10.1,8.9,11.1,10.0,39.8,40.6,3,10,-0.9,2.4,35,36,35,0,0,0,6,6,4,0,4,3,3,27,24,24,10,10,12,45.04,44.91,45.02,20,210,1.8,0,0,0
11.48,248,12.99,13.0,13.04,10,11,11,0,1.8,0.04,0.03,208.8,8.0,80,1,3,416,692,500,-3,516,11.44,588.0,432,28.7,29.2,0,2.7,527.1,0,11.75,-7.9,9.4,9.3,10.2,10.8,10.1,8.9,11.1,10.0,39.8,40.6,3,10,-0.8,2.5,32,33,35,0,0,0,6,6,4,0,4,3,3,27,24,24,10,10,12,45.04,44.92,45.02,20,200,1.9,0,0,0
12.07,96,13.72,13.73,13.78,11,11,11,0,4.1,0.03,0.03,208.7,8.3,76,1,3,421,695,508,-1,530,12.0,575.9,423,30.8,31.9,0,2.7,527.1,0,11.75,-7.6,9.4,9.2,10.2,10.8,10.1,8.9,11.1,9.9,39.8,40.5,3,10,-0.6,2.5,34,35,35,0,0,0,6,6,4,0,4,3,3,27,24,24,10,10,12,45.04,44.92,45.02,20,200,1.8,0,0,0
11.37,16,13.25,13.26,13.3,11,11,11,0,1.0,0.04,0.08,208.9,7.3,79,1,3,412,695,498,0,518,11.44,589.4,433,32.6,33.7,0,2.8,527.1,0,11.75,-7.3,9.4,9.2,10.2,10.7,10.1,8.9,11.1,9.9,39.7,40.5,3,10,-0.5,2.7,36,37,35,0,0,0,6,6,4,0,4,3,3,27,24,24,10,10,12,45.04,44.92,45.02,20,200,1.9,0,0,0
11.7,248,12.99,13.0,13.04,12,11,10,0,-0.3,0.03,0.09,208.8,8.8,81,1,3,418,693,503,2,523,11.69,582.2,429,28.2,29.0,0,2.7,527.1,0,11.75,-7.9,9.4,9.3,10.2,10.8,10.1,8.9,11.1,10.0,39.8,40.6,3,10,-0.8,2.5,31,32,35,0,0,0,6,6,4,0,4,3,3,27,24,24,10,10,12,45.04,44.91,45.02,20,200,1.9,0,0,0
11.53,248,12.99,13.0,13.04,11,11,11,0,-3.3,0.1,0.08,208.8,6.8,81,1,3,418,693,503,3,523,11.61,582.8,429,28.4,28.8,0,2.7,527.1,0,11.75,-7.9,9.4,9.2,10.2,10.8,10.1,8.9,11.1,10.0,39.8,40.6,3,10,-0.8,2.5,31,32,35,0,0,0,6,6,4,0,4,3,3,27,24,24,10,10,12,45.04,44.92,45.02,20,200,1.8,0,0,0
11.58,344,12.84,12.84,12.89,12,11,11,0,-0.5,0.03,0.09,208.9,9.4,81,1,3,416,696,502,3,521,11.6,584.1,431,30.2,31.2,0,2.7,527.1,0,11.75,-7.7,9.4,9.2,10.2,10.8,10.1,8.9,11.1,9.9,39.8,40.5,3,10,-0.8,2.5,34,35,35,0,0,0,6,6,4,0,4,3,3,27,24,24,10,10,12,45.03,44.92,45.02,20,210,1.9,0,0,0
11.39,16,14.35,14.36,14.4,11,11,10,0,-1.9,0.01,0.05,208.6,11.0,80,1,3,417,694,503,2,525,11.44,589.5,434,32.2,33.3,0,2.8,527.1,0,11.75,-7.4,9.4,9.2,10.2,10.8,10.1,8.9,11.1,9.9,39.7,40.5,3,10,-0.5,2.7,36,37,35,0,0,0,6,6,4,0,4,3,3,27,24,24,10,10,12,45.04,44.91,45.02,20,200,1.9,0,0,0
12.0,232,13.95,13.96,14.01,12,11,10,0,2.5,0.09,0.05,208.8,11.5,78,1,3,424,695,512,0,538,11.97,576.5,426,31.1,32.1,0,2.7,527.1,0,11.75,-7.6,9.4,9.3,10.2,10.7,10.1,8.9,11.1,9.9,39.7,40.6,3,10,-0.6,2.5,35,35,35,0,0,0,6,6,4,0,4,3,3,27,24,24,10,10,12,45.04,44.92,45.02,20,200,1.8,0,0,0
11.38,344,12.72,12.72,12.77,11,11,11,0,-3.3,0.1,0.07,208.7,10.7,81,1,3,413,694,498,-3,517,11.37,589.1,435,29.9,31.1,0,2.7,527.1,0,11.75,-7.8,9.4,9.2,10.2,10.8,10.1,8.9,11.1,10.0,39.8,40.5,3,10,-0.8,2.5,33,34,35,0,0,0,6,6,4,0,4,3,3,27,24,24,10,10,12,45.03,44.91,45.02,20,200,1.8,0,0,0
11.51,16,14.51,14.53,14.57,10,11,11,0,-3.2,0.01,0.06,208.6,11.0,84,1,3,413,695,500,0,523,11.46,591.5,434,31.9,32.8,0,2.7,527.1,0,11.75,-7.4,9.4,9.3,10.2,10.8,10.1,8.9,11.1,9.9,39.7,40.5,3,10,-0.6,2.7,35,36,35,0,0,0,6,6,4,0,4,3,3,27,24,24,10,10,12,45.04,44.91,45.02,20,200,1.9,0,0,0
11.65,248,12.56,12.57,12.61,11,11,11,0,-3.9,0.03,0.17,208.8,9.1,83,1,3,423,693,508,1,529,11.7,584.7,431,28.6,29.7,0,2.7,527.1,0,11.75,-7.9,9.4,9.3,10.2,10.8,10.1,8.9,11.1,10.0,39.8,40.6,4,10,-0.8,2.5,32,33,35,0,0,0,6,6,4,0,4,3,3,27,24,24,10,10,12,45.04,44.91,45.02,20,200,1.9,0,0,0
11.91,272,13.64,13.64,13.69,11,11,11,0,11.5,0.05,0.11,208.6,9.6,74,1,3,425,694,512,-2,529,11.99,572.3,423,29.4,30.4,0,2.7,527.1,0,11.75,-7.8,9.4,9.2,10.2,10.8,10.1,8.9,11.1,10.0,39.8,40.6,2,10,-0.8,2.5,33,34,35,0,0,0,6,6,4,0,4,3,3,27,24,24,10,10,12,45.04,44.91,45.02,20,200,1.9,0,0,0
11.47,16,13.25,13.26,13.3,11,11,11,0,-4.8,0.02,0.1,208.8,10.4,81,1,3,415,695,501,3,516,11.44,591.2,435,32.6,33.6,0,2.7,527.1,0,11.75,-7.3,9.4,9.2,10.2,10.7,10.1,8.9,11.1,9.9,39.7,40.5,3,10,-0.5,2.7,36,37,35,0,0,0,6,6,4,0,4,3,3,27,24,24,10,10,12,45.04,44.91,45.02,20,200,1.9,0,0,0
12.12,288,14.24,14.25,14.29,11,11,12,0,-1.5,0.03,0.09,208.7,10.2,80,1,3,424,695,512,0,531,12.16,564.5,417,31.2,32.3,0,2.7,527.1,0,11.75,-7.5,9.4,9.2,10.3,10.7,10.1,8.9,11.1,9.9,39.7,40.5,4,10,-0.6,2.5,35,36,35,0,0,0,6,6,4,0,4,3,3,27,24,24,10,10,12,45.04,44.91,45.02,20,200,1.8,0,0,0
11.55,248,12.99,13.0,13.04,11,11,11,0,-5.6,0.01,0.03,208.7,8.3,82,1,3,418,693,502,1,520,11.54,583.8,431,28.3,28.8,0,2.7,527.1,0,11.75,-7.9,9.4,9.2,10.2,10.8,10.1,8.9,11.1,10.0,39.8,40.6,3,10,-0.8,2.5,31,32,35,0,0,0,6,6,4,0,4,3,3,27,24,24,10,10,12,45.04,44.91,45.02,20,200,1.8,0,0,0
11.47,16,14.35,14.36,14.4,11,11,11,0,5.3,-0.01,0.09,208.9,8.6,80,1,3,413,694,498,4,521,11.51,587.8,432,32.0,32.9,0,2.7,527.1,0,11.75,-7.4,9.4,9.2,10.2,10.7,10.1,8.9,11.1,9.9,39.7,40.5,3,10,-0.6,2.7,35,36,35,0,0,0,6,6,4,0,4,3,3,27,24,24,10,10,12,45.04,44.91,45.02,20,200,2.0,0,0,0
11.58,16,14.35,14.36,14.4,11,11,12,0,5.4,0.07,0.12,208.8,10.4,77,1,3,415,695,500,3,520,11.65,581.9,429,32.1,33.2,0,2.7,527.1,0,11.75,-7.4,9.4,9.2,10.3,10.7,10.1,8.9,11.1,9.9,39.7,40.5,3,10,-0.5,2.7,36,37,35,0,0,0,6,6,4,0,4,3,3,27,24,24,10,10,12,45.04,44.91,45.02,20,200,1.9,0,0,0
11.38,344,12.49,12.5,12.54,11,11,11,0,3.6,0.08,0.11,208.9,10.7,79,1,3,413,695,500,0,514,11.39,590.8,435,30.1,31.1,0,2.7,527.1,0,11.75,-7.7,9.3,9.2,10.2,10.8,10.1,8.9,11.1,10.0,39.8,40.6,3,10,-0.8,2.5,34,34,35,0,0,0,6,6,4,0,4,3,3,27,24,24,10,10,12,45.04,44.92,45.02,20,200,1.9,0,0,0
11.64,16,14.35,14.36,14.4,11,10,11,0,4.7,0.09,0.08,208.7,9.0,78,1,3,413,694,500,0,525,11.67,581.4,429,32.1,33.1,0,2.7,527.1,0,11.75,-7.4,9.4,9.2,10.2,10.7,10.1,8.9,11.1,9.9,39.7,40.6,3,10,-0.5,2.7,36,36,35,0,0,0,6,6,4,0,4,3,3,27,24,24,10,10,12,45.04,44.91,45.02,20,200,1.9,0,0,0
11.08,16,14.51,14.53,14.57,11,11,10,0,-6.1,0.03,0.12,208.9,10.7,86,1,3,407,695,491,1,509,11.07,598.7,441,31.7,32.8,0,2.7,527.1,0,11.75,-7.4,9.4,9.2,10.2,10.7,10.1,8.9,11.1,9.9,39.7,40.5,4,10,-0.6,2.7,35,36,35,0,0,0,6,6,4,0,4,3,3,27,24,24,10,10,12,45.03,44.91,45.02,20,200,1.9,0,0,0
11.68,208,13.25,13.26,13.3,11,11,10,0,3.0,0.04,0.12,209.1,9.9,78,1,3,424,693,511,-1,527,11.7,583.7,430,30.5,32.1,0,2.7,527.1,0,11.75,-8.0,9.4,9.2,10.2,10.8,10.1,8.9,11.1,10.0,39.8,40.7,3,10,-0.9,2.4,34,35,35,0,0,0,6,6,4,0,4,3,3,27,24,24,10,10,12,45.03,44.91,45.02,20,200,1.8,0,0,0
11.95,144,13.55,13.55,13.6,12,11,11,0,2.5,0.07,0.03,208.6,11.1,78,1,3,424,695,512,3,533,11.93,578.7,426,31.0,32.3,0,2.7,527.1,0,11.75,-7.5,9.4,9.2,10.2,10.7,10.1,8.9,11.1,9.9,39.7,40.5,3,10,-0.6,2.5,35,35,35,0,0,0,6,6,4,0,4,3,3,27,24,24,10,10,12,45.04,44.91,45.02,20,200,1.9,0,0,0
11.68,16,14.35,14.36,14.4,11,11,11,0,3.5,0.04,0.11,209.3,10.7,78,1,3,418,695,505,-2,521,11.67,582.4,428,32.4,33.4,0,2.8,527.1,0,11.75,-7.4,9.4,9.3,10.2,10.8,10.1,8.9,11.1,9.9,39.7,40.5,4,10,-0.5,2.7,36,37,35,0,0,0,6,6,4,0,4,3,3,27,24,24,10,10,12,45.04,44.92,45.01,21,200,1.9,0,0,0
11.38,248,12.47,12.48,12.52,12,11,10,0,-0.6,0.14,0.03,208.6,8.2,80,1,3,416,693,501,0,519,11.39,591.3,435,28.5,30.5,0,2.7,527.1,0,11.75,-7.9,9.4,9.2,10.2,10.8,10.1,8.9,11.1,9.9,39.8,40.6,3,10,-0.8,2.4,33,33,35,0,0,0,6,6,4,0,4,3,3,27,24,24,10,10,12,45.03,44.92,45.02,20,200,1.9,0,0,0
11.84,96,13.55,13.55,13.6,11,11,12,0,-4.7,-0.01,0.13,208.5,10.3,80,1,3,422,695,509,1,527,11.87,577.3,426,31.1,32.2,0,2.7,527.1,0,11.75,-7.6,9.4,9.2,10.2,10.8,10.1,8.9,11.1,9.9,39.7,40.5,4,10,-0.6,2.5,35,35,35,0,0,0,6,6,4,0,4,3,3,27,24,24,10,10,12,45.04,44.91,45.02,20,200,2.0,0,0,0
11.96,184,13.47,13.48,13.52,11,11,11,0,6.0,-0.12,0.08,209.0,7.0,80,1,3,422,693,508,-2,533,11.89,577.6,425,29.0,30.2,0,2.7,527.1,0,11.75,-7.9,9.4,9.2,10.2,10.8,10.1,8.9,11.1,10.0,39.8,40.6,3,10,-0.8,2.5,33,33,35,0,0,0,6,6,4,0,4,3,3,27,24,24,10,10,12,45.04,44.92,45.02,20,200,1.9,0,0,0
11.48,344,13.13,13.14,13.19,11,11,11,0,-9.1,0.1,0.08,208.9,11.3,80,1,3,412,694,497,1,519,11.46,583.6,433,29.6,30.8,0,2.7,527.1,0,11.75,-7.8,9.4,9.2,10.2,10.8,10.1,8.9,11.1,10.0,39.8,40.6,2,10,-0.8,2.5,33,34,35,0,0,0,6,6,4,0,4,3,3,27,24,24,10,10,12,45.04,44.92,45.02,21,200,1.9,0,0,0
11.48,16,13.25,13.26,13.3,11,11,11,0,1.0,-0.04,0.11,208.5,9.7,80,1,3,415,695,500,4,517,11.47,589.3,433,32.6,33.6,0,2.7,527.1,0,11.75,-7.3,9.4,9.2,10.2,10.7,10.1,8.9,11.1,9.9,39.7,40.4,3,10,-0.5,2.7,36,37,35,0,0,0,6,6,4,0,4,3,3,27,24,24,10,10,12,45.03,44.91,45.01,20,210,1.8,0,0,0
11.37,16,15.51,15.52,15.56,12,11,12,0,-9.6,0.1,0.11,208.8,9.0,86,1,3,412,696,498,0,518,11.42,587.9,434,31.5,32.7,0,2.7,527.1,0,11.75,-7.4,9.4,9.2,10.3,10.7,10.1,8.9,11.1,9.9,39.7,40.5,3,10,-0.6,2.7,35,36,35,0,0,0,6,6,4,0,4,3,3,27,24,24,10,10,12,45.03,44.91,45.02,20,200,1.8,0,0,0
11.63,16,14.35,14.36,14.4,11,11,11,0,3.1,-0.01,0.07,209.0,7.2,78,1,3,417,695,503,3,521,11.64,582.9,429,32.2,33.3,0,2.7,527.1,0,11.75,-7.4,9.4,9.2,10.2,10.7,10.1,8.9,11.1,9.9,39.7,40.5,4,10,-0.5,2.7,36,37,35,0,0,0,6,6,4,0,4,3,3,27,24,24,10,10,12,45.04,44.91,45.02,20,200,1.9,0,0,0
11.73,248,12.99,13.0,13.04,11,11,11,0,-0.8,0.04,0.05,209.2,7.0,81,1,3,418,693,503,4,520,11.68,582.5,429,28.2,28.9,0,2.7,527.1,0,11.75,-7.9,9.4,9.3,10.2,10.8,10.1,8.9,11.1,10.0,39.8,40.6,4,10,-0.8,2.5,31,32,35,0,0,0,6,6,4,0,4,3,3,27,24,24,10,10,12,45.04,44.91,45.02,20,200,1.9,0,0,0
12.08,280,13.72,13.73,13.78,11,11,11,0,6.3,0.03,0.08,208.7,9.1,76,1,3,428,695,516,0,536,12.05,575.1,424,30.9,31.9,0,2.7,527.1,0,11.75,-7.6,9.4,9.2,10.2,10.8,10.1,8.9,11.1,9.9,39.8,40.5,3,10,-0.6,2.5,34,35,35,0,0,0,6,6,4,0,4,3,3,27,24,24,10,10,12,45.04,44.91,45.02,20,200,1.8,0,0,0
11.66,16,14.35,14.36,14.4,11,11,11,0,4.3,0.03,0.08,208.8,8.3,79,1,3,420,694,506,2,521,11.66,583.1,429,32.0,33.1,0,2.7,527.1,0,11.75,-7.4,9.4,9.2,10.2,10.7,10.1,8.9,11.1,9.9,39.7,40.5,3,10,-0.6,2.7,35,36,35,0,0,0,6,6,4,0,4,3,3,27,24,24,10,10,12,45.04,44.91,45.02,21,210,1.8,0,0,0
11.89,192,13.48,13.49,13.53,11,11,11,0,-10.2,0.03,0.08,208.7,6.9,86,1,3,419,693,505,-2,524,11.91,569.9,421,28.8,29.8,0,2.7,527.1,0,11.75,-7.9,9.4,9.3,10.2,10.8,10.1,8.9,11.1,10.0,39.8,40.6,3,10,-0.8,2.5,32,33,35,0,0,0,6,6,4,0,4,3,3,27,24,24,10,10,12,45.03,44.91,45.02,20,200,1.9,0,0,0
11.64,16,13.25,13.26,13.3,11,11,11,0,-8.4,-0.02,0.08,208.8,8.0,83,1,3,419,695,506,-1,521,11.66,585.3,430,32.7,33.8,0,2.7,527.1,0,11.75,-7.3,9.4,9.2,10.2,10.7,10.1,8.9,11.1,9.9,39.7,40.5,3,10,-0.5,2.7,36,37,35,0,0,0,6,6,4,0,4,3,3,27,24,24,10,10,12,45.04,44.91,45.02,20,210,1.8,0,0,0
11.79,16,15.56,15.57,15.62,11,11,11,0,-11.3,0.07,0.13,208.8,9.4,85,1,3,418,695,505,-2,528,11.78,579.5,427,31.4,32.6,0,2.7,527.1,0,11.75,-7.4,9.4,9.2,10.3,10.8,10.1,8.9,11.1,9.9,39.7,40.5,3,10,-0.6,2.7,35,36,35,0,0,0,6,6,4,0,4,3,3,27,24,24,10,10,12,45.04,44.91,45.02,20,200,1.8,0,0,0
11.41,16,14.51,14.53,14.57,11,10,11,0,4.3,0.05,0.09,209.2,8.9,81,1,3,415,695,500,2,518,11.53,585.9,432,31.9,32.9,0,2.7,527.1,0,11.75,-7.4,9.4,9.2,10.3,10.7,10.1,8.9,11.1,9.9,39.7,40.5,3,10,-0.6,2.7,35,36,35,0,0,0,6,6,4,0,4,3,3,27,24,24,10,10,12,45.04,44.91,45.02,20,200,1.9,0,0,0
12.14,176,15.56,15.57,15.62,11,11,11,0,2.4,0.03,0.08,209.0,9.7,80,1,3,420,696,507,0,531,12.17,562.5,416,31.4,32.5,0,2.7,527.1,0,11.75,-7.4,9.4,9.2,10.3,10.7,10.1,8.9,11.1,9.9,39.7,40.6,3,10,-0.6,2.6,35,36,35,0,0,0,6,6,4,0,4,3,3,27,24,24,10,10,12,45.04,44.92,45.02,20,190,1.9,0,0,0
11.35,16,14.35,14.36,14.4,11,11,11,0,3.7,0.01,0.08,208.7,8.9,79,1,3,416,694,501,0,519,11.44,588.3,433,32.3,33.4,0,2.7,527.1,0,11.75,-7.4,9.4,9.2,10.2,10.8,10.1,8.9,11.1,9.9,39.7,40.5,3,10,-0.5,2.7,36,37,35,0,0,0,6,6,4,0,4,3,3,27,24,24,10,10,12,45.03,44.92,45.02,20,200,1.8,0,0,0
11.62,16,14.51,14.53,14.57,10,11,11,0,4.3,-0.04,0.06,209.0,9.2,81,1,3,416,695,502,4,521,11.57,587.5,432,31.9,32.8,0,2.7,527.1,0,11.75,-7.4,9.4,9.3,10.2,10.7,10.1,8.9,11.1,9.9,39.7,40.5,2,10,-0.6,2.7,35,36,35,0,0,0,6,6,4,0,4,3,3,27,24,24,10,10,12,45.04,44.91,45.02,20,200,2.0,0,0,0
11.38,16,14.35,14.36,14.4,12,11,11,0,2.6,0.01,0.09,208.8,9.9,79,1,3,412,694,498,0,521,11.47,590.3,435,32.4,33.3,0,2.7,527.1,0,11.75,-7.4,9.4,9.2,10.3,10.7,10.1,8.9,11.1,9.9,39.7,40.5,4,10,-0.5,2.7,36,37,35,0,0,0,6,6,4,0,4,3,3,27,24,24,10,10,12,45.04,44.92,45.02,20,200,1.9,0,0,0
11.3,16,14.51,14.53,14.57,11,11,10,0,1.9,-0.01,0.15,208.6,10.8,83,1,3,413,695,499,-3,516,11.3,593.9,437,31.7,32.7,0,2.7,527.1,0,11.75,-7.4,9.4,9.2,10.2,10.7,10.1,8.9,11.1,9.9,39.7,40.5,2,10,-0.6,2.7,35,36,35,0,0,0,6,6,4,0,4,3,3,27,24,24,10,10,12,45.04,44.91,45.02,20,200,1.9,0,0,0
11.88,184,13.96,13.96,14.01,11,11,11,0,4.0,-0.02,0.17,208.7,8.2,78,1,3,424,695,512,4,528,11.96,574.8,425,31.1,32.1,0,2.7,527.1,0,11.75,-7.6,9.4,9.2,10.2,10.7,10.1,8.9,11.1,9.9,39.7,40.6,3,10,-0.6,2.5,35,35,35,0,0,0,6,6,4,0,4,3,3,27,24,24,10,10,12,45.04,44.91,45.02,21,200,1.9,0,0,0
12.18,32,15.56,15.57,15.62,11,11,12,0,2.1,0.05,0.06,208.7,9.1,80,1,3,419,696,506,-1,527,12.21,560.4,413,31.3,32.5,0,2.7,527.1,0,11.75,-7.4,9.4,9.2,10.3,10.7,10.1,8.9,11.1,9.9,39.7,40.5,3,10,-0.6,2.6,35,36,35,0,0,0,6,6,4,0,4,3,3,27,24,24,10,10,12,45.04,44.92,45.02,20,200,1.9,0,0,0
11.68,328,14.24,14.25,14.29,11,11,11,0,-5.3,-0.04,0.09,208.9,9.0,82,1,3,422,695,510,0,526,11.72,581.7,428,31.3,32.4,0,2.7,527.1,0,11.75,-7.4,9.4,9.2,10.2,10.7,10.1,8.9,11.1,9.9,39.7,40.6,3,10,-0.6,2.6,35,36,35,0,0,0,6,6,4,0,4,3,3,27,24,24,10,10,12,45.04,44.91,45.02,21,200,1.9,0,0,0
11.73,184,13.47,13.48,13.52,11,11,11,0,2.8,0.05,0.12,209.0,11.4,81,1,3,418,693,502,3,530,11.74,582.8,429,29.2,30.2,0,2.7,527.1,0,11.75,-7.9,9.4,9.2,10.2,10.8,10.1,8.9,11.1,10.0,39.8,40.6,3,10,-0.8,2.5,33,33,35,0,0,0,6,6,4,0,4,3,3,27,24,24,10,10,12,45.04,44.91,45.02,20,200,1.8,0,0,0
11.48,248,12.47,12.48,12.52,11,11,11,0,0.1,0.04,0.1,208.9,6.7,79,1,3,415,693,499,2,515,11.41,589.1,434,29.4,31.1,0,2.7,527.1,0,11.75,-8.0,9.4,9.3,10.2,10.8,10.1,8.9,11.1,10.0,39.8,40.6,3,10,-0.8,2.4,34,34,35,0,0,0,6,6,4,0,4,3,3,27,24,24,10,10,12,45.04,44.91,45.02,20,200,1.9,0,0,0
11.71,16,14.35,14.36,14.4,11,11,11,0,2.6,0.03,0.1,209.1,8.5,78,1,3,419,695,506,4,527,11.72,582.2,427,32.3,33.4,0,2.7,527.1,0,11.75,-7.4,9.4,9.2,10.2,10.7,10.1,8.9,11.1,9.9,39.7,40.5,3,10,-0.5,2.7,36,37,35,0,0,0,6,6,4,0,4,3,3,27,24,24,10,10,12,45.03,44.92,45.02,20,200,1.9,0,0,0
11.99,96,13.64,13.65,13.7,11,11,11,0,-3.1,0.06,0.08,208.9,11.3,82,1,3,426,695,514,1,530,11.97,578.3,426,32.8,33.9,0,2.7,527.1,0,11.75,-7.2,9.4,9.2,10.2,10.7,10.1,8.9,11.1,9.9,39.7,40.4,3,10,-0.5,2.7,36,37,35,0,0,0,6,6,4,0,4,3,3,27,24,24,10,10,12,45.04,44.91,45.02,20,200,1.8,0,0,0
12.09,144,14.24,14.25,14.29,11,11,11,0,-4.5,0.07,0.09,208.8,11.6,80,1,3,425,695,515,-2,534,12.11,570.0,418,31.2,32.1,0,2.7,527.1,0,11.75,-7.5,9.4,9.3,10.2,10.8,10.1,8.9,11.1,9.9,39.7,40.5,3,10,-0.6,2.5,35,36,35,0,0,0,6,6,4,0,4,3,3,27,24,24,10,10,12,45.04,44.91,45.02,20,200,1.8,0,0,0
11.37,248,12.56,12.57,12.61,11,11,11,0,-10.4,0.1,0.09,208.6,9.6,83,1,3,413,692,496,-2,522,11.39,591.3,434,28.6,29.7,0,2.7,527.1,0,11.75,-7.9,9.4,9.3,10.2,10.8,10.1,8.9,11.1,10.0,39.8,40.6,3,10,-0.8,2.5,32,33,35,0,0,0,6,6,4,0,4,3,3,27,24,24,10,10,12,45.04,44.91,45.02,21,210,1.8,0,0,0
12.0,80,14.64,14.65,14.69,10,10,10,0,-5.7,0.01,0.08,208.5,9.8,83,1,3,422,695,509,4,531,11.91,578.9,425,31.3,32.5,0,2.7,527.1,0,11.75,-7.4,9.4,9.2,10.2,10.7,10.1,8.9,11.1,9.9,39.7,40.5,3,10,-0.6,2.6,35,36,35,0,0,0,6,6,4,0,4,3,3,27,24,24,10,10,12,45.04,44.92,45.02,20,200,1.9,0,0,0
11.48,16,15.51,15.52,15.56,11,11,11,0,-12.3,0.05,0.14,208.8,7.9,87,1,3,416,696,502,4,522,11.46,588.9,434,31.5,32.6,0,2.7,527.1,0,11.75,-7.4,9.4,9.2,10.2,10.7,10.1,8.9,11.1,9.9,39.7,40.5,4,10,-0.6,2.7,35,36,35,0,0,0,6,6,4,0,4,3,3,27,24,24,10,10,12,45.04,44.92,45.02,20,200,1.8,0,0,0
11.9,328,13.94,13.95,13.99,10,10,10,0,0.8,0.01,0.08,208.9,12.5,76,1,3,426,694,513,-2,527,11.9,579.1,426,29.5,30.5,0,2.7,527.1,0,11.75,-7.8,9.4,9.3,10.2,10.8,10.1,8.9,11.1,10.0,39.8,40.6,3,10,-0.8,2.5,33,34,35,0,0,0,6,6,4,0,4,3,3,27,24,24,10,10,12,45.04,44.91,45.02,20,200,1.8,0,0,0
11.74,248,12.56,12.57,12.61,11,11,11,0,-2.5,0.05,0.06,208.6,9.7,82,1,3,420,692,506,0,526,11.7,584.5,430,28.6,29.7,0,2.7,527.1,0,11.75,-7.9,9.4,9.3,10.2,10.8,10.1,8.9,11.1,10.0,39.8,40.6,3,10,-0.8,2.5,32,33,35,0,0,0,6,6,4,0,4,3,3,27,24,24,10,10,12,45.04,44.92,45.02,20,200,1.9,0,0,0
12.06,192,13.72,13.73,13.78,11,11,11,0,-2.8,0.01,0.08,208.5,8.9,79,1,3,423,695,511,-4,528,12.06,569.5,419,30.8,32.1,0,2.7,527.1,0,11.75,-7.6,9.4,9.3,10.2,10.8,10.1,8.9,11.1,10.0,39.7,40.6,3,10,-0.6,2.5,34,35,35,0,0,0,6,6,4,0,4,3,3,27,24,24,10,10,12,45.04,44.92,45.02,20,200,1.9,0,0,0
11.52,16,15.56,15.57,15.62,10,11,11,0,-12.1,0.06,0.08,208.9,11.9,86,1,3,410,696,495,-3,516,11.49,587.3,432,31.6,32.6,0,2.7,527.1,0,11.75,-7.4,9.4,9.2,10.2,10.8,10.1,8.9,11.1,9.9,39.7,40.5,4,10,-0.6,2.7,35,36,35,0,0,0,6,6,4,0,4,3,3,27,24,24,10,10,12,45.03,44.92,45.02,20,190,1.8,0,0,0
11.69,184,13.28,13.29,13.34,11,11,11,0,6.8,-0.02,0.08,208.7,7.7,77,1,3,418,693,502,1,524,11.65,582.5,429,29.4,30.2,0,2.7,527.1,0,11.75,-7.8,9.4,9.3,10.2,10.8,10.1,8.9,11.1,10.0,39.8,40.6,3,10,-0.8,2.5,33,33,35,0,0,0,6,6,4,0,4,3,3,27,24,24,10,10,12,45.04,44.91,45.02,20,200,1.9,0,0,0
11.36,344,12.67,12.68,12.72,10,11,11,0,0.2,0.08,0.07,208.8,8.6,80,1,3,415,695,500,-2,516,11.35,592.8,436,30.4,31.3,0,2.7,527.1,0,11.75,-7.7,9.4,9.3,10.2,10.8,10.1,8.9,11.1,9.9,39.8,40.5,3,10,-0.8,2.5,34,35,35,0,0,0,6,6,4,0,4,3,3,27,24,24,10,10,12,45.03,44.91,45.02,20,210,1.9,0,0,0
11.37,248,12.99,13.0,13.04,11,11,11,0,4.4,0.03,0.17,208.7,9.2,79,1,3,415,692,501,-3,519,11.43,589.0,434,28.6,29.3,0,2.7,527.1,0,11.75,-7.9,9.4,9.3,10.2,10.8,10.1,8.9,11.1,10.0,39.8,40.6,3,10,-0.8,2.5,32,33,35,0,0,0,6,6,4,0,4,3,3,27,24,24,10,10,12,45.03,44.91,45.02,20,200,1.9,0,0,0
11.75,344,12.46,12.47,12.52,11,11,11,0,6.1,0.02,0.14,208.7,8.5,77,1,3,419,696,506,1,528,11.69,585.1,430,30.7,31.9,0,2.7,527.1,0,11.75,-7.6,9.4,9.3,10.2,10.8,10.1,8.9,11.1,9.9,39.8,40.6,3,10,-0.6,2.5,34,35,35,0,0,0,6,6,4,0,4,3,3,27,24,24,10,10,12,45.03,44.92,45.02,20,200,1.8,0,0,0
12.16,48,15.25,15.26,15.3,11,11,12,0,-0.6,0.08,0.08,208.8,9.8,81,1,3,424,696,512,4,531,12.18,566.6,416,31.3,32.6,0,2.7,527.1,0,11.75,-7.4,9.4,9.2,10.2,10.7,10.1,8.9,11.1,9.9,39.7,40.5,4,10,-0.6,2.6,35,36,35,0,0,0,6,6,4,0,4,3,3,27,24,24,10,10,12,45.04,44.92,45.02,20,200,1.9,0,0,0
11.77,192,12.24,12.25,12.29,12,11,11,0,-2.2,0.01,0.09,208.7,11.0,83,1,3,428,693,515,0,528,11.8,583.8,430,28.9,30.0,0,2.7,527.1,0,11.75,-7.9,9.4,9.2,10.2,10.8,10.1,8.9,11.1,10.0,39.8,40.5,4,10,-0.8,2.5,33,33,35,0,0,0,6,6,4,0,4,3,3,27,24,24,10,10,12,45.03,44.92,45.02,20,200,1.9,0,0,0
11.3,344,12.67,12.68,12.72,11,11,11,0,0.5,0.03,0.11,208.6,10.4,80,1,3,414,694,499,-2,520,11.32,594.2,437,30.3,31.4,0,2.7,527.1,0,11.75,-7.7,9.4,9.3,10.2,10.8,10.1,8.9,11.1,9.9,39.8,40.6,3,10,-0.8,2.5,34,35,35,0,0,0,6,6,4,0,4,3,3,27,24,24,10,10,12,45.03,44.92,45.02,20,210,1.9,0,0,0
12.17,64,13.72,13.73,13.78,11,11,11,0,5.0,0.03,0.1,208.7,9.7,76,1,3,424,695,512,0,535,12.11,573.8,421,31.0,31.9,0,2.7,527.1,0,11.75,-7.6,9.4,9.3,10.2,10.8,10.1,8.9,11.1,9.9,39.8,40.5,2,10,-0.6,2.5,34,35,35,0,0,0,6,6,4,0,4,3,3,27,24,24,10,10,12,45.04,44.91,45.02,20,200,1.8,0,0,0
11.77,328,14.24,14.25,14.29,12,11,10,0,-10.3,0.01,0.1,209.0,11.9,84,1,3,422,696,509,3,531,11.79,582.5,429,31.4,32.4,0,2.7,527.1,0,11.75,-7.4,9.4,9.3,10.2,10.8,10.1,8.9,11.1,9.9,39.7,40.5,4,10,-0.6,2.6,35,36,35,0,0,0,6,6,4,0,4,3,3,27,24,24,10,10,12,45.04,44.92,45.02,20,200,1.8,0,0,0
11.52,16,14.03,14.04,14.09,10,11,11,0,1.1,-0.05,0.06,208.8,8.6,78,1,3,415,694,500,3,521,11.45,589.5,433,32.5,33.5,0,2.7,527.1,0,11.75,-7.4,9.4,9.2,10.2,10.7,10.1,8.9,11.1,9.9,39.7,40.5,4,10,-0.5,2.7,36,37,35,0,0,0,6,6,4,0,4,3,3,27,24,24,10,10,12,45.03,44.92,45.02,20,200,1.9,0,0,0
11.39,208,13.03,13.04,13.08,11,11,11,0,8.0,0.05,0.11,209.0,10.2,77,1,3,414,694,499,1,518,11.42,589.4,433,31.0,33.0,0,2.7,527.1,0,11.75,-8.0,9.4,9.3,10.2,10.8,10.1,8.9,11.1,10.0,39.8,40.6,3,10,-0.9,2.4,35,36,35,0,0,0,6,6,4,0,4,3,3,27,24,24,10,10,12,45.04,44.92,45.02,20,200,1.9,0,0,0
11.55,344,12.67,12.68,12.72,12,11,10,0,-1.2,0.03,0.07,208.6,10.1,80,1,3,412,695,498,0,521,11.49,589.8,434,30.4,31.5,0,2.7,527.1,0,11.75,-7.7,9.4,9.2,10.2,10.8,10.1,8.9,11.1,10.0,39.8,40.5,3,10,-0.8,2.5,34,35,35,0,0,0,6,6,4,0,4,3,3,27,24,24,10,10,12,45.04,44.91,45.02,20,200,2.0,0,0,0
11.66,16,14.35,14.36,14.4,11,11,11,0,7.4,0.05,0.08,208.5,10.5,78,1,3,421,695,509,0,523,11.69,582.4,429,32.1,33.0,0,2.7,527.1,0,11.75,-7.4,9.4,9.2,10.2,10.7,10.1,8.9,11.1,9.9,39.7,40.5,3,10,-0.6,2.7,35,36,35,0,0,0,6,6,4,0,4,3,3,27,24,24,10,10,12,45.04,44.91,45.02,20,200,1.9,0,0,0
11.96,152,13.64,13.65,13.7,11,11,12,0,-5.9,0.09,0.08,208.6,8.2,83,1,3,422,695,509,1,524,11.99,570.8,421,32.7,34.0,0,2.7,527.1,0,11.75,-7.2,9.4,9.3,10.2,10.7,10.1,8.9,11.1,10.0,39.7,40.5,3,10,-0.5,2.7,36,37,35,0,0,0,6,6,4,0,4,3,3,27,24,24,10,10,12,45.04,44.92,45.02,21,200,2.0,0,0,0
11.46,16,14.35,14.36,14.4,10,11,11,0,-5.1,0.04,0.08,209.0,9.3,81,1,3,412,694,496,0,519,11.5,586.6,431,32.3,33.4,0,2.7,527.1,0,11.75,-7.4,9.4,9.2,10.2,10.7,10.1,8.9,11.1,9.9,39.7,40.5,3,10,-0.5,2.7,36,37,35,0,0,0,6,6,4,0,4,3,3,27,24,24,10,10,12,45.04,44.91,45.02,20,200,1.8,0,0,0
11.43,344,12.67,12.68,12.72,11,11,11,0,0.8,-0.01,0.08,208.7,7.5,80,1,3,416,694,502,1,520,11.47,589.9,435,30.4,31.4,0,2.7,527.1,0,11.75,-7.7,9.4,9.2,10.2,10.8,10.1,8.9,11.1,10.0,39.8,40.5,3,10,-0.8,2.5,34,35,35,0,0,0,6,6,4,0,4,3,3,27,24,24,10,10,12,45.04,44.91,45.02,20,200,1.8,0,0,0
11.36,248,12.47,12.48,12.52,11,11,11,0,-6.0,0.09,0.08,208.8,9.7,82,1,3,418,692,502,-3,519,11.45,590.4,435,28.2,29.9,0,2.7,527.1,0,11.75,-7.9,9.4,9.3,10.2,10.8,10.1,8.9,11.1,9.9,39.8,40.6,3,10,-0.8,2.4,32,33,35,0,0,0,6,6,4,0,4,3,3,27,24,24,10,10,12,45.04,44.92,45.01,20,200,1.8,0,0,0
11.79,248,12.56,12.57,12.61,11,11,11,0,-4.9,0.03,0.11,208.8,10.0,83,1,3,421,692,506,2,527,11.81,580.0,427,28.7,29.6,0,2.7,527.1,0,11.75,-7.9,9.4,9.3,10.2,10.8,10.1,8.9,11.1,10.0,39.8,40.5,3,10,-0.8,2.5,32,33,35,0,0,0,6,6,4,0,4,3,3,27,24,24,10,10,12,45.04,44.91,45.02,20,200,1.8,0,0,0
12.0,344,13.58,13.59,13.63,11,11,10,0,4.4,0.03,0.16,208.8,9.3,77,1,3,426,695,514,0,530,12.06,571.7,423,30.9,31.8,0,2.7,527.1,0,11.75,-7.6,9.4,9.3,10.2,10.8,10.1,8.9,11.1,10.0,39.8,40.5,3,10,-0.6,2.5,34,35,35,0,0,0,6,6,4,0,4,3,3,27,24,24,10,10,12,45.04,44.92,45.02,20,210,1.9,0,0,0
11.36,344,12.84,12.84,12.89,11,11,11,0,3.3,0.03,0.05,208.7,9.2,79,1,3,407,695,492,0,516,11.34,589.8,434,30.3,31.4,0,2.7,527.1,0,11.75,-7.7,9.4,9.3,10.2,10.8,10.1,8.9,11.1,10.0,39.8,40.6,3,10,-0.8,2.5,34,35,35,0,0,0,6,6,4,0,4,3,3,27,24,24,10,10,12,45.04,44.92,45.02,20,200,1.9,0,0,0
11.27,16,14.51,14.52,14.57,11,11,11,0,2.7,0.01,0.11,208.7,10.1,83,1,3,413,695,498,-3,514,11.27,592.8,437,31.8,32.8,0,2.7,527.1,0,11.75,-7.4,9.4,9.2,10.2,10.7,10.1,8.9,11.1,9.9,39.7,40.5,3,10,-0.6,2.7,35,36,35,0,0,0,6,6,4,0,4,3,3,27,24,24,10,10,12,45.04,44.91,45.02,20,200,1.8,0,0,0
