轮毂转速,轮毂角度,叶片1角度,叶片2角度,叶片3角度,变桨电机1电流,变桨电机2电流,变桨电机3电流,超速传感器转速检测值,5秒偏航对风平均值,x方向振动值,y方向振动值,液压制动压力,机舱气象站风速,风向绝对值,大气压力,无功功率控制状态,变频器电网侧电流,变频器电网侧电压,变频器电网侧有功功率,变频器电网侧无功功率,变频器发电机侧功率,发电机运行频率,发电机电流,发电机转矩,变频器入口温度,变频器出口温度,变频器入口压力,变频器出口压力,发电机功率限幅值,无功功率设定值,额定的轮毂转速,测风塔环境温度,发电机定子温度1,发电机定子温度2,发电机定子温度3,发电机定子温度4,发电机定子温度5,发电机定子温度6,发电机空气温度1,发电机空气温度2,主轴承温度1,主轴承温度2,轮毂温度,轮毂控制柜温度,机舱温度,机舱控制柜温度,变频器INU温度,变频器ISU温度,变频器INU RMIO温度,变桨电机1功率估算,变桨电机2功率估算,变桨电机3功率估算,风机当前状态值,轮毂当前状态值,偏航状态值,偏航要求值,叶片1电池箱温度,叶片2电池箱温度,叶片3电池箱温度,叶片1变桨电机温度,叶片2变桨电机温度,叶片3变桨电机温度,叶片1变频器箱温度,叶片2变频器箱温度,叶片3变频器箱温度,叶片1超级电容电压,叶片2超级电容电压,叶片3超级电容电压,驱动1晶闸管温度,驱动2晶闸管温度,驱动3晶闸管温度,驱动1输出扭矩,驱动2输出扭矩,驱动3输出扭矩
16.42,328,16.8,16.86,16.86,16,15,16,0,-8.9,0.09,0.08,207.4,17.3,160,1,3,1601,704,1953,-1,2034,16.55,1782.6,1160,29.3,32.2,0,2.7,2067.6,0,16.83,-15.7,59.1,67.0,68.2,70.7,74.0,69.7,70.8,71.3,48.3,49.3,2,10,-4.1,0.6,40,43,45,0,0,0,6,6,4,0,3,3,3,32,28,29,10,10,12,45.03,44.91,45.02,23,220,2.1,0,0,0
16.95,216,9.85,9.93,9.94,16,16,16,0,-3.9,0.25,0.14,207.8,8.5,159,1,3,1633,703,1990,-4,2062,16.83,1791.6,1169,29.7,32.2,0,2.7,2067.6,0,16.83,-15.6,59.1,66.9,68.4,70.6,73.9,69.7,70.8,71.3,48.3,49.3,3,10,-4.0,0.6,40,43,45,0,0,0,6,6,4,0,3,2,3,32,28,29,10,10,12,45.04,44.91,45.03,24,230,2.2,0,0,0
16.42,88,11.65,11.71,11.71,19,16,17,0,-2.2,0.24,0.21,209.7,10.3,172,1,3,1553,704,1895,0,1961,16.38,1732.1,1140,31.3,35.3,0,2.8,2067.6,0,16.83,-15.6,59.1,67.0,68.4,70.7,73.9,69.8,70.9,71.3,48.3,49.3,3,10,-4.1,0.6,43,45,45,0,0,0,6,6,4,0,3,3,3,32,28,28,10,10,12,45.04,44.91,45.03,24,230,2.1,0,0,0
16.41,136,11.7,11.77,11.77,16,15,19,0,-7.5,-0.01,0.15,208.2,14.9,158,1,3,1605,703,1955,1,2028,16.46,1778.6,1177,32.4,35.4,0,2.8,2067.6,0,16.83,-15.6,59.1,66.9,68.6,70.6,73.9,69.7,70.8,71.3,48.3,49.3,3,10,-4.1,0.6,43,46,45,0,0,0,6,6,4,0,3,3,3,32,28,29,10,10,12,45.03,44.91,45.03,24,230,2.2,0,0,0
16.81,24,11.78,11.84,11.86,18,16,17,0,-9.1,0.15,0.08,208.3,16.4,162,1,3,1632,703,1989,-3,2066,16.83,1789.8,1170,33.3,36.2,0,2.8,2067.6,0,16.83,-15.6,59.0,66.9,68.4,70.6,73.8,69.6,70.7,71.2,48.3,49.3,2,10,-4.1,0.6,44,46,45,0,0,0,6,6,4,0,3,3,3,32,28,29,10,10,12,45.04,44.92,45.02,23,230,2.1,0,0,0
17.23,24,13.33,13.39,13.4,10,10,10,0,-8.8,-0.11,0.12,208.2,12.7,160,1,3,1650,702,2010,-5,2088,17.23,1797.2,1157,31.1,34.2,0,2.8,2067.6,0,16.83,-15.6,59.0,66.9,68.4,70.5,73.9,69.6,70.7,71.2,48.3,49.3,3,10,-4.1,0.6,42,45,45,0,0,0,6,6,4,0,3,3,3,32,28,28,10,10,12,45.04,44.91,45.03,23,230,2.1,0,0,0
16.82,304,10.05,10.12,10.14,15,16,14,0,-10.0,-0.12,0.11,208.2,9.9,161,1,3,1635,702,1991,5,2068,16.81,1787.9,1174,32.8,35.6,0,2.8,2067.6,0,16.83,-15.6,59.0,66.8,68.4,70.5,73.9,69.6,70.7,71.2,48.3,49.3,3,10,-4.1,0.6,43,46,45,0,0,0,6,6,4,0,3,3,3,32,28,29,10,10,12,45.04,44.91,45.02,24,230,2.2,0,0,0
17.23,96,15.98,16.04,16.04,13,13,12,0,-11.3,0.08,0.08,208.2,15.6,163,1,3,1648,703,2008,5,2086,17.15,1795.7,1161,31.6,34.8,0,2.8,2067.6,0,16.83,-15.6,59.1,66.9,68.3,70.7,73.9,69.7,70.8,71.3,48.3,49.3,2,10,-4.1,0.6,43,45,45,0,0,0,6,6,4,0,3,3,3,32,28,28,10,10,12,45.04,44.91,45.02,22,210,2.1,0,0,0
16.42,280,13.25,13.32,13.33,16,12,18,0,-8.7,-0.12,0.08,208.8,10.9,159,1,3,1592,703,1941,0,2015,16.4,1745.7,1176,30.9,33.5,0,2.8,2067.6,0,16.83,-15.6,59.1,66.9,68.4,70.6,73.9,69.7,70.8,71.3,48.3,49.3,3,10,-4.0,0.6,42,44,45,0,0,0,6,6,4,0,3,2,3,32,28,29,10,10,12,45.04,44.91,45.02,24,220,2.2,0,0,0
16.17,104,12.99,13.05,13.05,15,18,18,0,-14.3,0.2,0.04,208.0,15.4,162,1,3,1595,703,1947,0,2018,16.24,1782.8,1186,30.9,33.5,0,2.7,2067.6,0,16.83,-15.6,59.1,67.0,68.3,70.7,74.0,69.7,70.8,71.3,48.3,49.3,3,10,-4.1,0.6,42,44,45,0,0,0,6,6,4,0,3,3,3,32,28,29,10,10,12,45.04,44.91,45.03,23,230,2.2,0,0,0
16.61,128,12.37,12.44,12.45,15,16,17,0,-6.5,0.05,0.09,208.7,14.6,159,1,3,1623,702,1977,-5,2052,16.69,1786.5,1172,33.7,36.8,0,2.8,2067.6,0,16.83,-15.6,59.1,66.9,68.5,70.6,73.9,69.7,70.7,71.3,48.3,49.3,3,10,-4.1,0.6,45,47,45,0,0,0,6,6,4,0,3,3,3,32,28,29,10,10,12,45.04,44.91,45.02,23,230,2.2,0,0,0
16.71,0,15.19,15.25,15.24,11,12,12,0,-8.5,0.08,0.01,207.7,13.1,166,1,3,1613,705,1971,-4,2047,16.65,1782.4,1175,30.8,33.4,0,2.8,2067.6,0,16.83,-15.6,59.2,67.0,68.4,70.7,74.0,69.8,70.9,71.4,48.3,49.3,3,10,-4.1,0.6,42,44,45,0,0,0,6,6,4,0,3,3,3,32,28,28,10,10,12,45.03,44.91,45.03,24,230,2.1,0,0,0
16.68,40,15.73,15.8,15.79,10,11,10,0,-9.5,0.07,0.23,207.9,15.1,160,1,3,1619,703,1974,1,2056,16.63,1788.9,1179,29.6,32.5,0,2.7,2067.6,0,16.83,-15.6,59.1,67.0,68.2,70.6,74.0,69.7,70.8,71.3,48.3,49.3,3,10,-4.1,0.6,41,43,45,0,0,0,6,6,4,0,3,3,3,32,28,28,10,10,12,45.04,44.91,45.02,24,230,2.1,0,0,0
17.14,72,11.82,11.88,11.89,10,10,10,0,-4.1,0.16,0.06,207.9,16.7,156,1,3,1648,703,2008,0,2081,17.1,1798.0,1163,28.8,32.5,0,2.8,2067.6,0,16.83,-15.6,59.1,66.9,68.3,70.6,73.8,69.7,70.7,71.3,48.3,49.2,3,10,-4.1,0.6,41,43,45,0,0,0,6,6,4,0,3,3,3,32,28,29,10,10,12,45.04,44.91,45.02,23,220,2.1,0,0,0
17.34,0,15.53,15.59,15.58,10,10,10,0,-3.8,0.07,0.25,207.9,17.7,166,1,3,1649,705,2015,0,2093,17.25,1799.4,1160,31.1,34.0,0,2.7,2067.6,0,16.83,-15.6,59.1,67.0,68.4,70.7,74.0,69.8,70.9,71.4,48.3,49.3,4,10,-4.1,0.6,42,44,45,0,0,0,6,6,4,0,3,3,3,32,28,28,10,10,12,45.04,44.92,45.03,23,220,2.1,0,0,0
16.83,128,11.73,11.8,11.81,16,15,16,0,-5.8,0.1,0.12,208.6,13.0,158,1,3,1629,703,1985,4,2066,16.82,1791.6,1172,33.7,36.9,0,2.7,2067.6,0,16.83,-15.6,59.1,66.9,68.5,70.6,73.9,69.7,70.8,71.3,48.3,49.3,3,10,-4.1,0.6,45,47,45,0,0,0,6,6,4,0,3,3,3,32,28,29,10,10,12,45.04,44.91,45.02,24,230,2.1,0,0,0
17.27,40,16.19,16.25,16.26,18,15,16,0,-6.7,0.03,0.0,207.7,18.6,158,1,3,1631,703,1989,0,2061,17.24,1774.5,1144,27.9,31.4,0,2.8,2067.6,0,16.83,-15.6,59.1,67.0,68.2,70.7,73.9,69.8,70.8,71.3,48.3,49.3,3,10,-4.1,0.6,40,42,45,0,0,0,6,6,4,0,3,3,3,32,28,29,10,10,12,45.04,44.91,45.03,23,220,2.1,0,0,0
16.59,24,12.03,12.1,12.11,17,12,13,0,-7.6,0.03,0.11,208.1,14.0,160,1,3,1619,703,1972,1,2043,16.58,1783.7,1179,31.0,33.9,0,2.7,2067.6,0,16.83,-15.6,59.0,66.8,68.4,70.5,73.9,69.6,70.7,71.2,48.3,49.3,3,10,-4.1,0.6,42,44,45,0,0,0,6,6,4,0,3,3,3,32,28,29,10,10,12,45.04,44.91,45.03,23,230,2.1,0,0,0
16.51,8,10.98,11.04,11.02,19,13,13,0,8.0,0.04,0.07,207.9,19.0,160,1,3,1585,705,1936,2,2009,16.58,1747.5,1161,29.3,31.5,0,2.7,2067.6,0,16.83,-15.6,59.2,67.0,68.4,70.7,74.0,69.8,70.9,71.3,48.3,49.3,4,10,-4.1,0.6,40,42,45,0,0,0,6,6,4,0,3,3,3,32,28,29,10,10,12,45.04,44.91,45.03,24,230,2.2,0,0,0
16.96,336,14.79,14.86,14.86,13,14,12,0,-7.0,0.01,0.08,208.0,16.3,158,1,3,1636,703,1994,0,2071,16.89,1790.5,1173,31.0,34.5,0,2.8,2067.6,0,16.83,-15.6,59.2,67.0,68.4,70.6,73.9,69.7,70.8,71.3,48.3,49.3,4,10,-4.1,0.6,42,45,45,0,0,0,6,6,4,0,3,3,3,32,28,29,10,10,12,45.04,44.92,45.03,23,220,2.1,0,0,0
16.4,160,11.5,11.56,11.56,12,13,13,0,-2.8,-0.17,0.03,209.3,10.2,172,1,3,1571,704,1917,2,1985,16.41,1725.7,1164,31.3,35.2,0,2.7,2067.6,0,16.83,-15.6,59.1,67.0,68.4,70.7,73.9,69.8,70.9,71.3,48.3,49.3,3,10,-4.1,0.6,43,45,45,0,0,0,6,6,4,0,3,3,3,32,28,28,10,10,12,45.04,44.91,45.03,23,230,2.2,0,0,0
16.93,296,8.94,9.0,8.99,17,14,13,0,4.0,0.01,0.29,209.1,12.3,165,1,3,1626,705,1988,1,2060,16.83,1792.7,1173,28.3,32.0,0,2.8,2067.6,0,16.83,-15.7,59.2,67.0,68.4,70.7,74.0,69.8,70.9,71.4,48.3,49.3,3,10,-4.1,0.6,40,43,45,0,0,0,6,6,4,0,3,3,3,32,28,29,10,10,12,45.04,44.91,45.02,24,230,2.2,0,0,0
16.93,24,12.06,12.13,12.14,15,17,13,0,-5.1,0.13,-0.01,208.6,13.7,159,1,3,1632,703,1988,7,2066,16.92,1792.9,1168,32.1,35.0,0,2.8,2067.6,0,16.83,-15.6,59.0,66.8,68.5,70.5,73.8,69.6,70.7,71.2,48.3,49.2,3,10,-4.1,0.6,43,45,45,0,0,0,6,6,4,0,3,3,3,32,28,29,10,10,12,45.04,44.91,45.03,24,230,2.1,0,0,0
17.05,144,13.15,13.22,13.24,16,17,17,0,-6.6,0.23,0.16,208.3,15.9,158,1,3,1642,703,2000,-5,2076,16.95,1795.7,1167,30.1,33.1,0,2.7,2067.6,0,16.83,-15.6,59.0,66.9,68.3,70.6,73.9,69.7,70.8,71.2,48.3,49.3,3,10,-4.0,0.6,41,44,45,0,0,0,6,6,4,0,3,3,3,32,28,29,10,10,12,45.04,44.91,45.03,24,230,2.1,0,0,0
16.82,272,14.89,14.96,14.97,19,14,12,0,-6.0,-0.09,0.17,208.3,20.0,158,1,3,1627,703,1983,0,2054,16.82,1786.9,1167,31.1,34.7,0,2.7,2067.6,0,16.83,-15.6,59.1,67.0,68.4,70.6,73.9,69.7,70.8,71.3,48.3,49.3,3,10,-4.1,0.6,42,45,45,0,0,0,6,6,4,0,3,3,3,32,28,29,10,10,12,45.04,44.92,45.03,23,230,2.1,0,0,0
16.91,160,10.26,10.33,10.35,13,18,13,0,-2.4,0.15,0.01,208.5,13.8,158,1,3,1628,703,1984,-2,2063,16.78,1793.3,1172,31.1,34.4,0,2.8,2067.6,0,16.83,-15.6,59.1,66.9,68.4,70.6,73.8,69.6,70.8,71.3,48.3,49.2,3,10,-4.1,0.6,42,44,45,0,0,0,6,6,4,0,3,3,3,32,28,29,10,10,12,45.04,44.91,45.03,24,230,2.2,0,0,0
16.52,240,11.62,11.69,11.7,18,15,19,0,-12.5,-0.07,0.06,208.6,10.7,162,1,3,1590,702,1936,5,2015,16.55,1775.1,1152,32.4,35.1,0,2.8,2067.6,0,16.83,-15.6,59.0,66.8,68.4,70.5,73.9,69.6,70.7,71.2,48.3,49.3,4,10,-4.1,0.6,43,45,45,0,0,0,6,6,4,0,3,3,3,32,28,29,10,10,12,45.04,44.91,45.03,23,230,2.1,0,0,0
16.54,328,14.68,14.75,14.75,20,12,14,0,-6.1,0.01,0.06,207.8,20.3,158,1,3,1612,703,1965,-2,2040,16.64,1776.5,1172,28.8,31.2,0,2.8,2067.6,0,16.83,-15.6,59.1,66.9,68.3,70.7,73.9,69.7,70.8,71.3,48.3,49.3,3,10,-4.1,0.6,40,42,45,0,0,0,6,6,4,0,3,3,3,32,28,29,10,10,12,45.04,44.91,45.02,24,230,2.1,0,0,0
16.52,216,10.59,10.66,10.67,18,15,14,0,-9.2,0.18,0.08,207.8,11.3,158,1,3,1587,702,1933,-3,2005,16.48,1757.4,1164,28.4,31.4,0,2.8,2067.6,0,16.83,-15.6,59.0,66.9,68.3,70.6,73.9,69.7,70.7,71.2,48.3,49.3,3,10,-4.0,0.6,40,42,45,0,0,0,6,6,4,0,3,3,3,32,28,29,10,10,12,45.03,44.91,45.02,24,230,2.2,0,0,0
16.93,224,10.47,10.54,10.55,16,17,17,0,1.9,-0.12,0.13,208.0,11.9,155,1,3,1636,703,1993,-2,2072,17.03,1788.5,1159,29.7,33.7,0,2.7,2067.6,0,16.83,-15.6,59.1,66.9,68.3,70.6,73.8,69.7,70.7,71.2,48.3,49.3,3,10,-4.1,0.6,42,44,45,0,0,0,6,6,4,0,3,3,3,32,28,29,10,10,12,45.04,44.91,45.03,23,230,2.1,0,0,0
17.0,72,14.48,14.54,14.53,15,12,11,0,5.8,0.03,-0.05,209.5,14.6,162,1,3,1635,704,1996,-1,2078,16.93,1789.3,1173,32.1,35.0,0,2.8,2067.6,0,16.83,-15.6,59.2,67.0,68.5,70.7,73.9,69.9,70.9,71.4,48.3,49.3,3,10,-4.1,0.6,43,45,45,0,0,0,6,6,4,0,3,2,3,32,28,29,10,10,12,45.04,44.91,45.02,23,230,2.1,0,0,0
16.91,312,12.11,12.17,12.17,19,16,13,0,-9.7,0.08,-0.02,26.2,15.9,168,1,3,1642,704,2004,-3,2078,16.99,1792.3,1167,32.5,36.9,0,2.7,2067.6,0,16.83,-15.6,59.1,67.0,68.3,70.7,74.0,69.8,70.9,71.3,48.3,49.2,3,10,-4.1,0.6,44,47,45,0,0,0,6,6,4,2,3,2,3,32,28,28,10,10,12,45.03,44.91,45.03,23,230,2.1,0,0,0
16.75,8,11.05,11.12,11.13,11,12,11,0,-1.5,0.15,0.12,208.0,14.0,158,1,3,1619,702,1973,0,2052,16.66,1780.9,1176,31.3,35.2,0,2.7,2067.6,0,16.83,-15.6,59.1,66.8,68.3,70.6,73.9,69.6,70.8,71.3,48.3,49.2,3,10,-4.1,0.6,43,45,45,0,0,0,6,6,4,0,3,3,3,32,28,28,10,10,12,45.04,44.91,45.03,24,230,2.2,0,0,0
17.14,344,12.68,12.75,12.76,10,11,10,0,-6.2,0.24,0.06,208.0,12.0,158,1,3,1645,703,2005,2,2082,17.03,1795.4,1166,32.8,37.0,0,2.8,2067.6,0,16.83,-15.6,59.1,67.0,68.5,70.6,73.9,69.7,70.8,71.3,48.3,49.3,3,10,-4.1,0.6,45,47,45,0,0,0,6,6,4,0,3,3,3,32,28,29,10,10,12,45.04,44.92,45.02,23,230,2.2,0,0,0
16.87,224,10.34,10.41,10.42,14,14,12,0,-5.1,0.02,0.16,207.7,12.2,159,1,3,1627,703,1982,0,2060,16.74,1785.8,1178,31.1,34.9,0,2.7,2067.6,0,16.83,-15.6,59.1,66.9,68.3,70.6,73.9,69.6,70.8,71.3,48.3,49.3,3,10,-4.1,0.6,42,44,45,0,0,0,6,6,4,0,3,3,3,32,28,29,10,10,12,45.04,44.91,45.03,24,230,2.2,0,0,0
17.18,192,14.96,15.02,15.03,13,12,10,0,-6.6,0.14,-0.07,207.9,15.2,158,1,3,1648,703,2008,-1,2082,17.09,1795.6,1167,30.6,34.4,0,2.7,2067.6,0,16.83,-15.6,59.1,67.0,68.4,70.7,73.9,69.7,70.8,71.3,48.3,49.3,3,10,-4.1,0.6,42,45,45,0,0,0,6,6,4,0,3,3,3,32,28,28,10,10,12,45.04,44.91,45.03,23,220,2.1,0,0,0
16.93,16,13.59,13.66,13.67,17,17,18,0,0.5,-0.05,0.09,208.2,11.8,158,1,3,1635,702,1992,-3,2067,16.99,1789.5,1162,33.5,36.7,0,2.8,2067.6,0,16.83,-15.6,59.0,66.8,68.4,70.6,73.8,69.6,70.7,71.2,48.3,49.3,3,10,-4.1,0.6,45,47,45,0,0,0,6,6,4,0,3,3,3,32,28,29,10,10,12,45.04,44.91,45.03,23,230,2.1,0,0,0
16.54,104,15.7,15.76,15.77,16,15,18,0,-7.8,0.03,0.05,207.6,16.2,160,1,3,1606,704,1960,-1,2035,16.61,1784.6,1168,30.3,33.1,0,2.8,2067.6,0,16.83,-15.6,59.1,67.0,68.2,70.7,73.9,69.7,70.8,71.3,48.3,49.3,3,10,-4.1,0.6,41,44,45,0,0,0,6,6,4,0,3,3,3,32,28,28,10,10,12,45.04,44.92,45.03,23,220,2.1,0,0,0
16.51,8,11.04,11.11,11.12,15,14,18,0,-3.3,-0.04,0.12,208.4,13.2,156,1,3,1609,703,1961,0,2039,16.58,1773.2,1177,28.6,32.1,0,2.7,2067.6,0,16.83,-15.6,59.1,66.9,68.3,70.6,73.9,69.7,70.7,71.3,48.3,49.3,3,10,-4.1,0.6,40,42,45,0,0,0,6,6,4,0,3,3,3,32,28,29,10,10,12,45.04,44.91,45.03,24,230,2.2,0,0,0
17.19,160,11.74,11.8,11.8,20,13,18,0,1.4,0.26,0.08,207.9,13.7,168,1,3,1632,704,1992,1,2067,17.14,1784.7,1158,30.0,33.8,0,2.7,2067.6,0,16.83,-15.6,59.2,67.0,68.3,70.7,74.0,69.8,70.8,71.3,48.3,49.3,3,10,-4.1,0.6,42,44,45,0,0,0,6,6,4,0,3,3,3,32,28,28,10,10,12,45.04,44.92,45.02,24,230,2.1,0,0,0
17.01,240,11.46,11.52,11.52,16,12,13,0,-13.8,-0.11,0.13,26.8,17.1,166,1,3,1648,703,2009,1,2081,16.99,1793.2,1172,33.2,36.0,0,2.8,2067.6,0,16.83,-15.6,59.1,67.0,68.3,70.7,73.9,69.7,70.8,71.3,48.3,49.2,2,10,-4.1,0.6,44,46,45,0,0,0,6,6,4,2,3,3,3,32,28,28,10,10,12,45.04,44.91,45.03,24,230,2.2,0,0,0
17.0,48,13.67,13.74,13.74,14,12,12,0,-3.2,-0.09,0.08,208.6,14.0,158,1,3,1651,703,2011,4,2086,17.06,1794.5,1164,32.1,36.5,0,2.8,2067.6,0,16.83,-15.6,59.1,66.9,68.4,70.6,73.9,69.7,70.8,71.3,48.3,49.3,3,10,-4.1,0.6,45,46,45,0,0,0,6,6,4,0,3,3,3,32,28,29,10,10,12,45.04,44.91,45.03,23,220,2.1,0,0,0
16.67,208,12.99,13.06,13.08,11,12,13,0,-6.5,-0.14,0.03,207.8,11.5,158,1,3,1627,703,1982,-5,2060,16.79,1788.4,1168,32.3,35.3,0,2.8,2067.6,0,16.83,-15.6,59.1,66.9,68.6,70.6,73.9,69.7,70.8,71.3,48.3,49.3,3,10,-4.1,0.6,43,46,45,0,0,0,6,6,4,0,3,3,3,32,28,29,10,10,12,45.04,44.91,45.03,23,230,2.1,0,0,0
16.86,208,17.52,17.58,17.58,13,11,13,0,-1.2,-0.21,0.16,207.5,18.4,163,1,3,1621,705,1983,-5,2058,16.9,1789.5,1161,32.6,35.6,0,2.8,2067.6,0,16.83,-15.6,59.2,67.0,68.4,70.7,74.0,69.9,70.9,71.4,48.3,49.3,3,10,-4.1,0.6,44,46,45,0,0,0,6,6,4,0,3,3,3,32,28,29,10,10,12,45.04,44.91,45.02,23,220,2.1,0,0,0
17.19,88,11.98,12.03,12.03,14,13,17,0,-1.8,-0.27,0.18,208.4,16.8,169,1,3,1637,705,2000,-3,2067,17.24,1777.1,1146,30.1,33.9,0,2.7,2067.6,0,16.83,-15.6,59.1,67.0,68.3,70.7,74.0,69.8,70.8,71.3,48.3,49.3,4,10,-4.1,0.6,42,44,45,0,0,0,6,6,4,0,3,3,3,32,28,29,10,10,12,45.04,44.92,45.02,23,230,2.1,0,0,0
16.74,96,11.87,11.92,11.92,11,10,10,0,-13.8,-0.04,0.08,30.0,12.9,166,1,3,1628,704,1987,-2,2061,16.79,1789.1,1171,33.0,36.1,0,2.8,2067.6,0,16.83,-15.6,59.1,67.0,68.3,70.7,73.9,69.7,70.8,71.3,48.3,49.3,4,10,-4.1,0.6,44,46,45,0,0,0,6,6,4,2,3,3,3,32,28,29,10,10,12,45.04,44.91,45.03,24,220,2.1,0,0,0
17.02,96,11.62,11.69,11.69,11,14,11,0,-8.6,0.2,0.06,208.6,10.4,161,1,3,1643,703,2003,3,2085,16.98,1793.6,1172,33.5,36.3,0,2.8,2067.6,0,16.83,-15.6,59.0,66.9,68.5,70.6,73.8,69.6,70.7,71.2,48.3,49.3,3,10,-4.1,0.6,44,46,45,0,0,0,6,6,4,0,3,3,3,32,28,29,10,10,12,45.04,44.92,45.03,23,230,2.1,0,0,0
17.03,304,14.4,14.46,14.46,16,16,17,0,-16.1,-0.13,0.06,26.5,16.8,167,1,3,1627,704,1985,-2,2058,17.13,1777.1,1149,33.5,36.4,0,2.8,2067.6,0,16.83,-15.6,59.1,67.0,68.3,70.7,73.9,69.7,70.8,71.3,48.3,49.2,3,10,-4.1,0.6,44,46,45,0,0,0,6,6,4,2,3,3,3,32,28,28,10,10,12,45.04,44.92,45.03,23,230,2.1,0,0,0
16.78,232,12.83,12.9,12.91,17,16,15,0,-6.4,0.2,0.03,208.0,17.2,159,1,3,1622,702,1975,3,2048,16.74,1789.4,1166,32.4,36.9,0,2.8,2067.6,0,16.83,-15.6,59.1,66.8,68.3,70.5,73.9,69.6,70.8,71.3,48.3,49.3,3,10,-4.1,0.6,44,46,45,0,0,0,6,6,4,0,3,3,3,32,28,29,10,10,12,45.04,44.92,45.03,23,230,2.1,0,0,0
17.25,80,11.17,11.24,11.25,11,10,10,0,-4.5,-0.01,0.19,208.2,14.6,156,1,3,1658,703,2020,1,2095,17.19,1798.9,1166,28.2,31.6,0,2.7,2067.6,0,16.83,-15.6,59.0,66.8,68.2,70.6,73.9,69.7,70.7,71.2,48.3,49.3,3,10,-4.0,0.6,40,42,45,0,0,0,6,6,4,0,3,3,3,32,28,29,10,10,12,45.04,44.91,45.03,23,220,2.1,0,0,0
17.11,248,15.24,15.31,15.31,14,13,12,0,-8.1,0.08,0.08,207.8,20.0,159,1,3,1646,704,2009,-3,2084,17.13,1794.5,1164,30.0,33.1,0,2.7,2067.6,0,16.83,-15.6,59.1,67.0,68.2,70.6,74.0,69.7,70.8,71.3,48.3,49.3,3,10,-4.1,0.6,41,43,45,0,0,0,6,6,4,0,3,3,3,32,28,29,10,10,12,45.04,44.91,45.03,23,230,2.1,0,0,0
16.46,80,10.55,10.62,10.63,17,16,18,0,-2.5,-0.02,0.03,207.7,12.7,156,1,3,1608,703,1959,1,2033,16.49,1781.8,1176,28.4,32.1,0,2.7,2067.6,0,16.83,-15.6,59.1,66.8,68.3,70.6,73.9,69.7,70.7,71.3,48.3,49.3,3,10,-4.1,0.6,40,42,45,0,0,0,6,6,4,0,3,3,3,32,28,29,10,10,12,45.04,44.91,45.03,24,230,2.2,0,0,0
16.5,64,16.3,16.36,16.36,12,13,13,0,-8.8,0.07,0.12,208.2,17.7,166,1,3,1558,705,1904,1,1974,16.46,1715.6,1149,32.9,35.7,0,2.8,2067.6,0,16.83,-15.6,59.2,67.0,68.4,70.7,74.0,69.9,70.9,71.4,48.3,49.3,3,10,-4.1,0.6,44,46,45,0,0,0,6,6,4,0,3,3,3,32,28,29,10,10,12,45.03,44.91,45.03,23,230,2.1,0,0,0
16.62,248,15.32,15.38,15.39,15,17,18,0,-5.1,-0.04,0.01,207.6,14.7,159,1,3,1622,704,1979,-7,2051,16.73,1785.3,1170,29.8,32.9,0,2.8,2067.6,0,16.83,-15.6,59.1,67.0,68.1,70.6,74.0,69.7,70.8,71.2,48.3,49.3,3,10,-4.1,0.6,41,43,45,0,0,0,6,6,4,0,3,3,3,32,28,28,10,10,12,45.04,44.92,45.02,23,220,2.1,0,0,0
16.78,104,13.11,13.18,13.18,14,12,13,0,-15.3,-0.03,0.11,207.8,18.4,163,1,3,1627,704,1984,4,2060,16.79,1788.2,1174,31.1,34.0,0,2.8,2067.6,0,16.83,-15.7,59.1,67.0,68.2,70.6,74.0,69.7,70.8,71.3,48.3,49.3,3,10,-4.1,0.6,41,44,45,0,0,0,6,6,4,0,3,3,3,32,28,28,10,10,12,45.04,44.91,45.03,24,230,2.1,0,0,0
17.03,232,12.55,12.61,12.6,11,11,12,0,-2.4,0.01,0.08,26.4,15.0,171,1,3,1632,704,1993,-5,2066,16.93,1793.6,1164,31.5,35.9,0,2.7,2067.6,0,16.83,-15.6,59.1,67.0,68.4,70.7,74.0,69.8,70.9,71.3,48.3,49.2,4,10,-4.1,0.6,44,46,45,0,0,0,6,6,4,2,3,3,3,32,28,29,10,10,12,45.04,44.91,45.03,23,230,2.1,0,0,0
16.78,24,11.67,11.74,11.74,19,17,15,0,-18.9,0.25,0.05,138.7,11.4,168,1,3,1628,704,1987,2,2057,16.75,1783.5,1176,33.0,36.0,0,2.8,2067.6,0,16.83,-15.6,59.1,67.0,68.3,70.6,74.0,69.7,70.8,71.3,48.3,49.3,4,10,-4.1,0.6,44,46,45,0,0,0,6,6,4,0,3,3,3,32,28,28,10,10,12,45.04,44.91,45.03,24,230,2.1,0,0,0
17.46,64,17.54,17.6,17.59,11,11,13,0,2.7,0.03,-0.04,207.6,15.1,162,1,3,1639,705,2004,2,2079,17.52,1781.9,1132,32.5,35.2,0,2.8,2067.6,0,16.83,-15.6,59.2,67.0,68.4,70.7,74.0,69.9,70.9,71.4,48.3,49.3,3,10,-4.1,0.6,43,46,45,0,0,0,6,6,4,0,3,2,3,32,28,28,10,10,12,45.04,44.92,45.02,23,220,2.1,0,0,0
17.13,312,12.23,12.3,12.32,12,12,10,0,-8.3,0.29,0.08,207.9,14.0,160,1,3,1650,703,2011,-5,2083,17.05,1797.2,1168,31.1,34.1,0,2.8,2067.6,0,16.83,-15.6,59.0,66.9,68.4,70.5,73.9,69.6,70.7,71.2,48.3,49.3,3,10,-4.1,0.6,42,45,45,0,0,0,6,6,4,0,3,3,3,32,28,29,10,10,12,45.04,44.91,45.03,24,230,2.1,0,0,0
17.24,72,16.65,16.71,16.7,10,10,10,0,-11.8,0.02,0.21,208.8,14.1,165,1,3,1642,704,2005,5,2085,17.27,1788.5,1150,29.9,33.2,0,2.8,2067.6,0,16.83,-15.6,59.2,67.0,68.4,70.7,74.0,69.8,70.8,71.3,48.3,49.3,2,10,-4.1,0.6,41,44,45,0,0,0,6,6,4,0,3,3,3,32,28,28,10,10,12,45.04,44.91,45.03,23,220,2.1,0,0,0
17.24,0,14.04,14.1,14.09,15,10,11,0,3.8,0.18,0.18,208.0,12.3,160,1,3,1647,705,2012,2,2092,17.23,1795.3,1160,29.9,32.7,0,2.7,2067.6,0,16.83,-15.6,59.2,67.0,68.4,70.7,74.0,69.8,70.8,71.4,48.3,49.3,3,10,-4.1,0.6,41,43,45,0,0,0,6,6,4,0,3,3,3,32,28,28,10,10,12,45.04,44.91,45.03,23,230,2.1,0,0,0
17.26,264,14.39,14.46,14.47,14,13,12,0,-1.3,0.12,0.14,208.1,17.7,156,1,3,1647,702,2007,1,2085,17.1,1796.5,1163,31.5,35.6,0,2.8,2067.6,0,16.83,-15.6,59.1,66.9,68.4,70.6,74.0,69.7,70.8,71.3,48.3,49.3,3,10,-4.1,0.6,43,45,45,0,0,0,6,6,4,0,3,3,3,32,28,29,10,10,12,45.04,44.91,45.02,23,230,2.1,0,0,0
16.82,72,14.85,14.91,14.9,18,15,16,0,1.6,0.13,0.19,207.8,17.3,164,1,3,1628,704,1987,1,2058,16.84,1787.7,1170,31.6,34.3,0,2.8,2067.6,0,16.83,-15.6,59.1,67.0,68.4,70.7,74.0,69.8,70.9,71.4,48.3,49.2,4,10,-4.1,0.6,42,45,45,0,0,0,6,6,4,0,3,3,3,32,28,29,10,10,12,45.04,44.91,45.03,23,230,2.1,0,0,0
17.14,72,16.33,16.38,16.38,12,13,10,0,-2.7,0.03,-0.06,207.7,11.8,165,1,3,1632,704,1993,-2,2068,17.16,1793.0,1148,31.3,34.0,0,2.8,2067.6,0,16.83,-15.6,59.1,67.0,68.4,70.7,74.0,69.8,70.9,71.4,48.3,49.3,3,10,-4.1,0.6,42,45,45,0,0,0,6,6,4,0,3,3,3,32,28,29,10,10,12,45.04,44.92,45.02,23,220,2.1,0,0,0
16.76,176,15.43,15.5,15.5,12,12,12,0,-7.4,0.1,0.09,207.9,17.6,159,1,3,1627,704,1985,-4,2058,16.76,1782.6,1173,29.7,32.9,0,2.8,2067.6,0,16.83,-15.6,59.1,67.0,68.1,70.6,74.0,69.7,70.8,71.3,48.3,49.3,4,10,-4.1,0.6,41,43,45,0,0,0,6,6,4,0,3,3,3,32,28,29,10,10,12,45.04,44.91,45.02,24,220,2.1,0,0,0
16.72,232,10.93,10.99,10.98,17,16,20,0,4.7,0.03,0.01,207.8,13.6,165,1,3,1619,704,1976,1,2057,16.8,1787.4,1170,29.5,33.3,0,2.7,2067.6,0,16.83,-15.6,59.2,67.0,68.4,70.7,74.0,69.8,70.8,71.3,48.3,49.3,3,10,-4.1,0.6,42,44,45,0,0,0,6,6,4,0,3,3,3,32,28,29,10,10,12,45.04,44.91,45.03,23,230,2.2,0,0,0
16.31,192,14.23,14.3,14.3,17,16,19,0,-6.7,0.08,0.03,207.8,16.2,158,1,3,1597,703,1946,-2,2018,16.36,1772.7,1174,28.3,31.7,0,2.7,2067.6,0,16.83,-15.7,59.1,67.0,68.3,70.7,73.9,69.7,70.8,71.3,48.3,49.3,2,10,-4.1,0.6,40,42,45,0,0,0,6,6,4,0,3,3,3,32,28,29,10,10,12,45.04,44.92,45.03,23,230,2.1,0,0,0
17.41,8,13.21,13.26,13.26,10,10,11,0,9.0,0.05,0.11,208.0,15.1,159,1,3,1656,705,2024,-3,2097,17.37,1800.2,1152,29.7,32.1,0,2.7,2067.6,0,16.83,-15.6,59.1,67.0,68.4,70.7,74.0,69.8,70.8,71.4,48.3,49.3,4,10,-4.1,0.6,41,43,45,0,0,0,6,6,4,0,3,3,3,32,28,28,10,10,12,45.04,44.91,45.03,23,230,2.1,0,0,0
16.9,32,16.19,16.25,16.25,15,15,16,0,-9.1,0.03,-0.01,207.8,17.8,160,1,3,1628,703,1986,-1,2062,16.99,1790.1,1153,30.2,33.1,0,2.7,2067.6,0,16.83,-15.6,59.1,66.9,68.2,70.7,73.9,69.7,70.8,71.3,48.3,49.3,3,10,-4.1,0.6,41,44,45,0,0,0,6,6,4,0,3,3,3,32,28,28,10,10,12,45.04,44.91,45.03,23,220,2.1,0,0,0
16.61,216,15.56,15.62,15.61,16,15,16,0,-3.7,-0.06,0.08,207.7,17.8,165,1,3,1622,705,1982,-2,2054,16.74,1788.3,1169,30.5,33.6,0,2.8,2067.6,0,16.83,-15.7,59.1,67.0,68.4,70.7,74.0,69.8,70.9,71.4,48.3,49.3,3,10,-4.1,0.6,42,44,45,0,0,0,6,6,4,0,3,3,3,32,28,29,10,10,12,45.03,44.91,45.03,23,220,2.1,0,0,0
16.41,176,15.2,15.26,15.27,16,15,15,0,-7.3,0.14,0.14,208.0,13.7,159,1,3,1557,703,1899,0,1975,16.36,1758.1,1135,30.4,33.2,0,2.8,2067.6,0,16.83,-15.7,59.1,67.0,68.2,70.7,73.9,69.7,70.9,71.3,48.3,49.3,3,10,-4.1,0.6,41,44,45,0,0,0,6,6,4,0,3,3,3,32,28,28,10,10,12,45.04,44.92,45.02,23,230,2.1,0,0,0
16.92,144,12.69,12.76,12.77,17,17,17,0,-1.4,0.13,0.03,208.1,12.7,157,1,3,1640,703,1999,0,2072,17.06,1789.6,1160,29.9,33.0,0,2.7,2067.6,0,16.83,-15.6,59.1,66.9,68.3,70.6,73.9,69.7,70.8,71.2,48.3,49.3,3,10,-4.0,0.6,41,44,45,0,0,0,6,6,4,0,3,3,3,32,28,29,10,10,12,45.04,44.91,45.02,23,220,2.1,0,0,0
16.82,48,14.85,14.91,14.92,14,12,13,0,-1.5,0.1,-0.04,208.1,15.2,157,1,3,1636,703,1994,-2,2072,16.93,1789.5,1169,28.6,32.3,0,2.7,2067.6,0,16.83,-15.6,59.1,66.9,68.3,70.6,73.9,69.7,70.8,71.3,48.3,49.3,4,10,-4.1,0.6,40,42,45,0,0,0,6,6,4,0,3,3,3,32,28,29,10,10,12,45.03,44.91,45.03,23,220,2.2,0,0,0
17.13,216,13.33,13.39,13.38,14,15,12,0,4.0,0.18,0.13,207.5,16.9,160,1,3,1640,705,2004,4,2081,17.03,1793.6,1165,29.9,32.6,0,2.8,2067.6,0,16.83,-15.6,59.2,67.0,68.4,70.7,74.0,69.8,70.8,71.4,48.3,49.2,3,10,-4.1,0.6,41,43,45,0,0,0,6,6,4,0,3,3,3,32,28,29,10,10,12,45.04,44.91,45.03,24,230,2.1,0,0,0
16.73,216,11.89,11.97,11.98,18,15,16,0,-7.4,0.03,0.06,207.8,16.6,157,1,3,1628,703,1983,-5,2054,16.8,1789.3,1166,28.7,32.5,0,2.7,2067.6,0,16.83,-15.6,59.1,66.8,68.3,70.6,73.8,69.7,70.7,71.3,48.3,49.2,4,10,-4.1,0.6,41,43,45,0,0,0,6,6,4,0,3,3,3,32,28,29,10,10,12,45.04,44.91,45.03,23,220,2.1,0,0,0
16.71,176,13.86,13.93,13.92,13,14,13,0,-14.8,0.17,0.08,207.8,14.2,164,1,3,1628,703,1986,0,2060,16.65,1784.6,1180,32.2,35.1,0,2.8,2067.6,0,16.83,-15.6,59.1,67.0,68.3,70.7,73.9,69.7,70.8,71.3,48.3,49.3,2,10,-4.1,0.6,42,45,45,0,0,0,6,6,4,0,3,3,3,32,28,29,10,10,12,45.03,44.91,45.03,23,220,2.1,0,0,0
16.73,160,9.46,9.52,9.52,14,14,13,0,1.3,0.1,0.09,208.5,11.1,170,1,3,1621,704,1979,5,2055,16.65,1790.2,1178,30.9,34.2,0,2.7,2067.6,0,16.83,-15.6,59.2,67.0,68.4,70.7,74.0,69.8,70.8,71.4,48.3,49.3,3,10,-4.1,0.6,42,44,45,0,0,0,6,6,4,0,3,3,3,32,28,28,10,10,12,45.04,44.92,45.03,23,230,2.2,0,0,0
17.03,280,13.15,13.22,13.23,17,16,17,0,-1.3,-0.01,0.21,207.9,13.8,156,1,3,1635,703,1991,-5,2064,17.05,1791.2,1158,31.6,34.5,0,2.8,2067.6,0,16.83,-15.6,59.1,66.9,68.4,70.6,73.9,69.7,70.8,71.2,48.3,49.3,4,10,-4.1,0.6,43,45,45,0,0,0,6,6,4,0,3,3,3,32,28,29,10,10,12,45.04,44.91,45.03,23,230,2.1,0,0,0
16.46,112,13.84,13.91,13.91,13,13,12,0,-12.1,0.1,-0.02,208.6,16.6,161,1,3,1585,703,1935,0,2010,16.38,1730.2,1183,30.6,33.4,0,2.7,2067.6,0,16.83,-15.6,59.1,67.0,68.2,70.7,73.9,69.7,70.8,71.3,48.3,49.3,3,10,-4.1,0.6,42,44,45,0,0,0,6,6,4,0,3,3,3,32,28,29,10,10,12,45.04,44.91,45.03,24,230,2.1,0,0,0
17.45,16,14.01,14.08,14.1,10,10,10,0,-2.1,0.14,0.17,208.0,17.4,160,1,3,1647,702,2005,2,2084,17.45,1791.8,1139,33.5,36.5,0,2.7,2067.6,0,16.83,-15.6,59.0,66.8,68.4,70.6,73.8,69.6,70.7,71.3,48.3,49.2,3,10,-4.1,0.6,44,47,45,0,0,0,6,6,4,0,3,3,3,32,28,29,10,10,12,45.04,44.91,45.02,23,220,2.1,0,0,0
17.27,0,16.27,16.33,16.32,13,13,13,0,-5.2,0.14,0.03,208.1,18.0,162,1,3,1640,705,2003,2,2081,17.21,1785.8,1155,30.0,33.0,0,2.8,2067.6,0,16.83,-15.6,59.2,67.0,68.4,70.7,74.0,69.8,70.9,71.4,48.3,49.3,3,10,-4.1,0.6,41,44,45,0,0,0,6,6,4,0,3,3,3,32,28,28,10,10,12,45.04,44.91,45.03,23,220,2.1,0,0,0
16.78,160,13.33,13.4,13.41,17,17,18,0,-5.6,0.1,0.06,207.9,14.9,159,1,3,1627,703,1982,3,2055,16.84,1786.1,1166,32.5,36.9,0,2.8,2067.6,0,16.83,-15.6,59.1,66.8,68.3,70.5,73.9,69.6,70.8,71.3,48.3,49.3,3,10,-4.1,0.6,45,47,45,0,0,0,6,6,4,0,3,3,3,32,28,29,10,10,12,45.04,44.91,45.03,23,230,2.1,0,0,0
17.18,208,12.47,12.54,12.55,10,10,10,0,-0.8,0.12,0.1,207.7,15.1,156,1,3,1650,702,2010,-4,2083,17.08,1797.1,1165,31.6,34.5,0,2.8,2067.6,0,16.83,-15.6,59.1,66.9,68.4,70.6,73.9,69.7,70.8,71.3,48.3,49.3,3,10,-4.1,0.6,43,45,45,0,0,0,6,6,4,0,3,3,3,32,28,29,10,10,12,45.04,44.91,45.03,23,230,2.1,0,0,0
16.82,96,12.09,12.15,12.15,17,14,13,0,-8.9,-0.03,0.11,26.4,16.9,167,1,3,1631,704,1990,-5,2063,16.8,1788.7,1174,32.8,36.9,0,2.7,2067.6,0,16.83,-15.6,59.1,67.0,68.3,70.7,74.0,69.8,70.9,71.3,48.3,49.2,3,10,-4.1,0.6,44,47,45,0,0,0,6,6,4,2,3,2,3,32,28,29,10,10,12,45.03,44.91,45.03,24,230,2.1,0,0,0
16.83,240,12.58,12.64,12.63,13,13,12,0,-17.7,-0.01,0.18,208.0,17.6,166,1,3,1614,704,1969,-3,2043,16.74,1766.4,1175,32.8,35.5,0,2.8,2067.6,0,16.83,-15.6,59.1,67.0,68.3,70.6,74.0,69.8,70.8,71.3,48.3,49.2,3,10,-4.1,0.6,44,46,45,0,0,0,6,6,4,0,3,3,3,32,28,29,10,10,12,45.04,44.92,45.03,23,230,2.1,0,0,0
17.01,344,15.32,15.39,15.39,14,14,14,0,-4.0,-0.07,0.15,208.1,16.2,157,1,3,1640,703,2000,-2,2073,17.06,1793.0,1163,31.3,34.9,0,2.8,2067.6,0,16.83,-15.6,59.1,66.9,68.4,70.6,73.9,69.7,70.8,71.3,48.3,49.3,3,10,-4.1,0.6,43,45,45,0,0,0,6,6,4,0,3,3,3,32,28,29,10,10,12,45.04,44.91,45.02,23,230,2.1,0,0,0
16.72,136,12.7,12.77,12.78,16,17,18,0,-0.7,0.05,0.07,207.9,16.7,157,1,3,1629,703,1984,-1,2059,16.83,1787.2,1169,31.2,34.0,0,2.7,2067.6,0,16.83,-15.6,59.1,66.9,68.4,70.6,73.9,69.7,70.7,71.3,48.3,49.3,3,10,-4.1,0.6,42,45,45,0,0,0,6,6,4,0,3,3,3,32,28,29,10,10,12,45.04,44.91,45.02,23,230,2.1,0,0,0
17.08,232,11.56,11.61,11.61,12,15,12,0,5.2,0.01,0.03,208.0,11.1,167,1,3,1637,704,2000,-2,2076,17.05,1795.4,1161,30.0,33.7,0,2.7,2067.6,0,16.83,-15.6,59.2,67.0,68.3,70.7,74.0,69.8,70.8,71.3,48.3,49.3,3,10,-4.1,0.6,42,44,45,0,0,0,6,6,4,0,3,3,3,32,28,28,10,10,12,45.04,44.92,45.02,24,230,2.1,0,0,0
17.33,88,12.95,13.02,13.03,13,12,14,0,-10.7,-0.09,0.11,208.0,15.1,162,1,3,1639,703,1997,-2,2072,17.37,1781.6,1141,33.2,36.1,0,2.8,2067.6,0,16.83,-15.6,59.0,66.8,68.5,70.6,73.8,69.6,70.7,71.2,48.3,49.3,2,10,-4.1,0.6,44,46,45,0,0,0,6,6,4,0,3,3,3,32,28,29,10,10,12,45.04,44.91,45.02,23,230,2.1,0,0,0
16.36,136,16.26,16.31,16.31,17,14,18,0,-8.6,0.09,0.06,208.2,21.8,166,1,3,1599,705,1953,4,2028,16.45,1754.6,1180,32.9,35.8,0,2.8,2067.6,0,16.83,-15.6,59.2,67.0,68.4,70.7,74.0,69.9,70.9,71.4,48.3,49.3,4,10,-4.1,0.6,44,46,45,0,0,0,6,6,4,0,3,3,3,32,28,28,10,10,12,45.03,44.91,45.03,23,220,2.1,0,0,0
17.45,304,10.98,11.03,11.05,11,10,10,0,-9.2,0.08,0.05,208.7,13.1,161,1,3,1655,702,2016,1,2099,17.28,1800.8,1162,33.0,35.9,0,2.8,2067.6,0,16.83,-15.6,59.0,66.8,68.5,70.5,73.8,69.6,70.7,71.2,48.3,49.2,4,10,-4.1,0.6,43,46,45,0,0,0,6,6,4,0,3,3,3,32,28,28,10,10,12,45.04,44.92,45.02,23,230,2.1,0,0,0
16.97,176,15.34,15.4,15.4,12,12,14,0,-6.7,0.03,0.11,207.7,17.4,159,1,3,1640,703,2001,-2,2078,17.03,1789.8,1164,30.2,32.9,0,2.7,2067.6,0,16.83,-15.6,59.1,66.9,68.2,70.6,74.0,69.7,70.8,71.3,48.3,49.3,3,10,-4.1,0.6,41,43,45,0,0,0,6,6,4,0,3,3,3,32,28,28,10,10,12,45.04,44.91,45.02,23,230,2.2,0,0,0
16.62,96,13.28,13.34,13.33,16,15,18,0,-17.6,-0.04,0.01,208.5,18.1,166,1,3,1620,703,1975,-4,2053,16.7,1788.0,1171,32.6,35.6,0,2.8,2067.6,0,16.83,-15.6,59.1,67.0,68.2,70.6,74.0,69.8,70.8,71.3,48.3,49.3,3,10,-4.1,0.6,44,46,45,0,0,0,6,6,4,0,3,3,3,32,28,29,10,10,12,45.04,44.92,45.02,23,220,2.1,0,0,0
16.72,24,12.16,12.23,12.24,14,12,13,0,-2.1,-0.07,-0.01,208.4,12.6,159,1,3,1629,703,1985,3,2058,16.81,1786.3,1168,31.9,34.7,0,2.8,2067.6,0,16.83,-15.6,59.0,66.9,68.5,70.6,73.8,69.6,70.7,71.2,48.3,49.3,3,10,-4.1,0.6,42,45,45,0,0,0,6,6,4,0,3,3,3,32,28,29,10,10,12,45.04,44.91,45.03,23,220,2.1,0,0,0
17.14,248,14.94,15.0,15.0,10,11,10,0,-13.0,0.13,0.12,207.7,17.3,163,1,3,1647,704,2009,1,2084,17.03,1794.7,1167,31.6,34.6,0,2.8,2067.6,0,16.83,-15.6,59.2,66.9,68.3,70.6,74.0,69.7,70.8,71.3,48.3,49.3,3,10,-4.1,0.6,43,45,45,0,0,0,6,6,4,0,3,3,3,32,28,29,10,10,12,45.04,44.91,45.03,23,220,2.1,0,0,0
17.45,328,17.42,17.49,17.49,10,10,10,0,-8.7,0.09,0.08,207.8,19.5,159,1,3,1640,703,2000,-2,2079,17.39,1789.3,1137,29.0,31.8,0,2.8,2067.6,0,16.83,-15.6,59.1,67.0,68.2,70.7,73.9,69.7,70.8,71.3,48.3,49.3,4,10,-4.1,0.6,40,42,45,0,0,0,6,6,4,0,3,3,3,32,28,29,10,10,12,45.04,44.91,45.03,23,220,2.1,0,0,0
16.88,296,9.18,9.25,9.26,14,15,13,0,-4.4,0.05,0.14,208.7,8.9,158,1,3,1632,702,1986,3,2062,16.77,1790.6,1174,30.5,34.0,0,2.7,2067.6,0,16.83,-15.6,59.1,66.9,68.3,70.6,73.8,69.7,70.7,71.2,48.3,49.3,3,10,-4.1,0.6,42,44,45,0,0,0,6,6,4,0,3,3,3,32,28,29,10,10,12,45.04,44.91,45.03,24,230,2.2,0,0,0
17.37,288,16.35,16.4,16.4,18,11,15,0,4.5,0.03,0.01,207.6,23.0,162,1,3,1642,705,2007,2,2085,17.38,1786.3,1146,32.2,35.1,0,2.7,2067.6,0,16.83,-15.6,59.2,67.0,68.5,70.7,73.9,69.9,70.9,71.4,48.3,49.3,3,10,-4.1,0.6,43,46,45,0,0,0,6,6,4,0,3,2,3,32,28,29,10,10,12,45.04,44.91,45.02,23,230,2.1,0,0,0
17.01,288,9.02,9.09,9.11,19,15,13,0,-12.4,0.18,0.08,208.0,12.4,161,1,3,1638,703,1997,3,2080,16.95,1793.4,1173,29.4,31.7,0,2.8,2067.6,0,16.83,-15.6,59.1,66.9,68.3,70.6,73.9,69.7,70.8,71.2,48.3,49.3,4,10,-4.0,0.6,40,43,45,0,0,0,6,6,4,0,3,3,3,32,28,29,10,10,12,45.04,44.91,45.03,24,230,2.2,0,0,0
16.57,16,9.83,9.89,9.89,16,15,20,0,0.9,-0.03,0.19,208.5,14.7,170,1,3,1616,704,1973,-4,2051,16.59,1783.7,1180,30.8,34.4,0,2.8,2067.6,0,16.83,-15.6,59.2,67.0,68.4,70.7,73.9,69.8,70.8,71.4,48.3,49.3,4,10,-4.1,0.6,42,44,45,0,0,0,6,6,4,0,3,3,3,32,28,28,10,10,12,45.04,44.91,45.03,24,230,2.1,0,0,0
16.75,144,9.59,9.66,9.67,11,13,12,0,-13.6,-0.02,-0.04,208.7,8.7,161,1,3,1625,703,1979,-2,2056,16.74,1787.5,1174,29.4,31.5,0,2.8,2067.6,0,16.83,-15.6,59.0,66.9,68.3,70.6,73.9,69.7,70.7,71.3,48.3,49.3,3,10,-4.0,0.6,40,42,45,0,0,0,6,6,4,0,3,3,3,32,28,29,10,10,12,45.04,44.91,45.03,23,230,2.1,0,0,0
16.82,56,12.3,12.37,12.38,11,12,11,0,-8.7,0.03,0.06,208.6,14.6,159,1,3,1628,703,1985,-5,2061,16.73,1786.0,1175,33.8,36.6,0,2.8,2067.6,0,16.83,-15.6,59.1,66.9,68.5,70.6,73.9,69.7,70.8,71.2,48.3,49.3,3,10,-4.1,0.6,44,47,45,0,0,0,6,6,4,0,3,3,3,32,28,29,10,10,12,45.04,44.91,45.02,23,230,2.2,0,0,0
16.96,88,13.23,13.3,13.31,19,17,14,0,-0.8,0.17,0.14,208.0,13.0,158,1,3,1638,703,1996,0,2070,16.9,1794.3,1168,33.3,36.7,0,2.7,2067.6,0,16.83,-15.6,59.0,66.8,68.4,70.5,73.9,69.6,70.7,71.2,48.3,49.3,3,10,-4.1,0.6,45,47,45,0,0,0,6,6,4,0,3,3,3,32,28,29,10,10,12,45.04,44.91,45.03,23,230,2.1,0,0,0
16.96,336,13.47,13.55,13.55,15,14,13,0,-0.4,0.15,0.08,208.2,17.3,157,1,3,1639,703,1997,-2,2077,16.95,1793.2,1171,31.7,36.1,0,2.7,2067.6,0,16.83,-15.6,59.1,67.0,68.4,70.6,74.0,69.7,70.8,71.3,48.3,49.3,2,10,-4.1,0.6,43,45,45,0,0,0,6,6,4,0,3,3,3,32,28,29,10,10,12,45.04,44.91,45.02,24,230,2.1,0,0,0
16.83,344,12.19,12.26,12.27,10,11,10,0,-4.1,0.04,0.14,208.3,14.0,158,1,3,1632,703,1989,6,2064,16.84,1789.3,1171,33.8,36.9,0,2.7,2067.6,0,16.83,-15.6,59.1,66.9,68.5,70.6,73.9,69.7,70.8,71.3,48.3,49.3,3,10,-4.1,0.6,45,47,45,0,0,0,6,6,4,0,3,3,3,32,28,28,10,10,12,45.04,44.91,45.03,24,230,2.1,0,0,0
16.73,56,12.14,12.21,12.23,17,15,18,0,-4.2,0.1,0.03,208.3,14.2,158,1,3,1628,703,1984,3,2060,16.83,1789.3,1169,33.9,36.8,0,2.7,2067.6,0,16.83,-15.6,59.1,66.9,68.5,70.6,73.9,69.7,70.8,71.3,48.3,49.3,3,10,-4.1,0.6,45,47,45,0,0,0,6,6,4,0,3,3,3,32,28,29,10,10,12,45.04,44.91,45.02,24,230,2.1,0,0,0
16.52,8,9.99,10.05,10.04,16,16,18,0,-7.3,-0.06,0.15,208.1,14.5,169,1,3,1616,704,1973,5,2051,16.63,1782.1,1175,28.9,32.9,0,2.7,2067.6,0,16.83,-15.6,59.2,67.0,68.4,70.7,74.0,69.7,70.9,71.4,48.3,49.3,3,10,-4.1,0.6,40,43,45,0,0,0,6,6,4,0,3,3,3,32,28,29,10,10,12,45.04,44.91,45.03,23,230,2.2,0,0,0
16.82,40,14.6,14.67,14.67,11,12,11,0,-7.6,0.07,0.17,208.1,16.9,159,1,3,1632,703,1991,-1,2067,16.78,1787.3,1178,28.9,31.2,0,2.7,2067.6,0,16.83,-15.6,59.1,66.9,68.3,70.7,73.9,69.7,70.8,71.3,48.3,49.3,3,10,-4.1,0.6,40,42,45,0,0,0,6,6,4,0,3,3,3,32,28,29,10,10,12,45.03,44.91,45.02,23,230,2.1,0,0,0
17.43,16,12.59,12.66,12.68,10,10,10,0,-9.9,-0.15,-0.04,208.9,10.3,162,1,3,1657,703,2019,-2,2094,17.46,1794.3,1143,33.0,35.9,0,2.8,2067.6,0,16.83,-15.6,59.0,66.8,68.5,70.5,73.8,69.6,70.7,71.2,48.3,49.3,3,10,-4.1,0.6,44,46,45,0,0,0,6,6,4,0,3,3,3,32,28,29,10,10,12,45.04,44.92,45.02,23,230,2.1,0,0,0
16.95,128,11.96,12.03,12.04,16,12,12,0,-4.8,-0.01,0.04,209.3,16.3,158,1,3,1639,703,1998,-3,2074,16.89,1793.0,1172,32.9,35.7,0,2.8,2067.6,0,16.83,-15.6,59.1,66.9,68.6,70.6,73.9,69.7,70.8,71.3,48.3,49.3,3,10,-4.1,0.6,44,46,45,0,0,0,6,6,4,0,3,3,3,32,28,28,10,10,12,45.04,44.91,45.03,23,220,2.1,0,0,0
16.91,0,13.22,13.29,13.3,15,12,12,0,-7.0,0.17,0.06,208.0,14.9,159,1,3,1634,703,1991,2,2068,16.88,1791.9,1171,30.3,33.2,0,2.8,2067.6,0,16.83,-15.6,59.1,66.9,68.3,70.6,73.9,69.7,70.7,71.2,48.3,49.3,3,10,-4.0,0.6,42,44,45,0,0,0,6,6,4,0,3,3,3,32,28,29,10,10,12,45.03,44.91,45.03,24,230,2.2,0,0,0
16.51,208,13.3,13.37,13.38,13,14,12,0,-7.4,0.05,0.1,208.0,16.1,159,1,3,1569,702,1911,-3,1985,16.48,1740.4,1148,30.7,33.5,0,2.8,2067.6,0,16.83,-15.6,59.1,66.9,68.4,70.6,73.9,69.7,70.7,71.3,48.3,49.3,3,10,-4.0,0.6,42,44,45,0,0,0,6,6,4,0,3,2,3,32,28,29,10,10,12,45.04,44.91,45.02,23,230,2.1,0,0,0
16.97,16,10.42,10.48,10.47,11,12,11,0,-5.4,0.1,0.22,207.8,15.4,168,1,3,1637,704,2000,0,2074,16.9,1792.7,1172,29.3,33.3,0,2.7,2067.6,0,16.83,-15.6,59.1,67.0,68.4,70.7,74.0,69.7,70.8,71.3,48.3,49.3,3,10,-4.1,0.6,40,44,45,0,0,0,6,6,4,0,3,3,3,32,28,29,10,10,12,45.04,44.91,45.03,24,230,2.2,0,0,0
16.73,288,15.04,15.1,15.09,16,15,18,0,2.7,0.03,0.14,207.4,12.2,163,1,3,1616,705,1974,1,2052,16.77,1789.7,1167,32.0,35.1,0,2.8,2067.6,0,16.83,-15.6,59.2,67.0,68.4,70.7,74.0,69.9,70.9,71.4,48.3,49.2,3,10,-4.1,0.6,43,45,45,0,0,0,6,6,4,0,3,2,3,32,28,29,10,10,12,45.03,44.91,45.03,23,230,2.1,0,0,0
16.93,240,16.46,16.53,16.53,16,14,20,0,-13.2,-0.1,0.08,208.7,18.2,164,1,3,1635,703,1993,-2,2074,17.06,1789.3,1160,31.7,34.8,0,2.8,2067.6,0,16.83,-15.6,59.1,67.0,68.3,70.7,73.9,69.7,70.8,71.3,48.3,49.3,3,10,-4.1,0.6,43,45,45,0,0,0,6,6,4,0,3,3,3,32,28,29,10,10,12,45.04,44.91,45.02,23,220,2.1,0,0,0
16.98,224,11.86,11.92,11.91,12,14,17,0,9.0,0.1,-0.12,207.6,13.4,159,1,3,1641,704,2003,5,2079,17.03,1790.1,1167,29.5,32.0,0,2.7,2067.6,0,16.83,-15.6,59.1,67.0,68.4,70.7,74.0,69.8,70.8,71.3,48.3,49.3,4,10,-4.1,0.6,41,43,45,0,0,0,6,6,4,0,3,3,3,32,28,28,10,10,12,45.04,44.91,45.02,23,230,2.1,0,0,0
16.74,160,10.29,10.36,10.37,12,15,11,0,-8.1,0.18,0.06,208.5,12.2,161,1,3,1624,703,1979,1,2057,16.65,1787.4,1177,32.7,35.6,0,2.8,2067.6,0,16.83,-15.6,59.0,66.8,68.4,70.5,73.9,69.6,70.7,71.2,48.3,49.2,3,10,-4.1,0.6,43,46,45,0,0,0,6,6,4,0,3,3,3,32,28,29,10,10,12,45.04,44.91,45.02,23,230,2.1,0,0,0
16.98,16,12.77,12.84,12.85,14,13,13,0,-6.2,0.18,0.03,208.1,14.9,159,1,3,1635,703,1991,7,2066,16.87,1783.2,1175,32.7,36.9,0,2.7,2067.6,0,16.83,-15.6,59.0,66.9,68.3,70.5,73.9,69.6,70.8,71.3,48.3,49.2,3,10,-4.1,0.6,45,47,45,0,0,0,6,6,4,0,3,3,3,32,28,29,10,10,12,45.04,44.91,45.03,23,230,2.1,0,0,0
16.51,312,11.12,11.19,11.21,20,16,16,0,-12.1,0.15,0.25,209.1,13.5,162,1,3,1563,703,1905,5,1978,16.46,1734.4,1141,32.3,35.1,0,2.8,2067.6,0,16.83,-15.6,59.0,66.8,68.4,70.5,73.9,69.6,70.7,71.2,48.3,49.3,3,10,-4.1,0.6,43,45,45,0,0,0,6,6,4,0,3,3,3,32,28,29,10,10,12,45.04,44.91,45.03,24,230,2.2,0,0,0
17.14,152,10.56,10.63,10.64,10,10,10,0,2.2,-0.01,0.03,208.1,12.7,156,1,3,1647,703,2006,4,2082,17.17,1796.7,1156,29.8,33.9,0,2.8,2067.6,0,16.83,-15.6,59.1,66.9,68.3,70.6,73.8,69.7,70.7,71.2,48.3,49.3,3,10,-4.1,0.6,42,44,45,0,0,0,6,6,4,0,3,3,3,32,28,29,10,10,12,45.04,44.91,45.03,23,230,2.1,0,0,0
16.93,16,13.9,13.96,13.96,18,15,16,0,-13.3,0.03,0.24,26.4,18.0,166,1,3,1634,704,1993,-2,2066,16.94,1788.2,1164,33.5,36.4,0,2.8,2067.6,0,16.83,-15.6,59.1,67.0,68.3,70.7,73.9,69.7,70.8,71.3,48.3,49.3,3,10,-4.1,0.6,44,46,45,0,0,0,6,6,4,2,3,3,3,32,28,28,10,10,12,45.04,44.92,45.03,23,230,2.1,0,0,0
17.01,280,14.29,14.35,14.34,12,10,10,0,4.7,0.09,0.24,207.5,14.4,163,1,3,1643,704,2006,-2,2086,16.98,1794.9,1173,31.8,34.7,0,2.7,2067.6,0,16.83,-15.6,59.1,67.0,68.4,70.7,74.0,69.9,70.9,71.4,48.3,49.3,2,10,-4.1,0.6,43,45,45,0,0,0,6,6,4,0,3,3,3,32,28,28,10,10,12,45.04,44.91,45.03,23,230,2.1,0,0,0
17.34,312,12.16,12.22,12.23,10,11,10,0,-12.6,-0.09,0.11,26.9,15.5,166,1,3,1657,704,2021,-2,2095,17.24,1798.8,1164,33.2,36.1,0,2.8,2067.6,0,16.83,-15.6,59.1,67.0,68.3,70.7,73.9,69.7,70.8,71.3,48.3,49.3,3,10,-4.1,0.6,44,46,45,0,0,0,6,6,4,2,3,3,3,32,28,28,10,10,12,45.04,44.91,45.03,24,230,2.2,0,0,0
16.28,248,14.78,14.85,14.85,12,14,13,0,-7.3,-0.01,0.09,207.5,16.5,159,1,3,1524,703,1858,-1,1930,16.27,1696.3,1130,30.5,33.1,0,2.7,2067.6,0,16.83,-15.6,59.1,67.0,68.2,70.7,73.9,69.7,70.9,71.4,48.3,49.3,4,10,-4.1,0.6,41,44,45,0,0,0,6,6,4,0,3,3,3,32,28,29,10,10,12,45.04,44.92,45.02,23,230,2.1,0,0,0
16.84,168,12.73,12.8,12.82,10,10,10,0,-9.9,0.01,0.05,208.3,14.0,161,1,3,1630,703,1986,5,2064,16.81,1792.7,1169,31.5,34.5,0,2.8,2067.6,0,16.83,-15.6,59.0,66.9,68.5,70.6,73.8,69.6,70.7,71.2,48.3,49.3,3,10,-4.1,0.6,42,45,45,0,0,0,6,6,4,0,3,3,3,32,28,29,10,10,12,45.03,44.91,45.03,23,230,2.2,0,0,0
16.53,72,14.88,14.94,14.94,16,15,17,0,-3.9,-0.05,0.13,208.1,17.7,165,1,3,1614,704,1973,0,2050,16.64,1784.2,1175,30.6,33.5,0,2.8,2067.6,0,16.83,-15.7,59.1,67.0,68.4,70.7,74.0,69.8,70.8,71.4,48.3,49.3,4,10,-4.1,0.6,42,44,45,0,0,0,6,6,4,0,3,3,3,32,28,29,10,10,12,45.03,44.91,45.03,23,230,2.1,0,0,0
16.81,208,12.2,12.27,12.28,19,14,15,0,1.8,0.07,0.15,208.4,15.8,156,1,3,1629,702,1983,2,2058,16.8,1788.0,1170,31.3,34.0,0,2.8,2067.6,0,16.83,-15.6,59.1,66.9,68.4,70.6,73.9,69.7,70.7,71.3,48.3,49.3,4,10,-4.1,0.6,42,45,45,0,0,0,6,6,4,0,3,3,3,32,28,29,10,10,12,45.03,44.91,45.02,23,230,2.1,0,0,0
16.72,312,14.6,14.66,14.66,10,11,10,0,-12.0,-0.17,0.2,207.9,18.3,163,1,3,1623,704,1979,0,2055,16.68,1782.7,1176,32.1,34.9,0,2.7,2067.6,0,16.83,-15.6,59.1,67.0,68.3,70.7,73.9,69.7,70.8,71.3,48.3,49.3,3,10,-4.1,0.6,42,45,45,0,0,0,6,6,4,0,3,3,3,32,28,29,10,10,12,45.04,44.91,45.02,23,220,2.2,0,0,0
17.3,8,13.37,13.43,13.42,16,13,15,0,13.2,-0.04,0.05,208.1,12.4,159,1,3,1622,705,1983,4,2051,17.43,1769.1,1122,29.0,31.1,0,2.8,2067.6,0,16.83,-15.6,59.2,67.0,68.4,70.7,74.0,69.8,70.8,71.3,48.3,49.2,3,10,-4.1,0.6,40,42,45,0,0,0,6,6,4,0,3,2,3,32,28,29,10,10,12,45.04,44.91,45.03,23,220,2.1,0,0,0
16.32,72,9.84,9.92,9.93,18,16,16,0,-15.7,0.05,0.01,207.8,14.1,161,1,3,1599,702,1947,7,2025,16.41,1779.5,1176,28.8,31.4,0,2.7,2067.6,0,16.83,-15.6,59.0,66.8,68.3,70.6,73.9,69.7,70.7,71.2,48.3,49.3,3,10,-4.0,0.6,40,42,45,0,0,0,6,6,4,0,3,3,3,32,28,29,10,10,12,45.04,44.91,45.03,24,230,2.2,0,0,0
16.75,328,14.81,14.88,14.88,15,11,10,0,-2.3,0.12,0.21,208.2,16.0,157,1,3,1620,703,1975,3,2045,16.68,1765.8,1179,28.9,32.9,0,2.7,2067.6,0,16.83,-15.6,59.1,67.0,68.3,70.6,73.9,69.7,70.8,71.3,48.3,49.3,4,10,-4.1,0.6,41,43,45,0,0,0,6,6,4,0,3,3,3,32,28,29,10,10,12,45.04,44.91,45.03,23,230,2.1,0,0,0
16.53,352,16.57,16.63,16.62,16,16,14,0,-5.4,0.1,0.01,208.5,11.6,165,1,3,1563,705,1909,2,1990,16.48,1755.5,1138,32.8,35.8,0,2.8,2067.6,0,16.83,-15.6,59.2,67.0,68.4,70.7,74.0,69.9,70.9,71.4,48.3,49.3,4,10,-4.1,0.6,44,46,45,0,0,0,6,6,4,0,3,3,3,32,28,29,10,10,12,45.03,44.91,45.03,23,220,2.1,0,0,0
16.72,120,16.23,16.3,16.3,17,15,17,0,-5.9,0.03,0.01,207.9,19.4,159,1,3,1614,703,1968,-3,2040,16.67,1787.7,1169,29.7,33.5,0,2.7,2067.6,0,16.83,-15.6,59.1,67.0,68.3,70.6,74.0,69.7,70.8,71.3,48.3,49.3,3,10,-4.1,0.6,42,44,45,0,0,0,6,6,4,0,3,3,3,32,28,29,10,10,12,45.04,44.91,45.03,23,230,2.1,0,0,0
16.42,224,11.91,11.97,11.96,16,15,15,0,10.6,0.07,0.08,207.5,12.2,159,1,3,1586,705,1937,4,2009,16.48,1766.3,1159,29.3,31.3,0,2.8,2067.6,0,16.83,-15.6,59.2,67.0,68.4,70.7,74.0,69.8,70.8,71.3,48.3,49.3,3,10,-4.1,0.6,40,42,45,0,0,0,6,6,4,0,3,3,3,32,28,29,10,10,12,45.04,44.91,45.03,24,230,2.1,0,0,0
17.01,216,15.22,15.28,15.27,11,12,14,0,-4.4,-0.02,0.03,208.2,15.2,166,1,3,1640,704,2003,4,2078,17.09,1791.3,1163,31.1,33.8,0,2.7,2067.6,0,16.83,-15.6,59.2,67.1,68.4,70.7,74.0,69.8,70.9,71.4,48.3,49.3,3,10,-4.1,0.6,42,44,45,0,0,0,6,6,4,0,3,3,3,32,28,29,10,10,12,45.04,44.91,45.03,23,220,2.1,0,0,0
16.89,240,12.08,12.15,12.16,15,12,15,0,-6.8,-0.09,0.08,208.1,9.9,160,1,3,1642,702,2000,-2,2072,16.92,1790.6,1172,31.1,34.0,0,2.8,2067.6,0,16.83,-15.6,59.0,66.9,68.4,70.5,73.9,69.6,70.7,71.2,48.3,49.3,3,10,-4.1,0.6,42,45,45,0,0,0,6,6,4,0,3,3,3,32,28,29,10,10,12,45.04,44.91,45.03,23,230,2.2,0,0,0
16.57,168,14.97,15.04,15.04,17,16,16,0,-10.0,0.1,0.0,208.0,17.1,163,1,3,1610,704,1965,-5,2034,16.63,1782.4,1168,32.0,34.9,0,2.8,2067.6,0,16.83,-15.6,59.1,67.0,68.3,70.7,73.9,69.7,70.8,71.3,48.3,49.3,4,10,-4.1,0.6,42,45,45,0,0,0,6,6,4,0,3,3,3,32,28,29,10,10,12,45.04,44.91,45.03,23,230,2.1,0,0,0
17.03,0,13.82,13.88,13.9,13,12,15,0,-3.3,-0.18,0.1,208.5,18.3,157,1,3,1638,703,1996,3,2073,17.16,1790.5,1151,29.9,33.1,0,2.7,2067.6,0,16.83,-15.6,59.0,66.9,68.3,70.6,73.9,69.7,70.8,71.2,48.3,49.3,3,10,-4.0,0.6,41,44,45,0,0,0,6,6,4,0,3,3,3,32,28,29,10,10,12,45.04,44.91,45.03,23,220,2.1,0,0,0
16.81,336,14.98,15.05,15.05,14,13,15,0,-7.3,0.06,0.3,208.2,17.5,159,1,3,1616,702,1968,-2,2039,16.79,1769.6,1162,30.2,34.0,0,2.8,2067.6,0,16.83,-15.6,59.1,66.9,68.4,70.7,73.9,69.7,70.8,71.3,48.3,49.3,3,10,-4.1,0.6,42,44,45,0,0,0,6,6,4,0,3,3,3,32,28,29,10,10,12,45.04,44.91,45.02,23,230,2.1,0,0,0
16.73,48,15.25,15.32,15.32,10,10,10,0,-4.6,0.07,-0.24,207.9,11.4,158,1,3,1623,703,1977,7,2052,16.71,1785.6,1172,28.8,32.7,0,2.7,2067.6,0,16.83,-15.6,59.1,67.0,68.4,70.6,73.9,69.7,70.8,71.3,48.3,49.3,3,10,-4.1,0.6,41,43,45,0,0,0,6,6,4,0,3,3,3,32,28,29,10,10,12,45.04,44.91,45.03,23,230,2.1,0,0,0
16.84,48,15.9,15.97,15.97,19,15,16,0,-9.7,-0.14,0.07,207.9,21.4,159,1,3,1629,703,1986,1,2066,16.96,1788.0,1164,30.6,34.3,0,2.7,2067.6,0,16.83,-15.6,59.1,66.9,68.4,70.7,73.9,69.7,70.8,71.4,48.3,49.3,3,10,-4.1,0.6,42,45,45,0,0,0,6,6,4,0,3,3,3,32,28,29,10,10,12,45.03,44.91,45.02,23,220,2.1,0,0,0
16.9,320,16.45,16.52,16.52,12,12,12,0,-4.7,-0.03,-0.04,207.7,13.9,158,1,3,1631,704,1990,0,2071,16.99,1791.4,1163,29.7,32.7,0,2.7,2067.6,0,16.83,-15.6,59.1,67.0,68.1,70.6,74.0,69.8,70.8,71.3,48.3,49.3,3,10,-4.1,0.6,41,43,45,0,0,0,6,6,4,0,3,3,3,32,28,28,10,10,12,45.04,44.91,45.03,23,220,2.1,0,0,0
16.81,80,8.8,8.86,8.85,10,11,10,0,1.7,0.09,0.27,207.9,14.6,166,1,3,1627,705,1987,5,2060,16.71,1782.3,1179,28.6,32.3,0,2.7,2067.6,0,16.83,-15.6,59.2,67.0,68.4,70.7,74.0,69.7,70.9,71.4,48.3,49.2,3,10,-4.1,0.6,40,43,45,0,0,0,6,6,4,0,3,3,3,32,28,29,10,10,12,45.04,44.91,45.02,24,230,2.3,0,0,0
17.25,80,9.31,9.38,9.4,10,10,10,0,1.1,0.1,0.08,208.5,9.9,156,1,3,1653,702,2013,-3,2089,17.11,1796.9,1165,29.9,33.8,0,2.8,2067.6,0,16.83,-15.6,59.1,66.8,68.3,70.6,73.8,69.7,70.7,71.2,48.3,49.3,3,10,-4.1,0.6,42,44,45,0,0,0,6,6,4,0,3,3,3,32,28,29,10,10,12,45.04,44.91,45.03,24,230,2.1,0,0,0
16.22,160,9.87,9.93,9.94,19,16,18,0,-1.8,0.15,0.21,208.5,11.8,171,1,3,1582,704,1932,-1,2007,16.23,1772.5,1176,31.1,34.8,0,2.7,2067.6,0,16.83,-15.6,59.2,67.0,68.4,70.7,73.9,69.8,70.9,71.4,48.3,49.3,3,10,-4.1,0.6,43,45,45,0,0,0,6,6,4,0,3,3,3,32,28,29,10,10,12,45.04,44.91,45.03,23,230,2.2,0,0,0
16.91,72,15.53,15.59,15.59,12,12,16,0,5.5,0.02,0.18,207.5,15.1,162,1,3,1632,704,1994,-1,2072,17.07,1789.2,1158,32.0,34.9,0,2.8,2067.6,0,16.83,-15.6,59.1,67.0,68.4,70.7,74.0,69.9,70.9,71.4,48.3,49.2,3,10,-4.1,0.6,43,45,45,0,0,0,6,6,4,0,3,3,3,32,28,28,10,10,12,45.04,44.92,45.02,23,220,2.1,0,0,0
16.53,208,12.63,12.71,12.72,17,14,19,0,-1.8,0.09,0.08,208.0,16.3,158,1,3,1610,703,1963,-3,2037,16.54,1782.8,1179,31.1,33.6,0,2.8,2067.6,0,16.83,-15.6,59.1,66.9,68.4,70.6,73.9,69.7,70.8,71.3,48.3,49.3,4,10,-4.0,0.6,42,44,45,0,0,0,6,6,4,0,3,2,3,32,28,29,10,10,12,45.04,44.92,45.02,23,220,2.1,0,0,0
16.52,80,9.63,9.69,9.68,14,13,15,0,-5.1,0.18,0.08,207.9,9.4,169,1,3,1620,705,1979,5,2048,16.63,1783.1,1179,28.9,32.7,0,2.7,2067.6,0,16.83,-15.6,59.2,67.0,68.4,70.7,74.0,69.7,70.9,71.3,48.3,49.3,3,10,-4.1,0.6,40,43,45,0,0,0,6,6,4,0,3,3,3,32,28,29,10,10,12,45.04,44.91,45.03,24,230,2.2,0,0,0
16.91,80,10.87,10.94,10.95,10,11,13,0,5.7,-0.07,0.15,208.0,14.4,154,1,3,1636,703,1993,5,2068,16.96,1791.2,1165,29.4,33.5,0,2.7,2067.6,0,16.83,-15.6,59.1,66.9,68.3,70.6,73.8,69.7,70.7,71.2,48.3,49.2,2,10,-4.1,0.6,41,43,45,0,0,0,6,6,4,0,3,3,3,32,28,29,10,10,12,45.04,44.91,45.03,23,230,2.1,0,0,0
16.51,80,11.54,11.61,11.62,14,13,14,0,-8.0,-0.09,0.18,208.6,11.0,158,1,3,1616,702,1968,-3,2040,16.6,1781.9,1174,28.3,31.6,0,2.7,2067.6,0,16.83,-15.6,59.0,66.9,68.3,70.6,73.9,69.7,70.7,71.2,48.3,49.3,3,10,-4.0,0.6,40,42,45,0,0,0,6,6,4,0,3,3,3,32,28,29,10,10,12,45.04,44.91,45.02,23,230,2.1,0,0,0
17.09,24,15.98,16.04,16.04,12,11,11,0,-11.2,-0.05,0.17,207.6,13.4,163,1,3,1647,703,2007,7,2086,17.17,1795.6,1158,31.7,34.5,0,2.8,2067.6,0,16.83,-15.6,59.1,66.9,68.3,70.7,74.0,69.8,70.8,71.3,48.3,49.3,3,10,-4.1,0.6,43,45,45,0,0,0,6,6,4,0,3,3,3,32,28,29,10,10,12,45.04,44.91,45.03,23,220,2.1,0,0,0
16.61,224,9.61,9.66,9.66,10,11,10,0,1.0,-0.11,0.19,207.8,11.2,167,1,3,1616,704,1972,6,2048,16.62,1788.3,1175,28.6,32.7,0,2.7,2067.6,0,16.83,-15.6,59.2,67.0,68.4,70.7,74.0,69.7,70.9,71.4,48.3,49.3,3,10,-4.1,0.6,40,43,45,0,0,0,6,6,4,0,3,3,3,32,28,29,10,10,12,45.04,44.91,45.03,24,230,2.2,0,0,0
16.81,344,12.31,12.38,12.38,18,15,16,0,-6.9,0.15,0.08,208.6,14.6,159,1,3,1612,703,1965,-3,2041,16.72,1783.7,1166,33.7,36.8,0,2.7,2067.6,0,16.83,-15.6,59.1,66.9,68.5,70.6,73.9,69.7,70.8,71.3,48.3,49.3,4,10,-4.1,0.6,44,47,45,0,0,0,6,6,4,0,3,3,3,32,28,29,10,10,12,45.04,44.92,45.02,23,230,2.2,0,0,0
16.71,256,17.25,17.31,17.32,10,14,10,0,-10.3,-0.22,0.06,207.7,14.8,160,1,3,1618,703,1972,1,2049,16.78,1789.9,1165,29.2,32.0,0,2.7,2067.6,0,16.83,-15.6,59.1,67.0,68.2,70.7,73.9,69.7,70.8,71.3,48.3,49.3,3,10,-4.1,0.6,40,43,45,0,0,0,6,6,4,0,3,3,3,32,28,29,10,10,12,45.03,44.91,45.02,23,220,2.1,0,0,0
16.41,40,16.3,16.36,16.36,18,15,16,0,-6.7,0.2,0.08,208.0,16.8,159,1,3,1545,703,1884,0,1958,16.43,1730.5,1128,29.4,32.2,0,2.8,2067.6,0,16.83,-15.6,59.1,67.0,68.2,70.7,74.0,69.7,70.8,71.3,48.3,49.3,3,10,-4.1,0.6,40,43,45,0,0,0,6,6,4,0,3,3,3,32,28,29,10,10,12,45.03,44.91,45.03,23,220,2.1,0,0,0
16.84,304,11.84,11.9,11.9,16,13,18,0,7.0,-0.14,0.2,207.8,11.0,166,1,3,1632,704,1993,1,2074,16.99,1790.1,1161,29.8,33.8,0,2.7,2067.6,0,16.83,-15.6,59.2,67.0,68.3,70.7,74.0,69.8,70.9,71.3,48.3,49.3,3,10,-4.1,0.6,42,44,45,0,0,0,6,6,4,0,3,3,3,32,28,28,10,10,12,45.04,44.92,45.02,23,230,2.1,0,0,0
16.97,352,13.47,13.53,13.54,11,11,14,0,-9.3,0.05,-0.1,208.1,17.6,159,1,3,1639,703,1997,1,2076,17.04,1793.7,1160,33.4,36.4,0,2.8,2067.6,0,16.83,-15.6,59.1,66.9,68.5,70.6,73.9,69.7,70.8,71.2,48.3,49.3,3,10,-4.1,0.6,44,47,45,0,0,0,6,6,4,0,3,3,3,32,28,29,10,10,12,45.03,44.91,45.02,23,230,2.1,0,0,0
16.93,296,10.0,10.07,10.08,18,16,15,0,3.3,0.28,0.06,207.9,12.5,155,1,3,1634,702,1990,1,2065,16.89,1790.1,1167,29.7,33.5,0,2.7,2067.6,0,16.83,-15.6,59.1,66.9,68.3,70.6,73.8,69.7,70.7,71.2,48.3,49.3,3,10,-4.1,0.6,42,44,45,0,0,0,6,6,4,0,3,3,3,32,28,29,10,10,12,45.04,44.91,45.03,24,230,2.1,0,0,0
16.78,24,13.43,13.49,13.48,10,10,10,0,-18.3,0.01,0.12,208.8,15.1,166,1,3,1628,703,1986,-4,2060,16.82,1790.7,1169,32.6,35.4,0,2.8,2067.6,0,16.83,-15.6,59.1,67.0,68.3,70.6,74.0,69.8,70.8,71.3,48.3,49.3,3,10,-4.1,0.6,43,46,45,0,0,0,6,6,4,0,3,3,3,32,28,29,10,10,12,45.04,44.91,45.02,23,220,2.2,0,0,0
16.3,232,9.26,9.32,9.33,16,17,15,0,-3.6,0.17,0.01,208.5,13.4,172,1,3,1586,704,1936,2,2011,16.31,1764.5,1183,31.0,34.5,0,2.8,2067.6,0,16.83,-15.6,59.2,67.0,68.4,70.7,73.9,69.8,70.8,71.4,48.3,49.3,3,10,-4.1,0.6,42,44,45,0,0,0,6,6,4,0,3,3,3,32,28,28,10,10,12,45.04,44.91,45.03,24,230,2.2,0,0,0
17.02,160,11.82,11.88,11.87,15,13,12,0,-3.0,-0.03,-0.09,26.5,12.4,171,1,3,1638,704,2000,-2,2074,16.96,1795.0,1169,31.5,35.9,0,2.7,2067.6,0,16.83,-15.6,59.1,67.0,68.4,70.7,74.0,69.8,70.8,71.3,48.3,49.2,3,10,-4.1,0.6,44,46,45,0,0,0,6,6,4,2,3,3,3,32,28,29,10,10,12,45.04,44.91,45.03,23,230,2.1,0,0,0
16.7,240,14.48,14.54,14.55,17,13,14,0,-10.8,0.15,0.08,208.0,15.3,163,1,3,1598,704,1950,1,2025,16.61,1770.0,1165,32.1,34.9,0,2.8,2067.6,0,16.83,-15.6,59.1,67.0,68.3,70.7,73.9,69.7,70.8,71.3,48.3,49.3,3,10,-4.1,0.6,42,45,45,0,0,0,6,6,4,0,3,3,3,32,28,29,10,10,12,45.04,44.91,45.02,23,230,2.1,0,0,0
16.79,56,11.96,12.03,12.04,12,11,14,0,-3.3,0.02,0.04,208.5,12.5,157,1,3,1631,703,1987,-3,2059,16.82,1786.2,1172,32.7,35.5,0,2.8,2067.6,0,16.83,-15.6,59.1,66.9,68.6,70.6,73.9,69.7,70.8,71.3,48.3,49.3,2,10,-4.1,0.6,44,46,45,0,0,0,6,6,4,0,3,3,3,32,28,28,10,10,12,45.04,44.91,45.03,23,220,2.1,0,0,0
16.86,120,15.61,15.67,15.68,13,14,12,0,-9.2,0.18,0.21,207.7,15.5,159,1,3,1632,703,1990,-1,2066,16.83,1792.9,1169,30.4,34.2,0,2.7,2067.6,0,16.83,-15.6,59.1,67.0,68.4,70.7,73.9,69.7,70.8,71.3,48.3,49.3,2,10,-4.1,0.6,42,44,45,0,0,0,6,6,4,0,3,3,3,32,28,29,10,10,12,45.04,44.91,45.02,23,220,2.1,0,0,0
17.46,168,14.0,14.06,14.06,17,13,13,0,-14.2,0.01,0.09,26.8,14.3,166,1,3,1651,704,2014,0,2091,17.37,1785.9,1146,33.4,36.4,0,2.8,2067.6,0,16.83,-15.6,59.1,66.9,68.3,70.7,73.9,69.7,70.8,71.3,48.3,49.2,2,10,-4.1,0.6,44,46,45,0,0,0,6,6,4,2,3,3,3,32,28,29,10,10,12,45.04,44.92,45.03,23,220,2.1,0,0,0
17.03,344,13.71,13.78,13.79,11,13,18,0,-3.6,-0.06,0.08,208.5,17.8,158,1,3,1643,702,2001,-3,2076,17.06,1792.4,1163,32.3,36.7,0,2.8,2067.6,0,16.83,-15.6,59.1,67.0,68.4,70.6,73.9,69.7,70.8,71.3,48.3,49.2,3,10,-4.1,0.6,45,46,45,0,0,0,6,6,4,0,3,3,3,32,28,29,10,10,12,45.04,44.91,45.02,23,220,2.1,0,0,0
16.73,40,16.05,16.12,16.12,15,17,13,0,-4.8,-0.02,0.3,207.6,17.0,158,1,3,1626,703,1982,0,2060,16.8,1788.2,1170,28.5,31.0,0,2.7,2067.6,0,16.83,-15.6,59.1,66.9,68.2,70.7,74.0,69.7,70.8,71.3,48.3,49.3,3,10,-4.1,0.6,39,42,45,0,0,0,6,6,4,0,3,3,3,32,28,29,10,10,12,45.04,44.91,45.03,23,230,2.1,0,0,0
17.14,56,11.45,11.52,11.53,11,11,10,0,-5.3,0.16,0.19,208.3,11.7,158,1,3,1645,703,2004,3,2081,17.03,1795.5,1170,33.3,37.2,0,2.7,2067.6,0,16.83,-15.6,59.1,67.0,68.5,70.6,73.9,69.7,70.8,71.3,48.3,49.3,3,10,-4.1,0.6,45,47,45,0,0,0,6,6,4,0,3,3,3,32,28,29,10,10,12,45.04,44.91,45.03,23,230,2.2,0,0,0
17.02,224,8.61,8.67,8.66,13,17,11,0,3.5,0.27,-0.16,208.0,9.1,165,1,3,1636,705,2000,-3,2078,16.93,1794.8,1171,28.2,31.9,0,2.7,2067.6,0,16.83,-15.6,59.2,67.0,68.3,70.6,74.0,69.8,70.9,71.4,48.3,49.3,3,10,-4.1,0.6,40,42,45,0,0,0,6,6,4,0,3,2,3,32,28,28,10,10,12,45.04,44.92,45.03,24,230,2.2,0,0,0
16.62,192,15.73,15.8,15.8,16,18,16,0,-5.8,0.1,0.12,207.7,18.7,159,1,3,1578,703,1922,1,1997,16.48,1763.4,1146,29.6,33.5,0,2.7,2067.6,0,16.83,-15.6,59.1,67.0,68.3,70.6,74.0,69.7,70.8,71.2,48.3,49.3,3,10,-4.1,0.6,42,44,45,0,0,0,6,6,4,0,3,3,3,32,28,29,10,10,12,45.04,44.91,45.03,23,230,2.1,0,0,0
16.81,168,12.33,12.39,12.39,10,12,11,0,-17.8,0.04,0.11,207.7,17.4,167,1,3,1629,704,1988,4,2058,16.78,1791.7,1171,32.9,35.8,0,2.8,2067.6,0,16.83,-15.6,59.1,67.0,68.3,70.6,74.0,69.8,70.8,71.3,48.3,49.2,3,10,-4.1,0.6,44,46,45,0,0,0,6,6,4,0,3,3,3,32,28,28,10,10,12,45.04,44.91,45.03,24,220,2.2,0,0,0
17.31,184,15.79,15.85,15.85,10,10,10,0,-9.4,-0.07,-0.12,207.9,17.9,159,1,3,1661,703,2028,-4,2102,17.31,1794.5,1160,29.1,31.5,0,2.8,2067.6,0,16.83,-15.6,59.1,66.9,68.3,70.7,73.9,69.7,70.8,71.3,48.3,49.3,3,10,-4.1,0.6,40,42,45,0,0,0,6,6,4,0,3,3,3,32,28,29,10,10,12,45.04,44.91,45.02,23,220,2.1,0,0,0
16.86,48,16.73,16.8,16.8,16,16,17,0,-5.9,-0.11,0.19,207.9,18.1,159,1,3,1628,703,1984,4,2056,17.0,1785.5,1155,29.6,33.7,0,2.7,2067.6,0,16.83,-15.6,59.1,67.0,68.3,70.6,74.0,69.8,70.8,71.3,48.3,49.3,3,10,-4.1,0.6,42,44,45,0,0,0,6,6,4,0,3,3,3,32,28,29,10,10,12,45.04,44.91,45.03,23,230,2.1,0,0,0
16.22,176,12.4,12.46,12.46,17,15,18,0,-15.0,0.03,0.01,207.7,16.7,162,1,3,1583,703,1932,0,2007,16.26,1770.1,1174,31.0,33.7,0,2.8,2067.6,0,16.83,-15.7,59.1,67.0,68.3,70.7,74.0,69.7,70.8,71.3,48.3,49.3,3,10,-4.1,0.6,42,44,45,0,0,0,6,6,4,0,3,3,3,32,28,29,10,10,12,45.04,44.91,45.03,23,230,2.2,0,0,0
16.8,0,14.55,14.61,14.6,17,14,15,0,4.9,-0.11,0.08,208.0,16.0,162,1,3,1617,704,1974,-1,2056,16.81,1786.3,1165,32.1,35.1,0,2.8,2067.6,0,16.83,-15.6,59.1,67.0,68.4,70.7,73.9,69.9,70.9,71.4,48.3,49.3,3,10,-4.1,0.6,43,45,45,0,0,0,6,6,4,0,3,2,3,32,28,29,10,10,12,45.03,44.91,45.02,23,230,2.1,0,0,0
17.03,80,9.11,9.18,9.17,16,11,12,0,4.5,0.25,-0.12,209.0,11.9,164,1,3,1634,705,1997,-1,2074,16.99,1795.1,1165,28.1,31.6,0,2.8,2067.6,0,16.83,-15.6,59.2,67.0,68.3,70.7,74.0,69.8,70.9,71.3,48.3,49.2,3,10,-4.1,0.6,40,42,45,0,0,0,6,6,4,0,3,2,3,32,28,28,10,10,12,45.03,44.91,45.03,23,230,2.1,0,0,0
16.83,272,12.37,12.43,12.45,12,13,18,0,-4.6,0.02,0.09,209.3,13.4,158,1,3,1628,703,1984,-2,2063,16.9,1788.1,1165,33.0,35.7,0,2.8,2067.6,0,16.83,-15.7,59.1,66.9,68.6,70.6,73.9,69.7,70.7,71.3,48.3,49.3,3,10,-4.1,0.6,44,46,45,0,0,0,6,6,4,0,3,3,3,32,28,29,10,10,12,45.04,44.91,45.03,23,220,2.1,0,0,0
17.12,200,14.51,14.58,14.59,10,10,11,0,-4.3,0.03,0.12,207.7,19.1,157,1,3,1642,702,2000,-2,2082,17.03,1795.4,1168,31.3,35.1,0,2.7,2067.6,0,16.83,-15.6,59.1,66.9,68.4,70.6,73.9,69.7,70.8,71.3,48.3,49.3,3,10,-4.1,0.6,43,45,45,0,0,0,6,6,4,0,3,3,3,32,28,29,10,10,12,45.04,44.91,45.03,23,230,2.1,0,0,0
16.68,88,12.32,12.39,12.41,17,16,17,0,-10.0,0.03,0.09,208.0,12.2,161,1,3,1616,703,1969,1,2041,16.71,1783.5,1166,32.1,36.8,0,2.7,2067.6,0,16.83,-15.6,59.1,66.9,68.3,70.5,73.9,69.6,70.8,71.3,48.3,49.3,3,10,-4.1,0.6,44,46,45,0,0,0,6,6,4,0,3,3,3,32,28,29,10,10,12,45.04,44.92,45.02,23,230,2.1,0,0,0
16.87,312,11.95,12.02,12.03,10,10,10,0,-8.2,0.0,0.14,208.8,14.8,161,1,3,1632,703,1989,3,2066,16.84,1791.8,1172,31.9,34.7,0,2.8,2067.6,0,16.83,-15.6,59.0,66.9,68.5,70.6,73.8,69.6,70.7,71.2,48.3,49.3,3,10,-4.1,0.6,42,45,45,0,0,0,6,6,4,0,3,3,3,32,28,29,10,10,12,45.04,44.91,45.03,24,230,2.2,0,0,0
16.61,352,12.0,12.07,12.08,19,15,14,0,-6.9,0.05,0.13,208.4,13.6,158,1,3,1591,702,1938,2,2013,16.58,1762.4,1155,32.3,35.4,0,2.8,2067.6,0,16.83,-15.6,59.1,66.9,68.6,70.6,73.9,69.7,70.8,71.3,48.3,49.3,3,10,-4.1,0.6,43,46,45,0,0,0,6,6,4,0,3,3,3,32,28,29,10,10,12,45.03,44.91,45.03,24,230,2.1,0,0,0
17.35,328,15.64,15.71,15.71,10,10,10,0,-5.5,0.24,0.25,207.8,14.0,158,1,3,1653,703,2016,-1,2093,17.24,1798.5,1162,28.2,31.0,0,2.8,2067.6,0,16.83,-15.6,59.1,67.0,68.2,70.7,74.0,69.8,70.8,71.3,48.3,49.3,3,10,-4.1,0.6,40,42,45,0,0,0,6,6,4,0,3,3,3,32,28,29,10,10,12,45.04,44.91,45.03,23,230,2.1,0,0,0
16.72,216,9.22,9.29,9.3,15,13,19,0,-12.8,0.03,0.11,208.1,12.4,161,1,3,1630,703,1987,-2,2066,16.8,1788.3,1174,29.4,31.6,0,2.8,2067.6,0,16.83,-15.6,59.1,66.9,68.3,70.6,73.9,69.7,70.8,71.3,48.3,49.3,3,10,-4.0,0.6,40,43,45,0,0,0,6,6,4,0,3,3,3,32,28,29,10,10,12,45.04,44.91,45.03,24,230,2.1,0,0,0
17.56,256,15.48,15.55,15.52,11,10,10,0,-4.0,-0.04,0.19,207.6,14.4,157,1,3,1659,703,2023,-2,2103,17.49,1799.1,1148,27.9,31.3,0,2.7,2067.6,0,16.83,-15.6,59.1,67.0,68.3,70.7,73.9,69.8,70.8,71.3,48.3,49.3,3,10,-4.1,0.6,40,42,45,0,0,0,6,6,4,0,3,3,3,32,28,29,10,10,12,45.04,44.91,45.03,23,230,2.1,0,0,0
17.04,272,13.22,13.28,13.28,10,11,10,0,-3.9,0.03,0.09,208.0,16.9,158,1,3,1643,703,2001,4,2079,17.0,1794.9,1167,32.4,36.9,0,2.7,2067.6,0,16.83,-15.6,59.1,67.0,68.4,70.6,73.9,69.7,70.8,71.3,48.3,49.2,4,10,-4.1,0.6,45,46,45,0,0,0,6,6,4,0,3,3,3,32,28,29,10,10,12,45.04,44.91,45.03,23,230,2.1,0,0,0
16.64,136,12.38,12.45,12.46,10,13,10,0,-2.6,-0.02,0.09,207.8,13.7,158,1,3,1616,702,1968,-2,2044,16.48,1778.0,1185,30.9,33.6,0,2.8,2067.6,0,16.83,-15.6,59.1,66.9,68.4,70.6,73.9,69.7,70.7,71.3,48.3,49.3,3,10,-4.1,0.6,42,44,45,0,0,0,6,6,4,0,3,2,3,32,28,29,10,10,12,45.04,44.92,45.02,24,220,2.2,0,0,0
16.42,248,13.73,13.8,13.8,16,15,17,0,-11.6,-0.07,0.16,208.0,14.0,161,1,3,1593,704,1943,-1,2022,16.38,1778.1,1180,30.7,33.5,0,2.8,2067.6,0,16.83,-15.6,59.1,67.0,68.3,70.7,74.0,69.7,70.8,71.3,48.3,49.3,3,10,-4.1,0.6,42,44,45,0,0,0,6,6,4,0,3,3,3,32,28,29,10,10,12,45.04,44.91,45.03,23,230,2.1,0,0,0
17.04,136,11.93,12.0,12.01,17,13,18,0,-8.8,0.0,0.2,207.8,18.0,158,1,3,1645,703,2005,-3,2079,17.03,1792.1,1167,32.0,34.9,0,2.8,2067.6,0,16.83,-15.6,59.1,66.9,68.5,70.6,73.9,69.7,70.8,71.3,48.3,49.3,3,10,-4.1,0.6,43,45,45,0,0,0,6,6,4,0,3,3,3,32,28,29,10,10,12,45.04,44.91,45.02,23,230,2.1,0,0,0
17.01,120,14.98,15.05,15.05,12,10,11,0,-3.1,0.17,-0.04,208.4,13.1,157,1,3,1635,703,1994,-2,2072,16.92,1796.2,1169,28.6,32.2,0,2.7,2067.6,0,16.83,-15.6,59.1,66.9,68.3,70.7,73.9,69.7,70.8,71.3,48.3,49.3,3,10,-4.1,0.6,40,42,45,0,0,0,6,6,4,0,3,3,3,32,28,29,10,10,12,45.04,44.91,45.03,24,220,2.2,0,0,0
17.01,32,12.86,12.92,12.92,13,12,12,0,-10.9,0.12,0.05,207.5,16.2,162,1,3,1635,704,1995,2,2073,16.94,1793.6,1170,31.3,34.2,0,2.8,2067.6,0,16.83,-15.6,59.1,67.0,68.2,70.6,74.0,69.7,70.8,71.3,48.3,49.3,2,10,-4.1,0.6,41,44,45,0,0,0,6,6,4,0,3,3,3,32,28,28,10,10,12,45.04,44.92,45.02,23,230,2.1,0,0,0
16.4,304,12.24,12.3,12.31,17,15,16,0,-7.4,0.15,0.13,207.7,13.8,161,1,3,1578,703,1922,-3,1995,16.51,1760.6,1147,31.5,34.7,0,2.8,2067.6,0,16.83,-15.6,59.0,66.9,68.5,70.6,73.8,69.6,70.7,71.2,48.3,49.3,3,10,-4.1,0.6,42,45,45,0,0,0,6,6,4,0,3,3,3,32,28,29,10,10,12,45.03,44.91,45.03,23,230,2.2,0,0,0
16.99,152,9.46,9.52,9.5,10,12,10,0,6.4,0.13,0.14,208.2,8.6,163,1,3,1630,705,1992,-2,2071,17.01,1793.2,1164,28.2,31.6,0,2.8,2067.6,0,16.83,-15.6,59.2,67.0,68.3,70.7,74.0,69.8,70.9,71.3,48.3,49.2,4,10,-4.1,0.6,40,42,45,0,0,0,6,6,4,0,3,2,3,32,28,28,10,10,12,45.03,44.91,45.03,23,230,2.1,0,0,0
16.82,272,11.95,12.02,12.02,11,15,12,0,-7.0,-0.07,-0.01,208.0,13.0,159,1,3,1633,703,1991,-2,2063,16.89,1789.1,1167,33.5,37.0,0,2.8,2067.6,0,16.83,-15.6,59.1,66.9,68.5,70.6,73.9,69.7,70.8,71.3,48.3,49.3,3,10,-4.1,0.6,45,47,45,0,0,0,6,6,4,0,3,3,3,32,28,28,10,10,12,45.04,44.91,45.02,23,220,2.1,0,0,0
17.01,216,14.78,14.84,14.83,10,10,10,0,-4.5,0.02,0.06,209.0,17.2,166,1,3,1632,704,1993,-4,2069,16.86,1793.5,1174,30.9,33.7,0,2.8,2067.6,0,16.83,-15.6,59.1,67.0,68.4,70.7,74.0,69.8,70.9,71.4,48.3,49.3,3,10,-4.1,0.6,42,44,45,0,0,0,6,6,4,0,3,3,3,32,28,28,10,10,12,45.04,44.92,45.03,24,230,2.1,0,0,0
16.82,280,11.64,11.71,11.72,16,13,13,0,-4.2,0.13,0.08,207.9,15.4,157,1,3,1635,703,1993,-2,2069,16.83,1791.9,1174,32.0,34.7,0,2.8,2067.6,0,16.83,-15.6,59.1,66.9,68.5,70.6,73.9,69.7,70.8,71.2,48.3,49.3,2,10,-4.1,0.6,43,45,45,0,0,0,6,6,4,0,3,3,3,32,28,29,10,10,12,45.04,44.91,45.03,23,230,2.1,0,0,0
17.34,208,12.38,12.46,12.47,10,11,10,0,-9.0,0.14,0.1,207.9,13.4,159,1,3,1649,703,2011,2,2092,17.18,1798.0,1164,32.1,34.9,0,2.7,2067.6,0,16.83,-15.6,59.1,66.9,68.5,70.6,73.9,69.7,70.8,71.3,48.3,49.3,4,10,-4.1,0.6,43,45,45,0,0,0,6,6,4,0,3,3,3,32,28,29,10,10,12,45.03,44.91,45.02,23,230,2.1,0,0,0
17.03,232,10.51,10.57,10.59,14,13,14,0,-8.8,0.03,0.12,208.6,15.9,161,1,3,1648,702,2005,1,2081,17.09,1793.7,1165,33.0,35.9,0,2.8,2067.6,0,16.83,-15.6,59.0,66.8,68.5,70.5,73.8,69.6,70.7,71.2,48.3,49.3,2,10,-4.1,0.6,43,46,45,0,0,0,6,6,4,0,3,3,3,32,28,29,10,10,12,45.04,44.92,45.02,24,230,2.2,0,0,0
17.24,160,12.55,12.61,12.62,10,11,11,0,-9.2,-0.18,0.0,207.7,13.1,162,1,3,1651,703,2014,0,2090,17.21,1795.8,1161,33.5,36.4,0,2.8,2067.6,0,16.83,-15.6,59.0,66.9,68.4,70.6,73.8,69.6,70.7,71.2,48.3,49.3,3,10,-4.1,0.6,44,46,45,0,0,0,6,6,4,0,3,3,3,32,28,29,10,10,12,45.04,44.92,45.03,23,230,2.1,0,0,0
16.51,144,9.42,9.49,9.5,16,15,16,0,-14.9,0.12,0.14,208.2,14.4,161,1,3,1601,702,1950,3,2024,16.38,1771.0,1183,29.0,31.3,0,2.7,2067.6,0,16.83,-15.6,59.0,66.9,68.3,70.6,73.9,69.7,70.7,71.2,48.3,49.3,3,10,-4.0,0.6,40,42,45,0,0,0,6,6,4,0,3,3,3,32,28,29,10,10,12,45.04,44.91,45.03,24,230,2.2,0,0,0
16.59,104,14.08,14.14,14.14,17,15,15,0,-15.0,-0.06,0.17,207.6,19.4,164,1,3,1609,703,1962,-1,2039,16.65,1778.7,1171,32.1,35.1,0,2.8,2067.6,0,16.83,-15.6,59.1,67.0,68.3,70.7,73.9,69.7,70.8,71.4,48.3,49.3,3,10,-4.1,0.6,42,45,45,0,0,0,6,6,4,0,3,3,3,32,28,29,10,10,12,45.03,44.91,45.02,23,220,2.1,0,0,0
16.82,296,10.68,10.74,10.76,11,12,13,0,-1.7,0.04,0.02,208.3,10.1,155,1,3,1636,703,1993,-2,2070,16.87,1788.2,1172,28.3,31.9,0,2.7,2067.6,0,16.83,-15.6,59.0,66.8,68.3,70.6,73.9,69.7,70.7,71.2,48.3,49.3,3,10,-4.1,0.6,40,42,45,0,0,0,6,6,4,0,3,3,3,32,28,29,10,10,12,45.04,44.91,45.03,23,230,2.2,0,0,0
16.82,328,16.39,16.46,16.46,12,12,13,0,-7.1,-0.06,0.08,207.6,17.6,159,1,3,1628,703,1986,-2,2066,16.88,1789.8,1165,28.6,31.0,0,2.8,2067.6,0,16.83,-15.6,59.1,66.9,68.2,70.7,74.0,69.7,70.8,71.3,48.3,49.3,3,10,-4.1,0.6,39,42,45,0,0,0,6,6,4,0,3,3,3,32,28,29,10,10,12,45.04,44.91,45.03,23,230,2.1,0,0,0
16.92,16,9.68,9.75,9.77,16,16,13,0,-7.0,0.13,0.08,207.9,11.8,159,1,3,1635,703,1992,1,2065,16.86,1793.1,1173,30.8,34.3,0,2.7,2067.6,0,16.83,-15.6,59.1,66.9,68.3,70.6,73.8,69.6,70.8,71.2,48.3,49.3,4,10,-4.1,0.6,42,44,45,0,0,0,6,6,4,0,3,3,3,32,28,29,10,10,12,45.04,44.92,45.03,24,230,2.2,0,0,0
17.26,128,12.55,12.62,12.62,10,10,10,0,-5.3,0.1,0.1,208.1,13.5,158,1,3,1654,703,2016,2,2093,17.19,1798.3,1161,33.1,37.2,0,2.8,2067.6,0,16.83,-15.6,59.1,67.0,68.5,70.6,73.9,69.7,70.8,71.3,48.3,49.3,4,10,-4.1,0.6,45,47,45,0,0,0,6,6,4,0,3,3,3,32,28,29,10,10,12,45.04,44.92,45.03,23,220,2.1,0,0,0
16.62,24,11.88,11.95,11.96,14,14,13,0,-7.4,0.1,-0.05,208.3,12.5,161,1,3,1566,703,1908,2,1976,16.51,1723.5,1150,31.6,34.6,0,2.7,2067.6,0,16.83,-15.6,59.0,66.9,68.5,70.6,73.8,69.6,70.7,71.2,48.3,49.3,2,10,-4.1,0.6,42,45,45,0,0,0,6,6,4,0,3,3,3,32,28,29,10,10,12,45.03,44.91,45.03,24,230,2.1,0,0,0
16.75,80,9.17,9.23,9.22,17,15,18,0,4.3,-0.12,0.08,207.7,13.2,165,1,3,1622,705,1982,-3,2057,16.84,1788.4,1168,28.3,31.8,0,2.8,2067.6,0,16.83,-15.6,59.2,66.9,68.3,70.7,74.0,69.8,70.9,71.4,48.3,49.3,4,10,-4.1,0.6,40,42,45,0,0,0,6,6,4,0,3,3,3,32,28,29,10,10,12,45.04,44.91,45.03,24,230,2.2,0,0,0
16.72,40,15.41,15.47,15.48,14,14,13,0,-2.8,0.09,0.14,208.1,15.2,158,1,3,1628,703,1984,-3,2057,16.64,1787.5,1181,29.3,33.3,0,2.7,2067.6,0,16.83,-15.7,59.1,67.0,68.3,70.6,74.0,69.7,70.8,71.3,48.3,49.2,2,10,-4.1,0.6,42,44,45,0,0,0,6,6,4,0,3,3,3,32,28,29,10,10,12,45.04,44.91,45.03,23,230,2.2,0,0,0
16.63,240,12.33,12.39,12.39,16,17,17,0,-18.1,-0.21,0.09,208.2,16.3,167,1,3,1620,704,1976,4,2052,16.78,1786.7,1170,32.9,35.9,0,2.8,2067.6,0,16.83,-15.6,59.1,67.0,68.3,70.7,73.9,69.8,70.8,71.3,48.3,49.3,4,10,-4.1,0.6,44,46,45,0,0,0,6,6,4,0,3,3,3,32,28,28,10,10,12,45.04,44.91,45.03,23,230,2.1,0,0,0
16.96,192,14.3,14.37,14.37,11,11,12,0,-2.6,0.05,0.01,208.2,12.0,157,1,3,1637,703,1994,-2,2065,17.01,1792.8,1161,31.9,36.4,0,2.8,2067.6,0,16.83,-15.6,59.1,66.9,68.4,70.6,74.0,69.7,70.8,71.3,48.3,49.3,3,10,-4.1,0.6,45,46,45,0,0,0,6,6,4,0,3,3,3,32,28,29,10,10,12,45.04,44.91,45.03,23,210,2.0,0,0,0
17.13,0,15.19,15.25,15.24,11,10,10,0,5.0,-0.04,-0.1,207.6,18.3,162,1,3,1644,704,2008,0,2090,17.17,1796.8,1161,31.9,34.9,0,2.8,2067.6,0,16.83,-15.6,59.1,67.0,68.4,70.7,74.0,69.9,70.9,71.4,48.3,49.3,3,10,-4.1,0.6,43,45,45,0,0,0,6,6,4,0,3,3,3,32,28,28,10,10,12,45.04,44.92,45.03,23,230,2.1,0,0,0
16.47,144,11.04,11.11,11.12,18,16,17,0,-8.2,0.11,0.18,208.4,12.5,158,1,3,1605,703,1955,-7,2025,16.5,1777.6,1167,28.4,31.4,0,2.8,2067.6,0,16.83,-15.6,59.0,66.9,68.3,70.6,73.9,69.7,70.7,71.2,48.3,49.3,4,10,-4.0,0.6,40,42,45,0,0,0,6,6,4,0,3,3,3,32,28,29,10,10,12,45.03,44.91,45.02,23,230,2.2,0,0,0
17.24,136,17.41,17.47,17.46,17,16,15,0,2.0,-0.16,0.05,207.4,20.6,162,1,3,1622,705,1984,1,2056,17.24,1772.7,1140,32.4,35.4,0,2.8,2067.6,0,16.83,-15.6,59.2,67.0,68.4,70.7,74.0,69.9,70.9,71.4,48.3,49.3,4,10,-4.1,0.6,43,46,45,0,0,0,6,6,4,0,3,2,3,32,28,29,10,10,12,45.04,44.92,45.03,23,220,2.1,0,0,0
16.85,304,9.86,9.93,9.95,18,13,18,0,-5.0,-0.04,0.1,207.9,12.4,158,1,3,1633,702,1988,-3,2063,16.84,1786.8,1171,30.8,34.4,0,2.7,2067.6,0,16.83,-15.6,59.1,66.9,68.4,70.6,73.8,69.6,70.8,71.3,48.3,49.3,3,10,-4.1,0.6,42,44,45,0,0,0,6,6,4,0,3,3,3,32,28,29,10,10,12,45.04,44.91,45.03,24,230,2.2,0,0,0
17.19,248,14.06,14.13,14.13,18,15,16,0,-10.4,-0.01,0.01,208.2,18.4,162,1,3,1646,704,2010,0,2084,17.18,1794.0,1161,31.3,34.5,0,2.8,2067.6,0,16.83,-15.6,59.1,66.9,68.2,70.6,74.0,69.7,70.8,71.3,48.3,49.3,3,10,-4.1,0.6,42,45,45,0,0,0,6,6,4,0,3,3,3,32,28,28,10,10,12,45.04,44.91,45.02,23,220,2.1,0,0,0
16.72,152,8.77,8.82,8.82,20,13,14,0,4.4,-0.02,0.23,207.8,13.6,164,1,3,1627,705,1989,-4,2067,16.85,1789.3,1172,28.3,31.8,0,2.7,2067.6,0,16.83,-15.6,59.2,67.0,68.3,70.7,74.0,69.8,70.8,71.4,48.3,49.3,3,10,-4.1,0.6,40,42,45,0,0,0,6,6,4,0,3,3,3,32,28,29,10,10,12,45.04,44.92,45.03,24,230,2.2,0,0,0
17.03,0,14.44,14.51,14.52,10,10,10,0,-7.5,-0.16,0.01,208.1,15.3,159,1,3,1630,703,1988,0,2063,17.01,1794.5,1161,30.5,33.3,0,2.7,2067.6,0,16.83,-15.6,59.1,66.9,68.3,70.6,73.9,69.7,70.8,71.2,48.3,49.3,2,10,-4.0,0.6,42,44,45,0,0,0,6,6,4,0,3,2,3,32,28,28,10,10,12,45.04,44.92,45.02,23,220,2.1,0,0,0
16.61,80,11.06,11.13,11.15,16,16,19,0,-1.8,-0.02,0.05,208.0,14.7,158,1,3,1621,703,1975,-2,2055,16.68,1784.2,1173,31.2,35.3,0,2.8,2067.6,0,16.83,-15.6,59.1,66.9,68.3,70.6,73.9,69.6,70.8,71.3,48.3,49.3,2,10,-4.1,0.6,43,45,45,0,0,0,6,6,4,0,3,3,3,32,28,29,10,10,12,45.04,44.91,45.03,23,230,2.1,0,0,0
16.72,152,12.37,12.43,12.43,18,17,15,0,11.9,0.41,-0.04,207.5,11.1,159,1,3,1616,705,1974,-1,2045,16.66,1786.4,1168,29.2,31.4,0,2.8,2067.6,0,16.83,-15.6,59.2,67.0,68.4,70.7,74.0,69.8,70.9,71.3,48.3,49.3,3,10,-4.1,0.6,40,42,45,0,0,0,6,6,4,0,3,3,3,32,28,29,10,10,12,45.04,44.91,45.03,24,230,2.1,0,0,0
16.94,200,12.05,12.12,12.13,15,14,14,0,-5.9,0.4,0.05,207.9,16.3,158,1,3,1641,703,2000,-1,2077,16.91,1792.6,1170,33.4,36.3,0,2.8,2067.6,0,16.83,-15.6,59.1,66.9,68.5,70.6,73.9,69.7,70.8,71.2,48.3,49.3,3,10,-4.1,0.6,44,46,45,0,0,0,6,6,4,0,3,3,3,32,28,29,10,10,12,45.03,44.91,45.03,23,230,2.1,0,0,0
17.13,344,14.99,15.06,15.05,10,10,10,0,-3.5,-0.07,0.09,207.8,17.2,157,1,3,1643,702,2001,5,2082,17.12,1796.1,1158,31.5,35.4,0,2.7,2067.6,0,16.83,-15.6,59.1,66.9,68.4,70.6,73.9,69.7,70.8,71.2,48.3,49.3,3,10,-4.1,0.6,43,45,45,0,0,0,6,6,4,0,3,3,3,32,28,29,10,10,12,45.04,44.91,45.02,23,220,2.1,0,0,0
16.93,152,11.9,11.96,11.95,11,11,11,0,9.0,0.19,0.08,207.9,13.6,159,1,3,1632,704,1994,0,2070,16.96,1785.3,1168,29.4,31.8,0,2.8,2067.6,0,16.83,-15.6,59.1,67.0,68.4,70.7,74.0,69.8,70.8,71.3,48.3,49.3,3,10,-4.1,0.6,40,42,45,0,0,0,6,6,4,0,3,3,3,32,28,29,10,10,12,45.04,44.91,45.02,23,230,2.1,0,0,0
17.03,96,12.81,12.86,12.87,10,11,10,0,-9.5,-0.12,-0.02,26.3,12.7,171,1,3,1638,704,2000,-3,2077,17.08,1796.4,1160,32.2,36.7,0,2.8,2067.6,0,16.83,-15.6,59.1,67.0,68.3,70.7,74.0,69.8,70.9,71.3,48.3,49.2,3,10,-4.1,0.6,44,47,45,0,0,0,6,6,4,2,3,2,3,32,28,28,10,10,12,45.04,44.91,45.03,23,230,2.1,0,0,0
16.87,152,8.82,8.89,8.9,15,13,12,0,-4.2,0.1,0.19,208.1,13.3,158,1,3,1640,702,1998,1,2070,16.88,1793.2,1172,30.5,34.0,0,2.7,2067.6,0,16.83,-15.6,59.1,66.9,68.3,70.6,73.8,69.7,70.8,71.2,48.3,49.2,2,10,-4.1,0.6,42,44,45,0,0,0,6,6,4,0,3,3,3,32,28,29,10,10,12,45.04,44.91,45.03,24,230,2.2,0,0,0
16.7,168,13.5,13.56,13.56,13,15,15,0,-17.7,-0.06,0.18,208.7,17.8,166,1,3,1619,704,1975,-2,2053,16.77,1786.7,1174,32.5,35.4,0,2.8,2067.6,0,16.83,-15.6,59.1,67.0,68.3,70.7,73.9,69.8,70.8,71.3,48.3,49.3,4,10,-4.1,0.6,43,46,45,0,0,0,6,6,4,0,3,3,3,32,28,28,10,10,12,45.03,44.91,45.03,23,230,2.1,0,0,0
17.03,200,12.14,12.2,12.21,10,11,10,0,-4.4,0.08,0.14,210.0,17.4,158,1,3,1638,703,1996,-2,2075,16.92,1794.9,1168,32.7,35.8,0,2.8,2067.6,0,16.83,-15.6,59.1,66.9,68.6,70.6,73.9,69.7,70.7,71.3,48.3,49.3,3,10,-4.1,0.6,44,46,45,0,0,0,6,6,4,0,3,3,3,32,28,29,10,10,12,45.04,44.91,45.03,23,230,2.1,0,0,0
16.62,32,13.38,13.45,13.44,19,15,16,0,-15.3,-0.02,0.06,208.3,17.1,165,1,3,1613,703,1966,-1,2044,16.66,1780.8,1171,32.5,35.3,0,2.8,2067.6,0,16.83,-15.6,59.1,67.0,68.3,70.7,73.9,69.7,70.8,71.3,48.3,49.3,4,10,-4.1,0.6,43,46,45,0,0,0,6,6,4,0,3,3,3,32,28,28,10,10,12,45.04,44.91,45.03,23,230,2.2,0,0,0
16.88,320,13.03,13.1,13.1,16,17,17,0,-13.0,0.03,0.2,207.7,15.7,163,1,3,1629,704,1988,-2,2060,16.89,1786.9,1168,31.2,34.3,0,2.7,2067.6,0,16.83,-15.6,59.1,67.0,68.2,70.6,74.0,69.7,70.8,71.3,48.3,49.3,3,10,-4.1,0.6,41,44,45,0,0,0,6,6,4,0,3,3,3,32,28,28,10,10,12,45.04,44.92,45.03,23,230,2.1,0,0,0
17.35,320,14.37,14.44,14.43,11,11,10,0,-10.7,0.21,0.13,207.6,13.5,162,1,3,1658,704,2026,-5,2100,17.25,1799.4,1160,31.5,34.4,0,2.8,2067.6,0,16.83,-15.6,59.1,66.9,68.2,70.6,74.0,69.7,70.8,71.3,48.3,49.3,3,10,-4.1,0.6,42,45,45,0,0,0,6,6,4,0,3,3,3,32,28,28,10,10,12,45.04,44.91,45.02,23,220,2.1,0,0,0
16.72,296,9.04,9.1,9.1,19,15,17,0,13.4,-0.06,0.08,207.6,12.3,161,1,3,1624,705,1985,-2,2058,16.81,1790.3,1170,28.4,31.4,0,2.8,2067.6,0,16.83,-15.6,59.2,67.0,68.3,70.7,74.0,69.8,70.9,71.3,48.3,49.2,3,10,-4.1,0.6,40,42,45,0,0,0,6,6,4,0,3,2,3,32,28,28,10,10,12,45.04,44.91,45.03,24,230,2.1,0,0,0
16.62,8,8.81,8.87,8.86,17,16,16,0,1.7,0.04,0.08,208.1,14.7,166,1,3,1597,705,1952,2,2027,16.58,1767.7,1169,28.7,32.4,0,2.7,2067.6,0,16.83,-15.6,59.2,67.0,68.4,70.7,74.0,69.7,70.9,71.4,48.3,49.2,3,10,-4.1,0.6,40,43,45,0,0,0,6,6,4,0,3,3,3,32,28,29,10,10,12,45.04,44.91,45.03,24,230,2.2,0,0,0
16.92,240,12.43,12.49,12.49,17,16,19,0,-5.3,-0.08,-0.02,26.2,16.7,166,1,3,1632,704,1992,-3,2066,17.02,1788.5,1165,32.6,36.9,0,2.7,2067.6,0,16.83,-15.6,59.1,67.0,68.3,70.7,74.0,69.8,71.0,71.3,48.3,49.3,3,10,-4.1,0.6,44,47,45,0,0,0,6,6,4,2,3,2,3,32,28,28,10,10,12,45.03,44.91,45.03,23,230,2.1,0,0,0
16.62,304,13.0,13.06,13.06,17,17,15,0,-6.6,0.2,0.14,26.5,12.7,164,1,3,1600,704,1952,-3,2022,16.62,1770.5,1159,33.5,36.7,0,2.7,2067.6,0,16.83,-15.6,59.1,67.0,68.3,70.7,74.0,69.7,70.8,71.4,48.3,49.2,3,10,-4.1,0.6,45,47,45,0,0,0,6,6,4,2,3,3,3,32,28,29,10,10,12,45.04,44.91,45.02,23,230,2.1,0,0,0
16.79,152,15.37,15.43,15.42,13,15,12,0,-7.4,0.02,0.19,207.4,13.5,165,1,3,1596,704,1949,3,2022,16.71,1752.4,1157,30.1,33.3,0,2.8,2067.6,0,16.83,-15.6,59.1,67.0,68.4,70.7,74.0,69.8,70.9,71.3,48.3,49.3,3,10,-4.1,0.6,41,44,45,0,0,0,6,6,4,0,3,3,3,32,28,29,10,10,12,45.04,44.91,45.03,23,230,2.1,0,0,0
16.71,224,9.41,9.48,9.5,18,15,14,0,-4.0,-0.04,0.03,209.0,11.8,158,1,3,1628,702,1982,3,2058,16.77,1789.9,1171,30.7,34.1,0,2.7,2067.6,0,16.83,-15.6,59.1,66.9,68.3,70.6,73.8,69.7,70.8,71.2,48.3,49.3,3,10,-4.1,0.6,42,44,45,0,0,0,6,6,4,0,3,3,3,32,28,29,10,10,12,45.04,44.91,45.03,24,230,2.2,0,0,0
16.8,112,13.53,13.59,13.6,16,16,19,0,-3.3,-0.02,0.24,207.8,15.6,157,1,3,1636,703,1993,-2,2074,16.81,1786.3,1180,27.9,31.6,0,2.7,2067.6,0,16.83,-15.6,59.1,67.0,68.3,70.7,73.9,69.8,70.8,71.3,48.3,49.3,2,10,-4.1,0.6,40,42,45,0,0,0,6,6,4,0,3,3,3,32,28,29,10,10,12,45.04,44.91,45.03,24,230,2.2,0,0,0
16.52,312,12.47,12.55,12.56,16,16,16,0,-10.3,0.09,0.14,208.1,13.1,161,1,3,1617,702,1969,-3,2046,16.6,1783.9,1177,30.8,33.9,0,2.8,2067.6,0,16.83,-15.6,59.0,66.8,68.5,70.5,73.9,69.6,70.7,71.2,48.3,49.3,3,10,-4.1,0.6,41,44,45,0,0,0,6,6,4,0,3,3,3,32,28,29,10,10,12,45.04,44.91,45.03,23,230,2.2,0,0,0
16.95,32,14.75,14.82,14.82,14,13,12,0,-4.7,0.11,0.05,207.9,12.3,158,1,3,1635,703,1994,-5,2070,16.85,1785.8,1176,30.0,33.0,0,2.8,2067.6,0,16.83,-15.6,59.1,67.0,68.2,70.6,74.0,69.7,70.8,71.3,48.3,49.3,4,10,-4.1,0.6,41,43,45,0,0,0,6,6,4,0,3,3,3,32,28,28,10,10,12,45.04,44.91,45.02,23,230,2.1,0,0,0
17.08,72,10.72,10.79,10.8,13,11,12,0,-6.8,-0.08,0.15,207.8,10.2,159,1,3,1643,703,2002,-4,2075,17.16,1791.5,1156,29.5,32.0,0,2.7,2067.6,0,16.83,-15.6,59.1,66.9,68.4,70.6,73.9,69.7,70.8,71.3,48.3,49.3,3,10,-4.0,0.6,40,43,45,0,0,0,6,6,4,0,3,2,3,32,28,29,10,10,12,45.04,44.91,45.03,23,230,2.2,0,0,0
16.83,336,14.89,14.96,14.96,11,12,15,0,0.1,-0.06,0.33,208.6,17.8,156,1,3,1634,703,1992,-2,2070,16.93,1788.2,1168,28.7,32.4,0,2.7,2067.6,0,16.83,-15.6,59.1,67.0,68.3,70.7,73.9,69.7,70.8,71.3,48.3,49.3,2,10,-4.1,0.6,40,42,45,0,0,0,6,6,4,0,3,3,3,32,28,29,10,10,12,45.03,44.91,45.03,24,220,2.1,0,0,0
16.79,296,12.0,12.07,12.08,18,14,14,0,-5.5,-0.02,0.13,208.3,15.6,157,1,3,1626,703,1982,2,2060,16.8,1788.8,1169,28.3,31.5,0,2.7,2067.6,0,16.83,-15.6,59.0,66.9,68.2,70.6,73.9,69.7,70.7,71.2,48.3,49.3,4,10,-4.0,0.6,40,42,45,0,0,0,6,6,4,0,3,3,3,32,28,29,10,10,12,45.04,44.91,45.02,23,230,2.1,0,0,0
16.62,120,14.93,15.01,15.01,16,15,17,0,-2.9,0.03,0.33,208.4,15.7,157,1,3,1620,703,1975,4,2048,16.68,1784.3,1174,28.9,32.6,0,2.8,2067.6,0,16.83,-15.6,59.1,66.9,68.4,70.7,73.9,69.7,70.8,71.3,48.3,49.3,3,10,-4.1,0.6,41,43,45,0,0,0,6,6,4,0,3,3,3,32,28,29,10,10,12,45.04,44.91,45.03,23,220,2.1,0,0,0
16.41,256,15.72,15.78,15.79,18,15,17,0,-7.5,0.03,0.05,207.7,19.4,159,1,3,1603,703,1955,0,2026,16.43,1776.6,1179,29.4,32.4,0,2.8,2067.6,0,16.83,-15.6,59.1,67.0,68.2,70.7,74.0,69.8,70.8,71.3,48.3,49.3,3,10,-4.1,0.6,41,43,45,0,0,0,6,6,4,0,3,3,3,32,28,28,10,10,12,45.04,44.91,45.03,23,230,2.1,0,0,0
17.48,304,13.01,13.08,13.09,13,11,10,0,-11.3,0.04,0.1,208.4,14.2,162,1,3,1658,702,2018,0,2092,17.4,1795.5,1151,33.6,36.5,0,2.8,2067.6,0,16.83,-15.6,59.0,66.8,68.4,70.6,73.8,69.6,70.7,71.3,48.3,49.3,3,10,-4.1,0.6,44,47,45,0,0,0,6,6,4,0,3,3,3,32,28,29,10,10,12,45.04,44.91,45.03,24,230,2.1,0,0,0
17.25,136,17.04,17.1,17.09,10,11,10,0,-0.1,-0.11,0.0,207.4,21.7,163,1,3,1635,705,1998,4,2080,17.08,1797.4,1163,32.7,35.5,0,2.8,2067.6,0,16.83,-15.6,59.2,67.0,68.4,70.7,74.0,69.8,70.9,71.4,48.3,49.3,3,10,-4.1,0.6,44,46,45,0,0,0,6,6,4,0,3,2,3,32,28,28,10,10,12,45.04,44.91,45.02,23,220,2.1,0,0,0
16.83,152,10.53,10.6,10.62,18,16,18,0,3.1,0.03,0.01,207.9,11.6,154,1,3,1632,703,1989,2,2061,16.87,1791.8,1168,29.4,33.5,0,2.7,2067.6,0,16.83,-15.6,59.1,66.9,68.3,70.6,73.8,69.7,70.7,71.2,48.3,49.2,4,10,-4.1,0.6,41,43,45,0,0,0,6,6,4,0,3,3,3,32,28,29,10,10,12,45.04,44.91,45.03,23,230,2.2,0,0,0
16.94,200,11.61,11.67,11.68,14,14,12,0,-8.0,0.1,0.09,208.3,14.4,159,1,3,1637,703,1995,2,2072,16.84,1794.7,1172,33.5,36.9,0,2.7,2067.6,0,16.83,-15.6,59.1,66.9,68.5,70.6,73.9,69.7,70.8,71.3,48.3,49.3,3,10,-4.1,0.6,45,47,45,0,0,0,6,6,4,0,3,3,3,32,28,29,10,10,12,45.04,44.91,45.02,23,230,2.1,0,0,0
16.42,336,14.95,15.01,15.01,17,14,14,0,-6.8,-0.01,0.13,208.1,18.5,158,1,3,1580,703,1926,0,2002,16.46,1765.2,1146,28.4,32.1,0,2.7,2067.6,0,16.83,-15.6,59.1,67.0,68.3,70.7,73.9,69.7,70.8,71.3,48.3,49.3,3,10,-4.1,0.6,40,42,45,0,0,0,6,6,4,0,3,3,3,32,28,29,10,10,12,45.04,44.91,45.02,23,220,2.1,0,0,0
16.77,16,10.75,10.82,10.83,17,16,18,0,-1.8,0.1,0.08,208.1,13.4,158,1,3,1630,702,1986,-2,2064,16.84,1788.7,1169,31.1,34.6,0,2.8,2067.6,0,16.83,-15.6,59.1,66.9,68.4,70.6,73.9,69.6,70.8,71.3,48.3,49.2,3,10,-4.1,0.6,42,44,45,0,0,0,6,6,4,0,3,3,3,32,28,29,10,10,12,45.04,44.91,45.03,23,230,2.1,0,0,0
17.14,112,15.25,15.31,15.31,10,10,11,0,-9.2,0.04,0.3,207.8,18.4,159,1,3,1642,703,2002,-2,2078,17.08,1790.6,1167,29.1,31.3,0,2.8,2067.6,0,16.83,-15.6,59.1,66.9,68.3,70.7,73.9,69.7,70.8,71.3,48.3,49.3,3,10,-4.1,0.6,40,42,45,0,0,0,6,6,4,0,3,3,3,32,28,29,10,10,12,45.04,44.91,45.02,23,230,2.1,0,0,0
17.02,56,15.26,15.33,15.34,13,14,13,0,-4.5,0.29,0.16,207.6,13.8,157,1,3,1641,703,2001,-1,2077,16.99,1796.2,1166,31.2,34.8,0,2.7,2067.6,0,16.83,-15.6,59.1,66.9,68.4,70.6,73.9,69.7,70.8,71.3,48.3,49.3,3,10,-4.1,0.6,43,45,45,0,0,0,6,6,4,0,3,3,3,32,28,29,10,10,12,45.04,44.91,45.02,24,230,2.1,0,0,0
17.53,72,14.62,14.68,14.68,10,11,10,0,3.6,0.13,0.08,207.8,19.6,160,1,3,1666,705,2036,1,2116,17.49,1801.2,1153,29.9,32.8,0,2.8,2067.6,0,16.83,-15.6,59.2,67.0,68.4,70.7,74.0,69.8,70.8,71.4,48.3,49.3,3,10,-4.1,0.6,41,44,45,0,0,0,6,6,4,0,3,3,3,32,28,28,10,10,12,45.04,44.91,45.03,23,230,2.1,0,0,0
17.14,168,16.42,16.48,16.48,10,10,10,0,-11.9,0.11,0.07,208.2,17.2,163,1,3,1642,703,2001,-3,2080,17.13,1796.2,1158,31.7,34.6,0,2.7,2067.6,0,16.83,-15.6,59.1,66.9,68.3,70.7,73.9,69.7,70.8,71.3,48.3,49.3,4,10,-4.1,0.6,43,45,45,0,0,0,6,6,4,0,3,3,3,32,28,29,10,10,12,45.04,44.91,45.02,23,210,2.1,0,0,0
16.9,216,15.53,15.59,15.59,18,15,15,0,-2.1,0.15,0.13,207.5,16.0,165,1,3,1629,705,1990,-3,2066,16.83,1791.5,1171,31.3,34.3,0,2.8,2067.6,0,16.83,-15.6,59.1,67.0,68.4,70.7,74.0,69.8,70.9,71.4,48.3,49.3,3,10,-4.1,0.6,42,45,45,0,0,0,6,6,4,0,3,3,3,32,28,29,10,10,12,45.04,44.92,45.03,23,220,2.1,0,0,0
16.94,16,9.36,9.42,9.42,19,16,18,0,7.7,0.15,0.03,209.3,11.0,163,1,3,1635,705,1997,2,2078,17.03,1792.9,1163,28.2,31.6,0,2.7,2067.6,0,16.83,-15.6,59.2,67.0,68.3,70.7,74.0,69.8,70.9,71.3,48.3,49.2,3,10,-4.1,0.6,40,42,45,0,0,0,6,6,4,0,3,2,3,32,28,29,10,10,12,45.03,44.92,45.03,23,220,2.1,0,0,0
17.26,88,14.18,14.25,14.26,15,15,15,0,2.1,-0.11,0.07,208.0,17.1,158,1,3,1638,702,1995,-2,2072,17.39,1778.4,1138,33.6,36.6,0,2.8,2067.6,0,16.83,-15.6,59.0,66.9,68.4,70.6,73.8,69.6,70.7,71.2,48.3,49.3,3,10,-4.1,0.6,44,47,45,0,0,0,6,6,4,0,3,3,3,32,28,29,10,10,12,45.04,44.91,45.02,23,230,2.1,0,0,0
16.81,56,11.45,11.52,11.53,16,15,17,0,-7.1,0.11,0.08,208.4,13.7,158,1,3,1619,703,1973,1,2052,16.76,1781.7,1171,33.1,35.9,0,2.8,2067.6,0,16.83,-15.6,59.1,66.9,68.6,70.6,73.9,69.7,70.7,71.3,48.3,49.3,4,10,-4.1,0.6,44,46,45,0,0,0,6,6,4,0,3,3,3,32,28,29,10,10,12,45.04,44.91,45.03,23,230,2.2,0,0,0
16.82,96,12.1,12.17,12.18,11,12,10,0,-7.3,0.07,-0.05,208.2,15.5,160,1,3,1629,702,1984,1,2061,16.71,1791.2,1178,31.0,33.9,0,2.8,2067.6,0,16.83,-15.6,59.0,66.9,68.4,70.5,73.9,69.6,70.7,71.2,48.3,49.3,3,10,-4.1,0.6,42,45,45,0,0,0,6,6,4,0,3,3,3,32,28,28,10,10,12,45.04,44.91,45.03,23,220,2.2,0,0,0
16.63,264,15.42,15.49,15.5,16,16,16,0,-7.2,-0.14,0.06,208.3,15.8,159,1,3,1624,703,1978,-3,2050,16.73,1787.0,1168,30.2,34.1,0,2.7,2067.6,0,16.83,-15.6,59.1,67.0,68.4,70.7,73.9,69.7,70.8,71.3,48.3,49.3,2,10,-4.1,0.6,42,44,45,0,0,0,6,6,4,0,3,3,3,32,28,28,10,10,12,45.04,44.91,45.03,23,220,2.1,0,0,0
17.09,176,14.08,14.14,14.14,11,10,12,0,-10.4,0.03,0.09,208.7,17.4,162,1,3,1647,704,2008,3,2078,17.14,1792.5,1160,31.3,34.4,0,2.8,2067.6,0,16.83,-15.6,59.1,66.9,68.2,70.6,74.0,69.7,70.8,71.3,48.3,49.3,4,10,-4.1,0.6,42,45,45,0,0,0,6,6,4,0,3,3,3,32,28,28,10,10,12,45.04,44.91,45.02,23,230,2.1,0,0,0
16.4,40,13.83,13.9,13.91,11,15,13,0,-3.8,0.03,0.23,208.6,16.2,157,1,3,1616,703,1969,0,2046,16.54,1783.2,1180,28.1,31.6,0,2.7,2067.6,0,16.83,-15.6,59.1,67.0,68.3,70.7,73.9,69.7,70.8,71.3,48.3,49.3,3,10,-4.1,0.6,40,42,45,0,0,0,6,6,4,0,3,3,3,32,28,29,10,10,12,45.04,44.91,45.02,24,230,2.1,0,0,0
16.83,280,15.37,15.43,15.42,16,16,17,0,2.2,-0.03,0.03,207.3,17.0,164,1,3,1622,705,1982,-1,2058,16.89,1786.7,1163,31.6,34.5,0,2.8,2067.6,0,16.83,-15.6,59.1,67.0,68.4,70.7,74.0,69.8,70.9,71.3,48.3,49.2,3,10,-4.1,0.6,43,45,45,0,0,0,6,6,4,0,3,3,3,32,28,29,10,10,12,45.04,44.91,45.03,23,230,2.1,0,0,0
16.62,152,10.05,10.12,10.13,18,16,16,0,-1.8,0.09,0.08,207.8,14.2,156,1,3,1609,702,1959,-5,2033,16.54,1778.4,1177,28.4,32.1,0,2.7,2067.6,0,16.83,-15.6,59.1,66.8,68.3,70.6,73.9,69.7,70.7,71.3,48.3,49.3,3,10,-4.1,0.6,40,42,45,0,0,0,6,6,4,0,3,3,3,32,28,29,10,10,12,45.04,44.91,45.03,24,230,2.2,0,0,0
16.72,72,9.05,9.12,9.13,10,10,10,0,-14.1,0.18,0.15,208.1,11.8,161,1,3,1628,702,1983,-3,2056,16.66,1792.6,1181,29.3,31.5,0,2.8,2067.6,0,16.83,-15.6,59.0,66.9,68.3,70.6,73.9,69.7,70.7,71.2,48.3,49.3,3,10,-4.0,0.6,40,42,45,0,0,0,6,6,4,0,3,3,3,32,28,29,10,10,12,45.04,44.91,45.03,24,230,2.1,0,0,0
17.14,152,12.59,12.66,12.67,10,11,10,0,-7.3,0.18,-0.05,208.1,14.2,157,1,3,1644,702,2003,-3,2080,17.16,1797.3,1152,28.2,31.8,0,2.7,2067.6,0,16.83,-15.6,59.0,66.9,68.2,70.6,73.9,69.7,70.7,71.2,48.3,49.3,4,10,-4.0,0.6,40,42,45,0,0,0,6,6,4,0,3,3,3,32,28,29,10,10,12,45.04,44.91,45.02,23,220,2.1,0,0,0
16.52,288,10.54,10.61,10.62,12,15,12,0,-18.0,0.01,0.17,208.2,14.6,160,1,3,1614,703,1967,0,2047,16.49,1773.9,1181,28.7,31.4,0,2.8,2067.6,0,16.83,-15.6,59.0,66.9,68.3,70.6,73.9,69.7,70.7,71.2,48.3,49.3,3,10,-4.0,0.6,40,42,45,0,0,0,6,6,4,0,3,3,3,32,28,29,10,10,12,45.03,44.91,45.03,24,230,2.1,0,0,0
17.05,200,13.24,13.31,13.31,11,11,13,0,-5.0,-0.06,0.09,208.0,14.9,158,1,3,1637,703,1995,2,2067,17.13,1788.4,1152,33.0,37.1,0,2.7,2067.6,0,16.83,-15.6,59.1,67.0,68.5,70.6,73.9,69.7,70.8,71.3,48.3,49.2,4,10,-4.1,0.6,45,47,45,0,0,0,6,6,4,0,3,3,3,32,28,29,10,10,12,45.04,44.92,45.02,23,220,2.1,0,0,0
16.93,224,10.21,10.28,10.29,15,14,12,0,2.5,0.08,0.1,208.2,11.3,154,1,3,1635,703,1992,-3,2069,16.86,1793.8,1171,29.4,33.3,0,2.7,2067.6,0,16.83,-15.6,59.1,66.9,68.3,70.6,73.8,69.7,70.7,71.2,48.3,49.2,3,10,-4.1,0.6,41,43,45,0,0,0,6,6,4,0,3,3,3,32,28,29,10,10,12,45.04,44.91,45.03,24,230,2.2,0,0,0
16.52,136,13.7,13.77,13.79,18,15,14,0,-6.5,0.07,0.15,207.9,18.0,159,1,3,1600,703,1949,-4,2024,16.57,1779.5,1156,30.7,33.5,0,2.7,2067.6,0,16.83,-15.6,59.1,66.9,68.4,70.6,73.9,69.7,70.7,71.2,48.3,49.3,4,10,-4.0,0.6,42,44,45,0,0,0,6,6,4,0,3,2,3,32,28,29,10,10,12,45.04,44.92,45.02,23,230,2.1,0,0,0
17.04,144,13.6,13.66,13.66,17,15,16,0,5.9,-0.06,0.22,207.5,14.8,159,1,3,1634,705,1995,-2,2070,17.1,1782.6,1159,29.8,32.4,0,2.7,2067.6,0,16.83,-15.6,59.2,67.0,68.4,70.7,74.0,69.8,70.8,71.4,48.3,49.2,4,10,-4.1,0.6,41,43,45,0,0,0,6,6,4,0,3,3,3,32,28,29,10,10,12,45.04,44.91,45.03,23,220,2.1,0,0,0
16.42,296,11.44,11.5,11.49,17,14,17,0,9.1,-0.09,0.23,207.9,15.0,159,1,3,1580,705,1930,3,2001,16.46,1752.4,1161,29.3,31.6,0,2.7,2067.6,0,16.83,-15.6,59.2,67.0,68.4,70.7,74.0,69.8,70.9,71.3,48.3,49.3,4,10,-4.1,0.6,40,42,45,0,0,0,6,6,4,0,3,3,3,32,28,29,10,10,12,45.04,44.91,45.03,24,230,2.2,0,0,0
17.23,232,12.9,12.96,12.98,12,11,14,0,-9.8,0.14,0.08,207.8,11.4,162,1,3,1648,702,2007,1,2088,17.29,1793.6,1153,33.4,36.4,0,2.8,2067.6,0,16.83,-15.6,59.0,66.9,68.4,70.6,73.8,69.6,70.7,71.2,48.3,49.3,3,10,-4.1,0.6,44,47,45,0,0,0,6,6,4,0,3,3,3,32,28,29,10,10,12,45.04,44.92,45.03,23,230,2.1,0,0,0
17.32,16,12.27,12.33,12.33,11,12,11,0,-0.9,0.25,-0.07,208.1,11.9,169,1,3,1634,704,1995,-1,2078,17.37,1779.8,1138,30.2,33.9,0,2.7,2067.6,0,16.83,-15.6,59.1,67.0,68.3,70.7,74.0,69.8,70.8,71.3,48.3,49.2,3,10,-4.1,0.6,42,44,45,0,0,0,6,6,4,0,3,3,3,32,28,29,10,10,12,45.04,44.92,45.02,23,220,2.1,0,0,0
17.35,40,16.73,16.78,16.79,10,10,10,0,-5.2,-0.07,0.0,208.9,15.2,158,1,3,1647,703,2009,-3,2093,17.34,1798.3,1146,28.3,30.9,0,2.7,2067.6,0,16.83,-15.6,59.1,67.0,68.2,70.7,74.0,69.8,70.8,71.3,48.3,49.3,3,10,-4.1,0.6,40,42,45,0,0,0,6,6,4,0,3,3,3,32,28,29,10,10,12,45.04,44.91,45.03,23,230,2.1,0,0,0
16.69,304,12.56,12.63,12.62,17,15,17,0,-1.4,-0.04,0.14,190.1,16.4,171,1,3,1618,704,1975,-4,2046,16.77,1786.5,1166,31.5,35.7,0,2.7,2067.6,0,16.83,-15.6,59.1,67.0,68.4,70.7,73.9,69.8,70.9,71.3,48.3,49.2,3,10,-4.1,0.6,44,46,45,0,0,0,6,6,4,0,3,3,3,32,28,28,10,10,12,45.04,44.91,45.03,23,230,2.1,0,0,0
16.53,0,8.92,8.99,9.01,16,12,14,0,-12.8,-0.12,0.24,208.3,13.5,160,1,3,1622,702,1975,-2,2049,16.52,1788.5,1185,29.3,31.4,0,2.7,2067.6,0,16.83,-15.6,59.1,66.9,68.3,70.6,73.9,69.7,70.7,71.2,48.3,49.3,2,10,-4.0,0.6,40,42,45,0,0,0,6,6,4,0,3,3,3,32,28,29,10,10,12,45.04,44.91,45.03,24,230,2.2,0,0,0
16.73,168,12.39,12.45,12.46,16,16,18,0,-6.6,-0.07,0.08,208.0,16.4,160,1,3,1631,702,1986,4,2061,16.82,1788.4,1172,31.0,34.0,0,2.8,2067.6,0,16.83,-15.6,59.0,66.9,68.4,70.5,73.9,69.6,70.7,71.2,48.3,49.3,3,10,-4.1,0.6,42,45,45,0,0,0,6,6,4,0,3,3,3,32,28,29,10,10,12,45.04,44.91,45.03,23,220,2.2,0,0,0
17.46,256,16.49,16.56,16.56,10,10,10,0,-8.1,0.09,0.18,208.0,18.3,159,1,3,1662,703,2027,-4,2102,17.43,1799.5,1150,29.0,31.6,0,2.8,2067.6,0,16.83,-15.6,59.1,66.9,68.3,70.7,73.9,69.7,70.8,71.3,48.3,49.3,3,10,-4.1,0.6,40,42,45,0,0,0,6,6,4,0,3,3,3,32,28,29,10,10,12,45.04,44.91,45.03,23,220,2.1,0,0,0
16.63,88,10.44,10.51,10.53,19,16,18,0,-8.2,0.04,0.1,208.6,13.3,161,1,3,1620,702,1973,2,2045,16.64,1785.9,1171,32.6,35.6,0,2.8,2067.6,0,16.83,-15.6,59.0,66.8,68.4,70.5,73.9,69.6,70.7,71.2,48.3,49.3,3,10,-4.1,0.6,43,46,45,0,0,0,6,6,4,0,3,3,3,32,28,29,10,10,12,45.04,44.91,45.03,24,230,2.2,0,0,0
16.52,264,15.52,15.58,15.59,12,14,15,0,-6.4,-0.27,0.2,207.9,17.8,159,1,3,1584,703,1931,-3,2001,16.54,1737.3,1160,29.4,33.4,0,2.7,2067.6,0,16.83,-15.6,59.1,67.0,68.3,70.6,74.0,69.7,70.8,71.3,48.3,49.3,2,10,-4.1,0.6,42,44,45,0,0,0,6,6,4,0,3,3,3,32,28,29,10,10,12,45.04,44.91,45.03,23,230,2.1,0,0,0
16.41,216,9.63,9.7,9.72,11,13,10,0,-15.2,0.07,0.01,209.0,10.6,161,1,3,1613,703,1965,0,2038,16.46,1784.0,1182,29.1,31.4,0,2.7,2067.6,0,16.83,-15.6,59.0,66.9,68.3,70.6,73.9,69.7,70.7,71.2,48.3,49.3,3,10,-4.0,0.6,40,42,45,0,0,0,6,6,4,0,3,3,3,32,28,29,10,10,12,45.04,44.91,45.03,23,230,2.2,0,0,0
16.72,168,12.12,12.19,12.2,16,16,18,0,-8.7,-0.23,0.08,208.1,14.1,160,1,3,1625,703,1979,-2,2051,16.75,1788.0,1168,32.2,35.2,0,2.8,2067.6,0,16.83,-15.6,59.0,66.8,68.4,70.5,73.9,69.6,70.7,71.2,48.3,49.3,4,10,-4.1,0.6,43,45,45,0,0,0,6,6,4,0,3,3,3,32,28,29,10,10,12,45.04,44.91,45.03,24,230,2.1,0,0,0
16.51,296,9.22,9.28,9.27,17,15,19,0,1.5,0.08,0.01,208.0,14.2,166,1,3,1605,705,1961,2,2039,16.59,1782.3,1169,28.8,32.6,0,2.7,2067.6,0,16.83,-15.6,59.2,67.0,68.4,70.7,74.0,69.7,70.9,71.4,48.3,49.3,3,10,-4.1,0.6,40,43,45,0,0,0,6,6,4,0,3,3,3,32,28,29,10,10,12,45.04,44.91,45.03,24,230,2.2,0,0,0
16.98,104,15.2,15.26,15.25,10,11,10,0,-5.5,0.03,0.06,207.9,14.2,159,1,3,1639,703,1999,-4,2079,16.97,1791.3,1168,30.0,32.9,0,2.8,2067.6,0,16.83,-15.6,59.1,66.9,68.2,70.6,74.0,69.7,70.8,71.3,48.3,49.3,3,10,-4.1,0.6,41,43,45,0,0,0,6,6,4,0,3,3,3,32,28,28,10,10,12,45.04,44.91,45.02,23,230,2.1,0,0,0
16.43,168,10.81,10.88,10.89,15,17,15,0,-13.6,0.01,0.1,208.4,12.6,162,1,3,1620,702,1973,5,2047,16.55,1782.2,1182,32.5,35.3,0,2.8,2067.6,0,16.83,-15.6,59.0,66.8,68.4,70.5,73.9,69.6,70.7,71.2,48.3,49.3,3,10,-4.1,0.6,43,46,45,0,0,0,6,6,4,0,3,3,3,32,28,28,10,10,12,45.04,44.91,45.03,24,230,2.1,0,0,0
16.87,8,8.71,8.78,8.77,16,15,14,0,11.5,0.13,0.27,207.5,9.5,161,1,3,1623,705,1984,0,2057,16.78,1788.4,1174,28.5,31.3,0,2.7,2067.6,0,16.83,-15.6,59.2,67.0,68.3,70.7,74.0,69.8,70.9,71.3,48.3,49.2,3,10,-4.1,0.6,40,42,45,0,0,0,6,6,4,0,3,2,3,32,28,28,10,10,12,45.04,44.92,45.03,24,230,2.2,0,0,0
16.77,304,10.43,10.49,10.49,18,15,14,0,2.2,-0.08,0.2,208.3,16.3,166,1,3,1624,704,1983,0,2066,16.8,1786.1,1169,29.4,33.4,0,2.7,2067.6,0,16.83,-15.6,59.1,67.0,68.4,70.6,74.0,69.8,70.8,71.3,48.3,49.3,3,10,-4.1,0.6,42,44,45,0,0,0,6,6,4,0,3,3,3,32,28,29,10,10,12,45.04,44.91,45.03,24,230,2.2,0,0,0
16.72,8,16.21,16.28,16.27,17,14,16,0,-8.3,-0.06,0.03,208.0,17.6,165,1,3,1619,704,1977,-5,2048,16.79,1788.4,1165,30.1,33.1,0,2.8,2067.6,0,16.83,-15.6,59.1,67.0,68.4,70.7,74.0,69.8,70.9,71.3,48.3,49.3,3,10,-4.1,0.6,41,44,45,0,0,0,6,6,4,0,3,3,3,32,28,29,10,10,12,45.04,44.91,45.03,23,230,2.1,0,0,0
16.56,24,11.12,11.19,11.2,10,12,10,0,-12.4,0.1,0.18,208.0,14.8,162,1,3,1586,703,1933,-2,2007,16.52,1732.3,1170,32.4,35.2,0,2.8,2067.6,0,16.83,-15.6,59.0,66.8,68.4,70.5,73.9,69.6,70.7,71.2,48.3,49.3,3,10,-4.1,0.6,43,45,45,0,0,0,6,6,4,0,3,3,3,32,28,29,10,10,12,45.04,44.91,45.03,24,230,2.1,0,0,0
16.87,88,11.21,11.27,11.26,11,11,11,0,-10.7,0.1,-0.05,208.1,13.4,170,1,3,1624,704,1984,-1,2062,16.92,1791.7,1164,29.3,33.3,0,2.7,2067.6,0,16.83,-15.6,59.2,67.0,68.4,70.6,74.0,69.7,70.8,71.3,48.3,49.3,3,10,-4.1,0.6,40,43,45,0,0,0,6,6,4,0,3,3,3,32,28,28,10,10,12,45.04,44.91,45.03,24,230,2.2,0,0,0
17.4,96,14.12,14.18,14.17,13,11,13,0,-13.0,0.03,-0.04,26.8,11.9,166,1,3,1642,703,2003,0,2080,17.45,1783.4,1140,33.2,36.2,0,2.7,2067.6,0,16.83,-15.6,59.1,67.0,68.3,70.7,73.9,69.7,70.8,71.3,48.3,49.3,3,10,-4.1,0.6,44,46,45,0,0,0,6,6,4,2,3,3,3,32,28,29,10,10,12,45.04,44.92,45.03,23,220,2.1,0,0,0
16.93,288,11.34,11.41,11.42,17,16,18,0,-2.8,-0.11,0.13,208.0,12.8,156,1,3,1636,703,1993,-4,2067,16.97,1790.4,1164,28.9,32.7,0,2.8,2067.6,0,16.83,-15.6,59.1,66.9,68.3,70.6,73.8,69.7,70.7,71.3,48.3,49.2,3,10,-4.1,0.6,41,43,45,0,0,0,6,6,4,0,3,3,3,32,28,29,10,10,12,45.04,44.91,45.03,23,230,2.1,0,0,0
17.15,216,16.29,16.35,16.34,13,16,15,0,-11.8,0.06,-0.04,208.0,18.0,166,1,3,1640,704,2003,7,2080,17.1,1793.7,1161,30.1,33.2,0,2.8,2067.6,0,16.83,-15.6,59.1,67.0,68.4,70.7,74.0,69.8,70.8,71.3,48.3,49.3,3,10,-4.1,0.6,41,44,45,0,0,0,6,6,4,0,3,3,3,32,28,29,10,10,12,45.04,44.91,45.03,23,220,2.1,0,0,0
16.71,288,11.4,11.47,11.48,18,17,17,0,-7.4,0.4,-0.02,208.6,10.6,157,1,3,1607,702,1957,-3,2034,16.63,1784.4,1162,28.5,32.3,0,2.7,2067.6,0,16.83,-15.6,59.1,66.9,68.3,70.6,73.9,69.7,70.7,71.3,48.3,49.3,3,10,-4.1,0.6,41,43,45,0,0,0,6,6,4,0,3,3,3,32,28,29,10,10,12,45.04,44.91,45.03,24,230,2.1,0,0,0
16.8,352,12.49,12.56,12.57,11,10,13,0,2.8,-0.06,-0.01,207.7,14.4,155,1,3,1635,703,1992,1,2068,16.89,1789.4,1167,31.5,34.2,0,2.7,2067.6,0,16.83,-15.6,59.1,66.9,68.4,70.6,73.9,69.6,70.7,71.3,48.3,49.3,3,10,-4.1,0.6,42,45,45,0,0,0,6,6,4,0,3,3,3,32,28,29,10,10,12,45.03,44.91,45.03,23,230,2.1,0,0,0
16.62,232,13.5,13.56,13.56,18,15,18,0,-8.4,-0.04,0.13,26.6,13.8,165,1,3,1620,704,1976,-5,2048,16.7,1787.9,1168,33.6,36.5,0,2.7,2067.6,0,16.83,-15.6,59.1,67.0,68.4,70.7,74.0,69.7,70.8,71.4,48.3,49.2,3,10,-4.1,0.6,45,47,45,0,0,0,6,6,4,2,3,3,3,32,28,29,10,10,12,45.04,44.91,45.03,23,230,2.1,0,0,0
16.75,120,15.59,15.66,15.66,11,11,13,0,-9.3,0.06,-0.16,208.1,18.5,159,1,3,1635,703,1992,-2,2071,16.91,1789.0,1165,30.0,34.0,0,2.7,2067.6,0,16.83,-15.6,59.1,67.0,68.3,70.6,73.9,69.7,70.8,71.3,48.3,49.2,2,10,-4.1,0.6,42,44,45,0,0,0,6,6,4,0,3,3,3,32,28,28,10,10,12,45.04,44.92,45.02,23,220,2.1,0,0,0
17.01,352,11.9,11.96,11.97,12,10,11,0,-5.4,-0.06,0.1,207.7,15.8,157,1,3,1642,703,2002,-1,2078,16.95,1795.4,1169,31.9,34.8,0,2.8,2067.6,0,16.83,-15.6,59.1,66.9,68.5,70.6,73.9,69.7,70.8,71.2,48.3,49.3,3,10,-4.1,0.6,43,45,45,0,0,0,6,6,4,0,3,3,3,32,28,28,10,10,12,45.04,44.91,45.03,23,220,2.1,0,0,0
16.82,112,15.68,15.75,15.75,10,11,10,0,-1.2,-0.04,0.12,208.4,16.9,157,1,3,1626,703,1982,1,2056,16.72,1789.0,1174,29.2,33.1,0,2.7,2067.6,0,16.83,-15.6,59.1,67.0,68.3,70.6,74.0,69.7,70.8,71.3,48.3,49.3,3,10,-4.1,0.6,41,43,45,0,0,0,6,6,4,0,3,3,3,32,28,29,10,10,12,45.04,44.91,45.03,23,230,2.1,0,0,0
17.44,328,16.48,16.54,16.55,10,11,11,0,-5.1,-0.09,0.08,207.9,17.8,158,1,3,1640,703,1998,0,2075,17.52,1781.7,1130,27.8,31.4,0,2.7,2067.6,0,16.83,-15.6,59.1,67.0,68.3,70.7,73.9,69.8,70.8,71.3,48.3,49.3,3,10,-4.1,0.6,40,42,45,0,0,0,6,6,4,0,3,3,3,32,28,29,10,10,12,45.04,44.91,45.03,23,220,2.1,0,0,0
16.91,344,11.5,11.57,11.57,19,16,19,0,-5.1,-0.07,0.1,208.2,11.9,158,1,3,1635,703,1993,3,2071,16.94,1789.4,1170,33.5,37.0,0,2.7,2067.6,0,16.83,-15.6,59.1,66.9,68.5,70.6,73.9,69.7,70.8,71.3,48.3,49.2,4,10,-4.1,0.6,45,47,45,0,0,0,6,6,4,0,3,3,3,32,28,29,10,10,12,45.04,44.91,45.03,23,230,2.1,0,0,0
16.81,312,12.85,12.91,12.91,11,12,13,0,-18.3,0.04,-0.02,208.4,13.4,167,1,3,1630,704,1989,-3,2064,16.78,1786.6,1172,32.8,35.6,0,2.8,2067.6,0,16.83,-15.6,59.1,67.0,68.3,70.6,74.0,69.8,70.8,71.3,48.3,49.2,3,10,-4.1,0.6,44,46,45,0,0,0,6,6,4,0,3,3,3,32,28,28,10,10,12,45.04,44.92,45.03,23,230,2.1,0,0,0
16.91,128,13.35,13.42,13.43,13,12,13,0,-4.2,0.05,0.14,207.7,11.5,158,1,3,1642,703,2000,-2,2067,17.0,1792.2,1163,32.6,37.0,0,2.7,2067.6,0,16.83,-15.6,59.1,67.0,68.4,70.6,73.9,69.7,70.8,71.3,48.3,49.3,3,10,-4.1,0.6,45,46,45,0,0,0,6,6,4,0,3,3,3,32,28,29,10,10,12,45.04,44.91,45.03,24,220,2.1,0,0,0
16.95,352,16.63,16.69,16.68,12,12,14,0,-0.6,-0.07,0.05,208.0,26.3,163,1,3,1634,705,1997,2,2077,16.98,1792.9,1165,32.6,35.4,0,2.8,2067.6,0,16.83,-15.6,59.2,67.0,68.4,70.7,74.0,69.8,70.9,71.4,48.3,49.3,2,10,-4.1,0.6,44,46,45,0,0,0,6,6,4,0,3,2,3,32,28,28,10,10,12,45.04,44.91,45.03,23,230,2.2,0,0,0
16.86,296,10.83,10.9,10.91,10,10,12,0,-3.1,0.05,0.09,208.3,11.2,158,1,3,1633,703,1990,-2,2067,16.87,1792.2,1170,31.2,34.7,0,2.7,2067.6,0,16.83,-15.6,59.1,66.9,68.3,70.6,73.9,69.6,70.8,71.3,48.3,49.3,3,10,-4.1,0.6,42,44,45,0,0,0,6,6,4,0,3,3,3,32,28,29,10,10,12,45.04,44.91,45.03,23,230,2.2,0,0,0
16.75,24,12.49,12.55,12.55,16,15,17,0,-10.3,-0.01,0.08,26.4,13.4,167,1,3,1621,704,1978,-3,2049,16.78,1786.7,1170,33.0,36.8,0,2.7,2067.6,0,16.83,-15.6,59.1,67.0,68.3,70.7,73.9,69.8,70.9,71.3,48.3,49.3,3,10,-4.1,0.6,44,47,45,0,0,0,6,6,4,2,3,2,3,32,28,29,10,10,12,45.03,44.91,45.03,23,230,2.1,0,0,0
16.67,224,10.27,10.33,10.33,18,16,15,0,-9.2,-0.01,0.14,207.8,13.1,170,1,3,1603,704,1957,5,2026,16.66,1777.3,1160,29.2,33.0,0,2.7,2067.6,0,16.83,-15.6,59.2,67.0,68.4,70.7,74.0,69.7,70.9,71.3,48.3,49.3,3,10,-4.1,0.6,40,43,45,0,0,0,6,6,4,0,3,3,3,32,28,29,10,10,12,45.04,44.91,45.03,24,230,2.2,0,0,0
16.68,112,15.61,15.68,15.69,16,15,16,0,-4.0,0.19,-0.12,208.8,16.7,158,1,3,1608,703,1960,0,2038,16.66,1783.5,1163,28.8,30.9,0,2.7,2067.6,0,16.83,-15.6,59.1,66.9,68.2,70.6,74.0,69.7,70.8,71.3,48.3,49.3,3,10,-4.1,0.6,39,42,45,0,0,0,6,6,4,0,3,3,3,32,28,29,10,10,12,45.04,44.91,45.03,23,230,2.1,0,0,0
16.93,112,17.05,17.11,17.11,17,14,14,0,-9.0,0.05,0.24,208.4,24.8,159,1,3,1635,703,1994,-3,2070,17.0,1782.1,1163,29.3,31.9,0,2.7,2067.6,0,16.83,-15.6,59.1,67.0,68.2,70.7,73.9,69.7,70.8,71.3,48.3,49.3,3,10,-4.1,0.6,40,43,45,0,0,0,6,6,4,0,3,3,3,32,28,29,10,10,12,45.04,44.91,45.03,23,220,2.1,0,0,0
16.82,64,12.18,12.25,12.26,18,15,17,0,2.1,-0.11,0.1,208.7,11.3,155,1,3,1635,703,1992,1,2069,16.9,1788.4,1169,31.5,34.4,0,2.8,2067.6,0,16.83,-15.7,59.1,66.9,68.4,70.6,73.9,69.6,70.8,71.3,48.3,49.3,4,10,-4.1,0.6,42,45,45,0,0,0,6,6,4,0,3,3,3,32,28,29,10,10,12,45.04,44.91,45.03,23,230,2.1,0,0,0
17.14,160,13.79,13.86,13.87,17,14,17,0,1.4,-0.09,0.15,208.4,16.7,158,1,3,1639,703,1997,0,2078,17.24,1781.8,1150,33.6,36.6,0,2.8,2067.6,0,16.83,-15.6,59.0,66.8,68.4,70.6,73.8,69.6,70.7,71.3,48.3,49.3,3,10,-4.1,0.6,44,47,45,0,0,0,6,6,4,0,3,3,3,32,28,29,10,10,12,45.04,44.91,45.02,23,230,2.1,0,0,0
16.93,200,13.03,13.1,13.11,19,17,17,0,-3.8,0.2,0.05,207.8,14.6,158,1,3,1635,703,1993,2,2069,16.91,1792.2,1168,32.4,37.0,0,2.7,2067.6,0,16.83,-15.6,59.1,67.0,68.4,70.6,73.9,69.7,70.8,71.3,48.3,49.2,3,10,-4.1,0.6,45,46,45,0,0,0,6,6,4,0,3,3,3,32,28,29,10,10,12,45.04,44.91,45.03,24,220,2.1,0,0,0
16.7,104,13.33,13.4,13.39,12,13,12,0,-16.5,0.01,0.14,208.6,18.5,165,1,3,1628,703,1984,-2,2057,16.64,1786.7,1178,32.4,35.2,0,2.8,2067.6,0,16.83,-15.6,59.1,67.0,68.3,70.7,73.9,69.7,70.8,71.3,48.3,49.3,2,10,-4.1,0.6,43,46,45,0,0,0,6,6,4,0,3,3,3,32,28,28,10,10,12,45.04,44.91,45.03,23,230,2.1,0,0,0
16.92,128,14.39,14.45,14.46,19,15,15,0,-5.4,0.15,0.06,207.9,17.5,158,1,3,1634,703,1991,0,2072,16.9,1791.4,1169,31.5,35.0,0,2.7,2067.6,0,16.83,-15.6,59.1,66.9,68.4,70.6,73.9,69.7,70.8,71.3,48.3,49.3,3,10,-4.1,0.6,43,45,45,0,0,0,6,6,4,0,3,3,3,32,28,29,10,10,12,45.04,44.91,45.03,23,230,2.1,0,0,0
17.37,216,16.32,16.38,16.37,10,10,11,0,5.0,-0.04,0.2,208.5,19.5,162,1,3,1646,705,2012,1,2089,17.42,1789.7,1145,32.2,35.2,0,2.8,2067.6,0,16.83,-15.6,59.2,67.0,68.5,70.7,73.9,69.9,70.9,71.4,48.3,49.3,4,10,-4.1,0.6,43,46,45,0,0,0,6,6,4,0,3,2,3,32,28,29,10,10,12,45.04,44.91,45.02,23,220,2.1,0,0,0
16.85,232,12.35,12.41,12.41,14,15,14,0,-8.7,0.05,0.36,26.2,13.7,172,1,3,1627,704,1986,-1,2058,16.8,1791.4,1171,32.0,36.6,0,2.8,2067.6,0,16.83,-15.6,59.1,67.0,68.3,70.7,74.0,69.8,70.9,71.3,48.3,49.2,3,10,-4.1,0.6,44,46,45,0,0,0,6,6,4,2,3,2,3,32,28,28,10,10,12,45.04,44.91,45.03,23,230,2.1,0,0,0
16.54,248,12.23,12.29,12.29,14,13,12,0,-16.4,-0.04,0.15,208.3,14.7,163,1,3,1613,703,1968,0,2043,16.4,1775.0,1192,31.0,33.9,0,2.7,2067.6,0,16.83,-15.6,59.1,67.0,68.2,70.7,74.0,69.7,70.8,71.3,48.3,49.2,3,10,-4.1,0.6,41,44,45,0,0,0,6,6,4,0,3,3,3,32,28,29,10,10,12,45.04,44.91,45.03,24,230,2.2,0,0,0
16.47,112,16.09,16.16,16.16,12,14,12,0,-7.5,0.0,0.01,207.9,17.7,159,1,3,1550,703,1888,-2,1960,16.42,1700.0,1147,29.4,32.3,0,2.7,2067.6,0,16.83,-15.6,59.1,67.0,68.2,70.7,74.0,69.7,70.8,71.3,48.3,49.3,2,10,-4.1,0.6,40,43,45,0,0,0,6,6,4,0,3,3,3,32,28,28,10,10,12,45.03,44.91,45.03,23,230,2.1,0,0,0
16.89,64,12.7,12.77,12.78,10,10,10,0,-3.0,-0.01,0.01,207.9,17.2,158,1,3,1631,703,1987,-6,2058,16.84,1791.5,1172,31.2,33.9,0,2.8,2067.6,0,16.83,-15.6,59.1,66.9,68.4,70.6,73.9,69.7,70.7,71.3,48.3,49.3,3,10,-4.1,0.6,42,45,45,0,0,0,6,6,4,0,3,3,3,32,28,28,10,10,12,45.04,44.91,45.02,23,230,2.1,0,0,0
17.05,136,11.83,11.9,11.91,17,14,13,0,1.0,0.26,0.03,207.7,13.8,156,1,3,1644,703,2004,-3,2077,16.94,1794.3,1171,31.6,34.3,0,2.8,2067.6,0,16.83,-15.6,59.1,66.9,68.4,70.6,73.9,69.7,70.8,71.3,48.3,49.3,2,10,-4.1,0.6,43,45,45,0,0,0,6,6,4,0,3,3,3,32,28,29,10,10,12,45.04,44.91,45.03,23,230,2.1,0,0,0
16.96,136,12.76,12.83,12.84,12,15,11,0,-6.4,0.13,0.07,208.0,16.5,158,1,3,1634,703,1991,-2,2063,16.84,1794.1,1171,32.1,35.1,0,2.8,2067.6,0,16.83,-15.6,59.1,66.9,68.6,70.6,73.9,69.7,70.8,71.3,48.3,49.3,3,10,-4.1,0.6,43,45,45,0,0,0,6,6,4,0,3,3,3,32,28,28,10,10,12,45.04,44.91,45.02,24,230,2.1,0,0,0
17.14,288,13.78,13.85,13.86,13,10,12,0,-10.2,0.07,0.06,207.6,14.5,160,1,3,1649,703,2009,0,2081,17.06,1796.6,1165,30.4,33.3,0,2.7,2067.6,0,16.83,-15.6,59.1,66.9,68.3,70.6,73.9,69.7,70.7,71.2,48.3,49.3,3,10,-4.0,0.6,42,44,45,0,0,0,6,6,4,0,3,3,3,32,28,28,10,10,12,45.04,44.91,45.02,23,230,2.1,0,0,0
17.2,232,13.39,13.46,13.47,15,14,17,0,1.2,-0.09,0.12,207.9,13.3,158,1,3,1650,703,2011,-1,2086,17.19,1793.5,1160,33.5,36.7,0,2.7,2067.6,0,16.83,-15.6,59.0,66.8,68.4,70.6,73.8,69.6,70.7,71.2,48.3,49.3,3,10,-4.1,0.6,44,47,45,0,0,0,6,6,4,0,3,3,3,32,28,29,10,10,12,45.04,44.91,45.03,23,230,2.1,0,0,0
16.92,72,14.65,14.71,14.71,16,14,15,0,-4.4,0.17,-0.01,208.4,16.0,166,1,3,1630,704,1991,-3,2068,16.86,1792.6,1172,31.0,33.8,0,2.8,2067.6,0,16.83,-15.6,59.1,67.1,68.4,70.7,74.0,69.8,70.9,71.4,48.3,49.3,4,10,-4.1,0.6,42,44,45,0,0,0,6,6,4,0,3,3,3,32,28,29,10,10,12,45.04,44.91,45.02,23,230,2.1,0,0,0
16.82,288,13.47,13.54,13.55,17,17,19,0,-7.5,0.13,0.06,207.7,15.5,159,1,3,1634,703,1992,4,2068,16.91,1789.5,1166,30.1,33.1,0,2.7,2067.6,0,16.83,-15.6,59.1,66.9,68.3,70.6,73.9,69.7,70.8,71.2,48.3,49.3,3,10,-4.0,0.6,41,44,45,0,0,0,6,6,4,0,3,3,3,32,28,29,10,10,12,45.04,44.91,45.03,23,220,2.2,0,0,0
16.75,152,9.51,9.57,9.56,10,14,13,0,2.5,0.08,-0.07,208.3,10.1,166,1,3,1627,705,1989,2,2060,16.83,1787.0,1170,28.5,32.2,0,2.7,2067.6,0,16.83,-15.6,59.2,67.0,68.4,70.7,74.0,69.8,70.9,71.4,48.3,49.3,3,10,-4.1,0.6,40,43,45,0,0,0,6,6,4,0,3,3,3,32,28,29,10,10,12,45.04,44.91,45.02,24,230,2.2,0,0,0
16.64,168,12.01,12.08,12.1,14,12,16,0,-8.0,0.1,0.13,208.6,13.1,161,1,3,1628,703,1984,1,2055,16.72,1782.3,1176,31.8,34.7,0,2.8,2067.6,0,16.83,-15.6,59.0,66.9,68.5,70.6,73.8,69.6,70.7,71.2,48.3,49.3,3,10,-4.1,0.6,42,45,45,0,0,0,6,6,4,0,3,3,3,32,28,28,10,10,12,45.04,44.92,45.03,23,220,2.1,0,0,0
16.82,80,8.92,8.99,9.0,18,13,19,0,-5.7,0.02,0.01,208.4,12.3,158,1,3,1632,702,1988,-4,2061,16.83,1788.7,1171,30.5,33.9,0,2.7,2067.6,0,16.83,-15.6,59.1,66.9,68.3,70.6,73.8,69.7,70.8,71.2,48.3,49.2,3,10,-4.1,0.6,42,44,45,0,0,0,6,6,4,0,3,3,3,32,28,29,10,10,12,45.04,44.91,45.03,24,230,2.2,0,0,0
16.65,184,15.42,15.48,15.49,12,15,13,0,-4.4,-0.04,-0.06,208.4,15.7,158,1,3,1616,703,1970,-2,2046,16.61,1777.3,1176,28.7,31.0,0,2.8,2067.6,0,16.83,-15.7,59.1,66.9,68.2,70.7,74.0,69.7,70.8,71.3,48.3,49.3,3,10,-4.1,0.6,39,42,45,0,0,0,6,6,4,0,3,3,3,32,28,29,10,10,12,45.04,44.91,45.03,24,230,2.1,0,0,0
16.88,128,11.55,11.62,11.63,10,11,10,0,-6.5,0.01,-0.03,208.4,16.5,158,1,3,1628,703,1985,1,2064,16.85,1788.8,1171,33.0,35.9,0,2.8,2067.6,0,16.83,-15.6,59.1,66.9,68.6,70.6,73.9,69.7,70.8,71.3,48.3,49.3,3,10,-4.1,0.6,44,46,45,0,0,0,6,6,4,0,3,3,3,32,28,29,10,10,12,45.04,44.91,45.03,23,230,2.2,0,0,0
16.83,64,12.98,13.05,13.06,18,17,15,0,-6.1,0.26,0.06,208.1,16.5,158,1,3,1634,703,1991,-5,2061,16.87,1789.8,1167,32.3,35.1,0,2.7,2067.6,0,16.83,-15.6,59.1,66.9,68.5,70.6,73.9,69.7,70.8,71.3,48.3,49.3,3,10,-4.1,0.6,43,45,45,0,0,0,6,6,4,0,3,3,3,32,28,29,10,10,12,45.04,44.91,45.02,23,230,2.1,0,0,0
16.82,312,13.14,13.2,13.2,13,13,12,0,-19.5,0.18,0.06,208.7,13.8,167,1,3,1633,703,1992,-1,2067,16.8,1794.3,1175,32.6,35.5,0,2.8,2067.6,0,16.83,-15.6,59.1,67.0,68.3,70.7,74.0,69.8,70.9,71.4,48.3,49.3,3,10,-4.1,0.6,43,46,45,0,0,0,6,6,4,0,3,3,3,32,28,29,10,10,12,45.03,44.91,45.02,23,230,2.2,0,0,0
16.89,296,9.41,9.48,9.5,14,15,18,0,0.1,0.07,0.01,208.3,9.5,157,1,3,1636,703,1993,-3,2069,16.99,1789.8,1163,30.2,34.0,0,2.7,2067.6,0,16.83,-15.6,59.1,66.9,68.3,70.6,73.8,69.7,70.7,71.2,48.3,49.2,3,10,-4.1,0.6,42,44,45,0,0,0,6,6,4,0,3,3,3,32,28,28,10,10,12,45.04,44.91,45.03,23,230,2.1,0,0,0
16.72,16,12.81,12.88,12.9,13,15,13,0,-9.7,-0.07,-0.05,207.9,15.7,160,1,3,1627,702,1982,1,2056,16.78,1786.9,1170,32.1,36.8,0,2.8,2067.6,0,16.83,-15.6,59.1,66.9,68.3,70.5,73.9,69.6,70.8,71.3,48.3,49.3,3,10,-4.1,0.6,44,46,45,0,0,0,6,6,4,0,3,3,3,32,28,29,10,10,12,45.04,44.92,45.02,23,230,2.1,0,0,0
16.95,8,15.6,15.66,15.65,13,12,11,0,-5.2,0.15,0.11,207.6,15.5,165,1,3,1633,704,1995,2,2080,16.91,1793.7,1172,30.4,33.3,0,2.8,2067.6,0,16.83,-15.7,59.1,67.0,68.4,70.7,74.0,69.8,70.9,71.3,48.3,49.3,3,10,-4.1,0.6,42,44,45,0,0,0,6,6,4,0,3,3,3,32,28,29,10,10,12,45.04,44.91,45.03,23,220,2.1,0,0,0
16.93,96,12.68,12.76,12.77,19,14,13,0,-12.2,0.1,0.1,208.8,14.3,162,1,3,1631,703,1988,7,2061,16.83,1791.5,1172,31.5,34.5,0,2.8,2067.6,0,16.83,-15.6,59.0,66.9,68.5,70.6,73.8,69.6,70.7,71.2,48.3,49.3,3,10,-4.1,0.6,42,45,45,0,0,0,6,6,4,0,3,3,3,32,28,29,10,10,12,45.04,44.91,45.03,23,230,2.2,0,0,0
16.87,80,11.05,11.11,11.09,10,10,10,0,8.9,-0.14,0.15,207.5,9.5,159,1,3,1629,705,1991,-2,2069,16.79,1772.4,1180,29.4,31.6,0,2.7,2067.6,0,16.83,-15.6,59.2,67.0,68.4,70.7,74.0,69.8,70.9,71.3,48.3,49.3,3,10,-4.1,0.6,40,42,45,0,0,0,6,6,4,0,3,3,3,32,28,28,10,10,12,45.04,44.91,45.02,24,230,2.2,0,0,0
16.46,184,14.09,14.15,14.15,11,12,12,0,-12.3,-0.14,0.08,207.7,16.1,161,1,3,1601,703,1953,1,2024,16.39,1773.4,1182,30.7,33.5,0,2.8,2067.6,0,16.83,-15.6,59.1,67.0,68.3,70.7,73.9,69.7,70.8,71.3,48.3,49.3,3,10,-4.1,0.6,42,44,45,0,0,0,6,6,4,0,3,3,3,32,28,28,10,10,12,45.04,44.91,45.03,23,230,2.1,0,0,0
16.7,232,10.58,10.65,10.66,15,15,13,0,-13.0,0.03,0.05,208.7,10.8,162,1,3,1629,703,1984,2,2057,16.65,1790.5,1182,32.5,35.3,0,2.8,2067.6,0,16.83,-15.6,59.0,66.8,68.4,70.5,73.9,69.6,70.7,71.2,48.3,49.3,2,10,-4.1,0.6,43,46,45,0,0,0,6,6,4,0,3,3,3,32,28,29,10,10,12,45.04,44.91,45.03,24,230,2.2,0,0,0
16.85,248,13.38,13.45,13.45,11,10,12,0,-15.5,-0.03,0.11,207.6,13.4,164,1,3,1634,704,1994,2,2069,16.93,1791.2,1166,31.1,34.2,0,2.7,2067.6,0,16.83,-15.6,59.1,66.9,68.2,70.6,74.0,69.7,70.8,71.3,48.3,49.3,2,10,-4.1,0.6,41,44,45,0,0,0,6,6,4,0,3,3,3,32,28,28,10,10,12,45.04,44.91,45.03,23,230,2.1,0,0,0
17.08,152,8.84,8.9,8.9,13,13,17,0,12.3,0.05,0.08,207.7,11.4,160,1,3,1643,705,2008,-3,2084,17.08,1791.6,1169,28.6,31.3,0,2.7,2067.6,0,16.83,-15.6,59.2,67.0,68.3,70.7,74.0,69.8,70.9,71.3,48.3,49.3,3,10,-4.1,0.6,40,42,45,0,0,0,6,6,4,0,3,2,3,32,28,28,10,10,12,45.04,44.92,45.03,24,230,2.2,0,0,0
16.96,16,9.94,10.01,10.02,17,15,13,0,-11.7,0.13,0.13,207.8,11.1,162,1,3,1639,702,1995,4,2072,16.9,1793.2,1174,32.9,35.7,0,2.8,2067.6,0,16.83,-15.6,59.0,66.8,68.4,70.5,73.8,69.6,70.7,71.2,48.3,49.3,3,10,-4.1,0.6,43,46,45,0,0,0,6,6,4,0,3,3,3,32,28,29,10,10,12,45.04,44.91,45.02,24,230,2.2,0,0,0
16.8,48,15.2,15.26,15.27,11,12,12,0,-6.8,0.17,0.11,207.9,15.0,158,1,3,1635,702,1991,-3,2068,16.93,1791.9,1166,30.9,34.4,0,2.7,2067.6,0,16.83,-15.6,59.1,67.0,68.4,70.6,73.9,69.7,70.8,71.3,48.3,49.3,3,10,-4.1,0.6,42,45,45,0,0,0,6,6,4,0,3,3,3,32,28,29,10,10,12,45.04,44.91,45.03,23,220,2.1,0,0,0
17.04,296,9.38,9.43,9.43,10,11,11,0,5.6,0.03,0.09,209.0,10.8,164,1,3,1634,705,1997,-2,2077,17.03,1792.1,1164,28.1,31.7,0,2.7,2067.6,0,16.83,-15.6,59.2,67.0,68.3,70.6,74.0,69.8,70.9,71.4,48.3,49.2,4,10,-4.1,0.6,40,42,45,0,0,0,6,6,4,0,3,2,3,32,28,28,10,10,12,45.04,44.92,45.03,24,230,2.2,0,0,0
17.24,320,15.61,15.67,15.68,10,10,10,0,-9.4,-0.02,0.08,207.7,19.4,160,1,3,1649,703,2012,0,2093,17.19,1800.7,1161,30.2,33.1,0,2.8,2067.6,0,16.83,-15.6,59.1,66.9,68.2,70.6,74.0,69.7,70.8,71.3,48.3,49.3,3,10,-4.1,0.6,41,44,45,0,0,0,6,6,4,0,3,3,3,32,28,28,10,10,12,45.04,44.91,45.03,23,220,2.1,0,0,0
17.74,144,16.09,16.15,16.14,11,10,10,0,3.6,-0.01,-0.02,208.2,19.1,160,1,3,1654,705,2021,2,2098,17.63,1794.3,1132,29.9,32.9,0,2.8,2067.6,0,16.83,-15.6,59.2,67.0,68.4,70.7,74.0,69.8,70.8,71.4,48.3,49.3,4,10,-4.1,0.6,41,44,45,0,0,0,6,6,4,0,3,3,3,32,28,28,10,10,12,45.04,44.91,45.02,23,220,2.1,0,0,0
17.44,216,16.88,16.94,16.93,11,11,13,0,3.3,-0.13,0.17,207.7,22.5,160,1,3,1632,704,1993,1,2070,17.54,1771.7,1123,29.9,33.0,0,2.8,2067.6,0,16.83,-15.6,59.2,67.0,68.4,70.7,74.0,69.8,70.8,71.4,48.3,49.3,2,10,-4.1,0.6,41,44,45,0,0,0,6,6,4,0,3,3,3,32,28,29,10,10,12,45.04,44.91,45.03,23,220,2.1,0,0,0
16.66,160,13.89,13.95,13.95,12,12,12,0,-9.7,-0.07,-0.14,26.4,11.6,165,1,3,1628,704,1986,-5,2057,16.84,1790.7,1167,33.6,36.5,0,2.7,2067.6,0,16.83,-15.6,59.1,67.0,68.4,70.7,74.0,69.7,70.8,71.4,48.3,49.2,2,10,-4.1,0.6,44,46,45,0,0,0,6,6,4,2,3,3,3,32,28,29,10,10,12,45.04,44.92,45.03,23,230,2.1,0,0,0
17.02,0,11.03,11.1,11.11,15,14,13,0,-3.1,0.07,0.16,208.5,14.0,156,1,3,1646,703,2006,0,2082,17.03,1794.8,1168,28.8,32.7,0,2.7,2067.6,0,16.83,-15.6,59.1,66.9,68.3,70.6,73.8,69.7,70.7,71.3,48.3,49.2,3,10,-4.1,0.6,41,43,45,0,0,0,6,6,4,0,3,3,3,32,28,29,10,10,12,45.04,44.91,45.03,23,230,2.1,0,0,0
16.62,312,11.96,12.02,12.02,19,13,14,0,-18.7,0.03,0.09,208.1,15.8,167,1,3,1618,704,1974,2,2047,16.74,1785.2,1168,33.0,35.9,0,2.8,2067.6,0,16.83,-15.6,59.1,67.0,68.3,70.7,73.9,69.7,70.8,71.3,48.3,49.3,3,10,-4.1,0.6,44,46,45,0,0,0,6,6,4,0,3,3,3,32,28,28,10,10,12,45.04,44.91,45.03,23,230,2.1,0,0,0
16.84,64,12.34,12.41,12.43,15,18,18,0,-6.9,-0.01,0.07,208.0,14.6,158,1,3,1637,703,1995,-3,2073,16.97,1789.6,1164,32.0,34.9,0,2.8,2067.6,0,16.83,-15.6,59.1,66.9,68.5,70.6,73.9,69.7,70.8,71.3,48.3,49.3,3,10,-4.1,0.6,43,45,45,0,0,0,6,6,4,0,3,3,3,32,28,28,10,10,12,45.04,44.91,45.02,23,230,2.1,0,0,0
17.09,104,13.14,13.21,13.21,11,12,10,0,-10.8,0.01,0.11,208.5,16.8,162,1,3,1648,704,2011,3,2089,17.03,1796.2,1167,31.2,34.3,0,2.8,2067.6,0,16.83,-15.6,59.1,67.0,68.2,70.6,74.0,69.7,70.8,71.3,48.3,49.3,3,10,-4.1,0.6,42,45,45,0,0,0,6,6,4,0,3,3,3,32,28,28,10,10,12,45.04,44.92,45.02,23,230,2.1,0,0,0
16.82,152,9.87,9.94,9.95,16,17,17,0,-4.1,0.03,0.15,209.0,12.2,158,1,3,1629,702,1985,4,2058,16.84,1788.1,1168,30.7,34.2,0,2.8,2067.6,0,16.83,-15.6,59.1,66.9,68.3,70.6,73.8,69.7,70.8,71.2,48.3,49.3,3,10,-4.1,0.6,42,44,45,0,0,0,6,6,4,0,3,3,3,32,28,28,10,10,12,45.04,44.92,45.03,24,230,2.2,0,0,0
17.01,120,14.75,14.82,14.82,11,13,13,0,0.0,-0.02,0.08,208.1,16.4,156,1,3,1647,703,2007,5,2080,17.18,1794.9,1154,31.6,35.8,0,2.8,2067.6,0,16.83,-15.6,59.1,66.9,68.4,70.6,74.0,69.7,70.8,71.3,48.3,49.3,3,10,-4.1,0.6,43,45,45,0,0,0,6,6,4,0,3,3,3,32,28,29,10,10,12,45.04,44.91,45.02,23,220,2.1,0,0,0
17.29,240,14.59,14.65,14.65,10,11,10,0,-15.9,0.21,0.22,26.6,17.2,167,1,3,1639,704,2000,-2,2069,17.3,1785.4,1141,33.5,36.2,0,2.8,2067.6,0,16.83,-15.6,59.1,67.0,68.3,70.7,73.9,69.7,70.8,71.3,48.3,49.2,3,10,-4.1,0.6,44,46,45,0,0,0,6,6,4,2,3,3,3,32,28,28,10,10,12,45.03,44.92,45.03,23,220,2.1,0,0,0
16.84,0,10.09,10.16,10.17,13,13,15,0,-2.8,-0.02,-0.02,208.8,11.6,158,1,3,1636,703,1994,-2,2067,16.91,1790.5,1168,29.8,32.5,0,2.7,2067.6,0,16.83,-15.6,59.1,66.9,68.3,70.6,73.9,69.6,70.7,71.2,48.3,49.3,2,10,-4.0,0.6,41,44,45,0,0,0,6,6,4,0,3,2,3,32,28,29,10,10,12,45.04,44.91,45.03,23,230,2.1,0,0,0
17.02,8,9.96,10.03,10.03,10,11,10,0,7.6,0.05,0.03,207.8,12.2,154,1,3,1640,702,1997,-3,2076,16.91,1794.6,1170,29.6,33.5,0,2.7,2067.6,0,16.83,-15.6,59.1,66.9,68.3,70.6,73.8,69.7,70.7,71.2,48.3,49.2,3,10,-4.1,0.6,41,43,45,0,0,0,6,6,4,0,3,3,3,32,28,29,10,10,12,45.04,44.91,45.03,24,230,2.1,0,0,0
16.82,296,15.73,15.79,15.78,16,17,18,0,-5.8,0.05,0.06,207.9,13.9,165,1,3,1626,704,1986,-2,2063,16.89,1785.8,1170,30.3,33.4,0,2.8,2067.6,0,16.83,-15.6,59.1,67.0,68.4,70.7,74.0,69.8,70.9,71.3,48.3,49.3,3,10,-4.1,0.6,41,44,45,0,0,0,6,6,4,0,3,3,3,32,28,29,10,10,12,45.04,44.91,45.03,23,230,2.1,0,0,0
16.72,96,11.66,11.73,11.75,19,16,19,0,0.1,-0.12,0.08,208.4,11.4,158,1,3,1620,703,1974,-3,2049,16.76,1784.7,1165,32.0,34.7,0,2.8,2067.6,0,16.83,-15.6,59.0,66.8,68.5,70.5,73.8,69.6,70.7,71.2,48.3,49.3,3,10,-4.1,0.6,42,45,45,0,0,0,6,6,4,0,3,3,3,32,28,28,10,10,12,45.04,44.91,45.03,23,230,2.2,0,0,0
16.52,240,12.74,12.81,12.82,16,16,17,0,-9.1,0.09,0.15,208.4,15.6,161,1,3,1616,703,1968,1,2042,16.63,1784.5,1170,31.5,34.5,0,2.7,2067.6,0,16.83,-15.6,59.0,66.9,68.5,70.6,73.8,69.6,70.7,71.2,48.3,49.3,3,10,-4.1,0.6,42,45,45,0,0,0,6,6,4,0,3,3,3,32,28,29,10,10,12,45.03,44.91,45.03,23,230,2.1,0,0,0
16.82,16,11.35,11.41,11.4,19,15,18,0,6.8,0.11,0.05,208.1,13.1,166,1,3,1627,705,1987,1,2060,16.85,1789.3,1169,29.8,33.5,0,2.7,2067.6,0,16.83,-15.6,59.2,67.0,68.3,70.7,74.0,69.8,70.9,71.3,48.3,49.3,3,10,-4.1,0.6,42,44,45,0,0,0,6,6,4,0,3,3,3,32,28,28,10,10,12,45.04,44.91,45.02,24,230,2.1,0,0,0
17.0,176,13.01,13.08,13.08,14,15,13,0,-16.0,0.21,0.01,207.5,14.0,163,1,3,1633,704,1993,3,2069,16.88,1792.8,1173,31.2,34.1,0,2.7,2067.6,0,16.83,-15.6,59.1,67.0,68.2,70.6,74.0,69.7,70.8,71.3,48.3,49.3,3,10,-4.1,0.6,41,44,45,0,0,0,6,6,4,0,3,3,3,32,28,28,10,10,12,45.04,44.91,45.03,23,230,2.1,0,0,0
16.85,272,11.77,11.84,11.84,15,14,12,0,-4.3,0.07,0.01,208.1,11.1,158,1,3,1629,703,1985,1,2064,16.76,1782.7,1178,33.8,36.9,0,2.8,2067.6,0,16.83,-15.6,59.1,66.9,68.5,70.6,73.9,69.7,70.8,71.3,48.3,49.3,3,10,-4.1,0.6,45,47,45,0,0,0,6,6,4,0,3,3,3,32,28,28,10,10,12,45.04,44.91,45.03,24,230,2.1,0,0,0
17.23,48,13.8,13.85,13.86,10,10,10,0,-0.2,0.02,-0.02,208.0,15.0,156,1,3,1654,703,2015,2,2091,17.11,1799.4,1166,31.7,36.0,0,2.7,2067.6,0,16.83,-15.6,59.1,66.9,68.4,70.6,74.0,69.7,70.8,71.3,48.3,49.3,3,10,-4.1,0.6,43,45,45,0,0,0,6,6,4,0,3,3,3,32,28,29,10,10,12,45.04,44.91,45.02,24,230,2.1,0,0,0
17.03,88,10.52,10.59,10.59,11,10,10,0,-9.9,0.01,0.15,207.7,13.7,161,1,3,1640,703,1998,-2,2081,17.03,1795.3,1166,32.9,35.8,0,2.8,2067.6,0,16.83,-15.6,59.0,66.8,68.4,70.5,73.8,69.6,70.7,71.2,48.3,49.3,3,10,-4.1,0.6,43,46,45,0,0,0,6,6,4,0,3,3,3,32,28,29,10,10,12,45.04,44.91,45.02,23,230,2.1,0,0,0
17.04,208,16.92,16.98,16.97,17,16,15,0,0.1,0.27,0.27,207.7,15.2,163,1,3,1632,705,1995,3,2069,17.02,1782.8,1160,32.6,35.4,0,2.8,2067.6,0,16.83,-15.6,59.1,67.0,68.4,70.7,74.0,69.8,70.9,71.4,48.3,49.3,3,10,-4.1,0.6,43,46,45,0,0,0,6,6,4,0,3,2,3,32,28,29,10,10,12,45.04,44.92,45.03,23,220,2.1,0,0,0
16.62,320,14.86,14.92,14.93,15,13,18,0,-4.5,0.01,0.17,207.7,16.8,158,1,3,1620,704,1976,-3,2046,16.7,1780.1,1167,30.0,32.9,0,2.8,2067.6,0,16.83,-15.6,59.1,67.0,68.1,70.6,74.0,69.7,70.8,71.2,48.3,49.3,3,10,-4.1,0.6,41,43,45,0,0,0,6,6,4,0,3,3,3,32,28,28,10,10,12,45.04,44.91,45.02,23,230,2.1,0,0,0
17.04,168,11.61,11.68,11.7,14,13,12,0,-0.5,0.08,0.1,208.6,10.3,158,1,3,1632,703,1990,7,2072,16.87,1786.9,1174,32.0,35.0,0,2.8,2067.6,0,16.83,-15.6,59.0,66.8,68.5,70.5,73.8,69.6,70.7,71.2,48.3,49.3,3,10,-4.1,0.6,42,45,45,0,0,0,6,6,4,0,3,3,3,32,28,29,10,10,12,45.04,44.91,45.03,23,230,2.1,0,0,0
16.84,88,10.99,11.05,11.05,16,14,13,0,6.4,0.12,0.01,208.1,11.6,166,1,3,1626,704,1986,-1,2065,16.79,1789.6,1173,29.6,33.5,0,2.7,2067.6,0,16.83,-15.6,59.2,67.0,68.3,70.7,74.0,69.8,70.8,71.3,48.3,49.3,2,10,-4.1,0.6,42,44,45,0,0,0,6,6,4,0,3,3,3,32,28,28,10,10,12,45.04,44.91,45.03,24,230,2.1,0,0,0
17.26,288,16.56,16.62,16.61,17,15,16,0,0.6,0.06,0.22,207.6,17.8,161,1,3,1631,704,1991,2,2064,17.33,1768.7,1140,30.0,32.9,0,2.8,2067.6,0,16.83,-15.6,59.2,67.0,68.4,70.7,74.0,69.8,70.8,71.3,48.3,49.3,4,10,-4.1,0.6,41,44,45,0,0,0,6,6,4,0,3,3,3,32,28,28,10,10,12,45.04,44.91,45.03,23,220,2.1,0,0,0
17.08,72,12.99,13.06,13.07,12,11,13,0,-0.6,0.2,-0.04,208.7,13.7,157,1,3,1643,702,2002,0,2077,17.12,1792.3,1155,29.9,32.9,0,2.7,2067.6,0,16.83,-15.6,59.1,66.9,68.3,70.6,73.9,69.7,70.8,71.2,48.3,49.3,3,10,-4.0,0.6,41,44,45,0,0,0,6,6,4,0,3,3,3,32,28,29,10,10,12,45.04,44.91,45.02,23,220,2.1,0,0,0
17.02,184,15.71,15.78,15.78,15,16,18,0,-8.1,-0.14,0.03,207.4,21.5,159,1,3,1642,703,2003,1,2085,17.12,1788.7,1161,28.0,31.3,0,2.7,2067.6,0,16.83,-15.6,59.1,67.0,68.2,70.7,74.0,69.8,70.8,71.3,48.3,49.3,3,10,-4.1,0.6,40,42,45,0,0,0,6,6,4,0,3,3,3,32,28,29,10,10,12,45.04,44.91,45.03,23,220,2.1,0,0,0
17.04,216,11.68,11.75,11.76,10,13,11,0,-3.0,0.02,-0.07,208.0,11.0,156,1,3,1640,703,1998,-5,2073,17.07,1792.9,1159,29.0,32.9,0,2.7,2067.6,0,16.83,-15.6,59.1,66.9,68.3,70.6,73.8,69.7,70.7,71.3,48.3,49.2,3,10,-4.1,0.6,41,43,45,0,0,0,6,6,4,0,3,3,3,32,28,29,10,10,12,45.04,44.91,45.03,23,230,2.1,0,0,0
16.98,184,16.44,16.5,16.51,18,14,14,0,-6.7,-0.04,0.39,207.6,20.3,158,1,3,1632,703,1990,-1,2064,16.98,1786.0,1163,28.3,30.9,0,2.7,2067.6,0,16.83,-15.7,59.1,67.0,68.2,70.7,74.0,69.8,70.8,71.3,48.3,49.2,4,10,-4.1,0.6,39,42,45,0,0,0,6,6,4,0,3,3,3,32,28,29,10,10,12,45.04,44.91,45.03,23,230,2.1,0,0,0
16.31,304,10.5,10.56,10.55,20,17,17,0,-4.6,0.15,0.25,209.1,15.1,172,1,3,1572,704,1919,1,1986,16.31,1744.9,1164,31.1,35.0,0,2.8,2067.6,0,16.83,-15.6,59.2,67.0,68.4,70.7,73.9,69.8,70.9,71.3,48.3,49.3,3,10,-4.1,0.6,43,45,45,0,0,0,6,6,4,0,3,3,3,32,28,29,10,10,12,45.04,44.92,45.03,24,230,2.2,0,0,0
17.04,168,12.09,12.15,12.14,10,10,12,0,-5.7,-0.02,0.24,26.3,14.1,166,1,3,1638,704,1999,-5,2074,16.9,1793.4,1170,32.7,36.9,0,2.7,2067.6,0,16.83,-15.6,59.1,67.0,68.3,70.7,74.0,69.8,70.9,71.3,48.3,49.2,3,10,-4.1,0.6,44,47,45,0,0,0,6,6,4,2,3,2,3,32,28,29,10,10,12,45.03,44.91,45.03,24,230,2.1,0,0,0
16.59,64,11.95,12.02,12.03,12,14,12,0,-8.2,-0.07,0.1,208.4,13.5,159,1,3,1608,703,1959,2,2030,16.52,1764.0,1179,32.5,35.2,0,2.8,2067.6,0,16.83,-15.6,59.1,66.9,68.6,70.6,73.9,69.7,70.8,71.3,48.3,49.3,3,10,-4.1,0.6,43,46,45,0,0,0,6,6,4,0,3,3,3,32,28,28,10,10,12,45.03,44.91,45.03,24,230,2.1,0,0,0
17.16,280,12.61,12.68,12.69,15,12,12,0,-1.8,0.02,0.21,208.7,13.4,158,1,3,1647,702,2006,-3,2076,17.24,1785.8,1152,29.8,32.9,0,2.7,2067.6,0,16.83,-15.6,59.1,66.9,68.4,70.6,73.9,69.7,70.7,71.2,48.3,49.3,3,10,-4.0,0.6,41,44,45,0,0,0,6,6,4,0,3,2,3,32,28,29,10,10,12,45.04,44.92,45.03,23,230,2.1,0,0,0
17.23,80,14.06,14.12,14.11,11,11,13,0,7.7,-0.04,-0.02,207.6,16.7,159,1,3,1632,705,1994,-5,2062,17.26,1783.6,1141,29.7,32.2,0,2.7,2067.6,0,16.83,-15.6,59.2,67.0,68.4,70.7,74.0,69.8,70.8,71.4,48.3,49.2,3,10,-4.1,0.6,41,43,45,0,0,0,6,6,4,0,3,3,3,32,28,29,10,10,12,45.04,44.91,45.03,23,220,2.1,0,0,0
16.79,24,12.89,12.96,12.98,15,13,18,0,-11.5,-0.03,0.06,207.9,15.7,162,1,3,1633,703,1989,6,2062,16.84,1790.2,1169,31.4,34.3,0,2.8,2067.6,0,16.83,-15.6,59.0,66.9,68.5,70.6,73.8,69.6,70.7,71.2,48.3,49.3,3,10,-4.1,0.6,42,45,45,0,0,0,6,6,4,0,3,3,3,32,28,29,10,10,12,45.04,44.91,45.03,23,230,2.1,0,0,0
16.82,304,12.33,12.39,12.41,16,15,16,0,-9.7,-0.1,0.21,208.3,15.8,162,1,3,1629,702,1985,2,2058,16.9,1787.5,1163,33.2,36.3,0,2.8,2067.6,0,16.83,-15.6,59.0,66.8,68.5,70.5,73.8,69.6,70.7,71.2,48.3,49.3,3,10,-4.1,0.6,44,46,45,0,0,0,6,6,4,0,3,3,3,32,28,29,10,10,12,45.04,44.92,45.02,23,230,2.1,0,0,0
17.02,72,10.1,10.17,10.18,10,10,12,0,-2.8,0.08,0.09,208.7,14.6,158,1,3,1642,703,2001,0,2077,16.99,1794.6,1169,29.7,32.5,0,2.8,2067.6,0,16.83,-15.6,59.1,66.9,68.4,70.6,73.9,69.7,70.7,71.2,48.3,49.3,4,10,-4.0,0.6,41,44,45,0,0,0,6,6,4,0,3,2,3,32,28,28,10,10,12,45.04,44.91,45.03,24,230,2.1,0,0,0
16.73,152,11.93,12.0,12.01,11,13,11,0,-4.4,0.01,0.13,207.8,13.1,159,1,3,1625,702,1978,-3,2049,16.8,1789.5,1169,31.5,35.8,0,2.7,2067.6,0,16.83,-15.6,59.1,66.8,68.3,70.5,73.9,69.6,70.8,71.3,48.3,49.2,4,10,-4.1,0.6,43,45,45,0,0,0,6,6,4,0,3,3,3,32,28,29,10,10,12,45.04,44.91,45.03,24,230,2.1,0,0,0
16.74,208,14.3,14.36,14.36,15,13,16,0,4.8,0.03,0.07,207.4,17.4,163,1,3,1627,704,1987,-1,2068,16.83,1789.0,1173,31.6,34.7,0,2.7,2067.6,0,16.83,-15.6,59.1,67.0,68.4,70.7,74.0,69.9,70.9,71.4,48.3,49.2,3,10,-4.1,0.6,43,45,45,0,0,0,6,6,4,0,3,3,3,32,28,29,10,10,12,45.04,44.91,45.03,23,230,2.1,0,0,0
16.84,224,12.28,12.35,12.36,10,10,10,0,-6.4,0.1,0.0,208.0,16.0,160,1,3,1634,703,1991,4,2073,16.84,1790.4,1171,31.7,36.5,0,2.7,2067.6,0,16.83,-15.6,59.1,66.8,68.3,70.5,73.8,69.6,70.8,71.3,48.3,49.3,3,10,-4.1,0.6,44,46,45,0,0,0,6,6,4,0,3,3,3,32,28,29,10,10,12,45.04,44.91,45.03,23,230,2.1,0,0,0
16.8,208,13.19,13.26,13.27,11,12,12,0,-6.5,-0.04,0.05,208.3,11.3,159,1,3,1627,703,1983,-2,2063,16.84,1792.0,1167,33.7,36.5,0,2.8,2067.6,0,16.83,-15.6,59.1,66.9,68.5,70.6,73.9,69.7,70.8,71.2,48.3,49.3,2,10,-4.1,0.6,44,47,45,0,0,0,6,6,4,0,3,3,3,32,28,28,10,10,12,45.04,44.92,45.02,23,230,2.1,0,0,0
16.57,336,15.46,15.53,15.53,14,14,14,0,-6.7,0.03,-0.04,207.6,12.1,159,1,3,1616,703,1970,-3,2042,16.62,1766.1,1180,29.3,33.4,0,2.7,2067.6,0,16.83,-15.7,59.1,67.0,68.3,70.6,74.0,69.7,70.8,71.3,48.3,49.2,3,10,-4.1,0.6,42,44,45,0,0,0,6,6,4,0,3,3,3,32,28,29,10,10,12,45.04,44.91,45.02,23,230,2.2,0,0,0
17.12,304,13.94,14.01,14.02,10,11,10,0,1.0,0.04,-0.02,207.9,13.2,158,1,3,1636,703,1994,1,2073,17.15,1793.5,1153,33.5,36.5,0,2.8,2067.6,0,16.83,-15.6,59.0,66.8,68.4,70.6,73.8,69.6,70.7,71.2,48.3,49.3,3,10,-4.1,0.6,44,47,45,0,0,0,6,6,4,0,3,3,3,32,28,29,10,10,12,45.04,44.91,45.03,23,220,2.1,0,0,0
16.72,352,11.79,11.86,11.87,10,11,10,0,-6.5,0.05,0.06,208.3,13.4,158,1,3,1628,703,1984,2,2061,16.74,1785.4,1175,32.6,35.6,0,2.8,2067.6,0,16.83,-15.6,59.1,66.9,68.6,70.6,73.9,69.7,70.8,71.3,48.3,49.3,3,10,-4.1,0.6,44,46,45,0,0,0,6,6,4,0,3,3,3,32,28,28,10,10,12,45.04,44.91,45.03,23,230,2.1,0,0,0
17.13,24,12.11,12.17,12.17,14,13,12,0,-10.9,0.35,0.08,26.4,13.8,170,1,3,1646,704,2010,-4,2081,17.05,1797.0,1166,32.3,36.9,0,2.7,2067.6,0,16.83,-15.6,59.1,67.0,68.3,70.7,74.0,69.8,70.9,71.3,48.3,49.2,3,10,-4.1,0.6,44,47,45,0,0,0,6,6,4,2,3,2,3,32,28,28,10,10,12,45.03,44.91,45.03,23,230,2.1,0,0,0
17.13,312,15.74,15.8,15.8,10,10,10,0,-11.9,-0.09,0.08,207.4,14.2,163,1,3,1647,703,2008,4,2088,17.19,1795.4,1161,31.5,34.6,0,2.8,2067.6,0,16.83,-15.6,59.1,66.9,68.3,70.7,74.0,69.8,70.8,71.3,48.3,49.3,3,10,-4.1,0.6,43,45,45,0,0,0,6,6,4,0,3,3,3,32,28,29,10,10,12,45.04,44.91,45.03,23,220,2.1,0,0,0
16.92,216,13.61,13.68,13.69,10,10,11,0,-9.1,0.08,0.11,208.0,12.9,159,1,3,1643,703,2002,2,2075,16.96,1794.1,1165,30.1,33.2,0,2.7,2067.6,0,16.83,-15.6,59.1,66.9,68.3,70.6,73.9,69.7,70.7,71.2,48.3,49.3,4,10,-4.0,0.6,41,44,45,0,0,0,6,6,4,0,3,3,3,32,28,29,10,10,12,45.04,44.91,45.03,23,230,2.1,0,0,0
16.93,120,14.84,14.91,14.92,16,16,16,0,-6.4,0.12,0.22,207.9,19.3,158,1,3,1642,703,2000,1,2077,16.99,1790.6,1168,30.9,34.3,0,2.7,2067.6,0,16.83,-15.6,59.1,67.0,68.4,70.7,73.9,69.7,70.8,71.3,48.3,49.3,4,10,-4.1,0.6,42,45,45,0,0,0,6,6,4,0,3,3,3,32,28,28,10,10,12,45.04,44.91,45.03,23,230,2.1,0,0,0
16.7,8,11.55,11.61,11.63,14,17,15,0,-7.1,0.04,-0.04,208.3,16.5,157,1,3,1613,703,1966,3,2041,16.65,1780.8,1166,28.4,31.5,0,2.7,2067.6,0,16.83,-15.6,59.0,66.9,68.3,70.6,73.9,69.7,70.7,71.2,48.3,49.3,3,10,-4.0,0.6,40,42,45,0,0,0,6,6,4,0,3,3,3,32,28,29,10,10,12,45.04,44.91,45.02,24,230,2.1,0,0,0
17.01,216,13.82,13.89,13.9,14,12,13,0,-9.7,0.05,0.08,208.0,12.9,160,1,3,1646,703,2005,-3,2079,17.06,1792.9,1164,30.4,33.4,0,2.8,2067.6,0,16.83,-15.6,59.1,66.9,68.3,70.6,73.9,69.7,70.7,71.2,48.3,49.3,3,10,-4.0,0.6,42,44,45,0,0,0,6,6,4,0,3,3,3,32,28,28,10,10,12,45.03,44.92,45.02,23,230,2.1,0,0,0
16.86,80,8.89,8.95,8.94,11,11,10,0,10.8,0.01,0.05,207.7,12.0,161,1,3,1627,705,1989,-2,2063,16.85,1790.8,1170,28.7,31.3,0,2.8,2067.6,0,16.83,-15.6,59.2,67.0,68.3,70.7,74.0,69.8,70.9,71.3,48.3,49.2,3,10,-4.1,0.6,40,42,45,0,0,0,6,6,4,0,3,2,3,32,28,28,10,10,12,45.04,44.92,45.03,23,230,2.1,0,0,0
17.04,336,16.37,16.43,16.44,11,11,13,0,-8.4,-0.04,0.08,207.9,20.7,159,1,3,1633,703,1991,-2,2066,17.13,1786.9,1151,30.5,34.3,0,2.7,2067.6,0,16.83,-15.6,59.1,67.0,68.4,70.7,73.9,69.7,70.8,71.4,48.3,49.3,3,10,-4.1,0.6,42,45,45,0,0,0,6,6,4,0,3,3,3,32,28,29,10,10,12,45.03,44.91,45.03,23,220,2.1,0,0,0
17.25,0,9.79,9.86,9.88,10,11,11,0,-8.1,-0.02,0.08,207.8,12.0,160,1,3,1647,702,2006,-1,2086,17.12,1796.7,1164,29.6,31.8,0,2.7,2067.6,0,16.83,-15.6,59.1,66.9,68.3,70.6,73.9,69.7,70.8,71.3,48.3,49.3,3,10,-4.0,0.6,40,43,45,0,0,0,6,6,4,0,3,2,3,32,28,29,10,10,12,45.04,44.91,45.03,24,230,2.1,0,0,0
16.98,176,15.03,15.09,15.09,17,14,14,0,-14.2,-0.07,0.17,207.6,19.0,164,1,3,1635,703,1993,2,2067,16.95,1786.7,1163,31.5,34.7,0,2.8,2067.6,0,16.83,-15.6,59.1,66.9,68.2,70.6,74.0,69.7,70.8,71.3,48.3,49.3,4,10,-4.1,0.6,42,45,45,0,0,0,6,6,4,0,3,3,3,32,28,29,10,10,12,45.04,44.91,45.03,23,220,2.1,0,0,0
17.04,232,12.58,12.65,12.66,12,13,13,0,-10.3,0.2,0.16,207.9,13.9,162,1,3,1636,703,1993,4,2076,17.03,1791.2,1159,33.3,36.2,0,2.8,2067.6,0,16.83,-15.6,59.0,66.8,68.5,70.5,73.8,69.6,70.7,71.2,48.3,49.3,3,10,-4.1,0.6,44,46,45,0,0,0,6,6,4,0,3,3,3,32,28,29,10,10,12,45.04,44.92,45.02,23,230,2.1,0,0,0
16.72,240,13.15,13.21,13.21,15,16,17,0,-18.9,0.12,0.01,208.7,16.4,166,1,3,1625,703,1983,1,2058,16.76,1789.7,1175,32.6,35.3,0,2.8,2067.6,0,16.83,-15.6,59.1,67.0,68.3,70.7,73.9,69.8,70.9,71.4,48.3,49.3,2,10,-4.1,0.6,43,46,45,0,0,0,6,6,4,0,3,3,3,32,28,29,10,10,12,45.03,44.91,45.03,23,230,2.2,0,0,0
16.82,192,15.65,15.7,15.71,10,11,11,0,-5.7,-0.14,0.31,208.4,13.8,158,1,3,1628,704,1985,2,2062,16.9,1793.0,1164,28.5,32.1,0,2.7,2067.6,0,16.83,-15.6,59.1,67.0,68.3,70.7,73.9,69.7,70.8,71.3,48.3,49.3,3,10,-4.1,0.6,40,42,45,0,0,0,6,6,4,0,3,3,3,32,28,29,10,10,12,45.04,44.91,45.03,23,220,2.1,0,0,0
17.25,160,12.71,12.78,12.79,16,18,16,0,-12.6,0.2,0.21,208.2,13.0,162,1,3,1638,703,1995,-5,2071,17.18,1785.0,1152,33.1,36.0,0,2.8,2067.6,0,16.83,-15.6,59.0,66.8,68.5,70.5,73.8,69.6,70.7,71.2,48.3,49.3,4,10,-4.1,0.6,44,46,45,0,0,0,6,6,4,0,3,3,3,32,28,29,10,10,12,45.04,44.92,45.02,23,230,2.1,0,0,0
16.48,328,15.46,15.53,15.53,15,13,12,0,-8.8,0.08,0.08,207.4,13.3,160,1,3,1617,704,1973,-6,2043,16.49,1782.1,1187,29.5,32.5,0,2.7,2067.6,0,16.83,-15.6,59.1,67.0,68.2,70.6,74.0,69.8,70.8,71.3,48.3,49.3,3,10,-4.1,0.6,41,43,45,0,0,0,6,6,4,0,3,3,3,32,28,28,10,10,12,45.04,44.91,45.02,24,230,2.1,0,0,0
16.4,264,13.74,13.81,13.81,20,16,15,0,-8.3,0.2,0.27,208.9,15.8,159,1,3,1595,703,1944,-3,2016,16.37,1767.4,1176,28.0,31.9,0,2.7,2067.6,0,16.83,-15.7,59.1,67.0,68.3,70.7,73.9,69.7,70.8,71.3,48.3,49.3,4,10,-4.1,0.6,40,42,45,0,0,0,6,6,4,0,3,3,3,32,28,29,10,10,12,45.04,44.92,45.02,23,230,2.1,0,0,0
16.88,64,13.19,13.26,13.27,20,15,16,0,-8.2,0.08,0.18,209.0,18.1,159,1,3,1635,703,1993,0,2071,16.93,1792.7,1165,33.5,36.4,0,2.8,2067.6,0,16.83,-15.6,59.1,66.9,68.5,70.6,73.9,69.7,70.8,71.2,48.3,49.3,3,10,-4.1,0.6,44,47,45,0,0,0,6,6,4,0,3,3,3,32,28,29,10,10,12,45.03,44.91,45.02,23,230,2.2,0,0,0
16.6,32,14.57,14.63,14.63,15,14,17,0,-13.8,-0.14,0.1,207.7,19.1,164,1,3,1614,703,1967,2,2044,16.63,1782.6,1174,32.2,34.9,0,2.8,2067.6,0,16.83,-15.6,59.1,67.0,68.3,70.7,73.9,69.7,70.8,71.3,48.3,49.3,3,10,-4.1,0.6,42,45,45,0,0,0,6,6,4,0,3,3,3,32,28,29,10,10,12,45.03,44.91,45.02,23,220,2.1,0,0,0
17.56,304,11.92,11.98,11.97,11,10,11,0,-0.3,0.08,0.14,208.6,12.1,169,1,3,1638,704,2000,0,2081,17.45,1779.7,1139,30.4,33.9,0,2.7,2067.6,0,16.83,-15.6,59.1,67.0,68.3,70.7,74.0,69.8,70.8,71.3,48.3,49.3,3,10,-4.1,0.6,42,44,45,0,0,0,6,6,4,0,3,3,3,32,28,29,10,10,12,45.04,44.92,45.02,23,220,2.2,0,0,0
17.13,264,15.31,15.38,15.38,10,11,10,0,-7.7,0.14,-0.04,207.6,12.6,159,1,3,1651,703,2012,5,2089,17.08,1795.0,1169,29.9,33.7,0,2.7,2067.6,0,16.83,-15.6,59.1,66.9,68.3,70.6,73.9,69.7,70.9,71.3,48.3,49.2,2,10,-4.1,0.6,42,44,45,0,0,0,6,6,4,0,3,3,3,32,28,29,10,10,12,45.04,44.92,45.03,23,230,2.1,0,0,0
17.25,296,12.1,12.16,12.15,13,10,11,0,8.9,0.29,0.12,207.6,11.7,159,1,3,1651,705,2017,1,2093,17.17,1796.1,1164,29.6,31.9,0,2.7,2067.6,0,16.83,-15.6,59.1,67.0,68.4,70.7,74.0,69.8,70.9,71.4,48.3,49.3,3,10,-4.1,0.6,41,43,45,0,0,0,6,6,4,0,3,3,3,32,28,28,10,10,12,45.04,44.91,45.02,23,220,2.1,0,0,0
16.91,88,13.59,13.65,13.65,13,14,13,0,-11.2,0.14,0.12,26.3,13.8,166,1,3,1632,704,1992,-2,2064,16.87,1793.0,1170,33.5,36.4,0,2.7,2067.6,0,16.83,-15.6,59.1,67.0,68.4,70.7,74.0,69.7,70.8,71.4,48.3,49.3,3,10,-4.1,0.6,44,46,45,0,0,0,6,6,4,2,3,3,3,32,28,28,10,10,12,45.04,44.92,45.03,23,230,2.1,0,0,0
16.62,96,15.47,15.53,15.53,15,17,18,0,-9.6,0.05,0.13,207.8,21.7,163,1,3,1621,703,1976,0,2052,16.7,1788.9,1171,32.0,34.7,0,2.8,2067.6,0,16.83,-15.6,59.1,66.9,68.3,70.7,73.9,69.7,70.8,71.3,48.3,49.3,4,10,-4.1,0.6,42,45,45,0,0,0,6,6,4,0,3,3,3,32,28,29,10,10,12,45.04,44.91,45.03,23,230,2.1,0,0,0
16.52,328,13.56,13.62,13.62,12,14,12,0,-5.9,0.07,-0.09,208.3,16.1,158,1,3,1616,703,1969,-3,2043,16.43,1779.9,1187,27.9,31.8,0,2.7,2067.6,0,16.83,-15.7,59.1,67.0,68.3,70.7,73.9,69.7,70.8,71.3,48.3,49.3,3,10,-4.1,0.6,40,42,45,0,0,0,6,6,4,0,3,3,3,32,28,29,10,10,12,45.04,44.92,45.02,24,230,2.2,0,0,0
17.03,256,16.21,16.27,16.27,11,11,10,0,-7.8,-0.03,0.05,207.7,22.1,159,1,3,1640,703,2000,0,2074,16.94,1794.1,1167,28.5,30.9,0,2.7,2067.6,0,16.83,-15.7,59.1,67.0,68.2,70.7,74.0,69.8,70.8,71.3,48.3,49.3,3,10,-4.1,0.6,39,42,45,0,0,0,6,6,4,0,3,3,3,32,28,28,10,10,12,45.04,44.91,45.03,23,230,2.1,0,0,0
16.89,312,12.26,12.33,12.34,17,14,14,0,-1.9,0.02,0.18,208.2,14.3,158,1,3,1639,703,1998,-2,2067,16.97,1790.6,1165,32.1,34.9,0,2.7,2067.6,0,16.83,-15.6,59.0,66.8,68.5,70.5,73.8,69.6,70.7,71.2,48.3,49.2,3,10,-4.1,0.6,43,45,45,0,0,0,6,6,4,0,3,3,3,32,28,29,10,10,12,45.04,44.92,45.03,23,220,2.1,0,0,0
16.52,304,9.53,9.59,9.58,10,11,10,0,-0.7,-0.04,-0.02,208.4,12.0,171,1,3,1613,704,1969,3,2045,16.43,1784.4,1187,31.1,34.4,0,2.7,2067.6,0,16.83,-15.6,59.2,67.0,68.4,70.7,73.9,69.8,70.8,71.4,48.3,49.3,3,10,-4.1,0.6,42,44,45,0,0,0,6,6,4,0,3,3,3,32,28,28,10,10,12,45.04,44.91,45.03,24,230,2.2,0,0,0
16.73,224,9.17,9.24,9.23,18,16,18,0,4.4,-0.02,-0.02,207.5,8.8,165,1,3,1619,705,1980,0,2054,16.79,1788.1,1171,28.5,32.1,0,2.7,2067.6,0,16.83,-15.7,59.2,67.0,68.4,70.7,74.0,69.8,70.8,71.4,48.3,49.3,3,10,-4.1,0.6,40,43,45,0,0,0,6,6,4,0,3,3,3,32,28,29,10,10,12,45.04,44.91,45.02,24,230,2.2,0,0,0
17.03,64,16.73,16.78,16.78,11,10,10,0,0.2,-0.11,0.17,207.1,18.7,163,1,3,1641,705,2007,3,2083,17.09,1794.0,1166,32.6,35.5,0,2.8,2067.6,0,16.83,-15.6,59.2,67.0,68.4,70.7,74.0,69.8,70.9,71.4,48.3,49.3,3,10,-4.1,0.6,44,46,45,0,0,0,6,6,4,0,3,2,3,32,28,29,10,10,12,45.04,44.91,45.02,23,230,2.1,0,0,0
17.33,184,14.03,14.1,14.1,10,10,11,0,-3.5,0.18,-0.19,207.9,17.0,157,1,3,1660,703,2024,0,2103,17.17,1797.8,1170,27.9,31.5,0,2.7,2067.6,0,16.83,-15.6,59.1,67.0,68.3,70.7,73.9,69.8,70.8,71.3,48.3,49.3,2,10,-4.1,0.6,40,42,45,0,0,0,6,6,4,0,3,3,3,32,28,29,10,10,12,45.04,44.91,45.03,23,230,2.1,0,0,0
17.14,192,14.5,14.56,14.57,18,15,19,0,-0.6,-0.14,0.14,208.2,15.7,156,1,3,1640,703,2000,4,2072,17.1,1790.5,1160,31.6,35.5,0,2.8,2067.6,0,16.83,-15.6,59.1,66.9,68.4,70.6,74.0,69.7,70.8,71.3,48.3,49.3,3,10,-4.1,0.6,43,45,45,0,0,0,6,6,4,0,3,3,3,32,28,29,10,10,12,45.04,44.91,45.02,23,220,2.1,0,0,0
16.76,104,15.58,15.64,15.64,18,16,15,0,-7.6,0.16,0.17,208.3,16.9,159,1,3,1617,704,1974,0,2046,16.75,1787.5,1165,29.7,32.8,0,2.8,2067.6,0,16.83,-15.6,59.1,67.0,68.1,70.6,74.0,69.7,70.8,71.3,48.3,49.3,3,10,-4.1,0.6,41,43,45,0,0,0,6,6,4,0,3,3,3,32,28,28,10,10,12,45.04,44.91,45.02,23,230,2.1,0,0,0
17.19,112,15.9,15.96,15.97,14,17,16,0,-8.5,0.24,0.32,208.0,20.7,159,1,3,1634,703,1993,-2,2067,17.1,1785.4,1156,28.0,31.3,0,2.7,2067.6,0,16.83,-15.6,59.1,67.0,68.2,70.7,73.9,69.8,70.8,71.3,48.3,49.3,3,10,-4.1,0.6,40,42,45,0,0,0,6,6,4,0,3,3,3,32,28,29,10,10,12,45.04,44.91,45.03,23,230,2.1,0,0,0
16.72,184,15.85,15.91,15.91,13,12,12,0,-3.3,-0.07,0.17,208.3,12.7,158,1,3,1628,704,1987,-2,2061,16.8,1789.2,1175,29.7,32.6,0,2.8,2067.6,0,16.83,-15.6,59.1,67.0,68.1,70.6,74.0,69.8,70.8,71.3,48.3,49.3,3,10,-4.1,0.6,41,43,45,0,0,0,6,6,4,0,3,3,3,32,28,28,10,10,12,45.04,44.91,45.02,23,230,2.1,0,0,0
16.41,208,11.2,11.27,11.27,19,16,18,0,-7.2,0.05,0.12,208.5,15.5,158,1,3,1594,703,1942,5,2019,16.47,1767.1,1167,32.5,35.5,0,2.7,2067.6,0,16.83,-15.6,59.1,66.9,68.6,70.6,73.9,69.7,70.8,71.3,48.3,49.3,3,10,-4.1,0.6,43,46,45,0,0,0,6,6,4,0,3,3,3,32,28,29,10,10,12,45.04,44.91,45.03,24,230,2.2,0,0,0
16.68,320,13.87,13.93,13.92,17,16,16,0,-14.7,0.0,0.08,209.0,16.3,165,1,3,1615,703,1969,-4,2039,16.66,1785.6,1174,32.3,35.3,0,2.8,2067.6,0,16.83,-15.6,59.1,67.0,68.3,70.7,73.9,69.7,70.8,71.3,48.3,49.3,3,10,-4.1,0.6,43,46,45,0,0,0,6,6,4,0,3,3,3,32,28,28,10,10,12,45.04,44.91,45.03,23,220,2.1,0,0,0
16.88,88,9.98,10.05,10.07,10,10,11,0,-5.5,0.08,0.17,208.6,13.5,158,1,3,1635,702,1992,5,2071,16.88,1794.5,1168,30.7,34.3,0,2.7,2067.6,0,16.83,-15.6,59.1,66.9,68.3,70.6,73.8,69.6,70.8,71.2,48.3,49.3,3,10,-4.1,0.6,42,44,45,0,0,0,6,6,4,0,3,3,3,32,28,29,10,10,12,45.04,44.92,45.03,24,230,2.2,0,0,0
17.0,8,10.68,10.75,10.76,14,12,12,0,-2.0,0.07,0.14,208.1,14.9,155,1,3,1643,703,2002,0,2077,16.99,1791.2,1170,28.3,31.9,0,2.7,2067.6,0,16.83,-15.6,59.0,66.8,68.3,70.6,73.9,69.7,70.7,71.2,48.3,49.3,3,10,-4.1,0.6,40,42,45,0,0,0,6,6,4,0,3,3,3,32,28,29,10,10,12,45.04,44.91,45.03,24,230,2.1,0,0,0
16.67,296,9.01,9.08,9.07,18,16,19,0,4.5,0.15,-0.05,208.4,14.1,168,1,3,1623,704,1981,1,2062,16.74,1785.8,1176,30.6,34.3,0,2.7,2067.6,0,16.83,-15.6,59.2,67.0,68.3,70.7,74.0,69.8,70.8,71.4,48.3,49.3,3,10,-4.1,0.6,42,44,45,0,0,0,6,6,4,0,3,3,3,32,28,28,10,10,12,45.04,44.92,45.03,24,230,2.2,0,0,0
16.94,144,13.91,13.98,13.99,11,11,13,0,-8.8,-0.07,0.01,208.1,11.3,159,1,3,1639,703,1997,-3,2072,17.03,1789.9,1163,30.3,33.2,0,2.8,2067.6,0,16.83,-15.6,59.1,66.9,68.3,70.6,73.9,69.7,70.7,71.2,48.3,49.3,3,10,-4.0,0.6,42,44,45,0,0,0,6,6,4,0,3,3,3,32,28,28,10,10,12,45.03,44.92,45.02,23,230,2.1,0,0,0
16.4,256,15.08,15.15,15.15,18,16,15,0,-1.4,0.05,0.23,208.2,18.1,157,1,3,1601,703,1953,5,2034,16.58,1775.0,1163,29.1,33.0,0,2.7,2067.6,0,16.83,-15.6,59.1,67.0,68.3,70.6,73.9,69.7,70.8,71.3,48.3,49.3,3,10,-4.1,0.6,41,43,45,0,0,0,6,6,4,0,3,3,3,32,28,29,10,10,12,45.04,44.91,45.03,23,230,2.1,0,0,0
17.51,88,10.03,10.09,10.09,12,10,11,0,1.3,-0.04,0.15,208.4,16.4,169,1,3,1665,704,2033,-1,2110,17.41,1801.3,1161,30.5,34.0,0,2.7,2067.6,0,16.83,-15.6,59.2,67.0,68.3,70.7,74.0,69.8,70.8,71.4,48.3,49.3,3,10,-4.1,0.6,42,44,45,0,0,0,6,6,4,0,3,3,3,32,28,29,10,10,12,45.04,44.92,45.03,24,230,2.2,0,0,0
17.03,272,11.42,11.49,11.5,16,12,12,0,-7.0,0.03,0.18,208.8,17.4,158,1,3,1643,703,2003,2,2075,17.0,1793.5,1169,33.1,35.9,0,2.8,2067.6,0,16.83,-15.6,59.1,66.9,68.5,70.6,73.9,69.8,70.8,71.3,48.3,49.2,3,10,-4.1,0.6,44,46,45,0,0,0,6,6,4,0,3,3,3,32,28,29,10,10,12,45.03,44.91,45.03,23,230,2.2,0,0,0
16.3,232,11.05,11.11,11.11,17,16,18,0,-5.0,-0.11,-0.07,209.1,11.5,173,1,3,1580,704,1928,4,2002,16.32,1752.3,1168,31.2,35.1,0,2.7,2067.6,0,16.83,-15.6,59.2,67.0,68.4,70.7,74.0,69.8,70.9,71.3,48.3,49.3,3,10,-4.1,0.6,43,45,45,0,0,0,6,6,4,0,3,3,3,32,28,28,10,10,12,45.04,44.91,45.03,23,230,2.2,0,0,0
16.89,280,12.12,12.18,12.19,10,14,10,0,2.7,0.19,0.08,207.5,12.5,156,1,3,1635,702,1992,-2,2072,16.85,1792.6,1172,31.5,34.1,0,2.8,2067.6,0,16.83,-15.6,59.1,66.9,68.4,70.6,73.9,69.7,70.8,71.3,48.3,49.3,3,10,-4.1,0.6,42,45,45,0,0,0,6,6,4,0,3,3,3,32,28,29,10,10,12,45.03,44.91,45.02,23,230,2.1,0,0,0
17.45,232,11.95,12.0,12.01,14,15,14,0,0.9,-0.2,0.16,209.1,12.6,169,1,3,1642,704,2005,-5,2081,17.52,1776.9,1133,30.4,33.9,0,2.7,2067.6,0,16.83,-15.6,59.2,67.0,68.3,70.7,74.0,69.8,70.8,71.3,48.3,49.3,3,10,-4.1,0.6,42,44,45,0,0,0,6,6,4,0,3,3,3,32,28,29,10,10,12,45.04,44.92,45.03,23,220,2.1,0,0,0
16.7,112,15.85,15.91,15.92,13,15,19,0,-4.3,-0.08,0.08,207.9,18.1,159,1,3,1623,703,1979,2,2058,16.76,1786.2,1174,29.5,32.6,0,2.8,2067.6,0,16.83,-15.6,59.1,67.0,68.1,70.6,74.0,69.7,70.8,71.3,48.3,49.3,3,10,-4.1,0.6,41,43,45,0,0,0,6,6,4,0,3,3,3,32,28,28,10,10,12,45.04,44.91,45.02,23,220,2.1,0,0,0
17.5,160,11.92,11.98,11.98,10,10,11,0,1.3,0.0,-0.09,209.1,16.9,169,1,3,1649,704,2013,1,2095,17.61,1790.5,1133,30.4,34.0,0,2.7,2067.6,0,16.83,-15.6,59.2,67.0,68.3,70.7,74.0,69.8,70.8,71.4,48.3,49.3,3,10,-4.1,0.6,42,44,45,0,0,0,6,6,4,0,3,3,3,32,28,29,10,10,12,45.04,44.92,45.03,23,220,2.1,0,0,0
17.04,224,9.06,9.12,9.14,10,13,10,0,-1.3,0.07,0.08,208.2,12.7,157,1,3,1642,703,2001,0,2074,16.97,1794.4,1167,30.2,34.0,0,2.7,2067.6,0,16.83,-15.6,59.1,66.9,68.3,70.6,73.8,69.7,70.8,71.2,48.3,49.2,4,10,-4.1,0.6,42,44,45,0,0,0,6,6,4,0,3,3,3,32,28,29,10,10,12,45.04,44.91,45.03,24,230,2.2,0,0,0
16.74,168,12.58,12.64,12.64,14,12,13,0,-18.3,0.05,0.08,26.6,16.5,168,1,3,1629,704,1988,-3,2065,16.78,1789.7,1175,33.3,36.8,0,2.7,2067.6,0,16.83,-15.6,59.1,67.0,68.3,70.7,73.9,69.8,70.8,71.4,48.3,49.2,3,10,-4.1,0.6,45,47,45,0,0,0,6,6,4,2,3,2,3,32,28,29,10,10,12,45.04,44.91,45.02,24,230,2.1,0,0,0
16.67,232,13.37,13.44,13.46,17,16,17,0,-4.0,-0.14,0.08,207.9,16.7,159,1,3,1626,703,1981,0,2059,16.77,1788.9,1168,33.0,36.8,0,2.8,2067.6,0,16.83,-15.6,59.0,66.8,68.3,70.5,73.9,69.6,70.8,71.2,48.3,49.3,3,10,-4.1,0.6,45,47,45,0,0,0,6,6,4,0,3,3,3,32,28,29,10,10,12,45.04,44.91,45.03,23,230,2.1,0,0,0
16.61,200,11.87,11.94,11.94,17,16,17,0,-4.5,-0.02,0.06,208.0,12.5,158,1,3,1609,703,1962,0,2037,16.69,1780.0,1167,33.9,36.7,0,2.8,2067.6,0,16.83,-15.6,59.1,66.9,68.5,70.6,73.9,69.7,70.8,71.3,48.3,49.3,4,10,-4.1,0.6,45,47,45,0,0,0,6,6,4,0,3,3,3,32,28,29,10,10,12,45.04,44.91,45.03,23,230,2.2,0,0,0
17.01,168,13.15,13.21,13.23,19,16,15,0,-15.3,0.08,0.09,208.0,17.2,162,1,3,1639,703,1996,3,2072,16.97,1791.8,1164,31.2,34.3,0,2.8,2067.6,0,16.83,-15.6,59.0,66.9,68.4,70.6,73.8,69.6,70.7,71.2,48.3,49.3,4,10,-4.1,0.6,42,45,45,0,0,0,6,6,4,0,3,3,3,32,28,29,10,10,12,45.04,44.91,45.03,23,230,2.1,0,0,0
17.02,48,15.22,15.28,15.28,10,10,10,0,-8.0,0.1,0.03,207.9,18.9,159,1,3,1635,703,1991,-4,2070,16.91,1784.9,1171,30.2,33.9,0,2.7,2067.6,0,16.83,-15.6,59.1,67.0,68.3,70.6,73.9,69.7,70.8,71.3,48.3,49.3,2,10,-4.1,0.6,42,44,45,0,0,0,6,6,4,0,3,3,3,32,28,28,10,10,12,45.04,44.91,45.02,23,230,2.1,0,0,0
16.72,352,12.6,12.67,12.68,17,15,15,0,-2.5,-0.09,0.12,208.4,16.1,156,1,3,1627,703,1982,0,2058,16.86,1790.2,1166,31.6,34.6,0,2.8,2067.6,0,16.83,-15.6,59.1,66.9,68.4,70.6,73.9,69.7,70.8,71.2,48.3,49.3,3,10,-4.1,0.6,43,45,45,0,0,0,6,6,4,0,3,3,3,32,28,29,10,10,12,45.04,44.91,45.03,23,230,2.1,0,0,0
17.24,264,15.8,15.87,15.88,10,10,10,0,-7.6,0.2,0.12,208.1,17.6,158,1,3,1648,703,2010,0,2090,17.16,1798.7,1159,30.7,34.4,0,2.7,2067.6,0,16.83,-15.6,59.1,67.0,68.4,70.7,73.9,69.7,70.8,71.3,48.3,49.3,3,10,-4.1,0.6,42,45,45,0,0,0,6,6,4,0,3,3,3,32,28,29,10,10,12,45.03,44.91,45.03,23,220,2.1,0,0,0
17.1,256,15.54,15.6,15.6,14,13,14,0,-6.4,-0.07,-0.12,207.7,17.3,158,1,3,1646,703,2007,-2,2087,17.13,1794.5,1163,28.0,31.1,0,2.8,2067.6,0,16.83,-15.6,59.1,67.0,68.2,70.7,74.0,69.8,70.8,71.3,48.3,49.3,3,10,-4.1,0.6,40,42,45,0,0,0,6,6,4,0,3,3,3,32,28,29,10,10,12,45.04,44.91,45.02,23,230,2.1,0,0,0
17.04,72,13.38,13.45,13.46,10,11,10,0,-8.0,0.25,0.13,208.2,17.9,159,1,3,1642,703,2001,1,2078,16.96,1795.4,1168,30.2,33.3,0,2.7,2067.6,0,16.83,-15.6,59.1,66.9,68.3,70.6,73.9,69.7,70.7,71.2,48.3,49.3,3,10,-4.0,0.6,42,44,45,0,0,0,6,6,4,0,3,3,3,32,28,28,10,10,12,45.03,44.92,45.03,24,230,2.1,0,0,0
16.91,88,11.9,11.96,11.96,18,16,15,0,-4.0,-0.01,0.13,26.2,10.0,171,1,3,1634,704,1993,4,2070,16.93,1789.7,1169,31.7,36.1,0,2.8,2067.6,0,16.83,-15.6,59.1,67.0,68.4,70.7,74.0,69.8,70.9,71.3,48.3,49.3,3,10,-4.1,0.6,44,46,45,0,0,0,6,6,4,2,3,2,3,32,28,28,10,10,12,45.04,44.92,45.02,23,230,2.1,0,0,0
16.62,264,15.45,15.51,15.51,15,15,18,0,-7.0,-0.06,-0.07,208.0,15.3,158,1,3,1618,703,1972,2,2040,16.7,1787.4,1168,28.5,32.0,0,2.7,2067.6,0,16.83,-15.6,59.1,67.0,68.3,70.7,73.9,69.7,70.8,71.3,48.3,49.3,3,10,-4.1,0.6,40,42,45,0,0,0,6,6,4,0,3,3,3,32,28,29,10,10,12,45.04,44.91,45.03,23,220,2.1,0,0,0
17.14,272,12.7,12.77,12.76,10,10,10,0,-7.2,0.18,0.0,208.0,14.1,159,1,3,1644,703,2004,1,2088,17.03,1797.5,1167,33.4,36.4,0,2.8,2067.6,0,16.83,-15.6,59.1,66.9,68.5,70.6,73.9,69.7,70.8,71.2,48.3,49.3,3,10,-4.1,0.6,44,46,45,0,0,0,6,6,4,0,3,3,3,32,28,29,10,10,12,45.03,44.91,45.03,23,220,2.1,0,0,0
16.84,64,12.13,12.21,12.22,12,16,14,0,-3.5,0.21,0.19,207.6,11.6,157,1,3,1625,703,1981,-4,2051,16.75,1789.8,1171,31.7,34.7,0,2.8,2067.6,0,16.83,-15.6,59.1,66.9,68.4,70.6,73.9,69.7,70.8,71.2,48.3,49.3,3,10,-4.1,0.6,43,45,45,0,0,0,6,6,4,0,3,3,3,32,28,29,10,10,12,45.04,44.91,45.03,24,230,2.1,0,0,0
