轮毂转速,轮毂角度,叶片1角度,叶片2角度,叶片3角度,变桨电机1电流,变桨电机2电流,变桨电机3电流,超速传感器转速检测值,5秒偏航对风平均值,x方向振动值,y方向振动值,液压制动压力,机舱气象站风速,风向绝对值,大气压力,无功功率控制状态,变频器电网侧电流,变频器电网侧电压,变频器电网侧有功功率,变频器电网侧无功功率,变频器发电机侧功率,发电机运行频率,发电机电流,发电机转矩,变频器入口温度,变频器出口温度,变频器入口压力,变频器出口压力,发电机功率限幅值,无功功率设定值,额定的轮毂转速,测风塔环境温度,发电机定子温度1,发电机定子温度2,发电机定子温度3,发电机定子温度4,发电机定子温度5,发电机定子温度6,发电机空气温度1,发电机空气温度2,主轴承温度1,主轴承温度2,轮毂温度,轮毂控制柜温度,机舱温度,机舱控制柜温度,变频器INU温度,变频器ISU温度,变频器INU RMIO温度,变桨电机1功率估算,变桨电机2功率估算,变桨电机3功率估算,风机当前状态值,轮毂当前状态值,偏航状态值,偏航要求值,叶片1电池箱温度,叶片2电池箱温度,叶片3电池箱温度,叶片1变桨电机温度,叶片2变桨电机温度,叶片3变桨电机温度,叶片1变频器箱温度,叶片2变频器箱温度,叶片3变频器箱温度,叶片1超级电容电压,叶片2超级电容电压,叶片3超级电容电压,驱动1晶闸管温度,驱动2晶闸管温度,驱动3晶闸管温度,驱动1输出扭矩,驱动2输出扭矩,驱动3输出扭矩
9.65,72.61,0.24,0.26,0.25,8.3,5.08,8.4,9.64,-12.3,0.04,-0.03,177.7,5.0,314.0,1.0,1.0,232.0,680.0,278.0,0.0,272.0,9.62,418.1,286.0,33.9,33.5,0.8,2.8,1957.0,0.0,16.66,20.9,27.7,31.3,27.1,28.0,30.4,27.3,28.8,28.5,40.1,38.8,25.6,26.3,27.0,29.4,38.0,37.0,25.0,0.2,-0.2,0.4,6.0,6.0,4.0,0.0,24.0,24.0,24.0,85.0,84.0,60.0,26.0,26.0,300.0,0.0,0.0,0.0,0.0,0.0,0.0,0.0,0.0,0.0
10.29,281.88,0.24,0.27,0.25,7.08,8.84,9.06,10.3,5.7,0.0,0.01,178.1,6.2,305.0,1.0,1.0,291.0,681.0,353.0,0.0,337.0,10.28,479.0,327.0,34.6,34.2,0.8,2.8,2067.6,0.0,16.83,20.0,27.2,30.8,26.5,27.5,30.0,26.9,28.3,27.0,39.8,38.5,25.4,26.2,26.9,29.4,39.0,37.0,25.0,0.0,0.8,0.0,6.0,6.0,4.0,0.0,24.0,24.0,24.0,85.0,83.0,57.0,26.0,26.0,300.0,0.0,0.0,0.0,0.0,0.0,0.0,0.0,0.0,0.0
9.15,142.88,0.24,0.26,0.25,8.02,4.0,8.48,9.16,-3.0,-0.01,0.05,178.8,4.7,308.0,1.0,1.0,217.0,682.0,262.0,0.0,244.0,9.14,378.1,261.0,34.2,33.9,0.8,2.8,2067.6,0.0,16.83,20.1,27.1,30.7,26.4,27.4,29.8,26.8,28.2,26.7,39.7,38.4,25.3,26.1,26.9,29.4,39.0,37.0,25.0,0.0,0.0,0.2,6.0,6.0,4.0,0.0,24.0,24.0,24.0,85.0,83.0,56.0,26.0,26.0,300.0,0.0,0.0,0.0,0.0,0.0,0.0,0.0,0.0,0.0
10.8,317.27,0.24,0.27,0.25,8.02,9.36,9.32,10.81,11.5,-0.06,0.0,178.5,6.0,300.0,1.0,1.0,345.0,681.0,421.0,0.0,395.0,10.82,528.0,364.0,34.3,33.8,0.8,2.7,2067.6,0.0,16.83,19.9,27.3,30.9,26.7,27.6,30.1,27.0,28.5,27.5,39.9,38.6,25.4,26.3,26.9,29.4,40.0,38.0,25.0,0.4,0.2,0.0,6.0,6.0,4.0,0.0,24.0,24.0,24.0,85.0,83.0,58.0,26.0,26.0,300.0,0.0,0.0,0.0,0.0,0.0,0.0,0.0,0.0,0.0
12.38,41.87,0.24,0.27,0.25,10.84,10.5,12.46,12.4,-4.9,-0.01,-0.04,177.8,6.2,313.0,1.0,1.0,514.0,682.0,618.0,-2.0,608.0,12.38,695.0,477.0,34.3,33.7,0.8,2.8,2067.6,0.0,16.83,19.9,27.5,31.0,26.8,27.7,30.2,27.1,28.6,28.1,39.9,38.6,25.4,26.3,26.9,29.4,42.0,40.0,25.0,0.0,-0.2,0.0,6.0,6.0,4.0,0.0,24.0,24.0,24.0,85.0,84.0,59.0,26.0,26.0,300.0,0.0,0.0,0.0,0.0,0.0,0.0,0.0,0.0,0.0
9.27,292.0,0.24,0.27,0.25,4.8,8.42,7.78,9.29,-7.6,-0.03,-0.05,177.7,4.7,311.0,1.0,1.0,222.0,681.0,266.0,0.0,249.0,9.28,390.6,267.0,34.4,34.0,0.8,2.8,2067.6,0.0,16.83,20.5,27.7,31.3,27.0,28.0,30.4,27.3,28.7,28.1,40.0,38.7,25.6,26.3,27.0,29.4,39.0,37.0,25.0,0.0,0.4,-0.2,6.0,6.0,4.0,0.0,24.0,24.0,24.0,85.0,84.0,60.0,26.0,26.0,300.0,0.0,0.0,0.0,0.0,0.0,0.0,0.0,0.0,0.0
10.89,285.52,0.24,0.27,0.25,7.76,9.92,10.84,10.91,-4.1,-0.03,-0.02,177.7,5.1,311.0,1.0,1.0,372.0,681.0,451.0,-2.0,418.0,10.9,541.9,372.0,34.3,34.1,0.8,2.8,2067.6,0.0,16.83,19.9,27.6,31.2,26.9,27.9,30.3,27.2,28.8,28.9,39.9,38.6,25.4,26.3,26.9,29.4,41.0,39.0,25.0,-0.2,0.2,-0.2,6.0,6.0,4.0,0.0,24.0,24.0,24.0,85.0,84.0,59.0,26.0,26.0,300.0,0.0,0.0,0.0,0.0,0.0,0.0,0.0,0.0,0.0
9.28,60.62,0.24,0.26,0.25,8.94,5.1,8.3,9.29,-6.8,0.02,-0.03,178.9,4.9,307.0,1.0,1.0,223.0,682.0,266.0,0.0,252.0,9.3,396.6,269.0,34.3,33.9,0.8,2.8,2067.6,0.0,16.83,20.1,27.1,30.7,26.4,27.4,29.9,26.8,28.3,27.5,39.7,38.4,25.3,26.1,26.9,29.4,38.0,37.0,25.0,0.0,-0.5,0.0,6.0,6.0,4.0,0.0,24.0,24.0,24.0,84.0,83.0,56.0,26.0,26.0,300.0,0.0,0.0,0.0,0.0,0.0,0.0,0.0,0.0,0.0
8.98,356.87,0.24,0.27,0.25,5.84,8.7,7.98,8.99,15.5,-0.04,-0.05,177.8,4.2,302.0,1.0,1.0,199.0,680.0,235.0,0.0,221.0,8.96,359.5,248.0,34.4,33.8,0.8,2.8,2067.6,0.0,16.83,20.1,27.3,30.9,26.7,27.5,30.0,26.9,28.6,29.3,39.8,38.5,25.4,26.2,26.9,29.4,38.0,37.0,25.0,0.3,-0.2,0.0,6.0,6.0,4.0,0.0,24.0,24.0,24.0,85.0,83.0,57.0,26.0,26.0,300.0,0.0,0.0,0.0,0.0,0.0,0.0,0.0,0.0,0.0
10.34,168.98,0.24,0.26,0.25,8.16,6.14,9.2,10.33,15.3,0.02,-0.03,178.1,5.6,303.0,1.0,1.0,296.0,681.0,351.0,0.0,342.0,10.3,478.7,328.0,34.0,33.9,0.8,2.8,2067.6,0.0,16.83,19.9,27.2,30.8,26.6,27.5,30.0,26.9,28.5,28.7,39.8,38.5,25.4,26.2,26.9,29.4,39.0,37.0,25.0,0.0,0.0,0.0,6.0,6.0,4.0,0.0,24.0,24.0,24.0,85.0,83.0,57.0,26.0,26.0,300.0,0.0,0.0,0.0,0.0,0.0,0.0,0.0,0.0,0.0
9.1,263.74,0.24,0.27,0.25,4.68,7.58,8.02,9.12,-4.4,0.0,-0.03,177.7,4.5,311.0,1.0,1.0,221.0,681.0,260.0,0.0,246.0,9.12,383.4,261.0,34.2,34.0,0.8,2.8,2067.6,0.0,16.83,20.5,27.7,31.3,27.0,28.0,30.4,27.3,28.9,29.4,40.0,38.7,25.6,26.3,27.0,29.4,38.0,37.0,25.0,0.0,0.7,-0.2,6.0,6.0,4.0,0.0,24.0,24.0,24.0,85.0,84.0,60.0,26.0,26.0,300.0,0.0,0.0,0.0,0.0,0.0,0.0,0.0,0.0,0.0
9.4,33.26,0.24,0.27,0.25,7.98,7.1,7.96,9.38,5.0,-0.08,-0.06,180.0,5.1,299.0,1.0,1.0,227.0,683.0,272.0,0.0,260.0,9.4,395.5,274.0,34.2,33.8,0.8,2.8,1906.4,0.0,16.59,20.2,27.1,30.7,26.4,27.3,29.8,26.7,28.3,28.0,39.7,38.4,25.3,26.1,26.9,29.4,38.0,37.0,25.0,0.5,-0.5,0.0,6.0,6.0,4.0,0.0,24.0,24.0,24.0,84.0,83.0,56.0,26.0,26.0,300.0,0.0,0.0,0.0,0.0,0.0,0.0,0.0,0.0,0.0
9.54,265.75,0.24,0.27,0.25,5.08,7.42,8.36,9.53,11.6,-0.03,-0.05,177.8,4.0,301.0,1.0,1.0,248.0,681.0,296.0,0.0,271.0,9.54,413.7,284.0,34.4,33.8,0.8,2.8,2067.6,0.0,16.83,20.1,27.2,30.7,26.5,27.4,29.9,26.8,28.4,27.7,39.7,38.4,25.3,26.1,26.9,29.4,39.0,37.0,25.0,0.0,0.7,0.0,6.0,6.0,4.0,0.0,24.0,24.0,24.0,85.0,83.0,56.0,26.0,26.0,300.0,0.0,0.0,0.0,0.0,0.0,0.0,0.0,0.0,0.0
9.57,186.01,0.24,0.26,0.25,6.04,5.56,8.72,9.58,5.0,-0.02,0.05,178.0,4.1,300.0,1.0,1.0,240.0,680.0,292.0,0.0,271.0,9.56,418.1,283.0,33.9,33.7,0.8,2.8,2067.6,0.0,16.83,20.0,27.2,30.9,26.6,27.5,30.0,26.9,28.6,29.2,39.8,38.5,25.4,26.2,26.9,29.4,39.0,37.0,25.0,-0.1,0.2,0.0,6.0,6.0,4.0,0.0,24.0,24.0,24.0,85.0,83.0,57.0,26.0,26.0,300.0,0.0,0.0,0.0,0.0,0.0,0.0,0.0,0.0,0.0
12.47,103.75,0.24,0.27,0.25,9.76,8.84,11.02,12.47,-9.1,-0.04,0.04,177.8,6.1,312.0,1.0,1.0,525.0,682.0,633.0,0.0,608.0,12.46,705.5,483.0,34.1,33.8,0.8,2.8,2067.6,0.0,16.83,19.9,27.4,31.0,26.8,27.7,30.2,27.1,28.6,27.8,39.9,38.6,25.4,26.3,26.9,29.4,42.0,39.0,25.0,0.0,-0.2,0.0,6.0,6.0,4.0,0.0,24.0,24.0,24.0,85.0,83.0,59.0,26.0,26.0,300.0,0.0,0.0,0.0,0.0,0.0,0.0,0.0,0.0,0.0
12.26,125.39,0.24,0.27,0.25,10.38,9.18,11.1,12.24,-5.4,-0.02,-0.05,177.7,6.2,313.0,1.0,1.0,499.0,682.0,604.0,0.0,582.0,12.24,680.3,467.0,34.0,33.8,0.8,2.8,2067.6,0.0,16.83,19.9,27.5,31.1,26.8,27.7,30.2,27.1,28.5,27.5,39.9,38.6,25.4,26.3,26.9,29.3,42.0,40.0,25.0,0.2,-0.2,0.0,6.0,6.0,4.0,0.0,24.0,24.0,24.0,85.0,84.0,59.0,26.0,26.0,300.0,0.0,0.0,0.0,0.0,0.0,0.0,0.0,0.0,0.0
8.73,263.02,0.23,0.27,0.25,4.32,8.12,9.02,8.74,22.9,-0.02,0.0,1.6,4.0,293.0,1.0,1.0,199.0,680.0,231.0,0.0,216.0,8.74,347.8,240.0,34.2,33.5,0.8,2.8,1855.7,0.0,16.51,20.1,27.3,30.9,26.6,27.5,30.1,27.0,28.5,28.2,39.8,38.5,25.3,26.2,26.9,29.4,38.0,37.0,25.0,-0.1,0.2,-0.2,6.0,6.0,4.0,1.0,24.0,24.0,24.0,85.0,83.0,58.0,26.0,26.0,300.0,0.0,0.0,0.0,0.0,0.0,0.0,0.0,0.0,0.0
11.02,154.12,0.24,0.26,0.25,8.68,6.78,10.12,11.05,-1.1,0.01,0.02,177.8,5.5,311.0,1.0,1.0,385.0,681.0,464.0,0.0,441.0,11.04,558.5,382.0,34.0,33.5,0.8,2.8,2067.6,0.0,16.83,19.9,27.6,31.2,26.9,27.9,30.3,27.2,28.8,28.9,40.0,38.6,25.4,26.3,26.9,29.4,41.0,39.0,25.0,-0.2,-0.2,0.2,6.0,6.0,4.0,0.0,24.0,24.0,24.0,85.0,84.0,59.0,26.0,26.0,300.0,0.0,0.0,0.0,0.0,0.0,0.0,0.0,0.0,0.0
9.42,267.12,0.24,0.27,0.25,5.14,8.62,9.52,9.4,6.2,-0.07,-0.08,155.5,5.9,297.0,1.0,1.0,227.0,683.0,274.0,0.0,258.0,9.4,401.6,273.0,34.5,34.1,0.8,2.8,1906.4,0.0,16.59,20.2,27.1,30.7,26.4,27.3,29.8,26.7,28.3,27.8,39.7,38.4,25.3,26.1,26.9,29.4,38.0,37.0,25.0,-0.1,0.4,0.0,6.0,6.0,4.0,0.0,24.0,24.0,24.0,84.0,83.0,55.0,26.0,26.0,300.0,0.0,0.0,0.0,0.0,0.0,0.0,0.0,0.0,0.0
8.65,133.99,0.24,0.26,0.25,8.16,3.54,8.6,8.65,7.8,-0.02,0.02,177.7,3.8,307.0,1.0,1.0,192.0,681.0,225.0,0.0,207.0,8.66,340.9,235.0,34.4,33.6,0.8,2.8,2067.6,0.0,16.83,20.6,27.7,31.3,27.0,27.9,30.4,27.3,28.7,27.5,40.0,38.7,25.6,26.3,27.0,29.4,38.0,37.0,25.0,-0.2,0.0,0.0,6.0,6.0,4.0,0.0,24.0,24.0,24.0,85.0,84.0,60.0,26.0,26.0,300.0,0.0,0.0,0.0,0.0,0.0,0.0,0.0,0.0,0.0
9.69,246.74,0.24,0.27,0.25,5.9,8.18,9.68,9.7,-15.5,-0.03,-0.03,177.7,5.0,315.0,1.0,1.0,243.0,681.0,293.0,2.0,281.0,9.68,426.5,290.0,33.9,33.7,0.8,2.8,1957.0,0.0,16.66,20.9,27.7,31.3,27.0,28.0,30.4,27.3,28.9,28.7,40.1,38.8,25.6,26.3,27.0,29.4,38.0,37.0,25.0,-0.1,0.4,0.0,6.0,6.0,4.0,0.0,24.0,24.0,24.0,85.0,84.0,60.0,26.0,26.0,300.0,0.0,0.0,0.0,0.0,0.0,0.0,0.0,0.0,0.0
9.09,224.89,0.24,0.26,0.25,5.38,5.8,8.36,9.09,17.0,0.03,0.02,177.8,4.6,296.0,1.0,1.0,209.0,680.0,253.0,0.0,235.0,9.08,376.4,255.0,34.2,33.7,0.8,2.8,1750.3,0.0,16.35,20.1,27.3,30.9,26.6,27.5,30.0,27.0,28.4,27.7,39.8,38.5,25.3,26.2,26.9,29.4,38.0,37.0,25.0,0.0,0.6,0.0,6.0,6.0,4.0,0.0,24.0,24.0,24.0,85.0,83.0,58.0,26.0,26.0,300.0,0.0,0.0,0.0,0.0,0.0,0.0,0.0,0.0,0.0
9.48,294.01,0.24,0.27,0.25,5.9,7.98,8.16,9.49,-21.6,0.0,0.02,1.5,5.2,327.0,1.0,1.0,225.0,680.0,271.0,0.0,264.0,9.46,405.0,277.0,34.4,33.9,0.8,2.7,2067.6,0.0,16.83,20.9,27.7,31.4,27.1,28.0,30.4,27.3,28.8,28.2,40.1,38.8,25.7,26.3,27.0,29.5,38.0,37.0,25.0,0.3,0.4,0.0,6.0,6.0,4.0,2.0,24.0,24.0,24.0,85.0,84.0,60.0,26.0,26.0,300.0,0.0,0.0,0.0,0.0,0.0,0.0,0.0,0.0,0.0
9.4,291.74,0.24,0.27,0.25,6.16,8.78,8.88,9.44,-6.0,-0.02,0.02,177.7,4.3,310.0,1.0,1.0,243.0,681.0,290.0,0.0,270.0,9.44,404.2,278.0,34.0,34.0,0.8,2.8,2067.6,0.0,16.83,20.3,27.7,31.3,26.9,27.9,30.4,27.3,28.7,26.9,40.0,38.7,25.6,26.3,26.9,29.4,39.0,37.0,25.0,0.0,0.6,-0.2,6.0,6.0,4.0,0.0,24.0,24.0,24.0,85.0,84.0,60.0,26.0,26.0,300.0,0.0,0.0,0.0,0.0,0.0,0.0,0.0,0.0,0.0
10.26,220.25,0.24,0.26,0.25,6.8,6.46,8.96,10.3,2.8,-0.01,0.1,178.0,6.3,305.0,1.0,1.0,291.0,681.0,353.0,0.0,337.0,10.28,480.3,327.0,34.7,34.3,0.8,2.8,2067.6,0.0,16.83,20.0,27.2,30.8,26.5,27.4,29.9,26.9,28.2,26.7,39.8,38.5,25.3,26.2,26.9,29.4,39.0,37.0,25.0,0.0,0.1,0.0,6.0,6.0,4.0,0.0,24.0,24.0,24.0,85.0,83.0,57.0,26.0,26.0,300.0,0.0,0.0,0.0,0.0,0.0,0.0,0.0,0.0,0.0
9.44,339.77,0.24,0.27,0.25,7.08,8.48,8.36,9.44,-5.9,0.02,0.05,177.8,3.7,303.0,1.0,1.0,235.0,681.0,284.0,0.0,269.0,9.44,407.5,278.0,34.6,33.9,0.8,2.8,2067.6,0.0,16.83,20.1,27.2,30.9,26.6,27.5,30.0,26.9,28.5,27.8,39.8,38.5,25.4,26.2,26.9,29.4,39.0,37.0,25.0,0.3,0.0,0.0,6.0,6.0,4.0,0.0,24.0,24.0,24.0,85.0,83.0,57.0,26.0,26.0,300.0,0.0,0.0,0.0,0.0,0.0,0.0,0.0,0.0,0.0
9.14,202.86,0.24,0.26,0.25,6.02,5.46,9.52,9.13,24.0,-0.03,-0.06,177.9,5.2,297.0,1.0,1.0,212.0,680.0,259.0,0.0,242.0,9.12,379.9,259.0,34.4,33.9,0.8,2.8,1750.3,0.0,16.35,20.1,27.3,30.9,26.6,27.5,30.0,27.0,28.4,27.3,39.8,38.5,25.3,26.2,26.9,29.4,38.0,37.0,25.0,-0.3,0.0,0.0,6.0,6.0,4.0,0.0,24.0,24.0,24.0,85.0,83.0,58.0,26.0,26.0,300.0,0.0,0.0,0.0,0.0,0.0,0.0,0.0,0.0,0.0
9.54,243.36,0.24,0.26,0.25,6.86,7.32,9.9,9.56,6.3,0.01,0.02,177.9,3.9,300.0,1.0,1.0,237.0,680.0,286.0,0.0,269.0,9.54,412.8,283.0,34.5,34.0,0.8,2.8,2067.6,0.0,16.83,20.0,27.2,30.9,26.6,27.5,30.0,26.9,28.5,28.3,39.8,38.5,25.4,26.2,26.9,29.4,39.0,37.0,25.0,-0.2,0.2,0.0,6.0,6.0,4.0,0.0,24.0,24.0,24.0,85.0,83.0,57.0,26.0,26.0,300.0,0.0,0.0,0.0,0.0,0.0,0.0,0.0,0.0,0.0
9.73,215.39,0.24,0.26,0.25,5.88,6.86,8.88,9.75,18.0,0.05,-0.04,177.9,5.5,302.0,1.0,1.0,252.0,681.0,306.0,0.0,291.0,9.72,433.3,294.0,34.3,33.7,0.8,2.8,2067.6,0.0,16.83,20.1,27.1,30.7,26.5,27.4,29.9,26.8,28.4,27.8,39.7,38.4,25.3,26.1,26.9,29.4,39.0,37.0,25.0,0.0,0.5,0.0,6.0,6.0,4.0,0.0,24.0,24.0,24.0,85.0,83.0,56.0,26.0,26.0,300.0,0.0,0.0,0.0,0.0,0.0,0.0,0.0,0.0,0.0
9.9,267.26,0.24,0.27,0.25,5.7,7.7,8.86,9.91,13.8,-0.03,0.05,177.8,4.4,299.0,1.0,1.0,280.0,680.0,335.0,0.0,303.0,9.9,450.7,308.0,34.7,34.1,0.8,2.8,2067.6,0.0,16.83,20.0,27.2,30.9,26.5,27.5,30.0,26.9,28.3,26.7,39.8,38.5,25.4,26.2,26.9,29.3,39.0,37.0,25.0,-0.1,0.3,0.0,6.0,6.0,4.0,0.0,24.0,24.0,24.0,85.0,83.0,57.0,26.0,26.0,300.0,0.0,0.0,0.0,0.0,0.0,0.0,0.0,0.0,0.0
9.15,343.26,0.24,0.27,0.25,6.72,8.2,7.78,9.17,18.6,0.06,0.06,177.9,4.9,298.0,1.0,1.0,211.0,680.0,250.0,0.0,245.0,9.16,383.9,260.0,34.4,33.7,0.8,2.8,1750.3,0.0,16.35,20.1,27.3,30.9,26.7,27.5,30.1,26.9,28.5,28.4,39.8,38.5,25.3,26.2,26.9,29.4,38.0,37.0,25.0,0.4,0.0,0.0,6.0,6.0,4.0,0.0,24.0,24.0,24.0,85.0,83.0,58.0,26.0,26.0,300.0,0.0,0.0,0.0,0.0,0.0,0.0,0.0,0.0,0.0
9.09,339.26,0.24,0.27,0.25,6.48,8.7,7.96,9.08,12.5,0.01,-0.05,177.7,4.9,297.0,1.0,1.0,210.0,681.0,244.0,0.0,234.0,9.06,374.0,255.0,34.1,33.9,0.8,2.8,1750.3,0.0,16.35,20.1,27.3,30.9,26.6,27.5,30.0,27.0,28.3,26.9,39.8,38.5,25.3,26.2,26.9,29.4,38.0,37.0,25.0,0.1,0.0,0.0,6.0,6.0,4.0,0.0,24.0,24.0,24.0,85.0,83.0,58.0,26.0,26.0,300.0,0.0,0.0,0.0,0.0,0.0,0.0,0.0,0.0,0.0
11.02,309.38,0.24,0.27,0.25,8.14,9.78,10.44,11.04,6.6,-0.02,0.02,178.9,5.7,302.0,1.0,1.0,364.0,681.0,437.0,0.0,425.0,11.02,554.7,377.0,33.9,33.6,0.8,2.8,1750.3,0.0,16.35,20.0,27.3,31.0,26.7,27.6,30.1,27.0,28.5,28.2,39.9,38.6,25.4,26.3,26.9,29.4,39.0,37.0,25.0,0.2,0.4,0.2,6.0,6.0,4.0,0.0,24.0,24.0,24.0,85.0,83.0,58.0,26.0,26.0,300.0,0.0,0.0,0.0,0.0,0.0,0.0,0.0,0.0,0.0
9.1,213.98,0.23,0.26,0.25,5.48,5.6,9.8,9.11,22.1,0.03,0.07,177.9,4.0,300.0,1.0,1.0,202.0,680.0,244.0,0.0,232.0,9.08,373.7,254.0,34.2,33.5,0.8,2.8,2067.6,0.0,16.83,20.1,27.3,30.9,26.6,27.5,30.0,26.9,28.3,26.8,39.8,38.5,25.4,26.2,26.9,29.4,38.0,37.0,25.0,-0.2,0.2,0.0,6.0,6.0,4.0,0.0,24.0,24.0,24.0,85.0,83.0,58.0,26.0,26.0,300.0,0.0,0.0,0.0,0.0,0.0,0.0,0.0,0.0,0.0
9.4,39.38,0.24,0.27,0.25,8.42,7.88,8.54,9.38,4.5,0.0,0.0,178.5,5.0,308.0,1.0,1.0,215.0,681.0,260.0,0.0,255.0,9.38,401.5,272.0,34.4,34.1,0.8,2.7,2067.6,0.0,16.83,20.1,27.1,30.7,26.5,27.4,29.9,26.8,28.5,29.2,39.7,38.4,25.3,26.1,26.9,29.4,38.0,37.0,25.0,0.2,-0.2,0.0,6.0,6.0,4.0,0.0,24.0,24.0,24.0,85.0,83.0,56.0,26.0,26.0,300.0,0.0,0.0,0.0,0.0,0.0,0.0,0.0,0.0,0.0
9.99,141.26,0.24,0.26,0.25,9.26,5.54,10.72,10.01,5.7,0.05,-0.01,177.7,4.9,308.0,1.0,1.0,277.0,681.0,335.0,0.0,319.0,10.0,457.4,310.0,33.9,33.7,0.8,2.8,2067.6,0.0,16.83,19.9,27.6,31.3,27.0,27.9,30.4,27.3,28.9,29.5,40.0,38.7,25.4,26.3,26.9,29.4,40.0,38.0,25.0,-0.2,0.0,0.0,6.0,6.0,4.0,0.0,24.0,24.0,24.0,85.0,84.0,60.0,26.0,26.0,300.0,0.0,0.0,0.0,0.0,0.0,0.0,0.0,0.0,0.0
9.52,55.12,0.24,0.26,0.25,8.06,6.74,8.44,9.51,0.5,0.02,0.0,177.9,4.8,301.0,1.0,1.0,236.0,680.0,284.0,0.0,277.0,9.52,412.7,283.0,34.5,34.0,0.8,2.8,2067.6,0.0,16.83,20.1,27.2,30.9,26.6,27.5,30.0,26.9,28.3,26.9,39.8,38.5,25.4,26.2,26.9,29.4,39.0,37.0,25.0,0.2,-0.1,0.2,6.0,6.0,4.0,0.0,24.0,24.0,24.0,85.0,83.0,57.0,26.0,26.0,300.0,0.0,0.0,0.0,0.0,0.0,0.0,0.0,0.0,0.0
10.5,110.74,0.24,0.26,0.25,8.02,6.2,8.48,10.44,0.6,-0.03,0.02,180.0,6.3,302.0,1.0,1.0,273.0,681.0,326.0,5.0,337.0,10.46,477.0,331.0,34.2,33.7,0.8,2.8,1750.3,0.0,16.35,20.1,27.3,30.9,26.7,27.6,30.1,27.0,28.5,28.0,39.9,38.6,25.4,26.3,26.9,29.4,38.0,37.0,25.0,0.2,0.0,0.0,6.0,6.0,4.0,0.0,24.0,24.0,24.0,85.0,83.0,58.0,26.0,26.0,300.0,0.0,0.0,0.0,0.0,0.0,0.0,0.0,0.0,0.0
9.6,258.52,0.24,0.27,0.25,5.06,7.96,8.54,9.61,-4.1,0.05,0.01,178.2,5.0,306.0,1.0,1.0,233.0,680.0,277.0,0.0,267.0,9.58,413.6,283.0,34.4,34.2,0.8,2.8,2067.6,0.0,16.83,20.1,27.2,30.7,26.5,27.4,29.9,26.9,28.3,27.5,39.7,38.4,25.3,26.2,26.9,29.4,39.0,37.0,25.0,0.0,0.7,0.0,6.0,6.0,4.0,0.0,24.0,24.0,24.0,85.0,83.0,57.0,26.0,26.0,300.0,0.0,0.0,0.0,0.0,0.0,0.0,0.0,0.0,0.0
8.88,359.64,0.24,0.27,0.25,6.74,8.22,6.78,8.91,22.7,0.0,0.04,1.5,5.5,304.0,1.0,1.0,184.0,682.0,223.0,0.0,221.0,8.9,351.9,244.0,34.6,33.9,0.8,2.7,1511.2,0.0,15.99,20.7,27.0,30.6,26.3,27.3,29.8,26.7,28.1,26.5,39.7,38.4,25.3,26.1,26.9,29.5,37.0,36.0,25.0,0.3,0.0,0.0,6.0,6.0,4.0,1.0,24.0,24.0,24.0,84.0,83.0,55.0,26.0,26.0,300.0,0.0,0.0,0.0,0.0,0.0,0.0,0.0,0.0,0.0
9.38,146.27,0.24,0.26,0.25,7.84,4.0,8.52,9.36,-7.5,0.05,0.0,179.1,4.9,305.0,1.0,1.0,226.0,682.0,274.0,0.0,260.0,9.36,402.8,273.0,34.8,34.0,0.8,2.8,2067.6,0.0,16.83,20.1,27.1,30.7,26.4,27.3,29.8,26.7,28.2,27.1,39.7,38.4,25.3,26.1,26.9,29.4,38.0,37.0,25.0,-0.2,0.0,0.2,6.0,6.0,4.0,0.0,24.0,24.0,24.0,84.0,83.0,56.0,26.0,26.0,300.0,0.0,0.0,0.0,0.0,0.0,0.0,0.0,0.0,0.0
9.38,84.38,0.24,0.26,0.25,8.3,5.08,8.02,9.37,-31.7,0.02,-0.03,1.7,5.0,325.0,1.0,1.0,228.0,680.0,275.0,0.0,261.0,9.38,395.9,274.0,34.0,33.4,0.8,2.8,2067.6,0.0,16.83,20.9,27.7,31.4,26.9,28.0,30.4,27.3,28.8,27.4,40.1,38.8,25.6,26.3,27.0,29.4,39.0,37.0,25.0,0.0,-0.1,0.0,6.0,6.0,4.0,2.0,24.0,24.0,24.0,85.0,84.0,60.0,26.0,26.0,300.0,0.0,0.0,0.0,0.0,0.0,0.0,0.0,0.0,0.0
10.41,119.99,0.24,0.26,0.25,8.18,6.22,8.88,10.42,8.3,-0.1,-0.08,177.9,5.8,304.0,1.0,1.0,294.0,681.0,357.0,0.0,352.0,10.42,491.1,335.0,34.1,33.8,0.8,2.8,2067.6,0.0,16.83,19.9,27.2,30.8,26.6,27.5,30.0,26.9,28.4,28.2,39.8,38.5,25.4,26.2,26.9,29.4,39.0,38.0,25.0,0.0,0.0,0.0,6.0,6.0,4.0,0.0,24.0,24.0,24.0,85.0,83.0,57.0,26.0,26.0,300.0,0.0,0.0,0.0,0.0,0.0,0.0,0.0,0.0,0.0
10.02,311.26,0.24,0.27,0.25,7.14,8.76,8.56,10.03,7.1,-0.05,-0.05,178.0,5.8,305.0,1.0,1.0,255.0,680.0,306.0,0.0,302.0,10.02,450.7,307.0,34.6,34.0,0.8,2.8,2067.6,0.0,16.83,20.1,27.2,30.7,26.5,27.4,29.9,26.8,28.4,27.7,39.8,38.5,25.3,26.2,26.9,29.4,39.0,37.0,25.0,0.7,0.4,0.0,6.0,6.0,4.0,0.0,24.0,24.0,24.0,85.0,83.0,57.0,26.0,26.0,300.0,0.0,0.0,0.0,0.0,0.0,0.0,0.0,0.0,0.0
8.98,328.5,0.24,0.27,0.25,6.46,8.98,8.14,8.98,0.4,0.03,0.02,138.5,4.4,298.0,1.0,1.0,188.0,680.0,217.0,0.0,216.0,8.96,361.6,246.0,34.9,34.0,0.8,2.8,1646.1,0.0,16.2,20.1,27.3,30.9,26.7,27.6,30.1,27.0,28.5,28.0,39.8,38.5,25.3,26.2,26.9,29.4,38.0,37.0,25.0,0.0,-0.2,0.0,6.0,6.0,4.0,0.0,24.0,24.0,24.0,85.0,83.0,58.0,26.0,26.0,300.0,0.0,0.0,0.0,0.0,0.0,0.0,0.0,0.0,0.0
9.26,186.98,0.24,0.26,0.25,5.5,5.38,8.74,9.26,-2.8,0.0,0.0,164.5,5.6,299.0,1.0,1.0,195.0,680.0,240.0,2.0,238.0,9.2,375.1,259.0,34.1,33.5,0.8,2.8,1646.1,0.0,16.2,20.1,27.3,30.9,26.7,27.6,30.1,27.0,28.5,28.2,39.8,38.5,25.3,26.3,26.9,29.4,38.0,37.0,25.0,-0.5,0.2,0.2,6.0,6.0,4.0,0.0,24.0,24.0,24.0,85.0,83.0,58.0,26.0,26.0,300.0,0.0,0.0,0.0,0.0,0.0,0.0,0.0,0.0,0.0
12.54,129.38,0.24,0.27,0.25,10.38,9.2,11.14,12.5,-4.4,-0.05,-0.04,178.0,6.3,309.0,1.0,1.0,496.0,682.0,596.0,3.0,601.0,12.52,706.8,483.0,34.4,33.9,0.8,2.8,2067.6,0.0,16.83,19.9,27.4,31.0,26.7,27.6,30.1,27.1,28.5,27.6,39.9,38.6,25.4,26.3,26.9,29.4,41.0,38.0,25.0,0.5,0.0,0.0,6.0,6.0,4.0,0.0,24.0,24.0,24.0,85.0,83.0,59.0,26.0,26.0,300.0,0.0,0.0,0.0,0.0,0.0,0.0,0.0,0.0,0.0
9.94,259.13,0.24,0.27,0.25,6.22,7.48,8.16,9.94,-8.5,0.0,-0.02,177.7,4.9,310.0,1.0,1.0,270.0,681.0,324.0,0.0,307.0,9.94,448.8,306.0,34.2,33.4,0.8,2.8,2067.6,0.0,16.83,20.0,27.6,31.3,27.0,27.9,30.4,27.3,28.9,29.3,40.0,38.7,25.4,26.3,26.9,29.4,39.0,38.0,25.0,0.0,0.5,0.0,6.0,6.0,4.0,0.0,24.0,24.0,24.0,85.0,84.0,60.0,26.0,26.0,300.0,0.0,0.0,0.0,0.0,0.0,0.0,0.0,0.0,0.0
9.63,235.12,0.24,0.27,0.25,5.02,7.64,8.86,9.63,-26.4,-0.03,0.0,177.7,5.5,319.0,1.0,1.0,245.0,681.0,295.0,0.0,279.0,9.62,417.5,288.0,34.1,33.7,0.8,2.8,2067.6,0.0,16.83,20.9,27.7,31.4,27.1,28.0,30.4,27.3,29.0,29.6,40.1,38.8,25.6,26.3,27.0,29.4,38.0,37.0,25.0,0.0,0.7,0.0,6.0,6.0,4.0,0.0,24.0,24.0,24.0,85.0,84.0,60.0,26.0,26.0,300.0,0.0,0.0,0.0,0.0,0.0,0.0,0.0,0.0,0.0
8.93,195.77,0.24,0.26,0.25,5.48,4.18,8.12,8.91,9.6,-0.05,-0.06,178.0,5.0,303.0,1.0,1.0,195.0,681.0,241.0,0.0,219.0,8.9,360.6,246.0,34.0,33.6,0.8,2.8,2067.6,0.0,16.83,20.1,27.3,30.9,26.6,27.5,30.0,26.9,28.3,26.8,39.8,38.5,25.4,26.2,26.9,29.4,38.0,37.0,25.0,-0.1,0.1,0.4,6.0,6.0,4.0,0.0,24.0,24.0,24.0,85.0,83.0,57.0,26.0,26.0,300.0,0.0,0.0,0.0,0.0,0.0,0.0,0.0,0.0,0.0
10.13,11.74,0.24,0.27,0.25,8.3,8.72,8.48,10.08,12.6,0.05,0.04,178.0,5.4,304.0,1.0,1.0,254.0,680.0,306.0,-2.0,311.0,10.08,457.5,311.0,34.1,33.7,0.8,2.8,2067.6,0.0,16.83,20.1,27.2,30.7,26.5,27.4,29.9,26.8,28.3,26.8,39.8,38.5,25.3,26.2,26.9,29.4,39.0,37.0,25.0,0.6,-0.2,-0.2,6.0,6.0,4.0,0.0,24.0,24.0,24.0,85.0,83.0,57.0,26.0,26.0,300.0,0.0,0.0,0.0,0.0,0.0,0.0,0.0,0.0,0.0
9.45,95.87,0.24,0.26,0.25,7.98,4.82,7.8,9.43,5.8,-0.05,0.05,178.5,5.1,308.0,1.0,1.0,221.0,681.0,268.0,0.0,258.0,9.42,399.5,274.0,34.5,33.9,0.8,2.8,2067.6,0.0,16.83,20.1,27.1,30.7,26.5,27.4,29.9,26.8,28.5,29.1,39.7,38.4,25.3,26.1,26.9,29.4,38.0,37.0,25.0,0.0,-0.2,0.2,6.0,6.0,4.0,0.0,24.0,24.0,24.0,85.0,83.0,56.0,26.0,26.0,300.0,0.0,0.0,0.0,0.0,0.0,0.0,0.0,0.0,0.0
9.15,209.02,0.24,0.26,0.25,5.82,5.76,9.56,9.16,-7.2,0.0,0.06,177.7,4.9,312.0,1.0,1.0,219.0,681.0,269.0,0.0,249.0,9.16,384.1,262.0,34.2,33.7,0.8,2.8,2067.6,0.0,16.83,20.5,27.7,31.3,27.1,28.0,30.4,27.3,28.9,29.9,40.0,38.7,25.6,26.3,27.0,29.4,39.0,37.0,25.0,-0.2,0.4,0.0,6.0,6.0,4.0,0.0,24.0,24.0,24.0,85.0,84.0,60.0,26.0,26.0,300.0,0.0,0.0,0.0,0.0,0.0,0.0,0.0,0.0,0.0
9.72,135.0,0.24,0.26,0.25,8.9,5.48,9.42,9.72,-3.3,0.04,0.05,177.6,4.9,310.0,1.0,1.0,260.0,681.0,314.0,0.0,297.0,9.72,430.9,295.0,34.2,33.3,0.8,2.8,2067.6,0.0,16.83,20.1,27.7,31.3,27.0,27.9,30.4,27.3,28.7,27.9,40.0,38.7,25.6,26.3,26.9,29.4,39.0,37.0,25.0,0.0,-0.2,0.0,6.0,6.0,4.0,0.0,24.0,24.0,24.0,85.0,84.0,60.0,26.0,26.0,300.0,0.0,0.0,0.0,0.0,0.0,0.0,0.0,0.0,0.0
9.3,121.86,0.24,0.26,0.25,9.06,4.42,9.1,9.3,4.9,0.0,0.01,1.7,5.3,296.0,1.0,1.0,214.0,682.0,256.0,-2.0,247.0,9.3,393.2,267.0,34.3,33.7,0.8,2.8,1664.7,0.0,16.23,20.3,27.1,30.6,26.4,27.3,29.8,26.7,28.1,26.5,39.7,38.4,25.3,26.1,26.9,29.4,38.0,37.0,25.0,-0.2,-0.2,0.0,6.0,6.0,4.0,1.0,24.0,24.0,24.0,84.0,83.0,55.0,26.0,26.0,300.0,0.0,0.0,0.0,0.0,0.0,0.0,0.0,0.0,0.0
9.44,162.61,0.24,0.26,0.25,6.42,5.34,9.5,9.42,1.9,0.02,-0.08,178.2,6.0,302.0,1.0,1.0,225.0,681.0,269.0,0.0,262.0,9.42,404.4,274.0,34.9,33.8,0.8,2.8,2067.6,0.0,16.83,20.1,27.2,30.7,26.5,27.4,29.9,26.8,28.4,27.9,39.7,38.4,25.3,26.1,26.9,29.4,39.0,37.0,25.0,-1.0,0.0,0.0,6.0,6.0,4.0,0.0,24.0,24.0,24.0,85.0,83.0,57.0,26.0,26.0,300.0,0.0,0.0,0.0,0.0,0.0,0.0,0.0,0.0,0.0
9.66,119.38,0.24,0.26,0.25,8.52,4.0,8.6,9.65,-23.7,-0.01,0.02,177.7,5.3,318.0,1.0,1.0,252.0,680.0,301.0,0.0,284.0,9.66,421.8,291.0,33.8,33.7,0.8,2.8,1957.0,0.0,16.66,20.9,27.7,31.3,27.0,28.0,30.4,27.3,28.8,28.2,40.1,38.8,25.6,26.3,27.0,29.4,38.0,37.0,25.0,0.0,-0.2,0.0,6.0,6.0,4.0,0.0,24.0,24.0,24.0,85.0,84.0,60.0,26.0,26.0,300.0,0.0,0.0,0.0,0.0,0.0,0.0,0.0,0.0,0.0
12.44,253.12,0.24,0.27,0.25,8.92,9.52,10.68,12.44,-10.1,0.01,-0.04,177.9,7.0,313.0,1.0,1.0,520.0,682.0,627.0,0.0,600.0,12.42,700.9,480.0,34.2,33.8,0.8,2.8,2067.6,0.0,16.83,19.9,27.5,31.0,26.7,27.7,30.2,27.1,28.4,26.6,39.9,38.6,25.4,26.3,26.9,29.3,42.0,39.0,25.0,0.0,0.0,0.0,6.0,6.0,4.0,0.0,24.0,24.0,24.0,85.0,83.0,59.0,26.0,26.0,300.0,0.0,0.0,0.0,0.0,0.0,0.0,0.0,0.0,0.0
10.1,79.24,0.24,0.26,0.25,9.86,6.76,10.3,10.11,1.3,-0.05,0.01,177.7,5.2,309.0,1.0,1.0,289.0,681.0,345.0,0.0,331.0,10.1,467.7,319.0,34.1,33.8,0.8,2.8,2067.6,0.0,16.83,19.9,27.6,31.2,27.0,27.9,30.3,27.3,28.8,29.5,40.0,38.7,25.4,26.3,26.9,29.4,40.0,38.0,25.0,-0.2,-0.5,0.0,6.0,6.0,4.0,0.0,24.0,24.0,24.0,85.0,84.0,60.0,26.0,26.0,300.0,0.0,0.0,0.0,0.0,0.0,0.0,0.0,0.0,0.0
9.59,316.37,0.24,0.27,0.25,7.24,8.48,8.56,9.6,12.3,-0.07,-0.07,177.9,3.7,299.0,1.0,1.0,256.0,680.0,309.0,0.0,281.0,9.6,424.6,288.0,34.4,34.1,0.8,2.8,2067.6,0.0,16.83,20.0,27.2,30.9,26.5,27.5,30.0,26.9,28.3,26.6,39.8,38.5,25.4,26.2,26.9,29.4,39.0,37.0,25.0,0.3,0.0,0.0,6.0,6.0,4.0,0.0,24.0,24.0,24.0,85.0,83.0,57.0,26.0,26.0,300.0,0.0,0.0,0.0,0.0,0.0,0.0,0.0,0.0,0.0
9.28,69.12,0.24,0.26,0.25,9.0,4.94,8.9,9.29,2.0,0.05,0.04,177.7,4.9,309.0,1.0,1.0,224.0,682.0,269.0,0.0,247.0,9.26,392.8,267.0,33.9,33.6,0.8,2.8,2067.6,0.0,16.83,20.4,27.7,31.3,27.0,28.0,30.4,27.3,28.8,28.4,40.0,38.7,25.6,26.3,27.0,29.4,39.0,37.0,25.0,0.0,-0.7,0.0,6.0,6.0,4.0,0.0,24.0,24.0,24.0,85.0,84.0,60.0,26.0,26.0,300.0,0.0,0.0,0.0,0.0,0.0,0.0,0.0,0.0,0.0
9.72,304.99,0.24,0.27,0.25,5.72,8.46,7.78,9.7,-17.6,0.0,-0.01,177.7,5.1,316.0,1.0,1.0,242.0,680.0,292.0,0.0,283.0,9.7,422.7,291.0,34.2,33.6,0.8,2.8,1957.0,0.0,16.66,20.9,27.7,31.3,27.0,28.0,30.4,27.3,28.8,27.8,40.1,38.8,25.6,26.3,27.0,29.4,38.0,37.0,25.0,0.0,0.4,-0.2,6.0,6.0,4.0,0.0,24.0,24.0,24.0,85.0,84.0,60.0,26.0,26.0,300.0,0.0,0.0,0.0,0.0,0.0,0.0,0.0,0.0,0.0
8.65,245.63,0.23,0.26,0.25,4.52,6.86,8.36,8.65,25.3,0.0,-0.1,177.1,5.1,306.0,1.0,1.0,172.0,682.0,204.0,-2.0,193.0,8.64,331.7,229.0,34.5,34.0,0.8,2.8,1511.2,0.0,15.99,20.8,27.0,30.6,26.4,27.3,29.8,26.7,28.3,27.9,39.7,38.3,25.2,26.1,26.9,29.5,37.0,36.0,25.0,0.0,0.9,0.0,6.0,6.0,4.0,0.0,24.0,24.0,24.0,85.0,83.0,55.0,26.0,26.0,300.0,0.0,0.0,0.0,0.0,0.0,0.0,0.0,0.0,0.0
9.48,161.64,0.24,0.26,0.25,6.34,4.02,8.74,9.49,-32.4,0.03,0.07,177.7,5.3,323.0,1.0,1.0,245.0,680.0,293.0,0.0,276.0,9.48,414.0,281.0,33.8,33.4,0.8,2.8,2067.6,0.0,16.83,20.9,27.7,31.4,27.0,28.0,30.4,27.3,28.8,28.0,40.1,38.8,25.6,26.3,27.0,29.4,38.0,37.0,25.0,-0.5,0.1,0.2,6.0,6.0,4.0,0.0,24.0,24.0,24.0,85.0,84.0,60.0,26.0,26.0,300.0,0.0,0.0,0.0,0.0,0.0,0.0,0.0,0.0,0.0
9.18,337.75,0.24,0.27,0.25,6.6,8.52,7.84,9.18,-7.2,-0.04,0.08,178.7,5.2,308.0,1.0,1.0,218.0,682.0,266.0,0.0,250.0,9.18,386.4,263.0,34.5,34.0,0.8,2.8,2067.6,0.0,16.83,20.1,27.1,30.7,26.5,27.4,29.9,26.8,28.5,29.2,39.7,38.4,25.3,26.1,26.9,29.4,39.0,37.0,25.0,0.3,0.0,0.0,6.0,6.0,4.0,0.0,24.0,24.0,24.0,84.0,83.0,56.0,26.0,26.0,300.0,0.0,0.0,0.0,0.0,0.0,0.0,0.0,0.0,0.0
9.19,80.75,0.24,0.26,0.25,8.1,4.36,7.7,9.19,-6.2,0.04,0.0,177.7,4.7,314.0,1.0,1.0,213.0,681.0,256.0,0.0,246.0,9.22,381.4,262.0,34.4,33.8,0.8,2.7,1729.6,0.0,16.32,20.9,27.7,31.4,27.0,28.0,30.4,27.3,28.9,28.8,40.1,38.8,25.6,26.3,27.0,29.3,38.0,37.0,25.0,0.0,-0.2,0.0,6.0,6.0,4.0,0.0,24.0,24.0,24.0,85.0,84.0,60.0,26.0,26.0,300.0,0.0,0.0,0.0,0.0,0.0,0.0,0.0,0.0,0.0
8.94,249.37,0.23,0.26,0.25,4.2,6.38,9.68,8.93,10.7,0.07,0.05,177.8,4.7,303.0,1.0,1.0,195.0,681.0,240.0,0.0,219.0,8.92,356.8,247.0,34.3,33.7,0.8,2.8,2067.6,0.0,16.83,20.1,27.3,30.9,26.6,27.5,30.0,26.9,28.5,28.0,39.8,38.5,25.4,26.2,26.9,29.4,38.0,37.0,25.0,0.0,0.3,-0.2,6.0,6.0,4.0,0.0,24.0,24.0,24.0,85.0,83.0,57.0,26.0,26.0,300.0,0.0,0.0,0.0,0.0,0.0,0.0,0.0,0.0,0.0
9.42,132.98,0.24,0.26,0.25,9.04,3.92,9.6,9.42,10.5,0.02,0.02,172.0,4.8,297.0,1.0,1.0,225.0,682.0,268.0,0.0,262.0,9.42,401.8,275.0,34.6,33.9,0.8,2.8,1906.4,0.0,16.59,20.2,27.1,30.7,26.4,27.3,29.8,26.8,28.3,27.7,39.7,38.4,25.3,26.1,26.9,29.4,38.0,37.0,25.0,-0.2,-0.2,0.0,6.0,6.0,4.0,0.0,24.0,24.0,24.0,85.0,83.0,55.0,26.0,26.0,300.0,0.0,0.0,0.0,0.0,0.0,0.0,0.0,0.0,0.0
9.61,14.87,0.24,0.27,0.25,7.98,7.92,8.54,9.61,-12.9,0.0,0.03,177.7,5.0,314.0,1.0,1.0,234.0,680.0,281.0,0.0,270.0,9.6,418.7,284.0,34.1,33.8,0.8,2.7,1957.0,0.0,16.66,20.9,27.7,31.3,27.0,28.0,30.4,27.3,28.7,27.5,40.1,38.8,25.6,26.3,27.0,29.4,38.0,37.0,25.0,0.2,-0.5,0.0,6.0,6.0,4.0,0.0,24.0,24.0,24.0,85.0,84.0,60.0,26.0,26.0,300.0,0.0,0.0,0.0,0.0,0.0,0.0,0.0,0.0,0.0
8.97,199.62,0.24,0.26,0.25,5.32,5.36,8.48,8.95,-18.2,-0.08,-0.01,177.7,5.8,313.0,1.0,1.0,185.0,680.0,223.0,0.0,214.0,8.94,355.5,245.0,34.0,33.8,0.8,2.8,1729.6,0.0,16.32,20.8,27.7,31.3,27.0,28.0,30.4,27.3,28.7,27.9,40.1,38.8,25.6,26.3,27.0,29.3,38.0,37.0,25.0,-0.1,0.5,0.2,6.0,6.0,4.0,0.0,24.0,24.0,24.0,85.0,84.0,60.0,26.0,26.0,300.0,0.0,0.0,0.0,0.0,0.0,0.0,0.0,0.0,0.0
9.44,180.5,0.24,0.26,0.25,6.24,4.84,8.84,9.46,-20.0,0.0,0.08,1.6,4.9,326.0,1.0,1.0,224.0,680.0,268.0,0.0,262.0,9.42,403.4,275.0,34.0,33.4,0.8,2.8,2067.6,0.0,16.83,20.9,27.7,31.4,27.0,28.0,30.4,27.3,28.7,26.9,40.1,38.8,25.7,26.3,27.0,29.5,38.0,37.0,25.0,-0.3,0.0,0.0,6.0,6.0,4.0,2.0,24.0,24.0,24.0,85.0,84.0,60.0,26.0,26.0,300.0,0.0,0.0,0.0,0.0,0.0,0.0,0.0,0.0,0.0
9.38,90.0,0.24,0.26,0.25,9.06,4.76,8.74,9.37,-6.5,-0.05,-0.03,179.1,4.6,305.0,1.0,1.0,232.0,682.0,275.0,0.0,261.0,9.38,401.5,274.0,34.8,34.0,0.8,2.7,2067.6,0.0,16.83,20.1,27.1,30.7,26.4,27.3,29.8,26.8,28.2,26.6,39.7,38.4,25.3,26.1,26.9,29.4,38.0,37.0,25.0,0.0,-0.2,0.0,6.0,6.0,4.0,0.0,24.0,24.0,24.0,84.0,83.0,56.0,26.0,26.0,300.0,0.0,0.0,0.0,0.0,0.0,0.0,0.0,0.0,0.0
12.12,57.89,0.24,0.27,0.25,9.84,9.44,11.3,12.14,-6.0,0.01,0.0,177.7,6.3,313.0,1.0,1.0,488.0,682.0,590.0,-2.0,561.0,12.12,669.5,458.0,33.6,33.6,0.8,2.8,2067.6,0.0,16.83,19.9,27.5,31.1,26.8,27.7,30.2,27.1,28.6,28.3,39.9,38.6,25.4,26.3,26.9,29.3,42.0,39.0,25.0,0.2,-0.2,0.0,6.0,6.0,4.0,0.0,24.0,24.0,24.0,85.0,84.0,59.0,26.0,26.0,300.0,0.0,0.0,0.0,0.0,0.0,0.0,0.0,0.0,0.0
9.19,2.99,0.24,0.27,0.25,6.68,8.44,7.42,9.19,-7.3,-0.1,-0.07,178.6,6.2,309.0,1.0,1.0,212.0,682.0,250.0,0.0,244.0,9.18,378.8,261.0,34.6,34.2,0.8,2.8,2067.6,0.0,16.83,20.1,27.1,30.7,26.5,27.4,29.9,26.8,28.5,29.2,39.7,38.4,25.3,26.1,26.9,29.4,38.0,37.0,25.0,0.1,-0.2,0.0,6.0,6.0,4.0,0.0,24.0,24.0,24.0,85.0,83.0,56.0,26.0,26.0,300.0,0.0,0.0,0.0,0.0,0.0,0.0,0.0,0.0,0.0
12.49,54.25,0.24,0.27,0.25,9.66,9.5,11.14,12.5,-2.7,0.0,0.05,178.0,6.7,309.0,1.0,1.0,485.0,682.0,584.0,3.0,591.0,12.5,702.1,480.0,34.0,33.6,0.8,2.8,2067.6,0.0,16.83,19.9,27.4,31.0,26.7,27.6,30.1,27.1,28.5,28.2,39.9,38.6,25.4,26.3,26.9,29.4,41.0,38.0,25.0,0.2,0.0,0.2,6.0,6.0,4.0,0.0,24.0,24.0,24.0,85.0,83.0,59.0,26.0,26.0,300.0,0.0,0.0,0.0,0.0,0.0,0.0,0.0,0.0,0.0
9.18,87.88,0.24,0.26,0.25,8.18,4.42,7.56,9.19,-4.1,-0.01,0.01,178.8,5.1,308.0,1.0,1.0,215.0,682.0,262.0,0.0,247.0,9.18,384.9,261.0,34.4,34.0,0.8,2.8,2067.6,0.0,16.83,20.1,27.1,30.7,26.5,27.4,29.9,26.8,28.3,27.7,39.7,38.4,25.3,26.1,26.9,29.4,39.0,37.0,25.0,0.0,-0.1,0.2,6.0,6.0,4.0,0.0,24.0,24.0,24.0,85.0,83.0,56.0,26.0,26.0,300.0,0.0,0.0,0.0,0.0,0.0,0.0,0.0,0.0,0.0
9.3,156.24,0.24,0.26,0.25,7.04,4.5,9.02,9.3,-0.3,-0.02,-0.01,177.7,3.8,310.0,1.0,1.0,225.0,681.0,272.0,-2.0,255.0,9.3,395.6,270.0,33.9,33.5,0.8,2.8,2067.6,0.0,16.83,20.3,27.7,31.3,27.0,28.0,30.4,27.3,28.9,29.5,40.0,38.7,25.6,26.3,26.9,29.4,39.0,37.0,25.0,-0.3,0.0,0.2,6.0,6.0,4.0,0.0,24.0,24.0,24.0,85.0,84.0,60.0,26.0,26.0,300.0,0.0,0.0,0.0,0.0,0.0,0.0,0.0,0.0,0.0
9.52,357.88,0.24,0.27,0.25,7.74,9.34,9.24,9.54,-2.0,0.01,0.04,177.8,4.7,301.0,1.0,1.0,241.0,680.0,292.0,0.0,269.0,9.54,416.5,283.0,34.2,34.0,0.8,2.8,2067.6,0.0,16.83,20.1,27.2,30.9,26.6,27.5,30.0,26.9,28.3,26.6,39.8,38.5,25.4,26.2,26.9,29.4,39.0,37.0,25.0,0.0,-0.2,-0.2,6.0,6.0,4.0,0.0,24.0,24.0,24.0,85.0,83.0,57.0,26.0,26.0,300.0,0.0,0.0,0.0,0.0,0.0,0.0,0.0,0.0,0.0
11.39,110.63,0.24,0.27,0.25,8.76,7.84,10.1,11.39,1.4,-0.01,0.03,177.6,5.0,311.0,1.0,1.0,419.0,682.0,501.0,-2.0,483.0,11.4,595.8,407.0,34.0,34.0,0.8,2.7,2067.6,0.0,16.83,19.9,27.6,31.2,26.9,27.8,30.3,27.2,28.8,29.4,40.0,38.6,25.4,26.3,26.9,29.4,41.0,39.0,25.0,0.2,0.0,0.0,6.0,6.0,4.0,0.0,24.0,24.0,24.0,85.0,84.0,59.0,26.0,26.0,300.0,0.0,0.0,0.0,0.0,0.0,0.0,0.0,0.0,0.0
10.27,24.98,0.24,0.27,0.25,8.58,8.68,9.62,10.28,5.7,0.02,0.06,178.0,5.2,305.0,1.0,1.0,287.0,680.0,341.0,0.0,332.0,10.26,479.0,325.0,34.1,33.6,0.8,2.8,2067.6,0.0,16.83,20.1,27.2,30.8,26.5,27.4,30.0,26.9,28.4,28.2,39.8,38.5,25.3,26.3,26.9,29.4,39.0,37.0,25.0,0.4,-0.4,0.0,6.0,6.0,4.0,0.0,24.0,24.0,24.0,85.0,83.0,57.0,26.0,26.0,300.0,0.0,0.0,0.0,0.0,0.0,0.0,0.0,0.0,0.0
8.94,341.89,0.24,0.27,0.25,5.98,7.58,7.26,8.93,10.0,0.1,-0.01,178.0,3.8,303.0,1.0,1.0,204.0,680.0,250.0,0.0,225.0,8.92,363.0,250.0,34.4,34.1,0.8,2.8,2067.6,0.0,16.83,20.1,27.3,30.9,26.6,27.5,30.0,26.9,28.6,29.1,39.8,38.5,25.3,26.2,26.9,29.4,39.0,37.0,25.0,0.4,0.2,0.0,6.0,6.0,4.0,0.0,24.0,24.0,24.0,85.0,83.0,57.0,26.0,26.0,300.0,0.0,0.0,0.0,0.0,0.0,0.0,0.0,0.0,0.0
9.3,212.0,0.24,0.26,0.25,4.7,6.16,9.5,9.31,-1.9,0.05,-0.05,177.8,4.2,310.0,1.0,1.0,227.0,681.0,278.0,0.0,253.0,9.3,391.8,269.0,34.2,33.5,0.8,2.8,2067.6,0.0,16.83,20.4,27.7,31.3,27.0,27.9,30.4,27.3,28.8,28.5,40.0,38.7,25.6,26.3,26.9,29.4,39.0,37.0,25.0,-0.2,0.3,0.0,6.0,6.0,4.0,0.0,24.0,24.0,24.0,85.0,84.0,60.0,26.0,26.0,300.0,0.0,0.0,0.0,0.0,0.0,0.0,0.0,0.0,0.0
9.14,268.74,0.24,0.27,0.25,4.82,7.14,8.58,9.13,19.9,-0.01,-0.06,177.8,4.3,300.0,1.0,1.0,203.0,681.0,237.0,0.0,235.0,9.12,372.0,257.0,34.1,33.4,0.8,2.8,2067.6,0.0,16.83,20.1,27.3,30.9,26.7,27.5,30.0,26.9,28.4,27.8,39.8,38.5,25.4,26.2,26.9,29.4,38.0,37.0,25.0,0.0,0.2,0.0,6.0,6.0,4.0,0.0,24.0,24.0,24.0,85.0,83.0,58.0,26.0,26.0,300.0,0.0,0.0,0.0,0.0,0.0,0.0,0.0,0.0,0.0
10.48,239.26,0.24,0.27,0.25,7.8,8.4,10.68,10.52,1.4,0.02,0.02,177.8,4.3,311.0,1.0,1.0,342.0,681.0,410.0,-2.0,375.0,10.5,505.7,347.0,34.1,34.0,0.8,2.7,2067.6,0.0,16.83,19.9,27.6,31.2,26.9,27.9,30.3,27.2,28.7,28.8,40.0,38.6,25.4,26.3,26.9,29.4,41.0,39.0,25.0,0.0,0.0,0.0,6.0,6.0,4.0,0.0,24.0,24.0,24.0,85.0,84.0,59.0,26.0,26.0,300.0,0.0,0.0,0.0,0.0,0.0,0.0,0.0,0.0,0.0
9.52,202.61,0.24,0.26,0.25,5.48,6.74,10.36,9.53,-9.6,0.04,0.03,177.7,4.6,313.0,1.0,1.0,227.0,680.0,271.0,0.0,270.0,9.52,408.7,278.0,33.9,33.5,0.8,2.8,1957.0,0.0,16.66,20.9,27.7,31.3,27.0,28.0,30.4,27.3,28.8,28.4,40.1,38.8,25.6,26.3,27.0,29.4,38.0,37.0,25.0,-0.4,0.1,0.0,6.0,6.0,4.0,0.0,24.0,24.0,24.0,85.0,84.0,60.0,26.0,26.0,300.0,0.0,0.0,0.0,0.0,0.0,0.0,0.0,0.0,0.0
9.24,247.0,0.24,0.27,0.25,5.2,7.48,8.68,9.25,-1.9,-0.02,0.02,177.7,4.3,314.0,1.0,1.0,213.0,680.0,260.0,0.0,242.0,9.26,386.1,264.0,34.1,33.3,0.8,2.8,1729.6,0.0,16.32,20.9,27.7,31.4,27.0,28.0,30.4,27.3,28.7,27.3,40.1,38.7,25.6,26.3,27.0,29.3,38.0,37.0,25.0,0.0,0.5,0.0,6.0,6.0,4.0,0.0,24.0,24.0,24.0,85.0,84.0,60.0,26.0,26.0,300.0,0.0,0.0,0.0,0.0,0.0,0.0,0.0,0.0,0.0
9.31,230.76,0.24,0.26,0.25,6.14,6.28,9.24,9.32,-4.7,0.0,0.05,178.5,6.0,310.0,1.0,1.0,218.0,681.0,257.0,0.0,245.0,9.3,387.4,267.0,34.5,33.7,0.8,2.8,2067.6,0.0,16.83,20.1,27.1,30.7,26.4,27.4,29.8,26.8,28.2,26.5,39.7,38.4,25.3,26.1,26.9,29.4,38.0,37.0,25.0,0.0,0.3,0.0,6.0,6.0,4.0,0.0,24.0,24.0,24.0,85.0,83.0,56.0,26.0,26.0,300.0,0.0,0.0,0.0,0.0,0.0,0.0,0.0,0.0,0.0
9.36,44.39,0.24,0.26,0.25,7.84,6.0,7.66,9.38,-4.1,0.02,-0.05,177.7,3.6,310.0,1.0,1.0,239.0,681.0,286.0,0.0,263.0,9.36,399.7,274.0,34.3,33.9,0.8,2.8,2067.6,0.0,16.83,20.3,27.7,31.3,27.0,28.0,30.4,27.3,28.8,28.5,40.0,38.7,25.6,26.3,26.9,29.4,39.0,37.0,25.0,0.2,-0.5,0.0,6.0,6.0,4.0,0.0,24.0,24.0,24.0,85.0,84.0,60.0,26.0,26.0,300.0,0.0,0.0,0.0,0.0,0.0,0.0,0.0,0.0,0.0
9.91,170.75,0.24,0.26,0.25,7.88,6.02,9.38,9.85,-6.4,-0.02,-0.01,180.7,5.9,302.0,1.0,1.0,229.0,680.0,277.0,3.0,280.0,9.84,421.2,293.0,33.9,33.5,0.8,2.8,1750.3,0.0,16.35,20.1,27.3,30.9,26.6,27.6,30.0,27.0,28.3,26.8,39.9,38.6,25.3,26.3,26.9,29.4,38.0,37.0,25.0,-0.2,0.0,0.0,6.0,6.0,4.0,0.0,24.0,24.0,24.0,85.0,83.0,58.0,26.0,26.0,300.0,0.0,0.0,0.0,0.0,0.0,0.0,0.0,0.0,0.0
9.45,152.64,0.24,0.26,0.25,7.86,4.58,8.96,9.45,7.7,-0.05,-0.05,178.5,5.0,308.0,1.0,1.0,227.0,681.0,269.0,0.0,262.0,9.44,400.5,275.0,34.3,33.6,0.8,2.8,2067.6,0.0,16.83,20.1,27.1,30.7,26.5,27.4,29.9,26.8,28.4,28.2,39.7,38.4,25.3,26.1,26.9,29.4,38.0,37.0,25.0,-0.2,0.0,0.2,6.0,6.0,4.0,0.0,24.0,24.0,24.0,85.0,83.0,56.0,26.0,26.0,300.0,0.0,0.0,0.0,0.0,0.0,0.0,0.0,0.0,0.0
10.29,333.36,0.24,0.27,0.25,8.04,9.52,9.68,10.29,4.5,0.0,-0.01,177.9,5.5,305.0,1.0,1.0,296.0,680.0,353.0,0.0,339.0,10.28,478.9,327.0,34.4,33.8,0.8,2.8,2067.6,0.0,16.83,20.0,27.2,30.8,26.6,27.5,29.9,26.9,28.5,29.3,39.8,38.5,25.3,26.2,26.9,29.4,39.0,37.0,25.0,0.0,0.0,0.0,6.0,6.0,4.0,0.0,24.0,24.0,24.0,85.0,83.0,57.0,26.0,26.0,300.0,0.0,0.0,0.0,0.0,0.0,0.0,0.0,0.0,0.0
11.23,351.36,0.24,0.27,0.25,9.02,8.76,9.7,11.22,-14.5,0.08,-0.04,178.0,6.9,308.0,1.0,1.0,355.0,681.0,433.0,0.0,427.0,11.22,563.9,387.0,34.0,34.0,0.8,2.8,2067.6,0.0,16.83,19.8,27.4,31.0,26.8,27.6,30.1,27.0,28.7,29.3,39.9,38.6,25.4,26.3,26.9,29.4,40.0,38.0,25.0,0.0,-0.2,0.2,6.0,6.0,4.0,0.0,24.0,24.0,24.0,85.0,83.0,58.0,26.0,26.0,300.0,0.0,0.0,0.0,0.0,0.0,0.0,0.0,0.0,0.0
9.39,353.38,0.24,0.27,0.25,6.7,7.86,7.42,9.4,10.4,0.0,-0.07,178.0,5.0,301.0,1.0,1.0,226.0,681.0,274.0,0.0,261.0,9.4,401.2,274.0,34.3,34.0,0.8,2.8,2067.6,0.0,16.83,20.1,27.2,30.7,26.5,27.4,29.9,26.8,28.4,28.1,39.7,38.4,25.3,26.1,26.9,29.4,39.0,37.0,25.0,0.4,0.0,0.0,6.0,6.0,4.0,0.0,24.0,24.0,24.0,85.0,83.0,56.0,26.0,26.0,300.0,0.0,0.0,0.0,0.0,0.0,0.0,0.0,0.0,0.0
10.38,355.25,0.24,0.27,0.25,8.34,9.36,9.76,10.38,5.7,0.03,-0.04,177.9,6.1,304.0,1.0,1.0,294.0,680.0,351.0,0.0,347.0,10.38,484.0,332.0,34.6,34.3,0.8,2.8,2067.6,0.0,16.83,19.9,27.2,30.8,26.5,27.4,29.9,26.9,28.3,26.7,39.8,38.5,25.4,26.2,26.9,29.4,39.0,38.0,25.0,0.0,0.0,0.0,6.0,6.0,4.0,0.0,24.0,24.0,24.0,85.0,83.0,57.0,26.0,26.0,300.0,0.0,0.0,0.0,0.0,0.0,0.0,0.0,0.0,0.0
9.15,38.27,0.24,0.26,0.25,7.7,6.72,7.76,9.16,17.8,-0.05,-0.07,177.9,4.9,298.0,1.0,1.0,216.0,680.0,256.0,0.0,244.0,9.16,377.1,261.0,34.1,33.8,0.8,2.8,1750.3,0.0,16.35,20.1,27.3,30.9,26.7,27.6,30.1,26.9,28.6,29.4,39.8,38.5,25.3,26.2,26.9,29.4,38.0,37.0,25.0,0.3,-0.6,0.0,6.0,6.0,4.0,0.0,24.0,24.0,24.0,85.0,83.0,58.0,26.0,26.0,300.0,0.0,0.0,0.0,0.0,0.0,0.0,0.0,0.0,0.0
9.72,224.39,0.24,0.26,0.25,6.76,7.58,10.36,9.7,17.4,-0.12,0.0,178.2,5.7,303.0,1.0,1.0,241.0,681.0,293.0,0.0,285.0,9.7,425.7,291.0,34.4,33.8,0.8,2.8,2067.6,0.0,16.83,20.1,27.2,30.7,26.5,27.4,29.9,26.8,28.5,29.0,39.7,38.4,25.3,26.1,26.9,29.4,39.0,37.0,25.0,-0.2,0.0,-0.2,6.0,6.0,4.0,0.0,24.0,24.0,24.0,85.0,83.0,56.0,26.0,26.0,300.0,0.0,0.0,0.0,0.0,0.0,0.0,0.0,0.0,0.0
12.36,116.14,0.24,0.27,0.25,9.94,8.88,10.76,12.37,-2.6,0.01,-0.04,177.8,6.1,312.0,1.0,1.0,514.0,682.0,614.0,-2.0,605.0,12.38,695.8,475.0,34.0,33.7,0.8,2.8,2067.6,0.0,16.83,19.9,27.5,31.0,26.9,27.7,30.2,27.1,28.7,29.1,39.9,38.6,25.4,26.3,26.9,29.4,42.0,40.0,25.0,0.2,-0.2,0.0,6.0,6.0,4.0,0.0,24.0,24.0,24.0,85.0,83.0,59.0,26.0,26.0,300.0,0.0,0.0,0.0,0.0,0.0,0.0,0.0,0.0,0.0
9.38,314.75,0.24,0.27,0.25,5.28,8.34,7.64,9.37,-33.7,-0.03,0.02,1.5,5.6,327.0,1.0,1.0,222.0,680.0,271.0,0.0,257.0,9.36,397.6,272.0,34.0,33.9,0.8,2.8,2067.6,0.0,16.83,20.9,27.7,31.4,27.1,28.0,30.4,27.3,29.0,29.6,40.1,38.8,25.7,26.3,27.1,29.5,39.0,37.0,25.0,0.0,0.4,-0.2,6.0,6.0,4.0,2.0,24.0,24.0,24.0,85.0,84.0,60.0,26.0,26.0,300.0,0.0,0.0,0.0,0.0,0.0,0.0,0.0,0.0,0.0
9.16,288.25,0.24,0.27,0.25,5.06,8.22,8.24,9.2,17.3,-0.07,0.0,177.9,4.6,298.0,1.0,1.0,213.0,680.0,250.0,0.0,245.0,9.18,379.5,261.0,34.1,33.7,0.8,2.8,1750.3,0.0,16.35,20.1,27.3,30.9,26.6,27.5,30.0,26.9,28.4,27.4,39.8,38.5,25.3,26.2,26.9,29.4,38.0,37.0,25.0,0.0,0.4,0.0,6.0,6.0,4.0,0.0,24.0,24.0,24.0,85.0,83.0,58.0,26.0,26.0,300.0,0.0,0.0,0.0,0.0,0.0,0.0,0.0,0.0,0.0
10.17,145.01,0.24,0.26,0.25,8.68,6.56,9.62,10.15,19.9,-0.01,-0.05,178.1,4.0,301.0,1.0,1.0,301.0,680.0,361.0,0.0,332.0,10.18,475.8,323.0,34.3,34.0,0.8,2.8,2067.6,0.0,16.83,19.9,27.2,30.8,26.5,27.5,30.0,26.9,28.3,26.4,39.8,38.5,25.4,26.2,26.9,29.4,39.0,38.0,25.0,-0.4,0.0,0.0,6.0,6.0,4.0,0.0,24.0,24.0,24.0,85.0,83.0,57.0,26.0,26.0,300.0,0.0,0.0,0.0,0.0,0.0,0.0,0.0,0.0,0.0
12.52,238.86,0.24,0.27,0.25,9.44,9.86,11.64,12.55,-12.8,-0.04,0.04,177.9,6.8,312.0,1.0,1.0,528.0,682.0,636.0,0.0,618.0,12.52,714.9,487.0,34.0,33.4,0.8,2.8,2067.6,0.0,16.83,19.9,27.5,31.0,26.8,27.7,30.1,27.1,28.6,28.3,39.9,38.6,25.4,26.3,26.9,29.4,42.0,39.0,25.0,-0.2,-0.2,0.0,6.0,6.0,4.0,0.0,24.0,24.0,24.0,85.0,83.0,59.0,26.0,26.0,300.0,0.0,0.0,0.0,0.0,0.0,0.0,0.0,0.0,0.0
9.03,22.5,0.24,0.26,0.25,7.04,6.48,7.36,9.02,4.2,-0.02,0.0,153.0,4.2,297.0,1.0,1.0,192.0,680.0,223.0,0.0,220.0,9.0,364.7,249.0,34.6,34.1,0.8,2.8,1646.1,0.0,16.2,20.1,27.3,30.9,26.6,27.6,30.1,27.0,28.4,27.1,39.8,38.5,25.3,26.2,26.9,29.4,38.0,37.0,25.0,0.2,-0.7,0.0,6.0,6.0,4.0,0.0,24.0,24.0,24.0,85.0,83.0,58.0,26.0,26.0,300.0,0.0,0.0,0.0,0.0,0.0,0.0,0.0,0.0,0.0
9.18,32.87,0.24,0.26,0.25,8.54,7.04,8.52,9.17,-5.4,0.02,-0.03,178.8,5.3,308.0,1.0,1.0,216.0,682.0,265.0,0.0,249.0,9.18,382.8,262.0,34.8,34.0,0.8,2.8,2067.6,0.0,16.83,20.1,27.1,30.7,26.5,27.4,29.9,26.8,28.4,28.7,39.7,38.4,25.3,26.1,26.9,29.4,39.0,37.0,25.0,0.0,-0.6,0.0,6.0,6.0,4.0,0.0,24.0,24.0,24.0,85.0,83.0,56.0,26.0,26.0,300.0,0.0,0.0,0.0,0.0,0.0,0.0,0.0,0.0,0.0
8.73,315.36,0.24,0.27,0.25,5.28,8.46,6.92,8.73,22.2,0.0,-0.03,1.5,4.0,293.0,1.0,1.0,197.0,680.0,231.0,0.0,213.0,8.72,346.9,238.0,34.2,33.5,0.8,2.8,1855.7,0.0,16.51,20.1,27.3,30.9,26.6,27.5,30.0,27.0,28.4,27.2,39.8,38.5,25.3,26.2,26.9,29.4,38.0,37.0,25.0,0.1,0.2,0.0,6.0,6.0,4.0,1.0,24.0,24.0,24.0,85.0,83.0,58.0,26.0,26.0,300.0,0.0,0.0,0.0,0.0,0.0,0.0,0.0,0.0,0.0
9.1,228.38,0.23,0.26,0.25,5.18,7.44,9.86,9.08,22.4,0.03,-0.1,1.6,5.3,301.0,1.0,1.0,198.0,682.0,243.0,0.0,232.0,9.08,372.7,254.0,34.8,34.3,0.8,2.8,1664.7,0.0,16.23,20.4,27.1,30.6,26.5,27.3,29.8,26.7,28.5,29.3,39.7,38.4,25.3,26.1,26.9,29.5,38.0,37.0,25.0,-0.1,0.5,-0.2,6.0,6.0,4.0,1.0,24.0,24.0,24.0,85.0,83.0,55.0,26.0,26.0,300.0,0.0,0.0,0.0,0.0,0.0,0.0,0.0,0.0,0.0
9.16,275.26,0.24,0.27,0.25,4.62,8.12,7.74,9.15,-12.7,0.03,-0.03,177.7,5.1,315.0,1.0,1.0,204.0,680.0,249.0,2.0,240.0,9.16,376.3,259.0,34.2,33.8,0.8,2.8,1729.6,0.0,16.32,20.8,27.7,31.3,27.0,28.0,30.4,27.3,28.8,28.6,40.1,38.8,25.6,26.3,27.0,29.3,38.0,37.0,25.0,0.0,0.7,-0.2,6.0,6.0,4.0,0.0,24.0,24.0,24.0,85.0,84.0,60.0,26.0,26.0,300.0,0.0,0.0,0.0,0.0,0.0,0.0,0.0,0.0,0.0
9.69,49.86,0.24,0.27,0.25,7.96,7.02,7.94,9.65,14.4,-0.09,-0.04,178.1,4.8,305.0,1.0,1.0,241.0,681.0,289.0,0.0,281.0,9.66,425.1,289.0,34.5,33.8,0.8,2.8,2067.6,0.0,16.83,20.1,27.1,30.7,26.4,27.4,29.9,26.8,28.2,26.5,39.7,38.4,25.3,26.1,26.9,29.4,39.0,37.0,25.0,0.2,-0.2,0.0,6.0,6.0,4.0,0.0,24.0,24.0,24.0,85.0,83.0,56.0,26.0,26.0,300.0,0.0,0.0,0.0,0.0,0.0,0.0,0.0,0.0,0.0
9.45,283.14,0.24,0.27,0.25,6.42,8.66,9.32,9.47,-6.7,-0.02,-0.06,177.8,3.8,303.0,1.0,1.0,234.0,680.0,280.0,0.0,270.0,9.44,410.2,279.0,34.9,34.0,0.8,2.8,2067.6,0.0,16.83,20.1,27.2,30.9,26.6,27.5,30.0,26.9,28.6,28.8,39.8,38.5,25.4,26.2,26.9,29.4,39.0,37.0,25.0,0.0,0.2,-0.2,6.0,6.0,4.0,0.0,24.0,24.0,24.0,85.0,83.0,57.0,26.0,26.0,300.0,0.0,0.0,0.0,0.0,0.0,0.0,0.0,0.0,0.0
9.03,70.74,0.24,0.26,0.25,8.64,4.58,7.42,9.01,19.8,-0.05,-0.03,1.6,5.3,303.0,1.0,1.0,199.0,682.0,234.0,0.0,227.0,9.02,363.7,252.0,34.5,33.8,0.8,2.8,1664.7,0.0,16.23,20.5,27.0,30.6,26.4,27.3,29.8,26.7,28.2,26.7,39.7,38.4,25.3,26.1,26.9,29.5,38.0,36.0,25.0,0.0,-0.4,0.0,6.0,6.0,4.0,1.0,24.0,24.0,24.0,85.0,83.0,55.0,26.0,26.0,300.0,0.0,0.0,0.0,0.0,0.0,0.0,0.0,0.0,0.0
9.6,308.88,0.24,0.27,0.25,6.96,8.66,8.64,9.63,1.4,0.0,0.02,177.7,4.2,309.0,1.0,1.0,250.0,681.0,301.0,-2.0,283.0,9.62,423.3,289.0,34.0,33.8,0.8,2.7,2067.6,0.0,16.83,20.2,27.7,31.3,27.0,27.9,30.4,27.3,28.7,28.0,40.0,38.7,25.6,26.3,26.9,29.4,39.0,37.0,25.0,0.3,0.4,0.0,6.0,6.0,4.0,0.0,24.0,24.0,24.0,85.0,84.0,60.0,26.0,26.0,300.0,0.0,0.0,0.0,0.0,0.0,0.0,0.0,0.0,0.0
10.14,18.61,0.24,0.27,0.25,8.76,9.44,10.16,10.13,3.8,0.02,0.03,177.5,5.2,309.0,1.0,1.0,296.0,681.0,358.0,0.0,337.0,10.14,466.2,320.0,34.0,33.7,0.8,2.7,2067.6,0.0,16.83,19.9,27.6,31.2,27.0,27.9,30.3,27.2,28.8,29.5,40.0,38.7,25.4,26.3,26.9,29.4,40.0,38.0,25.0,0.0,-0.4,-0.2,6.0,6.0,4.0,0.0,24.0,24.0,24.0,85.0,84.0,60.0,26.0,26.0,300.0,0.0,0.0,0.0,0.0,0.0,0.0,0.0,0.0,0.0
9.45,332.5,0.24,0.27,0.25,7.86,9.1,8.7,9.46,-5.6,-0.04,-0.05,178.1,5.4,304.0,1.0,1.0,232.0,681.0,275.0,0.0,264.0,9.44,405.5,276.0,34.4,33.8,0.8,2.8,2067.6,0.0,16.83,20.1,27.2,30.7,26.5,27.4,29.9,26.8,28.3,26.8,39.7,38.4,25.3,26.1,26.9,29.4,39.0,37.0,25.0,0.5,0.0,0.0,6.0,6.0,4.0,0.0,24.0,24.0,24.0,84.0,83.0,57.0,26.0,26.0,300.0,0.0,0.0,0.0,0.0,0.0,0.0,0.0,0.0,0.0
12.35,197.89,0.24,0.27,0.25,9.68,10.32,11.1,12.35,-3.6,0.01,0.06,178.1,6.9,309.0,1.0,1.0,454.0,681.0,549.0,3.0,562.0,12.32,676.7,464.0,34.3,33.9,0.8,2.8,2067.6,0.0,16.83,19.9,27.4,31.0,26.8,27.6,30.1,27.0,28.5,28.2,39.9,38.6,25.4,26.3,26.9,29.4,41.0,38.0,25.0,0.0,0.2,0.0,6.0,6.0,4.0,0.0,24.0,24.0,24.0,85.0,83.0,59.0,26.0,26.0,300.0,0.0,0.0,0.0,0.0,0.0,0.0,0.0,0.0,0.0
9.18,128.48,0.24,0.26,0.25,8.92,4.3,8.86,9.16,19.4,-0.04,0.01,177.9,4.4,299.0,1.0,1.0,208.0,680.0,253.0,0.0,243.0,9.18,378.8,260.0,34.4,33.9,0.8,2.8,1750.3,0.0,16.35,20.1,27.3,30.9,26.6,27.6,30.1,26.9,28.5,27.9,39.8,38.5,25.3,26.2,26.9,29.4,38.0,37.0,25.0,-0.2,-0.1,0.0,6.0,6.0,4.0,0.0,24.0,24.0,24.0,85.0,83.0,58.0,26.0,26.0,300.0,0.0,0.0,0.0,0.0,0.0,0.0,0.0,0.0,0.0
9.39,336.74,0.24,0.27,0.25,6.76,8.54,7.96,9.4,2.2,0.04,0.03,180.1,5.2,300.0,1.0,1.0,227.0,683.0,275.0,0.0,259.0,9.38,398.0,273.0,34.0,33.5,0.8,2.8,1906.4,0.0,16.59,20.2,27.1,30.7,26.4,27.3,29.8,26.7,28.2,27.0,39.7,38.4,25.3,26.1,26.9,29.4,38.0,37.0,25.0,0.3,0.0,0.0,6.0,6.0,4.0,0.0,24.0,24.0,24.0,85.0,83.0,56.0,26.0,26.0,300.0,0.0,0.0,0.0,0.0,0.0,0.0,0.0,0.0,0.0
9.56,259.74,0.24,0.27,0.25,4.9,8.32,8.52,9.56,-11.6,-0.04,-0.05,177.6,5.1,314.0,1.0,1.0,233.0,681.0,280.0,0.0,271.0,9.54,405.6,281.0,34.3,33.9,0.8,2.8,1957.0,0.0,16.66,20.9,27.7,31.3,27.0,28.0,30.4,27.3,28.7,27.5,40.1,38.8,25.6,26.3,27.0,29.4,38.0,37.0,25.0,0.0,0.9,-0.2,6.0,6.0,4.0,0.0,24.0,24.0,24.0,85.0,84.0,60.0,26.0,26.0,300.0,0.0,0.0,0.0,0.0,0.0,0.0,0.0,0.0,0.0
9.38,171.61,0.24,0.26,0.25,6.44,4.94,9.42,9.35,3.9,-0.06,0.0,177.7,4.7,312.0,1.0,1.0,216.0,680.0,259.0,0.0,251.0,9.34,389.5,269.0,33.8,33.5,0.8,2.8,1729.6,0.0,16.32,20.9,27.7,31.3,27.0,28.0,30.4,27.3,28.8,28.0,40.1,38.7,25.6,26.3,27.0,29.3,38.0,37.0,25.0,-0.6,0.0,0.2,6.0,6.0,4.0,0.0,24.0,24.0,24.0,85.0,84.0,60.0,26.0,26.0,300.0,0.0,0.0,0.0,0.0,0.0,0.0,0.0,0.0,0.0
9.39,20.12,0.24,0.27,0.25,7.48,7.3,7.42,9.41,12.4,0.06,0.06,163.1,5.4,297.0,1.0,1.0,227.0,682.0,274.0,0.0,260.0,9.4,397.6,274.0,34.5,33.6,0.8,2.8,1906.4,0.0,16.59,20.2,27.1,30.7,26.5,27.3,29.8,26.7,28.5,29.2,39.7,38.4,25.3,26.1,26.9,29.4,38.0,37.0,25.0,0.3,-0.6,0.0,6.0,6.0,4.0,0.0,24.0,24.0,24.0,84.0,83.0,55.0,26.0,26.0,300.0,0.0,0.0,0.0,0.0,0.0,0.0,0.0,0.0,0.0
8.77,346.39,0.24,0.27,0.25,6.28,8.08,6.94,8.79,-5.9,0.03,0.03,177.6,5.5,310.0,1.0,1.0,183.0,681.0,220.0,0.0,209.0,8.78,349.3,237.0,33.9,33.3,0.8,2.8,2067.6,0.0,16.83,20.8,27.7,31.4,27.0,28.0,30.4,27.3,28.9,29.5,40.1,38.7,25.6,26.3,27.0,29.3,38.0,37.0,25.0,0.4,0.0,0.0,6.0,6.0,4.0,0.0,24.0,24.0,24.0,85.0,84.0,60.0,26.0,26.0,300.0,0.0,0.0,0.0,0.0,0.0,0.0,0.0,0.0,0.0
9.24,191.48,0.24,0.26,0.25,5.4,4.86,8.74,9.24,-1.2,0.02,0.0,177.6,4.4,313.0,1.0,1.0,214.0,680.0,260.0,0.0,241.0,9.24,388.9,264.0,34.2,33.7,0.8,2.8,1729.6,0.0,16.32,20.9,27.7,31.4,27.0,28.0,30.4,27.3,28.6,27.1,40.1,38.7,25.6,26.3,27.0,29.3,38.0,37.0,25.0,-0.1,0.4,0.2,6.0,6.0,4.0,0.0,24.0,24.0,24.0,85.0,84.0,60.0,26.0,26.0,300.0,0.0,0.0,0.0,0.0,0.0,0.0,0.0,0.0,0.0
9.56,143.5,0.24,0.26,0.25,8.58,5.52,9.66,9.56,-9.9,0.0,-0.06,178.2,6.0,306.0,1.0,1.0,234.0,681.0,280.0,0.0,272.0,9.52,408.4,280.0,34.4,34.2,0.8,2.8,2067.6,0.0,16.83,20.1,27.2,30.7,26.5,27.4,29.9,26.8,28.5,29.1,39.7,38.4,25.3,26.1,26.9,29.4,39.0,37.0,25.0,-0.4,0.0,0.0,6.0,6.0,4.0,0.0,24.0,24.0,24.0,84.0,83.0,57.0,26.0,26.0,300.0,0.0,0.0,0.0,0.0,0.0,0.0,0.0,0.0,0.0
8.63,237.74,0.23,0.26,0.25,4.64,7.36,9.44,8.62,-0.8,0.07,-0.01,177.7,5.2,308.0,1.0,1.0,188.0,681.0,219.0,-2.0,201.0,8.62,335.7,232.0,34.2,33.8,0.8,2.8,2067.6,0.0,16.83,20.6,27.7,31.4,27.1,28.0,30.4,27.3,28.9,29.7,40.0,38.7,25.6,26.3,27.0,29.4,38.0,37.0,25.0,0.0,0.3,-0.2,6.0,6.0,4.0,0.0,24.0,24.0,24.0,85.0,84.0,60.0,26.0,26.0,300.0,0.0,0.0,0.0,0.0,0.0,0.0,0.0,0.0,0.0
9.96,81.11,0.24,0.26,0.25,8.88,6.38,9.26,10.01,6.2,-0.01,-0.04,177.6,5.1,308.0,1.0,1.0,280.0,681.0,339.0,0.0,316.0,10.0,461.1,311.0,34.2,34.1,0.8,2.8,2067.6,0.0,16.83,19.9,27.6,31.3,27.0,27.9,30.4,27.2,28.8,29.1,40.0,38.7,25.4,26.3,26.9,29.4,40.0,38.0,25.0,0.0,-0.4,0.0,6.0,6.0,4.0,0.0,24.0,24.0,24.0,85.0,84.0,60.0,26.0,26.0,300.0,0.0,0.0,0.0,0.0,0.0,0.0,0.0,0.0,0.0
8.84,39.38,0.24,0.26,0.25,7.66,5.8,7.28,8.81,-11.1,-0.09,-0.02,177.7,5.8,311.0,1.0,1.0,180.0,681.0,217.0,0.0,212.0,8.82,346.4,240.0,33.9,34.0,0.8,2.8,2067.6,0.0,16.83,20.8,27.7,31.4,27.0,28.0,30.4,27.3,28.8,28.4,40.1,38.7,25.6,26.3,27.0,29.3,38.0,37.0,25.0,0.5,-0.6,0.0,6.0,6.0,4.0,0.0,24.0,24.0,24.0,85.0,84.0,60.0,26.0,26.0,300.0,0.0,0.0,0.0,0.0,0.0,0.0,0.0,0.0,0.0
9.65,294.01,0.24,0.27,0.25,5.96,8.58,8.8,9.64,10.5,-0.01,-0.04,178.1,4.7,306.0,1.0,1.0,242.0,681.0,289.0,0.0,276.0,9.64,421.6,287.0,34.9,33.9,0.8,2.8,2067.6,0.0,16.83,20.1,27.1,30.7,26.5,27.4,29.9,26.8,28.3,27.9,39.7,38.4,25.3,26.1,26.9,29.4,39.0,37.0,25.0,0.0,0.2,0.0,6.0,6.0,4.0,0.0,24.0,24.0,24.0,85.0,83.0,56.0,26.0,26.0,300.0,0.0,0.0,0.0,0.0,0.0,0.0,0.0,0.0,0.0
10.78,343.87,0.24,0.27,0.25,9.36,10.24,10.76,10.81,-4.0,0.0,0.03,177.7,4.8,311.0,1.0,1.0,365.0,681.0,445.0,-2.0,406.0,10.82,537.9,368.0,33.9,33.4,0.8,2.8,2067.6,0.0,16.83,19.9,27.6,31.2,26.8,27.9,30.3,27.2,28.7,28.3,40.0,38.6,25.4,26.3,26.9,29.4,41.0,39.0,25.0,0.0,-0.2,0.0,6.0,6.0,4.0,0.0,24.0,24.0,24.0,85.0,84.0,59.0,26.0,26.0,300.0,0.0,0.0,0.0,0.0,0.0,0.0,0.0,0.0,0.0
10.9,7.63,0.24,0.27,0.25,7.86,8.3,8.9,10.84,5.0,-0.12,-0.06,179.3,6.5,302.0,1.0,1.0,306.0,681.0,370.0,3.0,372.0,10.84,518.3,359.0,34.3,34.0,0.8,2.8,1750.3,0.0,16.35,20.1,27.4,30.9,26.7,27.6,30.1,27.0,28.5,28.6,39.9,38.6,25.4,26.3,26.9,29.4,39.0,37.0,25.0,0.3,0.0,0.0,6.0,6.0,4.0,0.0,24.0,24.0,24.0,85.0,83.0,58.0,26.0,26.0,300.0,0.0,0.0,0.0,0.0,0.0,0.0,0.0,0.0,0.0
9.51,169.38,0.24,0.26,0.25,7.38,5.08,9.46,9.51,-0.1,0.08,0.04,177.9,4.3,302.0,1.0,1.0,241.0,680.0,290.0,0.0,275.0,9.5,414.2,281.0,33.9,33.9,0.8,2.8,2067.6,0.0,16.83,20.1,27.3,30.9,26.6,27.5,30.0,26.9,28.6,29.0,39.8,38.5,25.4,26.2,26.9,29.4,39.0,37.0,25.0,-0.3,0.1,0.0,6.0,6.0,4.0,0.0,24.0,24.0,24.0,85.0,83.0,57.0,26.0,26.0,300.0,0.0,0.0,0.0,0.0,0.0,0.0,0.0,0.0,0.0
9.21,198.11,0.24,0.26,0.25,6.14,6.16,10.28,9.23,15.3,0.03,0.05,1.7,5.2,297.0,1.0,1.0,207.0,682.0,247.0,-2.0,246.0,9.22,386.2,262.0,34.5,33.9,0.8,2.8,1664.7,0.0,16.23,20.3,27.1,30.6,26.5,27.3,29.8,26.7,28.4,28.2,39.7,38.4,25.3,26.1,26.9,29.5,38.0,37.0,25.0,-0.4,0.5,-0.2,6.0,6.0,4.0,1.0,24.0,24.0,24.0,84.0,83.0,55.0,26.0,26.0,300.0,0.0,0.0,0.0,0.0,0.0,0.0,0.0,0.0,0.0
9.18,73.51,0.24,0.26,0.25,7.46,5.1,6.88,9.15,21.8,-0.03,-0.07,177.8,4.5,298.0,1.0,1.0,212.0,680.0,247.0,0.0,242.0,9.16,382.6,260.0,34.7,33.9,0.8,2.8,2067.6,0.0,16.83,20.1,27.3,30.9,26.7,27.6,30.1,26.9,28.6,29.0,39.8,38.5,25.3,26.2,26.9,29.4,38.0,37.0,25.0,0.3,-0.1,0.0,6.0,6.0,4.0,0.0,24.0,24.0,24.0,85.0,83.0,58.0,26.0,26.0,300.0,0.0,0.0,0.0,0.0,0.0,0.0,0.0,0.0,0.0
8.65,7.49,0.24,0.27,0.25,6.88,7.82,6.28,8.68,20.6,-0.04,0.03,1.5,3.7,293.0,1.0,1.0,193.0,680.0,234.0,0.0,209.0,8.68,345.4,236.0,34.1,33.9,0.8,2.8,1855.7,0.0,16.51,20.1,27.3,30.9,26.6,27.5,30.0,27.0,28.3,26.7,39.8,38.5,25.3,26.2,26.9,29.4,38.0,37.0,25.0,0.5,-0.2,0.0,6.0,6.0,4.0,1.0,24.0,24.0,24.0,85.0,83.0,58.0,26.0,26.0,300.0,0.0,0.0,0.0,0.0,0.0,0.0,0.0,0.0,0.0
8.6,314.24,0.24,0.27,0.25,4.84,8.22,6.48,8.58,6.8,0.06,0.03,1.6,4.8,294.0,1.0,1.0,175.0,680.0,204.0,0.0,196.0,8.56,330.4,225.0,34.5,34.0,0.8,2.7,1646.1,0.0,16.2,20.1,27.3,30.9,26.7,27.6,30.1,27.0,28.5,27.8,39.8,38.5,25.3,26.2,26.9,29.4,38.0,37.0,25.0,0.1,0.0,0.0,6.0,6.0,4.0,1.0,24.0,24.0,24.0,85.0,83.0,58.0,26.0,26.0,300.0,0.0,0.0,0.0,0.0,0.0,0.0,0.0,0.0,0.0
9.96,197.64,0.24,0.26,0.25,7.28,6.02,8.46,9.95,-1.5,-0.06,0.03,177.7,5.3,310.0,1.0,1.0,265.0,681.0,318.0,0.0,301.0,9.94,445.9,307.0,34.0,33.7,0.8,2.8,2067.6,0.0,16.83,20.1,27.6,31.3,27.0,27.9,30.4,27.3,28.8,28.4,40.0,38.7,25.5,26.3,26.9,29.4,39.0,38.0,25.0,0.0,0.3,0.2,6.0,6.0,4.0,0.0,24.0,24.0,24.0,85.0,84.0,60.0,26.0,26.0,300.0,0.0,0.0,0.0,0.0,0.0,0.0,0.0,0.0,0.0
9.47,235.12,0.24,0.26,0.25,5.54,7.04,9.68,9.49,-6.0,0.04,-0.04,177.7,4.4,310.0,1.0,1.0,243.0,681.0,290.0,0.0,275.0,9.48,412.9,280.0,33.9,33.6,0.8,2.8,2067.6,0.0,16.83,20.2,27.7,31.3,26.9,27.9,30.4,27.3,28.7,27.2,40.0,38.7,25.6,26.3,26.9,29.4,39.0,37.0,25.0,0.0,0.3,-0.2,6.0,6.0,4.0,0.0,24.0,24.0,24.0,85.0,84.0,60.0,26.0,26.0,300.0,0.0,0.0,0.0,0.0,0.0,0.0,0.0,0.0,0.0
8.91,51.37,0.24,0.26,0.25,8.66,5.16,7.78,8.91,20.5,0.04,-0.06,2.1,4.3,294.0,1.0,1.0,199.0,680.0,240.0,0.0,222.0,8.9,359.5,248.0,34.5,34.1,0.8,2.8,1855.7,0.0,16.51,20.1,27.3,30.9,26.7,27.6,30.0,27.0,28.4,27.6,39.8,38.5,25.3,26.2,26.9,29.4,38.0,37.0,25.0,0.2,-0.7,0.0,6.0,6.0,4.0,1.0,24.0,24.0,24.0,85.0,83.0,58.0,26.0,26.0,300.0,0.0,0.0,0.0,0.0,0.0,0.0,0.0,0.0,0.0
12.59,70.99,0.24,0.27,0.25,10.78,10.48,12.96,12.58,-5.2,0.07,0.0,177.9,6.8,310.0,1.0,1.0,520.0,682.0,627.0,0.0,622.0,12.6,716.7,489.0,34.0,33.5,0.8,2.7,2067.6,0.0,16.83,19.9,27.4,31.0,26.8,27.7,30.1,27.1,28.6,28.9,39.9,38.6,25.4,26.3,26.9,29.4,41.0,39.0,25.0,-0.2,-0.5,0.3,6.0,6.0,4.0,0.0,24.0,24.0,24.0,85.0,83.0,59.0,26.0,26.0,300.0,0.0,0.0,0.0,0.0,0.0,0.0,0.0,0.0,0.0
9.06,56.12,0.24,0.26,0.25,8.24,4.42,7.82,9.06,-18.6,-0.01,-0.02,177.6,5.6,314.0,1.0,1.0,196.0,681.0,241.0,2.0,229.0,9.06,372.5,253.0,34.4,33.8,0.8,2.8,1729.6,0.0,16.32,20.8,27.7,31.4,27.0,28.0,30.4,27.3,28.8,28.5,40.1,38.7,25.6,26.3,27.0,29.3,38.0,37.0,25.0,0.4,-0.5,0.2,6.0,6.0,4.0,0.0,24.0,24.0,24.0,85.0,84.0,60.0,26.0,26.0,300.0,0.0,0.0,0.0,0.0,0.0,0.0,0.0,0.0,0.0
9.39,28.12,0.24,0.26,0.25,7.68,6.38,7.64,9.4,-28.9,-0.01,-0.03,11.4,4.9,324.0,1.0,1.0,230.0,680.0,277.0,-2.0,264.0,9.38,403.7,275.0,34.0,33.9,0.8,2.8,2067.6,0.0,16.83,20.9,27.7,31.4,27.0,28.0,30.4,27.3,28.9,28.4,40.1,38.8,25.6,26.3,27.0,29.4,38.0,37.0,25.0,0.5,-0.9,0.2,6.0,6.0,4.0,2.0,24.0,24.0,24.0,85.0,84.0,60.0,26.0,26.0,300.0,0.0,0.0,0.0,0.0,0.0,0.0,0.0,0.0,0.0
10.24,96.77,0.24,0.26,0.25,9.26,6.66,9.72,10.28,0.6,-0.04,-0.01,177.9,6.6,305.0,1.0,1.0,295.0,681.0,348.0,0.0,338.0,10.28,481.3,327.0,34.0,33.5,0.8,2.8,2067.6,0.0,16.83,20.0,27.2,30.8,26.5,27.5,30.0,26.9,28.4,28.5,39.8,38.5,25.3,26.2,26.9,29.4,39.0,37.0,25.0,0.0,-0.3,0.0,6.0,6.0,4.0,0.0,24.0,24.0,24.0,85.0,83.0,57.0,26.0,26.0,300.0,0.0,0.0,0.0,0.0,0.0,0.0,0.0,0.0,0.0
9.49,322.74,0.24,0.27,0.25,6.52,8.2,7.86,9.5,11.3,0.02,0.02,177.9,4.1,301.0,1.0,1.0,243.0,681.0,293.0,0.0,278.0,9.5,412.0,281.0,34.6,34.0,0.8,2.8,2067.6,0.0,16.83,20.1,27.2,30.7,26.5,27.4,29.9,26.8,28.4,28.5,39.8,38.4,25.3,26.1,26.9,29.4,39.0,37.0,25.0,0.6,0.2,0.0,6.0,6.0,4.0,0.0,24.0,24.0,24.0,85.0,83.0,56.0,26.0,26.0,300.0,0.0,0.0,0.0,0.0,0.0,0.0,0.0,0.0,0.0
9.94,137.88,0.24,0.26,0.25,8.24,5.52,9.02,9.97,-5.8,0.06,-0.01,177.6,5.5,310.0,1.0,1.0,264.0,681.0,317.0,0.0,308.0,9.96,447.4,307.0,34.2,34.1,0.8,2.8,2067.6,0.0,16.83,20.1,27.6,31.3,27.0,27.9,30.4,27.3,28.7,27.6,40.0,38.7,25.5,26.3,26.9,29.4,39.0,38.0,25.0,0.0,0.0,0.0,6.0,6.0,4.0,0.0,24.0,24.0,24.0,85.0,84.0,60.0,26.0,26.0,300.0,0.0,0.0,0.0,0.0,0.0,0.0,0.0,0.0,0.0
11.73,274.61,0.24,0.27,0.25,9.76,9.78,11.86,11.74,-1.4,0.01,0.02,177.7,5.8,312.0,1.0,1.0,445.0,682.0,534.0,-2.0,520.0,11.74,626.4,429.0,33.7,33.6,0.8,2.8,2067.6,0.0,16.83,19.9,27.5,31.2,26.9,27.8,30.3,27.2,28.8,29.5,39.9,38.6,25.4,26.3,26.9,29.4,42.0,39.0,25.0,0.0,0.0,0.0,6.0,6.0,4.0,0.0,24.0,24.0,24.0,85.0,84.0,59.0,26.0,26.0,300.0,0.0,0.0,0.0,0.0,0.0,0.0,0.0,0.0,0.0
9.94,199.37,0.24,0.26,0.25,6.98,6.34,9.1,9.94,-9.0,-0.03,0.02,177.6,4.5,310.0,1.0,1.0,268.0,681.0,324.0,0.0,299.0,9.94,447.3,306.0,34.0,33.6,0.8,2.8,2067.6,0.0,16.83,20.0,27.6,31.3,27.0,27.9,30.4,27.3,28.9,29.6,40.0,38.7,25.4,26.3,26.9,29.4,39.0,38.0,25.0,-0.2,0.3,0.0,6.0,6.0,4.0,0.0,24.0,24.0,24.0,85.0,84.0,60.0,26.0,26.0,300.0,0.0,0.0,0.0,0.0,0.0,0.0,0.0,0.0,0.0
9.4,146.12,0.24,0.26,0.25,7.94,4.3,8.5,9.39,5.1,0.03,0.04,179.9,5.1,299.0,1.0,1.0,224.0,683.0,268.0,0.0,261.0,9.4,404.4,274.0,34.7,33.9,0.8,2.8,2067.6,0.0,16.83,20.2,27.1,30.7,26.5,27.3,29.8,26.8,28.4,29.1,39.7,38.4,25.3,26.1,26.9,29.4,38.0,37.0,25.0,-0.2,0.0,0.0,6.0,6.0,4.0,0.0,24.0,24.0,24.0,84.0,83.0,56.0,26.0,26.0,300.0,0.0,0.0,0.0,0.0,0.0,0.0,0.0,0.0,0.0
9.69,107.89,0.24,0.26,0.25,8.3,4.42,7.98,9.67,14.7,-0.05,-0.01,178.2,5.4,304.0,1.0,1.0,243.0,681.0,292.0,0.0,282.0,9.68,426.2,289.0,34.1,33.9,0.8,2.8,2067.6,0.0,16.83,20.1,27.1,30.7,26.5,27.4,29.9,26.8,28.3,27.1,39.7,38.4,25.3,26.1,26.9,29.4,39.0,37.0,25.0,0.0,-0.1,0.0,6.0,6.0,4.0,0.0,24.0,24.0,24.0,85.0,83.0,56.0,26.0,26.0,300.0,0.0,0.0,0.0,0.0,0.0,0.0,0.0,0.0,0.0
9.85,326.63,0.24,0.27,0.25,7.0,8.4,8.36,9.91,13.8,0.02,-0.02,177.8,4.3,299.0,1.0,1.0,277.0,680.0,332.0,0.0,307.0,9.88,450.2,305.0,34.9,34.3,0.8,2.8,2067.6,0.0,16.83,20.0,27.2,30.8,26.6,27.5,30.0,26.9,28.4,27.7,39.8,38.5,25.4,26.3,26.9,29.4,39.0,37.0,25.0,0.5,0.2,0.0,6.0,6.0,4.0,0.0,24.0,24.0,24.0,85.0,83.0,57.0,26.0,26.0,300.0,0.0,0.0,0.0,0.0,0.0,0.0,0.0,0.0,0.0
9.4,302.26,0.24,0.27,0.25,5.4,8.7,8.26,9.4,9.4,0.02,0.02,180.9,4.9,298.0,1.0,1.0,230.0,682.0,275.0,0.0,261.0,9.4,404.3,274.0,34.6,33.9,0.8,2.8,1906.4,0.0,16.59,20.2,27.1,30.7,26.4,27.3,29.8,26.7,28.2,27.3,39.7,38.4,25.3,26.1,26.9,29.4,38.0,37.0,25.0,0.0,0.4,0.0,6.0,6.0,4.0,0.0,24.0,24.0,24.0,84.0,83.0,56.0,26.0,26.0,300.0,0.0,0.0,0.0,0.0,0.0,0.0,0.0,0.0,0.0
8.98,250.38,0.24,0.26,0.25,4.92,6.74,8.56,8.99,17.0,0.05,0.02,177.8,4.6,296.0,1.0,1.0,207.0,681.0,244.0,0.0,229.0,8.98,371.5,252.0,34.2,33.5,0.8,2.8,1855.7,0.0,16.51,20.1,27.3,30.9,26.6,27.6,30.0,27.0,28.4,28.0,39.8,38.5,25.3,26.2,26.9,29.4,38.0,37.0,25.0,0.0,0.6,0.0,6.0,6.0,4.0,0.0,24.0,24.0,24.0,85.0,83.0,58.0,26.0,26.0,300.0,0.0,0.0,0.0,0.0,0.0,0.0,0.0,0.0,0.0
11.15,217.12,0.24,0.27,0.25,8.94,9.04,10.56,11.1,-13.5,0.01,0.01,178.2,6.0,307.0,1.0,1.0,355.0,681.0,421.0,0.0,423.0,11.1,555.0,379.0,33.9,33.7,0.8,2.8,2067.6,0.0,16.83,19.8,27.4,31.0,26.8,27.6,30.1,27.0,28.6,28.1,39.9,38.6,25.4,26.3,26.9,29.4,40.0,38.0,25.0,0.2,0.0,0.0,6.0,6.0,4.0,0.0,24.0,24.0,24.0,85.0,83.0,58.0,26.0,26.0,300.0,0.0,0.0,0.0,0.0,0.0,0.0,0.0,0.0,0.0
8.61,59.51,0.24,0.26,0.25,8.04,3.88,6.68,8.64,22.8,0.0,0.04,1.6,3.5,292.0,1.0,1.0,186.0,680.0,229.0,0.0,207.0,8.64,342.9,234.0,34.6,34.3,0.8,2.8,1855.7,0.0,16.51,20.1,27.3,30.9,26.6,27.5,30.0,27.0,28.4,27.1,39.8,38.5,25.3,26.2,26.9,29.4,38.0,37.0,25.0,0.2,-0.3,0.1,6.0,6.0,4.0,1.0,24.0,24.0,24.0,85.0,83.0,58.0,26.0,26.0,300.0,0.0,0.0,0.0,0.0,0.0,0.0,0.0,0.0,0.0
9.28,169.24,0.24,0.26,0.25,6.64,4.36,9.02,9.28,-6.1,0.0,-0.03,178.6,5.9,310.0,1.0,1.0,215.0,681.0,262.0,0.0,242.0,9.26,388.2,264.0,34.2,33.9,0.8,2.8,2067.6,0.0,16.83,20.1,27.1,30.7,26.4,27.4,29.9,26.8,28.2,26.9,39.7,38.4,25.3,26.1,26.9,29.4,38.0,37.0,25.0,-0.1,0.1,0.2,6.0,6.0,4.0,0.0,24.0,24.0,24.0,85.0,83.0,56.0,26.0,26.0,300.0,0.0,0.0,0.0,0.0,0.0,0.0,0.0,0.0,0.0
9.54,71.24,0.24,0.26,0.25,8.68,6.7,9.16,9.56,9.4,-0.03,0.04,177.9,4.0,299.0,1.0,1.0,251.0,680.0,299.0,0.0,274.0,9.56,413.2,284.0,34.4,33.5,0.8,2.8,2067.6,0.0,16.83,20.0,27.2,30.9,26.6,27.5,30.0,26.9,28.5,28.2,39.8,38.5,25.4,26.2,26.9,29.4,39.0,37.0,25.0,0.0,-0.1,0.0,6.0,6.0,4.0,0.0,24.0,24.0,24.0,85.0,83.0,57.0,26.0,26.0,300.0,0.0,0.0,0.0,0.0,0.0,0.0,0.0,0.0,0.0
12.51,313.99,0.24,0.27,0.25,10.34,9.7,10.64,12.52,-11.9,0.02,0.02,177.8,6.5,312.0,1.0,1.0,528.0,682.0,635.0,0.0,614.0,12.5,707.9,486.0,34.2,33.9,0.8,2.8,2067.6,0.0,16.83,19.9,27.5,31.0,26.8,27.7,30.2,27.1,28.7,29.1,39.9,38.6,25.4,26.3,26.9,29.4,42.0,39.0,25.0,0.7,0.0,0.0,6.0,6.0,4.0,0.0,24.0,24.0,24.0,85.0,83.0,59.0,26.0,26.0,300.0,0.0,0.0,0.0,0.0,0.0,0.0,0.0,0.0,0.0
8.88,306.25,0.24,0.27,0.25,4.82,8.26,7.92,8.88,24.0,-0.02,-0.06,1.5,5.6,304.0,1.0,1.0,182.0,682.0,226.0,0.0,217.0,8.86,355.1,242.0,34.4,33.9,0.8,2.8,1511.2,0.0,15.99,20.7,27.0,30.6,26.4,27.3,29.8,26.7,28.2,27.3,39.7,38.4,25.3,26.1,26.9,29.5,37.0,36.0,25.0,0.0,0.4,0.0,6.0,6.0,4.0,1.0,24.0,24.0,24.0,84.0,83.0,55.0,26.0,26.0,300.0,0.0,0.0,0.0,0.0,0.0,0.0,0.0,0.0,0.0
10.44,10.26,0.24,0.27,0.25,7.92,8.04,9.02,10.45,8.8,-0.02,-0.06,177.8,5.2,304.0,1.0,1.0,302.0,680.0,366.0,0.0,358.0,10.42,493.9,337.0,34.6,34.2,0.8,2.8,2067.6,0.0,16.83,19.9,27.2,30.8,26.5,27.5,30.0,26.9,28.3,27.0,39.8,38.5,25.4,26.2,26.9,29.4,39.0,38.0,25.0,0.4,0.0,0.0,6.0,6.0,4.0,0.0,24.0,24.0,24.0,85.0,83.0,57.0,26.0,26.0,300.0,0.0,0.0,0.0,0.0,0.0,0.0,0.0,0.0,0.0
9.39,55.01,0.24,0.26,0.25,8.52,5.96,7.64,9.39,9.4,-0.08,-0.08,180.5,4.7,298.0,1.0,1.0,230.0,683.0,277.0,0.0,258.0,9.38,399.6,273.0,34.4,33.8,0.8,2.7,1906.4,0.0,16.59,20.2,27.1,30.7,26.5,27.3,29.8,26.7,28.4,29.2,39.7,38.4,25.3,26.1,26.9,29.4,38.0,37.0,25.0,0.2,-0.5,0.0,6.0,6.0,4.0,0.0,24.0,24.0,24.0,85.0,83.0,56.0,26.0,26.0,300.0,0.0,0.0,0.0,0.0,0.0,0.0,0.0,0.0,0.0
9.24,43.38,0.24,0.26,0.25,7.86,5.98,7.42,9.26,-6.0,-0.07,0.05,177.6,4.5,311.0,1.0,1.0,221.0,681.0,263.0,-2.0,247.0,9.26,389.4,267.0,34.2,33.7,0.8,2.8,2067.6,0.0,16.83,20.5,27.7,31.3,27.0,28.0,30.4,27.3,28.6,27.2,40.0,38.7,25.6,26.3,27.0,29.4,39.0,37.0,25.0,0.5,-0.5,0.0,6.0,6.0,4.0,0.0,24.0,24.0,24.0,85.0,84.0,60.0,26.0,26.0,300.0,0.0,0.0,0.0,0.0,0.0,0.0,0.0,0.0,0.0
9.38,258.62,0.24,0.27,0.25,4.68,7.56,8.94,9.38,-32.3,0.08,-0.02,1.5,5.9,326.0,1.0,1.0,228.0,680.0,271.0,0.0,257.0,9.36,400.1,272.0,33.9,33.7,0.8,2.8,2067.6,0.0,16.83,20.9,27.7,31.4,27.0,28.0,30.4,27.3,28.9,28.6,40.1,38.8,25.6,26.3,27.1,29.5,39.0,37.0,25.0,-0.1,0.5,-0.2,6.0,6.0,4.0,2.0,24.0,24.0,24.0,85.0,84.0,60.0,26.0,26.0,300.0,0.0,0.0,0.0,0.0,0.0,0.0,0.0,0.0,0.0
9.44,202.61,0.24,0.26,0.25,6.58,5.88,10.22,9.41,4.2,-0.04,-0.05,179.8,5.1,300.0,1.0,1.0,229.0,682.0,277.0,0.0,260.0,9.4,400.3,274.0,34.5,33.8,0.8,2.8,2067.6,0.0,16.83,20.2,27.1,30.7,26.4,27.3,29.8,26.8,28.3,28.3,39.7,38.4,25.3,26.1,26.9,29.4,38.0,37.0,25.0,-0.3,0.4,0.0,6.0,6.0,4.0,0.0,24.0,24.0,24.0,85.0,83.0,56.0,26.0,26.0,300.0,0.0,0.0,0.0,0.0,0.0,0.0,0.0,0.0,0.0
10.41,301.86,0.24,0.27,0.25,7.68,9.66,10.12,10.45,2.8,-0.07,-0.06,177.7,4.8,310.0,1.0,1.0,337.0,681.0,399.0,-4.0,375.0,10.42,503.9,342.0,34.0,34.0,0.8,2.8,2067.6,0.0,16.83,19.9,27.6,31.2,26.9,27.9,30.3,27.2,28.8,29.8,40.0,38.6,25.4,26.3,26.9,29.4,40.0,38.0,25.0,0.5,0.0,-0.2,6.0,6.0,4.0,0.0,24.0,24.0,24.0,85.0,84.0,59.0,26.0,26.0,300.0,0.0,0.0,0.0,0.0,0.0,0.0,0.0,0.0,0.0
9.16,11.12,0.24,0.27,0.25,6.48,7.64,7.32,9.17,-0.6,-0.06,0.0,177.9,4.3,305.0,1.0,1.0,228.0,680.0,272.0,0.0,254.0,9.18,390.6,265.0,34.4,33.8,0.8,2.8,2067.6,0.0,16.83,20.1,27.3,30.9,26.6,27.5,30.0,26.9,28.4,27.8,39.8,38.5,25.4,26.2,26.9,29.4,39.0,37.0,25.0,0.2,0.0,0.0,6.0,6.0,4.0,0.0,24.0,24.0,24.0,85.0,83.0,57.0,26.0,26.0,300.0,0.0,0.0,0.0,0.0,0.0,0.0,0.0,0.0,0.0
12.16,344.99,0.24,0.27,0.25,10.3,10.04,11.26,12.14,-6.5,-0.01,-0.05,177.6,5.9,313.0,1.0,1.0,489.0,682.0,593.0,0.0,566.0,12.14,677.6,460.0,34.0,33.7,0.8,2.8,2067.6,0.0,16.83,19.9,27.5,31.1,26.9,27.7,30.2,27.1,28.7,29.2,39.9,38.6,25.4,26.3,26.9,29.4,42.0,39.0,25.0,-0.2,0.0,0.0,6.0,6.0,4.0,0.0,24.0,24.0,24.0,85.0,84.0,59.0,26.0,26.0,300.0,0.0,0.0,0.0,0.0,0.0,0.0,0.0,0.0,0.0
9.28,3.89,0.24,0.27,0.25,7.0,7.9,7.64,9.3,3.8,-0.07,0.0,177.6,4.2,312.0,1.0,1.0,218.0,680.0,265.0,0.0,245.0,9.28,385.3,266.0,34.3,33.8,0.8,2.8,1729.6,0.0,16.32,20.9,27.7,31.3,27.1,28.0,30.4,27.3,28.9,29.2,40.1,38.7,25.6,26.3,27.0,29.3,38.0,37.0,25.0,0.5,-0.2,0.0,6.0,6.0,4.0,0.0,24.0,24.0,24.0,85.0,84.0,60.0,26.0,26.0,300.0,0.0,0.0,0.0,0.0,0.0,0.0,0.0,0.0,0.0
9.72,14.51,0.24,0.27,0.25,8.24,8.6,9.12,9.7,0.2,-0.03,-0.03,178.0,4.7,305.0,1.0,1.0,233.0,680.0,278.0,0.0,277.0,9.7,418.6,288.0,34.5,33.6,0.8,2.8,2067.6,0.0,16.83,20.1,27.2,30.7,26.5,27.4,29.9,26.8,28.3,26.7,39.8,38.5,25.3,26.2,26.9,29.4,39.0,37.0,25.0,0.0,-0.6,-0.2,6.0,6.0,4.0,0.0,24.0,24.0,24.0,85.0,83.0,57.0,26.0,26.0,300.0,0.0,0.0,0.0,0.0,0.0,0.0,0.0,0.0,0.0
8.55,214.24,0.23,0.26,0.25,3.88,5.34,9.52,8.56,16.0,-0.05,0.08,1.6,4.2,293.0,1.0,1.0,186.0,680.0,219.0,-2.0,204.0,8.54,336.7,229.0,34.5,33.6,0.8,2.8,1855.7,0.0,16.51,20.1,27.3,30.9,26.7,27.6,30.1,27.0,28.6,29.3,39.8,38.5,25.3,26.2,26.9,29.4,38.0,37.0,25.0,-0.1,0.2,0.0,6.0,6.0,4.0,1.0,24.0,24.0,24.0,85.0,83.0,58.0,26.0,26.0,300.0,0.0,0.0,0.0,0.0,0.0,0.0,0.0,0.0,0.0
11.48,195.98,0.24,0.27,0.25,8.98,9.06,10.6,11.46,-5.3,0.0,0.0,178.2,6.3,308.0,1.0,1.0,372.0,681.0,445.0,0.0,458.0,11.44,586.6,402.0,33.6,33.2,0.8,2.8,2067.6,0.0,16.83,19.8,27.4,31.0,26.7,27.6,30.1,27.0,28.4,27.1,39.9,38.6,25.4,26.3,26.9,29.4,40.0,38.0,25.0,0.0,0.2,0.0,6.0,6.0,4.0,0.0,24.0,24.0,24.0,85.0,83.0,59.0,26.0,26.0,300.0,0.0,0.0,0.0,0.0,0.0,0.0,0.0,0.0,0.0
9.6,292.75,0.24,0.27,0.25,5.5,9.12,8.34,9.61,-29.9,0.02,-0.03,177.7,5.5,320.0,1.0,1.0,247.0,680.0,298.0,0.0,278.0,9.6,418.0,287.0,34.4,33.8,0.8,2.8,2067.6,0.0,16.83,20.9,27.7,31.4,27.0,28.0,30.4,27.3,28.9,29.0,40.1,38.8,25.6,26.3,27.0,29.4,38.0,37.0,25.0,0.0,0.8,-0.2,6.0,6.0,4.0,0.0,24.0,24.0,24.0,85.0,84.0,60.0,26.0,26.0,300.0,0.0,0.0,0.0,0.0,0.0,0.0,0.0,0.0,0.0
9.63,53.39,0.24,0.26,0.25,7.6,6.0,7.52,9.6,-4.1,0.08,0.0,181.0,6.3,301.0,1.0,1.0,212.0,680.0,259.0,0.0,257.0,9.6,405.0,279.0,34.0,33.8,0.8,2.8,1750.3,0.0,16.35,20.1,27.3,30.9,26.7,27.6,30.1,27.0,28.4,27.5,39.9,38.5,25.3,26.3,26.9,29.4,38.0,37.0,25.0,0.2,-0.3,0.0,6.0,6.0,4.0,0.0,24.0,24.0,24.0,85.0,83.0,58.0,26.0,26.0,300.0,0.0,0.0,0.0,0.0,0.0,0.0,0.0,0.0,0.0
9.51,178.24,0.24,0.26,0.25,6.36,5.38,9.24,9.51,-3.4,-0.01,0.0,177.7,4.3,310.0,1.0,1.0,241.0,681.0,289.0,0.0,277.0,9.5,410.5,282.0,34.0,33.5,0.8,2.8,2067.6,0.0,16.83,20.2,27.7,31.3,27.0,28.0,30.4,27.3,28.8,28.2,40.0,38.7,25.6,26.3,26.9,29.4,39.0,37.0,25.0,-0.4,0.2,0.2,6.0,6.0,4.0,0.0,24.0,24.0,24.0,85.0,84.0,60.0,26.0,26.0,300.0,0.0,0.0,0.0,0.0,0.0,0.0,0.0,0.0,0.0
11.91,209.27,0.24,0.27,0.25,9.52,9.64,11.38,11.9,-2.7,0.03,0.05,177.7,5.0,312.0,1.0,1.0,459.0,682.0,558.0,0.0,532.0,11.88,645.3,441.0,34.0,33.5,0.8,2.8,2067.6,0.0,16.83,19.9,27.5,31.1,26.8,27.8,30.3,27.2,28.7,28.7,39.9,38.6,25.4,26.3,26.9,29.3,42.0,39.0,25.0,-0.2,0.0,0.0,6.0,6.0,4.0,0.0,24.0,24.0,24.0,85.0,84.0,59.0,26.0,26.0,300.0,0.0,0.0,0.0,0.0,0.0,0.0,0.0,0.0,0.0
9.38,49.86,0.24,0.26,0.25,8.34,5.68,8.94,9.41,7.8,-0.02,-0.03,178.0,5.4,301.0,1.0,1.0,234.0,681.0,278.0,0.0,262.0,9.4,398.2,274.0,35.0,34.1,0.8,2.8,2067.6,0.0,16.83,20.1,27.2,30.7,26.5,27.4,29.9,26.8,28.5,29.0,39.7,38.4,25.3,26.1,26.9,29.4,39.0,37.0,25.0,0.2,-0.6,0.0,6.0,6.0,4.0,0.0,24.0,24.0,24.0,85.0,83.0,56.0,26.0,26.0,300.0,0.0,0.0,0.0,0.0,0.0,0.0,0.0,0.0,0.0
11.86,280.51,0.24,0.27,0.25,9.18,10.14,12.1,11.89,-4.2,0.0,-0.04,177.6,5.4,313.0,1.0,1.0,460.0,682.0,555.0,0.0,528.0,11.86,644.7,439.0,34.1,33.6,0.8,2.8,2067.6,0.0,16.83,19.9,27.5,31.1,26.8,27.8,30.3,27.2,28.6,28.1,40.0,38.6,25.4,26.3,26.9,29.3,42.0,39.0,25.0,-0.2,0.0,0.0,6.0,6.0,4.0,0.0,24.0,24.0,24.0,85.0,84.0,59.0,26.0,26.0,300.0,0.0,0.0,0.0,0.0,0.0,0.0,0.0,0.0,0.0
11.44,127.26,0.24,0.27,0.25,9.62,8.12,10.26,11.38,-8.4,0.03,0.03,178.1,6.3,308.0,1.0,1.0,361.0,681.0,443.0,2.0,447.0,11.38,578.4,396.0,33.7,33.7,0.8,2.8,2067.6,0.0,16.83,19.8,27.4,31.0,26.7,27.6,30.1,27.0,28.5,27.9,39.9,38.6,25.4,26.3,26.9,29.4,40.0,38.0,25.0,0.4,0.0,0.0,6.0,6.0,4.0,0.0,24.0,24.0,24.0,85.0,83.0,59.0,26.0,26.0,300.0,0.0,0.0,0.0,0.0,0.0,0.0,0.0,0.0,0.0
12.02,282.38,0.24,0.27,0.25,8.96,9.56,10.42,12.06,-5.8,-0.02,0.02,177.7,6.1,313.0,1.0,1.0,478.0,682.0,574.0,-2.0,559.0,12.02,662.2,450.0,34.4,33.6,0.8,2.7,2067.6,0.0,16.83,19.9,27.5,31.1,26.8,27.8,30.2,27.1,28.5,27.3,39.9,38.6,25.4,26.3,26.9,29.3,42.0,39.0,25.0,0.0,0.2,0.0,6.0,6.0,4.0,0.0,24.0,24.0,24.0,85.0,84.0,59.0,26.0,26.0,300.0,0.0,0.0,0.0,0.0,0.0,0.0,0.0,0.0,0.0
9.44,74.48,0.24,0.26,0.25,9.18,5.14,8.64,9.44,5.3,0.04,0.04,179.6,4.8,300.0,1.0,1.0,225.0,683.0,272.0,0.0,263.0,9.44,398.8,275.0,34.2,34.1,0.8,2.8,2067.6,0.0,16.83,20.2,27.1,30.7,26.4,27.3,29.8,26.8,28.3,27.9,39.7,38.4,25.3,26.1,26.9,29.4,38.0,37.0,25.0,0.0,-0.5,0.0,6.0,6.0,4.0,0.0,24.0,24.0,24.0,84.0,83.0,56.0,26.0,26.0,300.0,0.0,0.0,0.0,0.0,0.0,0.0,0.0,0.0,0.0
9.65,177.26,0.24,0.26,0.25,5.76,5.02,8.9,9.65,-22.7,0.04,0.05,177.8,5.3,318.0,1.0,1.0,250.0,681.0,299.0,0.0,282.0,9.64,421.3,289.0,34.0,33.3,0.8,2.7,1957.0,0.0,16.66,20.9,27.7,31.4,27.1,28.0,30.4,27.3,28.9,29.1,40.1,38.8,25.6,26.3,27.0,29.4,38.0,37.0,25.0,-0.4,0.2,0.2,6.0,6.0,4.0,0.0,24.0,24.0,24.0,85.0,84.0,60.0,26.0,26.0,300.0,0.0,0.0,0.0,0.0,0.0,0.0,0.0,0.0,0.0
10.27,134.14,0.24,0.26,0.25,8.84,6.16,9.68,10.27,7.5,0.05,-0.03,177.8,4.4,309.0,1.0,1.0,317.0,681.0,378.0,0.0,347.0,10.28,485.3,330.0,34.0,33.6,0.8,2.8,2067.6,0.0,16.83,19.9,27.6,31.2,26.8,27.9,30.3,27.2,28.6,27.4,40.0,38.7,25.4,26.3,26.9,29.4,40.0,38.0,25.0,0.0,-0.1,0.0,6.0,6.0,4.0,0.0,24.0,24.0,24.0,85.0,84.0,60.0,26.0,26.0,300.0,0.0,0.0,0.0,0.0,0.0,0.0,0.0,0.0,0.0
8.72,42.01,0.24,0.26,0.25,8.0,5.64,7.58,8.76,23.4,0.04,-0.04,1.6,5.7,305.0,1.0,1.0,178.0,682.0,207.0,0.0,203.0,8.74,340.1,234.0,33.9,33.5,0.8,2.8,1511.2,0.0,15.99,20.8,27.0,30.6,26.4,27.3,29.8,26.7,28.2,27.2,39.7,38.4,25.3,26.1,26.9,29.5,37.0,36.0,25.0,0.2,-0.9,0.0,6.0,6.0,4.0,1.0,24.0,24.0,24.0,85.0,83.0,55.0,26.0,26.0,300.0,0.0,0.0,0.0,0.0,0.0,0.0,0.0,0.0,0.0
10.08,327.24,0.24,0.27,0.25,7.6,8.78,9.02,10.09,22.7,-0.07,-0.1,177.7,3.9,299.0,1.0,1.0,286.0,680.0,347.0,-2.0,327.0,10.08,466.8,317.0,34.4,33.9,0.8,2.8,2067.6,0.0,16.83,19.9,27.2,30.8,26.6,27.5,30.0,26.9,28.5,28.7,39.8,38.5,25.4,26.2,26.9,29.4,39.0,38.0,25.0,0.2,0.0,0.0,6.0,6.0,4.0,0.0,24.0,24.0,24.0,85.0,83.0,57.0,26.0,26.0,300.0,0.0,0.0,0.0,0.0,0.0,0.0,0.0,0.0,0.0
9.42,11.12,0.24,0.27,0.25,6.94,8.08,7.72,9.38,-31.5,-0.01,0.03,1.6,5.8,327.0,1.0,1.0,223.0,680.0,268.0,0.0,256.0,9.38,401.3,272.0,34.2,33.7,0.8,2.8,2067.6,0.0,16.83,20.9,27.7,31.4,27.1,28.0,30.4,27.3,29.0,29.5,40.1,38.8,25.7,26.3,27.1,29.5,39.0,37.0,25.0,0.2,-0.2,0.0,6.0,6.0,4.0,2.0,24.0,24.0,24.0,85.0,84.0,60.0,26.0,26.0,300.0,0.0,0.0,0.0,0.0,0.0,0.0,0.0,0.0,0.0
8.53,262.87,0.23,0.27,0.25,3.24,8.0,7.16,8.52,8.0,-0.06,-0.03,1.7,4.8,294.0,1.0,1.0,174.0,680.0,204.0,0.0,195.0,8.52,327.4,224.0,34.6,33.8,0.8,2.8,1646.1,0.0,16.2,20.1,27.3,30.9,26.7,27.6,30.1,27.0,28.6,29.0,39.8,38.5,25.3,26.1,26.9,29.4,38.0,37.0,25.0,0.0,0.5,-0.3,6.0,6.0,4.0,1.0,24.0,24.0,24.0,85.0,83.0,58.0,26.0,26.0,300.0,0.0,0.0,0.0,0.0,0.0,0.0,0.0,0.0,0.0
9.3,236.38,0.24,0.26,0.25,5.52,6.9,9.34,9.31,-7.5,-0.03,0.03,177.8,4.6,311.0,1.0,1.0,215.0,681.0,262.0,0.0,249.0,9.3,390.7,267.0,34.4,33.7,0.8,2.8,2067.6,0.0,16.83,20.5,27.7,31.3,27.0,27.9,30.4,27.3,28.8,29.0,40.0,38.7,25.6,26.3,27.0,29.4,39.0,37.0,25.0,0.0,0.2,0.0,6.0,6.0,4.0,0.0,24.0,24.0,24.0,85.0,84.0,60.0,26.0,26.0,300.0,0.0,0.0,0.0,0.0,0.0,0.0,0.0,0.0,0.0
9.28,116.24,0.24,0.26,0.25,8.38,4.5,8.16,9.26,-1.1,-0.04,0.0,178.9,4.6,306.0,1.0,1.0,218.0,682.0,265.0,0.0,251.0,9.28,394.4,268.0,34.5,33.9,0.8,2.8,2067.6,0.0,16.83,20.1,27.1,30.7,26.4,27.4,29.8,26.8,28.2,26.5,39.7,38.4,25.3,26.1,26.9,29.4,38.0,37.0,25.0,0.0,0.0,0.0,6.0,6.0,4.0,0.0,24.0,24.0,24.0,84.0,83.0,56.0,26.0,26.0,300.0,0.0,0.0,0.0,0.0,0.0,0.0,0.0,0.0,0.0
9.96,257.36,0.24,0.26,0.25,6.56,7.74,9.88,9.96,-2.8,0.05,-0.05,177.7,5.6,310.0,1.0,1.0,266.0,681.0,321.0,0.0,299.0,9.96,445.6,307.0,34.0,34.0,0.8,2.8,2067.6,0.0,16.83,20.1,27.7,31.3,27.0,27.9,30.4,27.3,28.9,29.3,40.0,38.7,25.5,26.3,26.9,29.4,39.0,38.0,25.0,0.0,0.0,0.0,6.0,6.0,4.0,0.0,24.0,24.0,24.0,85.0,84.0,60.0,26.0,26.0,300.0,0.0,0.0,0.0,0.0,0.0,0.0,0.0,0.0,0.0
12.4,264.74,0.24,0.27,0.25,9.52,9.52,10.86,12.39,-4.2,-0.01,-0.02,178.1,6.1,309.0,1.0,1.0,463.0,682.0,556.0,2.0,578.0,12.38,683.5,470.0,34.2,33.5,0.8,2.8,2067.6,0.0,16.83,19.9,27.4,31.0,26.8,27.6,30.1,27.0,28.7,29.2,39.9,38.6,25.4,26.3,26.9,29.4,41.0,38.0,25.0,0.0,0.0,0.0,6.0,6.0,4.0,0.0,24.0,24.0,24.0,85.0,83.0,59.0,26.0,26.0,300.0,0.0,0.0,0.0,0.0,0.0,0.0,0.0,0.0,0.0
8.72,188.89,0.24,0.26,0.25,4.8,4.14,9.32,8.71,6.7,0.08,0.02,177.7,4.0,308.0,1.0,1.0,179.0,681.0,217.0,0.0,202.0,8.7,342.3,233.0,34.2,33.8,0.8,2.8,2067.6,0.0,16.83,20.7,27.7,31.3,27.0,28.0,30.4,27.3,28.8,28.4,40.1,38.8,25.6,26.3,27.0,29.3,38.0,37.0,25.0,-0.2,0.3,0.0,6.0,6.0,4.0,0.0,24.0,24.0,24.0,85.0,84.0,60.0,26.0,26.0,300.0,0.0,0.0,0.0,0.0,0.0,0.0,0.0,0.0,0.0
9.35,42.01,0.24,0.26,0.25,8.16,6.38,7.8,9.35,4.8,0.09,0.05,68.8,4.9,297.0,1.0,1.0,217.0,682.0,263.0,0.0,253.0,9.34,390.0,271.0,33.8,34.0,0.8,2.8,1906.4,0.0,16.59,20.3,27.1,30.6,26.4,27.3,29.8,26.7,28.3,28.4,39.7,38.4,25.3,26.1,26.9,29.4,38.0,37.0,25.0,0.5,-0.7,0.0,6.0,6.0,4.0,0.0,24.0,24.0,24.0,84.0,83.0,55.0,26.0,26.0,300.0,0.0,0.0,0.0,0.0,0.0,0.0,0.0,0.0,0.0
12.31,264.24,0.24,0.27,0.25,9.76,10.36,11.72,12.33,-1.9,-0.02,-0.03,177.8,6.1,312.0,1.0,1.0,506.0,682.0,612.0,0.0,595.0,12.32,693.4,472.0,34.0,33.7,0.8,2.8,2067.6,0.0,16.83,20.0,27.5,31.1,26.8,27.7,30.2,27.1,28.6,28.0,39.9,38.6,25.4,26.3,26.9,29.3,42.0,40.0,25.0,0.0,0.0,0.0,6.0,6.0,4.0,0.0,24.0,24.0,24.0,85.0,84.0,59.0,26.0,26.0,300.0,0.0,0.0,0.0,0.0,0.0,0.0,0.0,0.0,0.0
9.57,208.51,0.24,0.26,0.25,5.82,6.04,9.06,9.56,15.1,0.02,-0.04,177.9,4.0,300.0,1.0,1.0,251.0,681.0,302.0,0.0,276.0,9.56,414.0,284.0,34.1,33.5,0.8,2.8,2067.6,0.0,16.83,20.1,27.2,30.7,26.4,27.4,29.9,26.8,28.3,26.5,39.7,38.4,25.3,26.1,26.9,29.4,39.0,37.0,25.0,-0.1,0.5,0.0,6.0,6.0,4.0,0.0,24.0,24.0,24.0,84.0,83.0,56.0,26.0,26.0,300.0,0.0,0.0,0.0,0.0,0.0,0.0,0.0,0.0,0.0
9.09,312.26,0.24,0.27,0.25,5.9,8.7,8.24,9.09,21.5,-0.05,0.01,177.8,4.4,296.0,1.0,1.0,207.0,680.0,249.0,0.0,239.0,9.1,374.4,257.0,34.2,33.7,0.8,2.8,1750.3,0.0,16.35,20.1,27.3,30.9,26.6,27.5,30.0,27.0,28.4,27.1,39.8,38.5,25.3,26.2,26.9,29.4,38.0,37.0,25.0,0.3,0.2,0.0,6.0,6.0,4.0,0.0,24.0,24.0,24.0,85.0,83.0,58.0,26.0,26.0,300.0,0.0,0.0,0.0,0.0,0.0,0.0,0.0,0.0,0.0
9.03,322.49,0.24,0.27,0.25,5.56,8.18,7.0,9.01,19.4,0.01,-0.01,1.5,5.4,304.0,1.0,1.0,195.0,682.0,241.0,0.0,225.0,9.0,369.1,250.0,34.3,33.9,0.8,2.8,1511.2,0.0,15.99,20.6,27.0,30.6,26.4,27.3,29.8,26.7,28.3,27.6,39.7,38.4,25.3,26.1,26.9,29.5,38.0,36.0,25.0,0.4,0.4,0.0,6.0,6.0,4.0,1.0,24.0,24.0,24.0,84.0,83.0,55.0,26.0,26.0,300.0,0.0,0.0,0.0,0.0,0.0,0.0,0.0,0.0,0.0
9.15,32.76,0.24,0.26,0.25,8.6,5.74,7.48,9.15,17.9,-0.03,-0.1,1.7,5.3,299.0,1.0,1.0,208.0,682.0,244.0,0.0,239.0,9.16,377.6,258.0,34.5,33.7,0.8,2.8,1664.7,0.0,16.23,20.4,27.0,30.6,26.4,27.3,29.8,26.7,28.2,26.9,39.7,38.4,25.3,26.1,26.9,29.4,38.0,37.0,25.0,0.2,-0.8,0.0,6.0,6.0,4.0,1.0,24.0,24.0,24.0,84.0,83.0,55.0,26.0,26.0,300.0,0.0,0.0,0.0,0.0,0.0,0.0,0.0,0.0,0.0
9.65,351.86,0.24,0.27,0.25,6.86,8.54,8.36,9.64,12.2,0.05,0.06,178.0,4.6,305.0,1.0,1.0,243.0,680.0,290.0,0.0,278.0,9.64,422.4,287.0,34.1,34.0,0.8,2.8,2067.6,0.0,16.83,20.1,27.1,30.7,26.4,27.4,29.9,26.8,28.2,26.9,39.7,38.4,25.3,26.1,26.9,29.4,39.0,37.0,25.0,0.2,0.0,0.0,6.0,6.0,4.0,0.0,24.0,24.0,24.0,85.0,83.0,56.0,26.0,26.0,300.0,0.0,0.0,0.0,0.0,0.0,0.0,0.0,0.0,0.0
11.67,55.12,0.24,0.27,0.25,9.62,9.12,11.16,11.68,-0.8,0.0,0.01,177.6,5.8,312.0,1.0,1.0,437.0,682.0,528.0,0.0,509.0,11.68,620.5,425.0,34.0,33.9,0.8,2.7,2067.6,0.0,16.83,19.9,27.5,31.2,26.9,27.8,30.3,27.2,28.6,28.2,39.9,38.6,25.4,26.3,26.9,29.4,42.0,39.0,25.0,0.2,-0.2,0.0,6.0,6.0,4.0,0.0,24.0,24.0,24.0,85.0,84.0,59.0,26.0,26.0,300.0,0.0,0.0,0.0,0.0,0.0,0.0,0.0,0.0,0.0
9.33,242.75,0.24,0.26,0.25,5.58,6.94,8.78,9.32,-1.6,-0.02,-0.07,168.9,5.0,299.0,1.0,1.0,206.0,680.0,243.0,0.0,237.0,9.3,381.8,263.0,34.1,34.0,0.8,2.8,1646.1,0.0,16.2,20.1,27.3,30.9,26.7,27.6,30.1,27.0,28.6,29.2,39.8,38.5,25.3,26.3,26.9,29.4,38.0,37.0,25.0,0.1,0.5,0.0,6.0,6.0,4.0,0.0,24.0,24.0,24.0,85.0,83.0,58.0,26.0,26.0,300.0,0.0,0.0,0.0,0.0,0.0,0.0,0.0,0.0,0.0
12.26,116.64,0.24,0.27,0.25,9.98,9.34,11.24,12.25,-4.6,0.01,-0.05,178.0,7.1,309.0,1.0,1.0,444.0,682.0,534.0,3.0,543.0,12.22,661.6,457.0,34.3,33.9,0.8,2.8,2067.6,0.0,16.83,19.9,27.4,31.0,26.7,27.6,30.1,27.0,28.5,27.7,39.9,38.6,25.4,26.3,26.9,29.4,40.0,38.0,25.0,0.0,-0.2,-0.3,6.0,6.0,4.0,0.0,24.0,24.0,24.0,85.0,83.0,59.0,26.0,26.0,300.0,0.0,0.0,0.0,0.0,0.0,0.0,0.0,0.0,0.0
9.24,113.76,0.24,0.26,0.25,9.4,4.66,9.18,9.26,-7.9,-0.02,0.07,178.5,6.2,310.0,1.0,1.0,215.0,682.0,256.0,0.0,240.0,9.24,386.1,263.0,34.7,34.2,0.8,2.8,2067.6,0.0,16.83,20.1,27.1,30.7,26.5,27.4,29.9,26.8,28.3,27.8,39.7,38.4,25.3,26.1,26.9,29.4,38.0,37.0,25.0,0.0,-0.2,0.0,6.0,6.0,4.0,0.0,24.0,24.0,24.0,85.0,83.0,56.0,26.0,26.0,300.0,0.0,0.0,0.0,0.0,0.0,0.0,0.0,0.0,0.0
9.39,210.74,0.24,0.26,0.25,5.36,5.9,9.02,9.36,7.1,0.1,0.05,152.1,5.3,297.0,1.0,1.0,219.0,683.0,268.0,0.0,258.0,9.38,400.9,272.0,34.3,34.1,0.8,2.8,1906.4,0.0,16.59,20.2,27.1,30.7,26.4,27.3,29.8,26.7,28.2,26.8,39.7,38.4,25.3,26.1,26.9,29.4,38.0,37.0,25.0,-0.1,0.4,0.0,6.0,6.0,4.0,0.0,24.0,24.0,24.0,85.0,83.0,55.0,26.0,26.0,300.0,0.0,0.0,0.0,0.0,0.0,0.0,0.0,0.0,0.0
10.17,317.74,0.24,0.27,0.25,7.66,9.68,9.84,10.16,4.9,-0.02,-0.03,177.7,4.8,309.0,1.0,1.0,298.0,681.0,363.0,0.0,338.0,10.16,475.6,322.0,34.0,33.8,0.8,2.8,2067.6,0.0,16.83,19.9,27.6,31.2,26.9,27.9,30.3,27.2,28.7,28.5,40.0,38.7,25.4,26.3,26.9,29.4,40.0,38.0,25.0,0.0,0.0,-0.2,6.0,6.0,4.0,0.0,24.0,24.0,24.0,85.0,84.0,60.0,26.0,26.0,300.0,0.0,0.0,0.0,0.0,0.0,0.0,0.0,0.0,0.0
10.98,147.64,0.24,0.26,0.25,9.0,6.28,9.06,10.99,6.6,-0.01,0.03,178.9,5.6,301.0,1.0,1.0,362.0,681.0,433.0,0.0,419.0,10.98,546.0,375.0,34.3,34.3,0.8,2.8,2067.6,0.0,16.83,19.9,27.4,31.0,26.7,27.6,30.1,27.0,28.4,27.1,39.9,38.6,25.4,26.3,26.9,29.4,39.0,37.0,25.0,0.2,0.1,0.0,6.0,6.0,4.0,0.0,24.0,24.0,24.0,85.0,83.0,58.0,26.0,26.0,300.0,0.0,0.0,0.0,0.0,0.0,0.0,0.0,0.0,0.0
10.19,256.75,0.24,0.27,0.25,6.64,7.84,9.62,10.2,5.5,0.0,-0.01,177.7,4.8,309.0,1.0,1.0,300.0,682.0,366.0,0.0,337.0,10.2,471.6,325.0,34.2,33.5,0.8,2.8,2067.6,0.0,16.83,19.9,27.6,31.2,26.9,27.9,30.3,27.2,28.6,27.6,40.0,38.7,25.4,26.3,26.9,29.4,40.0,38.0,25.0,-0.1,0.3,0.0,6.0,6.0,4.0,0.0,24.0,24.0,24.0,85.0,84.0,60.0,26.0,26.0,300.0,0.0,0.0,0.0,0.0,0.0,0.0,0.0,0.0,0.0
8.93,35.5,0.24,0.26,0.25,6.94,6.14,6.8,8.91,10.7,-0.08,-0.08,178.0,3.8,303.0,1.0,1.0,208.0,680.0,243.0,-2.0,222.0,8.92,359.5,248.0,34.5,33.9,0.8,2.7,2067.6,0.0,16.83,20.1,27.3,30.9,26.6,27.5,30.0,26.9,28.5,28.2,39.8,38.5,25.3,26.2,26.9,29.4,39.0,37.0,25.0,0.5,-0.1,0.2,6.0,6.0,4.0,0.0,24.0,24.0,24.0,85.0,83.0,57.0,26.0,26.0,300.0,0.0,0.0,0.0,0.0,0.0,0.0,0.0,0.0,0.0
8.77,284.76,0.23,0.27,0.25,4.6,8.36,8.02,8.82,17.0,0.0,-0.01,177.6,2.9,307.0,1.0,1.0,196.0,681.0,238.0,-2.0,221.0,8.8,354.1,243.0,34.5,33.6,0.8,2.8,2067.6,0.0,16.83,20.6,27.7,31.3,27.1,28.0,30.4,27.3,28.9,29.7,40.0,38.7,25.6,26.3,27.0,29.4,38.0,37.0,25.0,0.0,0.7,-0.2,6.0,6.0,4.0,0.0,24.0,24.0,24.0,85.0,84.0,60.0,26.0,26.0,300.0,0.0,0.0,0.0,0.0,0.0,0.0,0.0,0.0,0.0
10.1,139.86,0.24,0.26,0.25,9.84,6.22,10.4,10.1,-1.5,0.07,-0.02,177.6,5.4,309.0,1.0,1.0,288.0,681.0,350.0,0.0,331.0,10.1,467.5,317.0,33.8,33.5,0.8,2.8,2067.6,0.0,16.83,19.9,27.6,31.2,26.9,27.9,30.3,27.3,28.7,28.5,40.0,38.7,25.4,26.3,26.9,29.4,40.0,38.0,25.0,-0.2,-0.3,0.0,6.0,6.0,4.0,0.0,24.0,24.0,24.0,85.0,84.0,60.0,26.0,26.0,300.0,0.0,0.0,0.0,0.0,0.0,0.0,0.0,0.0,0.0
8.95,304.24,0.24,0.27,0.25,4.78,8.12,7.6,8.97,17.6,-0.05,-0.02,177.8,4.6,296.0,1.0,1.0,201.0,680.0,246.0,0.0,227.0,8.96,369.9,251.0,34.2,33.8,0.8,2.8,1855.7,0.0,16.51,20.1,27.3,30.9,26.6,27.5,30.0,27.0,28.3,27.0,39.8,38.5,25.3,26.2,26.9,29.4,38.0,37.0,25.0,0.1,0.4,-0.2,6.0,6.0,4.0,0.0,24.0,24.0,24.0,85.0,83.0,58.0,26.0,26.0,300.0,0.0,0.0,0.0,0.0,0.0,0.0,0.0,0.0,0.0
9.98,320.76,0.24,0.27,0.25,7.52,8.84,9.62,9.97,0.2,0.03,-0.04,177.7,4.8,309.0,1.0,1.0,269.0,681.0,323.0,0.0,313.0,9.96,452.1,308.0,33.7,33.5,0.8,2.8,2067.6,0.0,16.83,20.0,27.6,31.3,26.9,27.9,30.4,27.3,28.6,27.1,40.0,38.7,25.4,26.3,26.9,29.4,40.0,38.0,25.0,0.0,0.0,0.0,6.0,6.0,4.0,0.0,24.0,24.0,24.0,85.0,84.0,60.0,26.0,26.0,300.0,0.0,0.0,0.0,0.0,0.0,0.0,0.0,0.0,0.0
9.27,308.12,0.24,0.27,0.25,6.06,9.48,8.88,9.28,-0.4,0.01,-0.01,177.6,4.2,313.0,1.0,1.0,218.0,681.0,262.0,0.0,243.0,9.26,385.0,265.0,34.1,34.0,0.8,2.8,1729.6,0.0,16.32,20.9,27.7,31.3,27.0,28.0,30.4,27.3,28.8,28.3,40.1,38.7,25.6,26.3,27.0,29.3,38.0,37.0,25.0,0.0,0.0,-0.2,6.0,6.0,4.0,0.0,24.0,24.0,24.0,85.0,84.0,60.0,26.0,26.0,300.0,0.0,0.0,0.0,0.0,0.0,0.0,0.0,0.0,0.0
8.56,111.13,0.24,0.26,0.25,8.02,2.58,7.64,8.62,20.6,0.04,-0.08,1.5,3.6,292.0,1.0,1.0,191.0,680.0,222.0,0.0,203.0,8.62,338.4,232.0,34.7,33.9,0.8,2.8,1855.7,0.0,16.51,20.1,27.3,30.9,26.7,27.6,30.0,27.0,28.5,28.2,39.8,38.5,25.3,26.2,26.9,29.4,38.0,37.0,25.0,0.0,-0.1,0.2,6.0,6.0,4.0,1.0,24.0,24.0,24.0,85.0,83.0,58.0,26.0,26.0,300.0,0.0,0.0,0.0,0.0,0.0,0.0,0.0,0.0,0.0
9.38,227.88,0.24,0.26,0.25,5.62,6.98,9.98,9.4,5.4,0.07,0.03,177.6,4.6,311.0,1.0,1.0,215.0,680.0,260.0,0.0,253.0,9.36,391.6,271.0,33.7,33.5,0.8,2.8,1957.0,0.0,16.66,20.9,27.7,31.3,27.0,28.0,30.4,27.3,28.7,27.1,40.1,38.7,25.6,26.3,27.0,29.3,38.0,37.0,25.0,-0.2,0.3,0.0,6.0,6.0,4.0,0.0,24.0,24.0,24.0,85.0,84.0,60.0,26.0,26.0,300.0,0.0,0.0,0.0,0.0,0.0,0.0,0.0,0.0,0.0
11.9,186.77,0.24,0.27,0.25,9.42,9.5,11.14,11.89,-6.8,-0.04,0.01,178.2,6.4,309.0,1.0,1.0,408.0,681.0,494.0,2.0,498.0,11.86,625.3,431.0,33.7,33.9,0.8,2.8,2067.6,0.0,16.83,19.9,27.4,31.0,26.8,27.6,30.1,27.0,28.6,28.8,39.9,38.6,25.4,26.3,26.9,29.4,40.0,38.0,25.0,-0.2,0.4,0.0,6.0,6.0,4.0,0.0,24.0,24.0,24.0,85.0,83.0,59.0,26.0,26.0,300.0,0.0,0.0,0.0,0.0,0.0,0.0,0.0,0.0,0.0
9.28,347.76,0.24,0.27,0.25,7.46,9.2,8.44,9.28,-6.0,0.05,-0.02,177.7,4.4,311.0,1.0,1.0,223.0,681.0,265.0,0.0,249.0,9.28,390.4,268.0,34.3,33.5,0.8,2.8,2067.6,0.0,16.83,20.5,27.7,31.3,27.0,27.9,30.4,27.3,28.6,27.1,40.0,38.7,25.6,26.3,27.0,29.4,39.0,37.0,25.0,0.0,0.0,-0.2,6.0,6.0,4.0,0.0,24.0,24.0,24.0,85.0,84.0,60.0,26.0,26.0,300.0,0.0,0.0,0.0,0.0,0.0,0.0,0.0,0.0,0.0
8.93,357.88,0.24,0.27,0.25,6.36,9.06,7.64,8.93,21.9,-0.02,0.04,52.9,4.7,295.0,1.0,1.0,207.0,681.0,241.0,0.0,224.0,8.94,366.0,249.0,34.3,34.0,0.8,2.8,1855.7,0.0,16.51,20.1,27.3,30.9,26.6,27.6,30.0,27.0,28.3,26.9,39.8,38.5,25.3,26.2,26.9,29.4,38.0,37.0,25.0,0.1,-0.2,-0.2,6.0,6.0,4.0,0.0,24.0,24.0,24.0,85.0,83.0,58.0,26.0,26.0,300.0,0.0,0.0,0.0,0.0,0.0,0.0,0.0,0.0,0.0
8.69,32.87,0.24,0.26,0.25,7.46,5.78,6.86,8.61,-8.0,0.07,-0.01,177.7,5.3,309.0,1.0,1.0,182.0,681.0,211.0,0.0,198.0,8.62,342.3,231.0,34.0,33.8,0.8,2.8,2067.6,0.0,16.83,20.7,27.7,31.4,27.0,27.9,30.4,27.3,28.7,28.2,40.1,38.7,25.6,26.3,27.0,29.4,38.0,37.0,25.0,0.5,-0.6,0.0,6.0,6.0,4.0,0.0,24.0,24.0,24.0,85.0,84.0,60.0,26.0,26.0,300.0,0.0,0.0,0.0,0.0,0.0,0.0,0.0,0.0,0.0
9.28,10.37,0.24,0.27,0.25,7.64,7.32,7.16,9.28,13.2,0.0,-0.08,1.7,4.7,295.0,1.0,1.0,217.0,682.0,257.0,0.0,244.0,9.28,389.4,265.0,34.5,33.8,0.8,2.8,1664.7,0.0,16.23,20.3,27.1,30.6,26.4,27.3,29.8,26.7,28.3,28.0,39.7,38.4,25.3,26.1,26.9,29.4,38.0,37.0,25.0,0.5,-0.3,0.0,6.0,6.0,4.0,1.0,24.0,24.0,24.0,84.0,83.0,55.0,26.0,26.0,300.0,0.0,0.0,0.0,0.0,0.0,0.0,0.0,0.0,0.0
9.9,135.61,0.24,0.26,0.25,8.98,5.46,10.06,9.91,-2.3,0.04,0.03,177.7,5.4,310.0,1.0,1.0,271.0,681.0,324.0,0.0,309.0,9.9,445.0,305.0,33.6,33.7,0.8,2.8,2067.6,0.0,16.83,20.1,27.7,31.3,26.9,27.9,30.4,27.3,28.6,26.7,40.0,38.7,25.5,26.3,26.9,29.4,39.0,38.0,25.0,0.0,0.0,0.0,6.0,6.0,4.0,0.0,24.0,24.0,24.0,85.0,84.0,60.0,26.0,26.0,300.0,0.0,0.0,0.0,0.0,0.0,0.0,0.0,0.0,0.0
11.81,133.38,0.24,0.27,0.25,10.44,9.26,11.92,11.79,-3.2,-0.02,-0.04,177.7,5.9,312.0,1.0,1.0,449.0,682.0,538.0,-2.0,515.0,11.8,631.8,433.0,34.1,33.9,0.8,2.8,2067.6,0.0,16.83,19.9,27.5,31.1,26.9,27.8,30.3,27.2,28.6,28.0,39.9,38.6,25.4,26.3,26.9,29.3,42.0,39.0,25.0,0.0,0.0,-0.3,6.0,6.0,4.0,0.0,24.0,24.0,24.0,85.0,84.0,59.0,26.0,26.0,300.0,0.0,0.0,0.0,0.0,0.0,0.0,0.0,0.0,0.0
9.69,331.99,0.24,0.27,0.25,7.9,8.9,8.68,9.71,20.6,0.1,0.05,177.8,4.7,301.0,1.0,1.0,249.0,681.0,299.0,0.0,289.0,9.68,427.3,292.0,34.9,33.9,0.8,2.8,2067.6,0.0,16.83,20.1,27.1,30.7,26.5,27.4,29.9,26.8,28.5,28.9,39.7,38.4,25.3,26.1,26.9,29.4,39.0,37.0,25.0,0.4,0.0,0.0,6.0,6.0,4.0,0.0,24.0,24.0,24.0,85.0,83.0,56.0,26.0,26.0,300.0,0.0,0.0,0.0,0.0,0.0,0.0,0.0,0.0,0.0
10.14,199.87,0.24,0.26,0.25,7.48,6.82,9.32,10.16,28.3,0.03,0.0,178.1,3.5,299.0,1.0,1.0,298.0,680.0,354.0,0.0,341.0,10.16,466.9,322.0,35.0,34.3,0.8,2.8,2067.6,0.0,16.83,19.9,27.2,30.8,26.6,27.5,30.0,26.9,28.3,26.8,39.8,38.5,25.4,26.2,26.9,29.4,39.0,38.0,25.0,0.0,0.0,0.0,6.0,6.0,4.0,0.0,24.0,24.0,24.0,85.0,83.0,57.0,26.0,26.0,300.0,0.0,0.0,0.0,0.0,0.0,0.0,0.0,0.0,0.0
9.44,280.76,0.24,0.27,0.25,5.9,8.64,9.16,9.43,0.9,0.03,0.0,179.2,5.0,303.0,1.0,1.0,231.0,683.0,275.0,0.0,265.0,9.42,404.3,276.0,34.4,33.4,0.8,2.8,2067.6,0.0,16.83,20.2,27.1,30.7,26.5,27.3,29.9,26.8,28.4,29.1,39.7,38.4,25.3,26.1,26.9,29.4,38.0,37.0,25.0,0.0,0.6,0.0,6.0,6.0,4.0,0.0,24.0,24.0,24.0,84.0,83.0,56.0,26.0,26.0,300.0,0.0,0.0,0.0,0.0,0.0,0.0,0.0,0.0,0.0
9.84,12.13,0.24,0.27,0.25,7.34,8.22,8.56,9.79,1.6,-0.03,0.05,177.6,5.0,309.0,1.0,1.0,267.0,681.0,320.0,0.0,305.0,9.8,440.6,299.0,34.3,33.8,0.8,2.7,2067.6,0.0,16.83,20.1,27.7,31.3,27.0,27.9,30.4,27.3,28.9,29.4,40.0,38.7,25.5,26.3,26.9,29.4,39.0,38.0,25.0,0.0,-0.2,0.0,6.0,6.0,4.0,0.0,24.0,24.0,24.0,85.0,84.0,60.0,26.0,26.0,300.0,0.0,0.0,0.0,0.0,0.0,0.0,0.0,0.0,0.0
9.68,61.38,0.24,0.26,0.25,9.34,5.02,9.32,9.67,-21.2,0.01,-0.04,177.8,5.3,317.0,1.0,1.0,251.0,681.0,301.0,0.0,283.0,9.68,422.7,291.0,33.9,33.7,0.8,2.8,1957.0,0.0,16.66,20.9,27.7,31.3,27.0,28.0,30.4,27.3,28.7,27.2,40.1,38.8,25.6,26.3,27.0,29.4,38.0,37.0,25.0,0.0,-0.8,0.0,6.0,6.0,4.0,0.0,24.0,24.0,24.0,85.0,84.0,60.0,26.0,26.0,300.0,0.0,0.0,0.0,0.0,0.0,0.0,0.0,0.0,0.0
12.4,327.64,0.24,0.27,0.25,10.46,10.14,11.32,12.43,-8.0,-0.03,0.07,177.6,6.4,313.0,1.0,1.0,516.0,682.0,626.0,0.0,596.0,12.4,699.7,478.0,34.0,33.7,0.8,2.8,2067.6,0.0,16.83,19.9,27.5,31.0,26.8,27.7,30.2,27.1,28.5,27.5,39.9,38.6,25.4,26.3,26.9,29.4,42.0,39.0,25.0,0.2,0.0,0.0,6.0,6.0,4.0,0.0,24.0,24.0,24.0,85.0,83.0,59.0,26.0,26.0,300.0,0.0,0.0,0.0,0.0,0.0,0.0,0.0,0.0,0.0
9.39,36.25,0.24,0.27,0.25,7.58,7.06,7.64,9.4,-4.4,-0.04,0.02,177.9,4.4,304.0,1.0,1.0,232.0,681.0,278.0,-2.0,265.0,9.4,401.9,276.0,34.4,33.9,0.8,2.8,2067.6,0.0,16.83,20.1,27.2,30.9,26.5,27.5,30.0,26.9,28.3,26.8,39.8,38.5,25.4,26.2,26.9,29.4,39.0,37.0,25.0,0.5,-0.2,0.0,6.0,6.0,4.0,0.0,24.0,24.0,24.0,85.0,83.0,57.0,26.0,26.0,300.0,0.0,0.0,0.0,0.0,0.0,0.0,0.0,0.0,0.0
9.06,12.49,0.24,0.27,0.25,6.94,7.82,7.12,9.03,0.5,-0.04,0.06,177.6,4.0,311.0,1.0,1.0,216.0,681.0,262.0,0.0,236.0,9.02,377.1,255.0,34.0,33.9,0.8,2.8,2067.6,0.0,16.83,20.5,27.7,31.3,27.0,28.0,30.4,27.3,28.7,27.4,40.0,38.7,25.6,26.3,27.0,29.4,38.0,37.0,25.0,0.2,-0.2,0.0,6.0,6.0,4.0,0.0,24.0,24.0,24.0,85.0,84.0,60.0,26.0,26.0,300.0,0.0,0.0,0.0,0.0,0.0,0.0,0.0,0.0,0.0
11.16,21.13,0.24,0.27,0.25,9.72,9.76,11.26,11.19,2.5,-0.02,0.02,177.7,5.3,311.0,1.0,1.0,398.0,682.0,474.0,-2.0,445.0,11.16,574.3,390.0,33.7,33.7,0.8,2.8,2067.6,0.0,16.83,19.9,27.6,31.2,26.8,27.8,30.3,27.2,28.6,27.2,40.0,38.6,25.4,26.3,26.9,29.3,41.0,39.0,25.0,0.0,-0.4,-0.3,6.0,6.0,4.0,0.0,24.0,24.0,24.0,85.0,84.0,59.0,26.0,26.0,300.0,0.0,0.0,0.0,0.0,0.0,0.0,0.0,0.0,0.0
9.31,180.5,0.24,0.26,0.25,6.56,5.16,9.38,9.29,-2.4,0.08,-0.03,177.8,5.0,310.0,1.0,1.0,215.0,681.0,260.0,0.0,248.0,9.28,391.4,267.0,34.4,33.6,0.8,2.8,2067.6,0.0,16.83,20.4,27.7,31.3,27.1,28.0,30.4,27.3,28.9,29.7,40.0,38.7,25.6,26.3,27.0,29.4,39.0,37.0,25.0,-0.1,0.2,0.0,6.0,6.0,4.0,0.0,24.0,24.0,24.0,85.0,84.0,60.0,26.0,26.0,300.0,0.0,0.0,0.0,0.0,0.0,0.0,0.0,0.0,0.0
11.79,62.64,0.24,0.27,0.25,9.4,9.12,10.92,11.81,-2.4,-0.01,0.05,177.6,5.5,312.0,1.0,1.0,453.0,682.0,541.0,-2.0,520.0,11.82,637.8,435.0,34.0,33.8,0.8,2.8,2067.6,0.0,16.83,19.9,27.5,31.1,26.8,27.8,30.2,27.2,28.5,27.1,40.0,38.6,25.4,26.3,26.9,29.3,42.0,39.0,25.0,0.2,-0.2,0.0,6.0,6.0,4.0,0.0,24.0,24.0,24.0,85.0,84.0,59.0,26.0,26.0,300.0,0.0,0.0,0.0,0.0,0.0,0.0,0.0,0.0,0.0
9.69,200.99,0.24,0.26,0.25,6.28,5.9,8.74,9.68,14.4,0.06,0.07,178.0,4.0,298.0,1.0,1.0,264.0,680.0,318.0,0.0,293.0,9.68,431.6,293.0,34.7,34.2,0.8,2.8,2067.6,0.0,16.83,20.0,27.2,30.9,26.6,27.5,30.0,26.9,28.5,27.9,39.8,38.5,25.4,26.3,26.9,29.4,39.0,37.0,25.0,0.0,0.3,0.0,6.0,6.0,4.0,0.0,24.0,24.0,24.0,85.0,83.0,57.0,26.0,26.0,300.0,0.0,0.0,0.0,0.0,0.0,0.0,0.0,0.0,0.0
9.47,237.24,0.24,0.26,0.25,5.26,6.3,8.36,9.47,-22.5,0.03,-0.04,1.5,5.1,327.0,1.0,1.0,229.0,680.0,272.0,0.0,263.0,9.44,401.4,276.0,34.0,33.7,0.8,2.8,2067.6,0.0,16.83,20.9,27.7,31.4,27.0,28.0,30.4,27.3,28.7,27.2,40.1,38.8,25.7,26.3,27.0,29.5,38.0,37.0,25.0,0.0,0.4,0.0,6.0,6.0,4.0,2.0,24.0,24.0,24.0,85.0,84.0,60.0,26.0,26.0,300.0,0.0,0.0,0.0,0.0,0.0,0.0,0.0,0.0,0.0
9.47,19.62,0.24,0.27,0.25,7.58,7.68,7.58,9.48,13.7,-0.05,-0.06,177.8,4.1,300.0,1.0,1.0,238.0,681.0,289.0,0.0,275.0,9.48,407.9,280.0,34.6,34.0,0.8,2.8,2067.6,0.0,16.83,20.1,27.2,30.7,26.5,27.4,29.9,26.8,28.5,29.1,39.7,38.4,25.3,26.1,26.9,29.4,39.0,37.0,25.0,0.3,0.0,0.0,6.0,6.0,4.0,0.0,24.0,24.0,24.0,85.0,83.0,56.0,26.0,26.0,300.0,0.0,0.0,0.0,0.0,0.0,0.0,0.0,0.0,0.0
8.85,253.01,0.23,0.27,0.25,4.12,7.32,8.22,8.84,22.4,0.02,0.01,1.5,5.7,304.0,1.0,1.0,187.0,682.0,219.0,0.0,214.0,8.82,352.2,240.0,34.6,34.4,0.8,2.8,1511.2,0.0,15.99,20.7,27.0,30.6,26.4,27.3,29.8,26.7,28.3,28.2,39.7,38.4,25.2,26.1,26.9,29.5,37.0,36.0,25.0,0.0,1.0,0.0,6.0,6.0,4.0,1.0,24.0,24.0,24.0,84.0,83.0,55.0,26.0,26.0,300.0,0.0,0.0,0.0,0.0,0.0,0.0,0.0,0.0,0.0
8.46,58.75,0.24,0.26,0.25,8.24,3.72,7.5,8.49,21.8,0.05,-0.08,1.5,3.3,291.0,1.0,1.0,173.0,680.0,216.0,0.0,196.0,8.5,331.0,224.0,34.3,34.1,0.8,2.8,1855.7,0.0,16.51,20.1,27.3,30.9,26.6,27.5,30.0,27.0,28.4,26.7,39.8,38.5,25.3,26.2,26.9,29.4,38.0,37.0,25.0,0.2,-0.2,0.3,6.0,6.0,4.0,1.0,24.0,24.0,24.0,85.0,83.0,58.0,26.0,26.0,300.0,0.0,0.0,0.0,0.0,0.0,0.0,0.0,0.0,0.0
8.74,94.5,0.24,0.26,0.25,8.6,3.56,7.54,8.73,24.1,-0.01,0.02,1.6,5.8,305.0,1.0,1.0,175.0,682.0,217.0,2.0,206.0,8.74,345.9,235.0,34.5,34.0,0.8,2.8,1511.2,0.0,15.99,20.7,27.0,30.6,26.4,27.3,29.8,26.7,28.3,28.1,39.7,38.4,25.3,26.1,26.9,29.5,37.0,36.0,25.0,0.0,-0.2,0.0,6.0,6.0,4.0,1.0,24.0,24.0,24.0,84.0,83.0,55.0,26.0,26.0,300.0,0.0,0.0,0.0,0.0,0.0,0.0,0.0,0.0,0.0
9.33,258.52,0.24,0.26,0.25,5.42,7.96,9.64,9.34,-8.0,0.04,-0.03,179.1,5.3,306.0,1.0,1.0,229.0,682.0,277.0,0.0,256.0,9.34,400.6,271.0,34.1,33.4,0.8,2.8,2067.6,0.0,16.83,20.1,27.1,30.7,26.5,27.4,29.9,26.8,28.4,29.1,39.7,38.4,25.3,26.1,26.9,29.4,38.0,37.0,25.0,0.0,0.2,-0.2,6.0,6.0,4.0,0.0,24.0,24.0,24.0,85.0,83.0,56.0,26.0,26.0,300.0,0.0,0.0,0.0,0.0,0.0,0.0,0.0,0.0,0.0
9.94,139.75,0.24,0.26,0.25,8.24,5.62,9.12,9.93,-2.6,0.01,-0.01,177.6,4.6,309.0,1.0,1.0,268.0,681.0,323.0,0.0,298.0,9.94,445.7,306.0,34.1,33.7,0.8,2.8,2067.6,0.0,16.83,20.0,27.6,31.3,27.0,27.9,30.4,27.3,28.8,28.7,40.0,38.7,25.4,26.3,26.9,29.4,40.0,38.0,25.0,0.0,0.0,0.0,6.0,6.0,4.0,0.0,24.0,24.0,24.0,85.0,84.0,60.0,26.0,26.0,300.0,0.0,0.0,0.0,0.0,0.0,0.0,0.0,0.0,0.0
9.6,178.49,0.24,0.26,0.25,7.38,5.54,9.42,9.6,3.9,0.05,0.06,178.2,5.3,307.0,1.0,1.0,241.0,681.0,290.0,0.0,273.0,9.6,419.3,285.0,34.4,34.0,0.8,2.8,2067.6,0.0,16.83,20.1,27.1,30.7,26.5,27.4,29.9,26.8,28.5,29.4,39.7,38.4,25.3,26.1,26.9,29.4,39.0,37.0,25.0,0.0,0.2,0.0,6.0,6.0,4.0,0.0,24.0,24.0,24.0,85.0,83.0,56.0,26.0,26.0,300.0,0.0,0.0,0.0,0.0,0.0,0.0,0.0,0.0,0.0
10.34,259.38,0.24,0.27,0.25,6.28,7.76,8.8,10.34,14.5,-0.01,0.05,178.1,4.1,302.0,1.0,1.0,302.0,680.0,366.0,0.0,348.0,10.3,488.6,332.0,34.5,33.5,0.8,2.8,2067.6,0.0,16.83,19.9,27.2,30.8,26.6,27.5,30.0,26.9,28.5,29.0,39.8,38.5,25.4,26.2,26.9,29.4,39.0,38.0,25.0,0.1,1.1,0.0,6.0,6.0,4.0,0.0,24.0,24.0,24.0,85.0,83.0,57.0,26.0,26.0,300.0,0.0,0.0,0.0,0.0,0.0,0.0,0.0,0.0,0.0
9.98,201.13,0.24,0.26,0.25,7.08,6.16,9.48,9.98,2.2,-0.03,0.04,177.6,4.9,308.0,1.0,1.0,271.0,681.0,329.0,0.0,318.0,9.96,457.4,309.0,33.6,33.6,0.8,2.8,2067.6,0.0,16.83,20.0,27.6,31.3,27.0,27.9,30.4,27.3,28.8,28.9,40.0,38.7,25.4,26.3,26.9,29.4,40.0,38.0,25.0,-0.3,0.1,0.0,6.0,6.0,4.0,0.0,24.0,24.0,24.0,85.0,84.0,60.0,26.0,26.0,300.0,0.0,0.0,0.0,0.0,0.0,0.0,0.0,0.0,0.0
11.65,124.99,0.24,0.27,0.25,9.86,8.74,11.62,11.65,0.2,0.02,0.03,177.7,5.3,312.0,1.0,1.0,436.0,682.0,522.0,0.0,506.0,11.64,617.3,423.0,34.1,34.0,0.8,2.8,2067.6,0.0,16.83,19.9,27.5,31.2,26.9,27.8,30.3,27.2,28.6,27.6,39.9,38.6,25.4,26.3,26.9,29.4,42.0,39.0,25.0,0.2,0.0,-0.3,6.0,6.0,4.0,0.0,24.0,24.0,24.0,85.0,84.0,59.0,26.0,26.0,300.0,0.0,0.0,0.0,0.0,0.0,0.0,0.0,0.0,0.0
9.3,10.37,0.24,0.27,0.25,7.04,8.38,7.92,9.29,-9.3,-0.07,0.07,178.9,5.0,307.0,1.0,1.0,229.0,682.0,274.0,0.0,254.0,9.3,397.4,269.0,34.4,34.0,0.8,2.8,2067.6,0.0,16.83,20.1,27.1,30.7,26.4,27.4,29.9,26.8,28.3,28.3,39.7,38.4,25.3,26.1,26.9,29.4,38.0,37.0,25.0,0.0,-0.2,0.0,6.0,6.0,4.0,0.0,24.0,24.0,24.0,84.0,83.0,56.0,26.0,26.0,300.0,0.0,0.0,0.0,0.0,0.0,0.0,0.0,0.0,0.0
11.72,344.88,0.24,0.27,0.25,8.68,9.06,10.28,11.72,-1.8,-0.04,-0.04,177.6,6.1,312.0,1.0,1.0,443.0,682.0,531.0,-2.0,514.0,11.72,623.9,427.0,34.0,34.0,0.8,2.8,2067.6,0.0,16.83,19.9,27.5,31.2,26.9,27.8,30.3,27.2,28.7,29.2,39.9,38.6,25.4,26.3,26.9,29.4,42.0,39.0,25.0,0.0,0.0,0.0,6.0,6.0,4.0,0.0,24.0,24.0,24.0,85.0,84.0,59.0,26.0,26.0,300.0,0.0,0.0,0.0,0.0,0.0,0.0,0.0,0.0,0.0
9.77,111.64,0.24,0.26,0.25,8.1,5.14,8.6,9.71,-7.6,-0.08,0.01,180.9,5.6,301.0,1.0,1.0,220.0,680.0,262.0,0.0,268.0,9.72,415.6,286.0,34.0,33.5,0.8,2.8,1750.3,0.0,16.35,20.1,27.3,30.9,26.6,27.6,30.0,27.0,28.3,26.5,39.9,38.5,25.3,26.3,26.9,29.4,38.0,37.0,25.0,0.2,0.0,0.2,6.0,6.0,4.0,0.0,24.0,24.0,24.0,85.0,83.0,58.0,26.0,26.0,300.0,0.0,0.0,0.0,0.0,0.0,0.0,0.0,0.0,0.0
11.06,271.37,0.24,0.27,0.25,8.34,9.96,10.76,11.05,5.9,0.09,0.02,179.3,6.6,302.0,1.0,1.0,337.0,681.0,412.0,2.0,413.0,11.04,547.5,376.0,34.1,33.6,0.8,2.8,1750.3,0.0,16.35,20.0,27.3,30.9,26.6,27.6,30.1,27.0,28.4,27.4,39.9,38.6,25.4,26.3,26.9,29.4,39.0,37.0,25.0,-0.4,0.4,-0.2,6.0,6.0,4.0,0.0,24.0,24.0,24.0,85.0,83.0,58.0,26.0,26.0,300.0,0.0,0.0,0.0,0.0,0.0,0.0,0.0,0.0,0.0
10.22,255.74,0.24,0.27,0.25,6.14,8.18,9.24,10.22,3.6,-0.01,0.02,178.0,5.8,305.0,1.0,1.0,278.0,680.0,332.0,0.0,326.0,10.2,469.7,322.0,34.5,33.9,0.8,2.8,2067.6,0.0,16.83,20.1,27.2,30.8,26.6,27.5,30.0,26.8,28.5,29.4,39.8,38.4,25.3,26.2,26.9,29.4,39.0,37.0,25.0,0.0,1.2,0.0,6.0,6.0,4.0,0.0,24.0,24.0,24.0,85.0,83.0,57.0,26.0,26.0,300.0,0.0,0.0,0.0,0.0,0.0,0.0,0.0,0.0,0.0
11.06,243.25,0.24,0.27,0.25,7.86,8.62,9.78,11.08,6.4,0.02,0.01,179.1,5.8,302.0,1.0,1.0,364.0,681.0,436.0,0.0,424.0,11.04,555.7,378.0,33.7,33.6,0.8,2.8,1750.3,0.0,16.35,20.0,27.4,31.0,26.7,27.6,30.1,27.0,28.6,29.1,39.9,38.6,25.4,26.3,26.9,29.4,39.0,37.0,25.0,0.0,0.4,0.0,6.0,6.0,4.0,0.0,24.0,24.0,24.0,85.0,83.0,58.0,26.0,26.0,300.0,0.0,0.0,0.0,0.0,0.0,0.0,0.0,0.0,0.0
9.4,106.24,0.24,0.26,0.25,9.14,5.28,9.58,9.37,3.2,0.02,0.03,178.0,5.8,302.0,1.0,1.0,225.0,681.0,271.0,0.0,261.0,9.4,403.1,274.0,34.6,34.5,0.8,2.8,2067.6,0.0,16.83,20.1,27.2,30.7,26.5,27.4,29.9,26.8,28.5,28.9,39.7,38.4,25.3,26.1,26.9,29.4,39.0,37.0,25.0,0.0,-0.4,0.0,6.0,6.0,4.0,0.0,24.0,24.0,24.0,85.0,83.0,56.0,26.0,26.0,300.0,0.0,0.0,0.0,0.0,0.0,0.0,0.0,0.0,0.0
9.0,234.5,0.24,0.26,0.25,4.28,5.4,9.18,9.01,9.6,0.01,-0.05,178.0,3.8,303.0,1.0,1.0,210.0,681.0,252.0,-2.0,235.0,9.0,375.6,254.0,34.5,33.8,0.8,2.8,2067.6,0.0,16.83,20.1,27.3,30.9,26.6,27.5,30.0,26.9,28.5,28.3,39.8,38.5,25.3,26.2,26.9,29.4,39.0,37.0,25.0,-0.1,0.4,0.0,6.0,6.0,4.0,0.0,24.0,24.0,24.0,85.0,83.0,57.0,26.0,26.0,300.0,0.0,0.0,0.0,0.0,0.0,0.0,0.0,0.0,0.0
9.6,120.89,0.24,0.26,0.25,8.56,4.82,8.56,9.58,2.0,0.03,-0.01,178.3,5.3,307.0,1.0,1.0,242.0,681.0,293.0,0.0,272.0,9.58,416.8,284.0,34.4,33.5,0.8,2.8,2067.6,0.0,16.83,20.1,27.1,30.7,26.5,27.4,29.9,26.8,28.4,28.4,39.7,38.4,25.3,26.1,26.9,29.4,39.0,37.0,25.0,0.0,-0.2,0.0,6.0,6.0,4.0,0.0,24.0,24.0,24.0,85.0,83.0,56.0,26.0,26.0,300.0,0.0,0.0,0.0,0.0,0.0,0.0,0.0,0.0,0.0
9.59,5.76,0.24,0.27,0.25,6.82,8.28,8.12,9.59,1.2,-0.01,0.05,178.2,5.3,307.0,1.0,1.0,236.0,681.0,283.0,-2.0,271.0,9.58,413.7,284.0,35.0,34.2,0.8,2.7,2067.6,0.0,16.83,20.1,27.1,30.7,26.5,27.4,29.9,26.8,28.2,26.7,39.7,38.4,25.3,26.1,26.9,29.4,39.0,37.0,25.0,0.2,0.0,0.0,6.0,6.0,4.0,0.0,24.0,24.0,24.0,85.0,83.0,56.0,26.0,26.0,300.0,0.0,0.0,0.0,0.0,0.0,0.0,0.0,0.0,0.0
10.24,22.61,0.24,0.27,0.25,8.54,9.34,10.2,10.24,13.6,0.08,0.0,177.8,4.1,302.0,1.0,1.0,306.0,680.0,367.0,0.0,340.0,10.24,476.8,328.0,34.0,33.8,0.8,2.8,2067.6,0.0,16.83,19.9,27.2,30.8,26.6,27.5,30.0,26.9,28.4,28.0,39.8,38.5,25.4,26.2,26.9,29.4,39.0,38.0,25.0,0.0,-0.6,0.0,6.0,6.0,4.0,0.0,24.0,24.0,24.0,85.0,84.0,57.0,26.0,26.0,300.0,0.0,0.0,0.0,0.0,0.0,0.0,0.0,0.0,0.0
9.57,63.25,0.24,0.26,0.25,8.34,6.46,8.38,9.59,3.2,-0.07,-0.01,178.2,5.2,307.0,1.0,1.0,244.0,681.0,293.0,0.0,271.0,9.58,411.9,284.0,34.6,34.2,0.8,2.8,2067.6,0.0,16.83,20.1,27.1,30.7,26.5,27.4,29.9,26.8,28.3,27.6,39.7,38.4,25.3,26.1,26.9,29.4,39.0,37.0,25.0,0.2,-0.1,0.2,6.0,6.0,4.0,0.0,24.0,24.0,24.0,85.0,83.0,56.0,26.0,26.0,300.0,0.0,0.0,0.0,0.0,0.0,0.0,0.0,0.0,0.0
9.02,268.38,0.24,0.27,0.25,4.3,7.62,7.7,8.99,18.0,-0.04,-0.07,1.6,5.5,304.0,1.0,1.0,192.0,682.0,234.0,0.0,223.0,8.98,369.3,249.0,34.5,34.2,0.8,2.8,1511.2,0.0,15.99,20.6,27.0,30.6,26.4,27.3,29.8,26.7,28.4,28.5,39.7,38.4,25.3,26.1,26.9,29.5,38.0,36.0,25.0,0.0,0.7,-0.2,6.0,6.0,4.0,1.0,24.0,24.0,24.0,84.0,83.0,55.0,26.0,26.0,300.0,0.0,0.0,0.0,0.0,0.0,0.0,0.0,0.0,0.0
11.43,42.12,0.24,0.27,0.25,8.92,8.44,10.02,11.46,-0.5,0.01,-0.04,177.6,4.9,311.0,1.0,1.0,425.0,682.0,504.0,-2.0,477.0,11.46,598.6,410.0,33.9,33.9,0.8,2.8,2067.6,0.0,16.83,19.9,27.6,31.2,27.0,27.8,30.3,27.2,28.8,29.2,39.9,38.6,25.4,26.3,26.9,29.4,41.0,39.0,25.0,0.2,-0.4,0.0,6.0,6.0,4.0,0.0,24.0,24.0,24.0,85.0,84.0,59.0,26.0,26.0,300.0,0.0,0.0,0.0,0.0,0.0,0.0,0.0,0.0,0.0
9.63,29.99,0.24,0.27,0.25,8.88,7.94,9.5,9.68,18.5,-0.09,-0.07,177.7,4.7,301.0,1.0,1.0,250.0,681.0,301.0,0.0,286.0,9.66,424.6,291.0,34.5,34.3,0.8,2.8,2067.6,0.0,16.83,20.1,27.2,30.7,26.5,27.4,29.9,26.8,28.4,28.2,39.7,38.4,25.3,26.1,26.9,29.4,39.0,37.0,25.0,0.4,-0.5,0.0,6.0,6.0,4.0,0.0,24.0,24.0,24.0,85.0,83.0,56.0,26.0,26.0,300.0,0.0,0.0,0.0,0.0,0.0,0.0,0.0,0.0,0.0
9.48,226.26,0.24,0.26,0.25,5.62,5.86,8.66,9.48,4.5,-0.04,0.03,177.8,4.1,302.0,1.0,1.0,235.0,681.0,286.0,0.0,273.0,9.48,408.4,280.0,34.4,33.8,0.8,2.8,2067.6,0.0,16.83,20.1,27.3,30.9,26.6,27.5,30.0,26.9,28.6,29.3,39.8,38.5,25.4,26.2,26.9,29.4,39.0,37.0,25.0,-0.1,0.3,0.0,6.0,6.0,4.0,0.0,24.0,24.0,24.0,85.0,83.0,57.0,26.0,26.0,300.0,0.0,0.0,0.0,0.0,0.0,0.0,0.0,0.0,0.0
10.29,158.51,0.24,0.26,0.25,8.5,5.7,9.72,10.3,3.1,0.02,-0.01,178.1,6.0,305.0,1.0,1.0,291.0,681.0,350.0,0.0,338.0,10.28,479.7,327.0,34.3,34.0,0.8,2.8,2067.6,0.0,16.83,20.0,27.2,30.8,26.5,27.5,30.0,26.9,28.3,27.7,39.8,38.5,25.3,26.2,26.9,29.4,39.0,37.0,25.0,-0.4,-0.1,0.0,6.0,6.0,4.0,0.0,24.0,24.0,24.0,85.0,83.0,57.0,26.0,26.0,300.0,0.0,0.0,0.0,0.0,0.0,0.0,0.0,0.0,0.0
11.98,258.37,0.24,0.27,0.25,9.26,9.5,10.86,11.98,-5.4,0.05,-0.04,178.1,6.7,309.0,1.0,1.0,420.0,681.0,497.0,0.0,513.0,11.94,633.0,437.0,33.9,33.5,0.8,2.8,2067.6,0.0,16.83,19.9,27.4,31.0,26.7,27.6,30.1,27.0,28.5,28.0,39.9,38.6,25.4,26.3,26.9,29.4,40.0,38.0,25.0,0.2,0.0,0.0,6.0,6.0,4.0,0.0,24.0,24.0,24.0,85.0,83.0,59.0,26.0,26.0,300.0,0.0,0.0,0.0,0.0,0.0,0.0,0.0,0.0,0.0
9.18,330.26,0.24,0.27,0.25,6.34,8.56,7.72,9.19,-9.4,-0.03,0.0,177.7,5.0,314.0,1.0,1.0,207.0,681.0,244.0,0.0,241.0,9.18,380.1,260.0,34.5,34.0,0.8,2.8,1729.6,0.0,16.32,20.9,27.7,31.3,27.1,28.0,30.4,27.3,28.9,29.6,40.1,38.8,25.6,26.3,27.0,29.3,38.0,37.0,25.0,0.2,0.0,0.0,6.0,6.0,4.0,0.0,24.0,24.0,24.0,85.0,84.0,60.0,26.0,26.0,300.0,0.0,0.0,0.0,0.0,0.0,0.0,0.0,0.0,0.0
9.35,202.5,0.24,0.26,0.25,5.54,5.86,9.24,9.35,-7.0,-0.05,0.06,179.1,4.9,305.0,1.0,1.0,223.0,683.0,269.0,0.0,257.0,9.34,402.0,272.0,34.4,33.6,0.8,2.8,2067.6,0.0,16.83,20.1,27.1,30.7,26.5,27.4,29.8,26.7,28.3,28.0,39.7,38.4,25.3,26.1,26.9,29.4,38.0,37.0,25.0,-0.2,0.4,0.0,6.0,6.0,4.0,0.0,24.0,24.0,24.0,84.0,83.0,56.0,26.0,26.0,300.0,0.0,0.0,0.0,0.0,0.0,0.0,0.0,0.0,0.0
9.93,20.38,0.24,0.27,0.25,8.02,8.64,9.8,9.93,-0.8,-0.1,0.04,177.7,4.7,309.0,1.0,1.0,267.0,682.0,324.0,0.0,307.0,9.94,447.2,307.0,34.4,34.0,0.8,2.8,2067.6,0.0,16.83,20.0,27.6,31.3,26.9,27.9,30.4,27.3,28.6,27.0,40.0,38.7,25.4,26.3,26.9,29.4,40.0,38.0,25.0,0.0,-0.2,0.0,6.0,6.0,4.0,0.0,24.0,24.0,24.0,85.0,84.0,60.0,26.0,26.0,300.0,0.0,0.0,0.0,0.0,0.0,0.0,0.0,0.0,0.0
12.3,338.26,0.24,0.27,0.25,10.82,10.84,12.24,12.3,-1.9,-0.02,-0.04,177.7,6.1,312.0,1.0,1.0,505.0,682.0,610.0,0.0,591.0,12.3,688.1,471.0,34.1,33.7,0.8,2.8,2067.6,0.0,16.83,20.0,27.5,31.1,26.8,27.7,30.2,27.1,28.6,27.5,39.9,38.6,25.4,26.3,26.9,29.3,42.0,40.0,25.0,-0.2,0.0,0.0,6.0,6.0,4.0,0.0,24.0,24.0,24.0,85.0,84.0,59.0,26.0,26.0,300.0,0.0,0.0,0.0,0.0,0.0,0.0,0.0,0.0,0.0
12.56,163.62,0.24,0.27,0.25,10.7,10.42,12.06,12.57,-12.2,0.03,-0.05,178.0,6.5,312.0,1.0,1.0,530.0,682.0,638.0,0.0,622.0,12.58,711.5,488.0,34.3,33.9,0.8,2.8,2067.6,0.0,16.83,19.9,27.4,31.0,26.8,27.7,30.2,27.1,28.5,27.8,39.9,38.6,25.4,26.3,26.9,29.4,41.0,39.0,25.0,-0.5,0.0,0.0,6.0,6.0,4.0,0.0,24.0,24.0,24.0,85.0,83.0,59.0,26.0,26.0,300.0,0.0,0.0,0.0,0.0,0.0,0.0,0.0,0.0,0.0
10.03,27.61,0.24,0.27,0.25,8.1,8.38,8.9,10.03,19.6,0.02,0.02,177.8,3.8,299.0,1.0,1.0,288.0,680.0,344.0,0.0,328.0,10.06,460.7,315.0,33.8,33.6,0.8,2.8,2067.6,0.0,16.83,19.9,27.2,30.9,26.6,27.5,30.0,26.9,28.6,29.2,39.8,38.5,25.4,26.2,26.9,29.4,39.0,38.0,25.0,0.2,-0.2,0.0,6.0,6.0,4.0,0.0,24.0,24.0,24.0,85.0,83.0,57.0,26.0,26.0,300.0,0.0,0.0,0.0,0.0,0.0,0.0,0.0,0.0,0.0
10.27,45.36,0.24,0.27,0.25,8.14,7.54,8.46,10.29,14.3,0.01,0.08,177.9,5.3,303.0,1.0,1.0,297.0,680.0,354.0,0.0,339.0,10.28,476.0,328.0,34.1,33.9,0.8,2.8,2067.6,0.0,16.83,20.0,27.2,30.8,26.6,27.5,30.0,26.9,28.5,28.7,39.8,38.5,25.4,26.2,26.9,29.4,39.0,37.0,25.0,0.4,0.0,0.0,6.0,6.0,4.0,0.0,24.0,24.0,24.0,85.0,83.0,57.0,26.0,26.0,300.0,0.0,0.0,0.0,0.0,0.0,0.0,0.0,0.0,0.0
12.45,339.37,0.24,0.27,0.25,9.82,9.34,10.64,12.46,-1.3,-0.03,-0.05,177.9,6.2,309.0,1.0,1.0,477.0,682.0,571.0,2.0,577.0,12.44,692.2,475.0,33.9,33.4,0.8,2.8,2067.6,0.0,16.83,19.9,27.4,31.0,26.8,27.6,30.1,27.1,28.6,29.0,39.9,38.6,25.4,26.3,26.9,29.4,41.0,38.0,25.0,0.0,0.0,0.2,6.0,6.0,4.0,0.0,24.0,24.0,24.0,85.0,83.0,59.0,26.0,26.0,300.0,0.0,0.0,0.0,0.0,0.0,0.0,0.0,0.0,0.0
9.1,76.86,0.24,0.26,0.25,7.78,4.28,7.46,9.09,3.7,-0.02,-0.05,156.3,3.9,298.0,1.0,1.0,195.0,680.0,226.0,0.0,225.0,9.06,365.1,252.0,34.3,33.5,0.8,2.8,1646.1,0.0,16.2,20.1,27.3,30.9,26.6,27.6,30.1,27.0,28.3,26.7,39.8,38.5,25.3,26.3,26.9,29.4,38.0,37.0,25.0,0.2,-0.2,0.2,6.0,6.0,4.0,0.0,24.0,24.0,24.0,85.0,83.0,58.0,26.0,26.0,300.0,0.0,0.0,0.0,0.0,0.0,0.0,0.0,0.0,0.0
9.05,87.98,0.24,0.26,0.25,8.2,4.1,7.42,9.05,13.8,0.0,0.03,177.7,4.9,296.0,1.0,1.0,203.0,680.0,243.0,0.0,233.0,9.04,371.2,254.0,34.5,34.0,0.8,2.7,1750.3,0.0,16.35,20.1,27.3,30.9,26.7,27.5,30.0,27.0,28.6,28.9,39.8,38.5,25.3,26.2,26.9,29.4,38.0,37.0,25.0,0.2,-0.2,0.2,6.0,6.0,4.0,0.0,24.0,24.0,24.0,85.0,83.0,58.0,26.0,26.0,300.0,0.0,0.0,0.0,0.0,0.0,0.0,0.0,0.0,0.0
9.59,250.74,0.24,0.27,0.25,5.78,7.38,9.84,9.59,7.3,-0.12,0.01,178.3,4.4,306.0,1.0,1.0,235.0,681.0,283.0,0.0,271.0,9.56,418.1,284.0,34.2,33.9,0.8,2.8,2067.6,0.0,16.83,20.1,27.1,30.7,26.5,27.4,29.9,26.8,28.3,27.6,39.7,38.4,25.3,26.1,26.9,29.4,39.0,37.0,25.0,-0.3,0.3,0.0,6.0,6.0,4.0,0.0,24.0,24.0,24.0,85.0,83.0,56.0,26.0,26.0,300.0,0.0,0.0,0.0,0.0,0.0,0.0,0.0,0.0,0.0
8.76,293.76,0.23,0.27,0.25,4.2,8.54,6.84,8.77,-5.2,0.02,-0.03,177.6,4.4,309.0,1.0,1.0,178.0,680.0,213.0,0.0,206.0,8.74,343.7,236.0,34.0,33.5,0.8,2.8,2067.6,0.0,16.83,20.8,27.7,31.4,27.1,28.0,30.4,27.3,29.0,30.0,40.1,38.8,25.6,26.3,27.0,29.3,38.0,37.0,25.0,0.0,0.4,-0.5,6.0,6.0,4.0,0.0,24.0,24.0,24.0,85.0,84.0,60.0,26.0,26.0,300.0,0.0,0.0,0.0,0.0,0.0,0.0,0.0,0.0,0.0
11.64,334.76,0.24,0.27,0.25,9.16,8.88,10.04,11.6,-7.6,-0.07,0.03,178.0,5.9,308.0,1.0,1.0,388.0,681.0,461.0,2.0,471.0,11.6,605.2,413.0,34.1,33.7,0.8,2.8,2067.6,0.0,16.83,19.8,27.4,31.0,26.8,27.6,30.1,27.0,28.5,28.0,39.9,38.6,25.4,26.3,26.9,29.4,40.0,38.0,25.0,0.0,0.0,0.2,6.0,6.0,4.0,0.0,24.0,24.0,24.0,85.0,83.0,59.0,26.0,26.0,300.0,0.0,0.0,0.0,0.0,0.0,0.0,0.0,0.0,0.0
10.86,187.38,0.24,0.26,0.25,7.86,6.38,9.6,10.86,12.7,0.07,0.05,178.6,5.1,300.0,1.0,1.0,353.0,681.0,421.0,-2.0,401.0,10.84,533.4,366.0,34.1,33.8,0.8,2.8,2067.6,0.0,16.83,19.9,27.3,31.0,26.6,27.6,30.1,27.0,28.4,26.7,39.9,38.6,25.4,26.3,26.9,29.3,39.0,38.0,25.0,-0.2,0.0,0.2,6.0,6.0,4.0,0.0,24.0,24.0,24.0,85.0,83.0,58.0,26.0,26.0,300.0,0.0,0.0,0.0,0.0,0.0,0.0,0.0,0.0,0.0
9.35,146.12,0.24,0.26,0.25,8.0,3.7,8.44,9.35,-32.6,-0.07,0.03,1.4,5.2,326.0,1.0,1.0,234.0,680.0,280.0,0.0,259.0,9.36,397.0,273.0,33.7,33.0,0.8,2.8,2067.6,0.0,16.83,20.9,27.7,31.4,27.0,28.0,30.4,27.3,28.7,27.0,40.1,38.8,25.7,26.3,27.0,29.4,39.0,37.0,25.0,0.2,-0.1,0.4,6.0,6.0,4.0,2.0,24.0,24.0,24.0,85.0,84.0,60.0,26.0,26.0,300.0,0.0,0.0,0.0,0.0,0.0,0.0,0.0,0.0,0.0
9.75,76.61,0.24,0.26,0.25,8.26,5.58,8.82,9.75,-0.1,0.04,-0.07,177.6,4.9,309.0,1.0,1.0,263.0,681.0,315.0,0.0,298.0,9.78,432.6,298.0,34.0,33.5,0.8,2.8,2067.6,0.0,16.83,20.1,27.7,31.3,27.0,27.9,30.4,27.3,28.8,28.7,40.0,38.7,25.6,26.3,26.9,29.4,39.0,37.0,25.0,0.0,-0.2,0.2,6.0,6.0,4.0,0.0,24.0,24.0,24.0,85.0,84.0,60.0,26.0,26.0,300.0,0.0,0.0,0.0,0.0,0.0,0.0,0.0,0.0,0.0
8.52,160.63,0.24,0.26,0.25,5.48,3.98,9.98,8.49,13.0,-0.03,0.01,1.6,3.6,293.0,1.0,1.0,169.0,680.0,210.0,0.0,194.0,8.48,330.5,224.0,34.0,33.6,0.8,2.8,1646.1,0.0,16.2,20.1,27.3,30.9,26.7,27.6,30.1,27.0,28.6,28.9,39.8,38.5,25.3,26.2,26.9,29.4,38.0,37.0,25.0,-0.6,0.3,0.0,6.0,6.0,4.0,1.0,24.0,24.0,24.0,85.0,83.0,58.0,26.0,26.0,300.0,0.0,0.0,0.0,0.0,0.0,0.0,0.0,0.0,0.0
9.45,187.74,0.24,0.26,0.25,6.48,5.44,9.38,9.46,3.9,0.0,-0.06,179.6,4.9,301.0,1.0,1.0,232.0,683.0,277.0,0.0,264.0,9.44,404.6,276.0,34.7,34.3,0.8,2.8,2067.6,0.0,16.83,20.2,27.1,30.7,26.5,27.3,29.9,26.7,28.5,29.3,39.7,38.4,25.3,26.1,26.9,29.4,38.0,37.0,25.0,-0.3,0.2,0.0,6.0,6.0,4.0,0.0,24.0,24.0,24.0,85.0,83.0,56.0,26.0,26.0,300.0,0.0,0.0,0.0,0.0,0.0,0.0,0.0,0.0,0.0
8.94,288.25,0.24,0.27,0.25,4.44,7.16,7.36,8.94,10.1,-0.05,0.06,178.0,4.0,303.0,1.0,1.0,214.0,681.0,253.0,0.0,230.0,8.96,369.0,251.0,34.4,33.7,0.8,2.8,2067.6,0.0,16.83,20.1,27.3,30.9,26.7,27.5,30.0,26.9,28.6,29.3,39.8,38.5,25.3,26.2,26.9,29.4,39.0,37.0,25.0,0.1,0.3,-0.2,6.0,6.0,4.0,0.0,24.0,24.0,24.0,85.0,83.0,57.0,26.0,26.0,300.0,0.0,0.0,0.0,0.0,0.0,0.0,0.0,0.0,0.0
9.57,300.64,0.24,0.27,0.25,6.56,8.12,8.24,9.55,6.6,-0.03,-0.05,177.9,4.3,300.0,1.0,1.0,242.0,680.0,290.0,0.0,268.0,9.54,413.1,283.0,34.4,34.0,0.8,2.8,2067.6,0.0,16.83,20.0,27.2,30.9,26.6,27.5,30.0,26.9,28.4,27.5,39.8,38.5,25.4,26.2,26.9,29.4,39.0,37.0,25.0,0.3,0.2,0.0,6.0,6.0,4.0,0.0,24.0,24.0,24.0,85.0,83.0,57.0,26.0,26.0,300.0,0.0,0.0,0.0,0.0,0.0,0.0,0.0,0.0,0.0
10.71,48.49,0.24,0.27,0.25,8.64,7.74,8.96,10.74,-3.2,-0.02,0.0,177.7,4.5,311.0,1.0,1.0,361.0,681.0,436.0,-2.0,407.0,10.72,534.7,363.0,33.5,33.5,0.8,2.8,2067.6,0.0,16.83,19.9,27.6,31.2,26.8,27.9,30.3,27.2,28.5,27.3,39.9,38.6,25.4,26.3,26.9,29.4,41.0,39.0,25.0,0.4,-0.5,0.0,6.0,6.0,4.0,0.0,24.0,24.0,24.0,85.0,84.0,59.0,26.0,26.0,300.0,0.0,0.0,0.0,0.0,0.0,0.0,0.0,0.0,0.0
12.1,330.62,0.24,0.27,0.25,9.7,9.18,10.56,12.06,-2.0,-0.02,0.03,177.8,7.0,309.0,1.0,1.0,428.0,682.0,514.0,2.0,528.0,12.04,641.3,444.0,33.9,33.7,0.8,2.8,2067.6,0.0,16.83,19.9,27.4,31.0,26.7,27.6,30.1,27.0,28.4,27.2,39.9,38.6,25.4,26.3,26.9,29.4,40.0,38.0,25.0,0.0,0.2,0.2,6.0,6.0,4.0,0.0,24.0,24.0,24.0,85.0,83.0,59.0,26.0,26.0,300.0,0.0,0.0,0.0,0.0,0.0,0.0,0.0,0.0,0.0
9.27,13.5,0.24,0.27,0.25,7.06,7.7,7.38,9.29,2.1,-0.03,-0.05,177.7,4.5,309.0,1.0,1.0,223.0,681.0,272.0,0.0,248.0,9.28,391.0,267.0,34.3,33.7,0.8,2.8,2067.6,0.0,16.83,20.4,27.7,31.3,27.0,27.9,30.4,27.3,28.7,27.2,40.0,38.7,25.6,26.3,26.9,29.4,39.0,37.0,25.0,0.3,-0.2,0.0,6.0,6.0,4.0,0.0,24.0,24.0,24.0,85.0,84.0,60.0,26.0,26.0,300.0,0.0,0.0,0.0,0.0,0.0,0.0,0.0,0.0,0.0
12.06,202.86,0.24,0.27,0.25,9.0,9.06,10.56,12.07,-5.2,0.04,-0.05,177.7,5.8,313.0,1.0,1.0,481.0,682.0,581.0,-2.0,566.0,12.06,667.1,453.0,33.9,33.9,0.8,2.7,2067.6,0.0,16.83,19.9,27.5,31.1,26.8,27.8,30.2,27.1,28.4,26.8,39.9,38.6,25.4,26.3,26.9,29.3,42.0,39.0,25.0,-0.2,0.2,0.0,6.0,6.0,4.0,0.0,24.0,24.0,24.0,85.0,83.0,59.0,26.0,26.0,300.0,0.0,0.0,0.0,0.0,0.0,0.0,0.0,0.0,0.0
9.09,115.88,0.24,0.26,0.25,8.48,3.84,7.94,9.09,21.3,0.04,0.03,177.8,4.7,296.0,1.0,1.0,206.0,680.0,252.0,0.0,236.0,9.08,371.2,256.0,34.6,33.9,0.8,2.8,1750.3,0.0,16.35,20.1,27.3,30.9,26.7,27.5,30.0,27.0,28.6,29.3,39.8,38.5,25.3,26.2,26.9,29.4,38.0,37.0,25.0,0.0,-0.1,0.3,6.0,6.0,4.0,0.0,24.0,24.0,24.0,85.0,83.0,58.0,26.0,26.0,300.0,0.0,0.0,0.0,0.0,0.0,0.0,0.0,0.0,0.0
9.66,251.14,0.24,0.27,0.25,6.58,7.88,9.78,9.65,4.0,0.02,-0.04,177.6,4.6,309.0,1.0,1.0,259.0,681.0,309.0,0.0,287.0,9.64,426.9,291.0,33.9,33.5,0.8,2.8,2067.6,0.0,16.83,20.2,27.7,31.3,26.9,27.9,30.4,27.3,28.6,27.0,40.0,38.7,25.6,26.3,26.9,29.4,39.0,37.0,25.0,-0.1,0.2,-0.2,6.0,6.0,4.0,0.0,24.0,24.0,24.0,85.0,84.0,60.0,26.0,26.0,300.0,0.0,0.0,0.0,0.0,0.0,0.0,0.0,0.0,0.0
9.33,204.77,0.24,0.26,0.25,5.8,5.38,9.46,9.32,-6.1,0.07,0.02,178.0,4.3,305.0,1.0,1.0,226.0,680.0,274.0,0.0,258.0,9.32,397.1,271.0,34.2,33.5,0.8,2.8,2067.6,0.0,16.83,20.1,27.3,30.9,26.6,27.5,30.0,26.9,28.5,28.7,39.8,38.5,25.4,26.2,26.9,29.4,39.0,37.0,25.0,0.0,0.2,0.0,6.0,6.0,4.0,0.0,24.0,24.0,24.0,85.0,83.0,57.0,26.0,26.0,300.0,0.0,0.0,0.0,0.0,0.0,0.0,0.0,0.0,0.0
9.69,193.14,0.24,0.26,0.25,5.7,6.08,8.7,9.68,-0.6,-0.05,0.0,177.7,4.8,310.0,1.0,1.0,257.0,681.0,311.0,0.0,290.0,9.68,431.1,293.0,33.7,33.3,0.8,2.8,2067.6,0.0,16.83,20.2,27.7,31.3,26.9,27.9,30.4,27.3,28.6,26.8,40.0,38.7,25.6,26.3,26.9,29.4,39.0,37.0,25.0,-0.1,0.7,0.2,6.0,6.0,4.0,0.0,24.0,24.0,24.0,85.0,84.0,60.0,26.0,26.0,300.0,0.0,0.0,0.0,0.0,0.0,0.0,0.0,0.0,0.0
9.56,350.24,0.24,0.27,0.25,7.66,8.74,7.78,9.58,-31.8,0.0,0.08,177.7,6.0,321.0,1.0,1.0,243.0,681.0,292.0,-2.0,275.0,9.58,419.8,286.0,34.3,34.1,0.8,2.8,2067.6,0.0,16.83,20.9,27.7,31.4,27.0,28.0,30.4,27.3,28.8,28.2,40.1,38.8,25.6,26.3,27.0,29.4,38.0,37.0,25.0,0.0,0.0,0.0,6.0,6.0,4.0,0.0,24.0,24.0,24.0,85.0,84.0,60.0,26.0,26.0,300.0,0.0,0.0,0.0,0.0,0.0,0.0,0.0,0.0,0.0
9.39,89.64,0.24,0.26,0.25,9.1,4.98,8.74,9.4,6.7,0.02,0.02,179.9,5.0,299.0,1.0,1.0,230.0,683.0,275.0,0.0,262.0,9.42,402.7,274.0,34.5,33.8,0.8,2.8,2067.6,0.0,16.83,20.2,27.1,30.7,26.5,27.3,29.8,26.8,28.4,29.0,39.7,38.4,25.3,26.1,26.9,29.4,38.0,37.0,25.0,0.0,-0.2,0.0,6.0,6.0,4.0,0.0,24.0,24.0,24.0,84.0,83.0,56.0,26.0,26.0,300.0,0.0,0.0,0.0,0.0,0.0,0.0,0.0,0.0,0.0
9.45,31.75,0.24,0.26,0.25,8.2,6.74,8.24,9.47,-0.8,-0.03,-0.02,177.7,5.3,312.0,1.0,1.0,220.0,680.0,268.0,0.0,261.0,9.44,400.0,275.0,34.1,33.8,0.8,2.8,1957.0,0.0,16.66,20.9,27.7,31.3,27.1,28.0,30.4,27.3,28.9,28.8,40.1,38.8,25.6,26.3,27.0,29.4,38.0,37.0,25.0,0.5,-0.6,0.0,6.0,6.0,4.0,0.0,24.0,24.0,24.0,85.0,84.0,60.0,26.0,26.0,300.0,0.0,0.0,0.0,0.0,0.0,0.0,0.0,0.0,0.0
9.47,218.48,0.24,0.26,0.25,5.0,6.94,9.2,9.48,-33.9,-0.04,0.01,177.7,5.3,323.0,1.0,1.0,240.0,680.0,290.0,0.0,273.0,9.46,407.5,279.0,34.0,33.3,0.8,2.8,2067.6,0.0,16.83,20.9,27.7,31.4,27.0,28.0,30.4,27.3,28.9,28.9,40.1,38.8,25.6,26.3,27.0,29.4,38.0,37.0,25.0,-0.1,0.3,0.0,6.0,6.0,4.0,0.0,24.0,24.0,24.0,85.0,84.0,60.0,26.0,26.0,300.0,0.0,0.0,0.0,0.0,0.0,0.0,0.0,0.0,0.0
9.63,236.12,0.24,0.26,0.25,6.86,6.94,9.62,9.63,7.2,-0.1,-0.03,178.2,5.0,306.0,1.0,1.0,240.0,681.0,287.0,0.0,274.0,9.62,421.2,286.0,34.3,34.0,0.8,2.8,2067.6,0.0,16.83,20.1,27.1,30.7,26.5,27.4,29.9,26.8,28.4,28.9,39.7,38.4,25.3,26.1,26.9,29.4,39.0,37.0,25.0,0.0,0.2,0.0,6.0,6.0,4.0,0.0,24.0,24.0,24.0,85.0,83.0,56.0,26.0,26.0,300.0,0.0,0.0,0.0,0.0,0.0,0.0,0.0,0.0,0.0
9.66,316.26,0.24,0.27,0.25,7.26,9.12,8.82,9.68,-2.5,-0.05,-0.04,178.1,4.7,306.0,1.0,1.0,230.0,680.0,278.0,0.0,272.0,9.64,417.6,286.0,34.0,33.8,0.8,2.8,2067.6,0.0,16.83,20.1,27.2,30.7,26.5,27.4,29.9,26.9,28.2,26.5,39.7,38.5,25.3,26.2,26.9,29.4,39.0,37.0,25.0,0.5,0.2,-0.2,6.0,6.0,4.0,0.0,24.0,24.0,24.0,85.0,83.0,57.0,26.0,26.0,300.0,0.0,0.0,0.0,0.0,0.0,0.0,0.0,0.0,0.0
9.38,348.12,0.24,0.27,0.25,6.84,8.4,7.86,9.39,-6.9,-0.08,0.0,177.6,3.8,311.0,1.0,1.0,235.0,681.0,281.0,-2.0,265.0,9.4,403.9,276.0,34.5,34.0,0.8,2.8,2067.6,0.0,16.83,20.3,27.7,31.3,27.0,27.9,30.4,27.3,28.7,27.7,40.0,38.7,25.6,26.3,26.9,29.4,39.0,37.0,25.0,0.2,0.0,0.0,6.0,6.0,4.0,0.0,24.0,24.0,24.0,85.0,84.0,60.0,26.0,26.0,300.0,0.0,0.0,0.0,0.0,0.0,0.0,0.0,0.0,0.0
11.85,351.61,0.24,0.27,0.25,9.22,9.34,10.18,11.87,-2.3,-0.01,-0.01,177.6,5.4,312.0,1.0,1.0,457.0,682.0,549.0,-2.0,523.0,11.84,639.0,437.0,34.4,34.0,0.8,2.7,2067.6,0.0,16.83,19.9,27.5,31.1,26.8,27.8,30.2,27.2,28.5,27.2,40.0,38.6,25.4,26.3,26.9,29.3,42.0,39.0,25.0,0.0,0.0,0.0,6.0,6.0,4.0,0.0,24.0,24.0,24.0,85.0,84.0,59.0,26.0,26.0,300.0,0.0,0.0,0.0,0.0,0.0,0.0,0.0,0.0,0.0
9.52,47.48,0.24,0.26,0.25,9.02,5.6,8.36,9.54,-31.1,-0.03,-0.01,177.7,5.5,321.0,1.0,1.0,241.0,681.0,290.0,-2.0,273.0,9.54,416.7,284.0,34.1,33.6,0.8,2.8,2067.6,0.0,16.83,20.9,27.7,31.4,27.0,28.0,30.4,27.3,28.7,27.1,40.1,38.8,25.6,26.3,27.0,29.4,38.0,37.0,25.0,0.2,-0.9,0.0,6.0,6.0,4.0,0.0,24.0,24.0,24.0,85.0,84.0,60.0,26.0,26.0,300.0,0.0,0.0,0.0,0.0,0.0,0.0,0.0,0.0,0.0
12.6,146.48,0.24,0.27,0.25,10.48,8.92,11.06,12.58,-5.2,-0.03,0.02,178.0,6.7,310.0,1.0,1.0,525.0,682.0,629.0,0.0,623.0,12.58,715.6,490.0,34.0,33.6,0.8,2.7,2067.6,0.0,16.83,19.9,27.4,31.0,26.8,27.6,30.2,27.1,28.7,29.3,39.9,38.6,25.4,26.3,26.9,29.4,41.0,39.0,25.0,0.2,0.0,-0.2,6.0,6.0,4.0,0.0,24.0,24.0,24.0,85.0,83.0,59.0,26.0,26.0,300.0,0.0,0.0,0.0,0.0,0.0,0.0,0.0,0.0,0.0
9.44,275.11,0.24,0.27,0.25,5.44,9.04,8.52,9.46,-32.5,0.07,0.01,177.6,5.2,324.0,1.0,1.0,239.0,681.0,286.0,-2.0,269.0,9.44,406.7,278.0,34.2,34.0,0.8,2.8,2067.6,0.0,16.83,20.9,27.7,31.4,27.0,28.0,30.4,27.3,29.0,29.7,40.1,38.8,25.6,26.3,27.0,29.4,38.0,37.0,25.0,0.0,0.4,-0.5,6.0,6.0,4.0,0.0,24.0,24.0,24.0,85.0,84.0,60.0,26.0,26.0,300.0,0.0,0.0,0.0,0.0,0.0,0.0,0.0,0.0,0.0
0.0,0.0,0.0,0.0,0.0,0.0,0.0,0.0,0.0,0.0,0.0,0.0,0.0,0.0,0.0,0.0,0.0,0.0,0.0,265.0,0.0,0.0,0.0,0.0,0.0,0.0,0.0,0.0,0.0,0.0,0.0,0.0,0.0,0.0,0.0,0.0,0.0,0.0,0.0,0.0,0.0,0.0,0.0,0.0,0.0,0.0,0.0,0.0,0.0,0.0,0.0,0.0,0.0,0.0,0.0,0.0,0.0,0.0,0.0,0.0,0.0,0.0,0.0,0.0,0.0,0.0,0.0,0.0,0.0,0.0,0.0,0.0,0.0,0.0,0.0
9.8,73.01,0.24,0.26,0.25,8.02,5.94,8.12,9.78,2.4,0.09,0.02,178.1,5.3,305.0,1.0,1.0,238.0,680.0,283.0,0.0,283.0,9.76,423.3,292.0,34.4,33.7,0.8,2.8,2067.6,0.0,16.83,20.1,27.2,30.7,26.5,27.4,29.9,26.8,28.4,27.6,39.8,38.5,25.3,26.2,26.9,29.4,39.0,37.0,25.0,0.5,-0.1,0.4,6.0,6.0,4.0,0.0,24.0,24.0,24.0,85.0,83.0,57.0,26.0,26.0,300.0,0.0,0.0,0.0,0.0,0.0,0.0,0.0,0.0,0.0
9.1,110.63,0.24,0.26,0.25,8.68,3.82,8.38,9.07,-17.6,0.03,0.0,177.7,5.2,315.0,1.0,1.0,203.0,681.0,238.0,0.0,231.0,9.08,370.3,254.0,33.9,34.0,0.8,2.8,1729.6,0.0,16.32,20.8,27.7,31.4,27.0,28.0,30.4,27.3,28.7,27.5,40.1,38.8,25.6,26.3,27.0,29.3,38.0,37.0,25.0,0.0,-0.1,0.0,6.0,6.0,4.0,0.0,24.0,24.0,24.0,85.0,84.0,60.0,26.0,26.0,300.0,0.0,0.0,0.0,0.0,0.0,0.0,0.0,0.0,0.0
8.82,147.13,0.24,0.26,0.25,7.52,3.12,8.66,8.79,24.6,-0.02,-0.09,1.5,5.5,304.0,1.0,1.0,180.0,682.0,219.0,0.0,209.0,8.78,344.9,237.0,34.5,34.2,0.8,2.8,1511.2,0.0,15.99,20.7,27.1,30.6,26.5,27.3,29.8,26.7,28.4,29.2,39.7,38.4,25.3,26.1,26.9,29.5,37.0,36.0,25.0,0.0,0.0,0.2,6.0,6.0,4.0,1.0,24.0,24.0,24.0,84.0,83.0,55.0,26.0,26.0,300.0,0.0,0.0,0.0,0.0,0.0,0.0,0.0,0.0,0.0
9.45,110.99,0.24,0.26,0.25,9.18,5.22,9.1,9.42,-1.0,0.01,0.0,179.3,5.3,303.0,1.0,1.0,232.0,682.0,278.0,0.0,265.0,9.42,405.6,276.0,34.5,34.1,0.8,2.8,2067.6,0.0,16.83,20.2,27.1,30.7,26.4,27.3,29.8,26.8,28.3,27.5,39.7,38.4,25.3,26.1,26.9,29.4,38.0,37.0,25.0,-0.2,-0.1,0.0,6.0,6.0,4.0,0.0,24.0,24.0,24.0,84.0,83.0,56.0,26.0,26.0,300.0,0.0,0.0,0.0,0.0,0.0,0.0,0.0,0.0,0.0
9.75,341.39,0.24,0.27,0.25,7.14,8.68,8.3,9.74,19.1,0.05,0.04,177.8,6.0,303.0,1.0,1.0,251.0,681.0,301.0,2.0,289.0,9.74,428.5,294.0,34.6,33.7,0.8,2.8,2067.6,0.0,16.83,20.1,27.1,30.7,26.5,27.4,29.9,26.8,28.4,28.0,39.7,38.4,25.3,26.1,26.9,29.4,39.0,37.0,25.0,0.5,0.0,0.0,6.0,6.0,4.0,0.0,24.0,24.0,24.0,85.0,83.0,56.0,26.0,26.0,300.0,0.0,0.0,0.0,0.0,0.0,0.0,0.0,0.0,0.0
9.96,318.74,0.24,0.27,0.25,7.66,9.32,9.32,9.95,-4.8,0.02,-0.01,177.7,5.1,310.0,1.0,1.0,271.0,681.0,324.0,0.0,313.0,9.94,451.2,306.0,33.7,33.4,0.8,2.8,2067.6,0.0,16.83,20.0,27.6,31.3,27.0,27.9,30.4,27.3,28.8,28.3,40.0,38.7,25.4,26.3,26.9,29.4,39.0,38.0,25.0,0.0,0.0,0.0,6.0,6.0,4.0,0.0,24.0,24.0,24.0,85.0,84.0,60.0,26.0,26.0,300.0,0.0,0.0,0.0,0.0,0.0,0.0,0.0,0.0,0.0
11.73,44.89,0.24,0.27,0.25,9.22,8.96,10.76,11.7,-9.1,0.04,-0.02,178.1,6.4,309.0,1.0,1.0,394.0,681.0,471.0,2.0,485.0,11.7,606.2,418.0,34.7,34.0,0.8,2.8,2067.6,0.0,16.83,19.8,27.4,31.0,26.8,27.6,30.1,27.0,28.6,28.7,39.9,38.6,25.4,26.3,26.9,29.4,40.0,38.0,25.0,0.0,-0.4,0.0,6.0,6.0,4.0,0.0,24.0,24.0,24.0,85.0,83.0,59.0,26.0,26.0,300.0,0.0,0.0,0.0,0.0,0.0,0.0,0.0,0.0,0.0
9.4,331.63,0.24,0.27,0.25,7.06,9.34,8.08,9.42,-27.4,-0.04,0.02,177.7,4.8,323.0,1.0,1.0,236.0,680.0,287.0,0.0,267.0,9.42,409.3,276.0,34.4,33.9,0.8,2.7,2067.6,0.0,16.83,20.9,27.7,31.4,27.0,28.0,30.4,27.3,29.0,29.4,40.1,38.8,25.6,26.3,27.0,29.4,38.0,37.0,25.0,0.3,0.0,0.0,6.0,6.0,4.0,0.0,24.0,24.0,24.0,85.0,84.0,60.0,26.0,26.0,300.0,0.0,0.0,0.0,0.0,0.0,0.0,0.0,0.0,0.0
8.82,200.02,0.24,0.26,0.25,4.98,4.56,8.72,8.82,23.3,-0.03,0.07,1.5,5.7,304.0,1.0,1.0,180.0,682.0,217.0,0.0,210.0,8.8,346.6,238.0,34.8,34.3,0.8,2.8,1511.2,0.0,15.99,20.7,27.0,30.6,26.4,27.3,29.8,26.7,28.4,29.2,39.7,38.4,25.3,26.1,26.9,29.5,37.0,36.0,25.0,-0.1,0.4,0.2,6.0,6.0,4.0,1.0,24.0,24.0,24.0,84.0,83.0,55.0,26.0,26.0,300.0,0.0,0.0,0.0,0.0,0.0,0.0,0.0,0.0,0.0
11.77,204.12,0.24,0.27,0.25,8.68,8.7,10.44,11.78,-1.3,0.06,0.03,177.7,5.8,312.0,1.0,1.0,448.0,682.0,537.0,-2.0,511.0,11.78,634.0,431.0,33.9,33.5,0.8,2.8,2067.6,0.0,16.83,19.9,27.5,31.1,26.9,27.8,30.3,27.2,28.6,28.5,39.9,38.6,25.4,26.3,26.9,29.4,42.0,39.0,25.0,-0.2,0.0,0.0,6.0,6.0,4.0,0.0,24.0,24.0,24.0,85.0,84.0,59.0,26.0,26.0,300.0,0.0,0.0,0.0,0.0,0.0,0.0,0.0,0.0,0.0
9.4,92.63,0.24,0.26,0.25,8.68,5.06,8.52,9.4,-0.9,0.06,-0.03,177.9,4.5,304.0,1.0,1.0,237.0,680.0,284.0,0.0,264.0,9.4,401.4,275.0,34.1,33.9,0.8,2.8,2067.6,0.0,16.83,20.1,27.3,30.9,26.5,27.5,30.0,26.9,28.3,26.8,39.8,38.5,25.4,26.2,26.9,29.4,39.0,37.0,25.0,0.0,-0.3,0.0,6.0,6.0,4.0,0.0,24.0,24.0,24.0,85.0,83.0,57.0,26.0,26.0,300.0,0.0,0.0,0.0,0.0,0.0,0.0,0.0,0.0,0.0
9.44,219.24,0.24,0.26,0.25,6.28,6.74,9.68,9.44,-2.1,-0.05,0.0,178.1,5.7,303.0,1.0,1.0,227.0,681.0,275.0,0.0,261.0,9.42,398.3,274.0,34.5,33.9,0.8,2.8,2067.6,0.0,16.83,20.1,27.2,30.7,26.5,27.4,29.9,26.8,28.3,27.0,39.7,38.4,25.3,26.1,26.9,29.4,39.0,37.0,25.0,-0.3,0.1,0.0,6.0,6.0,4.0,0.0,24.0,24.0,24.0,85.0,83.0,57.0,26.0,26.0,300.0,0.0,0.0,0.0,0.0,0.0,0.0,0.0,0.0,0.0
10.4,135.0,0.24,0.26,0.25,9.1,6.38,9.68,10.4,16.1,0.02,-0.06,178.1,4.5,302.0,1.0,1.0,308.0,680.0,367.0,0.0,354.0,10.38,487.9,335.0,34.4,34.1,0.8,2.8,2067.6,0.0,16.83,19.9,27.2,30.8,26.6,27.5,30.0,26.9,28.3,27.0,39.8,38.5,25.4,26.2,26.9,29.4,39.0,38.0,25.0,0.0,-0.1,0.0,6.0,6.0,4.0,0.0,24.0,24.0,24.0,85.0,83.0,57.0,26.0,26.0,300.0,0.0,0.0,0.0,0.0,0.0,0.0,0.0,0.0,0.0
9.96,207.61,0.24,0.26,0.25,7.0,7.38,10.68,9.98,17.7,0.0,0.03,177.9,3.7,299.0,1.0,1.0,279.0,680.0,333.0,0.0,306.0,9.96,450.9,310.0,34.4,34.3,0.8,2.8,2067.6,0.0,16.83,20.0,27.2,30.8,26.5,27.5,30.0,26.9,28.3,26.7,39.8,38.5,25.4,26.2,26.9,29.3,39.0,37.0,25.0,-0.3,0.0,0.0,6.0,6.0,4.0,0.0,24.0,24.0,24.0,85.0,83.0,57.0,26.0,26.0,300.0,0.0,0.0,0.0,0.0,0.0,0.0,0.0,0.0,0.0
10.31,107.14,0.24,0.26,0.25,9.76,7.04,10.08,10.28,16.0,0.0,0.0,178.0,5.2,303.0,1.0,1.0,298.0,681.0,350.0,0.0,341.0,10.3,477.2,328.0,34.3,33.9,0.8,2.8,2067.6,0.0,16.83,19.9,27.2,30.8,26.6,27.5,30.0,26.9,28.5,29.3,39.8,38.5,25.4,26.2,26.9,29.4,39.0,37.0,25.0,0.0,-0.5,0.0,6.0,6.0,4.0,0.0,24.0,24.0,24.0,85.0,83.0,57.0,26.0,26.0,300.0,0.0,0.0,0.0,0.0,0.0,0.0,0.0,0.0,0.0
9.84,132.01,0.24,0.26,0.25,8.96,4.74,9.32,9.86,1.3,-0.13,-0.08,178.1,5.6,306.0,1.0,1.0,245.0,681.0,295.0,0.0,291.0,9.84,434.1,296.0,34.6,34.4,0.7,2.8,2067.6,0.0,16.83,20.1,27.2,30.7,26.6,27.5,29.9,26.8,28.4,28.5,39.8,38.5,25.3,26.2,26.9,29.4,39.0,37.0,25.0,0.0,-0.3,0.0,6.0,6.0,4.0,0.0,24.0,24.0,24.0,85.0,83.0,57.0,26.0,26.0,300.0,0.0,0.0,0.0,0.0,0.0,0.0,0.0,0.0,0.0
9.12,257.62,0.24,0.27,0.25,4.56,7.32,8.48,9.11,21.9,0.07,0.02,177.9,4.9,296.0,1.0,1.0,208.0,680.0,252.0,0.0,241.0,9.12,379.2,259.0,34.5,34.0,0.8,2.8,1750.3,0.0,16.35,20.1,27.3,30.9,26.6,27.5,30.0,27.0,28.3,26.6,39.8,38.5,25.3,26.2,26.9,29.4,38.0,37.0,25.0,0.0,1.2,0.0,6.0,6.0,4.0,0.0,24.0,24.0,24.0,85.0,83.0,58.0,26.0,26.0,300.0,0.0,0.0,0.0,0.0,0.0,0.0,0.0,0.0,0.0
10.99,81.61,0.24,0.27,0.25,8.84,7.68,9.52,11.01,7.1,0.03,0.0,179.0,5.4,301.0,1.0,1.0,364.0,681.0,431.0,0.0,422.0,11.0,546.4,376.0,34.4,33.8,0.8,2.8,2067.6,0.0,16.83,19.9,27.3,31.0,26.6,27.6,30.1,27.0,28.3,26.7,39.9,38.6,25.4,26.3,26.9,29.3,39.0,37.0,25.0,0.0,-0.3,0.0,6.0,6.0,4.0,0.0,24.0,24.0,24.0,85.0,83.0,58.0,26.0,26.0,300.0,0.0,0.0,0.0,0.0,0.0,0.0,0.0,0.0,0.0
10.35,293.0,0.24,0.27,0.25,7.46,8.3,8.8,10.37,10.6,-0.06,-0.04,178.1,6.2,303.0,1.0,1.0,292.0,681.0,351.0,0.0,344.0,10.34,481.3,330.0,34.4,34.0,0.8,2.8,2067.6,0.0,16.83,19.9,27.2,30.8,26.5,27.4,30.0,26.9,28.3,26.8,39.8,38.5,25.4,26.2,26.9,29.4,39.0,38.0,25.0,0.3,0.4,0.0,6.0,6.0,4.0,0.0,24.0,24.0,24.0,85.0,83.0,57.0,26.0,26.0,300.0,0.0,0.0,0.0,0.0,0.0,0.0,0.0,0.0,0.0
11.02,205.13,0.24,0.27,0.25,8.06,8.04,9.88,11.03,6.3,0.0,-0.04,179.4,6.5,301.0,1.0,1.0,335.0,681.0,396.0,2.0,404.0,11.02,544.1,373.0,33.5,33.6,0.8,2.8,1750.3,0.0,16.35,20.0,27.3,30.9,26.6,27.6,30.1,27.0,28.5,28.2,39.9,38.6,25.4,26.3,26.9,29.4,39.0,37.0,25.0,-0.4,0.4,0.0,6.0,6.0,4.0,0.0,24.0,24.0,24.0,85.0,83.0,58.0,26.0,26.0,300.0,0.0,0.0,0.0,0.0,0.0,0.0,0.0,0.0,0.0
10.06,260.75,0.24,0.27,0.25,7.34,8.18,9.96,10.07,4.5,0.0,0.01,177.5,4.8,309.0,1.0,1.0,284.0,681.0,345.0,0.0,324.0,10.06,458.7,315.0,33.9,33.7,0.8,2.8,2067.6,0.0,16.83,19.9,27.6,31.3,26.9,27.9,30.3,27.2,28.6,27.0,40.0,38.7,25.4,26.3,26.9,29.4,40.0,38.0,25.0,0.0,0.0,-0.2,6.0,6.0,4.0,0.0,24.0,24.0,24.0,85.0,84.0,60.0,26.0,26.0,300.0,0.0,0.0,0.0,0.0,0.0,0.0,0.0,0.0,0.0
10.4,72.76,0.24,0.26,0.25,9.76,7.54,10.72,10.39,10.0,-0.05,0.1,177.9,4.9,303.0,1.0,1.0,304.0,680.0,363.0,0.0,358.0,10.4,489.3,336.0,34.5,34.3,0.8,2.8,2067.6,0.0,16.83,19.9,27.2,30.8,26.5,27.5,30.0,26.9,28.2,26.4,39.8,38.5,25.4,26.2,26.9,29.4,39.0,38.0,25.0,0.0,-0.7,0.0,6.0,6.0,4.0,0.0,24.0,24.0,24.0,85.0,83.0,57.0,26.0,26.0,300.0,0.0,0.0,0.0,0.0,0.0,0.0,0.0,0.0,0.0
11.55,264.13,0.24,0.27,0.25,9.14,9.42,11.32,11.58,-1.8,0.03,0.01,177.7,5.0,312.0,1.0,1.0,430.0,682.0,516.0,0.0,492.0,11.56,607.9,417.0,34.0,33.4,0.8,2.8,2067.6,0.0,16.83,19.9,27.6,31.2,26.9,27.8,30.3,27.2,28.6,27.6,39.9,38.6,25.4,26.3,26.9,29.4,42.0,39.0,25.0,0.0,0.0,0.0,6.0,6.0,4.0,0.0,24.0,24.0,24.0,85.0,84.0,59.0,26.0,26.0,300.0,0.0,0.0,0.0,0.0,0.0,0.0,0.0,0.0,0.0
9.66,130.5,0.24,0.26,0.25,9.28,4.68,9.8,9.64,-12.3,-0.09,-0.04,177.7,5.2,315.0,1.0,1.0,242.0,680.0,289.0,0.0,276.0,9.66,422.9,287.0,33.9,33.6,0.8,2.8,1957.0,0.0,16.66,20.9,27.7,31.3,27.1,28.0,30.4,27.3,28.9,29.6,40.1,38.8,25.6,26.3,27.0,29.4,38.0,37.0,25.0,-0.2,-0.1,0.0,6.0,6.0,4.0,0.0,24.0,24.0,24.0,85.0,84.0,60.0,26.0,26.0,300.0,0.0,0.0,0.0,0.0,0.0,0.0,0.0,0.0,0.0
8.98,253.51,0.24,0.26,0.25,5.12,7.24,8.82,9.01,-13.1,0.06,-0.01,177.7,5.3,313.0,1.0,1.0,191.0,681.0,225.0,0.0,218.0,8.98,359.7,248.0,33.9,33.5,0.8,2.8,1729.6,0.0,16.32,20.8,27.7,31.4,27.0,28.0,30.4,27.3,28.8,28.8,40.1,38.7,25.6,26.3,27.0,29.3,38.0,37.0,25.0,-0.1,0.5,0.0,6.0,6.0,4.0,0.0,24.0,24.0,24.0,85.0,84.0,60.0,26.0,26.0,300.0,0.0,0.0,0.0,0.0,0.0,0.0,0.0,0.0,0.0
8.49,7.74,0.24,0.27,0.25,6.68,7.48,6.34,8.5,26.2,-0.01,0.02,1.7,3.6,291.0,1.0,1.0,174.0,680.0,216.0,0.0,197.0,8.5,327.8,225.0,34.4,34.0,0.8,2.8,1855.7,0.0,16.51,20.1,27.3,30.9,26.6,27.5,30.0,27.0,28.3,26.6,39.8,38.5,25.3,26.2,26.9,29.4,38.0,37.0,25.0,0.3,-0.2,0.0,6.0,6.0,4.0,1.0,24.0,24.0,24.0,85.0,83.0,58.0,26.0,26.0,300.0,0.0,0.0,0.0,0.0,0.0,0.0,0.0,0.0,0.0
8.79,210.49,0.23,0.26,0.25,4.74,5.4,10.04,8.79,24.4,-0.05,0.04,1.5,3.9,293.0,1.0,1.0,201.0,680.0,235.0,0.0,221.0,8.8,356.5,242.0,34.2,33.7,0.8,2.8,1855.7,0.0,16.51,20.1,27.3,30.9,26.7,27.6,30.1,27.0,28.6,29.2,39.8,38.5,25.3,26.2,26.9,29.4,38.0,37.0,25.0,0.0,0.1,0.0,6.0,6.0,4.0,1.0,24.0,24.0,24.0,85.0,83.0,58.0,26.0,26.0,300.0,0.0,0.0,0.0,0.0,0.0,0.0,0.0,0.0,0.0
10.81,281.27,0.24,0.27,0.25,7.86,9.02,8.96,10.84,2.5,0.01,-0.01,178.5,5.9,302.0,1.0,1.0,337.0,681.0,412.0,0.0,399.0,10.8,526.3,362.0,34.0,34.3,0.8,2.7,2067.6,0.0,16.83,19.8,27.3,31.0,26.7,27.6,30.1,27.0,28.5,26.7,39.9,38.6,25.4,26.3,26.9,29.4,40.0,38.0,25.0,0.2,0.4,-0.2,6.0,6.0,4.0,0.0,24.0,24.0,24.0,85.0,83.0,58.0,26.0,26.0,300.0,0.0,0.0,0.0,0.0,0.0,0.0,0.0,0.0,0.0
9.7,3.24,0.24,0.27,0.25,7.72,8.58,8.22,9.69,-20.2,-0.02,0.04,177.7,5.4,317.0,1.0,1.0,247.0,680.0,298.0,0.0,283.0,9.68,424.1,291.0,34.3,34.0,0.8,2.8,1957.0,0.0,16.66,20.9,27.7,31.3,27.0,27.9,30.4,27.3,28.7,26.9,40.1,38.8,25.6,26.3,27.0,29.4,38.0,37.0,25.0,0.0,-0.2,0.0,6.0,6.0,4.0,0.0,24.0,24.0,24.0,85.0,84.0,60.0,26.0,26.0,300.0,0.0,0.0,0.0,0.0,0.0,0.0,0.0,0.0,0.0
9.44,184.0,0.24,0.26,0.25,5.56,5.16,8.74,9.42,10.8,-0.02,-0.06,178.0,5.3,301.0,1.0,1.0,231.0,681.0,278.0,0.0,266.0,9.42,401.2,277.0,34.3,33.8,0.8,2.8,2067.6,0.0,16.83,20.1,27.1,30.7,26.4,27.4,29.9,26.8,28.3,26.7,39.7,38.5,25.3,26.1,26.9,29.4,39.0,37.0,25.0,-0.2,0.3,0.4,6.0,6.0,4.0,0.0,24.0,24.0,24.0,85.0,83.0,56.0,26.0,26.0,300.0,0.0,0.0,0.0,0.0,0.0,0.0,0.0,0.0,0.0
10.97,18.36,0.24,0.27,0.25,9.4,9.64,10.62,10.98,-8.2,0.11,0.0,177.9,5.1,305.0,1.0,1.0,344.0,681.0,412.0,-2.0,405.0,10.96,537.4,369.0,34.3,34.1,0.8,2.8,2067.6,0.0,16.83,19.8,27.4,31.0,26.7,27.6,30.1,27.0,28.5,27.7,39.9,38.6,25.4,26.3,26.9,29.4,40.0,38.0,25.0,0.0,-0.2,0.0,6.0,6.0,4.0,0.0,24.0,24.0,24.0,85.0,83.0,58.0,26.0,26.0,300.0,0.0,0.0,0.0,0.0,0.0,0.0,0.0,0.0,0.0
9.4,280.37,0.24,0.27,0.25,5.02,8.34,8.36,9.42,4.2,0.02,0.01,180.2,5.4,299.0,1.0,1.0,223.0,682.0,268.0,0.0,259.0,9.4,402.2,274.0,34.5,34.0,0.8,2.8,1906.4,0.0,16.59,20.2,27.1,30.7,26.4,27.3,29.8,26.8,28.2,26.5,39.7,38.4,25.3,26.1,26.9,29.4,38.0,37.0,25.0,0.0,0.4,-0.2,6.0,6.0,4.0,0.0,24.0,24.0,24.0,84.0,83.0,56.0,26.0,26.0,300.0,0.0,0.0,0.0,0.0,0.0,0.0,0.0,0.0,0.0
9.21,25.49,0.24,0.27,0.25,7.5,7.14,7.78,9.18,-8.6,0.0,0.0,177.6,4.8,314.0,1.0,1.0,211.0,680.0,246.0,0.0,245.0,9.2,383.6,261.0,34.1,33.8,0.8,2.8,1729.6,0.0,16.32,20.9,27.7,31.3,27.1,28.0,30.4,27.3,29.0,29.6,40.1,38.8,25.6,26.3,27.0,29.3,38.0,37.0,25.0,0.3,-0.6,0.0,6.0,6.0,4.0,0.0,24.0,24.0,24.0,85.0,84.0,60.0,26.0,26.0,300.0,0.0,0.0,0.0,0.0,0.0,0.0,0.0,0.0,0.0
9.96,261.0,0.24,0.26,0.25,7.12,7.8,10.04,9.97,0.3,-0.01,-0.01,177.6,5.0,308.0,1.0,1.0,271.0,681.0,326.0,-2.0,317.0,9.96,453.1,309.0,33.8,33.6,0.8,2.8,2067.6,0.0,16.83,20.0,27.6,31.3,27.0,27.9,30.4,27.3,28.7,28.0,40.0,38.6,25.4,26.3,26.9,29.4,40.0,38.0,25.0,0.0,0.2,-0.2,6.0,6.0,4.0,0.0,24.0,24.0,24.0,85.0,84.0,60.0,26.0,26.0,300.0,0.0,0.0,0.0,0.0,0.0,0.0,0.0,0.0,0.0
11.97,354.24,0.24,0.27,0.25,9.8,10.08,11.32,12.0,-4.0,-0.02,0.04,177.5,5.7,313.0,1.0,1.0,476.0,682.0,572.0,-2.0,552.0,12.0,656.9,447.0,33.9,33.6,0.8,2.7,2067.6,0.0,16.83,19.9,27.5,31.1,26.8,27.8,30.2,27.1,28.6,28.1,40.0,38.6,25.4,26.3,26.9,29.4,42.0,39.0,25.0,0.0,0.0,0.0,6.0,6.0,4.0,0.0,24.0,24.0,24.0,85.0,84.0,59.0,26.0,26.0,300.0,0.0,0.0,0.0,0.0,0.0,0.0,0.0,0.0,0.0
8.9,88.88,0.24,0.26,0.25,8.76,4.26,8.6,8.88,6.3,0.03,0.06,177.9,4.1,304.0,1.0,1.0,201.0,680.0,238.0,0.0,219.0,8.9,361.2,246.0,34.2,34.1,0.8,2.8,2067.6,0.0,16.83,20.1,27.3,30.9,26.6,27.5,30.0,26.9,28.4,27.2,39.8,38.5,25.3,26.2,26.9,29.4,38.0,37.0,25.0,0.0,-0.3,0.0,6.0,6.0,4.0,0.0,24.0,24.0,24.0,84.0,83.0,57.0,26.0,26.0,300.0,0.0,0.0,0.0,0.0,0.0,0.0,0.0,0.0,0.0
9.39,167.62,0.24,0.26,0.25,6.64,4.5,8.74,9.4,8.3,0.09,0.06,180.4,4.9,298.0,1.0,1.0,227.0,683.0,269.0,0.0,259.0,9.38,397.0,273.0,34.5,34.0,0.8,2.8,1906.4,0.0,16.59,20.2,27.1,30.7,26.4,27.3,29.8,26.8,28.3,28.0,39.7,38.4,25.3,26.1,26.9,29.4,38.0,37.0,25.0,-0.4,0.1,0.0,6.0,6.0,4.0,0.0,24.0,24.0,24.0,84.0,83.0,56.0,26.0,26.0,300.0,0.0,0.0,0.0,0.0,0.0,0.0,0.0,0.0,0.0
9.14,337.75,0.24,0.27,0.25,6.68,7.84,6.84,9.14,20.3,0.01,-0.05,1.6,5.3,300.0,1.0,1.0,200.0,682.0,241.0,0.0,236.0,9.12,372.9,256.0,34.6,34.0,0.8,2.8,1664.7,0.0,16.23,20.4,27.0,30.6,26.4,27.3,29.8,26.7,28.3,27.8,39.7,38.4,25.3,26.1,26.9,29.5,38.0,37.0,25.0,0.8,0.0,0.0,6.0,6.0,4.0,1.0,24.0,24.0,24.0,84.0,83.0,55.0,26.0,26.0,300.0,0.0,0.0,0.0,0.0,0.0,0.0,0.0,0.0,0.0
9.48,88.49,0.24,0.26,0.25,8.9,4.62,8.84,9.47,-7.5,0.0,-0.03,177.7,4.9,313.0,1.0,1.0,229.0,680.0,275.0,0.0,264.0,9.46,402.4,276.0,34.0,33.5,0.8,2.8,1957.0,0.0,16.66,20.9,27.7,31.3,27.1,28.0,30.4,27.3,29.0,29.7,40.1,38.8,25.6,26.3,27.0,29.4,38.0,37.0,25.0,0.0,-0.4,0.0,6.0,6.0,4.0,0.0,24.0,24.0,24.0,85.0,84.0,60.0,26.0,26.0,300.0,0.0,0.0,0.0,0.0,0.0,0.0,0.0,0.0,0.0
9.44,54.36,0.24,0.26,0.25,8.44,5.88,7.94,9.44,0.8,0.0,0.06,179.3,5.4,302.0,1.0,1.0,225.0,682.0,274.0,0.0,265.0,9.44,404.4,276.0,34.5,34.0,0.8,2.8,2067.6,0.0,16.83,20.2,27.1,30.7,26.4,27.3,29.8,26.8,28.2,26.7,39.7,38.4,25.3,26.1,26.9,29.4,38.0,37.0,25.0,0.6,-0.3,0.0,6.0,6.0,4.0,0.0,24.0,24.0,24.0,85.0,83.0,56.0,26.0,26.0,300.0,0.0,0.0,0.0,0.0,0.0,0.0,0.0,0.0,0.0
9.59,6.52,0.24,0.27,0.25,7.22,8.32,8.34,9.59,2.6,-0.05,0.01,177.7,4.0,309.0,1.0,1.0,247.0,681.0,296.0,-2.0,279.0,9.6,418.7,287.0,34.2,33.5,0.8,2.8,2067.6,0.0,16.83,20.2,27.7,31.3,27.0,27.9,30.4,27.3,28.8,28.8,40.0,38.7,25.6,26.3,26.9,29.4,39.0,37.0,25.0,0.2,0.0,0.0,6.0,6.0,4.0,0.0,24.0,24.0,24.0,85.0,84.0,60.0,26.0,26.0,300.0,0.0,0.0,0.0,0.0,0.0,0.0,0.0,0.0,0.0
12.23,198.86,0.24,0.27,0.25,10.06,10.64,12.12,12.23,-4.7,0.06,0.0,177.9,6.2,312.0,1.0,1.0,498.0,682.0,602.0,0.0,576.0,12.22,681.9,465.0,34.3,34.0,0.8,2.8,2067.6,0.0,16.83,19.9,27.5,31.1,26.8,27.7,30.2,27.1,28.6,28.1,39.9,38.6,25.4,26.3,26.9,29.4,42.0,40.0,25.0,-0.4,0.2,0.0,6.0,6.0,4.0,0.0,24.0,24.0,24.0,85.0,83.0,59.0,26.0,26.0,300.0,0.0,0.0,0.0,0.0,0.0,0.0,0.0,0.0,0.0
9.39,245.88,0.24,0.26,0.25,5.26,7.04,8.98,9.4,9.6,-0.08,-0.09,180.5,4.8,297.0,1.0,1.0,228.0,683.0,272.0,0.0,261.0,9.4,398.8,274.0,34.5,34.0,0.8,2.8,1906.4,0.0,16.59,20.2,27.1,30.7,26.4,27.3,29.8,26.7,28.2,26.6,39.7,38.4,25.3,26.1,26.9,29.4,38.0,37.0,25.0,-0.1,0.3,0.0,6.0,6.0,4.0,0.0,24.0,24.0,24.0,84.0,83.0,56.0,26.0,26.0,300.0,0.0,0.0,0.0,0.0,0.0,0.0,0.0,0.0,0.0
9.16,131.62,0.24,0.26,0.25,7.44,4.76,8.06,9.16,0.5,0.03,0.04,160.6,5.2,298.0,1.0,1.0,195.0,680.0,231.0,0.0,231.0,9.14,371.9,255.0,34.4,33.9,0.8,2.8,1646.1,0.0,16.2,20.1,27.3,30.9,26.7,27.6,30.1,27.0,28.4,27.2,39.8,38.5,25.3,26.3,26.9,29.4,38.0,37.0,25.0,0.0,0.2,0.4,6.0,6.0,4.0,0.0,24.0,24.0,24.0,85.0,83.0,58.0,26.0,26.0,300.0,0.0,0.0,0.0,0.0,0.0,0.0,0.0,0.0,0.0
9.44,76.39,0.24,0.26,0.25,8.06,4.72,7.82,9.47,12.4,0.01,0.0,177.9,4.2,301.0,1.0,1.0,235.0,681.0,284.0,0.0,271.0,9.46,407.2,278.0,34.8,34.0,0.8,2.8,2067.6,0.0,16.83,20.1,27.2,30.7,26.5,27.4,29.9,26.8,28.5,28.7,39.7,38.4,25.3,26.1,26.9,29.4,39.0,37.0,25.0,0.4,-0.2,0.2,6.0,6.0,4.0,0.0,24.0,24.0,24.0,85.0,83.0,56.0,26.0,26.0,300.0,0.0,0.0,0.0,0.0,0.0,0.0,0.0,0.0,0.0
12.26,51.88,0.24,0.27,0.25,9.74,9.34,11.32,12.27,-1.9,-0.04,0.04,177.7,6.5,312.0,1.0,1.0,501.0,682.0,604.0,-2.0,588.0,12.28,690.1,469.0,33.9,33.7,0.8,2.8,2067.6,0.0,16.83,20.0,27.5,31.1,26.8,27.7,30.2,27.1,28.4,26.7,39.9,38.6,25.4,26.3,26.9,29.3,42.0,40.0,25.0,0.0,-0.2,0.3,6.0,6.0,4.0,0.0,24.0,24.0,24.0,85.0,84.0,59.0,26.0,26.0,300.0,0.0,0.0,0.0,0.0,0.0,0.0,0.0,0.0,0.0
9.56,63.86,0.24,0.26,0.25,8.56,5.74,8.74,9.56,2.6,0.04,-0.04,177.7,4.7,309.0,1.0,1.0,245.0,681.0,296.0,0.0,276.0,9.56,416.7,285.0,34.4,33.7,0.8,2.8,2067.6,0.0,16.83,20.2,27.7,31.3,27.0,28.0,30.4,27.3,28.9,29.6,40.0,38.7,25.6,26.3,26.9,29.4,39.0,37.0,25.0,0.2,-0.4,0.0,6.0,6.0,4.0,0.0,24.0,24.0,24.0,85.0,84.0,60.0,26.0,26.0,300.0,0.0,0.0,0.0,0.0,0.0,0.0,0.0,0.0,0.0
9.19,238.75,0.24,0.26,0.25,5.4,6.48,8.92,9.16,17.8,-0.02,-0.06,177.9,3.8,298.0,1.0,1.0,208.0,680.0,250.0,0.0,244.0,9.16,381.3,260.0,34.2,33.8,0.8,2.8,1750.3,0.0,16.35,20.1,27.3,30.9,26.6,27.5,30.1,26.9,28.3,26.7,39.8,38.5,25.3,26.2,26.9,29.4,38.0,37.0,25.0,0.0,0.1,0.0,6.0,6.0,4.0,0.0,24.0,24.0,24.0,85.0,83.0,58.0,26.0,26.0,300.0,0.0,0.0,0.0,0.0,0.0,0.0,0.0,0.0,0.0
9.4,323.64,0.24,0.27,0.25,6.24,9.06,8.04,9.42,8.6,-0.01,0.02,158.8,5.8,298.0,1.0,1.0,222.0,683.0,272.0,0.0,259.0,9.4,397.3,274.0,34.2,33.6,0.8,2.8,1906.4,0.0,16.59,20.2,27.1,30.7,26.5,27.3,29.8,26.7,28.4,28.6,39.7,38.4,25.3,26.1,26.9,29.4,38.0,37.0,25.0,0.1,0.2,0.0,6.0,6.0,4.0,0.0,24.0,24.0,24.0,84.0,83.0,55.0,26.0,26.0,300.0,0.0,0.0,0.0,0.0,0.0,0.0,0.0,0.0,0.0
12.18,272.02,0.24,0.27,0.25,8.8,9.54,10.56,12.19,-5.5,0.02,0.06,177.7,5.8,313.0,1.0,1.0,494.0,682.0,593.0,0.0,571.0,12.18,674.5,463.0,33.9,34.0,0.8,2.8,2067.6,0.0,16.83,19.9,27.5,31.1,26.9,27.7,30.2,27.1,28.7,29.0,39.9,38.6,25.4,26.3,26.9,29.4,42.0,39.0,25.0,0.0,0.2,0.0,6.0,6.0,4.0,0.0,24.0,24.0,24.0,85.0,84.0,59.0,26.0,26.0,300.0,0.0,0.0,0.0,0.0,0.0,0.0,0.0,0.0,0.0
9.91,76.25,0.24,0.26,0.25,9.02,5.58,9.76,9.93,1.3,0.03,-0.04,177.6,5.2,309.0,1.0,1.0,270.0,681.0,326.0,0.0,309.0,9.92,451.5,306.0,34.0,33.5,0.8,2.8,2067.6,0.0,16.83,20.1,27.7,31.3,26.9,27.9,30.4,27.3,28.7,27.5,40.0,38.7,25.5,26.3,26.9,29.4,39.0,38.0,25.0,0.0,-0.2,0.0,6.0,6.0,4.0,0.0,24.0,24.0,24.0,85.0,84.0,60.0,26.0,26.0,300.0,0.0,0.0,0.0,0.0,0.0,0.0,0.0,0.0,0.0
9.35,177.88,0.24,0.26,0.25,6.14,5.34,9.18,9.33,4.3,0.04,0.0,1.6,5.1,296.0,1.0,1.0,214.0,682.0,257.0,0.0,249.0,9.32,394.7,269.0,34.5,33.8,0.8,2.8,1664.7,0.0,16.23,20.3,27.1,30.6,26.4,27.3,29.8,26.7,28.2,26.9,39.7,38.4,25.3,26.1,26.9,29.4,38.0,37.0,25.0,-0.4,0.4,0.0,6.0,6.0,4.0,1.0,24.0,24.0,24.0,84.0,83.0,55.0,26.0,26.0,300.0,0.0,0.0,0.0,0.0,0.0,0.0,0.0,0.0,0.0
9.03,180.36,0.24,0.26,0.25,6.64,4.68,9.94,9.02,8.2,0.02,0.01,178.0,4.2,304.0,1.0,1.0,213.0,680.0,256.0,0.0,238.0,9.04,375.0,256.0,34.1,34.0,0.8,2.8,2067.6,0.0,16.83,20.1,27.3,30.9,26.6,27.5,30.0,26.9,28.4,27.3,39.8,38.5,25.3,26.2,26.9,29.4,39.0,37.0,25.0,-0.4,0.0,0.0,6.0,6.0,4.0,0.0,24.0,24.0,24.0,85.0,83.0,57.0,26.0,26.0,300.0,0.0,0.0,0.0,0.0,0.0,0.0,0.0,0.0,0.0
12.35,190.37,0.24,0.27,0.25,9.86,9.84,11.2,12.37,-2.3,0.04,0.08,177.8,6.4,312.0,1.0,1.0,510.0,682.0,615.0,0.0,598.0,12.34,697.8,474.0,34.5,33.9,0.8,2.8,2067.6,0.0,16.83,19.9,27.5,31.1,26.8,27.7,30.2,27.1,28.7,28.9,39.9,38.6,25.4,26.3,26.9,29.4,42.0,40.0,25.0,0.0,0.4,0.0,6.0,6.0,4.0,0.0,24.0,24.0,24.0,85.0,84.0,59.0,26.0,26.0,300.0,0.0,0.0,0.0,0.0,0.0,0.0,0.0,0.0,0.0
9.44,244.51,0.24,0.26,0.25,5.44,7.04,8.86,9.43,1.8,0.0,0.05,179.5,5.2,301.0,1.0,1.0,225.0,683.0,272.0,0.0,264.0,9.44,402.2,276.0,34.3,34.0,0.8,2.8,2067.6,0.0,16.83,20.2,27.1,30.7,26.4,27.3,29.8,26.8,28.4,28.8,39.7,38.4,25.3,26.1,26.9,29.4,38.0,37.0,25.0,0.0,0.3,0.0,6.0,6.0,4.0,0.0,24.0,24.0,24.0,84.0,83.0,56.0,26.0,26.0,300.0,0.0,0.0,0.0,0.0,0.0,0.0,0.0,0.0,0.0
10.13,72.36,0.24,0.26,0.25,9.68,6.16,9.74,10.11,10.6,0.01,0.0,178.1,5.3,304.0,1.0,1.0,262.0,680.0,315.0,0.0,321.0,10.12,456.0,314.0,34.3,33.7,0.8,2.8,2067.6,0.0,16.83,20.1,27.2,30.7,26.5,27.4,29.9,26.8,28.3,26.7,39.8,38.5,25.3,26.2,26.9,29.4,39.0,37.0,25.0,0.2,-0.6,0.2,6.0,6.0,4.0,0.0,24.0,24.0,24.0,85.0,83.0,57.0,26.0,26.0,300.0,0.0,0.0,0.0,0.0,0.0,0.0,0.0,0.0,0.0
9.06,105.01,0.24,0.26,0.25,8.66,4.22,8.56,9.04,19.7,-0.01,-0.05,177.9,4.1,301.0,1.0,1.0,197.0,681.0,231.0,0.0,225.0,9.02,360.5,251.0,34.2,34.1,0.8,2.8,2067.6,0.0,16.83,20.1,27.3,30.9,26.6,27.5,30.0,26.9,28.4,27.6,39.8,38.5,25.4,26.2,26.9,29.4,38.0,37.0,25.0,0.0,-0.2,0.0,6.0,6.0,4.0,0.0,24.0,24.0,24.0,85.0,83.0,58.0,26.0,26.0,300.0,0.0,0.0,0.0,0.0,0.0,0.0,0.0,0.0,0.0
10.35,197.39,0.24,0.26,0.25,7.44,6.46,9.48,10.39,11.4,0.02,0.01,178.1,4.3,303.0,1.0,1.0,303.0,680.0,369.0,0.0,353.0,10.36,490.1,334.0,34.6,34.0,0.8,2.8,2067.6,0.0,16.83,19.9,27.2,30.8,26.6,27.5,30.0,26.9,28.4,27.9,39.8,38.5,25.4,26.2,26.9,29.4,39.0,38.0,25.0,0.0,0.0,0.2,6.0,6.0,4.0,0.0,24.0,24.0,24.0,85.0,83.0,57.0,26.0,26.0,300.0,0.0,0.0,0.0,0.0,0.0,0.0,0.0,0.0,0.0
8.84,231.88,0.23,0.26,0.25,4.16,6.96,8.24,8.86,19.0,0.04,-0.02,177.7,2.9,307.0,1.0,1.0,204.0,681.0,238.0,0.0,225.0,8.84,358.7,245.0,34.3,33.9,0.8,2.8,2067.6,0.0,16.83,20.6,27.7,31.3,27.1,28.0,30.4,27.3,28.9,29.9,40.0,38.7,25.6,26.3,27.0,29.4,38.0,37.0,25.0,-0.1,0.9,0.0,6.0,6.0,4.0,0.0,24.0,24.0,24.0,85.0,84.0,60.0,26.0,26.0,300.0,0.0,0.0,0.0,0.0,0.0,0.0,0.0,0.0,0.0
8.86,104.62,0.24,0.26,0.25,7.86,3.16,7.74,8.86,21.7,-0.05,0.03,1.5,4.1,294.0,1.0,1.0,201.0,680.0,246.0,0.0,227.0,8.86,362.8,246.0,34.6,33.6,0.8,2.8,1855.7,0.0,16.51,20.1,27.3,30.9,26.7,27.6,30.0,27.0,28.5,28.5,39.8,38.5,25.3,26.2,26.9,29.4,38.0,37.0,25.0,0.0,-0.1,0.0,6.0,6.0,4.0,1.0,24.0,24.0,24.0,85.0,83.0,58.0,26.0,26.0,300.0,0.0,0.0,0.0,0.0,0.0,0.0,0.0,0.0,0.0
10.03,21.13,0.24,0.27,0.25,8.38,8.62,10.34,10.03,5.4,-0.04,0.05,177.6,5.0,308.0,1.0,1.0,281.0,681.0,335.0,0.0,313.0,10.02,457.1,312.0,34.0,33.8,0.8,2.8,2067.6,0.0,16.83,19.9,27.6,31.3,27.0,27.9,30.4,27.2,28.7,28.3,40.0,38.7,25.4,26.3,26.9,29.4,40.0,38.0,25.0,0.0,-0.6,0.0,6.0,6.0,4.0,0.0,24.0,24.0,24.0,85.0,84.0,60.0,26.0,26.0,300.0,0.0,0.0,0.0,0.0,0.0,0.0,0.0,0.0,0.0
10.36,4.25,0.24,0.27,0.25,8.88,9.64,10.3,10.4,6.9,0.05,0.05,177.7,4.5,310.0,1.0,1.0,325.0,681.0,391.0,-4.0,366.0,10.38,497.3,338.0,34.1,33.5,0.8,2.8,2067.6,0.0,16.83,19.9,27.6,31.2,26.9,27.9,30.3,27.2,28.8,29.3,40.0,38.6,25.4,26.3,26.9,29.4,40.0,38.0,25.0,0.0,0.0,0.0,6.0,6.0,4.0,0.0,24.0,24.0,24.0,85.0,84.0,59.0,26.0,26.0,300.0,0.0,0.0,0.0,0.0,0.0,0.0,0.0,0.0,0.0
8.52,109.62,0.24,0.26,0.25,8.82,2.68,8.36,8.49,16.7,-0.07,0.01,1.6,3.1,292.0,1.0,1.0,171.0,680.0,214.0,0.0,194.0,8.48,329.0,223.0,34.3,34.0,0.8,2.8,1646.1,0.0,16.2,20.1,27.3,30.9,26.7,27.6,30.0,27.0,28.5,27.9,39.8,38.5,25.3,26.2,26.9,29.4,38.0,37.0,25.0,0.0,-0.1,0.2,6.0,6.0,4.0,1.0,24.0,24.0,24.0,85.0,83.0,58.0,26.0,26.0,300.0,0.0,0.0,0.0,0.0,0.0,0.0,0.0,0.0,0.0
10.92,247.14,0.24,0.27,0.25,8.28,8.82,10.12,10.9,-7.5,-0.01,0.02,178.0,5.1,304.0,1.0,1.0,342.0,681.0,415.0,2.0,398.0,10.88,535.4,367.0,33.9,33.7,0.8,2.7,2067.6,0.0,16.83,19.8,27.4,31.0,26.8,27.6,30.1,27.0,28.6,29.5,39.9,38.6,25.4,26.3,26.9,29.4,40.0,38.0,25.0,-0.2,0.2,0.2,6.0,6.0,4.0,0.0,24.0,24.0,24.0,85.0,83.0,58.0,26.0,26.0,300.0,0.0,0.0,0.0,0.0,0.0,0.0,0.0,0.0,0.0
10.78,216.25,0.24,0.27,0.25,8.72,8.52,10.76,10.81,3.7,-0.05,0.03,178.4,5.9,301.0,1.0,1.0,339.0,681.0,412.0,0.0,399.0,10.78,530.6,361.0,34.2,34.0,0.8,2.8,2067.6,0.0,16.83,19.8,27.3,31.0,26.7,27.6,30.1,27.0,28.5,27.8,39.9,38.6,25.4,26.3,26.9,29.4,40.0,38.0,25.0,0.0,0.0,-0.2,6.0,6.0,4.0,0.0,24.0,24.0,24.0,85.0,83.0,58.0,26.0,26.0,300.0,0.0,0.0,0.0,0.0,0.0,0.0,0.0,0.0,0.0
9.52,266.51,0.24,0.27,0.25,5.46,8.0,8.48,9.49,15.8,-0.14,0.0,178.3,5.0,306.0,1.0,1.0,225.0,681.0,268.0,0.0,267.0,9.48,405.0,278.0,34.0,33.6,0.8,2.8,2067.6,0.0,16.83,20.1,27.1,30.7,26.4,27.4,29.8,26.8,28.1,26.6,39.7,38.4,25.3,26.1,26.9,29.4,38.0,37.0,25.0,-0.1,0.7,0.0,6.0,6.0,4.0,0.0,24.0,24.0,24.0,85.0,83.0,56.0,26.0,26.0,300.0,0.0,0.0,0.0,0.0,0.0,0.0,0.0,0.0,0.0
9.12,65.99,0.24,0.26,0.25,8.06,5.82,8.02,9.14,7.2,0.04,-0.04,177.9,3.8,304.0,1.0,1.0,225.0,680.0,266.0,0.0,249.0,9.14,379.9,261.0,34.4,33.8,0.8,2.8,2067.6,0.0,16.83,20.1,27.3,30.9,26.5,27.5,30.0,26.9,28.3,26.8,39.8,38.5,25.4,26.2,26.9,29.4,39.0,37.0,25.0,0.0,-0.5,0.0,6.0,6.0,4.0,0.0,24.0,24.0,24.0,85.0,83.0,57.0,26.0,26.0,300.0,0.0,0.0,0.0,0.0,0.0,0.0,0.0,0.0,0.0
10.24,346.14,0.24,0.27,0.25,7.86,8.68,9.08,10.24,0.2,-0.06,-0.04,180.2,6.0,302.0,1.0,1.0,254.0,680.0,301.0,3.0,313.0,10.22,457.6,316.0,34.3,34.1,0.8,2.8,1750.3,0.0,16.35,20.1,27.4,30.9,26.7,27.6,30.1,27.0,28.6,29.4,39.9,38.6,25.4,26.3,26.9,29.4,38.0,37.0,25.0,0.2,0.0,0.0,6.0,6.0,4.0,0.0,24.0,24.0,24.0,85.0,83.0,58.0,26.0,26.0,300.0,0.0,0.0,0.0,0.0,0.0,0.0,0.0,0.0,0.0
9.33,115.49,0.24,0.26,0.25,8.04,3.78,8.06,9.32,4.2,0.02,0.01,177.6,4.5,312.0,1.0,1.0,218.0,680.0,259.0,0.0,249.0,9.32,394.9,268.0,34.2,33.6,0.8,2.8,1729.6,0.0,16.32,20.9,27.7,31.4,27.0,28.0,30.4,27.3,28.9,29.1,40.1,38.8,25.6,26.3,27.0,29.3,38.0,37.0,25.0,0.0,-0.1,0.2,6.0,6.0,4.0,0.0,24.0,24.0,24.0,85.0,84.0,60.0,26.0,26.0,300.0,0.0,0.0,0.0,0.0,0.0,0.0,0.0,0.0,0.0
9.24,171.86,0.24,0.26,0.25,6.34,4.5,9.04,9.25,-0.3,0.03,0.07,179.0,4.4,306.0,1.0,1.0,224.0,682.0,268.0,0.0,248.0,9.26,390.6,267.0,34.5,34.0,0.8,2.8,2067.6,0.0,16.83,20.1,27.1,30.7,26.4,27.4,29.8,26.8,28.2,26.8,39.7,38.4,25.3,26.1,26.9,29.4,38.0,37.0,25.0,-0.6,0.1,0.0,6.0,6.0,4.0,0.0,24.0,24.0,24.0,85.0,83.0,56.0,26.0,26.0,300.0,0.0,0.0,0.0,0.0,0.0,0.0,0.0,0.0,0.0
9.4,337.25,0.24,0.27,0.25,6.5,8.5,7.48,9.42,-1.3,-0.06,-0.04,179.1,5.1,303.0,1.0,1.0,227.0,682.0,274.0,0.0,263.0,9.42,401.6,275.0,34.3,34.0,0.8,2.8,2067.6,0.0,16.83,20.1,27.1,30.7,26.4,27.3,29.8,26.8,28.3,28.0,39.7,38.4,25.3,26.1,26.9,29.4,38.0,37.0,25.0,0.1,0.0,0.0,6.0,6.0,4.0,0.0,24.0,24.0,24.0,85.0,83.0,56.0,26.0,26.0,300.0,0.0,0.0,0.0,0.0,0.0,0.0,0.0,0.0,0.0
8.69,349.63,0.24,0.27,0.25,6.56,8.56,7.68,8.69,24.0,-0.04,0.0,12.8,5.5,305.0,1.0,1.0,176.0,682.0,208.0,0.0,199.0,8.66,335.4,233.0,34.1,33.6,0.8,2.8,1511.2,0.0,15.99,20.8,27.0,30.6,26.3,27.3,29.8,26.7,28.2,26.6,39.7,38.4,25.3,26.1,26.9,29.5,37.0,36.0,25.0,0.3,-0.2,-0.2,6.0,6.0,4.0,1.0,24.0,24.0,24.0,85.0,83.0,55.0,26.0,26.0,300.0,0.0,0.0,0.0,0.0,0.0,0.0,0.0,0.0,0.0
9.26,260.5,0.24,0.27,0.25,5.2,7.22,8.88,9.27,-4.4,-0.1,-0.04,177.9,4.2,305.0,1.0,1.0,232.0,680.0,278.0,0.0,253.0,9.28,394.9,270.0,34.5,34.0,0.8,2.8,2067.6,0.0,16.83,20.1,27.3,30.9,26.6,27.5,30.0,26.9,28.6,29.3,39.8,38.5,25.4,26.2,26.9,29.4,39.0,37.0,25.0,-0.1,0.3,0.0,6.0,6.0,4.0,0.0,24.0,24.0,24.0,85.0,83.0,57.0,26.0,26.0,300.0,0.0,0.0,0.0,0.0,0.0,0.0,0.0,0.0,0.0
10.88,122.11,0.24,0.26,0.25,9.32,6.16,9.16,10.87,12.6,-0.06,-0.01,178.7,5.0,300.0,1.0,1.0,355.0,681.0,428.0,0.0,405.0,10.88,540.3,368.0,34.3,33.7,0.8,2.8,2067.6,0.0,16.83,19.9,27.3,31.0,26.7,27.6,30.1,27.0,28.5,27.8,39.9,38.6,25.4,26.3,26.9,29.3,39.0,38.0,25.0,0.2,-0.3,0.2,6.0,6.0,4.0,0.0,24.0,24.0,24.0,85.0,83.0,58.0,26.0,26.0,300.0,0.0,0.0,0.0,0.0,0.0,0.0,0.0,0.0,0.0
10.89,181.76,0.24,0.27,0.25,7.44,8.16,9.98,10.9,-6.0,0.02,-0.01,178.3,5.6,304.0,1.0,1.0,342.0,681.0,406.0,0.0,396.0,10.88,537.1,366.0,34.1,33.9,0.8,2.8,2067.6,0.0,16.83,19.8,27.4,31.0,26.8,27.6,30.1,27.0,28.7,29.5,39.9,38.6,25.4,26.3,26.9,29.4,40.0,38.0,25.0,-0.2,0.9,0.2,6.0,6.0,4.0,0.0,24.0,24.0,24.0,85.0,83.0,58.0,26.0,26.0,300.0,0.0,0.0,0.0,0.0,0.0,0.0,0.0,0.0,0.0
12.59,297.61,0.24,0.27,0.25,10.82,10.14,11.34,12.6,-5.4,0.05,0.0,178.0,6.6,310.0,1.0,1.0,528.0,682.0,635.0,2.0,624.0,12.58,717.6,490.0,34.3,34.2,0.8,2.8,2067.6,0.0,16.83,19.9,27.4,31.0,26.7,27.6,30.1,27.1,28.5,27.8,39.9,38.6,25.4,26.3,26.9,29.4,41.0,39.0,25.0,1.2,0.0,0.0,6.0,6.0,4.0,0.0,24.0,24.0,24.0,85.0,83.0,59.0,26.0,26.0,300.0,0.0,0.0,0.0,0.0,0.0,0.0,0.0,0.0,0.0
9.99,147.74,0.24,0.26,0.25,9.1,5.76,9.92,9.99,14.2,0.01,-0.06,177.9,3.7,299.0,1.0,1.0,277.0,680.0,332.0,-2.0,315.0,10.0,452.8,311.0,34.3,33.5,0.8,2.8,2067.6,0.0,16.83,20.0,27.2,30.9,26.6,27.5,30.0,26.9,28.4,27.7,39.8,38.5,25.4,26.2,26.9,29.4,39.0,37.0,25.0,-0.2,-0.3,0.0,6.0,6.0,4.0,0.0,24.0,24.0,24.0,85.0,83.0,57.0,26.0,26.0,300.0,0.0,0.0,0.0,0.0,0.0,0.0,0.0,0.0,0.0
10.99,84.38,0.24,0.27,0.25,9.62,7.9,10.66,10.97,-10.0,-0.16,0.02,178.1,5.7,306.0,1.0,1.0,348.0,681.0,418.0,0.0,410.0,10.98,541.7,373.0,34.0,33.7,0.8,2.8,2067.6,0.0,16.83,19.8,27.4,31.0,26.7,27.6,30.1,27.0,28.4,26.7,39.9,38.6,25.4,26.3,26.9,29.4,40.0,38.0,25.0,-0.2,0.0,0.0,6.0,6.0,4.0,0.0,24.0,24.0,24.0,85.0,83.0,58.0,26.0,26.0,300.0,0.0,0.0,0.0,0.0,0.0,0.0,0.0,0.0,0.0
8.93,119.99,0.24,0.26,0.25,7.86,3.06,8.04,8.94,12.8,0.06,0.0,177.8,3.5,309.0,1.0,1.0,206.0,681.0,246.0,0.0,227.0,8.94,371.1,250.0,34.0,33.5,0.8,2.8,2067.6,0.0,16.83,20.6,27.7,31.3,27.0,28.0,30.4,27.3,28.7,28.0,40.0,38.7,25.6,26.3,27.0,29.4,38.0,37.0,25.0,0.0,-0.1,0.2,6.0,6.0,4.0,0.0,24.0,24.0,24.0,85.0,84.0,60.0,26.0,26.0,300.0,0.0,0.0,0.0,0.0,0.0,0.0,0.0,0.0,0.0
11.2,314.14,0.24,0.27,0.25,8.88,9.28,10.12,11.24,2.0,-0.01,0.01,177.7,5.7,311.0,1.0,1.0,402.0,681.0,486.0,0.0,455.0,11.24,577.5,395.0,34.0,33.7,0.8,2.8,2067.6,0.0,16.83,19.9,27.6,31.2,26.8,27.8,30.3,27.2,28.6,26.9,40.0,38.6,25.4,26.3,26.9,29.3,41.0,39.0,25.0,0.4,0.2,0.0,6.0,6.0,4.0,0.0,24.0,24.0,24.0,85.0,84.0,59.0,26.0,26.0,300.0,0.0,0.0,0.0,0.0,0.0,0.0,0.0,0.0,0.0
9.94,18.5,0.24,0.27,0.25,7.28,7.62,7.88,9.96,-4.6,-0.06,0.05,177.6,4.8,310.0,1.0,1.0,269.0,681.0,321.0,0.0,315.0,9.94,451.4,307.0,33.9,33.3,0.8,2.8,2067.6,0.0,16.83,20.0,27.6,31.3,26.9,27.9,30.4,27.3,28.7,27.4,40.0,38.7,25.4,26.3,26.9,29.4,39.0,38.0,25.0,0.3,0.0,0.0,6.0,6.0,4.0,0.0,24.0,24.0,24.0,85.0,84.0,60.0,26.0,26.0,300.0,0.0,0.0,0.0,0.0,0.0,0.0,0.0,0.0,0.0
9.38,358.63,0.24,0.27,0.25,7.3,8.94,8.36,9.4,10.6,0.05,0.07,180.7,4.7,298.0,1.0,1.0,223.0,682.0,272.0,0.0,259.0,9.38,403.6,273.0,34.2,33.5,0.8,2.8,1906.4,0.0,16.59,20.2,27.1,30.7,26.5,27.3,29.8,26.7,28.3,28.2,39.7,38.4,25.3,26.1,26.9,29.4,38.0,37.0,25.0,0.0,-0.2,0.0,6.0,6.0,4.0,0.0,24.0,24.0,24.0,84.0,83.0,56.0,26.0,26.0,300.0,0.0,0.0,0.0,0.0,0.0,0.0,0.0,0.0,0.0
9.44,12.24,0.24,0.27,0.25,7.06,7.82,7.56,9.44,5.7,-0.07,-0.05,179.6,4.7,300.0,1.0,1.0,224.0,683.0,272.0,0.0,263.0,9.42,401.9,275.0,34.3,33.8,0.8,2.8,2067.6,0.0,16.83,20.2,27.1,30.7,26.4,27.3,29.8,26.8,28.2,26.8,39.7,38.4,25.3,26.1,26.9,29.4,38.0,37.0,25.0,0.3,-0.2,0.0,6.0,6.0,4.0,0.0,24.0,24.0,24.0,84.0,83.0,56.0,26.0,26.0,300.0,0.0,0.0,0.0,0.0,0.0,0.0,0.0,0.0,0.0
9.42,240.52,0.24,0.26,0.25,5.44,6.6,8.44,9.43,13.1,0.03,-0.02,178.0,4.8,301.0,1.0,1.0,238.0,681.0,284.0,0.0,266.0,9.42,403.2,275.0,33.9,33.8,0.8,2.8,2067.6,0.0,16.83,20.1,27.2,30.7,26.4,27.4,29.9,26.8,28.2,26.5,39.7,38.4,25.3,26.1,26.9,29.4,39.0,37.0,25.0,0.0,0.7,0.0,6.0,6.0,4.0,0.0,24.0,24.0,24.0,85.0,83.0,56.0,26.0,26.0,300.0,0.0,0.0,0.0,0.0,0.0,0.0,0.0,0.0,0.0
9.59,151.13,0.24,0.26,0.25,7.2,5.54,9.54,9.56,14.1,0.0,0.01,178.0,4.2,301.0,1.0,1.0,252.0,681.0,304.0,0.0,279.0,9.6,424.9,288.0,34.3,34.0,0.8,2.8,2067.6,0.0,16.83,20.1,27.1,30.7,26.4,27.4,29.9,26.8,28.2,26.4,39.7,38.4,25.3,26.1,26.9,29.4,39.0,37.0,25.0,-1.0,0.0,0.0,6.0,6.0,4.0,0.0,24.0,24.0,24.0,84.0,83.0,56.0,26.0,26.0,300.0,0.0,0.0,0.0,0.0,0.0,0.0,0.0,0.0,0.0
8.88,173.38,0.24,0.26,0.25,6.06,4.22,8.82,8.88,18.5,-0.07,0.06,177.7,3.1,307.0,1.0,1.0,206.0,681.0,250.0,0.0,222.0,8.9,366.5,248.0,34.2,34.2,0.8,2.8,2067.6,0.0,16.83,20.6,27.7,31.3,27.0,28.0,30.4,27.3,28.8,28.9,40.0,38.7,25.6,26.3,27.0,29.4,38.0,37.0,25.0,-0.5,0.0,0.2,6.0,6.0,4.0,0.0,24.0,24.0,24.0,85.0,84.0,60.0,26.0,26.0,300.0,0.0,0.0,0.0,0.0,0.0,0.0,0.0,0.0,0.0
8.91,269.39,0.24,0.27,0.25,5.12,8.18,8.44,8.91,-3.6,-0.11,-0.08,96.7,4.1,298.0,1.0,1.0,177.0,680.0,220.0,0.0,217.0,8.9,350.2,243.0,34.4,34.2,0.8,2.8,1646.1,0.0,16.2,20.1,27.3,30.9,26.7,27.6,30.1,27.0,28.6,29.1,39.8,38.5,25.3,26.2,26.9,29.4,38.0,37.0,25.0,0.0,0.2,-0.2,6.0,6.0,4.0,0.0,24.0,24.0,24.0,85.0,83.0,58.0,26.0,26.0,300.0,0.0,0.0,0.0,0.0,0.0,0.0,0.0,0.0,0.0
8.61,289.37,0.23,0.27,0.25,4.02,8.52,7.66,8.6,-1.3,-0.07,-0.01,177.7,5.3,308.0,1.0,1.0,179.0,681.0,225.0,0.0,200.0,8.6,338.9,231.0,34.2,33.8,0.8,2.8,2067.6,0.0,16.83,20.7,27.7,31.4,27.1,28.0,30.4,27.3,28.9,29.8,40.0,38.7,25.6,26.3,27.0,29.4,38.0,37.0,25.0,0.0,0.8,-0.2,6.0,6.0,4.0,0.0,24.0,24.0,24.0,85.0,84.0,60.0,26.0,26.0,300.0,0.0,0.0,0.0,0.0,0.0,0.0,0.0,0.0,0.0
9.51,209.48,0.24,0.26,0.25,6.0,6.0,9.38,9.5,10.9,0.1,0.07,178.5,5.3,307.0,1.0,1.0,229.0,681.0,277.0,0.0,265.0,9.48,405.6,277.0,34.2,34.0,0.8,2.8,2067.6,0.0,16.83,20.1,27.1,30.7,26.4,27.4,29.9,26.8,28.3,27.4,39.7,38.4,25.3,26.1,26.9,29.4,38.0,37.0,25.0,-0.3,0.1,0.0,6.0,6.0,4.0,0.0,24.0,24.0,24.0,85.0,83.0,56.0,26.0,26.0,300.0,0.0,0.0,0.0,0.0,0.0,0.0,0.0,0.0,0.0
9.81,313.38,0.24,0.27,0.25,7.76,9.52,9.5,9.85,4.2,0.04,-0.01,177.7,4.8,309.0,1.0,1.0,262.0,681.0,317.0,0.0,305.0,9.84,441.8,302.0,34.4,34.1,0.8,2.8,2067.6,0.0,16.83,20.1,27.7,31.3,27.0,27.9,30.4,27.3,28.9,29.2,40.0,38.7,25.6,26.3,26.9,29.4,39.0,38.0,25.0,0.2,0.0,-0.4,6.0,6.0,4.0,0.0,24.0,24.0,24.0,85.0,84.0,60.0,26.0,26.0,300.0,0.0,0.0,0.0,0.0,0.0,0.0,0.0,0.0,0.0
9.39,343.01,0.24,0.27,0.25,6.5,8.34,7.82,9.39,2.0,0.01,-0.01,178.5,5.4,309.0,1.0,1.0,221.0,682.0,262.0,0.0,252.0,9.38,393.9,271.0,34.5,34.1,0.8,2.8,2067.6,0.0,16.83,20.1,27.1,30.7,26.5,27.4,29.9,26.8,28.3,28.1,39.7,38.4,25.3,26.1,26.9,29.4,38.0,37.0,25.0,0.1,0.0,-0.2,6.0,6.0,4.0,0.0,24.0,24.0,24.0,85.0,83.0,56.0,26.0,26.0,300.0,0.0,0.0,0.0,0.0,0.0,0.0,0.0,0.0,0.0
9.75,39.89,0.24,0.27,0.25,7.74,6.9,7.64,9.75,17.8,-0.11,-0.06,177.8,5.9,303.0,1.0,1.0,252.0,681.0,302.0,0.0,290.0,9.76,433.5,295.0,34.5,34.2,0.8,2.8,2067.6,0.0,16.83,20.1,27.1,30.7,26.4,27.4,29.9,26.8,28.3,27.2,39.7,38.4,25.3,26.1,26.9,29.4,39.0,37.0,25.0,0.4,0.0,0.0,6.0,6.0,4.0,0.0,24.0,24.0,24.0,85.0,83.0,56.0,26.0,26.0,300.0,0.0,0.0,0.0,0.0,0.0,0.0,0.0,0.0,0.0
10.27,35.14,0.24,0.27,0.25,8.12,8.06,8.56,10.27,3.6,0.01,0.08,178.0,6.1,305.0,1.0,1.0,293.0,680.0,348.0,0.0,338.0,10.28,482.1,327.0,34.4,33.5,0.8,2.8,2067.6,0.0,16.83,20.0,27.2,30.8,26.6,27.5,30.0,26.9,28.5,29.3,39.8,38.5,25.3,26.2,26.9,29.4,39.0,37.0,25.0,0.5,-0.2,0.0,6.0,6.0,4.0,0.0,24.0,24.0,24.0,85.0,83.0,57.0,26.0,26.0,300.0,0.0,0.0,0.0,0.0,0.0,0.0,0.0,0.0,0.0
9.49,104.62,0.24,0.26,0.25,9.3,3.8,9.46,9.52,-33.0,-0.03,-0.02,177.6,5.3,322.0,1.0,1.0,247.0,681.0,295.0,0.0,278.0,9.52,409.7,282.0,34.1,33.6,0.8,2.8,2067.6,0.0,16.83,20.9,27.7,31.4,27.0,28.0,30.4,27.3,28.7,27.1,40.1,38.8,25.6,26.3,27.0,29.4,38.0,37.0,25.0,0.0,-0.1,0.0,6.0,6.0,4.0,0.0,24.0,24.0,24.0,85.0,84.0,60.0,26.0,26.0,300.0,0.0,0.0,0.0,0.0,0.0,0.0,0.0,0.0,0.0
10.2,194.51,0.24,0.26,0.25,6.9,6.34,10.16,10.19,4.7,0.06,0.06,178.2,6.0,305.0,1.0,1.0,270.0,680.0,324.0,0.0,320.0,10.2,463.5,319.0,34.7,34.1,0.8,2.7,2067.6,0.0,16.83,20.1,27.2,30.7,26.6,27.4,29.9,26.8,28.4,28.5,39.8,38.5,25.3,26.2,26.9,29.4,39.0,37.0,25.0,-0.4,0.6,0.2,6.0,6.0,4.0,0.0,24.0,24.0,24.0,85.0,83.0,57.0,26.0,26.0,300.0,0.0,0.0,0.0,0.0,0.0,0.0,0.0,0.0,0.0
10.29,343.62,0.24,0.27,0.25,7.88,8.54,8.76,10.28,12.0,-0.03,-0.03,178.0,5.3,304.0,1.0,1.0,295.0,681.0,358.0,0.0,339.0,10.3,475.8,328.0,34.5,34.1,0.8,2.8,2067.6,0.0,16.83,20.0,27.2,30.8,26.6,27.5,30.0,26.9,28.4,28.0,39.8,38.5,25.4,26.2,26.9,29.4,39.0,37.0,25.0,0.2,0.0,0.0,6.0,6.0,4.0,0.0,24.0,24.0,24.0,85.0,83.0,57.0,26.0,26.0,300.0,0.0,0.0,0.0,0.0,0.0,0.0,0.0,0.0,0.0
9.21,282.64,0.24,0.27,0.25,4.92,8.28,8.06,9.22,-3.3,-0.01,-0.02,178.8,4.5,307.0,1.0,1.0,217.0,682.0,260.0,-2.0,253.0,9.22,390.0,264.0,34.5,33.8,0.8,2.8,2067.6,0.0,16.83,20.1,27.1,30.7,26.5,27.4,29.9,26.8,28.4,28.8,39.7,38.4,25.3,26.1,26.9,29.4,39.0,37.0,25.0,0.0,0.2,-0.2,6.0,6.0,4.0,0.0,24.0,24.0,24.0,85.0,83.0,56.0,26.0,26.0,300.0,0.0,0.0,0.0,0.0,0.0,0.0,0.0,0.0,0.0
9.27,262.26,0.24,0.27,0.25,4.82,7.96,8.3,9.28,-2.9,-0.05,0.04,177.7,4.5,310.0,1.0,1.0,228.0,681.0,272.0,-2.0,250.0,9.28,389.7,268.0,34.4,33.6,0.8,2.8,2067.6,0.0,16.83,20.4,27.7,31.3,27.0,27.9,30.4,27.3,28.7,27.7,40.0,38.7,25.6,26.3,26.9,29.4,39.0,37.0,25.0,0.0,0.9,-0.2,6.0,6.0,4.0,0.0,24.0,24.0,24.0,85.0,84.0,60.0,26.0,26.0,300.0,0.0,0.0,0.0,0.0,0.0,0.0,0.0,0.0,0.0
12.56,355.5,0.24,0.27,0.25,10.04,9.98,10.98,12.54,-5.2,-0.14,-0.03,177.7,6.8,310.0,1.0,1.0,517.0,682.0,621.0,0.0,618.0,12.56,716.2,489.0,34.5,33.9,0.8,2.8,2067.6,0.0,16.83,19.9,27.4,31.0,26.8,27.6,30.1,27.1,28.5,28.1,39.9,38.6,25.4,26.3,26.9,29.4,41.0,39.0,25.0,-0.2,0.0,0.0,6.0,6.0,4.0,0.0,24.0,24.0,24.0,85.0,83.0,59.0,26.0,26.0,300.0,0.0,0.0,0.0,0.0,0.0,0.0,0.0,0.0,0.0
9.42,259.13,0.24,0.27,0.25,5.42,7.54,8.3,9.41,3.5,-0.02,0.03,179.8,5.0,300.0,1.0,1.0,227.0,682.0,277.0,0.0,263.0,9.42,399.1,275.0,34.4,33.9,0.8,2.8,2067.6,0.0,16.83,20.2,27.1,30.7,26.4,27.3,29.8,26.8,28.3,27.4,39.7,38.4,25.3,26.1,26.9,29.4,38.0,37.0,25.0,0.0,0.5,0.0,6.0,6.0,4.0,0.0,24.0,24.0,24.0,85.0,83.0,56.0,26.0,26.0,300.0,0.0,0.0,0.0,0.0,0.0,0.0,0.0,0.0,0.0
9.24,227.27,0.24,0.26,0.25,5.82,6.48,9.68,9.24,-2.2,-0.01,0.0,178.9,4.4,307.0,1.0,1.0,222.0,682.0,263.0,0.0,245.0,9.22,386.0,265.0,34.2,34.0,0.8,2.8,2067.6,0.0,16.83,20.1,27.1,30.7,26.5,27.4,29.9,26.8,28.3,27.9,39.7,38.4,25.3,26.1,26.9,29.4,38.0,37.0,25.0,0.0,0.1,0.0,6.0,6.0,4.0,0.0,24.0,24.0,24.0,85.0,83.0,56.0,26.0,26.0,300.0,0.0,0.0,0.0,0.0,0.0,0.0,0.0,0.0,0.0
9.06,284.76,0.24,0.27,0.25,5.4,8.86,9.3,9.09,14.2,-0.04,0.02,177.7,4.9,296.0,1.0,1.0,203.0,680.0,249.0,0.0,234.0,9.06,377.7,256.0,34.4,33.5,0.8,2.8,1750.3,0.0,16.35,20.1,27.3,30.9,26.6,27.5,30.0,27.0,28.3,26.7,39.8,38.5,25.3,26.2,26.9,29.4,38.0,37.0,25.0,0.0,0.2,0.0,6.0,6.0,4.0,0.0,24.0,24.0,24.0,85.0,83.0,58.0,26.0,26.0,300.0,0.0,0.0,0.0,0.0,0.0,0.0,0.0,0.0,0.0
9.42,224.24,0.24,0.26,0.25,5.48,6.2,8.8,9.44,0.4,0.02,0.07,179.3,5.0,303.0,1.0,1.0,226.0,682.0,275.0,0.0,264.0,9.44,402.9,276.0,34.1,33.8,0.8,2.8,2067.6,0.0,16.83,20.2,27.1,30.7,26.5,27.4,29.9,26.8,28.5,29.3,39.7,38.4,25.3,26.1,26.9,29.4,38.0,37.0,25.0,0.0,0.4,0.0,6.0,6.0,4.0,0.0,24.0,24.0,24.0,84.0,83.0,56.0,26.0,26.0,300.0,0.0,0.0,0.0,0.0,0.0,0.0,0.0,0.0,0.0
9.33,314.5,0.24,0.27,0.25,5.8,8.4,7.94,9.34,-8.1,0.04,-0.01,179.0,4.9,306.0,1.0,1.0,226.0,682.0,268.0,0.0,255.0,9.34,401.3,271.0,34.3,34.0,0.8,2.8,2067.6,0.0,16.83,20.1,27.1,30.7,26.5,27.4,29.9,26.8,28.4,29.1,39.7,38.4,25.3,26.1,26.9,29.4,38.0,37.0,25.0,0.3,0.2,0.0,6.0,6.0,4.0,0.0,24.0,24.0,24.0,85.0,83.0,56.0,26.0,26.0,300.0,0.0,0.0,0.0,0.0,0.0,0.0,0.0,0.0,0.0
9.98,251.24,0.24,0.27,0.25,6.5,8.06,9.9,10.0,4.8,-0.03,-0.03,178.1,5.8,305.0,1.0,1.0,245.0,680.0,295.0,0.0,298.0,9.94,443.5,304.0,34.4,34.3,0.8,2.8,2067.6,0.0,16.83,20.1,27.2,30.8,26.6,27.4,29.9,26.8,28.5,28.7,39.8,38.5,25.3,26.2,26.9,29.4,39.0,37.0,25.0,-0.3,0.2,-0.2,6.0,6.0,4.0,0.0,24.0,24.0,24.0,85.0,83.0,57.0,26.0,26.0,300.0,0.0,0.0,0.0,0.0,0.0,0.0,0.0,0.0,0.0
12.61,13.0,0.24,0.27,0.25,9.5,10.0,11.14,12.55,-7.3,-0.09,0.02,177.6,6.9,311.0,1.0,1.0,526.0,682.0,638.0,0.0,623.0,12.56,718.4,489.0,34.2,33.7,0.8,2.8,2067.6,0.0,16.83,19.9,27.4,31.0,26.7,27.6,30.1,27.1,28.4,26.8,39.9,38.6,25.4,26.3,26.9,29.4,41.0,39.0,25.0,-0.4,0.2,0.0,6.0,6.0,4.0,0.0,24.0,24.0,24.0,85.0,83.0,59.0,26.0,26.0,300.0,0.0,0.0,0.0,0.0,0.0,0.0,0.0,0.0,0.0
10.85,51.26,0.24,0.27,0.25,10.24,7.9,10.64,10.86,-3.3,-0.03,0.03,178.1,5.8,303.0,1.0,1.0,337.0,681.0,405.0,0.0,391.0,10.84,530.8,364.0,34.0,33.8,0.8,2.8,2067.6,0.0,16.83,19.8,27.4,31.0,26.8,27.6,30.1,27.0,28.5,27.4,39.9,38.6,25.4,26.3,26.9,29.4,40.0,38.0,25.0,0.0,-0.7,0.0,6.0,6.0,4.0,0.0,24.0,24.0,24.0,85.0,83.0,58.0,26.0,26.0,300.0,0.0,0.0,0.0,0.0,0.0,0.0,0.0,0.0,0.0
10.23,86.51,0.24,0.26,0.25,9.6,6.46,9.9,10.29,6.3,-0.02,0.0,178.0,5.3,305.0,1.0,1.0,287.0,680.0,341.0,0.0,334.0,10.26,480.4,326.0,34.3,34.0,0.8,2.8,2067.6,0.0,16.83,20.0,27.2,30.8,26.5,27.4,29.9,26.9,28.3,27.4,39.8,38.5,25.3,26.2,26.9,29.4,39.0,37.0,25.0,0.0,-0.7,0.0,6.0,6.0,4.0,0.0,24.0,24.0,24.0,85.0,83.0,57.0,26.0,26.0,300.0,0.0,0.0,0.0,0.0,0.0,0.0,0.0,0.0,0.0
10.02,87.77,0.24,0.26,0.25,8.88,6.48,9.56,10.01,18.3,-0.01,0.07,177.9,3.8,299.0,1.0,1.0,283.0,680.0,342.0,0.0,325.0,10.02,455.9,313.0,34.2,33.5,0.8,2.8,2067.6,0.0,16.83,19.9,27.2,30.9,26.6,27.5,30.0,26.9,28.5,28.5,39.8,38.5,25.4,26.2,26.9,29.4,39.0,38.0,25.0,0.0,-0.4,0.0,6.0,6.0,4.0,0.0,24.0,24.0,24.0,85.0,83.0,57.0,26.0,26.0,300.0,0.0,0.0,0.0,0.0,0.0,0.0,0.0,0.0,0.0
9.15,6.77,0.24,0.27,0.25,7.24,9.04,8.52,9.07,19.1,-0.03,-0.05,177.7,4.7,296.0,1.0,1.0,213.0,680.0,249.0,0.0,238.0,9.08,377.6,257.0,34.6,34.1,0.8,2.8,1750.3,0.0,16.35,20.1,27.3,30.9,26.6,27.5,30.0,26.9,28.5,28.1,39.8,38.5,25.3,26.2,26.9,29.4,38.0,37.0,25.0,0.5,-0.4,-0.2,6.0,6.0,4.0,0.0,24.0,24.0,24.0,85.0,83.0,58.0,26.0,26.0,300.0,0.0,0.0,0.0,0.0,0.0,0.0,0.0,0.0,0.0
10.41,307.76,0.24,0.27,0.25,7.78,9.1,10.1,10.45,3.0,-0.02,-0.02,177.8,6.1,304.0,1.0,1.0,308.0,680.0,364.0,0.0,356.0,10.42,495.6,337.0,34.5,33.9,0.8,2.8,2067.6,0.0,16.83,19.9,27.2,30.8,26.6,27.5,30.0,26.9,28.4,27.8,39.8,38.5,25.4,26.2,26.9,29.4,39.0,38.0,25.0,0.0,0.0,0.0,6.0,6.0,4.0,0.0,24.0,24.0,24.0,85.0,83.0,57.0,26.0,26.0,300.0,0.0,0.0,0.0,0.0,0.0,0.0,0.0,0.0,0.0
8.53,265.61,0.23,0.27,0.25,3.18,7.72,7.42,8.54,21.5,0.11,-0.09,1.5,4.1,292.0,1.0,1.0,180.0,680.0,214.0,0.0,202.0,8.54,331.4,228.0,34.2,33.9,0.8,2.8,1855.7,0.0,16.51,20.1,27.3,30.9,26.7,27.6,30.1,27.0,28.5,28.5,39.8,38.5,25.3,26.2,26.9,29.4,38.0,37.0,25.0,0.1,0.3,-0.7,6.0,6.0,4.0,1.0,24.0,24.0,24.0,85.0,83.0,58.0,26.0,26.0,300.0,0.0,0.0,0.0,0.0,0.0,0.0,0.0,0.0,0.0
10.36,48.13,0.24,0.27,0.25,8.22,7.32,8.74,10.36,1.6,0.02,0.0,180.1,5.8,302.0,1.0,1.0,258.0,680.0,309.0,2.0,319.0,10.34,469.6,323.0,34.3,33.8,0.8,2.8,1750.3,0.0,16.35,20.1,27.3,30.9,26.7,27.6,30.1,27.0,28.6,28.8,39.9,38.5,25.4,26.3,26.9,29.4,38.0,37.0,25.0,0.4,-0.2,0.2,6.0,6.0,4.0,0.0,24.0,24.0,24.0,85.0,83.0,58.0,26.0,26.0,300.0,0.0,0.0,0.0,0.0,0.0,0.0,0.0,0.0,0.0
9.47,167.62,0.24,0.26,0.25,6.8,4.6,9.24,9.46,-0.2,-0.01,-0.02,179.3,5.6,303.0,1.0,1.0,233.0,682.0,278.0,0.0,264.0,9.44,403.1,276.0,34.8,34.0,0.8,2.8,2067.6,0.0,16.83,20.2,27.1,30.7,26.4,27.3,29.8,26.8,28.4,28.4,39.7,38.4,25.3,26.1,26.9,29.4,38.0,37.0,25.0,-0.6,0.0,0.2,6.0,6.0,4.0,0.0,24.0,24.0,24.0,84.0,83.0,56.0,26.0,26.0,300.0,0.0,0.0,0.0,0.0,0.0,0.0,0.0,0.0,0.0
9.45,357.77,0.24,0.27,0.25,7.22,8.72,8.5,9.47,-0.2,-0.04,-0.02,179.3,5.6,302.0,1.0,1.0,233.0,682.0,278.0,0.0,264.0,9.44,404.0,276.0,34.1,33.6,0.8,2.8,2067.6,0.0,16.83,20.2,27.1,30.7,26.3,27.3,29.8,26.8,28.2,26.6,39.7,38.4,25.3,26.1,26.9,29.4,38.0,37.0,25.0,0.0,0.0,0.0,6.0,6.0,4.0,0.0,24.0,24.0,24.0,84.0,83.0,56.0,26.0,26.0,300.0,0.0,0.0,0.0,0.0,0.0,0.0,0.0,0.0,0.0
9.44,275.87,0.24,0.27,0.25,6.5,8.66,9.02,9.44,-4.0,0.04,0.0,178.1,5.9,303.0,1.0,1.0,230.0,681.0,272.0,0.0,263.0,9.42,401.9,275.0,34.3,34.1,0.8,2.8,2067.6,0.0,16.83,20.1,27.2,30.7,26.5,27.4,29.9,26.8,28.2,26.4,39.7,38.4,25.3,26.1,26.9,29.4,39.0,37.0,25.0,0.0,0.6,-0.4,6.0,6.0,4.0,0.0,24.0,24.0,24.0,85.0,83.0,57.0,26.0,26.0,300.0,0.0,0.0,0.0,0.0,0.0,0.0,0.0,0.0,0.0
9.36,286.74,0.24,0.27,0.25,6.5,8.92,9.52,9.36,-3.3,-0.02,0.04,178.5,5.9,310.0,1.0,1.0,220.0,681.0,262.0,0.0,248.0,9.34,388.9,268.0,34.4,33.8,0.8,2.8,2067.6,0.0,16.83,20.1,27.1,30.7,26.5,27.4,29.8,26.8,28.2,27.1,39.7,38.4,25.3,26.1,26.9,29.4,38.0,37.0,25.0,0.0,0.0,-0.2,6.0,6.0,4.0,0.0,24.0,24.0,24.0,85.0,83.0,56.0,26.0,26.0,300.0,0.0,0.0,0.0,0.0,0.0,0.0,0.0,0.0,0.0
10.19,133.38,0.24,0.26,0.25,9.86,5.44,10.0,10.16,7.3,-0.05,-0.07,178.1,6.0,304.0,1.0,1.0,267.0,680.0,321.0,0.0,327.0,10.16,467.7,318.0,34.8,33.8,0.8,2.7,2067.6,0.0,16.83,20.1,27.2,30.7,26.5,27.4,29.9,26.8,28.3,27.5,39.8,38.5,25.3,26.2,26.9,29.4,39.0,37.0,25.0,-0.2,-0.2,0.2,6.0,6.0,4.0,0.0,24.0,24.0,24.0,85.0,83.0,57.0,26.0,26.0,300.0,0.0,0.0,0.0,0.0,0.0,0.0,0.0,0.0,0.0
9.63,258.88,0.24,0.27,0.25,6.6,7.98,9.9,9.64,11.8,-0.01,0.03,178.0,3.8,299.0,1.0,1.0,258.0,680.0,311.0,0.0,286.0,9.62,426.8,291.0,34.5,34.0,0.8,2.8,2067.6,0.0,16.83,20.0,27.2,30.9,26.5,27.5,30.0,26.9,28.4,27.0,39.8,38.5,25.4,26.2,26.9,29.4,39.0,37.0,25.0,0.0,0.2,-0.2,6.0,6.0,4.0,0.0,24.0,24.0,24.0,85.0,83.0,57.0,26.0,26.0,300.0,0.0,0.0,0.0,0.0,0.0,0.0,0.0,0.0,0.0
9.09,120.64,0.24,0.26,0.25,8.46,4.48,8.44,9.09,11.2,-0.05,0.03,178.0,3.5,303.0,1.0,1.0,215.0,680.0,260.0,0.0,244.0,9.1,384.2,260.0,33.9,33.5,0.8,2.8,2067.6,0.0,16.83,20.1,27.3,30.9,26.5,27.5,30.0,26.9,28.3,26.6,39.8,38.5,25.3,26.2,26.9,29.4,39.0,37.0,25.0,-0.2,-0.2,0.0,6.0,6.0,4.0,0.0,24.0,24.0,24.0,85.0,83.0,57.0,26.0,26.0,300.0,0.0,0.0,0.0,0.0,0.0,0.0,0.0,0.0,0.0
9.52,112.25,0.24,0.26,0.25,8.9,4.62,8.72,9.52,8.0,-0.06,-0.06,177.9,4.5,301.0,1.0,1.0,234.0,680.0,281.0,-2.0,276.0,9.52,410.4,282.0,34.2,34.0,0.8,2.8,2067.6,0.0,16.83,20.1,27.3,30.9,26.6,27.5,30.0,26.9,28.5,28.1,39.8,38.5,25.4,26.2,26.9,29.4,39.0,37.0,25.0,0.0,-0.3,0.0,6.0,6.0,4.0,0.0,24.0,24.0,24.0,85.0,83.0,57.0,26.0,26.0,300.0,0.0,0.0,0.0,0.0,0.0,0.0,0.0,0.0,0.0
9.57,135.76,0.24,0.26,0.25,8.82,4.88,8.94,9.58,9.7,-0.03,-0.07,178.4,4.5,306.0,1.0,1.0,232.0,681.0,277.0,0.0,268.0,9.58,410.7,283.0,34.1,34.0,0.8,2.8,2067.6,0.0,16.83,20.1,27.1,30.7,26.6,27.4,29.9,26.8,28.4,29.3,39.7,38.4,25.3,26.1,26.9,29.4,39.0,37.0,25.0,0.0,-0.2,0.0,6.0,6.0,4.0,0.0,24.0,24.0,24.0,85.0,83.0,56.0,26.0,26.0,300.0,0.0,0.0,0.0,0.0,0.0,0.0,0.0,0.0,0.0
9.14,323.64,0.24,0.27,0.25,5.32,8.26,7.0,9.15,21.3,-0.06,-0.01,177.8,4.5,299.0,1.0,1.0,206.0,680.0,246.0,0.0,237.0,9.14,378.9,258.0,34.1,33.7,0.8,2.8,2067.6,0.0,16.83,20.1,27.3,30.9,26.7,27.6,30.0,26.9,28.5,28.7,39.8,38.5,25.4,26.2,26.9,29.4,38.0,37.0,25.0,0.4,0.2,-0.2,6.0,6.0,4.0,0.0,24.0,24.0,24.0,85.0,83.0,58.0,26.0,26.0,300.0,0.0,0.0,0.0,0.0,0.0,0.0,0.0,0.0,0.0
9.49,145.51,0.24,0.26,0.25,8.18,4.92,9.28,9.48,-7.9,0.0,0.01,177.6,5.0,313.0,1.0,1.0,227.0,681.0,277.0,0.0,266.0,9.48,405.3,278.0,33.9,33.7,0.8,2.7,1957.0,0.0,16.66,20.9,27.7,31.3,27.1,28.0,30.4,27.3,28.9,29.4,40.1,38.8,25.6,26.3,27.0,29.4,38.0,37.0,25.0,-0.4,0.0,0.0,6.0,6.0,4.0,0.0,24.0,24.0,24.0,85.0,84.0,60.0,26.0,26.0,300.0,0.0,0.0,0.0,0.0,0.0,0.0,0.0,0.0,0.0
9.6,193.39,0.24,0.26,0.25,6.94,5.84,9.98,9.61,7.4,0.11,0.09,178.4,4.4,306.0,1.0,1.0,237.0,681.0,283.0,0.0,269.0,9.58,414.2,284.0,34.0,33.5,0.8,2.8,2067.6,0.0,16.83,20.1,27.1,30.7,26.5,27.4,29.9,26.8,28.4,28.6,39.7,38.4,25.3,26.1,26.9,29.4,39.0,37.0,25.0,-0.5,0.0,0.0,6.0,6.0,4.0,0.0,24.0,24.0,24.0,85.0,83.0,56.0,26.0,26.0,300.0,0.0,0.0,0.0,0.0,0.0,0.0,0.0,0.0,0.0
8.51,211.75,0.23,0.26,0.25,3.5,5.5,9.18,8.52,10.0,0.02,-0.02,1.6,3.7,293.0,1.0,1.0,170.0,680.0,208.0,0.0,194.0,8.5,323.2,223.0,34.2,33.8,0.8,2.8,1646.1,0.0,16.2,20.1,27.3,30.9,26.7,27.6,30.1,27.0,28.6,29.4,39.8,38.5,25.3,26.2,26.9,29.4,38.0,37.0,25.0,-0.1,0.2,-0.2,6.0,6.0,4.0,1.0,24.0,24.0,24.0,85.0,83.0,58.0,26.0,26.0,300.0,0.0,0.0,0.0,0.0,0.0,0.0,0.0,0.0,0.0
10.6,173.99,0.24,0.26,0.25,8.18,7.76,10.38,10.61,2.0,-0.02,-0.03,180.0,6.6,302.0,1.0,1.0,275.0,681.0,330.0,2.0,342.0,10.58,489.0,338.0,33.9,33.7,0.8,2.8,1750.3,0.0,16.35,20.1,27.3,30.9,26.6,27.6,30.1,27.0,28.4,26.9,39.9,38.6,25.4,26.3,26.9,29.3,38.0,37.0,25.0,-0.7,0.3,0.0,6.0,6.0,4.0,0.0,24.0,24.0,24.0,85.0,83.0,58.0,26.0,26.0,300.0,0.0,0.0,0.0,0.0,0.0,0.0,0.0,0.0,0.0
9.81,25.63,0.24,0.27,0.25,7.88,8.44,8.96,9.84,16.0,0.02,0.04,177.8,4.0,299.0,1.0,1.0,273.0,680.0,330.0,0.0,313.0,9.84,441.9,303.0,34.5,34.3,0.8,2.8,2067.6,0.0,16.83,20.0,27.2,30.9,26.6,27.5,30.0,26.9,28.5,28.4,39.8,38.5,25.4,26.3,26.9,29.4,39.0,37.0,25.0,0.2,-0.2,0.0,6.0,6.0,4.0,0.0,24.0,24.0,24.0,85.0,83.0,57.0,26.0,26.0,300.0,0.0,0.0,0.0,0.0,0.0,0.0,0.0,0.0,0.0
11.06,176.87,0.24,0.26,0.25,9.4,7.78,10.7,11.08,8.1,-0.01,0.01,179.1,5.8,301.0,1.0,1.0,358.0,681.0,436.0,2.0,424.0,11.04,556.4,379.0,34.3,33.5,0.8,2.8,1750.3,0.0,16.35,20.0,27.4,31.0,26.7,27.6,30.1,27.0,28.6,29.2,39.9,38.6,25.4,26.3,26.9,29.4,39.0,37.0,25.0,-0.2,-0.2,0.0,6.0,6.0,4.0,0.0,24.0,24.0,24.0,85.0,83.0,58.0,26.0,26.0,300.0,0.0,0.0,0.0,0.0,0.0,0.0,0.0,0.0,0.0
10.26,323.39,0.24,0.27,0.25,7.52,9.16,9.24,10.27,4.6,-0.02,-0.06,178.0,5.4,305.0,1.0,1.0,279.0,680.0,338.0,2.0,326.0,10.24,476.2,323.0,34.6,34.0,0.8,2.8,2067.6,0.0,16.83,20.1,27.2,30.8,26.6,27.4,30.0,26.9,28.5,29.1,39.8,38.5,25.3,26.2,26.9,29.4,39.0,37.0,25.0,0.2,0.4,0.0,6.0,6.0,4.0,0.0,24.0,24.0,24.0,85.0,83.0,57.0,26.0,26.0,300.0,0.0,0.0,0.0,0.0,0.0,0.0,0.0,0.0,0.0
10.26,271.76,0.24,0.27,0.25,7.0,9.02,10.22,10.28,6.1,-0.01,0.0,178.0,5.1,305.0,1.0,1.0,295.0,680.0,357.0,2.0,338.0,10.26,475.3,328.0,34.5,34.0,0.8,2.8,2067.6,0.0,16.83,20.0,27.2,30.8,26.5,27.5,29.9,26.8,28.4,28.2,39.8,38.5,25.3,26.2,26.9,29.4,39.0,37.0,25.0,-0.2,0.4,0.0,6.0,6.0,4.0,0.0,24.0,24.0,24.0,85.0,83.0,57.0,26.0,26.0,300.0,0.0,0.0,0.0,0.0,0.0,0.0,0.0,0.0,0.0
11.56,265.14,0.24,0.27,0.25,9.42,9.72,11.68,11.57,-7.6,0.03,0.0,178.1,6.4,308.0,1.0,1.0,378.0,681.0,459.0,3.0,457.0,11.52,591.9,406.0,33.8,34.2,0.8,2.8,2067.6,0.0,16.83,19.8,27.4,31.0,26.7,27.6,30.1,27.0,28.4,27.1,39.9,38.6,25.4,26.3,26.9,29.4,40.0,38.0,25.0,0.0,0.0,0.0,6.0,6.0,4.0,0.0,24.0,24.0,24.0,85.0,83.0,59.0,26.0,26.0,300.0,0.0,0.0,0.0,0.0,0.0,0.0,0.0,0.0,0.0
8.58,142.24,0.24,0.26,0.25,7.58,2.54,7.84,8.57,25.3,0.0,0.03,177.1,5.5,306.0,1.0,1.0,169.0,682.0,195.0,0.0,193.0,8.56,327.0,224.0,34.5,33.9,0.8,2.8,1511.2,0.0,15.99,20.8,27.0,30.6,26.5,27.3,29.8,26.7,28.5,29.4,39.7,38.3,25.2,26.1,26.9,29.5,37.0,36.0,25.0,-0.2,0.0,0.3,6.0,6.0,4.0,0.0,24.0,24.0,24.0,84.0,83.0,55.0,26.0,26.0,300.0,0.0,0.0,0.0,0.0,0.0,0.0,0.0,0.0,0.0
10.95,312.62,0.24,0.27,0.25,9.36,9.74,9.54,10.93,-5.9,-0.07,-0.02,178.0,5.1,304.0,1.0,1.0,344.0,681.0,416.0,0.0,402.0,10.92,536.2,369.0,34.4,33.9,0.8,2.7,2067.6,0.0,16.83,19.8,27.4,31.0,26.7,27.6,30.1,27.0,28.5,28.5,39.9,38.6,25.4,26.3,26.9,29.4,40.0,38.0,25.0,0.4,0.0,0.0,6.0,6.0,4.0,0.0,24.0,24.0,24.0,85.0,83.0,58.0,26.0,26.0,300.0,0.0,0.0,0.0,0.0,0.0,0.0,0.0,0.0,0.0
9.61,93.49,0.24,0.26,0.25,8.36,5.24,8.48,9.62,19.2,0.05,0.03,177.8,4.4,300.0,1.0,1.0,255.0,681.0,308.0,0.0,281.0,9.62,426.7,288.0,34.6,34.0,0.8,2.8,2067.6,0.0,16.83,20.1,27.2,30.7,26.4,27.4,29.9,26.8,28.3,27.4,39.7,38.4,25.3,26.1,26.9,29.4,39.0,37.0,25.0,0.0,0.0,0.2,6.0,6.0,4.0,0.0,24.0,24.0,24.0,85.0,83.0,56.0,26.0,26.0,300.0,0.0,0.0,0.0,0.0,0.0,0.0,0.0,0.0,0.0
8.94,53.14,0.24,0.26,0.25,8.0,5.22,6.92,8.94,22.2,-0.03,0.01,1.5,5.9,304.0,1.0,1.0,188.0,682.0,222.0,0.0,216.0,8.92,356.3,245.0,34.2,33.8,0.8,2.8,1511.2,0.0,15.99,20.7,27.0,30.6,26.4,27.3,29.8,26.7,28.2,26.8,39.7,38.4,25.3,26.1,26.9,29.5,38.0,36.0,25.0,0.4,-0.3,0.2,6.0,6.0,4.0,1.0,24.0,24.0,24.0,84.0,83.0,55.0,26.0,26.0,300.0,0.0,0.0,0.0,0.0,0.0,0.0,0.0,0.0,0.0
9.05,179.39,0.24,0.26,0.25,6.26,4.94,9.52,9.05,19.5,-0.03,0.06,1.6,5.5,303.0,1.0,1.0,204.0,682.0,243.0,0.0,230.0,9.06,368.1,254.0,34.4,34.0,0.8,2.8,1664.7,0.0,16.23,20.5,27.0,30.6,26.5,27.3,29.8,26.7,28.4,28.5,39.7,38.4,25.3,26.1,26.9,29.5,38.0,37.0,25.0,-0.6,0.1,0.0,6.0,6.0,4.0,1.0,24.0,24.0,24.0,85.0,83.0,55.0,26.0,26.0,300.0,0.0,0.0,0.0,0.0,0.0,0.0,0.0,0.0,0.0
9.07,61.38,0.24,0.26,0.25,8.2,5.38,7.5,9.07,22.8,0.03,0.02,177.7,4.5,296.0,1.0,1.0,211.0,681.0,256.0,0.0,237.0,9.08,377.9,256.0,34.6,34.1,0.8,2.8,1750.3,0.0,16.35,20.1,27.3,30.9,26.7,27.6,30.0,27.0,28.6,29.3,39.8,38.5,25.3,26.2,26.9,29.4,38.0,37.0,25.0,0.2,-0.5,0.0,6.0,6.0,4.0,0.0,24.0,24.0,24.0,85.0,83.0,58.0,26.0,26.0,300.0,0.0,0.0,0.0,0.0,0.0,0.0,0.0,0.0,0.0
10.81,22.14,0.24,0.27,0.25,8.9,9.3,10.06,10.81,10.2,0.02,0.0,178.5,5.8,300.0,1.0,1.0,349.0,681.0,413.0,0.0,404.0,10.8,532.1,362.0,33.7,34.0,0.8,2.8,2067.6,0.0,16.83,19.9,27.3,30.9,26.8,27.6,30.1,27.0,28.6,28.1,39.9,38.6,25.4,26.3,26.9,29.4,40.0,38.0,25.0,0.0,-0.2,0.0,6.0,6.0,4.0,0.0,24.0,24.0,24.0,85.0,83.0,58.0,26.0,26.0,300.0,0.0,0.0,0.0,0.0,0.0,0.0,0.0,0.0,0.0
9.15,252.86,0.24,0.26,0.25,5.68,7.32,9.18,9.18,-4.2,-0.06,0.0,178.7,5.2,308.0,1.0,1.0,210.0,682.0,252.0,-2.0,243.0,9.16,378.7,260.0,34.3,34.0,0.8,2.8,2067.6,0.0,16.83,20.1,27.1,30.7,26.5,27.4,29.8,26.8,28.3,27.7,39.7,38.4,25.3,26.1,26.9,29.4,39.0,37.0,25.0,0.0,0.2,0.0,6.0,6.0,4.0,0.0,24.0,24.0,24.0,84.0,83.0,56.0,26.0,26.0,300.0,0.0,0.0,0.0,0.0,0.0,0.0,0.0,0.0,0.0
10.88,116.39,0.24,0.27,0.25,9.62,6.84,9.38,10.86,-5.7,-0.02,-0.02,178.1,5.8,303.0,1.0,1.0,337.0,681.0,406.0,0.0,394.0,10.84,531.3,364.0,34.0,33.5,0.8,2.8,2067.6,0.0,16.83,19.8,27.4,31.0,26.8,27.6,30.1,27.0,28.6,28.3,39.9,38.6,25.4,26.3,26.9,29.4,40.0,38.0,25.0,0.2,0.0,0.0,6.0,6.0,4.0,0.0,24.0,24.0,24.0,85.0,83.0,58.0,26.0,26.0,300.0,0.0,0.0,0.0,0.0,0.0,0.0,0.0,0.0,0.0
9.4,284.26,0.24,0.27,0.25,5.72,8.8,8.36,9.41,4.3,-0.03,-0.02,177.6,4.8,311.0,1.0,1.0,218.0,680.0,266.0,0.0,256.0,9.4,396.7,272.0,34.3,33.8,0.8,2.8,1957.0,0.0,16.66,20.9,27.7,31.3,27.0,28.0,30.4,27.3,28.7,27.1,40.1,38.7,25.6,26.3,27.0,29.3,38.0,37.0,25.0,0.0,0.6,-0.4,6.0,6.0,4.0,0.0,24.0,24.0,24.0,85.0,84.0,60.0,26.0,26.0,300.0,0.0,0.0,0.0,0.0,0.0,0.0,0.0,0.0,0.0
9.35,345.89,0.24,0.27,0.25,6.98,8.58,8.2,9.36,4.9,-0.1,0.02,34.9,4.7,297.0,1.0,1.0,221.0,682.0,263.0,0.0,253.0,9.34,392.3,270.0,34.4,33.9,0.8,2.8,1664.7,0.0,16.23,20.3,27.1,30.6,26.5,27.3,29.8,26.7,28.4,29.1,39.7,38.4,25.3,26.1,26.9,29.4,38.0,37.0,25.0,0.3,0.0,0.0,6.0,6.0,4.0,0.0,24.0,24.0,24.0,84.0,83.0,55.0,26.0,26.0,300.0,0.0,0.0,0.0,0.0,0.0,0.0,0.0,0.0,0.0
10.81,302.51,0.24,0.27,0.25,9.06,9.48,10.2,10.8,7.9,0.03,0.01,179.6,6.1,301.0,1.0,1.0,300.0,681.0,354.0,2.0,370.0,10.78,507.9,353.0,34.4,33.9,0.8,2.8,1750.3,0.0,16.35,20.1,27.4,30.9,26.7,27.6,30.1,27.0,28.5,27.7,39.9,38.6,25.4,26.3,26.9,29.4,39.0,37.0,25.0,0.2,0.0,0.0,6.0,6.0,4.0,0.0,24.0,24.0,24.0,85.0,83.0,58.0,26.0,26.0,300.0,0.0,0.0,0.0,0.0,0.0,0.0,0.0,0.0,0.0
8.53,90.86,0.24,0.26,0.25,8.92,2.68,7.96,8.51,23.0,0.08,-0.09,177.1,5.6,307.0,1.0,1.0,163.0,682.0,198.0,0.0,190.0,8.5,326.4,222.0,34.1,34.0,0.8,2.8,1511.2,0.0,15.99,20.9,27.0,30.6,26.4,27.3,29.8,26.7,28.4,28.6,39.7,38.3,25.3,26.1,26.9,29.5,37.0,36.0,25.0,0.0,-0.4,0.0,6.0,6.0,4.0,0.0,24.0,24.0,24.0,84.0,83.0,55.0,26.0,26.0,300.0,0.0,0.0,0.0,0.0,0.0,0.0,0.0,0.0,0.0
9.69,273.74,0.24,0.27,0.25,5.8,8.66,8.48,9.74,20.5,-0.09,-0.03,177.5,5.0,301.0,1.0,1.0,256.0,681.0,306.0,0.0,290.0,9.72,433.4,294.0,34.2,33.7,0.8,2.8,2067.6,0.0,16.83,20.1,27.2,30.7,26.5,27.4,29.9,26.8,28.5,28.7,39.7,38.4,25.3,26.1,26.9,29.4,39.0,37.0,25.0,0.0,0.4,-0.2,6.0,6.0,4.0,0.0,24.0,24.0,24.0,85.0,83.0,56.0,26.0,26.0,300.0,0.0,0.0,0.0,0.0,0.0,0.0,0.0,0.0,0.0
10.85,252.36,0.24,0.27,0.25,7.32,8.22,9.58,10.82,10.7,-0.02,0.02,178.7,5.7,300.0,1.0,1.0,354.0,681.0,422.0,0.0,397.0,10.82,537.8,365.0,34.3,33.6,0.8,2.8,2067.6,0.0,16.83,19.9,27.3,30.9,26.7,27.6,30.1,27.0,28.4,26.7,39.9,38.6,25.4,26.3,26.9,29.4,39.0,38.0,25.0,0.0,0.5,0.0,6.0,6.0,4.0,0.0,24.0,24.0,24.0,85.0,83.0,58.0,26.0,26.0,300.0,0.0,0.0,0.0,0.0,0.0,0.0,0.0,0.0,0.0
9.15,18.5,0.24,0.27,0.25,7.0,7.86,7.92,9.13,23.1,0.05,0.04,177.8,4.5,299.0,1.0,1.0,201.0,680.0,243.0,0.0,239.0,9.14,376.1,259.0,34.2,33.9,0.8,2.8,2067.6,0.0,16.83,20.1,27.3,30.9,26.7,27.6,30.1,26.9,28.6,29.4,39.8,38.5,25.3,26.2,26.9,29.4,38.0,37.0,25.0,0.2,-0.3,0.0,6.0,6.0,4.0,0.0,24.0,24.0,24.0,85.0,83.0,58.0,26.0,26.0,300.0,0.0,0.0,0.0,0.0,0.0,0.0,0.0,0.0,0.0
8.7,84.64,0.24,0.26,0.25,8.86,2.92,7.98,8.62,-12.3,-0.06,0.02,177.7,4.8,310.0,1.0,1.0,176.0,681.0,217.0,0.0,199.0,8.64,341.1,231.0,33.9,34.0,0.8,2.8,2067.6,0.0,16.83,20.7,27.7,31.4,27.0,27.9,30.4,27.3,28.6,27.3,40.1,38.7,25.6,26.3,27.0,29.4,38.0,37.0,25.0,0.0,-0.3,0.0,6.0,6.0,4.0,0.0,24.0,24.0,24.0,85.0,84.0,60.0,26.0,26.0,300.0,0.0,0.0,0.0,0.0,0.0,0.0,0.0,0.0,0.0
10.44,182.63,0.24,0.26,0.25,8.46,7.46,10.36,10.44,8.8,0.05,-0.03,178.1,5.6,303.0,1.0,1.0,300.0,680.0,358.0,0.0,354.0,10.42,490.6,335.0,34.1,34.0,0.8,2.8,2067.6,0.0,16.83,19.9,27.2,30.8,26.6,27.5,30.0,26.9,28.6,29.2,39.8,38.5,25.4,26.2,26.9,29.4,39.0,38.0,25.0,-0.2,0.0,0.0,6.0,6.0,4.0,0.0,24.0,24.0,24.0,85.0,83.0,57.0,26.0,26.0,300.0,0.0,0.0,0.0,0.0,0.0,0.0,0.0,0.0,0.0
10.41,245.27,0.24,0.27,0.25,6.38,7.38,8.76,10.43,5.0,-0.05,0.06,178.0,6.2,304.0,1.0,1.0,303.0,680.0,361.0,0.0,354.0,10.42,489.3,337.0,34.3,33.5,0.8,2.8,2067.6,0.0,16.83,19.9,27.2,30.8,26.6,27.5,30.0,26.9,28.5,28.9,39.8,38.5,25.4,26.2,26.9,29.4,39.0,38.0,25.0,0.0,0.7,0.0,6.0,6.0,4.0,0.0,24.0,24.0,24.0,85.0,83.0,57.0,26.0,26.0,300.0,0.0,0.0,0.0,0.0,0.0,0.0,0.0,0.0,0.0
9.57,200.88,0.24,0.26,0.25,4.98,5.8,8.86,9.57,-6.3,-0.02,0.0,178.3,5.8,306.0,1.0,1.0,229.0,680.0,277.0,0.0,264.0,9.56,407.4,281.0,34.5,34.3,0.8,2.8,2067.6,0.0,16.83,20.1,27.2,30.7,26.5,27.4,29.9,26.9,28.4,28.4,39.7,38.4,25.3,26.2,26.9,29.4,39.0,37.0,25.0,-0.3,0.5,0.2,6.0,6.0,4.0,0.0,24.0,24.0,24.0,85.0,83.0,57.0,26.0,26.0,300.0,0.0,0.0,0.0,0.0,0.0,0.0,0.0,0.0,0.0
