轮毂转速,轮毂角度,叶片1角度,叶片2角度,叶片3角度,变桨电机1电流,变桨电机2电流,变桨电机3电流,超速传感器转速检测值,5秒偏航对风平均值,x方向振动值,y方向振动值,液压制动压力,机舱气象站风速,风向绝对值,大气压力,无功功率控制状态,变频器电网侧电流,变频器电网侧电压,变频器电网侧有功功率,变频器电网侧无功功率,变频器发电机侧功率,发电机运行频率,发电机电流,发电机转矩,变频器入口温度,变频器出口温度,变频器入口压力,变频器出口压力,发电机功率限幅值,无功功率设定值,额定的轮毂转速,测风塔环境温度,发电机定子温度1,发电机定子温度2,发电机定子温度3,发电机定子温度4,发电机定子温度5,发电机定子温度6,发电机空气温度1,发电机空气温度2,主轴承温度1,主轴承温度2,轮毂温度,轮毂控制柜温度,机舱温度,机舱控制柜温度,变频器INU温度,变频器ISU温度,变频器INU RMIO温度,变桨电机1功率估算,变桨电机2功率估算,变桨电机3功率估算,风机当前状态值,轮毂当前状态值,偏航状态值,偏航要求值,叶片1电池箱温度,叶片2电池箱温度,叶片3电池箱温度,叶片1变桨电机温度,叶片2变桨电机温度,叶片3变桨电机温度,叶片1变频器箱温度,叶片2变频器箱温度,叶片3变频器箱温度,叶片1超级电容电压,叶片2超级电容电压,叶片3超级电容电压,驱动1晶闸管温度,驱动2晶闸管温度,驱动3晶闸管温度,驱动1输出扭矩,驱动2输出扭矩,驱动3输出扭矩
13.69,321.98,3.91,3.83,3.85,12.38,11.66,12.7,13.78,-7.5,0.0,0.0,170.6,9.1,69,1,3,794,693,950,-1,1068,13.74,1000.8,637,32.0,34.0,0.9,3.1,935.0,0,14.23,-12.2,11.4,11.5,8.7,9.7,9.7,9.7,11.8,10.4,32.6,32.3,-3.0,0.7,1.1,7.6,41,35,25,0.3,0.3,0.0,6,6,4,0,5,6,7,79,56,59,0,0,300,0,0,0,0,0,0,0,0,0
14.67,330.98,0.34,0.31,0.28,11.6,12.06,12.16,14.69,-12.8,-0.05,0.12,170.6,9.1,71,1,3,971,692,1166,5,1292,14.68,1154.9,737,31.1,32.2,0.9,3.1,1503.0,0,15.98,-12.1,11.2,11.3,8.8,9.6,9.6,9.6,11.6,10.1,32.4,32.2,-3.0,0.9,1.1,7.7,43,36,25,-0.5,1.1,0.3,6,6,4,0,5,6,7,79,56,59,0,0,300,0,0,0,0,0,0,0,0,0
14.46,266.0,0.33,0.3,0.28,14.04,10.38,12.66,14.49,-12.6,-0.03,0.03,170.6,9.3,71,1,3,952,692,1149,-6,1316,14.44,1132.0,714,29.2,31.4,0.9,3.2,1503.0,0,15.98,-12.1,11.1,11.3,8.4,9.5,9.6,9.6,11.6,10.1,32.4,32.2,-2.9,0.9,1.1,7.6,44,37,25,-0.9,0.0,0.8,6,6,4,0,5,6,7,79,56,58,0,0,300,0,0,0,0,0,0,0,0,0
13.74,295.99,4.04,3.95,3.98,12.0,10.68,8.14,13.73,-3.6,0.03,-0.03,170.8,8.3,69,1,3,727,693,878,0,977,13.74,919.3,584,30.6,32.9,0.9,3.1,841.0,0,13.74,-12.2,10.6,10.6,8.1,8.9,8.9,8.9,11.0,9.7,32.4,32.1,-2.9,0.9,0.9,7.6,40,34,25,-0.3,0.0,7.8,6,6,4,0,5,6,6,78,55,58,0,0,300,0,0,0,0,0,0,0,0,0
13.03,227.02,3.99,3.92,3.91,28.26,26.44,22.8,13.09,-11.9,-0.02,0.03,170.8,9.1,69,1,3,708,693,845,-3,941,13.0,940.3,599,31.1,32.4,0.9,3.1,841.0,0,13.74,-12.3,10.5,10.6,7.9,8.9,8.9,8.9,11.0,9.7,32.3,32.1,-2.8,0.9,1.0,7.9,39,33,25,-381.4,-357.4,-291.0,6,6,4,0,5,6,7,78,55,58,0,0,300,0,0,0,0,0,0,0,0,0
12.93,128.99,4.49,4.42,4.4,13.5,15.58,13.4,12.96,-15.6,0.04,-0.07,170.5,10.9,71,1,3,702,693,848,0,953,12.92,945.8,602,31.6,34.0,0.9,3.1,841.0,0,13.74,-12.2,10.6,10.7,7.9,9.0,9.0,9.0,11.1,9.8,32.4,32.1,-2.9,0.9,0.9,7.8,40,34,25,-0.6,-2.8,-1.8,6,6,4,0,5,6,6,78,55,58,0,0,300,0,0,0,0,0,0,0,0,0
13.47,32.0,4.85,4.8,4.76,16.32,18.34,16.12,13.44,-3.4,0.0,-0.01,170.7,7.9,69,1,3,719,692,866,0,974,13.5,921.4,587,30.2,31.3,0.9,3.2,841.0,0,13.74,-12.3,10.5,10.6,7.8,8.9,8.9,8.9,11.0,9.7,32.3,32.1,-2.8,0.9,1.0,7.9,39,33,25,-18.9,-19.6,-19.7,6,6,4,0,5,6,7,78,55,57,0,0,300,0,0,0,0,0,0,0,0,0
13.45,349.99,4.02,3.94,3.94,10.6,11.48,11.5,13.5,-14.2,-0.1,0.04,170.5,10.5,71,1,3,724,693,869,0,971,13.46,925.3,591,30.7,33.3,0.9,3.1,841.0,0,13.74,-12.2,10.5,10.6,7.9,8.9,8.9,8.9,11.0,9.7,32.4,32.1,-2.9,0.9,0.9,7.7,39,34,25,0.0,0.8,0.0,6,6,4,0,5,6,6,78,55,58,0,0,300,0,0,0,0,0,0,0,0,0
14.51,166.0,0.34,0.3,0.28,15.6,12.48,10.78,14.47,-13.6,0.08,0.01,170.6,10.3,71,1,3,920,692,1110,0,1247,14.46,1111.4,705,30.0,30.9,0.9,3.3,1503.0,0,15.98,-12.1,11.2,11.3,8.6,9.5,9.6,9.6,11.6,10.1,32.4,32.2,-2.9,0.9,1.1,7.6,44,37,25,1.7,-0.3,0.0,6,6,4,0,5,6,7,79,56,58,0,0,300,0,0,0,0,0,0,0,0,0
13.74,85.0,4.45,4.41,4.39,10.94,13.42,13.04,13.83,-15.2,-0.03,0.03,170.5,9.8,71,1,3,782,693,939,0,1048,13.78,980.0,623,31.1,33.5,0.9,3.1,911.5,0,14.11,-12.1,11.4,11.5,8.8,9.7,9.7,9.7,11.8,10.3,32.5,32.3,-3.0,0.9,1.1,7.6,41,35,25,0.5,0.3,0.0,6,6,4,0,6,6,7,79,56,59,0,0,300,0,0,0,0,0,0,0,0,0
14.34,272.99,4.47,4.44,4.39,13.0,11.64,12.34,14.36,-15.0,0.04,-0.05,170.5,10.5,71,1,3,790,693,953,0,1058,14.32,955.7,608,31.2,33.2,0.9,3.1,905.4,0,14.08,-12.1,11.3,11.5,8.4,9.7,9.7,9.7,11.7,10.2,32.5,32.2,-3.0,0.9,1.1,7.7,41,35,25,-0.3,0.0,0.3,6,6,4,0,5,6,7,79,56,59,0,0,300,0,0,0,0,0,0,0,0,0
13.5,205.99,5.16,5.07,5.06,12.46,11.28,11.02,13.52,-14.7,0.01,-0.03,170.8,9.7,71,1,3,719,693,867,0,970,13.46,928.0,590,31.5,33.6,0.9,3.1,841.0,0,13.74,-12.2,10.6,10.7,7.9,8.9,9.0,8.9,11.1,9.8,32.4,32.1,-2.9,0.9,0.9,7.8,40,34,25,0.6,0.5,0.0,6,6,4,0,5,6,6,78,55,58,0,0,300,0,0,0,0,0,0,0,0,0
13.48,286.99,5.16,5.07,5.06,11.44,10.92,11.52,13.42,-14.0,-0.02,0.04,170.7,9.9,71,1,3,722,692,869,0,971,13.48,925.8,590,31.1,33.6,0.9,3.1,841.0,0,13.74,-12.2,10.6,10.7,8.1,8.9,9.0,8.9,11.1,9.8,32.4,32.2,-2.9,0.9,0.9,7.8,40,34,25,-0.3,0.0,0.3,6,6,4,0,5,6,6,78,55,58,0,0,300,0,0,0,0,0,0,0,0,0
14.55,119.99,2.47,2.4,2.42,12.4,13.86,12.36,14.6,-14.5,-0.05,-0.08,170.3,10.7,71,1,3,802,694,959,0,1086,14.56,951.5,604,31.6,33.8,0.9,3.1,906.4,0,14.09,-12.1,11.3,11.5,8.9,9.7,9.7,9.7,11.8,10.4,32.5,32.3,-3.0,0.8,1.1,7.4,41,35,25,1.4,0.0,0.0,6,6,4,0,5,6,7,79,56,59,0,0,300,0,0,0,0,0,0,0,0,0
14.81,101.02,0.32,0.3,0.28,14.22,14.94,11.3,14.79,-12.9,-0.06,0.04,170.5,8.6,71,1,3,1046,692,1259,0,1422,14.82,1230.9,780,27.2,32.2,0.9,3.1,1606.0,0,16.14,-12.1,11.1,11.3,8.4,9.5,9.6,9.6,11.5,10.1,32.5,32.2,-3.0,0.9,1.1,7.7,44,37,25,2.5,0.7,-0.8,6,6,4,0,5,6,7,79,56,58,0,0,300,0,0,0,0,0,0,0,0,0
13.47,132.98,5.16,5.07,5.06,11.58,11.34,11.44,13.55,-14.7,-0.04,0.0,170.7,10.6,71,1,3,718,693,866,-1,967,13.46,930.3,590,31.6,34.0,0.9,3.1,841.0,0,13.74,-12.2,10.6,10.7,8.0,9.0,9.0,8.9,11.1,9.8,32.4,32.1,-2.9,0.9,0.9,7.8,40,34,25,1.0,0.0,-0.3,6,6,4,0,5,6,6,78,55,58,0,0,300,0,0,0,0,0,0,0,0,0
13.32,135.0,5.18,5.11,5.1,11.66,12.08,11.42,13.36,-13.0,-0.09,-0.02,170.5,10.0,70,1,3,715,692,861,-1,976,13.3,929.2,593,31.4,33.8,0.9,3.1,841.0,0,13.74,-12.2,10.6,10.7,8.0,9.0,9.0,9.0,11.2,9.8,32.4,32.1,-2.8,0.9,0.9,7.8,40,34,25,1.1,0.0,-0.5,6,6,4,0,5,6,6,78,55,58,0,0,300,0,0,0,0,0,0,0,0,0
13.47,342.0,3.47,3.38,3.39,10.16,11.1,11.86,13.46,-13.6,-0.1,-0.02,170.4,10.1,70,1,3,790,692,941,0,1061,13.48,1012.2,644,32.0,34.4,0.9,3.1,935.0,0,14.23,-12.2,11.4,11.5,8.9,9.7,9.7,9.7,11.9,10.4,32.5,32.3,-3.0,0.7,1.1,7.5,42,35,25,0.0,0.5,0.5,6,6,4,0,5,6,7,79,56,59,0,0,300,0,0,0,0,0,0,0,0,0
13.11,344.99,4.44,4.34,4.35,9.98,10.54,11.88,13.13,-15.4,-0.02,0.0,170.8,9.5,71,1,3,711,692,857,2,953,13.1,943.1,598,33.1,35.1,0.9,3.1,841.0,0,13.74,-12.2,10.5,10.6,7.8,8.9,8.9,8.9,11.0,9.7,32.3,32.1,-2.8,0.9,0.9,7.9,42,35,25,0.0,0.7,0.0,6,6,4,0,5,6,7,78,55,57,0,0,300,0,0,0,0,0,0,0,0,0
14.2,312.01,0.29,0.27,0.29,12.46,11.26,13.34,14.31,-13.3,0.04,0.05,170.8,8.7,72,1,3,907,693,1080,0,1227,14.24,1113.4,709,32.2,34.2,0.9,3.1,1671.9,0,16.24,-12.2,10.7,10.8,7.9,9.0,9.0,9.0,11.2,9.8,32.4,32.2,-2.9,0.9,1.0,7.6,43,36,25,-0.8,0.3,0.6,6,6,4,0,6,6,6,78,56,58,0,0,300,0,0,0,0,0,0,0,0,0
13.36,193.0,4.83,4.77,4.73,12.9,13.3,11.0,13.4,-5.1,0.06,-0.02,170.7,8.5,68,1,3,714,693,861,-1,954,13.36,926.4,591,30.7,32.1,0.9,3.1,841.0,0,13.74,-12.3,10.5,10.6,7.9,8.9,8.9,8.9,11.0,9.7,32.3,32.1,-2.8,0.9,1.0,7.9,39,33,25,0.9,0.0,-0.7,6,6,4,0,5,6,7,78,55,57,0,0,300,0,0,0,0,0,0,0,0,0
13.45,132.98,3.43,3.35,3.32,12.32,12.64,11.08,13.44,-16.8,-0.02,-0.02,170.6,10.7,71,1,3,724,693,869,0,967,13.44,929.9,592,29.5,32.8,0.9,3.0,841.0,0,13.74,-12.2,10.5,10.6,7.8,8.9,9.0,9.0,11.0,9.7,32.3,32.1,-2.8,0.9,0.9,8.0,40,33,25,1.1,0.0,0.0,6,6,4,0,5,6,7,78,55,58,0,0,300,0,0,0,0,0,0,0,0,0
14.55,154.01,0.29,0.27,0.28,14.94,13.64,10.9,14.59,-7.9,0.0,-0.07,170.5,8.9,70,1,3,971,692,1163,-3,1332,14.54,1154.7,734,33.1,35.3,0.9,3.1,1598.8,0,16.13,-12.2,11.0,11.1,8.2,9.4,9.4,9.4,11.4,10.0,32.4,32.2,-3.0,0.9,1.0,7.8,46,39,25,2.0,-0.3,0.0,6,6,4,0,5,6,7,79,56,58,0,0,300,0,0,0,0,0,0,0,0,0
14.41,172.01,4.14,4.06,4.05,14.5,13.44,11.9,14.43,-12.9,0.1,0.02,170.5,9.9,71,1,3,796,694,951,0,1065,14.38,955.7,608,31.3,33.8,0.9,3.1,906.4,0,14.09,-12.1,11.4,11.5,8.8,9.7,9.7,9.7,11.9,10.4,32.5,32.3,-3.0,0.7,1.1,7.5,41,35,25,1.3,0.0,-0.3,6,6,4,0,5,6,7,79,57,59,0,0,300,0,0,0,0,0,0,0,0,0
13.41,186.98,4.08,3.98,3.98,13.0,8.36,10.08,13.44,-13.2,0.03,0.02,170.8,9.8,69,1,3,717,693,866,0,955,13.36,932.8,592,30.9,33.1,0.9,3.1,841.0,0,13.74,-12.2,10.6,10.7,8.1,8.9,9.0,8.9,11.1,9.7,32.4,32.1,-2.8,0.9,0.9,7.7,40,34,25,1.2,3.9,0.0,6,6,4,0,5,6,6,78,55,58,0,0,300,0,0,0,0,0,0,0,0,0
13.9,131.0,4.15,4.07,4.05,12.74,12.76,11.8,13.91,-11.7,-0.04,-0.1,170.3,9.7,71,1,3,773,694,933,0,1058,13.9,969.0,617,31.5,33.9,0.9,3.1,906.4,0,14.09,-12.1,11.4,11.5,8.8,9.7,9.7,9.7,11.9,10.4,32.5,32.3,-3.0,0.8,1.1,7.6,41,35,25,1.1,0.0,-0.3,6,6,4,0,5,6,7,79,57,59,0,0,300,0,0,0,0,0,0,0,0,0
14.63,231.98,4.33,4.29,4.27,14.62,12.46,11.66,14.66,-10.5,-0.1,0.07,170.5,8.8,70,1,3,801,692,959,0,1063,14.62,946.7,600,29.9,33.4,0.9,3.1,912.5,0,14.12,-12.1,11.2,11.4,8.3,9.7,9.7,9.7,11.7,10.2,32.5,32.2,-3.0,0.9,1.1,7.7,42,36,25,0.0,0.0,0.0,6,6,4,0,5,6,7,79,56,59,0,0,300,0,0,0,0,0,0,0,0,0
13.31,132.01,4.09,4.03,4.01,12.14,11.94,11.22,13.24,-15.5,-0.02,-0.04,170.5,10.5,71,1,3,720,693,860,0,975,13.3,935.0,595,30.9,33.1,0.9,3.1,841.0,0,13.74,-12.2,10.6,10.7,8.1,9.0,9.0,9.0,11.1,9.8,32.4,32.2,-2.8,0.9,0.9,7.7,40,34,25,1.4,0.0,0.0,6,6,4,0,5,6,6,78,55,58,0,0,300,0,0,0,0,0,0,0,0,0
14.55,281.99,0.35,0.31,0.29,13.4,10.46,12.76,14.63,-13.6,0.05,0.06,170.8,10.3,71,1,3,955,692,1155,-1,1309,14.52,1151.4,732,32.4,34.8,0.9,3.1,1643.0,0,16.19,-12.2,10.7,10.9,8.3,9.2,9.2,9.2,11.2,9.9,32.4,32.2,-3.0,0.9,1.1,7.8,44,38,25,-0.9,0.2,1.2,6,6,4,0,5,6,6,79,56,58,0,0,300,0,0,0,0,0,0,0,0,0
13.74,182.99,2.33,2.27,2.23,14.58,12.5,10.5,13.73,-13.2,0.03,0.02,170.5,9.2,70,1,3,777,693,936,2,1059,13.66,988.4,628,31.8,33.7,0.9,3.1,911.5,0,14.11,-12.1,11.3,11.5,8.8,9.7,9.7,9.7,11.8,10.3,32.5,32.3,-3.0,0.9,1.1,7.4,41,35,25,1.9,0.0,-0.2,6,6,4,0,5,6,7,79,56,59,0,0,300,0,0,0,0,0,0,0,0,0
14.61,119.02,0.41,0.35,0.34,14.2,13.8,10.98,14.57,-13.7,-0.11,0.02,170.5,9.6,71,1,3,990,692,1191,2,1321,14.62,1180.9,751,32.7,35.2,0.9,3.1,1653.3,0,16.21,-12.2,10.9,11.0,8.4,9.3,9.3,9.3,11.4,10.0,32.4,32.2,-3.0,0.9,1.1,7.9,45,38,25,2.2,0.0,-0.7,6,6,4,0,5,6,7,79,56,58,0,0,300,0,0,0,0,0,0,0,0,0
13.17,15.98,4.09,4.02,4.01,9.9,11.86,11.04,13.16,-15.9,0.02,-0.01,170.7,9.9,70,1,3,711,693,855,0,958,13.18,936.6,596,31.3,33.5,0.9,3.1,841.0,0,13.74,-12.2,10.6,10.7,8.1,8.9,9.0,9.0,11.1,9.7,32.4,32.1,-2.8,0.9,0.9,7.7,40,34,25,0.0,0.5,0.2,6,6,4,0,5,6,6,78,55,58,0,0,300,0,0,0,0,0,0,0,0,0
14.07,81.0,4.38,4.31,4.29,11.66,13.04,12.72,14.15,-8.9,-0.07,0.08,170.8,7.7,70,1,3,733,693,882,0,983,14.08,901.4,573,32.8,34.9,0.9,3.1,841.0,0,13.74,-12.2,10.4,10.6,7.6,8.9,8.9,8.9,11.0,9.6,32.3,32.1,-2.8,0.9,0.9,7.7,41,35,25,1.0,0.3,0.0,6,6,4,0,5,6,7,78,55,57,0,0,300,0,0,0,0,0,0,0,0,0
13.4,100.01,4.46,4.41,4.38,17.28,18.02,16.24,13.44,-9.6,-0.07,0.04,170.5,8.7,70,1,3,768,693,918,0,1026,13.4,989.8,631,31.2,33.5,0.9,3.1,911.5,0,14.11,-12.1,11.3,11.5,8.7,9.7,9.7,9.7,11.8,10.3,32.5,32.3,-3.0,0.9,1.1,7.5,41,35,25,-10.0,-12.0,-13.0,6,6,4,0,6,6,7,79,56,59,0,0,300,0,0,0,0,0,0,0,0,0
13.19,333.0,4.09,4.03,4.01,10.84,11.18,11.36,13.26,-15.3,-0.02,0.0,170.8,8.2,70,1,3,716,693,855,-1,962,13.2,934.3,596,31.0,33.1,0.9,3.0,841.0,0,13.74,-12.2,10.6,10.7,8.0,8.9,9.0,9.0,11.1,9.8,32.4,32.2,-2.8,0.9,0.9,7.7,40,34,25,0.0,0.5,0.0,6,6,4,0,5,6,6,78,55,58,0,0,300,0,0,0,0,0,0,0,0,0
13.22,140.0,4.12,4.05,4.04,12.14,12.1,11.06,13.22,-15.8,-0.02,-0.08,170.6,10.7,71,1,3,718,693,857,0,963,13.2,936.6,596,31.1,33.7,0.9,3.1,841.0,0,13.74,-12.2,10.6,10.7,8.1,8.9,9.0,8.9,11.1,9.8,32.4,32.2,-2.8,0.9,0.9,7.7,40,34,25,0.8,0.0,-0.2,6,6,4,0,5,6,6,78,55,58,0,0,300,0,0,0,0,0,0,0,0,0
13.4,163.01,4.5,4.42,4.4,12.6,10.94,10.66,13.39,-13.6,0.08,-0.03,170.6,10.4,71,1,3,726,693,870,2,982,13.36,936.2,594,31.5,33.9,0.9,3.1,841.0,0,13.74,-12.1,10.6,10.7,7.8,9.0,9.0,9.0,11.1,9.8,32.4,32.2,-2.8,0.9,0.9,7.8,40,34,25,1.4,0.0,0.0,6,6,4,0,5,6,6,78,55,58,0,0,300,0,0,0,0,0,0,0,0,0
14.64,252.0,0.28,0.26,0.28,15.82,11.38,12.18,14.6,-8.1,-0.08,-0.07,170.6,7.7,70,1,3,1003,692,1199,-3,1345,14.64,1185.0,752,33.3,35.5,1.0,3.1,1598.8,0,16.13,-12.2,11.0,11.1,8.1,9.4,9.4,9.4,11.4,10.0,32.4,32.2,-3.0,0.9,1.0,7.8,45,38,25,-0.4,0.0,1.1,6,6,4,0,5,6,7,79,56,58,0,0,300,0,0,0,0,0,0,0,0,0
14.91,283.0,0.32,0.29,0.28,13.98,11.06,13.84,14.84,-13.0,0.07,-0.04,170.7,10.2,71,1,3,1046,693,1254,2,1414,14.86,1230.8,784,26.9,32.9,0.9,3.0,1606.0,0,16.14,-12.1,11.1,11.3,8.4,9.5,9.6,9.6,11.5,10.1,32.4,32.2,-3.0,0.9,1.1,7.8,44,37,25,-1.2,0.0,0.6,6,6,4,0,5,6,7,79,56,58,0,0,300,0,0,0,0,0,0,0,0,0
12.81,114.98,3.58,3.53,3.54,23.52,25.02,22.4,12.93,-12.7,-0.08,-0.03,170.7,9.3,71,1,3,704,692,842,0,943,12.82,946.1,602,31.0,35.1,0.9,3.0,841.0,0,13.74,-12.2,10.5,10.6,8.0,8.9,8.9,8.8,11.0,9.7,32.3,32.1,-2.8,0.9,0.9,7.9,41,36,25,-282.4,-307.0,-272.9,6,6,4,0,5,6,7,78,55,57,0,0,300,0,0,0,0,0,0,0,0,0
13.52,308.99,4.42,4.33,4.35,11.04,10.02,12.32,13.59,-12.9,0.01,0.04,170.9,8.7,70,1,3,721,693,866,0,980,13.54,923.1,587,33.0,34.9,1.0,3.1,841.0,0,13.74,-12.2,10.4,10.6,7.7,8.9,8.9,8.9,11.0,9.6,32.3,32.1,-2.8,0.9,0.9,7.8,41,36,25,0.0,0.0,0.3,6,6,4,0,5,6,7,78,55,57,0,0,300,0,0,0,0,0,0,0,0,0
14.09,321.98,4.49,4.45,4.39,11.96,11.38,12.8,14.15,-15.1,0.01,0.04,170.5,9.7,71,1,3,787,693,944,0,1057,14.1,960.9,612,31.2,33.5,0.9,3.1,905.4,0,14.08,-12.1,11.3,11.5,8.6,9.7,9.7,9.7,11.7,10.3,32.5,32.3,-3.0,0.9,1.1,7.6,41,35,25,0.0,0.0,0.0,6,6,4,0,6,6,7,79,56,59,0,0,300,0,0,0,0,0,0,0,0,0
13.34,177.01,4.13,4.06,4.04,12.6,11.34,10.8,13.36,-14.8,0.01,0.01,170.7,9.4,71,1,3,718,693,858,0,981,13.28,936.0,595,31.2,33.5,0.9,3.1,841.0,0,13.74,-12.2,10.5,10.7,8.0,8.9,9.0,8.9,11.1,9.7,32.4,32.2,-2.8,0.9,0.9,7.7,40,34,25,0.8,0.0,-0.2,6,6,4,0,5,6,6,78,55,58,0,0,300,0,0,0,0,0,0,0,0,0
13.65,333.0,4.46,4.41,4.39,11.46,11.06,12.46,13.73,-17.8,-0.01,0.02,170.5,8.7,71,1,3,774,693,933,0,1037,13.68,980.2,625,31.5,34.0,0.9,3.1,911.5,0,14.11,-12.1,11.3,11.5,8.6,9.7,9.7,9.7,11.7,10.3,32.5,32.2,-3.0,0.9,1.1,7.6,41,35,25,0.0,0.2,0.0,6,6,4,0,6,6,7,79,56,59,0,0,300,0,0,0,0,0,0,0,0,0
13.26,252.0,3.42,3.35,3.32,13.24,11.14,10.62,13.33,-15.8,-0.01,0.01,170.8,11.0,70,1,3,719,693,861,0,966,13.24,935.9,595,29.9,33.0,0.9,3.0,841.0,0,13.74,-12.2,10.5,10.6,8.1,8.9,8.9,8.9,11.0,9.7,32.4,32.1,-2.8,0.9,1.0,8.0,40,33,25,-0.3,0.0,0.2,6,6,4,0,5,6,7,78,55,58,0,0,300,0,0,0,0,0,0,0,0,0
13.29,304.99,4.11,4.04,4.04,10.56,10.4,8.34,13.36,-10.7,0.0,0.03,170.7,8.5,70,1,3,713,693,861,0,974,13.3,932.5,592,30.9,33.3,0.9,3.1,841.0,0,13.74,-12.2,10.5,10.7,8.0,8.9,9.0,9.0,11.1,9.8,32.4,32.2,-2.8,0.9,0.9,7.7,40,34,25,0.2,0.2,3.3,6,6,4,0,5,6,6,78,55,58,0,0,300,0,0,0,0,0,0,0,0,0
13.71,249.98,4.46,4.41,4.39,13.1,10.9,11.34,13.76,-14.7,-0.08,-0.01,170.6,10.5,71,1,3,774,693,932,0,1041,13.72,982.1,624,31.4,33.7,0.9,3.1,911.5,0,14.11,-12.1,11.3,11.5,8.7,9.7,9.7,9.7,11.8,10.3,32.5,32.3,-3.0,0.9,1.1,7.6,41,35,25,0.0,0.0,0.3,6,6,4,0,6,6,7,79,56,59,0,0,300,0,0,0,0,0,0,0,0,0
14.64,208.01,2.65,2.57,2.57,6.84,4.94,5.5,14.75,-17.8,-0.02,0.04,170.5,9.1,71,1,3,802,694,966,0,1070,14.64,946.8,600,31.7,34.0,0.9,3.1,906.4,0,14.09,-12.1,11.3,11.5,8.9,9.7,9.7,9.7,11.8,10.4,32.5,32.3,-3.0,0.8,1.1,7.4,41,35,25,68.4,48.4,53.4,6,6,4,0,5,6,7,79,56,59,0,0,300,0,0,0,0,0,0,0,0,0
13.1,63.0,4.44,4.35,4.35,9.48,11.94,11.66,13.12,-14.2,0.01,0.06,170.8,9.0,71,1,3,709,691,854,0,953,13.12,939.3,598,33.1,35.0,0.9,3.1,841.0,0,13.74,-12.2,10.5,10.6,7.8,8.9,8.9,8.9,10.9,9.6,32.3,32.1,-2.8,0.9,0.9,7.9,42,35,25,0.4,0.8,0.0,6,6,4,0,5,6,7,78,55,57,0,0,300,0,0,0,0,0,0,0,0,0
14.48,270.0,0.17,0.12,0.11,25.1,21.92,23.94,14.5,-14.0,0.02,-0.09,170.6,10.1,71,1,3,939,691,1125,0,1276,14.46,1131.0,719,32.8,35.3,1.0,3.1,1598.8,0,16.13,-12.2,10.9,11.1,8.2,9.4,9.3,9.4,11.3,10.0,32.4,32.2,-3.0,0.9,1.1,7.9,45,38,25,-68.2,-52.9,-49.1,6,6,4,0,5,6,7,79,56,58,0,0,300,0,0,0,0,0,0,0,0,0
14.58,293.0,0.35,0.31,0.29,12.8,10.68,13.16,14.56,-11.0,0.07,-0.04,170.8,9.4,71,1,3,981,692,1179,0,1336,14.54,1173.1,745,32.5,34.7,0.9,3.1,1679.1,0,16.25,-12.2,10.8,10.9,8.3,9.1,9.2,9.1,11.2,9.9,32.4,32.2,-3.0,0.9,1.1,7.8,44,38,25,-1.1,0.2,0.9,6,6,4,0,5,6,6,79,56,58,0,0,300,0,0,0,0,0,0,0,0,0
13.36,64.01,4.04,3.96,3.99,9.64,12.06,11.58,13.4,-10.1,0.0,0.0,170.6,8.8,68,1,3,719,693,858,-1,961,13.4,928.9,590,30.6,32.8,0.9,3.1,841.0,0,13.74,-12.2,10.5,10.7,8.2,8.9,8.9,8.9,11.0,9.7,32.4,32.1,-2.9,0.9,0.9,7.6,39,34,25,0.2,0.5,0.0,6,6,4,0,5,6,6,78,55,58,0,0,300,0,0,0,0,0,0,0,0,0
13.17,14.0,3.41,3.35,3.32,11.22,12.0,11.48,13.19,-14.8,-0.02,0.02,170.8,10.2,70,1,3,715,693,854,0,961,13.18,937.9,596,29.7,33.0,0.9,3.0,841.0,0,13.74,-12.2,10.5,10.6,7.8,8.9,8.9,8.9,11.0,9.7,32.3,32.1,-2.8,0.9,1.0,8.0,39,33,25,0.0,0.5,0.0,6,6,4,0,5,6,7,78,55,58,0,0,300,0,0,0,0,0,0,0,0,0
13.45,276.98,3.73,3.68,3.69,11.96,10.74,11.1,13.46,-11.1,0.0,-0.05,170.5,9.6,70,1,3,775,693,935,0,1041,13.42,1004.0,639,32.1,34.2,0.9,3.1,923.8,0,14.17,-12.2,11.3,11.5,8.6,9.7,9.7,9.7,11.8,10.4,32.5,32.3,-3.0,0.7,1.1,7.5,42,36,25,-0.3,0.0,0.2,6,6,4,0,5,6,6,79,57,59,0,0,300,0,0,0,0,0,0,0,0,0
13.89,185.0,2.34,2.27,2.26,14.28,12.12,10.02,13.79,-15.5,0.06,0.04,170.9,9.7,72,1,3,739,693,882,0,984,13.8,920.3,585,27.9,31.1,0.8,3.1,841.0,0,13.74,-12.2,10.5,10.6,7.9,8.9,8.9,8.9,11.0,9.7,32.3,32.1,-2.8,0.9,1.0,7.9,39,33,25,1.6,0.0,-0.2,6,6,4,0,5,6,7,78,55,57,0,0,300,0,0,0,0,0,0,0,0,0
13.19,58.0,3.4,3.34,3.32,10.0,12.3,11.36,13.17,-12.7,0.03,-0.01,170.8,9.5,69,1,3,711,693,858,0,964,13.18,940.6,596,30.7,33.1,0.9,3.0,841.0,0,13.74,-12.3,10.5,10.6,8.1,8.9,8.9,8.8,11.0,9.7,32.3,32.1,-2.8,0.9,1.0,7.9,39,33,25,0.0,0.5,0.0,6,6,4,0,5,6,7,78,55,58,0,0,300,0,0,0,0,0,0,0,0,0
13.47,263.02,4.1,4.04,4.01,11.68,10.54,11.38,13.46,-13.8,0.01,-0.07,170.6,9.4,70,1,3,723,693,866,0,970,13.46,927.3,590,30.7,33.2,0.9,3.1,841.0,0,13.74,-12.2,10.6,10.7,8.0,8.9,9.0,9.0,11.1,9.8,32.4,32.2,-2.8,0.9,0.9,7.7,40,34,25,0.0,0.0,0.3,6,6,4,0,5,6,6,78,55,58,0,0,300,0,0,0,0,0,0,0,0,0
14.7,352.01,0.36,0.32,0.29,11.24,12.96,14.34,14.78,-11.9,-0.09,0.03,170.7,8.7,71,1,3,1008,692,1211,3,1345,14.72,1196.9,763,32.2,34.5,0.9,3.1,1643.0,0,16.19,-12.2,10.8,10.9,8.1,9.2,9.2,9.2,11.3,9.9,32.4,32.2,-3.0,0.9,1.1,7.9,44,38,25,-0.5,1.5,0.0,6,6,4,0,5,6,7,79,56,58,0,0,300,0,0,0,0,0,0,0,0,0
13.2,254.02,4.09,4.03,4.01,12.4,10.78,10.54,13.14,-16.9,-0.02,0.0,170.7,10.4,71,1,3,715,693,855,0,959,13.18,937.1,596,31.1,33.4,0.9,3.1,841.0,0,13.74,-12.2,10.6,10.7,7.8,8.9,9.0,9.0,11.1,9.7,32.4,32.2,-2.8,0.9,0.9,7.7,40,34,25,-0.3,0.0,0.2,6,6,4,0,5,6,6,78,55,58,0,0,300,0,0,0,0,0,0,0,0,0
13.85,213.98,4.15,4.07,4.05,13.86,12.38,11.4,13.87,-12.7,-0.03,0.09,170.5,9.9,71,1,3,775,694,933,0,1049,13.84,971.5,618,31.7,33.9,0.9,3.1,906.4,0,14.09,-12.1,11.4,11.5,8.8,9.7,9.7,9.7,11.9,10.4,32.5,32.3,-3.0,0.7,1.1,7.6,41,35,25,0.6,0.3,0.0,6,6,4,0,5,6,7,79,57,59,0,0,300,0,0,0,0,0,0,0,0,0
14.13,329.0,5.52,5.44,5.45,4.1,2.68,4.98,14.26,-12.9,-0.03,0.08,170.7,8.7,71,1,3,738,693,888,-1,1002,14.16,898.9,570,30.5,32.5,0.9,3.0,841.0,0,13.74,-12.2,10.5,10.6,7.9,8.9,8.9,8.9,11.0,9.7,32.3,32.1,-2.9,1.0,0.9,8.0,39,33,25,20.8,13.6,24.9,6,6,4,0,5,6,7,78,55,58,1,1,300,0,0,0,0,0,0,0,0,0
13.78,297.0,4.15,4.07,4.05,12.18,11.64,11.98,13.84,-12.5,0.04,-0.03,170.7,9.7,71,1,3,774,694,933,0,1043,13.78,975.4,619,31.9,34.1,0.9,3.1,906.4,0,14.09,-12.1,11.3,11.5,8.6,9.7,9.7,9.7,11.9,10.4,32.5,32.3,-3.0,0.7,1.1,7.6,41,35,25,-0.3,0.0,0.3,6,6,4,0,5,6,7,79,57,59,0,0,300,0,0,0,0,0,0,0,0,0
13.45,70.99,3.48,3.39,3.39,10.36,12.78,11.3,13.51,-12.0,-0.03,0.12,170.7,9.1,70,1,3,787,693,944,0,1059,13.48,1017.7,644,31.8,34.3,0.9,3.1,935.0,0,14.23,-12.2,11.3,11.5,8.7,9.7,9.7,9.7,11.8,10.4,32.5,32.3,-3.0,0.7,1.1,7.5,42,35,25,0.7,0.9,0.0,6,6,4,0,5,6,7,79,57,59,0,0,300,0,0,0,0,0,0,0,0,0
14.06,46.01,4.49,4.45,4.39,9.88,12.58,12.02,14.06,-14.6,0.01,-0.02,170.5,9.9,71,1,3,786,693,939,0,1051,14.06,967.1,613,31.4,33.3,0.9,3.1,905.4,0,14.08,-12.1,11.3,11.5,8.9,9.7,9.7,9.7,11.7,10.3,32.5,32.3,-3.0,0.9,1.1,7.6,41,35,25,0.0,0.8,0.0,6,6,4,0,6,6,7,79,56,59,0,0,300,0,0,0,0,0,0,0,0,0
14.73,56.02,4.33,4.29,4.28,10.52,13.44,12.34,14.72,-11.7,0.06,0.02,170.5,8.8,70,1,3,798,692,959,0,1068,14.72,940.0,595,30.1,33.6,0.9,3.1,912.5,0,14.12,-12.1,11.2,11.4,8.6,9.6,9.7,9.7,11.7,10.2,32.5,32.2,-3.0,0.9,1.1,7.7,42,36,25,0.2,1.2,0.0,6,6,4,0,5,6,7,79,56,59,0,0,300,0,0,0,0,0,0,0,0,0
14.56,11.99,0.3,0.29,0.29,11.28,13.32,14.12,14.62,-11.3,-0.07,0.02,170.6,9.8,71,1,3,980,692,1178,5,1324,14.6,1170.1,746,32.1,34.3,0.9,3.1,1671.9,0,16.24,-12.2,10.7,10.8,7.9,9.0,9.1,9.0,11.2,9.8,32.4,32.2,-2.9,0.9,1.0,7.6,43,36,25,-0.2,1.2,-0.3,6,6,4,0,6,6,6,78,56,58,0,0,300,0,0,0,0,0,0,0,0,0
13.5,182.02,4.1,4.04,4.01,13.64,11.34,10.86,13.49,-13.4,0.03,0.03,170.8,8.9,70,1,3,725,693,866,0,968,13.44,929.1,591,30.9,33.4,0.9,3.1,841.0,0,13.74,-12.2,10.6,10.7,8.1,8.9,9.0,8.9,11.1,9.8,32.4,32.2,-2.8,0.9,0.9,7.8,40,34,25,0.9,0.0,-0.2,6,6,4,0,5,6,6,78,55,58,0,0,300,0,0,0,0,0,0,0,0,0
14.35,304.99,0.29,0.27,0.28,12.4,11.06,13.32,14.42,-11.5,0.05,-0.02,170.7,8.6,70,1,3,921,692,1110,0,1247,14.38,1114.7,708,32.6,35.2,0.9,3.0,1606.0,0,16.14,-12.2,11.1,11.2,8.5,9.4,9.4,9.4,11.4,10.0,32.4,32.2,-3.0,0.9,1.0,7.8,45,39,25,-1.1,0.2,0.6,6,6,4,0,5,6,7,79,56,58,0,0,300,0,0,0,0,0,0,0,0,0
13.9,225.0,4.39,4.31,4.34,14.18,12.04,5.5,13.94,-10.8,-0.05,0.05,170.8,8.7,70,1,3,731,693,882,0,992,13.88,912.0,581,33.0,35.0,0.9,3.1,841.0,0,13.74,-12.2,10.5,10.6,7.9,8.9,8.9,8.8,11.0,9.6,32.3,32.1,-2.8,0.9,0.9,7.7,41,36,25,0.3,0.0,5.9,6,6,4,0,5,6,7,78,55,57,0,0,300,0,0,0,0,0,0,0,0,0
14.95,150.01,4.29,4.27,4.19,7.66,7.24,2.58,14.93,-12.7,0.11,-0.09,170.4,9.8,70,1,3,800,693,962,-7,1092,14.94,923.4,589,30.3,33.6,0.9,3.1,912.5,0,14.12,-12.1,11.2,11.4,8.5,9.6,9.6,9.6,11.6,10.2,32.5,32.2,-3.0,0.9,1.1,7.7,44,37,25,46.3,44.3,14.7,6,6,4,0,5,6,7,79,56,59,0,0,300,0,0,0,0,0,0,0,0,0
13.14,339.01,3.4,3.34,3.32,11.0,10.72,10.98,13.19,-13.8,-0.01,0.01,170.8,10.2,70,1,3,710,692,857,-1,957,13.14,940.3,597,30.5,32.8,0.9,3.1,841.0,0,13.74,-12.3,10.5,10.6,7.8,8.9,8.9,8.9,11.0,9.7,32.3,32.1,-2.8,0.9,1.0,7.9,39,33,25,0.2,0.2,0.2,6,6,4,0,5,6,7,78,55,58,0,0,300,0,0,0,0,0,0,0,0,0
13.32,335.02,2.32,2.26,2.26,11.26,11.08,12.24,13.42,-14.9,-0.02,-0.01,170.8,9.0,71,1,3,723,693,864,0,981,13.34,931.9,594,26.9,33.0,0.9,3.0,841.0,0,13.74,-12.2,10.5,10.6,8.0,8.9,8.9,8.8,11.0,9.7,32.3,32.1,-2.8,0.9,0.9,8.0,40,34,25,0.0,0.2,0.3,6,6,4,0,5,6,7,78,55,57,0,0,300,0,0,0,0,0,0,0,0,0
13.56,249.98,5.15,5.06,5.06,11.76,11.28,10.66,13.59,-13.5,-0.04,0.04,170.6,10.5,70,1,3,723,693,864,-1,982,13.56,922.0,587,31.5,33.7,0.9,3.1,841.0,0,13.74,-12.2,10.6,10.7,8.1,8.9,9.0,8.9,11.1,9.8,32.4,32.2,-2.9,0.9,0.9,7.8,40,34,25,0.3,0.0,0.0,6,6,4,0,5,6,6,78,55,58,0,0,300,0,0,0,0,0,0,0,0,0
14.48,205.99,3.29,3.21,3.2,15.32,12.66,12.38,14.52,-13.2,-0.03,0.02,170.8,9.6,71,1,3,743,693,896,0,999,14.44,887.0,563,32.8,34.8,0.9,3.1,841.0,0,13.74,-12.2,10.4,10.6,7.7,8.8,8.9,8.8,10.9,9.6,32.3,32.0,-2.8,0.9,0.9,7.7,41,36,25,0.7,0.3,-0.3,6,6,4,0,5,6,7,78,55,57,0,0,300,0,0,0,0,0,0,0,0,0
13.55,311.0,4.97,4.91,4.88,21.22,19.1,20.84,13.6,-2.6,0.11,0.01,170.7,8.0,69,1,3,723,692,866,0,983,13.58,918.9,585,30.2,31.4,0.9,3.2,841.0,0,13.74,-12.3,10.5,10.6,7.8,8.9,8.9,8.9,11.0,9.7,32.3,32.1,-2.8,0.9,1.1,7.9,39,33,25,-122.2,-112.5,-121.9,6,6,4,0,5,6,7,78,55,57,0,0,300,0,0,0,0,0,0,0,0,0
14.02,249.98,4.39,4.31,4.29,13.7,11.8,11.98,14.02,-9.5,0.01,-0.02,170.8,9.6,70,1,3,734,693,881,0,981,14.02,905.5,577,32.6,34.8,0.9,3.1,841.0,0,13.74,-12.2,10.4,10.6,7.8,8.9,8.9,8.8,10.9,9.6,32.3,32.1,-2.8,0.9,0.9,7.7,41,35,25,0.0,0.0,0.0,6,6,4,0,5,6,7,78,55,57,0,0,300,0,0,0,0,0,0,0,0,0
13.48,306.0,3.47,3.38,3.39,11.86,10.84,12.2,13.55,-11.3,0.07,0.05,170.6,9.0,70,1,3,785,693,947,0,1060,13.48,1011.4,644,31.8,34.2,0.9,3.1,935.0,0,14.23,-12.2,11.4,11.5,8.7,9.7,9.7,9.7,11.8,10.4,32.5,32.3,-3.0,0.7,1.1,7.5,42,35,25,-0.3,0.0,0.3,6,6,4,0,5,6,7,79,57,59,0,0,300,0,0,0,0,0,0,0,0,0
13.45,150.01,3.74,3.69,3.69,11.98,11.16,10.84,13.48,-12.0,0.01,-0.06,170.4,9.7,70,1,3,778,693,936,0,1044,13.44,1003.3,639,32.4,34.5,0.9,3.1,923.8,0,14.17,-12.2,11.4,11.5,8.8,9.7,9.7,9.7,11.9,10.5,32.6,32.3,-3.0,0.7,1.1,7.5,42,36,25,1.3,0.0,0.0,6,6,4,0,5,6,6,79,57,59,0,0,300,0,0,0,0,0,0,0,0,0
13.64,20.02,2.33,2.27,2.26,10.56,12.46,11.72,13.65,-15.5,0.01,-0.02,170.8,10.1,71,1,3,727,693,878,2,988,13.62,926.4,588,27.3,31.4,0.9,3.1,841.0,0,13.74,-12.2,10.5,10.6,7.8,8.9,8.9,8.9,11.0,9.7,32.3,32.1,-2.8,0.9,1.0,7.9,40,34,25,0.0,1.4,0.3,6,6,4,0,5,6,7,78,55,57,0,0,300,0,0,0,0,0,0,0,0,0
13.36,110.02,4.42,4.33,4.35,11.7,11.3,12.02,13.4,-14.2,-0.05,-0.04,170.6,9.8,71,1,3,714,693,863,0,961,13.4,926.8,590,33.0,35.2,1.0,3.1,841.0,0,13.74,-12.2,10.4,10.6,7.8,8.8,8.9,8.8,11.0,9.6,32.3,32.1,-2.8,0.9,0.9,7.9,41,36,25,1.0,0.0,0.0,6,6,4,0,5,6,7,78,55,57,0,0,300,0,0,0,0,0,0,0,0,0
13.99,353.02,0.24,0.23,0.26,5.7,6.14,7.04,14.05,-11.1,-0.09,0.02,170.8,8.9,70,1,3,909,693,1095,0,1223,14.02,1126.9,715,31.9,34.0,0.9,3.1,1618.3,0,16.16,-12.3,10.6,10.7,8.1,9.0,9.0,9.0,11.2,9.8,32.4,32.2,-2.9,0.9,1.0,7.6,42,36,25,5.1,6.0,5.9,6,6,4,0,5,6,6,78,56,58,0,0,300,0,0,0,0,0,0,0,0,0
13.76,101.99,3.91,3.83,3.81,15.3,17.58,14.58,13.71,-14.7,-0.15,0.1,170.4,11.0,71,1,3,793,693,956,5,1051,13.76,1000.7,637,32.1,34.2,0.9,3.1,935.0,0,14.23,-12.1,11.3,11.5,8.7,9.7,9.7,9.7,11.8,10.4,32.6,32.3,-3.0,0.7,1.1,7.6,41,35,25,-7.1,-11.3,-9.1,6,6,4,0,5,6,7,79,57,59,0,0,300,0,0,0,0,0,0,0,0,0
13.4,25.99,4.07,3.97,3.99,10.7,12.38,12.18,13.41,-12.8,0.05,0.01,170.6,10.3,69,1,3,718,693,866,0,964,13.38,929.7,592,31.2,33.1,0.9,3.1,841.0,0,13.74,-12.2,10.6,10.7,8.1,8.9,8.9,8.9,11.0,9.7,32.4,32.1,-2.9,0.9,0.9,7.7,40,34,25,0.0,0.6,0.0,6,6,4,0,5,6,6,78,55,58,0,0,300,0,0,0,0,0,0,0,0,0
14.09,166.0,4.39,4.31,4.29,13.38,11.8,11.96,14.05,-10.4,0.0,-0.05,170.8,9.1,71,1,3,738,693,885,0,981,14.04,902.7,575,32.9,34.9,0.9,3.1,841.0,0,13.74,-12.2,10.5,10.6,7.8,8.9,8.9,8.8,11.0,9.6,32.3,32.1,-2.8,0.9,0.9,7.7,41,35,25,1.5,0.0,-0.3,6,6,4,0,5,6,7,78,55,57,0,0,300,0,0,0,0,0,0,0,0,0
13.9,58.0,4.39,4.31,4.29,11.58,12.52,12.46,13.94,-9.5,0.01,-0.02,170.7,9.0,70,1,3,736,693,884,0,996,13.92,911.1,579,33.1,35.2,0.9,3.1,841.0,0,13.74,-12.2,10.5,10.6,8.0,8.8,8.9,8.8,11.0,9.6,32.3,32.0,-2.8,0.9,0.9,7.7,41,36,25,0.0,0.6,0.0,6,6,4,0,5,6,7,78,55,57,0,0,300,0,0,0,0,0,0,0,0,0
14.49,253.01,0.34,0.3,0.28,14.86,10.66,11.84,14.46,-12.6,-0.04,-0.04,170.5,9.6,71,1,3,925,692,1107,0,1246,14.46,1112.8,707,30.6,31.4,0.8,3.2,1503.0,0,15.98,-12.1,11.2,11.3,8.7,9.5,9.6,9.6,11.6,10.1,32.5,32.2,-2.9,0.9,1.1,7.6,44,37,25,-0.3,0.0,0.8,6,6,4,0,5,6,7,79,56,59,0,0,300,0,0,0,0,0,0,0,0,0
14.74,100.01,0.31,0.29,0.28,13.86,14.76,11.34,14.79,-15.6,-0.1,0.12,170.5,10.3,71,1,3,1018,692,1221,0,1361,14.74,1198.1,764,28.1,34.9,0.9,3.1,1606.0,0,16.14,-12.2,11.1,11.2,8.3,9.5,9.5,9.5,11.5,10.1,32.5,32.2,-3.0,0.9,1.1,7.8,45,38,25,2.5,0.3,-1.0,6,6,4,0,5,6,7,79,56,58,0,0,300,0,0,0,0,0,0,0,0,0
12.84,193.0,2.74,2.67,2.67,29.86,25.92,20.04,12.83,-10.9,0.04,0.04,170.8,8.4,71,1,3,701,692,842,0,940,12.82,946.2,602,30.5,35.2,0.9,3.1,841.0,0,13.74,-12.2,10.5,10.6,7.7,8.9,8.9,8.9,11.0,9.7,32.3,32.1,-2.8,0.9,0.9,7.9,41,36,25,-564.9,-495.6,-384.5,6,6,4,0,5,6,7,78,55,57,0,0,300,0,0,0,0,0,0,0,0,0
14.4,328.0,0.29,0.27,0.28,11.78,12.06,13.68,14.5,-6.5,0.01,0.02,170.7,8.8,69,1,3,950,692,1139,-1,1295,14.44,1140.5,724,33.1,35.3,0.9,3.1,1598.8,0,16.13,-12.2,11.0,11.2,8.2,9.4,9.4,9.5,11.5,10.0,32.4,32.2,-3.0,0.9,1.0,7.8,46,39,25,-0.8,0.8,0.0,6,6,4,0,5,6,7,79,56,58,0,0,300,0,0,0,0,0,0,0,0,0
14.69,243.0,0.35,0.31,0.28,15.26,10.84,11.88,14.67,-14.0,-0.05,-0.04,170.5,10.3,71,1,3,958,692,1149,3,1274,14.64,1143.3,730,31.1,32.0,0.9,3.1,1503.0,0,15.98,-12.1,11.1,11.3,8.6,9.6,9.6,9.6,11.6,10.1,32.4,32.2,-3.0,0.9,1.1,7.7,43,36,25,0.3,-0.2,0.8,6,6,4,0,5,6,7,79,56,58,0,0,300,0,0,0,0,0,0,0,0,0
14.49,239.0,0.39,0.33,0.34,14.4,10.74,6.82,14.5,-10.6,-0.06,-0.02,170.5,9.8,71,1,3,960,692,1157,0,1309,14.46,1152.4,731,32.6,34.9,0.9,3.1,1643.0,0,16.19,-12.2,10.8,11.0,8.3,9.2,9.3,9.3,11.2,9.9,32.4,32.2,-3.0,0.9,1.0,7.9,45,38,25,-0.3,-0.2,3.8,6,6,4,0,5,6,7,79,56,58,0,0,300,0,0,0,0,0,0,0,0,0
14.72,263.99,0.36,0.31,0.29,14.78,10.66,12.86,14.73,-11.8,-0.01,-0.05,170.7,9.6,71,1,3,1000,692,1197,5,1326,14.7,1188.2,757,32.1,34.4,0.9,3.1,1643.0,0,16.19,-12.2,10.8,10.9,8.2,9.2,9.2,9.2,11.3,9.9,32.4,32.2,-3.0,0.9,1.1,7.9,44,38,25,-0.3,0.0,1.2,6,6,4,0,5,6,7,79,56,58,0,0,300,0,0,0,0,0,0,0,0,0
14.58,320.0,4.33,4.29,4.28,12.68,11.44,13.32,14.56,-9.3,0.08,-0.02,170.5,8.9,70,1,3,799,692,962,0,1087,14.6,948.1,601,30.1,33.3,0.9,3.1,912.5,0,14.12,-12.1,11.3,11.4,8.4,9.7,9.7,9.7,11.7,10.2,32.5,32.2,-3.0,0.9,1.1,7.7,42,36,25,0.0,0.0,0.0,6,6,4,0,5,6,7,79,56,59,0,0,300,0,0,0,0,0,0,0,0,0
14.88,148.0,0.35,0.31,0.28,15.34,13.58,10.96,14.79,-13.0,0.03,-0.1,170.3,10.1,71,1,3,998,692,1197,3,1341,14.84,1181.3,752,31.0,32.4,0.9,3.1,1503.0,0,15.98,-12.1,11.2,11.3,8.8,9.6,9.6,9.6,11.6,10.1,32.4,32.2,-3.0,0.9,1.1,7.7,43,36,25,1.7,-0.3,-0.2,6,6,4,0,5,6,7,79,56,59,0,0,300,0,0,0,0,0,0,0,0,0
14.67,144.0,4.33,4.29,4.27,13.6,12.8,12.4,14.74,-10.0,-0.04,-0.09,170.3,9.3,70,1,3,797,692,957,0,1066,14.66,939.4,598,30.2,33.5,0.9,3.1,912.5,0,14.12,-12.1,11.3,11.4,8.5,9.7,9.7,9.7,11.7,10.2,32.5,32.2,-3.0,0.9,1.1,7.7,42,36,25,1.5,0.0,0.0,6,6,4,0,5,6,7,79,56,59,0,0,300,0,0,0,0,0,0,0,0,0
14.52,185.0,0.31,0.29,0.28,16.62,12.52,10.5,14.56,-10.1,0.15,0.09,170.7,7.9,71,1,3,965,692,1166,-3,1321,14.48,1156.9,734,31.8,34.1,0.9,3.1,1671.9,0,16.24,-12.2,10.7,10.8,8.0,9.0,9.1,9.1,11.2,9.8,32.4,32.2,-3.0,0.9,1.1,7.6,44,37,25,1.5,-0.6,0.0,6,6,4,0,6,6,6,78,56,58,0,0,300,0,0,0,0,0,0,0,0,0
14.53,293.0,3.45,3.38,3.38,4.4,5.34,3.5,14.54,-13.0,0.01,-0.03,170.9,9.5,71,1,3,743,693,893,0,1004,14.5,883.6,561,32.6,34.9,0.9,3.1,841.0,0,13.74,-12.2,10.5,10.6,8.0,8.8,8.8,8.8,10.9,9.6,32.3,32.0,-2.8,0.9,0.9,7.7,41,36,25,49.9,75.0,51.0,6,6,4,0,5,6,7,78,55,57,0,0,300,0,0,0,0,0,0,0,0,0
14.15,162.0,0.28,0.27,0.28,14.26,10.94,7.12,14.14,-11.0,0.06,0.01,170.8,9.9,70,1,3,909,692,1086,-1,1223,14.1,1114.4,709,31.8,34.2,0.9,3.1,1618.3,0,16.16,-12.3,10.6,10.7,7.9,9.0,9.1,9.0,11.2,9.8,32.4,32.2,-2.9,0.9,0.9,7.6,42,36,25,2.9,0.2,0.2,6,6,4,0,6,6,6,78,56,58,0,0,300,0,0,0,0,0,0,0,0,0
14.35,220.0,2.47,2.4,2.42,15.12,13.32,11.82,14.29,-15.8,-0.04,0.07,170.6,10.3,71,1,3,791,694,954,0,1082,14.3,958.4,611,31.7,34.0,0.9,3.1,906.4,0,14.09,-12.1,11.3,11.5,8.8,9.7,9.7,9.7,11.8,10.4,32.5,32.3,-3.0,0.8,1.1,7.4,41,35,25,0.3,0.0,0.0,6,6,4,0,5,6,7,79,56,59,0,0,300,0,0,0,0,0,0,0,0,0
13.4,347.0,4.01,3.93,3.94,11.9,12.34,11.86,13.46,-12.5,0.0,0.02,170.8,9.2,70,1,3,719,693,869,2,964,13.42,928.1,590,30.9,32.9,0.9,3.0,841.0,0,13.74,-12.1,10.5,10.6,7.8,8.9,9.0,9.0,11.1,9.7,32.3,32.1,-2.9,1.0,0.9,7.9,39,33,25,0.0,0.0,0.0,6,6,4,0,5,6,7,78,55,58,1,1,300,0,0,0,0,0,0,0,0,0
14.82,95.0,0.31,0.29,0.28,13.86,15.16,11.18,14.84,-12.9,-0.12,0.0,170.5,9.3,71,1,3,1030,692,1236,2,1394,14.86,1214.8,773,27.1,33.7,0.9,3.1,1606.0,0,16.14,-12.1,11.1,11.2,8.5,9.5,9.5,9.5,11.5,10.1,32.4,32.2,-3.0,0.9,1.1,7.8,45,38,25,1.8,0.3,-1.0,6,6,4,0,5,6,7,79,56,58,0,0,300,0,0,0,0,0,0,0,0,0
14.72,11.02,0.31,0.29,0.28,11.2,13.32,14.36,14.77,-15.5,-0.01,-0.04,170.5,10.4,71,1,3,1011,692,1214,3,1350,14.76,1197.8,762,28.2,35.1,0.9,3.0,1606.0,0,16.14,-12.2,11.1,11.2,8.3,9.5,9.5,9.5,11.5,10.1,32.4,32.2,-3.0,0.9,1.1,7.8,45,38,25,-0.3,1.2,-0.3,6,6,4,0,5,6,7,79,56,58,0,0,300,0,0,0,0,0,0,0,0,0
13.56,146.02,4.16,4.07,4.09,12.52,12.28,10.62,13.57,-12.0,-0.02,-0.07,170.6,10.4,70,1,3,729,693,870,0,973,13.5,928.3,591,31.3,33.6,0.9,3.1,841.0,0,13.74,-12.2,10.6,10.7,7.9,8.9,9.0,8.9,11.1,9.8,32.4,32.1,-2.8,0.9,0.9,7.8,40,34,25,0.8,0.0,-0.2,6,6,4,0,5,6,6,78,55,58,0,0,300,0,0,0,0,0,0,0,0,0
14.69,163.01,0.38,0.33,0.28,15.06,12.58,10.76,14.72,-12.2,0.1,-0.02,170.6,9.8,71,1,3,998,692,1202,2,1343,14.64,1189.5,754,32.6,34.9,1.0,3.1,1643.0,0,16.19,-12.2,10.8,10.9,8.4,9.2,9.2,9.2,11.2,9.9,32.4,32.2,-3.0,0.9,1.0,8.0,45,38,25,1.7,-0.8,0.0,6,6,4,0,5,6,7,79,56,58,0,0,300,0,0,0,0,0,0,0,0,0
14.44,186.98,4.13,4.05,4.05,14.76,13.18,12.32,14.39,-14.3,0.03,-0.03,170.5,9.3,71,1,3,794,694,954,2,1062,14.4,951.3,606,31.6,33.9,0.9,3.1,906.4,0,14.09,-12.1,11.4,11.5,8.8,9.7,9.7,9.7,11.9,10.4,32.5,32.3,-3.0,0.8,1.1,7.4,41,35,25,1.0,0.0,-0.5,6,6,4,0,5,6,7,79,57,59,0,0,300,0,0,0,0,0,0,0,0,0
14.74,171.0,0.38,0.32,0.28,15.88,12.58,10.9,14.83,-10.6,0.1,-0.04,170.7,9.3,71,1,3,1012,692,1214,0,1362,14.7,1197.2,761,32.1,34.7,0.9,3.1,1643.0,0,16.19,-12.2,10.8,10.9,8.3,9.2,9.2,9.2,11.3,9.9,32.4,32.2,-3.0,0.9,1.0,7.9,45,38,25,2.1,-0.6,0.0,6,6,4,0,5,6,7,79,56,58,0,0,300,0,0,0,0,0,0,0,0,0
14.28,307.01,3.28,3.2,3.2,13.18,11.38,13.28,14.28,-13.4,0.0,0.02,170.9,9.0,72,1,3,741,693,885,-1,1006,14.28,893.0,568,32.7,34.8,0.9,3.1,841.0,0,13.74,-12.2,10.5,10.6,7.9,8.8,8.8,8.8,11.0,9.6,32.3,32.1,-2.8,1.0,0.9,7.6,41,35,25,-0.3,0.0,0.3,6,6,4,0,5,6,7,78,54,57,1,1,300,0,0,0,0,0,0,0,0,0
14.7,347.0,0.27,0.26,0.28,11.3,12.86,13.78,14.73,-17.7,-0.12,-0.02,170.5,8.5,72,1,3,1009,692,1203,0,1343,14.7,1192.1,759,32.8,34.9,0.9,3.1,1598.8,0,16.13,-12.2,11.0,11.1,8.3,9.4,9.4,9.4,11.4,10.0,32.4,32.2,-3.0,0.9,1.0,7.9,45,38,25,-0.5,1.7,0.0,6,6,4,0,5,6,7,79,56,58,0,0,300,0,0,0,0,0,0,0,0,0
13.41,132.01,5.17,5.08,5.1,12.0,11.56,11.18,13.43,-14.9,-0.01,-0.06,170.4,10.5,71,1,3,721,693,861,0,963,13.4,928.4,591,31.6,34.0,0.9,3.1,841.0,0,13.74,-12.2,10.6,10.7,8.2,8.9,9.0,8.9,11.1,9.8,32.4,32.1,-2.8,0.9,0.9,7.8,40,34,25,0.5,0.0,0.0,6,6,4,0,5,6,6,78,55,58,0,0,300,0,0,0,0,0,0,0,0,0
13.19,216.0,3.41,3.34,3.32,13.62,11.92,10.66,13.24,-13.9,-0.01,0.02,170.8,9.8,70,1,3,715,693,858,0,962,13.16,935.5,596,30.2,33.0,0.9,3.0,841.0,0,13.74,-12.3,10.5,10.6,8.1,8.9,8.9,8.9,11.0,9.7,32.3,32.1,-2.8,0.9,1.0,8.0,39,33,25,0.6,0.3,0.0,6,6,4,0,5,6,7,78,55,58,0,0,300,0,0,0,0,0,0,0,0,0
13.77,123.01,4.03,3.95,3.94,12.66,12.52,11.58,13.82,-6.0,-0.1,0.01,170.6,8.1,69,1,3,734,693,879,0,983,13.78,919.0,584,30.6,33.0,0.9,3.1,841.0,0,13.74,-12.2,10.5,10.7,7.9,8.9,9.0,8.9,11.0,9.7,32.4,32.1,-2.9,0.9,0.9,7.6,40,34,25,2.0,0.0,0.0,6,6,4,0,5,6,6,78,55,58,0,0,300,0,0,0,0,0,0,0,0,0
13.55,217.01,2.33,2.26,2.26,14.34,12.1,11.22,13.58,-15.7,-0.02,0.0,170.8,9.5,71,1,3,724,693,872,0,974,13.5,928.8,590,26.9,32.2,0.9,3.1,841.0,0,13.74,-12.2,10.5,10.6,7.8,8.9,8.9,8.9,11.0,9.7,32.3,32.1,-2.8,0.9,1.0,7.9,40,34,25,0.6,0.0,0.0,6,6,4,0,5,6,7,78,55,57,0,0,300,0,0,0,0,0,0,0,0,0
13.99,213.98,4.5,4.45,4.41,14.36,11.8,3.84,13.99,-12.8,-0.01,-0.01,170.5,8.7,71,1,3,783,693,942,0,1043,13.98,966.4,615,31.4,33.5,0.9,3.1,905.4,0,14.08,-12.1,11.4,11.5,8.8,9.7,9.7,9.7,11.8,10.3,32.5,32.3,-3.0,0.9,1.1,7.6,41,35,25,0.0,0.3,3.4,6,6,4,0,6,6,7,79,56,58,0,0,300,0,0,0,0,0,0,0,0,0
12.93,334.01,5.18,5.09,5.09,19.78,19.26,21.18,12.94,-15.6,-0.02,0.0,170.7,10.9,70,1,3,703,692,845,-1,954,12.92,942.1,600,31.5,33.8,0.9,3.1,841.0,0,13.74,-12.2,10.6,10.7,7.9,9.0,9.0,9.0,11.2,9.8,32.4,32.2,-2.8,0.9,0.9,7.8,40,34,25,-27.7,-27.0,-28.7,6,6,4,0,5,6,6,78,55,58,0,0,300,0,0,0,0,0,0,0,0,0
13.06,24.01,3.4,3.34,3.33,13.36,13.76,14.98,13.1,-12.2,0.02,-0.02,170.8,10.1,69,1,3,711,693,854,2,945,13.06,943.1,599,31.1,32.8,0.9,3.0,841.0,0,13.74,-12.3,10.5,10.6,8.0,8.9,8.9,8.9,11.0,9.7,32.4,32.1,-2.8,0.9,1.0,7.9,39,33,25,-0.9,0.0,-0.7,6,6,4,0,5,6,7,78,55,57,0,0,300,0,0,0,0,0,0,0,0,0
14.2,151.99,4.49,4.45,4.39,12.92,12.24,11.88,14.22,-14.6,0.0,-0.04,170.4,10.3,71,1,3,789,693,947,0,1066,14.2,961.6,611,31.5,33.5,0.9,3.1,905.4,0,14.08,-12.1,11.3,11.5,8.6,9.7,9.7,9.7,11.7,10.3,32.5,32.2,-3.0,0.9,1.1,7.7,41,35,25,1.7,0.0,0.0,6,6,4,0,5,6,7,79,56,59,0,0,300,0,0,0,0,0,0,0,0,0
14.58,118.01,0.34,0.31,0.28,13.98,14.24,10.54,14.63,-11.3,-0.1,0.04,170.6,8.9,71,1,3,985,692,1185,0,1337,14.6,1178.0,748,32.2,34.4,1.0,3.1,1679.1,0,16.25,-12.2,10.7,10.9,8.1,9.1,9.2,9.2,11.2,9.9,32.4,32.2,-3.0,0.9,1.1,7.8,44,37,25,1.9,0.0,-0.7,6,6,4,0,6,6,6,79,56,58,0,0,300,0,0,0,0,0,0,0,0,0
13.38,299.99,4.09,4.03,4.01,10.66,10.04,11.06,13.36,-14.3,0.01,0.07,170.7,9.2,71,1,3,722,693,864,0,964,13.36,931.5,592,31.1,33.3,0.9,3.0,841.0,0,13.74,-12.2,10.6,10.7,7.8,9.0,9.0,9.0,11.1,9.8,32.4,32.2,-2.8,0.9,0.9,7.8,40,34,25,0.0,0.2,0.5,6,6,4,0,5,6,6,78,55,58,0,0,300,0,0,0,0,0,0,0,0,0
14.43,14.0,4.12,4.05,4.05,11.32,12.66,12.02,14.45,-16.4,0.05,0.01,170.4,10.2,72,1,3,789,694,950,0,1064,14.46,949.9,602,31.5,33.9,0.9,3.1,906.4,0,14.09,-12.1,11.4,11.5,8.8,9.7,9.7,9.7,11.9,10.4,32.5,32.3,-3.0,0.8,1.1,7.4,41,35,25,0.0,0.8,0.0,6,6,4,0,5,6,7,79,56,59,0,0,300,0,0,0,0,0,0,0,0,0
13.92,334.01,4.39,4.31,4.29,11.86,11.2,12.62,14.02,-9.2,0.0,0.09,170.7,8.2,70,1,3,732,693,884,2,1000,13.96,907.8,578,32.8,34.8,1.0,3.1,841.0,0,13.74,-12.2,10.5,10.6,8.0,8.8,8.9,8.8,10.9,9.6,32.3,32.1,-2.8,0.9,0.9,7.7,41,35,25,0.0,0.2,0.0,6,6,4,0,5,6,7,78,55,57,0,0,300,0,0,0,0,0,0,0,0,0
13.6,136.01,4.46,4.41,4.39,12.18,11.74,11.82,13.65,-12.0,-0.05,-0.07,170.4,9.4,71,1,3,775,693,929,0,1054,13.62,983.8,626,31.1,33.8,0.9,3.0,911.5,0,14.11,-12.1,11.3,11.5,8.8,9.7,9.7,9.7,11.8,10.3,32.5,32.3,-3.0,0.9,1.1,7.5,41,35,25,0.8,-0.3,-0.3,6,6,4,0,6,6,7,79,56,59,0,0,300,0,0,0,0,0,0,0,0,0
13.43,20.02,4.47,4.42,4.39,9.7,11.76,11.86,13.51,-9.5,0.0,-0.01,170.3,9.3,70,1,3,768,693,921,0,1036,13.46,986.6,630,30.9,33.5,0.9,3.1,911.5,0,14.11,-12.1,11.3,11.5,8.7,9.7,9.7,9.7,11.8,10.3,32.5,32.3,-3.0,0.9,1.1,7.5,41,35,25,0.0,0.8,0.0,6,6,4,0,6,6,7,79,56,59,0,0,300,0,0,0,0,0,0,0,0,0
14.61,178.99,0.25,0.22,0.24,26.14,20.16,14.28,14.62,-13.7,0.16,-0.07,170.7,9.5,71,1,3,961,692,1145,0,1292,14.56,1145.0,729,33.0,35.3,0.9,3.1,1598.8,0,16.13,-12.2,11.0,11.1,8.4,9.4,9.4,9.4,11.4,10.0,32.4,32.2,-3.0,0.9,1.1,7.9,45,38,25,-30.8,-22.0,-8.9,6,6,4,0,5,6,7,79,56,58,0,0,300,0,0,0,0,0,0,0,0,0
13.29,16.99,4.14,4.06,4.09,9.64,11.96,10.36,13.33,-10.7,0.01,-0.05,170.7,8.8,70,1,3,717,693,858,0,989,13.32,936.0,593,31.0,33.6,0.9,3.1,841.0,0,13.74,-12.2,10.6,10.7,7.9,8.9,9.0,8.9,11.0,9.8,32.4,32.1,-2.8,0.9,0.9,7.8,40,34,25,0.0,1.1,0.9,6,6,4,0,5,6,6,78,55,58,0,0,300,0,0,0,0,0,0,0,0,0
13.15,259.99,3.4,3.34,3.32,12.74,11.32,10.52,13.14,-12.7,0.01,0.0,170.7,10.5,70,1,3,711,693,858,0,960,13.14,937.5,597,30.7,33.0,0.9,3.0,841.0,0,13.74,-12.3,10.5,10.6,7.9,8.9,8.9,8.9,11.0,9.7,32.3,32.1,-2.8,0.9,1.0,7.9,39,33,25,0.0,0.0,0.0,6,6,4,0,5,6,7,78,55,58,0,0,300,0,0,0,0,0,0,0,0,0
13.27,259.99,4.33,4.27,4.24,27.86,24.18,23.82,13.3,-10.8,0.0,-0.03,170.5,9.8,70,1,3,759,693,912,0,1032,13.26,996.2,634,31.1,33.6,0.9,3.1,911.5,0,14.11,-12.1,11.4,11.5,8.9,9.7,9.7,9.7,11.7,10.3,32.5,32.2,-3.0,0.9,1.1,7.5,41,35,25,-148.0,-134.4,-128.7,6,6,4,0,5,6,7,79,56,59,0,0,300,0,0,0,0,0,0,0,0,0
14.48,283.0,0.41,0.35,0.34,12.94,10.46,13.04,14.49,-11.7,0.1,0.01,170.7,9.5,71,1,3,958,692,1146,-1,1301,14.46,1146.0,729,32.9,35.0,0.9,3.1,1653.3,0,16.21,-12.2,10.9,11.1,8.4,9.3,9.3,9.3,11.4,10.0,32.4,32.2,-3.0,0.9,1.1,7.9,45,38,25,-0.9,0.2,0.6,6,6,4,0,5,6,7,79,56,58,0,0,300,0,0,0,0,0,0,0,0,0
13.41,293.0,5.17,5.08,5.1,11.06,10.74,11.7,13.51,-12.8,-0.02,0.02,170.9,9.6,71,1,3,723,693,863,0,962,13.4,930.2,591,31.2,33.7,0.9,3.1,841.0,0,13.74,-12.2,10.6,10.7,8.1,9.0,9.0,8.9,11.2,9.8,32.4,32.1,-2.8,0.9,0.9,7.8,40,34,25,-0.2,0.0,0.3,6,6,4,0,5,6,6,78,55,58,0,0,300,0,0,0,0,0,0,0,0,0
14.25,158.0,4.09,4.01,4.03,4.26,3.92,6.12,14.27,-13.3,0.0,-0.06,170.5,10.3,72,1,3,748,693,896,2,1004,14.18,908.5,576,30.0,32.1,0.9,3.1,841.0,0,13.74,-12.2,10.5,10.6,7.9,8.9,9.0,8.9,11.0,9.7,32.3,32.1,-2.9,1.0,0.9,8.0,39,33,25,87.3,80.2,124.1,6,6,4,0,5,6,7,78,55,58,1,1,300,0,0,0,0,0,0,0,0,0
13.38,137.02,4.14,4.06,4.04,12.26,12.06,11.18,13.37,-12.0,-0.02,-0.08,170.6,9.3,71,1,3,718,693,861,0,949,13.36,936.4,593,31.4,33.6,0.9,3.0,841.0,0,13.74,-12.2,10.6,10.7,8.2,8.9,9.0,8.9,11.1,9.8,32.4,32.2,-2.8,0.9,0.9,7.7,40,34,25,1.1,-0.3,-0.2,6,6,4,0,5,6,6,78,55,58,0,0,300,0,0,0,0,0,0,0,0,0
14.74,283.0,0.31,0.28,0.28,14.94,11.0,13.6,14.76,-15.1,0.03,-0.03,170.7,9.9,71,1,3,1000,693,1197,6,1329,14.72,1189.1,757,28.5,35.1,0.9,3.0,1606.0,0,16.14,-12.2,11.1,11.2,8.5,9.5,9.5,9.5,11.5,10.1,32.5,32.2,-3.0,0.9,1.1,7.8,45,38,25,-1.9,0.2,1.2,6,6,4,0,5,6,7,79,56,58,0,0,300,0,0,0,0,0,0,0,0,0
13.95,340.99,5.56,5.5,5.47,10.84,10.54,10.2,13.98,-9.4,0.02,0.04,170.6,8.0,71,1,3,735,693,879,-1,983,14.0,900.7,574,30.2,30.8,0.8,3.3,841.0,0,13.74,-12.2,10.5,10.6,8.0,8.9,8.9,8.9,11.0,9.7,32.3,32.1,-2.8,0.9,1.0,7.9,39,33,25,0.7,0.9,0.2,6,6,4,0,5,6,7,78,55,57,0,0,300,0,0,0,0,0,0,0,0,0
13.17,60.98,4.12,4.05,4.04,9.08,12.48,11.04,13.2,-15.5,0.0,0.06,170.8,9.7,71,1,3,712,693,854,0,960,13.18,936.3,596,31.2,33.4,0.9,3.1,841.0,0,13.74,-12.2,10.5,10.7,7.9,8.9,9.0,9.0,11.1,9.7,32.4,32.1,-2.8,0.9,0.9,7.7,40,34,25,0.4,0.8,0.0,6,6,4,0,5,6,6,78,55,58,0,0,300,0,0,0,0,0,0,0,0,0
13.43,64.01,4.1,4.04,4.01,9.6,12.46,11.74,13.49,-11.4,-0.03,0.03,170.8,7.9,70,1,3,719,693,867,0,966,13.42,929.8,590,31.4,33.4,0.9,3.1,841.0,0,13.74,-12.2,10.6,10.7,7.9,9.0,9.0,9.0,11.1,9.8,32.4,32.2,-2.8,0.9,0.9,7.7,40,34,25,0.6,0.6,0.0,6,6,4,0,5,6,6,78,55,58,0,0,300,0,0,0,0,0,0,0,0,0
13.97,348.98,3.44,3.36,3.38,12.26,12.58,12.16,13.99,-13.9,0.01,0.01,170.7,10.3,71,1,3,740,693,884,0,1003,13.96,915.2,581,30.0,32.4,0.9,3.1,841.0,0,13.74,-12.2,10.5,10.6,7.8,8.9,9.0,8.9,11.0,9.7,32.3,32.1,-2.9,1.0,0.9,8.0,39,33,25,0.0,0.8,0.0,6,6,4,0,5,6,7,78,55,58,1,1,300,0,0,0,0,0,0,0,0,0
13.44,268.99,3.48,3.38,3.39,12.48,10.5,10.96,13.51,-13.2,0.03,-0.05,170.5,10.2,70,1,3,786,693,944,0,1055,13.44,1013.9,645,31.8,34.2,0.9,3.1,935.0,0,14.23,-12.2,11.4,11.5,8.7,9.8,9.7,9.7,11.9,10.4,32.5,32.3,-3.0,0.7,1.1,7.5,42,35,25,0.0,0.0,0.2,6,6,4,0,5,6,7,79,57,59,0,0,300,0,0,0,0,0,0,0,0,0
14.02,155.02,2.34,2.27,2.3,13.98,13.46,11.6,14.03,-13.7,0.03,-0.1,170.5,10.5,71,1,3,783,694,947,0,1070,13.96,976.6,621,31.3,33.5,0.9,3.1,911.5,0,14.11,-12.1,11.3,11.5,8.6,9.7,9.7,9.7,11.8,10.3,32.5,32.3,-3.0,0.8,1.1,7.4,41,35,25,1.2,0.0,0.0,6,6,4,0,5,6,7,79,56,59,0,0,300,0,0,0,0,0,0,0,0,0
13.74,266.0,2.33,2.27,2.28,13.64,11.8,6.3,13.75,-13.6,0.03,-0.06,170.5,10.3,71,1,3,780,694,936,0,1042,13.72,988.7,627,31.8,34.0,0.9,3.1,911.5,0,14.11,-12.1,11.4,11.5,8.8,9.7,9.7,9.7,11.8,10.3,32.5,32.3,-3.0,0.9,1.1,7.4,41,35,25,-0.3,0.0,8.7,6,6,4,0,5,6,7,79,56,59,0,0,300,0,0,0,0,0,0,0,0,0
13.27,173.02,3.42,3.35,3.32,13.0,11.6,10.38,13.32,-15.2,0.07,-0.02,170.8,9.6,70,1,3,715,693,857,0,965,13.22,937.1,596,29.9,33.2,0.9,3.0,841.0,0,13.74,-12.2,10.5,10.6,7.9,8.9,8.9,8.9,11.0,9.7,32.3,32.1,-2.8,0.9,1.0,8.0,40,33,25,1.2,0.0,-0.2,6,6,4,0,5,6,7,78,55,58,0,0,300,0,0,0,0,0,0,0,0,0
14.56,294.01,0.41,0.35,0.34,12.82,10.78,13.86,14.63,-12.1,0.12,0.0,170.8,8.7,71,1,3,985,692,1179,0,1346,14.56,1175.1,746,32.6,34.9,0.9,3.1,1653.3,0,16.21,-12.2,10.9,11.0,8.3,9.3,9.3,9.3,11.3,10.0,32.4,32.2,-3.0,0.9,1.1,7.9,45,38,25,-1.4,0.5,0.9,6,6,4,0,5,6,7,79,56,58,0,0,300,0,0,0,0,0,0,0,0,0
13.81,267.98,3.91,3.83,3.84,13.1,12.22,9.7,13.89,-14.0,0.02,-0.07,170.5,9.6,71,1,3,797,693,957,0,1072,13.8,999.7,637,31.8,33.9,0.9,3.1,935.0,0,14.23,-12.1,11.4,11.5,8.8,9.7,9.7,9.7,11.8,10.4,32.6,32.3,-3.0,0.7,1.1,7.6,41,35,25,-0.3,0.0,1.1,6,6,4,0,5,6,7,79,56,59,0,0,300,0,0,0,0,0,0,0,0,0
13.41,348.98,3.73,3.68,3.69,10.76,11.06,11.66,13.46,-11.3,-0.02,-0.01,170.4,10.2,69,1,3,777,692,936,2,1043,13.42,1003.3,639,32.3,34.5,0.9,3.1,923.8,0,14.17,-12.2,11.4,11.5,8.9,9.7,9.7,9.7,11.9,10.5,32.6,32.3,-3.0,0.7,1.1,7.5,42,36,25,0.0,0.5,0.0,6,6,4,0,5,6,7,79,57,59,0,0,300,0,0,0,0,0,0,0,0,0
13.38,13.0,5.18,5.08,5.1,9.82,11.78,11.28,13.43,-12.9,0.04,-0.03,170.6,9.7,71,1,3,721,693,863,0,966,13.4,929.5,591,31.4,33.6,0.9,3.1,841.0,0,13.74,-12.2,10.6,10.7,7.9,9.0,9.0,9.0,11.1,9.8,32.3,32.1,-2.8,0.9,0.9,7.8,40,34,25,0.2,0.5,-0.3,6,6,4,0,5,6,6,78,55,58,0,0,300,0,0,0,0,0,0,0,0,0
13.6,182.02,4.04,3.95,3.98,13.44,11.72,11.0,13.65,-6.2,0.05,-0.02,170.6,9.0,68,1,3,726,693,870,0,982,13.58,921.5,587,30.7,33.2,0.9,3.1,841.0,0,13.74,-12.2,10.5,10.7,7.9,8.9,9.0,9.0,11.0,9.7,32.3,32.1,-2.9,0.9,0.9,7.6,39,34,25,0.6,0.0,-0.2,6,6,4,0,5,6,6,78,55,58,0,0,300,0,0,0,0,0,0,0,0,0
13.57,101.02,2.33,2.27,2.23,12.0,13.88,11.52,13.67,-15.0,-0.07,0.01,170.5,9.7,71,1,3,773,693,933,0,1047,13.56,988.5,630,31.6,33.5,0.9,3.1,911.5,0,14.11,-12.1,11.4,11.5,8.8,9.7,9.7,9.7,11.8,10.3,32.5,32.3,-3.0,0.9,1.1,7.4,41,35,25,1.3,0.3,0.0,6,6,4,0,5,6,7,79,56,59,0,0,300,0,0,0,0,0,0,0,0,0
14.28,358.99,4.47,4.44,4.39,11.04,11.56,12.76,14.28,-16.0,-0.03,-0.02,170.5,10.1,71,1,3,794,693,948,0,1057,14.3,957.0,609,31.1,33.0,0.9,3.1,905.4,0,14.08,-12.1,11.3,11.5,8.6,9.7,9.7,9.7,11.7,10.2,32.5,32.2,-3.0,0.9,1.1,7.7,41,35,25,0.0,0.8,0.0,6,6,4,0,5,6,7,79,56,59,0,0,300,0,0,0,0,0,0,0,0,0
13.73,5.0,5.14,5.06,5.06,10.02,11.0,11.02,13.75,-11.8,-0.02,0.0,170.7,10.4,70,1,3,727,693,878,0,979,13.74,916.0,583,31.2,33.7,0.9,3.1,841.0,0,13.74,-12.2,10.6,10.7,8.0,8.9,9.0,8.9,11.1,9.8,32.4,32.2,-2.9,0.9,0.9,7.8,40,34,25,0.0,0.7,0.2,6,6,4,0,5,6,6,78,55,58,0,0,300,0,0,0,0,0,0,0,0,0
13.95,173.99,4.41,4.32,4.35,13.82,11.68,12.16,14.05,-12.3,0.02,0.0,170.7,9.3,70,1,3,738,692,881,0,1000,13.94,913.3,580,33.0,35.0,0.9,3.1,841.0,0,13.74,-12.2,10.4,10.6,7.8,8.9,8.9,8.9,11.0,9.6,32.3,32.1,-2.8,0.9,0.9,7.8,41,36,25,1.5,0.0,-0.3,6,6,4,0,5,6,7,78,55,57,0,0,300,0,0,0,0,0,0,0,0,0
14.58,267.01,0.23,0.22,0.23,18.26,11.76,12.24,14.59,-14.0,0.0,-0.03,170.6,10.4,71,1,3,964,692,1155,0,1301,14.56,1153.7,734,33.0,35.4,0.9,3.1,1598.8,0,16.13,-12.2,11.0,11.1,8.2,9.4,9.4,9.4,11.4,10.0,32.4,32.2,-3.0,0.9,1.1,7.9,45,38,25,-0.8,1.0,2.7,6,6,4,0,5,6,7,79,56,58,0,0,300,0,0,0,0,0,0,0,0,0
13.99,283.0,4.4,4.32,4.35,12.54,11.1,12.14,14.0,-12.0,0.04,-0.02,170.7,9.9,70,1,3,740,693,884,-1,1005,13.98,912.3,580,33.1,34.9,1.0,3.1,841.0,0,13.74,-12.2,10.5,10.6,7.9,8.9,8.9,8.8,11.0,9.6,32.3,32.1,-2.8,0.9,0.9,7.7,41,36,25,-0.8,0.0,0.3,6,6,4,0,6,6,7,78,55,57,0,0,300,0,0,0,0,0,0,0,0,0
13.23,59.0,2.62,2.57,2.54,24.22,28.48,25.44,13.26,-12.6,0.03,-0.01,170.5,9.4,70,1,3,765,692,914,0,1026,13.24,999.2,635,31.2,33.5,0.9,3.1,911.5,0,14.11,-12.1,11.4,11.5,8.8,9.7,9.7,9.7,11.8,10.3,32.5,32.3,-3.0,0.9,1.1,7.5,41,35,25,-497.0,-580.0,-524.9,6,6,4,0,5,6,7,79,56,59,0,0,300,0,0,0,0,0,0,0,0,0
14.84,239.0,4.32,4.29,4.26,12.82,12.08,6.84,14.85,-13.2,0.03,-0.04,170.5,9.0,70,1,3,799,693,954,-4,1085,14.84,924.2,589,30.2,33.9,0.9,3.0,912.5,0,14.12,-12.1,11.2,11.4,8.5,9.6,9.6,9.6,11.6,10.2,32.5,32.2,-3.0,0.9,1.1,7.7,44,37,25,0.0,0.8,7.3,6,6,4,0,5,6,7,79,56,59,0,0,300,0,0,0,0,0,0,0,0,0
14.32,358.99,4.13,4.06,4.05,11.58,12.58,12.18,14.43,-14.3,-0.08,-0.01,170.4,10.2,71,1,3,792,694,954,0,1061,14.36,955.7,608,31.5,34.0,0.9,3.1,906.4,0,14.09,-12.1,11.3,11.5,8.7,9.7,9.7,9.7,11.8,10.4,32.5,32.3,-3.0,0.8,1.1,7.5,41,35,25,0.0,0.8,0.0,6,6,4,0,5,6,7,79,57,59,0,0,300,0,0,0,0,0,0,0,0,0
14.79,59.0,0.34,0.31,0.28,11.06,14.24,12.74,14.82,-12.5,0.04,-0.04,170.6,9.6,71,1,3,988,692,1184,3,1317,14.78,1166.7,744,31.0,32.2,0.9,3.1,1503.0,0,15.98,-12.1,11.2,11.3,8.8,9.6,9.6,9.6,11.6,10.1,32.4,32.2,-3.0,0.9,1.1,7.7,43,36,25,0.5,0.9,-0.8,6,6,4,0,5,6,7,79,56,59,0,0,300,0,0,0,0,0,0,0,0,0
13.11,16.99,2.32,2.26,2.26,10.34,11.86,12.18,13.13,-12.9,0.03,-0.02,170.8,9.5,71,1,3,713,692,858,0,954,13.12,942.1,599,28.2,34.6,0.8,3.0,841.0,0,13.74,-12.2,10.5,10.6,7.8,8.9,8.9,8.9,11.0,9.7,32.3,32.1,-2.8,0.9,0.9,7.9,42,35,25,0.0,0.5,0.0,6,6,4,0,5,6,7,78,55,57,0,0,300,0,0,0,0,0,0,0,0,0
13.32,177.01,4.15,4.07,4.09,12.32,11.92,9.9,13.31,-10.1,0.03,-0.03,170.6,9.3,70,1,3,717,693,858,0,984,13.28,936.1,594,31.1,33.1,0.9,3.1,841.0,0,13.74,-12.2,10.6,10.7,8.1,8.9,9.0,8.9,11.1,9.8,32.4,32.1,-2.9,0.9,0.9,7.8,40,34,25,1.1,0.3,0.0,6,6,4,0,5,6,6,78,55,58,0,0,300,0,0,0,0,0,0,0,0,0
13.6,216.0,3.87,3.78,3.79,20.9,19.16,15.6,13.7,-8.3,-0.04,-0.02,170.5,8.6,70,1,3,788,693,948,0,1071,13.58,1006.3,640,31.7,33.9,0.9,3.1,935.0,0,14.23,-12.2,11.4,11.5,8.9,9.7,9.7,9.7,11.9,10.4,32.5,32.3,-3.0,0.7,1.1,7.5,41,35,25,-37.6,-32.8,-25.7,6,6,4,0,5,6,7,79,56,59,0,0,300,0,0,0,0,0,0,0,0,0
13.69,317.99,4.03,3.94,3.94,11.64,10.66,12.14,13.83,-10.4,-0.01,0.05,170.7,8.8,70,1,3,729,693,879,0,977,13.72,919.5,585,30.2,32.9,0.9,3.0,841.0,0,13.74,-12.2,10.5,10.7,7.9,8.9,9.0,8.9,11.0,9.7,32.4,32.1,-2.9,0.9,0.9,7.7,40,34,25,0.0,0.2,0.3,6,6,4,0,5,6,6,78,55,58,0,0,300,0,0,0,0,0,0,0,0,0
13.55,232.99,3.49,3.41,3.42,14.12,7.4,4.58,13.53,-11.4,-0.03,-0.02,170.6,9.6,70,1,3,790,693,942,-3,1061,13.5,1012.7,644,32.1,34.3,0.9,3.1,935.0,0,14.23,-12.2,11.4,11.5,8.9,9.7,9.7,9.7,11.9,10.4,32.5,32.3,-3.0,0.7,1.1,7.5,42,35,25,0.0,7.2,5.7,6,6,4,0,5,6,7,79,57,59,0,0,300,0,0,0,0,0,0,0,0,0
13.41,330.98,5.17,5.07,5.1,11.22,10.98,10.08,13.35,-15.1,-0.05,-0.01,170.7,9.2,71,1,3,721,693,863,0,965,13.42,928.7,590,31.6,33.7,0.9,3.0,841.0,0,13.74,-12.2,10.6,10.7,8.0,9.0,9.0,9.0,11.1,9.8,32.4,32.1,-2.8,0.9,0.9,7.8,40,34,25,0.2,0.2,0.4,6,6,4,0,5,6,6,78,55,58,0,0,300,0,0,0,0,0,0,0,0,0
13.45,249.98,5.17,5.07,5.09,12.16,11.12,4.08,13.48,-14.1,0.02,-0.01,170.8,10.3,71,1,3,724,693,866,0,969,13.46,922.5,590,31.6,33.7,0.9,3.1,841.0,0,13.74,-12.2,10.6,10.7,7.9,9.0,9.0,9.0,11.1,9.8,32.4,32.1,-2.9,0.9,0.9,7.8,40,34,25,0.0,0.0,4.2,6,6,4,0,5,6,6,78,55,58,0,0,300,0,0,0,0,0,0,0,0,0
14.2,69.01,4.14,4.06,4.05,11.28,14.46,12.72,14.28,-10.7,0.04,0.06,170.4,8.8,71,1,3,787,693,948,0,1074,14.24,956.3,610,31.7,34.0,0.9,3.1,906.4,0,14.09,-12.1,11.3,11.5,8.6,9.7,9.7,9.7,11.9,10.4,32.5,32.3,-3.0,0.8,1.1,7.6,41,35,25,0.3,1.0,-0.6,6,6,4,0,5,6,7,79,57,59,0,0,300,0,0,0,0,0,0,0,0,0
13.41,225.0,4.07,3.97,3.99,13.38,11.84,10.36,13.46,-12.0,-0.04,-0.03,170.7,9.2,69,1,3,718,693,864,0,962,13.38,931.2,591,31.1,33.2,0.9,3.0,841.0,0,13.74,-12.2,10.5,10.7,7.9,8.9,9.0,8.9,11.0,9.7,32.4,32.1,-2.9,0.9,0.9,7.7,40,34,25,0.3,0.3,0.0,6,6,4,0,5,6,6,78,55,58,0,0,300,0,0,0,0,0,0,0,0,0
14.7,81.0,0.36,0.32,0.29,11.98,14.7,12.24,14.77,-11.6,-0.02,0.06,170.7,9.0,71,1,3,1013,692,1221,2,1359,14.72,1206.3,765,32.5,34.6,0.9,3.1,1643.0,0,16.19,-12.2,10.8,10.9,8.1,9.2,9.2,9.2,11.3,9.9,32.4,32.2,-3.0,0.9,1.1,7.9,44,38,25,1.4,0.6,-1.3,6,6,4,0,5,6,7,79,56,58,0,0,300,0,0,0,0,0,0,0,0,0
13.38,220.0,4.09,4.03,4.01,13.56,11.54,11.06,13.39,-15.6,-0.02,0.0,170.7,10.4,71,1,3,721,693,863,0,986,13.34,930.2,593,31.1,33.0,0.9,3.1,841.0,0,13.74,-12.2,10.6,10.7,8.0,9.0,9.0,9.0,11.1,9.8,32.4,32.2,-2.8,0.9,0.9,7.7,40,34,25,0.6,0.3,0.0,6,6,4,0,5,6,6,78,55,58,0,0,300,0,0,0,0,0,0,0,0,0
13.66,168.98,5.15,5.06,5.06,12.98,11.16,11.22,13.65,-12.0,0.0,0.0,170.6,9.8,70,1,3,726,693,870,0,990,13.64,923.4,585,31.4,33.6,0.9,3.1,841.0,0,13.74,-12.2,10.6,10.7,8.2,8.9,9.0,8.9,11.1,9.8,32.4,32.2,-2.9,0.9,0.9,7.8,40,34,25,1.2,0.0,0.0,6,6,4,0,5,6,6,78,55,58,0,0,300,0,0,0,0,0,0,0,0,0
13.41,344.02,4.04,3.95,3.99,10.52,10.54,11.74,13.49,-9.0,-0.02,-0.03,170.8,9.6,68,1,3,719,693,860,-3,966,13.44,925.4,589,30.6,33.0,0.9,3.1,841.0,0,13.74,-12.2,10.5,10.7,7.9,8.9,8.9,8.9,11.0,9.7,32.3,32.2,-2.9,0.9,0.9,7.6,39,34,25,0.2,0.2,0.0,6,6,4,0,5,6,6,78,55,58,0,0,300,0,0,0,0,0,0,0,0,0
13.06,149.0,4.55,4.48,4.44,25.54,26.4,21.18,13.13,-12.0,0.03,-0.05,170.7,10.2,69,1,3,711,692,849,0,947,13.06,939.1,597,30.9,32.3,0.9,3.1,841.0,0,13.74,-12.3,10.5,10.6,7.8,8.9,8.9,8.9,11.0,9.7,32.3,32.1,-2.8,0.9,1.0,7.9,39,33,25,-258.4,-267.1,-218.5,6,6,4,0,5,6,7,78,55,58,0,0,300,0,0,0,0,0,0,0,0,0
13.52,208.01,4.51,4.42,4.45,13.6,11.34,10.76,13.6,-13.7,0.02,0.02,170.7,9.2,71,1,3,726,693,870,0,974,13.5,922.2,589,31.8,34.2,0.9,3.1,841.0,0,13.74,-12.1,10.6,10.7,8.1,9.0,9.0,9.0,11.1,9.8,32.4,32.2,-2.8,0.9,0.9,7.8,40,34,25,0.6,0.3,0.0,6,6,4,0,6,6,6,78,55,58,0,0,300,0,0,0,0,0,0,0,0,0
14.58,128.02,0.4,0.34,0.34,13.98,13.54,9.64,14.6,-14.4,-0.04,-0.1,170.4,10.1,71,1,3,970,692,1164,0,1311,14.58,1158.4,739,32.7,35.1,0.9,3.1,1653.3,0,16.21,-12.2,10.9,11.0,8.2,9.3,9.3,9.3,11.3,9.9,32.4,32.2,-3.0,0.9,1.1,7.9,45,38,25,1.9,0.0,-0.4,6,6,4,0,5,6,7,79,56,58,0,0,300,0,0,0,0,0,0,0,0,0
13.14,68.0,4.43,4.34,4.35,9.78,11.42,11.52,13.21,-13.1,-0.01,0.04,170.8,9.1,70,1,3,708,693,854,-1,960,13.16,935.9,595,33.0,34.9,0.9,3.1,841.0,0,13.74,-12.2,10.5,10.6,7.9,8.8,8.9,8.9,11.0,9.6,32.3,32.1,-2.8,0.9,0.9,7.9,41,36,25,0.9,0.3,0.0,6,6,4,0,5,6,7,78,55,57,0,0,300,0,0,0,0,0,0,0,0,0
14.53,290.99,0.3,0.28,0.28,12.8,10.92,13.32,14.59,-13.7,0.03,0.05,170.8,9.8,70,1,3,940,692,1125,3,1260,14.5,1131.2,720,30.2,35.6,0.9,3.1,1606.0,0,16.14,-12.2,11.1,11.2,8.3,9.5,9.5,9.5,11.4,10.1,32.4,32.2,-3.0,0.9,1.1,7.8,45,38,25,-1.1,0.2,1.2,6,6,4,0,5,6,7,79,56,58,0,0,300,0,0,0,0,0,0,0,0,0
14.35,14.0,4.47,4.43,4.39,10.34,11.64,12.12,14.41,-14.6,0.03,-0.04,170.4,10.3,71,1,3,793,693,948,-1,1061,14.38,952.4,605,30.9,32.9,0.9,3.0,905.4,0,14.08,-12.1,11.3,11.4,8.7,9.7,9.6,9.7,11.7,10.2,32.5,32.2,-3.0,0.9,1.1,7.7,41,36,25,0.0,1.0,0.3,6,6,4,0,6,6,7,79,56,59,0,0,300,0,0,0,0,0,0,0,0,0
13.4,56.02,2.33,2.26,2.26,10.0,13.06,12.08,13.44,-14.4,0.01,0.04,170.9,9.2,71,1,3,724,692,867,0,965,13.4,932.5,593,27.0,32.6,0.9,3.0,841.0,0,13.74,-12.2,10.5,10.6,8.0,8.9,8.9,8.8,11.0,9.7,32.3,32.1,-2.8,0.9,0.9,7.9,40,34,25,0.2,0.9,0.0,6,6,4,0,5,6,7,78,55,57,0,0,300,0,0,0,0,0,0,0,0,0
13.52,127.01,4.5,4.42,4.45,11.9,11.58,10.84,13.63,-13.8,-0.04,-0.05,170.5,10.5,71,1,3,726,693,866,0,976,13.52,926.9,589,31.8,34.0,0.9,3.1,841.0,0,13.74,-12.1,10.6,10.7,8.1,9.0,9.0,9.0,11.1,9.8,32.4,32.2,-2.8,0.9,0.9,7.8,40,34,25,1.3,0.0,0.0,6,6,4,0,6,6,6,78,55,58,0,0,300,0,0,0,0,0,0,0,0,0
14.67,258.98,0.38,0.32,0.29,14.4,10.56,12.74,14.61,-12.7,-0.02,0.0,170.7,10.0,71,1,3,1006,692,1211,0,1356,14.66,1195.3,760,32.1,34.5,0.9,3.1,1643.0,0,16.19,-12.2,10.8,10.9,8.1,9.2,9.2,9.2,11.3,9.9,32.4,32.2,-3.0,0.9,1.0,7.9,45,38,25,-0.3,0.0,1.1,6,6,4,0,5,6,7,79,56,58,0,0,300,0,0,0,0,0,0,0,0,0
14.41,9.0,0.41,0.35,0.35,10.68,13.3,13.94,14.45,-11.5,-0.07,-0.05,170.6,9.7,71,1,3,948,692,1143,0,1290,14.44,1140.6,726,32.7,35.1,0.9,3.1,1653.3,0,16.21,-12.2,10.9,11.1,8.3,9.3,9.3,9.4,11.4,10.0,32.4,32.2,-3.0,0.9,1.1,7.9,45,38,25,-0.2,0.9,0.0,6,6,4,0,5,6,7,79,56,58,0,0,300,0,0,0,0,0,0,0,0,0
13.8,220.0,5.47,5.4,5.41,25.84,24.38,19.18,13.77,-9.4,-0.02,0.01,170.7,7.3,70,1,3,730,692,878,2,978,13.78,914.7,581,30.5,32.4,0.9,3.0,841.0,0,13.74,-12.2,10.5,10.7,7.9,8.9,8.9,8.9,11.1,9.7,32.3,32.1,-2.9,1.0,0.9,8.0,39,33,25,-134.4,-127.9,-102.3,6,6,4,0,5,6,7,78,55,58,1,1,300,0,0,0,0,0,0,0,0,0
13.64,83.99,2.44,2.35,2.36,10.84,13.46,11.18,13.69,-11.9,0.03,0.08,170.6,8.5,71,1,3,729,693,878,0,989,13.64,925.2,588,31.7,33.8,0.9,3.1,841.0,0,13.74,-12.2,10.6,10.7,8.0,9.0,9.0,9.0,11.2,9.8,32.4,32.2,-2.8,0.9,1.0,7.6,40,34,25,1.2,0.3,0.0,6,6,4,0,6,6,6,78,55,58,0,0,300,0,0,0,0,0,0,0,0,0
14.79,325.01,0.37,0.31,0.28,12.02,12.22,14.26,14.85,-8.8,0.05,0.07,170.5,8.6,70,1,3,981,692,1185,-15,1383,14.84,1104.0,698,30.9,33.6,0.9,3.1,912.5,0,14.12,-12.1,11.2,11.4,8.9,9.6,9.6,9.6,11.6,10.2,32.4,32.2,-3.0,0.9,1.1,7.7,44,37,25,-0.8,1.4,0.3,6,6,4,0,5,6,7,79,56,59,0,0,300,0,0,0,0,0,0,0,0,0
14.37,329.0,0.32,0.3,0.29,11.64,11.82,13.62,14.51,-13.9,0.0,0.01,170.7,10.1,71,1,3,931,692,1118,-1,1248,14.38,1127.6,717,32.0,34.6,0.9,3.1,1679.1,0,16.25,-12.2,10.7,10.8,8.2,9.1,9.1,9.1,11.2,9.9,32.4,32.2,-3.0,0.9,1.1,7.7,44,37,25,-0.5,1.1,0.6,6,6,4,0,6,6,6,79,56,58,0,0,300,0,0,0,0,0,0,0,0,0
14.23,244.01,5.04,4.97,4.99,3.98,3.96,3.12,14.23,-12.5,0.04,-0.05,170.7,9.6,72,1,3,741,693,893,0,1009,14.22,899.6,572,30.5,32.2,0.9,3.0,841.0,0,13.74,-12.2,10.5,10.6,8.1,8.9,8.9,8.9,11.1,9.7,32.3,32.1,-2.9,1.0,0.9,8.0,39,33,25,81.1,82.0,64.4,6,6,4,0,5,6,7,78,55,58,1,1,300,0,0,0,0,0,0,0,0,0
14.34,33.01,3.28,3.21,3.2,11.06,13.48,13.12,14.32,-13.7,0.02,-0.06,170.7,9.9,71,1,3,742,693,891,0,989,14.36,890.4,567,32.6,34.7,0.9,3.1,841.0,0,13.74,-12.2,10.5,10.6,7.8,8.8,8.9,8.9,10.9,9.6,32.3,32.0,-2.8,1.0,0.9,7.7,41,35,25,0.0,0.9,0.0,6,6,4,0,5,6,7,78,55,57,1,1,300,0,0,0,0,0,0,0,0,0
14.28,83.99,4.48,4.44,4.39,11.42,13.56,13.0,14.34,-15.0,-0.04,0.05,170.5,8.9,71,1,3,791,693,953,0,1054,14.28,957.4,609,31.3,33.1,0.9,3.1,905.4,0,14.08,-12.1,11.3,11.5,8.5,9.7,9.7,9.7,11.7,10.2,32.5,32.2,-3.0,0.9,1.1,7.7,41,35,25,1.0,0.3,0.0,6,6,4,0,5,6,7,79,56,59,0,0,300,0,0,0,0,0,0,0,0,0
13.8,146.99,5.38,5.32,5.29,22.28,22.06,19.34,13.86,-3.4,-0.05,-0.06,170.5,6.6,70,1,3,730,692,876,0,981,13.8,908.0,581,30.4,31.1,0.9,3.3,841.0,0,13.74,-12.3,10.5,10.6,8.0,8.9,8.9,8.9,11.0,9.7,32.3,32.1,-2.8,0.9,1.0,7.9,39,33,25,-78.3,-79.5,-70.9,6,6,4,0,5,6,7,78,55,57,0,0,300,0,0,0,0,0,0,0,0,0
13.11,226.01,4.43,4.34,4.35,12.32,10.82,10.98,13.1,-14.2,-0.03,0.0,170.8,8.6,71,1,3,710,692,851,0,950,13.08,938.9,597,33.0,35.3,1.0,3.1,841.0,0,13.74,-12.2,10.5,10.6,7.8,8.8,8.9,8.9,10.9,9.6,32.3,32.1,-2.8,0.9,0.9,7.9,41,35,25,0.0,0.2,0.0,6,6,4,0,5,6,7,78,55,57,0,0,300,0,0,0,0,0,0,0,0,0
14.53,151.99,0.39,0.33,0.29,14.6,12.7,3.24,14.51,-11.7,-0.01,-0.08,170.5,10.2,71,1,3,970,692,1160,-3,1325,14.52,1158.6,736,32.4,34.8,0.9,3.1,1643.0,0,16.19,-12.2,10.8,11.0,8.2,9.2,9.3,9.3,11.3,9.9,32.4,32.2,-3.0,0.9,1.0,8.0,45,38,25,1.9,-0.3,1.9,6,6,4,0,5,6,7,79,56,58,0,0,300,0,0,0,0,0,0,0,0,0
14.11,247.0,0.28,0.27,0.28,14.28,9.9,10.4,14.15,-12.5,-0.03,0.04,170.7,10.1,70,1,3,899,692,1086,-1,1219,14.1,1113.6,708,31.5,34.1,0.9,3.1,1618.3,0,16.16,-12.3,10.6,10.7,8.0,9.0,9.0,9.0,11.2,9.8,32.4,32.2,-2.9,0.9,0.9,7.6,42,36,25,-0.3,0.0,0.7,6,6,4,0,6,6,6,78,56,58,0,0,300,0,0,0,0,0,0,0,0,0
13.53,168.98,5.17,5.07,5.06,12.8,11.26,10.02,13.57,-13.0,0.0,0.02,170.6,9.8,71,1,3,724,693,870,0,976,13.5,926.7,589,31.4,33.4,0.9,3.1,841.0,0,13.74,-12.2,10.6,10.7,8.0,9.0,9.0,8.9,11.1,9.8,32.4,32.2,-2.9,0.9,0.9,7.8,40,34,25,1.1,0.0,-0.2,6,6,4,0,5,6,6,78,55,58,0,0,300,0,0,0,0,0,0,0,0,0
14.37,218.99,0.3,0.27,0.28,15.94,11.64,11.24,14.41,-11.5,-0.1,-0.01,170.5,9.1,70,1,3,928,692,1115,0,1254,14.36,1119.3,711,32.6,35.3,0.9,3.1,1606.0,0,16.14,-12.2,11.0,11.2,8.3,9.4,9.4,9.4,11.4,10.0,32.4,32.2,-3.0,0.9,1.0,7.8,46,39,25,0.7,-0.3,0.2,6,6,4,0,5,6,7,79,56,58,0,0,300,0,0,0,0,0,0,0,0,0
13.14,312.01,2.43,2.34,2.36,11.26,10.98,11.22,13.22,-13.6,-0.02,0.01,170.7,8.4,71,1,3,716,693,857,0,960,13.16,939.2,597,32.0,34.2,0.9,3.1,841.0,0,13.74,-12.2,10.6,10.7,7.9,9.0,9.0,9.0,11.2,9.8,32.4,32.2,-2.8,0.9,0.9,7.7,40,34,25,0.0,0.0,0.5,6,6,4,0,6,6,6,78,55,58,0,0,300,0,0,0,0,0,0,0,0,0
13.34,223.99,4.05,3.96,3.98,12.7,11.12,10.84,13.32,-11.7,-0.02,-0.03,170.7,9.2,68,1,3,717,693,858,0,984,13.3,932.3,593,30.7,33.0,0.9,3.0,841.0,0,13.74,-12.2,10.6,10.7,8.1,8.9,8.9,8.9,11.1,9.7,32.4,32.1,-2.9,0.9,0.9,7.6,39,34,25,0.6,0.5,0.0,6,6,4,0,5,6,6,78,55,58,0,0,300,0,0,0,0,0,0,0,0,0
13.55,297.0,3.57,3.48,3.5,24.36,20.2,23.98,13.59,-8.9,0.08,0.06,170.6,9.2,69,1,3,787,692,945,0,1066,13.54,1007.8,641,31.7,34.0,0.9,3.1,935.0,0,14.23,-12.2,11.4,11.5,8.6,9.7,9.7,9.7,11.9,10.4,32.5,32.3,-3.0,0.7,1.1,7.5,41,35,25,-203.6,-168.4,-193.5,6,6,4,0,5,6,7,79,56,59,0,0,300,0,0,0,0,0,0,0,0,0
13.32,297.0,4.14,4.06,4.09,10.92,10.26,8.08,13.35,-11.6,0.01,-0.03,170.7,8.4,71,1,3,717,693,861,0,985,13.32,932.6,593,31.5,33.7,0.9,3.1,841.0,0,13.74,-12.2,10.6,10.7,8.0,8.9,9.0,8.9,11.1,9.8,32.4,32.1,-2.8,0.9,0.9,7.8,40,34,25,0.0,0.2,0.9,6,6,4,0,5,6,6,78,55,58,0,0,300,0,0,0,0,0,0,0,0,0
13.44,29.02,4.42,4.33,4.35,9.68,10.82,11.5,13.45,-13.4,0.02,-0.02,170.7,9.3,70,1,3,716,693,864,-1,968,13.46,923.9,588,32.9,35.0,1.0,3.1,841.0,0,13.74,-12.2,10.5,10.6,7.8,8.8,8.9,8.8,11.0,9.6,32.3,32.1,-2.8,0.9,0.9,7.9,41,36,25,0.0,0.5,0.0,6,6,4,0,5,6,7,78,55,57,0,0,300,0,0,0,0,0,0,0,0,0
14.51,240.98,0.29,0.27,0.28,16.26,11.6,12.12,14.54,-7.6,-0.09,0.05,170.6,8.8,70,1,3,961,692,1154,-3,1311,14.48,1145.8,729,32.9,35.2,0.9,3.1,1598.8,0,16.13,-12.2,11.0,11.1,8.3,9.4,9.4,9.4,11.4,10.0,32.4,32.2,-3.0,0.9,1.0,7.8,46,39,25,0.0,-0.3,0.5,6,6,4,0,5,6,7,79,56,58,0,0,300,0,0,0,0,0,0,0,0,0
13.26,218.02,4.09,4.02,3.98,13.12,10.92,10.94,13.36,-16.3,0.0,0.01,170.7,9.2,70,1,3,710,693,858,0,973,13.22,934.0,594,30.8,33.1,0.9,3.0,841.0,0,13.74,-12.2,10.6,10.7,8.1,8.9,9.0,8.9,11.1,9.7,32.4,32.1,-2.8,0.9,0.9,7.7,40,34,25,0.6,0.2,0.0,6,6,4,0,5,6,6,78,55,58,0,0,300,0,0,0,0,0,0,0,0,0
14.55,195.01,0.36,0.31,0.28,15.9,11.92,10.64,14.6,-12.6,0.04,-0.02,170.8,9.6,71,1,3,965,692,1160,0,1312,14.5,1154.2,735,32.3,34.6,0.9,3.1,1679.1,0,16.25,-12.2,10.7,10.9,8.1,9.2,9.2,9.2,11.2,9.9,32.4,32.2,-3.0,0.9,1.1,7.8,44,38,25,1.8,-0.3,0.2,6,6,4,0,5,6,6,79,56,58,0,0,300,0,0,0,0,0,0,0,0,0
13.98,101.02,0.29,0.24,0.23,6.04,6.82,2.32,13.98,-12.2,-0.16,0.03,170.7,9.7,70,1,3,906,693,1085,8,1202,13.96,1137.6,723,32.0,33.9,0.9,3.1,1618.3,0,16.16,-12.3,10.6,10.7,7.9,9.0,9.0,9.0,11.1,9.8,32.4,32.2,-2.8,0.9,1.0,7.6,41,35,25,16.8,17.6,5.9,6,6,4,0,6,6,6,78,56,58,0,0,300,0,0,0,0,0,0,0,0,0
13.06,101.02,4.44,4.34,4.35,11.48,11.8,11.1,13.1,-14.4,-0.1,0.0,170.7,9.7,71,1,3,713,692,854,0,947,13.06,942.2,598,32.7,35.0,0.9,3.1,841.0,0,13.74,-12.2,10.5,10.6,7.9,8.8,8.9,8.8,11.0,9.6,32.3,32.1,-2.8,0.9,0.9,7.8,41,35,25,1.3,0.0,0.0,6,6,4,0,5,6,7,78,55,57,0,0,300,0,0,0,0,0,0,0,0,0
14.22,239.0,3.28,3.2,3.2,14.48,12.14,11.94,14.24,-13.7,-0.05,-0.04,170.8,9.6,71,1,3,741,693,891,0,1003,14.22,898.6,571,32.8,34.7,0.9,3.1,841.0,0,13.74,-12.2,10.5,10.6,7.8,8.8,8.9,8.8,10.9,9.6,32.3,32.0,-2.8,0.9,0.9,7.6,41,35,25,0.3,0.0,0.0,6,6,4,0,5,6,7,78,54,57,0,0,300,0,0,0,0,0,0,0,0,0
15.02,56.99,0.35,0.31,0.28,11.32,14.82,12.9,15.03,-11.0,0.09,-0.03,170.5,9.6,71,1,3,1046,693,1254,5,1383,15.0,1221.0,777,31.5,33.1,0.9,3.1,1503.0,0,15.98,-12.1,11.2,11.4,8.7,9.6,9.6,9.6,11.6,10.2,32.5,32.2,-3.0,0.9,1.1,7.7,43,37,25,1.0,1.6,-0.9,6,6,4,0,5,6,7,79,56,59,0,0,300,0,0,0,0,0,0,0,0,0
12.94,64.01,2.31,2.25,2.26,11.42,12.88,13.2,13.02,-10.5,0.02,0.03,170.8,8.5,71,1,3,708,693,845,0,953,12.94,945.2,602,28.9,35.0,0.9,3.0,841.0,0,13.74,-12.2,10.5,10.6,7.9,8.9,8.9,8.8,10.9,9.7,32.3,32.1,-2.8,0.9,0.9,7.9,42,35,25,0.0,0.3,-0.9,6,6,4,0,5,6,7,78,55,57,0,0,300,0,0,0,0,0,0,0,0,0
13.65,54.0,4.46,4.41,4.39,9.98,12.44,11.66,13.71,-15.9,0.05,0.04,170.4,9.6,71,1,3,776,693,932,0,1033,13.66,982.6,626,31.3,33.8,0.9,3.0,911.5,0,14.11,-12.1,11.3,11.5,8.9,9.7,9.7,9.7,11.8,10.3,32.5,32.2,-3.0,0.9,1.1,7.6,41,35,25,0.2,0.8,0.0,6,6,4,0,5,6,7,79,56,59,0,0,300,0,0,0,0,0,0,0,0,0
14.13,240.01,4.14,4.06,4.05,13.46,12.06,11.84,14.14,-10.0,-0.09,-0.02,170.5,9.1,70,1,3,782,694,941,0,1057,14.1,961.0,612,31.7,34.0,0.9,3.1,906.4,0,14.09,-12.1,11.3,11.5,8.6,9.7,9.7,9.7,11.8,10.4,32.5,32.3,-3.0,0.7,1.1,7.6,41,35,25,0.0,0.3,0.0,6,6,4,0,5,6,7,79,57,59,0,0,300,0,0,0,0,0,0,0,0,0
14.73,328.0,4.32,4.29,4.28,12.38,12.38,12.86,14.82,-11.1,-0.05,0.08,170.4,8.3,70,1,3,797,693,956,0,1074,14.76,928.0,592,30.2,33.7,0.9,3.1,912.5,0,14.12,-12.1,11.3,11.4,8.6,9.6,9.6,9.7,11.7,10.2,32.5,32.2,-3.0,0.9,1.1,7.7,42,36,25,0.0,0.6,0.3,6,6,4,0,5,6,7,79,56,59,0,0,300,0,0,0,0,0,0,0,0,0
13.14,352.01,4.82,4.75,4.72,17.18,16.3,17.12,13.2,-9.8,-0.02,0.03,170.7,9.1,69,1,3,708,693,855,-3,953,13.18,934.9,594,30.8,32.4,0.9,3.1,841.0,0,13.74,-12.3,10.5,10.6,7.7,8.9,8.9,8.9,11.0,9.7,32.3,32.1,-2.8,0.9,1.0,7.9,39,33,25,-14.1,-14.1,-15.6,6,6,4,0,5,6,7,78,55,57,0,0,300,0,0,0,0,0,0,0,0,0
13.8,127.01,-0.04,-0.13,-0.12,4.46,6.8,3.44,13.84,-11.2,-0.07,-0.07,170.7,9.7,71,1,3,868,693,1040,8,1141,13.78,1098.8,699,32.0,34.0,0.9,3.1,1618.3,0,16.16,-12.3,10.6,10.7,8.1,9.0,9.0,9.0,11.2,9.8,32.4,32.2,-2.9,0.9,1.0,7.6,41,35,25,32.5,49.0,24.6,6,6,4,0,6,6,6,78,56,58,0,0,300,0,0,0,0,0,0,0,0,0
13.34,103.0,4.06,3.96,3.99,11.58,11.94,11.56,13.33,-12.6,-0.1,-0.02,170.7,10.1,68,1,3,719,693,857,0,984,13.32,935.9,593,30.8,32.9,0.9,3.1,841.0,0,13.74,-12.2,10.5,10.7,7.9,8.9,9.0,8.9,11.0,9.7,32.3,32.1,-2.9,0.9,0.9,7.6,40,34,25,1.0,0.0,0.0,6,6,4,0,5,6,6,78,55,58,0,0,300,0,0,0,0,0,0,0,0,0
13.43,69.98,3.74,3.69,3.69,9.9,12.22,11.06,13.49,-11.9,-0.04,0.07,170.6,9.7,70,1,3,777,693,936,0,1044,13.44,1005.8,639,32.1,34.4,0.9,3.1,923.8,0,14.17,-12.2,11.4,11.5,8.7,9.7,9.7,9.7,11.9,10.4,32.6,32.3,-3.0,0.7,1.1,7.5,42,36,25,0.4,0.3,0.0,6,6,4,0,5,6,6,79,57,59,0,0,300,0,0,0,0,0,0,0,0,0
13.57,2.02,2.44,2.35,2.36,10.26,12.38,11.46,13.54,-13.4,-0.1,-0.07,170.5,9.4,71,1,3,729,693,869,0,979,13.56,925.1,589,31.4,33.8,0.9,3.0,841.0,0,13.74,-12.2,10.6,10.7,8.1,9.0,9.0,9.0,11.2,9.8,32.4,32.2,-2.8,0.9,1.0,7.6,40,34,25,0.0,0.6,0.0,6,6,4,0,6,6,6,78,55,58,0,0,300,0,0,0,0,0,0,0,0,0
13.52,24.01,4.54,4.46,4.47,22.2,23.76,23.44,13.54,-10.5,-0.02,-0.02,170.7,8.6,70,1,3,724,692,866,0,977,13.54,916.8,585,30.7,32.7,0.9,3.1,841.0,0,13.74,-12.2,10.5,10.7,7.9,8.9,8.9,8.9,11.0,9.7,32.3,32.1,-2.9,1.0,0.9,8.0,39,33,25,-246.8,-262.5,-259.0,6,6,4,0,5,6,7,78,55,58,1,1,300,0,0,0,0,0,0,0,0,0
13.36,9.0,4.51,4.43,4.45,10.4,11.1,12.16,13.41,-14.4,-0.05,-0.03,170.6,10.0,71,1,3,717,693,864,-1,964,13.4,924.3,590,31.6,33.9,0.9,3.1,841.0,0,13.74,-12.1,10.6,10.7,7.9,9.0,9.0,9.0,11.1,9.8,32.4,32.2,-2.8,0.9,0.9,7.8,40,34,25,0.0,0.5,0.0,6,6,4,0,6,6,6,78,55,58,0,0,300,0,0,0,0,0,0,0,0,0
13.34,55.01,5.18,5.11,5.1,9.2,12.28,11.46,13.43,-11.9,0.06,0.03,170.6,8.8,70,1,3,717,692,864,0,987,13.34,931.8,592,31.6,33.6,0.9,3.1,841.0,0,13.74,-12.2,10.6,10.7,8.0,9.0,9.0,9.0,11.1,9.8,32.4,32.2,-2.9,0.9,0.9,7.8,40,34,25,0.4,1.1,0.0,6,6,4,0,5,6,6,78,55,58,0,0,300,0,0,0,0,0,0,0,0,0
13.74,310.0,4.16,4.07,4.09,10.76,10.68,11.74,13.79,-12.8,0.01,-0.02,170.8,9.3,70,1,3,730,693,881,0,976,13.74,924.1,587,31.3,33.7,0.9,3.1,841.0,0,13.74,-12.2,10.6,10.7,8.1,8.9,9.0,8.9,11.1,9.8,32.4,32.1,-2.9,0.9,0.9,7.8,40,34,25,0.0,0.2,0.5,6,6,4,0,5,6,6,78,55,58,0,0,300,0,0,0,0,0,0,0,0,0
14.11,256.0,5.54,5.48,5.46,7.92,6.44,6.48,14.17,-13.6,-0.02,-0.04,170.7,9.9,71,1,3,739,693,888,-1,999,14.12,900.4,572,29.7,30.5,0.9,3.3,841.0,0,13.74,-12.2,10.5,10.6,8.0,8.9,8.9,8.9,11.0,9.7,32.3,32.1,-2.8,0.9,1.0,7.9,39,33,25,46.8,37.5,38.8,6,6,4,0,5,6,7,78,55,57,0,0,300,0,0,0,0,0,0,0,0,0
13.36,112.0,2.44,2.34,2.36,11.06,12.5,11.16,13.36,-14.9,-0.18,-0.11,170.6,9.7,71,1,3,722,693,863,0,978,13.34,931.9,595,31.8,34.2,0.9,3.1,841.0,0,13.74,-12.2,10.6,10.7,8.0,9.0,9.0,9.0,11.1,9.8,32.4,32.2,-2.8,0.9,0.9,7.6,40,34,25,1.0,0.3,0.0,6,6,4,0,6,6,6,78,55,58,0,0,300,0,0,0,0,0,0,0,0,0
14.49,194.0,4.37,4.3,4.29,14.32,11.92,10.72,14.55,-12.4,0.08,0.0,170.7,8.8,71,1,3,738,693,882,0,994,14.44,883.8,559,32.7,35.0,0.9,3.1,841.0,0,13.74,-12.2,10.5,10.6,7.8,8.8,8.9,8.9,11.0,9.6,32.3,32.1,-2.8,1.0,0.9,7.7,41,36,25,0.6,0.5,0.0,6,6,4,0,5,6,7,78,55,57,1,1,300,0,0,0,0,0,0,0,0,0
14.56,339.98,0.28,0.27,0.28,12.0,12.94,14.3,14.6,-6.5,-0.03,0.11,170.7,7.7,70,1,3,993,692,1193,-1,1361,14.58,1180.9,748,33.2,35.2,0.9,3.1,1598.8,0,16.13,-12.2,11.0,11.1,8.0,9.4,9.4,9.4,11.4,10.0,32.4,32.2,-3.0,0.9,1.0,7.8,45,38,25,-0.8,0.9,0.0,6,6,4,0,5,6,7,79,56,58,0,0,300,0,0,0,0,0,0,0,0,0
14.46,114.01,4.41,4.37,4.34,5.6,6.0,4.76,14.51,-13.0,-0.04,-0.02,170.4,9.9,70,1,3,787,693,953,-1,1076,14.48,947.5,602,30.6,33.0,0.9,3.0,905.4,0,14.08,-12.1,11.3,11.4,8.4,9.7,9.7,9.7,11.7,10.2,32.5,32.2,-3.0,0.9,1.1,7.8,41,36,25,15.8,16.1,12.3,6,6,4,0,6,6,7,79,56,58,0,0,300,0,0,0,0,0,0,0,0,0
14.93,326.99,0.35,0.31,0.28,11.98,11.46,14.88,14.99,-11.1,0.0,-0.02,170.6,9.1,71,1,3,1031,693,1232,3,1386,14.92,1209.8,770,31.1,32.6,0.9,3.1,1503.0,0,15.98,-12.1,11.2,11.4,8.7,9.6,9.6,9.6,11.6,10.2,32.5,32.2,-3.0,0.9,1.1,7.7,43,36,25,-1.1,0.8,1.0,6,6,4,0,5,6,7,79,56,58,0,0,300,0,0,0,0,0,0,0,0,0
13.69,322.99,1.23,1.13,1.15,28.46,27.14,30.32,13.76,-9.7,-0.02,0.07,170.7,8.2,70,1,3,819,693,980,12,1042,13.7,1047.9,674,31.8,33.9,0.9,3.1,1618.3,0,16.16,-12.3,10.6,10.7,8.0,9.0,9.0,9.0,11.1,9.8,32.4,32.2,-2.9,0.9,1.0,7.7,40,34,25,-500.5,-470.6,-526.5,6,6,4,0,6,6,6,78,56,58,0,0,300,0,0,0,0,0,0,0,0,0
14.34,86.0,4.13,4.06,4.05,11.6,14.54,12.16,14.38,-13.5,0.01,-0.02,170.4,9.7,71,1,3,791,694,954,0,1064,14.38,957.8,608,31.6,33.8,0.9,3.1,906.4,0,14.09,-12.1,11.3,11.5,8.6,9.7,9.7,9.7,11.8,10.4,32.5,32.3,-3.0,0.8,1.1,7.5,41,35,25,1.3,0.3,0.0,6,6,4,0,5,6,7,79,57,59,0,0,300,0,0,0,0,0,0,0,0,0
13.77,240.01,3.91,3.83,3.85,14.74,12.28,11.54,13.81,-5.4,-0.05,0.06,170.4,8.9,69,1,3,795,693,957,0,1073,13.78,1001.3,636,32.0,34.0,0.9,3.1,935.0,0,14.23,-12.1,11.4,11.5,8.7,9.7,9.7,9.7,11.8,10.4,32.5,32.3,-3.0,0.7,1.1,7.6,41,35,25,-0.3,0.0,0.3,6,6,4,0,5,6,7,79,56,59,0,0,300,0,0,0,0,0,0,0,0,0
14.6,99.0,0.31,0.29,0.29,12.94,14.34,11.0,14.63,-11.8,-0.08,0.03,170.7,9.2,71,1,3,987,692,1178,0,1338,14.62,1176.0,748,32.2,34.4,0.9,3.1,1671.9,0,16.24,-12.2,10.7,10.8,8.3,9.0,9.0,9.0,11.2,9.9,32.4,32.2,-3.0,0.9,1.0,7.6,43,36,25,1.8,0.0,-1.0,6,6,4,0,6,6,6,78,56,58,0,0,300,0,0,0,0,0,0,0,0,0
13.05,220.0,2.32,2.25,2.26,13.22,10.94,9.84,13.1,-13.1,-0.05,0.0,170.9,10.0,71,1,3,709,693,854,0,967,13.02,943.1,601,28.3,34.8,0.9,3.0,841.0,0,13.74,-12.2,10.5,10.6,8.0,8.9,8.9,8.8,11.0,9.7,32.3,32.1,-2.8,0.9,0.9,7.9,42,35,25,0.6,0.0,0.0,6,6,4,0,5,6,7,78,55,57,0,0,300,0,0,0,0,0,0,0,0,0
13.53,281.02,2.44,2.34,2.36,11.58,11.06,11.36,13.5,-13.5,0.09,0.01,170.8,9.8,71,1,3,725,693,867,0,971,13.48,930.4,591,31.6,33.8,0.9,3.1,841.0,0,13.74,-12.2,10.6,10.7,8.1,9.0,9.0,9.0,11.2,9.8,32.4,32.2,-2.8,0.9,0.9,7.6,40,34,25,0.0,0.2,0.5,6,6,4,0,6,6,6,78,55,58,0,0,300,0,0,0,0,0,0,0,0,0
13.45,313.99,3.62,3.56,3.57,2.72,1.74,4.1,13.52,-10.4,0.01,0.09,170.5,9.1,70,1,3,789,693,942,0,1058,13.48,1000.4,637,32.3,34.4,0.9,3.1,923.8,0,14.17,-12.2,11.3,11.5,8.9,9.7,9.7,9.7,11.9,10.4,32.5,32.3,-3.0,0.7,1.1,7.5,42,36,25,14.2,9.2,22.0,6,6,4,0,5,6,7,79,57,59,0,0,300,0,0,0,0,0,0,0,0,0
14.04,185.0,0.29,0.25,0.25,23.6,17.72,11.06,14.13,-12.0,0.08,-0.02,170.9,9.3,70,1,3,912,693,1098,2,1206,13.98,1134.2,722,31.9,34.1,0.9,3.1,1618.3,0,16.16,-12.3,10.6,10.7,8.1,9.0,9.0,9.0,11.1,9.8,32.4,32.2,-2.8,0.9,1.0,7.6,41,35,25,-33.1,-16.9,-1.0,6,6,4,0,5,6,6,78,56,58,0,0,300,0,0,0,0,0,0,0,0,0
13.26,137.99,4.08,4.02,3.99,12.58,11.46,11.32,13.31,-15.3,-0.07,-0.03,170.7,10.0,70,1,3,713,693,860,0,981,13.26,931.7,593,30.9,33.2,0.9,3.1,841.0,0,13.74,-12.2,10.5,10.7,7.9,8.9,9.0,8.9,11.0,9.7,32.3,32.1,-2.8,0.9,0.9,7.7,40,34,25,1.1,0.0,0.0,6,6,4,0,5,6,6,78,55,58,0,0,300,0,0,0,0,0,0,0,0,0
14.11,73.01,3.46,3.38,3.4,5.02,10.98,6.88,14.15,-13.1,-0.06,0.07,170.8,9.4,71,1,3,742,693,896,3,992,14.08,912.3,579,29.9,32.1,0.9,3.1,841.0,0,13.74,-12.2,10.5,10.6,7.9,8.9,9.0,8.9,11.0,9.7,32.3,32.1,-2.9,1.0,0.9,8.0,39,33,25,7.1,17.6,9.3,6,6,4,0,5,6,7,78,55,58,1,1,300,0,0,0,0,0,0,0,0,0
13.9,294.01,0.27,0.2,0.21,22.34,21.72,26.1,13.85,-11.4,0.09,-0.01,170.7,9.1,71,1,3,849,692,1014,-4,1168,13.86,1069.0,688,31.6,34.0,0.9,3.1,1618.3,0,16.16,-12.3,10.6,10.7,7.8,9.0,9.1,9.0,11.2,9.8,32.4,32.2,-2.9,0.9,1.0,7.6,41,35,25,-153.0,-142.9,-166.5,6,6,4,0,6,6,6,78,56,58,0,0,300,0,0,0,0,0,0,0,0,0
13.95,47.99,4.14,4.07,4.05,10.72,13.38,12.2,13.98,-10.8,0.08,-0.03,170.4,9.3,71,1,3,781,694,933,-1,1064,13.94,969.4,615,31.6,33.8,0.9,3.1,906.4,0,14.09,-12.1,11.4,11.5,8.8,9.7,9.7,9.7,11.9,10.4,32.5,32.3,-3.0,0.8,1.1,7.6,41,35,25,0.0,0.9,0.0,6,6,4,0,5,6,7,79,57,59,0,0,300,0,0,0,0,0,0,0,0,0
14.15,86.0,3.94,3.88,3.86,4.98,1.2,0.96,14.23,-15.5,-0.06,0.05,170.7,9.9,71,1,3,749,693,900,5,1003,14.18,909.8,577,29.1,30.7,0.9,3.2,841.0,0,13.74,-12.2,10.5,10.6,7.9,8.9,8.9,8.9,11.0,9.7,32.3,32.1,-2.8,0.9,1.0,7.9,39,33,25,122.6,29.6,23.6,6,6,4,0,5,6,7,78,55,57,0,0,300,0,0,0,0,0,0,0,0,0
13.62,299.02,2.33,2.26,2.26,12.32,10.98,11.86,13.58,-15.2,0.01,0.04,170.9,9.3,71,1,3,723,693,872,0,979,13.54,928.7,589,26.8,31.8,0.9,3.1,841.0,0,13.74,-12.2,10.5,10.6,7.8,8.9,8.9,8.9,11.0,9.7,32.3,32.1,-2.8,0.9,1.0,7.9,40,34,25,-0.3,0.2,0.3,6,6,4,0,5,6,7,78,55,57,0,0,300,0,0,0,0,0,0,0,0,0
13.47,289.01,4.51,4.42,4.45,12.38,10.98,11.7,13.45,-13.2,0.06,0.05,170.7,9.8,71,1,3,718,693,867,0,972,13.46,926.2,589,31.5,34.0,0.9,3.1,841.0,0,13.74,-12.1,10.6,10.7,8.1,9.0,9.0,9.0,11.2,9.8,32.4,32.2,-2.8,0.9,0.9,7.8,40,34,25,-0.3,0.0,0.3,6,6,4,0,6,6,6,78,55,58,0,0,300,0,0,0,0,0,0,0,0,0
13.36,64.01,4.06,3.97,3.99,10.14,12.82,12.2,13.45,-12.8,-0.01,0.0,170.8,9.5,69,1,3,721,693,866,0,966,13.4,929.3,591,30.8,33.0,0.9,3.1,841.0,0,13.74,-12.2,10.6,10.7,8.1,8.9,9.0,8.9,11.1,9.7,32.3,32.1,-2.9,0.9,0.9,7.7,40,34,25,0.5,0.9,0.0,6,6,4,0,5,6,6,78,55,58,0,0,300,0,0,0,0,0,0,0,0,0
13.29,176.0,2.32,2.26,2.26,13.18,11.76,10.98,13.26,-13.8,0.03,0.02,170.9,9.1,71,1,3,719,692,860,0,967,13.24,935.7,596,27.2,33.5,0.9,3.0,841.0,0,13.74,-12.2,10.5,10.6,7.8,8.9,8.9,8.9,10.9,9.7,32.3,32.1,-2.8,0.9,0.9,7.9,42,35,25,1.2,0.0,-0.2,6,6,4,0,5,6,7,78,55,57,0,0,300,0,0,0,0,0,0,0,0,0
13.64,16.99,3.43,3.36,3.38,11.0,12.36,11.92,13.67,-16.2,0.07,0.0,170.6,10.6,71,1,3,731,693,875,0,991,13.64,924.4,588,30.1,32.8,0.9,3.0,841.0,0,13.74,-12.2,10.5,10.6,8.1,8.9,9.0,8.9,11.0,9.7,32.3,32.1,-2.8,0.9,0.9,8.0,39,33,25,0.0,0.5,0.3,6,6,4,0,5,6,7,78,55,58,0,0,300,0,0,0,0,0,0,0,0,0
13.99,199.01,4.4,4.32,4.35,14.42,11.5,11.06,14.14,-11.6,-0.02,-0.02,170.8,9.4,70,1,3,739,692,887,0,1001,13.96,918.6,580,32.9,35.0,0.9,3.1,841.0,0,13.74,-12.2,10.5,10.6,8.1,8.9,8.8,8.8,11.0,9.6,32.3,32.1,-2.8,0.9,0.9,7.7,41,36,25,1.3,0.3,0.0,6,6,4,0,6,6,7,78,55,57,0,0,300,0,0,0,0,0,0,0,0,0
13.14,155.02,2.43,2.34,2.36,11.86,13.1,11.26,13.11,-15.7,0.06,-0.05,170.6,9.8,71,1,3,710,693,854,0,947,13.06,942.0,600,31.7,33.9,0.9,3.1,841.0,0,13.74,-12.2,10.6,10.7,8.1,9.0,9.0,9.0,11.1,9.8,32.4,32.2,-2.8,0.9,0.9,7.7,40,34,25,1.1,0.0,-0.5,6,6,4,0,6,6,6,78,55,58,0,0,300,0,0,0,0,0,0,0,0,0
13.08,299.02,4.45,4.39,4.35,10.82,7.56,11.58,13.13,-14.3,0.08,0.01,170.9,9.3,71,1,3,710,693,849,0,950,13.08,940.3,598,32.9,35.0,0.9,3.1,841.0,0,13.74,-12.2,10.5,10.6,8.0,8.9,8.9,8.9,11.0,9.7,32.3,32.1,-2.8,0.9,0.9,7.9,42,35,25,0.0,0.8,0.5,6,6,4,0,5,6,7,78,55,57,0,0,300,0,0,0,0,0,0,0,0,0
14.52,182.99,0.39,0.32,0.31,26.88,22.18,18.42,14.53,-13.6,0.11,0.01,170.6,9.7,71,1,3,947,692,1137,0,1281,14.46,1132.3,718,32.8,35.2,0.9,3.1,1598.8,0,16.13,-12.2,10.9,11.1,8.2,9.4,9.3,9.4,11.3,10.0,32.4,32.2,-3.0,0.9,1.1,7.9,45,38,25,-84.5,-72.3,-62.8,6,6,4,0,5,6,7,79,56,58,0,0,300,0,0,0,0,0,0,0,0,0
14.63,74.99,0.38,0.33,0.29,11.32,14.6,12.16,14.72,-11.4,0.01,0.05,170.7,8.9,71,1,3,1003,693,1205,0,1348,14.66,1190.9,757,32.4,34.6,0.9,3.1,1643.0,0,16.19,-12.2,10.8,10.9,8.2,9.2,9.2,9.2,11.2,9.9,32.4,32.2,-3.0,0.9,1.0,7.9,45,38,25,1.0,1.0,-1.1,6,6,4,0,5,6,7,79,56,58,0,0,300,0,0,0,0,0,0,0,0,0
13.69,43.99,3.91,3.83,3.85,10.8,13.4,12.34,13.68,-8.0,0.06,0.03,170.5,9.2,70,1,3,793,693,950,0,1061,13.7,1001.2,638,32.1,34.1,0.9,3.1,935.0,0,14.23,-12.2,11.4,11.5,8.9,9.7,9.7,9.7,11.9,10.4,32.6,32.3,-3.0,0.7,1.1,7.6,41,35,25,0.2,0.6,-0.3,6,6,4,0,5,6,7,79,56,59,0,0,300,0,0,0,0,0,0,0,0,0
13.89,257.0,4.41,4.32,4.35,13.14,11.36,12.4,13.85,-13.2,0.04,0.0,170.7,9.7,70,1,3,731,693,879,0,995,13.88,910.6,581,32.6,34.9,0.9,3.1,841.0,0,13.74,-12.2,10.4,10.6,7.7,8.9,8.9,8.8,10.9,9.6,32.3,32.1,-2.8,0.9,0.9,7.8,41,36,25,-0.3,0.0,0.0,6,6,4,0,5,6,7,78,55,57,0,0,300,0,0,0,0,0,0,0,0,0
14.43,141.98,0.33,0.31,0.28,14.14,13.46,10.92,14.48,-14.6,-0.02,-0.04,170.7,10.3,71,1,3,939,692,1125,3,1261,14.42,1129.8,719,32.1,34.4,0.9,3.1,1679.1,0,16.25,-12.2,10.7,10.9,8.0,9.1,9.1,9.1,11.2,9.9,32.4,32.2,-3.0,0.9,1.1,7.7,44,37,25,1.3,-0.3,-0.2,6,6,4,0,6,6,6,79,56,58,0,0,300,0,0,0,0,0,0,0,0,0
12.9,321.01,4.45,4.39,4.41,10.18,9.8,9.02,12.95,-12.7,-0.01,0.02,170.8,8.1,71,1,3,705,692,846,0,952,12.9,944.5,601,31.8,35.0,0.9,3.1,841.0,0,13.74,-12.2,10.5,10.6,8.1,8.9,8.9,8.8,11.0,9.7,32.3,32.1,-2.8,0.9,0.9,7.9,41,36,25,0.0,0.2,0.6,6,6,4,0,5,6,7,78,55,57,0,0,300,0,0,0,0,0,0,0,0,0
14.48,106.99,4.36,4.3,4.29,10.76,10.64,10.42,14.57,-12.5,-0.07,0.01,170.7,9.5,71,1,3,738,693,890,0,1001,14.5,877.0,559,32.5,34.9,1.0,3.1,841.0,0,13.74,-12.2,10.5,10.6,8.0,8.8,8.9,8.8,11.0,9.6,32.3,32.1,-2.8,1.0,0.9,7.7,41,36,25,2.5,0.2,0.5,6,6,4,0,5,6,7,78,55,57,1,1,300,0,0,0,0,0,0,0,0,0
13.17,342.0,4.12,4.05,4.04,10.04,10.84,11.02,13.2,-15.7,0.03,0.01,170.8,9.2,71,1,3,711,693,857,0,960,13.18,934.5,595,31.2,33.3,0.9,3.1,841.0,0,13.74,-12.2,10.6,10.7,8.0,8.9,9.0,9.0,11.1,9.8,32.4,32.1,-2.8,0.9,0.9,7.7,40,34,25,0.0,0.5,0.0,6,6,4,0,5,6,6,78,55,58,0,0,300,0,0,0,0,0,0,0,0,0
13.36,28.01,4.01,3.94,3.94,9.72,11.86,11.5,13.39,-13.1,0.01,-0.04,170.8,9.7,71,1,3,722,693,866,0,958,13.36,929.2,592,30.7,32.8,0.9,3.1,841.0,0,13.74,-12.2,10.5,10.6,8.0,8.9,8.9,8.9,11.1,9.7,32.3,32.1,-2.8,0.9,0.9,7.8,39,34,25,0.0,0.8,0.0,6,6,4,0,5,6,6,78,55,58,0,0,300,0,0,0,0,0,0,0,0,0
14.37,257.0,0.32,0.3,0.29,14.92,10.9,12.24,14.35,-11.4,-0.04,-0.06,170.6,10.2,71,1,3,933,692,1116,0,1258,14.36,1126.7,716,32.1,34.5,0.9,3.1,1671.9,0,16.24,-12.2,10.7,10.8,7.9,9.1,9.1,9.1,11.2,9.9,32.4,32.2,-3.0,0.9,1.1,7.6,44,37,25,-0.7,0.0,0.5,6,6,4,0,6,6,6,78,56,58,0,0,300,0,0,0,0,0,0,0,0,0
13.44,325.01,4.5,4.42,4.45,11.44,10.74,10.82,13.55,-14.1,-0.06,0.01,170.7,10.0,70,1,3,725,693,870,0,967,13.46,932.4,591,31.6,33.6,0.9,3.1,841.0,0,13.74,-12.1,10.6,10.7,7.9,9.0,9.0,9.0,11.1,9.8,32.4,32.2,-2.8,0.9,0.9,7.8,40,34,25,0.0,0.2,0.5,6,6,4,0,6,6,6,78,55,58,0,0,300,0,0,0,0,0,0,0,0,0
14.28,256.0,4.48,4.44,4.39,13.44,11.98,12.46,14.29,-14.7,0.0,-0.02,170.5,10.4,71,1,3,787,693,950,0,1075,14.26,957.7,610,31.2,33.2,0.9,3.1,905.4,0,14.08,-12.1,11.3,11.5,8.7,9.7,9.7,9.7,11.7,10.2,32.5,32.2,-3.0,0.9,1.1,7.7,41,35,25,0.0,0.0,0.0,6,6,4,0,6,6,7,79,56,59,0,0,300,0,0,0,0,0,0,0,0,0
13.24,218.99,4.13,4.05,4.04,12.9,11.12,10.44,13.25,-14.2,0.0,0.05,170.8,9.5,71,1,3,716,693,854,-1,965,13.2,935.0,596,30.9,33.3,0.9,3.1,841.0,0,13.74,-12.2,10.6,10.7,8.0,8.9,9.0,8.9,11.1,9.7,32.4,32.2,-2.8,0.9,0.9,7.7,40,34,25,0.9,0.2,0.0,6,6,4,0,5,6,6,78,55,58,0,0,300,0,0,0,0,0,0,0,0,0
14.39,353.02,0.33,0.3,0.28,10.96,12.06,13.24,14.41,-12.4,-0.05,0.0,170.5,8.9,71,1,3,925,692,1107,-9,1280,14.4,1111.2,706,29.3,31.0,0.9,3.2,1503.0,0,15.98,-12.1,11.1,11.3,8.4,9.5,9.6,9.6,11.5,10.1,32.4,32.2,-2.9,0.9,1.1,7.6,44,37,25,-0.5,0.8,0.0,6,6,4,0,5,6,7,79,56,58,0,0,300,0,0,0,0,0,0,0,0,0
14.49,97.99,0.31,0.29,0.29,13.14,14.36,10.58,14.55,-9.6,-0.1,0.02,170.6,7.4,71,1,3,979,692,1176,0,1334,14.52,1167.7,741,31.9,34.3,0.9,3.1,1671.9,0,16.24,-12.2,10.7,10.8,8.1,9.0,9.1,9.1,11.2,9.9,32.4,32.2,-2.9,0.9,1.0,7.6,44,37,25,1.5,0.3,-1.2,6,6,4,0,6,6,6,79,56,58,0,0,300,0,0,0,0,0,0,0,0,0
14.55,213.98,4.34,4.3,4.27,15.0,13.02,12.26,14.64,-11.8,0.03,-0.01,170.6,10.3,70,1,3,799,693,960,2,1082,14.54,949.9,605,30.4,33.1,0.9,3.1,912.5,0,14.12,-12.1,11.3,11.4,8.5,9.7,9.6,9.7,11.7,10.2,32.5,32.2,-3.0,0.9,1.1,7.7,41,36,25,0.7,0.6,0.0,6,6,4,0,5,6,7,79,56,59,0,0,300,0,0,0,0,0,0,0,0,0
13.22,249.01,4.52,4.43,4.45,12.32,11.08,11.1,13.22,-13.5,-0.06,-0.04,170.6,9.7,71,1,3,710,693,857,-1,960,13.22,930.8,594,31.6,34.0,0.9,3.1,841.0,0,13.74,-12.1,10.6,10.7,8.3,9.0,9.0,8.9,11.1,9.8,32.4,32.2,-2.8,0.9,0.9,7.7,40,34,25,0.0,0.0,0.0,6,6,4,0,6,6,6,78,55,58,0,0,300,0,0,0,0,0,0,0,0,0
14.58,67.0,0.34,0.31,0.28,11.34,14.18,11.94,14.6,-11.5,0.01,0.07,170.6,9.3,71,1,3,940,692,1124,2,1269,14.56,1124.5,717,30.6,31.6,0.9,3.2,1503.0,0,15.98,-12.1,11.2,11.3,8.5,9.6,9.6,9.6,11.6,10.1,32.5,32.2,-2.9,0.9,1.1,7.7,43,37,25,1.0,0.9,-1.1,6,6,4,0,5,6,7,79,56,58,0,0,300,0,0,0,0,0,0,0,0,0
14.55,301.0,4.34,4.3,4.28,12.7,12.02,13.24,14.62,-12.0,0.01,0.01,170.5,9.6,70,1,3,802,693,959,0,1082,14.52,951.7,605,30.3,33.0,0.9,3.1,912.5,0,14.12,-12.1,11.3,11.4,8.6,9.7,9.6,9.7,11.7,10.2,32.5,32.2,-3.0,0.9,1.1,7.8,41,36,25,-0.3,0.0,0.6,6,6,4,0,6,6,7,79,56,59,0,0,300,0,0,0,0,0,0,0,0,0
13.5,46.01,4.5,4.42,4.45,10.32,12.2,10.86,13.49,-13.7,0.07,0.06,170.6,9.9,70,1,3,725,693,869,0,973,13.5,926.5,590,31.7,34.0,0.9,3.1,841.0,0,13.74,-12.1,10.6,10.7,8.1,9.0,9.0,9.0,11.1,9.8,32.4,32.2,-2.8,0.9,0.9,7.8,40,34,25,0.0,0.8,0.0,6,6,4,0,6,6,6,78,55,58,0,0,300,0,0,0,0,0,0,0,0,0
13.83,211.0,0.43,0.34,0.35,10.76,5.5,3.4,13.85,-11.3,-0.09,0.09,170.8,8.5,71,1,3,870,693,1049,3,1169,13.82,1093.7,680,31.6,34.0,0.9,3.1,1618.3,0,16.16,-12.3,10.6,10.7,8.1,9.0,9.0,9.0,11.2,9.8,32.4,32.2,-2.9,0.9,1.0,7.6,41,35,25,67.7,36.6,22.7,6,6,4,0,6,6,6,78,56,58,0,0,300,0,0,0,0,0,0,0,0,0
13.11,101.99,3.4,3.34,3.33,11.84,12.8,12.14,13.07,-12.2,-0.09,0.02,170.7,10.1,69,1,3,714,693,857,0,951,13.1,943.7,599,30.7,32.7,0.9,3.0,841.0,0,13.74,-12.3,10.5,10.6,8.0,8.9,8.9,8.9,11.0,9.7,32.3,32.1,-2.8,0.9,1.0,7.9,39,33,25,0.5,0.0,-0.3,6,6,4,0,5,6,7,78,55,57,0,0,300,0,0,0,0,0,0,0,0,0
13.65,18.0,4.04,3.95,3.99,10.7,12.22,11.34,13.7,-4.2,0.0,0.07,170.8,8.1,68,1,3,725,693,873,0,971,13.68,922.0,584,30.6,33.0,0.9,3.0,841.0,0,13.74,-12.2,10.6,10.7,8.1,8.9,8.9,8.9,11.0,9.7,32.3,32.1,-2.9,0.9,0.9,7.6,40,34,25,0.0,1.1,0.5,6,6,4,0,5,6,6,78,55,58,0,0,300,0,0,0,0,0,0,0,0,0
13.5,261.0,3.47,3.38,3.39,12.56,12.0,11.28,13.51,-13.1,0.0,-0.02,170.5,9.9,71,1,3,786,693,941,0,1057,13.46,1015.1,644,32.0,34.3,0.9,3.1,935.0,0,14.23,-12.2,11.4,11.5,8.8,9.7,9.7,9.7,11.8,10.4,32.5,32.3,-3.0,0.7,1.1,7.5,42,35,25,-0.3,0.0,0.3,6,6,4,0,5,6,7,79,56,59,0,0,300,0,0,0,0,0,0,0,0,0
14.77,177.98,0.37,0.32,0.28,16.24,12.8,10.92,14.78,-11.3,0.13,-0.02,170.7,9.8,71,1,3,1018,692,1218,0,1368,14.72,1206.0,765,32.3,34.7,0.9,3.1,1643.0,0,16.19,-12.2,10.8,10.9,8.1,9.2,9.2,9.2,11.2,9.9,32.4,32.2,-3.0,0.9,1.0,7.9,44,38,25,1.4,-0.6,0.0,6,6,4,0,5,6,7,79,56,58,0,0,300,0,0,0,0,0,0,0,0,0
14.4,295.99,0.3,0.28,0.29,13.0,10.98,13.02,14.47,-14.3,0.12,-0.01,170.8,9.3,72,1,3,919,692,1103,3,1229,14.38,1113.0,709,31.7,33.9,0.9,3.1,1671.9,0,16.24,-12.2,10.7,10.8,8.2,9.0,9.0,9.0,11.2,9.8,32.4,32.2,-2.9,0.9,1.0,7.6,43,36,25,-0.6,0.2,0.9,6,6,4,0,6,6,6,78,56,58,0,0,300,0,0,0,0,0,0,0,0,0
13.34,144.0,4.05,3.96,3.99,12.14,11.52,11.24,13.39,-11.4,0.01,-0.01,170.6,10.2,68,1,3,719,693,858,0,958,13.34,929.3,592,30.6,33.2,0.9,3.1,841.0,0,13.74,-12.2,10.5,10.7,8.0,8.9,9.0,9.0,11.0,9.7,32.3,32.1,-2.9,0.9,0.9,7.6,39,34,25,1.1,0.0,0.0,6,6,4,0,5,6,6,78,55,58,0,0,300,0,0,0,0,0,0,0,0,0
14.41,100.01,4.12,4.05,4.05,12.98,13.42,11.94,14.39,-15.1,-0.11,0.07,170.4,9.4,71,1,3,789,694,948,0,1060,14.4,949.0,604,31.8,34.0,0.9,3.1,906.4,0,14.09,-12.1,11.4,11.5,8.9,9.7,9.7,9.7,11.9,10.4,32.5,32.3,-3.0,0.8,1.1,7.4,41,35,25,1.7,0.6,-0.3,6,6,4,0,5,6,7,79,56,59,0,0,300,0,0,0,0,0,0,0,0,0
13.69,229.0,5.21,5.15,5.11,20.56,20.74,17.12,13.69,-0.9,-0.06,0.06,170.7,6.2,69,1,3,729,692,870,0,969,13.68,915.2,583,30.1,30.9,0.9,3.3,841.0,0,13.74,-12.3,10.5,10.6,7.8,8.9,8.9,8.9,11.0,9.7,32.3,32.1,-2.8,0.9,1.0,7.9,39,33,25,-76.8,-75.6,-62.4,6,6,4,0,5,6,7,78,55,57,0,0,300,0,0,0,0,0,0,0,0,0
14.74,164.02,0.28,0.27,0.28,16.32,13.56,10.56,14.76,-10.0,0.08,-0.06,170.4,7.4,71,1,3,1002,692,1209,0,1354,14.7,1189.7,756,33.0,35.2,0.9,3.1,1598.8,0,16.13,-12.2,11.0,11.1,8.1,9.4,9.4,9.4,11.4,10.0,32.4,32.2,-3.0,0.9,1.0,7.9,45,38,25,2.5,-0.6,0.0,6,6,4,0,5,6,7,79,56,58,0,0,300,0,0,0,0,0,0,0,0,0
14.2,325.01,3.28,3.2,3.2,12.24,11.64,13.24,14.21,-13.9,0.02,0.08,170.8,9.3,71,1,3,737,693,888,0,1003,14.22,897.2,570,32.8,34.8,0.9,3.1,841.0,0,13.74,-12.2,10.5,10.6,7.8,8.8,8.9,8.8,10.9,9.6,32.3,32.0,-2.8,0.9,0.9,7.6,41,35,25,-0.3,0.3,0.6,6,6,4,0,5,6,7,78,54,57,0,0,300,0,0,0,0,0,0,0,0,0
13.47,299.02,2.33,2.27,2.23,12.3,12.38,11.44,13.44,-13.3,0.05,0.01,170.7,9.4,71,1,3,774,693,926,2,1030,13.42,998.2,634,31.5,33.7,0.9,3.1,911.5,0,14.11,-12.1,11.3,11.5,8.6,9.7,9.7,9.7,11.7,10.3,32.5,32.3,-3.0,0.9,1.1,7.5,41,35,25,-0.8,0.0,0.8,6,6,4,0,5,6,7,79,56,59,0,0,300,0,0,0,0,0,0,0,0,0
14.95,326.99,0.36,0.31,0.28,12.38,12.08,15.2,15.05,-8.1,0.1,0.06,170.6,8.6,70,1,3,1060,692,1274,2,1425,15.0,1237.0,786,31.3,33.3,0.9,3.1,1503.0,0,15.98,-12.1,11.2,11.4,8.8,9.6,9.6,9.6,11.6,10.2,32.5,32.2,-3.0,0.9,1.1,7.7,43,37,25,-0.8,1.1,0.7,6,6,4,0,5,6,7,79,56,58,0,0,300,0,0,0,0,0,0,0,0,0
13.35,190.01,4.42,4.33,4.35,13.04,11.2,11.36,13.44,-11.8,0.03,0.03,170.8,9.0,70,1,3,716,692,863,0,959,13.34,929.1,591,32.8,35.0,1.0,3.1,841.0,0,13.74,-12.2,10.5,10.6,8.0,8.8,8.9,8.8,11.0,9.6,32.3,32.1,-2.8,0.9,0.9,7.9,41,36,25,0.9,0.0,-0.8,6,6,4,0,5,6,7,78,55,57,0,0,300,0,0,0,0,0,0,0,0,0
13.65,227.02,4.16,4.07,4.09,13.4,11.62,10.78,13.69,-12.7,-0.03,0.08,170.7,9.6,70,1,3,731,693,873,0,990,13.62,923.2,589,31.0,33.5,0.9,3.0,841.0,0,13.74,-12.2,10.6,10.7,7.8,8.9,9.0,8.9,11.0,9.8,32.4,32.1,-2.9,0.9,0.9,7.8,40,34,25,0.3,0.0,0.0,6,6,4,0,5,6,6,78,55,58,0,0,300,0,0,0,0,0,0,0,0,0
13.74,63.0,4.41,4.33,4.35,10.32,12.28,12.44,13.86,-10.9,0.0,0.05,170.8,8.8,70,1,3,732,693,878,0,980,13.76,915.3,582,32.7,34.8,0.9,3.1,841.0,0,13.74,-12.2,10.5,10.6,8.0,8.8,8.9,8.8,11.0,9.6,32.3,32.1,-2.8,0.9,0.9,7.8,41,36,25,0.5,0.8,0.0,6,6,4,0,5,6,7,78,55,57,0,0,300,0,0,0,0,0,0,0,0,0
13.43,244.01,4.5,4.42,4.44,13.46,11.16,4.22,13.49,-13.5,0.02,-0.02,170.8,11.2,71,1,3,726,693,870,0,964,13.4,930.4,593,31.5,33.9,0.9,3.1,841.0,0,13.74,-12.1,10.6,10.7,8.0,9.0,9.0,9.0,11.1,9.8,32.4,32.2,-2.8,0.9,0.9,7.8,40,34,25,0.0,0.2,5.4,6,6,4,0,6,6,6,78,55,58,0,0,300,0,0,0,0,0,0,0,0,0
13.31,257.0,4.13,4.06,4.04,12.0,10.88,10.94,13.31,-14.7,0.04,-0.05,170.6,10.0,71,1,3,720,693,860,0,976,13.3,933.1,594,31.2,33.4,0.9,3.1,841.0,0,13.74,-12.2,10.5,10.7,7.9,8.9,9.0,8.9,11.0,9.7,32.4,32.1,-2.8,0.9,0.9,7.7,40,34,25,0.0,0.0,0.0,6,6,4,0,5,6,6,78,55,58,0,0,300,0,0,0,0,0,0,0,0,0
14.23,227.02,0.29,0.27,0.28,14.88,11.36,10.96,14.23,-13.9,-0.04,-0.07,170.7,10.1,71,1,3,898,693,1080,0,1225,14.2,1098.9,700,32.1,34.3,0.9,3.1,1618.3,0,16.16,-12.3,10.7,10.8,8.2,9.0,9.0,9.0,11.2,9.8,32.5,32.2,-2.9,0.9,1.0,7.6,43,36,25,0.3,0.0,0.2,6,6,4,0,6,6,6,78,56,58,0,0,300,0,0,0,0,0,0,0,0,0
13.6,294.98,3.43,3.35,3.38,11.94,10.66,9.76,13.61,-15.8,-0.01,0.0,170.8,9.3,71,1,3,729,693,869,-1,982,13.56,932.8,589,29.9,32.6,0.9,3.1,841.0,0,13.74,-12.2,10.5,10.6,7.9,8.9,9.0,8.9,11.0,9.7,32.3,32.1,-2.8,0.9,0.9,8.0,39,33,25,-0.3,0.2,1.3,6,6,4,0,5,6,7,78,55,58,0,0,300,0,0,0,0,0,0,0,0,0
14.65,216.0,0.41,0.34,0.34,16.4,10.8,11.04,14.59,-13.2,-0.09,0.09,170.8,9.5,71,1,3,972,692,1169,0,1322,14.6,1166.7,743,32.9,35.1,0.9,3.1,1653.3,0,16.21,-12.2,10.9,11.0,8.3,9.3,9.3,9.3,11.3,9.9,32.4,32.2,-3.0,0.9,1.1,7.9,45,38,25,0.4,-0.5,0.2,6,6,4,0,5,6,7,79,56,58,0,0,300,0,0,0,0,0,0,0,0,0
13.83,74.02,3.91,3.83,3.85,11.5,14.88,12.3,13.88,-7.4,-0.03,0.0,170.5,9.0,70,1,3,797,693,957,0,1079,13.84,999.2,636,31.9,34.2,0.9,3.1,935.0,0,14.23,-12.1,11.4,11.5,8.6,9.7,9.7,9.7,11.9,10.4,32.5,32.3,-3.0,0.7,1.1,7.6,41,35,25,0.5,1.0,0.0,6,6,4,0,5,6,7,79,56,59,0,0,300,0,0,0,0,0,0,0,0,0
14.18,56.02,0.28,0.27,0.29,10.6,14.0,12.32,14.18,-12.1,0.0,0.04,170.8,9.0,71,1,3,903,693,1088,0,1225,14.18,1109.5,705,31.7,34.0,0.9,3.1,1618.3,0,16.16,-12.3,10.6,10.7,8.2,9.0,9.0,9.0,11.2,9.8,32.4,32.2,-2.9,0.9,0.9,7.6,42,36,25,0.5,1.2,-0.5,6,6,4,0,6,6,6,78,56,58,0,0,300,0,0,0,0,0,0,0,0,0
13.6,227.02,4.42,4.33,4.35,13.18,10.72,11.66,13.65,-12.6,-0.03,-0.02,170.8,9.5,70,1,3,727,693,869,-1,987,13.6,918.4,585,32.9,34.9,0.9,3.1,841.0,0,13.74,-12.2,10.5,10.6,7.9,8.8,8.9,8.8,11.0,9.6,32.3,32.1,-2.8,0.9,0.9,7.8,41,36,25,0.3,0.2,0.0,6,6,4,0,5,6,7,78,55,57,0,0,300,0,0,0,0,0,0,0,0,0
14.49,20.02,0.34,0.31,0.29,10.48,13.34,13.76,14.52,-12.3,-0.02,0.01,170.5,9.4,71,1,3,974,692,1172,0,1328,14.52,1168.6,741,32.2,34.5,1.0,3.2,1679.1,0,16.25,-12.2,10.7,10.9,8.3,9.1,9.2,9.2,11.2,9.9,32.4,32.2,-3.0,0.9,1.1,7.8,44,38,25,-0.2,0.9,-0.3,6,6,4,0,5,6,6,79,56,58,0,0,300,0,0,0,0,0,0,0,0,0
14.56,216.0,0.34,0.31,0.29,16.58,11.66,11.38,14.6,-12.0,0.0,0.06,170.8,8.5,71,1,3,967,692,1161,2,1300,14.54,1159.1,737,32.0,34.4,0.9,3.1,1679.1,0,16.25,-12.2,10.7,10.9,8.2,9.1,9.1,9.1,11.2,9.9,32.4,32.2,-3.0,0.9,1.1,7.7,44,37,25,0.4,-0.3,0.3,6,6,4,0,6,6,6,79,56,58,0,0,300,0,0,0,0,0,0,0,0,0
14.51,92.02,0.32,0.3,0.28,12.74,13.86,11.42,14.57,-13.0,0.0,0.01,170.5,9.0,71,1,3,992,692,1196,-6,1374,14.52,1184.6,750,28.4,31.5,0.9,3.1,1697.6,0,16.28,-12.1,11.1,11.3,8.5,9.5,9.6,9.6,11.6,10.1,32.5,32.2,-3.0,0.9,1.1,7.7,44,37,25,1.7,0.6,-1.0,6,6,4,0,5,6,7,79,56,59,0,0,300,0,0,0,0,0,0,0,0,0
13.9,265.0,3.44,3.36,3.38,13.86,11.52,10.82,13.98,-15.1,0.04,0.0,170.6,10.2,71,1,3,739,693,888,0,995,13.88,915.8,583,30.3,32.4,0.9,3.1,841.0,0,13.74,-12.2,10.5,10.6,8.0,8.9,9.0,8.9,11.1,9.7,32.3,32.1,-2.8,0.9,0.9,8.0,39,33,25,0.0,0.0,0.5,6,6,4,0,5,6,7,78,55,58,0,0,300,0,0,0,0,0,0,0,0,0
13.44,189.0,4.02,3.94,3.94,13.12,11.74,10.98,13.46,-13.3,0.07,0.03,170.8,9.2,70,1,3,721,693,867,0,958,13.4,931.0,592,30.9,33.0,0.9,3.1,841.0,0,13.74,-12.2,10.5,10.7,7.8,8.9,9.0,8.9,11.0,9.7,32.4,32.1,-2.9,1.0,0.9,7.8,39,34,25,1.2,0.0,-0.2,6,6,4,0,5,6,6,78,55,58,1,1,300,0,0,0,0,0,0,0,0,0
14.84,11.99,0.31,0.3,0.28,10.76,13.7,14.28,14.86,-13.0,-0.07,-0.05,170.5,10.1,71,1,3,1050,692,1262,2,1424,14.86,1232.7,784,27.1,32.5,0.9,3.1,1606.0,0,16.14,-12.1,11.1,11.3,8.5,9.5,9.5,9.6,11.5,10.1,32.4,32.2,-3.0,0.9,1.1,7.8,44,37,25,0.0,0.9,-0.6,6,6,4,0,5,6,7,79,56,58,0,0,300,0,0,0,0,0,0,0,0,0
13.01,203.0,3.7,3.61,3.63,31.4,28.14,19.62,13.07,-13.9,0.13,0.03,170.8,8.3,71,1,3,708,692,846,0,962,12.98,940.1,600,31.9,33.9,0.9,3.0,841.0,0,13.74,-12.2,10.6,10.7,8.0,9.0,9.0,9.0,11.1,9.8,32.4,32.2,-2.8,0.9,0.9,7.7,40,34,25,-541.7,-487.3,-343.3,6,6,4,0,6,6,6,78,55,58,0,0,300,0,0,0,0,0,0,0,0,0
14.43,227.99,0.33,0.31,0.29,16.36,11.26,11.54,14.49,-14.6,-0.12,-0.02,170.7,9.7,71,1,3,937,692,1128,0,1265,14.42,1135.6,721,32.2,34.6,0.9,3.1,1679.1,0,16.25,-12.2,10.7,10.9,8.1,9.1,9.1,9.1,11.2,9.9,32.4,32.2,-3.0,0.9,1.1,7.7,44,37,25,0.4,-0.3,0.5,6,6,4,0,6,6,6,79,56,58,0,0,300,0,0,0,0,0,0,0,0,0
13.44,266.0,4.01,3.93,3.94,14.26,13.56,12.12,13.47,-11.1,-0.03,-0.05,170.7,9.5,70,1,3,719,693,866,0,967,13.44,928.2,590,31.1,32.7,0.9,3.1,841.0,0,13.74,-12.2,10.5,10.6,8.1,8.9,9.0,8.9,11.1,9.7,32.3,32.1,-2.9,1.0,0.9,7.9,39,33,25,-1.0,-0.6,0.0,6,6,4,0,5,6,7,78,55,58,1,1,300,0,0,0,0,0,0,0,0,0
14.7,83.02,0.37,0.33,0.29,12.2,14.4,11.96,14.81,-9.7,-0.04,0.01,170.7,8.3,70,1,3,1014,692,1212,-1,1366,14.7,1199.1,762,32.5,34.9,0.9,3.1,1643.0,0,16.19,-12.2,10.8,10.9,8.2,9.2,9.2,9.2,11.3,9.9,32.4,32.2,-3.0,0.9,1.0,7.9,45,38,25,1.6,0.3,-1.1,6,6,4,0,5,6,7,79,56,58,0,0,300,0,0,0,0,0,0,0,0,0
13.29,67.0,4.08,4.02,3.99,10.06,12.48,11.68,13.35,-14.9,0.02,0.02,170.7,9.0,70,1,3,714,693,863,0,986,13.3,932.1,593,30.8,33.2,0.9,3.1,841.0,0,13.74,-12.2,10.5,10.7,7.9,8.9,9.0,8.9,11.0,9.7,32.3,32.1,-2.8,0.9,0.9,7.7,40,34,25,0.4,0.6,0.0,6,6,4,0,5,6,6,78,55,58,0,0,300,0,0,0,0,0,0,0,0,0
13.59,100.01,4.04,3.95,3.99,11.58,12.32,11.22,13.66,-5.3,-0.08,-0.01,170.7,8.2,68,1,3,725,693,875,0,988,13.62,921.5,585,30.7,33.0,0.9,3.1,841.0,0,13.74,-12.2,10.6,10.7,8.0,8.9,9.0,8.9,11.1,9.7,32.4,32.1,-2.9,0.9,0.9,7.6,40,34,25,1.0,0.3,0.0,6,6,4,0,5,6,6,78,55,58,0,0,300,0,0,0,0,0,0,0,0,0
13.47,263.02,4.04,3.95,3.99,12.48,11.1,11.2,13.48,-7.8,-0.01,0.02,170.8,9.7,68,1,3,722,693,863,-1,975,13.5,922.0,588,30.6,32.9,0.9,3.1,841.0,0,13.74,-12.2,10.5,10.7,7.9,8.9,8.9,8.9,11.0,9.7,32.3,32.1,-2.9,0.9,0.9,7.6,39,34,25,0.0,0.0,0.2,6,6,4,0,5,6,6,78,55,58,0,0,300,0,0,0,0,0,0,0,0,0
13.05,22.0,4.43,4.34,4.35,9.16,10.92,11.62,13.1,-15.0,0.04,-0.01,170.8,9.8,71,1,3,711,693,852,0,948,13.06,939.0,598,33.0,35.0,0.9,3.1,841.0,0,13.74,-12.2,10.5,10.6,8.0,8.8,8.9,8.8,11.0,9.6,32.3,32.1,-2.8,0.9,0.9,7.9,41,35,25,0.0,0.7,0.3,6,6,4,0,5,6,7,78,55,57,0,0,300,0,0,0,0,0,0,0,0,0
12.96,256.0,5.19,5.12,5.1,11.26,10.5,9.98,13.02,-14.3,0.04,-0.04,170.6,10.2,70,1,3,706,693,846,0,962,12.98,940.8,599,31.5,33.6,0.9,3.1,841.0,0,13.74,-12.2,10.6,10.7,8.1,9.0,9.0,9.0,11.2,9.8,32.4,32.2,-2.8,0.9,0.9,7.8,40,34,25,0.0,0.2,0.0,6,6,4,0,5,6,6,78,55,58,0,0,300,0,0,0,0,0,0,0,0,0
13.5,20.02,2.33,2.27,2.23,11.04,12.8,12.04,13.54,-13.9,-0.03,-0.03,170.5,9.9,71,1,3,770,693,932,2,1038,13.5,997.8,632,31.3,33.5,0.9,3.1,911.5,0,14.11,-12.1,11.3,11.5,8.8,9.7,9.7,9.7,11.8,10.3,32.5,32.3,-3.0,0.9,1.1,7.5,41,35,25,0.0,0.6,0.0,6,6,4,0,6,6,7,79,56,59,0,0,300,0,0,0,0,0,0,0,0,0
14.4,119.02,3.29,3.21,3.2,12.92,13.04,12.44,14.46,-13.3,-0.05,-0.03,170.5,9.3,71,1,3,744,693,891,0,994,14.4,889.5,565,32.7,34.9,1.0,3.1,841.0,0,13.74,-12.2,10.5,10.6,7.9,8.8,8.9,8.8,10.9,9.6,32.3,32.0,-2.8,0.9,0.9,7.7,41,35,25,1.1,0.0,0.0,6,6,4,0,5,6,7,78,55,57,0,0,300,0,0,0,0,0,0,0,0,0
13.29,24.01,4.11,4.04,4.04,9.32,12.08,9.92,13.37,-11.0,0.01,-0.04,170.7,8.1,70,1,3,713,693,858,-1,972,13.28,934.0,593,31.1,33.5,0.9,3.1,841.0,0,13.74,-12.2,10.6,10.7,8.2,8.9,9.0,9.0,11.1,9.8,32.4,32.2,-2.8,0.9,0.9,7.7,40,34,25,0.0,0.8,0.7,6,6,4,0,5,6,6,78,55,58,0,0,300,0,0,0,0,0,0,0,0,0
13.36,180.0,4.41,4.36,4.32,19.06,17.04,12.38,13.45,-9.4,0.05,-0.01,170.4,8.5,70,1,3,762,693,917,0,1016,13.34,995.1,632,31.2,33.6,0.9,3.1,911.5,0,14.11,-12.1,11.3,11.5,8.7,9.7,9.7,9.7,11.7,10.3,32.5,32.3,-3.0,0.9,1.1,7.5,41,35,25,-10.2,-11.0,-8.8,6,6,4,0,6,6,7,79,56,59,0,0,300,0,0,0,0,0,0,0,0,0
13.47,105.01,4.1,4.03,4.04,20.08,22.98,19.0,13.55,-11.3,-0.07,-0.01,170.6,8.9,70,1,3,718,692,863,0,972,13.5,922.2,587,30.8,32.5,0.9,3.1,841.0,0,13.74,-12.2,10.5,10.6,8.1,8.9,8.9,8.9,11.1,9.7,32.3,32.2,-2.9,1.0,0.9,8.0,39,33,25,-156.2,-178.3,-149.1,6,6,4,0,5,6,7,78,55,58,1,1,300,0,0,0,0,0,0,0,0,0
14.1,357.01,4.38,4.31,4.29,11.92,11.98,11.66,14.13,-10.3,0.0,-0.04,170.7,8.1,71,1,3,736,693,878,-1,989,14.14,895.3,571,32.7,34.9,0.9,3.1,841.0,0,13.74,-12.2,10.5,10.6,7.9,8.9,8.9,8.8,11.0,9.6,32.3,32.1,-2.8,0.9,0.9,7.7,41,35,25,0.0,0.3,0.0,6,6,4,0,5,6,7,78,55,57,0,0,300,0,0,0,0,0,0,0,0,0
14.6,196.99,0.31,0.28,0.28,16.54,12.18,10.7,14.62,-12.0,0.07,0.01,170.7,8.9,72,1,3,958,692,1148,5,1287,14.54,1152.3,735,32.1,34.4,0.9,3.1,1671.9,0,16.24,-12.2,10.6,10.8,8.0,9.0,9.1,9.1,11.2,9.8,32.4,32.2,-2.9,0.9,1.0,7.6,43,36,25,1.5,-0.3,0.2,6,6,4,0,6,6,6,78,56,58,0,0,300,0,0,0,0,0,0,0,0,0
14.3,6.98,4.37,4.3,4.29,11.38,12.18,12.62,14.33,-12.8,-0.01,-0.01,170.7,9.7,71,1,3,736,693,878,-1,982,14.32,884.6,563,33.0,35.1,0.9,3.1,841.0,0,13.74,-12.2,10.4,10.6,7.9,8.8,8.9,8.8,10.9,9.6,32.3,32.1,-2.8,0.9,0.9,7.7,41,36,25,0.0,0.8,0.0,6,6,4,0,5,6,7,78,55,57,0,0,300,0,0,0,0,0,0,0,0,0
13.99,324.0,4.14,4.06,4.05,11.84,11.8,12.34,14.0,-10.3,-0.01,0.07,170.5,9.0,71,1,3,781,694,941,-1,1049,14.02,963.8,613,31.6,34.0,0.9,3.0,906.4,0,14.09,-12.1,11.3,11.5,8.8,9.7,9.7,9.7,11.8,10.4,32.5,32.3,-3.0,0.7,1.1,7.6,41,35,25,0.0,0.3,0.3,6,6,4,0,5,6,7,79,57,59,0,0,300,0,0,0,0,0,0,0,0,0
14.65,24.01,4.06,4.0,4.0,5.62,8.1,7.96,14.77,-15.4,0.02,-0.07,170.4,9.6,71,1,3,799,694,957,-1,1073,14.7,936.7,595,31.9,34.2,0.9,3.1,906.4,0,14.09,-12.1,11.3,11.5,8.6,9.7,9.7,9.7,11.9,10.4,32.5,32.3,-3.0,0.8,1.1,7.4,41,35,25,46.4,68.3,66.0,6,6,4,0,5,6,7,79,56,59,0,0,300,0,0,0,0,0,0,0,0,0
13.48,299.02,4.47,4.41,4.39,11.06,10.4,11.66,13.57,-8.8,0.03,0.06,170.6,9.0,70,1,3,770,693,920,-3,1040,13.5,991.1,628,31.2,33.6,0.9,3.1,911.5,0,14.11,-12.1,11.3,11.5,8.7,9.7,9.7,9.7,11.8,10.3,32.5,32.3,-3.0,0.9,1.1,7.5,41,35,25,-0.2,0.0,0.5,6,6,4,0,6,6,7,79,56,59,0,0,300,0,0,0,0,0,0,0,0,0
14.55,67.0,0.28,0.27,0.28,11.64,15.22,12.4,14.63,-7.6,0.06,0.01,170.6,8.6,70,1,3,980,692,1179,-3,1347,14.56,1167.3,740,33.2,35.4,0.9,3.1,1598.8,0,16.13,-12.2,11.0,11.1,8.4,9.4,9.4,9.4,11.4,10.0,32.5,32.2,-3.0,0.9,1.0,7.8,46,39,25,0.8,1.4,-0.6,6,6,4,0,5,6,7,79,56,58,0,0,300,0,0,0,0,0,0,0,0,0
14.69,186.98,0.31,0.29,0.28,17.78,12.22,10.5,14.59,-12.1,0.11,-0.04,170.7,9.1,71,1,3,991,692,1187,2,1316,14.62,1177.9,750,32.1,34.5,0.9,3.1,1671.9,0,16.24,-12.2,10.7,10.8,8.2,9.0,9.1,9.0,11.2,9.8,32.4,32.2,-3.0,0.9,1.0,7.6,43,36,25,4.1,-0.3,0.0,6,6,4,0,6,6,6,78,56,58,0,0,300,0,0,0,0,0,0,0,0,0
13.47,87.98,5.16,5.07,5.06,11.26,12.66,10.62,13.48,-13.7,-0.06,-0.01,170.7,8.9,71,1,3,723,693,870,0,971,13.48,926.1,589,31.5,33.7,0.9,3.1,841.0,0,13.74,-12.2,10.6,10.7,8.1,8.9,9.0,8.9,11.1,9.8,32.4,32.2,-2.9,0.9,0.9,7.8,40,34,25,1.3,0.0,0.0,6,6,4,0,5,6,6,78,55,58,0,0,300,0,0,0,0,0,0,0,0,0
13.78,40.0,4.03,3.95,3.94,10.0,12.84,12.16,13.79,-8.4,0.07,-0.05,170.8,8.7,69,1,3,733,693,881,0,980,13.76,919.0,584,30.6,33.0,0.9,3.1,841.0,0,13.74,-12.2,10.5,10.7,8.0,8.9,9.0,8.9,11.0,9.7,32.3,32.1,-2.9,0.9,0.9,7.6,40,34,25,0.0,0.9,0.0,6,6,4,0,5,6,6,78,55,58,0,0,300,0,0,0,0,0,0,0,0,0
14.37,241.99,0.33,0.3,0.29,16.46,10.98,11.84,14.32,-13.4,-0.04,0.06,170.7,10.0,71,1,3,928,692,1112,0,1247,14.38,1125.0,715,32.1,34.3,0.9,3.1,1679.1,0,16.25,-12.2,10.7,10.8,8.2,9.1,9.1,9.1,11.2,9.9,32.4,32.2,-3.0,0.9,1.1,7.6,44,37,25,0.0,-0.2,0.5,6,6,4,0,6,6,6,79,56,58,0,0,300,0,0,0,0,0,0,0,0,0
13.24,97.99,4.13,4.06,4.04,11.46,12.58,11.12,13.31,-15.4,-0.06,0.06,170.7,8.5,71,1,3,716,693,857,0,973,13.24,936.0,595,31.5,33.7,0.9,3.1,841.0,0,13.74,-12.2,10.5,10.7,7.9,9.0,9.0,9.0,11.1,9.7,32.4,32.2,-2.8,0.9,0.9,7.7,40,34,25,1.8,0.3,0.0,6,6,4,0,5,6,6,78,55,58,0,0,300,0,0,0,0,0,0,0,0,0
14.7,76.0,0.27,0.27,0.28,12.16,15.96,12.2,14.78,-14.0,0.08,0.08,170.7,8.5,71,1,3,1010,692,1212,0,1354,14.72,1195.6,759,32.8,35.3,0.9,3.1,1598.8,0,16.13,-12.2,11.0,11.1,8.3,9.4,9.4,9.4,11.5,10.0,32.4,32.2,-3.0,0.9,1.0,7.9,45,38,25,1.4,1.4,-0.8,6,6,4,0,5,6,7,79,56,58,0,0,300,0,0,0,0,0,0,0,0,0
14.6,275.0,0.31,0.29,0.29,14.94,11.2,13.18,14.65,-13.5,0.06,0.02,170.8,9.2,72,1,3,988,692,1191,2,1347,14.58,1181.8,750,31.9,34.5,0.9,3.1,1671.9,0,16.24,-12.2,10.7,10.8,8.3,9.0,9.1,9.0,11.2,9.9,32.4,32.2,-3.0,0.9,1.0,7.6,43,36,25,-1.3,0.2,1.2,6,6,4,0,6,6,6,78,56,58,0,0,300,0,0,0,0,0,0,0,0,0
14.06,1.01,2.83,2.75,2.74,6.68,6.9,4.66,14.05,-15.5,-0.12,-0.02,170.8,9.8,72,1,3,739,693,894,0,991,14.06,912.6,580,28.8,30.7,0.8,3.2,841.0,0,13.74,-12.2,10.5,10.6,7.7,8.9,8.9,8.9,11.0,9.7,32.3,32.1,-2.8,0.9,1.0,7.9,39,33,25,131.9,137.3,91.7,6,6,4,0,5,6,7,78,55,57,0,0,300,0,0,0,0,0,0,0,0,0
13.69,145.01,4.42,4.33,4.35,12.36,10.92,11.28,13.71,-11.6,0.01,-0.02,170.7,9.1,70,1,3,729,693,870,0,974,13.7,915.3,584,32.9,34.9,0.9,3.1,841.0,0,13.74,-12.2,10.4,10.6,7.9,8.8,8.9,8.8,11.0,9.6,32.3,32.1,-2.8,0.9,0.9,7.8,41,36,25,1.1,0.0,-0.3,6,6,4,0,5,6,7,78,55,57,0,0,300,0,0,0,0,0,0,0,0,0
13.47,51.98,5.15,5.06,5.06,9.86,12.04,11.92,13.46,-13.5,0.01,0.04,170.7,10.1,70,1,3,720,693,867,0,972,13.48,924.2,589,31.5,33.5,0.9,3.1,841.0,0,13.74,-12.2,10.6,10.7,7.8,9.0,9.0,9.0,11.1,9.8,32.4,32.2,-2.9,0.9,0.9,7.8,40,34,25,0.0,0.3,0.0,6,6,4,0,5,6,6,78,55,58,0,0,300,0,0,0,0,0,0,0,0,0
13.53,150.98,3.49,3.39,3.39,13.1,11.88,11.24,13.6,-12.6,0.02,-0.11,170.3,9.8,70,1,3,789,693,945,0,1061,13.5,1012.5,644,32.1,34.1,0.9,3.1,935.0,0,14.23,-12.2,11.3,11.5,8.9,9.7,9.7,9.7,11.8,10.4,32.5,32.3,-3.0,0.7,1.1,7.5,42,35,25,1.5,0.0,0.0,6,6,4,0,5,6,7,79,57,59,0,0,300,0,0,0,0,0,0,0,0,0
13.34,257.0,4.15,4.07,4.09,12.4,11.42,10.4,13.42,-11.1,0.01,-0.03,170.8,9.7,70,1,3,717,693,860,0,979,13.3,935.1,594,31.3,33.5,0.9,3.1,841.0,0,13.74,-12.2,10.6,10.7,8.0,8.9,9.0,8.9,11.1,9.8,32.4,32.1,-2.9,0.9,0.9,7.8,40,34,25,0.0,0.0,0.2,6,6,4,0,5,6,6,78,55,58,0,0,300,0,0,0,0,0,0,0,0,0
13.45,114.98,3.73,3.68,3.69,11.26,10.38,10.26,13.43,-11.4,-0.09,-0.01,170.5,9.8,69,1,3,776,693,935,0,1047,13.46,1000.5,638,31.9,34.4,0.9,3.1,923.8,0,14.17,-12.2,11.3,11.5,8.6,9.8,9.7,9.8,11.9,10.4,32.5,32.3,-3.0,0.7,1.1,7.5,42,36,25,2.0,0.0,0.0,6,6,4,0,5,6,7,79,57,59,0,0,300,0,0,0,0,0,0,0,0,0
13.53,213.98,3.43,3.35,3.37,14.68,11.98,4.34,13.57,-17.0,-0.04,0.0,170.9,10.1,71,1,3,726,693,869,-1,972,13.48,928.7,591,29.6,32.6,0.9,3.1,841.0,0,13.74,-12.2,10.5,10.6,7.9,8.9,9.0,8.9,11.0,9.7,32.3,32.1,-2.8,0.9,0.9,8.0,40,33,25,0.3,0.0,6.8,6,6,4,0,5,6,7,78,55,58,0,0,300,0,0,0,0,0,0,0,0,0
13.38,67.0,4.01,3.93,3.94,10.54,12.62,11.8,13.44,-11.9,0.01,0.03,170.7,8.8,71,1,3,718,693,866,0,962,13.4,929.0,591,30.7,32.9,0.9,3.1,841.0,0,13.74,-12.2,10.5,10.6,8.0,8.9,9.0,8.9,11.1,9.7,32.3,32.1,-2.9,1.0,0.9,7.9,39,33,25,0.2,0.6,0.0,6,6,4,0,5,6,7,78,55,58,1,1,300,0,0,0,0,0,0,0,0,0
13.38,217.01,4.14,4.06,4.06,13.32,11.62,3.34,13.37,-10.7,0.0,0.07,170.7,7.9,71,1,3,719,693,861,0,978,13.34,933.5,593,31.3,33.4,0.9,3.0,841.0,0,13.74,-12.2,10.6,10.7,7.9,8.9,9.0,8.9,11.1,9.8,32.4,32.1,-2.8,0.9,0.9,7.8,40,34,25,0.6,0.0,2.5,6,6,4,0,5,6,6,78,55,58,0,0,300,0,0,0,0,0,0,0,0,0
14.53,195.98,0.41,0.35,0.34,15.84,11.56,11.08,14.65,-11.6,0.05,0.04,170.8,9.6,71,1,3,957,692,1154,-4,1316,14.5,1151.4,733,32.9,35.3,0.9,3.1,1653.3,0,16.21,-12.2,10.9,11.0,8.3,9.3,9.3,9.3,11.3,10.0,32.4,32.2,-3.0,0.9,1.1,7.9,45,38,25,1.8,-0.5,0.0,6,6,4,0,5,6,7,79,56,58,0,0,300,0,0,0,0,0,0,0,0,0
12.96,244.01,4.45,4.39,4.4,11.94,10.52,5.38,13.0,-16.2,-0.05,-0.03,170.7,9.5,71,1,3,704,692,849,0,958,12.94,941.1,600,32.6,34.9,0.9,3.1,841.0,0,13.74,-12.2,10.5,10.6,7.8,8.9,8.9,8.8,10.9,9.6,32.3,32.1,-2.8,0.9,0.9,7.9,41,36,25,0.0,0.2,4.2,6,6,4,0,5,6,7,78,55,57,0,0,300,0,0,0,0,0,0,0,0,0
13.43,51.01,5.17,5.08,5.1,9.46,12.12,10.86,13.46,-14.4,0.04,0.0,170.6,9.8,71,1,3,722,693,864,0,965,13.42,930.5,590,31.7,33.5,0.9,3.1,841.0,0,13.74,-12.2,10.6,10.7,7.9,9.0,9.0,8.9,11.1,9.8,32.4,32.1,-2.9,0.9,0.9,7.8,40,34,25,0.0,0.5,0.2,6,6,4,0,5,6,6,78,55,58,0,0,300,0,0,0,0,0,0,0,0,0
13.44,349.99,3.48,3.39,3.39,11.06,11.34,11.3,13.45,-12.2,-0.04,-0.05,170.4,9.2,70,1,3,788,693,945,0,1055,13.44,1015.2,645,31.7,34.1,0.9,3.1,935.0,0,14.23,-12.2,11.3,11.5,8.7,9.7,9.7,9.7,11.9,10.4,32.5,32.3,-3.0,0.7,1.1,7.5,42,35,25,0.2,1.0,0.0,6,6,4,0,5,6,7,79,57,59,0,0,300,0,0,0,0,0,0,0,0,0
14.49,106.99,0.35,0.31,0.29,13.72,14.32,10.48,14.57,-12.5,-0.11,0.03,170.7,9.1,71,1,3,970,692,1157,-4,1320,14.5,1161.2,737,32.2,34.7,0.9,3.1,1679.1,0,16.25,-12.2,10.8,10.9,8.4,9.1,9.2,9.2,11.3,9.9,32.4,32.2,-3.0,0.9,1.1,7.8,44,38,25,2.1,0.0,-0.9,6,6,4,0,5,6,6,79,56,58,0,0,300,0,0,0,0,0,0,0,0,0
13.15,20.99,5.18,5.11,5.1,9.76,11.48,11.46,13.14,-14.3,0.04,-0.03,170.6,10.0,70,1,3,712,693,851,0,964,13.18,936.0,595,31.6,33.7,0.9,3.1,841.0,0,13.74,-12.2,10.6,10.7,7.8,9.0,9.0,9.0,11.1,9.8,32.4,32.2,-2.8,0.9,0.9,7.9,40,34,25,0.0,0.5,0.0,6,6,4,0,5,6,6,78,55,58,0,0,300,0,0,0,0,0,0,0,0,0
13.47,18.0,3.46,3.38,3.39,14.58,15.12,15.28,13.57,-12.3,0.0,0.01,170.4,9.6,70,1,3,787,693,944,0,1062,13.5,1009.8,643,32.0,34.2,0.9,3.1,935.0,0,14.23,-12.2,11.4,11.5,8.8,9.7,9.7,9.7,11.9,10.4,32.5,32.3,-3.0,0.7,1.1,7.5,41,35,25,-1.3,-0.3,-2.4,6,6,4,0,5,6,7,79,56,59,0,0,300,0,0,0,0,0,0,0,0,0
14.25,50.0,3.28,3.2,3.2,11.06,13.54,12.76,14.25,-14.2,-0.01,0.02,170.8,9.5,72,1,3,740,693,890,0,1003,14.24,896.8,570,32.8,35.1,0.9,3.1,841.0,0,13.74,-12.2,10.4,10.6,7.9,8.8,8.9,8.8,10.9,9.6,32.3,32.0,-2.8,1.0,0.9,7.6,41,35,25,0.0,1.2,0.0,6,6,4,0,5,6,7,78,54,57,1,1,300,0,0,0,0,0,0,0,0,0
14.51,140.0,0.4,0.34,0.34,13.76,13.06,9.96,14.5,-12.8,-0.05,-0.06,170.6,10.5,70,1,3,948,692,1140,0,1286,14.46,1140.8,726,32.3,34.8,0.9,3.1,1653.3,0,16.21,-12.2,10.9,11.0,8.3,9.2,9.3,9.3,11.3,9.9,32.4,32.2,-3.0,0.9,1.1,7.9,45,38,25,1.5,-0.3,0.0,6,6,4,0,5,6,7,79,56,58,0,0,300,0,0,0,0,0,0,0,0,0
13.02,304.99,3.44,3.37,3.37,20.24,17.42,22.88,13.06,-11.5,-0.02,-0.01,170.9,9.1,69,1,3,710,692,849,0,965,13.02,941.8,599,31.2,32.6,0.9,3.0,841.0,0,13.74,-12.3,10.5,10.6,8.0,8.9,8.9,8.9,11.0,9.7,32.4,32.1,-2.8,0.9,1.0,7.9,39,33,25,-152.5,-128.6,-165.8,6,6,4,0,5,6,7,78,55,57,0,0,300,0,0,0,0,0,0,0,0,0
13.55,70.99,4.02,3.94,3.94,9.86,13.18,11.34,13.57,-13.6,-0.02,0.06,170.7,9.9,70,1,3,728,693,869,0,979,13.54,928.8,590,30.6,33.0,0.9,3.1,841.0,0,13.74,-12.2,10.6,10.7,8.2,8.9,8.9,8.9,11.0,9.7,32.4,32.1,-2.9,0.9,0.9,7.7,39,34,25,0.7,0.9,-0.3,6,6,4,0,5,6,6,78,55,58,0,0,300,0,0,0,0,0,0,0,0,0
14.27,136.01,3.28,3.2,3.2,13.34,13.02,12.5,14.28,-14.8,-0.04,-0.08,170.7,10.1,72,1,3,737,693,887,0,1004,14.26,895.7,569,32.6,34.8,0.9,3.1,841.0,0,13.74,-12.2,10.5,10.6,7.9,8.8,8.8,8.8,10.9,9.6,32.3,32.0,-2.8,1.0,0.9,7.6,41,35,25,1.2,0.0,-0.3,6,6,4,0,5,6,7,78,54,57,1,1,300,0,0,0,0,0,0,0,0,0
14.72,176.0,0.36,0.32,0.28,16.2,12.78,10.66,14.7,-13.4,0.07,0.03,170.7,9.5,71,1,3,986,692,1181,3,1307,14.66,1173.3,748,32.2,34.7,0.9,3.1,1643.0,0,16.19,-12.2,10.8,10.9,8.3,9.2,9.2,9.2,11.2,9.9,32.4,32.2,-3.0,0.9,1.1,7.8,44,38,25,1.8,-0.3,0.0,6,6,4,0,5,6,7,79,56,58,0,0,300,0,0,0,0,0,0,0,0,0
13.43,144.0,4.11,4.04,4.01,12.08,11.56,11.72,13.46,-9.6,0.0,-0.06,170.6,8.8,70,1,3,717,693,864,-1,964,13.4,927.0,591,31.5,33.4,0.9,3.1,841.0,0,13.74,-12.2,10.5,10.7,8.0,8.9,9.0,9.0,11.1,9.8,32.4,32.1,-2.8,0.9,0.9,7.7,40,34,25,1.1,0.0,-0.3,6,6,4,0,5,6,6,78,55,58,0,0,300,0,0,0,0,0,0,0,0,0
13.73,235.01,4.03,3.94,3.94,13.88,11.16,10.74,13.69,-13.4,-0.09,0.03,170.6,10.4,70,1,3,729,693,876,0,973,13.68,921.0,587,30.3,32.9,0.9,3.1,841.0,0,13.74,-12.2,10.6,10.7,8.1,8.9,9.0,8.9,11.1,9.7,32.3,32.1,-2.9,0.9,0.9,7.7,40,34,25,-0.3,0.0,0.2,6,6,4,0,5,6,6,78,55,58,0,0,300,0,0,0,0,0,0,0,0,0
14.39,69.98,0.32,0.3,0.29,11.14,13.98,11.8,14.44,-12.0,0.04,-0.02,170.7,9.6,71,1,3,927,692,1116,0,1249,14.38,1122.7,713,32.0,34.3,0.9,3.1,1679.1,0,16.25,-12.2,10.7,10.8,8.0,9.1,9.1,9.1,11.2,9.9,32.4,32.2,-3.0,0.9,1.1,7.6,44,37,25,1.2,1.9,-0.5,6,6,4,0,6,6,6,79,56,58,0,0,300,0,0,0,0,0,0,0,0,0
14.52,20.99,0.41,0.35,0.35,9.6,13.34,13.9,14.61,-10.9,-0.02,0.01,170.5,9.3,70,1,3,981,692,1170,-3,1337,14.54,1166.3,742,32.8,35.1,0.9,3.1,1653.3,0,16.21,-12.2,10.9,11.0,8.2,9.3,9.3,9.3,11.3,10.0,32.4,32.2,-3.0,0.9,1.1,7.9,45,38,25,-0.2,1.2,0.0,6,6,4,0,5,6,7,79,56,58,0,0,300,0,0,0,0,0,0,0,0,0
14.63,87.98,0.36,0.32,0.29,12.44,14.64,11.42,14.72,-13.6,-0.05,0.0,170.7,10.0,71,1,3,971,692,1166,0,1320,14.62,1162.8,741,32.3,34.6,0.9,3.1,1643.0,0,16.19,-12.2,10.8,10.9,8.5,9.2,9.2,9.1,11.2,9.9,32.4,32.2,-3.0,0.9,1.1,7.8,44,38,25,2.0,0.3,-1.0,6,6,4,0,5,6,7,79,56,58,0,0,300,0,0,0,0,0,0,0,0,0
13.06,47.02,4.52,4.43,4.45,9.1,11.26,10.76,13.14,-12.9,0.02,0.02,170.6,9.6,71,1,3,708,693,848,0,949,13.08,936.5,597,31.7,33.7,0.9,3.1,841.0,0,13.74,-12.2,10.6,10.7,8.2,9.0,9.0,8.9,11.1,9.8,32.4,32.2,-2.8,0.9,0.9,7.7,40,34,25,0.0,0.5,0.0,6,6,4,0,5,6,6,78,55,58,0,0,300,0,0,0,0,0,0,0,0,0
13.15,232.99,2.43,2.34,2.36,13.26,12.24,10.48,13.13,-14.7,-0.09,-0.02,170.7,9.9,71,1,3,715,693,854,0,953,13.1,945.7,599,31.9,33.9,0.9,3.1,841.0,0,13.74,-12.2,10.6,10.7,8.1,9.0,9.0,9.0,11.2,9.8,32.4,32.2,-2.8,0.9,0.9,7.7,40,34,25,0.0,0.0,0.0,6,6,4,0,6,6,6,78,55,58,0,0,300,0,0,0,0,0,0,0,0,0
13.52,225.0,3.48,3.38,3.39,12.68,11.08,10.54,13.52,-11.8,-0.1,-0.04,170.5,10.0,70,1,3,784,692,945,0,1059,13.48,1013.1,644,31.7,34.3,0.9,3.1,935.0,0,14.23,-12.2,11.4,11.5,8.7,9.7,9.7,9.7,11.8,10.4,32.5,32.3,-3.0,0.7,1.1,7.5,42,35,25,0.0,0.2,0.0,6,6,4,0,5,6,7,79,57,59,0,0,300,0,0,0,0,0,0,0,0,0
13.38,51.98,3.42,3.35,3.32,9.78,12.68,11.26,13.38,-16.3,0.04,-0.02,170.7,9.7,71,1,3,724,693,869,2,960,13.38,931.4,593,29.9,33.1,0.9,3.1,841.0,0,13.74,-12.2,10.5,10.6,8.1,8.9,9.0,8.9,11.1,9.7,32.3,32.1,-2.8,0.9,0.9,8.0,40,33,25,0.4,0.9,0.0,6,6,4,0,5,6,7,78,55,58,0,0,300,0,0,0,0,0,0,0,0,0
14.72,266.0,0.37,0.32,0.29,14.22,10.8,13.12,14.75,-11.0,0.03,-0.07,170.7,9.9,71,1,3,1017,692,1221,0,1367,14.7,1201.3,764,32.4,34.8,0.9,3.1,1643.0,0,16.19,-12.2,10.8,10.9,8.0,9.2,9.2,9.2,11.2,9.9,32.4,32.2,-3.0,0.9,1.0,7.9,44,38,25,-0.3,0.0,1.2,6,6,4,0,5,6,7,79,56,58,0,0,300,0,0,0,0,0,0,0,0,0
14.48,204.01,0.3,0.28,0.28,15.74,11.92,10.84,14.51,-13.7,0.0,0.05,170.8,10.2,70,1,3,930,692,1112,0,1247,14.44,1119.9,713,30.9,35.5,0.9,3.1,1606.0,0,16.14,-12.2,11.1,11.2,8.2,9.4,9.5,9.5,11.4,10.0,32.4,32.2,-3.0,0.9,1.0,7.8,45,38,25,0.7,-0.3,0.2,6,6,4,0,5,6,7,79,56,58,0,0,300,0,0,0,0,0,0,0,0,0
14.63,303.98,0.41,0.34,0.35,12.24,10.66,13.96,14.65,-12.7,0.04,-0.02,170.8,9.4,71,1,3,984,692,1176,3,1332,14.6,1173.3,748,32.8,35.1,0.9,3.1,1653.3,0,16.21,-12.2,10.9,11.0,8.5,9.3,9.3,9.3,11.3,9.9,32.4,32.2,-3.0,0.9,1.1,7.9,45,38,25,-1.4,0.5,0.9,6,6,4,0,5,6,7,79,56,58,0,0,300,0,0,0,0,0,0,0,0,0
14.37,209.99,0.3,0.28,0.28,16.08,11.5,10.74,14.45,-14.6,-0.03,0.11,170.8,9.5,72,1,3,919,692,1094,-1,1222,14.34,1109.4,706,31.8,34.3,0.9,3.1,1671.9,0,16.24,-12.2,10.6,10.8,8.0,9.0,9.0,9.0,11.1,9.8,32.4,32.2,-2.9,0.9,1.0,7.6,43,36,25,1.4,-0.5,0.2,6,6,4,0,6,6,6,78,56,58,0,0,300,0,0,0,0,0,0,0,0,0
14.09,324.0,2.47,2.39,2.42,9.06,10.04,12.26,14.11,-14.1,0.0,0.06,170.7,9.5,71,1,3,789,694,942,0,1058,14.08,968.5,615,31.5,33.5,0.9,3.1,906.4,0,14.09,-12.1,11.3,11.5,8.8,9.7,9.7,9.7,11.8,10.3,32.5,32.3,-3.0,0.8,1.1,7.4,41,35,25,0.4,1.9,1.1,6,6,4,0,5,6,7,79,56,59,0,0,300,0,0,0,0,0,0,0,0,0
12.89,347.0,2.31,2.25,2.27,12.68,12.02,15.18,12.94,-13.1,-0.03,0.0,170.8,9.7,71,1,3,706,692,843,0,948,12.9,945.3,602,29.6,35.3,0.9,3.0,841.0,0,13.74,-12.2,10.5,10.6,7.7,8.9,8.9,8.9,11.0,9.7,32.3,32.1,-2.8,0.9,0.9,7.9,41,36,25,-0.6,0.0,-0.7,6,6,4,0,5,6,7,78,55,57,0,0,300,0,0,0,0,0,0,0,0,0
14.51,11.02,0.31,0.29,0.29,10.66,12.88,13.46,14.51,-12.5,-0.1,0.0,170.6,7.8,71,1,3,980,692,1179,0,1342,14.54,1178.0,747,31.8,34.4,0.9,3.1,1671.9,0,16.24,-12.2,10.7,10.8,8.1,9.0,9.1,9.1,11.2,9.9,32.4,32.2,-3.0,0.9,1.0,7.6,43,36,25,-0.7,1.4,-0.3,6,6,4,0,6,6,6,78,56,58,0,0,300,0,0,0,0,0,0,0,0,0
14.2,340.99,4.48,4.44,4.39,11.14,11.2,13.12,14.29,-14.3,-0.01,0.05,170.6,9.7,71,1,3,789,693,945,0,1072,14.22,958.6,610,31.7,33.3,0.9,3.1,905.4,0,14.08,-12.1,11.3,11.5,8.7,9.7,9.7,9.7,11.7,10.2,32.5,32.2,-3.0,0.9,1.1,7.7,41,35,25,0.0,0.5,0.0,6,6,4,0,5,6,7,79,56,59,0,0,300,0,0,0,0,0,0,0,0,0
14.55,41.0,0.4,0.34,0.34,10.32,13.66,11.54,14.64,-13.3,0.05,-0.01,170.8,9.8,71,1,3,961,692,1149,0,1298,14.54,1153.4,734,32.5,34.9,0.9,3.1,1653.3,0,16.21,-12.2,10.9,11.0,8.3,9.3,9.3,9.3,11.3,9.9,32.5,32.2,-3.0,0.9,1.1,7.9,45,38,25,0.5,1.2,-0.5,6,6,4,0,5,6,7,79,56,58,0,0,300,0,0,0,0,0,0,0,0,0
14.46,28.01,4.34,4.3,4.28,11.48,13.1,13.12,14.47,-12.6,0.0,0.01,170.5,9.9,70,1,3,798,693,959,0,1080,14.5,950.2,605,30.3,32.6,0.9,3.1,912.5,0,14.12,-12.2,11.3,11.4,8.4,9.7,9.7,9.7,11.7,10.2,32.5,32.2,-3.0,0.9,1.1,7.8,41,36,25,0.0,1.2,0.0,6,6,4,0,6,6,7,79,56,58,0,0,300,0,0,0,0,0,0,0,0,0
13.32,347.0,4.08,4.02,3.99,10.7,11.02,11.8,13.35,-15.0,0.01,-0.02,170.7,9.2,70,1,3,715,693,864,0,988,13.32,931.4,592,31.0,33.0,0.9,3.1,841.0,0,13.74,-12.2,10.5,10.7,7.8,8.9,9.0,9.0,11.1,9.7,32.4,32.1,-2.8,0.9,0.9,7.7,40,34,25,0.0,1.0,0.0,6,6,4,0,5,6,6,78,55,58,0,0,300,0,0,0,0,0,0,0,0,0
13.64,126.0,3.92,3.83,3.85,12.52,12.46,11.6,13.58,-9.9,-0.05,0.02,170.4,9.8,70,1,3,787,693,950,0,1055,13.64,1006.9,639,32.1,34.3,0.9,3.1,935.0,0,14.23,-12.2,11.4,11.5,8.9,9.7,9.7,9.7,11.9,10.4,32.5,32.3,-3.0,0.7,1.1,7.6,41,35,25,-0.7,-3.0,-3.4,6,6,4,0,5,6,7,79,56,59,0,0,300,0,0,0,0,0,0,0,0,0
13.24,299.02,4.13,4.05,4.04,11.04,10.38,11.32,13.25,-13.4,0.02,0.03,170.8,9.2,71,1,3,717,693,855,-1,966,13.22,934.3,596,31.3,33.5,0.9,3.1,841.0,0,13.74,-12.2,10.6,10.7,8.1,8.9,9.0,9.0,11.1,9.8,32.4,32.2,-2.8,0.9,0.9,7.7,40,34,25,-0.2,0.0,0.5,6,6,4,0,5,6,6,78,55,58,0,0,300,0,0,0,0,0,0,0,0,0
13.76,45.0,0.19,0.1,0.11,28.26,34.6,31.3,13.73,-10.2,0.07,0.0,170.6,9.2,71,1,3,853,692,1014,9,1097,13.74,1091.2,695,32.0,34.0,0.9,3.1,1618.3,0,16.16,-12.3,10.6,10.7,8.2,9.0,9.0,9.0,11.1,9.8,32.4,32.1,-2.9,0.9,1.0,7.7,41,35,25,-691.1,-840.0,-770.3,6,6,4,0,6,6,6,78,56,58,0,0,300,0,0,0,0,0,0,0,0,0
13.26,83.02,4.49,4.42,4.4,10.72,12.42,11.78,13.34,-14.0,-0.09,-0.01,170.8,10.3,70,1,3,722,692,866,2,970,13.26,938.7,596,31.5,34.0,0.9,3.1,841.0,0,13.74,-12.2,10.6,10.7,8.1,9.0,9.0,9.0,11.2,9.8,32.4,32.2,-2.8,0.9,0.9,7.8,40,34,25,1.0,0.6,0.0,6,6,4,0,5,6,6,78,55,58,0,0,300,0,0,0,0,0,0,0,0,0
14.73,258.98,0.27,0.26,0.28,15.44,11.2,12.44,14.64,-13.0,-0.03,-0.01,170.6,10.8,71,1,3,994,692,1193,0,1333,14.7,1184.5,755,32.8,35.4,0.9,3.1,1598.8,0,16.13,-12.2,11.0,11.1,8.2,9.4,9.4,9.4,11.4,10.0,32.4,32.2,-3.0,0.9,1.0,7.9,45,38,25,-1.0,0.0,1.4,6,6,4,0,5,6,7,79,56,58,0,0,300,0,0,0,0,0,0,0,0,0
13.27,32.0,2.43,2.34,2.36,10.04,12.96,11.98,13.3,-14.1,0.15,0.02,170.7,9.6,71,1,3,720,693,860,0,969,13.26,938.9,596,32.1,34.1,0.9,3.1,841.0,0,13.74,-12.2,10.6,10.7,8.0,9.0,9.0,9.0,11.1,9.8,32.4,32.2,-2.8,0.9,0.9,7.7,40,34,25,0.0,0.9,0.0,6,6,4,0,6,6,6,78,55,58,0,0,300,0,0,0,0,0,0,0,0,0
13.47,187.99,3.48,3.38,3.39,13.9,11.34,11.0,13.54,-12.8,0.06,0.09,170.6,9.5,70,1,3,787,692,945,0,1054,13.44,1013.0,645,32.1,34.5,0.9,3.1,935.0,0,14.23,-12.2,11.4,11.5,8.9,9.7,9.7,9.7,11.9,10.4,32.6,32.3,-3.0,0.7,1.1,7.5,42,35,25,1.9,0.0,-0.5,6,6,4,0,5,6,7,79,57,59,0,0,300,0,0,0,0,0,0,0,0,0
13.64,302.0,5.04,4.96,4.98,23.74,21.62,23.1,13.72,-8.7,0.07,-0.01,170.7,7.9,71,1,3,725,692,866,-1,965,13.64,916.9,583,30.3,32.4,0.9,3.1,841.0,0,13.74,-12.2,10.5,10.7,7.8,8.9,8.9,8.9,11.0,9.7,32.3,32.1,-2.9,1.0,0.9,8.0,39,33,25,-262.8,-239.4,-254.2,6,6,4,0,5,6,7,78,55,58,1,1,300,0,0,0,0,0,0,0,0,0
14.23,141.01,0.29,0.27,0.28,13.72,13.02,10.54,14.25,-12.8,-0.03,0.0,170.7,9.9,71,1,3,904,692,1086,0,1224,14.18,1105.3,702,32.2,34.3,0.9,3.1,1618.3,0,16.16,-12.3,10.6,10.7,8.1,9.0,9.0,9.0,11.2,9.8,32.4,32.2,-2.9,0.9,0.9,7.6,42,36,25,1.5,0.0,-0.2,6,6,4,0,6,6,6,78,56,58,0,0,300,0,0,0,0,0,0,0,0,0
14.53,9.0,0.35,0.31,0.29,10.84,13.0,13.98,14.6,-13.4,-0.01,-0.04,170.5,10.1,71,1,3,965,692,1155,0,1310,14.56,1155.2,736,32.2,34.8,0.9,3.1,1643.0,0,16.19,-12.2,10.7,10.9,8.2,9.2,9.2,9.2,11.2,9.9,32.4,32.2,-3.0,0.9,1.1,7.8,44,38,25,0.0,1.2,0.0,6,6,4,0,5,6,7,79,56,58,0,0,300,0,0,0,0,0,0,0,0,0
13.45,195.98,3.73,3.68,3.69,13.28,10.66,10.2,13.52,-10.9,0.04,0.07,170.6,8.7,70,1,3,773,693,935,-1,1043,13.44,1005.3,638,31.8,34.2,0.9,3.0,923.8,0,14.17,-12.2,11.4,11.5,8.7,9.7,9.7,9.7,11.9,10.4,32.5,32.3,-3.0,0.7,1.1,7.5,42,36,25,0.9,0.2,-0.2,6,6,4,0,5,6,7,79,57,59,0,0,300,0,0,0,0,0,0,0,0,0
13.02,96.01,4.45,4.39,4.35,10.84,11.12,10.96,13.01,-15.4,-0.06,0.02,170.7,8.0,71,1,3,713,692,852,0,945,13.04,943.4,599,33.1,35.1,0.9,3.0,841.0,0,13.74,-12.2,10.5,10.6,7.8,8.9,8.9,8.9,11.0,9.6,32.3,32.1,-2.8,0.9,0.9,7.9,42,35,25,1.4,0.0,-0.2,6,6,4,0,5,6,7,78,55,57,0,0,300,0,0,0,0,0,0,0,0,0
14.58,284.0,0.3,0.28,0.29,13.84,10.56,13.32,14.65,-12.5,0.06,-0.07,170.7,9.9,71,1,3,974,692,1164,2,1306,14.56,1166.3,742,32.2,34.4,0.9,3.1,1671.9,0,16.24,-12.2,10.7,10.8,8.1,9.0,9.1,9.0,11.2,9.9,32.4,32.2,-2.9,0.9,1.0,7.6,43,36,25,-0.9,0.2,1.2,6,6,4,0,6,6,6,78,56,58,0,0,300,0,0,0,0,0,0,0,0,0
13.76,166.0,2.32,2.22,2.23,28.68,27.22,21.12,13.73,-12.5,0.1,-0.02,170.6,9.3,71,1,3,736,692,882,2,974,13.68,951.8,612,31.7,33.7,0.9,3.1,1618.3,0,16.16,-12.3,10.6,10.7,7.9,9.0,9.0,9.0,11.2,9.8,32.4,32.2,-2.9,0.9,1.0,7.6,40,34,25,-176.6,-169.4,-135.2,6,6,4,0,6,6,6,78,55,58,0,0,300,0,0,0,0,0,0,0,0,0
13.38,306.0,4.07,3.97,3.99,11.36,10.98,11.66,13.45,-11.7,-0.03,0.03,170.8,8.8,69,1,3,719,693,866,0,966,13.38,931.6,591,31.2,33.1,0.9,3.0,841.0,0,13.74,-12.2,10.5,10.7,7.8,8.9,9.0,8.9,11.0,9.7,32.4,32.1,-2.9,0.9,0.9,7.7,40,34,25,-0.3,0.2,0.3,6,6,4,0,5,6,6,78,55,58,0,0,300,0,0,0,0,0,0,0,0,0
14.6,205.99,0.35,0.31,0.29,16.3,11.78,10.88,14.64,-10.1,0.03,0.05,170.7,8.8,71,1,3,983,692,1179,0,1339,14.56,1177.0,747,32.2,34.6,0.9,3.1,1679.1,0,16.25,-12.2,10.7,10.9,8.2,9.1,9.2,9.1,11.2,9.9,32.4,32.2,-3.0,0.9,1.1,7.8,44,38,25,1.8,-0.3,0.2,6,6,4,0,5,6,6,79,56,58,0,0,300,0,0,0,0,0,0,0,0,0
14.49,313.99,0.4,0.34,0.35,10.92,10.86,13.42,14.52,-12.4,-0.02,0.07,170.7,9.1,70,1,3,955,692,1146,0,1290,14.5,1145.7,730,32.9,35.0,0.9,3.1,1653.3,0,16.21,-12.2,10.9,11.0,8.3,9.3,9.3,9.3,11.3,9.9,32.4,32.2,-3.0,0.9,1.1,7.9,45,38,25,-0.7,0.5,0.9,6,6,4,0,5,6,7,79,56,58,0,0,300,0,0,0,0,0,0,0,0,0
13.38,263.99,4.06,3.96,3.99,12.38,10.38,11.32,13.39,-13.6,0.01,0.04,170.7,10.5,69,1,3,722,693,864,0,966,13.36,931.8,593,30.6,32.8,0.9,3.1,841.0,0,13.74,-12.2,10.6,10.7,8.1,8.9,8.9,8.9,11.0,9.7,32.3,32.1,-2.9,0.9,0.9,7.6,40,34,25,-0.3,0.0,0.3,6,6,4,0,5,6,6,78,55,58,0,0,300,0,0,0,0,0,0,0,0,0
13.2,294.98,3.41,3.34,3.32,11.58,10.76,10.96,13.24,-14.0,0.04,-0.01,170.8,9.7,70,1,3,715,693,852,-1,960,13.16,943.6,596,30.0,33.0,0.9,3.0,841.0,0,13.74,-12.3,10.5,10.6,7.9,8.9,8.9,8.9,11.0,9.7,32.3,32.1,-2.8,0.9,1.0,8.0,39,33,25,-0.5,0.0,0.2,6,6,4,0,5,6,7,78,55,58,0,0,300,0,0,0,0,0,0,0,0,0
13.48,136.01,2.33,2.26,2.26,12.36,12.42,11.5,13.52,-15.3,0.01,-0.04,170.7,9.9,71,1,3,723,693,867,0,966,13.44,929.2,592,26.9,32.3,0.9,3.0,841.0,0,13.74,-12.2,10.5,10.6,7.8,8.9,8.9,8.9,11.0,9.7,32.3,32.1,-2.8,0.9,1.0,8.0,40,34,25,1.4,0.0,-0.3,6,6,4,0,5,6,7,78,55,57,0,0,300,0,0,0,0,0,0,0,0,0
13.4,148.0,4.01,3.93,3.94,12.12,12.36,11.48,13.45,-12.6,-0.01,-0.07,170.6,9.9,71,1,3,719,693,864,0,958,13.38,930.9,591,30.8,33.0,0.9,3.1,841.0,0,13.74,-12.2,10.5,10.6,7.9,8.9,9.0,8.9,11.0,9.7,32.3,32.1,-2.9,1.0,0.9,7.9,39,33,25,1.1,0.0,0.0,6,6,4,0,5,6,7,78,55,58,1,1,300,0,0,0,0,0,0,0,0,0
13.32,337.0,4.13,4.06,4.04,9.6,10.96,11.3,13.42,-13.2,-0.09,0.09,170.7,8.1,71,1,3,719,693,861,0,969,13.3,932.3,594,31.1,33.4,0.9,3.1,841.0,0,13.74,-12.2,10.6,10.7,8.2,8.9,9.0,8.9,11.1,9.8,32.4,32.1,-2.8,0.9,0.9,7.7,40,34,25,0.0,0.7,0.0,6,6,4,0,5,6,6,78,55,58,0,0,300,0,0,0,0,0,0,0,0,0
14.22,154.01,4.14,4.06,4.05,13.76,12.64,11.56,14.25,-8.2,0.05,-0.06,170.4,8.6,70,1,3,788,694,948,0,1067,14.18,959.7,611,31.6,34.0,0.9,3.1,906.4,0,14.09,-12.1,11.3,11.5,8.7,9.7,9.7,9.7,11.9,10.4,32.5,32.3,-3.0,0.7,1.1,7.6,41,35,25,0.9,0.0,0.0,6,6,4,0,5,6,7,79,57,59,0,0,300,0,0,0,0,0,0,0,0,0
14.9,193.0,0.32,0.29,0.28,19.32,12.58,10.8,14.98,-13.0,0.03,0.08,170.7,10.2,71,1,3,1042,692,1248,2,1405,14.86,1224.8,779,27.0,33.0,0.9,3.0,1606.0,0,16.14,-12.1,11.1,11.3,8.6,9.5,9.5,9.6,11.6,10.1,32.4,32.2,-3.0,0.9,1.1,7.8,44,38,25,3.0,-0.6,0.0,6,6,4,0,5,6,7,79,56,58,0,0,300,0,0,0,0,0,0,0,0,0
13.78,168.01,4.46,4.41,4.39,13.5,11.7,11.88,13.8,-14.3,0.07,-0.07,170.5,9.7,71,1,3,781,693,932,0,1045,13.76,978.1,624,31.0,33.7,0.9,3.0,911.5,0,14.11,-12.1,11.3,11.5,8.5,9.7,9.7,9.7,11.7,10.3,32.5,32.3,-3.0,0.9,1.1,7.6,41,35,25,0.9,0.0,0.0,6,6,4,0,6,6,7,79,56,59,0,0,300,0,0,0,0,0,0,0,0,0
13.1,100.01,5.18,5.11,5.1,10.54,11.52,11.12,13.14,-14.0,-0.07,-0.02,170.6,10.5,70,1,3,713,693,852,0,955,13.12,937.5,596,31.5,33.7,0.9,3.1,841.0,0,13.74,-12.2,10.6,10.7,8.1,9.0,9.0,8.9,11.1,9.8,32.4,32.1,-2.9,0.9,0.9,7.9,40,34,25,1.2,0.3,0.0,6,6,4,0,5,6,6,78,55,58,0,0,300,0,0,0,0,0,0,0,0,0
13.8,339.98,4.41,4.32,4.35,11.14,10.98,12.58,13.81,-11.8,-0.06,0.0,170.8,8.1,70,1,3,731,693,879,0,986,13.8,914.2,581,32.6,34.9,0.9,3.1,841.0,0,13.74,-12.2,10.4,10.6,7.9,8.8,8.9,8.8,10.9,9.6,32.3,32.1,-2.8,0.9,0.9,7.8,41,36,25,0.0,0.5,0.0,6,6,4,0,5,6,7,78,55,57,0,0,300,0,0,0,0,0,0,0,0,0
13.22,339.98,3.58,3.52,3.49,27.6,24.88,29.08,13.33,-11.6,-0.03,0.03,170.5,8.7,70,1,3,758,693,909,-1,1026,13.22,997.3,635,31.5,34.0,0.9,3.1,911.5,0,14.11,-12.1,11.4,11.5,8.8,9.7,9.7,9.7,11.7,10.3,32.5,32.2,-3.0,0.9,1.1,7.5,41,35,25,-547.3,-493.4,-578.6,6,6,4,0,5,6,7,79,56,59,0,0,300,0,0,0,0,0,0,0,0,0
13.55,180.0,3.47,3.38,3.39,13.62,13.02,11.08,13.61,-12.6,0.11,0.03,170.5,9.6,70,1,3,788,693,941,0,1063,13.5,1011.8,644,32.2,34.4,0.9,3.1,935.0,0,14.23,-12.2,11.4,11.5,9.0,9.7,9.7,9.7,11.8,10.4,32.5,32.3,-3.0,0.7,1.1,7.5,42,35,25,0.9,0.0,-1.0,6,6,4,0,5,6,7,79,56,59,0,0,300,0,0,0,0,0,0,0,0,0
14.52,128.99,0.34,0.31,0.28,14.0,13.36,10.84,14.55,-14.5,-0.11,-0.11,170.6,10.0,71,1,3,958,692,1142,0,1289,14.52,1149.1,732,32.1,34.7,0.9,3.1,1679.1,0,16.25,-12.2,10.7,10.9,8.1,9.1,9.1,9.1,11.2,9.9,32.4,32.2,-3.0,0.9,1.1,7.7,44,37,25,1.6,0.0,-0.2,6,6,4,0,6,6,6,79,56,58,0,0,300,0,0,0,0,0,0,0,0,0
13.29,96.98,4.15,4.07,4.09,11.1,12.78,10.38,13.32,-10.5,-0.06,0.04,170.7,8.9,70,1,3,717,693,857,0,987,13.28,934.7,593,31.0,33.4,0.9,3.1,841.0,0,13.74,-12.2,10.6,10.7,8.1,8.9,9.0,8.9,11.0,9.8,32.4,32.1,-2.9,0.9,0.9,7.8,40,34,25,1.5,0.0,0.0,6,6,4,0,5,6,6,78,55,58,0,0,300,0,0,0,0,0,0,0,0,0
13.92,90.0,4.4,4.32,4.35,12.04,12.8,12.46,14.0,-13.0,-0.06,0.0,170.8,9.0,70,1,3,736,693,885,0,1002,13.94,909.8,579,32.9,35.1,0.9,3.1,841.0,0,13.74,-12.2,10.5,10.6,7.7,8.9,8.9,8.9,11.0,9.6,32.3,32.0,-2.8,0.9,0.9,7.8,41,36,25,1.3,0.3,0.0,6,6,4,0,6,6,7,78,55,57,0,0,300,0,0,0,0,0,0,0,0,0
13.9,196.99,4.45,4.4,4.39,14.5,12.44,11.28,13.91,-13.5,0.04,0.02,170.5,9.1,71,1,3,783,693,935,-1,1057,13.86,977.1,621,31.3,33.7,0.9,3.1,911.5,0,14.11,-12.1,11.3,11.5,8.7,9.7,9.7,9.7,11.7,10.3,32.5,32.2,-3.0,0.9,1.1,7.6,41,35,25,1.0,0.0,-0.8,6,6,4,0,6,6,7,79,56,59,0,0,300,0,0,0,0,0,0,0,0,0
14.74,195.01,0.31,0.28,0.28,17.8,12.3,10.86,14.77,-14.9,0.03,0.05,170.9,9.7,71,1,3,990,692,1187,6,1305,14.7,1175.1,749,28.9,35.4,0.9,3.0,1606.0,0,16.14,-12.2,11.1,11.2,8.4,9.5,9.5,9.5,11.4,10.0,32.4,32.2,-3.0,0.9,1.0,7.8,45,38,25,3.2,-0.3,0.0,6,6,4,0,5,6,7,79,56,58,0,0,300,0,0,0,0,0,0,0,0,0
14.85,54.0,0.37,0.32,0.28,10.82,14.44,13.18,14.86,-9.3,0.07,-0.03,170.5,9.1,70,1,3,931,692,1122,-12,1325,14.86,1088.0,691,30.7,33.5,0.9,3.1,912.5,0,14.12,-12.1,11.2,11.4,9.1,9.6,9.6,9.6,11.6,10.2,32.4,32.3,-3.0,0.9,1.1,7.7,44,37,25,0.7,1.3,-0.6,6,6,4,0,5,6,7,79,56,59,0,0,300,0,0,0,0,0,0,0,0,0
13.26,294.01,5.18,5.11,5.1,10.68,10.12,11.3,13.25,-13.0,0.01,0.05,171.0,9.5,70,1,3,711,693,858,0,970,13.22,935.6,594,31.6,33.9,0.9,3.1,841.0,0,13.74,-12.2,10.6,10.7,7.9,9.0,9.0,9.0,11.1,9.8,32.4,32.2,-2.8,0.9,0.9,7.8,40,34,25,0.0,0.0,0.5,6,6,4,0,5,6,6,78,55,58,0,0,300,0,0,0,0,0,0,0,0,0
13.76,20.02,4.06,3.98,3.96,22.26,23.34,22.16,13.8,-12.8,0.06,-0.07,170.4,10.2,71,1,3,775,693,926,0,1041,13.76,995.9,637,32.1,34.1,0.9,3.1,935.0,0,14.23,-12.1,11.4,11.5,8.8,9.7,9.7,9.7,11.8,10.4,32.6,32.3,-3.0,0.7,1.1,7.6,41,35,25,-107.4,-111.6,-110.8,6,6,4,0,5,6,7,79,57,59,0,0,300,0,0,0,0,0,0,0,0,0
13.02,124.99,4.38,4.29,4.32,24.68,26.74,21.58,13.09,-14.2,-0.12,-0.04,170.5,10.6,71,1,3,709,692,846,-1,945,13.02,938.6,598,31.7,33.7,0.9,3.1,841.0,0,13.74,-12.1,10.6,10.7,8.0,9.0,9.0,9.0,11.1,9.8,32.4,32.2,-2.8,0.9,0.9,7.7,40,34,25,-176.7,-193.8,-161.2,6,6,4,0,5,6,6,78,55,58,0,0,300,0,0,0,0,0,0,0,0,0
14.58,250.99,0.38,0.33,0.29,14.72,10.52,12.64,14.61,-11.7,-0.1,-0.05,170.6,9.9,71,1,3,995,692,1188,-3,1361,14.58,1184.6,750,32.5,34.9,0.9,3.1,1643.0,0,16.19,-12.2,10.8,11.0,8.4,9.2,9.2,9.2,11.2,9.9,32.4,32.2,-3.0,0.9,1.0,8.0,45,38,25,-0.3,-0.2,1.1,6,6,4,0,5,6,7,79,56,58,0,0,300,0,0,0,0,0,0,0,0,0
13.38,344.02,4.06,3.96,3.99,11.28,10.82,12.9,13.4,-13.3,0.02,-0.04,170.7,10.0,69,1,3,724,693,864,0,969,13.38,930.3,592,30.8,33.2,0.9,3.1,841.0,0,13.74,-12.2,10.6,10.7,8.0,8.9,9.0,8.9,11.0,9.7,32.4,32.1,-2.9,0.9,0.9,7.6,40,34,25,0.0,0.5,0.6,6,6,4,0,5,6,6,78,55,58,0,0,300,0,0,0,0,0,0,0,0,0
13.52,144.0,3.47,3.38,3.39,12.42,12.46,11.74,13.54,-11.9,0.0,-0.06,170.3,9.9,70,1,3,786,693,945,0,1063,13.5,1013.2,644,32.0,34.3,0.9,3.1,935.0,0,14.23,-12.2,11.4,11.5,8.7,9.7,9.7,9.7,11.9,10.4,32.5,32.3,-3.0,0.7,1.1,7.5,42,35,25,1.1,0.0,-0.3,6,6,4,0,5,6,7,79,57,59,0,0,300,0,0,0,0,0,0,0,0,0
13.31,331.99,3.42,3.35,3.32,11.54,11.32,11.86,13.31,-16.7,-0.05,0.0,170.8,9.5,71,1,3,720,693,866,2,970,13.28,936.2,594,30.1,33.1,0.9,3.0,841.0,0,13.74,-12.2,10.5,10.6,8.0,8.9,9.0,8.9,11.0,9.7,32.3,32.1,-2.8,0.9,0.9,8.0,40,33,25,0.0,0.5,0.0,6,6,4,0,5,6,7,78,55,58,0,0,300,0,0,0,0,0,0,0,0,0
13.13,221.0,4.45,4.36,4.35,13.44,5.18,11.14,13.19,-14.2,-0.06,0.05,170.8,10.4,71,1,3,713,693,854,0,952,13.1,941.5,598,32.8,34.9,0.9,3.1,841.0,0,13.74,-12.2,10.5,10.6,8.0,8.9,8.9,8.8,11.0,9.6,32.3,32.1,-2.8,0.9,0.9,7.9,42,35,25,0.0,4.6,0.0,6,6,4,0,5,6,7,78,55,57,0,0,300,0,0,0,0,0,0,0,0,0
14.91,238.0,0.36,0.31,0.28,17.18,10.98,12.18,14.99,-14.2,-0.12,0.11,170.6,10.7,71,1,3,1013,693,1209,2,1362,14.86,1193.5,761,31.3,32.8,0.9,3.1,1503.0,0,15.98,-12.1,11.2,11.3,8.6,9.6,9.6,9.6,11.6,10.1,32.4,32.3,-3.0,0.9,1.1,7.7,43,36,25,0.4,0.0,1.4,6,6,4,0,5,6,7,79,56,59,0,0,300,0,0,0,0,0,0,0,0,0
14.31,123.01,0.29,0.28,0.28,13.32,13.52,10.56,14.32,-14.5,-0.12,-0.11,170.5,10.9,72,1,3,914,693,1095,0,1244,14.3,1109.4,706,31.8,34.2,0.9,3.1,1671.9,0,16.24,-12.2,10.6,10.8,8.0,9.0,9.0,9.0,11.2,9.8,32.4,32.2,-2.9,0.9,1.0,7.6,43,36,25,1.8,0.0,-0.2,6,6,4,0,6,6,6,78,56,58,0,0,300,0,0,0,0,0,0,0,0,0
14.64,105.98,0.31,0.28,0.28,13.36,14.48,10.28,14.63,-13.9,-0.07,0.01,170.6,10.4,70,1,3,971,692,1161,5,1279,14.66,1161.5,740,29.2,35.5,0.9,3.0,1606.0,0,16.14,-12.2,11.1,11.2,8.4,9.5,9.5,9.5,11.4,10.1,32.4,32.2,-3.0,0.9,1.0,7.8,45,38,25,2.4,0.3,-0.9,6,6,4,0,5,6,7,79,56,58,0,0,300,0,0,0,0,0,0,0,0,0
13.35,105.98,4.07,3.97,3.99,11.5,12.4,11.42,13.45,-13.5,-0.06,-0.04,170.6,10.3,69,1,3,715,693,864,-1,957,13.38,929.2,592,31.1,33.0,0.9,3.1,841.0,0,13.74,-12.2,10.6,10.7,8.0,8.9,9.0,8.9,11.0,9.7,32.4,32.1,-2.8,0.9,0.9,7.7,40,34,25,1.0,0.0,0.0,6,6,4,0,5,6,6,78,55,58,0,0,300,0,0,0,0,0,0,0,0,0
13.48,99.0,3.46,3.38,3.39,12.4,14.04,12.96,13.52,-13.2,-0.17,-0.01,170.4,10.1,70,1,3,787,693,947,0,1059,13.5,1009.1,643,31.9,34.0,0.9,3.1,935.0,0,14.23,-12.2,11.4,11.5,8.7,9.7,9.7,9.7,11.8,10.4,32.5,32.3,-3.0,0.7,1.1,7.5,42,35,25,0.3,0.0,-0.9,6,6,4,0,5,6,7,79,56,59,0,0,300,0,0,0,0,0,0,0,0,0
12.9,51.01,4.67,4.6,4.58,20.32,24.28,23.44,12.93,-15.1,-0.03,0.02,170.6,9.5,71,1,3,704,692,846,2,951,12.9,947.7,602,31.8,33.9,0.9,3.1,841.0,0,13.74,-12.2,10.6,10.7,7.9,9.0,9.0,9.0,11.1,9.8,32.5,32.1,-2.8,0.9,0.9,7.8,40,34,25,-292.7,-341.1,-330.9,6,6,4,0,5,6,6,78,55,58,0,0,300,0,0,0,0,0,0,0,0,0
14.3,186.98,4.38,4.31,4.29,14.42,12.56,12.18,14.32,-13.4,-0.03,0.05,170.7,8.9,71,1,3,737,693,881,0,998,14.24,887.9,567,32.8,34.9,0.9,3.1,841.0,0,13.74,-12.2,10.5,10.6,8.0,8.8,8.8,8.8,10.9,9.6,32.3,32.1,-2.8,0.9,0.9,7.7,41,35,25,1.3,0.0,0.0,6,6,4,0,5,6,7,78,55,57,0,0,300,0,0,0,0,0,0,0,0,0
14.67,353.99,0.37,0.32,0.29,10.86,12.6,13.72,14.69,-10.1,-0.12,0.05,170.7,9.4,71,1,3,1012,692,1218,-1,1367,14.7,1203.4,764,32.3,34.9,0.9,3.1,1643.0,0,16.19,-12.2,10.8,10.9,8.2,9.2,9.2,9.2,11.3,9.9,32.4,32.2,-3.0,0.9,1.0,7.9,44,38,25,-0.5,1.1,0.0,6,6,4,0,5,6,7,79,56,58,0,0,300,0,0,0,0,0,0,0,0,0
13.14,141.98,4.45,4.35,4.35,12.52,11.5,11.86,13.15,-14.4,-0.04,-0.05,170.7,10.1,71,1,3,712,692,855,0,954,13.1,938.2,598,33.1,35.3,0.9,3.1,841.0,0,13.74,-12.2,10.5,10.6,8.0,8.8,8.9,8.8,10.9,9.6,32.3,32.1,-2.8,0.9,0.9,7.9,42,35,25,1.1,0.0,0.0,6,6,4,0,5,6,7,78,55,57,0,0,300,0,0,0,0,0,0,0,0,0
14.53,286.99,4.12,4.05,4.05,12.96,12.14,12.06,14.59,-16.1,0.02,-0.05,170.7,10.1,71,1,3,789,694,947,-1,1069,14.5,941.5,600,31.3,33.9,0.9,3.1,906.4,0,14.09,-12.1,11.3,11.5,8.9,9.7,9.7,9.7,11.9,10.4,32.5,32.3,-3.0,0.8,1.1,7.4,41,35,25,-0.6,0.0,0.5,6,6,4,0,5,6,7,79,56,59,0,0,300,0,0,0,0,0,0,0,0,0
13.19,96.01,2.32,2.26,2.26,11.66,12.44,11.18,13.2,-14.1,-0.07,-0.03,170.7,9.0,71,1,3,714,693,860,0,962,13.18,939.4,598,27.4,34.0,0.9,3.0,841.0,0,13.74,-12.2,10.5,10.6,7.9,8.9,8.9,8.8,11.0,9.7,32.3,32.1,-2.8,0.9,0.9,7.9,42,35,25,1.0,0.3,-0.2,6,6,4,0,5,6,7,78,55,57,0,0,300,0,0,0,0,0,0,0,0,0
13.08,299.02,2.32,2.25,2.26,11.8,10.62,11.48,13.07,-12.1,0.03,0.02,170.8,8.9,71,1,3,710,692,855,0,948,13.06,943.0,600,28.3,34.7,0.9,3.0,841.0,0,13.74,-12.2,10.5,10.6,8.0,8.9,8.9,8.8,11.0,9.7,32.3,32.1,-2.8,0.9,0.9,7.9,42,35,25,0.0,0.0,0.5,6,6,4,0,5,6,7,78,55,57,0,0,300,0,0,0,0,0,0,0,0,0
14.6,355.0,0.25,0.24,0.26,6.52,7.52,9.02,14.62,-14.0,-0.16,0.07,170.6,9.9,71,1,3,967,692,1161,2,1314,14.6,1160.9,739,33.1,35.4,0.9,3.1,1598.8,0,16.13,-12.2,10.9,11.1,8.3,9.4,9.4,9.4,11.4,10.0,32.4,32.2,-3.0,0.9,1.1,7.9,45,38,25,3.6,5.2,5.0,6,6,4,0,5,6,7,79,56,58,0,0,300,0,0,0,0,0,0,0,0,0
14.4,281.02,4.37,4.3,4.29,12.68,11.4,12.44,14.43,-13.2,0.0,0.01,170.7,9.2,71,1,3,737,693,884,0,986,14.38,881.7,561,32.5,34.8,0.9,3.1,841.0,0,13.74,-12.2,10.4,10.6,7.8,8.8,8.9,8.9,10.9,9.6,32.3,32.1,-2.8,0.9,0.9,7.7,41,36,25,0.0,0.0,0.8,6,6,4,0,5,6,7,78,55,57,0,0,300,0,0,0,0,0,0,0,0,0
14.44,24.01,2.47,2.4,2.42,10.76,13.2,12.78,14.45,-14.6,0.03,0.0,170.3,10.3,71,1,3,798,694,965,3,1075,14.46,955.4,607,31.5,33.7,0.9,3.1,906.4,0,14.09,-12.1,11.3,11.5,8.8,9.7,9.7,9.7,11.8,10.4,32.5,32.3,-3.0,0.8,1.1,7.4,41,35,25,0.0,0.9,0.0,6,6,4,0,5,6,7,79,56,59,0,0,300,0,0,0,0,0,0,0,0,0
13.24,18.0,4.13,4.05,4.04,9.68,11.46,11.26,13.26,-13.8,0.04,-0.07,170.6,10.0,71,1,3,719,693,858,0,965,13.24,934.7,595,31.4,33.5,0.9,3.1,841.0,0,13.74,-12.2,10.6,10.7,8.0,9.0,9.0,9.0,11.1,9.8,32.4,32.2,-2.8,0.9,0.9,7.7,40,34,25,0.0,0.8,0.0,6,6,4,0,5,6,6,78,55,58,0,0,300,0,0,0,0,0,0,0,0,0
14.02,130.0,4.49,4.45,4.39,12.4,12.22,12.12,14.05,-14.7,-0.09,-0.01,170.4,10.1,71,1,3,782,693,942,0,1047,14.02,964.8,614,31.5,33.4,0.9,3.1,905.4,0,14.08,-12.1,11.3,11.5,8.7,9.7,9.7,9.7,11.7,10.3,32.5,32.3,-3.0,0.9,1.1,7.6,41,35,25,1.4,0.0,-0.3,6,6,4,0,6,6,7,79,56,59,0,0,300,0,0,0,0,0,0,0,0,0
14.61,31.0,0.4,0.35,0.35,10.06,13.46,13.56,14.64,-13.7,0.08,-0.07,170.6,9.1,71,1,3,990,692,1185,0,1315,14.64,1179.9,750,32.7,35.1,0.9,3.1,1653.3,0,16.21,-12.2,10.9,11.0,8.4,9.3,9.3,9.3,11.4,10.0,32.4,32.2,-3.0,0.9,1.1,7.9,45,38,25,0.0,0.6,-0.3,6,6,4,0,5,6,7,79,56,58,0,0,300,0,0,0,0,0,0,0,0,0
13.31,256.0,2.33,2.26,2.26,12.9,10.7,10.62,13.3,-14.4,0.0,-0.01,170.8,9.9,71,1,3,722,692,863,0,970,13.28,935.2,595,27.0,33.4,0.9,3.0,841.0,0,13.74,-12.2,10.5,10.6,8.0,8.9,8.9,8.8,11.0,9.7,32.3,32.1,-2.8,0.9,0.9,7.9,40,35,25,0.0,0.0,0.0,6,6,4,0,5,6,7,78,55,57,0,0,300,0,0,0,0,0,0,0,0,0
13.19,348.98,4.43,4.33,4.35,9.96,10.32,11.48,13.25,-14.0,-0.02,-0.02,170.9,9.6,70,1,3,710,692,857,0,973,13.22,934.0,594,32.9,35.2,0.9,3.1,841.0,0,13.74,-12.2,10.5,10.6,8.0,8.8,8.9,8.8,11.0,9.6,32.3,32.1,-2.8,0.9,0.9,7.9,41,36,25,0.0,0.5,0.0,6,6,4,0,5,6,7,78,55,57,0,0,300,0,0,0,0,0,0,0,0,0
14.64,82.01,0.26,0.26,0.27,9.68,13.3,7.7,14.77,-12.2,-0.02,0.01,170.7,9.5,71,1,3,983,693,1176,2,1303,14.66,1168.2,745,33.0,35.2,0.9,3.1,1598.8,0,16.13,-12.2,11.0,11.1,8.2,9.4,9.4,9.4,11.4,10.0,32.4,32.2,-3.0,0.9,1.1,7.9,45,38,25,1.9,2.1,0.0,6,6,4,0,5,6,7,79,56,58,0,0,300,0,0,0,0,0,0,0,0,0
13.29,303.98,4.05,3.96,3.99,12.14,10.68,11.64,13.37,-11.6,-0.04,0.02,170.8,8.9,68,1,3,719,693,858,-1,985,13.3,932.6,593,31.0,33.2,0.9,3.0,841.0,0,13.74,-12.2,10.6,10.7,7.9,8.9,9.0,8.9,11.0,9.7,32.3,32.1,-2.9,0.9,0.9,7.6,39,34,25,-0.3,0.0,0.3,6,6,4,0,5,6,6,78,55,58,0,0,300,0,0,0,0,0,0,0,0,0
13.26,51.98,4.09,4.03,4.01,9.68,12.76,11.14,13.25,-14.4,-0.01,0.05,170.7,9.5,70,1,3,719,693,860,0,966,13.26,936.0,595,30.8,33.1,0.9,3.1,841.0,0,13.74,-12.2,10.6,10.7,8.1,8.9,9.0,9.0,11.1,9.8,32.4,32.2,-2.8,0.9,0.9,7.7,40,34,25,0.2,0.6,0.0,6,6,4,0,5,6,6,78,55,58,0,0,300,0,0,0,0,0,0,0,0,0
14.37,186.98,4.47,4.44,4.39,14.44,11.88,11.72,14.42,-14.7,0.03,0.03,170.5,9.8,71,1,3,794,693,950,0,1059,14.34,953.8,608,31.3,33.1,0.9,3.1,905.4,0,14.08,-12.1,11.3,11.5,8.7,9.7,9.7,9.7,11.7,10.2,32.5,32.2,-3.0,0.9,1.1,7.7,41,35,25,1.3,0.0,-0.3,6,6,4,0,6,6,7,79,56,59,0,0,300,0,0,0,0,0,0,0,0,0
14.56,303.98,0.34,0.31,0.29,12.6,11.26,13.9,14.55,-12.4,0.08,0.01,170.8,9.2,71,1,3,968,692,1166,0,1311,14.54,1165.5,742,32.0,34.5,0.9,3.1,1679.1,0,16.25,-12.2,10.7,10.9,8.0,9.1,9.2,9.2,11.2,9.9,32.4,32.2,-3.0,0.9,1.1,7.7,44,37,25,-1.1,0.3,0.6,6,6,4,0,6,6,6,79,56,58,0,0,300,0,0,0,0,0,0,0,0,0
13.1,70.99,4.79,4.73,4.69,12.88,15.84,14.26,13.15,-10.4,0.0,-0.01,170.7,8.8,69,1,3,708,693,851,0,951,13.12,935.8,596,30.6,32.5,0.9,3.1,841.0,0,13.74,-12.3,10.5,10.6,7.8,8.9,8.9,8.9,11.0,9.7,32.3,32.1,-2.8,0.9,1.0,7.9,39,33,25,-0.9,-0.7,-1.3,6,6,4,0,5,6,7,78,55,58,0,0,300,0,0,0,0,0,0,0,0,0
13.48,7.99,5.16,5.07,5.06,10.38,11.7,11.98,13.54,-14.3,0.03,-0.02,170.6,10.7,71,1,3,723,693,869,0,973,13.48,927.0,590,31.2,33.3,0.9,3.1,841.0,0,13.74,-12.2,10.6,10.7,8.1,8.9,9.0,8.9,11.1,9.8,32.4,32.2,-2.9,0.9,0.9,7.8,40,34,25,0.0,0.5,0.0,6,6,4,0,5,6,6,78,55,58,0,0,300,0,0,0,0,0,0,0,0,0
13.06,303.98,4.43,4.34,4.35,10.38,9.7,11.18,13.13,-14.5,0.02,0.0,170.8,9.4,71,1,3,711,692,849,0,950,13.08,939.8,598,33.0,35.2,1.0,3.1,841.0,0,13.74,-12.2,10.5,10.6,7.9,8.8,8.9,8.8,10.9,9.6,32.3,32.1,-2.8,0.9,0.9,7.9,41,35,25,0.0,0.2,0.2,6,6,4,0,5,6,7,78,55,57,0,0,300,0,0,0,0,0,0,0,0,0
13.86,113.0,4.45,4.41,4.39,12.9,13.32,13.02,13.82,-12.9,-0.11,-0.06,170.5,10.4,71,1,3,785,693,942,2,1058,13.88,974.3,621,31.5,33.8,0.9,3.1,911.5,0,14.11,-12.1,11.3,11.5,8.6,9.7,9.7,9.7,11.7,10.3,32.5,32.2,-3.0,0.9,1.1,7.6,41,35,25,0.3,0.0,-0.9,6,6,4,0,6,6,7,79,56,59,0,0,300,0,0,0,0,0,0,0,0,0
13.88,199.01,5.14,5.06,5.06,12.58,11.12,7.44,13.91,-10.4,0.08,0.0,170.7,8.8,70,1,3,735,693,881,-1,994,13.86,913.2,582,31.3,33.8,0.9,3.1,841.0,0,13.74,-12.2,10.6,10.7,7.9,9.0,9.0,8.9,11.1,9.8,32.4,32.2,-2.9,0.9,0.9,7.8,40,34,25,1.1,1.5,0.5,6,6,4,0,5,6,6,78,55,58,0,0,300,0,0,0,0,0,0,0,0,0
13.45,213.01,5.17,5.08,5.1,12.52,11.2,10.52,13.52,-14.2,-0.03,0.01,170.7,9.3,71,1,3,722,693,861,-1,959,13.4,929.5,591,31.6,33.8,0.9,3.1,841.0,0,13.74,-12.2,10.6,10.7,8.0,9.0,9.0,8.9,11.1,9.8,32.4,32.1,-2.9,0.9,0.9,7.8,40,34,25,0.6,0.5,0.0,6,6,4,0,5,6,6,78,55,58,0,0,300,0,0,0,0,0,0,0,0,0
14.44,5.0,0.23,0.19,0.19,3.96,5.66,6.02,14.51,-14.5,-0.11,-0.01,170.6,9.8,71,1,3,944,692,1133,2,1274,14.48,1134.6,722,32.7,35.0,0.9,3.1,1598.8,0,16.13,-12.2,10.9,11.1,8.5,9.4,9.3,9.3,11.4,10.0,32.4,32.2,-3.0,0.9,1.1,7.9,45,38,25,12.3,18.7,18.5,6,6,4,0,5,6,7,79,56,58,0,0,300,0,0,0,0,0,0,0,0,0
14.77,6.01,0.31,0.29,0.28,10.92,13.22,13.56,14.78,-14.2,-0.03,0.01,170.5,9.9,71,1,3,1026,692,1232,3,1379,14.78,1207.9,768,27.5,34.0,0.9,3.1,1606.0,0,16.14,-12.2,11.1,11.2,8.6,9.5,9.5,9.5,11.5,10.1,32.4,32.2,-3.0,0.9,1.1,7.8,45,38,25,0.0,0.9,-0.3,6,6,4,0,5,6,7,79,56,58,0,0,300,0,0,0,0,0,0,0,0,0
14.56,19.01,0.3,0.28,0.28,10.82,13.3,12.88,14.64,-13.5,0.05,-0.05,170.6,10.0,70,1,3,953,692,1139,5,1278,14.56,1144.6,729,29.6,35.4,0.9,3.1,1606.0,0,16.14,-12.2,11.1,11.2,8.2,9.5,9.5,9.5,11.4,10.1,32.4,32.2,-3.0,0.9,1.1,7.8,45,38,25,0.0,0.9,0.0,6,6,4,0,5,6,7,79,56,58,0,0,300,0,0,0,0,0,0,0,0,0
14.95,60.01,3.62,3.59,3.53,9.46,10.86,9.48,15.05,-11.7,-0.01,0.01,170.5,9.1,70,1,3,810,692,980,-16,1139,14.96,924.6,589,30.4,33.9,0.9,3.1,912.5,0,14.12,-12.1,11.2,11.4,8.6,9.6,9.6,9.6,11.6,10.2,32.5,32.2,-3.0,0.9,1.1,7.7,44,37,25,355.4,410.9,356.6,6,6,4,0,5,6,7,79,56,59,0,0,300,0,0,0,0,0,0,0,0,0
14.49,339.98,0.34,0.31,0.28,10.82,11.94,12.08,14.58,-12.9,-0.06,0.01,170.6,8.6,71,1,3,929,692,1116,2,1253,14.5,1118.4,712,30.8,31.2,0.9,3.2,1503.0,0,15.98,-12.1,11.2,11.3,8.5,9.5,9.6,9.6,11.6,10.1,32.4,32.2,-2.9,0.9,1.1,7.6,44,37,25,-0.5,1.1,0.3,6,6,4,0,5,6,7,79,56,58,0,0,300,0,0,0,0,0,0,0,0,0
13.47,33.98,3.73,3.68,3.69,6.9,9.44,10.22,13.47,-11.1,0.01,-0.04,170.4,9.4,69,1,3,776,693,935,0,1052,13.48,1002.8,637,32.1,34.3,0.9,3.1,923.8,0,14.17,-12.2,11.4,11.5,8.8,9.8,9.7,9.8,11.9,10.5,32.5,32.3,-3.0,0.7,1.1,7.5,42,36,25,0.8,1.7,1.4,6,6,4,0,5,6,7,79,57,59,0,0,300,0,0,0,0,0,0,0,0,0
13.66,87.01,5.14,5.06,5.06,11.3,12.36,11.74,13.7,-11.1,0.02,-0.03,170.7,8.9,70,1,3,726,693,875,0,974,13.7,917.1,584,31.2,33.7,0.9,3.1,841.0,0,13.74,-12.2,10.6,10.7,8.0,8.9,9.0,8.9,11.0,9.8,32.4,32.2,-2.9,0.9,0.9,7.8,40,34,25,1.0,0.0,0.0,6,6,4,0,5,6,6,78,55,58,0,0,300,0,0,0,0,0,0,0,0,0
14.52,178.99,0.33,0.3,0.28,16.1,12.3,11.0,14.57,-13.4,0.09,-0.04,170.7,9.6,71,1,3,977,692,1173,-7,1343,14.48,1166.6,740,28.9,31.4,0.8,3.1,1697.6,0,16.28,-12.1,11.1,11.3,8.3,9.5,9.6,9.6,11.6,10.1,32.4,32.2,-2.9,0.9,1.1,7.7,44,37,25,1.8,-0.3,0.0,6,6,4,0,5,6,7,79,56,59,0,0,300,0,0,0,0,0,0,0,0,0
13.92,16.99,0.15,0.11,0.1,8.2,9.74,10.26,13.94,-12.0,0.02,-0.07,170.7,9.9,71,1,3,878,693,1046,3,1175,13.92,1114.2,716,31.9,34.0,0.9,3.1,1618.3,0,16.16,-12.3,10.6,10.7,8.0,9.0,9.0,9.0,11.2,9.8,32.4,32.2,-2.8,0.9,1.0,7.6,41,35,25,5.5,10.2,6.4,6,6,4,0,6,6,6,78,56,58,0,0,300,0,0,0,0,0,0,0,0,0
13.22,173.99,4.09,4.03,4.01,12.54,11.78,10.66,13.19,-15.9,0.03,0.01,170.6,9.4,70,1,3,714,693,857,0,960,13.18,935.3,596,31.1,33.4,0.9,3.0,841.0,0,13.74,-12.2,10.6,10.7,7.9,8.9,9.0,9.0,11.1,9.7,32.4,32.1,-2.8,0.9,0.9,7.7,40,34,25,1.4,0.0,0.0,6,6,4,0,5,6,6,78,55,58,0,0,300,0,0,0,0,0,0,0,0,0
13.78,2.99,4.45,4.41,4.39,12.24,12.1,13.04,13.75,-14.7,-0.02,-0.02,170.5,10.5,72,1,3,779,693,938,0,1050,13.8,978.7,622,31.0,33.7,0.9,3.1,911.5,0,14.11,-12.1,11.3,11.5,8.8,9.7,9.7,9.7,11.8,10.3,32.5,32.2,-3.0,0.9,1.1,7.6,41,35,25,0.0,0.5,-0.3,6,6,4,0,6,6,7,79,56,59,0,0,300,0,0,0,0,0,0,0,0,0
13.26,272.99,4.83,4.77,4.73,11.86,12.52,11.28,13.29,-8.0,-0.01,-0.04,170.8,9.6,69,1,3,711,693,857,-3,963,13.26,929.1,593,30.9,32.1,0.9,3.1,841.0,0,13.74,-12.3,10.5,10.6,8.0,8.9,8.9,8.9,11.0,9.7,32.3,32.1,-2.8,0.9,1.0,7.9,39,33,25,-0.3,-0.3,0.3,6,6,4,0,5,6,7,78,55,57,0,0,300,0,0,0,0,0,0,0,0,0
13.11,146.99,4.43,4.34,4.35,12.5,11.16,11.74,13.17,-13.9,0.01,-0.06,170.7,10.0,70,1,3,709,693,854,0,953,13.12,937.8,596,32.9,35.0,0.9,3.1,841.0,0,13.74,-12.2,10.5,10.6,7.8,8.8,8.9,8.9,11.0,9.6,32.3,32.1,-2.8,0.9,0.9,7.9,41,35,25,0.5,0.0,-0.3,6,6,4,0,5,6,7,78,55,57,0,0,300,0,0,0,0,0,0,0,0,0
13.32,337.0,4.15,4.07,4.09,10.36,11.56,11.36,13.28,-10.6,-0.07,0.08,170.7,9.0,70,1,3,718,693,860,0,976,13.34,932.3,593,31.6,33.6,0.9,3.1,841.0,0,13.74,-12.2,10.6,10.7,8.0,8.9,9.0,8.9,11.1,9.8,32.4,32.1,-2.9,0.9,0.9,7.8,40,34,25,0.0,0.8,0.0,6,6,4,0,5,6,6,78,55,58,0,0,300,0,0,0,0,0,0,0,0,0
