轮毂转速,轮毂角度,叶片1角度,叶片2角度,叶片3角度,变桨电机1电流,变桨电机2电流,变桨电机3电流,超速传感器转速检测值,5秒偏航对风平均值,x方向振动值,y方向振动值,液压制动压力,机舱气象站风速,风向绝对值,大气压力,无功功率控制状态,变频器电网侧电流,变频器电网侧电压,变频器电网侧有功功率,变频器电网侧无功功率,变频器发电机侧功率,发电机运行频率,发电机电流,发电机转矩,变频器入口温度,变频器出口温度,变频器入口压力,变频器出口压力,发电机功率限幅值,无功功率设定值,额定的轮毂转速,测风塔环境温度,发电机定子温度1,发电机定子温度2,发电机定子温度3,发电机定子温度4,发电机定子温度5,发电机定子温度6,发电机空气温度1,发电机空气温度2,主轴承温度1,主轴承温度2,轮毂温度,轮毂控制柜温度,机舱温度,机舱控制柜温度,变频器INU温度,变频器ISU温度,变频器INU RMIO温度,变桨电机1功率估算,变桨电机2功率估算,变桨电机3功率估算,风机当前状态值,轮毂当前状态值,偏航状态值,偏航要求值,叶片1电池箱温度,叶片2电池箱温度,叶片3电池箱温度,叶片1变桨电机温度,叶片2变桨电机温度,叶片3变桨电机温度,叶片1变频器箱温度,叶片2变频器箱温度,叶片3变频器箱温度,叶片1超级电容电压,叶片2超级电容电压,叶片3超级电容电压,驱动1晶闸管温度,驱动2晶闸管温度,驱动3晶闸管温度,驱动1输出扭矩,驱动2输出扭矩,驱动3输出扭矩
7.53,132.98,0.34,0.26,0.26,4.48,7.2,3.78,7.51,-8.8,-0.04,-0.02,173.4,4.3,137.0,1.0,3.0,126.0,690.0,149.0,0.0,163.0,7.52,276.3,176.0,30.8,32.2,0.6,2.8,2001.5,0.0,16.73,-10.0,5.4,5.7,4.9,6.1,5.3,3.9,6.0,6.7,31.8,31.2,7.0,8.0,-3.1,8.7,29.0,27.0,25.0,0.2,0.0,0.0,6.0,6.0,4.0,0.0,12.0,13.0,13.0,88.0,60.0,52.0,8.0,8.0,300.0,0.0,0.0,0.0,0.0,0.0,0.0,0.0,0.0,0.0
8.22,238.0,0.41,0.31,0.32,4.38,6.62,5.2,8.42,-8.3,0.0,0.01,173.3,4.5,139.0,1.0,3.0,166.0,690.0,194.0,0.0,217.0,8.24,331.9,210.0,31.2,32.8,0.6,2.7,2054.2,0.0,16.81,-9.9,5.5,5.7,5.1,6.1,5.2,3.9,6.0,6.7,31.6,31.2,6.6,7.9,-3.2,8.7,30.0,28.0,25.0,0.1,0.0,0.1,6.0,6.0,4.0,0.0,12.0,13.0,13.0,88.0,57.0,52.0,7.0,7.0,300.0,0.0,0.0,0.0,0.0,0.0,0.0,0.0,0.0,0.0
8.4,85.0,0.27,0.25,0.26,4.48,8.6,4.86,8.3,-11.7,0.01,0.0,173.2,5.2,140.0,1.0,3.0,171.0,690.0,207.0,0.0,223.0,8.4,345.0,218.0,31.3,32.8,0.6,2.8,2067.6,0.0,16.83,-9.9,5.5,5.7,5.1,6.1,5.2,3.9,6.0,6.7,31.6,31.1,6.5,7.9,-3.2,8.6,30.0,28.0,25.0,0.2,0.0,0.0,6.0,6.0,4.0,0.0,12.0,13.0,13.0,88.0,56.0,52.0,7.0,7.0,300.0,0.0,0.0,0.0,0.0,0.0,0.0,0.0,0.0,0.0
8.91,277.99,0.41,0.31,0.32,4.88,0.94,6.06,8.78,-10.2,0.0,0.0,173.0,4.8,141.0,1.0,3.0,207.0,691.0,240.0,0.0,263.0,8.9,379.8,245.0,31.4,32.9,0.6,2.8,2067.6,0.0,16.83,-9.8,5.5,5.7,5.1,6.1,5.3,3.9,6.0,6.7,31.5,31.1,6.7,7.8,-3.2,8.7,31.0,29.0,25.0,0.0,0.8,0.0,6.0,6.0,4.0,0.0,12.0,13.0,13.0,88.0,53.0,53.0,7.0,7.0,300.0,0.0,0.0,0.0,0.0,0.0,0.0,0.0,0.0,0.0
8.28,274.0,0.41,0.35,0.32,4.6,0.8,5.72,8.33,-11.2,0.01,-0.01,173.2,4.5,139.0,1.0,3.0,169.0,690.0,195.0,0.0,211.0,8.28,332.4,212.0,31.1,32.5,0.6,2.8,2067.6,0.0,16.83,-9.9,5.5,5.7,4.9,6.1,5.3,3.9,6.0,6.7,31.6,31.1,6.5,7.9,-3.2,8.7,30.0,28.0,25.0,0.0,0.1,0.0,6.0,6.0,4.0,0.0,12.0,13.0,13.0,88.0,57.0,52.0,7.0,7.0,300.0,0.0,0.0,0.0,0.0,0.0,0.0,0.0,0.0,0.0
7.53,88.99,0.35,0.27,0.26,2.58,7.64,3.62,7.58,-7.8,0.01,0.04,173.4,4.3,137.0,1.0,3.0,126.0,690.0,149.0,0.0,163.0,7.52,271.9,176.0,30.7,32.0,0.6,2.8,1946.7,0.0,16.65,-10.0,5.5,5.7,4.8,6.1,5.3,3.9,5.9,6.7,31.8,31.2,7.0,8.0,-3.1,8.7,29.0,27.0,25.0,0.2,0.0,0.0,6.0,6.0,4.0,0.0,12.0,13.0,13.0,88.0,60.0,52.0,8.0,8.0,300.0,0.0,0.0,0.0,0.0,0.0,0.0,0.0,0.0,0.0
7.64,200.02,0.38,0.3,0.31,3.9,6.4,4.14,7.7,-12.9,0.02,-0.02,173.4,4.3,140.0,1.0,3.0,134.0,690.0,159.0,0.0,166.0,7.64,282.0,181.0,30.9,32.2,0.6,2.8,1929.1,0.0,16.62,-10.0,5.5,5.7,5.1,6.1,5.2,3.8,5.9,6.7,31.7,31.1,6.8,7.9,-3.1,8.6,29.0,27.0,25.0,0.0,-0.1,0.0,6.0,6.0,4.0,0.0,12.0,13.0,13.0,88.0,60.0,52.0,7.0,7.0,300.0,0.0,0.0,0.0,0.0,0.0,0.0,0.0,0.0,0.0
8.31,103.0,0.42,0.35,0.32,4.02,7.46,4.28,8.35,-10.2,-0.03,0.01,173.2,4.8,139.0,1.0,3.0,171.0,690.0,201.0,0.0,217.0,8.32,339.4,215.0,31.6,32.8,0.6,2.8,2067.6,0.0,16.83,-9.9,5.5,5.7,5.2,6.1,5.2,3.9,6.0,6.7,31.6,31.1,6.5,7.9,-3.2,8.6,30.0,28.0,25.0,0.3,0.0,0.0,6.0,6.0,4.0,0.0,12.0,13.0,13.0,88.0,57.0,52.0,7.0,7.0,300.0,0.0,0.0,0.0,0.0,0.0,0.0,0.0,0.0,0.0
8.94,239.0,0.41,0.34,0.32,4.84,7.06,5.88,8.83,-14.9,-0.01,0.0,173.0,4.8,142.0,1.0,3.0,204.0,691.0,254.0,0.0,266.0,8.94,391.6,247.0,32.0,33.3,0.6,2.8,2067.6,0.0,16.83,-9.8,5.5,5.7,5.1,6.1,5.3,3.9,6.0,6.7,31.5,31.1,6.7,7.9,-3.2,8.7,31.0,29.0,25.0,0.2,0.0,0.0,6.0,6.0,4.0,0.0,12.0,13.0,13.0,88.0,53.0,53.0,7.0,7.0,300.0,0.0,0.0,0.0,0.0,0.0,0.0,0.0,0.0,0.0
8.91,105.01,0.4,0.3,0.31,4.14,8.42,0.0,9.08,-11.9,-0.05,0.02,173.1,5.0,141.0,1.0,3.0,202.0,691.0,249.0,0.0,267.0,8.9,386.8,247.0,31.3,32.7,0.6,2.8,2067.6,0.0,16.83,-9.8,5.5,5.7,5.0,6.1,5.3,3.9,6.0,6.7,31.5,31.1,6.7,7.8,-3.2,8.7,32.0,29.0,25.0,0.3,0.0,0.0,6.0,6.0,4.0,0.0,12.0,13.0,13.0,88.0,53.0,53.0,7.0,7.0,300.0,0.0,0.0,0.0,0.0,0.0,0.0,0.0,0.0,0.0
8.15,213.98,0.4,0.31,0.3,3.98,6.68,2.18,8.14,-13.2,0.0,0.0,173.3,4.7,140.0,1.0,3.0,157.0,690.0,189.0,0.0,205.0,8.14,319.2,205.0,31.3,32.4,0.6,2.8,2054.2,0.0,16.81,-9.9,5.5,5.7,5.2,6.1,5.2,3.8,6.0,6.7,31.6,31.2,6.5,7.9,-3.2,8.6,31.0,28.0,25.0,0.0,0.0,1.2,6.0,6.0,4.0,0.0,12.0,13.0,13.0,88.0,57.0,52.0,7.0,7.0,300.0,0.0,0.0,0.0,0.0,0.0,0.0,0.0,0.0,0.0
8.27,25.99,0.41,0.31,0.32,2.86,7.62,5.08,8.24,-7.5,0.01,0.0,173.3,4.3,139.0,1.0,3.0,163.0,690.0,200.0,0.0,217.0,8.24,329.7,211.0,30.9,32.4,0.6,2.8,2054.2,0.0,16.81,-9.9,5.4,5.7,4.9,6.1,5.2,3.9,5.9,6.7,31.6,31.2,6.6,7.9,-3.2,8.7,30.0,28.0,25.0,0.0,0.2,-0.1,6.0,6.0,4.0,0.0,12.0,13.0,13.0,88.0,57.0,52.0,7.0,7.0,300.0,0.0,0.0,0.0,0.0,0.0,0.0,0.0,0.0,0.0
7.99,126.0,0.37,0.28,0.3,4.76,7.56,4.02,7.93,-7.7,-0.07,0.01,173.3,4.4,138.0,1.0,3.0,147.0,690.0,186.0,0.0,191.0,7.98,310.0,198.0,31.1,32.6,0.6,2.8,1969.4,0.0,16.68,-9.9,5.5,5.7,5.2,6.1,5.3,3.9,6.0,6.7,31.7,31.2,6.5,7.9,-3.1,8.7,30.0,28.0,25.0,0.2,0.0,0.0,6.0,6.0,4.0,0.0,12.0,13.0,13.0,88.0,58.0,52.0,7.0,7.0,300.0,0.0,0.0,0.0,0.0,0.0,0.0,0.0,0.0,0.0
8.58,229.0,0.3,0.25,0.26,4.76,7.6,5.3,8.47,-9.7,-0.01,0.02,173.2,4.7,141.0,1.0,3.0,182.0,691.0,222.0,0.0,242.0,8.56,356.0,227.0,31.1,32.4,0.6,2.8,2067.6,0.0,16.83,-9.8,5.5,5.7,5.0,6.1,5.3,3.9,5.9,6.7,31.6,31.1,6.5,7.9,-3.2,8.7,31.0,28.0,25.0,0.0,0.0,0.0,6.0,6.0,4.0,0.0,12.0,13.0,13.0,88.0,56.0,53.0,7.0,7.0,300.0,0.0,0.0,0.0,0.0,0.0,0.0,0.0,0.0,0.0
8.18,50.0,0.4,0.31,0.32,2.34,7.48,2.32,8.19,-10.1,0.02,0.02,173.2,5.2,139.0,1.0,3.0,163.0,690.0,188.0,0.0,208.0,8.18,326.4,207.0,31.1,32.4,0.6,2.8,2054.2,0.0,16.81,-9.9,5.5,5.7,4.9,6.1,5.3,3.9,6.0,6.7,31.6,31.2,6.5,7.9,-3.2,8.6,31.0,28.0,25.0,0.0,0.0,0.0,6.0,6.0,4.0,0.0,12.0,13.0,13.0,88.0,57.0,52.0,7.0,7.0,300.0,0.0,0.0,0.0,0.0,0.0,0.0,0.0,0.0,0.0
8.52,177.98,0.3,0.25,0.26,5.54,7.44,5.36,8.6,-10.7,-0.01,-0.02,173.2,4.8,141.0,1.0,3.0,180.0,691.0,224.0,0.0,241.0,8.56,358.0,226.0,31.1,32.6,0.6,2.8,2067.6,0.0,16.83,-9.8,5.5,5.7,4.8,6.1,5.3,3.9,5.9,6.7,31.6,31.1,6.5,7.9,-3.2,8.7,31.0,28.0,25.0,0.0,-0.2,0.0,6.0,6.0,4.0,0.0,12.0,13.0,13.0,88.0,56.0,53.0,7.0,7.0,300.0,0.0,0.0,0.0,0.0,0.0,0.0,0.0,0.0,0.0
8.28,76.0,0.41,0.31,0.32,2.34,7.64,4.68,8.24,-8.5,0.02,-0.01,173.3,4.7,139.0,1.0,3.0,168.0,690.0,194.0,0.0,219.0,8.26,331.4,211.0,31.1,32.6,0.6,2.8,2067.6,0.0,16.83,-9.9,5.5,5.7,5.1,6.1,5.2,3.9,5.9,6.7,31.6,31.2,6.6,7.9,-3.2,8.7,30.0,28.0,25.0,0.0,0.0,0.0,6.0,6.0,4.0,0.0,12.0,13.0,13.0,88.0,57.0,52.0,7.0,7.0,300.0,0.0,0.0,0.0,0.0,0.0,0.0,0.0,0.0,0.0
8.1,321.98,0.38,0.31,0.3,3.0,3.78,5.2,8.12,-3.5,0.01,0.0,173.2,4.3,137.0,1.0,3.0,153.0,690.0,182.0,0.0,198.0,8.06,316.6,201.0,31.1,32.5,0.6,2.8,1981.8,0.0,16.7,-9.9,5.5,5.7,5.2,6.1,5.2,3.9,6.0,6.7,31.7,31.1,6.5,7.9,-3.1,8.7,30.0,28.0,25.0,0.0,0.5,0.0,6.0,6.0,4.0,0.0,12.0,13.0,13.0,88.0,58.0,52.0,7.0,7.0,300.0,0.0,0.0,0.0,0.0,0.0,0.0,0.0,0.0,0.0
8.95,286.99,0.39,0.3,0.29,4.4,7.04,4.88,9.1,-12.5,0.04,0.0,173.0,5.1,141.0,1.0,3.0,206.0,691.0,245.0,0.0,268.0,8.94,390.4,248.0,31.5,32.9,0.6,2.8,2067.6,0.0,16.83,-9.8,5.5,5.7,5.0,6.1,5.3,3.9,6.0,6.7,31.5,31.1,6.7,7.9,-3.2,8.7,32.0,29.0,25.0,0.0,0.0,0.0,6.0,6.0,4.0,0.0,12.0,13.0,13.0,88.0,53.0,53.0,7.0,7.0,300.0,0.0,0.0,0.0,0.0,0.0,0.0,0.0,0.0,0.0
7.53,222.98,0.34,0.26,0.26,3.6,6.24,3.82,7.55,-6.3,-0.02,0.01,173.4,4.2,136.0,1.0,3.0,126.0,689.0,153.0,0.0,164.0,7.52,272.8,176.0,30.8,32.4,0.6,2.8,1946.7,0.0,16.65,-10.0,5.5,5.7,5.1,6.1,5.3,3.9,5.9,6.7,31.8,31.1,7.0,8.0,-3.1,8.7,29.0,27.0,25.0,0.0,0.0,0.1,6.0,6.0,4.0,0.0,12.0,13.0,13.0,88.0,60.0,52.0,8.0,8.0,300.0,0.0,0.0,0.0,0.0,0.0,0.0,0.0,0.0,0.0
7.51,312.98,0.31,0.26,0.26,1.58,2.7,0.28,7.51,-9.2,0.0,-0.06,173.5,4.2,136.0,1.0,3.0,121.0,690.0,153.0,0.0,160.0,7.5,272.1,172.0,30.3,31.9,0.6,2.8,2067.6,0.0,16.83,-10.1,5.5,5.7,5.2,6.1,5.2,3.9,6.0,6.7,31.7,31.2,6.9,7.9,-3.1,8.6,29.0,27.0,25.0,1.0,1.9,0.2,6.0,6.0,4.0,0.0,12.0,13.0,13.0,88.0,59.0,53.0,7.0,7.0,300.0,0.0,0.0,0.0,0.0,0.0,0.0,0.0,0.0,0.0
7.84,316.01,0.31,0.25,0.25,3.02,6.1,4.72,7.83,-11.5,0.01,-0.01,173.3,4.3,141.0,1.0,3.0,146.0,690.0,167.0,0.0,183.0,7.82,298.3,190.0,30.9,32.2,0.6,2.8,2047.0,0.0,16.8,-9.9,5.4,5.7,4.9,6.1,5.3,3.9,6.0,6.7,31.7,31.2,6.7,7.9,-3.1,8.6,30.0,28.0,25.0,0.0,0.1,0.0,6.0,6.0,4.0,0.0,12.0,13.0,13.0,88.0,59.0,52.0,7.0,7.0,300.0,0.0,0.0,0.0,0.0,0.0,0.0,0.0,0.0,0.0
7.77,100.01,0.16,0.1,0.11,10.22,5.2,1.66,7.8,-12.2,-0.05,0.0,173.4,4.4,141.0,1.0,3.0,136.0,690.0,171.0,0.0,177.0,7.76,294.5,187.0,30.7,32.3,0.6,2.8,2003.5,0.0,16.73,-9.9,5.5,5.7,4.8,6.1,5.3,3.9,5.9,6.7,31.7,31.2,6.7,7.9,-3.1,8.7,30.0,28.0,25.0,-1.4,1.6,0.4,6.0,6.0,4.0,0.0,12.0,13.0,13.0,88.0,59.0,52.0,7.0,7.0,300.0,0.0,0.0,0.0,0.0,0.0,0.0,0.0,0.0,0.0
8.51,177.01,0.28,0.25,0.26,5.82,7.26,5.28,8.44,-12.9,0.0,-0.02,173.2,4.7,142.0,1.0,3.0,179.0,690.0,213.0,0.0,234.0,8.48,349.5,223.0,31.4,32.8,0.6,2.8,2067.6,0.0,16.83,-9.8,5.5,5.7,4.8,6.1,5.3,3.9,6.0,6.7,31.6,31.1,6.5,7.9,-3.2,8.7,31.0,28.0,25.0,0.0,-0.2,0.0,6.0,6.0,4.0,0.0,12.0,13.0,13.0,88.0,56.0,52.0,7.0,7.0,300.0,0.0,0.0,0.0,0.0,0.0,0.0,0.0,0.0,0.0
8.4,348.01,0.23,0.22,0.24,8.18,14.74,9.98,8.55,-10.0,0.0,0.02,173.2,4.8,139.0,1.0,3.0,172.0,690.0,201.0,0.0,219.0,8.34,335.9,216.0,31.0,32.2,0.6,2.8,2067.6,0.0,16.83,-9.9,5.5,5.7,5.1,6.1,5.2,3.8,6.0,6.7,31.6,31.1,6.5,7.9,-3.2,8.6,30.0,28.0,25.0,-4.1,-3.6,-5.5,6.0,6.0,4.0,0.0,12.0,13.0,13.0,88.0,57.0,52.0,7.0,7.0,300.0,0.0,0.0,0.0,0.0,0.0,0.0,0.0,0.0,0.0
7.55,46.01,0.35,0.27,0.26,1.48,7.88,3.84,7.55,-8.7,0.01,-0.04,173.4,4.6,136.0,1.0,3.0,128.0,690.0,149.0,0.0,163.0,7.54,273.2,176.0,30.7,32.0,0.6,2.8,1946.7,0.0,16.65,-10.0,5.5,5.7,4.9,6.1,5.3,3.9,5.9,6.7,31.8,31.1,7.0,8.1,-3.1,8.7,29.0,27.0,25.0,0.0,0.0,-0.1,6.0,6.0,4.0,0.0,12.0,13.0,13.0,88.0,60.0,52.0,8.0,8.0,300.0,0.0,0.0,0.0,0.0,0.0,0.0,0.0,0.0,0.0
8.79,154.01,0.32,0.25,0.26,5.38,7.96,4.42,8.93,-9.4,0.01,-0.02,173.1,4.5,141.0,1.0,3.0,194.0,691.0,234.0,0.0,259.0,8.78,376.8,239.0,31.2,32.6,0.6,2.8,2067.6,0.0,16.83,-9.8,5.5,5.7,4.9,6.1,5.3,3.9,5.9,6.7,31.6,31.1,6.5,7.9,-3.2,8.7,31.0,28.0,25.0,0.1,-0.2,0.0,6.0,6.0,4.0,0.0,12.0,13.0,13.0,88.0,55.0,53.0,7.0,7.0,300.0,0.0,0.0,0.0,0.0,0.0,0.0,0.0,0.0,0.0
8.1,184.0,0.39,0.31,0.3,4.18,6.58,4.28,8.15,-9.7,0.01,0.02,173.2,4.5,138.0,1.0,3.0,154.0,690.0,192.0,0.0,203.0,8.12,316.5,204.0,30.8,32.3,0.6,2.8,1981.8,0.0,16.7,-9.9,5.5,5.7,5.0,6.1,5.2,3.9,5.9,6.7,31.6,31.2,6.5,7.9,-3.2,8.7,30.0,28.0,25.0,0.1,0.0,0.0,6.0,6.0,4.0,0.0,12.0,13.0,13.0,88.0,58.0,52.0,7.0,7.0,300.0,0.0,0.0,0.0,0.0,0.0,0.0,0.0,0.0,0.0
7.53,263.02,0.41,0.31,0.32,3.08,2.32,4.38,7.53,-8.4,-0.01,-0.03,173.4,3.8,135.0,1.0,3.0,124.0,689.0,153.0,0.0,163.0,7.52,281.7,175.0,30.7,31.9,0.6,2.8,2067.6,0.0,16.83,-10.1,5.5,5.7,5.0,6.2,5.3,3.9,5.9,6.7,31.7,31.2,7.0,7.9,-3.1,8.7,29.0,27.0,25.0,0.0,0.3,0.0,6.0,6.0,4.0,0.0,12.0,13.0,13.0,88.0,59.0,53.0,7.0,7.0,300.0,0.0,0.0,0.0,0.0,0.0,0.0,0.0,0.0,0.0
8.64,126.0,0.31,0.25,0.26,5.7,8.12,5.38,8.66,-13.2,-0.02,0.0,173.2,5.1,141.0,1.0,3.0,191.0,691.0,221.0,0.0,244.0,8.66,366.2,232.0,30.9,32.5,0.6,2.8,2067.6,0.0,16.83,-9.8,5.5,5.7,4.8,6.1,5.3,3.9,6.0,6.7,31.6,31.1,6.5,7.9,-3.2,8.7,31.0,28.0,25.0,0.3,0.0,0.0,6.0,6.0,4.0,0.0,12.0,13.0,13.0,88.0,55.0,53.0,7.0,7.0,300.0,0.0,0.0,0.0,0.0,0.0,0.0,0.0,0.0,0.0
8.84,256.0,0.35,0.25,0.26,4.7,7.64,5.2,8.8,-11.9,-0.01,-0.01,173.1,4.6,142.0,1.0,3.0,198.0,691.0,239.0,0.0,263.0,8.82,379.9,241.0,31.8,33.2,0.6,2.8,2067.6,0.0,16.83,-9.8,5.5,5.7,5.1,6.1,5.3,3.9,6.0,6.7,31.5,31.1,6.5,7.9,-3.2,8.7,31.0,28.0,25.0,0.2,0.0,0.0,6.0,6.0,4.0,0.0,12.0,13.0,13.0,88.0,54.0,53.0,7.0,7.0,300.0,0.0,0.0,0.0,0.0,0.0,0.0,0.0,0.0,0.0
8.63,24.98,0.3,0.25,0.26,3.88,9.0,5.74,8.47,-12.3,-0.04,-0.02,173.2,4.7,141.0,1.0,3.0,188.0,691.0,219.0,-1.0,236.0,8.58,359.9,228.0,31.6,32.7,0.6,2.8,2067.6,0.0,16.83,-9.8,5.5,5.7,5.0,6.1,5.2,3.9,6.0,6.7,31.6,31.1,6.5,7.9,-3.2,8.7,31.0,28.0,25.0,0.1,0.0,0.0,6.0,6.0,4.0,0.0,12.0,13.0,13.0,88.0,56.0,53.0,7.0,7.0,300.0,0.0,0.0,0.0,0.0,0.0,0.0,0.0,0.0,0.0
8.73,119.02,0.33,0.25,0.26,5.04,8.64,5.6,8.71,-10.3,-0.02,0.02,173.1,4.8,141.0,1.0,3.0,191.0,692.0,234.0,0.0,256.0,8.74,373.4,238.0,31.6,32.8,0.6,2.8,2067.6,0.0,16.83,-9.8,5.5,5.7,4.9,6.1,5.3,3.9,5.9,6.7,31.6,31.1,6.5,7.9,-3.2,8.7,31.0,28.0,25.0,0.2,0.0,0.0,6.0,6.0,4.0,0.0,12.0,13.0,13.0,88.0,55.0,53.0,7.0,7.0,300.0,0.0,0.0,0.0,0.0,0.0,0.0,0.0,0.0,0.0
7.51,312.01,0.33,0.26,0.26,1.9,5.24,4.28,7.36,-8.6,-0.01,-0.04,173.4,4.2,136.0,1.0,3.0,126.0,690.0,144.0,0.0,158.0,7.5,270.4,174.0,30.6,32.1,0.6,2.7,2001.5,0.0,16.73,-10.0,5.5,5.7,5.1,6.1,5.2,3.9,5.9,6.7,31.8,31.1,6.8,8.0,-3.1,8.7,29.0,27.0,25.0,0.0,0.0,0.0,6.0,6.0,4.0,0.0,12.0,13.0,13.0,88.0,59.0,52.0,8.0,8.0,300.0,0.0,0.0,0.0,0.0,0.0,0.0,0.0,0.0,0.0
8.07,272.99,0.38,0.29,0.3,3.76,0.74,4.34,8.11,-1.0,0.02,-0.02,173.3,4.1,137.0,1.0,3.0,152.0,690.0,183.0,0.0,198.0,8.06,313.8,201.0,31.4,32.8,0.6,2.8,1969.4,0.0,16.68,-9.9,5.5,5.7,5.1,6.1,5.3,3.9,5.9,6.7,31.7,31.1,6.5,7.9,-3.1,8.7,30.0,28.0,25.0,0.0,0.3,0.0,6.0,6.0,4.0,0.0,12.0,13.0,13.0,88.0,58.0,52.0,7.0,7.0,300.0,0.0,0.0,0.0,0.0,0.0,0.0,0.0,0.0,0.0
8.13,330.01,0.39,0.31,0.3,3.08,6.98,5.22,8.09,-13.5,0.01,0.02,173.3,4.6,139.0,1.0,3.0,152.0,690.0,192.0,0.0,204.0,8.12,316.2,204.0,31.5,32.7,0.6,2.8,1981.8,0.0,16.7,-9.9,5.5,5.7,5.0,6.1,5.3,3.9,6.0,6.7,31.7,31.1,6.5,7.9,-3.2,8.6,30.0,28.0,25.0,0.0,0.0,0.0,6.0,6.0,4.0,0.0,12.0,13.0,13.0,88.0,58.0,52.0,7.0,7.0,300.0,0.0,0.0,0.0,0.0,0.0,0.0,0.0,0.0,0.0
8.79,140.0,0.34,0.25,0.26,5.28,7.94,5.24,8.66,-16.2,0.0,0.0,173.1,4.9,142.0,1.0,3.0,197.0,691.0,234.0,0.0,259.0,8.78,377.8,239.0,31.6,33.0,0.6,2.8,2067.6,0.0,16.83,-9.8,5.5,5.7,5.0,6.1,5.3,3.9,5.9,6.7,31.6,31.1,6.5,7.9,-3.2,8.7,31.0,28.0,25.0,0.2,0.0,0.0,6.0,6.0,4.0,0.0,12.0,13.0,13.0,88.0,54.0,53.0,7.0,7.0,300.0,0.0,0.0,0.0,0.0,0.0,0.0,0.0,0.0,0.0
7.78,114.01,0.31,0.25,0.25,4.5,7.38,3.66,7.79,-11.5,-0.02,0.01,173.4,4.3,141.0,1.0,3.0,140.0,690.0,164.0,0.0,180.0,7.78,294.7,188.0,30.6,32.1,0.6,2.8,2047.0,0.0,16.8,-9.9,5.5,5.7,5.1,6.1,5.2,3.8,6.0,6.7,31.7,31.2,6.7,7.9,-3.1,8.6,30.0,28.0,25.0,0.3,-0.2,0.0,6.0,6.0,4.0,0.0,12.0,13.0,13.0,88.0,59.0,52.0,7.0,7.0,300.0,0.0,0.0,0.0,0.0,0.0,0.0,0.0,0.0,0.0
7.77,316.01,0.4,0.32,0.31,2.38,3.86,5.02,7.74,-15.3,0.02,-0.02,173.4,4.4,142.0,1.0,3.0,140.0,690.0,159.0,0.0,175.0,7.76,295.3,186.0,30.9,32.5,0.6,2.8,1970.5,0.0,16.69,-10.0,5.5,5.7,4.9,6.1,5.3,3.9,6.0,6.7,31.7,31.1,6.7,7.9,-3.1,8.6,30.0,27.0,25.0,0.0,0.3,0.0,6.0,6.0,4.0,0.0,12.0,13.0,13.0,88.0,60.0,52.0,7.0,7.0,300.0,0.0,0.0,0.0,0.0,0.0,0.0,0.0,0.0,0.0
7.47,132.98,0.31,0.26,0.26,4.7,7.1,0.94,7.44,-6.3,-0.02,0.03,173.5,3.9,136.0,1.0,3.0,126.0,690.0,150.0,0.0,158.0,7.48,272.1,172.0,30.9,32.0,0.6,2.8,2067.6,0.0,16.83,-10.1,5.4,5.7,4.9,6.1,5.3,3.9,5.9,6.7,31.7,31.2,7.0,8.0,-3.1,8.6,29.0,27.0,25.0,0.1,-0.2,0.0,6.0,6.0,4.0,0.0,12.0,13.0,13.0,88.0,59.0,53.0,8.0,8.0,300.0,0.0,0.0,0.0,0.0,0.0,0.0,0.0,0.0,0.0
7.76,141.98,0.4,0.32,0.31,4.32,6.6,4.36,7.75,-10.9,-0.04,0.01,173.4,4.2,141.0,1.0,3.0,139.0,690.0,162.0,0.0,178.0,7.76,294.6,187.0,30.9,32.0,0.6,2.8,1970.5,0.0,16.69,-10.0,5.5,5.7,5.1,6.1,5.3,3.9,6.0,6.7,31.7,31.1,6.7,7.9,-3.1,8.6,30.0,27.0,25.0,0.1,0.0,0.0,6.0,6.0,4.0,0.0,12.0,13.0,13.0,88.0,60.0,52.0,7.0,7.0,300.0,0.0,0.0,0.0,0.0,0.0,0.0,0.0,0.0,0.0
8.48,279.0,0.28,0.25,0.26,4.54,6.98,5.68,8.43,-13.3,-0.04,-0.02,173.2,5.1,142.0,1.0,3.0,179.0,690.0,216.0,0.0,234.0,8.48,350.0,223.0,31.0,32.6,0.6,2.8,2067.6,0.0,16.83,-9.8,5.5,5.7,5.1,6.1,5.2,3.8,5.9,6.7,31.6,31.1,6.5,7.9,-3.2,8.7,31.0,28.0,25.0,0.0,0.0,0.0,6.0,6.0,4.0,0.0,12.0,13.0,13.0,88.0,56.0,52.0,7.0,7.0,300.0,0.0,0.0,0.0,0.0,0.0,0.0,0.0,0.0,0.0
8.94,326.02,0.38,0.3,0.29,3.88,6.88,4.9,9.17,-11.9,0.02,-0.01,173.0,5.2,140.0,1.0,3.0,205.0,691.0,243.0,0.0,266.0,8.92,387.7,247.0,31.5,32.9,0.6,2.8,2067.6,0.0,16.83,-9.8,5.5,5.7,4.9,6.1,5.3,3.9,6.0,6.7,31.5,31.1,6.7,7.9,-3.2,8.7,31.0,29.0,25.0,0.1,0.0,0.0,6.0,6.0,4.0,0.0,12.0,13.0,13.0,88.0,53.0,53.0,7.0,7.0,300.0,0.0,0.0,0.0,0.0,0.0,0.0,0.0,0.0,0.0
7.64,285.01,0.38,0.3,0.31,2.34,5.62,4.94,7.9,-16.1,-0.01,-0.01,173.4,4.2,140.0,1.0,3.0,127.0,689.0,158.0,0.0,171.0,7.62,279.3,180.0,30.9,32.1,0.6,2.8,1929.1,0.0,16.62,-10.0,5.5,5.7,5.3,6.1,5.3,3.8,6.0,6.7,31.8,31.1,6.8,8.0,-3.1,8.7,29.0,27.0,25.0,0.0,0.0,0.0,6.0,6.0,4.0,0.0,12.0,13.0,13.0,88.0,60.0,52.0,8.0,8.0,300.0,0.0,0.0,0.0,0.0,0.0,0.0,0.0,0.0,0.0
8.32,312.98,0.41,0.35,0.32,3.56,6.04,5.52,8.29,-9.1,-0.03,-0.01,173.2,4.9,139.0,1.0,3.0,171.0,690.0,197.0,0.0,216.0,8.32,337.9,214.0,30.8,32.6,0.6,2.8,2067.6,0.0,16.83,-9.9,5.5,5.7,4.9,6.1,5.3,3.9,5.9,6.7,31.6,31.1,6.5,7.9,-3.2,8.6,30.0,28.0,25.0,0.0,0.0,0.0,6.0,6.0,4.0,0.0,12.0,13.0,13.0,88.0,57.0,52.0,7.0,7.0,300.0,0.0,0.0,0.0,0.0,0.0,0.0,0.0,0.0,0.0
8.94,331.99,0.41,0.34,0.32,4.34,4.9,5.82,9.07,-10.3,0.0,0.0,173.0,5.1,141.0,1.0,3.0,207.0,691.0,239.0,-1.0,263.0,8.9,385.7,245.0,31.6,33.0,0.6,2.8,2067.6,0.0,16.83,-9.8,5.5,5.7,4.9,6.1,5.3,3.9,6.0,6.7,31.5,31.1,6.7,7.8,-3.2,8.7,31.0,29.0,25.0,0.1,0.5,0.0,6.0,6.0,4.0,0.0,12.0,13.0,13.0,88.0,53.0,53.0,7.0,7.0,300.0,0.0,0.0,0.0,0.0,0.0,0.0,0.0,0.0,0.0
8.41,136.01,0.27,0.25,0.26,6.14,7.64,4.7,8.35,-15.6,-0.05,-0.01,173.2,5.6,140.0,1.0,3.0,173.0,690.0,209.0,0.0,225.0,8.4,345.6,219.0,31.2,32.6,0.6,2.8,2067.6,0.0,16.83,-9.9,5.5,5.7,4.9,6.1,5.3,3.9,6.0,6.7,31.6,31.1,6.5,7.9,-3.2,8.6,30.0,28.0,25.0,0.3,-0.2,0.0,6.0,6.0,4.0,0.0,12.0,13.0,13.0,88.0,56.0,52.0,7.0,7.0,300.0,0.0,0.0,0.0,0.0,0.0,0.0,0.0,0.0,0.0
7.51,353.02,0.32,0.26,0.26,1.7,7.26,4.36,7.65,-9.2,-0.04,-0.01,173.5,4.2,136.0,1.0,3.0,123.0,690.0,149.0,0.0,160.0,7.5,272.7,174.0,31.2,32.3,0.6,2.8,1955.0,0.0,16.66,-10.1,5.4,5.7,4.9,6.1,5.3,3.9,6.0,6.7,31.7,31.2,6.9,8.0,-3.1,8.7,29.0,27.0,25.0,0.0,0.3,0.0,6.0,6.0,4.0,0.0,12.0,13.0,13.0,88.0,59.0,52.0,8.0,8.0,300.0,0.0,0.0,0.0,0.0,0.0,0.0,0.0,0.0,0.0
7.53,82.01,0.41,0.31,0.32,1.74,7.38,3.64,7.7,-6.3,0.01,0.05,173.5,4.0,134.0,1.0,3.0,126.0,689.0,152.0,-1.0,165.0,7.54,273.3,176.0,30.7,32.2,0.6,2.8,2067.6,0.0,16.83,-10.1,5.5,5.7,5.2,6.2,5.3,3.9,6.0,6.7,31.7,31.2,7.0,7.9,-3.1,8.7,29.0,27.0,25.0,0.1,0.0,0.0,6.0,6.0,4.0,0.0,12.0,13.0,13.0,88.0,59.0,53.0,7.0,7.0,300.0,0.0,0.0,0.0,0.0,0.0,0.0,0.0,0.0,0.0
8.93,73.01,0.38,0.3,0.29,3.46,8.3,5.38,8.96,-10.2,0.02,0.0,173.1,5.0,140.0,1.0,3.0,202.0,692.0,251.0,0.0,266.0,8.92,385.7,247.0,31.7,33.1,0.6,2.8,2067.6,0.0,16.83,-9.8,5.5,5.7,4.9,6.1,5.3,3.9,6.0,6.7,31.5,31.1,6.7,7.9,-3.2,8.7,31.0,29.0,25.0,0.0,0.0,0.0,6.0,6.0,4.0,0.0,12.0,13.0,13.0,88.0,53.0,53.0,7.0,7.0,300.0,0.0,0.0,0.0,0.0,0.0,0.0,0.0,0.0,0.0
7.49,128.02,0.32,0.26,0.26,4.7,6.96,3.14,7.52,-8.0,0.0,-0.04,173.4,4.0,136.0,1.0,3.0,121.0,690.0,152.0,0.0,160.0,7.5,274.0,174.0,30.6,32.3,0.6,2.8,1955.0,0.0,16.66,-10.1,5.5,5.7,5.1,6.1,5.2,3.9,5.9,6.7,31.7,31.2,7.0,8.1,-3.1,8.6,29.0,27.0,25.0,0.3,0.0,0.0,6.0,6.0,4.0,0.0,12.0,13.0,13.0,88.0,59.0,52.0,8.0,8.0,300.0,0.0,0.0,0.0,0.0,0.0,0.0,0.0,0.0,0.0
9.05,5.0,0.41,0.34,0.32,4.36,7.66,6.0,9.17,-10.3,-0.03,-0.01,173.0,4.7,141.0,1.0,3.0,215.0,691.0,258.0,0.0,278.0,9.02,395.8,252.0,31.4,32.8,0.6,2.8,2067.6,0.0,16.83,-9.8,5.5,5.7,4.9,6.1,5.3,3.9,6.0,6.7,31.5,31.1,6.7,7.9,-3.2,8.7,32.0,29.0,25.0,0.0,0.2,0.0,6.0,6.0,4.0,0.0,12.0,13.0,13.0,88.0,53.0,53.0,7.0,7.0,300.0,0.0,0.0,0.0,0.0,0.0,0.0,0.0,0.0,0.0
7.97,343.01,0.34,0.25,0.25,2.68,7.4,4.82,7.93,-9.3,-0.02,0.01,173.3,4.4,140.0,1.0,3.0,152.0,690.0,171.0,0.0,187.0,7.96,305.5,195.0,30.9,32.3,0.6,2.8,2067.6,0.0,16.83,-9.9,5.5,5.7,5.0,6.1,5.3,3.9,6.0,6.7,31.7,31.1,6.6,7.9,-3.1,8.6,30.0,28.0,25.0,0.0,0.3,0.0,6.0,6.0,4.0,0.0,12.0,13.0,13.0,88.0,59.0,52.0,7.0,7.0,300.0,0.0,0.0,0.0,0.0,0.0,0.0,0.0,0.0,0.0
8.46,173.99,0.29,0.25,0.26,5.36,7.04,5.16,8.49,-7.5,0.0,-0.01,173.2,4.8,141.0,1.0,3.0,184.0,690.0,210.0,-1.0,236.0,8.52,355.3,224.0,31.2,32.6,0.6,2.8,2067.6,0.0,16.83,-9.8,5.5,5.7,4.9,6.1,5.3,3.9,6.0,6.7,31.6,31.1,6.5,7.8,-3.2,8.7,31.0,28.0,25.0,0.0,0.0,0.0,6.0,6.0,4.0,0.0,12.0,13.0,13.0,88.0,56.0,52.0,7.0,7.0,300.0,0.0,0.0,0.0,0.0,0.0,0.0,0.0,0.0,0.0
7.71,304.99,0.39,0.3,0.31,2.44,6.06,5.48,7.73,-10.5,0.02,0.0,173.4,4.4,140.0,1.0,3.0,136.0,690.0,159.0,0.0,171.0,7.7,286.6,183.0,31.2,32.5,0.6,2.8,1929.1,0.0,16.62,-10.0,5.5,5.7,5.0,6.1,5.3,3.9,6.0,6.7,31.7,31.1,6.8,7.9,-3.1,8.6,29.0,27.0,25.0,0.0,0.0,0.0,6.0,6.0,4.0,0.0,12.0,13.0,13.0,88.0,60.0,52.0,7.0,7.0,300.0,0.0,0.0,0.0,0.0,0.0,0.0,0.0,0.0,0.0
7.62,240.01,0.38,0.3,0.31,3.26,6.16,5.04,7.49,-12.2,-0.05,0.02,173.4,4.4,139.0,1.0,3.0,135.0,689.0,155.0,0.0,171.0,7.6,279.1,179.0,30.7,32.1,0.6,2.8,2025.2,0.0,16.77,-10.0,5.5,5.7,5.1,6.1,5.3,3.8,5.9,6.7,31.8,31.1,6.8,8.0,-3.1,8.7,29.0,27.0,25.0,0.0,-0.1,0.0,6.0,6.0,4.0,0.0,12.0,13.0,13.0,88.0,60.0,52.0,8.0,8.0,300.0,0.0,0.0,0.0,0.0,0.0,0.0,0.0,0.0,0.0
7.51,331.99,0.36,0.27,0.28,1.7,6.7,4.66,7.47,-7.8,-0.02,-0.03,173.5,3.9,135.0,1.0,3.0,125.0,690.0,149.0,0.0,157.0,7.48,267.7,171.0,30.2,31.6,0.6,2.8,2023.2,0.0,16.76,-10.0,5.5,5.7,5.0,6.2,5.3,3.9,6.0,6.7,31.8,31.2,6.7,7.9,-3.1,8.8,29.0,27.0,25.0,0.0,0.3,0.0,6.0,6.0,4.0,0.0,12.0,13.0,13.0,88.0,59.0,54.0,7.0,7.0,300.0,0.0,0.0,0.0,0.0,0.0,0.0,0.0,0.0,0.0
7.55,335.02,0.39,0.31,0.32,1.76,6.14,4.56,7.48,-3.5,-0.02,-0.01,173.6,4.1,133.0,1.0,3.0,123.0,689.0,153.0,0.0,163.0,7.52,272.4,175.0,30.8,31.9,0.6,2.7,2067.6,0.0,16.83,-10.1,5.5,5.7,5.2,6.2,5.3,3.9,6.0,6.7,31.7,31.2,6.8,7.9,-3.1,8.8,29.0,27.0,25.0,0.0,0.1,0.0,6.0,6.0,4.0,0.0,12.0,13.0,13.0,88.0,59.0,53.0,7.0,7.0,300.0,0.0,0.0,0.0,0.0,0.0,0.0,0.0,0.0,0.0
8.79,356.0,0.32,0.25,0.26,4.12,8.5,5.62,8.69,-10.3,0.01,0.0,173.1,4.9,142.0,1.0,3.0,196.0,692.0,233.0,0.0,259.0,8.78,376.6,239.0,31.2,32.5,0.6,2.8,2067.6,0.0,16.83,-9.8,5.5,5.7,5.0,6.1,5.3,3.9,6.0,6.7,31.6,31.1,6.5,7.9,-3.2,8.7,31.0,28.0,25.0,0.0,0.2,0.0,6.0,6.0,4.0,0.0,12.0,13.0,13.0,88.0,55.0,53.0,7.0,7.0,300.0,0.0,0.0,0.0,0.0,0.0,0.0,0.0,0.0,0.0
7.5,151.99,0.36,0.27,0.28,4.08,6.72,3.02,7.55,-0.9,0.0,-0.03,173.5,3.8,135.0,1.0,3.0,127.0,690.0,149.0,0.0,162.0,7.52,268.4,175.0,30.7,32.2,0.6,2.8,2023.2,0.0,16.76,-10.1,5.5,5.7,5.1,6.2,5.3,3.9,6.0,6.7,31.8,31.2,6.8,7.9,-3.1,8.8,29.0,27.0,25.0,0.1,0.0,0.0,6.0,6.0,4.0,0.0,12.0,13.0,13.0,88.0,59.0,54.0,7.0,7.0,300.0,0.0,0.0,0.0,0.0,0.0,0.0,0.0,0.0,0.0
0.0,0.0,0.0,0.0,0.0,0.0,0.0,0.0,0.0,0.0,0.0,0.0,0.0,0.0,0.0,0.0,0.0,0.0,0.0,252.0,0.0,0.0,0.0,0.0,0.0,0.0,0.0,0.0,0.0,0.0,0.0,0.0,0.0,0.0,0.0,0.0,0.0,0.0,0.0,0.0,0.0,0.0,0.0,0.0,0.0,0.0,0.0,0.0,0.0,0.0,0.0,0.0,0.0,0.0,0.0,0.0,0.0,0.0,0.0,0.0,0.0,0.0,0.0,0.0,0.0,0.0,0.0,0.0,0.0,0.0,0.0,0.0,0.0,0.0,0.0
8.85,315.0,0.36,0.3,0.26,4.26,3.34,5.38,9.03,-14.0,-0.02,0.0,173.1,5.4,142.0,1.0,3.0,198.0,691.0,239.0,0.0,266.0,8.84,383.9,242.0,31.7,33.2,0.6,2.8,2067.6,0.0,16.83,-9.8,5.5,5.7,4.9,6.1,5.3,3.9,6.0,6.7,31.5,31.1,6.5,7.9,-3.2,8.7,31.0,28.0,25.0,0.0,2.6,0.0,6.0,6.0,4.0,0.0,12.0,13.0,13.0,88.0,54.0,53.0,7.0,7.0,300.0,0.0,0.0,0.0,0.0,0.0,0.0,0.0,0.0,0.0
7.55,340.99,0.39,0.31,0.32,1.8,6.24,5.04,7.83,4.2,-0.01,0.05,173.4,4.4,132.0,1.0,3.0,126.0,689.0,150.0,-1.0,163.0,7.52,271.9,175.0,30.5,32.0,0.6,2.8,2067.6,0.0,16.83,-10.1,5.5,5.7,5.1,6.2,5.3,3.9,6.0,6.7,31.7,31.2,6.8,7.9,-3.2,8.7,29.0,27.0,25.0,0.0,0.1,0.0,6.0,6.0,4.0,0.0,12.0,13.0,13.0,88.0,59.0,53.0,7.0,7.0,300.0,0.0,0.0,0.0,0.0,0.0,0.0,0.0,0.0,0.0
7.51,245.02,0.39,0.31,0.32,3.16,5.64,4.26,7.56,-3.3,-0.05,-0.04,173.5,3.9,133.0,1.0,3.0,129.0,689.0,153.0,0.0,163.0,7.52,277.7,175.0,30.2,31.9,0.6,2.7,2067.6,0.0,16.83,-10.1,5.5,5.7,5.0,6.2,5.3,3.9,6.0,6.7,31.7,31.2,6.8,7.9,-3.1,8.8,29.0,27.0,25.0,0.1,0.0,0.2,6.0,6.0,4.0,0.0,12.0,13.0,13.0,88.0,59.0,53.0,7.0,7.0,300.0,0.0,0.0,0.0,0.0,0.0,0.0,0.0,0.0,0.0
7.71,176.0,0.4,0.3,0.31,3.9,6.46,4.22,7.91,-15.0,0.02,-0.02,173.4,4.3,141.0,1.0,3.0,141.0,690.0,164.0,0.0,173.0,7.72,290.8,185.0,30.9,32.5,0.6,2.8,1970.5,0.0,16.69,-10.0,5.5,5.7,5.2,6.1,5.3,3.9,6.0,6.7,31.7,31.1,6.7,7.9,-3.1,8.6,29.0,27.0,25.0,0.0,-0.1,0.0,6.0,6.0,4.0,0.0,12.0,13.0,13.0,88.0,60.0,52.0,7.0,7.0,300.0,0.0,0.0,0.0,0.0,0.0,0.0,0.0,0.0,0.0
8.77,14.0,0.33,0.25,0.26,3.76,8.7,5.56,8.96,-10.2,-0.04,-0.01,173.1,5.2,141.0,1.0,3.0,198.0,691.0,228.0,-1.0,257.0,8.76,372.9,238.0,31.2,33.0,0.6,2.8,2067.6,0.0,16.83,-9.8,5.5,5.7,4.9,6.1,5.3,3.9,6.0,6.7,31.6,31.1,6.5,7.9,-3.2,8.7,31.0,28.0,25.0,0.0,0.2,0.0,6.0,6.0,4.0,0.0,12.0,13.0,13.0,88.0,55.0,53.0,7.0,7.0,300.0,0.0,0.0,0.0,0.0,0.0,0.0,0.0,0.0,0.0
8.9,217.01,0.4,0.3,0.31,4.12,7.56,4.1,8.91,-13.4,0.01,-0.01,173.0,5.1,141.0,1.0,3.0,203.0,691.0,251.0,0.0,266.0,8.9,386.9,246.0,31.6,32.8,0.6,2.8,2067.6,0.0,16.83,-9.8,5.5,5.7,5.1,6.1,5.3,3.9,6.0,6.7,31.5,31.1,6.7,7.8,-3.2,8.7,32.0,29.0,25.0,0.0,0.0,0.2,6.0,6.0,4.0,0.0,12.0,13.0,13.0,88.0,53.0,53.0,7.0,7.0,300.0,0.0,0.0,0.0,0.0,0.0,0.0,0.0,0.0,0.0
7.5,286.99,0.36,0.27,0.28,2.6,5.88,4.46,7.69,-7.5,-0.02,0.07,173.6,3.6,135.0,1.0,3.0,124.0,690.0,146.0,0.0,155.0,7.5,265.3,170.0,30.4,31.6,0.6,2.7,2023.2,0.0,16.76,-10.0,5.5,5.7,5.2,6.2,5.3,3.9,6.0,6.7,31.7,31.2,6.7,7.9,-3.1,8.8,29.0,27.0,25.0,0.0,0.0,0.0,6.0,6.0,4.0,0.0,12.0,13.0,13.0,88.0,59.0,54.0,7.0,7.0,300.0,0.0,0.0,0.0,0.0,0.0,0.0,0.0,0.0,0.0
7.53,22.0,0.37,0.27,0.28,1.12,7.54,3.66,7.46,-2.3,0.0,-0.06,173.6,4.0,135.0,1.0,3.0,128.0,689.0,146.0,0.0,161.0,7.5,271.4,175.0,30.1,31.6,0.6,2.8,2067.6,0.0,16.83,-10.1,5.5,5.7,5.0,6.2,5.3,3.9,6.0,6.7,31.8,31.2,6.8,7.9,-3.1,8.8,29.0,27.0,25.0,0.0,0.0,-0.2,6.0,6.0,4.0,0.0,12.0,13.0,13.0,88.0,59.0,54.0,7.0,7.0,300.0,0.0,0.0,0.0,0.0,0.0,0.0,0.0,0.0,0.0
7.51,67.0,0.37,0.27,0.28,1.42,7.8,3.38,7.57,-3.2,0.01,0.01,173.5,3.7,135.0,1.0,3.0,129.0,689.0,155.0,0.0,162.0,7.52,278.1,175.0,30.2,31.8,0.6,2.8,2067.6,0.0,16.83,-10.1,5.5,5.7,5.1,6.2,5.3,3.9,6.0,6.7,31.8,31.2,6.8,7.9,-3.1,8.8,29.0,27.0,25.0,0.0,0.0,0.0,6.0,6.0,4.0,0.0,12.0,13.0,13.0,88.0,59.0,54.0,7.0,7.0,300.0,0.0,0.0,0.0,0.0,0.0,0.0,0.0,0.0,0.0
8.52,123.01,0.29,0.25,0.26,5.28,8.04,5.2,8.35,-6.7,0.0,0.0,173.2,4.7,141.0,1.0,3.0,183.0,690.0,210.0,0.0,236.0,8.5,348.5,224.0,31.3,33.0,0.6,2.8,2067.6,0.0,16.83,-9.8,5.5,5.7,4.9,6.1,5.3,3.9,6.0,6.7,31.6,31.1,6.5,7.8,-3.2,8.7,31.0,28.0,25.0,0.4,0.0,0.0,6.0,6.0,4.0,0.0,12.0,13.0,13.0,88.0,56.0,52.0,7.0,7.0,300.0,0.0,0.0,0.0,0.0,0.0,0.0,0.0,0.0,0.0
7.78,240.01,0.31,0.24,0.25,2.46,1.28,4.14,7.67,-13.4,-0.07,-0.01,173.4,4.4,141.0,1.0,3.0,138.0,690.0,170.0,0.0,179.0,7.78,295.4,188.0,30.9,32.3,0.6,2.8,2047.0,0.0,16.8,-9.9,5.5,5.7,5.1,6.1,5.3,3.9,6.0,6.7,31.7,31.2,6.7,7.9,-3.1,8.6,30.0,28.0,25.0,0.1,0.0,0.2,6.0,6.0,4.0,0.0,12.0,13.0,13.0,88.0,59.0,52.0,7.0,7.0,300.0,0.0,0.0,0.0,0.0,0.0,0.0,0.0,0.0,0.0
8.79,245.02,0.34,0.25,0.26,4.94,7.9,5.6,8.67,-13.3,-0.02,-0.01,173.1,4.9,142.0,1.0,3.0,195.0,691.0,240.0,0.0,260.0,8.8,379.5,240.0,31.8,32.9,0.6,2.8,2067.6,0.0,16.83,-9.8,5.5,5.7,5.1,6.1,5.3,3.9,6.0,6.7,31.6,31.1,6.5,7.9,-3.2,8.7,31.0,28.0,25.0,0.2,0.0,0.0,6.0,6.0,4.0,0.0,12.0,13.0,13.0,88.0,54.0,53.0,7.0,7.0,300.0,0.0,0.0,0.0,0.0,0.0,0.0,0.0,0.0,0.0
7.84,50.0,0.31,0.25,0.25,1.94,8.28,3.86,7.82,-11.9,0.03,0.01,173.4,4.7,141.0,1.0,3.0,140.0,690.0,173.0,0.0,183.0,7.82,299.1,190.0,30.8,32.5,0.6,2.8,1999.4,0.0,16.73,-9.9,5.5,5.7,5.2,6.1,5.2,3.9,6.0,6.7,31.7,31.1,6.7,7.9,-3.1,8.6,30.0,28.0,25.0,0.0,0.0,0.0,6.0,6.0,4.0,0.0,12.0,13.0,13.0,88.0,59.0,52.0,7.0,7.0,300.0,0.0,0.0,0.0,0.0,0.0,0.0,0.0,0.0,0.0
7.95,128.02,0.35,0.28,0.28,4.56,7.26,1.58,7.97,-7.5,-0.03,0.01,173.3,4.1,138.0,1.0,3.0,147.0,690.0,182.0,0.0,188.0,7.94,312.5,196.0,31.0,32.3,0.6,2.7,2032.5,0.0,16.78,-9.9,5.5,5.7,5.2,6.1,5.2,3.9,6.0,6.7,31.7,31.2,6.5,7.9,-3.1,8.6,30.0,28.0,25.0,0.2,0.0,1.5,6.0,6.0,4.0,0.0,12.0,13.0,13.0,88.0,59.0,52.0,7.0,7.0,300.0,0.0,0.0,0.0,0.0,0.0,0.0,0.0,0.0,0.0
8.34,193.0,0.27,0.25,0.26,5.76,4.98,3.62,8.51,-15.2,-0.01,-0.02,173.2,5.0,140.0,1.0,3.0,169.0,690.0,204.0,2.0,221.0,8.36,341.1,217.0,31.5,32.6,0.6,2.8,2067.6,0.0,16.83,-9.9,5.5,5.7,4.9,6.1,5.3,3.9,6.0,6.7,31.6,31.1,6.5,7.9,-3.2,8.6,30.0,28.0,25.0,0.0,0.0,0.2,6.0,6.0,4.0,0.0,12.0,13.0,13.0,88.0,57.0,52.0,7.0,7.0,300.0,0.0,0.0,0.0,0.0,0.0,0.0,0.0,0.0,0.0
8.81,193.0,0.34,0.25,0.26,4.48,7.72,5.32,8.84,-16.8,0.01,-0.01,173.1,5.4,142.0,1.0,3.0,201.0,691.0,236.0,0.0,260.0,8.8,373.2,240.0,31.4,33.0,0.6,2.8,2067.6,0.0,16.83,-9.8,5.5,5.7,5.1,6.1,5.2,3.9,6.0,6.7,31.6,31.1,6.5,7.9,-3.2,8.7,31.0,28.0,25.0,0.0,0.0,0.0,6.0,6.0,4.0,0.0,12.0,13.0,13.0,88.0,54.0,53.0,7.0,7.0,300.0,0.0,0.0,0.0,0.0,0.0,0.0,0.0,0.0,0.0
8.9,225.0,0.4,0.3,0.32,4.22,7.92,5.52,9.23,-12.6,-0.04,-0.01,173.0,4.8,141.0,1.0,3.0,208.0,691.0,242.0,-1.0,273.0,8.9,383.3,245.0,31.6,32.7,0.6,2.8,2067.6,0.0,16.83,-9.8,5.5,5.7,5.1,6.1,5.3,3.9,6.0,6.7,31.5,31.1,6.7,7.8,-3.2,8.7,31.0,29.0,25.0,0.0,0.0,0.0,6.0,6.0,4.0,0.0,12.0,13.0,13.0,88.0,53.0,53.0,7.0,7.0,300.0,0.0,0.0,0.0,0.0,0.0,0.0,0.0,0.0,0.0
7.74,256.0,0.41,0.32,0.35,3.5,6.06,5.48,7.66,-10.7,-0.03,0.02,173.4,4.7,140.0,1.0,3.0,138.0,690.0,161.0,0.0,177.0,7.76,294.2,186.0,31.1,32.2,0.6,2.8,2003.5,0.0,16.73,-9.9,5.5,5.7,5.1,6.1,5.3,3.8,6.0,6.7,31.7,31.1,6.7,7.9,-3.1,8.7,30.0,27.0,25.0,0.0,0.0,0.1,6.0,6.0,4.0,0.0,12.0,13.0,13.0,88.0,60.0,52.0,7.0,7.0,300.0,0.0,0.0,0.0,0.0,0.0,0.0,0.0,0.0,0.0
8.11,301.0,0.39,0.31,0.3,3.22,6.02,4.86,8.02,-10.0,0.01,0.0,173.3,4.2,138.0,1.0,3.0,156.0,690.0,188.0,0.0,201.0,8.1,319.4,203.0,31.0,32.4,0.6,2.8,1981.8,0.0,16.7,-9.9,5.5,5.7,5.1,6.1,5.2,3.9,6.0,6.7,31.7,31.2,6.5,7.9,-3.2,8.7,30.0,28.0,25.0,0.0,0.0,0.0,6.0,6.0,4.0,0.0,12.0,13.0,13.0,88.0,58.0,52.0,7.0,7.0,300.0,0.0,0.0,0.0,0.0,0.0,0.0,0.0,0.0,0.0
7.98,58.0,0.34,0.25,0.25,2.06,8.22,4.52,7.91,-6.7,0.02,0.03,173.3,4.5,139.0,1.0,3.0,152.0,690.0,176.0,-1.0,189.0,7.96,307.6,197.0,31.1,32.3,0.6,2.8,2067.6,0.0,16.83,-9.9,5.4,5.7,4.8,6.1,5.3,3.9,6.0,6.7,31.7,31.1,6.6,7.9,-3.1,8.6,30.0,28.0,25.0,0.0,0.0,0.0,6.0,6.0,4.0,0.0,12.0,13.0,13.0,88.0,59.0,52.0,7.0,7.0,300.0,0.0,0.0,0.0,0.0,0.0,0.0,0.0,0.0,0.0
7.5,217.01,0.33,0.26,0.26,3.3,5.84,3.22,7.51,-7.4,0.01,0.0,173.4,4.2,136.0,1.0,3.0,122.0,690.0,147.0,0.0,156.0,7.5,271.4,172.0,30.7,31.9,0.6,2.8,2001.5,0.0,16.73,-10.0,5.5,5.7,4.9,6.1,5.3,3.9,6.0,6.7,31.8,31.2,6.8,8.0,-3.1,8.7,29.0,27.0,25.0,0.0,0.0,0.1,6.0,6.0,4.0,0.0,12.0,13.0,13.0,88.0,59.0,52.0,8.0,8.0,300.0,0.0,0.0,0.0,0.0,0.0,0.0,0.0,0.0,0.0
8.79,82.01,0.34,0.25,0.26,3.74,8.52,5.54,9.0,-15.0,0.0,0.0,173.1,5.2,142.0,1.0,3.0,192.0,691.0,239.0,0.0,258.0,8.78,378.8,239.0,31.6,33.0,0.6,2.8,2067.6,0.0,16.83,-9.8,5.5,5.7,4.9,6.1,5.3,3.9,6.0,6.7,31.5,31.1,6.5,7.9,-3.2,8.7,31.0,28.0,25.0,0.2,0.0,0.0,6.0,6.0,4.0,0.0,12.0,13.0,13.0,88.0,54.0,53.0,7.0,7.0,300.0,0.0,0.0,0.0,0.0,0.0,0.0,0.0,0.0,0.0
8.85,357.01,0.35,0.25,0.26,4.1,8.56,5.38,8.8,-12.7,-0.03,-0.01,173.0,4.8,142.0,1.0,3.0,200.0,691.0,236.0,-1.0,265.0,8.84,381.1,242.0,31.5,32.6,0.6,2.8,2067.6,0.0,16.83,-9.8,5.5,5.7,4.9,6.1,5.3,3.9,6.0,6.7,31.5,31.1,6.5,7.9,-3.2,8.7,31.0,28.0,25.0,0.1,0.2,0.0,6.0,6.0,4.0,0.0,12.0,13.0,13.0,88.0,54.0,53.0,7.0,7.0,300.0,0.0,0.0,0.0,0.0,0.0,0.0,0.0,0.0,0.0
7.55,227.02,0.36,0.26,0.26,3.14,5.82,3.9,7.68,-11.7,0.01,0.01,173.5,4.3,137.0,1.0,3.0,131.0,689.0,153.0,0.0,165.0,7.56,275.3,177.0,30.9,32.0,0.6,2.8,1946.7,0.0,16.65,-10.0,5.5,5.7,4.9,6.1,5.3,3.9,6.0,6.7,31.7,31.1,6.9,8.0,-3.1,8.7,29.0,27.0,25.0,0.1,0.0,0.1,6.0,6.0,4.0,0.0,12.0,13.0,13.0,88.0,60.0,52.0,8.0,8.0,300.0,0.0,0.0,0.0,0.0,0.0,0.0,0.0,0.0,0.0
8.74,65.99,0.33,0.25,0.26,3.46,9.04,5.6,8.77,-11.4,0.05,0.01,173.1,5.3,141.0,1.0,3.0,194.0,692.0,236.0,0.0,257.0,8.74,377.3,238.0,31.1,32.6,0.6,2.8,2067.6,0.0,16.83,-9.8,5.5,5.7,4.8,6.1,5.3,3.9,6.0,6.7,31.6,31.1,6.5,7.9,-3.2,8.7,31.0,28.0,25.0,0.0,0.0,0.0,6.0,6.0,4.0,0.0,12.0,13.0,13.0,88.0,55.0,53.0,7.0,7.0,300.0,0.0,0.0,0.0,0.0,0.0,0.0,0.0,0.0,0.0
8.01,222.01,0.37,0.28,0.3,3.9,6.88,4.38,7.99,-8.5,0.0,0.03,173.3,4.5,138.0,1.0,3.0,155.0,690.0,176.0,-1.0,193.0,8.0,308.2,198.0,31.4,32.9,0.6,2.8,1969.4,0.0,16.68,-9.9,5.5,5.7,4.9,6.1,5.3,3.9,6.0,6.7,31.7,31.2,6.5,7.9,-3.1,8.7,30.0,28.0,25.0,0.0,0.0,0.0,6.0,6.0,4.0,0.0,12.0,13.0,13.0,88.0,58.0,52.0,7.0,7.0,300.0,0.0,0.0,0.0,0.0,0.0,0.0,0.0,0.0,0.0
7.5,267.98,0.22,0.17,0.18,3.58,4.18,0.68,7.45,-7.9,-0.04,0.03,173.4,3.9,136.0,1.0,3.0,129.0,690.0,153.0,0.0,160.0,7.5,268.4,172.0,30.3,31.8,0.6,2.8,2067.6,0.0,16.83,-10.1,5.5,5.7,5.2,6.1,5.3,3.9,6.0,6.7,31.7,31.2,6.9,7.9,-3.1,8.6,29.0,27.0,25.0,11.0,13.1,2.1,6.0,6.0,4.0,0.0,12.0,13.0,13.0,88.0,59.0,53.0,7.0,7.0,300.0,0.0,0.0,0.0,0.0,0.0,0.0,0.0,0.0,0.0
8.06,36.0,0.37,0.28,0.3,2.0,8.0,4.38,8.26,-9.5,0.01,0.0,173.3,4.3,139.0,1.0,3.0,148.0,690.0,186.0,0.0,195.0,8.04,311.8,200.0,30.8,32.5,0.6,2.8,1969.4,0.0,16.68,-9.9,5.5,5.7,5.1,6.1,5.3,3.9,6.0,6.7,31.7,31.2,6.5,7.9,-3.1,8.7,30.0,28.0,25.0,0.0,0.0,-0.1,6.0,6.0,4.0,0.0,12.0,13.0,13.0,88.0,58.0,52.0,7.0,7.0,300.0,0.0,0.0,0.0,0.0,0.0,0.0,0.0,0.0,0.0
8.79,49.0,0.32,0.25,0.26,3.82,8.86,5.52,8.95,-7.0,-0.04,0.01,173.1,4.8,141.0,1.0,3.0,201.0,691.0,233.0,0.0,259.0,8.78,372.8,239.0,31.1,32.8,0.6,2.8,2067.6,0.0,16.83,-9.8,5.5,5.7,4.9,6.1,5.3,3.9,6.0,6.7,31.6,31.1,6.5,7.9,-3.2,8.7,31.0,28.0,25.0,0.1,0.0,0.0,6.0,6.0,4.0,0.0,12.0,13.0,13.0,88.0,55.0,53.0,7.0,7.0,300.0,0.0,0.0,0.0,0.0,0.0,0.0,0.0,0.0,0.0
9.0,347.0,0.41,0.34,0.32,4.22,7.0,4.82,8.92,-12.6,0.0,0.0,173.0,5.0,142.0,1.0,3.0,210.0,692.0,243.0,0.0,269.0,8.96,392.0,249.0,31.4,33.1,0.6,2.8,2067.6,0.0,16.83,-9.8,5.5,5.7,4.8,6.1,5.3,3.9,6.0,6.7,31.5,31.1,6.7,7.9,-3.2,8.7,32.0,29.0,25.0,0.1,0.2,0.0,6.0,6.0,4.0,0.0,12.0,13.0,13.0,88.0,53.0,53.0,7.0,7.0,300.0,0.0,0.0,0.0,0.0,0.0,0.0,0.0,0.0,0.0
8.84,351.0,0.34,0.25,0.26,3.96,8.4,5.42,8.76,-15.2,0.0,0.0,173.1,5.0,142.0,1.0,3.0,200.0,692.0,233.0,0.0,261.0,8.8,379.3,240.0,31.3,32.6,0.6,2.8,2067.6,0.0,16.83,-9.8,5.5,5.7,4.9,6.1,5.3,3.9,6.0,6.7,31.6,31.1,6.5,7.9,-3.2,8.7,31.0,28.0,25.0,0.0,0.4,0.0,6.0,6.0,4.0,0.0,12.0,13.0,13.0,88.0,54.0,53.0,7.0,7.0,300.0,0.0,0.0,0.0,0.0,0.0,0.0,0.0,0.0,0.0
7.76,268.99,0.4,0.31,0.31,3.18,1.12,5.08,7.75,-15.9,-0.01,0.01,173.3,4.0,141.0,1.0,3.0,140.0,690.0,162.0,0.0,175.0,7.74,290.1,185.0,30.8,32.2,0.6,2.8,1970.5,0.0,16.69,-10.0,5.5,5.7,4.9,6.1,5.3,3.9,6.0,6.7,31.7,31.1,6.7,7.9,-3.1,8.6,30.0,27.0,25.0,0.0,0.4,0.0,6.0,6.0,4.0,0.0,12.0,13.0,13.0,88.0,60.0,52.0,7.0,7.0,300.0,0.0,0.0,0.0,0.0,0.0,0.0,0.0,0.0,0.0
8.43,34.99,0.27,0.25,0.26,3.4,8.14,4.58,8.23,-11.3,0.0,0.0,173.2,5.2,140.0,1.0,3.0,171.0,690.0,209.0,0.0,222.0,8.38,338.9,218.0,31.1,32.4,0.6,2.8,2067.6,0.0,16.83,-9.9,5.5,5.7,5.2,6.1,5.2,3.8,6.0,6.7,31.6,31.1,6.5,7.9,-3.2,8.6,30.0,28.0,25.0,0.2,0.2,-0.1,6.0,6.0,4.0,0.0,12.0,13.0,13.0,88.0,56.0,52.0,7.0,7.0,300.0,0.0,0.0,0.0,0.0,0.0,0.0,0.0,0.0,0.0
8.74,74.02,0.33,0.25,0.26,3.32,8.52,5.36,8.67,-14.5,0.04,0.01,173.1,5.3,141.0,1.0,3.0,198.0,691.0,230.0,0.0,254.0,8.74,370.0,237.0,31.6,32.8,0.6,2.8,2067.6,0.0,16.83,-9.8,5.5,5.7,4.9,6.1,5.3,3.9,6.0,6.7,31.6,31.1,6.5,7.9,-3.2,8.7,31.0,28.0,25.0,0.0,0.0,0.0,6.0,6.0,4.0,0.0,12.0,13.0,13.0,88.0,55.0,53.0,7.0,7.0,300.0,0.0,0.0,0.0,0.0,0.0,0.0,0.0,0.0,0.0
8.35,92.99,0.26,0.25,0.26,4.62,3.78,0.0,8.56,-10.7,0.0,0.02,173.2,5.0,140.0,1.0,3.0,171.0,690.0,204.0,0.0,220.0,8.36,345.2,216.0,31.2,32.4,0.6,2.8,2067.6,0.0,16.83,-9.9,5.5,5.7,5.2,6.1,5.3,3.9,6.0,6.7,31.6,31.1,6.5,7.9,-3.2,8.6,30.0,28.0,25.0,0.8,0.2,0.0,6.0,6.0,4.0,0.0,12.0,13.0,13.0,88.0,57.0,52.0,7.0,7.0,300.0,0.0,0.0,0.0,0.0,0.0,0.0,0.0,0.0,0.0
7.53,292.0,0.37,0.27,0.28,2.42,6.0,3.72,7.54,-3.1,0.0,-0.01,173.5,4.2,135.0,1.0,3.0,125.0,690.0,150.0,0.0,162.0,7.52,272.0,175.0,30.5,32.1,0.6,2.8,2067.6,0.0,16.83,-10.1,5.5,5.7,5.0,6.2,5.3,3.9,6.0,6.7,31.7,31.2,6.8,7.9,-3.1,8.8,29.0,27.0,25.0,0.0,0.0,0.0,6.0,6.0,4.0,0.0,12.0,13.0,13.0,88.0,59.0,54.0,7.0,7.0,300.0,0.0,0.0,0.0,0.0,0.0,0.0,0.0,0.0,0.0
8.25,40.0,0.41,0.31,0.32,2.6,7.82,4.5,8.2,-9.4,-0.02,-0.02,173.3,4.6,139.0,1.0,3.0,159.0,690.0,200.0,0.0,214.0,8.22,330.1,210.0,31.1,32.7,0.6,2.8,2054.2,0.0,16.81,-9.9,5.4,5.7,4.9,6.1,5.2,3.9,5.9,6.7,31.6,31.2,6.6,7.9,-3.2,8.7,30.0,28.0,25.0,0.0,0.0,-0.2,6.0,6.0,4.0,0.0,12.0,13.0,13.0,88.0,57.0,52.0,7.0,7.0,300.0,0.0,0.0,0.0,0.0,0.0,0.0,0.0,0.0,0.0
7.51,109.01,0.38,0.31,0.28,3.0,6.9,1.6,7.58,-8.8,-0.03,-0.05,173.5,4.1,134.0,1.0,3.0,125.0,689.0,156.0,0.0,163.0,7.52,270.1,175.0,30.5,31.7,0.6,2.8,2067.6,0.0,16.83,-10.1,5.5,5.7,5.0,6.2,5.3,3.9,6.0,6.7,31.8,31.2,6.8,7.9,-3.1,8.8,29.0,27.0,25.0,0.2,0.0,0.0,6.0,6.0,4.0,0.0,12.0,13.0,13.0,88.0,59.0,53.0,7.0,7.0,300.0,0.0,0.0,0.0,0.0,0.0,0.0,0.0,0.0,0.0
8.51,283.0,0.28,0.25,0.26,4.58,7.0,5.8,8.47,-16.3,0.04,0.01,173.2,4.9,142.0,1.0,3.0,181.0,690.0,209.0,0.0,233.0,8.48,350.6,222.0,31.4,32.8,0.6,2.8,2067.6,0.0,16.83,-9.8,5.5,5.7,5.0,6.1,5.2,3.9,6.0,6.7,31.6,31.1,6.5,7.9,-3.2,8.6,31.0,28.0,25.0,0.0,0.0,0.0,6.0,6.0,4.0,0.0,12.0,13.0,13.0,88.0,56.0,52.0,7.0,7.0,300.0,0.0,0.0,0.0,0.0,0.0,0.0,0.0,0.0,0.0
7.76,163.01,0.41,0.32,0.34,4.28,6.66,0.3,7.92,-8.7,0.02,-0.01,173.4,4.1,140.0,1.0,3.0,139.0,690.0,161.0,-1.0,178.0,7.76,294.0,187.0,30.6,32.1,0.6,2.8,2003.5,0.0,16.73,-9.9,5.4,5.7,4.9,6.1,5.3,3.9,6.0,6.7,31.7,31.1,6.7,8.0,-3.1,8.7,30.0,27.0,25.0,0.1,-0.1,0.0,6.0,6.0,4.0,0.0,12.0,13.0,13.0,88.0,60.0,52.0,8.0,8.0,300.0,0.0,0.0,0.0,0.0,0.0,0.0,0.0,0.0,0.0
8.18,1.01,0.4,0.31,0.32,2.58,7.46,3.56,8.2,-9.8,-0.06,0.0,173.3,4.7,139.0,1.0,3.0,162.0,690.0,188.0,0.0,207.0,8.16,328.6,206.0,31.2,32.5,0.6,2.7,2054.2,0.0,16.81,-9.9,5.5,5.7,4.8,6.1,5.3,3.9,6.0,6.7,31.6,31.2,6.5,7.9,-3.2,8.6,31.0,28.0,25.0,0.0,0.0,0.0,6.0,6.0,4.0,0.0,12.0,13.0,13.0,88.0,57.0,52.0,7.0,7.0,300.0,0.0,0.0,0.0,0.0,0.0,0.0,0.0,0.0,0.0
8.1,87.01,0.39,0.31,0.3,2.76,7.36,4.48,8.1,-13.2,0.02,0.0,173.3,4.7,139.0,1.0,3.0,158.0,690.0,186.0,2.0,202.0,8.1,320.2,204.0,30.9,32.2,0.6,2.8,1981.8,0.0,16.7,-9.9,5.5,5.7,4.8,6.1,5.3,3.9,6.0,6.7,31.6,31.2,6.5,7.9,-3.2,8.7,30.0,28.0,25.0,0.1,0.0,0.0,6.0,6.0,4.0,0.0,12.0,13.0,13.0,88.0,58.0,52.0,7.0,7.0,300.0,0.0,0.0,0.0,0.0,0.0,0.0,0.0,0.0,0.0
7.56,253.01,0.4,0.31,0.32,3.32,6.36,4.94,7.62,-4.7,0.01,0.03,173.5,4.3,133.0,1.0,3.0,127.0,689.0,150.0,-1.0,166.0,7.56,275.4,177.0,30.9,32.1,0.6,2.8,2067.6,0.0,16.83,-10.1,5.5,5.7,5.1,6.1,5.3,3.9,6.0,6.7,31.7,31.2,6.8,7.9,-3.2,8.7,29.0,27.0,25.0,0.1,0.0,0.0,6.0,6.0,4.0,0.0,12.0,13.0,13.0,88.0,59.0,53.0,7.0,7.0,300.0,0.0,0.0,0.0,0.0,0.0,0.0,0.0,0.0,0.0
7.77,6.98,0.42,0.32,0.35,1.64,7.08,5.12,7.81,-10.0,-0.02,-0.02,173.4,4.4,141.0,1.0,3.0,135.0,690.0,170.0,0.0,177.0,7.76,294.9,187.0,31.1,32.3,0.6,2.8,2003.5,0.0,16.73,-9.9,5.5,5.7,4.9,6.1,5.3,3.9,6.0,6.7,31.7,31.1,6.7,7.9,-3.1,8.7,30.0,28.0,25.0,0.0,0.2,-0.1,6.0,6.0,4.0,0.0,12.0,13.0,13.0,88.0,59.0,52.0,7.0,7.0,300.0,0.0,0.0,0.0,0.0,0.0,0.0,0.0,0.0,0.0
8.64,231.01,0.31,0.25,0.26,4.68,7.14,5.08,8.66,-9.1,0.01,0.0,173.2,4.7,141.0,1.0,3.0,187.0,691.0,225.0,0.0,239.0,8.62,357.7,230.0,31.2,32.7,0.6,2.8,2067.6,0.0,16.83,-9.8,5.5,5.7,5.0,6.1,5.2,3.9,5.9,6.7,31.6,31.1,6.5,7.9,-3.2,8.7,31.0,28.0,25.0,0.0,0.0,0.0,6.0,6.0,4.0,0.0,12.0,13.0,13.0,88.0,56.0,53.0,7.0,7.0,300.0,0.0,0.0,0.0,0.0,0.0,0.0,0.0,0.0,0.0
7.97,319.0,0.36,0.28,0.3,3.38,6.44,4.72,7.89,-5.1,0.03,-0.03,173.3,4.2,138.0,1.0,3.0,147.0,690.0,177.0,0.0,189.0,7.96,306.6,196.0,30.9,32.4,0.6,2.8,2032.5,0.0,16.78,-9.9,5.4,5.7,4.9,6.1,5.2,3.9,6.0,6.7,31.7,31.1,6.5,7.9,-3.1,8.6,30.0,28.0,25.0,0.0,0.0,0.0,6.0,6.0,4.0,0.0,12.0,13.0,13.0,88.0,58.0,52.0,7.0,7.0,300.0,0.0,0.0,0.0,0.0,0.0,0.0,0.0,0.0,0.0
8.25,225.0,0.41,0.35,0.32,4.18,1.1,5.22,8.59,-8.2,-0.05,0.0,173.3,4.8,139.0,1.0,3.0,163.0,690.0,201.0,0.0,210.0,8.26,332.8,212.0,31.6,32.7,0.6,2.8,2067.6,0.0,16.83,-9.9,5.5,5.7,5.0,6.1,5.2,3.9,6.0,6.7,31.6,31.2,6.5,7.9,-3.2,8.7,30.0,28.0,25.0,0.1,0.0,0.1,6.0,6.0,4.0,0.0,12.0,13.0,13.0,88.0,57.0,52.0,7.0,7.0,300.0,0.0,0.0,0.0,0.0,0.0,0.0,0.0,0.0,0.0
7.78,329.0,0.41,0.32,0.31,2.28,6.44,5.52,7.71,-13.0,0.03,0.01,173.4,4.8,141.0,1.0,3.0,141.0,690.0,164.0,0.0,179.0,7.78,291.0,187.0,30.9,32.1,0.6,2.8,1970.5,0.0,16.69,-10.0,5.5,5.7,5.0,6.1,5.3,3.9,5.9,6.7,31.7,31.1,6.7,7.9,-3.1,8.6,30.0,27.0,25.0,0.0,0.0,0.0,6.0,6.0,4.0,0.0,12.0,13.0,13.0,88.0,60.0,52.0,7.0,7.0,300.0,0.0,0.0,0.0,0.0,0.0,0.0,0.0,0.0,0.0
7.57,119.99,0.4,0.31,0.32,3.66,7.12,3.68,7.67,-7.1,0.0,0.03,173.5,4.3,134.0,1.0,3.0,133.0,690.0,152.0,0.0,168.0,7.58,280.6,179.0,30.8,32.2,0.6,2.8,2067.6,0.0,16.83,-10.1,5.5,5.7,5.1,6.1,5.3,3.9,6.0,6.7,31.7,31.2,6.8,7.9,-3.2,8.7,29.0,27.0,25.0,0.2,0.0,0.0,6.0,6.0,4.0,0.0,12.0,13.0,13.0,88.0,59.0,53.0,7.0,7.0,300.0,0.0,0.0,0.0,0.0,0.0,0.0,0.0,0.0,0.0
8.74,281.99,0.31,0.25,0.26,4.9,7.46,5.74,8.88,-14.4,-0.01,-0.02,173.2,4.6,141.0,1.0,3.0,190.0,691.0,227.0,0.0,247.0,8.68,364.8,233.0,31.5,33.1,0.6,2.8,2067.6,0.0,16.83,-9.8,5.5,5.7,5.1,6.1,5.2,3.9,6.0,6.7,31.6,31.1,6.5,7.9,-3.2,8.7,31.0,28.0,25.0,0.0,-0.2,0.0,6.0,6.0,4.0,0.0,12.0,13.0,13.0,88.0,55.0,53.0,7.0,7.0,300.0,0.0,0.0,0.0,0.0,0.0,0.0,0.0,0.0,0.0
7.53,136.01,0.36,0.26,0.26,4.62,7.18,3.52,7.8,-10.4,-0.04,0.02,173.4,4.2,137.0,1.0,3.0,128.0,689.0,155.0,0.0,164.0,7.54,278.4,176.0,30.8,32.3,0.6,2.7,1946.7,0.0,16.65,-10.0,5.5,5.7,5.1,6.1,5.3,3.9,6.0,6.7,31.7,31.1,6.9,8.1,-3.1,8.7,29.0,27.0,25.0,0.1,-0.2,0.0,6.0,6.0,4.0,0.0,12.0,13.0,13.0,88.0,60.0,52.0,8.0,8.0,300.0,0.0,0.0,0.0,0.0,0.0,0.0,0.0,0.0,0.0
7.92,10.01,0.33,0.25,0.25,2.46,7.9,4.78,8.09,-6.3,-0.04,-0.02,173.3,4.4,140.0,1.0,3.0,142.0,690.0,177.0,2.0,191.0,7.9,305.0,194.0,31.2,32.8,0.6,2.8,2067.6,0.0,16.83,-9.9,5.5,5.7,5.1,6.1,5.3,3.9,6.0,6.7,31.7,31.2,6.6,7.9,-3.1,8.6,30.0,28.0,25.0,0.0,0.2,0.0,6.0,6.0,4.0,0.0,12.0,13.0,13.0,88.0,59.0,52.0,7.0,7.0,300.0,0.0,0.0,0.0,0.0,0.0,0.0,0.0,0.0,0.0
8.77,207.0,0.32,0.25,0.26,4.98,8.02,5.6,8.72,-9.7,-0.03,0.01,173.1,5.0,141.0,1.0,3.0,199.0,692.0,230.0,0.0,260.0,8.78,377.7,239.0,31.3,32.6,0.6,2.8,2067.6,0.0,16.83,-9.8,5.5,5.7,5.1,6.1,5.2,3.8,6.0,6.7,31.6,31.1,6.5,7.9,-3.2,8.7,31.0,28.0,25.0,0.0,0.0,0.0,6.0,6.0,4.0,0.0,12.0,13.0,13.0,88.0,55.0,53.0,7.0,7.0,300.0,0.0,0.0,0.0,0.0,0.0,0.0,0.0,0.0,0.0
7.53,128.02,0.41,0.31,0.32,3.82,6.9,3.38,7.54,-6.7,-0.05,-0.02,173.5,3.9,134.0,1.0,3.0,125.0,689.0,150.0,0.0,164.0,7.52,277.5,176.0,30.3,32.0,0.6,2.8,2067.6,0.0,16.83,-10.1,5.5,5.7,5.1,6.2,5.3,3.9,6.0,6.7,31.7,31.2,7.0,7.9,-3.1,8.7,29.0,27.0,25.0,0.3,0.0,0.0,6.0,6.0,4.0,0.0,12.0,13.0,13.0,88.0,59.0,53.0,7.0,7.0,300.0,0.0,0.0,0.0,0.0,0.0,0.0,0.0,0.0,0.0
7.5,68.0,0.37,0.31,0.28,1.34,6.74,3.36,7.56,3.3,-0.02,-0.06,173.5,3.5,133.0,1.0,3.0,129.0,689.0,150.0,0.0,163.0,7.52,268.9,175.0,30.7,31.8,0.6,2.8,2067.6,0.0,16.83,-10.1,5.5,5.7,5.2,6.2,5.3,3.9,6.0,6.7,31.8,31.2,6.8,7.9,-3.1,8.8,29.0,27.0,25.0,0.0,0.0,0.0,6.0,6.0,4.0,0.0,12.0,13.0,13.0,88.0,59.0,54.0,7.0,7.0,300.0,0.0,0.0,0.0,0.0,0.0,0.0,0.0,0.0,0.0
8.28,213.01,0.41,0.35,0.32,4.64,6.6,5.2,8.28,-9.8,-0.01,0.0,173.2,4.8,139.0,1.0,3.0,166.0,690.0,203.0,0.0,214.0,8.3,337.0,214.0,31.6,33.0,0.6,2.8,2067.6,0.0,16.83,-9.9,5.5,5.7,5.0,6.1,5.3,3.9,6.0,6.7,31.6,31.1,6.5,7.9,-3.2,8.6,30.0,28.0,25.0,0.0,0.0,0.0,6.0,6.0,4.0,0.0,12.0,13.0,13.0,88.0,57.0,52.0,7.0,7.0,300.0,0.0,0.0,0.0,0.0,0.0,0.0,0.0,0.0,0.0
7.93,56.99,0.33,0.25,0.25,1.88,8.18,3.86,7.83,-9.8,0.0,0.0,173.3,4.7,140.0,1.0,3.0,150.0,690.0,170.0,0.0,191.0,7.92,302.5,194.0,30.9,32.4,0.6,2.8,2067.6,0.0,16.83,-9.9,5.5,5.7,5.0,6.1,5.3,3.9,6.0,6.7,31.7,31.1,6.6,7.9,-3.1,8.6,30.0,28.0,25.0,0.0,0.0,0.0,6.0,6.0,4.0,0.0,12.0,13.0,13.0,88.0,59.0,52.0,7.0,7.0,300.0,0.0,0.0,0.0,0.0,0.0,0.0,0.0,0.0,0.0
8.31,64.01,0.41,0.35,0.32,2.42,7.76,4.76,8.35,-12.6,0.02,0.0,173.2,5.4,140.0,1.0,3.0,164.0,690.0,201.0,0.0,213.0,8.3,334.3,213.0,31.3,32.7,0.6,2.8,2067.6,0.0,16.83,-9.9,5.5,5.7,5.1,6.1,5.2,3.9,5.9,6.7,31.6,31.2,6.5,7.9,-3.2,8.7,30.0,28.0,25.0,0.0,0.0,0.0,6.0,6.0,4.0,0.0,12.0,13.0,13.0,88.0,57.0,52.0,7.0,7.0,300.0,0.0,0.0,0.0,0.0,0.0,0.0,0.0,0.0,0.0
8.09,10.01,0.38,0.31,0.3,2.52,6.84,4.88,8.27,-4.0,-0.01,0.0,173.3,4.2,137.0,1.0,3.0,150.0,690.0,189.0,0.0,198.0,8.06,319.8,201.0,31.3,32.7,0.6,2.8,1981.8,0.0,16.7,-9.9,5.5,5.7,5.1,6.1,5.3,3.9,6.0,6.7,31.7,31.1,6.6,7.9,-3.1,8.7,30.0,28.0,25.0,0.0,0.3,0.0,6.0,6.0,4.0,0.0,12.0,13.0,13.0,88.0,58.0,52.0,7.0,7.0,300.0,0.0,0.0,0.0,0.0,0.0,0.0,0.0,0.0,0.0
7.66,115.99,0.39,0.3,0.31,3.58,6.92,3.84,7.82,-11.2,-0.03,0.01,173.4,4.3,141.0,1.0,3.0,135.0,690.0,158.0,0.0,168.0,7.66,283.7,182.0,31.2,32.3,0.6,2.8,1929.1,0.0,16.62,-10.0,5.5,5.7,5.1,6.1,5.3,3.8,6.0,6.7,31.8,31.1,6.8,7.9,-3.1,8.6,29.0,27.0,25.0,0.2,0.0,0.0,6.0,6.0,4.0,0.0,12.0,13.0,13.0,88.0,60.0,52.0,7.0,7.0,300.0,0.0,0.0,0.0,0.0,0.0,0.0,0.0,0.0,0.0
7.56,162.0,0.4,0.31,0.32,3.82,6.68,2.64,7.61,0.8,-0.04,-0.04,173.6,4.0,132.0,1.0,3.0,131.0,690.0,150.0,0.0,165.0,7.56,281.7,177.0,30.5,31.7,0.6,2.7,2067.6,0.0,16.83,-10.1,5.5,5.7,5.1,6.2,5.3,3.9,5.9,6.7,31.7,31.2,6.8,7.9,-3.2,8.7,29.0,27.0,25.0,0.1,0.0,0.0,6.0,6.0,4.0,0.0,12.0,13.0,13.0,88.0,59.0,53.0,7.0,7.0,300.0,0.0,0.0,0.0,0.0,0.0,0.0,0.0,0.0,0.0
7.77,320.0,0.42,0.32,0.35,2.1,6.08,5.82,7.98,-10.7,-0.01,0.0,173.4,4.3,141.0,1.0,3.0,137.0,690.0,167.0,0.0,176.0,7.76,292.8,187.0,31.4,32.6,0.6,2.8,2003.5,0.0,16.73,-9.9,5.5,5.7,5.1,6.1,5.3,3.9,6.0,6.7,31.7,31.1,6.7,7.9,-3.1,8.7,30.0,28.0,25.0,0.0,0.0,0.0,6.0,6.0,4.0,0.0,12.0,13.0,13.0,88.0,59.0,52.0,7.0,7.0,300.0,0.0,0.0,0.0,0.0,0.0,0.0,0.0,0.0,0.0
8.7,171.0,0.33,0.25,0.26,5.02,7.86,5.3,8.86,-11.1,-0.01,-0.01,173.1,5.1,141.0,1.0,3.0,197.0,691.0,230.0,0.0,254.0,8.72,369.7,237.0,31.8,32.9,0.6,2.8,2067.6,0.0,16.83,-9.8,5.5,5.7,5.0,6.1,5.3,3.9,6.0,6.7,31.6,31.1,6.5,7.9,-3.2,8.7,31.0,28.0,25.0,0.1,-0.2,0.0,6.0,6.0,4.0,0.0,12.0,13.0,13.0,88.0,55.0,53.0,7.0,7.0,300.0,0.0,0.0,0.0,0.0,0.0,0.0,0.0,0.0,0.0
7.53,245.99,0.39,0.31,0.32,3.62,6.0,4.68,7.44,0.8,-0.02,-0.03,173.6,4.2,133.0,1.0,3.0,131.0,690.0,153.0,0.0,163.0,7.52,276.1,175.0,30.6,31.6,0.6,2.8,2067.6,0.0,16.83,-10.1,5.5,5.7,5.1,6.1,5.3,3.9,6.0,6.7,31.7,31.2,6.8,7.9,-3.2,8.7,29.0,27.0,25.0,0.1,0.0,0.1,6.0,6.0,4.0,0.0,12.0,13.0,13.0,88.0,59.0,53.0,7.0,7.0,300.0,0.0,0.0,0.0,0.0,0.0,0.0,0.0,0.0,0.0
7.51,42.01,0.33,0.26,0.26,1.58,7.88,3.62,7.77,-6.0,0.0,0.03,173.4,3.9,136.0,1.0,3.0,124.0,690.0,153.0,0.0,160.0,7.5,271.8,174.0,30.4,31.9,0.6,2.8,2001.5,0.0,16.73,-10.0,5.5,5.7,5.1,6.1,5.3,3.9,6.0,6.7,31.8,31.2,6.9,8.0,-3.1,8.7,29.0,27.0,25.0,0.0,0.0,-0.1,6.0,6.0,4.0,0.0,12.0,13.0,13.0,88.0,59.0,52.0,8.0,8.0,300.0,0.0,0.0,0.0,0.0,0.0,0.0,0.0,0.0,0.0
7.5,177.98,0.34,0.26,0.26,4.34,6.52,3.76,7.55,-7.2,0.02,0.02,173.4,4.3,136.0,1.0,3.0,129.0,689.0,152.0,0.0,163.0,7.52,277.5,176.0,30.7,32.0,0.6,2.8,2001.5,0.0,16.73,-10.0,5.4,5.7,5.0,6.1,5.3,3.9,5.9,6.7,31.8,31.2,7.0,8.0,-3.1,8.7,29.0,27.0,25.0,0.0,-0.1,0.0,6.0,6.0,4.0,0.0,12.0,13.0,13.0,88.0,60.0,52.0,8.0,8.0,300.0,0.0,0.0,0.0,0.0,0.0,0.0,0.0,0.0,0.0
8.84,262.01,0.36,0.26,0.26,5.22,4.26,5.56,8.7,-13.1,0.0,0.0,173.1,5.0,142.0,1.0,3.0,196.0,691.0,245.0,2.0,266.0,8.84,378.3,242.0,31.4,32.9,0.6,2.8,2067.6,0.0,16.83,-9.8,5.5,5.7,5.1,6.1,5.3,3.9,6.0,6.7,31.5,31.1,6.5,7.9,-3.2,8.7,31.0,28.0,25.0,0.1,0.6,0.0,6.0,6.0,4.0,0.0,12.0,13.0,13.0,88.0,54.0,53.0,7.0,7.0,300.0,0.0,0.0,0.0,0.0,0.0,0.0,0.0,0.0,0.0
8.51,225.0,0.29,0.25,0.26,4.94,7.38,5.62,8.57,-7.6,-0.04,-0.01,173.2,4.8,141.0,1.0,3.0,183.0,691.0,210.0,0.0,237.0,8.52,350.0,224.0,31.0,32.6,0.6,2.8,2067.6,0.0,16.83,-9.8,5.5,5.7,4.9,6.1,5.3,3.9,5.9,6.7,31.6,31.1,6.5,7.8,-3.2,8.7,31.0,28.0,25.0,0.0,0.0,0.0,6.0,6.0,4.0,0.0,12.0,13.0,13.0,88.0,56.0,52.0,7.0,7.0,300.0,0.0,0.0,0.0,0.0,0.0,0.0,0.0,0.0,0.0
8.07,106.99,0.38,0.31,0.3,3.54,7.06,4.36,7.99,-5.5,-0.02,0.03,173.3,4.4,137.0,1.0,3.0,152.0,690.0,186.0,0.0,200.0,8.08,315.3,202.0,31.3,32.5,0.6,2.8,1981.8,0.0,16.7,-9.9,5.5,5.7,4.8,6.1,5.3,3.9,6.0,6.7,31.7,31.1,6.5,7.9,-3.1,8.7,30.0,28.0,25.0,0.2,0.0,0.0,6.0,6.0,4.0,0.0,12.0,13.0,13.0,88.0,58.0,52.0,7.0,7.0,300.0,0.0,0.0,0.0,0.0,0.0,0.0,0.0,0.0,0.0
7.97,222.01,0.34,0.25,0.25,4.0,6.58,4.48,7.99,-7.6,-0.01,-0.01,173.4,4.6,139.0,1.0,3.0,149.0,690.0,176.0,-1.0,189.0,7.96,308.0,196.0,31.2,32.2,0.6,2.8,2067.6,0.0,16.83,-9.9,5.5,5.7,5.2,6.1,5.2,3.9,6.0,6.7,31.7,31.1,6.5,7.9,-3.1,8.6,30.0,28.0,25.0,0.1,0.0,0.0,6.0,6.0,4.0,0.0,12.0,13.0,13.0,88.0,59.0,52.0,7.0,7.0,300.0,0.0,0.0,0.0,0.0,0.0,0.0,0.0,0.0,0.0
7.84,96.98,0.31,0.25,0.25,3.46,7.84,3.92,7.83,-11.9,0.0,-0.01,173.3,4.6,141.0,1.0,3.0,140.0,690.0,168.0,0.0,183.0,7.84,294.7,190.0,30.9,32.4,0.6,2.7,1999.4,0.0,16.73,-9.9,5.5,5.7,5.2,6.1,5.2,3.9,6.0,6.7,31.7,31.2,6.7,7.9,-3.1,8.6,30.0,28.0,25.0,0.2,-0.2,0.0,6.0,6.0,4.0,0.0,12.0,13.0,13.0,88.0,59.0,52.0,7.0,7.0,300.0,0.0,0.0,0.0,0.0,0.0,0.0,0.0,0.0,0.0
8.81,298.01,0.34,0.25,0.26,4.56,7.86,5.58,8.98,-14.8,0.0,-0.02,173.1,5.2,142.0,1.0,3.0,194.0,692.0,239.0,0.0,260.0,8.8,372.7,240.0,31.3,33.0,0.6,2.8,2067.6,0.0,16.83,-9.8,5.5,5.7,5.1,6.1,5.3,3.9,6.0,6.7,31.6,31.1,6.5,7.9,-3.2,8.7,31.0,28.0,25.0,0.0,-0.2,0.0,6.0,6.0,4.0,0.0,12.0,13.0,13.0,88.0,54.0,53.0,7.0,7.0,300.0,0.0,0.0,0.0,0.0,0.0,0.0,0.0,0.0,0.0
7.5,247.0,0.37,0.31,0.28,3.34,1.06,4.28,7.55,-1.7,-0.01,0.04,173.5,4.0,134.0,1.0,3.0,129.0,689.0,153.0,0.0,161.0,7.5,275.8,175.0,30.9,32.0,0.6,2.8,2067.6,0.0,16.83,-10.1,5.5,5.7,5.0,6.2,5.3,3.9,6.0,6.7,31.8,31.2,6.8,7.9,-3.1,8.8,29.0,27.0,25.0,0.1,0.0,0.1,6.0,6.0,4.0,0.0,12.0,13.0,13.0,88.0,59.0,54.0,7.0,7.0,300.0,0.0,0.0,0.0,0.0,0.0,0.0,0.0,0.0,0.0
8.49,72.0,0.29,0.25,0.26,3.58,8.94,5.6,8.52,-9.3,0.01,-0.02,173.2,4.8,141.0,1.0,3.0,178.0,691.0,213.0,0.0,235.0,8.5,352.1,224.0,31.1,32.6,0.6,2.7,2067.6,0.0,16.83,-9.8,5.5,5.7,5.0,6.1,5.3,3.9,6.0,6.7,31.6,31.1,6.5,7.8,-3.2,8.7,31.0,28.0,25.0,0.0,0.0,0.0,6.0,6.0,4.0,0.0,12.0,13.0,13.0,88.0,56.0,53.0,7.0,7.0,300.0,0.0,0.0,0.0,0.0,0.0,0.0,0.0,0.0,0.0
7.68,212.0,0.39,0.3,0.31,3.24,6.06,4.36,7.61,-8.9,0.03,0.02,173.4,4.4,140.0,1.0,3.0,131.0,690.0,165.0,0.0,169.0,7.68,289.2,183.0,30.8,32.2,0.6,2.8,1929.1,0.0,16.62,-10.0,5.5,5.7,5.2,6.1,5.3,3.9,6.0,6.7,31.7,31.1,6.8,7.9,-3.1,8.6,29.0,27.0,25.0,0.0,0.0,0.1,6.0,6.0,4.0,0.0,12.0,13.0,13.0,88.0,60.0,52.0,7.0,7.0,300.0,0.0,0.0,0.0,0.0,0.0,0.0,0.0,0.0,0.0
8.04,176.0,0.38,0.28,0.3,4.02,6.88,4.12,8.24,-4.8,-0.01,0.0,173.3,4.1,138.0,1.0,3.0,156.0,690.0,183.0,0.0,197.0,8.06,318.1,201.0,31.4,32.8,0.6,2.8,1969.4,0.0,16.68,-9.9,5.4,5.7,4.9,6.1,5.3,3.9,6.0,6.7,31.7,31.2,6.5,7.9,-3.1,8.7,30.0,28.0,25.0,0.0,0.0,0.0,6.0,6.0,4.0,0.0,12.0,13.0,13.0,88.0,58.0,52.0,7.0,7.0,300.0,0.0,0.0,0.0,0.0,0.0,0.0,0.0,0.0,0.0
7.82,81.0,0.31,0.25,0.25,2.92,8.12,3.86,7.78,-14.2,-0.01,-0.01,173.4,4.4,142.0,1.0,3.0,140.0,690.0,171.0,0.0,181.0,7.8,297.6,189.0,30.9,32.2,0.6,2.8,2047.0,0.0,16.8,-9.9,5.5,5.7,5.1,6.1,5.3,3.9,6.0,6.7,31.7,31.1,6.7,7.9,-3.1,8.6,30.0,28.0,25.0,0.2,0.0,0.0,6.0,6.0,4.0,0.0,12.0,13.0,13.0,88.0,59.0,52.0,7.0,7.0,300.0,0.0,0.0,0.0,0.0,0.0,0.0,0.0,0.0,0.0
7.74,180.0,0.41,0.32,0.35,3.98,6.54,3.92,7.99,-12.4,-0.01,0.0,173.4,4.2,141.0,1.0,3.0,136.0,690.0,168.0,0.0,176.0,7.76,294.7,186.0,31.0,32.6,0.6,2.8,2003.5,0.0,16.73,-9.9,5.5,5.7,5.0,6.1,5.3,3.9,5.9,6.7,31.7,31.1,6.7,7.9,-3.1,8.7,30.0,27.0,25.0,0.0,0.0,0.0,6.0,6.0,4.0,0.0,12.0,13.0,13.0,88.0,60.0,52.0,7.0,7.0,300.0,0.0,0.0,0.0,0.0,0.0,0.0,0.0,0.0,0.0
7.56,70.99,0.39,0.31,0.32,0.96,7.7,3.38,7.7,-1.0,0.02,0.01,173.4,4.3,132.0,1.0,3.0,131.0,690.0,155.0,0.0,164.0,7.54,274.9,176.0,30.3,31.7,0.6,2.8,2067.6,0.0,16.83,-10.1,5.5,5.7,4.9,6.2,5.3,3.9,6.0,6.7,31.7,31.2,6.8,7.9,-3.2,8.7,29.0,27.0,25.0,0.0,0.0,0.0,6.0,6.0,4.0,0.0,12.0,13.0,13.0,88.0,59.0,53.0,7.0,7.0,300.0,0.0,0.0,0.0,0.0,0.0,0.0,0.0,0.0,0.0
8.82,96.98,0.35,0.25,0.26,3.98,8.28,5.28,8.75,-14.1,0.02,-0.02,173.1,4.9,142.0,1.0,3.0,203.0,691.0,237.0,0.0,262.0,8.8,379.1,241.0,31.3,32.9,0.6,2.8,2067.6,0.0,16.83,-9.8,5.5,5.7,4.8,6.1,5.3,3.9,5.9,6.7,31.5,31.1,6.5,7.9,-3.2,8.7,31.0,28.0,25.0,0.3,0.0,0.0,6.0,6.0,4.0,0.0,12.0,13.0,13.0,88.0,54.0,53.0,7.0,7.0,300.0,0.0,0.0,0.0,0.0,0.0,0.0,0.0,0.0,0.0
8.63,24.01,0.3,0.25,0.26,3.98,8.6,5.22,8.44,-11.5,0.0,0.0,173.2,5.0,141.0,1.0,3.0,186.0,691.0,218.0,-1.0,242.0,8.56,353.0,227.0,31.7,33.0,0.6,2.8,2067.6,0.0,16.83,-9.8,5.5,5.7,5.1,6.1,5.3,3.9,6.0,6.7,31.6,31.1,6.5,7.9,-3.2,8.7,31.0,28.0,25.0,0.1,0.2,0.0,6.0,6.0,4.0,0.0,12.0,13.0,13.0,88.0,56.0,53.0,7.0,7.0,300.0,0.0,0.0,0.0,0.0,0.0,0.0,0.0,0.0,0.0
8.95,303.98,0.39,0.3,0.29,4.48,7.12,4.88,9.15,-11.3,0.01,0.01,173.0,5.1,140.0,1.0,3.0,212.0,691.0,245.0,0.0,270.0,8.94,392.0,248.0,31.6,32.9,0.6,2.8,2067.6,0.0,16.83,-9.8,5.5,5.7,5.0,6.1,5.3,3.9,6.1,6.7,31.5,31.1,6.7,7.8,-3.2,8.7,32.0,29.0,25.0,0.0,0.0,0.0,6.0,6.0,4.0,0.0,12.0,13.0,13.0,88.0,53.0,53.0,7.0,7.0,300.0,0.0,0.0,0.0,0.0,0.0,0.0,0.0,0.0,0.0
7.74,37.01,0.39,0.3,0.31,1.5,7.22,4.28,7.74,-17.2,0.0,-0.02,173.4,4.1,141.0,1.0,3.0,131.0,690.0,165.0,0.0,172.0,7.7,287.1,184.0,30.7,32.3,0.6,2.8,1929.1,0.0,16.62,-10.0,5.4,5.7,4.9,6.1,5.3,3.9,6.0,6.7,31.7,31.1,6.8,7.9,-3.1,8.6,29.0,27.0,25.0,0.0,0.0,-0.1,6.0,6.0,4.0,0.0,12.0,13.0,13.0,88.0,60.0,52.0,7.0,7.0,300.0,0.0,0.0,0.0,0.0,0.0,0.0,0.0,0.0,0.0
7.56,37.01,0.41,0.31,0.32,1.16,7.34,3.64,7.61,-5.1,-0.02,-0.04,173.5,3.8,134.0,1.0,3.0,129.0,690.0,156.0,0.0,165.0,7.54,280.2,177.0,30.5,32.1,0.6,2.7,2067.6,0.0,16.83,-10.1,5.5,5.7,5.2,6.1,5.3,3.9,6.0,6.7,31.7,31.2,6.9,7.9,-3.1,8.7,29.0,27.0,25.0,0.0,0.0,-0.1,6.0,6.0,4.0,0.0,12.0,13.0,13.0,88.0,59.0,53.0,7.0,7.0,300.0,0.0,0.0,0.0,0.0,0.0,0.0,0.0,0.0,0.0
7.55,357.01,0.34,0.26,0.26,1.6,7.38,4.58,7.53,-7.7,-0.05,-0.04,173.5,4.0,136.0,1.0,3.0,129.0,690.0,147.0,0.0,163.0,7.52,271.0,175.0,30.9,32.2,0.6,2.8,2001.5,0.0,16.73,-10.0,5.5,5.7,5.2,6.1,5.3,3.9,6.0,6.7,31.7,31.2,6.9,8.0,-3.1,8.7,29.0,27.0,25.0,0.0,0.2,0.0,6.0,6.0,4.0,0.0,12.0,13.0,13.0,88.0,60.0,52.0,8.0,8.0,300.0,0.0,0.0,0.0,0.0,0.0,0.0,0.0,0.0,0.0
7.88,290.02,0.32,0.25,0.25,3.42,6.04,4.14,7.77,-6.1,0.01,0.0,173.4,4.1,140.0,1.0,3.0,140.0,690.0,171.0,0.0,186.0,7.86,301.5,191.0,31.1,32.7,0.6,2.8,1999.4,0.0,16.73,-9.9,5.4,5.7,4.9,6.1,5.3,3.9,6.0,6.6,31.7,31.1,6.6,7.9,-3.1,8.6,30.0,28.0,25.0,0.0,0.0,0.0,6.0,6.0,4.0,0.0,12.0,13.0,13.0,88.0,59.0,52.0,7.0,7.0,300.0,0.0,0.0,0.0,0.0,0.0,0.0,0.0,0.0,0.0
8.81,150.01,0.35,0.25,0.26,5.12,8.02,5.22,8.85,-10.8,-0.01,0.0,173.1,4.3,142.0,1.0,3.0,197.0,691.0,243.0,0.0,263.0,8.82,377.1,241.0,31.7,32.8,0.6,2.8,2067.6,0.0,16.83,-9.8,5.5,5.7,5.0,6.1,5.3,3.9,6.0,6.7,31.5,31.1,6.5,7.9,-3.2,8.7,31.0,28.0,25.0,0.1,0.0,0.0,6.0,6.0,4.0,0.0,12.0,13.0,13.0,88.0,54.0,53.0,7.0,7.0,300.0,0.0,0.0,0.0,0.0,0.0,0.0,0.0,0.0,0.0
8.79,303.98,0.31,0.25,0.26,4.48,7.72,5.8,8.99,-11.3,-0.02,-0.01,173.1,4.9,142.0,1.0,3.0,194.0,691.0,237.0,0.0,260.0,8.78,378.8,239.0,31.6,32.8,0.6,2.8,2067.6,0.0,16.83,-9.8,5.5,5.7,5.1,6.1,5.3,3.9,6.0,6.7,31.6,31.1,6.5,7.9,-3.2,8.7,31.0,28.0,25.0,0.0,0.0,0.0,6.0,6.0,4.0,0.0,12.0,13.0,13.0,88.0,55.0,53.0,7.0,7.0,300.0,0.0,0.0,0.0,0.0,0.0,0.0,0.0,0.0,0.0
7.89,308.02,0.32,0.25,0.25,3.12,6.0,4.78,7.95,-9.5,0.06,-0.02,173.3,4.2,140.0,1.0,3.0,148.0,691.0,170.0,0.0,188.0,7.88,299.6,192.0,30.7,32.5,0.6,2.8,1999.4,0.0,16.73,-9.9,5.5,5.7,5.0,6.1,5.3,3.9,6.0,6.7,31.7,31.1,6.6,7.9,-3.1,8.6,30.0,28.0,25.0,0.0,0.0,0.0,6.0,6.0,4.0,0.0,12.0,13.0,13.0,88.0,59.0,52.0,7.0,7.0,300.0,0.0,0.0,0.0,0.0,0.0,0.0,0.0,0.0,0.0
7.66,292.0,0.39,0.3,0.31,2.42,5.32,4.8,7.63,-14.0,0.0,0.01,173.4,4.3,141.0,1.0,3.0,130.0,690.0,164.0,0.0,166.0,7.64,280.1,181.0,31.0,32.2,0.6,2.8,1929.1,0.0,16.62,-10.0,5.5,5.7,5.1,6.1,5.3,3.9,6.0,6.7,31.8,31.1,6.8,7.9,-3.1,8.6,29.0,27.0,25.0,0.0,0.0,0.0,6.0,6.0,4.0,0.0,12.0,13.0,13.0,88.0,60.0,52.0,7.0,7.0,300.0,0.0,0.0,0.0,0.0,0.0,0.0,0.0,0.0,0.0
7.5,133.99,0.35,0.26,0.26,4.56,6.9,3.58,7.53,-5.1,-0.04,-0.01,173.5,4.0,137.0,1.0,3.0,129.0,690.0,152.0,0.0,163.0,7.52,280.4,176.0,31.1,32.6,0.6,2.8,1946.7,0.0,16.65,-10.0,5.5,5.7,5.0,6.1,5.3,3.9,5.9,6.7,31.7,31.2,7.0,8.1,-3.1,8.7,29.0,27.0,25.0,0.3,0.0,0.0,6.0,6.0,4.0,0.0,12.0,13.0,13.0,88.0,60.0,52.0,8.0,8.0,300.0,0.0,0.0,0.0,0.0,0.0,0.0,0.0,0.0,0.0
7.68,162.0,0.39,0.3,0.31,4.26,6.66,4.08,7.59,-8.6,0.01,-0.02,173.4,4.2,140.0,1.0,3.0,134.0,690.0,156.0,-1.0,169.0,7.68,284.9,182.0,31.1,32.6,0.6,2.7,1929.1,0.0,16.62,-10.0,5.5,5.7,5.2,6.1,5.2,3.8,6.0,6.7,31.7,31.1,6.8,7.9,-3.1,8.6,29.0,27.0,25.0,0.0,-0.1,0.0,6.0,6.0,4.0,0.0,12.0,13.0,13.0,88.0,60.0,52.0,7.0,7.0,300.0,0.0,0.0,0.0,0.0,0.0,0.0,0.0,0.0,0.0
9.05,241.99,0.16,0.11,0.15,7.0,4.66,7.08,9.21,-3.9,0.0,0.01,173.0,4.6,140.0,1.0,3.0,217.0,691.0,257.0,0.0,282.0,9.06,399.5,253.0,31.9,33.4,0.6,2.8,2067.6,0.0,16.83,-9.8,5.5,5.7,5.1,6.1,5.3,3.9,6.1,6.7,31.5,31.1,6.7,7.9,-3.2,8.7,32.0,29.0,25.0,1.7,1.9,4.8,6.0,6.0,4.0,0.0,12.0,13.0,13.0,88.0,53.0,53.0,7.0,7.0,300.0,0.0,0.0,0.0,0.0,0.0,0.0,0.0,0.0,0.0
8.76,276.01,0.33,0.25,0.26,4.32,7.34,5.02,8.94,-11.1,-0.01,0.0,173.1,5.0,141.0,1.0,3.0,199.0,691.0,228.0,0.0,255.0,8.74,374.4,236.0,31.3,32.7,0.6,2.8,2067.6,0.0,16.83,-9.8,5.5,5.7,5.1,6.1,5.3,3.9,6.0,6.7,31.6,31.1,6.5,7.9,-3.2,8.7,31.0,28.0,25.0,0.0,0.0,0.0,6.0,6.0,4.0,0.0,12.0,13.0,13.0,88.0,55.0,53.0,7.0,7.0,300.0,0.0,0.0,0.0,0.0,0.0,0.0,0.0,0.0,0.0
8.01,294.01,0.36,0.28,0.3,3.36,6.32,4.9,7.98,-6.5,0.01,0.01,173.3,4.5,138.0,1.0,3.0,153.0,690.0,174.0,-1.0,190.0,7.98,308.7,197.0,31.4,32.5,0.6,2.8,2032.5,0.0,16.78,-9.9,5.5,5.7,4.9,6.1,5.3,3.9,6.0,6.7,31.7,31.2,6.5,7.9,-3.1,8.7,30.0,28.0,25.0,0.0,0.0,0.0,6.0,6.0,4.0,0.0,12.0,13.0,13.0,88.0,58.0,52.0,7.0,7.0,300.0,0.0,0.0,0.0,0.0,0.0,0.0,0.0,0.0,0.0
7.61,303.01,0.41,0.31,0.32,3.04,5.84,4.84,7.64,-6.6,0.02,0.01,173.5,4.0,134.0,1.0,3.0,134.0,689.0,153.0,0.0,170.0,7.6,281.4,179.0,30.4,31.9,0.6,2.8,2067.6,0.0,16.83,-10.1,5.5,5.7,4.9,6.2,5.3,3.9,6.0,6.7,31.7,31.2,6.9,7.9,-3.1,8.7,30.0,27.0,25.0,0.0,0.0,0.0,6.0,6.0,4.0,0.0,12.0,13.0,13.0,88.0,59.0,53.0,7.0,7.0,300.0,0.0,0.0,0.0,0.0,0.0,0.0,0.0,0.0,0.0
7.61,194.0,0.38,0.3,0.31,3.6,6.16,4.14,7.61,-13.5,0.02,-0.01,173.4,4.5,139.0,1.0,3.0,127.0,690.0,158.0,0.0,170.0,7.6,280.5,179.0,31.0,32.4,0.6,2.8,2025.2,0.0,16.77,-10.0,5.4,5.7,5.0,6.1,5.3,3.9,5.9,6.7,31.8,31.2,6.8,8.0,-3.1,8.7,29.0,27.0,25.0,0.0,0.0,0.0,6.0,6.0,4.0,0.0,12.0,13.0,13.0,88.0,60.0,52.0,8.0,8.0,300.0,0.0,0.0,0.0,0.0,0.0,0.0,0.0,0.0,0.0
7.99,173.99,0.37,0.28,0.3,4.26,6.62,3.96,7.89,-8.3,0.0,-0.02,173.3,4.4,138.0,1.0,3.0,149.0,690.0,185.0,0.0,192.0,8.0,310.2,198.0,31.1,32.3,0.6,2.8,1969.4,0.0,16.68,-9.9,5.5,5.7,5.0,6.1,5.3,3.9,6.0,6.7,31.7,31.2,6.5,7.9,-3.1,8.7,30.0,28.0,25.0,0.1,0.0,0.0,6.0,6.0,4.0,0.0,12.0,13.0,13.0,88.0,58.0,52.0,7.0,7.0,300.0,0.0,0.0,0.0,0.0,0.0,0.0,0.0,0.0,0.0
7.59,166.0,0.41,0.31,0.32,3.7,6.44,3.54,7.71,-8.3,0.01,0.02,173.5,4.4,134.0,1.0,3.0,127.0,690.0,159.0,2.0,170.0,7.6,279.8,179.0,30.8,32.3,0.6,2.7,2067.6,0.0,16.83,-10.1,5.5,5.7,5.2,6.1,5.3,3.9,6.0,6.7,31.7,31.2,6.8,7.9,-3.2,8.7,29.0,27.0,25.0,0.0,0.0,0.0,6.0,6.0,4.0,0.0,12.0,13.0,13.0,88.0,59.0,53.0,7.0,7.0,300.0,0.0,0.0,0.0,0.0,0.0,0.0,0.0,0.0,0.0
7.53,42.98,0.34,0.27,0.26,1.34,7.94,3.7,7.57,-9.2,-0.01,0.02,173.4,4.7,137.0,1.0,3.0,129.0,690.0,155.0,0.0,163.0,7.52,278.8,175.0,30.8,32.1,0.6,2.8,2001.5,0.0,16.73,-10.0,5.5,5.7,5.0,6.1,5.3,3.9,6.0,6.7,31.8,31.2,7.0,8.0,-3.1,8.7,29.0,27.0,25.0,0.0,0.0,-0.1,6.0,6.0,4.0,0.0,12.0,13.0,13.0,88.0,60.0,52.0,8.0,8.0,300.0,0.0,0.0,0.0,0.0,0.0,0.0,0.0,0.0,0.0
8.74,329.0,0.33,0.25,0.26,3.6,7.64,5.2,8.59,-12.0,-0.01,0.0,173.1,5.1,141.0,1.0,3.0,191.0,691.0,234.0,0.0,255.0,8.74,371.6,237.0,31.4,32.8,0.6,2.8,2067.6,0.0,16.83,-9.8,5.5,5.7,5.0,6.1,5.3,3.9,6.0,6.7,31.6,31.1,6.5,7.9,-3.2,8.7,31.0,28.0,25.0,0.0,0.0,0.0,6.0,6.0,4.0,0.0,12.0,13.0,13.0,88.0,55.0,53.0,7.0,7.0,300.0,0.0,0.0,0.0,0.0,0.0,0.0,0.0,0.0,0.0
7.53,338.0,0.37,0.31,0.28,1.42,5.38,4.32,7.5,-1.4,-0.01,0.02,173.5,3.9,134.0,1.0,3.0,124.0,689.0,149.0,0.0,163.0,7.52,271.8,175.0,30.7,32.0,0.6,2.8,2067.6,0.0,16.83,-10.1,5.5,5.7,4.9,6.2,5.3,3.9,6.0,6.7,31.8,31.2,6.8,7.9,-3.1,8.8,29.0,27.0,25.0,0.0,0.5,0.0,6.0,6.0,4.0,0.0,12.0,13.0,13.0,88.0,59.0,54.0,7.0,7.0,300.0,0.0,0.0,0.0,0.0,0.0,0.0,0.0,0.0,0.0
8.13,19.01,0.39,0.31,0.3,2.5,7.78,5.08,8.09,-11.6,-0.04,-0.02,173.2,4.3,139.0,1.0,3.0,155.0,690.0,194.0,0.0,204.0,8.12,324.7,204.0,31.1,32.7,0.6,2.8,1981.8,0.0,16.7,-9.9,5.5,5.7,4.9,6.1,5.3,3.9,6.0,6.7,31.6,31.1,6.5,7.9,-3.2,8.6,30.0,28.0,25.0,0.0,0.0,0.0,6.0,6.0,4.0,0.0,12.0,13.0,13.0,88.0,58.0,52.0,7.0,7.0,300.0,0.0,0.0,0.0,0.0,0.0,0.0,0.0,0.0,0.0
7.56,216.0,0.41,0.31,0.32,3.24,6.46,4.36,7.51,-3.8,0.0,0.01,173.5,4.2,134.0,1.0,3.0,127.0,689.0,152.0,0.0,168.0,7.56,281.1,178.0,30.6,32.1,0.6,2.8,2067.6,0.0,16.83,-10.1,5.5,5.7,5.0,6.2,5.3,3.9,6.0,6.7,31.7,31.2,6.9,7.9,-3.1,8.7,30.0,27.0,25.0,0.0,0.0,0.1,6.0,6.0,4.0,0.0,12.0,13.0,13.0,88.0,59.0,53.0,7.0,7.0,300.0,0.0,0.0,0.0,0.0,0.0,0.0,0.0,0.0,0.0
7.51,157.0,0.37,0.28,0.28,3.82,1.74,3.12,7.42,-3.5,0.0,-0.07,173.5,3.9,135.0,1.0,3.0,125.0,689.0,150.0,0.0,161.0,7.5,276.3,175.0,30.3,31.7,0.6,2.8,2067.6,0.0,16.83,-10.1,5.5,5.7,5.3,6.2,5.3,3.9,6.0,6.7,31.8,31.2,6.8,7.9,-3.1,8.8,29.0,27.0,25.0,0.1,1.2,0.0,6.0,6.0,4.0,0.0,12.0,13.0,13.0,88.0,59.0,54.0,7.0,7.0,300.0,0.0,0.0,0.0,0.0,0.0,0.0,0.0,0.0,0.0
7.5,222.98,0.17,0.11,0.11,13.32,10.4,15.14,7.42,-9.9,0.01,0.02,173.5,4.2,136.0,1.0,3.0,128.0,689.0,153.0,0.0,161.0,7.5,275.3,174.0,30.7,32.2,0.6,2.8,2067.6,0.0,16.83,-10.1,5.5,5.7,5.1,6.1,5.3,3.9,5.9,6.7,31.7,31.2,7.0,7.9,-3.1,8.6,29.0,27.0,25.0,-50.9,-31.9,-36.4,6.0,6.0,4.0,0.0,12.0,13.0,13.0,88.0,59.0,53.0,7.0,7.0,300.0,0.0,0.0,0.0,0.0,0.0,0.0,0.0,0.0,0.0
8.44,338.0,0.27,0.25,0.26,3.88,7.66,4.52,8.43,-15.6,0.01,0.01,173.2,5.0,141.0,1.0,3.0,171.0,690.0,213.0,2.0,228.0,8.44,345.9,221.0,31.3,32.6,0.6,2.8,2067.6,0.0,16.83,-9.9,5.5,5.7,5.1,6.1,5.2,3.9,5.9,6.7,31.6,31.1,6.5,7.9,-3.2,8.6,30.0,28.0,25.0,0.0,0.2,0.0,6.0,6.0,4.0,0.0,12.0,13.0,13.0,88.0,56.0,52.0,7.0,7.0,300.0,0.0,0.0,0.0,0.0,0.0,0.0,0.0,0.0,0.0
8.32,151.99,0.27,0.2,0.2,20.86,14.94,14.96,8.54,-7.2,0.02,0.0,173.2,4.4,139.0,1.0,3.0,169.0,690.0,203.0,2.0,217.0,8.32,338.6,215.0,31.7,33.0,0.6,2.8,2067.6,0.0,16.83,-9.9,5.5,5.7,5.1,6.1,5.3,3.9,6.0,6.7,31.6,31.1,6.5,7.9,-3.2,8.6,30.0,28.0,25.0,-122.8,-83.2,-59.0,6.0,6.0,4.0,0.0,12.0,13.0,13.0,88.0,57.0,52.0,7.0,7.0,300.0,0.0,0.0,0.0,0.0,0.0,0.0,0.0,0.0,0.0
8.52,74.99,0.28,0.25,0.26,3.66,8.92,5.22,8.51,-16.3,0.03,0.01,173.2,5.4,142.0,1.0,3.0,176.0,690.0,215.0,0.0,233.0,8.48,349.0,223.0,31.6,33.0,0.6,2.8,2067.6,0.0,16.83,-9.8,5.5,5.7,5.1,6.1,5.3,3.9,6.0,6.7,31.6,31.1,6.5,7.9,-3.2,8.6,31.0,28.0,25.0,0.1,0.0,0.0,6.0,6.0,4.0,0.0,12.0,13.0,13.0,88.0,56.0,52.0,7.0,7.0,300.0,0.0,0.0,0.0,0.0,0.0,0.0,0.0,0.0,0.0
8.76,78.98,0.31,0.25,0.26,3.8,8.56,5.38,8.6,-14.3,0.04,-0.02,173.2,5.4,142.0,1.0,3.0,197.0,691.0,228.0,0.0,251.0,8.72,373.6,236.0,31.1,32.6,0.6,2.8,2067.6,0.0,16.83,-9.8,5.5,5.7,4.8,6.1,5.3,3.9,6.0,6.7,31.6,31.1,6.5,7.9,-3.2,8.7,31.0,28.0,25.0,0.1,0.0,0.0,6.0,6.0,4.0,0.0,12.0,13.0,13.0,88.0,55.0,53.0,7.0,7.0,300.0,0.0,0.0,0.0,0.0,0.0,0.0,0.0,0.0,0.0
8.37,298.01,0.29,0.26,0.3,7.96,8.5,13.16,8.39,-11.5,0.01,0.01,173.2,5.0,139.0,1.0,3.0,166.0,690.0,209.0,0.0,219.0,8.34,337.2,216.0,31.0,32.5,0.6,2.7,2067.6,0.0,16.83,-9.9,5.5,5.7,4.9,6.1,5.3,3.9,5.9,6.7,31.6,31.1,6.5,7.9,-3.2,8.6,30.0,28.0,25.0,-10.3,-5.3,-14.7,6.0,6.0,4.0,0.0,12.0,13.0,13.0,88.0,57.0,52.0,7.0,7.0,300.0,0.0,0.0,0.0,0.0,0.0,0.0,0.0,0.0,0.0
8.37,247.0,0.27,0.23,0.28,2.54,3.3,0.24,8.31,-9.9,-0.04,-0.01,173.2,4.8,139.0,1.0,3.0,172.0,690.0,200.0,-1.0,218.0,8.34,338.7,215.0,31.4,32.7,0.6,2.8,2067.6,0.0,16.83,-9.9,5.5,5.7,4.9,6.1,5.3,3.9,6.0,6.7,31.6,31.1,6.5,7.9,-3.2,8.6,30.0,28.0,25.0,5.7,8.3,1.6,6.0,6.0,4.0,0.0,12.0,13.0,13.0,88.0,57.0,52.0,7.0,7.0,300.0,0.0,0.0,0.0,0.0,0.0,0.0,0.0,0.0,0.0
7.74,117.0,0.41,0.32,0.34,3.72,7.04,1.28,7.78,-9.4,-0.06,0.02,173.4,4.3,141.0,1.0,3.0,140.0,690.0,164.0,0.0,177.0,7.76,297.8,187.0,30.6,32.1,0.6,2.8,2003.5,0.0,16.73,-9.9,5.5,5.7,4.9,6.1,5.3,3.9,6.0,6.7,31.7,31.1,6.7,8.0,-3.1,8.7,30.0,27.0,25.0,0.3,0.0,0.0,6.0,6.0,4.0,0.0,12.0,13.0,13.0,88.0,60.0,52.0,8.0,8.0,300.0,0.0,0.0,0.0,0.0,0.0,0.0,0.0,0.0,0.0
8.94,357.01,0.4,0.3,0.29,4.04,7.76,4.16,9.31,-12.2,-0.06,-0.01,173.1,5.0,140.0,1.0,3.0,207.0,691.0,246.0,0.0,269.0,8.92,394.4,248.0,31.5,33.1,0.6,2.8,2067.6,0.0,16.83,-9.8,5.5,5.7,4.9,6.1,5.3,3.9,6.0,6.7,31.5,31.1,6.7,7.8,-3.2,8.7,32.0,29.0,25.0,0.0,0.2,0.0,6.0,6.0,4.0,0.0,12.0,13.0,13.0,88.0,53.0,53.0,7.0,7.0,300.0,0.0,0.0,0.0,0.0,0.0,0.0,0.0,0.0,0.0
8.97,34.99,0.39,0.3,0.29,3.76,8.14,5.04,8.84,-14.0,0.0,-0.01,173.1,5.0,141.0,1.0,3.0,208.0,691.0,252.0,0.0,269.0,8.94,388.6,248.0,31.9,33.2,0.6,2.8,2067.6,0.0,16.83,-9.8,5.5,5.7,4.9,6.1,5.3,3.9,6.0,6.7,31.5,31.1,6.7,7.9,-3.2,8.7,32.0,29.0,25.0,0.0,0.0,0.0,6.0,6.0,4.0,0.0,12.0,13.0,13.0,88.0,53.0,53.0,7.0,7.0,300.0,0.0,0.0,0.0,0.0,0.0,0.0,0.0,0.0,0.0
7.5,202.0,0.37,0.31,0.28,3.6,1.1,3.62,7.82,-2.5,0.02,0.02,173.6,4.0,134.0,1.0,3.0,127.0,689.0,150.0,0.0,163.0,7.52,273.4,175.0,30.8,32.2,0.6,2.8,2067.6,0.0,16.83,-10.1,5.5,5.7,5.2,6.2,5.3,3.9,6.1,6.7,31.8,31.2,6.8,7.9,-3.1,8.8,29.0,27.0,25.0,0.0,0.1,0.0,6.0,6.0,4.0,0.0,12.0,13.0,13.0,88.0,59.0,54.0,7.0,7.0,300.0,0.0,0.0,0.0,0.0,0.0,0.0,0.0,0.0,0.0
8.22,88.99,0.41,0.31,0.32,3.08,7.9,4.6,8.29,-9.9,0.02,0.02,173.3,4.7,139.0,1.0,3.0,165.0,690.0,194.0,0.0,215.0,8.22,333.4,210.0,31.0,32.5,0.6,2.8,2054.2,0.0,16.81,-9.9,5.5,5.7,5.1,6.1,5.2,3.8,5.9,6.7,31.6,31.2,6.6,7.9,-3.2,8.7,30.0,28.0,25.0,0.1,0.0,0.0,6.0,6.0,4.0,0.0,12.0,13.0,13.0,88.0,57.0,52.0,7.0,7.0,300.0,0.0,0.0,0.0,0.0,0.0,0.0,0.0,0.0,0.0
7.59,317.02,0.36,0.26,0.26,2.16,5.98,4.72,7.51,-11.3,0.02,-0.02,173.5,4.5,137.0,1.0,3.0,129.0,689.0,149.0,0.0,166.0,7.56,275.4,177.0,31.2,32.3,0.6,2.8,1946.7,0.0,16.65,-10.0,5.5,5.7,4.8,6.1,5.3,3.9,6.0,6.7,31.8,31.1,6.9,8.0,-3.1,8.7,29.0,27.0,25.0,0.0,0.1,0.0,6.0,6.0,4.0,0.0,12.0,13.0,13.0,88.0,60.0,52.0,8.0,8.0,300.0,0.0,0.0,0.0,0.0,0.0,0.0,0.0,0.0,0.0
7.8,333.0,0.31,0.24,0.25,1.52,6.34,5.02,7.82,-16.1,0.01,0.01,173.3,4.4,142.0,1.0,3.0,135.0,690.0,170.0,0.0,180.0,7.78,293.3,188.0,30.8,32.3,0.6,2.8,2047.0,0.0,16.8,-9.9,5.5,5.7,4.9,6.1,5.3,3.9,6.0,6.7,31.7,31.2,6.7,7.9,-3.1,8.6,30.0,28.0,25.0,0.0,0.6,0.0,6.0,6.0,4.0,0.0,12.0,13.0,13.0,88.0,59.0,52.0,7.0,7.0,300.0,0.0,0.0,0.0,0.0,0.0,0.0,0.0,0.0,0.0
8.77,216.0,0.33,0.25,0.26,4.8,8.0,4.48,8.86,-10.3,-0.04,0.0,173.1,5.1,141.0,1.0,3.0,199.0,692.0,233.0,0.0,258.0,8.78,373.7,239.0,31.5,32.6,0.6,2.8,2067.6,0.0,16.83,-9.8,5.5,5.7,5.1,6.1,5.2,3.9,6.0,6.7,31.6,31.1,6.5,7.9,-3.2,8.7,31.0,28.0,25.0,0.0,0.0,0.0,6.0,6.0,4.0,0.0,12.0,13.0,13.0,88.0,55.0,53.0,7.0,7.0,300.0,0.0,0.0,0.0,0.0,0.0,0.0,0.0,0.0,0.0
7.97,294.98,0.34,0.25,0.25,3.46,6.0,4.68,7.85,-10.0,-0.01,-0.01,173.4,4.3,140.0,1.0,3.0,144.0,690.0,182.0,0.0,186.0,7.94,305.1,195.0,31.3,32.7,0.6,2.8,2067.6,0.0,16.83,-9.9,5.5,5.7,5.1,6.1,5.3,3.9,6.0,6.7,31.7,31.1,6.5,7.9,-3.1,8.6,30.0,28.0,25.0,0.0,0.0,0.0,6.0,6.0,4.0,0.0,12.0,13.0,13.0,88.0,59.0,52.0,7.0,7.0,300.0,0.0,0.0,0.0,0.0,0.0,0.0,0.0,0.0,0.0
7.55,290.99,0.39,0.31,0.32,2.7,5.76,5.12,7.75,5.8,0.0,-0.01,173.5,4.1,132.0,1.0,3.0,123.0,690.0,155.0,0.0,163.0,7.52,272.3,175.0,30.5,31.9,0.6,2.8,2067.6,0.0,16.83,-10.1,5.5,5.7,5.2,6.2,5.3,3.9,6.0,6.7,31.7,31.2,6.8,7.9,-3.2,8.7,29.0,27.0,25.0,0.0,0.0,0.0,6.0,6.0,4.0,0.0,12.0,13.0,13.0,88.0,59.0,53.0,7.0,7.0,300.0,0.0,0.0,0.0,0.0,0.0,0.0,0.0,0.0,0.0
8.06,348.01,0.37,0.28,0.3,2.36,7.12,4.74,8.25,-10.4,-0.02,-0.01,173.3,4.6,139.0,1.0,3.0,150.0,690.0,185.0,0.0,195.0,8.04,313.4,200.0,31.1,32.6,0.6,2.8,1969.4,0.0,16.68,-9.9,5.5,5.7,5.2,6.1,5.2,3.9,6.0,6.7,31.7,31.2,6.5,7.9,-3.1,8.7,30.0,28.0,25.0,0.0,0.3,0.0,6.0,6.0,4.0,0.0,12.0,13.0,13.0,88.0,58.0,52.0,7.0,7.0,300.0,0.0,0.0,0.0,0.0,0.0,0.0,0.0,0.0,0.0
7.78,286.99,0.31,0.24,0.25,2.1,1.46,4.64,7.86,-17.9,0.03,0.0,173.4,4.0,142.0,1.0,3.0,138.0,690.0,168.0,0.0,179.0,7.78,293.6,188.0,31.2,32.4,0.6,2.8,2047.0,0.0,16.8,-9.9,5.5,5.7,5.0,6.1,5.3,3.9,6.0,6.7,31.7,31.2,6.7,7.9,-3.1,8.6,30.0,28.0,25.0,0.0,0.2,0.0,6.0,6.0,4.0,0.0,12.0,13.0,13.0,88.0,59.0,52.0,7.0,7.0,300.0,0.0,0.0,0.0,0.0,0.0,0.0,0.0,0.0,0.0
8.52,20.99,0.29,0.25,0.26,3.74,8.54,5.24,8.72,-7.6,0.05,0.0,173.2,4.7,141.0,1.0,3.0,177.0,691.0,215.0,0.0,234.0,8.48,350.8,223.0,31.2,32.8,0.6,2.8,2067.6,0.0,16.83,-9.8,5.5,5.7,5.1,6.1,5.2,3.9,6.0,6.7,31.6,31.1,6.5,7.8,-3.2,8.7,31.0,28.0,25.0,0.1,0.2,0.0,6.0,6.0,4.0,0.0,12.0,13.0,13.0,88.0,56.0,53.0,7.0,7.0,300.0,0.0,0.0,0.0,0.0,0.0,0.0,0.0,0.0,0.0
9.0,95.0,0.41,0.34,0.32,3.68,7.68,5.88,9.03,-8.9,0.01,-0.01,173.0,5.0,141.0,1.0,3.0,211.0,691.0,252.0,0.0,271.0,8.98,390.3,250.0,31.6,32.8,0.6,2.8,2067.6,0.0,16.83,-9.8,5.5,5.7,4.9,6.1,5.3,3.9,6.0,6.7,31.5,31.1,6.7,7.9,-3.2,8.7,32.0,29.0,25.0,0.1,0.0,0.0,6.0,6.0,4.0,0.0,12.0,13.0,13.0,88.0,53.0,53.0,7.0,7.0,300.0,0.0,0.0,0.0,0.0,0.0,0.0,0.0,0.0,0.0
8.63,333.0,0.3,0.25,0.26,3.68,7.44,5.32,8.65,-13.0,0.0,0.01,173.2,5.0,141.0,1.0,3.0,183.0,691.0,225.0,0.0,237.0,8.6,360.7,229.0,31.4,32.7,0.6,2.8,2067.6,0.0,16.83,-9.8,5.5,5.7,5.1,6.1,5.2,3.9,6.0,6.7,31.6,31.1,6.5,7.9,-3.2,8.7,31.0,28.0,25.0,0.0,0.2,0.0,6.0,6.0,4.0,0.0,12.0,13.0,13.0,88.0,56.0,53.0,7.0,7.0,300.0,0.0,0.0,0.0,0.0,0.0,0.0,0.0,0.0,0.0
8.77,321.01,0.33,0.25,0.26,4.24,7.66,5.7,8.88,-7.5,-0.01,0.02,173.1,5.1,140.0,1.0,3.0,192.0,691.0,239.0,0.0,258.0,8.76,370.8,239.0,31.6,33.0,0.6,2.8,2067.6,0.0,16.83,-9.8,5.5,5.7,5.1,6.1,5.3,3.9,6.0,6.7,31.6,31.1,6.5,7.9,-3.2,8.7,31.0,28.0,25.0,0.0,0.0,0.0,6.0,6.0,4.0,0.0,12.0,13.0,13.0,88.0,55.0,53.0,7.0,7.0,300.0,0.0,0.0,0.0,0.0,0.0,0.0,0.0,0.0,0.0
8.46,236.99,0.27,0.25,0.26,5.18,6.66,5.24,8.39,-12.9,-0.01,0.01,173.2,5.0,140.0,1.0,3.0,174.0,691.0,206.0,0.0,226.0,8.42,341.0,219.0,31.1,32.5,0.6,2.8,2067.6,0.0,16.83,-9.9,5.5,5.7,4.9,6.1,5.3,3.9,6.0,6.7,31.6,31.1,6.5,7.9,-3.2,8.6,30.0,28.0,25.0,0.0,0.0,0.1,6.0,6.0,4.0,0.0,12.0,13.0,13.0,88.0,56.0,52.0,7.0,7.0,300.0,0.0,0.0,0.0,0.0,0.0,0.0,0.0,0.0,0.0
7.93,248.0,0.34,0.25,0.25,4.1,5.86,4.2,7.92,-8.0,-0.02,-0.01,173.3,4.4,140.0,1.0,3.0,150.0,690.0,171.0,0.0,193.0,7.94,307.9,195.0,31.2,32.3,0.6,2.8,2067.6,0.0,16.83,-9.9,5.5,5.7,5.2,6.1,5.2,3.9,6.0,6.7,31.7,31.1,6.5,7.9,-3.1,8.6,30.0,28.0,25.0,0.2,0.0,0.1,6.0,6.0,4.0,0.0,12.0,13.0,13.0,88.0,59.0,52.0,7.0,7.0,300.0,0.0,0.0,0.0,0.0,0.0,0.0,0.0,0.0,0.0
7.49,87.98,0.31,0.26,0.26,2.86,7.28,0.76,7.67,-11.1,-0.01,-0.04,173.4,4.2,136.0,1.0,3.0,126.0,690.0,144.0,0.0,158.0,7.48,268.4,172.0,30.8,31.9,0.6,2.8,2067.6,0.0,16.83,-10.1,5.5,5.7,4.9,6.1,5.3,3.9,6.0,6.7,31.7,31.2,7.0,8.0,-3.1,8.6,29.0,27.0,25.0,0.2,0.0,0.0,6.0,6.0,4.0,0.0,12.0,13.0,13.0,88.0,59.0,53.0,8.0,8.0,300.0,0.0,0.0,0.0,0.0,0.0,0.0,0.0,0.0,0.0
7.77,155.02,0.41,0.32,0.31,4.18,6.52,3.96,7.76,-9.3,0.0,-0.02,173.4,4.0,141.0,1.0,3.0,139.0,690.0,164.0,0.0,178.0,7.76,297.8,187.0,30.6,32.3,0.6,2.7,1970.5,0.0,16.69,-10.0,5.5,5.7,5.0,6.1,5.3,3.9,6.0,6.7,31.7,31.1,6.7,7.9,-3.1,8.6,30.0,27.0,25.0,0.1,-0.1,0.0,6.0,6.0,4.0,0.0,12.0,13.0,13.0,88.0,60.0,52.0,7.0,7.0,300.0,0.0,0.0,0.0,0.0,0.0,0.0,0.0,0.0,0.0
7.99,78.01,0.36,0.28,0.3,2.06,7.72,3.92,7.98,-9.7,0.04,0.01,173.3,4.8,138.0,1.0,3.0,154.0,689.0,174.0,0.0,191.0,7.98,309.9,198.0,31.0,32.5,0.6,2.7,1969.4,0.0,16.68,-9.9,5.5,5.7,5.2,6.1,5.3,3.9,6.0,6.7,31.6,31.2,6.5,7.9,-3.1,8.7,30.0,28.0,25.0,0.0,0.0,0.0,6.0,6.0,4.0,0.0,12.0,13.0,13.0,88.0,58.0,52.0,7.0,7.0,300.0,0.0,0.0,0.0,0.0,0.0,0.0,0.0,0.0,0.0
7.56,25.99,0.39,0.31,0.32,1.4,7.54,4.08,7.55,0.7,-0.01,-0.05,173.5,4.1,132.0,1.0,3.0,128.0,690.0,152.0,0.0,164.0,7.54,281.2,176.0,30.3,31.7,0.6,2.7,2067.6,0.0,16.83,-10.1,5.5,5.7,5.0,6.2,5.3,3.9,6.0,6.7,31.7,31.2,6.8,7.9,-3.2,8.7,29.0,27.0,25.0,0.0,0.2,-0.2,6.0,6.0,4.0,0.0,12.0,13.0,13.0,88.0,59.0,53.0,7.0,7.0,300.0,0.0,0.0,0.0,0.0,0.0,0.0,0.0,0.0,0.0
7.45,128.02,0.32,0.26,0.26,4.74,7.2,3.5,7.51,-3.9,-0.04,-0.02,173.5,4.0,135.0,1.0,3.0,128.0,689.0,152.0,0.0,161.0,7.48,275.7,174.0,30.5,32.1,0.6,2.8,1955.0,0.0,16.66,-10.1,5.5,5.7,5.2,6.1,5.2,3.8,6.0,6.7,31.7,31.2,6.9,8.1,-3.1,8.7,29.0,27.0,25.0,0.2,0.0,0.0,6.0,6.0,4.0,0.0,12.0,13.0,13.0,88.0,59.0,52.0,8.0,8.0,300.0,0.0,0.0,0.0,0.0,0.0,0.0,0.0,0.0,0.0
8.93,249.98,0.39,0.3,0.29,5.36,7.48,5.14,8.99,-10.1,0.0,0.01,173.0,4.7,140.0,1.0,3.0,210.0,691.0,251.0,0.0,270.0,8.94,387.3,248.0,31.9,33.0,0.6,2.8,2067.6,0.0,16.83,-9.8,5.5,5.7,5.2,6.1,5.3,3.9,6.1,6.7,31.5,31.1,6.7,7.9,-3.2,8.7,32.0,29.0,25.0,0.2,0.0,0.0,6.0,6.0,4.0,0.0,12.0,13.0,13.0,88.0,53.0,53.0,7.0,7.0,300.0,0.0,0.0,0.0,0.0,0.0,0.0,0.0,0.0,0.0
7.51,218.02,0.41,0.31,0.32,3.12,6.24,4.22,7.44,-9.6,0.01,0.05,173.5,4.1,135.0,1.0,3.0,126.0,689.0,156.0,0.0,164.0,7.52,271.8,176.0,30.7,31.8,0.6,2.8,2067.6,0.0,16.83,-10.1,5.5,5.7,4.9,6.2,5.3,3.9,6.0,6.7,31.7,31.2,7.0,7.9,-3.1,8.7,29.0,27.0,25.0,0.1,0.0,0.1,6.0,6.0,4.0,0.0,12.0,13.0,13.0,88.0,59.0,53.0,7.0,7.0,300.0,0.0,0.0,0.0,0.0,0.0,0.0,0.0,0.0,0.0
7.91,227.02,0.33,0.25,0.25,4.04,6.44,4.56,7.93,-9.9,-0.02,0.0,173.3,4.1,140.0,1.0,3.0,144.0,690.0,177.0,0.0,190.0,7.9,299.6,193.0,30.9,32.4,0.6,2.8,1999.4,0.0,16.73,-9.9,5.4,5.7,5.0,6.1,5.3,3.9,6.0,6.7,31.7,31.1,6.5,7.9,-3.1,8.6,30.0,28.0,25.0,0.0,0.0,0.1,6.0,6.0,4.0,0.0,12.0,13.0,13.0,88.0,59.0,52.0,7.0,7.0,300.0,0.0,0.0,0.0,0.0,0.0,0.0,0.0,0.0,0.0
8.22,301.0,0.41,0.31,0.32,3.98,6.64,5.54,8.14,-8.2,0.01,0.01,173.2,4.6,139.0,1.0,3.0,161.0,690.0,194.0,0.0,213.0,8.22,328.5,209.0,31.7,32.7,0.6,2.8,2054.2,0.0,16.81,-9.9,5.5,5.7,5.0,6.1,5.3,3.9,6.0,6.7,31.6,31.2,6.5,7.9,-3.2,8.7,30.0,28.0,25.0,0.0,0.0,0.0,6.0,6.0,4.0,0.0,12.0,13.0,13.0,88.0,57.0,52.0,7.0,7.0,300.0,0.0,0.0,0.0,0.0,0.0,0.0,0.0,0.0,0.0
7.97,79.99,0.35,0.28,0.25,2.6,7.4,3.28,7.93,-7.5,0.02,0.0,173.3,4.3,138.0,1.0,3.0,152.0,690.0,176.0,0.0,189.0,7.96,309.5,196.0,31.1,32.2,0.6,2.8,2032.5,0.0,16.78,-9.9,5.4,5.7,5.1,6.1,5.2,3.9,6.0,6.7,31.7,31.1,6.5,7.9,-3.1,8.6,30.0,28.0,25.0,0.1,0.0,0.0,6.0,6.0,4.0,0.0,12.0,13.0,13.0,88.0,59.0,52.0,7.0,7.0,300.0,0.0,0.0,0.0,0.0,0.0,0.0,0.0,0.0,0.0
7.51,110.02,0.39,0.31,0.32,3.26,7.18,3.38,7.69,-6.0,-0.04,-0.02,173.4,4.1,134.0,1.0,3.0,126.0,689.0,153.0,0.0,163.0,7.52,277.6,175.0,30.3,31.8,0.6,2.8,2067.6,0.0,16.83,-10.1,5.5,5.7,4.8,6.2,5.3,3.9,6.0,6.7,31.7,31.2,6.8,7.9,-3.1,8.8,29.0,27.0,25.0,0.2,0.0,0.0,6.0,6.0,4.0,0.0,12.0,13.0,13.0,88.0,59.0,53.0,7.0,7.0,300.0,0.0,0.0,0.0,0.0,0.0,0.0,0.0,0.0,0.0
8.46,78.98,0.27,0.25,0.26,4.02,8.68,5.02,8.34,-15.3,-0.02,-0.01,173.2,5.2,141.0,1.0,3.0,174.0,690.0,213.0,0.0,229.0,8.46,350.7,221.0,31.7,32.8,0.6,2.8,2067.6,0.0,16.83,-9.9,5.5,5.7,5.1,6.1,5.2,3.9,6.0,6.7,31.6,31.2,6.5,7.9,-3.2,8.6,30.0,28.0,25.0,0.1,0.0,0.0,6.0,6.0,4.0,0.0,12.0,13.0,13.0,88.0,56.0,52.0,7.0,7.0,300.0,0.0,0.0,0.0,0.0,0.0,0.0,0.0,0.0,0.0
8.94,142.99,0.39,0.3,0.29,4.98,7.58,4.88,9.0,-12.0,-0.03,-0.02,173.1,4.7,141.0,1.0,3.0,206.0,691.0,248.0,0.0,269.0,8.94,386.7,249.0,31.3,32.7,0.6,2.8,2067.6,0.0,16.83,-9.8,5.5,5.7,5.1,6.1,5.3,3.9,6.0,6.7,31.5,31.1,6.7,7.9,-3.2,8.7,32.0,29.0,25.0,0.3,0.0,0.0,6.0,6.0,4.0,0.0,12.0,13.0,13.0,88.0,53.0,53.0,7.0,7.0,300.0,0.0,0.0,0.0,0.0,0.0,0.0,0.0,0.0,0.0
7.5,308.02,0.31,0.26,0.26,2.34,5.86,4.74,7.57,-6.1,0.0,0.02,173.4,4.1,135.0,1.0,3.0,122.0,690.0,143.0,0.0,157.0,7.5,269.1,171.0,30.8,31.8,0.6,2.8,1955.0,0.0,16.66,-10.1,5.5,5.7,5.1,6.1,5.3,3.9,6.0,6.7,31.7,31.2,6.9,8.0,-3.1,8.6,29.0,27.0,25.0,0.0,0.0,0.0,6.0,6.0,4.0,0.0,12.0,13.0,13.0,88.0,59.0,53.0,8.0,8.0,300.0,0.0,0.0,0.0,0.0,0.0,0.0,0.0,0.0,0.0
7.5,173.02,0.32,0.26,0.26,4.84,6.54,2.54,7.45,-3.2,0.02,-0.04,173.4,3.8,135.0,1.0,3.0,126.0,690.0,153.0,0.0,160.0,7.48,270.2,172.0,30.3,31.8,0.6,2.8,1955.0,0.0,16.66,-10.1,5.5,5.7,5.2,6.1,5.3,3.9,6.0,6.7,31.7,31.2,6.9,8.0,-3.1,8.7,29.0,27.0,25.0,0.0,-0.1,0.0,6.0,6.0,4.0,0.0,12.0,13.0,13.0,88.0,59.0,52.0,8.0,8.0,300.0,0.0,0.0,0.0,0.0,0.0,0.0,0.0,0.0,0.0
8.7,230.0,0.31,0.25,0.26,5.34,7.62,5.44,8.63,-12.2,-0.03,0.0,173.2,4.8,141.0,1.0,3.0,193.0,691.0,227.0,0.0,246.0,8.68,363.0,233.0,31.5,32.9,0.6,2.8,2067.6,0.0,16.83,-9.8,5.5,5.7,5.1,6.1,5.2,3.9,6.0,6.7,31.6,31.1,6.5,7.9,-3.2,8.7,31.0,28.0,25.0,0.0,0.0,0.0,6.0,6.0,4.0,0.0,12.0,13.0,13.0,88.0,55.0,53.0,7.0,7.0,300.0,0.0,0.0,0.0,0.0,0.0,0.0,0.0,0.0,0.0
7.5,42.98,0.31,0.26,0.26,0.34,7.66,1.44,7.56,-10.9,-0.05,0.02,173.6,4.0,136.0,1.0,3.0,121.0,690.0,147.0,0.0,159.0,7.48,271.1,171.0,31.0,32.3,0.6,2.8,2067.6,0.0,16.83,-10.1,5.5,5.7,5.0,6.1,5.3,3.9,6.0,6.7,31.7,31.2,7.0,8.0,-3.1,8.6,29.0,27.0,25.0,0.0,0.0,0.0,6.0,6.0,4.0,0.0,12.0,13.0,13.0,88.0,59.0,53.0,8.0,8.0,300.0,0.0,0.0,0.0,0.0,0.0,0.0,0.0,0.0,0.0
8.18,312.01,0.4,0.31,0.32,3.06,6.14,3.84,8.04,-12.4,0.04,-0.01,173.3,5.1,139.0,1.0,3.0,161.0,690.0,186.0,0.0,206.0,8.14,321.0,206.0,31.5,32.5,0.6,2.7,2054.2,0.0,16.81,-9.9,5.5,5.7,5.0,6.1,5.3,3.9,6.0,6.7,31.6,31.1,6.5,7.9,-3.2,8.6,31.0,28.0,25.0,0.0,0.0,0.0,6.0,6.0,4.0,0.0,12.0,13.0,13.0,88.0,57.0,52.0,7.0,7.0,300.0,0.0,0.0,0.0,0.0,0.0,0.0,0.0,0.0,0.0
7.74,222.98,0.4,0.3,0.31,3.48,2.84,4.14,7.65,-14.1,-0.04,0.02,173.4,4.4,141.0,1.0,3.0,140.0,690.0,162.0,0.0,175.0,7.74,287.0,185.0,30.7,32.1,0.6,2.8,1970.5,0.0,16.69,-10.0,5.5,5.7,5.0,6.1,5.3,3.9,6.0,6.7,31.7,31.1,6.7,7.9,-3.1,8.6,29.0,27.0,25.0,0.0,0.4,0.0,6.0,6.0,4.0,0.0,12.0,13.0,13.0,88.0,60.0,52.0,7.0,7.0,300.0,0.0,0.0,0.0,0.0,0.0,0.0,0.0,0.0,0.0
8.61,331.99,0.3,0.25,0.26,4.12,7.6,5.66,8.59,-9.4,0.0,-0.01,173.2,5.0,141.0,1.0,3.0,185.0,691.0,216.0,0.0,242.0,8.56,357.3,228.0,31.5,32.7,0.6,2.8,2067.6,0.0,16.83,-9.8,5.5,5.7,5.1,6.1,5.2,3.9,6.0,6.7,31.6,31.1,6.5,7.9,-3.2,8.7,31.0,28.0,25.0,0.0,0.2,0.0,6.0,6.0,4.0,0.0,12.0,13.0,13.0,88.0,56.0,53.0,7.0,7.0,300.0,0.0,0.0,0.0,0.0,0.0,0.0,0.0,0.0,0.0
7.49,263.02,0.31,0.26,0.26,3.16,5.8,4.4,7.49,-3.8,-0.05,0.04,173.5,3.9,135.0,1.0,3.0,121.0,690.0,147.0,0.0,157.0,7.5,266.2,171.0,30.7,32.0,0.6,2.8,1955.0,0.0,16.66,-10.1,5.5,5.7,5.2,6.1,5.3,3.9,6.0,6.7,31.7,31.2,6.9,8.0,-3.1,8.6,29.0,27.0,25.0,0.0,0.0,0.1,6.0,6.0,4.0,0.0,12.0,13.0,13.0,88.0,59.0,53.0,8.0,8.0,300.0,0.0,0.0,0.0,0.0,0.0,0.0,0.0,0.0,0.0
8.7,22.0,0.31,0.25,0.26,3.66,8.52,5.4,8.79,-10.6,-0.02,0.0,173.2,4.9,141.0,1.0,3.0,186.0,691.0,227.0,0.0,242.0,8.64,362.1,231.0,31.4,32.8,0.6,2.8,2067.6,0.0,16.83,-9.8,5.5,5.7,4.9,6.1,5.3,3.9,6.0,6.7,31.6,31.1,6.5,7.9,-3.2,8.7,31.0,28.0,25.0,0.1,0.2,0.0,6.0,6.0,4.0,0.0,12.0,13.0,13.0,88.0,56.0,53.0,7.0,7.0,300.0,0.0,0.0,0.0,0.0,0.0,0.0,0.0,0.0,0.0
7.62,109.01,0.38,0.3,0.31,3.3,7.1,4.28,7.9,-17.4,-0.01,0.0,173.4,4.3,141.0,1.0,3.0,133.0,690.0,155.0,0.0,164.0,7.62,281.4,180.0,30.7,32.0,0.6,2.8,1929.1,0.0,16.62,-10.0,5.4,5.7,4.8,6.1,5.3,3.9,5.9,6.7,31.7,31.2,6.8,7.9,-3.1,8.6,29.0,27.0,25.0,0.2,0.0,0.0,6.0,6.0,4.0,0.0,12.0,13.0,13.0,88.0,60.0,52.0,7.0,7.0,300.0,0.0,0.0,0.0,0.0,0.0,0.0,0.0,0.0,0.0
8.49,127.01,0.29,0.25,0.26,5.88,8.32,5.46,8.68,-11.5,-0.03,0.0,173.2,5.0,141.0,1.0,3.0,181.0,691.0,219.0,0.0,240.0,8.54,353.7,226.0,31.3,32.7,0.6,2.8,2067.6,0.0,16.83,-9.8,5.5,5.7,4.8,6.1,5.3,3.9,6.0,6.7,31.6,31.1,6.5,7.9,-3.2,8.7,31.0,28.0,25.0,0.4,0.0,0.0,6.0,6.0,4.0,0.0,12.0,13.0,13.0,88.0,56.0,53.0,7.0,7.0,300.0,0.0,0.0,0.0,0.0,0.0,0.0,0.0,0.0,0.0
7.57,261.0,0.41,0.31,0.32,3.08,6.14,5.06,7.61,-4.9,-0.01,-0.05,173.5,4.2,134.0,1.0,3.0,133.0,689.0,156.0,2.0,168.0,7.56,283.5,178.0,30.6,32.2,0.6,2.8,2067.6,0.0,16.83,-10.1,5.5,5.7,4.9,6.2,5.3,3.9,6.0,6.7,31.7,31.2,6.9,7.9,-3.1,8.7,29.0,27.0,25.0,0.0,-0.1,0.0,6.0,6.0,4.0,0.0,12.0,13.0,13.0,88.0,59.0,53.0,7.0,7.0,300.0,0.0,0.0,0.0,0.0,0.0,0.0,0.0,0.0,0.0
7.51,65.02,0.39,0.31,0.32,1.18,7.3,3.48,7.69,-6.1,0.02,0.05,173.6,4.1,134.0,1.0,3.0,129.0,690.0,152.0,0.0,163.0,7.52,273.2,175.0,31.0,32.2,0.6,2.8,2067.6,0.0,16.83,-10.1,5.5,5.7,4.9,6.2,5.3,3.9,6.0,6.7,31.7,31.2,6.8,7.9,-3.1,8.8,29.0,27.0,25.0,0.0,0.0,0.0,6.0,6.0,4.0,0.0,12.0,13.0,13.0,88.0,59.0,53.0,7.0,7.0,300.0,0.0,0.0,0.0,0.0,0.0,0.0,0.0,0.0,0.0
8.02,101.99,0.37,0.28,0.3,3.54,7.94,4.54,7.92,-11.6,0.02,0.01,173.3,4.6,139.0,1.0,3.0,151.0,690.0,182.0,0.0,194.0,8.02,313.1,199.0,31.1,32.8,0.6,2.8,1969.4,0.0,16.68,-9.9,5.5,5.7,5.1,6.1,5.3,3.9,6.0,6.7,31.7,31.2,6.5,7.9,-3.1,8.7,30.0,28.0,25.0,0.2,0.0,0.0,6.0,6.0,4.0,0.0,12.0,13.0,13.0,88.0,58.0,52.0,7.0,7.0,300.0,0.0,0.0,0.0,0.0,0.0,0.0,0.0,0.0,0.0
7.59,148.0,0.38,0.3,0.31,4.22,6.66,3.96,7.78,-14.3,-0.01,-0.01,173.5,4.2,139.0,1.0,3.0,134.0,689.0,153.0,0.0,170.0,7.6,282.7,179.0,31.1,32.1,0.6,2.8,2025.2,0.0,16.77,-10.0,5.4,5.7,4.9,6.1,5.3,3.9,6.0,6.7,31.8,31.2,6.9,8.0,-3.1,8.7,29.0,27.0,25.0,0.1,-0.1,0.0,6.0,6.0,4.0,0.0,12.0,13.0,13.0,88.0,60.0,52.0,8.0,8.0,300.0,0.0,0.0,0.0,0.0,0.0,0.0,0.0,0.0,0.0
8.85,326.02,0.36,0.3,0.26,4.12,7.02,5.66,9.03,-7.3,-0.01,-0.01,173.1,5.0,141.0,1.0,3.0,196.0,691.0,243.0,2.0,265.0,8.82,380.3,242.0,31.7,32.9,0.6,2.8,2067.6,0.0,16.83,-9.8,5.5,5.7,4.9,6.1,5.3,3.9,6.0,6.7,31.5,31.1,6.6,7.9,-3.2,8.7,31.0,29.0,25.0,0.0,0.0,0.0,6.0,6.0,4.0,0.0,12.0,13.0,13.0,88.0,54.0,53.0,7.0,7.0,300.0,0.0,0.0,0.0,0.0,0.0,0.0,0.0,0.0,0.0
7.64,16.99,0.38,0.3,0.31,1.04,7.28,4.5,7.66,-16.8,-0.02,0.01,173.5,4.4,140.0,1.0,3.0,131.0,690.0,155.0,0.0,171.0,7.62,283.6,180.0,30.8,32.3,0.6,2.8,1929.1,0.0,16.62,-10.0,5.5,5.7,5.0,6.1,5.3,3.9,6.0,6.7,31.8,31.2,6.8,7.9,-3.1,8.7,29.0,27.0,25.0,0.0,0.2,-0.1,6.0,6.0,4.0,0.0,12.0,13.0,13.0,88.0,60.0,52.0,7.0,7.0,300.0,0.0,0.0,0.0,0.0,0.0,0.0,0.0,0.0,0.0
7.55,91.01,0.35,0.27,0.26,2.56,7.48,3.26,7.45,-9.5,0.0,0.01,173.5,4.6,137.0,1.0,3.0,128.0,690.0,155.0,0.0,164.0,7.54,278.7,176.0,31.0,32.1,0.6,2.8,1946.7,0.0,16.65,-10.0,5.5,5.7,5.0,6.1,5.3,3.8,5.9,6.7,31.7,31.1,7.0,8.1,-3.1,8.7,29.0,27.0,25.0,0.3,0.0,0.0,6.0,6.0,4.0,0.0,12.0,13.0,13.0,88.0,60.0,52.0,8.0,8.0,300.0,0.0,0.0,0.0,0.0,0.0,0.0,0.0,0.0,0.0
8.58,230.0,0.3,0.25,0.26,5.16,7.48,5.52,8.53,-13.1,-0.01,0.0,173.2,4.8,141.0,1.0,3.0,181.0,691.0,222.0,0.0,235.0,8.58,355.0,228.0,31.3,32.9,0.6,2.8,2067.6,0.0,16.83,-9.8,5.5,5.7,5.0,6.1,5.2,3.9,5.9,6.7,31.6,31.1,6.5,7.9,-3.2,8.7,31.0,28.0,25.0,0.0,-0.2,0.0,6.0,6.0,4.0,0.0,12.0,13.0,13.0,88.0,56.0,53.0,7.0,7.0,300.0,0.0,0.0,0.0,0.0,0.0,0.0,0.0,0.0,0.0
7.97,32.0,0.35,0.28,0.25,2.4,7.38,4.56,8.15,-6.5,-0.01,-0.02,173.4,4.0,138.0,1.0,3.0,146.0,690.0,183.0,0.0,188.0,7.96,307.4,196.0,31.1,32.3,0.6,2.8,2032.5,0.0,16.78,-9.9,5.4,5.7,4.9,6.1,5.3,3.9,6.0,6.7,31.7,31.1,6.5,7.9,-3.1,8.6,30.0,28.0,25.0,0.1,0.0,-0.1,6.0,6.0,4.0,0.0,12.0,13.0,13.0,88.0,59.0,52.0,7.0,7.0,300.0,0.0,0.0,0.0,0.0,0.0,0.0,0.0,0.0,0.0
7.76,109.01,0.41,0.32,0.31,3.66,7.04,4.04,7.76,-11.4,0.0,0.02,173.4,4.5,141.0,1.0,3.0,142.0,690.0,161.0,0.0,178.0,7.76,292.0,187.0,30.8,32.5,0.6,2.8,1970.5,0.0,16.69,-10.0,5.5,5.7,5.1,6.1,5.3,3.9,6.0,6.7,31.7,31.1,6.7,7.9,-3.1,8.6,30.0,27.0,25.0,0.2,0.0,0.0,6.0,6.0,4.0,0.0,12.0,13.0,13.0,88.0,60.0,52.0,7.0,7.0,300.0,0.0,0.0,0.0,0.0,0.0,0.0,0.0,0.0,0.0
7.88,337.0,0.32,0.25,0.25,2.72,7.1,4.04,8.02,-6.7,0.03,0.01,173.4,4.3,140.0,1.0,3.0,146.0,690.0,167.0,-1.0,186.0,7.86,300.2,191.0,31.1,32.6,0.6,2.8,1999.4,0.0,16.73,-9.9,5.5,5.7,5.1,6.1,5.2,3.9,6.0,6.7,31.7,31.1,6.6,7.9,-3.1,8.6,30.0,28.0,25.0,0.0,0.3,0.0,6.0,6.0,4.0,0.0,12.0,13.0,13.0,88.0,59.0,52.0,7.0,7.0,300.0,0.0,0.0,0.0,0.0,0.0,0.0,0.0,0.0,0.0
7.97,6.98,0.36,0.28,0.3,2.4,7.54,4.52,7.98,-5.4,-0.04,-0.01,173.3,4.2,137.0,1.0,3.0,149.0,690.0,179.0,2.0,189.0,7.96,306.0,196.0,31.1,32.6,0.6,2.8,2032.5,0.0,16.78,-9.9,5.4,5.7,4.9,6.1,5.2,3.9,6.0,6.7,31.6,31.2,6.5,7.9,-3.1,8.6,30.0,28.0,25.0,0.0,0.2,0.0,6.0,6.0,4.0,0.0,12.0,13.0,13.0,88.0,58.0,52.0,7.0,7.0,300.0,0.0,0.0,0.0,0.0,0.0,0.0,0.0,0.0,0.0
8.3,163.01,0.41,0.35,0.32,5.02,6.84,4.62,8.26,-9.2,-0.06,-0.02,173.2,4.6,139.0,1.0,3.0,169.0,690.0,198.0,0.0,213.0,8.3,333.9,213.0,31.1,32.7,0.6,2.8,2067.6,0.0,16.83,-9.9,5.5,5.7,5.1,6.1,5.2,3.9,6.0,6.7,31.6,31.1,6.5,7.9,-3.2,8.6,30.0,28.0,25.0,0.1,-0.2,0.0,6.0,6.0,4.0,0.0,12.0,13.0,13.0,88.0,57.0,52.0,7.0,7.0,300.0,0.0,0.0,0.0,0.0,0.0,0.0,0.0,0.0,0.0
7.78,290.02,0.41,0.32,0.31,2.94,6.16,5.02,7.74,-9.0,0.01,-0.02,173.4,4.4,141.0,1.0,3.0,141.0,690.0,162.0,-1.0,177.0,7.76,296.2,187.0,30.9,32.3,0.6,2.8,1970.5,0.0,16.69,-10.0,5.5,5.7,5.1,6.1,5.3,3.8,6.0,6.7,31.7,31.1,6.7,7.9,-3.1,8.7,30.0,27.0,25.0,0.0,-0.1,0.0,6.0,6.0,4.0,0.0,12.0,13.0,13.0,88.0,60.0,52.0,7.0,7.0,300.0,0.0,0.0,0.0,0.0,0.0,0.0,0.0,0.0,0.0
7.61,6.98,0.37,0.3,0.31,1.52,6.08,4.4,7.63,-9.3,-0.02,-0.02,173.4,4.5,138.0,1.0,3.0,129.0,689.0,152.0,0.0,168.0,7.58,281.6,178.0,30.7,32.4,0.6,2.8,2025.2,0.0,16.77,-9.9,5.5,5.7,5.1,6.1,5.3,3.8,6.0,6.7,31.8,31.1,7.0,8.1,-3.1,8.7,29.0,27.0,25.0,0.0,0.3,0.0,6.0,6.0,4.0,0.0,12.0,13.0,13.0,88.0,60.0,52.0,8.0,8.0,300.0,0.0,0.0,0.0,0.0,0.0,0.0,0.0,0.0,0.0
9.07,301.0,0.28,0.23,0.27,2.16,2.12,0.0,8.99,-4.7,0.02,-0.01,172.9,5.0,140.0,1.0,3.0,210.0,691.0,260.0,0.0,283.0,9.06,401.4,254.0,31.7,33.2,0.6,2.8,2067.6,0.0,16.83,-9.8,5.5,5.7,5.0,6.1,5.3,3.9,6.1,6.7,31.5,31.1,6.7,7.9,-3.2,8.7,32.0,29.0,25.0,5.0,5.2,0.0,6.0,6.0,4.0,0.0,12.0,13.0,13.0,88.0,53.0,53.0,7.0,7.0,300.0,0.0,0.0,0.0,0.0,0.0,0.0,0.0,0.0,0.0
8.95,195.98,0.39,0.3,0.29,4.36,7.4,4.7,8.85,-12.6,0.0,-0.03,173.1,5.0,141.0,1.0,3.0,207.0,691.0,251.0,0.0,271.0,8.96,391.1,249.0,31.8,33.0,0.6,2.8,2067.6,0.0,16.83,-9.8,5.5,5.7,5.2,6.1,5.3,3.9,6.0,6.7,31.5,31.1,6.7,7.9,-3.2,8.7,32.0,29.0,25.0,0.1,0.0,0.0,6.0,6.0,4.0,0.0,12.0,13.0,13.0,88.0,53.0,53.0,7.0,7.0,300.0,0.0,0.0,0.0,0.0,0.0,0.0,0.0,0.0,0.0
8.9,265.0,0.4,0.3,0.32,4.92,7.34,5.06,9.09,-13.6,-0.02,0.0,173.1,4.7,141.0,1.0,3.0,205.0,691.0,248.0,0.0,265.0,8.9,383.4,245.0,31.6,32.9,0.6,2.8,2067.6,0.0,16.83,-9.8,5.5,5.7,5.1,6.1,5.3,3.9,6.1,6.7,31.5,31.1,6.7,7.8,-3.2,8.7,31.0,29.0,25.0,0.1,0.0,0.1,6.0,6.0,4.0,0.0,12.0,13.0,13.0,88.0,53.0,53.0,7.0,7.0,300.0,0.0,0.0,0.0,0.0,0.0,0.0,0.0,0.0,0.0
8.9,118.01,0.4,0.3,0.32,4.52,8.14,5.14,8.77,-11.5,0.01,0.01,173.1,4.7,141.0,1.0,3.0,206.0,691.0,246.0,0.0,272.0,8.88,381.5,245.0,31.1,32.8,0.6,2.8,2067.6,0.0,16.83,-9.8,5.5,5.7,5.0,6.1,5.3,3.9,6.0,6.7,31.5,31.1,6.7,7.8,-3.2,8.7,31.0,29.0,25.0,0.2,0.0,0.0,6.0,6.0,4.0,0.0,12.0,13.0,13.0,88.0,53.0,53.0,7.0,7.0,300.0,0.0,0.0,0.0,0.0,0.0,0.0,0.0,0.0,0.0
7.53,290.02,0.39,0.31,0.32,2.66,5.64,4.98,7.44,-3.4,0.0,0.06,173.5,3.9,133.0,1.0,3.0,129.0,689.0,155.0,0.0,163.0,7.52,273.6,175.0,30.2,31.7,0.6,2.8,2067.6,0.0,16.83,-10.1,5.5,5.7,5.1,6.2,5.3,3.9,6.0,6.7,31.7,31.2,6.8,7.9,-3.1,8.8,29.0,27.0,25.0,0.0,0.0,0.0,6.0,6.0,4.0,0.0,12.0,13.0,13.0,88.0,59.0,53.0,7.0,7.0,300.0,0.0,0.0,0.0,0.0,0.0,0.0,0.0,0.0,0.0
8.65,178.99,0.31,0.25,0.26,5.34,7.38,5.14,8.54,-9.7,0.0,-0.02,173.2,4.7,141.0,1.0,3.0,183.0,691.0,222.0,0.0,239.0,8.62,358.1,230.0,31.2,33.0,0.6,2.8,2067.6,0.0,16.83,-9.8,5.5,5.7,4.8,6.1,5.3,3.9,5.9,6.7,31.6,31.1,6.5,7.9,-3.2,8.7,31.0,28.0,25.0,0.1,0.0,0.0,6.0,6.0,4.0,0.0,12.0,13.0,13.0,88.0,56.0,53.0,7.0,7.0,300.0,0.0,0.0,0.0,0.0,0.0,0.0,0.0,0.0,0.0
7.55,0.0,0.35,0.26,0.26,1.46,7.5,4.8,7.58,-5.8,-0.02,0.04,173.5,4.2,136.0,1.0,3.0,126.0,689.0,155.0,0.0,163.0,7.52,280.3,176.0,30.7,32.0,0.6,2.8,1946.7,0.0,16.65,-10.0,5.5,5.7,4.8,6.1,5.3,3.9,5.9,6.7,31.8,31.1,7.0,8.1,-3.1,8.7,29.0,27.0,25.0,0.0,0.2,0.0,6.0,6.0,4.0,0.0,12.0,13.0,13.0,88.0,60.0,52.0,8.0,8.0,300.0,0.0,0.0,0.0,0.0,0.0,0.0,0.0,0.0,0.0
7.88,213.01,0.32,0.25,0.25,4.32,6.48,4.3,8.18,-11.2,0.0,0.01,173.3,4.4,141.0,1.0,3.0,141.0,690.0,177.0,0.0,188.0,7.88,303.4,192.0,30.9,32.3,0.6,2.8,1999.4,0.0,16.73,-9.9,5.5,5.7,4.9,6.1,5.3,3.9,6.0,6.7,31.7,31.1,6.6,7.9,-3.1,8.6,30.0,28.0,25.0,0.0,0.0,0.0,6.0,6.0,4.0,0.0,12.0,13.0,13.0,88.0,59.0,52.0,7.0,7.0,300.0,0.0,0.0,0.0,0.0,0.0,0.0,0.0,0.0,0.0
7.51,87.01,0.33,0.26,0.26,3.46,7.66,3.38,7.45,-7.7,0.03,-0.04,173.5,4.1,136.0,1.0,3.0,125.0,690.0,153.0,0.0,161.0,7.5,279.3,175.0,30.4,31.9,0.6,2.8,2001.5,0.0,16.73,-10.0,5.5,5.7,5.0,6.1,5.3,3.9,6.0,6.7,31.8,31.2,6.9,8.0,-3.1,8.7,29.0,27.0,25.0,0.2,0.0,0.0,6.0,6.0,4.0,0.0,12.0,13.0,13.0,88.0,59.0,52.0,8.0,8.0,300.0,0.0,0.0,0.0,0.0,0.0,0.0,0.0,0.0,0.0
8.97,293.0,0.41,0.34,0.32,4.68,6.7,5.8,9.09,-13.8,0.01,0.01,173.0,5.0,142.0,1.0,3.0,210.0,691.0,251.0,0.0,268.0,8.96,392.7,247.0,31.6,33.2,0.6,2.8,2067.6,0.0,16.83,-9.8,5.5,5.7,5.0,6.1,5.3,3.9,6.1,6.7,31.5,31.1,6.7,7.9,-3.2,8.7,31.0,29.0,25.0,0.0,-0.1,0.0,6.0,6.0,4.0,0.0,12.0,13.0,13.0,88.0,53.0,53.0,7.0,7.0,300.0,0.0,0.0,0.0,0.0,0.0,0.0,0.0,0.0,0.0
8.4,294.01,0.27,0.25,0.26,4.12,4.9,5.36,8.39,-11.5,0.01,0.01,173.2,4.8,140.0,1.0,3.0,170.0,690.0,207.0,0.0,222.0,8.38,344.2,217.0,31.1,32.4,0.6,2.8,2067.6,0.0,16.83,-9.9,5.5,5.7,4.9,6.1,5.3,3.9,5.9,6.7,31.6,31.1,6.5,7.9,-3.2,8.6,30.0,28.0,25.0,0.0,0.0,0.0,6.0,6.0,4.0,0.0,12.0,13.0,13.0,88.0,57.0,52.0,7.0,7.0,300.0,0.0,0.0,0.0,0.0,0.0,0.0,0.0,0.0,0.0
7.77,96.01,0.4,0.32,0.31,2.88,6.62,4.24,7.64,-12.7,0.02,-0.01,173.4,4.4,141.0,1.0,3.0,138.0,690.0,164.0,0.0,177.0,7.76,295.4,187.0,30.7,31.9,0.6,2.7,1970.5,0.0,16.69,-10.0,5.5,5.7,5.2,6.1,5.3,3.8,6.0,6.7,31.7,31.1,6.7,7.9,-3.1,8.6,30.0,27.0,25.0,0.2,0.0,0.0,6.0,6.0,4.0,0.0,12.0,13.0,13.0,88.0,60.0,52.0,7.0,7.0,300.0,0.0,0.0,0.0,0.0,0.0,0.0,0.0,0.0,0.0
7.55,313.99,0.34,0.26,0.26,2.06,5.96,4.22,7.56,-10.2,0.02,0.03,173.5,4.2,137.0,1.0,3.0,130.0,689.0,149.0,0.0,164.0,7.54,271.0,175.0,30.8,32.1,0.6,2.8,1946.7,0.0,16.65,-10.0,5.5,5.7,5.1,6.1,5.3,3.9,6.0,6.7,31.7,31.1,7.0,8.0,-3.1,8.7,29.0,27.0,25.0,0.0,0.0,0.0,6.0,6.0,4.0,0.0,12.0,13.0,13.0,88.0,60.0,52.0,8.0,8.0,300.0,0.0,0.0,0.0,0.0,0.0,0.0,0.0,0.0,0.0
7.76,69.98,0.41,0.32,0.34,1.46,7.32,1.48,7.74,-8.6,0.03,-0.01,173.4,4.6,140.0,1.0,3.0,140.0,690.0,161.0,0.0,177.0,7.76,291.0,187.0,30.7,32.0,0.6,2.8,2003.5,0.0,16.73,-9.9,5.5,5.7,5.0,6.1,5.3,3.9,6.0,6.7,31.7,31.1,6.7,8.0,-3.1,8.7,30.0,27.0,25.0,0.0,0.0,1.2,6.0,6.0,4.0,0.0,12.0,13.0,13.0,88.0,60.0,52.0,8.0,8.0,300.0,0.0,0.0,0.0,0.0,0.0,0.0,0.0,0.0,0.0
7.8,128.02,0.31,0.25,0.25,5.0,7.64,4.26,7.85,-11.7,0.01,0.01,173.3,4.2,141.0,1.0,3.0,138.0,690.0,171.0,0.0,181.0,7.8,297.3,189.0,30.7,32.1,0.6,2.8,2047.0,0.0,16.8,-9.9,5.5,5.7,5.2,6.1,5.3,3.9,6.0,6.7,31.7,31.2,6.7,7.9,-3.1,8.6,30.0,28.0,25.0,0.2,-0.2,0.0,6.0,6.0,4.0,0.0,12.0,13.0,13.0,88.0,59.0,52.0,7.0,7.0,300.0,0.0,0.0,0.0,0.0,0.0,0.0,0.0,0.0,0.0
7.95,271.01,0.36,0.28,0.3,3.96,6.4,4.56,7.89,-2.6,0.0,0.01,173.3,3.9,137.0,1.0,3.0,151.0,690.0,176.0,0.0,189.0,7.96,309.2,196.0,31.4,32.4,0.6,2.8,2032.5,0.0,16.78,-9.9,5.5,5.7,4.9,6.1,5.3,3.9,6.0,6.7,31.7,31.2,6.5,7.9,-3.1,8.6,30.0,28.0,25.0,0.0,0.0,0.0,6.0,6.0,4.0,0.0,12.0,13.0,13.0,88.0,59.0,52.0,7.0,7.0,300.0,0.0,0.0,0.0,0.0,0.0,0.0,0.0,0.0,0.0
8.76,231.01,0.34,0.25,0.26,4.74,7.84,5.58,8.74,-14.6,-0.02,0.02,173.1,5.1,141.0,1.0,3.0,196.0,691.0,236.0,0.0,255.0,8.76,372.5,238.0,31.4,32.7,0.6,2.8,2067.6,0.0,16.83,-9.8,5.5,5.7,5.1,6.1,5.2,3.9,6.0,6.7,31.6,31.1,6.5,7.9,-3.2,8.7,31.0,28.0,25.0,0.1,0.0,0.0,6.0,6.0,4.0,0.0,12.0,13.0,13.0,88.0,55.0,53.0,7.0,7.0,300.0,0.0,0.0,0.0,0.0,0.0,0.0,0.0,0.0,0.0
8.74,163.01,0.33,0.25,0.26,5.44,8.0,5.4,8.69,-9.8,0.01,0.0,173.1,4.9,141.0,1.0,3.0,193.0,692.0,236.0,0.0,259.0,8.78,373.4,239.0,31.6,32.9,0.6,2.8,2067.6,0.0,16.83,-9.8,5.5,5.7,5.0,6.1,5.2,3.9,5.9,6.7,31.6,31.1,6.5,7.9,-3.2,8.7,31.0,28.0,25.0,0.1,-0.2,0.0,6.0,6.0,4.0,0.0,12.0,13.0,13.0,88.0,55.0,53.0,7.0,7.0,300.0,0.0,0.0,0.0,0.0,0.0,0.0,0.0,0.0,0.0
8.3,113.0,0.41,0.35,0.32,4.44,7.46,4.66,8.22,-11.9,0.01,0.03,173.2,5.1,139.0,1.0,3.0,169.0,690.0,198.0,0.0,213.0,8.3,333.4,213.0,31.5,32.9,0.6,2.8,2067.6,0.0,16.83,-9.9,5.5,5.7,5.2,6.1,5.2,3.9,6.0,6.7,31.6,31.2,6.5,7.9,-3.2,8.7,30.0,28.0,25.0,0.3,0.0,0.0,6.0,6.0,4.0,0.0,12.0,13.0,13.0,88.0,57.0,52.0,7.0,7.0,300.0,0.0,0.0,0.0,0.0,0.0,0.0,0.0,0.0,0.0
7.89,137.02,0.33,0.25,0.25,4.84,7.46,4.26,8.08,-9.6,-0.05,-0.02,173.4,4.1,140.0,1.0,3.0,140.0,691.0,177.0,0.0,189.0,7.88,304.1,193.0,30.9,32.5,0.6,2.7,1999.4,0.0,16.73,-9.9,5.5,5.7,4.8,6.1,5.3,3.9,6.0,6.7,31.7,31.1,6.6,7.9,-3.1,8.6,30.0,28.0,25.0,0.2,-0.2,0.0,6.0,6.0,4.0,0.0,12.0,13.0,13.0,88.0,59.0,52.0,7.0,7.0,300.0,0.0,0.0,0.0,0.0,0.0,0.0,0.0,0.0,0.0
8.93,51.01,0.4,0.3,0.31,3.82,8.26,0.58,8.91,-12.1,0.06,0.0,173.0,4.9,140.0,1.0,3.0,204.0,691.0,246.0,0.0,268.0,8.92,389.0,247.0,31.9,33.2,0.6,2.8,2067.6,0.0,16.83,-9.8,5.5,5.7,4.9,6.1,5.3,3.9,6.0,6.7,31.5,31.1,6.7,7.8,-3.2,8.7,32.0,29.0,25.0,0.0,0.0,0.5,6.0,6.0,4.0,0.0,12.0,13.0,13.0,88.0,53.0,53.0,7.0,7.0,300.0,0.0,0.0,0.0,0.0,0.0,0.0,0.0,0.0,0.0
7.53,24.01,0.38,0.31,0.28,1.26,7.18,3.92,7.44,-3.5,-0.02,0.05,173.5,3.9,133.0,1.0,3.0,124.0,689.0,149.0,0.0,162.0,7.52,274.0,175.0,30.2,31.9,0.6,2.8,2067.6,0.0,16.83,-10.1,5.5,5.7,5.3,6.2,5.3,3.9,6.0,6.7,31.7,31.2,6.8,7.9,-3.1,8.8,29.0,27.0,25.0,0.0,0.0,-0.1,6.0,6.0,4.0,0.0,12.0,13.0,13.0,88.0,59.0,54.0,7.0,7.0,300.0,0.0,0.0,0.0,0.0,0.0,0.0,0.0,0.0,0.0
8.82,193.0,0.37,0.3,0.29,4.5,7.5,4.44,8.99,-9.4,0.03,0.01,173.1,5.0,140.0,1.0,3.0,198.0,691.0,236.0,0.0,263.0,8.82,374.6,241.0,31.7,33.1,0.6,2.8,2067.6,0.0,16.83,-9.8,5.5,5.7,5.2,6.1,5.3,3.9,6.0,6.7,31.5,31.1,6.7,7.9,-3.2,8.7,31.0,28.0,25.0,0.0,0.0,0.0,6.0,6.0,4.0,0.0,12.0,13.0,13.0,88.0,54.0,53.0,7.0,7.0,300.0,0.0,0.0,0.0,0.0,0.0,0.0,0.0,0.0,0.0
7.77,2.02,0.4,0.32,0.31,1.68,6.44,5.02,7.71,-12.3,-0.05,0.01,173.4,4.2,141.0,1.0,3.0,140.0,690.0,162.0,0.0,176.0,7.76,293.3,186.0,30.9,32.2,0.6,2.8,1970.5,0.0,16.69,-10.0,5.5,5.7,5.0,6.1,5.3,3.9,5.9,6.7,31.7,31.1,6.7,7.9,-3.1,8.6,30.0,27.0,25.0,0.0,0.3,0.0,6.0,6.0,4.0,0.0,12.0,13.0,13.0,88.0,60.0,52.0,7.0,7.0,300.0,0.0,0.0,0.0,0.0,0.0,0.0,0.0,0.0,0.0
8.91,78.98,0.41,0.34,0.32,3.34,7.18,5.52,8.84,-11.9,0.04,0.0,173.1,4.9,141.0,1.0,3.0,205.0,691.0,242.0,0.0,264.0,8.9,385.8,246.0,31.7,33.2,0.6,2.7,2067.6,0.0,16.83,-9.8,5.5,5.7,4.9,6.1,5.3,3.9,6.0,6.7,31.5,31.1,6.7,7.8,-3.2,8.7,31.0,29.0,25.0,0.0,0.0,0.0,6.0,6.0,4.0,0.0,12.0,13.0,13.0,88.0,53.0,53.0,7.0,7.0,300.0,0.0,0.0,0.0,0.0,0.0,0.0,0.0,0.0,0.0
7.77,202.0,0.41,0.32,0.31,3.6,6.22,3.88,7.67,-10.6,0.01,0.01,173.4,4.3,141.0,1.0,3.0,142.0,690.0,162.0,0.0,179.0,7.78,292.8,187.0,31.1,32.3,0.6,2.8,1970.5,0.0,16.69,-10.0,5.5,5.7,4.8,6.1,5.3,3.9,6.0,6.7,31.7,31.1,6.7,7.9,-3.1,8.7,30.0,27.0,25.0,0.0,0.0,0.0,6.0,6.0,4.0,0.0,12.0,13.0,13.0,88.0,60.0,52.0,7.0,7.0,300.0,0.0,0.0,0.0,0.0,0.0,0.0,0.0,0.0,0.0
7.88,42.98,0.32,0.25,0.25,2.3,8.16,4.22,7.88,-10.2,0.0,0.02,173.4,4.5,140.0,1.0,3.0,147.0,690.0,170.0,0.0,188.0,7.88,301.3,193.0,31.1,32.5,0.6,2.8,1999.4,0.0,16.73,-9.9,5.5,5.7,5.1,6.1,5.3,3.9,6.1,6.7,31.7,31.1,6.6,7.9,-3.1,8.6,30.0,28.0,25.0,0.0,0.0,-0.1,6.0,6.0,4.0,0.0,12.0,13.0,13.0,88.0,59.0,52.0,7.0,7.0,300.0,0.0,0.0,0.0,0.0,0.0,0.0,0.0,0.0,0.0
8.43,130.0,0.28,0.25,0.26,5.76,7.72,5.02,8.38,-14.8,0.0,0.02,173.2,4.8,141.0,1.0,3.0,175.0,690.0,216.0,2.0,230.0,8.46,343.7,221.0,31.0,32.6,0.6,2.8,2067.6,0.0,16.83,-9.9,5.5,5.7,4.9,6.1,5.3,3.9,6.0,6.7,31.6,31.1,6.5,7.9,-3.2,8.6,30.0,28.0,25.0,0.3,-0.2,0.0,6.0,6.0,4.0,0.0,12.0,13.0,13.0,88.0,56.0,52.0,7.0,7.0,300.0,0.0,0.0,0.0,0.0,0.0,0.0,0.0,0.0,0.0
7.49,132.01,0.34,0.26,0.26,4.66,7.1,3.66,7.72,-8.3,-0.04,0.01,173.4,4.2,136.0,1.0,3.0,124.0,690.0,149.0,0.0,161.0,7.5,270.1,175.0,30.4,31.9,0.6,2.8,2001.5,0.0,16.73,-10.0,5.5,5.7,5.0,6.1,5.3,3.9,6.0,6.7,31.8,31.2,6.9,8.1,-3.1,8.7,29.0,27.0,25.0,0.2,0.0,0.0,6.0,6.0,4.0,0.0,12.0,13.0,13.0,88.0,59.0,52.0,8.0,8.0,300.0,0.0,0.0,0.0,0.0,0.0,0.0,0.0,0.0,0.0
7.8,207.0,0.31,0.25,0.25,4.28,6.1,3.88,7.76,-10.8,0.05,0.0,173.4,4.4,141.0,1.0,3.0,142.0,690.0,164.0,0.0,180.0,7.8,293.0,188.0,30.7,32.2,0.6,2.8,2047.0,0.0,16.8,-9.9,5.5,5.7,5.1,6.1,5.3,3.9,6.0,6.7,31.7,31.2,6.7,7.9,-3.1,8.6,30.0,28.0,25.0,0.0,0.0,0.1,6.0,6.0,4.0,0.0,12.0,13.0,13.0,88.0,59.0,52.0,7.0,7.0,300.0,0.0,0.0,0.0,0.0,0.0,0.0,0.0,0.0,0.0
7.51,173.02,0.41,0.31,0.32,3.88,6.66,3.72,7.57,-8.2,0.0,-0.03,173.5,4.2,135.0,1.0,3.0,131.0,689.0,150.0,0.0,163.0,7.52,277.5,176.0,30.7,31.8,0.6,2.8,2067.6,0.0,16.83,-10.1,5.5,5.7,5.0,6.2,5.3,3.9,6.0,6.7,31.7,31.2,7.0,7.9,-3.1,8.7,29.0,27.0,25.0,0.0,0.0,0.0,6.0,6.0,4.0,0.0,12.0,13.0,13.0,88.0,59.0,53.0,7.0,7.0,300.0,0.0,0.0,0.0,0.0,0.0,0.0,0.0,0.0,0.0
7.53,155.02,0.39,0.31,0.32,3.76,6.58,3.28,7.55,1.2,-0.01,-0.02,173.6,3.9,133.0,1.0,3.0,125.0,690.0,149.0,0.0,163.0,7.52,274.9,175.0,30.4,32.0,0.6,2.8,2067.6,0.0,16.83,-10.1,5.5,5.7,4.9,6.2,5.3,3.9,5.9,6.7,31.7,31.2,6.8,7.9,-3.2,8.8,29.0,27.0,25.0,0.1,0.0,0.0,6.0,6.0,4.0,0.0,12.0,13.0,13.0,88.0,59.0,53.0,7.0,7.0,300.0,0.0,0.0,0.0,0.0,0.0,0.0,0.0,0.0,0.0
8.1,117.0,0.4,0.31,0.3,3.98,7.1,4.36,8.12,-11.4,-0.05,0.03,173.3,4.7,139.0,1.0,3.0,156.0,690.0,188.0,0.0,204.0,8.12,321.5,204.0,31.1,32.4,0.6,2.8,1981.8,0.0,16.7,-9.9,5.5,5.7,4.9,6.1,5.2,3.9,5.9,6.7,31.6,31.1,6.5,7.9,-3.2,8.6,30.0,28.0,25.0,0.2,0.0,0.0,6.0,6.0,4.0,0.0,12.0,13.0,13.0,88.0,57.0,52.0,7.0,7.0,300.0,0.0,0.0,0.0,0.0,0.0,0.0,0.0,0.0,0.0
8.77,92.99,0.31,0.25,0.26,3.88,8.58,5.56,8.76,-13.2,0.04,0.02,173.2,5.0,142.0,1.0,3.0,194.0,691.0,239.0,0.0,258.0,8.78,376.6,240.0,31.1,32.8,0.6,2.8,2067.6,0.0,16.83,-9.8,5.5,5.7,4.8,6.1,5.3,3.9,6.0,6.7,31.6,31.1,6.5,7.9,-3.2,8.7,31.0,28.0,25.0,0.1,-0.2,0.0,6.0,6.0,4.0,0.0,12.0,13.0,13.0,88.0,55.0,53.0,7.0,7.0,300.0,0.0,0.0,0.0,0.0,0.0,0.0,0.0,0.0,0.0
8.86,204.01,0.38,0.3,0.29,4.04,7.32,4.72,9.01,-10.1,0.02,-0.01,173.0,5.2,140.0,1.0,3.0,200.0,691.0,240.0,0.0,269.0,8.88,381.2,244.0,31.6,32.9,0.6,2.8,2067.6,0.0,16.83,-9.8,5.5,5.7,5.2,6.1,5.3,3.9,6.0,6.7,31.5,31.1,6.7,7.9,-3.2,8.7,31.0,28.0,25.0,0.0,0.0,0.0,6.0,6.0,4.0,0.0,12.0,13.0,13.0,88.0,54.0,53.0,7.0,7.0,300.0,0.0,0.0,0.0,0.0,0.0,0.0,0.0,0.0,0.0
8.23,187.99,0.41,0.31,0.32,4.48,6.86,4.64,8.24,-9.6,-0.01,-0.02,173.2,4.5,139.0,1.0,3.0,165.0,690.0,194.0,0.0,216.0,8.24,328.2,210.0,31.0,32.6,0.6,2.8,2054.2,0.0,16.81,-9.9,5.5,5.7,5.2,6.1,5.2,3.9,6.0,6.7,31.6,31.2,6.6,7.9,-3.2,8.7,30.0,28.0,25.0,0.0,0.0,0.0,6.0,6.0,4.0,0.0,12.0,13.0,13.0,88.0,57.0,52.0,7.0,7.0,300.0,0.0,0.0,0.0,0.0,0.0,0.0,0.0,0.0,0.0
7.51,263.02,0.32,0.26,0.26,3.54,5.8,4.86,7.48,-5.5,-0.01,-0.06,173.5,4.1,135.0,1.0,3.0,130.0,690.0,150.0,0.0,161.0,7.5,276.9,174.0,30.7,31.8,0.6,2.8,1955.0,0.0,16.66,-10.1,5.5,5.7,5.1,6.1,5.3,3.9,6.0,6.7,31.7,31.2,6.9,8.0,-3.1,8.7,29.0,27.0,25.0,0.0,-0.1,0.0,6.0,6.0,4.0,0.0,12.0,13.0,13.0,88.0,59.0,52.0,8.0,8.0,300.0,0.0,0.0,0.0,0.0,0.0,0.0,0.0,0.0,0.0
8.56,74.99,0.3,0.25,0.26,3.72,8.5,5.2,8.77,-12.3,0.01,0.0,173.2,5.2,141.0,1.0,3.0,184.0,691.0,218.0,0.0,244.0,8.58,359.0,228.0,31.2,32.5,0.6,2.8,2067.6,0.0,16.83,-9.8,5.5,5.7,4.9,6.1,5.3,3.9,6.0,6.7,31.6,31.1,6.5,7.9,-3.2,8.7,31.0,28.0,25.0,0.1,0.0,0.0,6.0,6.0,4.0,0.0,12.0,13.0,13.0,88.0,56.0,53.0,7.0,7.0,300.0,0.0,0.0,0.0,0.0,0.0,0.0,0.0,0.0,0.0
7.97,344.99,0.35,0.28,0.25,2.56,6.6,4.72,7.94,-5.8,0.01,0.03,173.4,4.3,138.0,1.0,3.0,146.0,690.0,177.0,0.0,189.0,7.96,307.1,196.0,30.7,32.2,0.6,2.8,2032.5,0.0,16.78,-9.9,5.4,5.7,4.8,6.1,5.3,3.9,6.0,6.7,31.7,31.2,6.5,7.9,-3.1,8.6,30.0,28.0,25.0,0.0,0.4,0.0,6.0,6.0,4.0,0.0,12.0,13.0,13.0,88.0,59.0,52.0,7.0,7.0,300.0,0.0,0.0,0.0,0.0,0.0,0.0,0.0,0.0,0.0
7.5,83.02,0.31,0.26,0.26,2.76,7.46,3.2,7.47,-6.4,-0.01,0.0,173.5,4.1,136.0,1.0,3.0,127.0,690.0,153.0,0.0,159.0,7.48,271.6,173.0,31.0,32.1,0.6,2.8,1955.0,0.0,16.66,-10.1,5.4,5.7,4.9,6.1,5.3,3.9,5.9,6.7,31.7,31.2,7.0,8.0,-3.1,8.6,29.0,27.0,25.0,0.2,0.0,0.0,6.0,6.0,4.0,0.0,12.0,13.0,13.0,88.0,59.0,52.0,8.0,8.0,300.0,0.0,0.0,0.0,0.0,0.0,0.0,0.0,0.0,0.0
7.76,87.01,0.41,0.32,0.35,3.08,7.32,3.44,7.89,-14.4,0.01,-0.01,173.4,4.2,141.0,1.0,3.0,136.0,689.0,167.0,0.0,177.0,7.76,292.6,186.0,31.2,32.4,0.6,2.8,2003.5,0.0,16.73,-9.9,5.5,5.7,4.8,6.1,5.3,3.9,6.0,6.7,31.7,31.1,6.7,7.9,-3.1,8.7,30.0,27.0,25.0,0.2,0.0,0.0,6.0,6.0,4.0,0.0,12.0,13.0,13.0,88.0,60.0,52.0,7.0,7.0,300.0,0.0,0.0,0.0,0.0,0.0,0.0,0.0,0.0,0.0
7.95,176.0,0.35,0.28,0.29,4.38,6.58,1.14,8.14,-9.0,0.0,-0.02,173.2,4.1,138.0,1.0,3.0,150.0,690.0,176.0,0.0,189.0,7.96,312.1,196.0,31.1,32.6,0.6,2.8,2032.5,0.0,16.78,-9.9,5.5,5.7,5.1,6.1,5.2,3.9,6.0,6.7,31.7,31.1,6.5,7.9,-3.1,8.6,30.0,28.0,25.0,0.0,0.0,0.1,6.0,6.0,4.0,0.0,12.0,13.0,13.0,88.0,59.0,52.0,7.0,7.0,300.0,0.0,0.0,0.0,0.0,0.0,0.0,0.0,0.0,0.0
8.09,155.02,0.39,0.31,0.3,4.48,6.7,4.36,8.1,-10.4,-0.02,0.0,173.3,4.1,138.0,1.0,3.0,153.0,690.0,189.0,0.0,200.0,8.08,318.6,202.0,31.0,32.4,0.6,2.8,1981.8,0.0,16.7,-9.9,5.4,5.7,4.8,6.1,5.3,3.9,6.0,6.7,31.6,31.2,6.5,7.9,-3.1,8.7,30.0,28.0,25.0,0.1,-0.1,0.0,6.0,6.0,4.0,0.0,12.0,13.0,13.0,88.0,58.0,52.0,7.0,7.0,300.0,0.0,0.0,0.0,0.0,0.0,0.0,0.0,0.0,0.0
7.5,202.0,0.36,0.27,0.28,3.38,6.32,3.26,7.47,-2.0,0.02,0.05,173.6,3.8,135.0,1.0,3.0,129.0,689.0,152.0,0.0,161.0,7.5,273.3,175.0,30.9,32.0,0.6,2.8,2023.2,0.0,16.76,-10.1,5.5,5.7,5.3,6.2,5.3,3.9,6.0,6.7,31.8,31.2,6.8,7.9,-3.1,8.8,29.0,27.0,25.0,0.0,0.0,0.0,6.0,6.0,4.0,0.0,12.0,13.0,13.0,88.0,59.0,54.0,7.0,7.0,300.0,0.0,0.0,0.0,0.0,0.0,0.0,0.0,0.0,0.0
8.35,142.99,0.27,0.25,0.26,6.32,4.94,0.96,8.54,-15.8,0.01,0.0,173.3,4.7,140.0,1.0,3.0,170.0,690.0,203.0,0.0,220.0,8.36,338.7,216.0,31.4,32.6,0.6,2.8,2067.6,0.0,16.83,-9.9,5.5,5.7,5.1,6.1,5.3,3.9,6.0,6.7,31.6,31.1,6.5,7.9,-3.2,8.6,30.0,28.0,25.0,0.1,0.0,0.0,6.0,6.0,4.0,0.0,12.0,13.0,13.0,88.0,57.0,52.0,7.0,7.0,300.0,0.0,0.0,0.0,0.0,0.0,0.0,0.0,0.0,0.0
7.56,315.0,0.35,0.26,0.26,2.14,5.92,4.8,7.72,-4.4,0.02,0.0,173.5,4.2,136.0,1.0,3.0,129.0,689.0,156.0,0.0,163.0,7.52,274.2,176.0,30.7,32.3,0.6,2.8,1946.7,0.0,16.65,-10.0,5.5,5.7,4.9,6.1,5.3,3.9,6.0,6.7,31.8,31.1,7.0,8.1,-3.1,8.7,29.0,27.0,25.0,0.0,0.0,0.0,6.0,6.0,4.0,0.0,12.0,13.0,13.0,88.0,60.0,52.0,8.0,8.0,300.0,0.0,0.0,0.0,0.0,0.0,0.0,0.0,0.0,0.0
8.77,236.02,0.31,0.25,0.26,4.66,7.36,3.92,8.69,-12.7,-0.04,0.0,173.2,5.0,141.0,1.0,3.0,196.0,691.0,237.0,0.0,255.0,8.76,377.3,238.0,31.2,32.7,0.6,2.7,2067.6,0.0,16.83,-9.8,5.5,5.7,5.1,6.1,5.2,3.9,6.0,6.7,31.6,31.1,6.5,7.9,-3.2,8.7,31.0,28.0,25.0,0.2,0.0,0.0,6.0,6.0,4.0,0.0,12.0,13.0,13.0,88.0,55.0,53.0,7.0,7.0,300.0,0.0,0.0,0.0,0.0,0.0,0.0,0.0,0.0,0.0
8.69,335.02,0.31,0.25,0.26,3.66,7.6,5.58,8.67,-11.0,0.0,-0.02,173.2,4.8,141.0,1.0,3.0,190.0,691.0,219.0,-1.0,242.0,8.64,358.9,231.0,31.6,33.0,0.6,2.8,2067.6,0.0,16.83,-9.8,5.5,5.7,5.1,6.1,5.2,3.9,6.0,6.7,31.6,31.1,6.5,7.9,-3.2,8.7,31.0,28.0,25.0,0.0,0.2,0.0,6.0,6.0,4.0,0.0,12.0,13.0,13.0,88.0,56.0,53.0,7.0,7.0,300.0,0.0,0.0,0.0,0.0,0.0,0.0,0.0,0.0,0.0
8.34,2.99,0.41,0.35,0.32,3.2,7.62,4.9,8.3,-8.5,-0.02,0.0,173.2,4.7,139.0,1.0,3.0,165.0,690.0,204.0,0.0,216.0,8.32,340.8,214.0,31.0,32.6,0.6,2.8,2067.6,0.0,16.83,-9.9,5.5,5.7,5.0,6.1,5.2,3.9,5.9,6.7,31.6,31.1,6.5,7.9,-3.2,8.6,30.0,28.0,25.0,0.0,0.2,0.0,6.0,6.0,4.0,0.0,12.0,13.0,13.0,88.0,57.0,52.0,7.0,7.0,300.0,0.0,0.0,0.0,0.0,0.0,0.0,0.0,0.0,0.0
8.93,58.0,0.38,0.3,0.29,3.42,8.1,4.4,8.9,-12.5,0.01,0.0,173.1,5.5,140.0,1.0,3.0,203.0,692.0,249.0,0.0,263.0,8.9,382.7,246.0,31.2,32.7,0.6,2.8,2067.6,0.0,16.83,-9.8,5.5,5.7,4.9,6.1,5.3,3.9,6.0,6.7,31.5,31.1,6.7,7.9,-3.2,8.7,31.0,28.0,25.0,0.0,0.0,0.0,6.0,6.0,4.0,0.0,12.0,13.0,13.0,88.0,53.0,53.0,7.0,7.0,300.0,0.0,0.0,0.0,0.0,0.0,0.0,0.0,0.0,0.0
7.77,272.99,0.42,0.32,0.35,2.94,6.06,5.88,7.69,-9.9,0.03,0.01,173.4,3.9,141.0,1.0,3.0,135.0,690.0,171.0,0.0,177.0,7.76,288.5,187.0,30.7,32.0,0.6,2.8,2003.5,0.0,16.73,-9.9,5.5,5.7,5.1,6.1,5.3,3.9,6.0,6.7,31.7,31.2,6.7,7.9,-3.1,8.7,30.0,28.0,25.0,0.0,-0.1,0.0,6.0,6.0,4.0,0.0,12.0,13.0,13.0,88.0,60.0,52.0,7.0,7.0,300.0,0.0,0.0,0.0,0.0,0.0,0.0,0.0,0.0,0.0
8.11,136.01,0.39,0.31,0.3,4.84,7.38,4.34,8.05,-9.1,-0.02,-0.02,173.3,4.3,138.0,1.0,3.0,157.0,690.0,188.0,0.0,202.0,8.1,322.5,204.0,31.1,32.4,0.6,2.8,1981.8,0.0,16.7,-9.9,5.5,5.7,4.8,6.1,5.2,3.9,5.9,6.7,31.6,31.2,6.5,7.9,-3.2,8.7,30.0,28.0,25.0,0.2,0.0,0.0,6.0,6.0,4.0,0.0,12.0,13.0,13.0,88.0,58.0,52.0,7.0,7.0,300.0,0.0,0.0,0.0,0.0,0.0,0.0,0.0,0.0,0.0
8.82,103.0,0.35,0.25,0.26,4.18,8.36,4.4,9.18,-13.0,-0.02,0.0,173.1,4.9,142.0,1.0,3.0,202.0,691.0,240.0,0.0,266.0,8.84,382.3,242.0,31.1,32.6,0.6,2.8,2067.6,0.0,16.83,-9.8,5.5,5.7,4.8,6.1,5.3,3.9,5.9,6.7,31.5,31.2,6.5,7.9,-3.2,8.7,31.0,28.0,25.0,0.2,0.0,0.0,6.0,6.0,4.0,0.0,12.0,13.0,13.0,88.0,54.0,53.0,7.0,7.0,300.0,0.0,0.0,0.0,0.0,0.0,0.0,0.0,0.0,0.0
7.95,78.98,0.34,0.25,0.25,2.54,8.32,3.94,7.99,-6.6,0.01,-0.02,173.3,4.3,139.0,1.0,3.0,151.0,690.0,177.0,0.0,188.0,7.96,311.7,196.0,31.2,32.6,0.6,2.8,2067.6,0.0,16.83,-9.9,5.4,5.7,4.9,6.1,5.3,3.9,6.0,6.7,31.7,31.1,6.6,7.9,-3.1,8.6,30.0,28.0,25.0,0.1,0.0,0.0,6.0,6.0,4.0,0.0,12.0,13.0,13.0,88.0,59.0,52.0,7.0,7.0,300.0,0.0,0.0,0.0,0.0,0.0,0.0,0.0,0.0,0.0
7.51,353.02,0.31,0.26,0.26,1.58,7.16,4.68,7.6,-4.6,-0.02,-0.05,173.6,4.0,135.0,1.0,3.0,126.0,690.0,147.0,0.0,158.0,7.5,266.7,172.0,30.7,31.9,0.6,2.8,1955.0,0.0,16.66,-10.1,5.5,5.7,5.0,6.1,5.3,3.9,6.0,6.7,31.7,31.2,6.9,8.0,-3.1,8.6,29.0,27.0,25.0,0.0,0.2,0.0,6.0,6.0,4.0,0.0,12.0,13.0,13.0,88.0,59.0,52.0,8.0,8.0,300.0,0.0,0.0,0.0,0.0,0.0,0.0,0.0,0.0,0.0
7.61,321.01,0.37,0.29,0.31,2.0,3.5,4.54,7.58,-9.5,0.01,0.01,173.5,4.5,138.0,1.0,3.0,131.0,689.0,158.0,0.0,168.0,7.58,283.2,178.0,30.7,32.0,0.6,2.8,2025.2,0.0,16.77,-10.0,5.4,5.7,5.1,6.1,5.3,3.8,6.0,6.7,31.8,31.2,7.0,8.1,-3.1,8.7,29.0,27.0,25.0,0.0,0.4,0.0,6.0,6.0,4.0,0.0,12.0,13.0,13.0,88.0,60.0,52.0,8.0,8.0,300.0,0.0,0.0,0.0,0.0,0.0,0.0,0.0,0.0,0.0
8.85,352.01,0.37,0.3,0.29,3.92,7.42,4.66,8.95,-7.7,-0.02,0.01,173.1,5.1,139.0,1.0,3.0,200.0,691.0,243.0,0.0,264.0,8.84,382.1,242.0,31.2,32.7,0.6,2.8,2067.6,0.0,16.83,-9.8,5.5,5.7,4.9,6.1,5.3,3.9,6.0,6.7,31.5,31.1,6.7,7.9,-3.2,8.7,31.0,28.0,25.0,0.0,0.2,0.0,6.0,6.0,4.0,0.0,12.0,13.0,13.0,88.0,54.0,53.0,7.0,7.0,300.0,0.0,0.0,0.0,0.0,0.0,0.0,0.0,0.0,0.0
8.85,50.0,0.35,0.25,0.26,3.72,8.82,5.24,8.8,-13.5,0.03,-0.02,173.1,5.0,142.0,1.0,3.0,201.0,691.0,239.0,0.0,266.0,8.84,375.1,242.0,31.1,32.6,0.6,2.8,2067.6,0.0,16.83,-9.8,5.5,5.7,4.9,6.1,5.3,3.9,6.0,6.7,31.5,31.1,6.5,7.9,-3.2,8.7,31.0,28.0,25.0,0.0,0.0,0.0,6.0,6.0,4.0,0.0,12.0,13.0,13.0,88.0,54.0,53.0,7.0,7.0,300.0,0.0,0.0,0.0,0.0,0.0,0.0,0.0,0.0,0.0
8.53,328.0,0.29,0.25,0.26,3.58,7.0,5.16,8.53,-9.9,0.0,0.0,173.2,5.1,141.0,1.0,3.0,181.0,691.0,215.0,0.0,239.0,8.54,355.1,225.0,31.4,32.6,0.6,2.8,2067.6,0.0,16.83,-9.8,5.5,5.7,5.1,6.1,5.3,3.9,6.0,6.7,31.6,31.1,6.5,7.8,-3.2,8.7,31.0,28.0,25.0,0.0,0.2,0.0,6.0,6.0,4.0,0.0,12.0,13.0,13.0,88.0,56.0,53.0,7.0,7.0,300.0,0.0,0.0,0.0,0.0,0.0,0.0,0.0,0.0,0.0
8.91,317.99,0.4,0.3,0.32,4.32,7.5,5.24,8.81,-13.6,0.03,-0.01,173.0,5.0,141.0,1.0,3.0,205.0,691.0,248.0,0.0,264.0,8.9,386.5,245.0,31.6,33.1,0.6,2.8,2067.6,0.0,16.83,-9.8,5.5,5.7,4.9,6.1,5.3,3.9,6.1,6.7,31.5,31.1,6.7,7.8,-3.2,8.7,31.0,29.0,25.0,0.0,0.0,0.0,6.0,6.0,4.0,0.0,12.0,13.0,13.0,88.0,53.0,53.0,7.0,7.0,300.0,0.0,0.0,0.0,0.0,0.0,0.0,0.0,0.0,0.0
7.97,297.0,0.35,0.27,0.25,3.5,2.72,5.08,8.27,-5.9,-0.02,0.0,173.3,4.0,138.0,1.0,3.0,152.0,690.0,176.0,0.0,189.0,7.96,303.7,196.0,31.1,32.6,0.6,2.8,2032.5,0.0,16.78,-9.9,5.5,5.7,4.9,6.1,5.3,3.9,6.0,6.7,31.7,31.1,6.5,7.9,-3.1,8.6,30.0,28.0,25.0,0.0,0.1,0.0,6.0,6.0,4.0,0.0,12.0,13.0,13.0,88.0,59.0,52.0,7.0,7.0,300.0,0.0,0.0,0.0,0.0,0.0,0.0,0.0,0.0,0.0
7.59,74.99,0.4,0.31,0.32,1.44,7.26,3.72,7.84,-9.2,-0.01,-0.04,173.6,4.5,134.0,1.0,3.0,127.0,690.0,156.0,0.0,168.0,7.58,279.7,178.0,30.7,32.1,0.6,2.8,2067.6,0.0,16.83,-10.1,5.4,5.7,4.9,6.1,5.3,3.9,5.9,6.7,31.7,31.2,6.8,7.9,-3.2,8.7,29.0,27.0,25.0,0.0,0.0,0.0,6.0,6.0,4.0,0.0,12.0,13.0,13.0,88.0,59.0,53.0,7.0,7.0,300.0,0.0,0.0,0.0,0.0,0.0,0.0,0.0,0.0,0.0
7.51,222.01,0.34,0.26,0.26,3.78,5.96,3.98,7.57,-8.0,-0.03,-0.03,173.4,4.2,136.0,1.0,3.0,128.0,690.0,153.0,0.0,163.0,7.52,271.6,175.0,30.7,32.3,0.6,2.8,2001.5,0.0,16.73,-10.0,5.5,5.7,5.0,6.1,5.3,3.9,5.9,6.7,31.8,31.2,6.9,8.0,-3.1,8.7,29.0,27.0,25.0,0.0,0.0,0.1,6.0,6.0,4.0,0.0,12.0,13.0,13.0,88.0,59.0,52.0,8.0,8.0,300.0,0.0,0.0,0.0,0.0,0.0,0.0,0.0,0.0,0.0
7.5,38.02,0.31,0.26,0.26,1.34,7.7,3.72,7.65,-5.9,0.01,0.04,173.4,3.7,135.0,1.0,3.0,125.0,690.0,152.0,0.0,158.0,7.5,271.4,173.0,30.8,32.2,0.6,2.8,1955.0,0.0,16.66,-10.1,5.5,5.7,4.9,6.1,5.3,3.9,6.0,6.7,31.7,31.2,6.9,8.0,-3.1,8.6,29.0,27.0,25.0,0.0,0.0,-0.1,6.0,6.0,4.0,0.0,12.0,13.0,13.0,88.0,59.0,52.0,8.0,8.0,300.0,0.0,0.0,0.0,0.0,0.0,0.0,0.0,0.0,0.0
7.5,203.0,0.38,0.31,0.28,3.34,6.22,2.72,7.49,1.7,0.01,-0.06,173.6,3.6,133.0,1.0,3.0,125.0,689.0,147.0,0.0,162.0,7.52,276.2,175.0,30.5,31.7,0.6,2.8,2067.6,0.0,16.83,-10.1,5.5,5.7,5.0,6.2,5.3,3.9,6.0,6.7,31.7,31.2,6.8,7.9,-3.1,8.8,29.0,27.0,25.0,0.0,-0.1,0.0,6.0,6.0,4.0,0.0,12.0,13.0,13.0,88.0,59.0,54.0,7.0,7.0,300.0,0.0,0.0,0.0,0.0,0.0,0.0,0.0,0.0,0.0
7.71,130.0,0.4,0.3,0.31,4.9,7.18,3.94,7.7,-13.1,-0.04,0.02,173.5,4.5,141.0,1.0,3.0,138.0,689.0,165.0,0.0,173.0,7.72,293.5,185.0,31.0,32.0,0.6,2.8,1970.5,0.0,16.69,-10.0,5.5,5.7,5.3,6.1,5.3,3.8,6.0,6.7,31.7,31.1,6.7,7.9,-3.1,8.6,29.0,27.0,25.0,0.2,0.0,0.0,6.0,6.0,4.0,0.0,12.0,13.0,13.0,88.0,60.0,52.0,7.0,7.0,300.0,0.0,0.0,0.0,0.0,0.0,0.0,0.0,0.0,0.0
8.32,14.0,0.41,0.35,0.32,2.88,7.3,4.86,8.31,-12.3,-0.05,-0.01,173.2,5.2,139.0,1.0,3.0,166.0,690.0,198.0,0.0,213.0,8.28,330.7,212.0,31.2,32.6,0.6,2.8,2067.6,0.0,16.83,-9.9,5.5,5.7,4.9,6.1,5.2,3.9,5.9,6.7,31.6,31.2,6.5,7.9,-3.2,8.7,30.0,28.0,25.0,0.0,0.2,0.0,6.0,6.0,4.0,0.0,12.0,13.0,13.0,88.0,57.0,52.0,7.0,7.0,300.0,0.0,0.0,0.0,0.0,0.0,0.0,0.0,0.0,0.0
8.73,334.01,0.31,0.25,0.26,4.12,7.76,5.66,8.62,-13.8,0.02,-0.01,173.2,5.0,142.0,1.0,3.0,195.0,691.0,225.0,-1.0,249.0,8.72,366.9,235.0,31.8,33.0,0.6,2.8,2067.6,0.0,16.83,-9.8,5.5,5.7,5.1,6.1,5.3,3.9,6.0,6.7,31.6,31.1,6.5,7.9,-3.2,8.7,31.0,28.0,25.0,0.0,0.2,0.0,6.0,6.0,4.0,0.0,12.0,13.0,13.0,88.0,55.0,53.0,7.0,7.0,300.0,0.0,0.0,0.0,0.0,0.0,0.0,0.0,0.0,0.0
7.59,51.98,0.37,0.3,0.31,1.38,6.44,3.46,7.56,-10.9,0.03,0.01,173.4,4.6,138.0,1.0,3.0,132.0,689.0,155.0,0.0,168.0,7.58,278.2,179.0,30.7,32.4,0.6,2.8,2025.2,0.0,16.77,-10.0,5.5,5.7,5.2,6.1,5.3,3.8,6.0,6.7,31.7,31.2,7.0,8.1,-3.1,8.7,29.0,27.0,25.0,0.0,0.0,0.0,6.0,6.0,4.0,0.0,12.0,13.0,13.0,88.0,60.0,52.0,8.0,8.0,300.0,0.0,0.0,0.0,0.0,0.0,0.0,0.0,0.0,0.0
7.66,338.0,0.39,0.3,0.31,1.72,6.08,4.56,7.66,-12.4,0.01,0.0,173.3,4.3,140.0,1.0,3.0,137.0,690.0,156.0,0.0,167.0,7.64,282.3,181.0,30.9,32.1,0.6,2.8,1929.1,0.0,16.62,-10.0,5.5,5.7,4.9,6.1,5.3,3.9,6.0,6.7,31.7,31.1,6.8,7.9,-3.1,8.6,29.0,27.0,25.0,0.0,0.1,0.0,6.0,6.0,4.0,0.0,12.0,13.0,13.0,88.0,60.0,52.0,7.0,7.0,300.0,0.0,0.0,0.0,0.0,0.0,0.0,0.0,0.0,0.0
7.64,63.0,0.38,0.3,0.31,1.26,7.4,3.98,7.54,-17.5,0.01,-0.01,173.4,4.5,141.0,1.0,3.0,133.0,690.0,161.0,0.0,171.0,7.62,285.1,180.0,30.6,31.9,0.6,2.7,1929.1,0.0,16.62,-10.0,5.5,5.7,4.9,6.1,5.3,3.9,6.0,6.7,31.8,31.2,6.8,7.9,-3.1,8.6,29.0,27.0,25.0,0.0,0.0,0.0,6.0,6.0,4.0,0.0,12.0,13.0,13.0,88.0,60.0,52.0,7.0,7.0,300.0,0.0,0.0,0.0,0.0,0.0,0.0,0.0,0.0,0.0
8.34,202.0,0.15,0.11,0.16,6.04,2.32,2.58,8.66,-8.4,0.01,0.0,173.2,4.7,139.0,1.0,3.0,171.0,690.0,198.0,0.0,217.0,8.34,339.5,215.0,31.1,32.3,0.6,2.8,2067.6,0.0,16.83,-9.9,5.5,5.7,5.0,6.1,5.3,3.9,6.0,6.7,31.6,31.1,6.5,7.9,-3.2,8.6,30.0,28.0,25.0,2.6,4.8,3.1,6.0,6.0,4.0,0.0,12.0,13.0,13.0,88.0,57.0,52.0,7.0,7.0,300.0,0.0,0.0,0.0,0.0,0.0,0.0,0.0,0.0,0.0
8.67,177.01,0.31,0.25,0.26,5.78,7.74,5.4,8.68,-13.9,0.03,-0.01,173.1,5.0,141.0,1.0,3.0,186.0,691.0,228.0,0.0,244.0,8.66,363.8,233.0,31.3,32.8,0.6,2.8,2067.6,0.0,16.83,-9.8,5.5,5.7,4.9,6.1,5.2,3.9,6.0,6.7,31.6,31.1,6.5,7.9,-3.2,8.7,31.0,28.0,25.0,0.0,-0.2,0.0,6.0,6.0,4.0,0.0,12.0,13.0,13.0,88.0,55.0,53.0,7.0,7.0,300.0,0.0,0.0,0.0,0.0,0.0,0.0,0.0,0.0,0.0
8.85,97.99,0.37,0.3,0.29,3.86,7.9,4.94,8.84,-8.3,0.01,0.0,173.1,5.3,139.0,1.0,3.0,199.0,692.0,242.0,0.0,266.0,8.84,383.5,243.0,31.6,32.9,0.6,2.8,2067.6,0.0,16.83,-9.8,5.5,5.7,4.9,6.1,5.3,3.9,6.0,6.7,31.5,31.2,6.7,7.9,-3.2,8.7,31.0,28.0,25.0,0.2,0.0,0.0,6.0,6.0,4.0,0.0,12.0,13.0,13.0,88.0,54.0,53.0,7.0,7.0,300.0,0.0,0.0,0.0,0.0,0.0,0.0,0.0,0.0,0.0
8.46,24.01,0.28,0.25,0.26,3.6,8.68,5.32,8.44,-16.3,0.01,-0.02,173.2,5.3,142.0,1.0,3.0,175.0,690.0,213.0,0.0,233.0,8.48,350.6,223.0,31.2,32.8,0.6,2.8,2067.6,0.0,16.83,-9.8,5.5,5.7,5.1,6.1,5.2,3.9,6.0,6.7,31.6,31.1,6.5,7.9,-3.2,8.6,31.0,28.0,25.0,0.1,0.2,0.0,6.0,6.0,4.0,0.0,12.0,13.0,13.0,88.0,56.0,52.0,7.0,7.0,300.0,0.0,0.0,0.0,0.0,0.0,0.0,0.0,0.0,0.0
7.57,230.0,0.36,0.26,0.31,3.56,6.58,4.0,7.57,-9.5,-0.03,0.0,173.4,4.2,138.0,1.0,3.0,129.0,689.0,159.0,0.0,168.0,7.58,276.9,178.0,31.2,32.4,0.6,2.8,2025.2,0.0,16.77,-10.0,5.5,5.7,4.9,6.1,5.3,3.9,6.0,6.7,31.8,31.1,7.0,8.1,-3.1,8.7,29.0,27.0,25.0,0.0,0.0,0.1,6.0,6.0,4.0,0.0,12.0,13.0,13.0,88.0,60.0,52.0,8.0,8.0,300.0,0.0,0.0,0.0,0.0,0.0,0.0,0.0,0.0,0.0
7.95,249.01,0.35,0.27,0.25,4.94,0.62,4.66,8.0,-5.7,-0.04,-0.02,173.3,4.1,138.0,1.0,3.0,145.0,690.0,180.0,0.0,189.0,7.96,306.2,196.0,31.4,32.6,0.6,2.8,2032.5,0.0,16.78,-9.9,5.5,5.7,5.1,6.1,5.3,3.9,6.0,6.7,31.7,31.1,6.5,7.9,-3.1,8.6,30.0,28.0,25.0,0.2,0.0,0.1,6.0,6.0,4.0,0.0,12.0,13.0,13.0,88.0,59.0,52.0,7.0,7.0,300.0,0.0,0.0,0.0,0.0,0.0,0.0,0.0,0.0,0.0
7.83,268.99,0.31,0.25,0.25,3.78,6.38,5.08,8.11,-10.4,0.02,0.0,173.3,3.9,141.0,1.0,3.0,143.0,690.0,167.0,0.0,183.0,7.82,296.8,189.0,30.9,32.4,0.6,2.8,2047.0,0.0,16.8,-9.9,5.5,5.7,4.8,6.1,5.3,3.9,6.0,6.7,31.7,31.2,6.6,7.9,-3.1,8.6,30.0,28.0,25.0,0.0,-0.1,0.0,6.0,6.0,4.0,0.0,12.0,13.0,13.0,88.0,59.0,52.0,7.0,7.0,300.0,0.0,0.0,0.0,0.0,0.0,0.0,0.0,0.0,0.0
7.5,173.02,0.32,0.26,0.26,4.66,6.32,3.62,7.48,-6.8,0.02,0.04,173.5,4.0,136.0,1.0,3.0,126.0,690.0,146.0,0.0,160.0,7.5,274.5,174.0,30.7,32.2,0.6,2.8,1955.0,0.0,16.66,-10.1,5.5,5.7,5.3,6.1,5.2,3.8,6.0,6.7,31.7,31.2,6.9,8.0,-3.1,8.6,29.0,27.0,25.0,0.0,-0.1,0.0,6.0,6.0,4.0,0.0,12.0,13.0,13.0,88.0,59.0,52.0,8.0,8.0,300.0,0.0,0.0,0.0,0.0,0.0,0.0,0.0,0.0,0.0
7.57,124.99,0.41,0.31,0.32,3.74,6.98,2.58,7.85,-5.8,-0.01,-0.04,173.6,4.3,134.0,1.0,3.0,132.0,689.0,152.0,-1.0,168.0,7.58,278.3,179.0,30.7,32.2,0.6,2.8,2067.6,0.0,16.83,-10.1,5.5,5.7,5.2,6.2,5.3,3.9,6.0,6.7,31.7,31.2,6.9,7.9,-3.1,8.7,30.0,27.0,25.0,0.2,0.0,0.0,6.0,6.0,4.0,0.0,12.0,13.0,13.0,88.0,59.0,53.0,7.0,7.0,300.0,0.0,0.0,0.0,0.0,0.0,0.0,0.0,0.0,0.0
8.58,76.0,0.29,0.25,0.26,3.52,8.42,5.0,8.46,-12.0,0.03,0.01,173.2,5.3,141.0,1.0,3.0,180.0,691.0,219.0,0.0,240.0,8.54,353.9,226.0,31.6,32.9,0.6,2.8,2067.6,0.0,16.83,-9.8,5.5,5.7,4.9,6.1,5.3,3.9,6.0,6.7,31.6,31.1,6.5,7.9,-3.2,8.7,31.0,28.0,25.0,0.1,0.0,0.0,6.0,6.0,4.0,0.0,12.0,13.0,13.0,88.0,56.0,53.0,7.0,7.0,300.0,0.0,0.0,0.0,0.0,0.0,0.0,0.0,0.0,0.0
7.62,154.01,0.38,0.3,0.31,3.9,6.28,3.28,7.8,-12.2,-0.01,0.01,173.5,4.0,140.0,1.0,3.0,130.0,690.0,156.0,0.0,165.0,7.62,284.1,181.0,30.8,32.3,0.6,2.7,1929.1,0.0,16.62,-10.0,5.4,5.7,5.0,6.1,5.3,3.8,5.9,6.7,31.8,31.1,6.8,7.9,-3.1,8.6,29.0,27.0,25.0,0.1,0.0,0.0,6.0,6.0,4.0,0.0,12.0,13.0,13.0,88.0,60.0,52.0,7.0,7.0,300.0,0.0,0.0,0.0,0.0,0.0,0.0,0.0,0.0,0.0
7.71,351.0,0.39,0.3,0.31,1.48,6.4,4.92,7.63,-10.8,-0.02,0.03,173.4,4.2,140.0,1.0,3.0,135.0,690.0,158.0,-1.0,171.0,7.7,285.5,183.0,31.0,32.2,0.6,2.8,1929.1,0.0,16.62,-10.0,5.5,5.7,4.9,6.1,5.3,3.9,6.0,6.7,31.7,31.1,6.8,7.9,-3.1,8.6,29.0,27.0,25.0,0.0,0.3,0.0,6.0,6.0,4.0,0.0,12.0,13.0,13.0,88.0,60.0,52.0,7.0,7.0,300.0,0.0,0.0,0.0,0.0,0.0,0.0,0.0,0.0,0.0
8.93,311.0,0.38,0.3,0.29,3.82,7.0,4.92,8.94,-11.9,0.02,0.0,173.1,5.2,140.0,1.0,3.0,199.0,692.0,246.0,0.0,271.0,8.9,385.0,245.0,31.4,33.0,0.6,2.8,2067.6,0.0,16.83,-9.8,5.5,5.7,4.9,6.1,5.3,3.9,6.0,6.7,31.5,31.1,6.7,7.9,-3.2,8.7,31.0,28.0,25.0,0.0,0.0,0.0,6.0,6.0,4.0,0.0,12.0,13.0,13.0,88.0,54.0,53.0,7.0,7.0,300.0,0.0,0.0,0.0,0.0,0.0,0.0,0.0,0.0,0.0
8.81,245.99,0.37,0.3,0.29,5.1,7.14,4.32,8.72,-5.4,-0.06,-0.01,173.1,4.6,139.0,1.0,3.0,200.0,691.0,236.0,0.0,263.0,8.82,380.9,241.0,31.5,32.8,0.6,2.8,2067.6,0.0,16.83,-9.8,5.5,5.7,5.1,6.1,5.3,3.9,6.0,6.7,31.5,31.1,6.7,7.9,-3.2,8.7,31.0,28.0,25.0,0.3,0.0,0.1,6.0,6.0,4.0,0.0,12.0,13.0,13.0,88.0,54.0,53.0,7.0,7.0,300.0,0.0,0.0,0.0,0.0,0.0,0.0,0.0,0.0,0.0
8.77,110.99,0.32,0.25,0.26,4.88,8.4,5.52,8.85,-10.4,-0.02,0.01,173.1,5.1,141.0,1.0,3.0,193.0,692.0,239.0,0.0,258.0,8.76,377.5,239.0,31.2,32.4,0.6,2.8,2067.6,0.0,16.83,-9.8,5.5,5.7,4.9,6.1,5.3,3.9,6.0,6.7,31.6,31.1,6.5,7.9,-3.2,8.7,31.0,28.0,25.0,0.3,0.0,0.0,6.0,6.0,4.0,0.0,12.0,13.0,13.0,88.0,55.0,53.0,7.0,7.0,300.0,0.0,0.0,0.0,0.0,0.0,0.0,0.0,0.0,0.0
8.9,112.0,0.38,0.3,0.29,4.26,7.98,4.36,8.95,-11.6,-0.02,0.01,173.0,5.2,140.0,1.0,3.0,207.0,691.0,248.0,0.0,264.0,8.92,384.5,246.0,31.1,32.7,0.6,2.8,2067.6,0.0,16.83,-9.8,5.5,5.7,5.0,6.1,5.3,3.9,6.0,6.7,31.5,31.1,6.7,7.9,-3.2,8.7,31.0,28.0,25.0,0.2,0.0,0.0,6.0,6.0,4.0,0.0,12.0,13.0,13.0,88.0,53.0,53.0,7.0,7.0,300.0,0.0,0.0,0.0,0.0,0.0,0.0,0.0,0.0,0.0
7.57,52.99,0.36,0.27,0.26,1.42,8.06,3.3,7.84,-12.7,0.01,0.0,173.4,4.4,138.0,1.0,3.0,126.0,689.0,153.0,0.0,166.0,7.56,276.3,177.0,30.5,31.9,0.6,2.8,1946.7,0.0,16.65,-10.0,5.5,5.7,5.1,6.1,5.3,3.8,5.9,6.7,31.7,31.1,6.9,8.1,-3.1,8.7,29.0,27.0,25.0,0.0,0.0,0.0,6.0,6.0,4.0,0.0,12.0,13.0,13.0,88.0,60.0,52.0,8.0,8.0,300.0,0.0,0.0,0.0,0.0,0.0,0.0,0.0,0.0,0.0
8.91,5.0,0.38,0.3,0.29,4.14,7.84,4.88,9.07,-11.6,-0.04,0.0,173.1,5.0,140.0,1.0,3.0,200.0,691.0,249.0,2.0,263.0,8.9,383.4,245.0,31.5,32.8,0.6,2.8,2067.6,0.0,16.83,-9.8,5.5,5.7,4.8,6.1,5.3,3.9,6.0,6.7,31.5,31.1,6.7,7.9,-3.2,8.7,31.0,28.0,25.0,0.1,0.0,0.0,6.0,6.0,4.0,0.0,12.0,13.0,13.0,88.0,53.0,53.0,7.0,7.0,300.0,0.0,0.0,0.0,0.0,0.0,0.0,0.0,0.0,0.0
7.56,184.0,0.36,0.26,0.3,4.1,6.68,0.0,7.49,-9.5,0.02,0.0,173.4,4.3,138.0,1.0,3.0,131.0,689.0,152.0,0.0,167.0,7.58,277.6,178.0,31.0,32.3,0.6,2.8,2025.2,0.0,16.77,-10.0,5.5,5.7,5.0,6.1,5.3,3.9,6.0,6.7,31.8,31.2,6.9,8.1,-3.1,8.7,29.0,27.0,25.0,0.0,0.0,0.0,6.0,6.0,4.0,0.0,12.0,13.0,13.0,88.0,60.0,52.0,8.0,8.0,300.0,0.0,0.0,0.0,0.0,0.0,0.0,0.0,0.0,0.0
8.81,5.0,0.32,0.25,0.26,4.08,8.54,5.58,8.94,-10.2,-0.01,0.0,173.1,5.0,141.0,1.0,3.0,197.0,692.0,233.0,0.0,260.0,8.78,375.4,239.0,31.1,32.6,0.6,2.8,2067.6,0.0,16.83,-9.8,5.5,5.7,5.0,6.1,5.3,3.9,6.0,6.7,31.6,31.1,6.5,7.8,-3.2,8.7,31.0,28.0,25.0,0.1,0.2,0.0,6.0,6.0,4.0,0.0,12.0,13.0,13.0,88.0,55.0,53.0,7.0,7.0,300.0,0.0,0.0,0.0,0.0,0.0,0.0,0.0,0.0,0.0
7.76,209.99,0.41,0.32,0.35,3.64,6.38,3.74,7.92,-8.3,0.02,-0.01,173.4,4.4,140.0,1.0,3.0,137.0,690.0,164.0,0.0,177.0,7.76,289.2,187.0,30.7,32.5,0.6,2.8,2003.5,0.0,16.73,-9.9,5.4,5.7,4.9,6.1,5.3,3.9,5.9,6.7,31.7,31.2,6.7,8.0,-3.1,8.7,30.0,27.0,25.0,0.0,0.0,0.2,6.0,6.0,4.0,0.0,12.0,13.0,13.0,88.0,60.0,52.0,8.0,8.0,300.0,0.0,0.0,0.0,0.0,0.0,0.0,0.0,0.0,0.0
8.1,232.99,0.39,0.31,0.3,4.1,6.46,4.32,8.15,-9.7,-0.03,0.0,173.2,4.6,138.0,1.0,3.0,156.0,690.0,188.0,0.0,202.0,8.1,320.5,204.0,31.0,32.3,0.6,2.8,1981.8,0.0,16.7,-9.9,5.5,5.7,5.1,6.1,5.2,3.9,6.0,6.7,31.6,31.2,6.5,7.9,-3.2,8.7,30.0,28.0,25.0,0.1,0.0,0.1,6.0,6.0,4.0,0.0,12.0,13.0,13.0,88.0,58.0,52.0,7.0,7.0,300.0,0.0,0.0,0.0,0.0,0.0,0.0,0.0,0.0,0.0
7.49,61.99,0.36,0.27,0.28,1.06,7.7,3.24,7.44,-13.7,0.0,0.08,173.5,4.0,137.0,1.0,3.0,123.0,690.0,150.0,0.0,159.0,7.5,272.3,174.0,30.6,32.1,0.6,2.8,2023.2,0.0,16.76,-10.0,5.5,5.7,4.9,6.2,5.3,3.9,6.0,6.7,31.8,31.2,6.7,7.9,-3.1,8.8,29.0,27.0,25.0,0.0,0.0,0.0,6.0,6.0,4.0,0.0,12.0,13.0,13.0,88.0,59.0,54.0,7.0,7.0,300.0,0.0,0.0,0.0,0.0,0.0,0.0,0.0,0.0,0.0
8.1,204.01,0.39,0.31,0.3,3.78,6.4,3.98,8.26,-10.1,0.04,-0.03,173.3,4.4,138.0,1.0,3.0,159.0,690.0,185.0,0.0,201.0,8.08,319.0,203.0,31.2,32.5,0.6,2.8,1981.8,0.0,16.7,-9.9,5.4,5.7,4.9,6.1,5.3,3.9,5.9,6.7,31.7,31.2,6.5,7.9,-3.2,8.7,30.0,28.0,25.0,0.0,0.0,0.0,6.0,6.0,4.0,0.0,12.0,13.0,13.0,88.0,58.0,52.0,7.0,7.0,300.0,0.0,0.0,0.0,0.0,0.0,0.0,0.0,0.0,0.0
8.79,259.99,0.32,0.25,0.26,5.06,7.76,5.62,8.95,-11.6,0.04,0.01,173.1,4.9,141.0,1.0,3.0,198.0,692.0,237.0,0.0,259.0,8.78,371.6,239.0,31.5,33.3,0.6,2.8,2067.6,0.0,16.83,-9.8,5.5,5.7,5.1,6.1,5.2,3.9,6.0,6.7,31.6,31.1,6.5,7.8,-3.2,8.7,31.0,28.0,25.0,0.1,0.0,0.0,6.0,6.0,4.0,0.0,12.0,13.0,13.0,88.0,55.0,53.0,7.0,7.0,300.0,0.0,0.0,0.0,0.0,0.0,0.0,0.0,0.0,0.0
8.43,286.99,0.27,0.25,0.26,4.26,6.62,5.76,8.61,-16.1,-0.02,0.0,173.2,5.2,141.0,1.0,3.0,171.0,690.0,213.0,0.0,228.0,8.44,347.9,220.0,31.4,32.8,0.6,2.8,2067.6,0.0,16.83,-9.9,5.5,5.7,5.0,6.1,5.2,3.9,5.9,6.7,31.6,31.1,6.5,7.9,-3.2,8.6,30.0,28.0,25.0,0.0,0.0,0.0,6.0,6.0,4.0,0.0,12.0,13.0,13.0,88.0,56.0,52.0,7.0,7.0,300.0,0.0,0.0,0.0,0.0,0.0,0.0,0.0,0.0,0.0
8.02,29.99,0.36,0.28,0.3,2.32,8.04,4.62,7.88,-8.7,-0.02,-0.03,173.3,4.4,138.0,1.0,3.0,148.0,690.0,183.0,0.0,191.0,7.98,309.4,197.0,30.9,32.3,0.6,2.8,1969.4,0.0,16.68,-9.9,5.5,5.7,5.1,6.1,5.3,3.9,6.0,6.7,31.7,31.2,6.5,7.9,-3.1,8.7,30.0,28.0,25.0,0.1,0.0,-0.1,6.0,6.0,4.0,0.0,12.0,13.0,13.0,88.0,58.0,52.0,7.0,7.0,300.0,0.0,0.0,0.0,0.0,0.0,0.0,0.0,0.0,0.0
8.23,349.99,0.41,0.31,0.32,3.54,7.4,4.7,8.19,-8.0,-0.01,0.02,173.2,4.5,139.0,1.0,3.0,162.0,690.0,195.0,0.0,213.0,8.22,332.1,209.0,31.5,32.7,0.6,2.8,2054.2,0.0,16.81,-9.9,5.5,5.7,4.9,6.1,5.3,3.9,6.0,6.7,31.6,31.2,6.5,7.9,-3.2,8.7,30.0,28.0,25.0,0.0,0.2,0.0,6.0,6.0,4.0,0.0,12.0,13.0,13.0,88.0,57.0,52.0,7.0,7.0,300.0,0.0,0.0,0.0,0.0,0.0,0.0,0.0,0.0,0.0
8.25,286.99,0.41,0.31,0.32,3.7,6.26,5.46,8.45,-9.6,-0.01,0.01,173.2,4.4,139.0,1.0,3.0,163.0,690.0,197.0,0.0,217.0,8.24,331.1,211.0,31.6,32.8,0.6,2.8,2054.2,0.0,16.81,-9.9,5.5,5.7,4.9,6.1,5.3,3.9,6.0,6.7,31.6,31.2,6.5,7.9,-3.2,8.7,30.0,28.0,25.0,0.0,0.0,0.0,6.0,6.0,4.0,0.0,12.0,13.0,13.0,88.0,57.0,52.0,7.0,7.0,300.0,0.0,0.0,0.0,0.0,0.0,0.0,0.0,0.0,0.0
7.66,69.98,0.39,0.3,0.31,1.52,7.2,3.84,7.89,-13.2,-0.01,0.02,173.4,4.6,141.0,1.0,3.0,132.0,690.0,161.0,0.0,167.0,7.66,284.3,182.0,30.6,32.2,0.6,2.7,1929.1,0.0,16.62,-10.0,5.4,5.7,4.9,6.1,5.3,3.9,5.9,6.7,31.7,31.2,6.8,7.9,-3.1,8.6,29.0,27.0,25.0,0.0,0.0,0.0,6.0,6.0,4.0,0.0,12.0,13.0,13.0,88.0,60.0,52.0,7.0,7.0,300.0,0.0,0.0,0.0,0.0,0.0,0.0,0.0,0.0,0.0
8.25,139.0,0.41,0.31,0.32,4.82,7.62,4.56,8.24,-9.5,-0.03,0.01,173.3,4.6,139.0,1.0,3.0,161.0,690.0,200.0,0.0,215.0,8.22,328.7,210.0,31.3,32.8,0.6,2.8,2054.2,0.0,16.81,-9.9,5.5,5.7,5.2,6.1,5.2,3.8,5.9,6.7,31.6,31.2,6.6,7.9,-3.2,8.7,30.0,28.0,25.0,0.2,0.0,0.0,6.0,6.0,4.0,0.0,12.0,13.0,13.0,88.0,57.0,52.0,7.0,7.0,300.0,0.0,0.0,0.0,0.0,0.0,0.0,0.0,0.0,0.0
7.59,97.99,0.37,0.3,0.31,2.86,6.26,2.92,7.58,-12.0,-0.03,0.01,173.5,4.6,138.0,1.0,3.0,128.0,689.0,155.0,0.0,168.0,7.58,278.4,179.0,31.1,32.3,0.6,2.8,2025.2,0.0,16.77,-10.0,5.5,5.7,5.2,6.1,5.3,3.9,6.0,6.7,31.7,31.1,7.0,8.1,-3.1,8.7,29.0,27.0,25.0,0.2,0.0,0.0,6.0,6.0,4.0,0.0,12.0,13.0,13.0,88.0,60.0,52.0,8.0,8.0,300.0,0.0,0.0,0.0,0.0,0.0,0.0,0.0,0.0,0.0
8.76,177.98,0.34,0.25,0.26,5.14,7.9,5.6,8.63,-15.3,0.01,0.0,173.1,5.5,142.0,1.0,3.0,198.0,691.0,228.0,-1.0,255.0,8.76,373.0,237.0,31.4,32.7,0.6,2.8,2067.6,0.0,16.83,-9.8,5.5,5.7,5.1,6.1,5.3,3.9,5.9,6.7,31.6,31.1,6.5,7.9,-3.2,8.7,31.0,28.0,25.0,0.0,0.0,0.0,6.0,6.0,4.0,0.0,12.0,13.0,13.0,88.0,55.0,53.0,7.0,7.0,300.0,0.0,0.0,0.0,0.0,0.0,0.0,0.0,0.0,0.0
7.74,133.99,0.41,0.32,0.35,4.32,7.06,3.7,7.78,-12.0,-0.01,0.0,173.4,3.9,141.0,1.0,3.0,135.0,690.0,167.0,0.0,176.0,7.74,287.0,187.0,30.7,32.0,0.6,2.8,2003.5,0.0,16.73,-9.9,5.5,5.7,4.8,6.1,5.3,3.9,5.9,6.7,31.7,31.1,6.7,7.9,-3.1,8.7,30.0,27.0,25.0,0.2,0.0,0.0,6.0,6.0,4.0,0.0,12.0,13.0,13.0,88.0,60.0,52.0,7.0,7.0,300.0,0.0,0.0,0.0,0.0,0.0,0.0,0.0,0.0,0.0
7.88,90.0,0.33,0.25,0.25,3.24,8.04,4.16,7.8,-10.9,0.05,-0.01,173.3,4.5,140.0,1.0,3.0,147.0,690.0,173.0,0.0,188.0,7.88,299.7,193.0,31.2,32.8,0.6,2.7,1999.4,0.0,16.73,-9.9,5.5,5.7,4.9,6.1,5.3,3.9,6.0,6.7,31.7,31.1,6.6,7.9,-3.1,8.6,30.0,28.0,25.0,0.2,0.0,0.0,6.0,6.0,4.0,0.0,12.0,13.0,13.0,88.0,59.0,52.0,7.0,7.0,300.0,0.0,0.0,0.0,0.0,0.0,0.0,0.0,0.0,0.0
8.79,250.99,0.31,0.25,0.26,5.44,7.78,5.68,8.65,-10.7,-0.01,0.02,173.1,4.8,142.0,1.0,3.0,199.0,691.0,237.0,0.0,260.0,8.78,374.9,239.0,31.8,32.8,0.6,2.8,2067.6,0.0,16.83,-9.8,5.5,5.7,5.1,6.1,5.3,3.9,6.0,6.7,31.6,31.1,6.5,7.9,-3.2,8.7,31.0,28.0,25.0,0.2,0.0,0.0,6.0,6.0,4.0,0.0,12.0,13.0,13.0,88.0,55.0,53.0,7.0,7.0,300.0,0.0,0.0,0.0,0.0,0.0,0.0,0.0,0.0,0.0
8.31,263.02,0.41,0.35,0.32,4.2,6.08,5.66,8.21,-7.4,0.04,0.02,173.3,4.7,139.0,1.0,3.0,171.0,690.0,195.0,0.0,215.0,8.3,338.3,214.0,31.4,32.6,0.6,2.8,2067.6,0.0,16.83,-9.9,5.5,5.7,4.9,6.1,5.3,3.9,6.0,6.7,31.6,31.1,6.5,7.9,-3.2,8.6,30.0,28.0,25.0,0.0,0.0,0.0,6.0,6.0,4.0,0.0,12.0,13.0,13.0,88.0,57.0,52.0,7.0,7.0,300.0,0.0,0.0,0.0,0.0,0.0,0.0,0.0,0.0,0.0
7.8,254.02,0.31,0.24,0.25,4.2,6.36,4.72,7.98,-10.5,-0.02,0.01,173.3,4.2,141.0,1.0,3.0,144.0,690.0,164.0,0.0,180.0,7.8,298.2,188.0,31.3,32.5,0.6,2.8,2047.0,0.0,16.8,-9.9,5.5,5.7,5.0,6.1,5.3,3.9,6.0,6.7,31.7,31.2,6.7,7.9,-3.1,8.6,30.0,28.0,25.0,0.1,0.0,0.1,6.0,6.0,4.0,0.0,12.0,13.0,13.0,88.0,59.0,52.0,7.0,7.0,300.0,0.0,0.0,0.0,0.0,0.0,0.0,0.0,0.0,0.0
8.81,283.0,0.37,0.3,0.29,4.32,7.02,3.62,8.85,-2.7,0.03,0.01,173.1,4.7,140.0,1.0,3.0,196.0,691.0,236.0,0.0,262.0,8.8,377.8,240.0,31.9,33.0,0.6,2.8,2067.6,0.0,16.83,-9.8,5.5,5.7,5.1,6.1,5.3,3.9,6.0,6.7,31.5,31.1,6.6,7.9,-3.2,8.7,31.0,29.0,25.0,0.0,0.0,0.0,6.0,6.0,4.0,0.0,12.0,13.0,13.0,88.0,54.0,53.0,7.0,7.0,300.0,0.0,0.0,0.0,0.0,0.0,0.0,0.0,0.0,0.0
8.52,330.01,0.28,0.25,0.26,3.76,7.26,5.6,8.52,-13.5,-0.02,0.0,173.2,5.1,142.0,1.0,3.0,176.0,690.0,218.0,0.0,236.0,8.5,351.2,223.0,31.6,32.7,0.6,2.8,2067.6,0.0,16.83,-9.8,5.5,5.7,5.2,6.1,5.2,3.9,6.0,6.7,31.6,31.1,6.5,7.9,-3.2,8.7,31.0,28.0,25.0,0.0,0.2,0.0,6.0,6.0,4.0,0.0,12.0,13.0,13.0,88.0,56.0,53.0,7.0,7.0,300.0,0.0,0.0,0.0,0.0,0.0,0.0,0.0,0.0,0.0
7.76,227.02,0.41,0.32,0.35,3.58,6.38,5.14,7.72,-12.2,-0.02,-0.01,173.3,4.2,141.0,1.0,3.0,136.0,690.0,167.0,0.0,177.0,7.76,294.5,186.0,30.9,32.5,0.6,2.8,2003.5,0.0,16.73,-9.9,5.5,5.7,5.1,6.1,5.3,3.9,6.0,6.7,31.7,31.2,6.7,7.9,-3.1,8.7,30.0,28.0,25.0,0.1,0.0,0.2,6.0,6.0,4.0,0.0,12.0,13.0,13.0,88.0,60.0,52.0,7.0,7.0,300.0,0.0,0.0,0.0,0.0,0.0,0.0,0.0,0.0,0.0
7.49,177.98,0.39,0.31,0.29,18.18,12.62,13.66,7.55,-11.2,0.0,-0.06,173.5,4.0,136.0,1.0,3.0,127.0,690.0,149.0,0.0,161.0,7.5,270.8,174.0,30.9,32.3,0.6,2.7,2067.6,0.0,16.83,-10.1,5.5,5.7,4.9,6.2,5.3,3.9,6.0,6.7,31.7,31.2,6.9,7.9,-3.1,8.6,29.0,27.0,25.0,-36.4,-29.7,-30.1,6.0,6.0,4.0,0.0,12.0,13.0,13.0,88.0,59.0,53.0,7.0,7.0,300.0,0.0,0.0,0.0,0.0,0.0,0.0,0.0,0.0,0.0
8.18,99.0,0.4,0.31,0.32,3.16,7.24,3.34,8.3,-10.0,-0.01,0.0,173.2,5.0,139.0,1.0,3.0,158.0,690.0,192.0,0.0,209.0,8.18,326.7,207.0,30.9,32.3,0.6,2.8,2054.2,0.0,16.81,-9.9,5.4,5.7,5.0,6.1,5.2,3.9,5.9,6.7,31.6,31.2,6.5,7.9,-3.2,8.6,31.0,28.0,25.0,0.2,0.0,0.0,6.0,6.0,4.0,0.0,12.0,13.0,13.0,88.0,57.0,52.0,7.0,7.0,300.0,0.0,0.0,0.0,0.0,0.0,0.0,0.0,0.0,0.0
7.88,24.01,0.32,0.25,0.25,2.42,8.04,4.42,7.79,-9.7,-0.03,-0.02,173.4,4.3,141.0,1.0,3.0,144.0,690.0,174.0,0.0,186.0,7.86,296.6,191.0,30.9,32.6,0.6,2.8,1999.4,0.0,16.73,-9.9,5.5,5.7,5.2,6.1,5.3,3.9,6.0,6.7,31.7,31.1,6.6,7.9,-3.1,8.6,30.0,28.0,25.0,0.0,0.2,-0.1,6.0,6.0,4.0,0.0,12.0,13.0,13.0,88.0,59.0,52.0,7.0,7.0,300.0,0.0,0.0,0.0,0.0,0.0,0.0,0.0,0.0,0.0
8.02,198.0,0.37,0.28,0.3,3.9,6.84,4.34,8.22,-11.7,-0.01,-0.02,173.3,4.7,139.0,1.0,3.0,153.0,690.0,182.0,0.0,194.0,8.02,317.8,199.0,31.0,32.4,0.6,2.8,1969.4,0.0,16.68,-9.9,5.5,5.7,4.8,6.1,5.3,3.9,6.0,6.7,31.6,31.2,6.5,7.9,-3.1,8.7,30.0,28.0,25.0,0.0,0.0,0.0,6.0,6.0,4.0,0.0,12.0,13.0,13.0,88.0,58.0,52.0,7.0,7.0,300.0,0.0,0.0,0.0,0.0,0.0,0.0,0.0,0.0,0.0
8.01,150.01,0.37,0.28,0.3,4.5,7.32,3.96,8.07,-11.6,-0.02,0.02,173.3,4.4,139.0,1.0,3.0,150.0,691.0,183.0,0.0,194.0,8.02,313.8,199.0,31.2,32.6,0.6,2.8,1969.4,0.0,16.68,-9.9,5.5,5.7,4.9,6.1,5.3,3.9,6.0,6.7,31.7,31.2,6.5,7.9,-3.1,8.7,30.0,28.0,25.0,0.2,-0.2,0.0,6.0,6.0,4.0,0.0,12.0,13.0,13.0,88.0,58.0,52.0,7.0,7.0,300.0,0.0,0.0,0.0,0.0,0.0,0.0,0.0,0.0,0.0
8.76,126.0,0.34,0.25,0.26,5.02,8.2,5.5,8.65,-15.1,0.01,0.02,173.1,4.9,141.0,1.0,3.0,193.0,691.0,233.0,0.0,254.0,8.74,375.4,237.0,31.4,32.6,0.6,2.8,2067.6,0.0,16.83,-9.8,5.5,5.7,4.9,6.1,5.3,3.9,5.9,6.7,31.6,31.1,6.5,7.9,-3.2,8.7,31.0,28.0,25.0,0.4,0.0,0.0,6.0,6.0,4.0,0.0,12.0,13.0,13.0,88.0,55.0,53.0,7.0,7.0,300.0,0.0,0.0,0.0,0.0,0.0,0.0,0.0,0.0,0.0
8.85,150.98,0.38,0.3,0.29,4.98,7.74,4.92,8.85,-9.7,-0.06,0.0,173.1,5.1,140.0,1.0,3.0,199.0,691.0,240.0,0.0,267.0,8.86,385.5,243.0,31.2,32.9,0.6,2.8,2067.6,0.0,16.83,-9.8,5.5,5.7,5.1,6.1,5.3,3.9,6.0,6.7,31.5,31.1,6.7,7.9,-3.2,8.7,31.0,28.0,25.0,0.0,0.0,0.0,6.0,6.0,4.0,0.0,12.0,13.0,13.0,88.0,54.0,53.0,7.0,7.0,300.0,0.0,0.0,0.0,0.0,0.0,0.0,0.0,0.0,0.0
7.7,258.98,0.39,0.3,0.31,3.24,5.88,5.18,7.7,-8.7,-0.04,-0.02,173.4,4.3,140.0,1.0,3.0,137.0,690.0,161.0,0.0,169.0,7.68,289.2,183.0,31.1,32.5,0.6,2.7,1929.1,0.0,16.62,-10.0,5.5,5.7,5.1,6.1,5.3,3.9,6.0,6.7,31.8,31.1,6.8,7.9,-3.1,8.6,29.0,27.0,25.0,0.0,0.0,0.1,6.0,6.0,4.0,0.0,12.0,13.0,13.0,88.0,60.0,52.0,7.0,7.0,300.0,0.0,0.0,0.0,0.0,0.0,0.0,0.0,0.0,0.0
7.49,177.98,0.31,0.26,0.26,4.7,6.24,2.0,7.47,-1.4,0.02,0.02,173.5,3.8,135.0,1.0,3.0,125.0,690.0,150.0,0.0,158.0,7.48,267.7,170.0,30.4,31.8,0.6,2.8,2067.6,0.0,16.83,-10.1,5.5,5.7,5.1,6.1,5.3,3.9,5.9,6.7,31.7,31.2,6.9,8.0,-3.1,8.6,29.0,27.0,25.0,0.1,0.0,0.0,6.0,6.0,4.0,0.0,12.0,13.0,13.0,88.0,59.0,53.0,8.0,8.0,300.0,0.0,0.0,0.0,0.0,0.0,0.0,0.0,0.0,0.0
7.59,189.0,0.37,0.3,0.31,3.74,5.64,3.7,7.64,-11.3,0.02,0.02,173.4,4.7,138.0,1.0,3.0,128.0,689.0,158.0,0.0,170.0,7.6,283.4,179.0,30.9,32.4,0.6,2.8,2025.2,0.0,16.77,-9.9,5.4,5.7,4.9,6.1,5.3,3.9,6.0,6.7,31.8,31.1,6.9,8.1,-3.1,8.7,29.0,27.0,25.0,0.1,0.0,0.0,6.0,6.0,4.0,0.0,12.0,13.0,13.0,88.0,60.0,52.0,8.0,8.0,300.0,0.0,0.0,0.0,0.0,0.0,0.0,0.0,0.0,0.0
8.07,59.0,0.38,0.31,0.3,1.74,6.98,4.32,8.2,-5.1,0.01,-0.02,173.3,4.3,137.0,1.0,3.0,153.0,690.0,188.0,0.0,200.0,8.08,317.2,202.0,31.2,32.6,0.6,2.8,1981.8,0.0,16.7,-9.9,5.5,5.7,4.9,6.1,5.3,3.9,6.0,6.7,31.7,31.2,6.5,7.9,-3.1,8.7,30.0,28.0,25.0,0.0,0.0,0.0,6.0,6.0,4.0,0.0,12.0,13.0,13.0,88.0,58.0,52.0,7.0,7.0,300.0,0.0,0.0,0.0,0.0,0.0,0.0,0.0,0.0,0.0
8.02,54.0,0.37,0.28,0.3,2.04,7.94,4.0,8.13,-11.7,-0.02,-0.01,173.3,4.7,139.0,1.0,3.0,152.0,690.0,179.0,-1.0,194.0,8.02,308.8,199.0,30.7,32.2,0.6,2.8,1969.4,0.0,16.68,-9.9,5.5,5.7,5.1,6.1,5.3,3.9,6.0,6.7,31.6,31.2,6.5,7.9,-3.1,8.7,30.0,28.0,25.0,0.0,0.0,-0.1,6.0,6.0,4.0,0.0,12.0,13.0,13.0,88.0,58.0,52.0,7.0,7.0,300.0,0.0,0.0,0.0,0.0,0.0,0.0,0.0,0.0,0.0
7.77,49.0,0.4,0.32,0.31,1.34,6.76,4.14,7.94,-12.8,0.03,0.0,173.4,4.5,141.0,1.0,3.0,140.0,690.0,161.0,0.0,176.0,7.76,290.1,187.0,30.8,32.5,0.6,2.8,1970.5,0.0,16.69,-10.0,5.5,5.7,5.1,6.1,5.3,3.9,6.0,6.7,31.7,31.1,6.7,7.9,-3.1,8.6,30.0,27.0,25.0,0.0,0.0,0.0,6.0,6.0,4.0,0.0,12.0,13.0,13.0,88.0,60.0,52.0,7.0,7.0,300.0,0.0,0.0,0.0,0.0,0.0,0.0,0.0,0.0,0.0
8.84,203.0,0.35,0.25,0.26,4.54,7.82,5.2,8.86,-12.6,-0.01,-0.01,173.1,4.9,142.0,1.0,3.0,197.0,691.0,240.0,0.0,263.0,8.82,379.2,241.0,31.6,32.9,0.6,2.8,2067.6,0.0,16.83,-9.8,5.5,5.7,5.1,6.1,5.3,3.9,6.0,6.7,31.5,31.1,6.5,7.9,-3.2,8.7,31.0,28.0,25.0,0.0,0.0,0.0,6.0,6.0,4.0,0.0,12.0,13.0,13.0,88.0,54.0,53.0,7.0,7.0,300.0,0.0,0.0,0.0,0.0,0.0,0.0,0.0,0.0,0.0
7.53,87.98,0.34,0.26,0.26,2.66,7.6,3.48,7.72,-10.0,0.03,0.01,173.5,4.5,137.0,1.0,3.0,123.0,689.0,152.0,0.0,163.0,7.52,273.5,175.0,30.6,32.1,0.6,2.8,2001.5,0.0,16.73,-10.0,5.5,5.7,4.9,6.1,5.3,3.9,6.0,6.7,31.7,31.2,7.0,8.0,-3.1,8.7,29.0,27.0,25.0,0.2,0.0,0.0,6.0,6.0,4.0,0.0,12.0,13.0,13.0,88.0,60.0,52.0,8.0,8.0,300.0,0.0,0.0,0.0,0.0,0.0,0.0,0.0,0.0,0.0
7.82,33.98,0.31,0.25,0.25,2.32,7.98,4.14,7.84,-15.4,0.0,0.01,173.3,4.1,142.0,1.0,3.0,140.0,690.0,171.0,0.0,181.0,7.8,298.8,189.0,30.9,32.3,0.6,2.8,2047.0,0.0,16.8,-9.9,5.5,5.7,5.0,6.1,5.3,3.9,6.0,6.7,31.7,31.2,6.7,7.9,-3.1,8.6,30.0,28.0,25.0,0.1,0.2,-0.1,6.0,6.0,4.0,0.0,12.0,13.0,13.0,88.0,59.0,52.0,7.0,7.0,300.0,0.0,0.0,0.0,0.0,0.0,0.0,0.0,0.0,0.0
7.88,180.0,0.33,0.25,0.25,4.64,6.66,4.18,7.91,-11.0,0.02,0.0,173.3,4.1,140.0,1.0,3.0,149.0,690.0,170.0,0.0,188.0,7.88,304.4,193.0,30.7,32.2,0.6,2.7,1999.4,0.0,16.73,-9.9,5.4,5.7,4.9,6.1,5.3,3.9,6.0,6.7,31.7,31.1,6.5,7.9,-3.1,8.6,30.0,28.0,25.0,0.0,-0.1,0.0,6.0,6.0,4.0,0.0,12.0,13.0,13.0,88.0,59.0,52.0,7.0,7.0,300.0,0.0,0.0,0.0,0.0,0.0,0.0,0.0,0.0,0.0
8.84,60.98,0.36,0.3,0.26,3.66,7.32,5.52,8.79,-12.9,0.03,0.01,173.1,5.0,142.0,1.0,3.0,202.0,691.0,234.0,-1.0,264.0,8.82,381.2,242.0,31.3,33.0,0.6,2.8,2067.6,0.0,16.83,-9.8,5.5,5.7,4.9,6.1,5.3,3.9,6.0,6.7,31.5,31.1,6.5,7.9,-3.2,8.7,31.0,29.0,25.0,0.0,0.0,0.0,6.0,6.0,4.0,0.0,12.0,13.0,13.0,88.0,54.0,53.0,7.0,7.0,300.0,0.0,0.0,0.0,0.0,0.0,0.0,0.0,0.0,0.0
8.82,82.01,0.37,0.3,0.29,3.24,7.84,4.08,8.84,-5.6,0.03,0.01,173.1,4.6,140.0,1.0,3.0,197.0,691.0,242.0,0.0,261.0,8.8,381.6,241.0,31.5,32.9,0.6,2.8,2067.6,0.0,16.83,-9.8,5.5,5.7,4.9,6.1,5.3,3.9,6.0,6.7,31.5,31.1,6.7,7.9,-3.2,8.7,31.0,28.0,25.0,0.1,0.0,0.0,6.0,6.0,4.0,0.0,12.0,13.0,13.0,88.0,54.0,53.0,7.0,7.0,300.0,0.0,0.0,0.0,0.0,0.0,0.0,0.0,0.0,0.0
8.65,283.0,0.31,0.25,0.26,4.26,6.88,5.46,8.69,-10.6,0.0,0.01,173.2,4.6,141.0,1.0,3.0,188.0,691.0,222.0,0.0,240.0,8.62,357.3,230.0,31.3,32.3,0.6,2.8,2067.6,0.0,16.83,-9.8,5.5,5.7,5.2,6.1,5.2,3.9,6.0,6.7,31.6,31.1,6.5,7.9,-3.2,8.7,31.0,28.0,25.0,0.0,0.0,0.0,6.0,6.0,4.0,0.0,12.0,13.0,13.0,88.0,56.0,53.0,7.0,7.0,300.0,0.0,0.0,0.0,0.0,0.0,0.0,0.0,0.0,0.0
8.25,175.0,0.41,0.33,0.32,4.62,2.72,4.7,8.45,-8.4,0.04,0.02,173.2,4.5,139.0,1.0,3.0,164.0,690.0,198.0,0.0,210.0,8.26,335.7,212.0,31.5,32.7,0.6,2.8,2067.6,0.0,16.83,-9.9,5.5,5.7,5.1,6.1,5.2,3.9,6.0,6.7,31.6,31.2,6.5,7.9,-3.2,8.7,30.0,28.0,25.0,0.1,2.4,0.0,6.0,6.0,4.0,0.0,12.0,13.0,13.0,88.0,57.0,52.0,7.0,7.0,300.0,0.0,0.0,0.0,0.0,0.0,0.0,0.0,0.0,0.0
8.81,34.99,0.31,0.25,0.26,4.7,8.88,5.34,8.62,-13.1,-0.01,-0.03,173.1,4.8,142.0,1.0,3.0,198.0,691.0,236.0,0.0,258.0,8.78,377.4,239.0,31.1,32.8,0.6,2.8,2067.6,0.0,16.83,-9.8,5.5,5.7,4.8,6.1,5.3,3.9,6.0,6.7,31.6,31.1,6.5,7.9,-3.2,8.7,31.0,28.0,25.0,0.0,0.0,0.0,6.0,6.0,4.0,0.0,12.0,13.0,13.0,88.0,55.0,53.0,7.0,7.0,300.0,0.0,0.0,0.0,0.0,0.0,0.0,0.0,0.0,0.0
8.49,333.0,0.28,0.25,0.26,3.68,7.46,5.6,8.5,-15.5,-0.04,-0.01,173.2,5.0,142.0,1.0,3.0,179.0,690.0,210.0,0.0,233.0,8.48,348.5,223.0,31.1,32.8,0.6,2.8,2067.6,0.0,16.83,-9.8,5.5,5.7,5.1,6.1,5.2,3.9,6.0,6.7,31.6,31.1,6.5,7.9,-3.2,8.6,31.0,28.0,25.0,0.0,0.2,0.0,6.0,6.0,4.0,0.0,12.0,13.0,13.0,88.0,56.0,52.0,7.0,7.0,300.0,0.0,0.0,0.0,0.0,0.0,0.0,0.0,0.0,0.0
7.57,207.0,0.4,0.31,0.32,3.36,6.36,2.6,7.49,-1.3,0.01,0.01,173.4,4.3,132.0,1.0,3.0,128.0,689.0,158.0,0.0,166.0,7.56,278.4,177.0,30.9,32.2,0.6,2.8,2067.6,0.0,16.83,-10.1,5.5,5.7,5.2,6.1,5.3,3.9,6.0,6.7,31.7,31.2,6.8,7.9,-3.2,8.7,29.0,27.0,25.0,0.0,0.0,0.1,6.0,6.0,4.0,0.0,12.0,13.0,13.0,88.0,59.0,53.0,7.0,7.0,300.0,0.0,0.0,0.0,0.0,0.0,0.0,0.0,0.0,0.0
7.78,193.0,0.3,0.24,0.25,1.88,1.58,1.84,7.93,-13.5,0.05,0.0,173.3,4.3,141.0,1.0,3.0,137.0,690.0,170.0,0.0,179.0,7.78,291.4,187.0,31.0,32.6,0.6,2.8,2047.0,0.0,16.8,-9.9,5.5,5.7,5.1,6.1,5.2,3.9,6.0,6.7,31.7,31.2,6.7,7.9,-3.1,8.6,30.0,28.0,25.0,0.1,0.0,0.2,6.0,6.0,4.0,0.0,12.0,13.0,13.0,88.0,59.0,52.0,7.0,7.0,300.0,0.0,0.0,0.0,0.0,0.0,0.0,0.0,0.0,0.0
7.56,306.0,0.41,0.31,0.32,2.16,5.7,4.88,7.48,-6.0,0.02,0.04,173.4,4.3,134.0,1.0,3.0,125.0,689.0,156.0,0.0,167.0,7.56,276.6,177.0,31.0,32.2,0.6,2.8,2067.6,0.0,16.83,-10.1,5.5,5.7,5.0,6.2,5.3,3.9,5.9,6.7,31.7,31.2,6.9,7.9,-3.1,8.7,29.0,27.0,25.0,0.0,0.0,0.0,6.0,6.0,4.0,0.0,12.0,13.0,13.0,88.0,59.0,53.0,7.0,7.0,300.0,0.0,0.0,0.0,0.0,0.0,0.0,0.0,0.0,0.0
7.92,321.98,0.33,0.25,0.25,2.9,6.38,4.7,7.93,-9.6,0.06,-0.01,173.3,4.6,140.0,1.0,3.0,148.0,690.0,173.0,0.0,190.0,7.9,305.1,193.0,31.1,32.3,0.6,2.8,2067.6,0.0,16.83,-9.9,5.5,5.7,5.2,6.1,5.2,3.9,6.0,6.7,31.7,31.2,6.5,7.9,-3.1,8.6,30.0,28.0,25.0,0.0,0.1,0.0,6.0,6.0,4.0,0.0,12.0,13.0,13.0,88.0,59.0,52.0,7.0,7.0,300.0,0.0,0.0,0.0,0.0,0.0,0.0,0.0,0.0,0.0
8.79,124.99,0.36,0.3,0.26,4.82,7.72,5.6,8.82,-9.8,-0.02,0.0,173.1,4.8,141.0,1.0,3.0,202.0,691.0,237.0,0.0,263.0,8.8,378.7,241.0,31.2,32.9,0.6,2.8,2067.6,0.0,16.83,-9.8,5.5,5.7,5.1,6.1,5.3,3.9,6.0,6.7,31.5,31.1,6.6,7.9,-3.2,8.7,31.0,29.0,25.0,0.2,0.0,0.0,6.0,6.0,4.0,0.0,12.0,13.0,13.0,88.0,54.0,53.0,7.0,7.0,300.0,0.0,0.0,0.0,0.0,0.0,0.0,0.0,0.0,0.0
7.97,270.0,0.34,0.25,0.25,3.58,6.36,4.62,8.18,-5.4,-0.01,0.03,173.4,4.3,139.0,1.0,3.0,148.0,690.0,180.0,0.0,189.0,7.96,305.6,196.0,31.2,32.4,0.6,2.7,2067.6,0.0,16.83,-9.9,5.5,5.7,5.1,6.1,5.3,3.9,6.0,6.7,31.7,31.1,6.5,7.9,-3.1,8.6,30.0,28.0,25.0,0.0,0.0,0.0,6.0,6.0,4.0,0.0,12.0,13.0,13.0,88.0,59.0,52.0,7.0,7.0,300.0,0.0,0.0,0.0,0.0,0.0,0.0,0.0,0.0,0.0
8.32,324.0,0.41,0.35,0.32,3.46,5.08,5.38,8.49,-11.1,0.04,0.02,173.2,5.0,139.0,1.0,3.0,165.0,690.0,201.0,0.0,212.0,8.28,330.3,213.0,31.1,32.6,0.6,2.8,2067.6,0.0,16.83,-9.9,5.5,5.7,4.8,6.1,5.2,3.9,5.9,6.7,31.6,31.2,6.5,7.9,-3.2,8.7,30.0,28.0,25.0,0.0,0.5,0.0,6.0,6.0,4.0,0.0,12.0,13.0,13.0,88.0,57.0,52.0,7.0,7.0,300.0,0.0,0.0,0.0,0.0,0.0,0.0,0.0,0.0,0.0
7.59,78.98,0.41,0.31,0.32,1.64,7.44,3.24,7.51,-7.4,0.01,0.01,173.5,4.5,134.0,1.0,3.0,128.0,689.0,161.0,0.0,169.0,7.58,283.4,179.0,30.6,31.9,0.6,2.8,2067.6,0.0,16.83,-10.1,5.5,5.7,5.1,6.1,5.3,3.9,6.0,6.7,31.7,31.2,6.9,7.9,-3.1,8.7,30.0,27.0,25.0,0.1,0.0,0.0,6.0,6.0,4.0,0.0,12.0,13.0,13.0,88.0,59.0,53.0,7.0,7.0,300.0,0.0,0.0,0.0,0.0,0.0,0.0,0.0,0.0,0.0
8.34,52.99,0.41,0.35,0.32,2.76,8.24,4.7,8.3,-9.8,0.01,0.01,173.2,4.9,139.0,1.0,3.0,170.0,690.0,200.0,0.0,217.0,8.32,340.0,214.0,31.2,32.4,0.6,2.8,2067.6,0.0,16.83,-9.9,5.5,5.7,5.1,6.1,5.2,3.9,6.0,6.7,31.6,31.1,6.5,7.9,-3.2,8.6,30.0,28.0,25.0,0.0,0.0,-0.1,6.0,6.0,4.0,0.0,12.0,13.0,13.0,88.0,57.0,52.0,7.0,7.0,300.0,0.0,0.0,0.0,0.0,0.0,0.0,0.0,0.0,0.0
7.53,38.02,0.41,0.34,0.32,1.04,6.36,3.64,7.5,-8.8,0.0,-0.05,173.5,3.9,135.0,1.0,3.0,128.0,690.0,153.0,0.0,162.0,7.5,274.1,175.0,30.7,32.1,0.6,2.8,2067.6,0.0,16.83,-10.1,5.5,5.7,5.2,6.2,5.3,3.9,6.0,6.7,31.7,31.2,7.0,7.9,-3.1,8.6,29.0,27.0,25.0,0.0,0.0,-0.1,6.0,6.0,4.0,0.0,12.0,13.0,13.0,88.0,59.0,53.0,7.0,7.0,300.0,0.0,0.0,0.0,0.0,0.0,0.0,0.0,0.0,0.0
7.97,31.0,0.34,0.25,0.25,3.08,8.52,4.44,8.18,-4.5,0.03,-0.01,173.3,4.0,139.0,1.0,3.0,145.0,690.0,177.0,0.0,188.0,7.96,304.0,196.0,30.9,32.2,0.6,2.8,2067.6,0.0,16.83,-9.9,5.5,5.7,4.9,6.1,5.3,3.9,6.0,6.7,31.7,31.1,6.6,7.9,-3.1,8.6,30.0,28.0,25.0,0.1,0.0,-0.1,6.0,6.0,4.0,0.0,12.0,13.0,13.0,88.0,59.0,52.0,7.0,7.0,300.0,0.0,0.0,0.0,0.0,0.0,0.0,0.0,0.0,0.0
7.8,175.0,0.31,0.25,0.25,4.78,6.52,4.16,7.8,-15.1,-0.01,0.0,173.4,3.9,142.0,1.0,3.0,139.0,690.0,170.0,0.0,182.0,7.82,297.9,189.0,30.6,32.1,0.6,2.7,2047.0,0.0,16.8,-9.9,5.5,5.7,5.1,6.1,5.3,3.9,6.1,6.7,31.7,31.2,6.7,7.9,-3.1,8.6,30.0,28.0,25.0,0.1,0.0,0.0,6.0,6.0,4.0,0.0,12.0,13.0,13.0,88.0,59.0,52.0,7.0,7.0,300.0,0.0,0.0,0.0,0.0,0.0,0.0,0.0,0.0,0.0
7.97,200.99,0.35,0.26,0.25,4.14,1.64,4.42,7.88,-6.6,0.05,0.01,173.3,4.3,138.0,1.0,3.0,151.0,690.0,174.0,-1.0,189.0,7.96,304.4,197.0,30.9,32.5,0.6,2.8,2032.5,0.0,16.78,-9.9,5.5,5.7,5.1,6.1,5.2,3.9,6.0,6.7,31.7,31.1,6.5,7.9,-3.1,8.6,30.0,28.0,25.0,0.0,0.9,0.0,6.0,6.0,4.0,0.0,12.0,13.0,13.0,88.0,59.0,52.0,7.0,7.0,300.0,0.0,0.0,0.0,0.0,0.0,0.0,0.0,0.0,0.0
7.78,52.99,0.3,0.21,0.22,16.42,21.5,12.16,7.74,-12.8,0.03,0.01,173.3,4.4,141.0,1.0,3.0,137.0,690.0,170.0,0.0,177.0,7.76,289.6,187.0,31.0,32.6,0.6,2.8,2003.5,0.0,16.73,-9.9,5.5,5.7,4.8,6.1,5.3,3.9,6.0,6.7,31.7,31.1,6.7,7.9,-3.1,8.7,30.0,28.0,25.0,-84.7,-109.5,-64.3,6.0,6.0,4.0,0.0,12.0,13.0,13.0,88.0,59.0,52.0,7.0,7.0,300.0,0.0,0.0,0.0,0.0,0.0,0.0,0.0,0.0,0.0
7.49,263.02,0.32,0.26,0.26,3.06,5.8,4.78,7.43,-3.6,-0.04,-0.02,173.4,4.0,135.0,1.0,3.0,122.0,690.0,144.0,0.0,158.0,7.48,263.1,168.0,30.7,32.2,0.6,2.8,1955.0,0.0,16.66,-10.1,5.5,5.7,4.9,6.1,5.3,3.9,6.0,6.7,31.7,31.2,6.9,8.0,-3.1,8.7,29.0,27.0,25.0,0.0,0.0,0.0,6.0,6.0,4.0,0.0,12.0,13.0,13.0,88.0,59.0,52.0,8.0,8.0,300.0,0.0,0.0,0.0,0.0,0.0,0.0,0.0,0.0,0.0
7.97,153.0,0.35,0.25,0.25,4.68,7.04,4.14,7.96,-5.3,-0.04,0.0,173.3,4.1,138.0,1.0,3.0,148.0,690.0,182.0,2.0,189.0,7.96,306.2,197.0,30.9,32.3,0.6,2.8,2032.5,0.0,16.78,-9.9,5.5,5.7,5.1,6.1,5.2,3.9,6.0,6.7,31.7,31.2,6.5,7.9,-3.1,8.6,30.0,28.0,25.0,0.2,0.0,0.0,6.0,6.0,4.0,0.0,12.0,13.0,13.0,88.0,59.0,52.0,7.0,7.0,300.0,0.0,0.0,0.0,0.0,0.0,0.0,0.0,0.0,0.0
7.55,267.98,0.34,0.26,0.26,3.0,6.04,3.7,7.55,-9.0,-0.03,-0.02,173.4,3.9,137.0,1.0,3.0,123.0,690.0,153.0,0.0,163.0,7.52,278.8,176.0,30.5,32.2,0.6,2.7,1946.7,0.0,16.65,-10.0,5.5,5.7,5.1,6.1,5.3,3.9,6.0,6.7,31.7,31.2,7.0,8.0,-3.1,8.7,29.0,27.0,25.0,0.0,-0.1,0.0,6.0,6.0,4.0,0.0,12.0,13.0,13.0,88.0,60.0,52.0,8.0,8.0,300.0,0.0,0.0,0.0,0.0,0.0,0.0,0.0,0.0,0.0
8.46,29.02,0.27,0.25,0.26,3.52,8.78,5.46,8.49,-15.3,0.01,-0.02,173.2,4.8,141.0,1.0,3.0,175.0,690.0,210.0,0.0,229.0,8.44,345.4,221.0,31.4,33.0,0.6,2.8,2067.6,0.0,16.83,-9.9,5.5,5.7,5.1,6.1,5.2,3.9,6.0,6.7,31.6,31.1,6.5,7.9,-3.2,8.6,30.0,28.0,25.0,0.1,0.2,0.0,6.0,6.0,4.0,0.0,12.0,13.0,13.0,88.0,56.0,52.0,7.0,7.0,300.0,0.0,0.0,0.0,0.0,0.0,0.0,0.0,0.0,0.0
8.81,342.0,0.31,0.25,0.26,4.2,8.04,5.46,8.85,-18.2,-0.03,0.0,173.2,4.9,143.0,1.0,3.0,197.0,691.0,233.0,-1.0,258.0,8.78,376.6,239.0,31.6,33.2,0.6,2.8,2067.6,0.0,16.83,-9.8,5.5,5.7,5.0,6.1,5.3,3.9,6.0,6.7,31.6,31.1,6.5,7.9,-3.2,8.7,31.0,28.0,25.0,0.1,0.4,0.0,6.0,6.0,4.0,0.0,12.0,13.0,13.0,88.0,55.0,53.0,7.0,7.0,300.0,0.0,0.0,0.0,0.0,0.0,0.0,0.0,0.0,0.0
8.79,58.0,0.32,0.25,0.26,3.78,8.96,5.5,8.74,-10.4,0.01,-0.01,173.1,5.0,141.0,1.0,3.0,198.0,691.0,236.0,0.0,259.0,8.78,373.6,239.0,31.0,32.6,0.6,2.8,2067.6,0.0,16.83,-9.8,5.5,5.7,4.8,6.1,5.3,3.9,6.0,6.7,31.6,31.1,6.5,7.9,-3.2,8.7,31.0,28.0,25.0,0.0,0.0,0.0,6.0,6.0,4.0,0.0,12.0,13.0,13.0,88.0,55.0,53.0,7.0,7.0,300.0,0.0,0.0,0.0,0.0,0.0,0.0,0.0,0.0,0.0
8.74,27.0,0.31,0.25,0.26,4.04,8.66,5.42,8.89,-14.4,-0.02,-0.01,173.2,5.5,142.0,1.0,3.0,192.0,691.0,230.0,0.0,250.0,8.72,372.2,235.0,31.6,32.9,0.6,2.8,2067.6,0.0,16.83,-9.8,5.5,5.7,4.9,6.1,5.3,3.9,6.0,6.7,31.6,31.1,6.5,7.9,-3.2,8.7,31.0,28.0,25.0,0.1,0.2,0.0,6.0,6.0,4.0,0.0,12.0,13.0,13.0,88.0,55.0,53.0,7.0,7.0,300.0,0.0,0.0,0.0,0.0,0.0,0.0,0.0,0.0,0.0
8.44,126.0,0.28,0.25,0.26,5.84,8.18,5.08,8.63,-13.8,-0.03,-0.01,173.2,4.8,142.0,1.0,3.0,176.0,690.0,212.0,0.0,234.0,8.48,350.1,223.0,31.5,32.9,0.6,2.8,2067.6,0.0,16.83,-9.8,5.5,5.7,4.9,6.1,5.3,3.9,6.0,6.7,31.6,31.1,6.5,7.9,-3.2,8.6,31.0,28.0,25.0,0.3,0.0,0.0,6.0,6.0,4.0,0.0,12.0,13.0,13.0,88.0,56.0,52.0,7.0,7.0,300.0,0.0,0.0,0.0,0.0,0.0,0.0,0.0,0.0,0.0
7.5,113.0,0.38,0.31,0.28,3.24,6.66,2.26,7.46,1.5,-0.02,0.05,173.6,3.7,133.0,1.0,3.0,127.0,689.0,153.0,0.0,161.0,7.5,277.5,175.0,30.4,32.0,0.6,2.7,2067.6,0.0,16.83,-10.1,5.5,5.7,5.2,6.2,5.3,3.9,6.0,6.7,31.7,31.2,6.8,7.9,-3.1,8.8,29.0,27.0,25.0,0.1,0.0,0.0,6.0,6.0,4.0,0.0,12.0,13.0,13.0,88.0,59.0,54.0,7.0,7.0,300.0,0.0,0.0,0.0,0.0,0.0,0.0,0.0,0.0,0.0
8.86,45.0,0.37,0.3,0.29,3.52,7.66,4.52,8.86,-7.7,0.02,-0.01,173.1,5.3,139.0,1.0,3.0,197.0,692.0,243.0,0.0,265.0,8.84,377.8,242.0,31.5,33.0,0.6,2.8,2067.6,0.0,16.83,-9.8,5.5,5.7,4.9,6.1,5.3,3.9,6.0,6.7,31.5,31.1,6.7,7.9,-3.2,8.7,31.0,28.0,25.0,0.1,0.2,0.0,6.0,6.0,4.0,0.0,12.0,13.0,13.0,88.0,54.0,53.0,7.0,7.0,300.0,0.0,0.0,0.0,0.0,0.0,0.0,0.0,0.0,0.0
7.55,181.01,0.36,0.26,0.26,4.12,6.54,3.68,7.53,-12.0,0.02,-0.03,173.4,4.3,137.0,1.0,3.0,125.0,689.0,152.0,0.0,164.0,7.54,275.2,176.0,30.6,32.3,0.6,2.8,1946.7,0.0,16.65,-10.0,5.5,5.7,5.1,6.1,5.3,3.9,6.0,6.7,31.7,31.1,6.9,8.0,-3.1,8.7,29.0,27.0,25.0,0.0,0.0,0.0,6.0,6.0,4.0,0.0,12.0,13.0,13.0,88.0,60.0,52.0,8.0,8.0,300.0,0.0,0.0,0.0,0.0,0.0,0.0,0.0,0.0,0.0
7.72,83.99,0.39,0.3,0.31,2.06,7.34,3.84,7.75,-15.5,0.02,0.0,173.5,4.4,141.0,1.0,3.0,135.0,690.0,167.0,0.0,172.0,7.72,289.7,184.0,30.5,32.0,0.6,2.8,1970.5,0.0,16.69,-10.0,5.5,5.7,5.1,6.1,5.3,3.8,6.0,6.7,31.7,31.1,6.8,7.9,-3.1,8.6,29.0,27.0,25.0,0.1,0.0,0.0,6.0,6.0,4.0,0.0,12.0,13.0,13.0,88.0,60.0,52.0,7.0,7.0,300.0,0.0,0.0,0.0,0.0,0.0,0.0,0.0,0.0,0.0
7.95,173.99,0.34,0.25,0.25,4.7,6.94,4.44,7.92,-7.6,0.02,-0.01,173.3,4.7,139.0,1.0,3.0,150.0,690.0,179.0,0.0,189.0,7.96,309.0,196.0,30.9,32.2,0.6,2.8,2067.6,0.0,16.83,-9.9,5.5,5.7,5.0,6.1,5.3,3.9,6.0,6.7,31.7,31.2,6.5,7.9,-3.1,8.6,30.0,28.0,25.0,0.0,-0.2,0.0,6.0,6.0,4.0,0.0,12.0,13.0,13.0,88.0,59.0,52.0,7.0,7.0,300.0,0.0,0.0,0.0,0.0,0.0,0.0,0.0,0.0,0.0
9.0,149.0,0.41,0.34,0.32,5.36,7.62,5.52,9.12,-12.9,-0.02,-0.01,173.0,4.6,142.0,1.0,3.0,214.0,691.0,248.0,0.0,273.0,9.0,390.6,250.0,31.9,33.2,0.6,2.8,2067.6,0.0,16.83,-9.8,5.5,5.7,5.1,6.1,5.3,3.9,6.0,6.7,31.5,31.1,6.7,7.9,-3.2,8.7,32.0,29.0,25.0,0.1,0.0,0.0,6.0,6.0,4.0,0.0,12.0,13.0,13.0,88.0,53.0,53.0,7.0,7.0,300.0,0.0,0.0,0.0,0.0,0.0,0.0,0.0,0.0,0.0
7.57,234.0,0.37,0.3,0.31,3.82,5.72,4.62,7.5,-11.3,-0.03,0.01,173.4,4.5,138.0,1.0,3.0,133.0,689.0,155.0,0.0,169.0,7.6,283.7,179.0,30.9,32.2,0.6,2.8,2025.2,0.0,16.77,-10.0,5.4,5.7,5.0,6.1,5.3,3.9,6.0,6.7,31.8,31.1,6.9,8.1,-3.1,8.7,29.0,27.0,25.0,0.0,0.0,0.1,6.0,6.0,4.0,0.0,12.0,13.0,13.0,88.0,60.0,52.0,8.0,8.0,300.0,0.0,0.0,0.0,0.0,0.0,0.0,0.0,0.0,0.0
7.53,16.99,0.36,0.27,0.28,1.62,7.76,4.1,7.56,-13.1,0.02,-0.04,173.6,3.9,136.0,1.0,3.0,125.0,690.0,153.0,0.0,157.0,7.5,271.8,174.0,30.5,32.1,0.6,2.8,2023.2,0.0,16.76,-10.0,5.5,5.7,4.9,6.2,5.3,3.9,6.0,6.7,31.8,31.2,6.7,7.9,-3.1,8.8,29.0,27.0,25.0,0.0,0.2,-0.1,6.0,6.0,4.0,0.0,12.0,13.0,13.0,88.0,59.0,54.0,7.0,7.0,300.0,0.0,0.0,0.0,0.0,0.0,0.0,0.0,0.0,0.0
7.51,337.0,0.37,0.27,0.28,1.68,6.8,4.28,7.71,-3.6,0.01,0.06,173.5,4.4,135.0,1.0,3.0,127.0,690.0,149.0,0.0,161.0,7.5,277.1,175.0,30.4,32.1,0.6,2.8,2067.6,0.0,16.83,-10.1,5.5,5.7,4.9,6.2,5.3,3.9,6.0,6.7,31.8,31.2,6.8,7.9,-3.1,8.8,29.0,27.0,25.0,0.0,0.2,0.0,6.0,6.0,4.0,0.0,12.0,13.0,13.0,88.0,59.0,54.0,7.0,7.0,300.0,0.0,0.0,0.0,0.0,0.0,0.0,0.0,0.0,0.0
7.62,29.02,0.4,0.31,0.32,1.34,7.3,3.92,7.47,-9.6,0.01,0.01,173.5,4.2,134.0,1.0,3.0,133.0,689.0,153.0,0.0,167.0,7.58,282.6,178.0,30.6,31.8,0.6,2.8,2067.6,0.0,16.83,-10.1,5.5,5.7,4.8,6.2,5.3,3.9,6.0,6.7,31.7,31.2,6.8,7.9,-3.1,8.7,29.0,27.0,25.0,0.0,0.0,-0.1,6.0,6.0,4.0,0.0,12.0,13.0,13.0,88.0,59.0,53.0,7.0,7.0,300.0,0.0,0.0,0.0,0.0,0.0,0.0,0.0,0.0,0.0
7.77,303.01,0.41,0.32,0.35,2.8,5.98,5.8,7.91,-11.7,0.01,-0.01,173.4,4.8,141.0,1.0,3.0,136.0,690.0,164.0,0.0,177.0,7.76,297.8,186.0,31.0,32.4,0.6,2.8,2003.5,0.0,16.73,-9.9,5.5,5.7,5.2,6.1,5.3,3.8,6.0,6.7,31.7,31.1,6.7,7.9,-3.1,8.7,30.0,27.0,25.0,0.0,0.0,0.0,6.0,6.0,4.0,0.0,12.0,13.0,13.0,88.0,60.0,52.0,7.0,7.0,300.0,0.0,0.0,0.0,0.0,0.0,0.0,0.0,0.0,0.0
8.64,76.0,0.3,0.25,0.26,3.66,8.5,5.36,8.72,-12.9,0.02,0.0,173.2,5.0,141.0,1.0,3.0,188.0,691.0,216.0,0.0,238.0,8.6,361.4,229.0,31.2,32.7,0.6,2.8,2067.6,0.0,16.83,-9.8,5.5,5.7,4.9,6.1,5.3,3.9,6.0,6.7,31.6,31.1,6.5,7.9,-3.2,8.7,31.0,28.0,25.0,0.1,0.0,0.0,6.0,6.0,4.0,0.0,12.0,13.0,13.0,88.0,56.0,53.0,7.0,7.0,300.0,0.0,0.0,0.0,0.0,0.0,0.0,0.0,0.0,0.0
7.51,154.01,0.38,0.31,0.31,4.1,6.84,1.0,7.7,-1.5,0.0,0.05,173.5,3.7,133.0,1.0,3.0,125.0,689.0,152.0,0.0,163.0,7.52,278.3,175.0,31.0,32.0,0.6,2.8,2067.6,0.0,16.83,-10.1,5.5,5.7,4.9,6.2,5.3,3.9,6.0,6.7,31.7,31.2,6.8,7.9,-3.1,8.8,29.0,27.0,25.0,0.1,-0.2,0.9,6.0,6.0,4.0,0.0,12.0,13.0,13.0,88.0,59.0,53.0,7.0,7.0,300.0,0.0,0.0,0.0,0.0,0.0,0.0,0.0,0.0,0.0
7.97,55.01,0.36,0.28,0.3,1.9,8.14,3.68,8.13,-9.0,0.02,0.01,173.3,4.3,138.0,1.0,3.0,148.0,690.0,176.0,0.0,189.0,7.96,304.4,196.0,30.8,32.4,0.6,2.7,2032.5,0.0,16.78,-9.9,5.5,5.7,5.1,6.1,5.2,3.9,6.0,6.7,31.6,31.1,6.5,7.9,-3.1,8.6,30.0,28.0,25.0,0.0,0.0,0.0,6.0,6.0,4.0,0.0,12.0,13.0,13.0,88.0,58.0,52.0,7.0,7.0,300.0,0.0,0.0,0.0,0.0,0.0,0.0,0.0,0.0,0.0
8.93,272.02,0.38,0.3,0.29,4.82,7.62,5.24,8.96,-11.2,-0.03,-0.01,173.0,5.2,140.0,1.0,3.0,209.0,692.0,243.0,0.0,267.0,8.92,390.4,246.0,31.8,33.0,0.6,2.8,2067.6,0.0,16.83,-9.8,5.5,5.7,5.1,6.1,5.3,3.9,6.0,6.7,31.5,31.1,6.7,7.9,-3.2,8.7,31.0,29.0,25.0,0.0,-0.2,0.0,6.0,6.0,4.0,0.0,12.0,13.0,13.0,88.0,53.0,53.0,7.0,7.0,300.0,0.0,0.0,0.0,0.0,0.0,0.0,0.0,0.0,0.0
7.49,132.98,0.42,0.34,0.32,3.8,5.74,3.02,7.49,-6.2,-0.02,0.05,173.5,4.1,135.0,1.0,3.0,125.0,690.0,149.0,0.0,162.0,7.5,277.1,175.0,30.6,32.0,0.6,2.8,2067.6,0.0,16.83,-10.1,5.5,5.7,5.0,6.2,5.3,3.9,6.0,6.7,31.7,31.2,7.0,7.9,-3.1,8.6,29.0,27.0,25.0,0.2,0.0,0.0,6.0,6.0,4.0,0.0,12.0,13.0,13.0,88.0,59.0,53.0,7.0,7.0,300.0,0.0,0.0,0.0,0.0,0.0,0.0,0.0,0.0,0.0
8.98,340.99,0.39,0.3,0.29,4.4,7.42,4.88,9.02,-12.3,-0.03,-0.02,173.1,5.1,140.0,1.0,3.0,205.0,691.0,251.0,0.0,270.0,8.96,391.2,248.0,31.6,32.9,0.6,2.8,2067.6,0.0,16.83,-9.8,5.5,5.7,4.9,6.1,5.3,3.9,6.0,6.7,31.5,31.1,6.7,7.9,-3.2,8.7,32.0,29.0,25.0,0.1,0.2,0.0,6.0,6.0,4.0,0.0,12.0,13.0,13.0,88.0,53.0,53.0,7.0,7.0,300.0,0.0,0.0,0.0,0.0,0.0,0.0,0.0,0.0,0.0
8.13,349.99,0.39,0.31,0.3,2.34,7.18,4.66,8.12,-9.1,-0.03,-0.01,173.3,4.4,138.0,1.0,3.0,158.0,690.0,186.0,0.0,202.0,8.1,321.0,203.0,31.6,32.8,0.6,2.8,1981.8,0.0,16.7,-9.9,5.5,5.7,5.0,6.1,5.3,3.9,6.0,6.7,31.7,31.2,6.5,7.9,-3.2,8.7,30.0,28.0,25.0,0.0,0.2,0.0,6.0,6.0,4.0,0.0,12.0,13.0,13.0,88.0,58.0,52.0,7.0,7.0,300.0,0.0,0.0,0.0,0.0,0.0,0.0,0.0,0.0,0.0
7.84,2.99,0.31,0.25,0.25,2.24,7.86,4.68,8.11,-10.6,-0.06,0.0,173.4,4.3,141.0,1.0,3.0,140.0,690.0,173.0,0.0,183.0,7.82,297.8,190.0,31.1,32.2,0.6,2.8,1999.4,0.0,16.73,-9.9,5.5,5.7,5.1,6.1,5.2,3.9,6.0,6.7,31.7,31.1,6.7,7.9,-3.1,8.6,30.0,28.0,25.0,0.0,0.2,0.0,6.0,6.0,4.0,0.0,12.0,13.0,13.0,88.0,59.0,52.0,7.0,7.0,300.0,0.0,0.0,0.0,0.0,0.0,0.0,0.0,0.0,0.0
7.61,344.02,0.4,0.31,0.32,1.68,6.54,5.24,7.63,-7.6,-0.02,0.02,173.5,4.5,133.0,1.0,3.0,126.0,690.0,155.0,0.0,167.0,7.58,283.6,178.0,30.7,32.0,0.6,2.8,2067.6,0.0,16.83,-10.1,5.5,5.7,4.9,6.2,5.3,3.9,6.0,6.7,31.7,31.2,6.8,7.9,-3.1,8.7,29.0,27.0,25.0,0.0,0.1,0.0,6.0,6.0,4.0,0.0,12.0,13.0,13.0,88.0,59.0,53.0,7.0,7.0,300.0,0.0,0.0,0.0,0.0,0.0,0.0,0.0,0.0,0.0
9.0,41.0,0.41,0.34,0.32,3.92,7.86,5.8,8.89,-8.0,0.01,-0.01,173.0,4.6,141.0,1.0,3.0,206.0,692.0,251.0,0.0,270.0,8.98,387.7,249.0,31.4,33.0,0.6,2.8,2067.6,0.0,16.83,-9.8,5.5,5.7,4.9,6.1,5.3,3.9,6.0,6.7,31.5,31.1,6.7,7.9,-3.2,8.7,32.0,29.0,25.0,0.0,0.0,0.0,6.0,6.0,4.0,0.0,12.0,13.0,13.0,88.0,53.0,53.0,7.0,7.0,300.0,0.0,0.0,0.0,0.0,0.0,0.0,0.0,0.0,0.0
7.53,353.02,0.41,0.34,0.32,1.6,5.74,5.02,7.63,-9.2,-0.01,0.06,173.4,4.1,135.0,1.0,3.0,128.0,690.0,156.0,0.0,164.0,7.52,273.7,175.0,30.4,32.1,0.6,2.8,2067.6,0.0,16.83,-10.1,5.5,5.7,5.3,6.1,5.3,3.9,6.0,6.7,31.7,31.2,7.0,7.9,-3.1,8.7,29.0,27.0,25.0,0.0,0.3,0.0,6.0,6.0,4.0,0.0,12.0,13.0,13.0,88.0,59.0,53.0,7.0,7.0,300.0,0.0,0.0,0.0,0.0,0.0,0.0,0.0,0.0,0.0
8.82,29.02,0.37,0.3,0.29,3.88,7.84,4.14,8.78,-4.3,-0.02,0.01,173.1,4.4,140.0,1.0,3.0,200.0,691.0,237.0,0.0,261.0,8.8,375.1,240.0,31.6,33.0,0.6,2.8,2067.6,0.0,16.83,-9.8,5.5,5.7,4.9,6.1,5.3,3.9,6.0,6.7,31.5,31.2,6.7,7.9,-3.2,8.7,31.0,29.0,25.0,0.0,0.0,0.0,6.0,6.0,4.0,0.0,12.0,13.0,13.0,88.0,54.0,53.0,7.0,7.0,300.0,0.0,0.0,0.0,0.0,0.0,0.0,0.0,0.0,0.0
8.84,209.02,0.35,0.25,0.26,4.68,8.14,4.72,8.83,-11.6,0.02,-0.02,173.1,4.8,142.0,1.0,3.0,199.0,691.0,245.0,0.0,266.0,8.84,383.7,242.0,31.2,32.6,0.6,2.8,2067.6,0.0,16.83,-9.8,5.5,5.7,5.1,6.1,5.3,3.9,6.0,6.7,31.5,31.1,6.5,7.9,-3.2,8.7,31.0,28.0,25.0,0.0,0.0,0.0,6.0,6.0,4.0,0.0,12.0,13.0,13.0,88.0,54.0,53.0,7.0,7.0,300.0,0.0,0.0,0.0,0.0,0.0,0.0,0.0,0.0,0.0
8.04,85.0,0.38,0.28,0.3,2.52,7.96,4.0,7.99,-9.8,0.01,0.01,173.3,4.5,139.0,1.0,3.0,153.0,690.0,186.0,0.0,196.0,8.04,314.7,200.0,31.2,32.3,0.6,2.8,1969.4,0.0,16.68,-9.9,5.5,5.7,5.0,6.1,5.3,3.9,6.0,6.7,31.6,31.2,6.5,7.9,-3.1,8.7,30.0,28.0,25.0,0.2,0.0,0.0,6.0,6.0,4.0,0.0,12.0,13.0,13.0,88.0,58.0,52.0,7.0,7.0,300.0,0.0,0.0,0.0,0.0,0.0,0.0,0.0,0.0,0.0
8.77,101.99,0.32,0.25,0.26,4.42,8.32,5.52,8.71,-7.2,-0.01,0.02,173.2,4.9,141.0,1.0,3.0,197.0,692.0,237.0,0.0,259.0,8.78,377.8,239.0,31.3,32.6,0.6,2.8,2067.6,0.0,16.83,-9.8,5.5,5.7,4.9,6.1,5.3,3.9,6.0,6.7,31.6,31.1,6.5,7.9,-3.2,8.7,31.0,28.0,25.0,0.3,-0.2,0.0,6.0,6.0,4.0,0.0,12.0,13.0,13.0,88.0,55.0,53.0,7.0,7.0,300.0,0.0,0.0,0.0,0.0,0.0,0.0,0.0,0.0,0.0
7.53,357.01,0.33,0.26,0.26,1.64,7.36,4.9,7.46,-7.6,-0.05,0.01,173.5,4.2,136.0,1.0,3.0,128.0,690.0,153.0,0.0,159.0,7.5,276.1,174.0,30.9,32.5,0.6,2.8,2001.5,0.0,16.73,-10.0,5.5,5.7,5.2,6.1,5.3,3.9,6.0,6.7,31.7,31.1,6.8,8.0,-3.1,8.7,29.0,27.0,25.0,0.0,0.2,0.0,6.0,6.0,4.0,0.0,12.0,13.0,13.0,88.0,59.0,52.0,8.0,8.0,300.0,0.0,0.0,0.0,0.0,0.0,0.0,0.0,0.0,0.0
7.93,200.02,0.34,0.25,0.25,4.4,6.6,4.2,7.98,-7.2,0.04,0.0,173.3,4.6,140.0,1.0,3.0,146.0,690.0,179.0,0.0,193.0,7.94,309.2,195.0,31.1,32.5,0.6,2.8,2067.6,0.0,16.83,-9.9,5.5,5.7,5.1,6.1,5.2,3.9,6.0,6.7,31.7,31.2,6.5,7.9,-3.1,8.6,30.0,28.0,25.0,0.0,0.0,0.0,6.0,6.0,4.0,0.0,12.0,13.0,13.0,88.0,59.0,52.0,7.0,7.0,300.0,0.0,0.0,0.0,0.0,0.0,0.0,0.0,0.0,0.0
8.63,281.02,0.3,0.25,0.26,4.46,7.0,5.72,8.57,-9.1,-0.01,-0.01,173.2,4.8,140.0,1.0,3.0,185.0,691.0,218.0,0.0,242.0,8.56,354.1,227.0,31.2,32.7,0.6,2.8,2067.6,0.0,16.83,-9.8,5.5,5.7,5.1,6.1,5.2,3.8,6.0,6.7,31.6,31.1,6.5,7.9,-3.2,8.7,31.0,28.0,25.0,0.0,0.0,0.0,6.0,6.0,4.0,0.0,12.0,13.0,13.0,88.0,56.0,53.0,7.0,7.0,300.0,0.0,0.0,0.0,0.0,0.0,0.0,0.0,0.0,0.0
8.95,88.99,0.39,0.3,0.29,3.56,8.2,5.16,8.95,-14.0,0.02,0.0,173.0,5.3,141.0,1.0,3.0,210.0,691.0,248.0,0.0,270.0,8.96,387.4,249.0,31.6,33.0,0.6,2.8,2067.6,0.0,16.83,-9.8,5.5,5.7,4.9,6.1,5.3,3.9,6.0,6.7,31.5,31.1,6.7,7.9,-3.2,8.7,32.0,29.0,25.0,0.1,0.0,0.0,6.0,6.0,4.0,0.0,12.0,13.0,13.0,88.0,53.0,53.0,7.0,7.0,300.0,0.0,0.0,0.0,0.0,0.0,0.0,0.0,0.0,0.0
8.13,68.0,0.39,0.31,0.3,1.92,7.7,4.8,8.05,-12.7,0.03,0.0,173.2,4.8,139.0,1.0,3.0,155.0,690.0,191.0,0.0,204.0,8.12,319.6,205.0,31.2,32.6,0.6,2.8,1981.8,0.0,16.7,-9.9,5.5,5.7,4.8,6.1,5.3,3.9,6.0,6.7,31.6,31.2,6.5,7.9,-3.2,8.6,30.0,28.0,25.0,0.0,0.0,0.0,6.0,6.0,4.0,0.0,12.0,13.0,13.0,88.0,58.0,52.0,7.0,7.0,300.0,0.0,0.0,0.0,0.0,0.0,0.0,0.0,0.0,0.0
8.18,148.0,0.4,0.31,0.32,4.68,7.08,3.78,8.29,-11.8,-0.03,0.0,173.3,4.6,139.0,1.0,3.0,159.0,690.0,194.0,0.0,210.0,8.18,322.6,207.0,31.2,32.6,0.6,2.8,2054.2,0.0,16.81,-9.9,5.5,5.7,5.1,6.1,5.2,3.8,5.9,6.7,31.6,31.2,6.5,7.9,-3.2,8.7,31.0,28.0,25.0,0.1,-0.2,0.0,6.0,6.0,4.0,0.0,12.0,13.0,13.0,88.0,57.0,52.0,7.0,7.0,300.0,0.0,0.0,0.0,0.0,0.0,0.0,0.0,0.0,0.0
7.56,169.99,0.41,0.31,0.32,3.86,6.58,3.58,7.68,-2.8,0.0,0.04,173.4,4.1,134.0,1.0,3.0,130.0,689.0,161.0,2.0,168.0,7.58,277.0,178.0,30.3,31.8,0.6,2.8,2067.6,0.0,16.83,-10.1,5.5,5.7,5.2,6.2,5.3,3.9,6.0,6.7,31.7,31.2,6.9,7.9,-3.1,8.7,30.0,27.0,25.0,0.1,0.0,0.0,6.0,6.0,4.0,0.0,12.0,13.0,13.0,88.0,59.0,53.0,7.0,7.0,300.0,0.0,0.0,0.0,0.0,0.0,0.0,0.0,0.0,0.0
8.79,177.01,0.36,0.3,0.27,4.9,7.74,1.6,8.81,-9.5,0.02,0.01,173.0,5.0,141.0,1.0,3.0,198.0,692.0,242.0,0.0,262.0,8.8,378.8,241.0,31.7,33.2,0.6,2.8,2067.6,0.0,16.83,-9.8,5.5,5.7,5.2,6.1,5.3,3.9,6.0,6.7,31.5,31.1,6.6,7.9,-3.2,8.7,31.0,29.0,25.0,0.0,0.0,0.8,6.0,6.0,4.0,0.0,12.0,13.0,13.0,88.0,54.0,53.0,7.0,7.0,300.0,0.0,0.0,0.0,0.0,0.0,0.0,0.0,0.0,0.0
8.43,231.98,0.28,0.25,0.26,5.22,7.16,5.32,8.67,-16.8,-0.01,-0.01,173.2,4.9,142.0,1.0,3.0,182.0,690.0,209.0,0.0,231.0,8.46,346.5,222.0,30.8,32.6,0.6,2.8,2067.6,0.0,16.83,-9.8,5.5,5.7,4.9,6.1,5.3,3.9,6.0,6.7,31.6,31.1,6.5,7.9,-3.2,8.6,30.0,28.0,25.0,0.0,0.0,0.0,6.0,6.0,4.0,0.0,12.0,13.0,13.0,88.0,56.0,52.0,7.0,7.0,300.0,0.0,0.0,0.0,0.0,0.0,0.0,0.0,0.0,0.0
7.55,270.0,0.35,0.26,0.26,2.88,6.04,4.94,7.51,-1.5,-0.02,-0.03,173.4,3.9,136.0,1.0,3.0,129.0,689.0,147.0,0.0,163.0,7.52,280.0,175.0,30.4,32.0,0.6,2.8,1946.7,0.0,16.65,-10.0,5.5,5.7,5.0,6.1,5.3,3.9,6.0,6.7,31.8,31.2,7.0,8.1,-3.1,8.7,29.0,27.0,25.0,0.0,-0.1,0.0,6.0,6.0,4.0,0.0,12.0,13.0,13.0,88.0,60.0,52.0,8.0,8.0,300.0,0.0,0.0,0.0,0.0,0.0,0.0,0.0,0.0,0.0
8.88,65.02,0.4,0.3,0.32,3.46,8.02,3.98,8.94,-14.4,-0.01,0.0,173.0,4.9,141.0,1.0,3.0,204.0,691.0,246.0,0.0,273.0,8.88,385.5,245.0,31.5,32.9,0.6,2.8,2067.6,0.0,16.83,-9.8,5.5,5.7,4.9,6.1,5.3,3.9,6.0,6.7,31.5,31.1,6.7,7.8,-3.2,8.7,31.0,29.0,25.0,0.0,0.0,0.0,6.0,6.0,4.0,0.0,12.0,13.0,13.0,88.0,53.0,53.0,7.0,7.0,300.0,0.0,0.0,0.0,0.0,0.0,0.0,0.0,0.0,0.0
7.51,248.0,0.38,0.31,0.28,3.04,5.76,4.26,7.69,2.4,-0.02,0.05,173.5,3.7,132.0,1.0,3.0,129.0,689.0,152.0,0.0,162.0,7.52,272.8,175.0,30.4,31.8,0.6,2.8,2067.6,0.0,16.83,-10.1,5.5,5.7,4.9,6.2,5.3,3.9,6.0,6.7,31.7,31.2,6.8,7.9,-3.1,8.9,29.0,27.0,25.0,0.1,0.0,0.1,6.0,6.0,4.0,0.0,12.0,13.0,13.0,88.0,59.0,54.0,7.0,7.0,300.0,0.0,0.0,0.0,0.0,0.0,0.0,0.0,0.0,0.0
8.63,74.02,0.31,0.25,0.26,3.62,8.54,5.3,8.5,-11.2,0.03,0.0,173.2,5.2,141.0,1.0,3.0,188.0,691.0,227.0,2.0,243.0,8.64,363.2,232.0,31.6,32.8,0.6,2.8,2067.6,0.0,16.83,-9.8,5.5,5.7,4.8,6.1,5.3,3.9,6.0,6.7,31.6,31.1,6.5,7.9,-3.2,8.7,31.0,28.0,25.0,0.1,0.0,0.0,6.0,6.0,4.0,0.0,12.0,13.0,13.0,88.0,56.0,53.0,7.0,7.0,300.0,0.0,0.0,0.0,0.0,0.0,0.0,0.0,0.0,0.0
7.55,272.02,0.36,0.26,0.26,3.24,6.12,4.94,7.59,-10.2,-0.03,0.0,173.4,4.2,137.0,1.0,3.0,126.0,689.0,158.0,0.0,165.0,7.54,279.8,176.0,31.1,32.5,0.6,2.8,1946.7,0.0,16.65,-10.0,5.5,5.7,4.8,6.1,5.3,3.9,6.0,6.7,31.7,31.1,6.9,8.0,-3.1,8.7,29.0,27.0,25.0,0.0,-0.1,0.0,6.0,6.0,4.0,0.0,12.0,13.0,13.0,88.0,60.0,52.0,8.0,8.0,300.0,0.0,0.0,0.0,0.0,0.0,0.0,0.0,0.0,0.0
7.56,2.99,0.36,0.26,0.26,2.38,7.76,4.82,7.61,-11.3,-0.03,0.01,173.4,4.2,138.0,1.0,3.0,130.0,689.0,158.0,0.0,166.0,7.56,274.9,177.0,31.1,32.3,0.6,2.8,1946.7,0.0,16.65,-10.0,5.5,5.7,5.0,6.1,5.3,3.9,5.9,6.7,31.8,31.1,6.9,8.1,-3.1,8.7,29.0,27.0,25.0,0.0,0.2,0.0,6.0,6.0,4.0,0.0,12.0,13.0,13.0,88.0,60.0,52.0,8.0,8.0,300.0,0.0,0.0,0.0,0.0,0.0,0.0,0.0,0.0,0.0
9.02,114.01,0.41,0.34,0.32,4.46,8.0,5.82,9.35,-10.9,-0.03,0.02,173.0,5.2,141.0,1.0,3.0,211.0,691.0,260.0,0.0,279.0,9.02,399.9,253.0,31.8,33.0,0.6,2.8,2067.6,0.0,16.83,-9.8,5.5,5.7,5.0,6.1,5.3,3.9,6.0,6.7,31.5,31.1,6.7,7.9,-3.2,8.7,32.0,29.0,25.0,0.2,0.0,0.0,6.0,6.0,4.0,0.0,12.0,13.0,13.0,88.0,53.0,53.0,7.0,7.0,300.0,0.0,0.0,0.0,0.0,0.0,0.0,0.0,0.0,0.0
8.82,335.99,0.37,0.3,0.29,4.02,7.06,4.02,8.8,-4.6,-0.02,0.0,173.1,4.8,140.0,1.0,3.0,201.0,691.0,231.0,-1.0,261.0,8.8,381.5,240.0,31.5,32.9,0.6,2.8,2067.6,0.0,16.83,-9.8,5.5,5.7,4.9,6.1,5.3,3.9,6.0,6.7,31.5,31.1,6.7,7.9,-3.2,8.7,31.0,29.0,25.0,0.1,0.0,0.0,6.0,6.0,4.0,0.0,12.0,13.0,13.0,88.0,54.0,53.0,7.0,7.0,300.0,0.0,0.0,0.0,0.0,0.0,0.0,0.0,0.0,0.0
8.06,317.99,0.37,0.28,0.3,3.52,6.58,4.96,7.95,-10.7,0.02,-0.02,173.3,4.9,138.0,1.0,3.0,147.0,690.0,185.0,0.0,194.0,8.02,308.4,199.0,31.2,32.8,0.6,2.8,1969.4,0.0,16.68,-9.9,5.5,5.7,5.0,6.1,5.3,3.9,5.9,6.7,31.7,31.2,6.5,7.9,-3.1,8.7,30.0,28.0,25.0,0.0,0.0,0.0,6.0,6.0,4.0,0.0,12.0,13.0,13.0,88.0,58.0,52.0,7.0,7.0,300.0,0.0,0.0,0.0,0.0,0.0,0.0,0.0,0.0,0.0
8.25,337.0,0.41,0.31,0.32,3.02,6.88,5.42,8.46,-10.0,-0.02,-0.01,173.3,4.6,139.0,1.0,3.0,167.0,690.0,195.0,0.0,217.0,8.26,330.3,211.0,31.1,32.5,0.6,2.8,2054.2,0.0,16.81,-9.9,5.5,5.7,4.8,6.1,5.3,3.9,5.9,6.7,31.6,31.2,6.6,7.9,-3.2,8.7,30.0,28.0,25.0,0.0,0.2,0.0,6.0,6.0,4.0,0.0,12.0,13.0,13.0,88.0,57.0,52.0,7.0,7.0,300.0,0.0,0.0,0.0,0.0,0.0,0.0,0.0,0.0,0.0
8.93,127.01,0.39,0.3,0.29,4.84,7.96,4.94,9.11,-11.7,-0.02,0.0,173.1,5.0,140.0,1.0,3.0,205.0,691.0,252.0,0.0,267.0,8.92,387.9,247.0,31.4,32.6,0.6,2.8,2067.6,0.0,16.83,-9.8,5.5,5.7,5.1,6.1,5.3,3.9,6.0,6.7,31.5,31.1,6.7,7.9,-3.2,8.7,31.0,29.0,25.0,0.2,0.0,0.0,6.0,6.0,4.0,0.0,12.0,13.0,13.0,88.0,53.0,53.0,7.0,7.0,300.0,0.0,0.0,0.0,0.0,0.0,0.0,0.0,0.0,0.0
7.53,312.01,0.34,0.26,0.26,2.52,5.86,4.86,7.51,-8.0,0.02,0.02,173.4,4.2,136.0,1.0,3.0,127.0,690.0,149.0,0.0,163.0,7.52,275.2,175.0,30.9,32.3,0.6,2.8,2001.5,0.0,16.73,-10.0,5.5,5.7,5.2,6.1,5.2,3.8,6.0,6.7,31.7,31.2,6.9,8.0,-3.1,8.7,29.0,27.0,25.0,0.0,0.0,0.0,6.0,6.0,4.0,0.0,12.0,13.0,13.0,88.0,60.0,52.0,8.0,8.0,300.0,0.0,0.0,0.0,0.0,0.0,0.0,0.0,0.0,0.0
7.51,177.01,0.34,0.26,0.26,4.3,6.38,3.56,7.65,-8.3,0.01,0.01,173.5,4.1,136.0,1.0,3.0,130.0,690.0,149.0,0.0,161.0,7.5,275.7,175.0,30.9,32.0,0.6,2.8,2001.5,0.0,16.73,-10.0,5.5,5.7,4.9,6.1,5.3,3.9,5.9,6.7,31.8,31.2,6.9,8.0,-3.1,8.7,29.0,27.0,25.0,0.0,0.0,0.0,6.0,6.0,4.0,0.0,12.0,13.0,13.0,88.0,59.0,52.0,8.0,8.0,300.0,0.0,0.0,0.0,0.0,0.0,0.0,0.0,0.0,0.0
7.61,11.02,0.37,0.3,0.31,1.26,6.88,4.6,7.66,-12.8,-0.03,0.0,173.4,4.5,139.0,1.0,3.0,127.0,689.0,158.0,0.0,170.0,7.6,280.3,179.0,30.8,32.0,0.6,2.8,2025.2,0.0,16.77,-10.0,5.5,5.7,5.2,6.1,5.3,3.8,6.0,6.7,31.8,31.1,6.9,8.0,-3.1,8.7,29.0,27.0,25.0,0.0,0.2,-0.1,6.0,6.0,4.0,0.0,12.0,13.0,13.0,88.0,60.0,52.0,8.0,8.0,300.0,0.0,0.0,0.0,0.0,0.0,0.0,0.0,0.0,0.0
7.5,83.02,0.32,0.26,0.26,2.98,7.92,3.86,7.51,-5.2,0.01,0.06,173.5,4.1,136.0,1.0,3.0,127.0,689.0,150.0,0.0,160.0,7.5,273.5,174.0,30.5,31.9,0.6,2.7,1955.0,0.0,16.66,-10.1,5.5,5.7,5.1,6.1,5.2,3.8,5.9,6.7,31.7,31.1,6.9,8.1,-3.1,8.7,29.0,27.0,25.0,0.1,0.0,0.0,6.0,6.0,4.0,0.0,12.0,13.0,13.0,88.0,59.0,52.0,8.0,8.0,300.0,0.0,0.0,0.0,0.0,0.0,0.0,0.0,0.0,0.0
7.5,37.01,0.32,0.26,0.26,1.3,7.8,3.94,7.57,-9.4,-0.02,-0.04,173.4,4.4,136.0,1.0,3.0,122.0,689.0,144.0,0.0,154.0,7.48,263.8,167.0,30.5,31.9,0.6,2.8,1955.0,0.0,16.66,-10.1,5.5,5.7,5.2,6.1,5.3,3.9,5.9,6.7,31.7,31.1,6.9,8.0,-3.1,8.7,29.0,27.0,25.0,0.0,0.0,-0.1,6.0,6.0,4.0,0.0,12.0,13.0,13.0,88.0,59.0,52.0,8.0,8.0,300.0,0.0,0.0,0.0,0.0,0.0,0.0,0.0,0.0,0.0
7.92,151.99,0.33,0.25,0.25,4.88,6.88,3.7,7.91,-5.9,-0.02,-0.01,173.3,4.2,139.0,1.0,3.0,148.0,690.0,173.0,0.0,192.0,7.92,307.6,195.0,31.1,32.4,0.6,2.7,2067.6,0.0,16.83,-9.9,5.4,5.7,4.9,6.1,5.3,3.9,6.0,6.7,31.7,31.2,6.6,7.9,-3.1,8.6,30.0,28.0,25.0,0.2,-0.2,0.0,6.0,6.0,4.0,0.0,12.0,13.0,13.0,88.0,59.0,52.0,7.0,7.0,300.0,0.0,0.0,0.0,0.0,0.0,0.0,0.0,0.0,0.0
7.61,211.0,0.41,0.31,0.32,3.26,6.28,4.22,7.64,-8.1,-0.05,-0.04,173.5,4.3,134.0,1.0,3.0,134.0,690.0,153.0,0.0,170.0,7.6,282.6,179.0,30.4,31.9,0.6,2.8,2067.6,0.0,16.83,-10.1,5.5,5.7,5.2,6.2,5.3,3.9,6.0,6.7,31.7,31.2,6.8,7.9,-3.1,8.7,29.0,27.0,25.0,0.0,0.0,0.1,6.0,6.0,4.0,0.0,12.0,13.0,13.0,88.0,59.0,53.0,7.0,7.0,300.0,0.0,0.0,0.0,0.0,0.0,0.0,0.0,0.0,0.0
8.82,43.99,0.34,0.25,0.26,3.7,8.66,5.46,8.93,-14.4,-0.02,-0.02,173.1,4.9,142.0,1.0,3.0,202.0,692.0,233.0,-1.0,261.0,8.8,371.0,240.0,31.2,32.5,0.6,2.8,2067.6,0.0,16.83,-9.8,5.5,5.7,4.8,6.1,5.3,3.9,6.0,6.7,31.5,31.1,6.5,7.9,-3.2,8.7,31.0,28.0,25.0,0.0,0.0,0.0,6.0,6.0,4.0,0.0,12.0,13.0,13.0,88.0,54.0,53.0,7.0,7.0,300.0,0.0,0.0,0.0,0.0,0.0,0.0,0.0,0.0,0.0
7.88,166.0,0.32,0.25,0.25,4.7,6.5,3.94,7.83,-11.3,-0.02,-0.01,173.3,4.1,141.0,1.0,3.0,148.0,690.0,171.0,0.0,188.0,7.86,299.7,192.0,31.4,32.6,0.6,2.8,1999.4,0.0,16.73,-9.9,5.5,5.7,4.9,6.1,5.3,3.9,6.0,6.7,31.7,31.1,6.6,7.9,-3.1,8.6,30.0,28.0,25.0,0.1,-0.1,0.0,6.0,6.0,4.0,0.0,12.0,13.0,13.0,88.0,59.0,52.0,7.0,7.0,300.0,0.0,0.0,0.0,0.0,0.0,0.0,0.0,0.0,0.0
7.55,338.0,0.38,0.31,0.28,1.34,6.22,4.42,7.58,-2.5,-0.01,-0.05,173.5,4.0,133.0,1.0,3.0,125.0,689.0,149.0,0.0,162.0,7.52,274.0,175.0,30.5,31.7,0.6,2.7,2067.6,0.0,16.83,-10.1,5.5,5.7,5.2,6.2,5.3,3.9,6.0,6.7,31.7,31.2,6.8,7.9,-3.1,8.8,29.0,27.0,25.0,0.0,0.1,0.0,6.0,6.0,4.0,0.0,12.0,13.0,13.0,88.0,59.0,54.0,7.0,7.0,300.0,0.0,0.0,0.0,0.0,0.0,0.0,0.0,0.0,0.0
8.94,234.0,0.39,0.3,0.29,4.72,7.8,5.24,8.97,-13.1,-0.02,0.01,173.0,5.3,140.0,1.0,3.0,210.0,692.0,242.0,-1.0,268.0,8.94,394.0,248.0,31.6,33.0,0.6,2.8,2067.6,0.0,16.83,-9.8,5.5,5.7,5.1,6.1,5.3,3.9,6.0,6.7,31.5,31.1,6.7,7.9,-3.2,8.7,32.0,29.0,25.0,0.1,0.0,0.0,6.0,6.0,4.0,0.0,12.0,13.0,13.0,88.0,53.0,53.0,7.0,7.0,300.0,0.0,0.0,0.0,0.0,0.0,0.0,0.0,0.0,0.0
8.82,220.0,0.36,0.3,0.26,4.48,7.18,5.12,8.81,-6.5,-0.03,0.0,173.1,4.7,141.0,1.0,3.0,200.0,691.0,243.0,0.0,265.0,8.82,381.0,242.0,31.8,33.2,0.6,2.8,2067.6,0.0,16.83,-9.8,5.5,5.7,5.1,6.1,5.3,3.9,6.0,6.7,31.6,31.1,6.5,7.9,-3.2,8.7,31.0,29.0,25.0,0.0,0.0,0.0,6.0,6.0,4.0,0.0,12.0,13.0,13.0,88.0,54.0,53.0,7.0,7.0,300.0,0.0,0.0,0.0,0.0,0.0,0.0,0.0,0.0,0.0
8.52,177.98,0.3,0.25,0.26,5.64,7.6,4.72,8.61,-13.9,0.02,0.01,173.2,4.7,141.0,1.0,3.0,182.0,691.0,219.0,0.0,244.0,8.58,358.3,228.0,31.0,32.4,0.6,2.8,2067.6,0.0,16.83,-9.8,5.5,5.7,4.8,6.1,5.2,3.9,5.9,6.7,31.6,31.1,6.5,7.9,-3.2,8.7,31.0,28.0,25.0,0.0,-0.2,0.0,6.0,6.0,4.0,0.0,12.0,13.0,13.0,88.0,56.0,53.0,7.0,7.0,300.0,0.0,0.0,0.0,0.0,0.0,0.0,0.0,0.0,0.0
