轮毂转速,轮毂角度,叶片1角度,叶片2角度,叶片3角度,变桨电机1电流,变桨电机2电流,变桨电机3电流,超速传感器转速检测值,5秒偏航对风平均值,x方向振动值,y方向振动值,液压制动压力,机舱气象站风速,风向绝对值,大气压力,无功功率控制状态,变频器电网侧电流,变频器电网侧电压,变频器电网侧有功功率,变频器电网侧无功功率,变频器发电机侧功率,发电机运行频率,发电机电流,发电机转矩,变频器入口温度,变频器出口温度,变频器入口压力,变频器出口压力,发电机功率限幅值,无功功率设定值,额定的轮毂转速,测风塔环境温度,发电机定子温度1,发电机定子温度2,发电机定子温度3,发电机定子温度4,发电机定子温度5,发电机定子温度6,发电机空气温度1,发电机空气温度2,主轴承温度1,主轴承温度2,轮毂温度,轮毂控制柜温度,机舱温度,机舱控制柜温度,变频器INU温度,变频器ISU温度,变频器INU RMIO温度,变桨电机1功率估算,变桨电机2功率估算,变桨电机3功率估算,风机当前状态值,轮毂当前状态值,偏航状态值,偏航要求值,叶片1电池箱温度,叶片2电池箱温度,叶片3电池箱温度,叶片1变桨电机温度,叶片2变桨电机温度,叶片3变桨电机温度,叶片1变频器箱温度,叶片2变频器箱温度,叶片3变频器箱温度,叶片1超级电容电压,叶片2超级电容电压,叶片3超级电容电压,驱动1晶闸管温度,驱动2晶闸管温度,驱动3晶闸管温度,驱动1输出扭矩,驱动2输出扭矩,驱动3输出扭矩
10.25,328,0.24,0.24,0.24,11,11,11,10.69,-12.4,0.19,0.07,210.1,8.0,152,1,3,274,697,332,2,342,10.32,438.9,320,31.0,30.7,1.4,2.7,1056.7,0,14.82,0.3,9.7,11.0,9.7,10.3,10.9,9.2,11.0,10.7,41.8,41.2,12,19,8.0,9.8,33,34,34,0,0,0,6,6,4,0,6,10,6,26,34,29,19,19,19,44.94,44.69,45.24,32,310,3.2,0,0,0
11.08,112,0.24,0.24,0.24,11,11,11,11.65,-10.8,0.12,-0.01,210.0,7.0,153,1,3,343,698,416,4,427,11.17,508.6,371,31.5,31.3,1.4,2.7,1056.7,0,14.82,0.3,9.8,10.9,9.7,10.5,10.9,9.2,10.7,10.7,41.8,41.2,13,19,8.0,9.8,33,34,34,0,0,0,6,6,4,0,6,10,6,26,34,28,19,19,19,44.94,44.69,45.24,32,310,3.2,0,0,0
9.46,56,0.24,0.24,0.24,11,11,11,9.98,11.7,0.09,0.03,209.8,5.1,147,1,3,225,697,273,-2,284,9.6,391.3,280,30.2,30.1,1.4,2.7,1496.8,0,15.97,0.3,9.9,11.0,9.9,10.6,11.0,9.3,10.7,10.6,41.7,41.0,13,19,8.0,9.7,32,33,34,0,0,0,6,6,4,0,6,10,6,26,34,29,19,19,19,44.94,44.69,45.24,32,310,3.2,0,0,0
9.96,128,0.24,0.24,0.24,11,11,11,10.53,8.0,0.1,0.0,210.1,5.9,143,1,3,261,697,316,-2,325,10.04,428.4,308,30.6,30.3,1.5,2.7,925.8,0,14.18,0.3,9.8,11.0,9.8,10.6,10.9,9.2,10.8,10.7,41.7,41.1,13,19,8.0,9.7,32,33,34,0,0,0,6,6,4,0,6,10,6,26,34,28,19,19,19,44.94,44.69,45.24,31,310,3.2,0,0,0
11.77,256,0.24,0.24,0.24,11,12,11,12.34,-11.3,0.12,-0.03,209.9,6.1,155,1,3,418,698,507,-1,519,11.87,581.7,423,31.6,31.2,1.4,2.7,1056.7,0,14.82,0.3,9.7,11.0,9.8,10.4,10.9,9.2,10.9,10.7,41.8,41.2,12,19,8.0,9.8,33,34,34,0,0,0,6,6,4,0,6,10,6,26,34,29,19,19,19,44.95,44.69,45.23,31,320,3.2,0,0,0
9.9,120,0.24,0.24,0.24,11,11,11,10.34,12.2,0.11,0.01,209.8,6.0,142,1,3,250,697,303,0,314,9.98,421.8,303,30.5,30.3,1.4,2.7,925.8,0,14.18,0.3,9.8,11.0,9.8,10.6,10.9,9.2,10.7,10.7,41.7,41.1,13,19,8.0,9.7,33,33,34,0,0,0,6,6,4,0,6,10,6,26,34,28,19,19,19,44.95,44.69,45.23,32,310,3.1,0,0,0
12.05,104,0.24,0.24,0.24,11,12,11,12.57,-13.8,0.17,0.03,210.2,6.3,160,1,3,456,699,553,4,575,12.16,632.1,453,31.7,31.7,1.4,2.7,2180.0,0,17.0,0.4,9.8,11.0,9.8,10.8,10.9,9.2,10.8,10.6,41.8,41.4,12,19,8.0,9.8,35,36,34,0,0,0,6,6,4,0,6,10,6,26,34,29,19,19,19,44.94,44.69,45.23,32,310,3.3,0,0,0
10.92,168,0.24,0.24,0.24,11,11,11,11.47,-8.9,0.09,-0.02,209.8,5.2,162,1,3,340,698,412,4,428,11.01,515.3,369,32.4,32.2,1.4,2.7,1867.1,0,16.53,0.3,10.0,11.1,10.0,10.8,11.1,9.3,10.7,10.6,41.8,41.3,13,19,8.0,9.8,35,36,34,0,0,0,6,6,4,0,6,10,6,26,34,29,19,19,19,44.94,44.69,45.23,32,310,3.3,0,0,0
9.63,136,0.24,0.24,0.24,11,11,11,10.07,6.6,0.05,0.02,209.7,4.2,148,1,3,229,697,278,4,289,9.71,398.8,283,29.8,29.7,1.4,2.7,1496.8,0,15.97,0.3,9.9,11.0,9.9,10.6,11.0,9.3,10.9,10.6,41.7,41.0,13,19,8.0,9.7,32,33,34,0,0,0,6,6,4,0,6,10,6,26,34,29,19,19,19,44.95,44.69,45.24,32,310,3.2,0,0,0
11.65,16,0.24,0.24,0.24,11,11,12,12.2,-0.9,-0.02,0.02,209.7,6.4,153,1,3,413,698,501,0,517,11.81,590.8,421,32.9,32.7,1.4,2.7,1450.4,0,15.9,0.4,9.9,11.2,10.0,10.5,11.1,9.3,11.1,10.7,41.9,41.4,12,19,8.1,9.8,36,36,35,0,0,0,6,6,4,0,6,10,6,26,34,29,19,19,19,44.94,44.69,45.24,32,320,3.3,0,0,0
11.62,16,0.24,0.24,0.24,12,11,11,12.11,0.8,0.13,0.07,209.6,6.1,155,1,3,411,697,497,1,516,11.74,587.4,421,29.4,30.6,1.4,2.7,1760.6,0,16.37,0.2,9.8,11.0,9.8,10.6,10.9,9.3,10.6,10.5,41.6,41.1,12,19,7.8,9.7,32,33,34,0,0,0,6,6,4,0,6,10,6,26,34,29,19,19,19,44.94,44.69,45.24,32,320,3.2,0,0,0
11.27,144,0.24,0.24,0.24,11,11,11,11.73,6.8,0.13,0.03,209.6,5.7,149,1,3,370,698,448,3,464,11.34,542.3,391,29.3,29.4,1.4,2.7,1375.2,0,15.77,0.3,9.8,11.0,9.8,10.4,10.9,9.3,10.9,10.6,41.6,41.1,13,19,8.0,9.7,32,32,34,0,0,0,6,6,4,0,6,10,6,26,34,29,19,19,19,44.95,44.69,45.24,32,320,3.3,0,0,0
9.37,128,0.24,0.24,0.24,11,11,11,9.79,11.6,0.11,0.01,209.8,5.2,146,1,3,213,697,258,-2,269,9.43,380.4,273,30.3,30.2,1.4,2.7,1106.8,0,14.74,0.3,9.8,11.1,9.9,10.4,11.0,9.3,10.8,10.6,41.7,41.1,12,19,8.0,9.7,32,33,34,0,0,0,6,6,4,0,6,10,6,26,34,28,19,19,19,44.95,44.69,45.24,32,310,3.2,0,0,0
13.24,184,0.24,0.24,0.24,12,12,12,13.71,-5.0,0.11,-0.02,209.7,7.4,156,1,3,591,699,717,4,751,13.31,749.9,540,31.7,31.4,1.4,2.7,1756.7,0,17.0,0.4,9.7,10.9,9.7,10.2,10.8,9.2,10.9,10.7,41.8,41.4,12,19,8.0,9.8,35,35,34,0,0,0,6,6,4,0,6,10,6,26,34,29,19,19,19,44.95,44.7,45.23,32,310,3.3,0,0,0
12.66,248,0.24,0.24,0.24,11,12,12,13.32,-10.5,0.16,0.03,209.7,6.8,157,1,3,511,699,620,5,645,12.72,669.2,486,31.6,31.6,1.4,2.7,1056.7,0,14.82,0.4,9.7,10.9,9.8,10.3,10.8,9.2,10.9,10.7,41.8,41.3,13,19,8.0,9.8,34,35,34,0,0,0,6,6,4,0,6,10,6,26,34,29,19,19,19,44.94,44.69,45.24,32,310,3.3,0,0,0
11.66,160,0.24,0.24,0.24,11,12,11,12.2,-2.0,0.15,0.02,209.7,5.2,156,1,3,412,697,499,2,523,11.81,594.6,423,29.8,30.9,1.4,2.7,1724.5,0,16.32,0.2,9.8,11.0,9.8,10.6,10.9,9.2,10.7,10.5,41.6,41.1,12,19,7.8,9.7,33,33,34,0,0,0,6,6,4,0,6,10,6,26,34,29,19,19,19,44.94,44.69,45.24,32,310,3.3,0,0,0
9.51,200,0.24,0.24,0.24,11,11,11,9.89,14.9,0.17,0.03,209.8,5.5,143,1,3,215,697,261,0,273,9.55,379.3,276,30.4,30.0,1.4,2.7,1039.3,0,14.74,0.2,9.8,11.0,9.8,10.5,10.9,9.2,10.9,10.7,41.7,41.1,13,19,8.0,9.7,32,33,34,0,0,0,6,6,4,0,6,10,6,26,34,28,19,19,19,44.95,44.69,45.24,32,320,3.2,0,0,0
13.23,256,0.24,0.24,0.24,12,12,11,13.7,-4.4,0.04,0.0,210.0,6.2,156,1,3,607,699,737,0,758,13.31,756.1,543,31.7,31.3,1.4,2.7,1856.7,0,17.0,0.4,9.7,10.9,9.7,10.2,10.8,9.2,10.9,10.7,41.8,41.4,13,19,8.0,9.8,35,35,34,0,0,0,6,6,4,0,6,10,6,26,34,28,19,19,19,44.95,44.69,45.23,32,320,3.3,0,0,0
12.5,32,0.24,0.24,0.24,11,12,12,12.96,-0.2,0.12,-0.02,209.9,6.8,152,1,3,505,699,613,4,637,12.6,678.8,482,31.6,31.4,1.4,2.7,2180.0,0,17.0,0.3,9.8,11.0,9.8,10.6,10.9,9.2,10.8,10.6,41.8,41.4,13,19,8.0,9.8,35,36,34,0,0,0,6,6,4,0,6,10,6,26,34,29,19,19,19,44.94,44.69,45.24,33,310,3.2,0,0,0
9.97,120,0.24,0.24,0.24,11,11,11,10.5,3.8,0.11,0.08,210.0,5.5,143,1,3,255,698,309,0,325,10.06,433.1,310,30.9,30.7,1.4,2.7,1211.4,0,15.51,0.2,9.8,11.0,9.7,10.6,10.8,9.2,10.8,10.7,41.7,41.1,13,19,8.0,9.7,33,34,34,0,0,0,6,6,4,0,6,10,6,26,34,28,19,19,19,44.94,44.69,45.23,31,310,3.2,0,0,0
11.86,296,0.24,0.24,0.24,12,12,11,12.39,3.2,0.1,-0.03,210.3,6.0,151,1,3,434,698,526,4,542,11.98,604.9,435,31.6,32.4,1.4,2.7,1856.8,0,16.51,0.4,10.0,11.3,10.0,10.7,11.2,9.5,11.0,10.7,41.9,41.4,13,19,8.1,9.8,35,35,35,0,0,0,6,6,4,0,6,10,6,26,34,29,19,19,19,44.95,44.69,45.23,32,310,3.3,0,0,0
10.51,160,0.24,0.24,0.24,11,11,11,11.05,-10.3,0.14,0.03,209.9,4.2,161,1,3,301,697,365,-2,381,10.65,482.1,343,33.0,32.4,1.4,2.7,1504.0,0,15.98,0.4,9.9,11.1,10.0,10.6,11.1,9.3,10.9,10.6,41.8,41.3,13,19,8.0,9.8,35,36,34,0,0,0,6,6,4,0,6,10,6,26,34,28,19,19,19,44.94,44.69,45.24,32,320,3.2,0,0,0
11.72,88,0.24,0.24,0.24,11,12,11,12.22,-2.2,0.06,0.02,209.9,7.0,156,1,3,419,697,508,0,532,11.84,601.1,427,29.9,31.1,1.4,2.7,1724.5,0,16.32,0.2,9.8,11.0,9.8,10.5,10.9,9.2,10.7,10.5,41.6,41.1,13,19,7.8,9.7,33,33,34,0,0,0,6,6,4,0,6,10,6,26,34,29,19,19,19,44.94,44.69,45.24,32,310,3.3,0,0,0
10.08,56,0.24,0.24,0.24,11,11,11,10.55,16.9,0.15,0.0,209.7,5.3,139,1,3,268,697,325,0,334,10.18,436.6,315,30.7,30.6,1.4,2.7,925.8,0,14.18,0.3,9.7,11.0,9.8,10.3,10.9,9.2,11.1,10.7,41.7,41.1,13,19,8.0,9.7,33,34,34,0,0,0,6,6,4,0,6,10,6,26,34,28,19,19,19,44.94,44.69,45.24,32,310,3.2,0,0,0
10.65,208,0.24,0.24,0.24,11,11,11,11.14,10.3,0.12,0.01,210.0,4.5,146,1,3,315,696,381,0,403,10.79,499.3,354,29.8,29.7,1.4,2.7,1375.2,0,15.77,0.3,9.9,11.0,9.8,10.6,11.0,9.3,10.6,10.6,41.7,41.1,12,19,8.0,9.7,32,33,34,0,0,0,6,6,4,0,6,10,6,26,34,29,19,19,19,44.94,44.69,45.24,32,310,3.2,0,0,0
9.94,80,0.24,0.24,0.24,11,11,11,10.43,3.8,0.12,0.0,209.3,4.3,151,1,3,254,697,308,4,318,10.02,423.2,304,28.3,29.4,1.4,2.7,1416.4,0,15.84,0.3,9.8,11.0,9.9,10.6,11.0,9.3,10.9,10.5,41.6,41.0,13,19,7.8,9.7,31,31,34,0,0,0,6,6,4,0,6,10,6,26,34,28,19,19,19,44.95,44.69,45.24,32,310,3.2,0,0,0
11.71,304,0.24,0.24,0.24,11,12,11,12.2,16.2,0.25,0.08,210.2,6.1,147,1,3,413,697,500,1,518,11.8,587.0,421,33.0,33.2,1.4,2.7,1450.4,0,15.9,0.4,10.0,11.1,10.0,10.7,11.1,9.4,10.9,10.7,41.9,41.4,13,19,8.1,9.8,36,37,35,0,0,0,6,6,4,0,6,10,6,26,34,28,19,19,19,44.94,44.69,45.24,32,320,3.2,0,0,0
11.69,160,0.24,0.24,0.24,11,12,11,12.34,-5.5,0.14,0.02,209.6,6.2,158,1,3,418,697,506,4,521,11.84,586.5,423,30.6,31.4,1.4,2.7,1724.5,0,16.32,0.2,9.8,11.0,9.8,10.6,10.9,9.2,10.6,10.4,41.6,41.1,13,19,7.8,9.7,33,34,35,0,0,0,6,6,4,0,6,10,6,26,34,29,19,19,19,44.94,44.69,45.24,32,310,3.3,0,0,0
10.06,128,0.24,0.24,0.24,11,11,11,10.58,15.5,0.09,0.01,209.7,6.1,140,1,3,270,698,327,-2,335,10.19,438.7,316,30.7,30.4,1.4,2.7,925.8,0,14.18,0.3,9.7,11.0,9.8,10.4,10.9,9.2,11.0,10.7,41.7,41.1,13,19,8.0,9.7,33,34,34,0,0,0,6,6,4,0,6,10,6,26,34,29,19,19,19,44.94,44.69,45.24,32,310,3.2,0,0,0
11.26,16,0.24,0.24,0.24,11,11,11,11.66,6.6,0.06,0.08,210.2,4.7,150,1,3,363,698,440,1,456,11.29,529.9,385,33.1,32.7,1.4,2.7,1504.0,0,15.98,0.4,10.0,11.1,10.0,10.7,11.1,9.3,10.8,10.7,41.9,41.4,13,19,8.1,9.8,35,36,35,0,0,0,6,6,4,0,6,10,6,26,34,29,19,19,19,44.94,44.69,45.23,32,310,3.3,0,0,0
9.89,200,0.24,0.24,0.24,11,11,11,10.31,13.9,0.1,0.01,209.8,5.9,142,1,3,247,697,299,1,316,10.03,416.0,301,30.7,30.3,1.4,2.7,1039.3,0,14.74,0.3,9.8,11.0,9.8,10.6,10.9,9.2,11.1,10.7,41.7,41.1,13,19,8.0,9.7,32,33,34,0,0,0,6,6,4,0,6,10,6,26,34,29,19,19,19,44.94,44.69,45.24,32,310,3.2,0,0,0
12.99,216,0.24,0.24,0.24,11,12,12,13.57,-3.0,0.21,0.03,210.1,7.1,155,1,3,563,699,683,-2,711,13.11,725.3,520,30.0,31.2,1.4,2.7,2180.0,0,17.0,0.4,10.1,11.3,10.1,10.7,11.2,9.5,11.0,10.7,41.9,41.6,13,19,8.1,10.0,33,34,35,0,0,0,6,6,4,0,6,10,6,26,34,29,19,19,19,44.94,44.69,45.24,32,320,3.2,0,0,0
9.55,184,0.24,0.24,0.24,11,11,11,10.06,-0.2,0.15,-0.02,209.8,5.1,145,1,3,230,697,279,-2,293,9.73,401.3,287,31.1,30.7,1.4,2.7,1211.4,0,15.51,0.3,9.7,11.0,9.7,10.4,10.9,9.2,11.0,10.7,41.8,41.2,13,19,8.0,9.7,33,34,34,0,0,0,6,6,4,0,6,10,6,26,34,29,19,19,19,44.94,44.69,45.23,32,310,3.2,0,0,0
10.7,136,0.24,0.24,0.24,11,11,11,11.14,11.3,0.14,-0.01,210.1,5.3,146,1,3,326,696,394,0,410,10.83,506.3,358,29.3,29.4,1.4,2.7,1375.2,0,15.77,0.3,9.9,11.0,9.8,10.6,11.0,9.3,10.6,10.6,41.7,41.1,13,19,8.0,9.7,32,33,34,0,0,0,6,6,4,0,6,10,6,26,34,29,19,19,19,44.94,44.69,45.24,32,320,3.2,0,0,0
11.87,232,0.24,0.24,0.24,11,12,11,12.35,-1.9,0.05,0.03,209.8,6.4,157,1,3,426,697,517,-2,537,11.93,601.4,431,30.4,31.4,1.4,2.7,1724.5,0,16.32,0.2,9.8,11.0,9.8,10.4,11.0,9.2,10.6,10.4,41.6,41.1,12,19,7.8,9.7,33,34,35,0,0,0,6,6,4,0,6,10,6,26,34,29,19,19,19,44.95,44.69,45.24,31,310,3.2,0,0,0
12.66,176,0.24,0.24,0.24,12,12,11,13.14,2.9,0.09,-0.03,210.0,6.1,152,1,3,531,699,644,4,673,12.74,701.5,500,31.8,31.8,1.4,2.7,2180.0,0,17.0,0.4,9.8,11.0,9.8,10.6,10.8,9.2,10.9,10.6,41.8,41.4,13,19,8.0,9.8,35,36,34,0,0,0,6,6,4,0,6,10,6,26,34,29,19,19,19,44.95,44.69,45.24,32,310,3.3,0,0,0
12.03,104,0.24,0.24,0.24,11,11,11,12.53,-11.0,0.12,-0.04,210.1,6.8,157,1,3,448,699,544,2,562,12.09,623.5,447,31.7,31.8,1.4,2.7,2180.0,0,17.0,0.4,9.7,11.0,9.8,10.4,10.9,9.2,11.0,10.6,41.8,41.4,13,19,8.0,9.8,35,36,34,0,0,0,6,6,4,0,6,10,6,26,34,29,19,19,19,44.94,44.69,45.24,32,320,3.3,0,0,0
11.52,320,0.24,0.24,0.24,11,11,11,12.03,-9.5,0.12,0.01,210.1,5.4,161,1,3,395,698,479,2,496,11.65,574.1,408,32.1,32.0,1.4,2.7,1867.1,0,16.53,0.4,9.9,11.1,9.9,10.5,11.1,9.3,10.9,10.6,41.8,41.4,13,19,8.0,9.8,35,36,34,0,0,0,6,6,4,0,6,10,6,26,34,28,19,19,19,44.95,44.69,45.24,32,310,3.2,0,0,0
11.55,304,0.24,0.24,0.24,11,12,11,12.0,12.5,0.29,0.03,210.1,4.0,149,1,3,404,697,489,-1,508,11.68,581.6,414,33.4,33.0,1.4,2.7,1450.4,0,15.9,0.4,9.9,11.2,10.0,10.6,11.1,9.3,11.0,10.7,41.9,41.4,12,19,8.1,9.8,36,36,35,0,0,0,6,6,4,0,6,10,6,26,34,29,19,19,19,44.95,44.69,45.23,32,320,3.2,0,0,0
10.58,24,0.24,0.24,0.24,11,11,11,11.04,4.6,0.09,0.03,210.0,2.9,157,1,3,311,697,376,3,386,10.68,480.9,346,32.7,32.6,1.4,2.7,1504.0,0,15.98,0.4,9.9,11.1,10.0,10.6,11.1,9.3,10.9,10.7,41.9,41.4,13,19,8.0,9.8,35,36,35,0,0,0,6,6,4,0,6,10,6,26,34,29,19,19,19,44.94,44.69,45.24,32,320,3.2,0,0,0
11.41,24,0.24,0.24,0.24,11,12,11,11.95,-15.3,0.14,0.07,209.6,4.7,159,1,3,385,698,466,1,487,11.54,564.7,403,31.8,32.7,1.4,2.7,2180.0,0,17.0,0.2,9.8,11.0,9.8,10.4,10.9,9.2,10.6,10.3,41.5,41.0,13,19,7.8,9.6,35,36,35,0,0,0,6,6,4,0,6,10,6,26,34,28,19,19,19,44.94,44.69,45.24,32,310,3.2,0,0,0
11.7,216,0.24,0.24,0.24,12,11,11,12.22,-9.7,0.05,-0.03,210.3,5.2,154,1,3,420,698,509,4,528,11.85,594.6,427,32.0,32.8,1.4,2.7,1856.8,0,16.51,0.4,10.0,11.3,10.0,10.6,11.1,9.5,11.0,10.7,41.9,41.4,13,19,8.1,9.8,35,35,35,0,0,0,6,6,4,0,6,10,6,26,34,29,19,19,19,44.94,44.69,45.24,32,320,3.2,0,0,0
10.99,8,0.24,0.24,0.24,11,11,11,11.48,3.2,0.07,0.06,209.6,5.6,151,1,3,347,697,421,0,440,11.11,527.7,376,29.0,30.4,1.4,2.7,1760.6,0,16.37,0.2,9.8,11.1,9.8,10.5,11.0,9.3,10.8,10.5,41.6,41.0,13,19,7.8,9.7,32,32,34,0,0,0,6,6,4,0,6,10,6,26,34,29,19,19,19,44.94,44.69,45.24,32,310,3.2,0,0,0
12.9,176,0.24,0.24,0.24,12,12,11,13.46,8.9,0.12,0.03,210.0,6.8,151,1,3,565,699,686,-2,707,13.01,728.4,520,31.7,31.6,1.4,2.7,2180.0,0,17.0,0.4,9.7,11.0,9.8,10.4,10.9,9.2,11.0,10.7,41.8,41.4,13,19,8.0,9.8,35,36,34,0,0,0,6,6,4,0,6,10,6,26,34,29,19,19,19,44.95,44.69,45.23,32,310,3.2,0,0,0
11.99,240,0.24,0.24,0.24,12,12,11,12.53,-7.9,0.13,-0.01,210.0,6.2,156,1,3,455,699,552,4,571,12.16,631.3,449,32.0,31.8,1.4,2.7,2180.0,0,17.0,0.4,9.7,11.0,9.8,10.3,10.9,9.2,10.9,10.6,41.8,41.4,13,19,8.0,9.8,35,36,34,0,0,0,6,6,4,0,6,10,6,26,34,29,19,19,19,44.94,44.69,45.24,32,310,3.3,0,0,0
10.77,16,0.24,0.24,0.24,11,11,11,11.21,25.0,0.06,-0.05,209.7,4.3,149,1,3,317,697,384,-1,394,10.82,491.1,355,32.9,32.9,1.5,2.7,1504.0,0,15.98,0.4,10.0,11.1,10.0,10.5,11.1,9.3,10.9,10.7,41.9,41.4,13,19,8.0,9.8,35,36,34,0,0,0,6,6,4,0,6,10,6,26,34,29,19,19,19,44.95,44.69,45.23,32,310,3.3,0,0,0
10.5,88,0.24,0.24,0.24,11,11,11,11.04,-8.7,0.11,-0.04,210.0,5.7,161,1,3,304,697,368,-1,389,10.68,489.1,346,32.6,32.6,1.4,2.7,1504.0,0,15.98,0.4,9.9,11.1,10.0,10.6,11.1,9.3,10.9,10.6,41.8,41.3,13,19,8.0,9.8,35,36,34,0,0,0,6,6,4,0,6,10,6,26,34,28,19,19,19,44.95,44.69,45.24,32,320,3.2,0,0,0
9.95,296,0.24,0.24,0.24,11,11,11,10.36,2.8,0.11,0.05,209.4,3.5,151,1,3,255,696,309,2,327,10.05,429.0,306,28.5,29.7,1.4,2.7,1416.4,0,15.84,0.3,9.8,11.0,9.9,10.5,11.0,9.3,11.0,10.5,41.6,41.0,13,19,7.8,9.7,31,31,34,0,0,0,6,6,4,0,6,10,6,26,34,29,19,19,19,44.95,44.69,45.24,32,310,3.2,0,0,0
10.61,96,0.24,0.24,0.24,11,11,11,11.16,6.4,0.11,0.03,210.0,3.1,156,1,3,307,697,371,0,391,10.74,482.1,347,32.7,32.7,1.4,2.7,1504.0,0,15.98,0.4,9.9,11.1,10.0,10.6,11.1,9.3,10.9,10.7,41.9,41.4,13,19,8.0,9.8,35,36,35,0,0,0,6,6,4,0,6,10,6,26,34,29,19,19,19,44.94,44.69,45.24,32,320,3.2,0,0,0
9.91,192,0.24,0.24,0.24,11,11,11,10.32,11.7,0.17,0.01,210.1,4.8,142,1,3,250,697,303,0,314,9.95,421.2,303,30.5,30.3,1.4,2.7,925.8,0,14.18,0.3,9.8,11.0,9.8,10.7,10.9,9.2,10.7,10.7,41.7,41.1,12,19,8.0,9.7,33,33,34,0,0,0,6,6,4,0,6,10,6,26,34,28,19,19,19,44.95,44.69,45.23,31,310,3.2,0,0,0
11.63,88,0.24,0.24,0.24,11,12,11,12.21,1.2,0.23,0.03,209.7,5.4,153,1,3,409,697,496,-2,515,11.73,588.7,421,32.9,32.7,1.4,2.7,1450.4,0,15.9,0.4,9.9,11.2,10.0,10.5,11.1,9.3,11.1,10.7,41.9,41.4,13,19,8.1,9.8,36,36,35,0,0,0,6,6,4,0,6,10,6,26,34,29,19,19,19,44.94,44.69,45.24,32,320,3.3,0,0,0
10.0,56,0.24,0.24,0.24,11,11,11,10.42,10.5,0.12,0.02,209.8,5.8,142,1,3,260,696,315,0,324,10.07,427.9,308,30.5,30.2,1.4,2.7,925.8,0,14.18,0.3,9.8,11.0,9.8,10.6,10.9,9.2,10.8,10.7,41.7,41.1,13,19,8.0,9.7,32,33,34,0,0,0,6,6,4,0,6,10,6,26,34,28,19,19,19,44.94,44.69,45.24,32,310,3.2,0,0,0
9.62,336,0.24,0.24,0.24,11,11,11,10.13,-1.2,0.11,-0.03,210.2,3.6,146,1,3,230,697,279,-2,291,9.71,396.9,286,31.1,31.1,1.4,2.7,1211.4,0,15.51,0.3,9.7,11.0,9.7,10.4,10.9,9.2,10.9,10.7,41.8,41.2,13,19,8.0,9.7,33,34,34,0,0,0,6,6,4,0,6,10,6,26,34,28,19,19,19,44.94,44.69,45.23,32,310,3.2,0,0,0
11.07,352,0.24,0.24,0.24,11,12,11,11.51,3.6,0.06,0.01,209.9,7.4,150,1,3,352,698,426,-1,441,11.18,523.8,378,29.4,29.6,1.4,2.7,1423.2,0,15.77,0.3,9.8,11.1,9.8,10.3,11.0,9.3,10.9,10.6,41.6,41.0,13,19,8.0,9.7,32,32,34,0,0,0,6,6,4,0,6,10,6,26,34,29,19,19,19,44.95,44.69,45.24,32,310,3.2,0,0,0
12.18,248,0.24,0.24,0.24,11,12,12,12.57,-9.1,0.21,-0.04,209.7,7.6,156,1,3,455,699,552,2,572,12.22,618.2,449,31.4,31.2,1.4,2.7,1056.7,0,14.82,0.4,9.7,10.9,9.8,10.3,10.9,9.2,10.9,10.7,41.8,41.3,13,19,8.0,9.8,34,34,34,0,0,0,6,6,4,0,6,10,6,26,34,29,19,19,19,44.94,44.69,45.23,32,310,3.2,0,0,0
10.38,40,0.24,0.24,0.24,11,11,11,10.8,-10.9,0.06,0.0,209.8,6.2,152,1,3,279,697,338,4,347,10.43,444.8,325,31.2,31.1,1.4,2.7,1056.7,0,14.82,0.3,9.7,11.0,9.7,10.4,10.9,9.2,11.1,10.7,41.8,41.2,13,19,8.0,9.8,33,34,34,0,0,0,6,6,4,0,6,10,6,26,34,28,19,19,19,44.94,44.69,45.24,32,310,3.2,0,0,0
12.86,72,0.24,0.24,0.24,11,12,12,13.41,-10.0,0.06,0.03,210.1,6.9,154,1,3,543,699,659,-2,682,12.91,705.2,506,30.8,32.0,1.4,2.7,1894.0,0,16.57,0.4,10.2,11.3,10.1,10.7,11.2,9.5,11.0,10.7,41.9,41.5,13,19,8.1,10.0,34,34,35,0,0,0,6,6,4,0,6,10,6,26,34,29,19,19,19,44.95,44.69,45.23,32,320,3.3,0,0,0
11.68,88,0.24,0.24,0.24,11,12,11,12.16,-6.6,0.03,0.01,209.3,7.4,158,1,3,413,698,501,4,522,11.83,585.9,419,30.1,31.5,1.4,2.7,1724.5,0,16.32,0.2,9.8,11.0,9.8,10.6,10.9,9.2,10.6,10.4,41.6,41.1,12,19,7.8,9.7,33,34,35,0,0,0,6,6,4,0,6,10,6,26,34,28,19,19,19,44.94,44.69,45.24,32,310,3.2,0,0,0
11.55,16,0.24,0.24,0.24,12,11,11,12.07,-0.4,0.07,0.03,209.4,6.9,155,1,3,403,697,487,5,503,11.66,578.8,415,29.3,30.6,1.4,2.7,1760.6,0,16.37,0.2,9.9,11.0,9.8,10.6,11.0,9.3,10.6,10.5,41.6,41.1,13,19,7.8,9.7,32,33,34,0,0,0,6,6,4,0,6,10,6,26,34,28,19,19,19,44.95,44.69,45.24,32,310,3.2,0,0,0
11.4,160,0.24,0.24,0.24,11,11,11,12.01,4.1,-0.01,-0.02,210.3,6.3,151,1,3,381,697,461,2,479,11.48,549.7,399,32.8,32.8,1.4,2.7,1504.0,0,15.98,0.4,10.0,11.1,10.0,10.8,11.1,9.3,10.8,10.7,41.9,41.4,13,19,8.1,9.8,35,36,35,0,0,0,6,6,4,0,6,10,6,26,34,29,19,19,19,44.94,44.69,45.24,32,320,3.3,0,0,0
11.21,208,0.24,0.24,0.24,11,11,11,11.69,2.3,0.12,0.01,209.8,7.1,150,1,3,365,698,442,4,459,11.3,533.7,387,28.9,29.3,1.4,2.7,1375.2,0,15.77,0.3,9.8,11.1,9.8,10.3,10.9,9.3,11.1,10.6,41.6,41.0,12,19,8.0,9.7,32,32,34,0,0,0,6,6,4,0,6,10,6,26,34,29,19,19,19,44.94,44.7,45.24,32,310,3.2,0,0,0
9.85,56,0.24,0.24,0.24,11,11,11,10.25,15.5,0.14,0.03,209.9,5.3,142,1,3,239,697,290,-2,305,9.9,409.0,297,30.2,30.2,1.4,2.7,1039.3,0,14.74,0.3,9.8,11.0,9.8,10.5,10.9,9.2,11.1,10.7,41.7,41.1,13,19,8.0,9.7,32,33,34,0,0,0,6,6,4,0,6,10,6,26,34,29,19,19,19,44.94,44.69,45.23,31,310,3.2,0,0,0
11.16,288,0.24,0.24,0.24,11,11,11,11.79,-8.3,0.19,-0.03,209.6,6.2,155,1,3,366,698,444,-2,465,11.31,544.2,391,28.7,29.0,1.4,2.7,1613.2,0,16.15,0.3,9.8,11.0,9.8,10.4,11.0,9.3,10.9,10.5,41.6,41.0,13,19,7.8,9.7,31,32,34,0,0,0,6,6,4,0,6,10,6,26,34,29,19,19,19,44.95,44.7,45.24,32,310,3.2,0,0,0
11.62,88,0.24,0.24,0.24,11,12,11,12.15,14.5,0.11,0.08,209.9,5.4,148,1,3,403,697,488,-2,507,11.72,577.5,417,33.0,32.7,1.4,2.7,1450.4,0,15.9,0.4,10.0,11.2,10.0,10.7,11.1,9.3,10.9,10.7,41.9,41.5,13,19,8.1,9.8,36,36,35,0,0,0,6,6,4,0,6,10,6,26,34,29,19,19,19,44.94,44.69,45.23,32,310,3.3,0,0,0
11.46,232,0.24,0.24,0.24,11,11,11,11.99,1.5,0.17,0.07,210.1,6.6,152,1,3,389,697,471,4,487,11.59,555.5,404,32.8,32.6,1.4,2.7,1450.4,0,15.9,0.4,10.0,11.1,10.0,10.8,11.1,9.3,10.8,10.7,41.9,41.4,13,19,8.1,9.8,35,36,35,0,0,0,6,6,4,0,6,10,6,26,34,28,19,19,19,44.95,44.69,45.24,32,310,3.2,0,0,0
10.01,296,0.24,0.24,0.24,11,11,11,10.64,1.2,0.14,-0.01,209.7,4.3,151,1,3,262,697,318,4,334,10.13,430.3,313,28.4,29.4,1.4,2.7,1416.4,0,15.84,0.3,9.9,11.0,9.9,10.7,11.0,9.3,10.7,10.5,41.6,41.0,12,19,7.8,9.7,31,31,34,0,0,0,6,6,4,0,6,10,6,26,34,29,19,19,19,44.95,44.7,45.23,32,310,3.2,0,0,0
11.87,8,0.24,0.24,0.24,11,12,12,12.41,4.2,0.12,0.03,209.9,6.7,151,1,3,435,698,528,2,548,12.03,607.7,437,31.4,32.5,1.4,2.7,1856.8,0,16.51,0.4,10.0,11.3,10.0,10.7,11.2,9.5,11.0,10.7,41.9,41.4,13,19,8.1,9.8,35,35,35,0,0,0,6,6,4,0,6,10,6,26,34,29,19,19,19,44.95,44.69,45.24,32,320,3.3,0,0,0
11.15,80,0.24,0.24,0.24,12,11,11,11.77,8.4,0.14,0.0,209.6,5.6,151,1,3,368,696,446,-2,460,11.28,547.7,390,28.9,30.2,1.4,2.7,1760.6,0,16.37,0.2,9.8,11.1,9.8,10.5,11.0,9.3,10.7,10.5,41.6,41.1,13,19,7.8,9.7,32,32,34,0,0,0,6,6,4,0,6,10,6,26,34,29,19,19,19,44.95,44.69,45.23,32,310,3.3,0,0,0
12.8,288,0.24,0.24,0.24,12,13,11,13.31,-13.0,0.14,0.03,209.9,5.9,156,1,3,545,699,661,4,686,12.93,706.7,505,30.4,31.8,1.4,2.7,1894.0,0,16.57,0.4,10.1,11.3,10.1,10.6,11.2,9.5,11.0,10.7,41.9,41.5,13,19,8.1,10.0,34,34,35,0,0,0,6,6,4,0,6,10,6,26,34,29,19,19,19,44.94,44.69,45.23,33,320,3.2,0,0,0
10.12,120,0.24,0.24,0.24,11,11,11,10.59,14.6,0.12,0.0,209.7,6.3,140,1,3,268,698,325,0,341,10.19,440.5,317,31.0,30.7,1.4,2.7,925.8,0,14.18,0.3,9.8,11.0,9.7,10.4,10.9,9.2,10.8,10.7,41.7,41.2,12,19,8.0,9.7,33,34,34,0,0,0,6,6,4,0,6,10,6,26,34,29,19,19,19,44.94,44.69,45.23,32,310,3.2,0,0,0
9.68,64,0.24,0.24,0.24,11,11,11,10.15,5.7,0.08,0.01,209.9,4.8,149,1,3,241,697,292,4,301,9.8,409.8,292,30.1,30.0,1.4,2.7,1496.8,0,15.97,0.3,9.8,11.1,9.9,10.4,11.0,9.3,10.9,10.6,41.7,41.0,13,19,8.0,9.7,32,33,34,0,0,0,6,6,4,0,6,10,6,26,34,29,19,19,19,44.94,44.69,45.24,32,310,3.2,0,0,0
10.18,256,0.24,0.24,0.24,11,11,11,10.73,-12.1,0.11,-0.11,209.7,7.8,151,1,3,265,697,321,4,334,10.25,432.2,315,31.2,31.1,1.4,2.7,1056.7,0,14.82,0.3,9.7,11.0,9.7,10.3,10.9,9.2,11.0,10.7,41.8,41.2,13,19,8.0,9.8,33,34,34,0,0,0,6,6,4,0,6,10,6,26,34,29,19,19,19,44.94,44.69,45.24,32,310,3.2,0,0,0
9.5,336,0.24,0.24,0.24,11,11,11,10.01,14.9,0.13,0.05,209.7,5.8,143,1,3,226,697,274,-1,285,9.65,385.8,280,30.3,30.0,1.4,2.7,1039.3,0,14.74,0.2,9.8,11.0,9.8,10.5,10.9,9.2,11.0,10.7,41.7,41.2,12,19,8.0,9.7,32,33,34,0,0,0,6,6,4,0,6,10,6,26,34,29,19,19,19,44.95,44.69,45.24,31,310,3.2,0,0,0
11.39,160,0.24,0.24,0.24,11,11,11,11.9,-6.2,0.11,-0.03,209.7,7.2,158,1,3,380,697,460,4,479,11.49,548.8,398,31.1,32.1,1.4,2.7,1724.5,0,16.32,0.2,9.8,11.0,9.8,10.6,10.9,9.2,10.5,10.4,41.5,41.0,13,19,7.8,9.6,34,34,34,0,0,0,6,6,4,0,6,10,6,26,34,29,19,19,19,44.95,44.69,45.24,32,310,3.3,0,0,0
9.87,120,0.24,0.24,0.24,11,11,11,10.34,16.9,0.08,0.03,209.9,5.4,140,1,3,248,697,298,1,315,10.01,420.0,302,30.8,30.5,1.4,2.7,925.8,0,14.18,0.3,9.8,11.0,9.8,10.6,10.9,9.2,10.7,10.6,41.7,41.1,12,19,8.0,9.7,33,33,34,0,0,0,6,6,4,0,6,10,6,26,34,28,19,19,19,44.94,44.69,45.24,32,310,3.2,0,0,0
12.14,224,0.24,0.24,0.24,12,11,11,12.62,9.6,0.12,0.05,209.9,7.1,149,1,3,459,698,556,2,575,12.23,627.9,455,31.5,32.2,1.4,2.7,1894.0,0,16.57,0.4,10.1,11.3,10.0,10.6,11.2,9.5,11.0,10.7,41.9,41.4,13,19,8.1,9.9,35,35,35,0,0,0,6,6,4,0,6,10,6,26,34,29,19,19,19,44.94,44.7,45.24,32,310,3.2,0,0,0
11.15,72,0.24,0.24,0.24,12,11,11,11.67,-8.0,0.19,0.01,209.7,5.3,155,1,3,364,698,441,0,456,11.27,542.7,390,28.6,29.1,1.4,2.6,1613.2,0,16.15,0.3,9.8,11.0,9.8,10.3,11.0,9.3,11.0,10.6,41.6,41.0,12,19,7.8,9.7,31,32,34,0,0,0,6,6,4,0,6,10,6,26,34,29,19,19,19,44.95,44.69,45.24,31,310,3.2,0,0,0
9.91,48,0.24,0.24,0.24,11,11,11,10.39,-7.0,0.15,-0.01,209.9,6.4,149,1,3,247,697,300,1,310,9.98,411.7,300,31.1,30.7,1.4,2.7,1211.4,0,15.51,0.3,9.7,11.0,9.7,10.3,10.9,9.2,10.9,10.7,41.8,41.2,13,19,8.0,9.8,33,34,34,0,0,0,6,6,4,0,6,10,6,26,34,28,19,19,19,44.94,44.7,45.23,32,310,3.2,0,0,0
13.17,248,0.24,0.24,0.24,13,12,11,13.65,5.7,0.11,-0.01,209.7,7.0,149,1,3,595,700,723,-3,749,13.26,754.8,540,32.1,33.0,1.4,2.7,2180.0,0,17.0,0.2,9.7,10.9,9.7,10.3,10.9,9.1,10.5,10.4,41.5,41.1,13,19,7.8,9.6,36,36,34,0,0,0,6,6,4,0,6,11,6,26,34,29,19,19,19,44.94,44.69,45.23,32,320,3.3,0,0,0
10.51,64,0.24,0.24,0.24,12,11,11,10.95,7.2,0.11,0.01,209.8,5.5,146,1,3,307,696,372,1,390,10.64,486.3,345,29.5,29.8,1.4,2.7,1375.2,0,15.77,0.3,9.9,11.1,9.8,10.6,11.0,9.3,10.7,10.6,41.7,41.1,13,19,8.0,9.7,32,33,34,0,0,0,6,6,4,0,6,10,6,26,34,28,19,19,19,44.94,44.69,45.24,32,310,3.2,0,0,0
12.36,32,0.24,0.24,0.24,12,12,11,12.77,-12.2,0.16,0.08,209.6,7.3,157,1,3,478,699,580,4,598,12.41,639.4,463,31.5,31.2,1.4,2.7,1056.7,0,14.82,0.4,9.7,10.9,9.8,10.3,10.8,9.2,10.9,10.6,41.8,41.3,13,19,8.0,9.8,34,34,34,0,0,0,6,6,4,0,6,10,6,26,34,29,19,19,19,44.94,44.69,45.24,32,310,3.2,0,0,0
10.71,88,0.24,0.24,0.24,11,11,11,11.19,-3.2,0.15,0.0,210.3,4.9,160,1,3,326,698,395,4,405,10.86,503.9,358,32.9,32.6,1.5,2.7,1504.0,0,15.98,0.4,9.9,11.1,10.0,10.6,11.1,9.3,10.9,10.6,41.8,41.3,12,19,8.0,9.8,35,36,34,0,0,0,6,6,4,0,6,10,6,26,34,29,19,19,19,44.95,44.69,45.23,32,320,3.2,0,0,0
9.94,272,0.24,0.24,0.24,11,11,11,10.43,9.8,0.14,0.02,209.8,5.7,143,1,3,262,697,318,-1,331,10.09,430.7,309,30.6,30.4,1.4,2.7,1039.3,0,14.74,0.3,9.8,11.0,9.8,10.6,10.9,9.2,10.8,10.7,41.7,41.1,12,19,8.0,9.7,32,33,34,0,0,0,6,6,4,0,6,10,6,26,34,29,19,19,19,44.94,44.69,45.24,32,310,3.2,0,0,0
11.8,296,0.24,0.24,0.24,11,12,11,12.24,3.9,0.14,-0.05,209.9,4.5,148,1,3,430,698,521,0,540,11.91,606.1,432,32.4,32.9,1.4,2.7,1856.8,0,16.51,0.4,10.0,11.2,10.0,10.7,11.1,9.4,10.8,10.7,41.9,41.4,13,19,8.1,9.8,36,36,35,0,0,0,6,6,4,0,6,10,6,26,34,29,19,19,19,44.95,44.69,45.24,32,310,3.2,0,0,0
11.4,8,0.24,0.24,0.24,12,11,11,12.01,4.2,0.11,-0.03,209.6,6.2,153,1,3,388,697,469,4,491,11.49,566.5,405,29.3,30.4,1.4,2.7,1760.6,0,16.37,0.2,9.8,11.1,9.8,10.5,11.0,9.3,10.7,10.5,41.6,41.1,13,19,7.8,9.7,32,33,34,0,0,0,6,6,4,0,6,10,6,26,34,29,19,19,19,44.94,44.69,45.24,32,310,3.2,0,0,0
11.71,184,0.24,0.24,0.24,11,12,11,12.22,-12.3,0.17,0.01,209.9,7.5,155,1,3,407,698,493,-3,509,11.77,571.3,415,31.2,31.1,1.5,2.7,1056.7,0,14.82,0.3,9.7,11.0,9.8,10.4,10.9,9.2,10.9,10.7,41.8,41.2,13,19,8.0,9.8,33,34,34,0,0,0,6,6,4,0,6,10,6,26,34,29,19,19,19,44.95,44.69,45.23,32,310,3.2,0,0,0
12.1,104,0.24,0.24,0.24,12,11,11,12.61,-7.7,0.14,-0.01,209.9,6.2,155,1,3,464,699,563,2,584,12.23,640.9,457,31.7,31.5,1.4,2.7,2180.0,0,17.0,0.4,9.8,11.0,9.8,10.3,10.9,9.2,10.8,10.6,41.8,41.3,13,19,8.0,9.8,35,36,34,0,0,0,6,6,4,0,6,10,6,26,34,29,19,19,19,44.94,44.69,45.24,32,320,3.3,0,0,0
11.54,312,0.24,0.24,0.24,12,11,11,12.01,-12.6,0.09,0.07,209.6,4.6,156,1,3,409,698,496,4,514,11.69,592.4,418,31.6,32.5,1.4,2.7,2180.0,0,17.0,0.2,9.8,10.9,9.8,10.5,11.0,9.2,10.6,10.3,41.5,41.1,13,19,7.8,9.6,35,36,34,0,0,0,6,6,4,0,6,10,6,26,34,28,19,19,19,44.94,44.69,45.24,33,320,3.2,0,0,0
12.96,144,0.24,0.24,0.24,12,12,11,13.46,-1.8,0.13,-0.01,210.5,8.4,154,1,3,566,700,688,-3,710,13.08,725.3,519,29.9,31.3,1.4,2.6,2180.0,0,17.0,0.4,10.1,11.3,10.1,10.7,11.2,9.5,11.0,10.7,41.9,41.6,13,19,8.1,10.0,33,34,35,0,0,0,6,6,4,0,6,10,6,26,34,29,19,19,19,44.94,44.69,45.24,32,320,3.2,0,0,0
12.92,288,0.24,0.24,0.24,11,12,12,13.41,-1.9,0.2,-0.05,210.7,6.9,154,1,3,553,699,671,4,695,12.98,714.8,511,30.3,31.6,1.4,2.7,2094.0,0,17.0,0.4,10.1,11.3,10.1,10.7,11.2,9.5,11.0,10.7,41.9,41.6,13,19,8.1,10.0,33,34,35,0,0,0,6,6,4,0,6,10,6,26,34,29,19,19,19,44.94,44.69,45.24,32,320,3.3,0,0,0
11.69,296,0.24,0.24,0.24,11,12,11,12.24,-3.2,0.2,0.0,210.0,4.9,154,1,3,423,698,512,-2,537,11.89,598.5,428,33.0,32.6,1.4,2.7,1450.4,0,15.9,0.4,10.0,11.2,10.0,10.7,11.1,9.3,10.6,10.6,41.9,41.4,13,19,8.1,9.8,36,36,35,0,0,0,6,6,4,0,6,10,6,26,34,29,19,19,19,44.95,44.69,45.23,32,310,3.2,0,0,0
10.36,152,0.24,0.24,0.24,11,11,11,10.94,1.1,0.13,-0.03,209.7,4.7,152,1,3,298,697,361,2,376,10.45,480.3,339,28.8,30.2,1.4,2.7,1760.6,0,16.37,0.2,9.8,11.1,9.9,10.5,11.0,9.3,10.8,10.5,41.6,41.0,13,19,7.8,9.7,32,32,34,0,0,0,6,6,4,0,6,10,6,26,34,29,19,19,19,44.94,44.69,45.24,32,310,3.3,0,0,0
10.93,16,0.24,0.24,0.24,11,11,11,11.48,14.0,0.19,0.06,209.7,4.8,150,1,3,334,697,405,4,418,11.01,506.3,367,32.9,32.8,1.4,2.7,1504.0,0,15.98,0.4,9.9,11.1,10.0,10.5,11.1,9.3,11.1,10.7,41.9,41.4,13,19,8.1,9.8,35,36,34,0,0,0,6,6,4,0,6,10,6,26,34,29,19,19,19,44.95,44.69,45.23,32,310,3.3,0,0,0
11.35,160,0.24,0.24,0.24,11,12,11,11.95,-18.2,0.17,0.01,209.6,6.5,160,1,3,385,697,466,0,483,11.49,562.6,404,31.7,32.6,1.4,2.7,2180.0,0,17.0,0.2,9.8,11.0,9.8,10.4,10.9,9.2,10.6,10.4,41.5,41.0,12,19,7.8,9.6,34,35,35,0,0,0,6,6,4,0,6,10,6,26,34,29,19,19,19,44.94,44.7,45.24,32,310,3.3,0,0,0
12.02,176,0.24,0.24,0.24,12,12,11,12.48,-14.0,0.12,0.01,210.1,6.0,160,1,3,453,699,549,1,568,12.13,629.7,449,32.0,31.7,1.4,2.7,2180.0,0,17.0,0.4,9.8,11.0,9.9,10.8,11.0,9.3,10.8,10.6,41.8,41.4,12,19,8.0,9.8,35,36,34,0,0,0,6,6,4,0,6,10,6,26,34,29,19,19,19,44.95,44.69,45.23,32,310,3.3,0,0,0
10.99,160,0.24,0.24,0.24,11,11,11,11.5,12.2,0.13,0.03,209.9,4.9,149,1,3,345,697,418,1,433,11.11,516.7,374,33.0,32.5,1.4,2.7,1504.0,0,15.98,0.4,9.9,11.1,10.0,10.6,11.1,9.3,11.0,10.7,41.9,41.4,13,19,8.1,9.8,35,36,34,0,0,0,6,6,4,0,6,10,6,26,34,29,19,19,19,44.94,44.69,45.23,32,320,3.2,0,0,0
11.72,304,0.24,0.24,0.24,11,11,12,12.31,-0.5,0.11,-0.01,209.6,5.7,155,1,3,411,697,497,-2,518,11.74,588.0,420,29.4,30.9,1.4,2.7,1760.6,0,16.37,0.2,9.8,11.0,9.8,10.6,10.9,9.3,10.7,10.5,41.6,41.1,13,19,7.8,9.7,32,33,34,0,0,0,6,6,4,0,6,10,6,26,34,29,19,19,19,44.94,44.69,45.24,32,320,3.2,0,0,0
9.43,128,0.24,0.24,0.24,11,11,11,9.91,12.8,0.12,0.03,210.0,5.0,144,1,3,217,697,263,0,268,9.51,377.9,273,30.3,30.3,1.4,2.7,1039.3,0,14.74,0.2,9.8,11.0,9.8,10.5,10.9,9.2,10.9,10.7,41.7,41.1,13,19,8.0,9.7,32,33,34,0,0,0,6,6,4,0,6,10,6,26,34,28,19,19,19,44.95,44.69,45.24,32,310,3.2,0,0,0
10.93,240,0.24,0.24,0.24,11,11,11,11.45,-8.0,0.15,0.03,210.0,5.0,161,1,3,338,698,410,5,423,11.01,516.5,371,32.6,32.6,1.4,2.7,1867.1,0,16.53,0.4,10.0,11.1,10.0,10.8,11.1,9.3,10.7,10.6,41.8,41.3,13,19,8.0,9.8,35,36,34,0,0,0,6,6,4,0,6,10,6,26,34,29,19,19,19,44.94,44.69,45.23,32,310,3.3,0,0,0
11.49,24,0.24,0.24,0.24,11,11,11,12.01,-11.4,0.09,0.01,210.3,5.5,161,1,3,392,699,476,-3,490,11.6,570.5,409,32.5,32.0,1.4,2.7,1867.1,0,16.53,0.4,9.9,11.1,9.9,10.5,11.1,9.3,10.9,10.6,41.8,41.3,13,19,8.0,9.8,35,36,34,0,0,0,6,6,4,0,6,10,6,26,34,29,19,19,19,44.95,44.69,45.24,32,310,3.3,0,0,0
10.03,336,0.24,0.24,0.24,11,11,11,10.53,6.2,0.17,0.01,210.0,5.8,142,1,3,262,698,318,-2,332,10.16,441.5,315,30.6,30.7,1.4,2.7,1211.4,0,15.51,0.3,9.8,11.0,9.8,10.5,10.8,9.2,10.8,10.7,41.7,41.1,13,19,8.0,9.7,33,34,34,0,0,0,6,6,4,0,6,10,6,26,34,29,19,19,19,44.95,44.69,45.23,32,310,3.2,0,0,0
11.06,224,0.24,0.24,0.24,11,12,11,11.6,8.8,0.12,0.01,209.3,4.8,150,1,3,358,697,433,3,451,11.22,535.9,381,29.2,30.2,1.4,2.7,1760.6,0,16.37,0.2,9.8,11.1,9.8,10.5,11.0,9.3,10.8,10.5,41.6,41.0,13,19,7.8,9.7,32,32,34,0,0,0,6,6,4,0,6,10,6,26,34,29,19,19,19,44.94,44.69,45.23,32,320,3.2,0,0,0
12.94,64,0.24,0.24,0.24,12,12,12,13.43,-17.1,0.11,0.03,210.2,7.1,163,1,3,566,699,687,-2,708,13.07,726.6,518,29.3,30.7,1.4,2.7,2180.0,0,17.0,0.4,10.2,11.3,10.2,10.8,11.3,9.6,10.7,10.7,42.0,41.6,13,19,8.1,10.0,33,34,35,0,0,0,6,6,4,0,6,10,6,26,34,29,19,19,19,44.95,44.7,45.24,32,320,3.3,0,0,0
12.13,240,0.24,0.24,0.24,12,12,11,12.63,-6.7,0.11,-0.01,209.7,4.3,153,1,3,478,699,579,-2,597,12.28,661.6,467,31.7,32.7,1.4,2.7,2180.0,0,17.0,0.2,9.7,10.9,9.7,10.6,10.9,9.2,10.6,10.4,41.6,41.1,13,19,7.8,9.6,36,36,34,0,0,0,6,6,4,0,6,11,6,26,34,28,19,19,19,44.95,44.69,45.24,32,310,3.2,0,0,0
11.86,96,0.24,0.24,0.24,11,12,12,12.33,-11.0,0.06,0.01,209.7,3.8,155,1,3,435,698,528,5,550,11.94,622.5,439,31.6,32.6,1.4,2.7,2180.0,0,17.0,0.2,9.8,10.9,9.7,10.6,11.0,9.2,10.5,10.3,41.5,41.1,13,19,7.8,9.6,36,36,34,0,0,0,6,6,4,0,6,10,6,26,34,29,19,19,19,44.94,44.69,45.24,32,310,3.3,0,0,0
12.76,0,0.24,0.24,0.24,11,12,12,13.36,-13.0,0.14,-0.03,209.9,6.8,156,1,3,542,699,657,-2,679,12.94,706.0,505,30.6,31.9,1.4,2.7,1894.0,0,16.57,0.4,10.1,11.3,10.1,10.6,11.2,9.5,11.0,10.7,41.9,41.5,13,19,8.1,10.0,34,34,35,0,0,0,6,6,4,0,6,10,6,26,34,29,19,19,19,44.94,44.69,45.24,32,320,3.3,0,0,0
11.17,288,0.24,0.24,0.24,11,11,11,11.69,-1.7,0.09,0.08,209.9,6.0,152,1,3,362,698,438,-1,447,11.26,529.5,384,28.8,29.1,1.4,2.7,1416.4,0,15.84,0.3,9.8,11.0,9.8,10.4,11.0,9.3,10.9,10.5,41.6,41.0,13,19,7.8,9.7,31,32,34,0,0,0,6,6,4,0,6,10,6,26,34,29,19,19,19,44.95,44.69,45.24,32,310,3.2,0,0,0
10.67,216,0.24,0.24,0.24,11,11,11,11.15,5.7,0.11,-0.04,210.2,3.8,151,1,3,315,698,382,1,395,10.77,497.9,355,28.9,29.1,1.4,2.7,1613.2,0,16.15,0.3,9.8,11.0,9.8,10.6,11.0,9.3,10.9,10.5,41.6,41.0,13,19,7.9,9.7,31,32,34,0,0,0,6,6,4,0,6,10,6,26,34,28,19,19,19,44.95,44.69,45.23,32,310,3.2,0,0,0
11.59,160,0.24,0.24,0.24,11,12,11,12.1,-6.3,0.17,-0.01,209.6,6.3,158,1,3,404,698,490,1,506,11.71,575.5,413,30.8,31.9,1.4,2.7,1724.5,0,16.32,0.2,9.8,11.0,9.8,10.5,10.9,9.2,10.5,10.4,41.6,41.1,12,19,7.8,9.7,33,34,35,0,0,0,6,6,4,0,6,10,6,26,34,29,19,19,19,44.95,44.69,45.24,32,310,3.3,0,0,0
13.08,0,0.24,0.24,0.24,12,12,12,13.61,-13.8,0.09,0.01,210.6,6.8,162,1,3,576,700,700,-2,732,13.23,737.9,529,29.0,30.6,1.4,2.7,2180.0,0,17.0,0.4,10.2,11.3,10.3,10.7,11.3,9.6,10.9,10.7,42.0,41.6,13,19,8.1,10.0,33,33,35,0,0,0,6,6,4,0,6,10,6,26,34,29,19,19,19,44.94,44.69,45.23,32,310,3.3,0,0,0
11.08,144,0.24,0.24,0.24,12,11,11,11.67,-5.5,0.06,-0.03,209.6,5.3,155,1,3,363,698,440,2,454,11.21,542.8,385,29.0,29.1,1.4,2.7,1613.2,0,16.15,0.3,9.8,11.0,9.8,10.4,11.0,9.3,11.0,10.6,41.6,41.0,12,19,7.8,9.7,31,32,34,0,0,0,6,6,4,0,6,10,6,26,34,29,19,19,19,44.95,44.69,45.24,32,320,3.2,0,0,0
11.18,240,0.24,0.24,0.24,11,11,11,11.77,-4.5,0.17,0.06,209.9,7.3,158,1,3,362,698,438,2,450,11.28,533.6,385,31.0,32.0,1.4,2.7,1724.5,0,16.32,0.2,9.8,11.0,9.8,10.5,10.9,9.2,10.7,10.4,41.5,41.0,13,19,7.8,9.6,34,34,34,0,0,0,6,6,4,0,6,10,6,26,34,29,19,19,19,44.94,44.69,45.24,32,320,3.2,0,0,0
11.87,80,0.24,0.24,0.24,11,11,12,12.41,13.6,0.02,0.0,210.4,4.7,145,1,3,434,698,525,-2,548,12.0,606.2,434,32.3,32.8,1.4,2.7,1850.4,0,16.51,0.4,10.0,11.2,10.0,10.7,11.1,9.4,10.8,10.7,41.9,41.4,13,19,8.1,9.8,36,36,35,0,0,0,6,6,4,0,6,10,6,26,34,29,19,19,19,44.94,44.69,45.24,32,310,3.3,0,0,0
12.86,216,0.24,0.24,0.24,11,12,12,13.38,-5.1,0.06,0.01,210.1,6.5,155,1,3,553,699,670,4,696,12.97,717.2,512,30.1,31.3,1.4,2.7,1994.0,0,17.0,0.4,10.1,11.3,10.1,10.6,11.2,9.5,11.0,10.7,41.9,41.6,13,19,8.1,10.0,34,34,35,0,0,0,6,6,4,0,6,10,6,26,34,28,19,19,19,44.95,44.69,45.24,32,320,3.2,0,0,0
10.12,336,0.24,0.24,0.24,11,11,11,10.64,12.3,0.14,-0.01,209.8,6.6,140,1,3,269,697,326,1,339,10.25,440.5,316,30.7,30.8,1.4,2.7,925.8,0,14.18,0.3,9.8,11.0,9.8,10.5,10.9,9.2,10.8,10.7,41.7,41.1,13,19,8.0,9.7,33,34,34,0,0,0,6,6,4,0,6,10,6,26,34,28,19,19,19,44.95,44.69,45.23,32,310,3.2,0,0,0
11.06,280,0.24,0.24,0.24,12,11,11,11.55,5.7,0.23,-0.02,209.8,7.2,149,1,3,350,697,424,0,440,11.15,519.5,377,29.3,29.3,1.4,2.7,1523.2,0,15.77,0.3,9.8,11.1,9.8,10.3,11.0,9.3,10.8,10.5,41.6,41.0,13,19,8.0,9.7,32,32,34,0,0,0,6,6,4,0,6,10,6,26,34,28,19,19,19,44.95,44.69,45.24,32,310,3.2,0,0,0
9.79,208,0.24,0.24,0.24,11,11,11,10.33,1.0,0.19,0.01,209.6,4.7,151,1,3,246,697,298,4,306,9.87,418.8,301,29.7,29.9,1.4,2.7,1496.8,0,15.97,0.3,9.8,11.0,9.8,10.4,11.0,9.3,10.8,10.6,41.7,41.0,13,19,8.0,9.7,32,33,34,0,0,0,6,6,4,0,6,10,6,26,34,28,19,19,19,44.94,44.69,45.24,32,320,3.2,0,0,0
13.02,208,0.24,0.24,0.24,11,12,12,13.54,-16.4,0.12,0.03,210.3,7.5,162,1,3,564,699,684,0,714,13.09,726.4,520,29.3,30.5,1.4,2.7,2180.0,0,17.0,0.4,10.2,11.3,10.2,10.9,11.3,9.6,10.8,10.8,42.0,41.6,12,19,8.1,10.0,33,34,35,0,0,0,6,6,4,0,6,10,6,26,34,29,19,19,19,44.95,44.69,45.24,33,310,3.2,0,0,0
10.68,0,0.24,0.24,0.24,11,11,11,11.27,7.2,0.11,0.05,209.9,5.2,150,1,3,312,698,379,0,401,10.8,491.2,352,29.1,29.3,1.4,2.7,1613.2,0,16.15,0.3,9.8,11.0,9.8,10.6,11.0,9.3,10.9,10.5,41.6,41.1,13,19,7.9,9.7,31,32,34,0,0,0,6,6,4,0,6,10,6,26,34,28,19,19,19,44.95,44.69,45.23,32,310,3.2,0,0,0
10.94,96,0.24,0.24,0.24,11,11,11,11.43,-12.2,0.14,0.05,209.9,6.0,163,1,3,338,698,410,2,424,11.03,516.5,370,32.3,32.1,1.5,2.7,1867.1,0,16.53,0.3,10.0,11.1,10.0,10.8,11.1,9.3,10.7,10.6,41.8,41.3,13,19,8.0,9.8,35,36,34,0,0,0,6,6,4,0,6,10,6,26,34,28,19,19,19,44.94,44.69,45.23,32,320,3.2,0,0,0
11.0,296,0.24,0.24,0.24,11,11,11,11.6,7.3,0.15,-0.02,210.0,5.7,150,1,3,351,697,424,3,437,11.11,531.1,378,28.7,30.0,1.4,2.7,1760.6,0,16.37,0.3,9.8,11.1,9.8,10.5,11.0,9.3,10.8,10.5,41.6,41.0,12,19,7.8,9.7,32,32,34,0,0,0,6,6,4,0,6,10,6,26,34,28,19,19,19,44.94,44.69,45.23,32,320,3.2,0,0,0
9.9,48,0.24,0.24,0.24,11,11,11,10.42,12.7,0.09,0.03,210.1,6.4,142,1,3,253,697,307,0,316,9.98,423.1,303,30.3,30.2,1.4,2.7,925.8,0,14.18,0.3,9.8,11.0,9.8,10.6,10.9,9.2,10.7,10.7,41.7,41.1,13,19,8.0,9.7,33,33,34,0,0,0,6,6,4,0,6,10,6,26,34,28,19,19,19,44.95,44.69,45.24,32,320,3.2,0,0,0
9.66,280,0.24,0.24,0.24,11,11,11,10.18,4.8,0.17,0.01,209.4,5.2,149,1,3,233,697,282,-2,295,9.74,404.9,291,30.0,29.6,1.4,2.7,1496.8,0,15.97,0.3,9.8,11.0,9.9,10.5,11.0,9.3,11.0,10.6,41.7,41.0,13,19,8.0,9.7,32,33,34,0,0,0,6,6,4,0,6,10,6,26,34,28,19,19,19,44.95,44.69,45.24,32,320,3.2,0,0,0
11.58,160,0.24,0.24,0.24,11,12,11,12.11,2.6,0.12,0.01,209.4,5.5,154,1,3,405,697,490,4,513,11.71,582.9,417,29.7,30.8,1.4,2.7,1760.6,0,16.37,0.2,9.8,11.0,9.8,10.7,10.9,9.3,10.6,10.5,41.6,41.1,12,19,7.8,9.7,32,33,34,0,0,0,6,6,4,0,6,10,6,26,34,29,19,19,19,44.94,44.69,45.23,32,310,3.2,0,0,0
11.28,88,0.24,0.24,0.24,11,11,11,11.77,-15.4,0.14,0.08,209.4,6.4,160,1,3,372,697,451,1,471,11.38,551.4,395,31.4,32.6,1.4,2.7,2180.0,0,17.0,0.2,9.8,11.0,9.8,10.4,10.9,9.2,10.6,10.4,41.5,41.0,12,19,7.8,9.6,34,35,34,0,0,0,6,6,4,0,6,10,6,26,34,29,19,19,19,44.95,44.7,45.24,32,310,3.2,0,0,0
11.68,16,0.24,0.24,0.24,11,11,11,12.32,-4.2,0.12,-0.02,209.8,4.3,153,1,3,423,698,507,1,530,11.86,593.5,427,33.0,33.0,1.4,2.8,1450.4,0,15.9,0.4,9.9,11.1,10.0,10.8,11.1,9.3,10.8,10.7,41.9,41.4,13,19,8.1,9.8,35,36,35,0,0,0,6,6,4,0,6,10,6,26,34,29,19,19,19,44.94,44.69,45.24,32,320,3.2,0,0,0
9.99,344,0.24,0.24,0.24,11,11,11,10.42,12.8,0.09,0.02,209.9,6.3,142,1,3,254,697,307,0,324,10.09,420.6,305,30.2,30.2,1.4,2.7,1039.3,0,14.74,0.3,9.8,11.0,9.8,10.7,10.9,9.2,11.0,10.7,41.7,41.1,12,19,8.0,9.7,32,33,34,0,0,0,6,6,4,0,6,10,6,26,34,28,19,19,19,44.94,44.69,45.23,32,320,3.2,0,0,0
10.74,288,0.24,0.24,0.24,11,11,11,11.26,1.7,0.16,0.05,209.8,4.4,152,1,3,327,698,397,4,414,10.91,509.0,361,29.1,29.3,1.4,2.7,1613.2,0,16.15,0.2,9.9,11.0,9.8,10.6,11.0,9.3,10.8,10.5,41.6,41.0,12,19,7.9,9.7,31,32,34,0,0,0,6,6,4,0,6,10,6,26,34,29,19,19,19,44.94,44.69,45.24,32,310,3.2,0,0,0
11.05,72,0.24,0.24,0.24,11,11,11,11.59,-1.2,0.12,0.08,210.0,6.7,152,1,3,346,698,419,1,438,11.14,516.3,375,29.0,29.5,1.4,2.7,1416.4,0,15.84,0.3,9.9,11.0,9.9,10.4,11.0,9.3,10.8,10.5,41.6,41.0,12,19,7.8,9.7,31,31,34,0,0,0,6,6,4,0,6,10,6,26,34,29,19,19,19,44.95,44.69,45.24,32,310,3.2,0,0,0
11.2,168,0.24,0.24,0.24,11,11,11,11.73,-10.2,0.05,0.03,210.0,5.4,161,1,3,368,698,446,-2,464,11.29,548.3,390,32.6,32.4,1.4,2.7,1867.1,0,16.53,0.4,9.9,11.1,10.0,10.5,11.1,9.3,10.9,10.6,41.8,41.3,13,19,8.0,9.8,35,36,34,0,0,0,6,6,4,0,6,10,6,26,34,29,19,19,19,44.94,44.69,45.24,32,310,3.2,0,0,0
12.83,144,0.24,0.24,0.24,12,11,11,13.41,-11.7,0.06,0.03,209.9,6.0,156,1,3,552,699,670,-2,693,12.95,713.4,512,30.3,31.8,1.4,2.7,1894.0,0,16.57,0.4,10.1,11.3,10.1,10.6,11.2,9.5,11.0,10.7,41.9,41.5,13,19,8.1,10.0,34,34,35,0,0,0,6,6,4,0,6,10,6,26,34,28,19,19,19,44.94,44.69,45.23,32,310,3.3,0,0,0
11.12,312,0.24,0.24,0.24,11,11,11,11.66,-5.4,0.01,0.03,209.7,5.5,158,1,3,358,697,434,-1,452,11.21,538.9,384,31.1,32.2,1.4,2.7,1880.0,0,16.32,0.2,9.8,11.0,9.8,10.4,10.9,9.2,10.6,10.4,41.5,41.0,13,19,7.8,9.6,34,35,34,0,0,0,6,6,4,0,6,10,6,26,34,28,19,19,19,44.95,44.69,45.24,32,310,3.2,0,0,0
10.11,8,0.24,0.24,0.24,11,11,11,10.53,2.4,0.14,-0.06,209.7,3.7,151,1,3,271,697,328,4,343,10.22,450.5,318,28.6,29.6,1.4,2.7,1460.6,0,15.84,0.3,9.8,11.1,9.9,10.5,11.0,9.3,10.9,10.5,41.6,41.0,13,19,7.8,9.7,31,31,34,0,0,0,6,6,4,0,6,10,6,26,34,28,19,19,19,44.94,44.7,45.24,32,310,3.2,0,0,0
12.91,136,0.24,0.24,0.24,11,12,12,13.52,-16.3,0.19,0.0,210.4,7.4,162,1,3,566,699,688,0,715,13.1,729.2,519,29.0,30.7,1.4,2.6,2180.0,0,17.0,0.4,10.2,11.3,10.2,10.9,11.3,9.6,10.8,10.8,42.0,41.6,12,19,8.1,10.0,33,34,35,0,0,0,6,6,4,0,6,10,6,26,34,29,19,19,19,44.95,44.69,45.23,32,320,3.2,0,0,0
12.87,72,0.24,0.24,0.24,12,11,11,13.47,-7.3,0.15,-0.02,210.2,5.8,156,1,3,553,699,671,0,696,12.96,716.6,515,30.2,31.6,1.4,2.7,1894.0,0,16.57,0.4,10.1,11.3,10.1,10.6,11.2,9.5,11.0,10.7,41.9,41.6,13,19,8.1,10.0,34,34,35,0,0,0,6,6,4,0,6,10,6,26,34,29,19,19,19,44.95,44.69,45.23,32,310,3.3,0,0,0
12.13,32,0.24,0.24,0.24,11,12,12,12.68,-7.6,0.11,0.0,210.1,6.0,155,1,3,469,699,569,-2,588,12.25,644.0,459,32.1,31.6,1.4,2.7,2180.0,0,17.0,0.3,9.8,11.0,9.8,10.4,10.9,9.2,10.7,10.6,41.8,41.4,13,19,8.0,9.8,35,36,34,0,0,0,6,6,4,0,6,10,6,26,34,29,19,19,19,44.94,44.69,45.23,32,310,3.2,0,0,0
9.32,200,0.24,0.24,0.24,11,11,11,9.79,13.7,0.13,0.01,209.8,4.6,145,1,3,216,697,262,0,263,9.4,378.0,271,29.9,29.9,1.4,2.7,1039.3,0,14.74,0.3,9.8,11.0,9.9,10.4,11.0,9.3,10.8,10.6,41.7,41.1,12,19,8.0,9.7,32,33,34,0,0,0,6,6,4,0,6,10,6,26,34,29,19,19,19,44.95,44.69,45.24,31,310,3.3,0,0,0
9.64,48,0.24,0.24,0.24,11,11,11,10.13,1.2,0.17,-0.04,209.7,4.3,145,1,3,233,697,282,2,296,9.77,397.4,288,31.2,31.1,1.4,2.7,1211.4,0,15.51,0.3,9.7,11.0,9.7,10.4,10.9,9.2,10.9,10.7,41.8,41.2,13,19,8.0,9.7,33,34,34,0,0,0,6,6,4,0,6,10,6,26,34,28,19,19,19,44.94,44.69,45.23,31,310,3.2,0,0,0
12.18,296,0.24,0.24,0.24,12,12,11,12.66,9.8,0.12,0.01,210.4,7.5,148,1,3,467,699,567,2,585,12.27,634.8,457,31.1,32.2,1.4,2.7,1894.0,0,16.57,0.4,10.1,11.3,10.1,10.6,11.2,9.5,11.0,10.7,41.9,41.4,13,19,8.1,9.9,34,35,35,0,0,0,6,6,4,0,6,10,6,26,34,29,19,19,19,44.94,44.7,45.24,32,320,3.3,0,0,0
11.33,256,0.24,0.24,0.24,11,11,11,11.78,-11.2,0.12,0.05,210.2,7.0,154,1,3,371,698,450,-2,462,11.37,532.3,390,31.2,30.9,1.4,2.7,1056.7,0,14.82,0.3,9.8,10.9,9.8,10.5,10.9,9.2,10.7,10.6,41.8,41.2,12,19,8.0,9.8,33,34,34,0,0,0,6,6,4,0,6,10,6,26,34,29,19,19,19,44.95,44.69,45.24,31,320,3.2,0,0,0
10.74,88,0.24,0.24,0.24,11,11,11,11.36,23.6,0.11,0.03,210.3,5.2,148,1,3,326,698,395,-1,408,10.86,496.5,359,32.7,32.8,1.4,2.7,1504.0,0,15.98,0.4,9.9,11.1,10.0,10.5,11.1,9.3,11.0,10.7,41.9,41.4,13,19,8.0,9.8,35,36,34,0,0,0,6,6,4,0,6,10,6,26,34,29,19,19,19,44.95,44.69,45.23,31,320,3.2,0,0,0
11.27,152,0.24,0.24,0.24,11,12,11,11.79,5.7,0.11,0.01,209.6,5.9,152,1,3,376,697,455,-3,473,11.41,557.7,397,28.9,30.5,1.4,2.7,1760.6,0,16.37,0.2,9.8,11.1,9.8,10.5,11.0,9.3,10.7,10.5,41.6,41.1,13,19,7.8,9.7,32,33,34,0,0,0,6,6,4,0,6,10,6,26,34,29,19,19,19,44.94,44.69,45.24,32,310,3.2,0,0,0
11.46,232,0.24,0.24,0.24,11,11,11,11.99,-5.6,0.12,0.05,209.7,7.7,158,1,3,391,698,474,1,485,11.57,555.3,403,30.8,31.6,1.4,2.7,1724.5,0,16.32,0.2,9.8,11.0,9.8,10.6,10.9,9.2,10.5,10.4,41.6,41.0,12,19,7.8,9.7,34,34,34,0,0,0,6,6,4,0,6,10,6,26,34,29,19,19,19,44.95,44.69,45.24,32,320,3.3,0,0,0
10.98,0,0.24,0.24,0.24,11,11,11,11.48,-0.4,0.13,-0.03,210.1,6.5,152,1,3,341,698,414,0,425,11.04,510.9,371,28.9,29.5,1.4,2.7,1416.4,0,15.84,0.3,9.9,11.0,9.9,10.4,11.0,9.3,10.8,10.5,41.6,40.9,12,19,7.8,9.7,31,31,34,0,0,0,6,6,4,0,6,10,6,26,34,29,19,19,19,44.95,44.69,45.24,32,310,3.2,0,0,0
12.4,104,0.24,0.24,0.24,12,12,12,12.94,-2.6,0.2,0.06,210.2,7.1,153,1,3,500,699,606,2,629,12.51,673.7,480,31.6,31.4,1.4,2.7,2180.0,0,17.0,0.3,9.8,11.0,9.8,10.6,10.9,9.2,10.7,10.6,41.8,41.4,13,19,8.0,9.8,35,36,34,0,0,0,6,6,4,0,6,10,6,26,34,28,19,19,19,44.94,44.69,45.24,32,320,3.2,0,0,0
11.19,352,0.24,0.24,0.24,11,11,11,11.73,6.8,0.12,-0.01,209.6,6.3,149,1,3,364,697,441,1,464,11.32,541.8,389,29.0,29.3,1.4,2.7,1375.2,0,15.77,0.3,9.8,11.0,9.8,10.4,10.9,9.3,11.0,10.6,41.6,41.1,13,19,8.0,9.7,32,32,34,0,0,0,6,6,4,0,6,10,6,26,34,28,19,19,19,44.94,44.69,45.24,32,310,3.2,0,0,0
12.95,280,0.24,0.24,0.24,12,12,11,13.55,-17.0,0.09,0.01,210.4,6.8,162,1,3,568,700,690,-2,711,13.09,728.3,522,29.0,30.6,1.4,2.7,2180.0,0,17.0,0.4,10.2,11.3,10.2,10.9,11.3,9.6,10.8,10.7,42.0,41.6,13,19,8.1,10.0,33,34,35,0,0,0,6,6,4,0,6,10,6,26,34,29,19,19,19,44.94,44.69,45.24,32,320,3.3,0,0,0
10.84,144,0.24,0.24,0.24,12,11,11,11.49,1.0,0.17,0.0,209.8,4.0,153,1,3,336,698,407,1,425,10.99,519.6,370,28.8,29.3,1.4,2.7,1613.2,0,16.15,0.2,9.8,11.0,9.8,10.6,11.0,9.3,10.9,10.6,41.6,41.0,13,19,7.8,9.7,31,32,34,0,0,0,6,6,4,0,6,10,6,26,34,29,19,19,19,44.94,44.69,45.24,32,310,3.2,0,0,0
10.15,280,0.24,0.24,0.24,11,11,11,10.53,-5.1,0.16,0.01,209.8,4.8,151,1,3,271,697,328,-2,348,10.23,447.3,319,30.0,29.9,1.4,2.7,1496.8,0,15.97,0.3,9.8,11.1,9.8,10.5,11.0,9.3,10.9,10.6,41.7,41.0,13,19,8.0,9.7,32,33,34,0,0,0,6,6,4,0,6,10,6,26,34,29,19,19,19,44.95,44.69,45.24,32,310,3.2,0,0,0
11.66,304,0.24,0.24,0.24,11,11,11,12.2,-6.9,0.04,0.05,209.4,6.6,159,1,3,407,698,493,1,511,11.73,579.9,419,30.7,31.6,1.4,2.7,1724.5,0,16.32,0.2,9.8,11.0,9.8,10.5,10.9,9.2,10.6,10.4,41.6,41.1,12,19,7.8,9.7,33,34,35,0,0,0,6,6,4,0,6,10,6,26,34,29,19,19,19,44.94,44.69,45.24,32,310,3.2,0,0,0
10.15,120,0.24,0.24,0.24,11,11,11,10.75,7.7,0.19,0.01,209.7,7.2,141,1,3,268,698,325,-2,339,10.23,442.5,319,31.1,30.6,1.4,2.7,1025.8,0,15.51,0.3,9.8,11.0,9.8,10.5,10.8,9.2,10.8,10.7,41.7,41.2,13,19,8.0,9.7,33,34,34,0,0,0,6,6,4,0,6,10,6,26,34,28,19,19,19,44.95,44.69,45.24,31,310,3.2,0,0,0
11.54,24,0.24,0.24,0.24,11,11,11,12.12,-15.3,0.04,0.01,210.3,5.6,162,1,3,403,698,489,-1,513,11.73,582.3,416,32.1,31.9,1.4,2.7,1867.1,0,16.53,0.4,9.9,11.1,9.9,10.5,11.0,9.3,10.9,10.6,41.8,41.4,13,19,8.0,9.8,35,36,34,0,0,0,6,6,4,0,6,10,6,26,34,29,19,19,19,44.95,44.69,45.24,32,310,3.3,0,0,0
10.8,216,0.24,0.24,0.24,11,11,11,11.33,0.9,0.06,0.01,209.7,5.0,153,1,3,337,698,408,2,417,10.95,515.0,365,28.8,29.2,1.4,2.7,1613.2,0,16.15,0.2,9.9,11.0,9.8,10.6,11.0,9.3,10.8,10.5,41.6,41.0,13,19,7.8,9.7,31,32,34,0,0,0,6,6,4,0,6,10,6,26,34,28,19,19,19,44.94,44.69,45.24,32,310,3.2,0,0,0
11.69,304,0.24,0.24,0.24,11,12,11,12.33,-3.3,0.12,0.06,210.2,4.4,153,1,3,416,697,504,2,521,11.87,591.2,424,33.1,33.0,1.4,2.7,1450.4,0,15.9,0.4,9.9,11.1,10.0,10.8,11.1,9.3,10.8,10.7,41.9,41.4,13,19,8.1,9.8,35,36,35,0,0,0,6,6,4,0,6,10,6,26,34,29,19,19,19,44.94,44.69,45.24,32,310,3.2,0,0,0
12.05,248,0.24,0.24,0.24,11,12,11,12.52,-14.8,0.06,0.03,210.2,6.3,160,1,3,456,699,553,4,575,12.2,631.3,450,31.8,31.6,1.4,2.7,2180.0,0,17.0,0.4,9.8,11.0,9.8,10.7,10.9,9.2,10.9,10.6,41.8,41.4,13,19,8.0,9.8,35,36,34,0,0,0,6,6,4,0,6,10,6,26,34,28,19,19,19,44.94,44.69,45.24,32,310,3.2,0,0,0
13.15,352,0.24,0.24,0.24,12,12,11,13.67,-13.3,0.12,0.01,210.1,6.2,159,1,3,591,700,718,-3,748,13.27,749.9,537,29.8,30.9,1.4,2.7,2180.0,0,17.0,0.4,10.1,11.3,10.2,10.8,11.2,9.6,11.0,10.8,42.0,41.6,13,19,8.1,10.0,33,33,35,0,0,0,6,6,4,0,6,10,6,26,34,29,19,19,19,44.94,44.69,45.23,32,310,3.2,0,0,0
12.51,320,0.24,0.24,0.24,11,12,12,13.03,1.8,0.1,0.01,210.2,5.9,152,1,3,512,699,621,4,644,12.63,686.0,486,31.4,31.5,1.5,2.7,2180.0,0,17.0,0.4,9.8,11.0,9.8,10.6,10.9,9.2,10.8,10.6,41.8,41.4,13,19,8.0,9.8,35,36,34,0,0,0,6,6,4,0,6,10,6,26,34,29,19,19,19,44.95,44.69,45.24,32,320,3.3,0,0,0
9.92,136,0.24,0.24,0.24,11,11,11,10.23,1.0,0.08,-0.02,209.9,3.7,150,1,3,247,697,299,4,313,9.95,420.5,301,30.0,30.0,1.4,2.7,1496.8,0,15.97,0.3,9.8,11.0,9.8,10.5,11.0,9.3,10.8,10.6,41.7,41.0,13,19,8.0,9.7,32,33,34,0,0,0,6,6,4,0,6,10,6,26,34,29,19,19,19,44.95,44.69,45.24,32,310,3.1,0,0,0
10.76,256,0.24,0.24,0.24,11,11,11,11.27,-11.7,0.18,0.03,210.3,6.4,153,1,3,311,698,377,2,390,10.81,476.0,350,31.1,30.9,1.4,2.7,1056.7,0,14.82,0.3,9.7,10.9,9.7,10.5,10.9,9.2,10.9,10.7,41.8,41.2,13,19,8.0,9.8,33,34,34,0,0,0,6,6,4,0,6,10,6,26,34,29,19,19,19,44.94,44.69,45.23,32,320,3.3,0,0,0
10.28,64,0.24,0.24,0.24,11,11,11,10.72,-3.0,0.14,0.0,209.9,4.7,150,1,3,286,697,347,0,366,10.36,464.7,332,29.8,29.8,1.4,2.7,1496.8,0,15.97,0.3,9.8,11.1,9.8,10.5,11.0,9.3,10.8,10.6,41.7,41.0,13,19,8.0,9.7,32,33,34,0,0,0,6,6,4,0,6,10,6,26,34,28,19,19,19,44.94,44.69,45.24,32,310,3.2,0,0,0
11.84,232,0.24,0.24,0.24,11,11,12,12.3,-3.7,0.14,-0.05,209.6,5.7,158,1,3,424,697,513,-3,531,11.89,590.3,427,30.4,31.8,1.4,2.7,1724.5,0,16.32,0.2,9.8,11.0,9.8,10.6,10.9,9.2,10.6,10.4,41.6,41.1,13,19,7.8,9.7,33,34,35,0,0,0,6,6,4,0,6,10,6,26,34,29,19,19,19,44.94,44.69,45.24,32,310,3.2,0,0,0
12.73,104,0.24,0.24,0.24,11,12,12,13.42,6.6,0.12,0.02,209.8,7.4,151,1,3,534,699,648,3,670,12.82,704.4,501,31.8,31.6,1.4,2.7,2180.0,0,17.0,0.4,9.8,11.0,9.8,10.6,10.8,9.2,10.9,10.6,41.8,41.4,13,19,8.0,9.8,35,36,34,0,0,0,6,6,4,0,6,10,6,26,34,29,19,19,19,44.94,44.69,45.24,32,310,3.2,0,0,0
11.0,24,0.24,0.24,0.24,11,11,11,11.48,-13.9,0.21,0.01,210.3,5.5,162,1,3,351,698,425,-3,435,11.12,530.3,378,32.4,32.3,1.4,2.7,1867.1,0,16.53,0.4,9.9,11.1,10.0,10.5,11.1,9.3,10.9,10.6,41.8,41.3,13,19,8.0,9.8,35,36,34,0,0,0,6,6,4,0,6,10,6,26,34,28,19,19,19,44.94,44.69,45.24,32,320,3.2,0,0,0
13.22,176,0.24,0.24,0.24,12,11,12,13.66,5.1,0.07,0.01,210.0,7.3,149,1,3,598,701,727,4,751,13.31,753.8,541,32.3,33.2,1.4,2.7,2180.0,0,17.0,0.2,9.7,10.9,9.7,10.3,10.9,9.1,10.5,10.4,41.5,41.0,12,19,7.8,9.6,36,36,34,0,0,0,6,6,4,0,6,11,6,26,34,28,19,19,19,44.94,44.69,45.23,32,310,3.2,0,0,0
9.37,344,0.24,0.24,0.24,11,11,11,9.85,11.3,0.12,0.06,209.8,5.6,144,1,3,210,697,255,1,269,9.48,377.0,272,30.1,29.9,1.4,2.7,1039.3,0,14.74,0.2,9.8,11.0,9.8,10.5,10.9,9.2,10.9,10.7,41.7,41.1,13,19,8.0,9.7,32,33,34,0,0,0,6,6,4,0,6,10,6,26,34,29,19,19,19,44.94,44.69,45.23,32,310,3.2,0,0,0
9.5,272,0.24,0.24,0.24,11,11,11,9.94,15.2,0.06,0.0,209.7,5.3,143,1,3,222,696,269,0,281,9.6,382.3,278,30.0,30.1,1.4,2.7,1039.3,0,14.74,0.2,9.8,11.0,9.8,10.5,10.9,9.2,10.9,10.7,41.7,41.1,13,19,8.0,9.7,32,33,34,0,0,0,6,6,4,0,6,10,6,26,34,28,19,19,19,44.95,44.69,45.24,32,310,3.2,0,0,0
11.87,224,0.24,0.24,0.24,12,11,11,12.31,3.9,0.14,0.06,209.9,6.4,151,1,3,430,698,521,4,539,11.94,601.7,434,31.7,32.7,1.4,2.7,1856.8,0,16.51,0.4,10.0,11.2,10.0,10.7,11.2,9.5,11.0,10.7,41.9,41.4,13,19,8.1,9.8,35,35,35,0,0,0,6,6,4,0,6,10,6,26,34,28,19,19,19,44.95,44.69,45.23,32,310,3.2,0,0,0
12.33,176,0.24,0.24,0.24,12,12,11,13.0,-4.5,0.06,0.0,210.0,6.3,154,1,3,492,699,597,3,616,12.45,669.1,475,32.0,31.8,1.4,2.7,2180.0,0,17.0,0.3,9.8,11.0,9.8,10.6,10.9,9.2,10.7,10.6,41.8,41.4,13,19,8.0,9.8,35,36,34,0,0,0,6,6,4,0,6,10,6,26,34,29,19,19,19,44.94,44.69,45.24,32,320,3.3,0,0,0
12.98,32,0.24,0.24,0.24,11,12,12,13.56,7.2,0.09,0.06,210.3,7.4,152,1,3,572,699,694,4,718,13.11,737.2,524,31.8,31.3,1.4,2.7,2180.0,0,17.0,0.4,9.7,11.0,9.8,10.3,10.9,9.2,11.0,10.7,41.8,41.4,13,19,8.0,9.8,35,36,34,0,0,0,6,6,4,0,6,10,6,26,34,29,19,19,19,44.95,44.69,45.24,32,320,3.3,0,0,0
12.8,248,0.24,0.24,0.24,12,12,11,13.36,9.6,0.08,0.03,210.2,5.7,151,1,3,556,699,675,1,698,12.99,724.9,515,31.7,31.6,1.4,2.7,2180.0,0,17.0,0.4,9.7,11.0,9.8,10.4,10.9,9.2,11.0,10.6,41.8,41.4,12,19,8.0,9.8,35,36,34,0,0,0,6,6,4,0,6,10,6,26,34,29,19,19,19,44.94,44.69,45.23,32,310,3.2,0,0,0
11.7,160,0.24,0.24,0.24,12,11,11,12.22,1.3,0.11,-0.01,210.1,4.5,152,1,3,419,698,507,-2,529,11.82,586.2,424,32.8,32.6,1.4,2.7,1450.4,0,15.9,0.4,10.0,11.1,10.0,10.7,11.1,9.3,10.8,10.7,41.9,41.4,13,19,8.1,9.8,35,36,35,0,0,0,6,6,4,0,6,10,6,26,34,29,19,19,19,44.94,44.7,45.24,31,320,3.2,0,0,0
12.45,104,0.24,0.24,0.24,11,12,12,12.92,-10.2,0.12,-0.03,209.7,6.0,157,1,3,487,699,591,5,611,12.53,645.9,468,31.5,31.3,1.4,2.7,1056.7,0,14.82,0.4,9.7,10.9,9.8,10.3,10.8,9.2,10.9,10.7,41.8,41.3,13,19,8.0,9.8,34,34,34,0,0,0,6,6,4,0,6,10,6,26,34,28,19,19,19,44.95,44.69,45.24,32,320,3.2,0,0,0
9.66,40,0.24,0.24,0.24,11,11,11,10.18,9.0,0.12,0.07,209.7,4.7,142,1,3,235,698,285,-3,294,9.72,404.7,291,31.1,31.0,1.4,2.7,1211.4,0,15.51,0.3,9.7,11.0,9.7,10.4,10.9,9.2,10.9,10.7,41.8,41.1,13,19,8.0,9.7,33,34,34,0,0,0,6,6,4,0,6,10,6,26,34,29,19,19,19,44.94,44.69,45.24,32,310,3.3,0,0,0
11.61,112,0.24,0.24,0.24,11,11,11,12.11,-11.1,0.06,0.03,209.7,8.1,155,1,3,398,698,483,-3,501,11.72,563.2,409,31.1,31.1,1.4,2.7,1056.7,0,14.82,0.3,9.8,10.9,9.8,10.4,10.9,9.2,10.9,10.7,41.8,41.2,13,19,8.0,9.8,33,34,34,0,0,0,6,6,4,0,6,10,6,26,34,28,19,19,19,44.95,44.69,45.23,32,310,3.2,0,0,0
9.91,200,0.24,0.24,0.24,11,11,11,10.42,8.6,0.17,0.06,209.9,6.6,143,1,3,259,697,314,0,324,10.01,428.8,308,30.7,30.4,1.4,2.7,925.8,0,14.18,0.3,9.8,11.0,9.8,10.6,10.9,9.2,10.8,10.7,41.7,41.1,13,19,8.0,9.7,32,33,34,0,0,0,6,6,4,0,6,10,6,26,34,28,19,19,19,44.94,44.69,45.24,32,310,3.2,0,0,0
11.62,240,0.24,0.24,0.24,12,12,11,12.08,-12.5,0.11,-0.06,209.9,3.6,156,1,3,418,698,507,3,525,11.77,601.6,425,31.7,32.5,1.4,2.7,2180.0,0,17.0,0.2,9.8,10.9,9.8,10.5,11.0,9.2,10.5,10.3,41.5,41.1,12,19,7.8,9.6,36,36,34,0,0,0,6,6,4,0,6,10,6,26,34,28,19,19,19,44.94,44.69,45.24,32,310,3.2,0,0,0
11.28,224,0.24,0.24,0.24,11,11,11,11.83,7.0,0.11,-0.01,209.6,5.4,152,1,3,374,697,455,4,472,11.42,553.5,395,28.9,30.2,1.4,2.7,1760.6,0,16.37,0.2,9.8,11.1,9.8,10.5,11.0,9.3,10.7,10.5,41.6,41.1,12,19,7.8,9.7,32,33,34,0,0,0,6,6,4,0,6,10,6,26,34,29,19,19,19,44.94,44.69,45.23,32,320,3.2,0,0,0
10.84,352,0.24,0.24,0.24,12,11,11,11.37,11.7,0.17,0.01,209.8,5.9,146,1,3,338,697,411,2,429,10.98,520.2,370,29.3,29.4,1.4,2.7,1375.2,0,15.77,0.3,9.8,11.0,9.8,10.7,11.0,9.3,10.6,10.6,41.7,41.1,13,19,8.0,9.7,32,33,34,0,0,0,6,6,4,0,6,10,6,26,34,29,19,19,19,44.94,44.69,45.24,32,310,3.2,0,0,0
12.04,32,0.24,0.24,0.24,11,12,12,12.56,-15.2,0.09,0.05,210.1,6.0,159,1,3,448,699,544,-2,570,12.16,622.7,447,31.6,31.7,1.4,2.7,2180.0,0,17.0,0.4,9.8,11.0,9.8,10.5,10.9,9.2,10.8,10.6,41.8,41.4,12,19,8.0,9.8,35,36,34,0,0,0,6,6,4,0,6,10,6,26,34,28,19,19,19,44.94,44.69,45.24,32,320,3.2,0,0,0
13.06,208,0.24,0.24,0.24,11,12,12,13.58,-15.7,0.04,-0.02,210.2,6.1,161,1,3,583,699,707,-1,730,13.2,739.8,528,29.5,30.9,1.4,2.7,2180.0,0,17.0,0.4,10.2,11.3,10.2,10.8,11.2,9.6,11.0,10.8,42.0,41.6,13,19,8.1,10.0,33,33,35,0,0,0,6,6,4,0,6,10,6,26,34,29,19,19,19,44.95,44.7,45.23,33,320,3.3,0,0,0
9.91,264,0.24,0.24,0.24,11,11,11,10.36,12.7,0.04,0.06,209.7,5.1,142,1,3,248,697,301,0,312,9.98,421.5,304,30.7,30.3,1.4,2.7,925.8,0,14.18,0.2,9.8,11.0,9.8,10.7,10.9,9.2,10.7,10.7,41.7,41.0,12,19,8.0,9.7,33,33,34,0,0,0,6,6,4,0,6,10,6,26,34,29,19,19,19,44.95,44.69,45.23,32,310,3.3,0,0,0
11.24,144,0.24,0.24,0.24,11,11,11,11.69,9.0,0.17,0.03,209.7,5.7,148,1,3,367,697,445,-1,463,11.33,542.9,389,29.6,29.5,1.4,2.7,1375.2,0,15.77,0.3,9.8,11.0,9.8,10.5,10.9,9.3,10.7,10.6,41.7,41.1,13,19,8.0,9.7,32,32,34,0,0,0,6,6,4,0,6,10,6,26,34,29,19,19,19,44.95,44.69,45.24,32,320,3.3,0,0,0
13.01,0,0.24,0.24,0.24,12,12,12,13.55,-5.3,0.14,0.01,210.2,7.7,155,1,3,573,700,696,-2,722,13.15,729.2,526,29.7,31.2,1.4,2.7,2180.0,0,17.0,0.4,10.1,11.3,10.1,10.7,11.2,9.5,11.0,10.7,41.9,41.6,13,19,8.1,10.0,33,34,35,0,0,0,6,6,4,0,6,10,6,26,34,29,19,19,19,44.94,44.69,45.24,32,320,3.3,0,0,0
12.23,8,0.24,0.24,0.24,11,12,12,12.72,10.5,0.11,-0.02,209.9,7.5,148,1,3,471,699,572,2,585,12.34,637.1,458,31.1,32.1,1.4,2.7,1894.0,0,16.57,0.4,10.0,11.3,10.1,10.6,11.2,9.5,11.1,10.7,41.9,41.4,12,19,8.1,9.9,34,35,35,0,0,0,6,6,4,0,6,10,6,26,34,29,19,19,19,44.94,44.7,45.24,32,320,3.3,0,0,0
11.15,96,0.24,0.24,0.24,11,11,11,11.67,-11.0,0.14,0.01,209.6,5.7,160,1,3,365,697,442,4,459,11.29,540.8,386,30.9,32.0,1.4,2.7,2180.0,0,17.0,0.2,9.8,11.0,9.8,10.4,10.9,9.2,10.6,10.4,41.5,41.0,13,19,7.8,9.6,34,35,34,0,0,0,6,6,4,0,6,10,6,26,34,28,19,19,19,44.94,44.69,45.24,32,310,3.2,0,0,0
10.92,312,0.24,0.24,0.24,11,11,11,11.35,-13.8,0.18,0.01,209.8,5.2,163,1,3,342,698,415,2,429,11.04,522.8,373,32.2,32.2,1.5,2.7,1867.1,0,16.53,0.4,9.9,11.1,10.0,10.7,11.1,9.3,10.9,10.6,41.8,41.3,13,19,8.0,9.8,35,36,34,0,0,0,6,6,4,0,6,10,6,26,34,28,19,19,19,44.94,44.69,45.23,32,310,3.2,0,0,0
10.1,264,0.24,0.24,0.24,11,11,11,10.67,7.4,0.06,0.06,209.6,6.0,142,1,3,267,698,324,-1,337,10.19,443.7,317,31.1,31.0,1.5,2.7,1211.4,0,15.51,0.3,9.8,11.0,9.8,10.5,10.8,9.2,10.8,10.7,41.7,41.1,12,19,8.0,9.7,33,34,34,0,0,0,6,6,4,0,6,10,6,26,34,29,19,19,19,44.95,44.69,45.24,32,320,3.2,0,0,0
11.67,160,0.24,0.24,0.24,12,11,11,12.23,14.7,0.17,-0.03,210.0,6.1,147,1,3,411,697,498,-2,517,11.74,582.2,419,32.7,32.9,1.4,2.7,1450.4,0,15.9,0.4,10.0,11.1,10.0,10.7,11.1,9.3,10.9,10.7,41.9,41.4,13,19,8.1,9.8,36,37,35,0,0,0,6,6,4,0,6,10,6,26,34,29,19,19,19,44.94,44.69,45.24,32,310,3.3,0,0,0
11.6,240,0.24,0.24,0.24,11,11,11,12.09,-12.4,0.17,0.03,210.1,4.9,161,1,3,411,699,499,0,516,11.74,591.0,421,32.0,31.9,1.4,2.7,1990.0,0,16.53,0.4,9.9,11.1,9.9,10.6,11.0,9.3,10.8,10.6,41.8,41.3,13,19,8.0,9.8,35,36,34,0,0,0,6,6,4,0,6,10,6,26,34,29,19,19,19,44.94,44.69,45.24,32,310,3.2,0,0,0
11.74,296,0.24,0.24,0.24,12,12,11,12.22,-10.0,0.17,0.06,210.4,6.2,154,1,3,418,698,507,3,529,11.86,594.5,425,32.0,32.6,1.4,2.7,1856.8,0,16.51,0.4,10.0,11.3,10.0,10.6,11.2,9.5,11.0,10.7,41.9,41.4,13,19,8.1,9.8,35,35,35,0,0,0,6,6,4,0,6,10,6,26,34,29,19,19,19,44.95,44.69,45.24,32,310,3.2,0,0,0
12.08,320,0.24,0.24,0.24,11,12,11,12.63,-14.8,0.2,-0.01,209.7,6.8,160,1,3,453,699,550,4,575,12.2,629.1,450,32.3,32.0,1.5,2.7,2180.0,0,17.0,0.4,9.8,11.0,9.9,10.7,10.9,9.2,10.9,10.6,41.8,41.4,12,19,8.0,9.8,35,36,34,0,0,0,6,6,4,0,6,10,6,26,34,28,19,19,19,44.94,44.69,45.24,32,320,3.2,0,0,0
9.63,56,0.24,0.24,0.24,11,11,11,10.02,16.1,0.11,0.02,209.9,5.8,142,1,3,227,696,275,-2,287,9.71,388.5,282,30.2,29.8,1.4,2.7,1039.3,0,14.74,0.3,9.8,11.0,9.8,10.5,10.9,9.2,11.0,10.7,41.7,41.2,12,19,8.0,9.7,32,33,34,0,0,0,6,6,4,0,6,10,6,26,34,29,19,19,19,44.94,44.69,45.24,32,310,3.2,0,0,0
12.5,248,0.24,0.24,0.24,12,12,11,13.11,2.6,0.17,0.06,209.9,6.8,152,1,3,520,699,630,4,655,12.67,696.1,492,31.5,31.4,1.4,2.7,2180.0,0,17.0,0.4,9.8,11.0,9.8,10.6,10.9,9.2,10.9,10.6,41.8,41.4,13,19,8.0,9.8,35,36,34,0,0,0,6,6,4,0,6,10,6,26,34,29,19,19,19,44.95,44.69,45.24,32,320,3.3,0,0,0
12.7,32,0.24,0.24,0.24,11,12,12,13.34,9.4,0.16,0.06,210.1,6.3,150,1,3,541,699,656,1,677,12.86,709.0,504,31.8,31.6,1.4,2.7,2180.0,0,17.0,0.4,9.7,11.0,9.8,10.5,10.8,9.2,10.9,10.6,41.8,41.4,13,19,8.0,9.8,35,36,34,0,0,0,6,6,4,0,6,10,6,26,34,28,19,19,19,44.94,44.69,45.24,32,320,3.3,0,0,0
10.66,240,0.24,0.24,0.24,11,11,11,11.19,21.6,0.04,0.01,209.8,2.8,151,1,3,311,697,377,-2,389,10.75,485.4,349,33.0,32.7,1.4,2.7,1504.0,0,15.98,0.4,10.0,11.1,10.0,10.5,11.1,9.3,10.9,10.7,41.9,41.4,12,19,8.0,9.8,35,36,35,0,0,0,6,6,4,0,6,10,6,26,34,29,19,19,19,44.94,44.69,45.23,32,310,3.2,0,0,0
12.3,168,0.24,0.24,0.24,12,12,11,12.8,-6.0,0.14,0.01,209.7,4.9,153,1,3,491,699,596,3,614,12.42,668.9,475,32.2,33.0,1.4,2.7,2180.0,0,17.0,0.2,9.7,10.9,9.7,10.6,10.9,9.2,10.7,10.4,41.6,41.1,13,19,7.8,9.6,36,36,34,0,0,0,6,6,4,0,6,11,6,26,34,29,19,19,19,44.95,44.69,45.24,32,310,3.3,0,0,0
11.66,232,0.24,0.24,0.24,11,12,11,12.13,-1.7,0.11,0.02,209.9,6.4,156,1,3,412,698,501,-2,524,11.8,590.5,422,29.7,30.8,1.4,2.7,1760.6,0,16.37,0.2,9.8,11.0,9.8,10.6,10.9,9.3,10.7,10.5,41.6,41.1,13,19,7.8,9.7,33,33,34,0,0,0,6,6,4,0,6,10,6,26,34,28,19,19,19,44.94,44.69,45.24,32,310,3.2,0,0,0
9.99,152,0.24,0.24,0.24,11,11,11,10.42,2.2,0.17,-0.01,209.5,3.6,151,1,3,263,697,318,1,331,10.1,437.6,311,28.8,29.9,1.4,2.7,1416.4,0,15.84,0.3,9.8,11.1,9.9,10.5,11.0,9.3,11.0,10.5,41.6,41.0,12,19,7.8,9.7,31,31,34,0,0,0,6,6,4,0,6,10,6,26,34,28,19,19,19,44.95,44.7,45.24,32,310,3.2,0,0,0
9.39,272,0.24,0.24,0.24,11,11,11,9.91,8.4,0.14,0.01,209.8,5.2,147,1,3,216,697,262,-2,275,9.5,383.4,274,30.3,30.1,1.4,2.7,1406.8,0,14.74,0.3,9.9,11.1,9.9,10.5,11.0,9.3,10.7,10.6,41.7,41.1,13,19,8.0,9.7,32,33,34,0,0,0,6,6,4,0,6,10,6,26,34,28,19,19,19,44.95,44.69,45.24,32,310,3.2,0,0,0
11.67,304,0.24,0.24,0.24,11,11,11,12.13,-1.8,0.25,-0.03,209.8,5.2,154,1,3,419,697,508,-2,527,11.8,594.2,423,33.3,32.9,1.4,2.7,1450.4,0,15.9,0.4,9.9,11.2,10.0,10.5,11.1,9.3,11.0,10.7,41.9,41.4,13,19,8.1,9.8,36,36,35,0,0,0,6,6,4,0,6,10,6,26,34,29,19,19,19,44.94,44.69,45.23,32,320,3.2,0,0,0
12.69,240,0.24,0.24,0.24,12,12,11,13.28,0.8,0.09,0.03,209.7,6.2,150,1,3,539,699,654,5,685,12.84,716.2,507,32.3,33.1,1.4,2.7,2180.0,0,17.0,0.2,9.7,10.9,9.7,10.4,10.9,9.2,10.7,10.4,41.5,41.1,13,19,7.8,9.6,36,36,34,0,0,0,6,6,4,0,6,11,6,26,34,29,19,19,19,44.95,44.69,45.24,32,310,3.3,0,0,0
11.77,312,0.24,0.24,0.24,11,12,11,12.44,-8.3,0.17,0.0,209.9,5.4,159,1,3,426,698,516,2,538,11.9,604.3,430,32.0,31.8,1.4,2.7,2180.0,0,17.0,0.4,9.8,11.1,9.9,10.6,11.0,9.3,10.7,10.5,41.8,41.4,12,19,8.0,9.8,35,36,34,0,0,0,6,6,4,0,6,10,6,26,34,28,19,19,19,44.95,44.69,45.24,32,310,3.2,0,0,0
10.55,312,0.24,0.24,0.24,11,11,11,11.02,1.5,0.14,-0.01,209.7,2.8,158,1,3,303,697,367,-3,378,10.65,478.2,345,32.6,32.5,1.4,2.7,1504.0,0,15.98,0.4,9.9,11.1,10.0,10.6,11.1,9.3,10.9,10.7,41.9,41.4,13,19,8.0,9.8,35,36,35,0,0,0,6,6,4,0,6,10,6,26,34,29,19,19,19,44.94,44.69,45.24,32,310,3.3,0,0,0
10.13,192,0.24,0.24,0.24,11,11,11,10.64,13.8,0.07,0.06,209.9,6.1,140,1,3,270,698,327,-2,343,10.22,441.5,318,31.1,30.7,1.4,2.7,925.8,0,14.18,0.3,9.8,11.0,9.7,10.4,10.9,9.2,10.8,10.7,41.7,41.2,13,19,8.0,9.7,33,34,34,0,0,0,6,6,4,0,6,10,6,26,34,29,19,19,19,44.94,44.69,45.23,32,310,3.2,0,0,0
9.97,48,0.24,0.24,0.24,11,11,11,10.48,12.0,0.11,0.01,210.0,5.4,141,1,3,258,697,312,-2,327,10.09,427.9,309,30.4,30.3,1.4,2.7,925.8,0,14.18,0.3,9.8,11.0,9.8,10.3,10.9,9.2,11.0,10.7,41.7,41.1,13,19,8.0,9.7,33,33,34,0,0,0,6,6,4,0,6,10,6,26,34,29,19,19,19,44.94,44.69,45.24,32,310,3.3,0,0,0
11.7,224,0.24,0.24,0.24,12,11,11,12.21,-3.2,0.11,0.01,209.9,4.1,151,1,3,419,698,507,4,526,11.83,595.1,427,31.8,32.7,1.4,2.7,1856.8,0,16.51,0.4,10.0,11.2,10.0,10.6,11.1,9.5,10.9,10.7,41.9,41.4,13,19,8.1,9.8,35,36,35,0,0,0,6,6,4,0,6,10,6,26,34,29,19,19,19,44.95,44.69,45.24,32,320,3.2,0,0,0
10.5,112,0.24,0.24,0.24,11,11,11,10.93,-9.2,0.23,-0.03,210.3,6.7,152,1,3,293,698,355,4,367,10.58,453.7,333,31.5,31.0,1.4,2.7,1056.7,0,14.82,0.3,9.7,10.9,9.7,10.4,10.9,9.2,11.0,10.7,41.8,41.2,13,19,8.0,9.8,33,34,34,0,0,0,6,6,4,0,6,10,6,26,34,28,19,19,19,44.94,44.69,45.24,32,310,3.2,0,0,0
9.27,272,0.24,0.24,0.24,11,11,10,9.68,14.7,0.12,0.06,209.9,5.4,145,1,3,208,697,252,-2,258,9.39,375.0,268,30.1,29.9,1.4,2.7,1039.3,0,14.74,0.3,9.8,11.0,9.9,10.4,11.0,9.3,10.9,10.6,41.7,41.1,13,19,8.0,9.7,32,33,34,0,0,0,6,6,4,0,6,10,6,26,34,29,19,19,19,44.95,44.69,45.23,32,310,3.2,0,0,0
13.05,208,0.24,0.24,0.24,11,12,12,13.7,-16.2,0.11,0.01,210.3,6.2,163,1,3,571,699,693,-2,717,13.14,729.1,524,29.1,30.2,1.4,2.7,2180.0,0,17.0,0.4,10.2,11.3,10.2,10.7,11.3,9.6,10.8,10.7,42.0,41.6,13,19,8.1,10.0,33,34,35,0,0,0,6,6,4,0,6,10,6,26,34,29,19,19,19,44.94,44.7,45.24,32,320,3.3,0,0,0
11.81,88,0.24,0.24,0.24,11,12,11,12.34,-3.7,0.1,0.0,209.6,6.4,157,1,3,430,698,521,0,538,11.92,604.0,432,30.2,31.3,1.4,2.7,1724.5,0,16.32,0.2,9.8,11.0,9.8,10.6,11.0,9.2,10.5,10.4,41.6,41.1,13,19,7.8,9.7,33,34,35,0,0,0,6,6,4,0,6,10,6,26,34,28,19,19,19,44.95,44.69,45.24,32,310,3.2,0,0,0
11.6,96,0.24,0.24,0.24,11,11,11,12.18,-13.8,0.17,0.03,209.9,5.8,162,1,3,404,699,491,0,511,11.67,580.0,415,32.2,31.9,1.4,2.7,1867.1,0,16.53,0.4,9.9,11.1,9.9,10.5,11.0,9.3,10.9,10.6,41.8,41.3,12,19,8.0,9.8,35,36,34,0,0,0,6,6,4,0,6,10,6,26,34,29,19,19,19,44.95,44.69,45.24,32,320,3.3,0,0,0
11.49,96,0.24,0.24,0.24,11,11,11,11.88,-11.3,0.11,0.01,210.0,4.8,161,1,3,391,699,474,-2,499,11.59,570.6,408,32.3,31.9,1.4,2.7,1867.1,0,16.53,0.4,9.9,11.1,9.9,10.6,11.1,9.3,10.9,10.6,41.8,41.3,13,19,8.0,9.8,35,36,34,0,0,0,6,6,4,0,6,10,6,26,34,29,19,19,19,44.95,44.69,45.24,32,320,3.3,0,0,0
9.77,192,0.24,0.24,0.24,11,11,11,10.17,-0.8,0.12,-0.07,209.6,6.1,146,1,3,239,697,290,3,295,9.81,402.2,292,30.9,31.1,1.4,2.7,1211.4,0,15.51,0.3,9.7,11.0,9.7,10.4,10.9,9.2,10.8,10.7,41.8,41.2,13,19,8.0,9.7,33,34,34,0,0,0,6,6,4,0,6,10,6,26,34,29,19,19,19,44.94,44.69,45.23,32,310,3.2,0,0,0
10.12,48,0.24,0.24,0.24,11,11,11,10.72,16.7,0.11,0.02,209.8,5.6,139,1,3,270,698,327,-3,341,10.2,439.2,317,30.6,30.6,1.4,2.7,925.8,0,14.18,0.3,9.8,11.0,9.8,10.4,10.9,9.2,10.8,10.7,41.7,41.2,13,19,8.0,9.7,33,34,34,0,0,0,6,6,4,0,6,10,6,26,34,28,19,19,19,44.94,44.69,45.23,31,310,3.2,0,0,0
12.67,144,0.24,0.24,0.24,12,11,12,13.14,7.2,0.09,0.06,210.3,5.5,148,1,3,520,699,631,4,655,12.7,676.6,490,31.0,32.0,1.4,2.7,1894.0,0,16.57,0.4,10.1,11.3,10.1,10.9,11.2,9.5,10.9,10.7,41.9,41.4,12,19,8.1,9.9,34,34,35,0,0,0,6,6,4,0,6,10,6,26,34,29,19,19,19,44.94,44.69,45.24,32,320,3.3,0,0,0
11.06,96,0.24,0.24,0.24,11,11,11,11.57,-14.6,0.04,0.01,210.1,4.6,163,1,3,347,698,421,2,440,11.17,527.6,376,32.3,32.1,1.4,2.7,1867.1,0,16.53,0.4,9.9,11.1,10.0,10.5,11.1,9.3,10.9,10.6,41.8,41.3,13,19,8.0,9.8,35,36,34,0,0,0,6,6,4,0,6,10,6,26,34,29,19,19,19,44.94,44.69,45.24,32,320,3.3,0,0,0
11.62,88,0.24,0.24,0.24,11,11,11,12.09,2.3,0.11,-0.02,209.6,6.4,155,1,3,407,697,492,4,513,11.71,586.2,418,29.3,30.7,1.4,2.7,1760.6,0,16.37,0.2,9.8,11.0,9.8,10.7,10.9,9.3,10.6,10.5,41.6,41.1,13,19,7.8,9.7,32,33,34,0,0,0,6,6,4,0,6,10,6,26,34,29,19,19,19,44.94,44.69,45.24,32,310,3.3,0,0,0
9.82,64,0.24,0.24,0.24,11,11,11,10.32,-1.1,0.11,0.06,209.5,4.5,151,1,3,248,697,300,0,309,9.92,420.2,303,30.0,29.9,1.4,2.7,1496.8,0,15.97,0.3,9.8,11.0,9.8,10.5,11.0,9.3,10.8,10.6,41.7,41.0,12,19,8.0,9.7,32,33,34,0,0,0,6,6,4,0,6,10,6,26,34,28,19,19,19,44.95,44.69,45.24,32,310,3.2,0,0,0
10.55,232,0.24,0.24,0.24,11,11,11,10.99,-7.7,0.09,0.05,210.1,3.2,161,1,3,304,697,368,0,378,10.64,478.0,342,32.6,32.6,1.4,2.7,1504.0,0,15.98,0.4,9.9,11.1,10.0,10.6,11.1,9.3,10.9,10.7,41.9,41.4,12,19,8.0,9.8,35,36,35,0,0,0,6,6,4,0,6,10,6,26,34,28,19,19,19,44.94,44.69,45.24,32,310,3.2,0,0,0
11.68,296,0.24,0.24,0.24,11,12,11,12.2,-10.4,0.14,0.06,210.5,4.1,153,1,3,413,698,500,1,525,11.81,594.1,424,32.0,32.9,1.4,2.7,1856.8,0,16.51,0.4,10.0,11.2,10.0,10.6,11.1,9.5,10.9,10.7,41.9,41.4,13,19,8.1,9.8,35,36,35,0,0,0,6,6,4,0,6,10,6,26,34,29,19,19,19,44.95,44.69,45.23,32,310,3.2,0,0,0
9.89,272,0.24,0.24,0.24,11,11,11,10.3,-7.7,0.09,0.02,209.6,4.9,153,1,3,255,696,309,4,324,10.04,428.5,305,30.1,29.9,1.4,2.7,1496.8,0,15.97,0.3,9.8,11.0,9.8,10.5,11.0,9.3,10.9,10.6,41.7,41.0,12,19,8.0,9.7,32,33,34,0,0,0,6,6,4,0,6,10,6,26,34,28,19,19,19,44.95,44.69,45.24,31,310,3.2,0,0,0
11.79,152,0.24,0.24,0.24,11,11,11,12.33,-3.8,0.07,0.01,209.9,5.1,154,1,3,419,698,509,0,529,11.87,599.0,429,33.2,33.0,1.4,2.7,1450.4,0,15.9,0.4,10.0,11.2,10.0,10.5,11.1,9.3,10.8,10.7,41.9,41.4,13,19,8.1,9.8,36,36,35,0,0,0,6,6,4,0,6,10,6,26,34,29,19,19,19,44.95,44.69,45.23,32,310,3.2,0,0,0
12.87,144,0.24,0.24,0.24,12,12,11,13.41,-5.7,0.13,0.05,210.1,5.6,155,1,3,554,699,673,-3,697,12.97,718.6,514,30.1,31.6,1.4,2.6,1894.0,0,16.57,0.4,10.1,11.3,10.1,10.6,11.2,9.5,11.0,10.7,41.9,41.6,13,19,8.1,10.0,34,34,35,0,0,0,6,6,4,0,6,10,6,26,34,29,19,19,19,44.95,44.69,45.23,32,310,3.2,0,0,0
12.87,0,0.24,0.24,0.24,11,11,12,13.36,-10.1,0.06,0.01,209.8,6.3,156,1,3,554,699,672,1,697,13.0,714.1,511,30.5,31.6,1.4,2.7,1894.0,0,16.57,0.4,10.1,11.3,10.1,10.6,11.2,9.5,11.0,10.7,41.9,41.6,13,19,8.1,10.0,34,34,35,0,0,0,6,6,4,0,6,10,6,26,34,29,19,19,19,44.95,44.69,45.23,32,320,3.3,0,0,0
10.95,40,0.24,0.24,0.24,11,11,11,11.34,-10.6,0.11,0.05,209.9,6.6,153,1,3,332,697,402,-3,421,11.03,500.4,365,31.5,31.1,1.4,2.7,1056.7,0,14.82,0.3,9.8,10.9,9.7,10.5,10.9,9.2,10.7,10.7,41.8,41.2,13,19,8.0,9.8,33,34,34,0,0,0,6,6,4,0,6,10,6,26,34,29,19,19,19,44.94,44.69,45.23,32,310,3.2,0,0,0
10.94,24,0.24,0.24,0.24,11,11,11,11.34,-11.8,0.09,0.02,209.9,5.1,163,1,3,341,698,414,4,431,11.07,519.7,370,32.3,32.1,1.4,2.7,1867.1,0,16.53,0.4,9.9,11.1,10.0,10.8,11.1,9.3,10.8,10.6,41.8,41.3,12,19,8.0,9.8,35,36,34,0,0,0,6,6,4,0,6,10,6,26,34,29,19,19,19,44.94,44.69,45.23,32,320,3.2,0,0,0
11.59,312,0.24,0.24,0.24,11,11,11,12.11,-13.8,0.13,0.01,210.0,4.8,161,1,3,405,699,491,-3,512,11.72,586.3,416,32.1,31.8,1.5,2.7,1890.0,0,16.53,0.4,9.9,11.1,9.9,10.6,11.0,9.3,10.9,10.6,41.8,41.3,13,19,8.0,9.8,35,36,34,0,0,0,6,6,4,0,6,10,6,26,34,28,19,19,19,44.94,44.69,45.24,32,310,3.2,0,0,0
11.73,80,0.24,0.24,0.24,11,11,12,12.27,18.9,0.15,0.03,210.0,6.1,145,1,3,424,697,513,0,525,11.88,593.0,429,32.9,33.1,1.4,2.7,1450.4,0,15.9,0.4,10.0,11.1,10.0,10.7,11.1,9.4,11.0,10.7,41.9,41.5,13,19,8.1,9.8,36,37,35,0,0,0,6,6,4,0,6,10,6,26,34,29,19,19,19,44.94,44.69,45.24,32,310,3.3,0,0,0
11.07,232,0.24,0.24,0.24,11,11,11,11.56,9.3,0.1,0.03,210.2,5.0,150,1,3,350,697,425,0,435,11.18,520.2,375,33.0,32.9,1.4,2.7,1504.0,0,15.98,0.4,9.9,11.1,10.0,10.7,11.1,9.3,11.0,10.7,41.9,41.4,13,19,8.1,9.8,35,36,35,0,0,0,6,6,4,0,6,10,6,26,34,28,19,19,19,44.94,44.69,45.24,32,310,3.2,0,0,0
11.98,248,0.24,0.24,0.24,11,11,11,12.5,-12.0,0.06,0.03,210.1,7.3,158,1,3,448,699,544,-2,567,12.12,624.3,445,31.7,31.7,1.4,2.7,2180.0,0,17.0,0.4,9.8,11.0,9.8,10.4,10.9,9.2,10.9,10.6,41.8,41.4,13,19,8.0,9.8,35,36,34,0,0,0,6,6,4,0,6,10,6,26,34,28,19,19,19,44.94,44.69,45.24,32,310,3.2,0,0,0
11.22,184,0.24,0.24,0.24,11,11,11,11.67,-11.1,0.12,-0.04,209.7,6.1,154,1,3,353,698,428,-3,445,11.27,520.6,380,31.5,31.3,1.4,2.7,1056.7,0,14.82,0.3,9.8,10.9,9.8,10.5,10.9,9.2,10.7,10.7,41.8,41.2,13,19,8.0,9.8,33,34,34,0,0,0,6,6,4,0,6,10,6,26,34,29,19,19,19,44.95,44.69,45.24,32,310,3.2,0,0,0
10.03,56,0.24,0.24,0.24,11,11,11,10.59,11.1,0.11,0.0,209.8,4.5,142,1,3,257,697,311,-1,328,10.12,423.7,308,30.2,30.2,1.4,2.7,1039.3,0,14.74,0.3,9.8,11.0,9.8,10.7,10.9,9.2,10.9,10.7,41.7,41.1,13,19,8.0,9.7,32,33,34,0,0,0,6,6,4,0,6,10,6,26,34,29,19,19,19,44.94,44.69,45.23,32,310,3.2,0,0,0
10.81,232,0.24,0.24,0.24,11,11,11,11.27,17.4,0.12,-0.03,210.0,6.9,149,1,3,327,697,396,1,410,10.93,500.8,361,33.1,32.7,1.4,2.7,1504.0,0,15.98,0.4,9.9,11.1,10.0,10.5,11.1,9.3,11.0,10.7,41.9,41.4,13,19,8.0,9.8,35,36,34,0,0,0,6,6,4,0,6,10,6,26,34,29,19,19,19,44.95,44.69,45.23,32,310,3.2,0,0,0
13.01,352,0.24,0.24,0.24,12,12,11,13.55,-16.0,0.14,0.06,210.4,6.3,161,1,3,580,700,704,1,728,13.13,739.2,527,29.2,30.7,1.4,2.7,2180.0,0,17.0,0.4,10.2,11.3,10.2,10.9,11.2,9.6,10.9,10.8,42.0,41.6,12,19,8.1,10.0,33,33,35,0,0,0,6,6,4,0,6,10,6,26,34,29,19,19,19,44.95,44.7,45.23,32,320,3.3,0,0,0
11.22,72,0.24,0.24,0.24,11,11,11,11.62,-0.4,0.09,0.03,210.1,6.3,152,1,3,366,698,444,0,457,11.3,540.6,389,29.0,29.2,1.4,2.7,1416.4,0,15.84,0.3,9.8,11.0,9.8,10.4,11.0,9.3,10.9,10.5,41.6,41.0,12,19,7.8,9.7,31,32,34,0,0,0,6,6,4,0,6,10,6,26,34,29,19,19,19,44.95,44.69,45.23,32,310,3.2,0,0,0
10.95,80,0.24,0.24,0.24,12,11,11,11.47,2.3,0.19,-0.02,209.6,5.6,152,1,3,340,697,412,3,430,11.02,523.9,373,28.8,30.4,1.4,2.7,1760.6,0,16.37,0.2,9.8,11.1,9.8,10.5,11.0,9.3,10.8,10.5,41.6,41.0,12,19,7.8,9.7,32,32,34,0,0,0,6,6,4,0,6,10,6,26,34,29,19,19,19,44.94,44.69,45.24,32,310,3.3,0,0,0
9.88,200,0.24,0.24,0.24,11,11,11,10.44,-6.7,0.12,0.03,210.1,4.6,152,1,3,255,696,309,2,324,10.06,434.9,309,29.5,29.7,1.4,2.7,1496.8,0,15.97,0.3,9.8,11.1,9.8,10.5,11.0,9.3,10.9,10.6,41.7,41.0,13,19,8.0,9.7,32,33,34,0,0,0,6,6,4,0,6,10,6,26,34,29,19,19,19,44.95,44.69,45.24,32,310,3.2,0,0,0
10.04,48,0.24,0.24,0.24,11,11,11,10.53,4.3,0.06,0.01,209.5,6.0,143,1,3,260,698,316,-1,330,10.12,436.7,312,30.8,30.9,1.4,2.7,1211.4,0,15.51,0.2,9.8,11.0,9.8,10.6,10.8,9.2,10.8,10.7,41.7,41.1,13,19,8.0,9.7,33,34,34,0,0,0,6,6,4,0,6,10,6,26,34,28,19,19,19,44.94,44.69,45.23,32,310,3.2,0,0,0
11.7,240,0.24,0.24,0.24,11,12,11,12.24,-7.3,0.17,0.04,209.8,6.2,159,1,3,426,699,517,0,535,11.88,601.6,429,32.2,32.2,1.4,2.7,2180.0,0,17.0,0.4,9.8,11.1,9.8,10.6,11.0,9.3,10.8,10.6,41.8,41.3,13,19,8.0,9.8,35,36,34,0,0,0,6,6,4,0,6,10,6,26,34,29,19,19,19,44.94,44.69,45.24,32,320,3.2,0,0,0
11.83,304,0.24,0.24,0.24,11,12,12,12.34,-3.1,0.1,0.05,209.6,6.3,156,1,3,429,697,519,0,540,11.93,603.3,433,30.1,31.0,1.4,2.7,1724.5,0,16.32,0.2,9.8,11.0,9.8,10.5,10.9,9.2,10.7,10.5,41.6,41.1,12,19,7.8,9.7,33,33,34,0,0,0,6,6,4,0,6,10,6,26,34,28,19,19,19,44.94,44.69,45.24,32,310,3.2,0,0,0
11.77,96,0.24,0.24,0.24,11,12,11,12.31,-6.8,0.2,0.01,209.9,5.6,159,1,3,426,699,516,4,535,11.87,601.1,432,32.3,31.9,1.4,2.7,2180.0,0,17.0,0.4,9.8,11.1,9.9,10.6,11.0,9.3,10.8,10.5,41.8,41.4,13,19,8.0,9.8,35,36,34,0,0,0,6,6,4,0,6,10,6,26,34,29,19,19,19,44.94,44.69,45.24,32,310,3.3,0,0,0
12.15,320,0.24,0.24,0.24,11,12,12,12.73,-6.7,0.12,0.05,209.9,7.3,155,1,3,473,699,574,-1,593,12.3,652.1,461,31.6,31.6,1.5,2.7,2180.0,0,17.0,0.3,9.8,11.0,9.8,10.5,10.9,9.2,10.7,10.6,41.8,41.4,13,19,8.0,9.8,35,36,34,0,0,0,6,6,4,0,6,10,6,26,34,28,19,19,19,44.94,44.69,45.23,33,310,3.2,0,0,0
11.74,224,0.24,0.24,0.24,12,11,11,12.29,-3.5,0.12,0.05,209.9,4.1,154,1,3,420,697,509,-2,532,11.85,599.5,427,33.0,32.6,1.4,2.7,1450.4,0,15.9,0.4,10.0,11.2,10.0,10.5,11.1,9.3,10.9,10.7,41.9,41.4,13,19,8.1,9.8,36,36,35,0,0,0,6,6,4,0,6,10,6,26,34,28,19,19,19,44.94,44.69,45.23,32,310,3.2,0,0,0
10.95,64,0.24,0.24,0.24,11,11,11,11.36,7.4,0.01,0.01,209.6,6.3,149,1,3,327,697,397,1,416,11.0,502.0,363,29.1,29.1,1.4,2.7,1613.2,0,16.15,0.2,9.9,11.0,9.8,10.6,11.0,9.3,10.6,10.5,41.6,41.0,13,19,8.0,9.7,32,32,34,0,0,0,6,6,4,0,6,10,6,26,34,29,19,19,19,44.95,44.69,45.24,32,310,3.3,0,0,0
11.06,96,0.24,0.24,0.24,11,11,11,11.62,-3.0,0.06,-0.02,209.9,6.7,158,1,3,353,697,428,-3,440,11.22,532.9,380,30.8,31.8,1.4,2.7,1724.5,0,16.32,0.2,9.8,11.0,9.8,10.4,10.9,9.2,10.7,10.4,41.5,41.0,13,19,7.8,9.6,34,35,34,0,0,0,6,6,4,0,6,10,6,26,34,28,19,19,19,44.95,44.69,45.24,32,310,3.2,0,0,0
11.8,16,0.24,0.24,0.24,12,11,11,12.43,0.7,0.11,0.01,209.7,5.5,156,1,3,429,697,519,-3,543,11.93,604.7,432,30.4,31.4,1.4,2.7,1724.5,0,16.32,0.3,9.8,11.0,9.8,10.3,11.0,9.2,10.7,10.4,41.6,41.1,12,19,7.8,9.7,33,33,34,0,0,0,6,6,4,0,6,10,6,26,34,29,19,19,19,44.94,44.69,45.24,32,310,3.2,0,0,0
12.51,72,0.24,0.24,0.24,11,12,12,13.08,7.9,0.16,-0.03,210.5,7.1,148,1,3,505,699,613,2,635,12.65,668.3,483,31.1,32.3,1.4,2.7,1894.0,0,16.57,0.4,10.1,11.3,10.1,10.8,11.2,9.5,11.0,10.7,41.9,41.4,13,19,8.1,9.9,34,35,35,0,0,0,6,6,4,0,6,10,6,26,34,29,19,19,19,44.94,44.69,45.24,32,310,3.2,0,0,0
11.41,328,0.24,0.24,0.24,11,11,11,11.89,-11.3,0.11,-0.04,209.7,5.9,154,1,3,378,698,458,-2,472,11.48,545.6,398,31.1,30.9,1.4,2.7,1056.7,0,14.82,0.3,9.8,10.9,9.8,10.5,10.9,9.2,10.8,10.7,41.8,41.2,13,19,8.0,9.8,33,34,34,0,0,0,6,6,4,0,6,10,6,26,34,29,19,19,19,44.95,44.69,45.23,32,310,3.2,0,0,0
9.93,192,0.24,0.24,0.24,11,11,11,10.54,4.9,0.11,0.0,209.8,4.0,143,1,3,252,698,306,-1,324,10.02,431.2,308,30.7,30.6,1.4,2.7,1211.4,0,15.51,0.2,9.8,11.0,9.7,10.6,10.8,9.2,10.8,10.7,41.7,41.1,13,19,8.0,9.7,33,34,34,0,0,0,6,6,4,0,6,10,6,26,34,28,19,19,19,44.94,44.69,45.23,32,310,3.2,0,0,0
11.2,168,0.24,0.24,0.24,11,11,11,11.66,-9.2,0.06,0.06,209.6,5.6,159,1,3,361,697,437,2,455,11.28,538.7,386,31.2,32.1,1.4,2.7,2080.0,0,16.32,0.2,9.8,11.0,9.8,10.4,10.9,9.2,10.6,10.4,41.5,41.0,13,19,7.8,9.6,34,35,34,0,0,0,6,6,4,0,6,10,6,26,34,29,19,19,19,44.94,44.69,45.24,32,310,3.2,0,0,0
13.03,184,0.24,0.24,0.24,11,12,12,13.55,-7.6,-0.03,-0.05,209.7,6.1,157,1,3,564,699,684,1,713,13.11,716.4,518,31.4,31.2,1.4,2.7,1256.7,0,17.0,0.4,9.7,10.9,9.7,10.3,10.8,9.2,10.9,10.7,41.8,41.3,13,19,8.0,9.8,34,35,34,0,0,0,6,6,4,0,6,10,6,26,34,29,19,19,19,44.95,44.69,45.23,31,310,3.3,0,0,0
10.79,160,0.24,0.24,0.24,11,11,11,11.26,19.9,0.12,0.03,210.2,7.1,149,1,3,325,697,394,2,410,10.93,498.7,359,33.0,32.8,1.4,2.7,1504.0,0,15.98,0.4,9.9,11.1,10.0,10.5,11.1,9.3,11.0,10.7,41.9,41.4,13,19,8.0,9.8,35,36,34,0,0,0,6,6,4,0,6,10,6,26,34,28,19,19,19,44.95,44.69,45.23,32,320,3.2,0,0,0
11.69,224,0.24,0.24,0.24,12,11,11,12.39,0.6,0.06,0.1,210.3,4.8,149,1,3,420,698,509,1,533,11.86,602.0,430,31.9,32.7,1.4,2.7,1856.8,0,16.51,0.4,10.0,11.2,10.0,10.6,11.1,9.5,10.9,10.7,41.9,41.4,13,19,8.1,9.8,35,36,35,0,0,0,6,6,4,0,6,10,6,26,34,29,19,19,19,44.94,44.69,45.23,32,320,3.2,0,0,0
9.73,120,0.24,0.24,0.24,11,11,11,10.24,0.7,0.08,0.06,210.1,5.8,146,1,3,239,697,289,1,297,9.78,399.9,290,31.4,31.1,1.4,2.7,1211.4,0,15.51,0.3,9.7,11.0,9.7,10.4,10.9,9.2,10.9,10.7,41.8,41.2,12,19,8.0,9.7,33,34,34,0,0,0,6,6,4,0,6,10,6,26,34,29,19,19,19,44.94,44.69,45.23,32,320,3.2,0,0,0
10.19,136,0.24,0.24,0.24,11,11,11,10.72,-3.6,0.1,0.03,209.9,4.3,150,1,3,281,697,341,0,358,10.34,460.1,326,29.6,29.4,1.4,2.7,1496.8,0,15.97,0.3,9.8,11.1,9.8,10.5,11.0,9.3,10.8,10.6,41.7,41.0,13,19,8.0,9.7,32,33,34,0,0,0,6,6,4,0,6,10,6,26,34,29,19,19,19,44.94,44.69,45.24,32,320,3.2,0,0,0
10.4,208,0.24,0.24,0.24,11,11,11,10.94,1.3,0.04,-0.01,210.2,5.1,148,1,3,294,696,356,3,368,10.53,473.9,336,29.5,29.4,1.4,2.7,1375.2,0,15.77,0.3,9.8,11.1,9.8,10.5,11.0,9.3,10.7,10.6,41.7,41.1,12,19,8.0,9.7,32,33,34,0,0,0,6,6,4,0,6,10,6,26,34,29,19,19,19,44.94,44.69,45.24,32,310,3.2,0,0,0
11.66,8,0.24,0.24,0.24,11,12,11,12.18,-11.0,0.11,0.01,210.1,5.0,153,1,3,412,697,500,0,528,11.83,592.0,423,31.7,32.4,1.4,2.7,1856.8,0,16.51,0.4,10.0,11.3,10.0,10.6,11.1,9.5,10.9,10.7,41.9,41.4,13,19,8.1,9.8,35,35,35,0,0,0,6,6,4,0,6,10,6,26,34,29,19,19,19,44.95,44.69,45.23,32,310,3.3,0,0,0
10.57,8,0.24,0.24,0.24,11,11,11,11.05,3.8,0.12,0.02,209.8,4.4,151,1,3,310,697,376,0,391,10.66,494.0,350,28.7,30.2,1.4,2.7,1760.6,0,16.37,0.2,9.8,11.0,9.8,10.5,11.0,9.3,10.8,10.5,41.6,41.0,13,19,7.8,9.7,32,32,34,0,0,0,6,6,4,0,6,10,6,26,34,28,19,19,19,44.94,44.69,45.24,32,310,3.2,0,0,0
9.68,328,0.24,0.24,0.24,11,11,11,10.11,9.4,0.11,-0.02,210.0,4.4,142,1,3,237,698,287,-3,295,9.76,403.8,291,31.0,30.7,1.4,2.7,1211.4,0,15.51,0.3,9.7,11.0,9.7,10.4,10.9,9.2,10.9,10.7,41.8,41.2,13,19,8.0,9.7,33,34,34,0,0,0,6,6,4,0,6,10,6,26,34,28,19,19,19,44.95,44.69,45.24,32,310,3.2,0,0,0
11.22,0,0.24,0.24,0.24,11,11,11,11.67,-11.0,0.06,0.06,209.7,6.0,156,1,3,370,698,448,-1,461,11.29,544.6,390,29.1,29.2,1.4,2.7,1613.2,0,16.15,0.3,9.8,11.0,9.8,10.3,11.0,9.3,10.9,10.5,41.6,41.0,12,19,7.8,9.7,31,32,34,0,0,0,6,6,4,0,6,10,6,26,34,29,19,19,19,44.95,44.69,45.24,32,310,3.2,0,0,0
11.06,64,0.24,0.24,0.24,11,12,11,11.56,9.8,0.12,0.0,209.8,6.0,147,1,3,355,697,429,1,450,11.2,536.8,382,29.2,29.3,1.4,2.7,1375.2,0,15.77,0.3,9.8,11.0,9.8,10.6,10.9,9.3,10.7,10.6,41.7,41.1,13,19,8.0,9.7,32,33,34,0,0,0,6,6,4,0,6,10,6,26,34,29,19,19,19,44.95,44.69,45.24,32,310,3.2,0,0,0
9.9,48,0.24,0.24,0.24,11,11,11,10.33,14.9,0.09,0.06,209.7,4.9,141,1,3,248,697,301,1,311,9.99,421.0,302,30.5,30.3,1.4,2.7,925.8,0,14.18,0.3,9.8,11.0,9.8,10.6,10.9,9.2,10.7,10.7,41.7,41.1,12,19,8.0,9.7,33,33,34,0,0,0,6,6,4,0,6,10,6,26,34,29,19,19,19,44.94,44.69,45.24,32,320,3.2,0,0,0
10.69,304,0.24,0.24,0.24,11,11,11,11.15,-6.4,0.12,-0.04,209.8,6.3,160,1,3,316,698,383,-1,394,10.74,495.6,353,32.8,32.6,1.4,2.7,1504.0,0,15.98,0.4,9.9,11.1,10.0,10.6,11.1,9.3,10.9,10.6,41.8,41.4,13,19,8.0,9.8,35,36,34,0,0,0,6,6,4,0,6,10,6,26,34,29,19,19,19,44.94,44.69,45.24,32,310,3.2,0,0,0
13.11,216,0.24,0.24,0.24,11,12,12,13.65,-12.4,-0.04,0.01,210.4,8.3,158,1,3,572,700,694,2,717,13.19,732.7,523,29.6,31.1,1.4,2.7,2180.0,0,17.0,0.4,10.1,11.3,10.1,10.7,11.2,9.5,11.0,10.8,41.9,41.6,13,19,8.1,10.0,33,34,35,0,0,0,6,6,4,0,6,10,6,26,34,29,19,19,19,44.94,44.69,45.24,32,310,3.3,0,0,0
12.94,112,0.24,0.24,0.24,11,12,12,13.57,-8.2,0.26,0.03,209.7,7.4,157,1,3,550,699,667,4,693,13.06,704.3,510,31.2,31.1,1.4,2.7,1156.7,0,17.0,0.4,9.7,10.9,9.7,10.3,10.8,9.2,10.9,10.7,41.8,41.3,13,19,8.0,9.8,34,35,34,0,0,0,6,6,4,0,6,10,6,26,34,29,19,19,19,44.95,44.69,45.23,32,310,3.2,0,0,0
9.99,264,0.24,0.24,0.24,11,11,11,10.38,18.0,0.07,0.03,210.0,4.9,139,1,3,252,697,306,-1,322,10.04,422.2,306,30.8,30.7,1.4,2.7,925.8,0,14.18,0.3,9.8,11.0,9.8,10.4,10.9,9.2,10.8,10.6,41.7,41.1,12,19,8.0,9.7,33,33,34,0,0,0,6,6,4,0,6,10,6,26,34,28,19,19,19,44.94,44.69,45.24,31,310,3.2,0,0,0
11.87,152,0.24,0.24,0.24,12,11,11,12.33,18.4,0.09,0.02,210.0,6.0,145,1,3,424,697,513,1,532,11.9,598.7,430,32.6,32.8,1.4,2.7,1450.4,0,15.9,0.4,10.0,11.1,10.0,10.7,11.1,9.4,11.0,10.7,41.9,41.5,12,19,8.1,9.8,36,37,35,0,0,0,6,6,4,0,6,10,6,26,34,28,19,19,19,44.95,44.69,45.24,32,310,3.2,0,0,0
10.76,16,0.24,0.24,0.24,11,11,11,11.26,-5.6,0.13,0.02,209.8,5.7,160,1,3,326,697,395,0,414,10.89,508.4,362,32.5,32.2,1.4,2.7,1577.1,0,15.98,0.4,9.9,11.2,10.0,10.6,11.1,9.3,10.9,10.6,41.8,41.3,13,19,8.0,9.8,35,36,34,0,0,0,6,6,4,0,6,10,6,26,34,28,19,19,19,44.95,44.69,45.23,32,320,3.2,0,0,0
11.12,152,0.24,0.24,0.24,11,12,11,11.62,9.8,0.11,0.03,210.1,5.1,150,1,3,359,697,436,0,451,11.23,543.0,384,28.9,30.3,1.4,2.7,1760.6,0,16.37,0.3,9.8,11.1,9.8,10.5,11.0,9.3,10.8,10.5,41.6,41.1,13,19,7.8,9.7,32,32,34,0,0,0,6,6,4,0,6,10,6,26,34,29,19,19,19,44.94,44.69,45.23,32,310,3.2,0,0,0
11.74,312,0.24,0.24,0.24,11,12,11,12.19,-9.5,0.12,-0.02,210.0,5.1,160,1,3,420,698,510,0,531,11.85,597.9,427,32.3,32.1,1.4,2.7,2180.0,0,17.0,0.4,9.8,11.1,9.9,10.6,11.0,9.3,10.8,10.6,41.8,41.3,13,19,8.0,9.8,35,36,34,0,0,0,6,6,4,0,6,10,6,26,34,29,19,19,19,44.94,44.69,45.24,32,310,3.2,0,0,0
11.72,168,0.24,0.24,0.24,11,12,11,12.34,-12.2,0.22,0.08,209.5,3.9,156,1,3,427,698,517,4,540,11.86,612.5,434,31.7,32.9,1.4,2.7,2180.0,0,17.0,0.2,9.8,10.9,9.7,10.6,11.0,9.2,10.5,10.3,41.5,41.1,13,19,7.8,9.6,36,36,34,0,0,0,6,6,4,0,6,10,6,26,34,29,19,19,19,44.95,44.69,45.24,32,310,3.2,0,0,0
10.1,344,0.24,0.24,0.24,11,11,11,10.62,15.7,0.08,0.06,209.5,4.8,140,1,3,266,697,322,0,332,10.16,433.6,314,30.8,30.4,1.4,2.7,925.8,0,14.18,0.3,9.7,11.0,9.8,10.3,10.9,9.2,11.1,10.7,41.7,41.2,13,19,8.0,9.7,33,33,34,0,0,0,6,6,4,0,6,10,6,26,34,29,19,19,19,44.94,44.69,45.23,31,310,3.2,0,0,0
11.85,224,0.24,0.24,0.24,11,12,11,12.29,-1.5,0.06,0.03,209.5,6.8,156,1,3,430,697,520,2,536,11.93,599.0,431,30.1,31.4,1.4,2.7,1724.5,0,16.32,0.3,9.7,11.0,9.8,10.3,10.9,9.2,10.9,10.4,41.6,41.1,13,19,7.8,9.7,33,33,34,0,0,0,6,6,4,0,6,10,6,26,34,29,19,19,19,44.94,44.7,45.24,32,310,3.3,0,0,0
9.39,200,0.24,0.24,0.24,11,11,10,9.9,7.1,0.06,0.06,209.9,5.1,148,1,3,217,697,263,-2,277,9.55,385.5,276,30.2,30.1,1.4,2.7,1496.8,0,15.97,0.2,9.9,11.1,9.9,10.5,11.0,9.3,10.6,10.6,41.7,41.1,13,19,8.0,9.7,32,33,34,0,0,0,6,6,4,0,6,10,6,26,34,29,19,19,19,44.95,44.69,45.24,32,300,3.2,0,0,0
12.08,80,0.24,0.24,0.24,11,11,12,12.52,5.6,0.14,0.03,210.0,7.1,150,1,3,442,698,536,2,555,12.1,610.3,440,31.4,32.6,1.4,2.7,1856.8,0,16.51,0.4,10.0,11.3,10.0,10.6,11.2,9.5,11.0,10.7,41.9,41.4,13,19,8.1,9.9,35,35,35,0,0,0,6,6,4,0,6,10,6,26,34,28,19,19,19,44.94,44.69,45.24,32,320,3.2,0,0,0
12.1,152,0.24,0.24,0.24,11,11,11,12.54,7.6,0.1,-0.03,210.3,5.3,149,1,3,452,699,548,4,565,12.15,617.2,448,31.1,32.3,1.4,2.7,1856.8,0,16.51,0.4,10.1,11.3,10.0,10.6,11.2,9.5,11.0,10.7,41.9,41.4,13,19,8.1,9.9,35,35,35,0,0,0,6,6,4,0,6,10,6,26,34,29,19,19,19,44.94,44.69,45.24,32,310,3.2,0,0,0
10.61,16,0.24,0.24,0.24,11,11,11,11.04,-7.6,0.12,0.1,209.9,5.3,161,1,3,313,698,379,2,397,10.69,491.9,351,32.9,32.4,1.4,2.7,1504.0,0,15.98,0.4,9.9,11.1,10.0,10.6,11.1,9.3,10.9,10.6,41.8,41.3,12,19,8.0,9.8,35,36,34,0,0,0,6,6,4,0,6,10,6,26,34,29,19,19,19,44.94,44.69,45.23,32,320,3.2,0,0,0
9.98,128,0.24,0.24,0.24,11,11,11,10.54,-6.6,0.11,0.01,209.6,4.0,152,1,3,261,697,317,0,332,10.08,435.9,312,29.6,29.8,1.4,2.7,1496.8,0,15.97,0.3,9.8,11.1,9.8,10.5,11.0,9.3,10.9,10.6,41.7,41.0,13,19,8.0,9.7,32,33,34,0,0,0,6,6,4,0,6,10,6,26,34,28,19,19,19,44.95,44.69,45.24,32,320,3.2,0,0,0
9.53,272,0.24,0.24,0.24,11,11,11,9.98,9.1,0.12,-0.02,209.8,4.1,148,1,3,225,697,272,2,279,9.63,393.8,283,30.1,30.1,1.4,2.7,1496.8,0,15.97,0.3,9.9,11.0,9.9,10.7,11.0,9.3,10.8,10.6,41.7,41.0,13,19,8.0,9.7,32,33,34,0,0,0,6,6,4,0,6,10,6,26,34,28,19,19,19,44.94,44.69,45.24,32,320,3.2,0,0,0
11.14,216,0.24,0.24,0.24,11,11,11,11.57,-1.8,0.16,-0.02,209.9,6.5,152,1,3,357,698,433,-1,449,11.25,525.4,380,28.5,29.2,1.4,2.7,1416.4,0,15.84,0.3,9.9,11.0,9.9,10.4,11.0,9.3,10.9,10.5,41.6,40.9,13,19,7.8,9.7,31,32,34,0,0,0,6,6,4,0,6,10,6,26,34,28,19,19,19,44.95,44.69,45.24,32,310,3.2,0,0,0
12.06,176,0.24,0.24,0.24,12,11,11,12.55,-8.2,0.11,0.06,210.2,5.9,156,1,3,460,699,558,5,580,12.2,637.1,453,31.6,31.6,1.4,2.7,2180.0,0,17.0,0.4,9.7,11.0,9.8,10.3,10.9,9.2,10.8,10.6,41.8,41.4,13,19,8.0,9.8,35,36,34,0,0,0,6,6,4,0,6,10,6,26,34,29,19,19,19,44.94,44.69,45.24,32,320,3.3,0,0,0
12.79,320,0.24,0.24,0.24,11,12,12,13.26,9.8,0.09,-0.05,209.9,5.5,150,1,3,550,699,668,-3,690,12.92,718.2,509,31.7,31.6,1.4,2.7,2180.0,0,17.0,0.4,9.7,11.0,9.8,10.5,10.9,9.2,10.9,10.6,41.8,41.4,13,19,8.0,9.8,35,36,34,0,0,0,6,6,4,0,6,10,6,26,34,29,19,19,19,44.94,44.69,45.23,32,320,3.3,0,0,0
11.27,80,0.24,0.24,0.24,12,11,11,11.72,-6.2,0.07,-0.04,209.9,5.9,154,1,3,372,698,451,-1,469,11.36,549.8,395,29.0,29.5,1.4,2.7,1613.2,0,16.15,0.2,9.9,11.0,9.8,10.4,11.0,9.3,10.8,10.5,41.6,41.0,13,19,7.8,9.7,31,32,34,0,0,0,6,6,4,0,6,10,6,26,34,29,19,19,19,44.95,44.69,45.24,31,310,3.3,0,0,0
11.8,152,0.24,0.24,0.24,11,11,11,12.44,0.3,0.11,0.01,210.0,5.1,152,1,3,428,698,519,5,537,11.92,598.1,430,31.5,32.2,1.4,2.7,1856.8,0,16.51,0.4,10.0,11.2,10.0,10.7,11.2,9.5,11.0,10.7,41.9,41.4,13,19,8.1,9.8,35,35,35,0,0,0,6,6,4,0,6,10,6,26,34,29,19,19,19,44.94,44.69,45.23,32,320,3.2,0,0,0
11.78,80,0.24,0.24,0.24,11,11,11,12.24,-5.7,0.1,0.0,210.0,5.0,154,1,3,419,698,507,1,528,11.87,595.4,428,33.2,32.8,1.4,2.7,1450.4,0,15.9,0.4,10.0,11.1,10.0,10.8,11.1,9.3,10.7,10.7,41.9,41.4,13,19,8.1,9.8,35,36,35,0,0,0,6,6,4,0,6,10,6,26,34,29,19,19,19,44.94,44.69,45.24,32,320,3.3,0,0,0
11.17,168,0.24,0.24,0.24,11,11,11,11.58,-4.3,0.09,0.03,209.3,6.6,158,1,3,359,697,435,0,453,11.24,531.3,383,30.8,32.1,1.4,2.7,1724.5,0,16.32,0.2,9.8,11.0,9.8,10.5,10.9,9.2,10.7,10.4,41.5,41.0,13,19,7.8,9.6,34,34,34,0,0,0,6,6,4,0,6,10,6,26,34,29,19,19,19,44.95,44.69,45.24,32,310,3.2,0,0,0
13.15,328,0.24,0.24,0.24,12,12,12,13.77,-1.2,0.24,0.08,210.1,6.7,155,1,3,592,699,719,4,746,13.3,755.6,538,31.5,31.1,1.4,2.7,1956.7,0,17.0,0.4,9.7,10.9,9.7,10.2,10.8,9.2,11.0,10.7,41.8,41.4,13,19,8.0,9.8,35,35,34,0,0,0,6,6,4,0,6,10,6,26,34,29,19,19,19,44.95,44.69,45.23,32,320,3.2,0,0,0
9.63,112,0.24,0.24,0.24,11,11,11,10.04,2.7,0.12,0.02,210.0,4.2,144,1,3,232,697,281,1,293,9.73,403.1,289,31.4,31.0,1.4,2.7,1211.4,0,15.51,0.3,9.7,11.0,9.7,10.4,10.9,9.2,11.0,10.7,41.8,41.2,13,19,8.0,9.7,33,34,34,0,0,0,6,6,4,0,6,10,6,26,34,29,19,19,19,44.94,44.69,45.24,32,310,3.2,0,0,0
13.16,240,0.24,0.24,0.24,12,11,11,13.76,5.1,0.12,-0.02,209.4,8.1,150,1,3,592,700,720,1,747,13.31,740.7,537,32.6,33.0,1.4,2.7,2180.0,0,17.0,0.2,9.6,10.9,9.7,10.3,10.8,9.1,10.6,10.3,41.5,41.1,12,19,7.8,9.6,36,36,34,0,0,0,6,6,4,0,6,10,6,26,34,28,19,19,19,44.94,44.69,45.24,32,310,3.2,0,0,0
11.26,24,0.24,0.24,0.24,11,11,11,11.66,-4.5,0.11,0.07,209.7,7.6,158,1,3,371,698,450,4,468,11.34,541.1,391,30.8,31.9,1.4,2.7,1724.5,0,16.32,0.2,9.8,11.0,9.8,10.6,10.9,9.2,10.6,10.4,41.5,41.0,13,19,7.8,9.6,34,34,34,0,0,0,6,6,4,0,6,10,6,26,34,28,19,19,19,44.94,44.69,45.24,32,310,3.2,0,0,0
10.15,264,0.24,0.24,0.24,11,11,11,10.58,13.0,0.11,0.03,209.8,6.1,140,1,3,272,697,330,2,342,10.23,441.5,316,30.7,30.8,1.4,2.7,925.8,0,14.18,0.3,9.8,11.0,9.7,10.5,10.9,9.2,10.8,10.7,41.7,41.2,13,19,8.0,9.7,33,34,34,0,0,0,6,6,4,0,6,10,6,26,34,29,19,19,19,44.94,44.69,45.23,32,310,3.2,0,0,0
11.62,232,0.24,0.24,0.24,12,11,11,12.19,14.6,-0.03,-0.01,210.5,5.4,147,1,3,415,697,502,-2,521,11.8,586.6,421,32.7,32.8,1.4,2.7,1450.4,0,15.9,0.4,10.0,11.2,10.0,10.7,11.1,9.4,10.9,10.7,41.9,41.4,12,19,8.1,9.8,36,37,35,0,0,0,6,6,4,0,6,10,6,26,34,28,19,19,19,44.94,44.69,45.24,32,320,3.2,0,0,0
9.89,264,0.24,0.24,0.24,11,11,11,10.34,4.5,0.08,0.01,209.9,4.4,143,1,3,250,698,303,0,320,9.96,429.1,305,31.0,30.9,1.4,2.7,1211.4,0,15.51,0.2,9.8,11.0,9.7,10.6,10.8,9.2,10.7,10.7,41.7,41.1,13,19,8.0,9.7,33,34,34,0,0,0,6,6,4,0,6,10,6,26,34,29,19,19,19,44.94,44.69,45.23,32,310,3.3,0,0,0
12.78,168,0.24,0.24,0.24,12,11,11,13.36,2.2,0.15,0.01,209.8,6.9,150,1,3,551,700,670,2,696,12.91,723.6,514,32.1,33.1,1.4,2.7,2180.0,0,17.0,0.2,9.7,10.9,9.7,10.3,10.9,9.1,10.7,10.4,41.5,41.1,13,19,7.8,9.6,36,36,34,0,0,0,6,6,4,0,6,11,6,26,34,29,19,19,19,44.95,44.69,45.24,32,320,3.3,0,0,0
12.51,176,0.24,0.24,0.24,11,12,12,13.05,-10.5,0.11,0.01,210.1,6.7,157,1,3,497,699,603,4,625,12.6,656.1,477,31.3,31.2,1.4,2.7,1056.7,0,14.82,0.4,9.7,10.9,9.8,10.3,10.8,9.2,11.0,10.7,41.8,41.3,12,19,8.0,9.8,34,34,34,0,0,0,6,6,4,0,6,10,6,26,34,28,19,19,19,44.94,44.69,45.24,32,310,3.2,0,0,0
10.07,264,0.24,0.24,0.24,11,11,11,10.53,11.9,0.19,0.0,209.7,6.4,141,1,3,261,697,316,-1,333,10.14,430.5,312,30.6,30.6,1.4,2.7,925.8,0,14.18,0.3,9.7,11.0,9.8,10.2,10.9,9.2,11.2,10.7,41.7,41.1,13,19,8.0,9.7,33,33,34,0,0,0,6,6,4,0,6,10,6,26,34,28,19,19,19,44.94,44.69,45.23,32,310,3.2,0,0,0
11.02,240,0.24,0.24,0.24,11,11,11,11.48,-16.1,0.08,0.05,209.7,4.7,164,1,3,345,698,419,4,440,11.11,525.1,375,32.7,32.4,1.4,2.7,1867.1,0,16.53,0.4,9.9,11.1,10.0,10.7,11.1,9.3,10.9,10.6,41.8,41.3,13,19,8.0,9.8,35,36,34,0,0,0,6,6,4,0,6,10,6,26,34,29,19,19,19,44.95,44.69,45.23,31,310,3.3,0,0,0
11.23,0,0.24,0.24,0.24,11,11,11,11.66,6.2,0.17,0.02,209.8,5.7,149,1,3,371,697,449,-2,464,11.36,547.2,392,29.5,29.7,1.4,2.7,1375.2,0,15.77,0.3,9.8,11.0,9.8,10.5,10.9,9.3,10.8,10.6,41.7,41.1,12,19,8.0,9.7,32,32,34,0,0,0,6,6,4,0,6,10,6,26,34,29,19,19,19,44.95,44.69,45.24,32,310,3.2,0,0,0
11.84,168,0.24,0.24,0.24,12,12,11,12.31,-11.5,0.15,0.02,209.9,5.5,160,1,3,436,699,529,-2,555,11.98,612.1,437,32.1,31.8,1.4,2.7,2180.0,0,17.0,0.3,9.9,11.1,9.9,10.7,11.0,9.3,10.6,10.6,41.8,41.4,12,19,8.0,9.8,35,36,34,0,0,0,6,6,4,0,6,10,6,26,34,28,19,19,19,44.95,44.69,45.24,32,310,3.2,0,0,0
9.7,184,0.24,0.24,0.24,11,11,11,10.09,9.5,0.11,0.05,209.8,4.7,142,1,3,236,698,286,-2,301,9.83,406.3,291,30.9,30.6,1.4,2.7,1211.4,0,15.51,0.3,9.8,11.0,9.7,10.4,10.9,9.2,10.9,10.7,41.8,41.1,13,19,8.0,9.7,33,34,34,0,0,0,6,6,4,0,6,10,6,26,34,28,19,19,19,44.95,44.69,45.24,32,310,3.2,0,0,0
12.66,216,0.24,0.24,0.24,13,11,11,13.32,3.7,0.1,-0.01,210.2,6.1,149,1,3,522,699,633,4,659,12.75,685.4,494,30.8,32.1,1.4,2.7,1894.0,0,16.57,0.4,10.1,11.3,10.1,10.9,11.2,9.5,10.8,10.7,41.9,41.4,12,19,8.1,9.9,34,34,35,0,0,0,6,6,4,0,6,10,6,26,34,29,19,19,19,44.94,44.69,45.24,32,320,3.3,0,0,0
11.44,152,0.24,0.24,0.24,11,12,11,11.95,3.5,0.09,0.0,209.6,6.2,153,1,3,396,698,480,5,498,11.63,574.0,408,29.4,30.8,1.4,2.7,1760.6,0,16.37,0.2,9.8,11.1,9.8,10.6,11.0,9.3,10.6,10.5,41.6,41.1,13,19,7.8,9.7,32,33,34,0,0,0,6,6,4,0,6,10,6,26,34,29,19,19,19,44.95,44.69,45.24,32,310,3.2,0,0,0
10.76,0,0.24,0.24,0.24,11,11,11,11.26,2.5,0.12,-0.02,209.9,3.9,152,1,3,323,698,391,-2,408,10.86,502.9,359,29.2,29.5,1.4,2.7,1613.2,0,16.15,0.2,9.9,11.0,9.8,10.6,11.0,9.3,10.8,10.5,41.6,41.0,12,19,7.9,9.7,31,32,34,0,0,0,6,6,4,0,6,10,6,26,34,28,19,19,19,44.95,44.69,45.24,32,310,3.2,0,0,0
11.27,296,0.24,0.24,0.24,11,11,11,11.78,6.8,0.12,0.05,209.6,5.8,151,1,3,374,697,453,-2,466,11.39,551.1,394,29.0,30.2,1.4,2.7,1760.6,0,16.37,0.2,9.8,11.1,9.8,10.5,11.0,9.3,10.7,10.5,41.6,41.1,13,19,7.8,9.7,32,32,34,0,0,0,6,6,4,0,6,10,6,26,34,28,19,19,19,44.95,44.69,45.23,32,320,3.2,0,0,0
13.12,112,0.24,0.24,0.24,11,12,12,13.76,-3.7,0.17,0.09,210.1,6.3,156,1,3,593,699,719,0,738,13.28,743.4,535,31.4,31.2,1.4,2.7,1656.7,0,17.0,0.4,9.7,10.9,9.7,10.3,10.8,9.2,10.9,10.7,41.8,41.4,12,19,8.0,9.8,35,35,34,0,0,0,6,6,4,0,6,10,6,26,34,29,19,19,19,44.95,44.7,45.23,31,310,3.3,0,0,0
12.04,184,0.24,0.24,0.24,11,12,12,12.56,-10.5,0.09,0.08,210.0,8.3,156,1,3,442,698,536,3,557,12.14,610.3,441,31.5,31.0,1.4,2.7,1056.7,0,14.82,0.3,9.7,10.9,9.7,10.4,10.9,9.2,10.9,10.7,41.8,41.3,12,19,8.0,9.8,34,34,34,0,0,0,6,6,4,0,6,10,6,26,34,29,19,19,19,44.95,44.69,45.23,32,320,3.2,0,0,0
11.81,88,0.24,0.24,0.24,12,12,11,12.29,-2.9,0.11,0.06,209.6,6.6,156,1,3,431,698,522,-2,545,11.95,605.7,432,30.0,31.3,1.4,2.7,1724.5,0,16.32,0.3,9.8,11.0,9.8,10.4,10.9,9.2,10.8,10.5,41.6,41.1,12,19,7.8,9.7,33,33,34,0,0,0,6,6,4,0,6,10,6,26,34,29,19,19,19,44.94,44.69,45.23,32,320,3.2,0,0,0
10.12,336,0.24,0.24,0.24,11,11,11,10.59,18.8,0.11,0.07,209.7,4.6,138,1,3,270,698,327,-2,338,10.18,437.6,315,30.6,30.4,1.4,2.7,925.8,0,14.18,0.3,9.7,11.0,9.8,10.4,10.9,9.2,10.9,10.7,41.7,41.2,12,19,8.0,9.7,33,34,34,0,0,0,6,6,4,0,6,10,6,26,34,28,19,19,19,44.94,44.69,45.23,32,310,3.2,0,0,0
11.69,88,0.24,0.24,0.24,11,11,11,12.29,0.3,0.12,0.05,210.0,4.5,152,1,3,408,698,495,-1,514,11.77,579.8,419,33.1,32.7,1.4,2.7,1450.4,0,15.9,0.4,10.0,11.1,10.0,10.7,11.1,9.3,10.8,10.7,41.9,41.4,13,19,8.1,9.8,35,36,35,0,0,0,6,6,4,0,6,10,6,26,34,29,19,19,19,44.95,44.7,45.24,32,320,3.3,0,0,0
13.11,72,0.24,0.24,0.24,12,12,11,13.78,-14.8,0.06,0.03,210.2,8.5,159,1,3,590,699,716,0,744,13.27,747.8,535,29.6,30.9,1.4,2.6,2180.0,0,17.0,0.4,10.1,11.3,10.2,10.7,11.2,9.5,11.0,10.8,42.0,41.6,13,19,8.1,10.0,33,34,35,0,0,0,6,6,4,0,6,10,6,26,34,29,19,19,19,44.94,44.69,45.23,32,320,3.2,0,0,0
9.3,344,0.24,0.24,0.24,11,11,11,9.76,17.2,0.07,-0.01,209.6,4.6,144,1,3,213,697,258,0,267,9.39,373.0,267,30.0,30.0,1.4,2.7,1039.3,0,14.74,0.3,9.8,11.0,9.9,10.4,11.0,9.2,10.9,10.6,41.7,41.1,13,19,8.0,9.7,32,33,34,0,0,0,6,6,4,0,6,10,6,26,34,29,19,19,19,44.94,44.69,45.23,32,310,3.2,0,0,0
11.31,0,0.24,0.24,0.24,11,11,11,11.89,-6.3,0.11,0.05,209.4,6.2,154,1,3,370,698,448,2,466,11.37,545.1,393,28.9,29.3,1.5,2.7,1613.2,0,16.15,0.2,9.9,11.0,9.8,10.4,11.0,9.3,10.8,10.5,41.6,41.0,13,19,7.8,9.7,31,32,34,0,0,0,6,6,4,0,6,10,6,26,34,29,19,19,19,44.95,44.69,45.24,32,310,3.3,0,0,0
10.7,224,0.24,0.24,0.24,11,11,11,11.25,2.9,0.18,0.05,209.5,4.4,151,1,3,324,697,392,3,410,10.86,510.5,361,29.0,30.1,1.4,2.7,1760.6,0,16.37,0.2,9.8,11.1,9.8,10.5,11.0,9.3,10.8,10.5,41.6,41.0,12,19,7.8,9.7,32,32,34,0,0,0,6,6,4,0,6,10,6,26,34,29,19,19,19,44.94,44.69,45.24,32,310,3.2,0,0,0
11.17,136,0.24,0.24,0.24,11,11,11,11.66,2.0,0.12,-0.02,209.8,6.7,151,1,3,357,697,433,1,445,11.25,528.9,383,29.0,29.3,1.4,2.7,1375.2,0,15.77,0.3,9.8,11.1,9.8,10.3,11.0,9.3,11.0,10.6,41.6,41.0,13,19,8.0,9.7,32,32,34,0,0,0,6,6,4,0,6,10,6,26,34,29,19,19,19,44.95,44.7,45.24,32,320,3.3,0,0,0
10.0,120,0.24,0.24,0.24,11,11,11,10.42,10.3,0.16,0.06,209.9,5.3,141,1,3,257,697,311,-2,326,10.11,429.2,309,30.7,30.7,1.4,2.7,925.8,0,14.18,0.3,9.7,11.0,9.8,10.2,10.9,9.2,11.1,10.7,41.7,41.1,13,19,8.0,9.7,33,33,34,0,0,0,6,6,4,0,6,10,6,26,34,29,19,19,19,44.94,44.69,45.23,32,310,3.2,0,0,0
10.96,288,0.24,0.24,0.24,11,11,11,11.37,0.2,0.09,0.01,209.6,6.6,151,1,3,334,698,405,5,421,11.03,499.2,366,28.3,29.2,1.4,2.7,1416.4,0,15.84,0.3,9.9,11.1,9.9,10.4,11.0,9.3,10.9,10.5,41.6,40.9,12,19,7.8,9.7,31,31,34,0,0,0,6,6,4,0,6,10,6,26,34,28,19,19,19,44.95,44.69,45.24,32,310,3.2,0,0,0
10.06,184,0.24,0.24,0.24,11,11,11,10.53,-11.6,0.18,0.1,210.0,5.6,151,1,3,260,698,315,0,326,10.13,424.5,311,31.0,30.8,1.4,2.7,1056.7,0,14.82,0.3,9.7,11.0,9.7,10.3,10.9,9.2,11.0,10.7,41.8,41.2,13,19,8.0,9.8,33,34,34,0,0,0,6,6,4,0,6,10,6,26,34,28,19,19,19,44.94,44.69,45.23,32,310,3.2,0,0,0
10.08,344,0.24,0.24,0.24,11,11,11,10.55,-5.1,0.08,0.05,209.6,4.4,151,1,3,265,697,321,1,338,10.18,444.0,316,29.7,29.6,1.4,2.7,1496.8,0,15.97,0.3,9.8,11.1,9.8,10.5,11.0,9.3,10.9,10.6,41.7,41.0,13,19,8.0,9.7,32,33,34,0,0,0,6,6,4,0,6,10,6,26,34,28,19,19,19,44.95,44.69,45.24,32,310,3.2,0,0,0
9.57,344,0.24,0.24,0.24,11,11,11,10.0,10.1,0.09,0.07,209.6,5.3,147,1,3,228,697,276,-2,286,9.63,392.6,283,29.8,29.8,1.4,2.7,1496.8,0,15.97,0.3,9.9,11.0,9.9,10.7,11.0,9.3,10.7,10.6,41.7,41.0,13,19,8.0,9.7,32,33,34,0,0,0,6,6,4,0,6,10,6,26,34,28,19,19,19,44.94,44.69,45.24,32,310,3.2,0,0,0
11.27,16,0.24,0.24,0.24,11,11,11,11.82,-15.9,0.06,-0.03,209.7,5.8,160,1,3,374,697,453,0,471,11.43,555.5,395,31.3,32.3,1.4,2.7,2180.0,0,17.0,0.2,9.8,11.0,9.8,10.4,10.9,9.2,10.6,10.4,41.5,41.0,12,19,7.8,9.6,34,35,34,0,0,0,6,6,4,0,6,10,6,26,34,28,19,19,19,44.95,44.7,45.24,32,310,3.2,0,0,0
11.09,312,0.24,0.24,0.24,11,11,11,11.55,-11.1,0.03,0.01,210.5,5.7,162,1,3,356,698,432,-1,450,11.23,537.7,380,32.3,32.0,1.4,2.7,1867.1,0,16.53,0.4,9.9,11.1,10.0,10.5,11.1,9.3,10.9,10.6,41.8,41.3,12,19,8.0,9.8,35,36,34,0,0,0,6,6,4,0,6,10,6,26,34,28,19,19,19,44.94,44.69,45.24,32,310,3.2,0,0,0
9.88,344,0.24,0.24,0.24,11,11,11,10.35,-4.6,0.15,-0.01,210.1,4.1,152,1,3,252,697,306,4,321,10.0,423.2,303,29.7,29.7,1.4,2.7,1496.8,0,15.97,0.3,9.8,11.0,9.8,10.5,11.0,9.3,10.9,10.6,41.7,41.0,13,19,8.0,9.7,32,33,34,0,0,0,6,6,4,0,6,10,6,26,34,29,19,19,19,44.95,44.69,45.24,32,310,3.2,0,0,0
11.28,304,0.24,0.24,0.24,12,11,11,11.77,-16.1,0.19,0.02,209.3,6.2,160,1,3,382,698,463,-2,484,11.45,557.9,399,31.1,32.2,1.4,2.7,2180.0,0,17.0,0.2,9.8,11.0,9.8,10.4,10.9,9.2,10.6,10.4,41.5,41.0,13,19,7.8,9.6,34,35,34,0,0,0,6,6,4,0,6,10,6,26,34,28,19,19,19,44.95,44.69,45.24,32,310,3.2,0,0,0
13.19,168,0.24,0.24,0.24,11,12,12,13.66,5.6,0.11,0.03,209.4,7.5,149,1,3,577,700,702,-2,728,13.24,731.2,529,32.6,33.0,1.4,2.7,2180.0,0,17.0,0.2,9.6,10.9,9.7,10.3,10.8,9.1,10.6,10.3,41.5,41.1,12,19,7.8,9.6,36,36,34,0,0,0,6,6,4,0,6,10,6,26,34,28,19,19,19,44.94,44.69,45.24,33,310,3.2,0,0,0
13.03,256,0.24,0.24,0.24,12,11,11,13.65,-9.7,0.18,0.1,210.0,6.8,157,1,3,575,700,698,2,725,13.18,724.8,526,31.3,31.1,1.4,2.7,1356.7,0,17.0,0.4,9.7,10.9,9.7,10.3,10.8,9.2,10.9,10.7,41.8,41.3,12,19,8.0,9.8,34,35,34,0,0,0,6,6,4,0,6,10,6,26,34,29,19,19,19,44.95,44.69,45.23,32,310,3.3,0,0,0
11.84,328,0.24,0.24,0.24,11,12,11,12.31,-11.3,0.1,0.03,209.6,5.8,156,1,3,424,698,515,2,530,11.92,592.1,430,31.1,31.1,1.4,2.7,1056.7,0,14.82,0.3,9.7,11.0,9.8,10.4,10.9,9.2,10.9,10.7,41.8,41.2,13,19,8.0,9.8,33,34,34,0,0,0,6,6,4,0,6,10,6,26,34,29,19,19,19,44.95,44.69,45.23,32,310,3.3,0,0,0
12.9,0,0.24,0.24,0.24,11,12,12,13.45,-0.3,0.16,0.04,210.0,5.1,154,1,3,557,699,676,1,701,13.02,715.2,514,30.1,31.2,1.4,2.7,2180.0,0,17.0,0.4,10.1,11.3,10.1,10.7,11.2,9.5,11.0,10.7,41.9,41.6,12,19,8.1,10.0,33,34,35,0,0,0,6,6,4,0,6,10,6,26,34,29,19,19,19,44.94,44.69,45.24,32,310,3.3,0,0,0
9.8,192,0.24,0.24,0.24,11,11,11,10.2,11.1,0.08,0.06,209.6,4.9,142,1,3,247,698,299,0,306,9.87,413.5,296,31.1,30.9,1.4,2.7,1211.4,0,15.51,0.2,9.8,11.0,9.7,10.5,10.9,9.2,10.7,10.7,41.7,41.1,13,19,8.0,9.7,33,34,34,0,0,0,6,6,4,0,6,10,6,26,34,28,19,19,19,44.94,44.69,45.24,31,310,3.1,0,0,0
11.22,312,0.24,0.24,0.24,11,11,11,11.66,-5.0,0.06,-0.05,209.5,7.0,158,1,3,363,698,440,2,460,11.3,539.0,389,30.7,31.9,1.4,2.7,1724.5,0,16.32,0.2,9.8,11.0,9.8,10.5,10.9,9.2,10.7,10.4,41.5,41.0,12,19,7.8,9.6,34,34,34,0,0,0,6,6,4,0,6,10,6,26,34,29,19,19,19,44.94,44.69,45.24,32,310,3.2,0,0,0
12.98,136,0.24,0.24,0.24,11,12,12,13.5,-17.9,0.14,0.02,210.4,7.2,163,1,3,565,699,686,0,712,13.11,725.9,520,29.2,30.6,1.4,2.7,2180.0,0,17.0,0.4,10.2,11.3,10.2,10.8,11.3,9.6,10.8,10.7,42.0,41.6,13,19,8.1,10.0,33,34,35,0,0,0,6,6,4,0,6,10,6,26,34,28,19,19,19,44.95,44.7,45.24,33,310,3.2,0,0,0
10.7,232,0.24,0.24,0.24,11,11,11,11.21,-5.1,0.12,0.03,210.3,6.8,160,1,3,316,698,384,-1,398,10.79,497.2,355,32.6,32.4,1.4,2.7,1504.0,0,15.98,0.4,9.9,11.1,10.0,10.6,11.1,9.3,10.9,10.6,41.8,41.4,12,19,8.0,9.8,35,36,34,0,0,0,6,6,4,0,6,10,6,26,34,29,19,19,19,44.94,44.69,45.24,32,310,3.3,0,0,0
11.9,32,0.24,0.24,0.24,11,12,11,12.43,-12.1,0.1,0.01,210.1,5.1,160,1,3,441,699,535,-2,554,12.01,616.1,439,32.4,32.1,1.4,2.7,2180.0,0,17.0,0.3,9.8,11.1,9.9,10.7,11.0,9.3,10.6,10.6,41.8,41.4,14,19,8.0,9.8,35,36,34,0,0,0,6,6,4,0,6,10,6,26,34,29,19,19,19,44.95,44.69,45.24,32,320,3.3,0,0,0
12.77,0,0.24,0.24,0.24,11,12,12,13.34,-0.1,0.09,0.06,210.4,6.6,150,1,3,532,699,646,2,671,12.84,690.8,497,30.8,32.1,1.4,2.7,1894.0,0,16.57,0.4,10.2,11.3,10.1,10.8,11.3,9.5,10.8,10.7,41.9,41.5,13,19,8.1,9.9,34,34,35,0,0,0,6,6,4,0,6,10,6,26,34,29,19,19,19,44.94,44.69,45.23,32,310,3.2,0,0,0
12.23,248,0.24,0.24,0.24,12,12,12,12.76,-6.6,0.16,-0.01,209.6,7.1,155,1,3,483,699,586,-3,606,12.38,661.7,468,31.9,31.8,1.4,2.7,2180.0,0,17.0,0.3,9.8,11.0,9.8,10.5,10.9,9.2,10.7,10.6,41.8,41.4,13,19,8.0,9.8,35,36,34,0,0,0,6,6,4,0,6,10,6,26,34,29,19,19,19,44.94,44.69,45.23,32,320,3.3,0,0,0
10.78,288,0.24,0.24,0.24,11,11,11,11.21,6.7,0.1,0.01,209.8,5.6,150,1,3,324,697,392,1,407,10.87,499.1,359,29.3,29.5,1.4,2.7,1613.2,0,16.15,0.2,9.9,11.0,9.8,10.7,11.0,9.3,10.7,10.5,41.6,41.0,13,19,7.9,9.7,32,32,34,0,0,0,6,6,4,0,6,10,6,26,34,28,19,19,19,44.94,44.69,45.24,32,310,3.2,0,0,0
11.57,304,0.24,0.24,0.24,11,12,11,12.07,-1.6,0.12,0.0,210.3,6.0,153,1,3,394,698,477,3,490,11.65,563.9,407,33.0,32.6,1.4,2.7,1450.4,0,15.9,0.4,10.0,11.1,10.0,10.7,11.1,9.3,10.8,10.7,41.9,41.4,13,19,8.1,9.8,35,36,35,0,0,0,6,6,4,0,6,10,6,26,34,29,19,19,19,44.95,44.7,45.24,32,310,3.2,0,0,0
11.23,232,0.24,0.24,0.24,11,11,11,11.79,-14.0,0.14,0.01,209.7,5.0,160,1,3,369,698,447,-3,465,11.33,550.1,395,31.4,32.6,1.4,2.7,2180.0,0,17.0,0.2,9.8,11.0,9.8,10.4,10.9,9.2,10.6,10.4,41.5,41.0,13,19,7.8,9.6,34,35,34,0,0,0,6,6,4,0,6,10,6,26,34,29,19,19,19,44.94,44.69,45.24,32,320,3.2,0,0,0
10.73,144,0.24,0.24,0.24,11,11,11,11.2,1.0,0.09,-0.02,209.7,5.8,151,1,3,312,697,378,0,393,10.83,480.6,350,28.7,29.1,1.4,2.7,1416.4,0,15.84,0.3,9.9,11.1,9.9,10.5,11.0,9.3,10.9,10.5,41.6,40.9,13,19,7.8,9.7,31,31,34,0,0,0,6,6,4,0,6,10,6,26,34,28,19,19,19,44.95,44.69,45.23,32,320,3.2,0,0,0
9.75,120,0.24,0.24,0.24,11,11,11,10.31,7.6,0.16,0.02,210.0,4.3,143,1,3,247,697,299,-1,310,9.87,415.5,296,31.0,31.0,1.4,2.7,1211.4,0,15.51,0.2,9.8,11.0,9.7,10.6,10.8,9.2,10.7,10.7,41.7,41.1,12,19,8.0,9.7,33,34,34,0,0,0,6,6,4,0,6,10,6,26,34,28,19,19,19,44.94,44.69,45.23,32,310,3.2,0,0,0
13.11,136,0.24,0.24,0.24,12,12,12,13.54,-14.9,0.19,0.06,210.4,6.8,160,1,3,579,699,702,0,735,13.21,743.6,530,29.7,31.0,1.4,2.7,2180.0,0,17.0,0.4,10.2,11.3,10.2,10.8,11.2,9.6,11.0,10.8,42.0,41.6,13,19,8.1,10.0,33,33,35,0,0,0,6,6,4,0,6,10,6,26,34,29,19,19,19,44.95,44.69,45.23,32,320,3.3,0,0,0
11.39,168,0.24,0.24,0.24,11,12,11,11.89,-12.4,0.16,0.02,210.2,5.3,162,1,3,393,698,477,0,494,11.53,570.4,408,32.2,32.3,1.5,2.8,1867.1,0,16.53,0.4,9.9,11.1,9.9,10.6,11.1,9.3,10.8,10.6,41.8,41.3,12,19,8.0,9.8,35,36,34,0,0,0,6,6,4,0,6,10,6,26,34,29,19,19,19,44.94,44.69,45.24,32,310,3.2,0,0,0
12.98,144,0.24,0.24,0.24,12,12,11,13.48,-10.2,0.16,0.01,210.2,7.4,157,1,3,577,699,700,3,727,13.17,734.5,526,29.8,31.2,1.4,2.7,2180.0,0,17.0,0.4,10.1,11.3,10.1,10.7,11.2,9.5,11.0,10.7,41.9,41.6,12,19,8.1,10.0,33,34,35,0,0,0,6,6,4,0,6,10,6,26,34,29,19,19,19,44.94,44.69,45.24,32,320,3.2,0,0,0
11.04,288,0.24,0.24,0.24,11,11,11,11.53,-1.4,0.03,-0.03,210.0,4.4,154,1,3,352,698,426,5,442,11.13,531.0,376,29.0,29.5,1.4,2.7,1613.2,0,16.15,0.3,9.8,11.0,9.8,10.5,11.0,9.3,11.0,10.6,41.6,41.0,13,19,7.8,9.7,31,32,34,0,0,0,6,6,4,0,6,10,6,26,34,29,19,19,19,44.95,44.69,45.24,32,310,3.2,0,0,0
9.62,352,0.24,0.24,0.24,11,11,11,10.01,7.1,0.06,0.01,209.8,4.5,148,1,3,234,697,284,-2,298,9.76,403.3,288,29.8,29.9,1.4,2.7,1496.8,0,15.97,0.3,9.8,11.0,9.9,10.5,11.0,9.3,11.0,10.6,41.7,41.0,13,19,8.0,9.7,32,33,34,0,0,0,6,6,4,0,6,10,6,26,34,29,19,19,19,44.95,44.69,45.24,32,310,3.2,0,0,0
11.73,144,0.24,0.24,0.24,11,11,11,12.35,-10.8,0.18,0.07,210.2,5.5,154,1,3,419,698,507,0,524,11.81,591.1,425,31.6,32.5,1.4,2.7,1856.8,0,16.51,0.4,10.0,11.3,10.0,10.6,11.1,9.5,11.0,10.7,41.9,41.4,13,19,8.1,9.8,35,35,35,0,0,0,6,6,4,0,6,10,6,26,34,28,19,19,19,44.94,44.69,45.23,32,320,3.2,0,0,0
11.79,16,0.24,0.24,0.24,12,11,11,12.34,-3.8,0.15,0.0,209.9,5.9,158,1,3,430,697,521,-1,538,11.95,603.0,433,30.1,31.5,1.4,2.7,1724.5,0,16.32,0.2,9.8,11.0,9.8,10.6,10.9,9.2,10.5,10.4,41.6,41.1,12,19,7.8,9.7,33,34,35,0,0,0,6,6,4,0,6,10,6,26,34,28,19,19,19,44.94,44.69,45.24,32,310,3.2,0,0,0
13.01,320,0.24,0.24,0.24,12,13,12,13.56,5.5,0.13,0.03,209.8,6.4,153,1,3,578,699,701,5,730,13.19,744.4,528,31.5,31.3,1.4,2.7,2180.0,0,17.0,0.4,9.7,10.9,9.8,10.2,10.8,9.2,11.0,10.7,41.8,41.4,13,19,8.0,9.8,35,36,34,0,0,0,6,6,4,0,6,10,6,26,34,29,19,19,19,44.94,44.69,45.24,32,310,3.2,0,0,0
12.8,40,0.24,0.24,0.24,12,12,11,13.35,-10.6,0.01,0.06,209.8,8.7,157,1,3,542,699,657,4,680,12.93,695.7,503,31.6,31.5,1.4,2.7,1056.7,0,14.82,0.4,9.7,10.9,9.7,10.3,10.8,9.2,10.9,10.7,41.8,41.3,13,19,8.0,9.8,34,35,34,0,0,0,6,6,4,0,6,10,6,26,34,28,19,19,19,44.95,44.69,45.23,32,320,3.2,0,0,0
10.19,48,0.24,0.24,0.24,11,11,11,10.64,10.2,0.06,0.08,209.6,6.2,141,1,3,270,698,328,-2,340,10.25,440.1,317,30.8,30.5,1.4,2.7,925.8,0,14.18,0.3,9.8,11.0,9.8,10.5,10.9,9.2,10.8,10.7,41.7,41.1,12,19,8.0,9.7,33,34,34,0,0,0,6,6,4,0,6,10,6,26,34,29,19,19,19,44.95,44.69,45.23,32,310,3.2,0,0,0
11.23,8,0.24,0.24,0.24,11,11,11,11.72,7.5,0.11,0.01,209.8,6.6,151,1,3,370,697,448,-2,465,11.34,549.9,393,28.8,30.1,1.4,2.7,1760.6,0,16.37,0.2,9.8,11.1,9.8,10.5,11.0,9.3,10.7,10.5,41.6,41.0,13,19,7.8,9.7,32,32,34,0,0,0,6,6,4,0,6,10,6,26,34,28,19,19,19,44.95,44.69,45.23,32,310,3.2,0,0,0
9.27,56,0.24,0.24,0.24,11,11,11,9.81,18.1,0.14,0.01,209.7,5.2,143,1,3,210,696,254,0,261,9.38,370.4,268,30.2,29.9,1.4,2.7,1039.3,0,14.74,0.3,9.8,11.0,9.9,10.4,11.0,9.2,10.9,10.6,41.7,41.1,12,19,8.0,9.7,32,33,34,0,0,0,6,6,4,0,6,10,6,26,34,28,19,19,19,44.94,44.69,45.23,32,310,3.2,0,0,0
12.0,32,0.24,0.24,0.24,11,12,12,12.53,-9.6,0.09,0.05,210.0,6.5,156,1,3,447,699,542,4,560,12.11,622.3,446,31.8,31.8,1.4,2.7,2180.0,0,17.0,0.4,9.7,11.0,9.8,10.3,10.9,9.2,11.0,10.6,41.8,41.4,12,19,8.0,9.8,35,36,34,0,0,0,6,6,4,0,6,10,6,26,34,28,19,19,19,44.94,44.69,45.24,32,320,3.2,0,0,0
10.24,224,0.24,0.24,0.24,11,11,11,10.72,0.2,0.12,0.03,209.9,4.8,152,1,3,287,697,348,1,360,10.35,471.0,329,28.5,30.1,1.4,2.7,1660.6,0,15.84,0.3,9.9,11.1,9.9,10.5,11.0,9.3,10.9,10.5,41.6,41.0,13,19,7.8,9.7,32,32,34,0,0,0,6,6,4,0,6,10,6,26,34,29,19,19,19,44.94,44.69,45.24,32,310,3.2,0,0,0
10.73,144,0.24,0.24,0.24,11,11,11,11.21,4.6,0.12,0.05,209.7,5.0,152,1,3,317,698,384,1,402,10.8,498.7,357,29.2,29.5,1.4,2.7,1613.2,0,16.15,0.2,9.8,11.0,9.8,10.6,11.0,9.3,10.9,10.5,41.6,41.0,13,19,7.9,9.7,31,32,34,0,0,0,6,6,4,0,6,10,6,26,34,29,19,19,19,44.95,44.69,45.23,32,320,3.2,0,0,0
13.13,216,0.24,0.24,0.24,11,12,12,13.72,-15.4,0.13,-0.02,210.5,7.3,160,1,3,589,699,715,1,743,13.27,745.8,533,29.7,31.2,1.4,2.7,2180.0,0,17.0,0.4,10.1,11.3,10.2,10.7,11.2,9.6,11.0,10.8,42.0,41.6,13,19,8.1,10.0,33,34,35,0,0,0,6,6,4,0,6,10,6,26,34,29,19,19,19,44.94,44.69,45.23,32,320,3.3,0,0,0
11.22,288,0.24,0.24,0.24,11,11,11,11.67,0.6,0.12,0.02,210.0,6.1,152,1,3,367,698,445,-2,461,11.32,543.3,391,28.5,29.1,1.4,2.7,1606.4,0,16.15,0.2,9.9,11.0,9.8,10.4,11.0,9.3,10.9,10.5,41.6,41.0,13,19,7.8,9.7,31,32,34,0,0,0,6,6,4,0,6,10,6,26,34,29,19,19,19,44.95,44.69,45.24,32,310,3.2,0,0,0
11.79,88,0.24,0.24,0.24,11,12,11,12.31,0.0,0.11,0.03,209.4,6.0,156,1,3,430,698,521,0,541,11.92,603.5,431,29.7,31.2,1.4,2.7,1724.5,0,16.32,0.3,9.8,11.0,9.8,10.3,10.9,9.2,10.8,10.4,41.6,41.1,12,19,7.8,9.7,33,33,34,0,0,0,6,6,4,0,6,10,6,26,34,29,19,19,19,44.94,44.7,45.24,32,310,3.2,0,0,0
13.03,288,0.24,0.24,0.24,11,12,12,13.56,-4.4,0.0,-0.01,210.4,7.0,155,1,3,568,699,689,4,716,13.15,726.2,520,29.7,31.2,1.4,2.7,2180.0,0,17.0,0.4,10.1,11.3,10.1,10.7,11.2,9.5,11.0,10.7,41.9,41.6,12,19,8.1,10.0,33,34,35,0,0,0,6,6,4,0,6,10,6,26,34,29,19,19,19,44.94,44.69,45.24,32,310,3.3,0,0,0
12.03,320,0.24,0.24,0.24,11,12,11,12.63,-16.2,0.17,-0.03,210.2,7.5,159,1,3,446,699,542,-2,568,12.13,622.0,445,32.0,31.7,1.4,2.7,2180.0,0,17.0,0.4,9.8,11.0,9.8,10.5,10.9,9.2,10.9,10.6,41.8,41.4,12,19,8.0,9.8,35,36,34,0,0,0,6,6,4,0,6,10,6,26,34,29,19,19,19,44.94,44.69,45.24,32,320,3.2,0,0,0
11.78,152,0.24,0.24,0.24,11,11,11,12.31,-2.2,0.09,-0.06,210.4,5.4,149,1,3,422,698,511,-2,532,11.89,600.5,431,32.2,33.0,1.4,2.7,1856.8,0,16.51,0.4,10.0,11.2,10.0,10.6,11.1,9.5,10.9,10.7,41.9,41.4,13,19,8.1,9.8,35,36,35,0,0,0,6,6,4,0,6,10,6,26,34,28,19,19,19,44.94,44.69,45.23,32,320,3.2,0,0,0
9.38,200,0.24,0.24,0.24,11,11,11,9.85,18.8,0.12,0.0,209.7,4.9,143,1,3,213,697,258,0,270,9.43,372.7,271,30.3,30.3,1.4,2.7,1039.3,0,14.74,0.3,9.8,11.0,9.8,10.5,10.9,9.2,10.9,10.6,41.7,41.1,13,19,8.0,9.7,32,33,34,0,0,0,6,6,4,0,6,10,6,26,34,28,19,19,19,44.94,44.69,45.23,32,310,3.2,0,0,0
12.08,32,0.24,0.24,0.24,11,12,11,12.63,-13.8,0.06,0.02,210.2,5.5,160,1,3,456,699,553,4,576,12.2,629.5,452,31.7,31.7,1.5,2.7,2180.0,0,17.0,0.4,9.8,11.0,9.9,10.7,11.0,9.2,10.9,10.6,41.8,41.4,13,19,8.0,9.8,35,36,34,0,0,0,6,6,4,0,6,10,6,26,34,29,19,19,19,44.94,44.69,45.24,32,320,3.3,0,0,0
13.18,288,0.24,0.24,0.24,11,12,12,13.73,-13.1,0.22,0.05,210.3,7.7,158,1,3,582,699,705,0,735,13.21,734.5,529,29.9,31.0,1.4,2.7,2180.0,0,17.0,0.4,10.1,11.3,10.1,10.7,11.2,9.5,11.0,10.8,42.0,41.6,13,19,8.1,10.0,33,34,35,0,0,0,6,6,4,0,6,10,6,26,34,29,19,19,19,44.94,44.69,45.23,32,320,3.3,0,0,0
10.05,192,0.24,0.24,0.24,11,11,11,10.52,10.8,0.09,0.01,209.7,5.7,141,1,3,260,697,315,-2,330,10.13,429.0,309,30.8,30.7,1.4,2.7,925.8,0,14.18,0.3,9.7,11.0,9.8,10.2,10.9,9.2,11.1,10.7,41.7,41.1,13,19,8.0,9.7,33,33,34,0,0,0,6,6,4,0,6,10,6,26,34,28,19,19,19,44.94,44.69,45.23,32,310,3.2,0,0,0
11.2,152,0.24,0.24,0.24,11,11,11,11.78,-7.2,0.18,0.05,209.9,6.6,154,1,3,371,698,450,-1,468,11.37,548.6,392,28.8,29.5,1.4,2.7,1613.2,0,16.15,0.2,9.9,11.0,9.8,10.4,11.0,9.3,10.8,10.5,41.6,41.0,13,19,7.8,9.7,31,32,34,0,0,0,6,6,4,0,6,10,6,26,34,29,19,19,19,44.95,44.7,45.24,32,320,3.2,0,0,0
11.13,304,0.24,0.24,0.24,11,12,11,11.66,7.9,0.15,-0.08,209.9,5.2,150,1,3,352,698,427,3,446,11.23,523.8,379,32.9,32.6,1.4,2.7,1504.0,0,15.98,0.4,10.0,11.1,10.0,10.7,11.1,9.3,10.9,10.7,41.9,41.4,13,19,8.1,9.8,35,36,35,0,0,0,6,6,4,0,6,10,6,26,34,29,19,19,19,44.94,44.69,45.23,32,310,3.2,0,0,0
9.91,344,0.24,0.24,0.24,11,11,11,10.54,10.4,0.12,0.01,209.9,5.8,142,1,3,260,697,315,-1,328,10.09,429.5,308,30.4,30.5,1.4,2.7,939.3,0,14.18,0.3,9.8,11.0,9.8,10.6,10.9,9.2,10.8,10.7,41.7,41.1,13,19,8.0,9.7,32,33,34,0,0,0,6,6,4,0,6,10,6,26,34,29,19,19,19,44.95,44.69,45.24,32,310,3.2,0,0,0
11.6,160,0.24,0.24,0.24,11,11,11,12.16,4.0,0.11,-0.04,210.2,5.3,152,1,3,409,697,495,-2,512,11.72,587.1,419,33.3,33.0,1.5,2.7,1450.4,0,15.9,0.4,9.9,11.2,10.0,10.5,11.1,9.3,11.1,10.7,41.9,41.4,13,19,8.1,9.8,36,36,35,0,0,0,6,6,4,0,6,10,6,26,34,29,19,19,19,44.95,44.69,45.24,32,310,3.3,0,0,0
10.19,80,0.24,0.24,0.24,11,11,11,10.64,3.3,0.02,-0.08,209.9,4.1,151,1,3,273,697,331,4,344,10.29,436.9,318,28.7,29.7,1.4,2.7,1416.4,0,15.84,0.2,9.9,11.0,9.9,10.7,11.0,9.3,10.7,10.5,41.6,41.0,13,19,7.8,9.7,31,31,34,0,0,0,6,6,4,0,6,10,6,26,34,29,19,19,19,44.95,44.69,45.24,32,320,3.2,0,0,0
11.74,96,0.24,0.24,0.24,11,11,11,12.21,-11.9,0.17,0.02,210.2,6.6,161,1,3,417,698,506,1,529,11.79,594.3,426,32.0,31.9,1.4,2.7,2180.0,0,17.0,0.4,9.9,11.1,9.9,10.6,11.0,9.3,10.8,10.6,41.8,41.3,13,19,8.0,9.8,35,36,34,0,0,0,6,6,4,0,6,10,6,26,34,29,19,19,19,44.94,44.69,45.24,32,320,3.3,0,0,0
11.5,168,0.24,0.24,0.24,11,11,11,12.0,-16.6,0.11,0.01,209.6,6.0,158,1,3,392,698,475,-1,499,11.57,571.5,410,31.8,32.7,1.4,2.7,2180.0,0,17.0,0.2,9.8,11.0,9.8,10.4,11.0,9.2,10.6,10.3,41.5,41.1,13,19,7.8,9.6,35,36,35,0,0,0,6,6,4,0,6,10,6,26,34,29,19,19,19,44.95,44.69,45.23,32,310,3.2,0,0,0
11.02,216,0.24,0.24,0.24,11,11,11,11.55,-4.0,0.2,0.08,209.6,5.3,154,1,3,354,698,429,3,444,11.18,535.5,381,29.1,29.6,1.4,2.7,1613.2,0,16.15,0.3,9.8,11.0,9.8,10.5,11.0,9.3,11.0,10.6,41.6,41.0,13,19,7.8,9.7,31,32,34,0,0,0,6,6,4,0,6,10,6,26,34,28,19,19,19,44.95,44.69,45.24,32,310,3.2,0,0,0
9.74,136,0.24,0.24,0.24,11,11,11,10.1,5.8,0.11,0.03,209.6,4.9,149,1,3,242,697,293,2,301,9.81,408.3,293,29.7,29.7,1.4,2.7,1496.8,0,15.97,0.3,9.8,11.1,9.9,10.4,11.0,9.3,11.0,10.6,41.7,41.0,13,19,8.0,9.7,32,33,34,0,0,0,6,6,4,0,6,10,6,26,34,28,19,19,19,44.95,44.69,45.24,32,310,3.2,0,0,0
11.69,232,0.24,0.24,0.24,12,12,11,12.19,-3.4,0.09,-0.02,210.0,5.4,153,1,3,416,697,505,0,525,11.81,591.0,424,32.7,32.8,1.4,2.7,1450.4,0,15.9,0.4,10.0,11.1,10.0,10.7,11.1,9.3,10.8,10.7,41.9,41.4,13,19,8.1,9.8,35,36,35,0,0,0,6,6,4,0,6,10,6,26,34,28,19,19,19,44.94,44.69,45.24,32,310,3.2,0,0,0
11.78,8,0.24,0.24,0.24,11,12,12,12.29,-8.5,0.11,0.02,209.9,4.9,154,1,3,418,698,507,-1,531,11.86,593.5,425,31.9,32.6,1.4,2.7,1856.8,0,16.51,0.4,10.0,11.3,10.0,10.6,11.2,9.5,11.0,10.7,41.9,41.4,14,19,8.1,9.8,35,35,35,0,0,0,6,6,4,0,6,10,6,26,34,29,19,19,19,44.95,44.69,45.24,32,320,3.3,0,0,0
11.52,240,0.24,0.24,0.24,11,11,11,11.99,-10.3,0.12,0.01,210.3,5.2,161,1,3,397,699,482,0,501,11.65,578.8,413,32.4,32.3,1.4,2.7,1867.1,0,16.53,0.4,9.9,11.1,9.9,10.5,11.1,9.3,10.9,10.6,41.8,41.3,13,19,8.0,9.8,35,36,34,0,0,0,6,6,4,0,6,10,6,26,34,29,19,19,19,44.95,44.69,45.24,32,310,3.2,0,0,0
10.61,280,0.24,0.24,0.24,11,11,11,11.16,9.6,0.14,0.03,210.1,4.4,146,1,3,312,697,378,-1,392,10.71,493.4,352,29.7,29.4,1.4,2.7,1375.2,0,15.77,0.3,9.9,11.1,9.8,10.6,11.0,9.3,10.6,10.6,41.7,41.1,13,19,8.0,9.7,32,33,34,0,0,0,6,6,4,0,6,10,6,26,34,28,19,19,19,44.94,44.69,45.24,32,310,3.2,0,0,0
13.08,72,0.24,0.24,0.24,12,12,11,13.65,-8.0,0.14,0.05,209.9,7.9,156,1,3,573,699,696,0,724,13.13,735.2,526,29.8,31.1,1.4,2.7,2180.0,0,17.0,0.4,10.1,11.3,10.1,10.7,11.2,9.5,11.0,10.7,41.9,41.6,13,19,8.1,10.0,33,34,35,0,0,0,6,6,4,0,6,10,6,26,34,28,19,19,19,44.94,44.69,45.24,33,320,3.2,0,0,0
12.8,216,0.24,0.24,0.24,12,12,11,13.26,-12.2,0.06,0.02,209.9,6.7,155,1,3,544,699,660,1,687,12.94,710.7,506,30.6,31.9,1.4,2.7,1894.0,0,16.57,0.4,10.1,11.3,10.1,10.6,11.3,9.5,11.0,10.7,41.9,41.5,13,19,8.1,10.0,34,34,35,0,0,0,6,6,4,0,6,10,6,26,34,28,19,19,19,44.94,44.69,45.23,32,310,3.2,0,0,0
11.21,280,0.24,0.24,0.24,12,11,11,11.69,3.7,0.16,0.05,209.7,6.3,150,1,3,366,697,443,5,458,11.3,539.6,389,29.4,29.6,1.4,2.7,1375.2,0,15.77,0.3,9.8,11.1,9.8,10.3,10.9,9.3,11.1,10.6,41.6,41.1,13,19,8.0,9.7,32,32,34,0,0,0,6,6,4,0,6,10,6,26,34,28,19,19,19,44.94,44.69,45.24,32,310,3.2,0,0,0
11.77,8,0.24,0.24,0.24,11,12,11,12.34,4.0,0.09,0.03,210.5,4.7,148,1,3,429,698,519,-2,533,11.91,602.0,429,32.1,32.9,1.4,2.7,1856.8,0,16.51,0.4,10.0,11.2,10.0,10.7,11.1,9.4,10.8,10.7,41.9,41.4,13,19,8.1,9.8,36,36,35,0,0,0,6,6,4,0,6,10,6,26,34,29,19,19,19,44.94,44.69,45.24,32,310,3.3,0,0,0
11.25,224,0.24,0.24,0.24,11,11,11,11.66,-6.9,0.01,0.01,209.5,6.9,154,1,3,371,698,449,-1,463,11.33,547.8,390,28.9,29.3,1.4,2.7,1613.2,0,16.15,0.3,9.9,11.0,9.8,10.4,11.0,9.3,10.9,10.5,41.6,41.0,12,19,7.8,9.7,31,32,34,0,0,0,6,6,4,0,6,10,6,26,34,28,19,19,19,44.95,44.7,45.24,32,310,3.2,0,0,0
11.01,136,0.24,0.24,0.24,11,11,11,11.57,9.2,0.08,0.01,209.6,6.7,147,1,3,356,697,431,0,440,11.17,532.0,378,29.6,29.8,1.4,2.7,1375.2,0,15.77,0.3,9.8,11.0,9.8,10.6,10.9,9.3,10.6,10.6,41.7,41.1,13,19,8.0,9.7,32,33,34,0,0,0,6,6,4,0,6,10,6,26,34,29,19,19,19,44.95,44.69,45.23,32,320,3.2,0,0,0
11.1,24,0.24,0.24,0.24,11,11,11,11.63,-2.9,0.2,0.06,209.6,6.4,158,1,3,360,698,436,-2,453,11.24,535.2,383,30.8,31.9,1.4,2.7,1780.0,0,16.32,0.2,9.8,11.0,9.8,10.4,10.9,9.2,10.7,10.4,41.5,41.0,13,19,7.8,9.6,34,35,34,0,0,0,6,6,4,0,6,10,6,26,34,29,19,19,19,44.95,44.69,45.24,32,310,3.2,0,0,0
10.82,352,0.24,0.24,0.24,11,11,11,11.26,6.9,0.19,0.03,209.9,5.2,150,1,3,327,697,396,3,412,10.94,499.6,360,28.9,29.3,1.4,2.7,1613.2,0,16.15,0.2,9.9,11.0,9.8,10.6,11.0,9.3,10.6,10.5,41.6,41.0,12,19,7.9,9.7,32,32,34,0,0,0,6,6,4,0,6,10,6,26,34,28,19,19,19,44.94,44.69,45.24,32,310,3.2,0,0,0
9.99,336,0.24,0.24,0.24,11,11,11,10.42,17.4,0.12,0.03,209.7,5.0,139,1,3,255,697,309,-1,324,10.07,424.9,308,30.6,30.4,1.4,2.7,925.8,0,14.18,0.3,9.8,11.0,9.8,10.3,10.9,9.2,10.9,10.6,41.7,41.1,13,19,8.0,9.7,33,33,34,0,0,0,6,6,4,0,6,10,6,26,34,28,19,19,19,44.94,44.69,45.24,32,310,3.2,0,0,0
11.06,144,0.24,0.24,0.24,11,11,11,11.56,-2.0,0.09,-0.01,210.1,6.5,152,1,3,349,698,423,-1,436,11.17,522.4,377,28.9,29.6,1.4,2.7,1416.4,0,15.84,0.3,9.9,11.0,9.9,10.4,11.0,9.3,10.8,10.5,41.6,40.9,13,19,7.8,9.7,31,32,34,0,0,0,6,6,4,0,6,10,6,26,34,29,19,19,19,44.95,44.69,45.24,32,310,3.2,0,0,0
13.12,176,0.24,0.24,0.24,12,12,12,13.72,5.8,0.17,0.07,210.1,6.9,153,1,3,588,699,714,-3,740,13.23,747.3,535,31.7,31.4,1.4,2.7,2180.0,0,17.0,0.4,9.7,10.9,9.8,10.2,10.8,9.2,11.0,10.7,41.8,41.4,13,19,8.0,9.8,35,35,34,0,0,0,6,6,4,0,6,10,6,26,34,28,19,19,19,44.94,44.69,45.24,32,320,3.2,0,0,0
10.56,352,0.24,0.24,0.24,12,11,11,11.09,9.5,0.11,0.01,209.9,5.3,146,1,3,311,697,377,0,387,10.68,489.7,349,29.5,29.6,1.4,2.7,1375.2,0,15.77,0.3,9.9,11.1,9.8,10.6,11.0,9.3,10.6,10.6,41.7,41.1,13,19,8.0,9.7,32,33,34,0,0,0,6,6,4,0,6,10,6,26,34,29,19,19,19,44.94,44.69,45.24,32,310,3.2,0,0,0
12.95,32,0.24,0.24,0.24,11,12,12,13.56,4.5,0.09,0.05,209.8,5.8,149,1,3,572,700,695,0,720,13.13,740.1,525,32.5,33.0,1.4,2.6,2180.0,0,17.0,0.2,9.7,10.9,9.7,10.3,10.9,9.1,10.6,10.4,41.5,41.1,13,19,7.8,9.6,36,36,34,0,0,0,6,6,4,0,6,11,6,26,34,28,19,19,19,44.94,44.69,45.24,33,310,3.2,0,0,0
12.47,0,0.24,0.24,0.24,11,12,12,13.02,7.6,0.12,0.01,210.2,6.2,148,1,3,498,699,604,-2,628,12.6,664.3,477,30.9,32.0,1.4,2.7,1894.0,0,16.57,0.4,10.1,11.2,10.1,10.8,11.2,9.5,11.1,10.7,41.9,41.4,13,19,8.1,9.9,34,35,35,0,0,0,6,6,4,0,6,10,6,26,34,29,19,19,19,44.94,44.69,45.24,32,320,3.3,0,0,0
11.55,24,0.24,0.24,0.24,11,11,11,12.09,-17.1,0.15,0.03,209.5,5.1,158,1,3,404,698,489,2,503,11.67,581.8,412,31.6,32.6,1.4,2.7,2180.0,0,17.0,0.2,9.8,10.9,9.8,10.4,11.0,9.2,10.6,10.3,41.5,41.1,13,19,7.8,9.6,35,36,35,0,0,0,6,6,4,0,6,10,6,26,34,28,19,19,19,44.94,44.69,45.23,32,320,3.2,0,0,0
13.19,288,0.24,0.24,0.24,11,12,12,13.74,-14.7,0.11,0.05,210.2,6.9,160,1,3,590,699,716,-2,739,13.25,746.4,536,29.7,30.9,1.4,2.7,2180.0,0,17.0,0.4,10.2,11.3,10.2,10.8,11.2,9.6,11.0,10.8,42.0,41.6,13,19,8.1,10.0,33,34,35,0,0,0,6,6,4,0,6,10,6,26,34,29,19,19,19,44.94,44.69,45.23,32,320,3.2,0,0,0
13.16,0,0.24,0.24,0.24,12,12,11,13.77,-13.2,0.11,-0.02,210.2,8.5,158,1,3,586,699,711,-2,738,13.25,741.3,534,29.9,31.1,1.4,2.7,2180.0,0,17.0,0.4,10.1,11.3,10.1,10.7,11.2,9.5,11.0,10.8,42.0,41.6,13,19,8.1,10.0,33,34,35,0,0,0,6,6,4,0,6,10,6,26,34,29,19,19,19,44.94,44.69,45.23,32,320,3.2,0,0,0
11.84,152,0.24,0.24,0.24,11,11,11,12.4,8.6,0.19,-0.01,210.5,6.0,146,1,3,435,697,527,-2,547,11.95,607.5,437,32.4,33.2,1.4,2.7,1856.8,0,16.51,0.4,10.0,11.2,10.0,10.7,11.1,9.4,10.8,10.7,41.9,41.5,13,19,8.1,9.8,36,36,35,0,0,0,6,6,4,0,6,10,6,26,34,28,19,19,19,44.94,44.69,45.24,32,320,3.2,0,0,0
10.33,352,0.24,0.24,0.24,11,11,11,10.79,-2.8,0.02,0.02,210.1,4.2,150,1,3,290,697,351,-1,365,10.44,466.1,333,29.5,29.6,1.4,2.7,1496.8,0,15.97,0.3,9.8,11.1,9.8,10.5,11.0,9.3,10.8,10.6,41.7,41.0,12,19,8.0,9.7,32,33,34,0,0,0,6,6,4,0,6,10,6,26,34,28,19,19,19,44.94,44.69,45.24,32,310,3.2,0,0,0
12.87,288,0.24,0.24,0.24,11,12,12,13.46,-11.1,0.17,0.07,210.3,6.0,156,1,3,553,699,671,5,699,12.99,715.1,511,30.3,31.7,1.4,2.7,1894.0,0,16.57,0.4,10.1,11.3,10.1,10.6,11.2,9.5,11.0,10.7,41.9,41.6,12,19,8.1,10.0,34,34,35,0,0,0,6,6,4,0,6,10,6,26,34,29,19,19,19,44.94,44.69,45.23,32,320,3.2,0,0,0
11.73,16,0.24,0.24,0.24,12,11,12,12.35,-2.6,0.19,0.0,209.6,6.4,156,1,3,426,697,515,0,537,11.87,604.9,432,29.6,30.8,1.4,2.7,1724.5,0,16.32,0.2,9.8,11.0,9.8,10.5,10.9,9.2,10.7,10.5,41.6,41.1,13,19,7.8,9.7,33,33,34,0,0,0,6,6,4,0,6,10,6,26,34,28,19,19,19,44.95,44.69,45.24,32,320,3.2,0,0,0
10.62,72,0.24,0.24,0.24,11,11,11,11.09,0.8,0.13,0.0,209.8,6.2,151,1,3,308,698,373,4,388,10.71,472.0,345,28.8,29.6,1.4,2.7,1416.4,0,15.84,0.3,9.9,11.1,9.9,10.5,11.0,9.3,10.8,10.5,41.6,40.9,12,19,7.8,9.7,31,31,34,0,0,0,6,6,4,0,6,10,6,26,34,29,19,19,19,44.95,44.69,45.23,32,310,3.2,0,0,0
12.84,144,0.24,0.24,0.24,12,12,11,13.36,-7.5,0.17,0.01,209.9,8.4,153,1,3,544,699,660,2,683,12.92,703.2,506,30.7,31.7,1.4,2.7,1894.0,0,16.57,0.4,10.2,11.3,10.1,10.7,11.3,9.5,10.9,10.7,41.9,41.5,13,19,8.1,10.0,34,34,35,0,0,0,6,6,4,0,6,10,6,26,34,29,19,19,19,44.95,44.7,45.23,32,320,3.3,0,0,0
10.96,88,0.24,0.24,0.24,11,11,11,11.45,13.6,0.06,-0.04,210.3,5.9,149,1,3,342,697,414,4,425,11.05,512.4,371,33.0,32.9,1.4,2.7,1504.0,0,15.98,0.4,9.9,11.1,10.0,10.6,11.1,9.3,11.1,10.7,41.9,41.4,13,19,8.1,9.8,35,36,34,0,0,0,6,6,4,0,6,10,6,26,34,29,19,19,19,44.94,44.69,45.23,32,320,3.3,0,0,0
11.59,16,0.24,0.24,0.24,11,12,11,12.08,13.6,0.0,-0.06,210.3,6.7,148,1,3,403,697,487,-1,499,11.69,577.2,412,33.2,32.9,1.4,2.7,1450.4,0,15.9,0.4,9.9,11.2,10.0,10.7,11.1,9.3,11.0,10.7,41.9,41.4,13,19,8.1,9.8,36,36,35,0,0,0,6,6,4,0,6,10,6,26,34,29,19,19,19,44.94,44.69,45.23,32,320,3.3,0,0,0
9.39,128,0.24,0.24,0.24,11,11,11,9.85,6.9,0.12,0.01,209.6,4.7,148,1,3,218,697,264,-1,277,9.54,388.6,279,29.9,30.2,1.4,2.7,1496.8,0,15.97,0.3,9.9,11.0,9.9,10.6,11.0,9.3,10.7,10.6,41.7,41.1,13,19,8.0,9.7,32,33,34,0,0,0,6,6,4,0,6,10,6,26,34,29,19,19,19,44.94,44.69,45.24,32,310,3.2,0,0,0
9.91,264,0.24,0.24,0.24,11,11,11,10.42,10.6,0.07,0.01,210.3,5.1,142,1,3,256,697,311,0,319,10.0,427.7,306,30.3,30.4,1.4,2.7,925.8,0,14.18,0.3,9.8,11.0,9.8,10.6,10.9,9.2,10.8,10.7,41.7,41.1,12,19,8.0,9.7,32,33,34,0,0,0,6,6,4,0,6,10,6,26,34,29,19,19,19,44.95,44.69,45.24,32,310,3.3,0,0,0
11.86,224,0.24,0.24,0.24,12,11,11,12.33,7.1,0.06,0.1,209.9,4.6,147,1,3,434,697,525,-2,544,11.95,608.9,435,32.1,32.9,1.4,2.6,1856.8,0,16.51,0.4,10.0,11.2,10.0,10.7,11.1,9.4,10.8,10.7,41.9,41.5,13,19,8.1,9.8,36,36,35,0,0,0,6,6,4,0,6,10,6,26,34,29,19,19,19,44.94,44.69,45.24,32,320,3.2,0,0,0
11.88,40,0.24,0.24,0.24,12,12,11,12.34,-8.9,0.15,-0.01,210.0,7.2,155,1,3,430,698,521,2,540,12.01,601.2,434,31.3,31.1,1.4,2.7,1056.7,0,14.82,0.3,9.7,11.0,9.8,10.4,10.9,9.2,10.9,10.7,41.8,41.2,13,19,8.0,9.8,34,34,34,0,0,0,6,6,4,0,6,10,6,26,34,29,19,19,19,44.95,44.69,45.23,32,310,3.2,0,0,0
10.13,8,0.24,0.24,0.24,11,11,11,10.58,1.8,0.19,0.03,209.7,4.8,151,1,3,269,697,325,4,340,10.21,433.4,314,28.6,29.7,1.4,2.7,1416.4,0,15.84,0.3,9.9,11.0,9.9,10.7,11.0,9.3,10.7,10.5,41.6,41.0,13,19,7.8,9.7,31,31,34,0,0,0,6,6,4,0,6,10,6,26,34,29,19,19,19,44.95,44.69,45.23,32,310,3.2,0,0,0
12.45,24,0.24,0.24,0.24,11,12,12,13.12,-3.9,0.19,0.0,209.7,7.0,152,1,3,513,699,622,4,646,12.63,690.1,487,31.9,32.7,1.4,2.7,2180.0,0,17.0,0.2,9.7,10.9,9.7,10.5,10.9,9.2,10.8,10.4,41.5,41.1,13,19,7.8,9.6,36,36,34,0,0,0,6,6,4,0,6,11,6,26,34,29,19,19,19,44.95,44.69,45.24,32,320,3.2,0,0,0
12.97,64,0.24,0.24,0.24,12,12,11,13.51,-16.2,0.06,-0.04,210.3,7.2,161,1,3,566,700,688,-2,716,13.1,733.5,522,29.2,30.7,1.4,2.7,2180.0,0,17.0,0.4,10.2,11.3,10.2,10.9,11.2,9.6,10.9,10.8,42.0,41.6,13,19,8.1,10.0,33,33,35,0,0,0,6,6,4,0,6,10,6,26,34,29,19,19,19,44.95,44.7,45.23,32,320,3.3,0,0,0
10.83,304,0.24,0.24,0.24,11,11,11,11.32,-6.7,0.08,0.06,210.0,5.2,161,1,3,332,698,402,-2,420,10.92,511.6,365,32.5,32.4,1.4,2.7,1677.1,0,15.98,0.4,9.9,11.2,10.0,10.6,11.1,9.3,10.8,10.6,41.8,41.3,13,19,8.0,9.8,35,36,34,0,0,0,6,6,4,0,6,10,6,26,34,29,19,19,19,44.95,44.69,45.23,32,310,3.2,0,0,0
10.42,136,0.24,0.24,0.24,11,11,11,10.95,5.1,0.15,0.06,209.9,5.6,147,1,3,297,696,359,0,375,10.57,479.4,341,29.5,29.5,1.4,2.7,1375.2,0,15.77,0.3,9.8,11.1,9.8,10.5,11.0,9.3,10.7,10.6,41.7,41.1,13,19,8.0,9.7,32,33,34,0,0,0,6,6,4,0,6,10,6,26,34,29,19,19,19,44.94,44.69,45.23,32,320,3.3,0,0,0
12.19,320,0.24,0.24,0.24,12,11,11,12.71,-9.5,0.06,0.03,209.9,7.6,156,1,3,465,699,564,4,583,12.29,629.2,457,31.4,31.2,1.4,2.7,1056.7,0,14.82,0.4,9.7,10.9,9.8,10.3,10.8,9.2,10.9,10.7,41.8,41.3,13,19,8.0,9.8,34,34,34,0,0,0,6,6,4,0,6,10,6,26,34,29,19,19,19,44.94,44.69,45.23,32,310,3.2,0,0,0
12.74,288,0.24,0.24,0.24,12,13,12,13.36,-8.6,0.24,-0.02,210.1,6.9,153,1,3,541,699,656,2,680,12.93,706.6,506,30.7,31.7,1.4,2.7,1894.0,0,16.57,0.4,10.2,11.3,10.1,10.7,11.3,9.5,10.9,10.7,41.9,41.5,13,19,8.1,10.0,34,34,35,0,0,0,6,6,4,0,6,10,6,26,34,28,19,19,19,44.95,44.7,45.23,32,310,3.2,0,0,0
10.14,192,0.24,0.24,0.24,11,11,11,10.54,7.1,0.11,0.01,209.6,6.6,142,1,3,269,698,326,-2,345,10.21,445.9,320,30.9,30.8,1.4,2.7,1125.8,0,15.51,0.3,9.8,11.0,9.8,10.5,10.8,9.2,10.8,10.7,41.7,41.2,13,19,8.0,9.7,33,34,34,0,0,0,6,6,4,0,6,10,6,26,34,29,19,19,19,44.95,44.69,45.24,32,310,3.3,0,0,0
12.66,288,0.24,0.24,0.24,12,13,11,13.19,0.9,0.19,0.01,210.4,8.1,150,1,3,523,699,634,5,659,12.79,689.6,494,30.7,32.0,1.4,2.7,1894.0,0,16.57,0.4,10.1,11.3,10.1,10.8,11.2,9.5,10.8,10.7,41.9,41.5,13,19,8.1,9.9,34,34,35,0,0,0,6,6,4,0,6,10,6,26,34,29,19,19,19,44.94,44.69,45.24,32,320,3.3,0,0,0
11.19,72,0.24,0.24,0.24,11,12,11,11.66,7.2,0.06,-0.03,209.6,5.8,148,1,3,365,697,442,-2,460,11.34,544.9,390,29.6,29.5,1.4,2.7,1375.2,0,15.77,0.3,9.8,11.0,9.8,10.5,10.9,9.3,10.7,10.6,41.7,41.0,12,19,8.0,9.7,32,32,34,0,0,0,6,6,4,0,6,10,6,26,34,29,19,19,19,44.95,44.69,45.24,32,310,3.2,0,0,0
10.01,128,0.24,0.24,0.24,11,11,11,10.41,11.4,0.14,0.06,210.1,4.5,142,1,3,259,697,314,-2,330,10.11,428.5,311,30.3,30.1,1.4,2.7,1039.3,0,14.74,0.3,9.8,11.0,9.8,10.7,10.9,9.2,10.8,10.7,41.7,41.1,13,19,8.0,9.7,32,33,34,0,0,0,6,6,4,0,6,10,6,26,34,28,19,19,19,44.94,44.69,45.23,32,310,3.2,0,0,0
11.35,240,0.24,0.24,0.24,11,12,11,11.88,-10.5,0.11,0.0,210.1,5.8,161,1,3,379,698,460,1,483,11.46,566.6,402,32.5,32.3,1.4,2.7,1867.1,0,16.53,0.4,9.9,11.1,9.9,10.6,11.1,9.3,10.8,10.6,41.8,41.4,13,19,8.0,9.8,35,36,34,0,0,0,6,6,4,0,6,10,6,26,34,28,19,19,19,44.94,44.69,45.24,32,310,3.2,0,0,0
9.72,264,0.24,0.24,0.24,11,11,11,10.23,-1.2,0.12,0.01,210.0,7.0,147,1,3,239,697,289,4,298,9.84,405.7,293,31.1,30.9,1.4,2.7,1211.4,0,15.51,0.3,9.8,11.0,9.7,10.4,10.9,9.2,10.8,10.7,41.8,41.2,13,19,8.0,9.7,33,34,34,0,0,0,6,6,4,0,6,10,6,26,34,29,19,19,19,44.94,44.69,45.23,32,310,3.2,0,0,0
11.99,176,0.24,0.24,0.24,12,11,11,12.47,-11.1,0.18,0.03,210.4,6.9,157,1,3,451,699,547,-1,568,12.1,624.9,448,32.0,31.9,1.4,2.7,2180.0,0,17.0,0.4,9.8,11.0,9.8,10.4,10.9,9.2,11.0,10.6,41.8,41.4,12,19,8.0,9.8,35,36,34,0,0,0,6,6,4,0,6,10,6,26,34,29,19,19,19,44.94,44.69,45.24,32,310,3.3,0,0,0
10.65,184,0.24,0.24,0.24,11,11,11,11.16,-10.6,0.05,0.01,209.7,5.4,152,1,3,304,698,368,2,384,10.71,463.3,341,31.3,30.8,1.4,2.7,1056.7,0,14.82,0.3,9.7,10.9,9.7,10.5,10.9,9.2,11.0,10.7,41.8,41.2,13,19,8.0,9.8,33,34,34,0,0,0,6,6,4,0,6,10,6,26,34,28,19,19,19,44.94,44.69,45.23,31,310,3.2,0,0,0
11.57,168,0.24,0.24,0.24,11,11,11,12.03,-12.9,0.07,0.01,210.2,5.1,162,1,3,402,699,488,-1,502,11.66,580.0,415,32.3,32.3,1.4,2.7,1867.1,0,16.53,0.4,9.9,11.1,9.9,10.5,11.1,9.3,10.9,10.6,41.8,41.3,13,19,8.0,9.8,35,36,34,0,0,0,6,6,4,0,6,10,6,26,34,28,19,19,19,44.95,44.69,45.24,32,320,3.2,0,0,0
11.71,152,0.24,0.24,0.24,12,11,11,12.34,-3.8,0.17,0.02,210.2,4.0,151,1,3,417,697,505,2,526,11.84,593.2,426,31.8,32.6,1.4,2.7,1856.8,0,16.51,0.4,10.0,11.2,10.0,10.6,11.1,9.5,10.9,10.7,41.9,41.4,13,19,8.1,9.8,35,36,35,0,0,0,6,6,4,0,6,10,6,26,34,28,19,19,19,44.95,44.69,45.24,32,320,3.2,0,0,0
10.08,192,0.24,0.24,0.24,11,11,11,10.55,15.3,0.11,0.06,209.7,5.8,140,1,3,268,698,325,0,334,10.21,438.3,315,30.9,30.7,1.4,2.7,925.8,0,14.18,0.3,9.7,11.0,9.8,10.4,10.9,9.2,11.0,10.7,41.7,41.2,13,19,8.0,9.7,33,34,34,0,0,0,6,6,4,0,6,10,6,26,34,29,19,19,19,44.94,44.69,45.24,32,320,3.2,0,0,0
11.83,160,0.24,0.24,0.24,11,12,11,12.32,-2.7,0.18,0.01,209.7,6.2,157,1,3,429,697,519,2,535,11.91,603.3,432,30.3,31.4,1.4,2.7,1724.5,0,16.32,0.2,9.8,11.0,9.8,10.5,11.0,9.2,10.5,10.4,41.6,41.1,13,19,7.8,9.7,33,34,35,0,0,0,6,6,4,0,6,10,6,26,34,29,19,19,19,44.95,44.69,45.24,32,320,3.3,0,0,0
13.2,24,0.24,0.24,0.24,12,13,12,13.77,2.5,0.12,0.03,209.6,7.4,150,1,3,602,700,731,1,759,13.36,752.7,539,32.7,33.2,1.4,2.7,2180.0,0,17.0,0.2,9.6,10.9,9.7,10.4,10.9,9.1,10.5,10.3,41.5,41.0,12,19,7.8,9.6,36,36,34,0,0,0,6,6,4,0,6,10,6,26,34,29,19,19,19,44.94,44.69,45.24,32,320,3.3,0,0,0
9.64,112,0.24,0.24,0.24,11,11,11,10.1,10.4,0.11,-0.03,209.7,5.0,142,1,3,236,698,286,-1,303,9.81,409.8,292,30.8,30.6,1.4,2.7,1211.4,0,15.51,0.3,9.8,11.0,9.7,10.4,10.9,9.2,10.8,10.7,41.8,41.1,13,19,8.0,9.7,33,34,34,0,0,0,6,6,4,0,6,10,6,26,34,29,19,19,19,44.94,44.69,45.24,32,310,3.2,0,0,0
13.09,248,0.24,0.24,0.24,12,12,11,13.61,5.2,0.11,-0.07,209.6,5.8,153,1,3,587,699,712,4,738,13.18,748.6,534,31.7,31.6,1.4,2.7,2180.0,0,17.0,0.4,9.7,10.9,9.8,10.2,10.8,9.2,11.0,10.7,41.8,41.4,13,19,8.0,9.8,35,36,34,0,0,0,6,6,4,0,6,10,6,26,34,29,19,19,19,44.94,44.69,45.24,32,320,3.2,0,0,0
11.68,168,0.24,0.24,0.24,11,11,11,12.27,-12.6,0.05,0.0,210.1,5.8,161,1,3,420,698,509,2,521,11.8,594.8,425,32.3,32.2,1.4,2.7,2090.0,0,16.53,0.4,9.9,11.1,9.9,10.6,11.0,9.3,10.8,10.6,41.8,41.3,13,19,8.0,9.8,35,36,34,0,0,0,6,6,4,0,6,10,6,26,34,28,19,19,19,44.94,44.69,45.24,32,320,3.2,0,0,0
11.94,24,0.24,0.24,0.24,11,12,11,12.44,-10.7,0.15,-0.01,209.6,3.8,155,1,3,450,698,545,-2,566,12.07,632.6,447,32.1,32.6,1.4,2.7,2180.0,0,17.0,0.2,9.8,10.9,9.7,10.6,11.0,9.2,10.5,10.3,41.5,41.1,13,19,7.8,9.6,36,36,34,0,0,0,6,6,4,0,6,10,6,26,34,28,19,19,19,44.94,44.69,45.24,32,320,3.2,0,0,0
11.27,88,0.24,0.24,0.24,11,11,11,11.79,-4.9,0.15,0.01,209.5,6.1,158,1,3,369,698,447,5,464,11.41,544.0,392,30.7,31.8,1.4,2.7,1724.5,0,16.32,0.2,9.8,11.0,9.8,10.6,10.9,9.2,10.6,10.5,41.5,41.0,12,19,7.8,9.6,34,34,34,0,0,0,6,6,4,0,6,10,6,26,34,28,19,19,19,44.95,44.69,45.24,32,310,3.2,0,0,0
10.86,24,0.24,0.24,0.24,11,11,11,11.38,-8.8,0.11,-0.03,210.1,5.2,162,1,3,336,698,408,0,424,11.0,514.6,368,32.4,32.4,1.4,2.7,1867.1,0,16.53,0.4,10.0,11.1,10.0,10.7,11.1,9.3,10.7,10.6,41.8,41.4,13,19,8.0,9.8,35,36,34,0,0,0,6,6,4,0,6,10,6,26,34,28,19,19,19,44.94,44.69,45.24,32,320,3.2,0,0,0
10.96,136,0.24,0.24,0.24,11,11,11,11.46,6.9,0.24,-0.02,210.0,6.7,149,1,3,338,697,409,1,425,11.01,507.5,369,29.1,29.3,1.4,2.7,1613.2,0,16.15,0.3,9.9,11.0,9.8,10.5,11.0,9.3,10.7,10.5,41.6,41.0,13,19,8.0,9.7,32,32,34,0,0,0,6,6,4,0,6,10,6,26,34,29,19,19,19,44.95,44.69,45.24,31,320,3.3,0,0,0
9.72,280,0.24,0.24,0.24,11,11,11,10.28,3.9,0.04,0.03,210.0,4.7,150,1,3,242,697,293,1,308,9.91,418.2,298,29.8,29.9,1.4,2.7,1496.8,0,15.97,0.3,9.8,11.0,9.9,10.4,11.0,9.3,10.8,10.6,41.7,41.0,13,19,8.0,9.7,32,33,34,0,0,0,6,6,4,0,6,10,6,26,34,29,19,19,19,44.94,44.69,45.24,32,310,3.2,0,0,0
11.87,96,0.24,0.24,0.24,11,12,11,12.41,-12.0,0.1,0.02,210.1,6.0,160,1,3,436,699,529,-2,549,11.99,613.2,438,32.3,32.2,1.4,2.7,2180.0,0,17.0,0.3,9.9,11.1,9.9,10.7,11.0,9.3,10.6,10.6,41.8,41.4,13,19,8.0,9.8,35,36,34,0,0,0,6,6,4,0,6,10,6,26,34,29,19,19,19,44.95,44.69,45.24,32,310,3.3,0,0,0
11.55,16,0.24,0.24,0.24,12,11,11,12.08,-6.2,0.12,-0.02,209.6,7.0,158,1,3,400,698,485,1,500,11.66,571.6,412,30.8,31.9,1.4,2.7,1724.5,0,16.32,0.2,9.8,11.0,9.8,10.6,10.9,9.2,10.5,10.4,41.6,41.0,12,19,7.8,9.7,33,34,35,0,0,0,6,6,4,0,6,10,6,26,34,28,19,19,19,44.95,44.69,45.24,32,310,3.2,0,0,0
9.75,256,0.24,0.24,0.24,11,11,11,10.21,13.3,0.16,-0.04,209.8,4.7,141,1,3,241,698,293,-2,303,9.83,411.2,296,30.9,30.7,1.4,2.7,1211.4,0,15.51,0.2,9.8,11.0,9.7,10.5,10.9,9.2,10.7,10.6,41.7,41.1,13,19,8.0,9.7,33,34,34,0,0,0,6,6,4,0,6,10,6,26,34,28,19,19,19,44.94,44.69,45.24,32,310,3.2,0,0,0
11.13,64,0.24,0.24,0.24,11,11,11,11.68,1.8,0.17,0.03,209.7,8.5,151,1,3,359,697,434,-2,448,11.2,525.3,380,29.0,29.3,1.4,2.7,1375.2,0,15.77,0.3,9.8,11.1,9.8,10.3,11.0,9.3,11.0,10.6,41.6,41.0,13,19,8.0,9.7,32,32,34,0,0,0,6,6,4,0,6,10,6,26,34,29,19,19,19,44.95,44.7,45.24,32,310,3.2,0,0,0
12.88,96,0.24,0.24,0.24,11,12,12,13.46,3.1,0.11,-0.03,209.5,6.3,150,1,3,566,700,688,2,713,13.02,731.3,519,32.0,32.7,1.4,2.7,2180.0,0,17.0,0.2,9.7,10.9,9.7,10.3,10.9,9.1,10.6,10.4,41.5,41.1,13,19,7.8,9.6,36,36,34,0,0,0,6,6,4,0,6,11,6,26,34,28,19,19,19,44.95,44.69,45.24,32,320,3.2,0,0,0
11.58,304,0.24,0.24,0.24,11,11,11,12.06,1.2,0.15,-0.02,209.4,6.1,154,1,3,405,697,490,5,507,11.66,578.3,415,29.2,30.7,1.4,2.7,1760.6,0,16.37,0.2,9.8,11.0,9.8,10.7,11.0,9.3,10.6,10.5,41.6,41.1,13,19,7.8,9.7,32,33,34,0,0,0,6,6,4,0,6,10,6,26,34,29,19,19,19,44.95,44.69,45.23,32,320,3.2,0,0,0
11.88,304,0.24,0.24,0.24,11,11,11,12.34,-3.9,0.15,0.03,209.6,6.1,158,1,3,430,697,521,2,541,11.92,598.0,433,30.1,31.3,1.4,2.7,1724.5,0,16.32,0.2,9.8,11.0,9.8,10.6,10.9,9.2,10.6,10.4,41.6,41.1,13,19,7.8,9.7,33,34,35,0,0,0,6,6,4,0,6,10,6,26,34,28,19,19,19,44.94,44.69,45.24,32,310,3.2,0,0,0
11.77,24,0.24,0.24,0.24,11,12,11,12.33,-6.7,0.11,0.03,210.0,5.4,159,1,3,427,698,518,4,534,11.92,599.8,429,32.2,31.9,1.4,2.7,2180.0,0,17.0,0.4,9.8,11.1,9.9,10.6,11.0,9.3,10.7,10.5,41.8,41.4,13,19,8.0,9.8,35,36,34,0,0,0,6,6,4,0,6,10,6,26,34,29,19,19,19,44.94,44.69,45.24,32,310,3.3,0,0,0
11.46,96,0.24,0.24,0.24,11,11,11,12.01,-16.6,0.08,-0.03,209.6,5.4,158,1,3,394,698,478,0,493,11.59,574.7,409,32.0,32.8,1.4,2.7,2180.0,0,17.0,0.2,9.8,10.9,9.8,10.4,11.0,9.2,10.6,10.3,41.5,41.1,13,19,7.8,9.6,35,36,35,0,0,0,6,6,4,0,6,10,6,26,34,29,19,19,19,44.95,44.69,45.23,32,310,3.3,0,0,0
13.1,40,0.24,0.24,0.24,11,12,12,13.65,0.9,0.06,-0.07,209.7,5.9,155,1,3,590,699,715,5,745,13.3,750.1,534,31.5,31.3,1.4,2.7,2056.7,0,17.0,0.4,9.7,10.9,9.7,10.2,10.8,9.2,11.0,10.7,41.8,41.4,13,19,8.0,9.8,35,35,34,0,0,0,6,6,4,0,6,10,6,26,34,29,19,19,19,44.95,44.69,45.24,32,310,3.2,0,0,0
9.73,40,0.24,0.24,0.24,11,11,11,10.19,9.5,0.11,0.03,209.9,5.2,142,1,3,238,698,289,0,303,9.84,410.4,295,30.9,30.8,1.4,2.7,1211.4,0,15.51,0.3,9.8,11.0,9.7,10.4,10.9,9.2,10.8,10.6,41.8,41.1,12,19,8.0,9.7,33,34,34,0,0,0,6,6,4,0,6,10,6,26,34,29,19,19,19,44.94,44.69,45.24,32,320,3.2,0,0,0
9.85,336,0.24,0.24,0.24,11,11,11,10.27,-4.8,0.08,0.01,209.6,6.9,148,1,3,243,697,294,4,301,9.93,407.7,296,31.0,31.0,1.4,2.7,1211.4,0,15.51,0.3,9.8,11.0,9.7,10.3,10.9,9.2,10.9,10.7,41.8,41.1,12,19,8.0,9.8,33,34,34,0,0,0,6,6,4,0,6,10,6,26,34,28,19,19,19,44.94,44.7,45.23,32,310,3.2,0,0,0
12.91,72,0.24,0.24,0.24,12,11,12,13.5,-11.6,0.13,0.02,209.7,7.2,156,1,3,549,699,666,-2,691,12.96,707.9,510,30.6,31.7,1.4,2.7,1894.0,0,16.57,0.4,10.1,11.3,10.1,10.6,11.2,9.5,11.0,10.7,41.9,41.5,13,19,8.1,10.0,34,34,35,0,0,0,6,6,4,0,6,10,6,26,34,29,19,19,19,44.94,44.69,45.23,32,320,3.3,0,0,0
9.91,336,0.24,0.24,0.24,11,11,11,10.37,15.7,0.16,0.0,210.2,4.2,141,1,3,250,696,302,1,313,9.99,422.2,304,30.4,30.3,1.4,2.7,925.8,0,14.18,0.2,9.8,11.0,9.8,10.7,10.9,9.2,10.7,10.7,41.7,41.1,12,19,8.0,9.7,33,33,34,0,0,0,6,6,4,0,6,10,6,26,34,29,19,19,19,44.95,44.69,45.24,32,310,3.3,0,0,0
10.86,312,0.24,0.24,0.24,11,11,11,11.47,-8.2,0.09,0.08,209.7,5.2,161,1,3,340,698,412,4,425,11.02,516.6,369,32.4,32.2,1.4,2.7,1867.1,0,16.53,0.3,10.0,11.1,10.0,10.7,11.1,9.3,10.6,10.6,41.8,41.4,12,19,8.0,9.8,35,36,34,0,0,0,6,6,4,0,6,10,6,26,34,29,19,19,19,44.94,44.69,45.24,32,310,3.2,0,0,0
9.92,192,0.24,0.24,0.24,11,11,11,10.37,17.6,0.15,0.01,209.8,5.8,140,1,3,248,697,301,0,317,10.01,421.0,303,30.9,30.6,1.4,2.7,925.8,0,14.18,0.3,9.8,11.0,9.8,10.5,10.9,9.2,10.8,10.6,41.7,41.1,12,19,8.0,9.7,33,33,34,0,0,0,6,6,4,0,6,10,6,26,34,28,19,19,19,44.94,44.69,45.24,32,310,3.2,0,0,0
