轮毂转速,轮毂角度,叶片1角度,叶片2角度,叶片3角度,变桨电机1电流,变桨电机2电流,变桨电机3电流,超速传感器转速检测值,5秒偏航对风平均值,x方向振动值,y方向振动值,液压制动压力,机舱气象站风速,风向绝对值,大气压力,无功功率控制状态,变频器电网侧电流,变频器电网侧电压,变频器电网侧有功功率,变频器电网侧无功功率,变频器发电机侧功率,发电机运行频率,发电机电流,发电机转矩,变频器入口温度,变频器出口温度,变频器入口压力,变频器出口压力,发电机功率限幅值,无功功率设定值,额定的轮毂转速,测风塔环境温度,发电机定子温度1,发电机定子温度2,发电机定子温度3,发电机定子温度4,发电机定子温度5,发电机定子温度6,发电机空气温度1,发电机空气温度2,主轴承温度1,主轴承温度2,轮毂温度,轮毂控制柜温度,机舱温度,机舱控制柜温度,变频器INU温度,变频器ISU温度,变频器INU RMIO温度,变桨电机1功率估算,变桨电机2功率估算,变桨电机3功率估算,风机当前状态值,轮毂当前状态值,偏航状态值,偏航要求值,叶片1电池箱温度,叶片2电池箱温度,叶片3电池箱温度,叶片1变桨电机温度,叶片2变桨电机温度,叶片3变桨电机温度,叶片1变频器箱温度,叶片2变频器箱温度,叶片3变频器箱温度,叶片1超级电容电压,叶片2超级电容电压,叶片3超级电容电压,驱动1晶闸管温度,驱动2晶闸管温度,驱动3晶闸管温度,驱动1输出扭矩,驱动2输出扭矩,驱动3输出扭矩
12.17,272,0.25,0.25,0.25,11,12,12,12.72,21.8,0.05,0.01,209.9,6.7,311,1,3,469,695,567,-6,592,12.3,655.5,459,30.6,30.7,1.4,2.7,2180.0,0,17.0,12.5,35.3,33.5,34.5,32.3,35.1,35.5,31.2,29.8,59.3,58.9,30,36,23.4,25.7,34,34,37,0,0,0,6,6,4,0,24,24,24,36,44,39,36,36,37,44.89,44.64,45.13,52,520,5.4,0,0,0
10.97,192,0.25,0.25,0.25,11,11,11,11.48,18.6,0.15,-0.04,24.5,5.1,298,1,3,347,693,417,2,429,11.06,525.7,372,32.9,33.3,1.4,2.7,1882.6,0,16.55,12.6,35.0,33.3,34.2,31.6,34.8,35.2,31.4,29.7,59.3,59.0,31,36,23.4,25.8,35,36,38,0,0,0,6,6,4,1,24,24,24,36,44,39,36,36,37,44.89,44.64,45.13,51,520,5.3,0,0,0
11.29,136,0.25,0.25,0.25,11,11,11,11.81,-4.6,0.12,0.06,209.9,7.2,306,1,3,370,695,446,-3,465,11.37,543.3,392,30.6,31.8,1.4,2.7,1680.0,0,16.16,12.7,34.9,33.3,34.2,31.9,34.8,35.2,31.8,29.7,59.3,59.1,30,36,23.4,25.9,33,33,38,0,0,0,6,6,4,0,24,24,24,36,44,39,36,36,37,44.9,44.64,45.13,51,520,5.3,0,0,0
12.35,160,0.25,0.25,0.25,11,12,12,12.95,-7.6,0.1,0.01,210.7,6.3,303,1,3,496,696,599,4,618,12.52,675.1,475,31.8,32.8,1.4,2.7,2180.0,0,17.0,12.7,35.0,33.3,34.2,31.7,34.8,35.2,31.5,29.7,59.4,58.8,31,36,23.4,25.9,35,35,38,0,0,0,6,6,4,0,24,24,24,36,44,39,36,36,37,44.89,44.64,45.13,51,520,5.3,0,0,0
12.47,336,0.25,0.25,0.25,11,12,12,12.96,-1.2,0.14,0.0,209.7,7.3,322,1,3,506,696,611,2,633,12.57,683.9,479,29.4,29.9,1.4,2.7,2096.6,0,16.87,12.5,35.2,33.5,34.5,32.4,35.1,35.5,31.4,29.9,59.5,58.9,29,36,23.4,25.7,32,33,38,0,0,0,6,6,4,0,24,24,24,36,44,39,36,36,37,44.9,44.64,45.13,52,520,5.3,0,0,0
11.73,192,0.25,0.25,0.25,11,11,12,12.34,8.8,0.12,-0.01,209.6,6.0,313,1,3,431,694,519,-1,538,11.88,621.5,431,31.2,31.4,1.5,2.8,2180.0,0,17.0,12.5,35.4,33.6,34.5,32.3,35.2,35.5,31.1,29.8,59.3,59.0,30,36,23.4,25.7,34,35,37,0,0,0,6,6,4,0,24,24,24,36,44,39,36,36,37,44.9,44.64,45.13,51,520,5.3,0,0,0
11.69,136,0.25,0.25,0.25,11,11,12,12.22,0.3,0.18,0.01,210.1,5.7,304,1,3,424,694,512,3,526,11.84,610.4,427,31.3,32.2,1.5,2.7,2180.0,0,17.0,12.7,34.9,33.3,34.2,31.7,34.8,35.2,31.6,29.7,59.3,59.0,30,36,23.4,25.9,34,35,38,0,0,0,6,6,4,0,24,24,24,36,44,39,36,36,37,44.89,44.64,45.12,52,520,5.4,0,0,0
9.65,192,0.25,0.25,0.25,11,11,11,10.15,-1.2,0.14,0.09,209.6,5.1,318,1,3,236,692,284,0,293,9.76,409.2,288,31.9,32.0,1.4,2.7,1959.8,0,15.89,12.5,35.3,33.5,34.5,32.2,35.1,35.4,31.3,29.8,59.4,58.9,30,36,23.4,25.7,34,35,37,0,0,0,6,6,4,0,24,24,24,36,44,39,36,36,37,44.9,44.64,45.13,51,520,5.3,0,0,0
10.98,192,0.25,0.25,0.25,11,11,11,11.49,18.7,0.12,0.07,24.3,5.9,297,1,3,347,692,417,5,435,11.09,527.9,373,32.6,33.4,1.4,2.7,1882.6,0,16.55,12.6,35.0,33.3,34.2,31.6,34.8,35.2,31.4,29.7,59.3,59.0,29,36,23.4,25.8,35,36,38,0,0,0,6,6,4,1,24,24,24,36,44,39,36,36,37,44.89,44.64,45.13,51,520,5.4,0,0,0
9.45,264,0.25,0.25,0.25,11,11,11,9.91,8.9,0.17,-0.04,211.2,4.0,314,1,3,221,694,267,-5,279,9.54,393.2,279,29.3,30.3,1.4,2.7,1348.4,0,15.73,12.5,35.4,33.7,34.7,32.4,35.3,35.7,31.8,30.1,59.5,59.0,31,36,23.4,25.7,31,32,38,0,0,0,6,6,4,0,24,24,24,37,44,39,36,36,37,44.9,44.64,45.13,51,510,5.2,0,0,0
10.3,192,0.25,0.25,0.25,11,11,11,10.76,16.3,0.11,0.05,209.5,6.2,315,1,3,284,693,341,-4,350,10.39,456.4,326,32.6,32.6,1.4,2.7,1329.9,0,15.7,12.6,35.1,33.4,34.4,31.9,35.0,35.3,31.3,29.7,59.4,58.9,29,36,23.4,25.7,35,35,38,0,0,0,6,6,4,0,24,24,24,36,44,39,36,36,37,44.89,44.64,45.13,52,520,5.2,0,0,0
10.81,192,0.25,0.25,0.25,11,11,11,11.27,15.2,0.18,0.01,209.5,6.0,313,1,3,328,695,396,-1,410,10.87,512.8,362,32.8,32.8,1.5,2.7,1526.6,0,16.02,12.6,35.1,33.4,34.3,31.8,34.9,35.3,31.4,29.7,59.4,59.0,29,36,23.4,25.7,35,36,38,0,0,0,6,6,4,0,24,24,24,36,44,39,36,36,37,44.89,44.64,45.13,51,520,5.4,0,0,0
9.27,264,0.25,0.25,0.25,11,11,11,9.7,21.2,0.12,0.01,24.7,4.9,314,1,3,208,694,251,-5,261,9.36,375.2,266,29.4,30.5,1.4,2.7,2046.8,0,15.73,12.4,35.5,33.8,34.8,32.5,35.3,35.7,31.7,30.1,59.5,59.1,30,36,23.4,25.7,31,32,38,0,0,0,6,6,4,1,24,24,24,37,44,39,36,36,37,44.89,44.64,45.13,51,520,5.3,0,0,0
11.08,192,0.25,0.25,0.25,11,11,11,11.58,20.6,0.12,-0.04,24.2,6.0,302,1,3,356,693,429,-2,441,11.18,536.3,379,33.1,33.1,1.4,2.7,1805.1,0,16.44,12.6,35.0,33.4,34.2,31.7,34.8,35.3,31.4,29.7,59.4,58.9,30,36,23.4,25.7,35,36,38,0,0,0,6,6,4,1,24,24,24,36,44,39,36,36,37,44.89,44.64,45.13,51,510,5.3,0,0,0
11.28,136,0.25,0.25,0.25,11,11,11,11.83,-0.2,0.11,0.01,210.4,4.2,304,1,3,390,693,470,-3,486,11.47,580.2,402,31.2,32.4,1.4,2.7,2180.0,0,17.0,12.7,34.9,33.3,34.2,31.7,34.8,35.2,31.7,29.7,59.3,58.9,30,36,23.4,25.9,34,35,38,0,0,0,6,6,4,0,24,24,24,36,44,39,36,36,37,44.89,44.64,45.13,51,520,5.2,0,0,0
10.86,192,0.25,0.25,0.25,11,11,11,11.35,17.5,0.21,0.01,24.5,5.5,307,1,3,333,694,402,2,420,10.95,515.7,366,33.0,33.1,1.5,2.7,1805.1,0,16.44,12.6,35.0,33.4,34.3,31.8,34.9,35.3,31.3,29.7,59.3,58.8,30,36,23.4,25.8,35,36,38,0,0,0,6,6,4,1,24,24,24,37,44,39,36,36,37,44.89,44.64,45.13,51,510,5.2,0,0,0
12.07,192,0.25,0.25,0.25,11,11,12,12.63,6.6,0.12,0.06,209.6,5.9,321,1,3,464,695,559,-5,577,12.2,644.7,451,29.8,30.1,1.4,2.7,2180.0,0,17.0,12.5,35.2,33.5,34.5,32.4,35.1,35.4,31.3,29.8,59.4,59.0,30,36,23.4,25.7,33,33,38,0,0,0,6,6,4,0,24,24,24,36,44,39,36,36,37,44.89,44.64,45.12,51,520,5.3,0,0,0
10.82,192,0.25,0.25,0.25,11,11,11,11.38,16.9,0.12,0.01,209.5,5.6,313,1,3,332,695,400,-3,417,10.93,514.0,361,32.8,32.8,1.5,2.7,1526.6,0,16.02,12.6,35.1,33.4,34.3,31.8,34.9,35.3,31.4,29.7,59.4,59.0,30,36,23.4,25.7,35,36,38,0,0,0,6,6,4,0,24,24,24,36,44,39,36,36,37,44.9,44.64,45.13,51,510,5.3,0,0,0
12.29,192,0.25,0.25,0.25,11,12,12,12.96,-2.9,0.12,0.01,209.9,6.6,324,1,3,488,694,588,2,611,12.44,670.2,469,29.6,30.0,1.4,2.7,2096.6,0,16.87,12.5,35.2,33.5,34.5,32.3,35.1,35.4,31.4,29.9,59.5,59.0,30,36,23.4,25.7,32,33,38,0,0,0,6,6,4,0,24,24,24,36,44,39,36,36,37,44.89,44.64,45.13,51,510,5.3,0,0,0
12.28,208,0.25,0.25,0.25,11,12,12,12.8,0.0,0.12,-0.02,209.6,7.7,322,1,3,478,697,578,-7,601,12.41,657.7,464,29.4,29.8,1.4,2.7,2096.6,0,16.87,12.4,35.2,33.5,34.5,32.2,35.1,35.5,31.4,29.9,59.4,58.8,29,36,23.4,25.7,32,32,38,0,0,0,6,6,4,0,24,24,24,36,44,39,36,36,37,44.9,44.65,45.13,51,510,5.3,0,0,0
9.17,264,0.25,0.25,0.25,11,11,11,9.62,5.4,0.13,0.01,210.6,4.6,315,1,3,199,694,241,-4,252,9.29,372.1,263,28.9,30.1,1.4,2.7,1348.4,0,15.73,12.5,35.4,33.7,34.7,32.5,35.2,35.7,31.8,30.0,59.5,58.9,29,36,23.4,25.7,31,31,38,0,0,0,6,6,4,0,24,24,24,36,44,39,36,36,37,44.89,44.65,45.13,51,520,5.3,0,0,0
12.04,272,0.25,0.25,0.25,11,12,12,12.63,15.3,0.09,-0.06,209.7,5.7,313,1,3,462,694,557,0,579,12.2,646.3,451,30.7,30.9,1.4,2.7,2180.0,0,17.0,12.5,35.3,33.6,34.5,32.3,35.1,35.5,31.2,29.9,59.3,58.8,30,36,23.4,25.7,34,34,38,0,0,0,6,6,4,0,24,24,24,36,44,39,36,36,37,44.89,44.64,45.13,52,520,5.3,0,0,0
12.38,216,0.25,0.25,0.25,11,11,12,12.96,14.3,0.19,-0.04,209.7,7.3,317,1,3,487,696,589,-4,612,12.48,661.2,470,30.2,30.7,1.4,2.7,2180.0,0,17.0,12.5,35.3,33.5,34.5,32.4,35.1,35.4,31.2,29.8,59.4,59.1,31,36,23.4,25.7,33,34,38,0,0,0,6,6,4,0,24,24,24,36,44,39,36,36,37,44.9,44.64,45.13,52,510,5.4,0,0,0
12.02,352,0.25,0.25,0.25,11,11,12,12.57,6.8,0.1,0.0,209.9,5.9,319,1,3,450,695,543,-2,563,12.11,628.6,444,29.3,29.7,1.4,2.7,1902.0,0,16.87,12.4,35.2,33.5,34.5,32.3,35.1,35.5,31.5,29.9,59.4,59.0,29,36,23.4,25.7,32,32,38,0,0,0,6,6,4,0,24,24,24,36,44,39,36,36,37,44.9,44.65,45.13,51,510,5.3,0,0,0
9.69,192,0.25,0.25,0.25,11,11,11,10.05,6.3,0.11,0.09,209.4,4.4,320,1,3,232,691,279,0,295,9.73,403.9,285,32.2,32.3,1.4,2.7,1448.4,0,15.89,12.6,35.2,33.5,34.5,32.1,35.1,35.4,31.3,29.8,59.4,58.9,30,36,23.4,25.7,34,35,37,0,0,0,6,6,4,0,24,24,24,36,44,39,36,36,37,44.9,44.64,45.13,51,510,5.2,0,0,0
15.14,56,0.25,0.25,0.25,13,14,12,15.75,-11.2,0.19,0.02,209.7,8.1,314,1,3,923,699,1118,8,1160,15.35,1019.2,719,29.0,30.2,1.4,2.7,2180.0,0,17.0,12.7,35.2,33.6,34.6,32.7,35.1,35.5,31.6,29.8,59.3,58.9,30,36,23.4,25.9,34,35,38,0,0,0,6,6,4,0,24,24,24,36,44,39,36,36,37,44.89,44.64,45.13,52,520,5.4,0,0,0
11.63,136,0.25,0.25,0.25,11,11,11,12.16,1.7,0.1,0.03,210.3,5.6,304,1,3,416,695,502,0,520,11.73,607.0,424,31.1,32.3,1.4,2.7,2180.0,0,17.0,12.7,34.9,33.3,34.2,31.7,34.8,35.2,31.6,29.7,59.3,58.9,29,36,23.4,25.9,34,35,38,0,0,0,6,6,4,0,24,24,24,36,44,39,36,36,37,44.89,44.64,45.12,51,510,5.4,0,0,0
13.24,32,0.25,0.25,0.25,11,12,12,13.88,-7.1,0.17,0.02,210.0,6.9,310,1,3,602,697,729,4,755,13.37,761.5,540,30.2,31.3,1.4,2.7,1623.5,0,16.16,12.7,34.9,33.3,34.2,31.9,34.8,35.2,31.7,29.7,59.3,58.8,30,36,23.4,25.9,33,34,38,0,0,0,6,6,4,0,24,24,24,36,44,39,36,36,37,44.89,44.64,45.13,51,510,5.3,0,0,0
12.34,16,0.25,0.25,0.25,12,12,12,12.96,-7.7,0.16,0.02,210.4,8.0,305,1,3,501,693,603,0,628,12.55,682.6,477,31.6,32.8,1.4,2.7,2180.0,0,17.0,12.7,35.0,33.3,34.2,31.7,34.8,35.2,31.5,29.7,59.4,59.0,29,36,23.4,25.9,35,35,38,0,0,0,6,6,4,0,24,24,24,36,44,39,36,36,37,44.89,44.64,45.13,51,520,5.4,0,0,0
13.69,216,0.25,0.25,0.25,12,13,12,14.18,-3.4,0.16,0.0,209.8,6.5,307,1,3,668,698,808,-3,836,13.81,824.4,577,29.3,30.7,1.4,2.7,2180.0,0,17.0,12.7,35.0,33.4,34.3,32.2,34.9,35.3,31.7,29.7,59.3,58.9,30,36,23.4,25.9,33,34,38,0,0,0,6,6,4,0,24,24,24,36,44,39,36,36,37,44.9,44.65,45.13,51,520,5.4,0,0,0
12.21,160,0.25,0.25,0.25,11,12,12,12.76,-7.1,0.12,0.01,211.0,7.1,301,1,3,474,695,571,1,597,12.37,654.5,462,32.1,32.8,1.4,2.7,2072.6,0,17.0,12.6,35.0,33.3,34.2,31.6,34.8,35.2,31.5,29.7,59.4,58.7,31,36,23.4,25.9,35,35,38,0,0,0,6,6,4,0,24,24,24,36,44,39,36,36,37,44.89,44.64,45.13,51,510,5.3,0,0,0
11.78,136,0.25,0.25,0.25,11,11,12,12.29,-0.2,0.09,0.01,210.4,6.6,304,1,3,431,695,520,-4,535,11.88,617.9,429,31.4,32.4,1.4,2.7,2180.0,0,17.0,12.7,34.9,33.3,34.2,31.7,34.8,35.2,31.6,29.7,59.3,59.0,30,36,23.4,25.9,34,35,38,0,0,0,6,6,4,0,24,24,24,36,44,39,36,36,37,44.89,44.64,45.12,51,520,5.2,0,0,0
12.17,352,0.25,0.25,0.25,11,12,12,12.74,0.4,0.09,0.05,209.7,7.2,321,1,3,466,696,563,0,585,12.29,641.7,454,29.3,29.7,1.4,2.8,2096.6,0,16.87,12.4,35.2,33.5,34.5,32.2,35.1,35.5,31.4,29.9,59.4,58.9,29,36,23.4,25.7,32,32,38,0,0,0,6,6,4,0,24,24,24,36,44,39,36,36,37,44.89,44.64,45.13,51,510,5.4,0,0,0
12.47,304,0.25,0.25,0.25,11,12,12,13.02,-7.9,0.12,0.04,210.7,7.4,303,1,3,500,695,603,-2,624,12.6,674.8,476,32.0,32.9,1.4,2.7,2180.0,0,17.0,12.7,35.0,33.3,34.2,31.7,34.8,35.2,31.5,29.7,59.4,58.8,30,36,23.4,25.9,35,35,38,0,0,0,6,6,4,0,24,24,24,36,44,39,36,36,37,44.89,44.64,45.13,51,520,5.3,0,0,0
13.53,160,0.25,0.25,0.25,12,13,11,14.1,-1.9,0.15,0.01,209.8,8.3,309,1,3,649,697,785,8,818,13.7,810.8,569,29.8,31.1,1.4,2.7,2180.0,0,17.0,12.7,34.9,33.3,34.2,32.0,34.8,35.2,31.7,29.7,59.4,59.0,31,36,23.4,25.9,33,34,38,0,0,0,6,6,4,0,24,24,24,36,44,39,36,36,37,44.89,44.64,45.13,51,520,5.4,0,0,0
10.9,192,0.25,0.25,0.25,11,11,11,11.47,17.6,0.05,-0.01,24.5,6.3,307,1,3,338,693,407,0,420,10.98,518.1,367,33.1,33.1,1.4,2.7,1805.1,0,16.44,12.6,35.0,33.4,34.3,31.8,34.8,35.3,31.3,29.7,59.3,58.8,30,36,23.4,25.8,35,36,38,0,0,0,6,6,4,1,24,24,24,36,44,39,36,36,37,44.9,44.64,45.13,51,520,5.3,0,0,0
10.36,264,0.25,0.25,0.25,11,11,11,10.86,-0.4,0.19,0.02,210.1,6.2,321,1,3,285,696,344,-2,362,10.47,464.1,332,28.8,29.8,1.4,2.7,1402.0,0,15.82,12.5,35.4,33.7,34.6,32.5,35.2,35.6,31.7,30.0,59.5,59.0,30,36,23.4,25.7,31,31,38,0,0,0,6,6,4,0,24,24,24,36,44,39,36,36,37,44.9,44.64,45.13,51,510,5.3,0,0,0
10.62,264,0.25,0.25,0.25,11,11,11,11.06,0.3,0.16,0.02,209.9,6.1,321,1,3,309,695,373,-5,384,10.68,484.9,346,28.9,29.8,1.4,2.7,1402.0,0,15.82,12.5,35.3,33.6,34.6,32.4,35.2,35.6,31.7,30.0,59.5,59.0,29,36,23.4,25.7,31,31,38,0,0,0,6,6,4,0,24,24,24,36,44,39,36,36,37,44.9,44.64,45.13,51,520,5.3,0,0,0
12.39,88,0.25,0.25,0.25,11,11,11,12.96,-6.6,0.12,0.01,211.0,6.5,302,1,3,487,694,588,3,608,12.43,660.3,469,31.9,32.8,1.4,2.7,2180.0,0,17.0,12.7,35.0,33.3,34.2,31.6,34.8,35.2,31.5,29.6,59.4,58.7,29,36,23.4,25.9,35,35,38,0,0,0,6,6,4,0,24,24,24,36,44,39,36,36,37,44.9,44.64,45.13,52,520,5.3,0,0,0
12.38,264,0.25,0.25,0.25,12,12,11,12.87,-3.1,0.12,0.07,209.7,6.0,323,1,3,495,696,599,1,623,12.5,678.6,475,29.5,29.9,1.4,2.7,2096.6,0,16.87,12.5,35.2,33.5,34.5,32.3,35.1,35.4,31.4,29.9,59.5,58.9,30,36,23.4,25.7,32,33,38,0,0,0,6,6,4,0,24,24,24,37,44,39,36,36,37,44.89,44.64,45.13,51,520,5.4,0,0,0
13.51,216,0.25,0.25,0.25,12,12,11,14.11,2.0,0.14,0.05,209.7,7.1,307,1,3,650,695,784,1,813,13.65,808.2,569,29.7,31.0,1.5,2.7,2180.0,0,17.0,12.7,34.9,33.3,34.3,32.1,34.8,35.2,31.8,29.7,59.3,59.1,30,36,23.4,25.9,33,34,38,0,0,0,6,6,4,0,24,24,24,36,44,39,36,36,37,44.89,44.64,45.13,51,510,5.4,0,0,0
12.02,232,0.25,0.25,0.25,12,11,11,12.52,-10.8,0.08,0.03,210.0,5.6,309,1,3,438,694,528,-2,554,12.11,612.8,439,30.6,31.6,1.4,2.7,1623.5,0,16.16,12.7,34.9,33.3,34.2,31.9,34.8,35.2,31.8,29.7,59.3,59.1,30,36,23.4,25.9,33,33,38,0,0,0,6,6,4,0,24,24,24,36,44,39,36,36,37,44.9,44.64,45.13,51,510,5.2,0,0,0
10.69,192,0.25,0.25,0.25,11,11,11,11.17,16.7,0.11,0.01,209.4,5.6,312,1,3,316,694,381,-2,396,10.82,502.5,352,32.8,32.9,1.5,2.7,1526.6,0,16.02,12.6,35.1,33.4,34.3,31.8,34.9,35.3,31.3,29.7,59.3,59.0,30,36,23.4,25.7,35,36,38,0,0,0,6,6,4,0,24,24,24,36,44,39,36,36,37,44.9,44.64,45.13,51,510,5.3,0,0,0
11.88,136,0.25,0.25,0.25,12,11,11,12.45,-13.2,0.16,0.01,209.7,6.1,310,1,3,423,696,512,1,534,11.96,600.2,430,30.4,31.7,1.4,2.7,1623.5,0,16.16,12.7,34.9,33.3,34.2,31.8,34.8,35.2,31.8,29.7,59.3,59.1,31,36,23.4,25.9,33,33,38,0,0,0,6,6,4,0,24,24,24,36,44,39,36,36,37,44.9,44.64,45.13,51,520,5.3,0,0,0
12.3,288,0.25,0.25,0.25,11,12,12,12.85,11.3,0.0,0.03,209.6,6.4,319,1,3,482,694,581,-3,600,12.38,653.7,464,30.2,30.5,1.5,2.8,2180.0,0,17.0,12.5,35.3,33.5,34.5,32.4,35.1,35.4,31.2,29.8,59.4,59.0,29,36,23.4,25.7,33,34,38,0,0,0,6,6,4,0,24,24,24,36,44,39,36,36,37,44.9,44.64,45.13,51,520,5.3,0,0,0
11.39,264,0.25,0.25,0.25,11,11,12,11.89,6.5,0.16,0.02,209.8,7.4,320,1,3,378,694,455,2,471,11.48,551.3,395,29.3,29.7,1.4,2.7,1402.0,0,15.82,12.4,35.3,33.6,34.5,32.4,35.1,35.5,31.6,30.0,59.5,59.1,30,36,23.4,25.7,31,32,38,0,0,0,6,6,4,0,24,24,24,36,44,39,36,36,37,44.9,44.64,45.13,51,520,5.2,0,0,0
12.38,120,0.25,0.25,0.25,12,11,11,12.94,-2.3,0.12,-0.04,209.8,7.9,324,1,3,490,695,591,4,613,12.45,667.8,471,29.7,29.9,1.4,2.7,2096.6,0,16.87,12.5,35.2,33.5,34.5,32.4,35.1,35.4,31.4,29.9,59.5,59.0,30,36,23.4,25.7,33,33,38,0,0,0,6,6,4,0,24,24,24,36,44,39,36,36,37,44.89,44.64,45.13,51,520,5.4,0,0,0
12.32,328,0.25,0.25,0.25,11,11,12,12.87,9.8,0.12,-0.02,209.6,6.9,313,1,3,489,695,590,7,612,12.45,668.1,470,31.1,31.2,1.4,2.7,2180.0,0,17.0,12.5,35.3,33.6,34.5,32.3,35.2,35.5,31.2,29.8,59.3,59.0,30,36,23.4,25.7,34,35,38,0,0,0,6,6,4,0,24,24,24,36,44,39,36,36,37,44.9,44.64,45.13,51,510,5.3,0,0,0
11.42,136,0.25,0.25,0.25,11,11,11,11.95,-1.2,0.12,0.04,210.2,4.8,305,1,3,400,695,483,-6,501,11.58,593.2,410,31.2,32.2,1.4,2.7,2180.0,0,17.0,12.7,34.9,33.3,34.2,31.8,34.8,35.2,31.7,29.7,59.3,58.9,30,36,23.4,25.9,34,35,38,0,0,0,6,6,4,0,24,24,24,36,44,39,36,36,37,44.89,44.64,45.13,51,520,5.3,0,0,0
10.7,264,0.25,0.25,0.25,11,11,11,11.15,-0.2,0.14,0.01,209.9,6.6,321,1,3,313,695,379,0,400,10.84,493.8,351,29.2,29.7,1.4,2.7,1402.0,0,15.82,12.5,35.3,33.6,34.6,32.4,35.2,35.6,31.7,30.0,59.5,59.0,30,36,23.4,25.7,31,32,38,0,0,0,6,6,4,0,24,24,24,36,44,39,36,36,37,44.9,44.65,45.13,50,510,5.3,0,0,0
12.19,40,0.25,0.25,0.25,11,12,12,12.63,12.8,0.16,-0.03,209.6,7.0,312,1,3,478,695,576,3,596,12.28,663.3,462,31.1,31.1,1.4,2.8,2180.0,0,17.0,12.5,35.3,33.6,34.5,32.3,35.2,35.5,31.2,29.8,59.3,59.0,31,36,23.4,25.7,34,35,38,0,0,0,6,6,4,0,24,24,24,36,44,39,36,36,37,44.89,44.64,45.13,52,520,5.4,0,0,0
12.08,336,0.25,0.25,0.25,11,11,11,12.55,8.3,0.17,0.02,209.8,6.5,321,1,3,460,696,555,-3,575,12.18,642.2,452,29.7,30.2,1.4,2.7,2180.0,0,17.0,12.5,35.2,33.5,34.5,32.4,35.1,35.4,31.3,29.8,59.4,59.0,31,36,23.4,25.7,33,33,38,0,0,0,6,6,4,0,24,24,24,36,44,39,36,36,37,44.89,44.64,45.12,52,510,5.4,0,0,0
13.52,16,0.25,0.25,0.25,11,12,12,14.15,-5.5,0.12,-0.01,209.8,8.0,310,1,3,644,697,779,-5,806,13.64,803.3,565,30.0,31.2,1.4,2.7,1823.5,0,17.0,12.7,34.9,33.3,34.2,31.9,34.8,35.2,31.9,29.7,59.4,58.7,29,36,23.4,25.9,33,34,38,0,0,0,6,6,4,0,24,24,24,36,44,39,36,36,37,44.89,44.64,45.13,52,520,5.4,0,0,0
11.76,128,0.25,0.25,0.25,12,11,11,12.24,2.4,0.07,0.08,209.8,6.0,320,1,3,426,696,514,-6,534,11.88,609.5,430,30.0,30.6,1.4,2.7,2180.0,0,17.0,12.5,35.3,33.5,34.5,32.4,35.1,35.5,31.3,29.8,59.4,58.8,30,36,23.4,25.7,33,33,38,0,0,0,6,6,4,0,24,24,24,36,44,39,36,36,37,44.89,44.64,45.13,51,510,5.4,0,0,0
9.91,264,0.25,0.25,0.25,11,11,11,10.39,1.6,0.23,0.04,210.2,5.0,319,1,3,253,694,305,4,316,10.02,416.6,300,28.6,29.8,1.4,2.7,1402.0,0,15.82,12.5,35.4,33.7,34.6,32.6,35.2,35.6,31.7,30.0,59.5,58.9,30,36,23.4,25.7,31,31,38,0,0,0,6,6,4,0,24,24,24,36,44,39,36,36,37,44.89,44.64,45.13,51,510,5.3,0,0,0
12.35,88,0.25,0.25,0.25,12,11,11,12.91,-4.1,0.17,0.02,210.4,7.0,305,1,3,493,694,594,3,618,12.45,675.7,476,31.6,32.7,1.4,2.7,2180.0,0,17.0,12.7,34.9,33.3,34.2,31.7,34.8,35.2,31.6,29.7,59.4,59.0,30,36,23.4,25.9,35,35,38,0,0,0,6,6,4,0,24,24,24,36,44,39,36,36,37,44.9,44.64,45.13,52,520,5.3,0,0,0
9.3,264,0.25,0.25,0.25,11,11,11,9.72,22.6,0.1,-0.04,24.5,4.0,315,1,3,206,694,249,-6,260,9.37,377.6,268,29.4,30.6,1.4,2.7,2146.8,0,16.95,12.4,35.5,33.8,34.8,32.5,35.3,35.7,31.8,30.1,59.5,59.1,31,36,23.4,25.7,31,32,38,0,0,0,6,6,4,1,24,24,24,36,44,39,36,36,37,44.89,44.65,45.13,51,510,5.2,0,0,0
9.52,264,0.25,0.25,0.25,11,11,11,9.9,-3.7,0.24,-0.01,210.3,4.3,320,1,3,218,693,263,2,278,9.6,383.9,275,28.8,29.9,1.4,2.7,1402.0,0,15.82,12.5,35.4,33.7,34.6,32.6,35.2,35.6,31.7,30.0,59.5,58.9,29,36,23.4,25.7,31,31,38,0,0,0,6,6,4,0,24,24,24,36,44,39,36,36,37,44.89,44.65,45.13,51,510,5.3,0,0,0
9.25,264,0.25,0.25,0.25,11,11,11,9.8,13.0,0.18,-0.01,211.1,5.2,313,1,3,213,694,257,3,268,9.39,387.9,271,29.2,30.2,1.4,2.7,1348.4,0,15.73,12.5,35.4,33.7,34.7,32.4,35.2,35.7,31.7,30.1,59.5,59.0,30,36,23.4,25.7,31,31,38,0,0,0,6,6,4,0,24,24,24,36,44,39,36,36,37,44.89,44.65,45.13,51,520,5.3,0,0,0
12.24,256,0.25,0.25,0.25,12,11,11,12.74,14.6,0.12,0.01,209.7,6.3,311,1,3,477,694,575,2,595,12.35,656.2,464,31.1,31.1,1.4,2.7,2180.0,0,17.0,12.5,35.3,33.6,34.5,32.3,35.2,35.5,31.2,29.8,59.4,59.0,30,36,23.4,25.7,34,34,37,0,0,0,6,6,4,0,24,24,24,36,44,39,36,36,37,44.89,44.64,45.13,51,510,5.3,0,0,0
9.39,264,0.25,0.25,0.25,11,11,11,9.77,-1.6,0.24,-0.05,210.6,4.9,319,1,3,212,694,256,-3,264,9.41,374.5,268,29.0,30.0,1.4,2.7,1348.4,0,15.73,12.5,35.4,33.7,34.6,32.6,35.2,35.6,31.7,30.0,59.5,58.8,30,36,23.4,25.7,31,31,38,0,0,0,6,6,4,0,24,24,24,36,44,39,36,36,37,44.9,44.65,45.13,51,520,5.3,0,0,0
11.17,192,0.25,0.25,0.25,11,11,11,11.82,13.2,0.1,0.02,24.6,6.4,297,1,3,358,694,432,0,452,11.28,542.2,385,32.6,33.2,1.4,2.7,1882.6,0,16.55,12.6,35.0,33.3,34.3,31.7,34.8,35.2,31.4,29.7,59.3,59.0,31,36,23.4,25.8,35,36,38,0,0,0,6,6,4,1,24,24,24,36,44,39,36,36,37,44.89,44.64,45.13,51,510,5.3,0,0,0
11.92,192,0.25,0.25,0.25,11,12,12,12.53,15.4,0.08,0.01,209.8,6.0,312,1,3,445,695,536,-5,557,12.09,630.7,441,30.8,31.1,1.5,2.7,2180.0,0,17.0,12.5,35.3,33.6,34.5,32.4,35.2,35.5,31.2,29.8,59.4,58.7,29,36,23.4,25.7,34,34,37,0,0,0,6,6,4,0,24,24,24,36,44,39,36,36,37,44.89,44.65,45.13,52,510,5.3,0,0,0
11.95,264,0.25,0.25,0.25,11,12,11,12.45,7.2,0.13,0.09,209.7,5.3,321,1,3,454,696,549,1,569,12.12,639.7,447,29.7,30.2,1.4,2.7,2180.0,0,17.0,12.5,35.3,33.5,34.5,32.3,35.1,35.4,31.3,29.8,59.4,59.0,30,36,23.4,25.7,33,33,38,0,0,0,6,6,4,0,24,24,24,36,44,39,36,36,37,44.89,44.64,45.13,51,520,5.2,0,0,0
12.43,280,0.25,0.25,0.25,12,11,11,12.95,2.5,0.13,-0.03,209.7,5.9,321,1,3,501,695,605,0,623,12.53,672.5,477,29.4,29.7,1.4,2.7,2096.6,0,16.87,12.4,35.2,33.5,34.5,32.2,35.1,35.5,31.4,29.9,59.4,58.8,30,36,23.4,25.7,32,33,38,0,0,0,6,6,4,0,24,24,24,36,44,39,36,36,37,44.9,44.64,45.13,51,520,5.2,0,0,0
10.74,192,0.25,0.25,0.25,11,11,11,11.18,18.5,0.14,0.04,209.6,5.7,312,1,3,318,694,383,-2,393,10.79,500.8,354,32.9,32.9,1.5,2.7,1526.6,0,16.02,12.6,35.1,33.4,34.3,31.8,34.9,35.3,31.3,29.7,59.3,59.0,31,36,23.4,25.7,35,36,38,0,0,0,6,6,4,0,24,24,24,36,44,39,36,36,37,44.9,44.64,45.12,51,520,5.3,0,0,0
11.94,80,0.25,0.25,0.25,12,12,11,12.44,6.2,0.22,0.01,210.0,6.6,319,1,3,446,696,539,-3,558,12.08,625.5,442,29.3,29.8,1.4,2.7,1702.0,0,16.87,12.4,35.3,33.5,34.5,32.3,35.1,35.5,31.5,29.9,59.4,59.0,30,36,23.4,25.7,32,32,38,0,0,0,6,6,4,0,24,24,24,37,44,39,36,36,37,44.89,44.65,45.13,51,520,5.3,0,0,0
9.82,192,0.25,0.25,0.25,11,11,11,10.3,4.0,0.19,0.04,209.6,5.8,320,1,3,247,691,297,-2,304,9.88,416.1,297,32.3,32.2,1.5,2.7,1448.4,0,15.89,12.6,35.2,33.5,34.5,32.1,35.0,35.4,31.4,29.8,59.4,59.0,30,36,23.4,25.7,34,35,38,0,0,0,6,6,4,0,24,24,24,36,44,39,36,36,37,44.89,44.64,45.13,51,510,5.3,0,0,0
12.25,200,0.25,0.25,0.25,12,11,11,12.74,20.6,0.12,0.0,209.7,4.5,313,1,3,476,696,575,-8,598,12.32,659.0,464,30.6,30.9,1.5,2.7,2180.0,0,17.0,12.5,35.3,33.5,34.5,32.4,35.2,35.5,31.2,29.8,59.3,59.0,30,36,23.4,25.7,34,34,37,0,0,0,6,6,4,0,24,24,24,37,44,39,36,36,37,44.89,44.64,45.13,51,510,5.2,0,0,0
10.38,192,0.25,0.25,0.25,11,11,11,10.94,15.4,0.11,-0.04,209.3,4.6,312,1,3,299,693,360,-1,374,10.55,490.3,339,31.7,31.8,1.5,2.7,2159.8,0,16.97,12.5,35.3,33.5,34.5,32.2,35.1,35.5,31.2,29.8,59.4,59.0,30,36,23.4,25.7,34,35,37,0,0,0,6,6,4,0,24,24,24,36,44,39,36,36,37,44.9,44.64,45.13,52,520,5.4,0,0,0
11.82,136,0.25,0.25,0.25,11,11,12,12.32,-8.8,0.16,0.01,209.9,5.4,308,1,3,412,696,498,1,521,11.83,588.3,422,30.5,31.8,1.5,2.7,1623.5,0,16.16,12.7,34.9,33.3,34.2,31.8,34.7,35.2,31.8,29.7,59.3,59.1,29,36,23.4,25.9,33,33,38,0,0,0,6,6,4,0,24,24,24,36,44,39,36,36,37,44.89,44.64,45.13,51,520,5.3,0,0,0
12.08,184,0.25,0.25,0.25,11,12,12,12.68,18.7,0.12,0.01,209.6,6.5,310,1,3,461,694,556,4,579,12.23,641.3,452,30.9,31.1,1.4,2.7,2180.0,0,17.0,12.5,35.3,33.5,34.5,32.3,35.2,35.5,31.2,29.8,59.4,59.0,30,36,23.4,25.7,34,35,37,0,0,0,6,6,4,0,24,24,24,36,44,39,36,36,37,44.89,44.64,45.13,52,520,5.3,0,0,0
12.63,88,0.25,0.25,0.25,12,11,11,13.18,-12.6,0.12,0.01,209.9,7.3,310,1,3,509,695,614,-2,637,12.67,671.6,484,30.5,31.5,1.4,2.7,1623.5,0,16.16,12.7,34.9,33.3,34.2,31.9,34.8,35.2,31.9,29.7,59.3,59.0,30,36,23.4,25.9,33,33,38,0,0,0,6,6,4,0,24,24,24,36,44,39,36,36,37,44.9,44.64,45.13,51,510,5.2,0,0,0
9.61,192,0.25,0.25,0.25,11,11,11,10.13,4.0,0.22,0.04,209.6,4.5,320,1,3,236,693,284,0,291,9.71,404.5,287,32.3,32.1,1.4,2.7,1448.4,0,15.89,12.6,35.2,33.5,34.5,32.1,35.1,35.4,31.3,29.8,59.4,58.9,30,36,23.4,25.7,34,35,37,0,0,0,6,6,4,0,24,24,24,36,44,39,36,36,37,44.9,44.64,45.13,51,520,5.3,0,0,0
11.03,192,0.25,0.25,0.25,11,11,11,11.59,5.1,0.12,-0.05,209.6,6.4,316,1,3,353,694,426,7,439,11.14,541.8,379,31.5,31.6,1.5,2.7,2180.0,0,17.0,12.5,35.3,33.6,34.5,32.3,35.2,35.5,31.2,29.8,59.4,58.8,30,36,23.4,25.7,34,35,37,0,0,0,6,6,4,0,24,24,24,36,44,39,36,36,37,44.89,44.64,45.13,51,520,5.3,0,0,0
9.99,192,0.25,0.25,0.25,11,11,11,10.44,13.9,0.14,0.01,209.6,4.5,317,1,3,260,693,313,0,323,10.05,434.1,307,32.6,32.5,1.4,2.7,1329.9,0,15.7,12.6,35.2,33.5,34.4,32.0,35.0,35.3,31.3,29.7,59.4,59.0,30,36,23.4,25.7,35,35,37,0,0,0,6,6,4,0,24,24,24,36,44,39,36,36,37,44.9,44.64,45.12,51,510,5.3,0,0,0
11.42,192,0.25,0.25,0.25,11,11,11,11.89,7.4,0.12,-0.04,209.6,5.7,314,1,3,390,694,470,1,489,11.51,581.5,404,31.2,31.3,1.4,2.7,2180.0,0,17.0,12.5,35.3,33.6,34.5,32.3,35.2,35.5,31.0,29.8,59.3,58.9,30,36,23.4,25.7,34,35,37,0,0,0,6,6,4,0,24,24,24,36,44,39,36,36,37,44.89,44.64,45.13,51,520,5.2,0,0,0
12.39,112,0.25,0.25,0.25,12,11,11,12.9,15.2,0.12,0.04,209.5,6.3,311,1,3,494,696,597,5,616,12.46,668.0,473,30.9,31.2,1.5,2.7,2180.0,0,17.0,12.5,35.3,33.6,34.5,32.3,35.2,35.5,31.2,29.8,59.4,59.0,29,36,23.4,25.7,34,34,37,0,0,0,6,6,4,0,24,24,24,36,44,39,36,36,37,44.89,44.64,45.13,51,510,5.3,0,0,0
10.35,136,0.25,0.25,0.25,11,11,11,10.8,3.1,0.17,-0.01,209.9,6.4,303,1,3,292,694,352,5,358,10.45,469.5,331,30.9,32.0,1.4,2.7,2180.0,0,17.0,12.7,34.9,33.3,34.2,31.9,34.8,35.2,31.8,29.7,59.3,58.9,30,36,23.4,25.9,33,34,38,0,0,0,6,6,4,0,24,24,24,36,44,39,36,36,37,44.89,44.64,45.13,51,510,5.2,0,0,0
11.79,128,0.25,0.25,0.25,11,12,11,12.34,2.4,0.18,-0.01,209.8,6.8,321,1,3,427,695,515,0,534,11.92,610.6,430,30.2,30.4,1.4,2.7,2180.0,0,17.0,12.5,35.3,33.5,34.5,32.4,35.1,35.5,31.3,29.8,59.4,58.9,31,36,23.4,25.7,33,33,38,0,0,0,6,6,4,0,24,24,24,36,44,39,36,36,37,44.89,44.64,45.13,51,520,5.4,0,0,0
12.38,120,0.25,0.25,0.25,11,11,11,12.96,-2.8,0.14,0.0,209.7,7.8,323,1,3,501,695,603,-2,620,12.49,682.8,478,29.5,29.9,1.4,2.7,2096.6,0,16.87,12.5,35.2,33.5,34.5,32.3,35.1,35.4,31.4,29.9,59.5,58.9,31,36,23.4,25.7,32,33,38,0,0,0,6,6,4,0,24,24,24,36,44,39,36,36,37,44.9,44.64,45.13,52,510,5.3,0,0,0
12.29,288,0.25,0.25,0.25,11,12,12,12.81,17.9,0.12,0.02,209.8,6.5,314,1,3,490,694,590,7,613,12.43,672.9,471,30.5,30.6,1.4,2.7,2180.0,0,17.0,12.5,35.3,33.5,34.5,32.4,35.1,35.5,31.1,29.8,59.3,59.1,31,36,23.4,25.7,33,34,38,0,0,0,6,6,4,0,24,24,24,36,44,39,36,36,37,44.9,44.64,45.13,51,520,5.3,0,0,0
9.94,192,0.25,0.25,0.25,11,11,11,10.46,9.8,0.21,0.03,209.6,6.4,318,1,3,256,692,308,-3,322,10.06,431.7,306,32.5,32.5,1.4,2.7,1329.9,0,15.7,12.6,35.2,33.5,34.4,32.0,35.0,35.4,31.4,29.7,59.4,59.0,29,36,23.4,25.7,34,35,38,0,0,0,6,6,4,0,24,24,24,36,44,39,36,36,37,44.89,44.64,45.13,51,520,5.2,0,0,0
12.23,112,0.25,0.25,0.25,11,11,11,12.97,15.6,0.16,-0.01,209.7,6.4,311,1,3,476,693,573,0,593,12.32,648.9,461,30.9,31.1,1.4,2.8,2180.0,0,17.0,12.5,35.3,33.5,34.5,32.3,35.2,35.5,31.2,29.8,59.4,59.0,30,36,23.4,25.7,34,35,37,0,0,0,6,6,4,0,24,24,24,36,44,39,36,36,37,44.89,44.64,45.13,51,510,5.3,0,0,0
11.09,192,0.25,0.25,0.25,11,11,11,11.58,20.4,0.12,0.07,24.5,6.4,302,1,3,355,693,427,1,442,11.17,536.2,378,33.1,33.1,1.5,2.7,1805.1,0,16.44,12.6,35.0,33.4,34.2,31.7,34.8,35.3,31.4,29.7,59.4,58.9,31,36,23.4,25.7,35,36,38,0,0,0,6,6,4,1,24,24,24,36,44,39,36,36,37,44.9,44.64,45.13,50,520,5.3,0,0,0
11.34,192,0.25,0.25,0.25,11,12,11,11.8,7.5,0.18,0.01,24.6,5.7,297,1,3,377,693,453,0,471,11.44,555.6,395,32.5,33.3,1.5,2.7,1882.6,0,16.55,12.6,35.0,33.3,34.3,31.7,34.8,35.2,31.4,29.7,59.3,59.0,31,36,23.4,25.8,35,36,38,0,0,0,6,6,4,1,24,24,24,36,44,39,36,36,37,44.9,44.64,45.13,51,520,5.2,0,0,0
15.36,216,0.25,0.25,0.25,12,14,13,15.98,-10.8,0.09,0.09,209.7,6.1,311,1,3,938,699,1136,8,1184,15.49,1025.8,728,29.2,30.5,1.4,2.7,2180.0,0,17.0,12.7,35.0,33.4,34.5,32.3,35.0,35.3,31.7,29.8,59.3,59.0,30,36,23.4,25.9,34,34,38,0,0,0,6,6,4,0,24,24,24,36,44,39,36,36,37,44.89,44.64,45.13,52,520,5.4,0,0,0
12.38,16,0.25,0.25,0.25,12,12,11,12.94,-7.4,0.14,0.01,210.7,7.4,302,1,3,496,696,599,3,617,12.5,673.4,475,32.1,32.8,1.4,2.7,2180.0,0,17.0,12.7,35.0,33.3,34.2,31.6,34.8,35.2,31.5,29.6,59.4,58.8,30,36,23.4,25.9,35,35,38,0,0,0,6,6,4,0,24,24,24,36,44,39,36,36,37,44.89,44.64,45.13,51,510,5.2,0,0,0
9.28,264,0.25,0.25,0.25,11,11,11,9.77,11.9,0.04,0.07,210.8,4.0,313,1,3,206,694,249,2,263,9.39,381.9,267,29.1,30.2,1.4,2.7,1348.4,0,15.73,12.4,35.4,33.7,34.7,32.4,35.2,35.7,31.7,30.1,59.5,59.0,30,36,23.4,25.7,31,31,38,0,0,0,6,6,4,0,24,24,24,36,44,39,36,36,37,44.9,44.65,45.13,51,510,5.3,0,0,0
12.23,304,0.25,0.25,0.25,11,11,12,12.73,-4.6,0.08,0.01,209.9,6.0,305,1,3,476,695,575,0,600,12.35,661.1,462,31.4,32.6,1.4,2.7,2180.0,0,17.0,12.7,35.0,33.3,34.2,31.7,34.8,35.2,31.6,29.7,59.3,59.0,29,36,23.4,25.9,35,35,38,0,0,0,6,6,4,0,24,24,24,36,44,39,36,36,37,44.89,44.64,45.13,52,520,5.3,0,0,0
12.35,144,0.25,0.25,0.25,12,12,11,12.99,17.3,0.19,0.01,209.6,6.9,316,1,3,500,694,602,-4,621,12.49,675.1,478,30.3,30.6,1.4,2.7,2180.0,0,17.0,12.5,35.3,33.5,34.5,32.3,35.1,35.4,31.2,29.8,59.4,59.0,30,36,23.4,25.7,33,34,38,0,0,0,6,6,4,0,24,24,24,36,44,39,36,36,37,44.89,44.65,45.13,51,520,5.3,0,0,0
11.94,40,0.25,0.25,0.25,11,11,11,12.63,15.6,0.19,0.07,209.7,6.2,312,1,3,442,695,533,1,554,12.03,626.7,442,30.8,30.9,1.4,2.7,2180.0,0,17.0,12.5,35.3,33.6,34.5,32.4,35.2,35.5,31.2,29.9,59.4,58.8,30,36,23.4,25.7,34,34,37,0,0,0,6,6,4,0,24,24,24,37,44,39,36,36,37,44.89,44.65,45.13,51,520,5.4,0,0,0
13.57,232,0.25,0.25,0.25,12,13,12,14.11,6.7,0.14,0.0,209.8,7.3,304,1,3,650,698,787,1,820,13.69,809.7,568,29.7,30.7,1.4,2.7,2180.0,0,17.0,12.7,35.0,33.3,34.3,32.2,34.8,35.3,31.8,29.7,59.3,59.0,30,36,23.4,25.9,33,34,38,0,0,0,6,6,4,0,24,24,24,36,44,39,36,36,37,44.89,44.64,45.13,52,520,5.3,0,0,0
15.36,344,0.25,0.25,0.25,12,13,14,15.99,-13.5,0.12,-0.03,209.7,8.7,314,1,3,942,699,1142,9,1194,15.54,1029.8,732,29.0,30.2,1.4,2.7,2180.0,0,17.0,12.7,35.2,33.6,34.5,32.6,35.1,35.4,31.6,29.8,59.3,58.9,29,36,23.4,25.9,34,35,38,0,0,0,6,6,4,0,24,24,24,36,44,39,36,36,37,44.89,44.65,45.13,51,520,5.4,0,0,0
11.06,136,0.25,0.25,0.25,11,11,11,11.6,-3.9,0.12,0.01,209.9,6.8,306,1,3,342,695,414,0,431,11.14,516.8,371,30.7,31.8,1.4,2.7,1880.0,0,16.16,12.7,34.9,33.3,34.2,31.9,34.8,35.2,31.8,29.7,59.3,59.0,30,36,23.4,25.9,33,34,38,0,0,0,6,6,4,0,24,24,24,36,44,39,36,36,37,44.9,44.64,45.13,51,520,5.3,0,0,0
10.45,136,0.25,0.25,0.25,11,11,11,10.97,-1.0,0.12,0.01,209.9,6.0,305,1,3,293,693,353,-2,368,10.55,471.0,335,30.7,31.8,1.4,2.7,2180.0,0,17.0,12.7,34.9,33.3,34.2,31.8,34.8,35.2,31.8,29.7,59.3,58.9,31,36,23.4,25.9,33,34,38,0,0,0,6,6,4,0,24,24,24,36,44,39,36,36,37,44.89,44.64,45.13,50,510,5.3,0,0,0
10.98,192,0.25,0.25,0.25,12,11,11,11.61,11.0,0.08,0.01,209.5,6.5,314,1,3,348,693,419,2,433,11.08,530.4,373,31.4,31.5,1.4,2.7,2159.8,0,16.97,12.5,35.3,33.6,34.5,32.3,35.2,35.5,31.2,29.8,59.4,58.8,30,36,23.4,25.7,34,35,37,0,0,0,6,6,4,0,24,24,24,36,44,39,36,36,37,44.9,44.64,45.13,51,520,5.3,0,0,0
9.26,264,0.25,0.25,0.25,11,11,11,9.73,1.9,0.22,0.01,210.7,4.9,316,1,3,209,694,252,-2,264,9.37,378.6,267,29.1,30.2,1.4,2.7,1348.4,0,15.73,12.4,35.4,33.7,34.7,32.5,35.2,35.7,31.7,30.1,59.5,59.0,30,35,23.4,25.7,31,31,38,0,0,0,6,6,4,0,24,24,24,37,44,39,35,35,37,44.9,44.64,45.13,52,510,5.3,0,0,0
11.79,128,0.25,0.25,0.25,11,11,12,12.32,3.9,0.14,0.01,209.6,5.8,320,1,3,426,693,512,1,530,11.88,603.2,426,29.9,30.4,1.4,2.7,2180.0,0,17.0,12.5,35.3,33.5,34.5,32.4,35.1,35.4,31.3,29.9,59.4,58.8,30,36,23.4,25.7,33,33,38,0,0,0,6,6,4,0,24,24,24,36,44,39,36,36,37,44.89,44.64,45.13,52,520,5.3,0,0,0
15.22,0,0.25,0.25,0.25,13,12,12,15.77,-14.1,0.12,0.08,209.6,7.8,313,1,3,922,699,1119,1,1159,15.34,1006.6,721,29.1,30.3,1.5,2.7,2180.0,0,17.0,12.7,35.1,33.5,34.5,32.4,35.0,35.4,31.7,29.8,59.3,59.0,30,36,23.4,25.9,34,35,38,0,0,0,6,6,4,0,24,24,24,36,44,39,36,36,37,44.89,44.64,45.13,51,520,5.4,0,0,0
9.28,264,0.25,0.25,0.25,11,11,11,9.78,22.3,0.08,-0.02,24.7,4.2,315,1,3,207,694,250,3,256,9.37,375.2,267,29.6,30.7,1.4,2.7,2146.8,0,16.95,12.4,35.5,33.8,34.8,32.5,35.3,35.8,31.8,30.1,59.5,59.0,29,36,23.4,25.8,32,32,38,0,0,0,6,6,4,1,24,24,24,37,44,39,36,36,37,44.9,44.64,45.13,51,520,5.3,0,0,0
10.11,264,0.25,0.25,0.25,11,11,11,10.59,3.6,0.14,0.04,210.2,5.8,319,1,3,264,694,318,2,331,10.2,431.5,311,28.8,29.8,1.4,2.7,1402.0,0,15.82,12.5,35.4,33.7,34.6,32.6,35.2,35.6,31.7,30.0,59.5,59.0,31,36,23.4,25.7,31,31,38,0,0,0,6,6,4,0,24,24,24,36,44,39,36,36,37,44.89,44.64,45.13,51,520,5.2,0,0,0
11.0,264,0.25,0.25,0.25,11,11,11,11.51,3.6,0.17,0.01,209.8,6.8,320,1,3,341,695,412,1,429,11.08,517.1,371,28.9,29.6,1.4,2.7,1402.0,0,15.82,12.5,35.3,33.6,34.6,32.4,35.2,35.6,31.6,30.0,59.5,59.1,29,35,23.4,25.7,31,32,38,0,0,0,6,6,4,0,24,24,24,36,44,40,35,35,37,44.89,44.65,45.13,51,520,5.3,0,0,0
10.71,192,0.25,0.25,0.25,11,11,11,11.3,14.6,0.17,0.01,209.5,7.4,315,1,3,322,694,388,1,398,10.81,499.5,356,32.8,32.7,1.5,2.7,1526.6,0,16.02,12.6,35.1,33.4,34.4,31.9,34.9,35.3,31.3,29.7,59.4,58.9,30,36,23.4,25.7,35,35,38,0,0,0,6,6,4,0,24,24,24,36,44,39,36,36,37,44.9,44.65,45.13,51,510,5.3,0,0,0
12.44,0,0.25,0.25,0.25,12,12,11,12.96,-5.5,0.19,0.02,210.6,7.7,303,1,3,508,695,613,7,638,12.61,687.8,483,31.7,32.7,1.4,2.7,2180.0,0,17.0,12.7,35.0,33.3,34.2,31.6,34.8,35.2,31.5,29.7,59.4,58.9,31,36,23.4,25.9,35,35,38,0,0,0,6,6,4,0,24,24,24,36,44,39,36,36,37,44.89,44.64,45.13,51,520,5.3,0,0,0
10.57,192,0.25,0.25,0.25,11,11,11,11.07,11.3,0.16,0.01,209.6,7.2,316,1,3,302,694,364,2,380,10.66,479.9,342,32.6,32.7,1.5,2.7,1329.9,0,15.7,12.6,35.1,33.4,34.4,31.9,34.9,35.3,31.3,29.7,59.4,58.9,29,36,23.4,25.7,35,35,38,0,0,0,6,6,4,0,24,24,24,36,44,39,36,36,37,44.89,44.64,45.13,51,520,5.3,0,0,0
15.41,0,0.25,0.25,0.25,12,12,14,15.96,-14.0,0.14,-0.09,209.8,8.6,312,1,3,942,698,1140,0,1176,15.45,1021.2,727,29.2,30.4,1.5,2.7,2180.0,0,17.0,12.7,35.0,33.4,34.5,32.4,35.0,35.3,31.7,29.8,59.3,59.0,29,36,23.4,25.9,34,34,38,0,0,0,6,6,4,0,24,24,24,36,44,39,36,36,37,44.89,44.64,45.13,52,520,5.4,0,0,0
11.63,192,0.25,0.25,0.25,12,11,11,12.21,8.1,0.12,-0.03,209.4,5.9,314,1,3,415,694,500,1,517,11.75,607.2,424,31.2,31.3,1.4,2.7,2180.0,0,17.0,12.5,35.4,33.6,34.5,32.3,35.2,35.5,31.0,29.8,59.3,58.9,30,36,23.4,25.7,34,35,37,0,0,0,6,6,4,0,24,24,24,36,44,39,36,36,37,44.9,44.64,45.13,51,520,5.4,0,0,0
12.39,336,0.25,0.25,0.25,11,11,12,12.96,-2.9,0.12,0.05,209.8,5.9,324,1,3,490,696,592,6,613,12.45,667.7,471,29.6,30.1,1.4,2.7,2180.0,0,17.0,12.5,35.2,33.5,34.5,32.4,35.1,35.4,31.4,29.9,59.4,59.0,30,36,23.4,25.7,33,33,38,0,0,0,6,6,4,0,24,24,24,36,44,40,36,36,37,44.9,44.64,45.13,52,520,5.3,0,0,0
9.81,192,0.25,0.25,0.25,11,11,11,10.26,-0.6,0.19,0.03,209.5,5.0,322,1,3,248,692,298,-2,308,9.91,422.2,299,32.4,32.4,1.5,2.7,1329.9,0,15.7,12.6,35.2,33.5,34.4,32.0,35.0,35.4,31.3,29.8,59.4,59.0,30,36,23.4,25.7,34,35,38,0,0,0,6,6,4,0,24,24,24,36,44,39,36,36,37,44.9,44.64,45.13,51,520,5.3,0,0,0
13.51,304,0.25,0.25,0.25,12,12,11,14.12,-2.2,0.12,0.01,209.8,6.6,309,1,3,647,696,781,-4,805,13.62,802.8,567,30.2,31.3,1.4,2.7,1623.5,0,16.16,12.7,34.9,33.2,34.2,31.9,34.8,35.2,31.8,29.7,59.3,58.7,30,36,23.4,25.9,33,34,38,0,0,0,6,6,4,0,24,24,24,36,44,39,36,36,37,44.9,44.64,45.13,51,520,5.4,0,0,0
10.75,192,0.25,0.25,0.25,11,11,11,11.3,19.7,0.1,0.02,209.7,4.8,311,1,3,322,693,388,3,400,10.81,501.4,355,32.8,32.9,1.4,2.7,1526.6,0,16.02,12.6,35.1,33.4,34.3,31.8,34.9,35.3,31.4,29.7,59.3,59.0,30,36,23.4,25.7,35,36,38,0,0,0,6,6,4,0,24,24,24,36,44,39,36,36,37,44.89,44.64,45.12,51,520,5.3,0,0,0
12.03,128,0.25,0.25,0.25,11,11,11,12.74,19.8,0.16,0.0,209.5,6.9,310,1,3,447,695,539,-2,566,12.12,629.4,446,30.7,30.9,1.4,2.7,2180.0,0,17.0,12.5,35.3,33.6,34.5,32.3,35.1,35.5,31.2,29.8,59.4,58.9,29,36,23.4,25.7,34,35,37,0,0,0,6,6,4,0,24,24,24,37,44,39,36,36,37,44.89,44.64,45.13,51,520,5.4,0,0,0
13.43,0,0.25,0.25,0.25,12,13,12,14.11,2.8,0.17,0.01,209.6,6.9,307,1,3,644,697,779,7,809,13.64,809.3,565,29.5,30.9,1.4,2.7,2180.0,0,17.0,12.7,34.9,33.3,34.3,32.1,34.8,35.2,31.8,29.7,59.3,59.1,31,36,23.4,25.9,33,34,38,0,0,0,6,6,4,0,24,24,24,36,44,39,36,36,37,44.89,44.64,45.13,52,520,5.4,0,0,0
12.27,64,0.25,0.25,0.25,11,12,12,12.74,1.7,0.1,0.07,209.6,6.7,323,1,3,484,694,583,7,608,12.38,667.2,466,29.7,30.0,1.4,2.8,2180.0,0,17.0,12.5,35.2,33.5,34.5,32.3,35.1,35.4,31.4,29.9,59.4,59.0,30,36,23.4,25.7,33,33,38,0,0,0,6,6,4,0,24,24,24,36,44,39,36,36,37,44.9,44.64,45.13,51,520,5.3,0,0,0
15.24,288,0.25,0.25,0.25,12,13,13,15.91,-12.1,0.14,0.07,209.6,8.7,313,1,3,911,699,1105,9,1152,15.39,1002.7,715,29.1,30.3,1.4,2.7,2180.0,0,17.0,12.7,35.1,33.5,34.5,32.5,35.1,35.4,31.6,29.8,59.3,59.0,29,36,23.4,25.9,34,35,38,0,0,0,6,6,4,0,24,24,24,36,44,39,36,36,37,44.89,44.64,45.13,52,520,5.3,0,0,0
12.31,192,0.25,0.25,0.25,11,11,12,12.84,-3.3,0.17,-0.04,209.9,6.3,324,1,3,489,695,590,11,610,12.47,667.3,469,29.5,30.0,1.4,2.7,2180.0,0,17.0,12.5,35.2,33.5,34.5,32.4,35.1,35.4,31.4,29.9,59.4,59.0,31,36,23.4,25.7,33,33,38,0,0,0,6,6,4,0,24,24,24,36,44,39,36,36,37,44.9,44.64,45.13,51,520,5.2,0,0,0
11.84,128,0.25,0.25,0.25,11,11,12,12.39,9.1,0.12,-0.05,209.5,5.5,319,1,3,433,694,521,-4,542,11.95,617.3,433,29.8,30.2,1.4,2.7,2180.0,0,17.0,12.5,35.3,33.5,34.5,32.4,35.1,35.5,31.3,29.8,59.4,58.9,30,36,23.4,25.7,33,33,38,0,0,0,6,6,4,0,24,24,24,36,44,39,36,36,37,44.89,44.64,45.13,52,510,5.4,0,0,0
13.37,16,0.25,0.25,0.25,12,13,12,13.99,3.9,0.14,0.04,209.6,6.7,306,1,3,633,695,764,0,790,13.58,794.5,556,29.6,30.8,1.5,2.7,2180.0,0,17.0,12.7,34.9,33.3,34.3,32.1,34.8,35.2,31.7,29.7,59.3,59.0,31,36,23.4,25.9,33,34,38,0,0,0,6,6,4,0,24,24,24,36,44,39,36,36,37,44.89,44.64,45.13,52,520,5.3,0,0,0
9.93,192,0.25,0.25,0.25,11,11,11,10.42,10.6,0.17,0.04,209.5,4.2,318,1,3,255,694,308,-3,318,10.03,431.2,307,32.6,32.6,1.5,2.8,1329.9,0,15.7,12.6,35.2,33.5,34.4,32.0,35.0,35.3,31.3,29.7,59.4,59.0,30,36,23.4,25.7,35,35,38,0,0,0,6,6,4,0,24,24,24,37,44,39,36,36,37,44.9,44.64,45.12,51,520,5.3,0,0,0
11.0,192,0.25,0.25,0.25,11,11,11,11.49,13.6,0.12,0.02,24.1,5.9,301,1,3,353,692,424,4,439,11.07,532.2,376,33.0,33.3,1.5,2.8,1805.1,0,16.44,12.6,35.0,33.4,34.3,31.6,34.8,35.2,31.4,29.7,59.3,59.0,30,36,23.4,25.8,35,36,38,0,0,0,6,6,4,1,24,24,24,36,44,39,36,36,37,44.89,44.64,45.13,51,520,5.4,0,0,0
9.89,264,0.25,0.25,0.25,11,11,11,10.38,15.6,0.12,-0.09,209.1,3.8,322,1,3,259,695,313,-4,325,10.02,441.9,308,29.7,30.9,1.4,2.7,2146.8,0,16.95,12.5,35.5,33.8,34.8,32.6,35.3,35.9,31.8,30.1,59.5,59.0,30,36,23.4,25.8,32,33,38,0,0,0,6,6,4,0,24,24,24,36,44,39,36,36,37,44.9,44.65,45.13,51,520,5.3,0,0,0
11.78,128,0.25,0.25,0.25,11,11,11,12.33,12.6,0.14,-0.04,209.7,6.1,318,1,3,423,696,511,2,534,11.85,609.8,430,30.0,30.3,1.4,2.7,2180.0,0,17.0,12.5,35.3,33.5,34.5,32.3,35.1,35.4,31.3,29.8,59.4,58.8,29,36,23.4,25.7,33,33,38,0,0,0,6,6,4,0,24,24,24,37,44,39,36,36,37,44.89,44.64,45.13,52,520,5.3,0,0,0
14.0,288,0.25,0.25,0.25,13,13,12,14.63,-7.6,0.03,0.1,209.7,8.7,308,1,3,715,698,866,1,897,14.17,920.0,604,29.4,30.5,1.4,2.7,2180.0,0,17.0,12.7,35.0,33.4,34.4,32.2,34.9,35.3,31.7,29.7,59.3,58.8,30,36,23.4,25.9,33,34,38,0,0,0,6,6,4,0,24,24,24,36,44,39,36,36,37,44.9,44.64,45.13,51,520,5.4,0,0,0
12.43,232,0.25,0.25,0.25,12,11,11,13.05,-8.6,0.08,0.01,210.4,7.2,305,1,3,506,695,611,5,634,12.52,686.5,481,31.6,32.8,1.4,2.7,2180.0,0,17.0,12.7,35.0,33.3,34.2,31.7,34.8,35.2,31.5,29.7,59.4,59.0,30,36,23.4,25.9,35,35,38,0,0,0,6,6,4,0,24,24,24,36,44,39,36,36,37,44.89,44.64,45.13,51,520,5.3,0,0,0
10.93,192,0.25,0.25,0.25,11,11,11,11.44,18.5,0.14,0.04,24.2,5.4,299,1,3,345,694,416,2,431,11.05,528.8,371,32.9,33.3,1.5,2.7,1882.6,0,16.55,12.6,35.0,33.3,34.3,31.6,34.8,35.2,31.4,29.7,59.3,59.0,31,36,23.4,25.8,35,36,38,0,0,0,6,6,4,1,24,24,24,36,44,39,36,36,37,44.89,44.64,45.13,51,510,5.3,0,0,0
9.33,264,0.25,0.25,0.25,11,11,11,9.85,-2.1,0.11,0.03,210.6,4.1,318,1,3,208,693,251,-5,263,9.38,371.3,266,29.0,30.1,1.4,2.7,1348.4,0,15.73,12.5,35.4,33.7,34.6,32.5,35.2,35.7,31.8,30.0,59.5,58.8,29,35,23.4,25.7,31,31,38,0,0,0,6,6,4,0,24,24,24,37,44,39,35,35,37,44.9,44.65,45.13,51,520,5.2,0,0,0
13.5,288,0.25,0.25,0.25,11,12,13,14.1,1.3,0.18,0.0,209.7,7.6,307,1,3,643,697,778,0,811,13.68,808.4,566,29.8,31.0,1.4,2.7,2180.0,0,17.0,12.7,34.9,33.3,34.3,32.1,34.8,35.2,31.8,29.7,59.3,59.1,30,36,23.4,25.9,33,34,38,0,0,0,6,6,4,0,24,24,24,36,44,39,36,36,37,44.89,44.64,45.13,52,520,5.3,0,0,0
12.16,144,0.25,0.25,0.25,12,12,11,12.73,6.5,0.19,-0.04,209.7,6.5,320,1,3,475,696,573,1,592,12.3,646.7,460,30.3,30.5,1.4,2.7,2180.0,0,17.0,12.5,35.3,33.5,34.5,32.3,35.1,35.4,31.2,29.8,59.4,59.0,30,36,23.4,25.7,33,34,38,0,0,0,6,6,4,0,24,24,24,36,44,39,36,36,37,44.9,44.64,45.13,51,520,5.4,0,0,0
10.42,192,0.25,0.25,0.25,11,11,11,10.86,14.1,0.06,0.0,209.7,6.7,315,1,3,287,694,346,1,359,10.5,461.1,329,32.5,32.6,1.4,2.7,1329.9,0,15.7,12.6,35.1,33.4,34.4,31.9,35.0,35.3,31.3,29.7,59.4,58.9,30,36,23.4,25.7,35,35,38,0,0,0,6,6,4,0,24,24,24,36,44,39,36,36,37,44.9,44.64,45.13,51,520,5.3,0,0,0
11.9,272,0.25,0.25,0.25,11,11,12,12.42,17.1,0.12,-0.01,209.5,7.0,312,1,3,442,695,533,3,557,12.05,627.2,440,30.8,31.0,1.4,2.7,2180.0,0,17.0,12.5,35.3,33.6,34.5,32.4,35.2,35.5,31.2,29.9,59.4,58.8,30,36,23.4,25.7,34,34,37,0,0,0,6,6,4,0,24,24,24,36,44,39,36,36,37,44.89,44.65,45.13,51,520,5.3,0,0,0
12.1,64,0.25,0.25,0.25,11,12,12,12.63,6.0,0.1,-0.04,209.6,7.0,322,1,3,465,697,563,-2,580,12.23,650.3,454,29.7,30.2,1.4,2.7,2180.0,0,17.0,12.5,35.2,33.5,34.5,32.3,35.1,35.4,31.3,29.8,59.4,59.0,30,36,23.4,25.7,33,33,38,0,0,0,6,6,4,0,24,24,24,36,44,39,36,36,37,44.89,44.64,45.12,51,520,5.2,0,0,0
9.7,192,0.25,0.25,0.25,11,11,11,10.22,-0.9,0.14,0.09,209.5,4.4,321,1,3,234,692,282,1,292,9.77,408.1,290,32.1,32.0,1.4,2.7,1448.4,0,15.89,12.6,35.3,33.5,34.5,32.1,35.1,35.4,31.3,29.8,59.4,58.9,30,36,23.4,25.7,34,35,38,0,0,0,6,6,4,0,24,24,24,36,44,39,36,36,37,44.89,44.64,45.12,51,510,5.2,0,0,0
13.81,216,0.25,0.25,0.25,11,13,13,14.42,-3.4,0.04,0.08,210.0,7.5,307,1,3,684,697,827,-5,859,13.97,913.1,587,29.3,30.6,1.4,2.7,2180.0,0,17.0,12.7,35.0,33.4,34.3,32.2,34.9,35.3,31.7,29.7,59.3,58.8,30,36,23.4,25.9,33,34,38,0,0,0,6,6,4,0,24,24,24,36,44,39,36,36,37,44.89,44.64,45.13,52,520,5.4,0,0,0
11.04,192,0.25,0.25,0.25,11,12,11,11.53,5.6,0.09,0.07,209.7,6.4,316,1,3,353,694,425,5,438,11.13,538.0,376,31.4,31.6,1.4,2.7,2180.0,0,17.0,12.5,35.3,33.6,34.5,32.3,35.2,35.5,31.2,29.8,59.4,58.8,31,36,23.4,25.7,34,35,37,0,0,0,6,6,4,0,24,24,24,36,44,39,36,36,37,44.89,44.64,45.13,52,520,5.2,0,0,0
10.58,136,0.25,0.25,0.25,11,11,11,11.06,-1.1,0.16,0.02,209.9,5.9,305,1,3,313,695,378,7,393,10.74,503.2,350,31.1,32.1,1.4,2.7,2180.0,0,17.0,12.7,34.9,33.3,34.2,31.8,34.8,35.2,31.7,29.7,59.3,58.8,30,36,23.4,25.9,34,34,38,0,0,0,6,6,4,0,24,24,24,36,44,39,36,36,37,44.89,44.64,45.12,51,520,5.2,0,0,0
11.13,192,0.25,0.25,0.25,11,11,11,11.65,6.6,0.09,0.02,209.3,6.0,315,1,3,356,693,429,4,445,11.19,543.2,381,31.3,31.6,1.4,2.7,2180.0,0,17.0,12.5,35.3,33.6,34.5,32.2,35.2,35.5,31.1,29.8,59.3,58.8,29,36,23.4,25.7,34,35,37,0,0,0,6,6,4,0,24,24,24,36,44,39,36,36,37,44.89,44.64,45.13,51,510,5.4,0,0,0
10.81,264,0.25,0.25,0.25,11,11,11,11.38,0.9,0.12,0.02,209.9,6.3,321,1,3,318,695,384,1,402,10.89,497.9,355,29.0,29.7,1.4,2.7,1402.0,0,15.82,12.5,35.3,33.6,34.6,32.4,35.2,35.6,31.6,30.0,59.5,59.0,30,36,23.4,25.7,31,32,38,0,0,0,6,6,4,0,24,24,24,36,44,39,36,36,37,44.9,44.65,45.13,51,520,5.2,0,0,0
10.73,192,0.25,0.25,0.25,11,11,12,11.25,19.8,0.1,0.04,209.4,4.4,311,1,3,321,694,387,2,402,10.82,506.2,356,32.9,32.8,1.5,2.8,1526.6,0,16.02,12.6,35.1,33.4,34.3,31.8,34.9,35.3,31.3,29.7,59.3,58.9,30,36,23.4,25.8,35,36,38,0,0,0,6,6,4,0,24,24,24,36,44,39,36,36,37,44.9,44.64,45.12,51,510,5.2,0,0,0
15.49,128,0.25,0.25,0.25,12,12,14,16.01,-8.5,0.09,0.15,209.6,7.5,310,1,3,946,699,1147,3,1192,15.53,1023.0,732,29.2,30.4,1.4,2.7,2180.0,0,17.0,12.7,35.0,33.4,34.4,32.3,35.0,35.3,31.7,29.8,59.4,59.0,30,36,23.4,25.9,34,34,38,0,0,0,6,6,4,0,24,24,24,36,44,39,36,36,37,44.89,44.64,45.13,51,520,5.4,0,0,0
12.2,344,0.25,0.25,0.25,12,11,11,12.74,24.4,0.05,0.08,209.7,6.1,311,1,3,478,694,576,-2,600,12.33,659.8,465,30.7,30.9,1.4,2.7,2180.0,0,17.0,12.5,35.3,33.5,34.5,32.4,35.1,35.5,31.2,29.8,59.3,58.9,30,36,23.4,25.7,34,34,37,0,0,0,6,6,4,0,24,24,24,37,44,39,36,36,37,44.89,44.64,45.13,51,510,5.3,0,0,0
10.74,192,0.25,0.25,0.25,11,11,11,11.24,15.2,0.09,0.01,209.6,6.1,313,1,3,326,695,393,0,406,10.86,512.7,360,32.9,33.0,1.4,2.7,1526.6,0,16.02,12.6,35.1,33.4,34.3,31.9,34.9,35.3,31.4,29.7,59.4,59.0,30,36,23.4,25.7,35,36,38,0,0,0,6,6,4,0,24,24,24,36,44,39,36,36,37,44.9,44.64,45.13,51,520,5.3,0,0,0
13.67,304,0.25,0.25,0.25,13,11,11,14.3,-3.7,0.14,-0.01,209.5,7.1,307,1,3,664,697,803,1,836,13.77,820.0,578,29.5,30.7,1.4,2.7,2180.0,0,17.0,12.7,35.0,33.4,34.3,32.2,34.8,35.3,31.7,29.7,59.3,58.9,31,36,23.4,25.9,33,34,38,0,0,0,6,6,4,0,24,24,24,36,44,39,36,36,37,44.9,44.64,45.13,52,520,5.4,0,0,0
12.39,72,0.25,0.25,0.25,11,11,12,12.95,20.1,0.12,0.06,209.7,6.4,315,1,3,500,696,603,-6,622,12.5,673.7,473,30.3,30.7,1.4,2.7,2180.0,0,17.0,12.5,35.3,33.5,34.5,32.3,35.1,35.4,31.2,29.8,59.4,59.0,30,36,23.4,25.7,33,34,38,0,0,0,6,6,4,0,24,24,24,36,44,39,36,36,37,44.89,44.64,45.13,52,520,5.4,0,0,0
9.57,264,0.25,0.25,0.25,11,11,11,10.07,24.1,0.12,0.1,209.2,4.2,319,1,3,232,693,280,-2,285,9.65,410.9,285,29.7,30.9,1.4,2.7,2146.8,0,16.95,12.4,35.5,33.8,34.8,32.6,35.3,35.8,31.8,30.1,59.5,59.0,30,36,23.4,25.8,32,33,38,0,0,0,6,6,4,0,24,24,24,37,44,39,36,36,37,44.89,44.64,45.13,51,520,5.4,0,0,0
9.18,264,0.25,0.25,0.25,11,11,11,9.61,5.5,0.07,0.07,210.7,4.3,316,1,3,206,693,249,-2,253,9.29,370.9,261,28.8,30.2,1.4,2.7,1348.4,0,15.73,12.5,35.4,33.7,34.7,32.5,35.2,35.7,31.8,30.0,59.5,58.9,29,36,23.4,25.7,31,31,38,0,0,0,6,6,4,0,24,24,24,36,44,39,36,36,37,44.89,44.65,45.13,51,510,5.3,0,0,0
10.74,192,0.25,0.25,0.25,11,11,11,11.25,13.9,0.14,0.02,209.5,5.5,313,1,3,322,695,389,-1,408,10.83,505.3,358,32.8,33.0,1.5,2.7,1526.6,0,16.02,12.6,35.1,33.4,34.3,31.9,34.9,35.3,31.4,29.7,59.4,59.0,29,36,23.4,25.7,35,36,38,0,0,0,6,6,4,0,24,24,24,37,44,39,36,36,37,44.89,44.65,45.13,51,520,5.3,0,0,0
10.77,192,0.25,0.25,0.25,11,11,11,11.26,11.7,0.11,0.01,209.3,5.4,314,1,3,325,694,392,-2,404,10.83,504.1,356,32.8,32.9,1.5,2.7,1526.6,0,16.02,12.6,35.1,33.4,34.3,31.9,34.9,35.3,31.4,29.7,59.4,59.0,31,36,23.4,25.7,35,36,38,0,0,0,6,6,4,0,24,24,24,36,44,39,36,36,37,44.89,44.64,45.13,51,520,5.3,0,0,0
12.45,288,0.25,0.25,0.25,11,11,12,13.02,-7.9,0.15,0.02,210.4,7.4,304,1,3,505,694,609,1,633,12.58,684.0,480,31.7,32.8,1.5,2.7,2180.0,0,17.0,12.7,35.0,33.3,34.2,31.7,34.8,35.2,31.6,29.7,59.4,59.0,30,36,23.4,25.9,35,35,38,0,0,0,6,6,4,0,24,24,24,36,44,39,36,36,37,44.89,44.64,45.13,51,510,5.3,0,0,0
11.88,136,0.25,0.25,0.25,12,11,11,12.38,0.2,0.12,0.01,209.9,5.3,304,1,3,445,695,537,4,554,12.02,633.0,441,31.5,32.5,1.4,2.7,2180.0,0,17.0,12.7,34.9,33.3,34.2,31.7,34.8,35.2,31.6,29.7,59.3,59.0,31,36,23.4,25.9,34,35,38,0,0,0,6,6,4,0,24,24,24,36,44,39,36,36,37,44.89,44.64,45.13,51,510,5.3,0,0,0
11.76,128,0.25,0.25,0.25,12,11,11,12.33,1.6,0.14,-0.03,209.6,7.8,321,1,3,426,693,513,2,530,11.87,606.1,429,30.1,30.5,1.4,2.7,2180.0,0,17.0,12.5,35.3,33.5,34.5,32.4,35.1,35.5,31.3,29.8,59.4,58.8,29,36,23.4,25.7,33,33,38,0,0,0,6,6,4,0,24,24,24,37,44,39,36,36,37,44.89,44.64,45.13,51,520,5.3,0,0,0
10.35,192,0.25,0.25,0.25,11,11,11,10.85,12.0,0.14,0.04,209.5,4.8,312,1,3,292,693,352,-4,370,10.43,482.2,334,31.6,31.8,1.4,2.7,2159.8,0,16.97,12.5,35.3,33.5,34.5,32.2,35.1,35.5,31.2,29.8,59.4,59.0,30,36,23.4,25.7,34,35,37,0,0,0,6,6,4,0,24,24,24,36,44,39,36,36,37,44.9,44.64,45.13,51,520,5.3,0,0,0
13.41,16,0.25,0.25,0.25,11,12,12,14.04,-4.4,0.14,0.01,209.7,7.5,309,1,3,623,697,754,-1,789,13.57,788.5,555,30.2,31.3,1.4,2.7,1623.5,0,16.16,12.7,34.9,33.2,34.2,32.0,34.8,35.2,31.8,29.7,59.3,58.8,30,36,23.4,25.9,33,34,38,0,0,0,6,6,4,0,24,24,24,36,44,39,36,36,37,44.89,44.64,45.13,51,520,5.3,0,0,0
10.88,192,0.25,0.25,0.25,11,11,11,11.38,11.0,0.16,0.0,209.6,5.6,315,1,3,333,694,401,8,413,10.94,514.7,364,32.8,32.8,1.5,2.7,1526.6,0,16.02,12.6,35.1,33.4,34.3,31.9,34.9,35.3,31.3,29.7,59.4,58.9,30,36,23.4,25.7,35,36,38,0,0,0,6,6,4,0,24,24,24,36,44,39,36,36,37,44.89,44.64,45.13,51,510,5.4,0,0,0
9.56,192,0.25,0.25,0.25,11,11,11,10.07,4.1,0.14,0.01,209.6,3.8,320,1,3,227,692,273,-3,283,9.68,404.5,286,32.1,32.1,1.5,2.7,1448.4,0,15.89,12.6,35.2,33.5,34.5,32.1,35.1,35.4,31.3,29.8,59.4,58.9,31,36,23.4,25.7,34,35,37,0,0,0,6,6,4,0,24,24,24,36,44,39,36,36,37,44.89,44.64,45.13,51,510,5.2,0,0,0
11.28,264,0.25,0.25,0.25,11,11,11,11.79,7.2,0.1,-0.01,210.0,6.6,319,1,3,370,695,446,4,458,11.37,541.3,387,29.0,29.7,1.4,2.7,1402.0,0,15.82,12.4,35.3,33.6,34.5,32.5,35.2,35.5,31.6,30.0,59.5,59.1,30,36,23.4,25.7,31,32,38,0,0,0,6,6,4,0,24,24,24,36,44,39,36,36,37,44.9,44.64,45.13,51,520,5.3,0,0,0
10.54,136,0.25,0.25,0.25,11,11,11,11.06,-4.1,0.14,0.02,210.2,6.3,305,1,3,311,692,374,7,383,10.67,496.0,346,30.8,32.2,1.4,2.7,2180.0,0,17.0,12.7,34.9,33.3,34.2,31.8,34.8,35.2,31.7,29.7,59.4,58.8,30,36,23.4,25.9,34,34,38,0,0,0,6,6,4,0,24,24,24,36,44,39,36,36,37,44.89,44.64,45.12,51,510,5.3,0,0,0
9.82,192,0.25,0.25,0.25,11,11,11,10.24,-1.5,0.1,0.03,209.5,5.0,322,1,3,246,692,296,-1,303,9.87,419.6,298,32.3,32.3,1.5,2.7,1329.9,0,15.7,12.6,35.2,33.5,34.4,32.0,35.0,35.4,31.3,29.8,59.4,59.0,30,36,23.4,25.7,34,35,38,0,0,0,6,6,4,0,24,24,24,36,44,39,36,36,37,44.9,44.64,45.13,51,520,5.3,0,0,0
10.42,192,0.25,0.25,0.25,11,11,11,10.91,13.9,0.24,0.02,209.4,5.7,315,1,3,292,695,352,-2,366,10.51,467.0,335,32.6,32.7,1.4,2.7,1329.9,0,15.7,12.6,35.1,33.4,34.4,32.0,34.9,35.3,31.4,29.7,59.4,58.9,30,36,23.4,25.7,35,35,38,0,0,0,6,6,4,0,24,24,24,37,44,39,36,36,37,44.89,44.64,45.13,51,510,5.4,0,0,0
11.72,128,0.25,0.25,0.25,11,12,12,12.28,12.3,0.12,0.04,209.7,6.7,318,1,3,430,695,519,1,536,11.91,613.5,429,30.0,30.2,1.4,2.7,2180.0,0,17.0,12.5,35.3,33.5,34.5,32.3,35.1,35.5,31.3,29.8,59.4,58.8,30,36,23.4,25.7,33,33,38,0,0,0,6,6,4,0,24,24,24,36,44,39,36,36,37,44.9,44.64,45.13,51,510,5.3,0,0,0
12.0,288,0.25,0.25,0.25,11,11,12,12.52,-0.1,0.12,0.01,210.2,5.8,304,1,3,453,693,545,7,562,12.11,636.5,446,31.4,32.2,1.4,2.7,2180.0,0,17.0,12.7,34.9,33.3,34.2,31.7,34.8,35.2,31.6,29.7,59.3,59.0,30,36,23.4,25.9,35,35,38,0,0,0,6,6,4,0,24,24,24,36,44,39,36,36,37,44.89,44.64,45.13,52,520,5.3,0,0,0
10.55,136,0.25,0.25,0.25,11,11,11,11.0,-5.0,0.08,0.02,210.1,6.3,306,1,3,306,695,369,5,382,10.64,490.8,344,31.0,32.1,1.4,2.7,2180.0,0,17.0,12.7,34.9,33.3,34.2,31.8,34.8,35.2,31.7,29.7,59.4,58.8,30,36,23.4,25.9,34,34,38,0,0,0,6,6,4,0,24,24,24,36,44,39,36,36,37,44.89,44.64,45.12,51,510,5.4,0,0,0
12.13,88,0.25,0.25,0.25,11,11,12,12.71,-4.0,0.14,0.05,211.4,6.3,299,1,3,465,693,559,-3,579,12.23,642.4,455,32.2,33.0,1.4,2.7,1882.6,0,16.55,12.7,35.0,33.3,34.2,31.6,34.8,35.2,31.5,29.7,59.3,58.7,30,36,23.4,25.9,35,35,38,0,0,0,6,6,4,0,24,24,24,36,44,39,36,36,37,44.89,44.64,45.13,51,520,5.3,0,0,0
10.95,192,0.25,0.25,0.25,11,11,11,11.49,21.7,0.1,-0.01,24.6,5.3,305,1,3,343,693,413,1,425,11.03,519.9,368,33.1,33.1,1.5,2.8,1805.1,0,16.44,12.6,35.0,33.4,34.3,31.8,34.8,35.3,31.4,29.7,59.4,58.9,31,36,23.4,25.8,35,36,38,0,0,0,6,6,4,1,24,24,24,36,44,39,36,36,37,44.89,44.64,45.13,51,520,5.3,0,0,0
15.34,0,0.25,0.25,0.25,13,14,12,15.97,-11.2,0.14,0.05,209.6,8.3,313,1,3,942,699,1142,-8,1180,15.5,1018.6,727,29.1,30.2,1.4,2.7,2180.0,0,17.0,12.7,35.1,33.5,34.5,32.5,35.1,35.4,31.6,29.8,59.3,59.0,31,36,23.4,25.9,34,35,38,0,0,0,6,6,4,0,24,24,24,36,44,39,36,36,37,44.89,44.64,45.13,52,520,5.3,0,0,0
10.74,192,0.25,0.25,0.25,11,11,11,11.2,22.5,0.07,0.03,25.4,4.5,309,1,3,319,695,385,0,402,10.84,506.5,356,33.0,33.1,1.4,2.7,1805.1,0,16.44,12.6,35.1,33.4,34.3,31.8,34.9,35.3,31.4,29.7,59.3,58.9,30,36,23.4,25.8,35,36,38,0,0,0,6,6,4,1,24,24,24,36,44,39,36,36,37,44.89,44.64,45.13,51,520,5.3,0,0,0
12.33,336,0.25,0.25,0.25,11,11,12,12.84,-2.9,0.12,0.08,209.8,6.6,324,1,3,488,695,589,4,612,12.43,667.6,469,29.5,30.1,1.4,2.7,2096.6,0,16.87,12.5,35.2,33.5,34.5,32.3,35.1,35.4,31.4,29.9,59.5,59.0,30,36,23.4,25.7,32,33,38,0,0,0,6,6,4,0,24,24,24,36,44,39,36,36,37,44.89,44.64,45.13,52,510,5.3,0,0,0
10.76,192,0.25,0.25,0.25,11,11,11,11.28,12.0,0.12,0.01,24.7,6.0,311,1,3,327,695,395,0,410,10.87,510.2,361,33.0,33.1,1.4,2.7,1805.1,0,16.44,12.6,35.1,33.4,34.3,31.8,34.9,35.3,31.4,29.7,59.3,58.8,30,36,23.4,25.8,35,36,38,0,0,0,6,6,4,1,24,24,24,36,44,39,36,36,37,44.9,44.64,45.13,51,510,5.2,0,0,0
11.33,192,0.25,0.25,0.25,11,11,11,11.92,9.7,0.11,0.05,209.6,6.0,314,1,3,381,693,458,2,476,11.39,570.8,399,31.3,31.4,1.4,2.7,2180.0,0,17.0,12.5,35.3,33.6,34.5,32.3,35.2,35.5,31.1,29.8,59.3,58.8,31,36,23.4,25.7,34,35,37,0,0,0,6,6,4,0,24,24,24,36,44,39,36,36,37,44.89,44.64,45.13,51,520,5.4,0,0,0
11.81,128,0.25,0.25,0.25,11,12,12,12.37,12.0,0.14,0.08,209.7,6.0,319,1,3,433,696,523,-3,547,11.99,620.8,434,29.9,30.2,1.4,2.7,2180.0,0,17.0,12.5,35.3,33.5,34.5,32.4,35.1,35.4,31.3,29.9,59.4,58.9,31,36,23.4,25.7,33,33,38,0,0,0,6,6,4,0,24,24,24,36,44,39,36,36,37,44.89,44.64,45.13,51,520,5.3,0,0,0
15.31,72,0.25,0.25,0.25,13,12,12,15.89,-6.1,0.14,0.08,209.7,9.0,309,1,3,919,699,1115,5,1163,15.42,998.8,720,29.3,30.4,1.4,2.6,2180.0,0,17.0,12.7,35.0,33.4,34.4,32.3,34.9,35.3,31.7,29.8,59.3,58.9,30,36,23.4,25.9,33,34,38,0,0,0,6,6,4,0,24,24,24,36,44,39,36,36,37,44.89,44.64,45.13,51,520,5.4,0,0,0
15.31,216,0.25,0.25,0.25,13,12,12,15.89,-11.8,0.12,-0.09,209.7,7.6,313,1,3,929,699,1127,6,1165,15.45,1010.0,726,29.2,30.3,1.4,2.7,2180.0,0,17.0,12.7,35.1,33.5,34.5,32.5,35.1,35.4,31.6,29.8,59.3,59.0,30,36,23.4,25.9,34,35,38,0,0,0,6,6,4,0,24,24,24,36,44,39,36,36,37,44.89,44.64,45.13,52,520,5.4,0,0,0
11.99,112,0.25,0.25,0.25,12,11,11,12.54,10.1,0.14,-0.04,209.4,5.8,313,1,3,459,695,554,-2,576,12.12,644.1,450,31.1,31.3,1.5,2.7,2180.0,0,17.0,12.5,35.3,33.6,34.5,32.3,35.2,35.5,31.1,29.8,59.3,59.0,30,36,23.4,25.7,34,35,38,0,0,0,6,6,4,0,24,24,24,36,44,39,36,36,37,44.89,44.65,45.13,51,520,5.4,0,0,0
10.76,192,0.25,0.25,0.25,11,11,11,11.25,19.4,0.12,0.02,209.6,4.9,310,1,3,323,694,390,2,400,10.82,503.7,357,33.0,33.0,1.4,2.7,1526.6,0,16.02,12.6,35.1,33.4,34.3,31.8,34.9,35.3,31.4,29.7,59.3,58.9,30,36,23.4,25.8,35,36,38,0,0,0,6,6,4,0,24,24,24,36,44,39,36,36,37,44.89,44.64,45.13,52,520,5.3,0,0,0
12.36,40,0.25,0.25,0.25,11,12,12,12.9,13.8,0.17,0.02,209.6,7.9,311,1,3,493,695,595,6,618,12.46,673.0,472,30.9,31.2,1.4,2.7,2180.0,0,17.0,12.5,35.4,33.6,34.5,32.3,35.2,35.5,31.2,29.8,59.4,59.0,30,36,23.4,25.7,34,34,37,0,0,0,6,6,4,0,24,24,24,36,44,39,36,36,37,44.89,44.64,45.13,51,520,5.4,0,0,0
12.34,120,0.25,0.25,0.25,12,12,11,12.94,0.1,0.08,0.08,210.0,6.4,324,1,3,491,696,592,-6,612,12.45,671.0,473,29.6,30.1,1.4,2.7,2180.0,0,17.0,12.5,35.2,33.5,34.5,32.4,35.1,35.4,31.4,29.9,59.4,59.0,29,36,23.4,25.7,33,33,38,0,0,0,6,6,4,0,24,24,24,37,44,40,36,36,37,44.9,44.64,45.13,51,520,5.4,0,0,0
15.21,144,0.25,0.25,0.25,13,12,11,15.95,-15.7,0.18,0.03,209.9,8.0,313,1,3,934,699,1133,3,1178,15.42,1022.4,732,29.2,30.5,1.4,2.7,2180.0,0,17.0,12.7,35.0,33.5,34.5,32.4,35.0,35.3,31.7,29.8,59.3,59.0,30,36,23.4,25.9,34,34,38,0,0,0,6,6,4,0,24,24,24,36,44,39,36,36,37,44.89,44.64,45.13,52,520,5.4,0,0,0
9.77,192,0.25,0.25,0.25,11,11,11,10.33,3.7,0.12,0.01,209.5,4.4,315,1,3,245,692,295,-1,307,9.84,424.5,298,31.8,31.9,1.4,2.7,2159.8,0,16.97,12.5,35.3,33.5,34.5,32.1,35.1,35.4,31.3,29.8,59.4,59.0,29,36,23.4,25.7,34,35,37,0,0,0,6,6,4,0,24,24,24,36,44,39,36,36,37,44.89,44.65,45.13,51,510,5.2,0,0,0
13.58,16,0.25,0.25,0.25,13,11,11,14.11,-2.0,0.12,0.06,209.7,6.1,309,1,3,646,697,781,7,813,13.67,808.8,569,30.0,31.1,1.4,2.7,2180.0,0,17.0,12.7,34.9,33.3,34.2,32.0,34.8,35.2,31.7,29.7,59.4,58.9,30,36,23.4,25.9,33,34,38,0,0,0,6,6,4,0,24,24,24,36,44,39,36,36,37,44.89,44.64,45.13,51,520,5.3,0,0,0
12.98,160,0.25,0.25,0.25,11,12,12,13.53,-11.1,0.09,0.01,209.7,8.1,311,1,3,557,697,673,4,694,13.07,715.7,511,30.3,31.4,1.4,2.7,1623.5,0,16.16,12.7,34.9,33.3,34.2,31.9,34.8,35.2,31.8,29.7,59.3,58.9,30,36,23.4,25.9,33,33,38,0,0,0,6,6,4,0,24,24,24,36,44,39,36,36,37,44.9,44.64,45.13,51,520,5.3,0,0,0
12.01,344,0.25,0.25,0.25,12,11,11,12.55,13.5,0.12,-0.04,209.5,6.6,313,1,3,456,695,550,-5,573,12.1,639.3,450,30.7,30.9,1.4,2.8,2180.0,0,17.0,12.5,35.3,33.6,34.5,32.3,35.2,35.5,31.1,29.9,59.3,58.7,30,36,23.4,25.7,34,34,38,0,0,0,6,6,4,0,24,24,24,36,44,39,36,36,37,44.89,44.65,45.13,51,520,5.4,0,0,0
12.06,200,0.25,0.25,0.25,11,11,11,12.75,14.6,0.12,0.04,209.9,5.8,313,1,3,457,696,552,-5,568,12.14,639.3,449,30.6,30.9,1.4,2.7,2180.0,0,17.0,12.5,35.3,33.6,34.5,32.3,35.1,35.5,31.1,29.8,59.3,58.7,29,36,23.4,25.7,34,34,38,0,0,0,6,6,4,0,24,24,24,36,44,39,36,36,37,44.89,44.65,45.13,51,520,5.4,0,0,0
9.53,264,0.25,0.25,0.25,11,11,11,10.01,24.4,0.12,0.05,208.9,5.5,318,1,3,224,694,270,2,283,9.61,403.7,283,29.7,30.9,1.4,2.7,2146.8,0,16.95,12.4,35.5,33.8,34.8,32.6,35.3,35.8,31.8,30.1,59.5,59.0,31,35,23.4,25.8,32,33,38,0,0,0,6,6,4,0,24,24,24,36,44,39,35,35,37,44.89,44.64,45.13,51,520,5.3,0,0,0
10.8,192,0.25,0.25,0.25,11,11,11,11.37,12.9,0.12,0.03,24.5,4.9,311,1,3,330,693,397,4,412,10.88,510.7,360,32.9,33.2,1.4,2.7,1805.1,0,16.44,12.6,35.1,33.4,34.3,31.8,34.9,35.3,31.4,29.7,59.3,58.8,30,36,23.4,25.8,35,36,38,0,0,0,6,6,4,1,24,24,24,36,44,39,36,36,37,44.9,44.64,45.13,51,520,5.3,0,0,0
11.18,192,0.25,0.25,0.25,11,11,11,11.67,10.7,0.16,0.02,209.5,5.9,313,1,3,373,694,450,2,463,11.3,561.4,391,31.3,31.6,1.4,2.7,2180.0,0,17.0,12.5,35.3,33.6,34.5,32.3,35.2,35.5,31.1,29.8,59.3,58.8,30,36,23.4,25.7,34,35,37,0,0,0,6,6,4,0,24,24,24,36,44,39,36,36,37,44.89,44.64,45.13,52,520,5.3,0,0,0
12.12,136,0.25,0.25,0.25,11,11,12,12.54,3.3,0.18,0.0,209.8,7.5,320,1,3,453,696,547,3,569,12.14,632.0,447,29.1,29.8,1.4,2.7,2002.0,0,16.87,12.4,35.2,33.5,34.5,32.3,35.1,35.5,31.5,29.9,59.4,59.0,30,36,23.4,25.7,32,32,38,0,0,0,6,6,4,0,24,24,24,36,44,39,36,36,37,44.9,44.64,45.13,51,510,5.3,0,0,0
9.43,264,0.25,0.25,0.25,11,11,11,9.94,-0.2,0.09,0.01,185.0,3.9,317,1,3,219,696,266,0,271,9.54,388.6,276,29.1,30.4,1.4,2.7,1348.4,0,15.73,12.5,35.5,33.8,34.7,32.4,35.3,35.7,31.7,30.1,59.5,59.1,30,36,23.4,25.7,31,32,38,0,0,0,6,6,4,0,24,24,24,36,44,39,36,36,37,44.9,44.64,45.13,50,520,5.3,0,0,0
10.55,192,0.25,0.25,0.25,11,11,11,10.97,13.7,0.03,0.02,209.5,5.8,315,1,3,297,693,358,3,373,10.59,475.7,339,32.7,32.7,1.5,2.7,1329.9,0,15.7,12.6,35.1,33.4,34.4,31.9,34.9,35.3,31.4,29.7,59.4,58.9,31,36,23.4,25.7,35,35,38,0,0,0,6,6,4,0,24,24,24,36,44,39,36,36,37,44.89,44.64,45.13,51,510,5.3,0,0,0
15.35,344,0.25,0.25,0.25,12,14,14,16.02,-7.0,0.09,-0.06,209.6,8.2,310,1,3,942,700,1143,-8,1181,15.53,1018.9,729,29.2,30.4,1.4,2.7,2180.0,0,17.0,12.7,35.0,33.4,34.4,32.3,35.0,35.3,31.7,29.8,59.3,58.9,31,36,23.4,25.9,34,34,38,0,0,0,6,6,4,0,24,24,24,36,44,39,36,36,37,44.89,44.64,45.13,51,520,5.4,0,0,0
12.4,64,0.25,0.25,0.25,12,12,11,13.01,2.9,0.1,0.05,209.7,6.9,321,1,3,502,696,607,-3,628,12.56,677.5,478,29.4,29.7,1.4,2.7,2096.6,0,16.87,12.4,35.2,33.5,34.5,32.2,35.1,35.5,31.4,29.9,59.5,58.8,29,36,23.4,25.7,32,33,38,0,0,0,6,6,4,0,24,24,24,36,44,39,36,36,37,44.9,44.64,45.13,51,510,5.3,0,0,0
9.97,192,0.25,0.25,0.25,11,11,11,10.34,11.0,0.07,0.01,209.4,5.6,318,1,3,261,692,314,3,324,10.04,430.8,305,32.4,32.4,1.4,2.8,1329.9,0,15.7,12.6,35.2,33.5,34.4,32.0,35.0,35.4,31.4,29.7,59.4,59.0,29,36,23.4,25.7,34,35,38,0,0,0,6,6,4,0,24,24,24,36,44,39,36,36,37,44.89,44.64,45.13,51,510,5.3,0,0,0
15.47,288,0.25,0.25,0.25,12,12,13,16.07,-10.7,0.14,-0.06,209.7,7.0,313,1,3,946,699,1146,-5,1188,15.53,1023.0,732,29.0,30.2,1.4,2.7,2180.0,0,17.0,12.7,35.1,33.5,34.5,32.6,35.1,35.4,31.7,29.8,59.3,58.9,30,36,23.4,25.9,34,35,38,0,0,0,6,6,4,0,24,24,24,36,44,39,36,36,37,44.89,44.64,45.13,51,520,5.4,0,0,0
10.38,136,0.25,0.25,0.25,11,11,11,10.85,0.8,0.12,0.06,209.9,5.8,304,1,3,293,694,353,7,363,10.51,468.3,332,30.7,31.8,1.4,2.7,2180.0,0,17.0,12.7,34.9,33.3,34.2,31.8,34.8,35.2,31.8,29.7,59.3,58.9,30,36,23.4,25.9,33,34,38,0,0,0,6,6,4,0,24,24,24,36,44,39,36,36,37,44.89,44.64,45.13,51,510,5.3,0,0,0
13.79,144,0.25,0.25,0.25,12,11,12,14.46,-3.5,0.11,0.08,209.7,6.4,307,1,3,667,696,806,4,841,13.84,825.5,582,29.5,30.7,1.4,2.7,2180.0,0,17.0,12.7,35.0,33.4,34.3,32.2,34.9,35.3,31.7,29.7,59.3,58.8,30,36,23.4,25.9,33,34,38,0,0,0,6,6,4,0,24,24,24,36,44,39,36,36,37,44.89,44.65,45.13,52,520,5.3,0,0,0
11.11,192,0.25,0.25,0.25,11,11,11,11.63,8.9,0.07,0.05,209.5,6.9,314,1,3,361,694,436,0,452,11.25,553.2,385,31.3,31.5,1.4,2.7,2180.0,0,17.0,12.5,35.3,33.6,34.5,32.3,35.2,35.5,31.1,29.8,59.3,58.8,31,36,23.4,25.7,34,35,37,0,0,0,6,6,4,0,24,24,24,36,44,39,36,36,37,44.89,44.64,45.13,51,520,5.2,0,0,0
11.9,224,0.25,0.25,0.25,11,11,11,12.49,2.3,0.1,0.02,25.0,5.9,296,1,3,437,694,526,5,547,12.06,617.9,437,32.3,33.2,1.4,2.7,1882.6,0,16.55,12.7,35.0,33.3,34.2,31.7,34.8,35.2,31.5,29.7,59.3,58.8,30,36,23.4,25.8,35,35,38,0,0,0,6,6,4,1,24,24,24,36,44,39,36,36,37,44.89,44.64,45.13,51,520,5.2,0,0,0
9.7,192,0.25,0.25,0.25,11,11,11,10.14,-4.3,0.14,0.04,209.5,4.7,320,1,3,238,692,286,8,295,9.76,407.3,288,32.0,32.1,1.4,2.7,1448.4,0,15.89,12.6,35.3,33.5,34.5,32.1,35.1,35.4,31.3,29.8,59.4,58.9,31,36,23.4,25.7,34,35,38,0,0,0,6,6,4,0,24,24,24,36,44,39,36,36,37,44.89,44.64,45.13,51,520,5.3,0,0,0
10.83,192,0.25,0.25,0.25,11,11,11,11.26,12.3,0.17,-0.01,209.6,5.3,315,1,3,329,694,396,2,409,10.91,509.5,361,32.8,32.6,1.5,2.7,1526.6,0,16.02,12.6,35.1,33.4,34.4,31.9,34.9,35.3,31.4,29.7,59.4,58.9,30,36,23.4,25.7,35,35,38,0,0,0,6,6,4,0,24,24,24,36,44,39,36,36,37,44.9,44.64,45.13,51,520,5.3,0,0,0
10.73,192,0.25,0.25,0.25,11,11,11,11.17,12.5,0.12,0.02,209.6,6.3,315,1,3,318,694,382,1,399,10.8,494.1,352,32.7,32.6,1.5,2.7,1526.6,0,16.02,12.6,35.1,33.4,34.4,31.9,34.9,35.3,31.3,29.7,59.4,58.9,31,36,23.4,25.7,35,35,38,0,0,0,6,6,4,0,24,24,24,36,44,39,36,36,37,44.9,44.65,45.13,51,510,5.3,0,0,0
15.21,72,0.25,0.25,0.25,12,14,13,15.85,-15.2,0.14,-0.08,209.8,7.1,313,1,3,922,699,1119,1,1156,15.38,1009.5,717,29.2,30.3,1.4,2.7,2180.0,0,17.0,12.7,35.1,33.5,34.5,32.4,35.0,35.4,31.7,29.8,59.3,59.0,29,36,23.4,25.9,34,35,38,0,0,0,6,6,4,0,24,24,24,36,44,39,36,36,37,44.89,44.64,45.13,52,520,5.4,0,0,0
12.18,56,0.25,0.25,0.25,11,11,12,12.7,20.6,0.11,0.1,209.9,7.5,311,1,3,475,695,573,5,584,12.3,651.9,458,30.6,30.8,1.4,2.7,2180.0,0,17.0,12.5,35.3,33.5,34.5,32.3,35.2,35.5,31.2,29.8,59.3,58.9,30,36,23.4,25.7,34,34,38,0,0,0,6,6,4,0,24,24,24,36,44,39,36,36,37,44.9,44.64,45.13,52,510,5.3,0,0,0
11.5,136,0.25,0.25,0.25,11,11,11,12.17,2.7,0.17,-0.01,210.1,4.8,304,1,3,407,694,490,-2,510,11.64,600.7,418,31.2,32.4,1.4,2.7,2180.0,0,17.0,12.7,34.9,33.3,34.2,31.7,34.8,35.2,31.6,29.7,59.3,58.9,31,36,23.4,25.9,34,35,38,0,0,0,6,6,4,0,24,24,24,36,44,39,36,36,37,44.89,44.64,45.12,51,510,5.3,0,0,0
10.78,192,0.25,0.25,0.25,11,11,11,11.31,14.6,0.15,0.0,209.4,5.9,314,1,3,333,695,402,0,415,10.95,517.4,363,32.7,32.8,1.4,2.7,1526.6,0,16.02,12.6,35.1,33.4,34.3,31.8,34.9,35.3,31.3,29.7,59.4,58.9,29,36,23.4,25.7,35,36,38,0,0,0,6,6,4,0,24,24,24,36,44,39,36,36,37,44.9,44.65,45.13,51,520,5.2,0,0,0
9.72,192,0.25,0.25,0.25,11,11,11,10.34,1.8,0.07,-0.04,209.6,5.3,321,1,3,239,692,287,-2,296,9.8,410.5,294,32.3,32.3,1.4,2.7,1448.4,0,15.89,12.6,35.2,33.5,34.5,32.1,35.0,35.4,31.4,29.8,59.4,59.0,31,36,23.4,25.7,34,35,38,0,0,0,6,6,4,0,24,24,24,36,44,39,36,36,37,44.89,44.64,45.13,51,520,5.3,0,0,0
10.15,192,0.25,0.25,0.25,11,11,11,10.64,12.6,0.29,0.01,209.7,5.3,317,1,3,266,694,320,4,336,10.2,440.6,316,32.5,32.6,1.4,2.7,1329.9,0,15.7,12.6,35.2,33.4,34.4,31.9,35.0,35.3,31.4,29.7,59.4,58.9,31,36,23.4,25.7,35,35,37,0,0,0,6,6,4,0,24,24,24,36,44,39,36,36,37,44.9,44.64,45.13,51,520,5.3,0,0,0
9.32,264,0.25,0.25,0.25,11,11,11,9.82,22.6,0.12,0.06,208.9,5.0,317,1,3,207,696,250,-8,259,9.37,378.6,267,29.5,30.7,1.4,2.7,2146.8,0,16.95,12.5,35.5,33.8,34.8,32.6,35.3,35.8,31.9,30.1,59.5,59.0,30,36,23.4,25.8,32,32,38,0,0,0,6,6,4,0,24,24,24,37,44,39,36,36,37,44.89,44.64,45.13,51,520,5.3,0,0,0
15.34,72,0.25,0.25,0.25,13,13,12,15.91,-8.7,0.12,0.01,209.6,9.0,310,1,3,946,699,1147,5,1193,15.49,1033.8,734,29.2,30.4,1.4,2.7,2180.0,0,17.0,12.7,35.0,33.4,34.5,32.3,35.0,35.3,31.7,29.8,59.4,59.0,29,36,23.4,25.9,34,34,38,0,0,0,6,6,4,0,24,24,24,36,44,39,36,36,37,44.89,44.64,45.13,52,520,5.4,0,0,0
15.13,200,0.25,0.25,0.25,12,13,14,15.64,-11.6,0.12,0.06,209.7,7.5,314,1,3,907,697,1096,3,1135,15.27,1004.2,707,29.1,30.3,1.4,2.7,2180.0,0,17.0,12.7,35.2,33.6,34.6,32.7,35.1,35.5,31.6,29.8,59.3,58.9,31,36,23.4,25.9,34,35,38,0,0,0,6,6,4,0,24,24,24,36,44,39,36,36,37,44.89,44.64,45.13,52,520,5.4,0,0,0
12.48,64,0.25,0.25,0.25,12,12,12,13.06,1.3,0.14,-0.01,209.7,7.1,322,1,3,510,695,615,1,643,12.61,691.2,484,29.4,29.8,1.4,2.7,2096.6,0,16.87,12.4,35.2,33.5,34.5,32.3,35.1,35.5,31.4,29.9,59.5,58.8,30,36,23.4,25.7,32,33,38,0,0,0,6,6,4,0,24,24,24,36,44,39,36,36,37,44.9,44.64,45.13,51,520,5.4,0,0,0
10.76,192,0.25,0.25,0.25,11,11,11,11.25,22.0,0.12,0.07,24.7,4.1,308,1,3,328,694,395,0,408,10.87,505.3,357,32.9,33.0,1.4,2.7,1805.1,0,16.44,12.6,35.1,33.4,34.3,31.8,34.9,35.3,31.4,29.7,59.3,58.9,29,36,23.4,25.8,35,36,38,0,0,0,6,6,4,1,24,24,24,36,44,39,36,36,37,44.89,44.64,45.13,52,520,5.3,0,0,0
9.81,192,0.25,0.25,0.25,11,11,11,10.33,1.2,0.06,0.0,209.6,5.0,321,1,3,250,693,301,2,307,9.92,418.3,297,32.2,32.3,1.5,2.8,1329.9,0,15.7,12.6,35.2,33.5,34.4,32.0,35.0,35.4,31.3,29.8,59.4,59.0,30,36,23.4,25.7,34,35,38,0,0,0,6,6,4,0,24,24,24,36,44,39,36,36,37,44.9,44.64,45.13,51,520,5.2,0,0,0
11.77,128,0.25,0.25,0.25,11,11,12,12.34,12.2,0.12,0.06,209.6,7.2,318,1,3,427,696,516,-7,534,11.91,609.8,428,29.9,30.3,1.4,2.7,2180.0,0,17.0,12.5,35.3,33.5,34.5,32.3,35.1,35.5,31.3,29.8,59.4,58.8,30,36,23.4,25.7,33,33,38,0,0,0,6,6,4,0,24,24,24,36,44,39,36,36,37,44.89,44.64,45.13,52,520,5.3,0,0,0
12.52,136,0.25,0.25,0.25,11,12,11,13.06,3.3,0.08,0.05,209.7,6.6,321,1,3,514,695,620,4,643,12.64,686.8,487,29.4,29.9,1.4,2.7,2096.6,0,16.87,12.4,35.2,33.5,34.5,32.3,35.1,35.5,31.4,29.9,59.5,58.8,30,36,23.4,25.7,32,33,38,0,0,0,6,6,4,0,24,24,24,36,44,39,36,36,37,44.89,44.64,45.13,52,510,5.2,0,0,0
9.63,192,0.25,0.25,0.25,11,11,11,10.09,1.1,0.16,0.07,209.5,5.8,321,1,3,238,692,286,-3,291,9.74,409.4,289,32.1,32.1,1.5,2.7,1448.4,0,15.89,12.6,35.3,33.5,34.5,32.1,35.1,35.4,31.3,29.8,59.4,58.9,30,36,23.4,25.7,34,35,37,0,0,0,6,6,4,0,24,24,24,36,44,39,36,36,37,44.89,44.64,45.13,51,520,5.3,0,0,0
9.28,264,0.25,0.25,0.25,11,11,11,9.78,21.3,0.05,0.12,24.5,4.0,315,1,3,213,693,256,-5,262,9.39,377.7,268,29.5,30.7,1.4,2.7,2146.8,0,16.95,12.4,35.5,33.8,34.8,32.5,35.3,35.7,31.8,30.1,59.5,59.1,30,36,23.4,25.7,31,32,38,0,0,0,6,6,4,1,24,24,24,36,44,39,36,36,37,44.9,44.65,45.13,51,510,5.2,0,0,0
12.47,88,0.25,0.25,0.25,11,11,11,13.15,-8.5,0.17,0.02,210.6,7.9,305,1,3,508,695,612,7,629,12.59,683.2,482,31.7,32.8,1.4,2.7,2180.0,0,17.0,12.7,35.0,33.3,34.2,31.7,34.8,35.2,31.6,29.7,59.4,59.0,30,36,23.4,25.9,35,35,38,0,0,0,6,6,4,0,24,24,24,36,44,39,36,36,37,44.89,44.64,45.13,52,520,5.2,0,0,0
11.51,264,0.25,0.25,0.25,11,11,11,11.94,7.2,0.08,0.03,209.8,6.9,319,1,3,386,694,465,0,487,11.57,562.0,402,29.1,29.6,1.4,2.7,1402.0,0,15.82,12.5,35.3,33.6,34.5,32.4,35.1,35.5,31.6,29.9,59.4,59.1,31,36,23.4,25.7,31,32,38,0,0,0,6,6,4,0,24,24,24,36,44,39,36,36,37,44.9,44.64,45.13,51,520,5.3,0,0,0
9.84,264,0.25,0.25,0.25,11,11,11,10.24,2.1,0.05,0.01,210.4,3.9,319,1,3,244,693,294,0,305,9.94,411.2,295,28.9,30.0,1.4,2.7,1402.0,0,15.82,12.5,35.4,33.7,34.6,32.6,35.2,35.6,31.7,30.0,59.5,58.9,30,36,23.4,25.7,31,31,38,0,0,0,6,6,4,0,24,24,24,36,44,39,36,36,37,44.9,44.64,45.13,51,520,5.4,0,0,0
10.86,192,0.25,0.25,0.25,11,11,11,11.37,11.5,0.12,0.01,209.5,6.0,315,1,3,338,693,407,2,425,10.98,517.2,366,32.7,32.8,1.5,2.7,1526.6,0,16.02,12.6,35.1,33.4,34.3,31.9,34.9,35.3,31.3,29.7,59.4,58.9,30,36,23.4,25.7,35,36,38,0,0,0,6,6,4,0,24,24,24,36,44,39,36,36,37,44.89,44.65,45.13,51,520,5.3,0,0,0
12.41,0,0.25,0.25,0.25,12,11,11,13.01,15.3,0.04,0.05,209.6,7.8,317,1,3,495,696,599,0,623,12.5,671.5,474,30.3,30.7,1.4,2.7,2180.0,0,17.0,12.5,35.3,33.5,34.5,32.3,35.1,35.4,31.2,29.8,59.4,59.1,30,36,23.4,25.7,33,34,38,0,0,0,6,6,4,0,24,24,24,36,44,39,36,36,37,44.89,44.64,45.13,51,520,5.3,0,0,0
13.51,304,0.25,0.25,0.25,12,12,11,14.11,-5.8,0.1,0.03,209.9,7.7,310,1,3,645,697,780,5,813,13.65,810.1,567,30.0,31.2,1.4,2.7,2023.5,0,17.0,12.7,34.9,33.3,34.2,31.9,34.8,35.2,31.8,29.7,59.4,58.8,30,36,23.4,25.9,34,34,38,0,0,0,6,6,4,0,24,24,24,36,44,39,36,36,37,44.89,44.64,45.13,51,520,5.3,0,0,0
12.02,208,0.25,0.25,0.25,11,12,12,12.56,6.5,0.11,0.02,209.8,5.4,319,1,3,448,696,541,3,565,12.1,626.9,442,29.3,29.8,1.4,2.7,1802.0,0,16.87,12.4,35.2,33.5,34.5,32.3,35.1,35.5,31.5,29.9,59.4,59.0,30,36,23.4,25.7,32,32,38,0,0,0,6,6,4,0,24,24,24,36,44,39,36,36,37,44.89,44.65,45.13,51,520,5.2,0,0,0
11.53,136,0.25,0.25,0.25,11,11,11,12.0,-3.5,0.21,0.01,209.6,5.9,306,1,3,390,696,472,-5,494,11.62,565.6,404,30.5,31.6,1.4,2.7,1623.5,0,16.16,12.7,34.9,33.3,34.2,31.8,34.7,35.2,31.8,29.7,59.3,59.1,31,36,23.4,25.9,33,33,38,0,0,0,6,6,4,0,24,24,24,36,44,39,36,36,37,44.89,44.64,45.13,51,510,5.3,0,0,0
11.41,136,0.25,0.25,0.25,11,11,11,12.01,-2.9,0.07,0.01,209.9,7.0,306,1,3,382,693,460,1,480,11.54,555.1,399,30.6,31.7,1.4,2.7,1623.5,0,16.16,12.7,34.9,33.3,34.2,31.8,34.7,35.2,31.8,29.7,59.3,59.1,31,36,23.4,25.9,33,33,38,0,0,0,6,6,4,0,24,24,24,36,44,39,36,36,37,44.9,44.64,45.13,51,510,5.2,0,0,0
11.45,192,0.25,0.25,0.25,11,11,11,12.01,7.4,0.1,0.06,209.4,6.1,314,1,3,398,693,480,0,497,11.57,591.4,410,31.4,31.5,1.4,2.7,2180.0,0,17.0,12.5,35.3,33.6,34.5,32.3,35.2,35.5,31.0,29.8,59.3,58.9,31,36,23.4,25.7,34,35,37,0,0,0,6,6,4,0,24,24,24,36,44,39,36,36,37,44.9,44.64,45.13,52,510,5.3,0,0,0
10.76,192,0.25,0.25,0.25,11,11,11,11.27,18.4,0.07,0.06,209.2,5.4,311,1,3,332,693,399,-3,412,10.88,519.7,362,31.6,31.8,1.4,2.7,2159.8,0,16.97,12.5,35.4,33.6,34.5,32.2,35.1,35.5,31.2,29.8,59.4,59.0,30,36,23.4,25.7,34,35,38,0,0,0,6,6,4,0,24,24,24,36,44,39,36,36,37,44.9,44.64,45.13,51,520,5.3,0,0,0
10.7,192,0.25,0.25,0.25,11,11,11,11.18,15.4,0.09,0.01,209.7,5.6,313,1,3,321,694,387,2,401,10.81,506.2,356,32.9,32.8,1.5,2.8,1526.6,0,16.02,12.6,35.1,33.4,34.3,31.8,34.9,35.3,31.4,29.7,59.4,59.1,30,36,23.4,25.7,35,36,38,0,0,0,6,6,4,0,24,24,24,36,44,39,36,36,37,44.89,44.65,45.13,51,520,5.2,0,0,0
9.72,192,0.25,0.25,0.25,11,11,11,10.23,-6.4,0.14,0.07,209.5,4.3,322,1,3,240,692,288,5,302,9.79,411.4,292,31.9,32.0,1.4,2.7,1448.4,0,15.89,12.6,35.3,33.5,34.5,32.1,35.1,35.4,31.3,29.8,59.4,58.9,30,36,23.4,25.7,34,35,38,0,0,0,6,6,4,0,24,24,24,36,44,39,36,36,37,44.89,44.64,45.13,51,520,5.3,0,0,0
13.2,248,0.25,0.25,0.25,12,13,12,13.77,-8.6,0.1,0.01,209.6,7.5,310,1,3,593,696,716,-3,743,13.31,755.3,534,30.2,31.4,1.4,2.7,1623.5,0,16.16,12.7,34.9,33.3,34.2,31.9,34.8,35.2,31.7,29.7,59.3,58.8,29,36,23.4,25.9,33,34,38,0,0,0,6,6,4,0,24,24,24,36,44,39,36,36,37,44.89,44.64,45.13,51,520,5.4,0,0,0
13.56,232,0.25,0.25,0.25,11,11,12,14.15,-3.1,0.12,-0.02,209.6,6.2,309,1,3,643,697,777,0,803,13.65,806.1,566,29.9,31.1,1.4,2.7,2180.0,0,17.0,12.7,34.9,33.3,34.2,32.0,34.8,35.2,31.7,29.7,59.4,58.9,30,36,23.4,25.9,34,34,38,0,0,0,6,6,4,0,24,24,24,36,44,39,36,36,37,44.89,44.64,45.12,52,520,5.3,0,0,0
11.13,192,0.25,0.25,0.25,11,11,11,11.65,14.0,0.12,0.01,24.4,6.7,297,1,3,356,693,429,4,446,11.23,535.3,381,32.6,33.3,1.4,2.7,1882.6,0,16.55,12.6,35.0,33.3,34.3,31.7,34.8,35.2,31.4,29.7,59.3,59.0,29,36,23.4,25.8,35,36,38,0,0,0,6,6,4,1,24,24,24,36,44,39,36,36,37,44.89,44.64,45.13,51,520,5.2,0,0,0
11.84,128,0.25,0.25,0.25,11,11,11,12.41,8.5,0.14,0.02,209.8,5.3,320,1,3,433,694,522,3,541,11.94,616.3,434,29.8,30.3,1.4,2.7,2180.0,0,17.0,12.5,35.3,33.5,34.5,32.4,35.1,35.5,31.3,29.9,59.4,58.8,30,36,23.4,25.7,33,33,38,0,0,0,6,6,4,0,24,24,24,36,44,39,36,36,37,44.89,44.64,45.13,52,520,5.3,0,0,0
9.68,264,0.25,0.25,0.25,11,11,11,10.18,21.4,0.09,0.11,209.1,3.6,320,1,3,243,694,293,-3,310,9.83,427.3,296,29.6,30.9,1.4,2.7,2146.8,0,16.95,12.5,35.5,33.8,34.8,32.6,35.3,35.9,31.9,30.1,59.5,59.0,29,36,23.4,25.8,32,33,38,0,0,0,6,6,4,0,24,24,24,36,44,39,36,36,37,44.89,44.65,45.13,51,510,5.2,0,0,0
13.35,176,0.25,0.25,0.25,11,11,12,13.84,-6.2,0.08,0.01,209.6,6.7,310,1,3,608,697,735,7,757,13.42,770.3,545,30.2,31.5,1.4,2.7,1623.5,0,16.16,12.7,34.9,33.3,34.2,31.9,34.8,35.2,31.7,29.7,59.3,58.8,30,36,23.4,25.9,33,34,38,0,0,0,6,6,4,0,24,24,24,36,44,39,36,36,37,44.89,44.64,45.13,51,520,5.3,0,0,0
14.62,272,0.25,0.25,0.25,13,14,12,15.25,-12.0,0.17,0.07,209.7,6.5,314,1,3,844,697,1022,9,1058,14.87,976.8,677,29.1,30.3,1.4,2.7,2180.0,0,17.0,12.7,35.2,33.6,34.6,32.7,35.2,35.5,31.7,29.9,59.3,58.8,31,36,23.4,25.9,34,35,38,0,0,0,6,6,4,0,24,24,24,36,44,39,36,36,37,44.89,44.64,45.13,52,520,5.4,0,0,0
12.06,120,0.25,0.25,0.25,12,11,11,12.55,6.9,0.09,-0.04,209.7,6.2,321,1,3,459,693,553,8,575,12.15,642.9,451,29.9,30.1,1.4,2.7,2180.0,0,17.0,12.5,35.2,33.5,34.5,32.3,35.1,35.4,31.3,29.8,59.4,59.0,30,36,23.4,25.7,33,33,38,0,0,0,6,6,4,0,24,24,24,37,44,39,36,36,37,44.89,44.64,45.12,51,510,5.3,0,0,0
9.48,264,0.25,0.25,0.25,11,11,11,9.96,7.1,0.13,0.04,211.5,3.7,314,1,3,224,696,271,-6,280,9.59,391.0,278,29.1,30.3,1.4,2.7,1348.4,0,15.73,12.5,35.4,33.7,34.7,32.4,35.3,35.7,31.8,30.1,59.5,59.0,30,36,23.4,25.7,31,32,38,0,0,0,6,6,4,0,24,24,24,37,44,39,36,36,37,44.9,44.64,45.13,51,510,5.3,0,0,0
11.75,264,0.25,0.25,0.25,11,12,12,12.23,7.8,0.09,0.01,209.8,5.6,319,1,3,415,696,502,1,520,11.84,588.6,419,29.1,29.6,1.4,2.7,1402.0,0,15.82,12.5,35.3,33.6,34.5,32.3,35.1,35.5,31.6,29.9,59.4,59.1,30,36,23.4,25.7,31,32,38,0,0,0,6,6,4,0,24,24,24,36,44,39,36,36,37,44.89,44.64,45.13,51,520,5.3,0,0,0
12.3,48,0.25,0.25,0.25,11,12,12,12.85,-3.6,0.1,0.06,209.6,6.5,324,1,3,492,695,594,5,613,12.46,669.3,469,29.5,29.9,1.5,2.7,2180.0,0,17.0,12.5,35.2,33.5,34.5,32.4,35.1,35.4,31.4,29.9,59.4,59.0,31,36,23.4,25.7,33,33,38,0,0,0,6,6,4,0,24,24,24,36,44,39,36,36,37,44.89,44.64,45.13,51,520,5.4,0,0,0
9.42,264,0.25,0.25,0.25,11,11,11,9.85,-2.3,0.02,0.02,210.4,4.4,319,1,3,211,695,255,-6,264,9.44,378.0,270,28.9,30.0,1.4,2.7,1348.4,0,15.73,12.5,35.4,33.7,34.6,32.6,35.2,35.6,31.8,30.0,59.5,58.8,30,36,23.4,25.7,31,31,38,0,0,0,6,6,4,0,24,24,24,36,44,39,36,36,37,44.89,44.65,45.13,51,520,5.3,0,0,0
13.41,288,0.25,0.25,0.25,11,12,13,14.04,3.8,0.12,0.07,209.6,5.7,306,1,3,626,695,755,4,784,13.53,795.1,557,29.7,30.9,1.4,2.7,2180.0,0,17.0,12.7,34.9,33.3,34.3,32.1,34.8,35.2,31.7,29.7,59.3,59.1,30,36,23.4,25.9,33,34,38,0,0,0,6,6,4,0,24,24,24,36,44,39,36,36,37,44.9,44.64,45.13,51,510,5.3,0,0,0
12.47,216,0.25,0.25,0.25,12,11,11,13.07,-4.4,0.05,0.03,210.4,6.8,303,1,3,509,695,614,3,640,12.63,683.8,483,31.8,32.7,1.4,2.7,2180.0,0,17.0,12.7,35.0,33.3,34.2,31.7,34.8,35.2,31.6,29.7,59.4,58.9,30,36,23.4,25.9,35,35,38,0,0,0,6,6,4,0,24,24,24,36,44,39,36,36,37,44.89,44.64,45.13,51,510,5.2,0,0,0
11.73,128,0.25,0.25,0.25,11,11,12,12.2,7.8,0.11,0.07,209.6,6.0,319,1,3,422,694,508,4,525,11.82,605.0,424,30.1,30.2,1.4,2.7,2180.0,0,17.0,12.5,35.3,33.5,34.5,32.3,35.1,35.4,31.3,29.9,59.4,58.8,30,36,23.4,25.7,33,33,38,0,0,0,6,6,4,0,24,24,24,36,44,39,36,36,37,44.89,44.64,45.12,51,520,5.3,0,0,0
11.62,136,0.25,0.25,0.25,11,11,12,12.15,-8.5,0.04,0.05,209.9,7.6,308,1,3,404,693,486,5,502,11.73,574.9,412,30.6,31.5,1.4,2.7,1623.5,0,16.16,12.7,34.9,33.3,34.2,31.8,34.8,35.2,31.8,29.7,59.3,59.1,29,36,23.4,25.9,33,33,38,0,0,0,6,6,4,0,24,24,24,36,44,39,36,36,37,44.89,44.64,45.13,51,520,5.4,0,0,0
11.94,288,0.25,0.25,0.25,11,12,12,12.51,-0.2,0.12,0.07,209.4,8.1,322,1,3,447,696,540,5,554,12.09,624.7,441,30.1,30.4,1.4,2.7,2180.0,0,17.0,12.5,35.3,33.5,34.5,32.3,35.1,35.4,31.2,29.8,59.4,58.9,29,36,23.4,25.7,33,34,37,0,0,0,6,6,4,0,24,24,24,36,44,39,36,36,37,44.89,44.64,45.13,51,520,5.4,0,0,0
9.29,264,0.25,0.25,0.25,11,11,11,9.8,26.5,0.11,0.01,55.2,4.9,315,1,3,210,694,253,-2,264,9.4,377.3,267,29.5,30.7,1.4,2.7,2146.8,0,16.95,12.4,35.5,33.8,34.8,32.6,35.3,35.8,31.9,30.1,59.6,59.1,30,36,23.4,25.8,32,32,38,0,0,0,6,6,4,0,24,24,24,36,44,39,36,36,37,44.9,44.64,45.13,51,510,5.2,0,0,0
13.14,88,0.25,0.25,0.25,12,12,11,13.66,-8.2,0.12,0.02,209.7,6.5,310,1,3,584,696,705,5,733,13.26,744.2,530,30.4,31.4,1.4,2.7,1623.5,0,16.16,12.7,34.9,33.3,34.2,31.9,34.8,35.2,31.8,29.7,59.3,58.9,30,36,23.4,25.9,33,34,38,0,0,0,6,6,4,0,24,24,24,36,44,39,36,36,37,44.9,44.64,45.13,51,520,5.4,0,0,0
11.08,136,0.25,0.25,0.25,11,11,11,11.57,4.1,0.12,0.01,210.0,4.8,303,1,3,360,695,434,-5,451,11.19,553.5,385,31.1,32.3,1.4,2.7,2180.0,0,17.0,12.7,34.9,33.3,34.2,31.7,34.8,35.2,31.7,29.7,59.3,58.9,30,36,23.4,25.9,34,34,38,0,0,0,6,6,4,0,24,24,24,36,44,39,36,36,37,44.89,44.65,45.13,51,520,5.3,0,0,0
12.32,72,0.25,0.25,0.25,11,11,12,12.84,14.0,0.16,0.04,209.6,7.2,318,1,3,485,696,585,4,602,12.43,658.9,464,30.2,30.6,1.4,2.7,2180.0,0,17.0,12.5,35.3,33.5,34.5,32.4,35.1,35.4,31.2,29.8,59.4,59.1,30,36,23.4,25.7,33,34,38,0,0,0,6,6,4,0,24,24,24,36,44,39,36,36,37,44.9,44.64,45.13,51,510,5.3,0,0,0
10.89,136,0.25,0.25,0.25,11,11,11,11.39,4.4,0.14,0.02,210.0,4.6,303,1,3,341,693,410,-4,428,11.02,534.7,370,31.1,32.1,1.4,2.7,2180.0,0,17.0,12.7,34.9,33.3,34.2,31.8,34.8,35.2,31.7,29.7,59.3,58.8,30,36,23.4,25.9,34,34,38,0,0,0,6,6,4,0,24,24,24,36,44,39,36,36,37,44.9,44.64,45.13,51,520,5.2,0,0,0
12.34,352,0.25,0.25,0.25,11,12,12,12.89,-1.1,0.1,0.03,209.7,8.3,322,1,3,484,695,584,3,607,12.43,660.1,467,29.3,29.8,1.4,2.7,2096.6,0,16.87,12.4,35.2,33.5,34.5,32.2,35.1,35.5,31.4,29.9,59.4,58.8,31,36,23.4,25.7,32,32,38,0,0,0,6,6,4,0,24,24,24,36,44,39,36,36,37,44.9,44.65,45.13,51,520,5.3,0,0,0
10.55,264,0.25,0.25,0.25,11,11,11,10.98,2.0,0.09,0.0,210.1,6.0,320,1,3,302,695,365,0,378,10.66,478.7,342,28.9,29.7,1.4,2.7,1402.0,0,15.82,12.5,35.3,33.6,34.6,32.4,35.2,35.6,31.7,30.0,59.5,59.0,31,35,23.4,25.7,31,31,38,0,0,0,6,6,4,0,24,24,24,36,44,39,35,35,37,44.9,44.64,45.13,52,520,5.2,0,0,0
9.66,192,0.25,0.25,0.25,11,11,11,10.13,-6.6,0.12,0.1,209.5,5.7,322,1,3,242,691,291,4,298,9.79,411.6,290,32.0,32.1,1.5,2.7,1448.4,0,15.89,12.6,35.3,33.5,34.5,32.1,35.1,35.4,31.3,29.8,59.4,58.9,29,36,23.4,25.7,34,35,38,0,0,0,6,6,4,0,24,24,24,36,44,39,36,36,37,44.89,44.64,45.13,51,520,5.3,0,0,0
10.23,192,0.25,0.25,0.25,11,11,11,10.75,19.0,0.03,0.03,209.6,6.9,314,1,3,275,693,331,-4,344,10.33,449.9,322,32.6,32.6,1.5,2.7,1329.9,0,15.7,12.6,35.2,33.4,34.4,31.9,34.9,35.3,31.3,29.7,59.4,58.9,31,36,23.4,25.7,35,35,38,0,0,0,6,6,4,0,24,24,24,36,44,39,36,36,37,44.89,44.64,45.13,51,510,5.3,0,0,0
11.19,136,0.25,0.25,0.25,11,11,11,11.8,3.5,0.12,0.01,210.1,4.6,303,1,3,373,693,449,-5,467,11.27,562.4,391,31.2,32.3,1.4,2.7,2180.0,0,17.0,12.7,34.9,33.3,34.2,31.7,34.8,35.2,31.7,29.7,59.3,58.9,29,36,23.4,25.9,34,34,38,0,0,0,6,6,4,0,24,24,24,36,44,39,36,36,37,44.89,44.65,45.13,52,510,5.4,0,0,0
12.22,64,0.25,0.25,0.25,12,12,11,12.7,3.1,0.14,0.06,209.7,8.0,321,1,3,474,695,572,2,596,12.35,654.7,463,29.1,29.7,1.4,2.7,2096.6,0,16.87,12.4,35.2,33.5,34.5,32.2,35.1,35.5,31.4,29.9,59.4,58.8,30,36,23.4,25.7,32,32,38,0,0,0,6,6,4,0,24,24,24,37,44,39,36,36,37,44.9,44.65,45.13,51,520,5.2,0,0,0
11.01,192,0.25,0.25,0.25,11,11,11,11.48,13.5,0.12,-0.04,24.6,6.1,302,1,3,352,692,423,0,440,11.1,532.4,375,33.0,33.1,1.4,2.7,1805.1,0,16.44,12.6,35.0,33.4,34.3,31.6,34.8,35.2,31.4,29.7,59.3,59.0,30,36,23.4,25.8,35,36,38,0,0,0,6,6,4,1,24,24,24,36,44,39,36,36,37,44.89,44.65,45.13,51,520,5.2,0,0,0
10.9,192,0.25,0.25,0.25,11,11,11,11.41,17.2,0.07,-0.04,209.4,5.4,312,1,3,344,694,416,0,434,11.03,535.1,373,31.6,31.8,1.4,2.7,2159.8,0,16.97,12.5,35.4,33.6,34.5,32.2,35.1,35.5,31.3,29.8,59.4,59.0,30,36,23.4,25.7,34,35,38,0,0,0,6,6,4,0,24,24,24,36,44,39,36,36,37,44.9,44.65,45.13,52,510,5.4,0,0,0
9.94,192,0.25,0.25,0.25,11,11,11,10.46,10.6,0.12,0.01,209.6,5.7,318,1,3,255,692,307,-1,318,10.05,434.2,306,32.7,32.6,1.5,2.8,1329.9,0,15.7,12.6,35.2,33.4,34.4,31.9,35.0,35.3,31.3,29.7,59.4,58.9,31,36,23.4,25.7,35,35,37,0,0,0,6,6,4,0,24,24,24,36,44,39,36,36,37,44.9,44.64,45.13,51,510,5.3,0,0,0
9.34,264,0.25,0.25,0.25,11,11,11,9.82,21.0,0.16,0.05,24.2,3.7,313,1,3,207,694,250,-7,261,9.36,376.4,268,29.3,30.6,1.4,2.7,1946.8,0,15.73,12.4,35.5,33.8,34.8,32.5,35.3,35.7,31.7,30.1,59.5,59.1,30,36,23.4,25.7,31,32,38,0,0,0,6,6,4,1,24,24,24,36,44,39,36,36,37,44.89,44.65,45.13,51,510,5.2,0,0,0
10.49,192,0.25,0.25,0.25,11,11,11,11.05,16.1,0.12,0.02,209.6,4.7,311,1,3,307,693,370,-3,383,10.6,499.4,347,31.7,31.8,1.4,2.7,2159.8,0,16.97,12.5,35.3,33.5,34.5,32.2,35.1,35.5,31.2,29.8,59.4,59.0,30,36,23.4,25.7,34,35,37,0,0,0,6,6,4,0,24,24,24,36,44,39,36,36,37,44.9,44.64,45.13,51,510,5.3,0,0,0
10.34,136,0.25,0.25,0.25,11,11,11,10.78,5.1,0.09,0.02,209.9,5.6,303,1,3,292,695,352,2,361,10.44,469.5,332,30.9,31.9,1.4,2.7,2180.0,0,17.0,12.7,34.9,33.3,34.2,31.8,34.8,35.2,31.7,29.7,59.3,58.9,30,36,23.4,25.9,33,34,38,0,0,0,6,6,4,0,24,24,24,36,44,39,36,36,37,44.89,44.64,45.13,51,520,5.3,0,0,0
9.29,264,0.25,0.25,0.25,11,11,11,9.75,19.7,0.12,0.11,209.1,4.4,318,1,3,209,695,253,-3,261,9.37,381.8,268,29.6,30.7,1.4,2.7,2146.8,0,16.95,12.5,35.5,33.8,34.8,32.6,35.3,35.8,31.9,30.1,59.5,59.0,31,36,23.4,25.8,32,33,38,0,0,0,6,6,4,0,24,24,24,36,44,39,36,36,37,44.89,44.64,45.13,51,520,5.4,0,0,0
10.76,192,0.25,0.25,0.25,11,11,11,11.34,17.0,0.12,0.01,209.3,5.9,313,1,3,327,694,395,5,408,10.88,512.8,362,32.9,32.8,1.5,2.8,1526.6,0,16.02,12.6,35.1,33.4,34.3,31.9,34.9,35.3,31.4,29.7,59.4,59.0,30,36,23.4,25.7,35,36,38,0,0,0,6,6,4,0,24,24,24,36,44,39,36,36,37,44.9,44.64,45.13,52,510,5.3,0,0,0
13.98,0,0.25,0.25,0.25,12,12,13,14.54,-4.3,0.13,-0.01,210.0,7.9,307,1,3,699,696,843,-9,871,14.01,916.4,593,29.4,30.6,1.4,2.7,2180.0,0,17.0,12.7,35.0,33.4,34.3,32.2,34.9,35.3,31.7,29.7,59.3,58.8,31,36,23.4,25.9,33,34,38,0,0,0,6,6,4,0,24,24,24,36,44,39,36,36,37,44.9,44.64,45.13,52,520,5.3,0,0,0
9.5,264,0.25,0.25,0.25,11,11,11,10.02,6.6,0.1,0.04,211.5,3.3,314,1,3,220,694,266,-3,279,9.58,389.4,277,29.1,30.3,1.4,2.7,1348.4,0,15.73,12.5,35.5,33.8,34.7,32.4,35.3,35.7,31.7,30.1,59.5,59.0,31,35,23.4,25.7,31,32,38,0,0,0,6,6,4,0,24,24,24,36,44,39,35,35,37,44.9,44.64,45.13,51,520,5.3,0,0,0
11.95,32,0.25,0.25,0.25,11,11,12,12.48,5.5,0.06,-0.02,209.8,5.3,321,1,3,442,697,534,-2,554,12.03,627.9,439,29.8,30.2,1.4,2.7,2180.0,0,17.0,12.5,35.3,33.5,34.5,32.4,35.1,35.4,31.3,29.8,59.4,58.9,30,36,23.4,25.7,33,33,38,0,0,0,6,6,4,0,24,24,24,36,44,39,36,36,37,44.89,44.64,45.13,52,520,5.4,0,0,0
9.25,264,0.25,0.25,0.25,11,11,11,9.73,-0.9,0.14,0.01,210.7,3.9,318,1,3,206,694,249,-5,257,9.33,369.7,263,29.0,30.0,1.4,2.7,1348.4,0,15.73,12.5,35.4,33.7,34.6,32.5,35.2,35.7,31.8,30.0,59.5,58.9,30,35,23.4,25.7,31,31,38,0,0,0,6,6,4,0,24,24,24,37,44,39,35,35,37,44.9,44.64,45.13,51,510,5.2,0,0,0
10.81,192,0.25,0.25,0.25,11,11,11,11.38,18.0,0.21,0.03,209.8,5.1,311,1,3,333,693,401,1,419,10.94,526.6,366,31.6,31.8,1.4,2.7,2159.8,0,16.97,12.5,35.4,33.6,34.5,32.2,35.1,35.5,31.2,29.8,59.4,59.0,31,36,23.4,25.7,34,35,38,0,0,0,6,6,4,0,24,24,24,36,44,39,36,36,37,44.9,44.64,45.13,51,520,5.4,0,0,0
10.69,192,0.25,0.25,0.25,11,11,11,11.21,12.4,0.14,0.03,209.4,5.7,314,1,3,321,693,386,3,396,10.83,504.1,355,32.8,32.9,1.5,2.7,1526.6,0,16.02,12.6,35.1,33.4,34.3,31.8,34.9,35.3,31.4,29.7,59.4,59.0,30,36,23.4,25.7,35,36,38,0,0,0,6,6,4,0,24,24,24,36,44,39,36,36,37,44.89,44.65,45.13,51,510,5.4,0,0,0
13.41,232,0.25,0.25,0.25,12,12,11,14.01,4.9,0.09,0.01,209.8,7.2,305,1,3,633,697,765,-2,800,13.53,798.3,559,29.6,30.8,1.4,2.7,2180.0,0,17.0,12.7,34.9,33.3,34.3,32.1,34.8,35.2,31.7,29.7,59.3,59.1,31,36,23.4,25.9,33,34,38,0,0,0,6,6,4,0,24,24,24,36,44,39,36,36,37,44.9,44.64,45.13,52,520,5.4,0,0,0
9.94,192,0.25,0.25,0.25,11,11,11,10.4,12.7,0.07,0.01,209.5,5.1,317,1,3,262,692,315,1,321,10.02,433.0,307,32.5,32.6,1.4,2.7,1329.9,0,15.7,12.6,35.1,33.4,34.4,32.0,35.0,35.3,31.3,29.7,59.4,58.9,30,36,23.4,25.7,35,35,37,0,0,0,6,6,4,0,24,24,24,36,44,39,36,36,37,44.9,44.64,45.12,51,510,5.3,0,0,0
9.64,192,0.25,0.25,0.25,11,11,11,10.18,4.6,0.12,0.01,209.5,4.8,320,1,3,237,692,285,4,293,9.74,405.0,288,32.2,32.2,1.4,2.7,1448.4,0,15.89,12.6,35.2,33.5,34.5,32.1,35.1,35.4,31.4,29.8,59.4,59.0,30,36,23.4,25.7,34,35,38,0,0,0,6,6,4,0,24,24,24,36,44,39,36,36,37,44.9,44.64,45.13,51,510,5.2,0,0,0
10.9,192,0.25,0.25,0.25,11,11,11,11.37,18.5,0.17,0.07,24.4,5.4,306,1,3,338,692,406,2,423,11.02,520.6,368,33.2,33.0,1.5,2.8,1805.1,0,16.44,12.6,35.0,33.4,34.3,31.8,34.8,35.3,31.3,29.7,59.4,58.9,31,36,23.4,25.8,35,36,38,0,0,0,6,6,4,1,24,24,24,36,44,39,36,36,37,44.89,44.64,45.13,51,520,5.4,0,0,0
10.94,264,0.25,0.25,0.25,11,11,11,11.38,2.7,0.1,0.04,209.9,6.2,321,1,3,330,696,399,-4,416,11.0,504.9,363,28.9,29.7,1.4,2.7,1402.0,0,15.82,12.4,35.3,33.6,34.6,32.4,35.2,35.6,31.6,30.0,59.5,59.1,30,36,23.4,25.7,31,32,38,0,0,0,6,6,4,0,24,24,24,36,44,39,36,36,37,44.9,44.65,45.13,51,520,5.2,0,0,0
12.05,344,0.25,0.25,0.25,11,11,12,12.5,20.5,0.14,0.01,209.6,7.3,310,1,3,448,693,539,1,559,12.09,625.5,442,31.0,31.1,1.4,2.7,2180.0,0,17.0,12.5,35.3,33.6,34.5,32.3,35.1,35.5,31.2,29.8,59.4,58.9,30,36,23.4,25.7,34,35,37,0,0,0,6,6,4,0,24,24,24,36,44,39,36,36,37,44.89,44.64,45.13,51,520,5.4,0,0,0
10.36,136,0.25,0.25,0.25,11,11,11,10.83,-0.9,0.12,0.02,210.2,5.1,305,1,3,292,695,352,3,368,10.5,477.1,333,31.0,31.9,1.4,2.7,2180.0,0,17.0,12.7,34.9,33.3,34.2,31.8,34.8,35.2,31.7,29.7,59.4,58.9,30,36,23.4,25.9,33,34,38,0,0,0,6,6,4,0,24,24,24,36,44,39,36,36,37,44.9,44.64,45.13,51,510,5.2,0,0,0
10.29,192,0.25,0.25,0.25,11,11,11,10.75,10.6,0.12,0.01,209.6,4.6,313,1,3,282,693,340,-3,355,10.34,472.5,329,31.7,31.8,1.5,2.7,2159.8,0,16.97,12.5,35.3,33.5,34.5,32.2,35.1,35.5,31.2,29.8,59.4,59.0,30,36,23.4,25.7,34,35,37,0,0,0,6,6,4,0,24,24,24,36,44,39,36,36,37,44.9,44.64,45.13,51,520,5.3,0,0,0
11.03,192,0.25,0.25,0.25,11,11,11,11.6,19.1,0.12,-0.02,24.5,6.8,304,1,3,349,693,421,7,437,11.13,531.9,378,33.0,33.1,1.5,2.7,1805.1,0,16.44,12.6,35.0,33.4,34.3,31.8,34.8,35.3,31.4,29.7,59.4,58.9,30,36,23.4,25.7,35,36,38,0,0,0,6,6,4,1,24,24,24,36,44,39,36,36,37,44.9,44.64,45.13,51,520,5.3,0,0,0
12.29,184,0.25,0.25,0.25,11,12,12,12.84,12.2,0.14,-0.02,209.7,6.7,312,1,3,486,695,584,1,607,12.44,661.6,467,30.9,31.2,1.5,2.7,2180.0,0,17.0,12.5,35.3,33.6,34.5,32.3,35.2,35.5,31.2,29.8,59.4,59.0,30,36,23.4,25.7,34,34,37,0,0,0,6,6,4,0,24,24,24,36,44,39,36,36,37,44.89,44.64,45.13,52,520,5.4,0,0,0
10.76,136,0.25,0.25,0.25,11,11,11,11.27,-3.6,0.03,0.02,210.0,4.7,306,1,3,319,695,385,3,401,10.83,491.0,352,30.6,31.8,1.4,2.7,2180.0,0,17.0,12.7,34.9,33.3,34.2,31.8,34.8,35.2,31.7,29.7,59.3,59.0,29,36,23.4,25.9,33,34,38,0,0,0,6,6,4,0,24,24,24,36,44,39,36,36,37,44.9,44.64,45.13,51,520,5.2,0,0,0
13.58,304,0.25,0.25,0.25,11,12,12,14.0,4.8,0.12,0.04,209.6,8.6,305,1,3,639,696,771,-5,799,13.62,796.5,562,29.6,30.8,1.4,2.7,2180.0,0,17.0,12.7,34.9,33.3,34.3,32.2,34.8,35.3,31.8,29.7,59.3,59.0,31,36,23.4,25.9,33,34,38,0,0,0,6,6,4,0,24,24,24,36,44,39,36,36,37,44.89,44.64,45.13,51,520,5.4,0,0,0
12.7,232,0.25,0.25,0.25,12,12,11,13.26,-12.2,0.18,0.01,209.9,8.2,311,1,3,524,696,633,-8,660,12.8,693.1,495,30.3,31.4,1.4,2.7,1623.5,0,16.16,12.7,34.9,33.2,34.2,31.9,34.8,35.2,31.9,29.7,59.3,59.0,30,36,23.4,25.9,33,33,38,0,0,0,6,6,4,0,24,24,24,36,44,39,36,36,37,44.9,44.64,45.13,51,520,5.3,0,0,0
9.38,264,0.25,0.25,0.25,11,11,11,9.82,6.6,0.09,0.05,24.4,4.9,317,1,3,213,696,257,1,270,9.47,381.3,271,29.3,30.4,1.4,2.7,1446.8,0,15.73,12.5,35.5,33.8,34.7,32.4,35.3,35.7,31.8,30.1,59.5,59.1,29,36,23.4,25.7,31,32,38,0,0,0,6,6,4,1,24,24,24,36,44,39,36,36,37,44.89,44.64,45.13,51,520,5.3,0,0,0
9.84,192,0.25,0.25,0.25,11,11,11,10.43,7.9,0.14,0.1,209.8,3.9,314,1,3,256,693,308,1,316,9.96,435.3,303,31.7,31.9,1.4,2.7,2159.8,0,16.97,12.5,35.3,33.5,34.5,32.1,35.1,35.5,31.3,29.8,59.4,59.0,30,36,23.4,25.7,34,35,37,0,0,0,6,6,4,0,24,24,24,36,44,39,36,36,37,44.89,44.64,45.13,51,520,5.3,0,0,0
10.82,192,0.25,0.25,0.25,11,11,11,11.36,13.2,0.12,0.01,209.4,5.5,314,1,3,333,695,402,0,414,10.95,518.8,365,32.8,32.8,1.4,2.8,1526.6,0,16.02,12.6,35.1,33.4,34.3,31.9,34.9,35.3,31.3,29.7,59.4,58.9,30,36,23.4,25.7,35,36,38,0,0,0,6,6,4,0,24,24,24,36,44,39,36,36,37,44.89,44.65,45.13,51,520,5.3,0,0,0
9.23,264,0.25,0.25,0.25,11,11,11,9.69,5.3,0.09,0.08,210.7,3.5,315,1,3,206,694,248,3,261,9.3,375.8,266,29.0,30.2,1.4,2.7,1348.4,0,15.73,12.5,35.4,33.7,34.7,32.5,35.2,35.7,31.7,30.0,59.5,58.9,30,35,23.4,25.7,31,31,38,0,0,0,6,6,4,0,24,24,24,36,44,39,35,35,37,44.9,44.64,45.13,51,520,5.2,0,0,0
12.29,216,0.25,0.25,0.25,11,11,11,12.84,15.4,0.12,0.07,209.6,5.4,315,1,3,487,696,588,0,604,12.38,666.6,469,30.4,30.6,1.5,2.7,2180.0,0,17.0,12.5,35.3,33.5,34.5,32.4,35.1,35.5,31.2,29.8,59.3,59.0,30,36,23.4,25.7,33,34,38,0,0,0,6,6,4,0,24,24,24,37,44,39,36,36,37,44.9,44.64,45.13,52,520,5.3,0,0,0
10.82,192,0.25,0.25,0.25,11,11,11,11.27,12.7,0.12,0.04,24.6,6.0,310,1,3,327,694,394,4,411,10.94,510.5,360,33.1,33.1,1.4,2.7,1805.1,0,16.44,12.6,35.1,33.4,34.3,31.8,34.9,35.3,31.4,29.7,59.3,58.8,30,36,23.4,25.8,35,36,38,0,0,0,6,6,4,1,24,24,24,36,44,39,36,36,37,44.9,44.64,45.13,51,520,5.3,0,0,0
11.88,192,0.25,0.25,0.25,12,11,11,12.44,3.9,0.14,0.02,24.9,6.1,296,1,3,431,695,520,2,546,11.99,614.1,435,32.4,33.1,1.4,2.7,1882.6,0,16.55,12.7,35.0,33.3,34.2,31.7,34.8,35.2,31.5,29.7,59.3,58.8,31,36,23.4,25.8,35,35,38,0,0,0,6,6,4,1,24,24,24,36,44,39,36,36,37,44.89,44.64,45.13,51,520,5.3,0,0,0
12.46,144,0.25,0.25,0.25,11,12,12,13.04,-7.5,0.08,0.01,210.5,7.0,304,1,3,506,694,610,1,629,12.59,684.8,480,31.7,32.8,1.4,2.7,2180.0,0,17.0,12.7,35.0,33.3,34.2,31.6,34.8,35.2,31.6,29.7,59.4,59.0,29,36,23.4,25.9,35,35,38,0,0,0,6,6,4,0,24,24,24,36,44,39,36,36,37,44.89,44.64,45.13,51,520,5.4,0,0,0
10.86,192,0.25,0.25,0.25,11,11,11,11.37,10.9,0.09,0.02,209.3,6.3,315,1,3,332,695,400,0,419,10.95,511.5,363,32.9,32.8,1.4,2.7,1526.6,0,16.02,12.6,35.1,33.4,34.3,31.9,34.9,35.3,31.4,29.7,59.4,58.9,30,36,23.4,25.7,35,35,38,0,0,0,6,6,4,0,24,24,24,36,44,39,36,36,37,44.89,44.64,45.13,51,510,5.3,0,0,0
9.75,192,0.25,0.25,0.25,11,11,11,10.22,-6.0,0.12,0.06,209.5,3.6,321,1,3,237,693,285,3,295,9.77,408.8,291,32.1,32.0,1.4,2.7,1448.4,0,15.89,12.6,35.3,33.5,34.5,32.1,35.1,35.4,31.3,29.8,59.4,58.9,29,36,23.4,25.7,34,35,38,0,0,0,6,6,4,0,24,24,24,36,44,39,36,36,37,44.89,44.64,45.13,51,510,5.2,0,0,0
12.49,304,0.25,0.25,0.25,11,11,12,13.05,-13.3,0.11,0.05,209.7,6.9,311,1,3,487,696,589,-1,613,12.55,654.3,471,30.5,31.6,1.5,2.8,1623.5,0,16.16,12.7,34.9,33.3,34.2,31.9,34.8,35.2,31.8,29.7,59.3,59.0,31,36,23.4,25.9,33,33,38,0,0,0,6,6,4,0,24,24,24,36,44,39,36,36,37,44.9,44.64,45.13,51,520,5.3,0,0,0
11.74,192,0.25,0.25,0.25,11,11,12,12.22,8.9,0.12,0.07,209.6,6.1,313,1,3,424,693,511,0,526,11.81,613.2,427,31.1,31.4,1.4,2.7,2180.0,0,17.0,12.5,35.4,33.6,34.5,32.3,35.2,35.5,31.1,29.8,59.3,58.9,30,36,23.4,25.7,34,35,37,0,0,0,6,6,4,0,24,24,24,37,44,39,36,36,37,44.89,44.64,45.13,51,520,5.3,0,0,0
11.19,264,0.25,0.25,0.25,11,11,11,11.71,6.5,0.14,0.05,209.8,6.6,320,1,3,358,696,433,-5,449,11.29,535.6,382,29.2,29.8,1.4,2.7,1402.0,0,15.82,12.5,35.3,33.6,34.6,32.5,35.2,35.5,31.7,30.0,59.5,59.1,30,36,23.4,25.7,31,32,38,0,0,0,6,6,4,0,24,24,24,36,44,39,36,36,37,44.89,44.64,45.13,51,510,5.3,0,0,0
13.51,160,0.25,0.25,0.25,12,12,11,14.13,-5.6,0.14,0.04,209.8,7.8,310,1,3,647,695,780,2,808,13.63,806.5,568,30.0,31.1,1.5,2.7,1923.5,0,17.0,12.7,34.9,33.3,34.2,31.9,34.8,35.2,31.9,29.7,59.4,58.7,30,36,23.4,25.9,33,34,38,0,0,0,6,6,4,0,24,24,24,36,44,39,36,36,37,44.89,44.64,45.13,52,510,5.4,0,0,0
9.43,264,0.25,0.25,0.25,11,11,11,9.92,3.5,0.15,0.1,24.6,4.7,316,1,3,219,694,265,-2,274,9.5,386.6,276,29.3,30.4,1.4,2.7,1348.4,0,15.73,12.5,35.5,33.8,34.7,32.4,35.3,35.7,31.7,30.1,59.5,59.1,30,36,23.4,25.7,31,32,38,0,0,0,6,6,4,1,24,24,24,36,44,39,36,36,37,44.9,44.64,45.13,51,510,5.2,0,0,0
10.98,192,0.25,0.25,0.25,11,11,11,11.6,14.9,0.12,0.05,24.4,5.8,302,1,3,347,693,419,0,436,11.14,534.9,376,33.0,33.2,1.5,2.7,1805.1,0,16.44,12.6,35.0,33.4,34.3,31.7,34.8,35.2,31.4,29.7,59.3,59.0,30,36,23.4,25.8,35,36,38,0,0,0,6,6,4,1,24,24,24,36,44,39,36,36,37,44.89,44.65,45.13,51,510,5.3,0,0,0
12.15,344,0.25,0.25,0.25,12,11,11,12.63,15.5,0.04,0.04,209.9,7.2,313,1,3,474,695,571,-2,588,12.26,653.5,458,30.7,30.8,1.4,2.7,2180.0,0,17.0,12.5,35.3,33.5,34.5,32.3,35.2,35.5,31.2,29.8,59.3,58.8,29,36,23.4,25.7,34,34,38,0,0,0,6,6,4,0,24,24,24,36,44,40,36,36,37,44.89,44.64,45.13,51,520,5.4,0,0,0
9.71,192,0.25,0.25,0.25,11,11,11,10.13,0.1,0.12,0.01,209.4,4.7,321,1,3,237,692,286,1,297,9.78,409.3,291,32.1,32.1,1.4,2.7,1448.4,0,15.89,12.6,35.3,33.5,34.5,32.1,35.1,35.4,31.3,29.8,59.4,58.9,30,36,23.4,25.7,34,35,38,0,0,0,6,6,4,0,24,24,24,36,44,39,36,36,37,44.89,44.64,45.13,51,520,5.3,0,0,0
11.81,128,0.25,0.25,0.25,11,11,12,12.42,2.8,0.07,-0.03,209.7,7.2,320,1,3,427,695,515,2,536,11.95,609.7,429,30.2,30.4,1.5,2.7,2180.0,0,17.0,12.5,35.3,33.5,34.5,32.3,35.1,35.4,31.3,29.8,59.4,58.9,31,36,23.4,25.7,33,34,37,0,0,0,6,6,4,0,24,24,24,36,44,39,36,36,37,44.89,44.64,45.13,51,520,5.3,0,0,0
11.24,136,0.25,0.25,0.25,11,11,11,11.76,2.1,0.16,0.01,210.0,5.0,304,1,3,377,695,455,1,470,11.37,568.2,396,31.1,32.3,1.5,2.7,2180.0,0,17.0,12.7,34.9,33.3,34.2,31.7,34.8,35.2,31.7,29.7,59.3,58.9,30,36,23.4,25.9,34,34,38,0,0,0,6,6,4,0,24,24,24,36,44,39,36,36,37,44.89,44.65,45.13,52,510,5.3,0,0,0
9.78,264,0.25,0.25,0.25,11,11,11,10.16,-1.0,0.2,0.01,210.2,4.9,320,1,3,231,693,278,4,287,9.76,396.8,287,28.8,30.0,1.4,2.7,1402.0,0,15.82,12.5,35.4,33.7,34.6,32.6,35.2,35.6,31.7,30.0,59.5,58.9,30,36,23.4,25.7,31,31,38,0,0,0,6,6,4,0,24,24,24,37,44,39,36,36,37,44.9,44.65,45.13,51,520,5.2,0,0,0
11.5,192,0.25,0.25,0.25,12,11,11,12.23,7.4,0.15,0.0,209.4,5.1,314,1,3,409,694,493,0,512,11.67,601.5,419,31.1,31.5,1.4,2.8,2180.0,0,17.0,12.5,35.4,33.6,34.5,32.3,35.2,35.5,31.0,29.8,59.3,58.9,29,36,23.4,25.7,34,35,37,0,0,0,6,6,4,0,24,24,24,36,44,39,36,36,37,44.9,44.64,45.13,51,510,5.4,0,0,0
13.07,304,0.25,0.25,0.25,12,11,12,13.57,-9.6,0.17,0.01,209.7,7.7,310,1,3,570,696,689,5,708,13.14,730.7,521,30.4,31.6,1.4,2.7,1623.5,0,16.16,12.7,34.9,33.3,34.2,31.9,34.8,35.2,31.8,29.7,59.3,58.9,30,36,23.4,25.9,33,33,38,0,0,0,6,6,4,0,24,24,24,36,44,39,36,36,37,44.9,44.64,45.13,51,510,5.3,0,0,0
13.51,160,0.25,0.25,0.25,12,12,11,14.22,-2.2,0.17,-0.04,209.9,5.4,309,1,3,646,698,782,-5,807,13.65,809.3,569,29.9,31.1,1.4,2.7,2180.0,0,17.0,12.7,34.9,33.3,34.2,31.9,34.8,35.2,31.7,29.7,59.4,58.8,29,36,23.4,25.9,34,34,38,0,0,0,6,6,4,0,24,24,24,36,44,39,36,36,37,44.89,44.64,45.12,51,520,5.2,0,0,0
13.5,304,0.25,0.25,0.25,12,13,12,14.04,-1.6,0.1,0.04,210.0,6.9,309,1,3,644,697,779,7,812,13.68,809.1,565,29.8,31.1,1.4,2.7,2180.0,0,17.0,12.7,34.9,33.3,34.2,31.9,34.8,35.2,31.7,29.7,59.4,58.9,30,36,23.4,25.9,34,34,38,0,0,0,6,6,4,0,24,24,24,36,44,39,36,36,37,44.89,44.64,45.12,51,520,5.3,0,0,0
9.63,192,0.25,0.25,0.25,11,11,11,10.13,-0.2,0.12,0.01,209.6,5.5,317,1,3,236,692,284,0,299,9.74,412.1,289,31.9,32.0,1.4,2.7,2059.8,0,15.89,12.5,35.3,33.5,34.5,32.2,35.1,35.4,31.3,29.8,59.4,59.0,30,35,23.4,25.7,34,35,37,0,0,0,6,6,4,0,24,24,24,36,44,39,35,35,37,44.9,44.65,45.13,51,520,5.3,0,0,0
13.49,88,0.25,0.25,0.25,11,13,12,14.05,-6.3,0.12,-0.04,209.8,8.2,310,1,3,640,697,774,2,806,13.66,806.6,563,30.1,31.1,1.4,2.7,2123.5,0,17.0,12.7,34.9,33.3,34.2,31.9,34.8,35.2,31.8,29.7,59.4,58.8,30,36,23.4,25.9,34,34,38,0,0,0,6,6,4,0,24,24,24,36,44,39,36,36,37,44.9,44.64,45.13,51,520,5.3,0,0,0
10.72,192,0.25,0.25,0.25,11,11,11,11.18,19.3,0.14,0.02,209.5,5.0,311,1,3,321,694,387,4,405,10.85,503.3,355,32.9,33.1,1.4,2.7,1526.6,0,16.02,12.6,35.1,33.4,34.3,31.8,34.9,35.3,31.3,29.7,59.3,58.9,30,36,23.4,25.8,35,36,38,0,0,0,6,6,4,0,24,24,24,36,44,39,36,36,37,44.89,44.64,45.13,51,520,5.3,0,0,0
9.94,192,0.25,0.25,0.25,11,11,11,10.46,13.0,0.12,0.01,209.7,4.2,317,1,3,256,693,309,-2,325,10.02,430.8,306,32.4,32.5,1.5,2.7,1329.9,0,15.7,12.6,35.2,33.5,34.4,32.0,35.0,35.4,31.3,29.7,59.4,59.0,29,36,23.4,25.7,34,35,38,0,0,0,6,6,4,0,24,24,24,36,44,39,36,36,37,44.89,44.64,45.13,51,510,5.3,0,0,0
10.72,192,0.25,0.25,0.25,11,12,11,11.16,18.8,0.12,0.01,209.6,5.7,311,1,3,318,694,384,-4,398,10.85,504.1,355,32.8,32.9,1.4,2.7,1526.6,0,16.02,12.6,35.1,33.4,34.3,31.8,34.9,35.3,31.3,29.7,59.3,58.9,30,36,23.4,25.7,35,36,38,0,0,0,6,6,4,0,24,24,24,36,44,39,36,36,37,44.9,44.64,45.13,51,520,5.3,0,0,0
13.53,232,0.25,0.25,0.25,11,12,13,14.1,-6.4,0.11,0.04,209.7,8.0,310,1,3,643,697,777,4,808,13.67,803.2,564,29.9,31.2,1.4,2.7,2180.0,0,17.0,12.7,34.9,33.3,34.2,31.9,34.8,35.2,31.8,29.7,59.4,58.8,30,36,23.4,25.9,34,34,38,0,0,0,6,6,4,0,24,24,24,36,44,39,36,36,37,44.89,44.64,45.13,52,520,5.4,0,0,0
14.88,216,0.25,0.25,0.25,12,12,12,15.51,-7.9,0.21,-0.09,209.7,8.7,309,1,3,838,698,1015,0,1051,14.96,939.8,678,29.2,30.4,1.4,2.7,2180.0,0,17.0,12.7,35.0,33.4,34.4,32.3,34.9,35.3,31.7,29.8,59.3,58.9,30,36,23.4,25.9,33,34,38,0,0,0,6,6,4,0,24,24,24,36,44,39,36,36,37,44.9,44.64,45.13,51,520,5.4,0,0,0
10.35,136,0.25,0.25,0.25,11,11,11,10.85,6.0,0.09,0.01,209.7,4.5,303,1,3,288,694,347,-2,359,10.43,469.8,331,30.9,32.0,1.4,2.7,2180.0,0,17.0,12.7,34.9,33.3,34.2,31.8,34.8,35.2,31.7,29.7,59.3,58.9,31,36,23.4,25.9,33,34,38,0,0,0,6,6,4,0,24,24,24,36,44,39,36,36,37,44.89,44.64,45.13,51,520,5.4,0,0,0
10.93,192,0.25,0.25,0.25,11,11,12,11.49,13.3,0.13,-0.03,209.6,6.8,314,1,3,348,692,418,3,433,11.07,530.4,373,31.5,31.6,1.4,2.7,2159.8,0,16.97,12.5,35.3,33.6,34.5,32.3,35.2,35.5,31.2,29.8,59.4,58.8,30,36,23.4,25.7,34,35,37,0,0,0,6,6,4,0,24,24,24,36,44,39,36,36,37,44.89,44.64,45.13,51,520,5.2,0,0,0
9.65,192,0.25,0.25,0.25,11,11,11,10.14,-4.6,0.12,0.05,209.6,5.0,322,1,3,236,691,284,3,295,9.77,408.8,289,32.1,32.1,1.4,2.7,1448.4,0,15.89,12.6,35.3,33.5,34.5,32.1,35.1,35.4,31.3,29.8,59.4,58.9,30,35,23.4,25.7,34,35,38,0,0,0,6,6,4,0,24,24,24,36,44,39,35,35,37,44.89,44.64,45.12,51,520,5.3,0,0,0
12.19,88,0.25,0.25,0.25,11,11,11,12.74,-3.6,0.14,0.02,210.4,5.8,305,1,3,473,696,571,8,597,12.27,657.6,461,31.5,32.6,1.4,2.7,2180.0,0,17.0,12.7,35.0,33.3,34.2,31.7,34.8,35.2,31.6,29.7,59.3,59.0,29,36,23.4,25.9,35,35,38,0,0,0,6,6,4,0,24,24,24,36,44,39,36,36,37,44.89,44.64,45.13,51,520,5.4,0,0,0
10.74,192,0.25,0.25,0.25,11,11,11,11.27,24.5,0.12,-0.03,24.6,3.6,309,1,3,324,693,390,2,403,10.86,505.1,356,33.1,32.9,1.4,2.7,1805.1,0,16.44,12.6,35.1,33.4,34.3,31.8,34.9,35.3,31.4,29.7,59.3,58.9,30,36,23.4,25.8,35,36,38,0,0,0,6,6,4,1,24,24,24,36,44,39,36,36,37,44.89,44.64,45.13,51,520,5.3,0,0,0
11.05,192,0.25,0.25,0.25,11,12,12,11.58,14.0,0.1,0.0,209.5,6.9,313,1,3,351,693,423,2,441,11.17,535.7,377,31.6,31.8,1.4,2.7,2159.8,0,16.97,12.6,35.3,33.6,34.5,32.2,35.1,35.5,31.3,29.8,59.4,58.9,29,36,23.4,25.7,34,35,37,0,0,0,6,6,4,0,24,24,24,36,44,39,36,36,37,44.89,44.64,45.12,52,510,5.4,0,0,0
12.29,40,0.25,0.25,0.25,11,12,12,12.85,11.7,0.12,0.06,209.4,7.7,312,1,3,483,695,582,-1,603,12.39,658.4,465,31.0,31.1,1.4,2.7,2180.0,0,17.0,12.5,35.3,33.6,34.5,32.3,35.2,35.5,31.1,29.8,59.4,59.0,30,36,23.4,25.7,34,34,37,0,0,0,6,6,4,0,24,24,24,36,44,39,36,36,37,44.89,44.64,45.13,52,520,5.3,0,0,0
11.86,192,0.25,0.25,0.25,11,12,12,12.34,9.2,0.12,0.01,209.5,6.0,313,1,3,445,694,537,-1,556,11.98,631.2,439,31.1,31.3,1.4,2.7,2180.0,0,17.0,12.5,35.3,33.6,34.5,32.3,35.2,35.5,31.1,29.8,59.3,59.0,30,36,23.4,25.7,34,35,37,0,0,0,6,6,4,0,24,24,24,36,44,39,36,36,37,44.9,44.64,45.13,52,510,5.3,0,0,0
13.47,88,0.25,0.25,0.25,12,13,12,14.1,-2.8,0.11,0.03,209.6,7.6,309,1,3,645,695,778,-3,808,13.66,805.5,565,30.1,31.2,1.4,2.7,1623.5,0,16.16,12.7,34.9,33.2,34.2,31.9,34.8,35.2,31.8,29.7,59.3,58.7,31,36,23.4,25.9,33,34,38,0,0,0,6,6,4,0,24,24,24,36,44,39,36,36,37,44.9,44.64,45.13,51,510,5.3,0,0,0
11.99,72,0.25,0.25,0.25,11,12,12,12.59,0.2,0.17,-0.04,209.7,7.8,322,1,3,446,695,539,8,558,12.14,626.9,444,30.2,30.5,1.4,2.7,2180.0,0,17.0,12.5,35.3,33.5,34.5,32.3,35.1,35.4,31.2,29.8,59.4,59.0,30,36,23.4,25.7,33,34,37,0,0,0,6,6,4,0,24,24,24,36,44,39,36,36,37,44.9,44.64,45.13,51,520,5.3,0,0,0
9.45,264,0.25,0.25,0.25,11,11,11,9.92,2.0,0.13,0.01,206.5,4.2,316,1,3,221,695,267,-6,273,9.57,389.8,276,29.1,30.3,1.4,2.7,1348.4,0,15.73,12.5,35.5,33.8,34.7,32.4,35.3,35.7,31.7,30.1,59.5,59.0,31,36,23.4,25.7,31,32,38,0,0,0,6,6,4,0,24,24,24,36,44,39,36,36,37,44.9,44.64,45.13,51,520,5.3,0,0,0
11.94,128,0.25,0.25,0.25,12,11,11,12.43,9.0,0.12,-0.02,209.7,6.5,320,1,3,440,695,531,1,551,12.01,626.1,440,29.8,30.2,1.5,2.7,2180.0,0,17.0,12.5,35.3,33.5,34.5,32.3,35.1,35.4,31.3,29.8,59.4,58.9,30,36,23.4,25.7,33,33,38,0,0,0,6,6,4,0,24,24,24,37,44,39,36,36,37,44.89,44.64,45.13,51,520,5.3,0,0,0
10.29,264,0.25,0.25,0.25,11,11,11,10.75,-6.7,0.14,0.01,210.1,6.7,322,1,3,274,695,331,-5,352,10.34,450.3,324,29.0,29.9,1.4,2.7,1402.0,0,15.82,12.5,35.4,33.7,34.6,32.6,35.2,35.6,31.7,30.0,59.5,59.0,30,36,23.4,25.7,31,31,38,0,0,0,6,6,4,0,24,24,24,36,44,39,36,36,37,44.9,44.64,45.12,51,520,5.3,0,0,0
12.34,304,0.25,0.25,0.25,11,12,12,12.85,-7.1,0.12,0.02,211.0,7.4,301,1,3,484,693,582,-3,604,12.41,656.8,464,32.0,32.9,1.5,2.7,2172.6,0,17.0,12.6,35.0,33.3,34.2,31.6,34.8,35.2,31.5,29.6,59.4,58.7,30,36,23.4,25.9,35,35,38,0,0,0,6,6,4,0,24,24,24,36,44,39,36,36,37,44.89,44.64,45.13,51,520,5.4,0,0,0
12.15,200,0.25,0.25,0.25,12,11,11,12.84,17.3,0.22,-0.05,209.6,7.1,312,1,3,472,695,570,1,585,12.27,653.0,460,30.6,30.8,1.4,2.7,2180.0,0,17.0,12.5,35.3,33.5,34.5,32.3,35.2,35.5,31.2,29.8,59.3,58.8,30,36,23.4,25.7,34,34,38,0,0,0,6,6,4,0,24,24,24,36,44,39,36,36,37,44.89,44.64,45.13,51,510,5.3,0,0,0
11.35,192,0.25,0.25,0.25,11,11,11,11.89,8.0,0.14,0.01,209.4,6.1,314,1,3,388,694,467,0,484,11.45,574.8,402,31.2,31.5,1.4,2.7,2180.0,0,17.0,12.5,35.3,33.6,34.5,32.3,35.2,35.5,31.0,29.9,59.3,58.8,30,36,23.4,25.7,34,35,37,0,0,0,6,6,4,0,24,24,24,36,44,39,36,36,37,44.89,44.64,45.13,51,520,5.4,0,0,0
11.59,264,0.25,0.25,0.25,11,11,11,12.06,8.1,0.12,-0.01,209.8,6.2,319,1,3,396,695,478,1,499,11.67,571.5,410,29.2,29.7,1.4,2.7,1402.0,0,15.82,12.5,35.3,33.6,34.5,32.4,35.1,35.5,31.6,29.9,59.4,59.1,30,36,23.4,25.7,31,32,38,0,0,0,6,6,4,0,24,24,24,37,44,39,36,36,37,44.9,44.64,45.13,51,510,5.4,0,0,0
11.83,264,0.25,0.25,0.25,11,11,12,12.34,6.5,0.14,-0.01,210.0,6.8,319,1,3,419,695,506,-3,529,11.9,597.0,426,29.2,29.6,1.4,2.7,1402.0,0,15.82,12.5,35.3,33.5,34.5,32.3,35.1,35.5,31.6,29.9,59.4,59.1,29,36,23.4,25.7,31,32,38,0,0,0,6,6,4,0,24,24,24,36,44,39,36,36,37,44.89,44.64,45.13,51,520,5.3,0,0,0
9.7,192,0.25,0.25,0.25,11,11,11,10.13,-6.0,0.08,-0.01,209.5,4.4,322,1,3,242,692,291,4,301,9.77,412.1,292,32.0,32.1,1.4,2.8,1448.4,0,15.89,12.6,35.3,33.5,34.5,32.1,35.1,35.4,31.3,29.8,59.4,58.9,31,36,23.4,25.7,34,35,38,0,0,0,6,6,4,0,24,24,24,36,44,39,36,36,37,44.89,44.64,45.13,51,520,5.4,0,0,0
10.24,264,0.25,0.25,0.25,11,11,11,10.75,-1.7,0.09,0.02,210.2,5.2,320,1,3,271,693,326,-5,342,10.31,439.8,318,28.8,29.7,1.4,2.7,1402.0,0,15.82,12.5,35.4,33.7,34.6,32.6,35.2,35.6,31.7,30.0,59.5,59.0,29,36,23.4,25.7,31,31,38,0,0,0,6,6,4,0,24,24,24,37,44,39,36,36,37,44.89,44.64,45.12,51,520,5.2,0,0,0
11.9,192,0.25,0.25,0.25,12,12,11,12.43,9.0,0.1,0.07,209.7,5.3,313,1,3,449,694,541,4,564,12.06,638.5,444,31.2,31.3,1.4,2.7,2180.0,0,17.0,12.5,35.3,33.6,34.5,32.3,35.2,35.5,31.1,29.8,59.3,59.0,31,36,23.4,25.7,34,35,38,0,0,0,6,6,4,0,24,24,24,36,44,39,36,36,37,44.9,44.65,45.13,51,520,5.4,0,0,0
9.41,264,0.25,0.25,0.25,11,11,11,9.92,9.7,0.07,0.07,211.2,3.4,314,1,3,217,696,263,-6,276,9.49,392.6,277,29.2,30.1,1.4,2.7,1348.4,0,15.73,12.5,35.4,33.7,34.7,32.4,35.2,35.7,31.8,30.1,59.5,59.0,30,36,23.4,25.7,31,32,38,0,0,0,6,6,4,0,24,24,24,36,44,39,36,36,37,44.89,44.64,45.13,51,520,5.2,0,0,0
12.13,16,0.25,0.25,0.25,11,12,12,12.62,-10.7,0.16,0.02,209.7,6.1,309,1,3,453,696,547,-6,570,12.24,625.6,447,30.5,31.5,1.4,2.7,1623.5,0,16.16,12.7,34.9,33.3,34.2,31.9,34.8,35.2,31.8,29.7,59.3,59.1,30,36,23.4,25.9,33,33,38,0,0,0,6,6,4,0,24,24,24,36,44,39,36,36,37,44.9,44.64,45.13,51,520,5.3,0,0,0
13.48,72,0.25,0.25,0.25,12,11,11,13.99,3.8,0.16,0.01,209.8,6.4,306,1,3,636,697,769,-5,800,13.53,795.6,560,29.6,30.9,1.4,2.7,2180.0,0,17.0,12.7,34.9,33.3,34.3,32.1,34.8,35.2,31.7,29.7,59.3,59.1,31,36,23.4,25.9,33,34,38,0,0,0,6,6,4,0,24,24,24,36,44,39,36,36,37,44.9,44.64,45.13,51,520,5.4,0,0,0
13.66,72,0.25,0.25,0.25,13,12,12,14.31,-4.2,0.11,0.07,209.7,7.9,307,1,3,666,697,805,2,839,13.8,823.6,579,29.4,30.7,1.4,2.7,2180.0,0,17.0,12.7,35.0,33.4,34.3,32.2,34.9,35.3,31.7,29.7,59.3,58.9,30,36,23.4,25.9,33,34,38,0,0,0,6,6,4,0,24,24,24,36,44,39,36,36,37,44.9,44.64,45.13,52,510,5.2,0,0,0
11.5,192,0.25,0.25,0.25,11,11,11,12.01,5.4,0.12,-0.01,24.7,4.9,297,1,3,390,694,470,6,487,11.57,567.2,406,32.4,33.2,1.5,2.7,1882.6,0,16.55,12.6,35.0,33.3,34.2,31.7,34.8,35.2,31.4,29.7,59.3,58.9,29,36,23.4,25.8,35,36,38,0,0,0,6,6,4,1,24,24,24,36,44,39,36,36,37,44.89,44.64,45.13,51,510,5.4,0,0,0
14.53,288,0.25,0.25,0.25,12,14,12,15.06,-7.3,0.11,0.06,209.6,8.0,309,1,3,782,698,948,2,982,14.69,921.4,643,29.3,30.6,1.4,2.7,2180.0,0,17.0,12.7,35.0,33.4,34.4,32.2,34.9,35.3,31.7,29.7,59.3,58.8,29,36,23.4,25.9,33,34,38,0,0,0,6,6,4,0,24,24,24,36,44,39,36,36,37,44.9,44.64,45.13,52,520,5.3,0,0,0
11.04,192,0.25,0.25,0.25,11,11,11,11.55,15.0,0.12,0.05,24.4,6.1,302,1,3,356,693,428,2,443,11.12,538.3,378,33.1,33.2,1.4,2.7,1805.1,0,16.44,12.6,35.0,33.4,34.3,31.7,34.8,35.2,31.4,29.7,59.3,58.9,30,36,23.4,25.8,35,36,38,0,0,0,6,6,4,1,24,24,24,36,44,39,36,36,37,44.89,44.64,45.13,51,510,5.3,0,0,0
9.28,264,0.25,0.25,0.25,11,11,11,9.74,23.6,0.12,0.09,24.6,4.6,314,1,3,207,694,250,-5,258,9.36,375.4,266,29.4,30.5,1.4,2.7,2146.8,0,16.95,12.4,35.5,33.8,34.8,32.5,35.3,35.7,31.7,30.1,59.5,59.1,29,36,23.4,25.7,31,32,38,0,0,0,6,6,4,1,24,24,24,36,44,39,36,36,37,44.89,44.64,45.13,51,520,5.3,0,0,0
9.91,192,0.25,0.25,0.25,11,11,11,10.4,7.5,0.1,0.01,209.6,4.4,314,1,3,262,693,315,1,321,10.04,443.5,308,31.8,31.8,1.4,2.7,2159.8,0,16.97,12.5,35.3,33.5,34.5,32.2,35.1,35.5,31.3,29.8,59.4,59.0,30,36,23.4,25.7,34,35,37,0,0,0,6,6,4,0,24,24,24,36,44,39,36,36,37,44.89,44.64,45.13,52,520,5.3,0,0,0
11.89,168,0.25,0.25,0.25,12,12,11,12.45,15.8,0.24,0.0,209.7,6.1,312,1,3,445,694,535,2,555,12.02,627.0,441,30.8,31.0,1.5,2.7,2180.0,0,17.0,12.5,35.3,33.6,34.5,32.3,35.1,35.5,31.2,29.8,59.4,58.8,31,36,23.4,25.7,34,34,37,0,0,0,6,6,4,0,24,24,24,36,44,39,36,36,37,44.89,44.64,45.13,51,510,5.3,0,0,0
12.02,144,0.25,0.25,0.25,11,12,12,12.62,0.7,0.14,0.01,210.2,6.2,304,1,3,457,694,550,10,572,12.15,642.0,448,31.3,32.4,1.5,2.7,2180.0,0,17.0,12.7,34.9,33.3,34.2,31.7,34.8,35.2,31.6,29.6,59.3,59.0,31,36,23.4,25.9,35,35,38,0,0,0,6,6,4,0,24,24,24,36,44,39,36,36,37,44.89,44.64,45.13,51,520,5.2,0,0,0
12.49,280,0.25,0.25,0.25,12,12,11,13.17,1.9,0.14,0.01,209.6,6.5,321,1,3,516,695,622,1,648,12.66,691.6,487,29.4,29.8,1.4,2.7,2096.6,0,16.87,12.4,35.2,33.5,34.5,32.3,35.1,35.5,31.4,29.9,59.5,58.8,30,36,23.4,25.7,32,33,38,0,0,0,6,6,4,0,24,24,24,36,44,39,36,36,37,44.89,44.64,45.13,51,510,5.3,0,0,0
9.33,264,0.25,0.25,0.25,11,11,11,9.69,17.2,0.13,-0.07,209.0,4.8,319,1,3,213,696,258,-4,266,9.41,385.9,270,29.6,30.8,1.4,2.7,2146.8,0,16.95,12.5,35.5,33.8,34.8,32.6,35.3,35.8,31.9,30.1,59.5,59.0,30,35,23.4,25.8,32,33,38,0,0,0,6,6,4,0,24,24,24,36,44,39,35,35,37,44.89,44.64,45.13,51,510,5.4,0,0,0
12.06,16,0.25,0.25,0.25,11,12,12,12.55,0.3,0.12,0.02,210.2,6.0,304,1,3,461,695,556,2,581,12.19,649.8,452,31.4,32.5,1.4,2.7,2180.0,0,17.0,12.7,35.0,33.3,34.2,31.7,34.8,35.2,31.6,29.6,59.3,59.0,31,36,23.4,25.9,35,35,38,0,0,0,6,6,4,0,24,24,24,36,44,39,36,36,37,44.89,44.64,45.13,51,510,5.3,0,0,0
9.66,192,0.25,0.25,0.25,11,11,11,10.07,10.0,0.06,0.03,209.6,4.7,319,1,3,235,692,283,7,289,9.74,406.1,287,32.1,32.2,1.4,2.7,1448.4,0,15.89,12.6,35.2,33.5,34.5,32.1,35.1,35.4,31.3,29.8,59.4,58.9,30,36,23.4,25.7,34,35,37,0,0,0,6,6,4,0,24,24,24,36,44,39,36,36,37,44.9,44.64,45.13,51,520,5.3,0,0,0
11.77,128,0.25,0.25,0.25,12,12,11,12.33,10.7,0.13,0.05,209.6,6.3,318,1,3,423,695,510,-3,524,11.84,609.5,428,30.0,30.3,1.4,2.7,2180.0,0,17.0,12.5,35.3,33.5,34.5,32.4,35.1,35.4,31.3,29.8,59.4,58.8,31,36,23.4,25.7,33,33,38,0,0,0,6,6,4,0,24,24,24,36,44,39,36,36,37,44.89,44.64,45.12,51,520,5.3,0,0,0
10.71,192,0.25,0.25,0.25,11,11,11,11.16,20.3,0.16,0.02,209.7,5.2,311,1,3,322,692,388,-3,408,10.84,504.3,358,32.8,33.0,1.4,2.7,1526.6,0,16.02,12.6,35.1,33.4,34.3,31.8,34.9,35.3,31.4,29.7,59.3,59.0,31,36,23.4,25.7,35,36,38,0,0,0,6,6,4,0,24,24,24,36,44,39,36,36,37,44.9,44.64,45.12,51,520,5.2,0,0,0
9.73,264,0.25,0.25,0.25,11,11,11,10.24,1.4,0.12,0.01,210.4,4.3,319,1,3,239,692,287,4,302,9.84,403.9,292,28.8,30.0,1.4,2.7,1402.0,0,15.82,12.5,35.4,33.7,34.6,32.6,35.2,35.6,31.7,30.0,59.5,58.9,30,36,23.4,25.7,31,31,38,0,0,0,6,6,4,0,24,24,24,36,44,39,36,36,37,44.9,44.64,45.13,51,520,5.2,0,0,0
10.65,136,0.25,0.25,0.25,11,11,11,11.08,-1.3,0.08,0.01,210.0,5.1,305,1,3,323,692,388,-3,403,10.75,508.2,355,30.9,32.1,1.4,2.7,2180.0,0,17.0,12.7,34.9,33.3,34.2,31.8,34.8,35.2,31.7,29.7,59.3,58.8,30,36,23.4,25.9,34,34,38,0,0,0,6,6,4,0,24,24,24,36,44,39,36,36,37,44.89,44.64,45.13,51,520,5.3,0,0,0
12.07,56,0.25,0.25,0.25,11,12,11,12.62,19.2,0.19,0.01,209.6,7.5,310,1,3,459,694,553,-4,577,12.21,639.3,451,31.0,31.1,1.4,2.7,2180.0,0,17.0,12.5,35.3,33.6,34.5,32.3,35.2,35.5,31.2,29.8,59.4,59.0,31,36,23.4,25.7,34,35,37,0,0,0,6,6,4,0,24,24,24,36,44,39,36,36,37,44.89,44.64,45.13,51,520,5.2,0,0,0
13.56,232,0.25,0.25,0.25,11,12,12,14.21,-4.7,0.14,0.04,209.7,7.2,309,1,3,639,698,774,2,812,13.68,805.5,564,30.0,31.3,1.4,2.7,1723.5,0,17.0,12.7,34.9,33.2,34.2,31.9,34.8,35.2,31.9,29.7,59.3,58.7,30,36,23.4,25.9,33,34,38,0,0,0,6,6,4,0,24,24,24,36,44,39,36,36,37,44.9,44.64,45.13,51,520,5.3,0,0,0
11.97,0,0.25,0.25,0.25,12,11,11,12.43,5.5,0.05,0.0,210.0,6.8,320,1,3,442,695,534,-1,558,12.06,617.6,441,29.2,29.7,1.4,2.7,1602.0,0,16.87,12.5,35.3,33.5,34.5,32.3,35.1,35.6,31.5,29.9,59.4,59.0,30,36,23.4,25.7,32,32,38,0,0,0,6,6,4,0,24,24,24,36,44,39,36,36,37,44.89,44.64,45.13,51,510,5.3,0,0,0
12.49,72,0.25,0.25,0.25,11,11,11,13.02,-5.7,0.16,0.01,210.6,6.3,303,1,3,509,695,614,0,636,12.59,678.2,481,31.8,32.7,1.4,2.7,2180.0,0,17.0,12.7,35.0,33.3,34.2,31.7,34.8,35.2,31.5,29.7,59.4,58.9,30,36,23.4,25.9,35,35,38,0,0,0,6,6,4,0,24,24,24,36,44,39,36,36,37,44.89,44.64,45.13,52,510,5.3,0,0,0
12.38,232,0.25,0.25,0.25,12,11,11,12.96,-5.9,0.1,0.03,210.6,6.7,302,1,3,493,696,595,-6,620,12.49,668.3,474,31.9,32.8,1.5,2.7,2180.0,0,17.0,12.7,35.0,33.3,34.2,31.6,34.8,35.2,31.5,29.6,59.4,58.7,30,36,23.4,25.9,35,35,38,0,0,0,6,6,4,0,24,24,24,36,44,39,36,36,37,44.89,44.64,45.13,51,510,5.2,0,0,0
9.27,264,0.25,0.25,0.25,11,11,11,9.78,25.5,0.12,0.14,209.0,4.7,316,1,3,206,694,248,0,259,9.35,378.2,267,29.7,30.6,1.5,2.7,2146.8,0,16.95,12.4,35.5,33.8,34.8,32.6,35.3,35.8,31.9,30.1,59.5,59.0,30,36,23.4,25.8,32,32,38,0,0,0,6,6,4,0,24,24,24,36,44,39,36,36,37,44.9,44.64,45.13,50,510,5.2,0,0,0
9.24,264,0.25,0.25,0.25,11,11,11,9.69,0.7,0.19,-0.01,210.6,3.8,317,1,3,202,695,244,-5,248,9.31,368.7,262,29.0,30.1,1.4,2.7,1348.4,0,15.73,12.5,35.4,33.7,34.7,32.5,35.2,35.7,31.8,30.0,59.5,58.9,30,35,23.4,25.8,31,31,38,0,0,0,6,6,4,0,24,24,24,36,44,39,35,35,37,44.9,44.65,45.13,51,510,5.3,0,0,0
12.33,112,0.25,0.25,0.25,12,11,11,12.81,13.4,0.13,0.05,209.6,6.9,312,1,3,491,695,593,7,609,12.39,669.3,471,31.1,31.2,1.5,2.7,2180.0,0,17.0,12.5,35.3,33.6,34.5,32.3,35.2,35.5,31.2,29.8,59.3,59.0,29,36,23.4,25.7,34,35,38,0,0,0,6,6,4,0,24,24,24,36,44,39,36,36,37,44.9,44.64,45.13,51,520,5.3,0,0,0
12.1,272,0.25,0.25,0.25,12,11,11,12.56,19.2,0.01,0.05,209.8,6.8,310,1,3,457,695,551,-3,574,12.19,635.3,451,30.9,31.1,1.4,2.7,2180.0,0,17.0,12.5,35.3,33.6,34.5,32.3,35.1,35.5,31.2,29.8,59.4,58.9,30,36,23.4,25.7,34,35,37,0,0,0,6,6,4,0,24,24,24,36,44,39,36,36,37,44.89,44.64,45.13,51,510,5.3,0,0,0
12.32,144,0.25,0.25,0.25,12,12,12,12.96,20.6,0.12,0.05,209.8,5.6,314,1,3,491,696,593,2,619,12.46,676.6,474,30.6,30.7,1.4,2.7,2180.0,0,17.0,12.5,35.3,33.5,34.5,32.4,35.1,35.4,31.2,29.8,59.4,59.1,31,36,23.4,25.7,33,34,38,0,0,0,6,6,4,0,24,24,24,36,44,39,36,36,37,44.89,44.64,45.13,51,520,5.2,0,0,0
9.28,264,0.25,0.25,0.25,11,11,11,9.77,23.7,0.15,0.01,24.6,4.3,314,1,3,205,695,248,-3,264,9.36,377.8,267,29.4,30.6,1.4,2.7,2146.8,0,16.95,12.4,35.5,33.8,34.8,32.5,35.3,35.7,31.8,30.1,59.5,59.1,30,36,23.4,25.7,31,32,38,0,0,0,6,6,4,1,24,24,24,36,44,39,36,36,37,44.89,44.64,45.13,51,520,5.3,0,0,0
11.71,192,0.25,0.25,0.25,11,11,11,12.23,4.1,0.1,0.01,24.4,6.1,297,1,3,414,694,499,4,521,11.84,592.2,420,32.5,33.2,1.4,2.7,1882.6,0,16.55,12.6,35.0,33.3,34.2,31.7,34.8,35.2,31.4,29.7,59.3,58.9,30,36,23.4,25.8,35,35,38,0,0,0,6,6,4,1,24,24,24,36,44,39,36,36,37,44.89,44.64,45.13,51,510,5.3,0,0,0
12.32,48,0.25,0.25,0.25,11,12,11,12.85,-3.5,0.12,-0.04,209.7,6.9,324,1,3,493,696,596,3,620,12.45,674.8,473,29.5,29.8,1.4,2.7,2096.6,0,16.87,12.5,35.2,33.5,34.5,32.3,35.1,35.4,31.4,29.9,59.5,58.9,30,36,23.4,25.7,32,33,38,0,0,0,6,6,4,0,24,24,24,36,44,39,36,36,37,44.89,44.64,45.13,51,520,5.3,0,0,0
13.53,144,0.25,0.25,0.25,12,13,12,14.1,1.4,0.17,0.06,209.7,6.1,307,1,3,651,696,787,-6,816,13.66,813.1,569,29.7,31.0,1.4,2.7,2180.0,0,17.0,12.7,34.9,33.3,34.3,32.1,34.8,35.2,31.8,29.7,59.4,59.1,30,36,23.4,25.9,33,34,38,0,0,0,6,6,4,0,24,24,24,36,44,39,36,36,37,44.89,44.64,45.13,52,520,5.4,0,0,0
10.69,136,0.25,0.25,0.25,11,11,11,11.15,-2.3,0.19,0.03,209.9,4.8,305,1,3,313,694,377,4,386,10.72,481.9,346,30.7,31.7,1.4,2.7,2180.0,0,17.0,12.7,34.9,33.3,34.2,31.8,34.8,35.2,31.8,29.7,59.3,58.9,29,36,23.4,25.9,33,34,38,0,0,0,6,6,4,0,24,24,24,36,44,39,36,36,37,44.89,44.64,45.13,51,520,5.3,0,0,0
11.65,192,0.25,0.25,0.25,11,11,11,12.17,4.1,0.13,-0.02,24.7,6.1,297,1,3,413,692,496,4,513,11.76,588.1,417,32.4,33.3,1.4,2.7,1882.6,0,16.55,12.6,35.0,33.3,34.2,31.7,34.8,35.2,31.4,29.7,59.3,58.9,30,36,23.4,25.8,35,35,38,0,0,0,6,6,4,1,24,24,24,36,44,39,36,36,37,44.89,44.65,45.13,51,520,5.2,0,0,0
10.98,192,0.25,0.25,0.25,11,11,11,11.49,8.6,0.17,0.06,209.6,5.3,315,1,3,346,694,418,0,434,11.08,532.3,375,31.4,31.7,1.4,2.7,2180.0,0,17.0,12.5,35.3,33.6,34.5,32.3,35.2,35.5,31.2,29.8,59.4,58.8,30,36,23.4,25.7,34,35,37,0,0,0,6,6,4,0,24,24,24,36,44,39,36,36,37,44.89,44.64,45.13,51,510,5.4,0,0,0
13.67,160,0.25,0.25,0.25,11,12,13,14.2,6.4,0.12,0.02,209.9,6.4,304,1,3,656,698,794,2,823,13.76,812.3,573,29.5,30.7,1.4,2.7,2180.0,0,17.0,12.7,35.0,33.4,34.3,32.2,34.8,35.3,31.8,29.7,59.3,58.9,30,36,23.4,25.9,33,34,38,0,0,0,6,6,4,0,24,24,24,36,44,39,36,36,37,44.89,44.64,45.13,51,520,5.4,0,0,0
13.47,160,0.25,0.25,0.25,11,12,12,14.04,4.6,0.12,-0.04,209.6,8.5,305,1,3,631,697,763,5,791,13.62,792.6,557,29.4,31.0,1.4,2.7,2180.0,0,17.0,12.7,34.9,33.3,34.3,32.2,34.8,35.2,31.8,29.7,59.3,59.0,30,36,23.4,25.9,33,34,38,0,0,0,6,6,4,0,24,24,24,36,44,39,36,36,37,44.89,44.64,45.13,51,520,5.3,0,0,0
13.56,88,0.25,0.25,0.25,11,12,13,14.15,-0.7,0.16,0.06,209.7,7.2,308,1,3,650,695,783,7,810,13.67,808.7,567,29.8,31.0,1.4,2.7,2180.0,0,17.0,12.7,34.9,33.3,34.2,32.1,34.8,35.2,31.8,29.7,59.4,59.0,31,36,23.4,25.9,33,34,38,0,0,0,6,6,4,0,24,24,24,36,44,39,36,36,37,44.89,44.64,45.13,52,520,5.3,0,0,0
10.75,192,0.25,0.25,0.25,12,11,11,11.32,20.7,0.16,0.01,28.9,5.3,310,1,3,320,694,388,0,408,10.85,506.9,357,33.0,32.9,1.5,2.7,1716.6,0,16.44,12.6,35.1,33.4,34.3,31.8,34.9,35.3,31.4,29.7,59.3,58.9,30,36,23.4,25.8,35,36,38,0,0,0,6,6,4,0,24,24,24,36,44,39,36,36,37,44.89,44.64,45.13,51,510,5.2,0,0,0
12.23,352,0.25,0.25,0.25,11,11,11,12.8,3.7,0.16,-0.04,209.7,5.9,322,1,3,475,697,575,-1,599,12.3,660.2,464,29.6,30.0,1.4,2.6,2180.0,0,17.0,12.5,35.2,33.5,34.5,32.3,35.1,35.4,31.4,29.9,59.4,59.0,29,36,23.4,25.7,33,33,38,0,0,0,6,6,4,0,24,24,24,36,44,39,36,36,37,44.9,44.64,45.12,52,520,5.4,0,0,0
10.8,192,0.25,0.25,0.25,11,11,11,11.29,8.0,0.12,-0.01,24.5,4.8,313,1,3,325,694,391,-2,409,10.88,506.5,359,33.0,33.0,1.4,2.7,1805.1,0,16.44,12.6,35.1,33.4,34.3,31.8,34.9,35.3,31.4,29.7,59.3,58.8,29,36,23.4,25.8,35,36,38,0,0,0,6,6,4,1,24,24,24,36,44,39,36,36,37,44.89,44.64,45.13,51,510,5.2,0,0,0
9.89,192,0.25,0.25,0.25,11,11,11,10.32,8.3,0.09,-0.01,209.6,5.2,319,1,3,250,692,300,-3,309,9.98,420.6,301,32.3,32.4,1.5,2.8,1329.9,0,15.7,12.6,35.2,33.5,34.4,32.0,35.0,35.4,31.3,29.7,59.4,59.0,31,36,23.4,25.7,34,35,38,0,0,0,6,6,4,0,24,24,24,36,44,39,36,36,37,44.89,44.64,45.13,51,520,5.2,0,0,0
12.07,128,0.25,0.25,0.25,11,12,11,12.63,15.7,0.19,0.05,209.9,5.6,313,1,3,465,695,562,-2,582,12.23,650.1,455,30.6,30.8,1.4,2.7,2180.0,0,17.0,12.5,35.3,33.6,34.5,32.3,35.1,35.5,31.2,29.8,59.3,58.8,30,36,23.4,25.7,34,34,38,0,0,0,6,6,4,0,24,24,24,36,44,39,36,36,37,44.89,44.64,45.13,51,520,5.4,0,0,0
12.07,56,0.25,0.25,0.25,11,11,12,12.52,15.3,0.14,0.05,209.5,6.9,312,1,3,456,696,551,-5,575,12.15,641.0,450,30.8,30.9,1.4,2.7,2180.0,0,17.0,12.5,35.3,33.6,34.5,32.4,35.1,35.5,31.2,29.9,59.3,58.7,29,36,23.4,25.7,34,34,38,0,0,0,6,6,4,0,24,24,24,37,44,39,36,36,37,44.89,44.65,45.13,52,510,5.2,0,0,0
10.65,192,0.25,0.25,0.25,11,11,11,11.15,12.6,0.11,0.01,209.6,5.7,315,1,3,312,693,376,2,390,10.74,488.7,348,32.7,32.6,1.5,2.7,1526.6,0,16.02,12.6,35.1,33.4,34.4,31.9,34.9,35.3,31.3,29.7,59.4,58.9,30,36,23.4,25.7,35,35,38,0,0,0,6,6,4,0,24,24,24,36,44,39,36,36,37,44.9,44.64,45.13,51,520,5.2,0,0,0
9.7,192,0.25,0.25,0.25,11,11,11,10.21,6.0,0.22,0.05,209.5,5.6,320,1,3,239,693,288,4,295,9.8,407.0,290,32.2,32.2,1.4,2.7,1448.4,0,15.89,12.6,35.2,33.5,34.5,32.1,35.0,35.4,31.4,29.8,59.4,59.0,30,36,23.4,25.7,34,35,38,0,0,0,6,6,4,0,24,24,24,37,44,39,36,36,37,44.9,44.64,45.13,51,520,5.2,0,0,0
11.96,232,0.25,0.25,0.25,11,12,12,12.54,18.9,0.02,0.06,209.5,5.9,311,1,3,437,694,526,-4,554,12.07,624.8,438,30.8,31.0,1.4,2.7,2180.0,0,17.0,12.5,35.3,33.6,34.5,32.3,35.1,35.5,31.2,29.8,59.4,58.8,30,36,23.4,25.7,34,34,37,0,0,0,6,6,4,0,24,24,24,36,44,39,36,36,37,44.89,44.64,45.13,52,520,5.2,0,0,0
15.43,56,0.25,0.25,0.25,13,12,12,15.97,-10.6,0.12,0.06,209.5,8.8,313,1,3,957,698,1160,0,1201,15.57,1029.1,739,29.0,30.2,1.4,2.7,2180.0,0,17.0,12.7,35.1,33.6,34.5,32.6,35.1,35.4,31.7,29.8,59.3,58.9,31,36,23.4,25.9,34,35,38,0,0,0,6,6,4,0,24,24,24,36,44,39,36,36,37,44.89,44.64,45.13,52,520,5.3,0,0,0
9.3,264,0.25,0.25,0.25,11,11,11,9.71,14.9,0.11,0.03,24.8,5.2,315,1,3,210,696,254,1,266,9.38,379.9,270,29.3,30.5,1.4,2.8,1746.8,0,15.73,12.4,35.5,33.8,34.8,32.4,35.3,35.7,31.7,30.1,59.5,59.1,30,35,23.4,25.7,31,32,38,0,0,0,6,6,4,1,24,24,24,36,44,39,35,35,37,44.89,44.65,45.13,50,510,5.2,0,0,0
13.56,88,0.25,0.25,0.25,13,12,11,14.1,4.0,0.12,0.02,209.6,7.5,305,1,3,642,698,777,1,809,13.68,804.1,568,29.5,30.9,1.4,2.7,2180.0,0,17.0,12.7,35.0,33.3,34.3,32.2,34.8,35.3,31.8,29.7,59.3,59.0,30,36,23.4,25.9,33,34,38,0,0,0,6,6,4,0,24,24,24,36,44,39,36,36,37,44.89,44.64,45.13,52,520,5.4,0,0,0
9.81,264,0.25,0.25,0.25,11,11,11,10.23,18.2,0.13,0.02,209.1,4.5,321,1,3,249,693,300,-2,318,9.9,435.7,302,29.7,31.0,1.4,2.7,2146.8,0,16.95,12.5,35.5,33.8,34.8,32.6,35.3,35.9,31.9,30.1,59.5,59.0,30,36,23.4,25.8,32,33,38,0,0,0,6,6,4,0,24,24,24,36,44,39,36,36,37,44.9,44.65,45.13,51,520,5.2,0,0,0
10.43,136,0.25,0.25,0.25,11,11,11,10.97,-1.4,0.12,-0.01,210.2,4.9,305,1,3,298,695,360,7,373,10.49,482.2,337,31.0,32.0,1.4,2.7,2180.0,0,17.0,12.7,34.9,33.3,34.2,31.8,34.8,35.2,31.7,29.7,59.4,58.9,30,36,23.4,25.9,33,34,38,0,0,0,6,6,4,0,24,24,24,36,44,39,36,36,37,44.9,44.64,45.13,51,520,5.2,0,0,0
9.24,264,0.25,0.25,0.25,11,11,11,9.69,26.5,0.13,-0.04,26.0,5.5,315,1,3,210,694,253,6,261,9.37,377.4,267,29.5,30.7,1.4,2.7,2146.8,0,16.95,12.4,35.5,33.8,34.8,32.6,35.3,35.8,31.9,30.1,59.5,59.0,30,36,23.4,25.8,32,32,38,0,0,0,6,6,4,1,24,24,24,36,44,39,36,36,37,44.9,44.64,45.13,51,510,5.3,0,0,0
15.07,144,0.25,0.25,0.25,12,14,13,15.63,-8.9,0.17,0.07,209.8,7.5,310,1,3,884,700,1073,1,1120,15.25,973.1,700,29.3,30.5,1.4,2.7,2180.0,0,17.0,12.7,35.0,33.4,34.4,32.3,34.9,35.3,31.7,29.8,59.3,58.9,30,36,23.4,25.9,33,34,38,0,0,0,6,6,4,0,24,24,24,36,44,39,36,36,37,44.89,44.64,45.13,52,520,5.3,0,0,0
11.82,128,0.25,0.25,0.25,12,11,11,12.39,9.4,0.08,0.07,209.7,5.8,319,1,3,434,694,524,1,544,11.95,618.1,435,29.9,30.3,1.4,2.7,2180.0,0,17.0,12.5,35.3,33.5,34.5,32.4,35.1,35.5,31.3,29.8,59.4,58.8,31,36,23.4,25.7,33,33,38,0,0,0,6,6,4,0,24,24,24,37,44,39,36,36,37,44.9,44.64,45.13,51,520,5.2,0,0,0
14.81,72,0.25,0.25,0.25,11,12,13,15.33,-7.4,0.06,0.04,210.0,8.2,309,1,3,813,699,985,-1,1020,14.85,924.2,657,29.4,30.6,1.4,2.7,2180.0,0,17.0,12.7,35.0,33.4,34.4,32.3,34.9,35.3,31.7,29.7,59.3,58.9,30,36,23.4,25.9,33,34,38,0,0,0,6,6,4,0,24,24,24,36,44,39,36,36,37,44.9,44.64,45.13,52,520,5.3,0,0,0
9.51,264,0.25,0.25,0.25,11,11,11,10.01,24.5,0.14,-0.11,209.0,4.4,318,1,3,223,694,269,1,282,9.53,400.5,280,29.6,30.9,1.4,2.7,2146.8,0,16.95,12.4,35.5,33.8,34.8,32.6,35.3,35.8,31.8,30.1,59.5,59.0,30,35,23.4,25.8,32,33,38,0,0,0,6,6,4,0,24,24,24,36,44,39,35,35,37,44.89,44.64,45.13,51,520,5.3,0,0,0
12.19,136,0.25,0.25,0.25,11,11,12,12.73,2.1,0.19,-0.01,210.0,6.0,321,1,3,468,696,566,2,592,12.29,647.1,460,29.1,29.8,1.4,2.8,2096.6,0,16.87,12.4,35.2,33.5,34.5,32.2,35.1,35.5,31.4,29.9,59.4,58.8,31,36,23.4,25.7,32,32,38,0,0,0,6,6,4,0,24,24,24,36,44,39,36,36,37,44.89,44.64,45.13,52,520,5.3,0,0,0
15.37,200,0.25,0.25,0.25,13,14,12,15.98,-12.4,0.17,0.05,209.8,9.1,314,1,3,955,699,1157,8,1202,15.58,1035.9,736,29.0,30.2,1.4,2.7,2180.0,0,17.0,12.7,35.1,33.6,34.5,32.6,35.1,35.4,31.6,29.8,59.3,58.9,31,36,23.4,25.9,34,35,38,0,0,0,6,6,4,0,24,24,24,36,44,39,36,36,37,44.89,44.65,45.13,52,520,5.4,0,0,0
10.1,192,0.25,0.25,0.25,11,11,11,10.54,9.4,0.06,0.09,209.7,4.0,313,1,3,275,693,332,-1,342,10.2,460.1,319,31.6,31.7,1.4,2.7,2159.8,0,16.97,12.5,35.4,33.5,34.5,32.2,35.1,35.5,31.2,29.8,59.4,59.0,30,36,23.4,25.7,34,35,37,0,0,0,6,6,4,0,24,24,24,36,44,39,36,36,37,44.89,44.64,45.13,51,510,5.2,0,0,0
10.66,192,0.25,0.25,0.25,11,11,11,11.17,17.9,0.14,-0.06,209.7,4.9,311,1,3,325,693,391,-2,404,10.79,514.0,358,31.5,31.8,1.4,2.7,2159.8,0,16.97,12.5,35.3,33.6,34.5,32.2,35.1,35.5,31.2,29.8,59.4,59.0,30,36,23.4,25.7,34,35,38,0,0,0,6,6,4,0,24,24,24,36,44,39,36,36,37,44.9,44.64,45.13,51,520,5.3,0,0,0
9.99,264,0.25,0.25,0.25,11,11,11,10.53,2.2,0.08,-0.02,210.2,4.8,319,1,3,256,695,310,2,320,10.11,423.4,305,28.8,29.8,1.4,2.7,1402.0,0,15.82,12.5,35.4,33.7,34.6,32.6,35.2,35.6,31.7,30.0,59.5,58.9,30,36,23.4,25.7,31,31,38,0,0,0,6,6,4,0,24,24,24,36,44,39,36,36,37,44.89,44.64,45.13,51,510,5.3,0,0,0
12.3,232,0.25,0.25,0.25,12,12,11,12.83,-4.0,0.12,0.01,210.3,8.8,305,1,3,492,696,595,5,615,12.45,675.3,473,31.6,32.6,1.4,2.7,2180.0,0,17.0,12.7,34.9,33.3,34.2,31.7,34.8,35.2,31.6,29.7,59.4,59.0,29,36,23.4,25.9,35,35,38,0,0,0,6,6,4,0,24,24,24,36,44,39,36,36,37,44.9,44.64,45.13,51,520,5.4,0,0,0
11.26,136,0.25,0.25,0.25,11,11,11,11.67,-3.4,0.12,0.01,209.8,5.6,306,1,3,357,695,431,-3,450,11.25,527.6,381,30.6,31.7,1.4,2.7,1780.0,0,16.16,12.7,34.9,33.3,34.2,31.9,34.8,35.2,31.8,29.7,59.3,59.1,30,36,23.4,25.9,33,34,38,0,0,0,6,6,4,0,24,24,24,36,44,39,36,36,37,44.9,44.64,45.13,51,520,5.3,0,0,0
10.25,192,0.25,0.25,0.25,11,11,11,10.65,16.5,0.17,0.01,209.7,7.5,315,1,3,280,695,338,-1,349,10.34,455.3,323,32.6,32.6,1.4,2.7,1329.9,0,15.7,12.6,35.1,33.4,34.4,31.9,34.9,35.3,31.3,29.7,59.4,58.9,30,36,23.4,25.7,35,35,38,0,0,0,6,6,4,0,24,24,24,36,44,39,36,36,37,44.89,44.64,45.13,51,520,5.3,0,0,0
12.39,136,0.25,0.25,0.25,11,11,11,13.03,0.7,0.12,0.06,209.8,6.4,322,1,3,491,696,593,2,616,12.5,664.9,472,29.4,29.7,1.4,2.7,2096.6,0,16.87,12.4,35.2,33.5,34.5,32.2,35.1,35.5,31.4,29.9,59.4,58.8,29,36,23.4,25.7,32,32,38,0,0,0,6,6,4,0,24,24,24,36,44,39,36,36,37,44.9,44.65,45.13,52,520,5.3,0,0,0
11.1,192,0.25,0.25,0.25,11,11,11,11.6,20.2,0.12,0.01,24.4,6.0,302,1,3,356,692,428,2,445,11.18,537.9,380,33.2,33.2,1.4,2.7,1805.1,0,16.44,12.6,35.0,33.4,34.2,31.7,34.8,35.3,31.4,29.7,59.4,58.9,30,36,23.4,25.8,35,36,38,0,0,0,6,6,4,1,24,24,24,36,44,39,36,36,37,44.89,44.64,45.13,51,520,5.2,0,0,0
10.7,192,0.25,0.25,0.25,11,11,11,11.22,15.2,0.16,0.02,209.4,6.5,313,1,3,326,694,393,3,407,10.86,509.9,358,32.7,33.0,1.4,2.7,1526.6,0,16.02,12.6,35.1,33.4,34.3,31.9,34.9,35.3,31.4,29.7,59.4,59.0,30,36,23.4,25.7,35,36,38,0,0,0,6,6,4,0,24,24,24,36,44,39,36,36,37,44.9,44.65,45.13,51,520,5.2,0,0,0
10.93,192,0.25,0.25,0.25,11,11,11,11.47,16.6,0.12,-0.04,24.4,5.4,300,1,3,347,693,417,1,431,11.06,531.2,373,33.0,33.3,1.4,2.7,1805.1,0,16.44,12.6,35.0,33.4,34.3,31.6,34.8,35.2,31.4,29.7,59.3,59.0,30,36,23.4,25.8,35,36,38,0,0,0,6,6,4,1,24,24,24,36,44,39,36,36,37,44.89,44.64,45.13,51,510,5.3,0,0,0
10.8,192,0.25,0.25,0.25,11,11,11,11.36,13.1,0.13,0.01,209.6,6.1,315,1,3,331,694,399,5,413,10.95,511.1,361,32.8,32.6,1.4,2.7,1526.6,0,16.02,12.6,35.1,33.4,34.4,31.9,34.9,35.3,31.4,29.7,59.4,58.9,30,36,23.4,25.7,35,35,38,0,0,0,6,6,4,0,24,24,24,36,44,39,36,36,37,44.9,44.64,45.13,51,520,5.2,0,0,0
12.39,160,0.25,0.25,0.25,11,12,12,12.9,-6.8,0.12,0.02,210.2,6.4,305,1,3,497,696,600,1,628,12.51,677.9,474,31.6,32.7,1.4,2.7,2180.0,0,17.0,12.7,35.0,33.3,34.2,31.7,34.8,35.2,31.5,29.7,59.4,59.0,29,36,23.4,25.9,35,35,38,0,0,0,6,6,4,0,24,24,24,36,44,39,36,36,37,44.89,44.64,45.13,51,510,5.3,0,0,0
11.6,192,0.25,0.25,0.25,12,11,11,12.17,4.5,0.12,0.03,24.6,6.9,297,1,3,404,694,487,6,511,11.7,583.9,415,32.4,33.1,1.4,2.7,1882.6,0,16.55,12.6,35.0,33.3,34.2,31.7,34.8,35.2,31.4,29.7,59.3,58.9,30,36,23.4,25.8,35,35,38,0,0,0,6,6,4,1,24,24,24,36,44,39,36,36,37,44.89,44.64,45.13,51,520,5.3,0,0,0
10.8,136,0.25,0.25,0.25,11,11,11,11.32,-0.6,0.11,0.01,210.0,5.3,304,1,3,338,694,408,2,418,10.95,525.7,365,30.9,32.3,1.4,2.7,2180.0,0,17.0,12.7,34.9,33.3,34.2,31.8,34.8,35.2,31.7,29.7,59.3,58.8,30,36,23.4,25.9,34,34,38,0,0,0,6,6,4,0,24,24,24,36,44,39,36,36,37,44.9,44.64,45.13,51,510,5.3,0,0,0
10.96,192,0.25,0.25,0.25,11,11,11,11.49,16.2,0.12,0.01,24.4,5.5,306,1,3,341,694,411,4,428,11.08,522.9,371,33.0,33.1,1.4,2.8,1805.1,0,16.44,12.6,35.0,33.4,34.3,31.8,34.8,35.3,31.4,29.7,59.4,58.9,30,36,23.4,25.8,35,36,38,0,0,0,6,6,4,1,24,24,24,36,44,39,36,36,37,44.89,44.64,45.13,51,510,5.3,0,0,0
10.86,192,0.25,0.25,0.25,11,11,11,11.38,15.1,0.08,0.09,24.6,5.4,309,1,3,330,693,397,-1,415,10.98,512.2,363,33.0,33.3,1.5,2.7,1805.1,0,16.44,12.6,35.0,33.4,34.3,31.8,34.9,35.3,31.4,29.7,59.3,58.8,30,36,23.4,25.8,35,36,38,0,0,0,6,6,4,1,24,24,24,36,44,39,36,36,37,44.89,44.64,45.13,52,510,5.3,0,0,0
11.09,192,0.25,0.25,0.25,11,11,11,11.58,15.8,0.16,-0.05,209.5,6.7,312,1,3,355,692,427,2,443,11.19,535.7,379,31.6,31.7,1.4,2.7,2159.8,0,16.97,12.6,35.4,33.6,34.5,32.2,35.1,35.5,31.3,29.8,59.4,58.9,30,36,23.4,25.7,34,35,37,0,0,0,6,6,4,0,24,24,24,36,44,39,36,36,37,44.9,44.64,45.12,51,520,5.3,0,0,0
13.77,288,0.25,0.25,0.25,13,12,11,14.46,-3.7,0.14,-0.02,209.6,6.3,307,1,3,678,698,821,2,855,13.89,832.1,587,29.3,30.6,1.4,2.7,2180.0,0,17.0,12.7,35.0,33.4,34.3,32.2,34.9,35.3,31.7,29.7,59.3,58.8,31,36,23.4,25.9,33,34,38,0,0,0,6,6,4,0,24,24,24,36,44,39,36,36,37,44.89,44.64,45.13,52,520,5.3,0,0,0
10.54,136,0.25,0.25,0.25,11,11,11,10.97,-1.9,0.11,0.01,210.1,4.8,305,1,3,301,694,363,6,374,10.61,475.3,340,30.8,31.8,1.5,2.7,2180.0,0,17.0,12.7,34.9,33.3,34.2,31.8,34.8,35.2,31.8,29.7,59.3,58.9,31,36,23.4,25.9,33,34,38,0,0,0,6,6,4,0,24,24,24,36,44,39,36,36,37,44.89,44.64,45.13,51,520,5.3,0,0,0
9.6,192,0.25,0.25,0.25,11,11,10,10.06,8.9,0.19,-0.01,209.6,4.1,319,1,3,233,693,281,2,295,9.69,403.6,288,32.1,32.3,1.4,2.7,1448.4,0,15.89,12.6,35.2,33.5,34.5,32.1,35.1,35.4,31.3,29.8,59.4,58.9,30,36,23.4,25.7,34,35,37,0,0,0,6,6,4,0,24,24,24,36,44,39,36,36,37,44.9,44.64,45.13,51,520,5.3,0,0,0
11.19,192,0.25,0.25,0.25,11,11,11,11.77,11.2,0.12,-0.04,209.6,5.6,313,1,3,377,694,454,4,472,11.37,566.0,396,31.3,31.5,1.4,2.7,2180.0,0,17.0,12.5,35.3,33.6,34.5,32.3,35.2,35.5,31.1,29.9,59.3,58.8,30,36,23.4,25.7,34,35,37,0,0,0,6,6,4,0,24,24,24,36,44,39,36,36,37,44.89,44.64,45.13,51,510,5.4,0,0,0
12.3,160,0.25,0.25,0.25,11,12,12,12.79,-15.7,0.14,0.0,210.1,7.9,311,1,3,467,696,564,2,584,12.37,637.7,457,30.5,31.6,1.4,2.7,1623.5,0,16.16,12.7,34.9,33.3,34.2,31.9,34.8,35.2,31.8,29.7,59.3,59.1,30,36,23.4,25.9,33,33,38,0,0,0,6,6,4,0,24,24,24,36,44,39,36,36,37,44.9,44.64,45.13,51,520,5.3,0,0,0
9.76,192,0.25,0.25,0.25,11,11,11,10.2,2.3,0.21,0.03,209.7,5.8,321,1,3,243,692,292,1,304,9.87,413.1,294,32.2,32.4,1.4,2.7,1448.4,0,15.89,12.6,35.2,33.5,34.5,32.1,35.0,35.4,31.4,29.8,59.4,59.0,31,36,23.4,25.7,34,35,38,0,0,0,6,6,4,0,24,24,24,36,44,39,36,36,37,44.89,44.65,45.13,50,520,5.4,0,0,0
11.88,128,0.25,0.25,0.25,11,11,12,12.39,2.0,0.12,0.07,209.5,5.8,321,1,3,432,695,521,3,542,11.95,612.7,434,30.2,30.2,1.4,2.7,2180.0,0,17.0,12.5,35.3,33.5,34.5,32.3,35.1,35.5,31.3,29.8,59.4,58.9,30,36,23.4,25.7,33,34,37,0,0,0,6,6,4,0,24,24,24,36,44,39,36,36,37,44.89,44.64,45.13,52,520,5.2,0,0,0
11.05,192,0.25,0.25,0.25,11,11,11,11.6,17.4,0.08,0.04,209.6,6.3,312,1,3,354,694,427,3,445,11.11,538.2,380,31.7,31.7,1.5,2.8,2159.8,0,16.97,12.6,35.4,33.6,34.5,32.2,35.1,35.5,31.3,29.8,59.4,59.0,30,36,23.4,25.7,34,35,38,0,0,0,6,6,4,0,24,24,24,36,44,39,36,36,37,44.9,44.64,45.13,51,520,5.3,0,0,0
11.04,192,0.25,0.25,0.25,11,11,11,11.53,19.3,0.12,0.01,24.4,5.2,297,1,3,352,693,424,8,435,11.12,529.6,375,32.7,33.3,1.4,2.7,1882.6,0,16.55,12.6,35.0,33.3,34.3,31.6,34.8,35.2,31.4,29.7,59.3,59.0,30,36,23.4,25.8,35,36,38,0,0,0,6,6,4,1,24,24,24,36,44,39,36,36,37,44.89,44.64,45.13,51,510,5.3,0,0,0
12.31,184,0.25,0.25,0.25,11,12,12,12.84,9.6,0.11,0.03,209.7,6.9,313,1,3,488,695,589,8,611,12.45,670.7,470,31.0,31.4,1.4,2.7,2180.0,0,17.0,12.5,35.3,33.6,34.5,32.3,35.2,35.5,31.2,29.8,59.3,59.0,30,36,23.4,25.7,34,34,37,0,0,0,6,6,4,0,24,24,24,36,44,39,36,36,37,44.9,44.64,45.13,52,520,5.4,0,0,0
10.51,264,0.25,0.25,0.25,11,11,11,10.97,1.9,0.17,0.07,210.1,6.2,320,1,3,297,694,359,4,373,10.56,473.7,338,28.9,29.8,1.5,2.7,1402.0,0,15.82,12.5,35.4,33.6,34.6,32.4,35.2,35.6,31.7,30.0,59.5,59.0,31,36,23.4,25.7,31,31,38,0,0,0,6,6,4,0,24,24,24,36,44,39,36,36,37,44.9,44.64,45.13,51,520,5.2,0,0,0
9.67,192,0.25,0.25,0.25,11,11,11,10.13,-3.9,0.11,-0.03,209.6,5.1,319,1,3,237,692,285,2,292,9.72,406.9,288,31.9,31.9,1.4,2.7,1859.8,0,15.89,12.6,35.3,33.5,34.5,32.1,35.1,35.4,31.3,29.8,59.4,58.9,30,36,23.4,25.7,34,35,38,0,0,0,6,6,4,0,24,24,24,36,44,39,36,36,37,44.9,44.64,45.13,51,510,5.3,0,0,0
9.23,264,0.25,0.25,0.25,11,11,11,9.73,3.3,0.12,-0.01,210.8,4.7,316,1,3,204,693,247,4,257,9.33,376.9,266,29.0,30.0,1.4,2.7,1348.4,0,15.73,12.5,35.4,33.7,34.7,32.5,35.2,35.7,31.7,30.0,59.5,59.0,31,36,23.4,25.7,31,31,38,0,0,0,6,6,4,0,24,24,24,37,44,39,36,36,37,44.9,44.64,45.13,51,510,5.2,0,0,0
12.82,16,0.25,0.25,0.25,11,12,12,13.36,-10.9,0.1,0.03,209.8,6.8,310,1,3,540,697,653,-2,676,12.93,704.6,502,30.4,31.4,1.4,2.7,1623.5,0,16.16,12.7,34.9,33.3,34.2,31.9,34.8,35.2,31.9,29.7,59.3,59.0,30,36,23.4,25.9,33,33,38,0,0,0,6,6,4,0,24,24,24,36,44,39,36,36,37,44.89,44.64,45.13,51,520,5.4,0,0,0
15.28,288,0.25,0.25,0.25,13,13,12,15.86,-15.5,0.06,0.09,209.8,8.4,313,1,3,932,699,1129,-3,1174,15.41,1021.7,722,29.1,30.4,1.4,2.7,2180.0,0,17.0,12.7,35.1,33.5,34.5,32.4,35.0,35.4,31.7,29.8,59.3,59.0,31,36,23.4,25.9,34,35,38,0,0,0,6,6,4,0,24,24,24,36,44,39,36,36,37,44.89,44.64,45.13,52,520,5.4,0,0,0
9.7,192,0.25,0.25,0.25,11,11,11,10.18,-6.5,0.12,0.01,209.9,4.8,321,1,3,236,693,284,-2,292,9.78,407.1,290,31.9,32.1,1.4,2.7,1448.4,0,15.89,12.6,35.3,33.5,34.5,32.1,35.1,35.4,31.3,29.8,59.4,58.9,30,36,23.4,25.7,34,35,38,0,0,0,6,6,4,0,24,24,24,36,44,39,36,36,37,44.89,44.64,45.13,51,510,5.2,0,0,0
12.07,328,0.25,0.25,0.25,11,11,12,12.56,11.9,0.12,0.01,209.5,6.4,312,1,3,463,693,557,0,582,12.21,647.0,452,31.1,31.2,1.4,2.7,2180.0,0,17.0,12.5,35.3,33.6,34.5,32.3,35.2,35.5,31.1,29.8,59.3,59.0,29,36,23.4,25.7,34,35,38,0,0,0,6,6,4,0,24,24,24,37,44,39,36,36,37,44.89,44.65,45.13,51,520,5.3,0,0,0
10.8,192,0.25,0.25,0.25,11,11,11,11.39,15.3,0.03,0.02,209.5,6.4,314,1,3,328,695,396,0,414,10.89,505.1,360,32.7,32.6,1.4,2.7,1526.6,0,16.02,12.6,35.1,33.4,34.4,31.9,34.9,35.3,31.3,29.7,59.4,58.9,30,36,23.4,25.7,35,35,38,0,0,0,6,6,4,0,24,24,24,36,44,39,36,36,37,44.9,44.65,45.13,51,520,5.3,0,0,0
15.31,72,0.25,0.25,0.25,12,12,13,15.96,-12.2,0.12,0.04,209.8,8.1,313,1,3,927,697,1121,4,1158,15.44,1003.5,718,29.2,30.2,1.4,2.7,2180.0,0,17.0,12.7,35.1,33.5,34.5,32.5,35.1,35.4,31.6,29.8,59.3,59.0,29,36,23.4,25.9,34,35,38,0,0,0,6,6,4,0,24,24,24,36,44,39,36,36,37,44.89,44.64,45.13,52,520,5.4,0,0,0
12.23,56,0.25,0.25,0.25,11,11,12,12.78,14.0,0.22,0.01,209.5,5.5,315,1,3,475,695,573,5,599,12.34,657.5,463,30.6,30.8,1.4,2.7,2180.0,0,17.0,12.5,35.3,33.5,34.5,32.4,35.2,35.5,31.2,29.8,59.3,59.0,30,36,23.4,25.7,34,34,37,0,0,0,6,6,4,0,24,24,24,37,44,39,36,36,37,44.89,44.64,45.13,52,520,5.4,0,0,0
10.45,264,0.25,0.25,0.25,11,11,11,10.9,1.0,0.08,0.0,210.0,5.7,320,1,3,295,694,356,1,367,10.55,469.2,334,28.9,29.8,1.4,2.7,1402.0,0,15.82,12.5,35.4,33.6,34.6,32.5,35.2,35.6,31.7,30.0,59.5,59.0,30,36,23.4,25.7,31,31,38,0,0,0,6,6,4,0,24,24,24,36,44,39,36,36,37,44.89,44.64,45.13,51,510,5.3,0,0,0
9.38,264,0.25,0.25,0.25,11,11,11,9.82,6.0,0.17,0.08,24.6,4.4,317,1,3,213,694,257,-2,269,9.47,382.7,273,29.3,30.3,1.4,2.7,1348.4,0,15.73,12.5,35.5,33.8,34.7,32.4,35.3,35.7,31.8,30.1,59.5,59.1,31,36,23.4,25.7,31,32,38,0,0,0,6,6,4,1,24,24,24,37,44,39,36,36,37,44.9,44.64,45.13,51,510,5.3,0,0,0
9.8,192,0.25,0.25,0.25,11,11,11,10.34,3.3,0.29,0.09,209.6,5.4,321,1,3,250,692,300,1,304,9.91,417.9,297,32.3,32.3,1.4,2.7,1329.9,0,15.7,12.6,35.2,33.5,34.5,32.0,35.0,35.4,31.4,29.8,59.4,59.0,31,35,23.4,25.7,34,35,38,0,0,0,6,6,4,0,24,24,24,36,44,39,35,35,37,44.9,44.64,45.13,52,510,5.2,0,0,0
10.67,192,0.25,0.25,0.25,11,11,11,11.15,15.6,0.12,0.04,209.4,6.2,313,1,3,323,693,389,-1,400,10.81,504.1,354,32.8,33.0,1.4,2.7,1526.6,0,16.02,12.6,35.1,33.4,34.3,31.8,34.9,35.3,31.4,29.7,59.4,59.0,30,36,23.4,25.7,35,36,38,0,0,0,6,6,4,0,24,24,24,36,44,39,36,36,37,44.9,44.65,45.13,51,510,5.2,0,0,0
9.37,264,0.25,0.25,0.25,11,11,11,9.85,19.3,0.12,0.05,209.0,3.5,319,1,3,216,693,260,-2,272,9.44,391.1,273,29.7,30.8,1.4,2.7,2146.8,0,16.95,12.5,35.5,33.8,34.8,32.6,35.3,35.8,31.9,30.1,59.5,59.0,30,36,23.4,25.8,32,33,38,0,0,0,6,6,4,0,24,24,24,36,44,39,36,36,37,44.89,44.64,45.13,51,510,5.2,0,0,0
11.93,192,0.25,0.25,0.25,12,11,11,12.48,0.9,0.11,0.01,209.8,7.0,321,1,3,444,695,536,7,548,12.03,623.2,439,30.2,30.4,1.4,2.7,2180.0,0,17.0,12.5,35.3,33.5,34.5,32.4,35.1,35.4,31.2,29.8,59.4,58.9,30,36,23.4,25.7,33,34,37,0,0,0,6,6,4,0,24,24,24,36,44,40,36,36,37,44.89,44.64,45.13,51,510,5.4,0,0,0
10.05,192,0.25,0.25,0.25,11,11,11,10.54,11.1,-0.06,0.01,209.5,6.1,317,1,3,263,693,317,2,326,10.12,435.0,311,32.6,32.6,1.5,2.7,1329.9,0,15.7,12.6,35.2,33.4,34.4,31.9,35.0,35.3,31.3,29.7,59.4,58.9,30,36,23.4,25.7,35,35,37,0,0,0,6,6,4,0,24,24,24,36,44,39,36,36,37,44.9,44.65,45.13,51,520,5.2,0,0,0
12.12,64,0.25,0.25,0.25,12,12,11,12.59,0.0,0.14,0.0,209.9,6.7,321,1,3,461,695,556,2,580,12.22,641.5,451,29.1,29.8,1.4,2.7,2096.6,0,16.87,12.4,35.2,33.5,34.5,32.2,35.1,35.5,31.4,29.9,59.4,58.9,29,36,23.4,25.7,32,32,38,0,0,0,6,6,4,0,24,24,24,37,44,39,36,36,37,44.9,44.64,45.13,51,520,5.2,0,0,0
9.57,264,0.25,0.25,0.25,11,11,11,10.02,-4.3,0.1,0.06,210.8,6.0,320,1,3,221,694,267,2,280,9.65,388.5,281,28.7,29.9,1.4,2.7,1402.0,0,15.82,12.5,35.4,33.7,34.6,32.6,35.2,35.6,31.8,30.0,59.5,58.9,30,35,23.4,25.7,31,31,38,0,0,0,6,6,4,0,24,24,24,36,44,39,35,35,37,44.9,44.65,45.13,51,510,5.2,0,0,0
11.91,160,0.25,0.25,0.25,12,11,11,12.44,-0.4,0.17,-0.01,209.7,8.0,322,1,3,438,695,528,0,550,12.03,617.7,438,30.3,30.5,1.4,2.7,2180.0,0,17.0,12.5,35.3,33.5,34.5,32.3,35.1,35.5,31.2,29.8,59.4,58.9,30,36,23.4,25.7,33,34,37,0,0,0,6,6,4,0,24,24,24,37,44,39,36,36,37,44.89,44.64,45.13,51,510,5.4,0,0,0
15.37,144,0.25,0.25,0.25,12,13,14,16.06,-11.4,0.11,0.04,209.6,8.7,313,1,3,945,698,1140,-5,1177,15.52,1017.3,728,29.1,30.4,1.4,2.7,2180.0,0,17.0,12.7,35.1,33.5,34.5,32.6,35.1,35.4,31.7,29.8,59.3,59.0,31,36,23.4,25.9,34,35,38,0,0,0,6,6,4,0,24,24,24,36,44,39,36,36,37,44.89,44.64,45.13,52,520,5.4,0,0,0
12.39,216,0.25,0.25,0.25,11,11,12,13.06,21.1,0.12,0.01,209.8,6.1,314,1,3,495,695,597,2,623,12.52,674.7,476,30.4,30.7,1.4,2.7,2180.0,0,17.0,12.5,35.3,33.5,34.5,32.3,35.1,35.4,31.2,29.8,59.4,59.1,30,36,23.4,25.7,33,34,38,0,0,0,6,6,4,0,24,24,24,36,44,39,36,36,37,44.89,44.64,45.13,52,520,5.4,0,0,0
12.33,256,0.25,0.25,0.25,12,12,11,13.03,15.2,0.1,-0.02,209.6,6.6,311,1,3,492,695,594,-4,621,12.47,673.0,474,30.9,31.3,1.4,2.7,2180.0,0,17.0,12.5,35.4,33.6,34.5,32.3,35.2,35.5,31.2,29.8,59.4,59.0,30,36,23.4,25.7,34,34,37,0,0,0,6,6,4,0,24,24,24,36,44,39,36,36,37,44.89,44.64,45.13,51,520,5.2,0,0,0
12.23,288,0.25,0.25,0.25,11,12,12,12.74,14.9,0.04,0.07,209.7,6.1,314,1,3,475,695,572,0,601,12.35,662.6,463,30.5,30.8,1.4,2.7,2180.0,0,17.0,12.5,35.3,33.5,34.5,32.4,35.2,35.5,31.2,29.8,59.3,59.0,30,36,23.4,25.7,34,34,37,0,0,0,6,6,4,0,24,24,24,36,44,39,36,36,37,44.89,44.65,45.13,51,520,5.4,0,0,0
11.07,192,0.25,0.25,0.25,11,11,11,11.49,17.3,0.13,0.06,24.6,6.4,305,1,3,351,692,422,2,432,11.13,525.8,374,33.1,33.2,1.5,2.8,1805.1,0,16.44,12.6,35.0,33.4,34.3,31.8,34.8,35.3,31.4,29.7,59.4,58.9,30,36,23.4,25.7,35,36,38,0,0,0,6,6,4,1,24,24,24,36,44,39,36,36,37,44.9,44.64,45.13,51,510,5.2,0,0,0
12.25,280,0.25,0.25,0.25,12,11,11,12.74,4.2,0.09,0.01,209.8,5.6,320,1,3,474,696,573,-6,598,12.32,653.3,461,29.3,29.8,1.4,2.7,2096.6,0,16.87,12.4,35.2,33.5,34.5,32.2,35.1,35.5,31.4,29.9,59.4,58.8,29,36,23.4,25.7,32,32,38,0,0,0,6,6,4,0,24,24,24,36,44,39,36,36,37,44.9,44.64,45.13,51,520,5.3,0,0,0
11.06,192,0.25,0.25,0.25,11,11,11,11.6,19.5,0.12,0.01,24.5,6.1,303,1,3,355,693,427,6,443,11.18,535.8,378,33.1,33.1,1.4,2.8,1805.1,0,16.44,12.6,35.0,33.4,34.2,31.8,34.8,35.3,31.4,29.7,59.4,58.9,29,36,23.4,25.7,35,36,38,0,0,0,6,6,4,1,24,24,24,36,44,39,36,36,37,44.9,44.64,45.13,51,520,5.4,0,0,0
